name,realm,rating,cls,spec,play,win,lose
Phearbunny,bleeding-hollow,1523,deathknight,blood,60,31,29
Bloodbukkaky,bleeding-hollow,1201,deathknight,blood,36,13,23
Pagumon,moon-guard,1144,deathknight,blood,60,23,37
Tragül,sargeras,1012,deathknight,blood,36,16,20
Valind,eredar,854,deathknight,blood,18,9,9
Insonne,dalaran,837,deathknight,blood,18,9,9
Blasphemus,malganis,575,deathknight,blood,12,6,6
Tristam,area-52,384,deathknight,blood,6,4,2
ßläzë,baelgun,288,deathknight,blood,15,4,11
Kimbøslîce,area-52,288,deathknight,blood,12,3,9
Cerbeefquake,wyrmrest-accord,192,deathknight,blood,6,2,4
Unhølydøøm,misha,191,deathknight,blood,12,2,10
Lunatick,darkspear,96,deathknight,blood,6,1,5
Nbayoungboy,kiljaeden,96,deathknight,blood,6,1,5
Gnargnarr,firetree,96,deathknight,blood,6,1,5
Pride,ragnaros,96,deathknight,blood,6,1,5
Cozzasad,barthilas,96,deathknight,blood,6,1,5
Zerhistran,proudmoore,64,deathknight,blood,4,1,3
Hulmorr,bleeding-hollow,64,deathknight,blood,4,1,3
Pwaff,illidan,2125,deathknight,unholy,89,45,44
Neroxz,area-52,2105,deathknight,unholy,83,43,40
Níngjìng,tichondrius,2041,deathknight,unholy,78,41,37
Spaidzz,malganis,2032,deathknight,unholy,175,87,88
Juelzjerk,tichondrius,2010,deathknight,unholy,60,36,24
Qipara,zuljin,1984,deathknight,unholy,104,53,51
Graphics,moon-guard,1980,deathknight,unholy,358,177,181
Achílles,sargeras,1979,deathknight,unholy,175,85,90
Scriptløl,sargeras,1975,deathknight,unholy,138,66,72
Partywaffles,illidan,1973,deathknight,unholy,134,66,68
Toxicwaste,malganis,1942,deathknight,unholy,76,36,40
Brutos,thrall,1939,deathknight,unholy,80,47,33
Vineyard,area-52,1921,deathknight,unholy,195,96,99
Roidboy,illidan,1917,deathknight,unholy,91,44,47
Mårlbørø,tichondrius,1915,deathknight,unholy,41,21,20
Darkdj,kelthuzad,1914,deathknight,unholy,73,34,39
Éternalnight,tichondrius,1913,deathknight,unholy,76,32,44
Zynyzter,malganis,1912,deathknight,unholy,72,41,31
Wøund,black-dragonflight,1911,deathknight,unholy,148,79,69
Veilsidé,kelthuzad,1910,deathknight,unholy,250,125,125
Plagueflavor,tichondrius,1903,deathknight,unholy,187,96,91
Geomdae,tichondrius,1901,deathknight,unholy,71,31,40
Barelyviable,tichondrius,1898,deathknight,unholy,72,32,40
Bruceleedk,tichondrius,1896,deathknight,unholy,82,44,38
Chillb,deathwing,1873,deathknight,unholy,101,55,46
Ilceses,area-52,1870,deathknight,unholy,66,29,37
Iato,sargeras,1868,deathknight,unholy,60,39,21
Flarkness,area-52,1864,deathknight,unholy,60,28,32
Drauguss,azralon,1860,deathknight,unholy,106,53,53
Cavaliers,ragnaros,1860,deathknight,unholy,66,32,34
Lattè,area-52,1859,deathknight,unholy,55,30,25
Bloodbruh,blackrock,1854,deathknight,unholy,60,34,26
Daoniancc,tichondrius,1854,deathknight,unholy,151,85,66
Morbiddesire,stormrage,1849,deathknight,unholy,87,49,38
Didri,quelthalas,1846,deathknight,unholy,72,34,38
Starshopping,proudmoore,1845,deathknight,unholy,43,23,20
Tokyotimxx,malganis,1842,deathknight,unholy,48,30,18
Sinell,kargath,1841,deathknight,unholy,103,60,43
Riddles,maiev,1837,deathknight,unholy,119,64,55
Blackfyré,sargeras,1837,deathknight,unholy,62,32,30
Haldevarik,doomhammer,1834,deathknight,unholy,78,43,35
Hrsb,tichondrius,1833,deathknight,unholy,66,40,26
Kilohotel,stormrage,1832,deathknight,unholy,36,22,14
Orphanmakerx,area-52,1832,deathknight,unholy,123,60,63
Aurious,lightnings-blade,1830,deathknight,unholy,84,47,37
Kortingert,nagrand,1830,deathknight,unholy,59,33,26
Anatøly,ragnaros,1827,deathknight,unholy,42,21,21
Sadboy,grizzly-hills,1822,deathknight,unholy,65,27,38
Milleh,bleeding-hollow,1821,deathknight,unholy,48,21,27
Serwestley,stormrage,1820,deathknight,unholy,59,31,28
Kciktep,tichondrius,1819,deathknight,unholy,36,19,17
Nabbiby,tichondrius,1816,deathknight,unholy,48,27,21
Flizzycash,malganis,1816,deathknight,unholy,56,27,29
Dahnga,frostmourne,1811,deathknight,unholy,54,32,22
Warrcc,steamwheedle-cartel,1809,deathknight,unholy,48,24,24
Infectik,tichondrius,1807,deathknight,unholy,59,35,24
Necrôtic,area-52,1806,deathknight,unholy,76,35,41
Twindleroot,aggramar,1804,deathknight,unholy,77,45,32
Kaeligh,ragnaros,1803,deathknight,unholy,66,29,37
Zìlêán,tichondrius,1800,deathknight,unholy,70,39,31
Harókz,azralon,1800,deathknight,unholy,65,31,34
Dkya,tichondrius,1798,deathknight,unholy,136,65,71
Azre,tichondrius,1798,deathknight,unholy,148,68,80
Brandonsdk,tichondrius,1793,deathknight,unholy,101,50,51
Goonà,tichondrius,1791,deathknight,unholy,48,23,25
Nevmic,emerald-dream,1783,deathknight,unholy,68,34,34
Avengering,tichondrius,1781,deathknight,unholy,51,29,22
Áethros,malganis,1778,deathknight,unholy,96,44,52
Mûs,tichondrius,1777,deathknight,unholy,60,32,28
Thorediks,stormrage,1777,deathknight,unholy,54,27,27
Cesaroo,aegwynn,1776,deathknight,unholy,76,38,38
Skippee,tichondrius,1775,deathknight,unholy,54,24,30
Grimiz,tichondrius,1774,deathknight,unholy,145,71,74
Bedstains,thunderlord,1772,deathknight,unholy,60,35,25
Demonboyjr,tichondrius,1766,deathknight,unholy,75,31,44
Ziskon,illidan,1764,deathknight,unholy,72,37,35
Jakeboyswag,shandris,1763,deathknight,unholy,99,49,50
Apøçálýpsé,firetree,1761,deathknight,unholy,67,35,32
Boneyards,bleeding-hollow,1758,deathknight,unholy,84,36,48
Nixonxx,tichondrius,1755,deathknight,unholy,64,40,24
Catarïa,tichondrius,1752,deathknight,unholy,60,28,32
Xiaodabaolol,tichondrius,1751,deathknight,unholy,48,26,22
Standalizer,gilneas,1745,deathknight,unholy,72,40,32
Carryme,quelthalas,1742,deathknight,unholy,92,45,47
Aerd,sargeras,1738,deathknight,unholy,150,73,77
Poesoul,tichondrius,1735,deathknight,unholy,123,59,64
Hwml,barthilas,1729,deathknight,unholy,81,45,36
Xebane,frostmourne,1728,deathknight,unholy,276,143,133
Õdin,area-52,1726,deathknight,unholy,143,70,73
Arroyo,borean-tundra,1724,deathknight,unholy,54,29,25
Azhid,tichondrius,1719,deathknight,unholy,106,54,52
Tkyo,tichondrius,1712,deathknight,unholy,47,22,25
Huuzzha,tichondrius,1709,deathknight,unholy,112,63,49
Dâki,blades-edge,1707,deathknight,unholy,36,25,11
Noik,azralon,1707,deathknight,unholy,75,36,39
Komplex,kelthuzad,1704,deathknight,unholy,54,31,23
Justafkdk,gorefiend,1700,deathknight,unholy,84,43,41
Ermanotruta,azralon,1698,deathknight,unholy,66,30,36
Krargosh,quelthalas,1696,deathknight,unholy,126,68,58
Kinkysgnome,tichondrius,1696,deathknight,unholy,119,55,64
Imadkloldie,frostmourne,1690,deathknight,unholy,84,44,40
Aldebamuu,ragnaros,1687,deathknight,unholy,30,19,11
Blacklabel,andorhal,1675,deathknight,unholy,72,31,41
Dialysis,emerald-dream,1673,deathknight,unholy,119,64,55
Dunduner,tichondrius,1672,deathknight,unholy,90,44,46
Ludgan,stormrage,1669,deathknight,unholy,126,60,66
Zìlêáns,tichondrius,1668,deathknight,unholy,42,27,15
Kurnoth,barthilas,1668,deathknight,unholy,56,27,29
Spacealien,malganis,1667,deathknight,unholy,42,23,19
Slty,tichondrius,1664,deathknight,unholy,42,18,24
Soulhand,tichondrius,1662,deathknight,unholy,46,23,23
Azynks,azralon,1660,deathknight,unholy,102,47,55
Døømhøund,tichondrius,1657,deathknight,unholy,42,22,20
Mephostophel,sargeras,1656,deathknight,unholy,66,35,31
Ståtìc,tichondrius,1656,deathknight,unholy,54,28,26
Zerøimperial,quelthalas,1656,deathknight,unholy,142,71,71
Lazarise,area-52,1647,deathknight,unholy,53,25,28
Merados,quelthalas,1646,deathknight,unholy,79,30,49
Vexxan,thrall,1644,deathknight,unholy,41,23,18
Krätos,zuljin,1642,deathknight,unholy,30,19,11
Yubell,barthilas,1642,deathknight,unholy,215,107,108
Nalz,drakkari,1641,deathknight,unholy,108,55,53
Rhaeisxalnym,sargeras,1637,deathknight,unholy,63,35,28
Vynox,frostmourne,1637,deathknight,unholy,56,27,29
Grimmdreamer,stormrage,1634,deathknight,unholy,76,37,39
Muspellheim,azralon,1633,deathknight,unholy,42,21,21
Mortarîon,moon-guard,1631,deathknight,unholy,78,42,36
Kakarotó,azralon,1629,deathknight,unholy,53,30,23
Properterps,bonechewer,1629,deathknight,unholy,110,60,50
Søad,quelthalas,1628,deathknight,unholy,40,25,15
Ðomìnus,moon-guard,1626,deathknight,unholy,66,39,27
Búddy,zuljin,1625,deathknight,unholy,34,19,15
Paratekdk,thrall,1625,deathknight,unholy,71,39,32
Megatroun,stormreaver,1625,deathknight,unholy,42,23,19
Typhøn,illidan,1625,deathknight,unholy,94,51,43
Bladê,tichondrius,1624,deathknight,unholy,61,26,35
Xhoul,sargeras,1621,deathknight,unholy,87,51,36
Asheravon,moon-guard,1621,deathknight,unholy,200,98,102
Kjarnda,malganis,1620,deathknight,unholy,42,18,24
Kwolve,proudmoore,1619,deathknight,unholy,195,97,98
Wheatasil,garona,1618,deathknight,unholy,64,33,31
Nevermore,hyjal,1617,deathknight,unholy,71,32,39
Altareon,ragnaros,1615,deathknight,unholy,96,45,51
Orkky,jubeithos,1614,deathknight,unholy,98,48,50
Boofcigars,sargeras,1612,deathknight,unholy,42,21,21
Rezøk,ragnaros,1612,deathknight,unholy,54,20,34
Ðogmá,vashj,1610,deathknight,unholy,35,22,13
Mikoaa,bladefist,1610,deathknight,unholy,30,17,13
Daethiel,demon-soul,1610,deathknight,unholy,53,25,28
Ousted,daggerspine,1608,deathknight,unholy,36,20,16
Unholykevin,sargeras,1604,deathknight,unholy,42,21,21
Dominos,tichondrius,1604,deathknight,unholy,42,20,22
Idodamn,tichondrius,1603,deathknight,unholy,84,45,39
Wednesdæ,moon-guard,1603,deathknight,unholy,54,28,26
Voncleaver,tichondrius,1603,deathknight,unholy,64,20,44
Drpepp,bleeding-hollow,1602,deathknight,unholy,107,59,48
Nofoamlattes,thrall,1602,deathknight,unholy,42,19,23
Puppykisses,perenolde,1602,deathknight,unholy,83,35,48
Giznator,malganis,1598,deathknight,unholy,108,50,58
Khaíne,wyrmrest-accord,1597,deathknight,unholy,103,52,51
Zerhistran,proudmoore,1597,deathknight,unholy,203,102,101
Kellydean,moon-guard,1596,deathknight,unholy,54,29,25
Telrenaur,proudmoore,1587,deathknight,unholy,42,22,20
Boofcigars,kelthuzad,1583,deathknight,unholy,53,27,26
Ligmagooch,tichondrius,1583,deathknight,unholy,75,37,38
Originalcimm,stormrage,1581,deathknight,unholy,48,19,29
Nøsfferatus,azralon,1580,deathknight,unholy,41,22,19
Frostbite,the-venture-co,1577,deathknight,unholy,84,48,36
Landez,ragnaros,1575,deathknight,unholy,54,29,25
Ravindrannor,saurfang,1574,deathknight,unholy,41,20,21
Kenishii,kiljaeden,1572,deathknight,unholy,30,19,11
Kaaizer,azralon,1572,deathknight,unholy,120,68,52
Hooterzqt,tichondrius,1571,deathknight,unholy,80,36,44
Obedient,firetree,1568,deathknight,unholy,84,52,32
Onlyfunss,moon-guard,1564,deathknight,unholy,42,20,22
Lichtborne,illidan,1564,deathknight,unholy,61,24,37
Wastethis,sargeras,1556,deathknight,unholy,65,34,31
Thenin,crushridge,1552,deathknight,unholy,30,22,8
Siphilusxo,dalaran,1551,deathknight,unholy,36,20,16
Nokenoke,illidan,1551,deathknight,unholy,57,29,28
Demonnation,illidan,1550,deathknight,unholy,54,20,34
Kuwarerubana,proudmoore,1549,deathknight,unholy,62,35,27
Ulísés,ragnaros,1549,deathknight,unholy,46,17,29
Fasterjake,sargeras,1547,deathknight,unholy,74,38,36
Kalgor,illidan,1544,deathknight,unholy,90,46,44
Catena,blood-furnace,1542,deathknight,unholy,35,18,17
Nymppho,kelthuzad,1541,deathknight,unholy,60,19,41
Raps,frostmourne,1538,deathknight,unholy,44,17,27
Fadedlight,zuljin,1534,deathknight,unholy,84,42,42
Attack,grizzly-hills,1534,deathknight,unholy,36,16,20
Släke,azralon,1533,deathknight,unholy,90,45,45
Chachio,kiljaeden,1532,deathknight,unholy,30,16,14
Hhasaki,area-52,1532,deathknight,unholy,123,62,61
Arktoz,tichondrius,1531,deathknight,unholy,30,16,14
Xibbas,illidan,1530,deathknight,unholy,24,16,8
Deuter,quelthalas,1529,deathknight,unholy,117,58,59
Kindaholy,malganis,1528,deathknight,unholy,23,17,6
Lùcius,garrosh,1527,deathknight,unholy,79,40,39
Biefeile,tichondrius,1526,deathknight,unholy,40,18,22
Toophus,sargeras,1523,deathknight,unholy,68,31,37
Tigs,proudmoore,1522,deathknight,unholy,120,62,58
Ullísés,ragnaros,1521,deathknight,unholy,33,17,16
Takeoverr,ragnaros,1518,deathknight,unholy,42,29,13
Bellum,moon-guard,1518,deathknight,unholy,51,27,24
Dóm,proudmoore,1516,deathknight,unholy,66,29,37
Promotheseis,sargeras,1515,deathknight,unholy,48,29,19
Zedsdead,mannoroth,1514,deathknight,unholy,24,16,8
Deathzpeckt,tichondrius,1513,deathknight,unholy,36,17,19
Loongdk,kiljaeden,1512,deathknight,unholy,30,16,14
Devillele,proudmoore,1509,deathknight,unholy,78,36,42
Evilbot,tichondrius,1507,deathknight,unholy,48,32,16
Dexarax,norgannon,1505,deathknight,unholy,87,49,38
Urieen,gorefiend,1505,deathknight,unholy,77,43,34
Arc,maiev,1504,deathknight,unholy,81,31,50
Apocxo,lightnings-blade,1500,deathknight,unholy,95,46,49
Axeldrion,tichondrius,1499,deathknight,unholy,35,17,18
Abroham,arthas,1498,deathknight,unholy,59,30,29
Câpîrota,nemesis,1498,deathknight,unholy,46,23,23
Gottajuice,moonrunner,1494,deathknight,unholy,51,28,23
Starms,ragnaros,1492,deathknight,unholy,54,25,29
Gankstagrip,anvilmar,1491,deathknight,unholy,49,26,23
Aradorn,azralon,1490,deathknight,unholy,113,54,59
Ghoulslasher,bleeding-hollow,1490,deathknight,unholy,56,25,31
Buttrfingrz,cenarius,1490,deathknight,unholy,42,18,24
Kcorides,tichondrius,1488,deathknight,unholy,49,28,21
Dkdanim,tichondrius,1485,deathknight,unholy,36,19,17
Jaxxftw,azralon,1482,deathknight,unholy,42,25,17
Saighast,illidan,1482,deathknight,unholy,66,36,30
Corrpsse,tichondrius,1481,deathknight,unholy,145,77,68
Zaluster,malganis,1479,deathknight,unholy,143,72,71
Nialich,kelthuzad,1476,deathknight,unholy,41,16,25
Zuly,moon-guard,1474,deathknight,unholy,101,52,49
Stoicïsm,tichondrius,1469,deathknight,unholy,36,23,13
Brisblade,shattered-hand,1468,deathknight,unholy,42,23,19
Redbr,tichondrius,1466,deathknight,unholy,36,18,18
Tronnie,kelthuzad,1463,deathknight,unholy,66,34,32
Risottonero,kelthuzad,1462,deathknight,unholy,48,25,23
Takeurcheeks,tichondrius,1458,deathknight,unholy,83,35,48
Rk,blackhand,1457,deathknight,unholy,97,58,39
Allhejluya,illidan,1449,deathknight,unholy,199,101,98
Balboskina,shattered-hand,1448,deathknight,unholy,70,36,34
Volcolm,kelthuzad,1445,deathknight,unholy,48,26,22
Gilden,malfurion,1445,deathknight,unholy,62,28,34
Tracyminaj,tichondrius,1445,deathknight,unholy,60,27,33
Breadtruck,area-52,1445,deathknight,unholy,70,29,41
Zaxrree,malganis,1442,deathknight,unholy,42,26,16
Grimnuts,thrall,1441,deathknight,unholy,36,17,19
Sammåel,malganis,1438,deathknight,unholy,30,17,13
Emopalli,tichondrius,1435,deathknight,unholy,72,32,40
Ningjinglol,tichondrius,1434,deathknight,unholy,30,15,15
Mèrc,ragnaros,1433,deathknight,unholy,83,37,46
Exin,cenarion-circle,1432,deathknight,unholy,24,15,9
Fatzilla,tichondrius,1430,deathknight,unholy,48,15,33
Cardii,area-52,1429,deathknight,unholy,40,16,24
Darknessice,tichondrius,1427,deathknight,unholy,54,32,22
Genjírou,frostwolf,1427,deathknight,unholy,118,56,62
Anexdk,korgath,1423,deathknight,unholy,24,15,9
Sannistus,ysera,1420,deathknight,unholy,97,43,54
Fellenn,stormrage,1417,deathknight,unholy,144,78,66
Subparatbest,chogall,1414,deathknight,unholy,30,15,15
Fuzzknight,ravenholdt,1414,deathknight,unholy,30,15,15
Beeftip,area-52,1413,deathknight,unholy,66,30,36
Reinhartlol,sargeras,1411,deathknight,unholy,81,38,43
Burbash,moon-guard,1410,deathknight,unholy,30,15,15
Fugs,ghostlands,1406,deathknight,unholy,56,30,26
Läskö,area-52,1404,deathknight,unholy,31,21,10
Hatreon,sargeras,1401,deathknight,unholy,30,20,10
Halvôr,moon-guard,1401,deathknight,unholy,94,50,44
Sgtdead,thrall,1400,deathknight,unholy,36,21,15
Unholyfish,malganis,1398,deathknight,unholy,85,40,45
Vazarus,darrowmere,1397,deathknight,unholy,66,30,36
Pmpfrmdwntwn,stormrage,1395,deathknight,unholy,36,15,21
Deathofchaos,smolderthorn,1389,deathknight,unholy,53,18,35
Bloodramen,dalaran,1387,deathknight,unholy,247,126,121
Paíín,illidan,1387,deathknight,unholy,48,21,27
Plagueghoul,wyrmrest-accord,1384,deathknight,unholy,74,38,36
Shélly,ragnaros,1381,deathknight,unholy,53,27,26
Lichkong,dalaran,1380,deathknight,unholy,36,16,20
Deezwaz,draka,1379,deathknight,unholy,34,16,18
Knownkilla,hyjal,1378,deathknight,unholy,42,25,17
Alexeous,wyrmrest-accord,1375,deathknight,unholy,96,50,46
Banjingquan,tichondrius,1375,deathknight,unholy,42,21,21
Sparklekitty,illidan,1374,deathknight,unholy,24,16,8
Greeasy,bleeding-hollow,1374,deathknight,unholy,41,23,18
Darkunral,stormrage,1365,deathknight,unholy,80,33,47
Hornpipe,borean-tundra,1364,deathknight,unholy,72,32,40
Warstompgød,tichondrius,1364,deathknight,unholy,36,16,20
Waremoto,ragnaros,1361,deathknight,unholy,81,47,34
Belegos,quelthalas,1357,deathknight,unholy,67,31,36
Bumbleton,blackrock,1349,deathknight,unholy,45,24,21
Dethcro,shandris,1343,deathknight,unholy,93,47,46
Skideroth,kelthuzad,1342,deathknight,unholy,36,14,22
Tduggylolz,tichondrius,1342,deathknight,unholy,36,14,22
Brß,tichondrius,1340,deathknight,unholy,24,14,10
Tailm,ragnaros,1339,deathknight,unholy,24,14,10
Tötenkaiser,quelthalas,1337,deathknight,unholy,30,14,16
Ântipaladin,arthas,1335,deathknight,unholy,46,19,27
Zeban,area-52,1334,deathknight,unholy,78,36,42
Bannedforevr,dalaran,1334,deathknight,unholy,36,14,22
Fiddleop,thrall,1333,deathknight,unholy,24,14,10
Negril,tichondrius,1332,deathknight,unholy,78,38,40
Regiknight,stormrage,1330,deathknight,unholy,47,29,18
Deliriioh,ragnaros,1327,deathknight,unholy,71,39,32
Rekbari,sargeras,1325,deathknight,unholy,24,15,9
Stangz,bonechewer,1322,deathknight,unholy,36,14,22
Earador,dalaran,1321,deathknight,unholy,30,15,15
Mords,area-52,1321,deathknight,unholy,30,14,16
Maligned,uldum,1312,deathknight,unholy,49,18,31
Putrefactive,frostmourne,1308,deathknight,unholy,127,60,67
Ñovacaine,moon-guard,1304,deathknight,unholy,56,26,30
Gwiffhm,tichondrius,1304,deathknight,unholy,40,14,26
Kallgìn,emerald-dream,1299,deathknight,unholy,36,15,21
Mazey,moon-guard,1298,deathknight,unholy,187,95,92
Bloodyloco,malganis,1295,deathknight,unholy,47,26,21
Soulhuntress,doomhammer,1292,deathknight,unholy,85,46,39
Wndypefrcorn,sargeras,1290,deathknight,unholy,25,16,9
Enjal,stormrage,1284,deathknight,unholy,47,21,26
Harlthas,ragnaros,1279,deathknight,unholy,24,15,9
Wryu,malganis,1277,deathknight,unholy,23,14,9
Ometecuhtli,kelthuzad,1273,deathknight,unholy,60,35,25
Kromgarath,stormrage,1271,deathknight,unholy,60,28,32
Asylïthcc,sargeras,1268,deathknight,unholy,24,15,9
Tenóry,nemesis,1263,deathknight,unholy,42,14,28
Unleud,tichondrius,1260,deathknight,unholy,36,21,15
Nukydoe,azralon,1260,deathknight,unholy,42,19,23
Unhølydøøm,misha,1258,deathknight,unholy,72,37,35
Ownaron,moon-guard,1249,deathknight,unholy,45,24,21
Magipierrot,ragnaros,1249,deathknight,unholy,50,25,25
Unrealzrotz,tichondrius,1248,deathknight,unholy,30,19,11
Pettyk,tichondrius,1248,deathknight,unholy,24,13,11
Clowngodx,illidan,1247,deathknight,unholy,24,13,11
Howdoulose,illidan,1247,deathknight,unholy,30,13,17
Buldrokastee,tichondrius,1247,deathknight,unholy,36,13,23
Lickblood,sargeras,1246,deathknight,unholy,24,13,11
Möchi,ragnaros,1246,deathknight,unholy,63,32,31
Lovedaddy,frostmourne,1242,deathknight,unholy,30,13,17
Youngmoneyyd,illidan,1241,deathknight,unholy,18,13,5
Flavorchops,kelthuzad,1238,deathknight,unholy,36,13,23
Seranta,wyrmrest-accord,1238,deathknight,unholy,36,13,23
Coffïnfeeder,dalaran,1237,deathknight,unholy,60,24,36
Neipum,stormrage,1234,deathknight,unholy,18,13,5
Madmaxxy,barthilas,1234,deathknight,unholy,69,30,39
Deathpool,shadowmoon,1231,deathknight,unholy,36,13,23
Lorð,malganis,1223,deathknight,unholy,36,19,17
Nevarro,lightbringer,1223,deathknight,unholy,188,92,96
Potatobob,dalaran,1222,deathknight,unholy,30,13,17
Killerundead,area-52,1221,deathknight,unholy,33,14,19
Gatrars,sargeras,1220,deathknight,unholy,66,30,36
Drowhd,nemesis,1207,deathknight,unholy,54,25,29
Shargan,tichondrius,1204,deathknight,unholy,60,29,31
Golurun,tichondrius,1197,deathknight,unholy,25,15,10
Heärt,bleeding-hollow,1192,deathknight,unholy,38,15,23
Vampirecarti,tichondrius,1190,deathknight,unholy,26,15,11
Sne,dragonmaw,1180,deathknight,unholy,30,17,13
Treikorh,quelthalas,1174,deathknight,unholy,130,55,75
Darktrinnity,nemesis,1173,deathknight,unholy,35,20,15
Mmrhostage,kelthuzad,1165,deathknight,unholy,30,14,16
Druncker,blackrock,1161,deathknight,unholy,42,16,26
Oql,tichondrius,1152,deathknight,unholy,24,12,12
Diviniumx,bleeding-hollow,1152,deathknight,unholy,27,13,14
Divinium,bleeding-hollow,1152,deathknight,unholy,30,12,18
Libitina,tichondrius,1151,deathknight,unholy,18,12,6
Bukum,zuljin,1151,deathknight,unholy,36,12,24
Kryptikkyt,blackrock,1150,deathknight,unholy,30,12,18
Auniel,gorefiend,1150,deathknight,unholy,30,12,18
Vesel,tichondrius,1149,deathknight,unholy,36,12,24
Arcticc,area-52,1148,deathknight,unholy,30,12,18
Oldskul,sargeras,1146,deathknight,unholy,34,17,17
Chalamander,tichondrius,1146,deathknight,unholy,24,12,12
Kehin,azralon,1144,deathknight,unholy,70,29,41
Tiansama,ragnaros,1143,deathknight,unholy,18,12,6
Nightskull,malganis,1143,deathknight,unholy,24,12,12
Skeleton,lightnings-blade,1141,deathknight,unholy,33,13,20
Rognarash,emerald-dream,1139,deathknight,unholy,24,12,12
Luckyson,tichondrius,1137,deathknight,unholy,24,12,12
Shinici,kelthuzad,1132,deathknight,unholy,24,12,12
Wrothgarr,stormreaver,1125,deathknight,unholy,24,12,12
Toroandmoi,area-52,1121,deathknight,unholy,24,12,12
Darktone,tichondrius,1118,deathknight,unholy,23,12,11
Unhøøly,nemesis,1116,deathknight,unholy,24,12,12
Frostcleave,emerald-dream,1115,deathknight,unholy,24,16,8
Mercysparx,thrall,1115,deathknight,unholy,24,13,11
Carecaa,azralon,1112,deathknight,unholy,32,14,18
Exequias,zuljin,1111,deathknight,unholy,30,17,13
Alphabro,zuluhed,1108,deathknight,unholy,36,19,17
Ddibb,tichondrius,1102,deathknight,unholy,23,12,11
Plaguebreak,darrowmere,1095,deathknight,unholy,42,28,14
Polydeuces,queldorei,1091,deathknight,unholy,66,26,40
Anonymousix,kelthuzad,1090,deathknight,unholy,23,12,11
Rhaenyrà,tichondrius,1089,deathknight,unholy,27,15,12
Beanboyx,tichondrius,1085,deathknight,unholy,22,12,10
Kanthrix,illidan,1084,deathknight,unholy,32,12,20
Kayzark,tichondrius,1069,deathknight,unholy,24,16,8
Zaelize,sargeras,1065,deathknight,unholy,48,21,27
Steamerboy,stormrage,1056,deathknight,unholy,18,11,7
Sagadk,hyjal,1056,deathknight,unholy,18,11,7
Ragsec,bleeding-hollow,1056,deathknight,unholy,18,11,7
Barakhenaku,illidan,1056,deathknight,unholy,18,11,7
Koda,thrall,1055,deathknight,unholy,24,11,13
Pooseunpoose,velen,1055,deathknight,unholy,24,11,13
Unholycube,zuljin,1055,deathknight,unholy,30,11,19
Bhyrnam,ragnaros,1054,deathknight,unholy,36,11,25
Sommeliergg,stormrage,1053,deathknight,unholy,18,11,7
Coffeebagel,bleeding-hollow,1053,deathknight,unholy,31,11,20
Deathboost,stormrage,1053,deathknight,unholy,36,11,25
Happynaru,tichondrius,1052,deathknight,unholy,24,11,13
Omegaseven,gorgonnash,1050,deathknight,unholy,84,42,42
Any,the-venture-co,1050,deathknight,unholy,24,11,13
Draenor,shadowmoon,1049,deathknight,unholy,18,11,7
Fallen,nazjatar,1048,deathknight,unholy,18,11,7
Bazzingaxd,hyjal,1044,deathknight,unholy,36,21,15
Lazta,azralon,1044,deathknight,unholy,40,17,23
Raíndrop,tichondrius,1043,deathknight,unholy,30,11,19
Sniperlord,uldaman,1039,deathknight,unholy,18,11,7
Bubblesdk,whisperwind,1039,deathknight,unholy,30,11,19
Edhral,ragnaros,1033,deathknight,unholy,24,11,13
Deathcometh,tichondrius,1027,deathknight,unholy,30,11,19
Deathnorris,zuljin,1026,deathknight,unholy,80,38,42
Cloüd,wyrmrest-accord,1022,deathknight,unholy,35,11,24
Mordekaiseer,azralon,1016,deathknight,unholy,124,60,64
Azibar,moon-guard,990,deathknight,unholy,17,11,6
Vaske,azjolnerub,963,deathknight,unholy,55,20,35
Vaizard,malganis,960,deathknight,unholy,18,10,8
Ragrek,bleeding-hollow,960,deathknight,unholy,24,10,14
Rängi,caelestrasz,960,deathknight,unholy,78,26,52
Hotdk,thrall,960,deathknight,unholy,30,10,20
Moonjae,illidan,959,deathknight,unholy,18,10,8
Deathbloss,illidan,959,deathknight,unholy,20,11,9
Emarose,illidan,959,deathknight,unholy,24,10,14
Galaxyboom,tichondrius,958,deathknight,unholy,12,10,2
Reapsouls,stormrage,958,deathknight,unholy,13,10,3
Shezoe,drakkari,958,deathknight,unholy,18,10,8
Drfauci,boulderfist,958,deathknight,unholy,18,10,8
Althamon,tanaris,958,deathknight,unholy,30,10,20
Aldoraenna,illidan,957,deathknight,unholy,24,10,14
Yamanji,wyrmrest-accord,956,deathknight,unholy,18,10,8
Arthyius,kiljaeden,956,deathknight,unholy,30,10,20
Gobaiakun,proudmoore,955,deathknight,unholy,18,10,8
Mëlødy,quelthalas,955,deathknight,unholy,18,10,8
Lieyanyanwan,tichondrius,952,deathknight,unholy,24,10,14
Daixks,proudmoore,951,deathknight,unholy,18,10,8
Deathafter,tichondrius,948,deathknight,unholy,24,10,14
Thaylenaar,eredar,947,deathknight,unholy,18,10,8
Mandrágor,quelthalas,946,deathknight,unholy,24,10,14
Annerito,area-52,927,deathknight,unholy,23,10,13
Muffinstomp,eredar,927,deathknight,unholy,24,10,14
Dûsk,thunderlord,924,deathknight,unholy,29,10,19
Grayfoxx,twisting-nether,909,deathknight,unholy,23,10,13
Rottenwiener,sargeras,900,deathknight,unholy,17,10,7
Zareon,zuluhed,876,deathknight,unholy,24,12,12
Dandandor,muradin,876,deathknight,unholy,38,17,21
Earthican,bleeding-hollow,864,deathknight,unholy,12,9,3
Nerfdklul,illidan,864,deathknight,unholy,12,9,3
Deathstrikex,tichondrius,864,deathknight,unholy,12,9,3
Arthez,frostmourne,864,deathknight,unholy,18,9,9
Rxzo,frostmourne,864,deathknight,unholy,18,9,9
Brocigar,tichondrius,864,deathknight,unholy,18,9,9
Linyive,malganis,864,deathknight,unholy,18,9,9
Dill,madoran,864,deathknight,unholy,24,9,15
Datnai,barthilas,864,deathknight,unholy,24,9,15
Fortissax,area-52,864,deathknight,unholy,30,9,21
Marixoxo,kelthuzad,863,deathknight,unholy,12,9,3
Onefire,illidan,863,deathknight,unholy,24,9,15
Vynlerran,skullcrusher,862,deathknight,unholy,18,9,9
Gerometal,ragnaros,862,deathknight,unholy,24,9,15
Unknowndk,kul-tiras,862,deathknight,unholy,24,9,15
Sílthree,barthilas,862,deathknight,unholy,24,9,15
Runeswanson,area-52,861,deathknight,unholy,18,9,9
Cosanostrá,malganis,860,deathknight,unholy,12,9,3
Rinthosaka,ragnaros,860,deathknight,unholy,18,9,9
Orphnoch,illidan,860,deathknight,unholy,24,9,15
Abruptdk,bonechewer,859,deathknight,unholy,18,9,9
Cripticknigt,spinebreaker,859,deathknight,unholy,21,10,11
Sidbane,kalecgos,859,deathknight,unholy,19,9,10
Tugs,nathrezim,858,deathknight,unholy,18,9,9
Leviiathan,tichondrius,857,deathknight,unholy,18,9,9
Sabotdk,tichondrius,857,deathknight,unholy,18,9,9
Tinytanx,aerie-peak,856,deathknight,unholy,24,9,15
Nicrack,malganis,853,deathknight,unholy,18,9,9
Zathog,lightbringer,853,deathknight,unholy,30,9,21
Ulerin,illidan,850,deathknight,unholy,18,9,9
Rixin,agamaggan,845,deathknight,unholy,33,10,23
Plaza,thorium-brotherhood,844,deathknight,unholy,18,9,9
Deadspellz,bleeding-hollow,832,deathknight,unholy,34,9,25
Hansmclroy,trollbane,828,deathknight,unholy,18,9,9
Grimmtidings,dentarg,812,deathknight,unholy,36,14,22
Littlekims,emerald-dream,799,deathknight,unholy,16,9,7
Brounlyii,drakkari,796,deathknight,unholy,14,9,5
Azgaroth,dathremar,792,deathknight,unholy,14,9,5
Cishei,quelthalas,792,deathknight,unholy,15,9,6
Mainxx,stormrage,768,deathknight,unholy,12,8,4
Mesx,illidan,768,deathknight,unholy,12,8,4
Gasani,bonechewer,768,deathknight,unholy,12,8,4
Dicromick,illidan,768,deathknight,unholy,15,9,6
Böffa,dalaran,768,deathknight,unholy,18,8,10
Novädk,ragnaros,768,deathknight,unholy,18,8,10
Darktonelol,tichondrius,768,deathknight,unholy,18,8,10
Puppykiss,perenolde,768,deathknight,unholy,18,8,10
Anhedonía,illidan,768,deathknight,unholy,18,8,10
Shadowsdk,tichondrius,768,deathknight,unholy,18,8,10
Fydedk,stormrage,768,deathknight,unholy,18,8,10
Muspel,sargeras,768,deathknight,unholy,18,8,10
Piratehookah,sargeras,768,deathknight,unholy,18,8,10
Immadkx,area-52,768,deathknight,unholy,24,8,16
Loomoros,sargeras,768,deathknight,unholy,24,8,16
Lagmasterx,sargeras,768,deathknight,unholy,24,8,16
Rongkhun,proudmoore,768,deathknight,unholy,30,8,22
Rarum,bleeding-hollow,767,deathknight,unholy,12,8,4
Allianknight,windrunner,767,deathknight,unholy,18,8,10
Rulord,wyrmrest-accord,767,deathknight,unholy,18,8,10
Demona,ragnaros,767,deathknight,unholy,18,8,10
Traitre,onyxia,767,deathknight,unholy,18,8,10
Hædës,area-52,767,deathknight,unholy,18,8,10
Mordumi,stormrage,767,deathknight,unholy,24,8,16
Redcancer,tichondrius,766,deathknight,unholy,12,8,4
Ðerion,stormrage,766,deathknight,unholy,12,8,4
Vynkys,shadow-council,766,deathknight,unholy,12,8,4
Olblueyes,hyjal,766,deathknight,unholy,18,8,10
Riparonii,illidan,766,deathknight,unholy,21,8,13
Shadowghast,saurfang,765,deathknight,unholy,12,8,4
Bloodydebt,malganis,765,deathknight,unholy,18,8,10
Midway,drakkari,765,deathknight,unholy,18,8,10
Leiry,darkspear,762,deathknight,unholy,12,8,4
Kowell,drakkari,762,deathknight,unholy,18,8,10
Dankbro,tichondrius,761,deathknight,unholy,24,10,14
Iamlrr,maelstrom,761,deathknight,unholy,24,8,16
Starset,burning-legion,728,deathknight,unholy,24,9,15
Exaar,tichondrius,720,deathknight,unholy,27,8,19
Hatrèd,quelthalas,719,deathknight,unholy,17,8,9
Ålastor,stormrage,714,deathknight,unholy,22,11,11
Jaydkx,tichondrius,714,deathknight,unholy,22,9,13
Gêralt,darkspear,712,deathknight,unholy,18,9,9
Somethingdum,sargeras,703,deathknight,unholy,16,8,8
Froznorbs,tichondrius,700,deathknight,unholy,14,8,6
Gurnok,barthilas,672,deathknight,unholy,12,7,5
Falkorn,korgath,672,deathknight,unholy,12,7,5
Jbert,sargeras,672,deathknight,unholy,12,7,5
Joeyxdk,tichondrius,672,deathknight,unholy,12,7,5
Plag,bleeding-hollow,672,deathknight,unholy,12,7,5
Unfórgíven,arthas,672,deathknight,unholy,12,7,5
Donrhythmic,ysera,672,deathknight,unholy,12,7,5
Cgg,tichondrius,672,deathknight,unholy,12,7,5
Vleryan,ragnaros,672,deathknight,unholy,12,7,5
Bryku,tichondrius,672,deathknight,unholy,18,7,11
Mmaximus,darkspear,672,deathknight,unholy,18,7,11
Bellybuster,malganis,672,deathknight,unholy,18,7,11
Kûri,runetotem,672,deathknight,unholy,18,7,11
Ebolaxd,area-52,672,deathknight,unholy,18,7,11
Laxatives,tichondrius,672,deathknight,unholy,21,8,13
Wittlewanka,zuljin,672,deathknight,unholy,21,7,14
Darione,twisting-nether,672,deathknight,unholy,24,7,17
Xenocrates,illidan,672,deathknight,unholy,24,7,17
Ceedog,crushridge,672,deathknight,unholy,30,7,23
Gâbriel,cairne,671,deathknight,unholy,12,7,5
Polpop,zuljin,671,deathknight,unholy,12,7,5
Deatheey,area-52,671,deathknight,unholy,12,7,5
Fligdeath,llane,671,deathknight,unholy,12,7,5
Sevexi,moon-guard,671,deathknight,unholy,12,7,5
Ganancïa,nemesis,671,deathknight,unholy,15,8,7
Dalrin,emerald-dream,671,deathknight,unholy,18,7,11
Agohnim,moon-guard,671,deathknight,unholy,18,7,11
Mfknight,archimonde,671,deathknight,unholy,18,7,11
Kidek,proudmoore,671,deathknight,unholy,18,7,11
Afterdeath,frostmourne,671,deathknight,unholy,18,7,11
Feorlar,dalaran,671,deathknight,unholy,18,7,11
Coldrhelx,quelthalas,671,deathknight,unholy,30,7,23
Emberwarden,stormrage,670,deathknight,unholy,18,7,11
Irokthefrost,frostmourne,669,deathknight,unholy,12,7,5
Terracundo,quelthalas,667,deathknight,unholy,18,9,9
Grtmisdirect,illidan,666,deathknight,unholy,21,8,13
Zàkgor,moon-guard,665,deathknight,unholy,12,7,5
Garshna,ragnaros,658,deathknight,unholy,12,7,5
Trumps,stormrage,639,deathknight,unholy,14,8,6
Bonalumë,azralon,620,deathknight,unholy,17,7,10
Bingoez,frostmourne,607,deathknight,unholy,11,7,4
Hadianton,stormrage,599,deathknight,unholy,11,7,4
Xtador,quelthalas,591,deathknight,unholy,11,7,4
Jonahdk,sargeras,576,deathknight,unholy,12,6,6
Lemuriön,nemesis,576,deathknight,unholy,12,6,6
Desen,arthas,576,deathknight,unholy,12,6,6
Friezen,illidan,576,deathknight,unholy,12,6,6
Umbramane,tichondrius,576,deathknight,unholy,12,6,6
Utthrity,ysera,576,deathknight,unholy,12,6,6
Svlla,doomhammer,576,deathknight,unholy,12,6,6
Ridesatenspd,caelestrasz,576,deathknight,unholy,12,6,6
Orcsexual,azralon,576,deathknight,unholy,12,6,6
Tragdore,thrall,576,deathknight,unholy,12,6,6
Kaórii,stormrage,576,deathknight,unholy,12,6,6
Delwrath,proudmoore,576,deathknight,unholy,12,6,6
Garù,ragnaros,576,deathknight,unholy,12,6,6
Bébøp,malganis,576,deathknight,unholy,12,6,6
Bopalop,malganis,576,deathknight,unholy,12,6,6
Malhandir,azgalor,576,deathknight,unholy,12,6,6
Zifandel,bleeding-hollow,576,deathknight,unholy,12,6,6
Surkk,tichondrius,576,deathknight,unholy,12,6,6
Cali,bladefist,576,deathknight,unholy,12,6,6
Meisterdeath,stormrage,576,deathknight,unholy,12,6,6
Jarah,destromath,576,deathknight,unholy,12,6,6
Bøoth,area-52,576,deathknight,unholy,12,6,6
Raaizz,ragnaros,576,deathknight,unholy,12,6,6
Justtaki,zuljin,576,deathknight,unholy,12,6,6
Lagérthâ,ragnaros,576,deathknight,unholy,12,6,6
Hickish,tichondrius,576,deathknight,unholy,12,6,6
Iðûnn,barthilas,576,deathknight,unholy,12,6,6
Cirillan,bleeding-hollow,576,deathknight,unholy,18,6,12
Lainmortal,ragnaros,576,deathknight,unholy,18,6,12
Maripaula,ragnaros,576,deathknight,unholy,18,6,12
Joystickwrld,silvermoon,576,deathknight,unholy,18,6,12
Conquest,drenden,576,deathknight,unholy,24,6,18
Baldlord,tichondrius,576,deathknight,unholy,24,6,18
Frðst,executus,575,deathknight,unholy,12,6,6
Åkatsukii,uther,575,deathknight,unholy,12,6,6
Zevrynn,barthilas,575,deathknight,unholy,12,6,6
Aretos,dreadmaul,575,deathknight,unholy,12,6,6
Acidirin,tichondrius,575,deathknight,unholy,12,6,6
Vërmilliøn,ragnaros,575,deathknight,unholy,12,6,6
Christophe,skullcrusher,575,deathknight,unholy,12,6,6
Pántera,darkspear,575,deathknight,unholy,12,6,6
Corpsepetal,muradin,575,deathknight,unholy,18,6,12
Heldwynd,bonechewer,574,deathknight,unholy,12,6,6
Fraänrisco,ragnaros,574,deathknight,unholy,18,6,12
Vapelounge,darkspear,574,deathknight,unholy,18,6,12
Darthblade,darkspear,573,deathknight,unholy,6,6,0
Tormentsoul,ragnaros,572,deathknight,unholy,12,6,6
Juggérnaút,bonechewer,572,deathknight,unholy,12,6,6
Hentaideath,kiljaeden,572,deathknight,unholy,18,6,12
Bahtman,hakkar,571,deathknight,unholy,12,6,6
Kel,stormreaver,559,deathknight,unholy,23,6,17
Syzurp,barthilas,558,deathknight,unholy,13,7,6
Poonen,area-52,543,deathknight,unholy,11,6,5
Galarick,area-52,527,deathknight,unholy,11,6,5
Herstôry,kelthuzad,527,deathknight,unholy,11,6,5
Volardan,trollbane,525,deathknight,unholy,9,7,2
Gkdm,tichondrius,522,deathknight,unholy,21,8,13
Chës,tichondrius,522,deathknight,unholy,22,7,15
Nekrosys,eitrigg,512,deathknight,unholy,16,6,10
Malsedius,kelthuzad,511,deathknight,unholy,21,7,14
Kalëndar,drakkari,503,deathknight,unholy,25,12,13
Ulyssess,jubeithos,501,deathknight,unholy,16,6,10
Bawlsauce,area-52,496,deathknight,unholy,13,6,7
Depthknight,barthilas,480,deathknight,unholy,6,5,1
Solø,proudmoore,480,deathknight,unholy,6,5,1
Bànished,moon-guard,480,deathknight,unholy,6,5,1
Andariel,ragnaros,480,deathknight,unholy,6,5,1
Tharegorn,azralon,480,deathknight,unholy,12,5,7
Darkwraith,illidan,480,deathknight,unholy,12,5,7
Zaratose,area-52,480,deathknight,unholy,12,5,7
Initiative,moon-guard,480,deathknight,unholy,12,5,7
Keomdae,tichondrius,480,deathknight,unholy,12,5,7
Gorillagrip,sargeras,480,deathknight,unholy,12,5,7
Defekaite,kiljaeden,480,deathknight,unholy,12,5,7
Billieeilish,sargeras,480,deathknight,unholy,12,5,7
Noitrox,azralon,480,deathknight,unholy,12,5,7
Hardtoplaydk,chogall,480,deathknight,unholy,12,5,7
Velyssiah,stormrage,480,deathknight,unholy,12,5,7
Römney,stormrage,480,deathknight,unholy,12,5,7
Darkfög,sargeras,480,deathknight,unholy,12,5,7
Serathai,tichondrius,480,deathknight,unholy,12,5,7
Naxn,tichondrius,480,deathknight,unholy,12,5,7
Laboön,stormrage,480,deathknight,unholy,12,5,7
Swänsz,stormrage,480,deathknight,unholy,12,5,7
Shinukishin,stormrage,480,deathknight,unholy,12,5,7
Raull,ragnaros,480,deathknight,unholy,12,5,7
Andem,elune,480,deathknight,unholy,12,5,7
Cosmicrune,turalyon,480,deathknight,unholy,12,5,7
Kasteny,frostmourne,480,deathknight,unholy,12,5,7
Defaultz,turalyon,480,deathknight,unholy,12,5,7
Ghrat,bleeding-hollow,480,deathknight,unholy,12,5,7
Iamthedanger,aerie-peak,480,deathknight,unholy,12,5,7
Deathpair,bleeding-hollow,480,deathknight,unholy,12,5,7
Yeahgood,frostmourne,480,deathknight,unholy,12,5,7
Arkhän,ragnaros,480,deathknight,unholy,18,5,13
Rytex,moon-guard,480,deathknight,unholy,18,5,13
Araris,stormrage,480,deathknight,unholy,18,5,13
Sylèss,tichondrius,480,deathknight,unholy,18,5,13
Dementrius,zuljin,480,deathknight,unholy,25,5,20
Extremepvp,aegwynn,479,deathknight,unholy,6,5,1
Yosemithe,quelthalas,479,deathknight,unholy,12,5,7
Mëgazørd,nemesis,479,deathknight,unholy,12,5,7
Itired,tichondrius,479,deathknight,unholy,12,5,7
Primoverdino,azralon,479,deathknight,unholy,12,5,7
Jojomcdeath,senjin,479,deathknight,unholy,12,5,7
Caqw,akama,479,deathknight,unholy,12,5,7
Amaethyst,kelthuzad,479,deathknight,unholy,12,5,7
Deathfearsme,kiljaeden,479,deathknight,unholy,12,5,7
Aborter,arthas,478,deathknight,unholy,12,5,7
Dreekon,bleeding-hollow,468,deathknight,unholy,19,9,10
Megatrôn,malganis,463,deathknight,unholy,17,5,12
Mordeo,bleeding-hollow,463,deathknight,unholy,17,5,12
Cammy,frostmourne,447,deathknight,unholy,11,5,6
Faelmo,malganis,447,deathknight,unholy,11,5,6
Sorry,ysera,432,deathknight,unholy,9,6,3
Spôôn,aggramar,430,deathknight,unholy,11,5,6
Jhiv,tichondrius,426,deathknight,unholy,16,6,10
Dtrayn,tichondrius,416,deathknight,unholy,10,5,5
Reighart,kiljaeden,415,deathknight,unholy,8,5,3
Testifier,illidan,415,deathknight,unholy,8,5,3
Shiminy,chogall,415,deathknight,unholy,10,5,5
Festers,burning-legion,415,deathknight,unholy,20,5,15
Frostology,echo-isles,399,deathknight,unholy,5,5,0
Soulkiti,blackwater-raiders,384,deathknight,unholy,6,4,2
Vampygeizt,zuljin,384,deathknight,unholy,6,4,2
Chillbruh,garrosh,384,deathknight,unholy,6,4,2
Methyldk,frostmourne,384,deathknight,unholy,6,4,2
Vläad,ragnaros,384,deathknight,unholy,6,4,2
Xhamstr,frostmourne,384,deathknight,unholy,6,4,2
Koltíra,azralon,384,deathknight,unholy,6,4,2
Nøzawkolypse,area-52,384,deathknight,unholy,6,4,2
Higeki,area-52,384,deathknight,unholy,6,4,2
Claudio,tichondrius,384,deathknight,unholy,6,4,2
Sephirott,boulderfist,384,deathknight,unholy,6,4,2
Càsshêrn,lightbringer,384,deathknight,unholy,6,4,2
Deadsamurai,illidan,384,deathknight,unholy,6,4,2
Rompeimën,ragnaros,384,deathknight,unholy,6,4,2
Futruth,khaz-modan,384,deathknight,unholy,6,4,2
Supblood,tichondrius,384,deathknight,unholy,6,4,2
Deathsloot,sargeras,384,deathknight,unholy,6,4,2
Mistmoorex,stormscale,384,deathknight,unholy,6,4,2
Darkswar,barthilas,384,deathknight,unholy,6,4,2
Zeathial,moon-guard,384,deathknight,unholy,6,4,2
Murphu,stormrage,384,deathknight,unholy,6,4,2
Sleezyfbaby,sargeras,384,deathknight,unholy,6,4,2
Ørcrist,area-52,384,deathknight,unholy,6,4,2
Zzdk,thrall,384,deathknight,unholy,6,4,2
Metinchaff,shadowmoon,384,deathknight,unholy,6,4,2
Blackary,emerald-dream,384,deathknight,unholy,6,4,2
Raynorr,dawnbringer,384,deathknight,unholy,6,4,2
Tonylin,tichondrius,384,deathknight,unholy,6,4,2
Atrahazis,quelthalas,384,deathknight,unholy,6,4,2
Koreandk,tichondrius,384,deathknight,unholy,6,4,2
Pleasecakes,blood-furnace,384,deathknight,unholy,9,5,4
Sussybakadk,sargeras,384,deathknight,unholy,10,5,5
Hounura,dathremar,384,deathknight,unholy,12,4,8
Xlive,tichondrius,384,deathknight,unholy,12,4,8
Asana,illidan,384,deathknight,unholy,12,4,8
Eightamdk,tichondrius,384,deathknight,unholy,12,4,8
Coronä,malfurion,384,deathknight,unholy,12,4,8
Maalevolent,thunderlord,384,deathknight,unholy,12,4,8
Bjorstad,moon-guard,384,deathknight,unholy,12,4,8
Killinois,tichondrius,384,deathknight,unholy,12,4,8
Bealzabub,sargeras,384,deathknight,unholy,12,4,8
Bøngripx,tichondrius,384,deathknight,unholy,12,4,8
Ambagrips,frostmourne,384,deathknight,unholy,12,4,8
Testamentxx,thunderlord,384,deathknight,unholy,12,4,8
Noiksnow,azralon,384,deathknight,unholy,12,4,8
Daellius,ragnaros,384,deathknight,unholy,12,4,8
Zoomoth,illidan,384,deathknight,unholy,12,4,8
Annuvyz,darkspear,384,deathknight,unholy,12,4,8
Ghorzul,thrall,384,deathknight,unholy,12,4,8
Threehunned,frostmourne,384,deathknight,unholy,12,4,8
Deephideblue,proudmoore,384,deathknight,unholy,12,4,8
Çorn,sargeras,384,deathknight,unholy,12,4,8
Nolderosdk,nemesis,384,deathknight,unholy,12,4,8
Tyrien,frostmane,384,deathknight,unholy,12,4,8
Cokedrip,bleeding-hollow,384,deathknight,unholy,12,4,8
Tinylich,arthas,384,deathknight,unholy,12,4,8
Avengis,bleeding-hollow,384,deathknight,unholy,18,4,14
Cptsäveähöe,tichondrius,384,deathknight,unholy,18,4,14
Sahaile,moon-guard,384,deathknight,unholy,18,4,14
Lho,caelestrasz,384,deathknight,unholy,18,4,14
Keralius,stormrage,384,deathknight,unholy,18,4,14
Hitsüyi,quelthalas,383,deathknight,unholy,11,6,5
Mëllowhypë,sargeras,383,deathknight,unholy,12,4,8
Plaguedoctor,moon-guard,383,deathknight,unholy,12,4,8
Optics,bleeding-hollow,383,deathknight,unholy,12,4,8
Demher,ragnaros,383,deathknight,unholy,12,4,8
Jinxtar,wyrmrest-accord,382,deathknight,unholy,6,4,2
Hobyrt,bleeding-hollow,382,deathknight,unholy,6,4,2
Azupo,aerie-peak,351,deathknight,unholy,14,5,9
Ghostdeath,blackhand,336,deathknight,unholy,9,4,5
Zygon,thrall,336,deathknight,unholy,9,4,5
Ahirek,quelthalas,320,deathknight,unholy,10,4,6
Ekaj,azuremyst,319,deathknight,unholy,5,4,1
Honustustere,emerald-dream,288,deathknight,unholy,6,3,3
Tråuma,uther,288,deathknight,unholy,6,3,3
Marash,moon-guard,288,deathknight,unholy,6,3,3
Nifftybear,tichondrius,288,deathknight,unholy,6,3,3
Ariacy,sargeras,288,deathknight,unholy,6,3,3
Viscerus,stormrage,288,deathknight,unholy,6,3,3
Bosleigor,elune,288,deathknight,unholy,6,3,3
Nh,malganis,288,deathknight,unholy,6,3,3
Fearfull,hyjal,288,deathknight,unholy,6,3,3
Petkick,tichondrius,288,deathknight,unholy,6,3,3
Jorich,ragnaros,288,deathknight,unholy,6,3,3
Jerkin,area-52,288,deathknight,unholy,6,3,3
Blitzcreig,sargeras,288,deathknight,unholy,6,3,3
Handler,nemesis,288,deathknight,unholy,6,3,3
Vexmaw,twisting-nether,288,deathknight,unholy,6,3,3
Anderius,tichondrius,288,deathknight,unholy,6,3,3
Kossero,thunderlord,288,deathknight,unholy,6,3,3
Lilwayne,archimonde,288,deathknight,unholy,6,3,3
Remõrse,moon-guard,288,deathknight,unholy,6,3,3
Supermane,jubeithos,288,deathknight,unholy,6,3,3
Coldsleeps,saurfang,288,deathknight,unholy,6,3,3
Deathwardenn,ghostlands,288,deathknight,unholy,6,3,3
Lafourche,sargeras,288,deathknight,unholy,6,3,3
Drippedout,illidan,288,deathknight,unholy,6,3,3
Monglord,arthas,288,deathknight,unholy,6,3,3
Chrønnøz,nemesis,288,deathknight,unholy,6,3,3
Yeetmaster,area-52,288,deathknight,unholy,6,3,3
Malairia,area-52,288,deathknight,unholy,6,3,3
Mýrrh,wyrmrest-accord,288,deathknight,unholy,6,3,3
Holsey,moon-guard,288,deathknight,unholy,6,3,3
Birnolan,proudmoore,288,deathknight,unholy,6,3,3
Chibalaloca,quelthalas,288,deathknight,unholy,6,3,3
Frostdest,kiljaeden,288,deathknight,unholy,6,3,3
Válak,stormrage,288,deathknight,unholy,6,3,3
Laeroth,zuluhed,288,deathknight,unholy,6,3,3
Trant,tichondrius,288,deathknight,unholy,6,3,3
Akilol,tichondrius,288,deathknight,unholy,6,3,3
Adavynn,darkspear,288,deathknight,unholy,6,3,3
Vinaroth,kiljaeden,288,deathknight,unholy,6,3,3
Pepecoomer,frostmourne,288,deathknight,unholy,6,3,3
Clearlol,bleeding-hollow,288,deathknight,unholy,6,3,3
Azombie,burning-blade,288,deathknight,unholy,6,3,3
Lepanda,skywall,288,deathknight,unholy,6,3,3
Ödens,dalaran,288,deathknight,unholy,6,3,3
Smokeyjoe,aegwynn,288,deathknight,unholy,6,3,3
Wúhan,moon-guard,288,deathknight,unholy,6,3,3
Mawvac,quelthalas,288,deathknight,unholy,6,3,3
Mendoh,tichondrius,288,deathknight,unholy,6,3,3
Schreit,zuljin,288,deathknight,unholy,6,3,3
Frenzza,frostmourne,288,deathknight,unholy,6,3,3
Mightyfails,frostmourne,288,deathknight,unholy,6,3,3
Renaming,area-52,288,deathknight,unholy,9,4,5
Oroborus,korgath,288,deathknight,unholy,8,3,5
Boomxic,shuhalo,288,deathknight,unholy,11,4,7
Chosenrune,stormrage,288,deathknight,unholy,12,3,9
Fokit,barthilas,288,deathknight,unholy,12,3,9
Danlorinis,moon-guard,288,deathknight,unholy,12,3,9
Techneeq,tichondrius,288,deathknight,unholy,12,3,9
Wisdôm,frostmourne,288,deathknight,unholy,12,3,9
Mongomongo,malganis,288,deathknight,unholy,12,3,9
Rottenqunt,tichondrius,288,deathknight,unholy,12,3,9
Abømination,zuljin,288,deathknight,unholy,12,3,9
Torsophuk,stormrage,288,deathknight,unholy,12,3,9
Aidsbenedict,malganis,288,deathknight,unholy,12,3,9
Dkjs,anetheron,288,deathknight,unholy,12,3,9
Coldmilk,wyrmrest-accord,288,deathknight,unholy,12,3,9
Garonse,wyrmrest-accord,288,deathknight,unholy,12,3,9
Chosenhero,stormrage,288,deathknight,unholy,12,3,9
Balakk,tichondrius,288,deathknight,unholy,12,3,9
Coffeemilk,kiljaeden,288,deathknight,unholy,13,3,10
Deathsent,malganis,288,deathknight,unholy,18,3,15
Fendos,turalyon,287,deathknight,unholy,6,3,3
Morthul,tol-barad,287,deathknight,unholy,6,3,3
Chanskey,stormrage,287,deathknight,unholy,9,3,6
Zedknight,emerald-dream,287,deathknight,unholy,15,4,11
Draxsos,quelthalas,287,deathknight,unholy,12,3,9
Papparoach,ysera,286,deathknight,unholy,6,3,3
Orthason,moon-guard,286,deathknight,unholy,6,3,3
Lowan,stormrage,286,deathknight,unholy,6,3,3
Copy,suramar,271,deathknight,unholy,11,3,8
Milkdrugs,daggerspine,256,deathknight,unholy,10,3,7
Baskel,frostmane,255,deathknight,unholy,11,3,8
Deathrowe,blackhand,240,deathknight,unholy,9,3,6
Originalsin,tichondrius,239,deathknight,unholy,5,3,2
Dairboi,sargeras,239,deathknight,unholy,5,3,2
Pradas,area-52,239,deathknight,unholy,11,3,8
Charabone,ragnaros,192,deathknight,unholy,4,3,1
Mefistô,quelthalas,192,deathknight,unholy,4,3,1
Doombeast,area-52,192,deathknight,unholy,9,4,5
Teedk,drakthul,192,deathknight,unholy,6,2,4
Tbop,ragnaros,192,deathknight,unholy,6,2,4
Dxssxe,tichondrius,192,deathknight,unholy,6,2,4
Orbo,elune,192,deathknight,unholy,6,2,4
Ams,moon-guard,192,deathknight,unholy,6,2,4
Twocolors,gilneas,192,deathknight,unholy,6,2,4
Nurglet,proudmoore,192,deathknight,unholy,6,2,4
Saraphdk,area-52,192,deathknight,unholy,6,2,4
Kranaz,barthilas,192,deathknight,unholy,6,2,4
Lunatick,darkspear,192,deathknight,unholy,6,2,4
Fanggrief,proudmoore,192,deathknight,unholy,6,2,4
Onsslaught,sargeras,192,deathknight,unholy,6,2,4
Moonkhink,stormrage,192,deathknight,unholy,6,2,4
Orcazmic,area-52,192,deathknight,unholy,6,2,4
Tristam,area-52,192,deathknight,unholy,6,2,4
Válhállá,ragnaros,192,deathknight,unholy,6,2,4
Menalise,moon-guard,192,deathknight,unholy,6,2,4
Hastë,proudmoore,192,deathknight,unholy,6,2,4
Zilli,blackrock,192,deathknight,unholy,6,2,4
Blooddisease,frostmourne,192,deathknight,unholy,6,2,4
Gusabio,drakkari,192,deathknight,unholy,6,2,4
Lìlith,dreadmaul,192,deathknight,unholy,6,2,4
Zebastion,amanthul,192,deathknight,unholy,6,2,4
Kookx,tichondrius,192,deathknight,unholy,6,2,4
Raakaa,ghostlands,192,deathknight,unholy,6,2,4
Runíc,demon-soul,192,deathknight,unholy,6,2,4
Gooré,ragnaros,192,deathknight,unholy,6,2,4
Chandsformer,tichondrius,192,deathknight,unholy,6,2,4
Grimreminder,zuljin,192,deathknight,unholy,6,2,4
Supfam,tichondrius,192,deathknight,unholy,6,2,4
Dustknight,sargeras,192,deathknight,unholy,6,2,4
Fizzease,illidan,192,deathknight,unholy,6,2,4
Båñglàdëshì,tichondrius,192,deathknight,unholy,6,2,4
Spaxz,illidan,192,deathknight,unholy,6,2,4
Seiyokú,ragnaros,192,deathknight,unholy,6,2,4
Ahmisu,tichondrius,192,deathknight,unholy,6,2,4
Deathhimself,moonrunner,192,deathknight,unholy,6,2,4
Junepí,stormrage,192,deathknight,unholy,6,2,4
Sieg,goldrinn,192,deathknight,unholy,6,2,4
Cäin,dreadmaul,192,deathknight,unholy,6,2,4
Afkftwok,illidan,192,deathknight,unholy,6,2,4
Uncoachablex,illidan,192,deathknight,unholy,6,2,4
Mesx,tichondrius,192,deathknight,unholy,6,2,4
Zerodk,kelthuzad,192,deathknight,unholy,6,2,4
Mako,garithos,192,deathknight,unholy,6,2,4
Kmardk,area-52,192,deathknight,unholy,6,2,4
Maliceborn,stormrage,192,deathknight,unholy,12,2,10
Tacofoxlol,tichondrius,192,deathknight,unholy,12,2,10
Giraldus,stormrage,192,deathknight,unholy,12,2,10
Scythê,barthilas,192,deathknight,unholy,12,2,10
Longlnus,malganis,192,deathknight,unholy,12,2,10
Rykard,hyjal,192,deathknight,unholy,12,2,10
Kterrorblade,sargeras,192,deathknight,unholy,12,2,10
Ðìvíne,illidan,192,deathknight,unholy,12,2,10
Larrisey,illidan,191,deathknight,unholy,6,2,4
Vynjonc,drenden,191,deathknight,unholy,6,2,4
Zeeroo,moon-guard,160,deathknight,unholy,10,2,8
Gankhiss,emerald-dream,159,deathknight,unholy,5,2,3
Hooker,dragonmaw,138,deathknight,unholy,8,4,4
Glacíuss,ragnaros,138,deathknight,unholy,9,4,5
Hobdk,malganis,128,deathknight,unholy,9,2,7
Ðëthbringër,jubeithos,127,deathknight,unholy,8,2,6
Lunaxx,ragnaros,96,deathknight,unholy,6,1,5
Gröxxigor,azralon,96,deathknight,unholy,6,1,5
Bealzabbub,sargeras,96,deathknight,unholy,6,1,5
Amö,emerald-dream,96,deathknight,unholy,6,1,5
Otarin,tichondrius,96,deathknight,unholy,6,1,5
Vicesquad,tichondrius,96,deathknight,unholy,6,1,5
Zenin,emerald-dream,96,deathknight,unholy,6,1,5
Dethklòk,tichondrius,96,deathknight,unholy,6,1,5
Tìtø,ragnaros,96,deathknight,unholy,6,1,5
Deathscyythe,illidan,96,deathknight,unholy,6,1,5
Dknightor,dalaran,96,deathknight,unholy,6,1,5
Worgenracist,tichondrius,96,deathknight,unholy,6,1,5
Alexanderz,quelthalas,96,deathknight,unholy,6,1,5
Rgn,deathwing,96,deathknight,unholy,6,1,5
Grimorra,bleeding-hollow,96,deathknight,unholy,6,1,5
Rotfang,elune,96,deathknight,unholy,6,1,5
Lichhbanne,doomhammer,96,deathknight,unholy,6,1,5
Andivh,hydraxis,96,deathknight,unholy,6,1,5
Almostdead,proudmoore,96,deathknight,unholy,6,1,5
Sandolorian,area-52,96,deathknight,unholy,6,1,5
Bein,frostmourne,96,deathknight,unholy,6,1,5
Abake,illidan,96,deathknight,unholy,6,1,5
Moldremover,frostmourne,96,deathknight,unholy,6,1,5
Gnargnarr,firetree,96,deathknight,unholy,6,1,5
Artyboy,icecrown,96,deathknight,unholy,6,1,5
Iluvbooty,blackrock,96,deathknight,unholy,6,1,5
Istery,thrall,96,deathknight,unholy,6,1,5
Tuicca,frostmane,96,deathknight,unholy,6,1,5
Kìrìtó,malygos,96,deathknight,unholy,6,1,5
Dontbanmepls,zuljin,96,deathknight,unholy,6,1,5
Percy,thaurissan,96,deathknight,unholy,6,1,5
Report,dathremar,96,deathknight,unholy,6,1,5
Apocalypsis,uldum,96,deathknight,unholy,6,1,5
Papalich,stormrage,96,deathknight,unholy,6,1,5
Tarone,zuljin,96,deathknight,unholy,6,1,5
Einherjiar,tichondrius,96,deathknight,unholy,6,1,5
Argy,zuljin,96,deathknight,unholy,6,1,5
Ellipsoro,onyxia,96,deathknight,unholy,6,1,5
Requísition,barthilas,96,deathknight,unholy,6,1,5
Azryull,perenolde,96,deathknight,unholy,6,1,5
Jessefur,undermine,96,deathknight,unholy,6,1,5
Perculës,sargeras,96,deathknight,unholy,7,1,6
Níce,tichondrius,96,deathknight,unholy,12,1,11
Skadattle,emerald-dream,96,deathknight,unholy,12,1,11
Darnkiller,kelthuzad,96,deathknight,unholy,18,1,17
Funerall,azralon,95,deathknight,unholy,12,1,11
Frostbytez,barthilas,79,deathknight,unholy,5,1,4
Deanz,stormrage,63,deathknight,unholy,2,2,0
Asfaq,frostmourne,63,deathknight,unholy,2,2,0
Spleem,stormrage,48,deathknight,unholy,3,1,2
Lördd,moon-guard,42,deathknight,unholy,11,3,8
Harrypottr,darrowmere,42,deathknight,unholy,8,2,6
Resumen,steamwheedle-cartel,42,deathknight,unholy,14,2,12
Pookr,area-52,2075,deathknight,frost,301,149,152
Yoinkzz,illidan,2025,deathknight,frost,71,33,38
Sylèss,tichondrius,1949,deathknight,frost,78,43,35
Duranteh,illidan,1881,deathknight,frost,60,32,28
Saco,malganis,1874,deathknight,frost,104,60,44
Thânätos,nemesis,1861,deathknight,frost,54,29,25
Deaddubya,illidan,1815,deathknight,frost,63,40,23
Dkyeico,ragnaros,1792,deathknight,frost,84,42,42
Fastapi,tichondrius,1774,deathknight,frost,54,24,30
Ksmc,tichondrius,1740,deathknight,frost,54,27,27
Scareth,proudmoore,1734,deathknight,frost,40,21,19
Sober,destromath,1712,deathknight,frost,95,48,47
Mikepinkdk,illidan,1700,deathknight,frost,75,40,35
Chillb,deathwing,1696,deathknight,frost,24,18,6
Børeas,quelthalas,1645,deathknight,frost,96,43,53
Worgenracist,tichondrius,1628,deathknight,frost,47,20,27
Tzepesci,hyjal,1626,deathknight,frost,58,26,32
Raiekko,dalaran,1617,deathknight,frost,36,17,19
Ebolaxd,area-52,1614,deathknight,frost,42,21,21
Rekktless,aerie-peak,1613,deathknight,frost,60,31,29
Zemzil,tichondrius,1581,deathknight,frost,44,20,24
Gkdm,tichondrius,1532,deathknight,frost,30,16,14
Grakth,quelthalas,1527,deathknight,frost,66,37,29
Lho,caelestrasz,1522,deathknight,frost,77,41,36
Venvicta,tichondrius,1496,deathknight,frost,20,17,3
Report,dathremar,1494,deathknight,frost,75,38,37
Percy,thaurissan,1473,deathknight,frost,103,42,61
Eldavò,quelthalas,1464,deathknight,frost,48,22,26
Jazh,tichondrius,1441,deathknight,frost,59,23,36
Jimmyjohnson,illidan,1415,deathknight,frost,53,29,24
Uzgard,zuljin,1412,deathknight,frost,47,25,22
Khalid,azgalor,1376,deathknight,frost,54,23,31
Clongeus,tichondrius,1374,deathknight,frost,54,25,29
Ellipsoro,onyxia,1374,deathknight,frost,60,26,34
Tangarang,dalaran,1372,deathknight,frost,36,16,20
Barrodir,tichondrius,1358,deathknight,frost,51,31,20
Gwab,stormrage,1354,deathknight,frost,48,20,28
Sandooñ,tichondrius,1353,deathknight,frost,42,19,23
Thetalis,moon-guard,1346,deathknight,frost,78,38,40
Kryptikkyt,blackrock,1341,deathknight,frost,18,14,4
Ðerion,stormrage,1339,deathknight,frost,116,52,64
Clapdat,malganis,1335,deathknight,frost,114,56,58
Dontbanmepls,zuljin,1318,deathknight,frost,30,14,16
Tekc,nemesis,1317,deathknight,frost,132,64,68
Alexeous,wyrmrest-accord,1302,deathknight,frost,85,35,50
Lichborn,azralon,1279,deathknight,frost,60,24,36
Nevermor,malganis,1274,deathknight,frost,66,31,35
Abake,illidan,1267,deathknight,frost,62,30,32
Alexanderz,quelthalas,1264,deathknight,frost,36,15,21
Rylas,destromath,1250,deathknight,frost,57,25,32
Estali,kelthuzad,1244,deathknight,frost,69,29,40
Bâttalion,illidan,1237,deathknight,frost,30,13,17
Rayden,frostmourne,1235,deathknight,frost,24,13,11
Yödä,barthilas,1235,deathknight,frost,36,14,22
Sinyay,tichondrius,1233,deathknight,frost,30,18,12
Darketvam,illidan,1230,deathknight,frost,38,23,15
Spoon,sargeras,1225,deathknight,frost,63,30,33
Vuldy,blackhand,1224,deathknight,frost,24,13,11
Darfik,sargeras,1210,deathknight,frost,84,49,35
Jackofblades,veknilash,1204,deathknight,frost,66,32,34
Zefdk,illidan,1186,deathknight,frost,48,27,21
Tambaknight,nemesis,1146,deathknight,frost,44,15,29
Flins,nemesis,1144,deathknight,frost,233,116,117
Janco,runetotem,1141,deathknight,frost,24,12,12
Jordankg,tanaris,1137,deathknight,frost,30,12,18
Laumuelden,ragnaros,1135,deathknight,frost,42,14,28
Pembadk,tichondrius,1110,deathknight,frost,33,14,19
Bridenbrad,quelthalas,1104,deathknight,frost,21,13,8
Dkptador,azralon,1090,deathknight,frost,57,24,33
Moonnwater,frostmourne,1087,deathknight,frost,84,43,41
Sephirott,boulderfist,1086,deathknight,frost,35,19,16
Garryxz,quelthalas,1077,deathknight,frost,22,12,10
Mawvac,quelthalas,1069,deathknight,frost,72,33,39
Zephyx,lightbringer,1056,deathknight,frost,18,11,7
Grippygarý,illidan,1056,deathknight,frost,24,11,13
Puppykisses,perenolde,1055,deathknight,frost,24,11,13
Jhonnsnow,frostmourne,1051,deathknight,frost,24,11,13
Malovv,nemesis,1042,deathknight,frost,18,12,6
Kruspy,area-52,1042,deathknight,frost,24,11,13
Vanyor,wyrmrest-accord,1025,deathknight,frost,44,14,30
Zarathraz,ragnaros,1004,deathknight,frost,23,11,12
Vorlakesh,boulderfist,979,deathknight,frost,22,11,11
Ciputra,blood-furnace,967,deathknight,frost,24,13,11
Skittsdk,thrall,966,deathknight,frost,24,12,12
Xhín,bleeding-hollow,959,deathknight,frost,18,10,8
Frosthana,illidan,959,deathknight,frost,24,10,14
Tokyotimxx,malganis,958,deathknight,frost,18,10,8
Toothstick,stormrage,957,deathknight,frost,18,10,8
Sécret,tichondrius,953,deathknight,frost,18,10,8
Darkreígn,tichondrius,952,deathknight,frost,18,10,8
Eliagianluca,caelestrasz,949,deathknight,frost,60,25,35
Úndead,barthilas,943,deathknight,frost,18,10,8
Kraige,tichondrius,933,deathknight,frost,30,10,20
Kallugrax,kelthuzad,919,deathknight,frost,30,12,18
Ârtas,uldum,913,deathknight,frost,30,10,20
Fokit,barthilas,897,deathknight,frost,58,28,30
Sandolorian,area-52,892,deathknight,frost,24,10,14
Lokitabeso,ragnaros,864,deathknight,frost,12,9,3
Devcoil,sargeras,864,deathknight,frost,18,9,9
Toxismall,zuljin,864,deathknight,frost,18,9,9
Lazenca,malganis,863,deathknight,frost,18,9,9
Bossk,emerald-dream,863,deathknight,frost,18,9,9
Zarakas,sargeras,863,deathknight,frost,24,9,15
Kekkijutsu,bleeding-hollow,862,deathknight,frost,12,9,3
Thesseo,quelthalas,862,deathknight,frost,18,9,9
Frostunholy,tichondrius,862,deathknight,frost,18,9,9
Chicnchsteak,tichondrius,862,deathknight,frost,30,9,21
Jasmíne,vashj,861,deathknight,frost,12,9,3
Urieen,gorefiend,861,deathknight,frost,18,9,9
Seeyoudiebr,gallywix,856,deathknight,frost,24,9,15
Metaphysicsx,amanthul,839,deathknight,frost,20,9,11
Uncfester,onyxia,823,deathknight,frost,18,9,9
Lokítabesos,ragnaros,768,deathknight,frost,12,8,4
Crink,sargeras,768,deathknight,frost,24,8,16
Dregdar,emerald-dream,767,deathknight,frost,12,8,4
Incanis,moon-guard,767,deathknight,frost,18,8,10
Gypo,scilla,766,deathknight,frost,12,8,4
Artourias,wyrmrest-accord,766,deathknight,frost,12,8,4
Freemoney,wyrmrest-accord,766,deathknight,frost,12,8,4
Verhangnis,azjolnerub,765,deathknight,frost,12,8,4
Dhrogar,moon-guard,762,deathknight,frost,12,8,4
Dyingwolf,ragnaros,761,deathknight,frost,18,8,10
Nagaizao,nemesis,757,deathknight,frost,18,8,10
Soulfang,nemesis,751,deathknight,frost,30,8,22
Icedmilk,zuluhed,747,deathknight,frost,19,10,9
Hansmclroy,trollbane,738,deathknight,frost,24,8,16
Monglord,arthas,733,deathknight,frost,27,9,18
Larrisey,illidan,727,deathknight,frost,21,8,13
Tarone,zuljin,688,deathknight,frost,21,10,11
Russkivolk,frostmourne,688,deathknight,frost,19,8,11
Griswold,windrunner,680,deathknight,frost,24,9,15
Iskandàr,ragnaros,672,deathknight,frost,12,7,5
Dumbledore,deathwing,672,deathknight,frost,12,7,5
Deadspellz,bleeding-hollow,672,deathknight,frost,12,7,5
Iccyhottie,stormrage,672,deathknight,frost,18,7,11
Mikeycal,stormrage,672,deathknight,frost,18,7,11
Chillpills,stormrage,672,deathknight,frost,18,7,11
Anexdk,korgath,672,deathknight,frost,18,7,11
Iriwa,tichondrius,672,deathknight,frost,24,7,17
Necrósy,azralon,671,deathknight,frost,12,7,5
Emanuels,quelthalas,671,deathknight,frost,18,7,11
Unholycube,zuljin,671,deathknight,frost,30,7,23
Cryptgore,moon-guard,665,deathknight,frost,18,7,11
Iiedown,stormrage,623,deathknight,frost,11,7,4
Plaw,kiljaeden,607,deathknight,frost,11,7,4
Rennoc,emerald-dream,576,deathknight,frost,12,6,6
Darkxavros,stormrage,576,deathknight,frost,12,6,6
Wap,bloodhoof,576,deathknight,frost,12,6,6
Cozzasad,barthilas,576,deathknight,frost,12,6,6
Axiomqt,tichondrius,576,deathknight,frost,12,6,6
Riglros,tichondrius,576,deathknight,frost,12,6,6
Otarin,tichondrius,576,deathknight,frost,12,6,6
Soulbone,wyrmrest-accord,576,deathknight,frost,12,6,6
Dementrius,zuljin,576,deathknight,frost,12,6,6
Dkbunny,thaurissan,576,deathknight,frost,18,6,12
Ariacy,sargeras,576,deathknight,frost,18,6,12
Dairboi,sargeras,576,deathknight,frost,18,6,12
Winterstone,moon-guard,575,deathknight,frost,12,6,6
Ântipaladin,arthas,575,deathknight,frost,12,6,6
Nezareth,sargeras,574,deathknight,frost,12,6,6
Bloodbanne,darkspear,573,deathknight,frost,12,6,6
Darkdevilvii,tichondrius,572,deathknight,frost,12,6,6
Ikaris,wildhammer,569,deathknight,frost,12,6,6
Loverianed,aerie-peak,569,deathknight,frost,24,6,18
Madorderog,stormrage,567,deathknight,frost,12,6,6
Werebuddy,lightnings-blade,528,deathknight,frost,15,6,9
Abrahams,tichondrius,522,deathknight,frost,22,8,14
Bellum,moon-guard,511,deathknight,frost,20,6,14
Sathanazz,ragnaros,480,deathknight,frost,6,5,1
Dreekon,bleeding-hollow,480,deathknight,frost,6,5,1
Martinnash,emerald-dream,480,deathknight,frost,12,5,7
Onsslaught,sargeras,480,deathknight,frost,12,5,7
Sinizster,kelthuzad,480,deathknight,frost,12,5,7
Neaz,moon-guard,480,deathknight,frost,12,5,7
Subparatbest,chogall,480,deathknight,frost,12,5,7
Deadbeards,zuluhed,480,deathknight,frost,12,5,7
Sporkdk,illidan,480,deathknight,frost,12,5,7
Frozenhawk,lothar,480,deathknight,frost,12,5,7
Saighast,illidan,480,deathknight,frost,18,5,13
Moovement,illidan,479,deathknight,frost,6,5,1
Bëlzëbü,stormrage,479,deathknight,frost,6,5,1
Caravante,azralon,479,deathknight,frost,12,5,7
Janzano,deathwing,479,deathknight,frost,14,5,9
Adjudicated,darkspear,477,deathknight,frost,12,5,7
Eloton,daggerspine,431,deathknight,frost,11,5,6
Xelonith,sargeras,384,deathknight,frost,6,4,2
Laxatives,tichondrius,384,deathknight,frost,6,4,2
Nabreus,ragnaros,384,deathknight,frost,6,4,2
Vãl,sargeras,384,deathknight,frost,6,4,2
Lókhä,thrall,384,deathknight,frost,6,4,2
Orbo,elune,384,deathknight,frost,6,4,2
Bigdooks,area-52,384,deathknight,frost,6,4,2
Anatøly,ragnaros,384,deathknight,frost,6,4,2
Insanity,boulderfist,384,deathknight,frost,6,4,2
Hooterzqt,tichondrius,384,deathknight,frost,12,4,8
Zenin,emerald-dream,384,deathknight,frost,12,4,8
Deathrowe,blackhand,384,deathknight,frost,12,4,8
Xhoul,sargeras,384,deathknight,frost,12,4,8
Unintended,barthilas,384,deathknight,frost,12,4,8
Silanvia,wyrmrest-accord,384,deathknight,frost,12,4,8
Algeross,dalaran,384,deathknight,frost,12,4,8
Almostdead,proudmoore,384,deathknight,frost,12,4,8
Nefarion,nathrezim,384,deathknight,frost,12,4,8
Rembrandtdk,gorefiend,384,deathknight,frost,12,4,8
Lichhbanne,doomhammer,384,deathknight,frost,12,4,8
Shinici,kelthuzad,383,deathknight,frost,9,5,4
Vithael,stormrage,383,deathknight,frost,12,4,8
Cailras,argent-dawn,382,deathknight,frost,6,4,2
Sindragos,stormrage,382,deathknight,frost,12,4,8
Deathvortex,nemesis,379,deathknight,frost,12,4,8
Greeasy,bleeding-hollow,351,deathknight,frost,11,4,7
Umbramane,tichondrius,336,deathknight,frost,9,4,5
Amarlana,mannoroth,288,deathknight,frost,6,3,3
Laboön,stormrage,288,deathknight,frost,6,3,3
Yungdooks,area-52,288,deathknight,frost,6,3,3
Saraphdk,area-52,288,deathknight,frost,6,3,3
Davenn,stormrage,288,deathknight,frost,6,3,3
Jughéad,thrall,288,deathknight,frost,6,3,3
Egirlgripper,area-52,288,deathknight,frost,6,3,3
Ghouldruis,barthilas,288,deathknight,frost,6,3,3
Nalec,tichondrius,288,deathknight,frost,6,3,3
Zygon,thrall,288,deathknight,frost,6,3,3
Fåîrÿdûst,skullcrusher,288,deathknight,frost,6,3,3
Doomdk,azralon,288,deathknight,frost,6,3,3
Achilleo,quelthalas,288,deathknight,frost,6,3,3
Kalevesicant,nesingwary,288,deathknight,frost,6,3,3
Sllice,aegwynn,288,deathknight,frost,6,3,3
Tofurious,barthilas,288,deathknight,frost,6,3,3
Zügzug,chogall,288,deathknight,frost,6,3,3
Gorsz,tichondrius,288,deathknight,frost,6,3,3
Plaugedone,lightbringer,288,deathknight,frost,6,3,3
Brumaks,quelthalas,288,deathknight,frost,6,3,3
Fearfull,hyjal,288,deathknight,frost,10,4,6
Darkwraith,illidan,288,deathknight,frost,12,3,9
Freyjani,moon-guard,288,deathknight,frost,12,3,9
Bloodmourne,barthilas,288,deathknight,frost,12,3,9
Flarkness,area-52,288,deathknight,frost,12,3,9
Janus,illidan,288,deathknight,frost,12,3,9
ßlazedkush,kelthuzad,287,deathknight,frost,6,3,3
Dèadpool,blackhand,287,deathknight,frost,6,3,3
Elwoodblooz,stormrage,287,deathknight,frost,9,4,5
Páthøgen,ravencrest,287,deathknight,frost,12,3,9
Ergoth,darkspear,287,deathknight,frost,12,3,9
Gnomey,area-52,255,deathknight,frost,8,4,4
Hamze,stormrage,239,deathknight,frost,5,3,2
Unwantedgrab,sargeras,239,deathknight,frost,5,3,2
Bbcobliterat,proudmoore,234,deathknight,frost,22,4,18
Surcäfauces,ragnaros,192,deathknight,frost,9,3,6
Corrpsse,tichondrius,192,deathknight,frost,6,2,4
Crakdos,illidan,192,deathknight,frost,6,2,4
Aldrey,bonechewer,192,deathknight,frost,6,2,4
Yourunigrip,tichondrius,192,deathknight,frost,6,2,4
Alderollar,stormrage,192,deathknight,frost,6,2,4
Rotfang,elune,192,deathknight,frost,6,2,4
Nenó,illidan,192,deathknight,frost,6,2,4
Fraýja,tichondrius,192,deathknight,frost,6,2,4
Envisage,kelthuzad,192,deathknight,frost,6,2,4
Toxicant,zuljin,192,deathknight,frost,6,2,4
Amauqsun,bleeding-hollow,192,deathknight,frost,6,2,4
Lichkong,dalaran,192,deathknight,frost,6,2,4
Shmacmiller,stormrage,192,deathknight,frost,6,2,4
Chilivibes,boulderfist,192,deathknight,frost,6,2,4
Khørne,area-52,192,deathknight,frost,6,2,4
Sayâ,frostmane,192,deathknight,frost,6,2,4
Rulord,wyrmrest-accord,192,deathknight,frost,6,2,4
Demise,stormrage,192,deathknight,frost,6,2,4
Jykupajr,proudmoore,192,deathknight,frost,6,2,4
Tooe,darrowmere,192,deathknight,frost,6,2,4
Frozenjuice,sargeras,192,deathknight,frost,6,2,4
Aradorn,azralon,192,deathknight,frost,6,2,4
Nebuchadnezz,darkspear,192,deathknight,frost,6,2,4
Piratehookah,sargeras,192,deathknight,frost,6,2,4
Oreodeath,sargeras,192,deathknight,frost,6,2,4
Edek,frostmourne,192,deathknight,frost,6,2,4
Tarknok,moon-guard,192,deathknight,frost,6,2,4
Blooddisease,frostmourne,192,deathknight,frost,6,2,4
Bonusman,sargeras,192,deathknight,frost,6,2,4
Soutennizase,azralon,192,deathknight,frost,6,2,4
Neofrank,drakkari,192,deathknight,frost,12,2,10
Záiiko,quelthalas,192,deathknight,frost,12,2,10
Melyrc,quelthalas,192,deathknight,frost,12,2,10
Lillylilly,bleeding-hollow,192,deathknight,frost,12,2,10
Evangelina,antonidas,192,deathknight,frost,12,2,10
Sübzerö,quelthalas,191,deathknight,frost,6,2,4
Killa,maiev,191,deathknight,frost,6,2,4
Edhral,ragnaros,191,deathknight,frost,6,2,4
Rogoroth,stormrage,191,deathknight,frost,6,2,4
Nickolas,dalvengyr,159,deathknight,frost,5,2,3
Oilasslover,illidan,128,deathknight,frost,4,2,2
Xaldeth,moon-guard,127,deathknight,frost,8,2,6
Kookx,tichondrius,110,deathknight,frost,7,2,5
Telrenaur,proudmoore,96,deathknight,frost,3,2,1
Raegywn,blood-furnace,96,deathknight,frost,6,1,5
Grayfoxx,twisting-nether,96,deathknight,frost,6,1,5
Bubblesdk,whisperwind,96,deathknight,frost,6,1,5
Siphilusxo,dalaran,96,deathknight,frost,6,1,5
Skadattle,emerald-dream,96,deathknight,frost,6,1,5
Himanshu,emerald-dream,96,deathknight,frost,6,1,5
Hadianton,stormrage,96,deathknight,frost,6,1,5
Grimorra,bleeding-hollow,96,deathknight,frost,6,1,5
Bingoez,frostmourne,96,deathknight,frost,6,1,5
Einherjiar,tichondrius,96,deathknight,frost,6,1,5
Paíín,illidan,96,deathknight,frost,6,1,5
Mako,garithos,96,deathknight,frost,6,1,5
Kodokuna,bleeding-hollow,96,deathknight,frost,6,1,5
Xakri,kelthuzad,96,deathknight,frost,6,1,5
Vrolock,quelthalas,96,deathknight,frost,6,1,5
Thwap,sargeras,96,deathknight,frost,6,1,5
Shadar,muradin,96,deathknight,frost,6,1,5
Mordekeiser,wyrmrest-accord,96,deathknight,frost,6,1,5
Frostpanda,dalaran,96,deathknight,frost,6,1,5
Denkot,stormrage,96,deathknight,frost,6,1,5
Sakaarr,bleeding-hollow,96,deathknight,frost,6,1,5
Válhállá,ragnaros,96,deathknight,frost,6,1,5
Gooré,ragnaros,96,deathknight,frost,6,1,5
Xninjakiller,korgath,95,deathknight,frost,12,1,11
Agasuko,ghostlands,48,deathknight,frost,3,1,2
Villåin,hyjal,42,deathknight,frost,9,2,7
Twindleroot,aggramar,31,deathknight,frost,2,1,1
Sharnathos,stormrage,16,deathknight,frost,1,1,0
Jerric,skullcrusher,16,deathknight,frost,7,1,6
Xiaosu,tichondrius,2145,demonhunter,havoc,276,137,139
Ehtend,sargeras,2106,demonhunter,havoc,78,42,36
Insomniaq,sargeras,2102,demonhunter,havoc,115,62,53
Ehtend,malganis,2101,demonhunter,havoc,103,51,52
Demoncouch,malganis,2088,demonhunter,havoc,78,41,37
Nézuko,eldrethalas,2077,demonhunter,havoc,105,57,48
Ordorll,area-52,2060,demonhunter,havoc,108,58,50
Taegos,tichondrius,2027,demonhunter,havoc,311,152,159
Lademon,tichondrius,1997,demonhunter,havoc,84,46,38
Reps,hydraxis,1979,demonhunter,havoc,114,63,51
Lighost,tichondrius,1975,demonhunter,havoc,240,117,123
Terrorsong,tichondrius,1970,demonhunter,havoc,71,45,26
Lifting,illidan,1960,demonhunter,havoc,84,40,44
Jøsem,ragnaros,1957,demonhunter,havoc,82,43,39
Boos,moon-guard,1946,demonhunter,havoc,82,41,41
Blode,tichondrius,1943,demonhunter,havoc,78,46,32
Xtickles,frostmourne,1937,demonhunter,havoc,148,74,74
Xch,aegwynn,1932,demonhunter,havoc,136,74,62
Felz,illidan,1931,demonhunter,havoc,86,42,44
Cyrøcryphä,quelthalas,1928,demonhunter,havoc,78,39,39
Ìke,quelthalas,1925,demonhunter,havoc,67,35,32
Kohî,sargeras,1924,demonhunter,havoc,53,27,26
Mvpdh,area-52,1914,demonhunter,havoc,65,36,29
Càrnagex,tichondrius,1912,demonhunter,havoc,132,68,64
Cromega,malganis,1906,demonhunter,havoc,108,50,58
Lemilion,wyrmrest-accord,1903,demonhunter,havoc,53,27,26
Solit,illidan,1901,demonhunter,havoc,66,33,33
Winsforgold,area-52,1899,demonhunter,havoc,54,32,22
Ouru,area-52,1896,demonhunter,havoc,96,48,48
Seorae,tichondrius,1892,demonhunter,havoc,54,32,22
Medrathis,wyrmrest-accord,1891,demonhunter,havoc,42,26,16
Stellitas,ragnaros,1881,demonhunter,havoc,72,38,34
Junma,tichondrius,1874,demonhunter,havoc,84,47,37
Badhábits,sargeras,1873,demonhunter,havoc,36,23,13
Mvqqdh,tichondrius,1872,demonhunter,havoc,42,20,22
Nasadh,tichondrius,1868,demonhunter,havoc,60,30,30
Leothero,area-52,1863,demonhunter,havoc,54,28,26
Azrethec,wyrmrest-accord,1855,demonhunter,havoc,108,62,46
Nb,silvermoon,1853,demonhunter,havoc,59,32,27
Boonchu,frostmourne,1853,demonhunter,havoc,62,31,31
Bippy,durotan,1853,demonhunter,havoc,90,44,46
Dwilk,sargeras,1850,demonhunter,havoc,102,46,56
Mizaru,moon-guard,1849,demonhunter,havoc,35,24,11
Doejah,stormrage,1838,demonhunter,havoc,50,28,22
Asdazanis,nemesis,1838,demonhunter,havoc,56,30,26
Andthrx,area-52,1837,demonhunter,havoc,125,64,61
Ökìtycoón,proudmoore,1833,demonhunter,havoc,78,45,33
Calpoot,stormscale,1831,demonhunter,havoc,41,23,18
Raiinier,sargeras,1830,demonhunter,havoc,72,45,27
Divide,tichondrius,1830,demonhunter,havoc,106,58,48
Maverzz,area-52,1828,demonhunter,havoc,35,20,15
Takagi,kirin-tor,1828,demonhunter,havoc,221,120,101
Mevadow,bleeding-hollow,1827,demonhunter,havoc,96,44,52
Migey,thrall,1825,demonhunter,havoc,112,65,47
Vanarion,area-52,1825,demonhunter,havoc,84,36,48
Beerdash,area-52,1825,demonhunter,havoc,66,28,38
Dhcn,tichondrius,1823,demonhunter,havoc,35,20,15
Darkrai,area-52,1823,demonhunter,havoc,132,73,59
Potspoon,tichondrius,1822,demonhunter,havoc,114,59,55
Monfel,dalaran,1821,demonhunter,havoc,84,54,30
Gesture,malganis,1820,demonhunter,havoc,112,72,40
Karonisam,dalaran,1820,demonhunter,havoc,61,32,29
ßöb,aggramar,1820,demonhunter,havoc,48,22,26
Rosinanta,malygos,1818,demonhunter,havoc,86,46,40
Axalark,nemesis,1817,demonhunter,havoc,42,23,19
Busting,tichondrius,1814,demonhunter,havoc,42,20,22
Rufio,nesingwary,1813,demonhunter,havoc,54,25,29
Eldiablaso,malganis,1812,demonhunter,havoc,36,19,17
Lucifèr,uther,1812,demonhunter,havoc,59,28,31
Failtimeboat,terenas,1811,demonhunter,havoc,56,32,24
Joshallen,malganis,1811,demonhunter,havoc,90,46,44
Tømåtøgøðx,sargeras,1811,demonhunter,havoc,138,69,69
Tyskeram,bleeding-hollow,1810,demonhunter,havoc,81,47,34
Griphunt,tichondrius,1810,demonhunter,havoc,112,59,53
Feldarath,sargeras,1807,demonhunter,havoc,133,76,57
Bitcoingodx,tichondrius,1804,demonhunter,havoc,78,47,31
Fruitbatx,tichondrius,1802,demonhunter,havoc,90,44,46
Dewk,ghostlands,1801,demonhunter,havoc,57,29,28
Thânatøs,nemesis,1801,demonhunter,havoc,69,35,34
Icecokelime,black-dragonflight,1800,demonhunter,havoc,38,20,18
Deathbladezx,tichondrius,1800,demonhunter,havoc,47,23,24
Ruffolina,azralon,1799,demonhunter,havoc,145,83,62
Donaldjr,area-52,1798,demonhunter,havoc,69,42,27
Nuktukdh,moon-guard,1791,demonhunter,havoc,68,30,38
Ystkz,tichondrius,1790,demonhunter,havoc,69,36,33
Bigbadmad,stormrage,1785,demonhunter,havoc,96,48,48
Oddblindguy,area-52,1777,demonhunter,havoc,30,22,8
Helenquinn,kelthuzad,1773,demonhunter,havoc,60,39,21
Brotherz,tichondrius,1771,demonhunter,havoc,83,39,44
Stellartv,tichondrius,1765,demonhunter,havoc,68,33,35
Crittic,thrall,1764,demonhunter,havoc,54,25,29
Garbage,illidan,1762,demonhunter,havoc,72,36,36
Skyez,moon-guard,1757,demonhunter,havoc,97,43,54
Sadgirlx,area-52,1756,demonhunter,havoc,54,28,26
Kázeshini,frostmourne,1756,demonhunter,havoc,125,60,65
Raahjxz,sargeras,1753,demonhunter,havoc,48,32,16
Zoenin,illidan,1747,demonhunter,havoc,60,26,34
Immortalsinz,dalaran,1747,demonhunter,havoc,112,48,64
Noobstaa,area-52,1745,demonhunter,havoc,48,34,14
Ðavid,firetree,1745,demonhunter,havoc,96,48,48
Lazydeamon,frostmourne,1740,demonhunter,havoc,60,26,34
Zatharas,stormrage,1738,demonhunter,havoc,86,44,42
Devotio,emerald-dream,1737,demonhunter,havoc,54,33,21
Furious,tichondrius,1737,demonhunter,havoc,48,23,25
Hoochee,lightnings-blade,1735,demonhunter,havoc,73,39,34
Firstsol,stormrage,1734,demonhunter,havoc,54,33,21
Harríson,tichondrius,1734,demonhunter,havoc,96,47,49
Wildh,stormrage,1732,demonhunter,havoc,60,33,27
Wickbeams,barthilas,1731,demonhunter,havoc,47,25,22
Thundiir,area-52,1726,demonhunter,havoc,51,26,25
Ahsref,stormrage,1726,demonhunter,havoc,48,24,24
Netherbane,azgalor,1723,demonhunter,havoc,42,22,20
Xcf,area-52,1722,demonhunter,havoc,36,18,18
Zetara,malganis,1718,demonhunter,havoc,24,18,6
Ubetterun,azralon,1718,demonhunter,havoc,99,52,47
Çhan,tichondrius,1717,demonhunter,havoc,153,79,74
Theprodigy,malganis,1715,demonhunter,havoc,48,25,23
Dayvenie,area-52,1714,demonhunter,havoc,77,40,37
Thehonor,tichondrius,1713,demonhunter,havoc,65,36,29
Airmax,tichondrius,1713,demonhunter,havoc,48,23,25
Dawgzo,thunderhorn,1711,demonhunter,havoc,48,29,19
Aetheris,bleeding-hollow,1709,demonhunter,havoc,78,34,44
Demabrak,azralon,1707,demonhunter,havoc,47,23,24
Xeylin,sargeras,1703,demonhunter,havoc,54,34,20
Gamernation,area-52,1703,demonhunter,havoc,57,29,28
Nopohunter,burning-blade,1699,demonhunter,havoc,47,31,16
Junmà,tichondrius,1699,demonhunter,havoc,60,38,22
Anihilum,zuljin,1699,demonhunter,havoc,54,34,20
Remh,bleeding-hollow,1696,demonhunter,havoc,194,99,95
Chiesa,sargeras,1695,demonhunter,havoc,34,27,7
Tendiës,tichondrius,1695,demonhunter,havoc,44,23,21
Flyudzhin,azgalor,1695,demonhunter,havoc,104,51,53
Jcosta,tichondrius,1692,demonhunter,havoc,43,20,23
Munyanyô,moon-guard,1691,demonhunter,havoc,41,26,15
Tubaki,tichondrius,1691,demonhunter,havoc,35,19,16
Speedh,area-52,1691,demonhunter,havoc,36,18,18
Deaforalive,malganis,1690,demonhunter,havoc,96,54,42
Cöcainë,stormrage,1689,demonhunter,havoc,36,24,12
Deathlex,sargeras,1688,demonhunter,havoc,48,26,22
Sicknizzle,area-52,1679,demonhunter,havoc,60,32,28
Rôsè,tichondrius,1675,demonhunter,havoc,52,30,22
Kìed,kiljaeden,1675,demonhunter,havoc,36,18,18
Hogmandh,illidan,1675,demonhunter,havoc,42,20,22
Buddyyguy,illidan,1675,demonhunter,havoc,102,45,57
Folkmagic,proudmoore,1673,demonhunter,havoc,30,18,12
Glaivediggar,barthilas,1672,demonhunter,havoc,76,34,42
Bloodhunter,exodar,1668,demonhunter,havoc,92,53,39
Lilise,kiljaeden,1665,demonhunter,havoc,51,25,26
Azinoht,ragnaros,1664,demonhunter,havoc,90,42,48
Boagz,area-52,1660,demonhunter,havoc,84,48,36
Vapegodxqt,aegwynn,1660,demonhunter,havoc,45,23,22
Nolabb,tichondrius,1659,demonhunter,havoc,72,38,34
Nadlli,bleeding-hollow,1659,demonhunter,havoc,67,32,35
Demonfarter,tichondrius,1658,demonhunter,havoc,86,47,39
Ilìdarì,zuljin,1657,demonhunter,havoc,33,20,13
Ethhunter,proudmoore,1656,demonhunter,havoc,66,31,35
Scylus,tichondrius,1655,demonhunter,havoc,42,27,15
Sáìto,arthas,1654,demonhunter,havoc,30,19,11
Azexion,malganis,1653,demonhunter,havoc,70,34,36
Ðaredevil,azralon,1650,demonhunter,havoc,36,22,14
Chîsäki,quelthalas,1649,demonhunter,havoc,75,40,35
Sarynrae,malganis,1647,demonhunter,havoc,40,21,19
Asheng,cairne,1646,demonhunter,havoc,45,22,23
Xanthalos,wyrmrest-accord,1646,demonhunter,havoc,102,48,54
Tichóndrius,tichondrius,1643,demonhunter,havoc,83,47,36
Karmakula,tichondrius,1642,demonhunter,havoc,65,34,31
Biognosis,ragnaros,1642,demonhunter,havoc,66,28,38
Sivà,tichondrius,1640,demonhunter,havoc,66,35,31
Bitskii,kelthuzad,1640,demonhunter,havoc,41,19,22
Vândel,kelthuzad,1639,demonhunter,havoc,47,22,25
Khaõs,tichondrius,1636,demonhunter,havoc,78,34,44
Needlepoint,illidan,1635,demonhunter,havoc,35,22,13
Dyllen,tichondrius,1635,demonhunter,havoc,51,30,21
Synthwäve,area-52,1634,demonhunter,havoc,36,23,13
Joric,dalaran,1634,demonhunter,havoc,48,30,18
Demoncastx,tichondrius,1632,demonhunter,havoc,83,47,36
Accidcleaves,sargeras,1632,demonhunter,havoc,48,26,22
Seraphïel,khaz-modan,1631,demonhunter,havoc,36,23,13
Mvqdh,illidan,1630,demonhunter,havoc,30,17,13
Smqkepvrpp,zuljin,1629,demonhunter,havoc,34,22,12
Cezkia,hyjal,1629,demonhunter,havoc,72,36,36
Stefdh,tichondrius,1627,demonhunter,havoc,51,23,28
Cuper,tichondrius,1623,demonhunter,havoc,72,41,31
Randomdh,zuljin,1623,demonhunter,havoc,40,21,19
Zeroheaven,stormrage,1621,demonhunter,havoc,48,19,29
Hehehaha,wyrmrest-accord,1620,demonhunter,havoc,30,20,10
Warlasher,zuljin,1615,demonhunter,havoc,114,60,54
Dingowango,illidan,1615,demonhunter,havoc,42,19,23
Bbteaa,frostmourne,1614,demonhunter,havoc,74,36,38
Taszyn,blackrock,1613,demonhunter,havoc,92,51,41
Sypï,malganis,1613,demonhunter,havoc,36,17,19
Anathørn,ragnaros,1612,demonhunter,havoc,42,23,19
Dammitbôbby,tichondrius,1609,demonhunter,havoc,103,58,45
Crixxus,zuljin,1609,demonhunter,havoc,48,20,28
Yiptaw,area-52,1608,demonhunter,havoc,55,29,26
Ferano,frostmourne,1606,demonhunter,havoc,108,50,58
Mavrush,malganis,1604,demonhunter,havoc,54,31,23
Nándÿ,tichondrius,1603,demonhunter,havoc,39,23,16
Tendies,tichondrius,1603,demonhunter,havoc,36,19,17
Ptsdh,bloodhoof,1602,demonhunter,havoc,44,25,19
Shale,gilneas,1602,demonhunter,havoc,70,35,35
Phaintx,tichondrius,1602,demonhunter,havoc,36,18,18
Ariodh,area-52,1602,demonhunter,havoc,36,17,19
Syrio,frostmourne,1601,demonhunter,havoc,101,54,47
Gjoat,tichondrius,1600,demonhunter,havoc,42,19,23
Tenthslayer,frostmourne,1598,demonhunter,havoc,30,17,13
Rekttx,area-52,1596,demonhunter,havoc,36,21,15
Vendeem,moonrunner,1594,demonhunter,havoc,62,32,30
Fellhamer,malganis,1594,demonhunter,havoc,39,18,21
Sikarnix,stormrage,1591,demonhunter,havoc,42,17,25
Reito,ragnaros,1589,demonhunter,havoc,53,29,24
Progenji,azralon,1585,demonhunter,havoc,36,21,15
ßlurr,moon-guard,1582,demonhunter,havoc,80,46,34
Jk,dreadmaul,1581,demonhunter,havoc,64,36,28
Oshinoko,area-52,1581,demonhunter,havoc,51,26,25
Supadupä,stormrage,1580,demonhunter,havoc,30,17,13
Kaelclaira,dalvengyr,1580,demonhunter,havoc,60,29,31
Jaybeezy,balnazzar,1580,demonhunter,havoc,42,18,24
Mcspicyy,tichondrius,1578,demonhunter,havoc,42,22,20
Corngodx,sargeras,1578,demonhunter,havoc,96,47,49
Ironsightsdh,dalaran,1577,demonhunter,havoc,35,19,16
Abigëil,quelthalas,1575,demonhunter,havoc,44,24,20
Mamif,korgath,1575,demonhunter,havoc,56,29,27
Kaedri,burning-blade,1575,demonhunter,havoc,80,37,43
Wsickformula,gilneas,1574,demonhunter,havoc,86,49,37
Perspirant,malganis,1571,demonhunter,havoc,35,19,16
Askvivian,sargeras,1569,demonhunter,havoc,37,21,16
Baalböski,tichondrius,1567,demonhunter,havoc,46,20,26
Kssmee,korgath,1565,demonhunter,havoc,42,23,19
Vynthar,wyrmrest-accord,1565,demonhunter,havoc,124,59,65
Sheepone,tichondrius,1564,demonhunter,havoc,24,19,5
Daymanhunter,bleeding-hollow,1562,demonhunter,havoc,53,26,27
Darkrasta,ragnaros,1562,demonhunter,havoc,78,34,44
Enfirok,duskwood,1560,demonhunter,havoc,125,67,58
Dèmonhuntèr,tichondrius,1555,demonhunter,havoc,66,34,32
Gorillidan,kelthuzad,1553,demonhunter,havoc,30,18,12
Yqpro,tichondrius,1549,demonhunter,havoc,119,62,57
Cäldo,tichondrius,1537,demonhunter,havoc,36,21,15
Xday,tichondrius,1536,demonhunter,havoc,141,70,71
Scoplyn,malfurion,1535,demonhunter,havoc,60,30,30
Thêdràïñgáñg,jubeithos,1530,demonhunter,havoc,30,16,14
Landorus,barthilas,1530,demonhunter,havoc,65,29,36
Emopidgeon,dalaran,1525,demonhunter,havoc,30,16,14
Mattdizzle,illidan,1524,demonhunter,havoc,24,17,7
Iim,tichondrius,1522,demonhunter,havoc,53,22,31
Knuckifubuck,frostwolf,1521,demonhunter,havoc,76,41,35
Ossivil,ragnaros,1516,demonhunter,havoc,72,30,42
Brútalgore,area-52,1515,demonhunter,havoc,74,39,35
Dadoftheyear,destromath,1514,demonhunter,havoc,30,18,12
Deadpixellz,illidan,1511,demonhunter,havoc,76,39,37
Obsidians,korgath,1508,demonhunter,havoc,25,17,8
Crayoz,tichondrius,1502,demonhunter,havoc,71,42,29
Jaysavage,eitrigg,1488,demonhunter,havoc,51,27,24
Varthalos,thrall,1485,demonhunter,havoc,60,38,22
Demontrue,tichondrius,1483,demonhunter,havoc,56,29,27
Dhyzz,proudmoore,1479,demonhunter,havoc,36,18,18
Feelmybush,barthilas,1478,demonhunter,havoc,60,24,36
Shyisback,area-52,1477,demonhunter,havoc,78,41,37
Gubydal,frostmourne,1473,demonhunter,havoc,29,16,13
Nooksuh,bleeding-hollow,1473,demonhunter,havoc,29,16,13
Falachio,tichondrius,1472,demonhunter,havoc,31,19,12
Zackfair,burning-legion,1470,demonhunter,havoc,81,42,39
Kegu,stormrage,1469,demonhunter,havoc,54,20,34
Gomesdhunter,azralon,1466,demonhunter,havoc,88,47,41
Mazakein,tichondrius,1462,demonhunter,havoc,30,16,14
Gohamx,illidan,1462,demonhunter,havoc,92,45,47
Eery,tichondrius,1461,demonhunter,havoc,71,35,36
Hellnkeller,tichondrius,1459,demonhunter,havoc,36,16,20
Somethingstu,sargeras,1458,demonhunter,havoc,28,18,10
Darknezzl,ragnaros,1457,demonhunter,havoc,75,33,42
Felseal,frostmourne,1456,demonhunter,havoc,53,34,19
Coohiyan,tichondrius,1455,demonhunter,havoc,30,18,12
Alli,bleeding-hollow,1454,demonhunter,havoc,49,28,21
Aiapaec,wyrmrest-accord,1454,demonhunter,havoc,101,50,51
Sciatic,area-52,1454,demonhunter,havoc,68,33,35
Grizzop,sargeras,1453,demonhunter,havoc,60,31,29
Eyecandyxo,grizzly-hills,1452,demonhunter,havoc,37,20,17
Órph,sargeras,1452,demonhunter,havoc,42,22,20
Wangasaurus,emerald-dream,1452,demonhunter,havoc,54,26,28
Bucx,barthilas,1445,demonhunter,havoc,60,36,24
Nicodine,tichondrius,1445,demonhunter,havoc,57,31,26
Macacøbrr,azralon,1445,demonhunter,havoc,47,21,26
Faphunter,illidan,1441,demonhunter,havoc,87,50,37
Ilydos,emerald-dream,1441,demonhunter,havoc,60,29,31
Henry,tichondrius,1439,demonhunter,havoc,51,31,20
Molchamp,kelthuzad,1438,demonhunter,havoc,60,27,33
Lravanal,quelthalas,1435,demonhunter,havoc,24,17,7
Fametrap,tichondrius,1435,demonhunter,havoc,24,15,9
Soyboycuck,emerald-dream,1435,demonhunter,havoc,30,15,15
Demonicfish,malganis,1432,demonhunter,havoc,36,23,13
Tharzadan,quelthalas,1431,demonhunter,havoc,33,19,14
Dridri,quelthalas,1430,demonhunter,havoc,44,21,23
Mybus,tichondrius,1429,demonhunter,havoc,72,32,40
Vlääd,ragnaros,1425,demonhunter,havoc,83,38,45
Yåkuza,daggerspine,1422,demonhunter,havoc,60,27,33
Irisand,ragnaros,1422,demonhunter,havoc,36,15,21
Moylecrumbs,stormrage,1420,demonhunter,havoc,72,35,37
Valka,emerald-dream,1417,demonhunter,havoc,88,47,41
Bremdh,thrall,1413,demonhunter,havoc,30,15,15
Genruis,area-52,1410,demonhunter,havoc,61,30,31
Softkyll,area-52,1404,demonhunter,havoc,253,133,120
Ergzydh,frostmourne,1404,demonhunter,havoc,66,29,37
Nekrosdaeva,zuljin,1402,demonhunter,havoc,37,19,18
Radamanthysi,azralon,1401,demonhunter,havoc,54,34,20
Exequion,ragnaros,1401,demonhunter,havoc,51,31,20
Yodiegang,nazgrel,1400,demonhunter,havoc,24,15,9
Nolights,area-52,1399,demonhunter,havoc,74,32,42
Tychondrius,earthen-ring,1398,demonhunter,havoc,83,39,44
Skace,jubeithos,1397,demonhunter,havoc,102,56,46
Torments,area-52,1397,demonhunter,havoc,30,15,15
Alganoth,malfurion,1396,demonhunter,havoc,54,30,24
Miroir,silvermoon,1390,demonhunter,havoc,87,43,44
Saaldh,zuljin,1389,demonhunter,havoc,29,15,14
Ranir,doomhammer,1384,demonhunter,havoc,54,23,31
Lostsoulzz,tichondrius,1383,demonhunter,havoc,45,28,17
Chromatïc,jubeithos,1382,demonhunter,havoc,54,23,31
Onewhoknox,mannoroth,1375,demonhunter,havoc,36,20,16
Petty,moon-guard,1371,demonhunter,havoc,48,28,20
Gaìjîn,barthilas,1370,demonhunter,havoc,54,28,26
Kazdh,sargeras,1367,demonhunter,havoc,48,25,23
Jellous,rivendare,1366,demonhunter,havoc,42,17,25
Furiel,quelthalas,1364,demonhunter,havoc,33,17,16
Methany,saurfang,1364,demonhunter,havoc,57,24,33
Kakster,tichondrius,1362,demonhunter,havoc,54,29,25
Ronkasprince,thunderlord,1361,demonhunter,havoc,92,41,51
Gittgudd,area-52,1359,demonhunter,havoc,22,15,7
Kúrama,tichondrius,1358,demonhunter,havoc,60,36,24
Inkubuz,sargeras,1356,demonhunter,havoc,102,53,49
Gwendanzig,zangarmarsh,1355,demonhunter,havoc,60,28,32
Hornedelf,frostmourne,1353,demonhunter,havoc,35,19,16
Metagoblin,tichondrius,1352,demonhunter,havoc,30,15,15
Sacredtree,tichondrius,1350,demonhunter,havoc,26,15,11
Krizo,frostmourne,1346,demonhunter,havoc,36,18,18
Vegan,magtheridon,1345,demonhunter,havoc,24,16,8
Exzyo,area-52,1344,demonhunter,havoc,18,14,4
Rem,stormrage,1344,demonhunter,havoc,69,37,32
Kaelidan,kelthuzad,1342,demonhunter,havoc,83,45,38
Theflurry,tichondrius,1342,demonhunter,havoc,36,14,22
Thêpunisher,ragnaros,1339,demonhunter,havoc,112,56,56
Malviciouss,tichondrius,1339,demonhunter,havoc,42,19,23
Illusiondh,tichondrius,1338,demonhunter,havoc,41,27,14
Dealer,frostmourne,1338,demonhunter,havoc,24,14,10
Rânkle,darkspear,1338,demonhunter,havoc,44,23,21
Silvs,illidan,1336,demonhunter,havoc,178,100,78
Layli,azralon,1332,demonhunter,havoc,36,21,15
Violegrace,area-52,1332,demonhunter,havoc,83,38,45
Ikilldemonz,thrall,1331,demonhunter,havoc,24,14,10
Duhan,tichondrius,1330,demonhunter,havoc,96,51,45
Kalmor,barthilas,1327,demonhunter,havoc,45,20,25
Loreney,quelthalas,1327,demonhunter,havoc,90,37,53
Xillidan,area-52,1326,demonhunter,havoc,72,46,26
Elevateztko,stormrage,1326,demonhunter,havoc,36,16,20
Ralløszek,illidan,1325,demonhunter,havoc,24,14,10
Dejay,thunderhorn,1323,demonhunter,havoc,24,16,8
Kuramou,area-52,1322,demonhunter,havoc,24,14,10
Villumninati,tichondrius,1322,demonhunter,havoc,42,22,20
Gigavlad,area-52,1317,demonhunter,havoc,30,14,16
Thechaz,bleeding-hollow,1316,demonhunter,havoc,48,32,16
Nepzz,stormrage,1315,demonhunter,havoc,36,18,18
Litzilla,thrall,1315,demonhunter,havoc,42,20,22
Ovèrrated,area-52,1315,demonhunter,havoc,70,32,38
Bjj,bonechewer,1314,demonhunter,havoc,52,29,23
Sicklyslick,frostmourne,1313,demonhunter,havoc,25,15,10
Sillyslayadk,moon-guard,1309,demonhunter,havoc,112,63,49
Alaron,wildhammer,1301,demonhunter,havoc,75,41,34
Yønkou,stormrage,1300,demonhunter,havoc,96,47,49
Belial,haomarush,1299,demonhunter,havoc,54,28,26
Rizzaarrdd,tichondrius,1296,demonhunter,havoc,104,53,51
Revvup,tichondrius,1294,demonhunter,havoc,71,33,38
Johnconnor,tichondrius,1292,demonhunter,havoc,41,14,27
Draenkz,ragnaros,1287,demonhunter,havoc,46,15,31
Swoffordsr,tichondrius,1283,demonhunter,havoc,36,17,19
Kereses,bonechewer,1282,demonhunter,havoc,36,21,15
Roughins,chogall,1278,demonhunter,havoc,51,28,23
Telrindyl,moon-guard,1269,demonhunter,havoc,69,40,29
Whataboutbob,korgath,1268,demonhunter,havoc,36,14,22
Mortiria,dalaran,1267,demonhunter,havoc,42,18,24
Tattedandfab,stormrage,1265,demonhunter,havoc,102,44,58
Diversityabc,bleeding-hollow,1262,demonhunter,havoc,66,27,39
Powertaco,tichondrius,1259,demonhunter,havoc,60,26,34
Eullz,skullcrusher,1257,demonhunter,havoc,31,14,17
Xà,sargeras,1256,demonhunter,havoc,36,14,22
Ilovenina,sargeras,1247,demonhunter,havoc,24,13,11
Wowcoldcold,barthilas,1247,demonhunter,havoc,24,13,11
Gènji,tichondrius,1246,demonhunter,havoc,24,13,11
Madepp,tichondrius,1246,demonhunter,havoc,30,13,17
Onlypain,korgath,1246,demonhunter,havoc,36,15,21
Deathsweep,tichondrius,1244,demonhunter,havoc,24,13,11
Alizqt,ragnaros,1244,demonhunter,havoc,24,13,11
Baejuhyun,kiljaeden,1243,demonhunter,havoc,24,16,8
Pythongodx,azralon,1243,demonhunter,havoc,24,13,11
Nichousha,tichondrius,1243,demonhunter,havoc,24,13,11
Skilla,frostmourne,1242,demonhunter,havoc,70,34,36
Halftruth,stormrage,1242,demonhunter,havoc,34,15,19
Decoi,tichondrius,1241,demonhunter,havoc,24,13,11
Dashxo,tichondrius,1240,demonhunter,havoc,24,13,11
Xein,khazgoroth,1240,demonhunter,havoc,54,21,33
Tydriedian,dalaran,1239,demonhunter,havoc,18,13,5
Narandra,malganis,1239,demonhunter,havoc,36,13,23
Scriptyscrip,dark-iron,1238,demonhunter,havoc,42,13,29
Alast,emerald-dream,1237,demonhunter,havoc,30,13,17
Zétta,area-52,1236,demonhunter,havoc,24,13,11
Sikäria,malganis,1229,demonhunter,havoc,24,13,11
Demonbane,moon-guard,1227,demonhunter,havoc,42,21,21
Creamboi,stormrage,1226,demonhunter,havoc,24,13,11
Tyredris,kelthuzad,1226,demonhunter,havoc,24,13,11
Hawkowicz,tichondrius,1226,demonhunter,havoc,139,67,72
Tezrian,earthen-ring,1221,demonhunter,havoc,24,13,11
Mårth,caelestrasz,1219,demonhunter,havoc,42,21,21
Devwillhuntu,barthilas,1216,demonhunter,havoc,80,42,38
Pilyn,ragnaros,1215,demonhunter,havoc,48,23,25
Soulsteall,tichondrius,1213,demonhunter,havoc,24,14,10
Tekkamanevil,tichondrius,1212,demonhunter,havoc,144,67,77
Keelin,ragnaros,1212,demonhunter,havoc,28,13,15
Eraticdh,illidan,1211,demonhunter,havoc,30,13,17
Bzrp,stormrage,1210,demonhunter,havoc,40,23,17
Spicywings,arthas,1209,demonhunter,havoc,42,18,24
Nomfries,malganis,1205,demonhunter,havoc,28,13,15
Raradane,illidan,1203,demonhunter,havoc,18,13,5
Superbug,quelthalas,1201,demonhunter,havoc,36,16,20
Hellspawnn,malganis,1200,demonhunter,havoc,44,24,20
Etherëäl,stormrage,1194,demonhunter,havoc,53,32,21
Fellight,bonechewer,1193,demonhunter,havoc,42,27,15
Lory,eldrethalas,1192,demonhunter,havoc,30,18,12
Ixix,proudmoore,1192,demonhunter,havoc,62,30,32
Mavèrick,thrall,1188,demonhunter,havoc,27,13,14
Erazuz,stormrage,1188,demonhunter,havoc,30,13,17
Cyberpsycho,illidan,1184,demonhunter,havoc,30,14,16
Sleepyjobe,sargeras,1183,demonhunter,havoc,16,13,3
Zématador,azralon,1183,demonhunter,havoc,72,37,35
Fenomeno,tichondrius,1182,demonhunter,havoc,28,13,15
Thedaz,frostmourne,1180,demonhunter,havoc,131,60,71
Tyrelara,durotan,1179,demonhunter,havoc,23,13,10
Glayve,emerald-dream,1178,demonhunter,havoc,85,41,44
Revean,darkspear,1176,demonhunter,havoc,42,22,20
Emeress,illidan,1174,demonhunter,havoc,29,13,16
Buzzmezaddy,bleeding-hollow,1170,demonhunter,havoc,63,28,35
Blazed,thrall,1164,demonhunter,havoc,94,46,48
Zoruv,quelthalas,1160,demonhunter,havoc,27,14,13
Xragii,kelthuzad,1152,demonhunter,havoc,24,12,12
Frostchaos,ragnaros,1151,demonhunter,havoc,18,12,6
Kioka,khaz-modan,1151,demonhunter,havoc,18,12,6
Wompo,wyrmrest-accord,1151,demonhunter,havoc,24,12,12
Nixsa,area-52,1151,demonhunter,havoc,55,25,30
Orgasmia,tichondrius,1151,demonhunter,havoc,46,13,33
Fasnk,tichondrius,1150,demonhunter,havoc,24,12,12
Kenmu,ragnaros,1150,demonhunter,havoc,24,12,12
Qixoni,emerald-dream,1150,demonhunter,havoc,30,12,18
Flirtyscythe,illidan,1149,demonhunter,havoc,24,12,12
Asmoday,warsong,1147,demonhunter,havoc,75,42,33
Littlewolfie,illidan,1146,demonhunter,havoc,24,12,12
Kaelthys,nordrassil,1145,demonhunter,havoc,18,12,6
Skinnrd,malganis,1142,demonhunter,havoc,24,12,12
Vandeste,tichondrius,1142,demonhunter,havoc,30,12,18
Kagraxxis,stormrage,1141,demonhunter,havoc,21,13,8
Torophz,azralon,1139,demonhunter,havoc,30,12,18
Pupupoo,tichondrius,1138,demonhunter,havoc,18,12,6
Gouge,hakkar,1138,demonhunter,havoc,37,20,17
Elidani,area-52,1138,demonhunter,havoc,30,12,18
Endyr,area-52,1136,demonhunter,havoc,25,12,13
Wormli,moon-guard,1133,demonhunter,havoc,24,12,12
Zévron,area-52,1132,demonhunter,havoc,24,12,12
Dyingslow,stormrage,1131,demonhunter,havoc,30,12,18
Aeonys,stormrage,1130,demonhunter,havoc,18,12,6
Ozark,barthilas,1129,demonhunter,havoc,42,25,17
Siicknote,frostmourne,1127,demonhunter,havoc,23,12,11
Ibeatrix,malorne,1124,demonhunter,havoc,24,18,6
Attritionx,sargeras,1118,demonhunter,havoc,23,13,10
Drachyn,darkspear,1118,demonhunter,havoc,29,12,17
Lilliåna,kiljaeden,1115,demonhunter,havoc,50,22,28
Ghostzface,sargeras,1114,demonhunter,havoc,36,21,15
Imjustbad,malganis,1095,demonhunter,havoc,30,18,12
Jennesis,tichondrius,1092,demonhunter,havoc,54,23,31
Spamsamich,stormscale,1087,demonhunter,havoc,47,26,21
Kelmar,stormreaver,1084,demonhunter,havoc,32,12,20
Talyethsam,shadowsong,1077,demonhunter,havoc,26,12,14
Bhuppz,frostmourne,1076,demonhunter,havoc,22,12,10
Misfortune,bloodscalp,1076,demonhunter,havoc,36,15,21
Dirtyvitus,gorefiend,1072,demonhunter,havoc,36,24,12
Esomet,stormrage,1070,demonhunter,havoc,27,15,12
Swarlee,kiljaeden,1068,demonhunter,havoc,53,25,28
Faalleen,quelthalas,1059,demonhunter,havoc,18,12,6
Syrine,veknilash,1059,demonhunter,havoc,72,41,31
Illadra,fizzcrank,1058,demonhunter,havoc,23,12,11
Mamazboy,area-52,1056,demonhunter,havoc,18,11,7
Deviljane,illidan,1056,demonhunter,havoc,18,11,7
Yaboiswift,stormrage,1056,demonhunter,havoc,24,11,13
Brbpetmycat,zuljin,1056,demonhunter,havoc,24,11,13
Thegoph,bleeding-hollow,1056,demonhunter,havoc,24,11,13
Fëlla,tanaris,1055,demonhunter,havoc,18,11,7
Larandaa,sargeras,1055,demonhunter,havoc,18,11,7
Dãnishroll,illidan,1055,demonhunter,havoc,30,11,19
Thumôss,malganis,1054,demonhunter,havoc,18,11,7
Balancedtoon,tichondrius,1054,demonhunter,havoc,18,11,7
Spicyblades,stormrage,1054,demonhunter,havoc,47,21,26
Mudßutt,malganis,1054,demonhunter,havoc,30,11,19
Häruun,quelthalas,1053,demonhunter,havoc,18,11,7
Pubelice,draenor,1053,demonhunter,havoc,18,11,7
Xavid,bleeding-hollow,1053,demonhunter,havoc,24,11,13
Naelaksa,tichondrius,1051,demonhunter,havoc,24,11,13
Messenoire,area-52,1051,demonhunter,havoc,26,11,15
Mood,stonemaul,1050,demonhunter,havoc,18,11,7
Ønsen,tichondrius,1049,demonhunter,havoc,29,11,18
Vuse,moon-guard,1048,demonhunter,havoc,24,11,13
Creamin,thrall,1047,demonhunter,havoc,18,11,7
Legäult,bleeding-hollow,1047,demonhunter,havoc,33,17,16
Callux,black-dragonflight,1047,demonhunter,havoc,30,11,19
Kellytgt,perenolde,1045,demonhunter,havoc,18,11,7
Demonslaier,dragonblight,1043,demonhunter,havoc,20,12,8
Xanthee,drakkari,1043,demonhunter,havoc,81,41,40
Cherlas,blood-furnace,1042,demonhunter,havoc,24,11,13
Rickinmorty,lightnings-blade,1041,demonhunter,havoc,18,11,7
Mursiless,drenden,1041,demonhunter,havoc,18,11,7
Blinddh,bleeding-hollow,1041,demonhunter,havoc,26,11,15
Dameon,wildhammer,1027,demonhunter,havoc,48,24,24
Chinadh,tichondrius,1022,demonhunter,havoc,23,11,12
Jënesis,illidan,1022,demonhunter,havoc,62,26,36
Demonkratoz,ragnaros,1012,demonhunter,havoc,28,11,17
Eikichi,bleeding-hollow,1009,demonhunter,havoc,54,26,28
Aryapudding,tichondrius,1007,demonhunter,havoc,23,11,12
Demonhunter,kirin-tor,1005,demonhunter,havoc,23,12,11
Seamenhunter,garrosh,1004,demonhunter,havoc,24,12,12
Brunoqt,azralon,1004,demonhunter,havoc,23,11,12
Annabow,moon-guard,993,demonhunter,havoc,48,27,21
Xxann,tichondrius,991,demonhunter,havoc,26,11,15
Churchpls,stormrage,990,demonhunter,havoc,28,11,17
Lüky,malganis,986,demonhunter,havoc,22,11,11
Kitnix,proudmoore,964,demonhunter,havoc,25,11,14
Kslicedevil,dalaran,964,demonhunter,havoc,36,15,21
Felswamp,zuljin,960,demonhunter,havoc,18,10,8
Postodesaúde,azralon,960,demonhunter,havoc,18,10,8
Lancee,zuljin,960,demonhunter,havoc,24,10,14
Ntts,tichondrius,960,demonhunter,havoc,24,10,14
Purplekuush,bleeding-hollow,959,demonhunter,havoc,18,10,8
Velravyn,moon-guard,959,demonhunter,havoc,18,10,8
Nips,lightnings-blade,959,demonhunter,havoc,18,10,8
Valerrias,area-52,959,demonhunter,havoc,18,10,8
Sourapple,barthilas,959,demonhunter,havoc,18,10,8
Apõz,tichondrius,959,demonhunter,havoc,18,10,8
Dirtbag,tichondrius,959,demonhunter,havoc,18,10,8
Sätän,malganis,959,demonhunter,havoc,18,10,8
Hoguriders,tichondrius,959,demonhunter,havoc,24,10,14
Yaety,tichondrius,958,demonhunter,havoc,18,10,8
Planeinsky,malganis,958,demonhunter,havoc,18,10,8
Zunfooki,stormrage,957,demonhunter,havoc,18,10,8
Alwaysin,zuljin,957,demonhunter,havoc,18,10,8
Randôm,kelthuzad,957,demonhunter,havoc,21,11,10
Gilberte,stormrage,957,demonhunter,havoc,24,10,14
Eugenyackle,bleeding-hollow,956,demonhunter,havoc,12,10,2
Valdiran,duskwood,956,demonhunter,havoc,24,10,14
Træt,emerald-dream,955,demonhunter,havoc,24,10,14
Jagidan,area-52,955,demonhunter,havoc,24,10,14
Xibir,amanthul,953,demonhunter,havoc,24,10,14
Larnol,moon-guard,952,demonhunter,havoc,18,10,8
Salomesalvi,proudmoore,951,demonhunter,havoc,18,10,8
Mázoku,shuhalo,951,demonhunter,havoc,20,11,9
Omgshesocute,hyjal,951,demonhunter,havoc,24,10,14
Greent,stormrage,950,demonhunter,havoc,18,10,8
Ghótam,quelthalas,950,demonhunter,havoc,24,10,14
Letzgobrandn,silvermoon,948,demonhunter,havoc,18,10,8
Demonizhe,thrall,944,demonhunter,havoc,43,22,21
Shawnchad,blood-furnace,937,demonhunter,havoc,109,54,55
Evros,tichondrius,933,demonhunter,havoc,21,11,10
Deegsdh,sargeras,932,demonhunter,havoc,27,10,17
Gozer,korialstrasz,929,demonhunter,havoc,36,12,24
Lillidum,azralon,927,demonhunter,havoc,45,21,24
Keeblerself,tichondrius,925,demonhunter,havoc,24,11,13
Imwhack,frostmane,924,demonhunter,havoc,22,10,12
Clorhídrico,quelthalas,918,demonhunter,havoc,42,18,24
Andyhunter,emerald-dream,915,demonhunter,havoc,30,16,14
Troigh,thunderlord,912,demonhunter,havoc,60,29,31
Redkin,moon-guard,908,demonhunter,havoc,17,10,7
Raenorion,kelthuzad,895,demonhunter,havoc,14,10,4
Malthazaan,stormrage,895,demonhunter,havoc,14,10,4
Rissélys,thrall,894,demonhunter,havoc,30,15,15
Vladdtepes,cairne,886,demonhunter,havoc,45,23,22
Mikiller,thrall,880,demonhunter,havoc,37,18,19
Ripchimmii,illidan,880,demonhunter,havoc,25,10,15
Blacktocki,barthilas,878,demonhunter,havoc,22,10,12
Blops,emerald-dream,877,demonhunter,havoc,24,11,13
Faarkyou,barthilas,868,demonhunter,havoc,26,10,16
Ragiixoxo,tichondrius,864,demonhunter,havoc,12,9,3
Pennyx,barthilas,864,demonhunter,havoc,12,9,3
Souliz,tichondrius,864,demonhunter,havoc,12,9,3
Ravevê,area-52,864,demonhunter,havoc,12,9,3
Brackmagik,barthilas,864,demonhunter,havoc,12,9,3
Tarro,whisperwind,864,demonhunter,havoc,18,9,9
Kalikanzar,sargeras,864,demonhunter,havoc,18,9,9
Remuko,tichondrius,864,demonhunter,havoc,18,9,9
Beerbreak,area-52,864,demonhunter,havoc,24,9,15
Giselah,malganis,864,demonhunter,havoc,24,9,15
Ripidan,stormrage,864,demonhunter,havoc,30,9,21
Subieshift,sargeras,863,demonhunter,havoc,15,10,5
Creãtuss,area-52,863,demonhunter,havoc,15,10,5
Rothdh,tichondrius,863,demonhunter,havoc,15,10,5
Orosz,bleeding-hollow,863,demonhunter,havoc,18,9,9
Jpdh,frostmourne,863,demonhunter,havoc,20,9,11
Checkmate,bleeding-hollow,863,demonhunter,havoc,24,9,15
Colinn,illidan,862,demonhunter,havoc,12,9,3
Vida,winterhoof,862,demonhunter,havoc,18,9,9
Hugehogger,boulderfist,862,demonhunter,havoc,18,9,9
Allenqt,azralon,861,demonhunter,havoc,18,9,9
Foxdie,bonechewer,861,demonhunter,havoc,18,9,9
Throniren,stormrage,861,demonhunter,havoc,18,9,9
Hellboss,dalaran,860,demonhunter,havoc,12,9,3
Bodemön,stormrage,860,demonhunter,havoc,18,9,9
Cleår,kelthuzad,859,demonhunter,havoc,18,9,9
Tickelfist,zuljin,859,demonhunter,havoc,24,9,15
Beastbringer,proudmoore,858,demonhunter,havoc,18,9,9
Flyingsky,tichondrius,855,demonhunter,havoc,12,9,3
Adryr,eredar,855,demonhunter,havoc,18,9,9
Aflex,zuljin,855,demonhunter,havoc,18,9,9
Miltonpickle,tichondrius,855,demonhunter,havoc,24,9,15
Dartanyn,tichondrius,853,demonhunter,havoc,24,9,15
Dennfear,skullcrusher,852,demonhunter,havoc,12,9,3
Drackista,stormrage,852,demonhunter,havoc,18,9,9
Hasbeen,tichondrius,847,demonhunter,havoc,15,10,5
Aussiepleb,nagrand,846,demonhunter,havoc,87,37,50
Chronicsmoke,blood-furnace,842,demonhunter,havoc,18,9,9
Wut,nemesis,824,demonhunter,havoc,36,16,20
Zachfortnite,emerald-dream,816,demonhunter,havoc,15,10,5
Antistar,emerald-dream,799,demonhunter,havoc,26,9,17
Gwîlym,area-52,794,demonhunter,havoc,14,9,5
Surkkdh,tichondrius,768,demonhunter,havoc,12,8,4
Behemod,thrall,768,demonhunter,havoc,12,8,4
Çópê,sargeras,768,demonhunter,havoc,12,8,4
Viio,proudmoore,768,demonhunter,havoc,12,8,4
Cegocruel,sargeras,768,demonhunter,havoc,13,8,5
Veilmaya,arthas,768,demonhunter,havoc,18,8,10
Raylêy,tichondrius,768,demonhunter,havoc,18,8,10
Mcgurty,illidan,768,demonhunter,havoc,18,8,10
Hoonjojjyana,tichondrius,768,demonhunter,havoc,18,8,10
Ohanadh,ragnaros,768,demonhunter,havoc,18,8,10
Rlycoolclass,zuljin,768,demonhunter,havoc,18,8,10
Killuaqt,frostmourne,768,demonhunter,havoc,18,8,10
Doomantwo,sargeras,768,demonhunter,havoc,24,8,16
Blackmvp,tichondrius,767,demonhunter,havoc,12,8,4
Xonu,sargeras,767,demonhunter,havoc,12,8,4
Ehrapist,kelthuzad,767,demonhunter,havoc,12,8,4
Sìlençe,illidan,767,demonhunter,havoc,12,8,4
Netherbird,malganis,767,demonhunter,havoc,12,8,4
Anatema,illidan,767,demonhunter,havoc,12,8,4
Hellrazer,area-52,767,demonhunter,havoc,12,8,4
Lethalblows,darkspear,767,demonhunter,havoc,15,9,6
Loadedtruck,frostmourne,766,demonhunter,havoc,12,8,4
Aedice,gurubashi,766,demonhunter,havoc,18,8,10
Lû,arthas,765,demonhunter,havoc,24,8,16
Dömönic,illidan,764,demonhunter,havoc,18,8,10
Chungg,laughing-skull,764,demonhunter,havoc,18,8,10
Cursesoul,area-52,763,demonhunter,havoc,12,8,4
Syrena,mugthol,763,demonhunter,havoc,18,8,10
Sodiaksd,quelthalas,762,demonhunter,havoc,18,8,10
Illhuntya,bonechewer,758,demonhunter,havoc,18,8,10
Covidneitor,drakkari,752,demonhunter,havoc,18,8,10
Catfood,icecrown,720,demonhunter,havoc,21,8,13
Lrianna,senjin,706,demonhunter,havoc,17,8,9
Bukwheat,thunderhorn,699,demonhunter,havoc,42,16,26
Memoryleaky,proudmoore,696,demonhunter,havoc,11,8,3
Nephxz,tichondrius,672,demonhunter,havoc,12,7,5
Sucio,khaz-modan,672,demonhunter,havoc,12,7,5
Warassassin,stormrage,672,demonhunter,havoc,12,7,5
Ariaxy,sargeras,672,demonhunter,havoc,12,7,5
Broneill,blood-furnace,672,demonhunter,havoc,12,7,5
Demonthorne,illidan,672,demonhunter,havoc,12,7,5
Smilingbomb,tichondrius,672,demonhunter,havoc,12,7,5
Dabsfordayz,zuluhed,672,demonhunter,havoc,12,7,5
Croches,tichondrius,672,demonhunter,havoc,12,7,5
Reddh,bleeding-hollow,672,demonhunter,havoc,12,7,5
Dæl,quelthalas,672,demonhunter,havoc,12,7,5
Darthwhorë,frostmane,672,demonhunter,havoc,12,7,5
Mèw,bleeding-hollow,672,demonhunter,havoc,12,7,5
Missjotab,tichondrius,672,demonhunter,havoc,12,7,5
Evelynee,illidan,672,demonhunter,havoc,12,7,5
Mustardtigër,bleeding-hollow,672,demonhunter,havoc,12,7,5
Mamadorx,azralon,672,demonhunter,havoc,12,7,5
Igotdc,tichondrius,672,demonhunter,havoc,13,7,6
Flamehunter,durotan,672,demonhunter,havoc,13,7,6
Sëlene,antonidas,672,demonhunter,havoc,15,8,7
Faceurdemons,frostmourne,672,demonhunter,havoc,18,7,11
Ídunno,kiljaeden,672,demonhunter,havoc,18,7,11
Yasuo,moon-guard,672,demonhunter,havoc,18,7,11
Billmcawsom,proudmoore,672,demonhunter,havoc,18,7,11
Dumbledor,stonemaul,672,demonhunter,havoc,18,7,11
Getpoodon,sargeras,672,demonhunter,havoc,18,7,11
Moistybreeze,frostmourne,672,demonhunter,havoc,18,7,11
Xøtourlife,malganis,672,demonhunter,havoc,24,7,17
Skyfly,stormscale,672,demonhunter,havoc,24,7,17
Gtåte,azjolnerub,672,demonhunter,havoc,24,7,17
Kwoop,tichondrius,671,demonhunter,havoc,12,7,5
Cascadingeye,emerald-dream,671,demonhunter,havoc,12,7,5
Felraven,scarlet-crusade,671,demonhunter,havoc,12,7,5
Unóhana,drakkari,671,demonhunter,havoc,12,7,5
Ogmon,tichondrius,671,demonhunter,havoc,12,7,5
Fiebzz,queldorei,671,demonhunter,havoc,12,7,5
Weedeaterr,arthas,671,demonhunter,havoc,18,7,11
Felbreak,stormrage,671,demonhunter,havoc,18,7,11
Hyphonìc,area-52,671,demonhunter,havoc,18,7,11
Ðarkone,ragnaros,671,demonhunter,havoc,24,7,17
Darthmah,illidan,670,demonhunter,havoc,12,7,5
Renshear,cenarius,670,demonhunter,havoc,12,7,5
Báléríón,area-52,670,demonhunter,havoc,12,7,5
Bijix,area-52,670,demonhunter,havoc,12,7,5
Vivas,tichondrius,670,demonhunter,havoc,18,7,11
Sylenah,hyjal,670,demonhunter,havoc,18,7,11
Endoshiva,icecrown,666,demonhunter,havoc,18,7,11
Cuint,barthilas,662,demonhunter,havoc,12,7,5
Doomhead,burning-legion,658,demonhunter,havoc,12,7,5
Luzev,thrall,657,demonhunter,havoc,12,7,5
Ripperxx,zuljin,653,demonhunter,havoc,18,7,11
Purpsquirter,stormscale,653,demonhunter,havoc,21,8,13
Lëif,stormrage,652,demonhunter,havoc,18,7,11
Pegásus,kiljaeden,639,demonhunter,havoc,10,7,3
Wuya,thrall,639,demonhunter,havoc,16,7,9
Bliqué,emerald-dream,633,demonhunter,havoc,17,7,10
Bofxo,sargeras,624,demonhunter,havoc,15,7,8
Bigtitiemilk,tichondrius,623,demonhunter,havoc,11,7,4
Gebblemon,aerie-peak,623,demonhunter,havoc,17,7,10
Thelada,illidan,621,demonhunter,havoc,15,7,8
Mqvdh,area-52,618,demonhunter,havoc,39,8,31
Galaxezz,bonechewer,612,demonhunter,havoc,15,8,7
Røllnautløw,aegwynn,607,demonhunter,havoc,8,7,1
Turecdh,illidan,607,demonhunter,havoc,14,7,7
Xiaochicken,tichondrius,607,demonhunter,havoc,14,7,7
Ashtyr,emerald-dream,576,demonhunter,havoc,6,6,0
Absinith,jubeithos,576,demonhunter,havoc,6,6,0
Cyånan,bleeding-hollow,576,demonhunter,havoc,17,10,7
Weskerz,illidan,576,demonhunter,havoc,12,6,6
Deathschosen,malganis,576,demonhunter,havoc,12,6,6
Stalkdemon,azralon,576,demonhunter,havoc,12,6,6
Trenbolognie,illidan,576,demonhunter,havoc,12,6,6
Basdminority,bleeding-hollow,576,demonhunter,havoc,12,6,6
Slapxy,illidan,576,demonhunter,havoc,12,6,6
Thunderlor,malganis,576,demonhunter,havoc,12,6,6
Moranah,tichondrius,576,demonhunter,havoc,12,6,6
Manmilker,bleeding-hollow,576,demonhunter,havoc,12,6,6
Everdh,barthilas,576,demonhunter,havoc,12,6,6
Majnun,moon-guard,576,demonhunter,havoc,12,6,6
Promitto,tichondrius,576,demonhunter,havoc,12,6,6
Niteclawla,illidan,576,demonhunter,havoc,12,6,6
Kyuno,eitrigg,576,demonhunter,havoc,12,6,6
Whatdagoof,tichondrius,576,demonhunter,havoc,12,6,6
Trillidan,mugthol,576,demonhunter,havoc,12,6,6
Pabloh,trollbane,576,demonhunter,havoc,12,6,6
Qualitycaulk,tichondrius,576,demonhunter,havoc,12,6,6
Audara,sargeras,576,demonhunter,havoc,12,6,6
Metakigai,ghostlands,576,demonhunter,havoc,12,6,6
Abadina,illidan,576,demonhunter,havoc,12,6,6
Dgj,kelthuzad,576,demonhunter,havoc,12,6,6
Solriel,malganis,576,demonhunter,havoc,12,6,6
Felontis,sargeras,576,demonhunter,havoc,12,6,6
Zyer,mannoroth,576,demonhunter,havoc,12,6,6
Ahsoka,arygos,576,demonhunter,havoc,15,7,8
Jaauk,ragnaros,576,demonhunter,havoc,16,7,9
Imaginedmg,illidan,576,demonhunter,havoc,18,6,12
Vyrai,lightbringer,576,demonhunter,havoc,18,6,12
Busta,dethecus,576,demonhunter,havoc,18,6,12
Kelan,borean-tundra,576,demonhunter,havoc,18,6,12
Abscarnage,ragnaros,576,demonhunter,havoc,18,6,12
Chabashira,tichondrius,576,demonhunter,havoc,19,6,13
Scarshine,frostmourne,576,demonhunter,havoc,24,6,18
Diizy,illidan,575,demonhunter,havoc,12,6,6
Rèlentless,moon-guard,575,demonhunter,havoc,12,6,6
Elenamarth,kiljaeden,575,demonhunter,havoc,12,6,6
Illidice,tichondrius,575,demonhunter,havoc,12,6,6
Hootyeahbou,shattered-hand,575,demonhunter,havoc,12,6,6
Durello,stormrage,575,demonhunter,havoc,12,6,6
Dandreb,draenor,575,demonhunter,havoc,12,6,6
Liquidblaze,elune,575,demonhunter,havoc,12,6,6
Veladoria,malorne,575,demonhunter,havoc,12,6,6
Smoothtaco,azshara,575,demonhunter,havoc,12,6,6
Lysol,darrowmere,575,demonhunter,havoc,12,6,6
Daiks,proudmoore,575,demonhunter,havoc,12,6,6
Felbòy,korgath,575,demonhunter,havoc,12,6,6
Tyindorin,gurubashi,575,demonhunter,havoc,12,6,6
Falaszun,aegwynn,575,demonhunter,havoc,12,6,6
Nerco,bleeding-hollow,575,demonhunter,havoc,12,6,6
Salveya,stormrage,575,demonhunter,havoc,20,6,14
Ðruh,kelthuzad,574,demonhunter,havoc,18,6,12
Lanistus,bloodhoof,570,demonhunter,havoc,18,6,12
Rampyr,terokkar,569,demonhunter,havoc,12,6,6
Kreel,ghostlands,568,demonhunter,havoc,12,6,6
Aleymar,tichondrius,568,demonhunter,havoc,12,6,6
Thjoannys,illidan,567,demonhunter,havoc,12,6,6
Riicardo,ragnaros,566,demonhunter,havoc,12,6,6
Dalmandra,arthas,559,demonhunter,havoc,11,6,5
Howller,azralon,542,demonhunter,havoc,11,6,5
Kêydën,ragnaros,541,demonhunter,havoc,10,7,3
Dhwhat,stormrage,527,demonhunter,havoc,11,6,5
Wokeaf,malganis,527,demonhunter,havoc,11,6,5
Shizune,boulderfist,525,demonhunter,havoc,11,6,5
Wickedlurker,sargeras,519,demonhunter,havoc,17,9,8
Soure,azralon,511,demonhunter,havoc,14,6,8
Neecro,frostmourne,510,demonhunter,havoc,14,6,8
Ceried,moon-guard,491,demonhunter,havoc,13,6,7
Lumh,quelthalas,480,demonhunter,havoc,6,5,1
Ottie,kelthuzad,480,demonhunter,havoc,6,5,1
Prazethesun,emerald-dream,480,demonhunter,havoc,6,5,1
Ljevilin,gilneas,480,demonhunter,havoc,6,5,1
Milfhuñter,sargeras,480,demonhunter,havoc,6,5,1
Cynthadra,frostmourne,480,demonhunter,havoc,6,5,1
Doomanone,sargeras,480,demonhunter,havoc,6,5,1
Delaían,drakkari,480,demonhunter,havoc,12,5,7
Darkglaive,ragnaros,480,demonhunter,havoc,12,5,7
Untouchèd,bleeding-hollow,480,demonhunter,havoc,12,5,7
Paypaldh,malganis,480,demonhunter,havoc,12,5,7
Roughcut,blackrock,480,demonhunter,havoc,12,5,7
Zuppashi,area-52,480,demonhunter,havoc,12,5,7
Bllackclover,zuljin,480,demonhunter,havoc,12,5,7
Bátmañ,stormrage,480,demonhunter,havoc,12,5,7
Chaosfienddh,bleeding-hollow,480,demonhunter,havoc,12,5,7
Ahurock,ragnaros,480,demonhunter,havoc,12,5,7
Chupillidan,tichondrius,480,demonhunter,havoc,12,5,7
Karmadh,malganis,480,demonhunter,havoc,12,5,7
Onbloodfam,kelthuzad,480,demonhunter,havoc,12,5,7
Harahmbae,moon-guard,480,demonhunter,havoc,12,5,7
Dontplanahea,tichondrius,480,demonhunter,havoc,12,5,7
Zlr,bleeding-hollow,480,demonhunter,havoc,12,5,7
Domeemommy,moon-guard,480,demonhunter,havoc,12,5,7
Cococat,tichondrius,480,demonhunter,havoc,12,5,7
Demondurk,illidan,480,demonhunter,havoc,12,5,7
Hippygamer,frostmourne,480,demonhunter,havoc,12,5,7
Haades,proudmoore,480,demonhunter,havoc,12,5,7
Gogungho,tichondrius,480,demonhunter,havoc,12,5,7
Køugami,azralon,480,demonhunter,havoc,12,5,7
Haax,azralon,480,demonhunter,havoc,12,5,7
Maddummy,tichondrius,480,demonhunter,havoc,12,5,7
Hyptonique,queldorei,480,demonhunter,havoc,12,5,7
Faster,tichondrius,480,demonhunter,havoc,12,5,7
Uneasydh,tichondrius,480,demonhunter,havoc,12,5,7
Oddlysimple,korgath,480,demonhunter,havoc,12,5,7
Besoween,tichondrius,480,demonhunter,havoc,12,5,7
Elchapotko,tichondrius,480,demonhunter,havoc,12,5,7
Finagel,destromath,480,demonhunter,havoc,12,5,7
Sailtheskies,tichondrius,480,demonhunter,havoc,12,5,7
Lachesix,tichondrius,480,demonhunter,havoc,12,5,7
Dàrk,zuljin,480,demonhunter,havoc,23,7,16
Soulrending,stormrage,480,demonhunter,havoc,18,5,13
Dracxus,sargeras,480,demonhunter,havoc,18,5,13
Barael,tichondrius,480,demonhunter,havoc,18,5,13
Turbochadbro,spirestone,479,demonhunter,havoc,6,5,1
Breezoo,tichondrius,479,demonhunter,havoc,6,5,1
Rytesx,moon-guard,479,demonhunter,havoc,6,5,1
Andarïel,bleeding-hollow,479,demonhunter,havoc,6,5,1
ßoobiemiles,area-52,479,demonhunter,havoc,12,5,7
Kushidari,tichondrius,479,demonhunter,havoc,12,5,7
Ënky,ragnaros,479,demonhunter,havoc,12,5,7
Fliar,black-dragonflight,479,demonhunter,havoc,12,5,7
Moxí,ragnaros,478,demonhunter,havoc,12,5,7
Kritik,goldrinn,478,demonhunter,havoc,12,5,7
Midnightlord,tichondrius,477,demonhunter,havoc,6,5,1
Mentoes,tichondrius,473,demonhunter,havoc,12,5,7
Leg,scilla,448,demonhunter,havoc,10,5,5
Mewmewkitty,tichondrius,447,demonhunter,havoc,11,5,6
Raith,khazgoroth,447,demonhunter,havoc,11,5,6
Fugabag,thrall,447,demonhunter,havoc,11,5,6
Raum,elune,443,demonhunter,havoc,8,6,2
Bogged,emerald-dream,432,demonhunter,havoc,9,5,4
Bituhvic,stormrage,431,demonhunter,havoc,11,5,6
Rhaast,executus,430,demonhunter,havoc,15,6,9
Funky,draenor,420,demonhunter,havoc,22,8,14
Wheredyougo,proudmoore,416,demonhunter,havoc,10,5,5
Blinddude,sargeras,415,demonhunter,havoc,14,5,9
Bladezues,tichondrius,415,demonhunter,havoc,14,5,9
Teenis,malygos,412,demonhunter,havoc,14,5,9
Neshaan,stormreaver,401,demonhunter,havoc,32,17,15
Theownz,stormrage,384,demonhunter,havoc,6,4,2
Tragedydh,sargeras,384,demonhunter,havoc,6,4,2
Kasseater,stormrage,384,demonhunter,havoc,6,4,2
Cloudzzy,illidan,384,demonhunter,havoc,6,4,2
Whudaz,tichondrius,384,demonhunter,havoc,6,4,2
Yågåmist,dalaran,384,demonhunter,havoc,6,4,2
Surå,tichondrius,384,demonhunter,havoc,6,4,2
Danloesh,silver-hand,384,demonhunter,havoc,6,4,2
Yukisyn,proudmoore,384,demonhunter,havoc,6,4,2
Extínctíon,moon-guard,384,demonhunter,havoc,6,4,2
Nicòrobin,dalaran,384,demonhunter,havoc,6,4,2
Nihilist,kaelthas,384,demonhunter,havoc,6,4,2
Hellmetal,quelthalas,384,demonhunter,havoc,6,4,2
Darkrëaper,azralon,384,demonhunter,havoc,6,4,2
Khaito,illidan,384,demonhunter,havoc,6,4,2
Bigdingding,area-52,384,demonhunter,havoc,6,4,2
Cupernacus,tichondrius,384,demonhunter,havoc,6,4,2
Gommademon,illidan,384,demonhunter,havoc,6,4,2
Heygriffin,proudmoore,384,demonhunter,havoc,6,4,2
Rizzle,malganis,384,demonhunter,havoc,6,4,2
Ãstoreth,quelthalas,384,demonhunter,havoc,6,4,2
Stormville,illidan,384,demonhunter,havoc,6,4,2
Spasmodiic,illidan,384,demonhunter,havoc,6,4,2
Wogarg,sargeras,384,demonhunter,havoc,6,4,2
Yuppx,tichondrius,384,demonhunter,havoc,6,4,2
Diëgo,gallywix,384,demonhunter,havoc,6,4,2
Khaosx,ragnaros,384,demonhunter,havoc,6,4,2
Déörwine,quelthalas,384,demonhunter,havoc,6,4,2
Äòégämîñg,stormrage,384,demonhunter,havoc,6,4,2
Doras,kelthuzad,384,demonhunter,havoc,6,4,2
Verasu,kiljaeden,384,demonhunter,havoc,6,4,2
Bopersdh,drakkari,384,demonhunter,havoc,6,4,2
Cromosh,quelthalas,384,demonhunter,havoc,6,4,2
Sleepyjoeb,illidan,384,demonhunter,havoc,6,4,2
Deezhuntz,anvilmar,384,demonhunter,havoc,6,4,2
Crankbaz,malganis,384,demonhunter,havoc,6,4,2
Ineptbb,frostmourne,384,demonhunter,havoc,6,4,2
Jellehx,frostmourne,384,demonhunter,havoc,6,4,2
Hypetraindh,kelthuzad,384,demonhunter,havoc,6,4,2
Intrusive,kelthuzad,384,demonhunter,havoc,6,4,2
Kêrbydh,frostmourne,384,demonhunter,havoc,6,4,2
Hordesback,illidan,384,demonhunter,havoc,6,4,2
Parabolicc,illidan,384,demonhunter,havoc,6,4,2
Kruptikos,tichondrius,384,demonhunter,havoc,12,4,8
Fenthras,thrall,384,demonhunter,havoc,12,4,8
Älönë,thrall,384,demonhunter,havoc,12,4,8
Sinhful,darkspear,384,demonhunter,havoc,12,4,8
Separate,stormrage,384,demonhunter,havoc,12,4,8
Vorlimornd,illidan,384,demonhunter,havoc,12,4,8
Contactfront,whisperwind,384,demonhunter,havoc,12,4,8
Fraxxured,proudmoore,384,demonhunter,havoc,12,4,8
Allidox,tichondrius,384,demonhunter,havoc,12,4,8
Zzatmikaze,area-52,384,demonhunter,havoc,12,4,8
Mommafingers,illidan,384,demonhunter,havoc,12,4,8
Sathsong,tichondrius,384,demonhunter,havoc,12,4,8
Felhunt,ragnaros,384,demonhunter,havoc,12,4,8
Sektõr,dalaran,384,demonhunter,havoc,12,4,8
Babahorns,dalaran,384,demonhunter,havoc,12,4,8
Temporarý,bleeding-hollow,384,demonhunter,havoc,12,4,8
Heallscrean,drakkari,384,demonhunter,havoc,12,4,8
Maisus,illidan,384,demonhunter,havoc,12,4,8
Dhsoop,tichondrius,384,demonhunter,havoc,12,4,8
Xylëm,tichondrius,384,demonhunter,havoc,12,4,8
Mikemyoffice,illidan,384,demonhunter,havoc,12,4,8
Noliaclap,sargeras,384,demonhunter,havoc,12,4,8
Rolecheck,tichondrius,384,demonhunter,havoc,12,4,8
Wherwelandin,zuljin,384,demonhunter,havoc,12,4,8
Drîp,moon-guard,384,demonhunter,havoc,12,4,8
Blackclóver,drakkari,384,demonhunter,havoc,12,4,8
Uchulu,quelthalas,384,demonhunter,havoc,12,4,8
Hàuntress,saurfang,384,demonhunter,havoc,12,4,8
Siksix,bleeding-hollow,384,demonhunter,havoc,12,4,8
Alphatoo,area-52,384,demonhunter,havoc,15,4,11
Fuujiin,tol-barad,384,demonhunter,havoc,18,4,14
Roodblurz,zuljin,384,demonhunter,havoc,18,4,14
Noobender,malganis,384,demonhunter,havoc,18,4,14
Severon,stormrage,383,demonhunter,havoc,6,4,2
Gretadumberg,area-52,383,demonhunter,havoc,6,4,2
Rarespawnjon,tichondrius,383,demonhunter,havoc,6,4,2
Demondrëad,lightbringer,383,demonhunter,havoc,9,5,4
Døffy,area-52,383,demonhunter,havoc,12,4,8
Vellinaris,zuljin,383,demonhunter,havoc,12,4,8
Slaytan,darkspear,383,demonhunter,havoc,12,4,8
Çherrii,moon-guard,382,demonhunter,havoc,6,4,2
Xiin,cenarion-circle,382,demonhunter,havoc,12,4,8
Saladuoduo,illidan,382,demonhunter,havoc,12,4,8
Bckzy,sargeras,381,demonhunter,havoc,12,4,8
Grolschen,proudmoore,379,demonhunter,havoc,12,4,8
Findoratoqc,darrowmere,351,demonhunter,havoc,11,4,7
Backtolumby,bleeding-hollow,336,demonhunter,havoc,9,4,5
Xiruu,area-52,336,demonhunter,havoc,15,5,10
Deadlysin,dragonmaw,336,demonhunter,havoc,15,4,11
Fingerjamsx,area-52,335,demonhunter,havoc,11,4,7
Criyn,kelthuzad,330,demonhunter,havoc,17,5,12
Rivent,dethecus,319,demonhunter,havoc,14,4,10
Gibbz,wyrmrest-accord,304,demonhunter,havoc,11,5,6
Baka,grizzly-hills,288,demonhunter,havoc,6,3,3
Xxsozin,skullcrusher,288,demonhunter,havoc,6,3,3
Thunderrbolt,illidan,288,demonhunter,havoc,6,3,3
Dzdh,stormrage,288,demonhunter,havoc,6,3,3
Ragiidh,tichondrius,288,demonhunter,havoc,6,3,3
Feldumper,illidan,288,demonhunter,havoc,6,3,3
Bogdan,azjolnerub,288,demonhunter,havoc,6,3,3
Asukaxox,illidan,288,demonhunter,havoc,6,3,3
Touched,guldan,288,demonhunter,havoc,6,3,3
Ziyutomioka,moon-guard,288,demonhunter,havoc,6,3,3
Thickgary,illidan,288,demonhunter,havoc,6,3,3
Ylydary,ragnaros,288,demonhunter,havoc,6,3,3
Bammski,tichondrius,288,demonhunter,havoc,6,3,3
Ravack,stormrage,288,demonhunter,havoc,6,3,3
Sloôtybag,tichondrius,288,demonhunter,havoc,6,3,3
Smokepurppx,zuljin,288,demonhunter,havoc,6,3,3
Dettlaff,sentinels,288,demonhunter,havoc,6,3,3
Cassadega,sargeras,288,demonhunter,havoc,6,3,3
Verå,tichondrius,288,demonhunter,havoc,6,3,3
Inva,stormrage,288,demonhunter,havoc,6,3,3
Rhynóe,illidan,288,demonhunter,havoc,6,3,3
Adycatt,illidan,288,demonhunter,havoc,6,3,3
Slodeath,zuljin,288,demonhunter,havoc,6,3,3
Zalenn,whisperwind,288,demonhunter,havoc,6,3,3
Aslowbust,tichondrius,288,demonhunter,havoc,6,3,3
Mèrlyn,sargeras,288,demonhunter,havoc,6,3,3
Onií,bleeding-hollow,288,demonhunter,havoc,6,3,3
Rákdos,illidan,288,demonhunter,havoc,6,3,3
Shacco,bleeding-hollow,288,demonhunter,havoc,6,3,3
Treyydh,illidan,288,demonhunter,havoc,6,3,3
Cocomeld,tichondrius,288,demonhunter,havoc,6,3,3
Feltini,whisperwind,288,demonhunter,havoc,6,3,3
Bossdh,zuljin,288,demonhunter,havoc,6,3,3
Gnatman,skywall,288,demonhunter,havoc,6,3,3
Orsova,area-52,288,demonhunter,havoc,6,3,3
Eyesyk,bonechewer,288,demonhunter,havoc,6,3,3
Arlequhin,ragnaros,288,demonhunter,havoc,6,3,3
Talsaris,drakthul,288,demonhunter,havoc,6,3,3
Darkstein,nathrezim,288,demonhunter,havoc,6,3,3
Kylíejennêr,gilneas,288,demonhunter,havoc,6,3,3
Gurthbrookz,tichondrius,288,demonhunter,havoc,6,3,3
Ocão,azralon,288,demonhunter,havoc,6,3,3
Blurblurblur,frostmourne,288,demonhunter,havoc,6,3,3
Gôôseberry,malganis,288,demonhunter,havoc,6,3,3
Sxzure,frostmourne,288,demonhunter,havoc,6,3,3
Derperhunter,kiljaeden,288,demonhunter,havoc,6,3,3
Bkeight,dalaran,288,demonhunter,havoc,6,3,3
Demonbanter,emerald-dream,288,demonhunter,havoc,6,3,3
Fracxures,area-52,288,demonhunter,havoc,6,3,3
Demønical,dalaran,288,demonhunter,havoc,6,3,3
Zurg,wyrmrest-accord,288,demonhunter,havoc,6,3,3
Wingsofhavoc,darkspear,288,demonhunter,havoc,6,3,3
Cðnstantine,barthilas,288,demonhunter,havoc,6,3,3
Kamakhasi,bleeding-hollow,288,demonhunter,havoc,6,3,3
Tink,kilrogg,288,demonhunter,havoc,6,3,3
Seabisciut,silvermoon,288,demonhunter,havoc,6,3,3
Riodh,area-52,288,demonhunter,havoc,6,3,3
Catastrophis,tichondrius,288,demonhunter,havoc,6,3,3
Rauwèrs,azralon,288,demonhunter,havoc,6,3,3
Beyondjerky,malganis,288,demonhunter,havoc,6,3,3
Zoomie,durotan,288,demonhunter,havoc,6,3,3
Fiveiq,malganis,288,demonhunter,havoc,6,3,3
Smokahontas,eredar,288,demonhunter,havoc,6,3,3
Dogcleave,area-52,288,demonhunter,havoc,6,3,3
Noóve,area-52,288,demonhunter,havoc,6,3,3
Walluped,malganis,288,demonhunter,havoc,6,3,3
Mavrii,executus,288,demonhunter,havoc,6,3,3
Velerolas,area-52,288,demonhunter,havoc,6,3,3
Darkterrôr,sargeras,288,demonhunter,havoc,9,4,5
Dhuck,nemesis,288,demonhunter,havoc,15,4,11
Trekt,blades-edge,288,demonhunter,havoc,12,3,9
Lawimmortal,tichondrius,288,demonhunter,havoc,12,3,9
Dmfeetpics,dalaran,288,demonhunter,havoc,12,3,9
Denadiirx,area-52,288,demonhunter,havoc,12,3,9
Çløûdïx,tichondrius,288,demonhunter,havoc,12,3,9
Elflerri,area-52,288,demonhunter,havoc,12,3,9
Zudo,amanthul,288,demonhunter,havoc,12,3,9
Hemmerdainz,kelthuzad,288,demonhunter,havoc,12,3,9
Atriax,kelthuzad,288,demonhunter,havoc,12,3,9
Poogzzig,tichondrius,288,demonhunter,havoc,12,3,9
Vellassa,stormscale,288,demonhunter,havoc,18,3,15
Eggandpotato,saurfang,287,demonhunter,havoc,6,3,3
Magoroth,ragnaros,287,demonhunter,havoc,6,3,3
Aliniron,illidan,287,demonhunter,havoc,6,3,3
Devilina,khadgar,287,demonhunter,havoc,6,3,3
Haydet,stormrage,287,demonhunter,havoc,6,3,3
Devc,stormrage,287,demonhunter,havoc,6,3,3
Holescrewer,tichondrius,287,demonhunter,havoc,6,3,3
Slixxk,sargeras,287,demonhunter,havoc,9,4,5
Cheriste,malganis,287,demonhunter,havoc,14,4,10
Villoria,kul-tiras,287,demonhunter,havoc,12,3,9
Rahgoul,garrosh,287,demonhunter,havoc,12,3,9
Nikator,emerald-dream,255,demonhunter,havoc,11,3,8
Vickyvette,illidan,239,demonhunter,havoc,5,3,2
Hiresol,emerald-dream,239,demonhunter,havoc,5,3,2
Vespherie,moon-guard,234,demonhunter,havoc,8,5,3
Bushwacker,azralon,223,demonhunter,havoc,8,3,5
Vessarin,madoran,223,demonhunter,havoc,8,3,5
Cobra,quelthalas,208,demonhunter,havoc,7,3,4
Onihunter,zangarmarsh,208,demonhunter,havoc,7,3,4
Critxclutch,tichondrius,192,demonhunter,havoc,4,3,1
Syrendris,moon-guard,192,demonhunter,havoc,8,3,5
Reapersauce,illidan,192,demonhunter,havoc,6,2,4
Xanthrodril,illidan,192,demonhunter,havoc,6,2,4
Zethh,drakkari,192,demonhunter,havoc,6,2,4
Spacéphoenix,stormrage,192,demonhunter,havoc,6,2,4
Sarithos,frostmourne,192,demonhunter,havoc,6,2,4
Frøppy,illidan,192,demonhunter,havoc,6,2,4
Sparklepunch,stormrage,192,demonhunter,havoc,6,2,4
Annmílls,quelthalas,192,demonhunter,havoc,6,2,4
Krador,wyrmrest-accord,192,demonhunter,havoc,6,2,4
Ossariss,moon-guard,192,demonhunter,havoc,6,2,4
Blynx,destromath,192,demonhunter,havoc,6,2,4
Mileze,area-52,192,demonhunter,havoc,6,2,4
Jozeez,emerald-dream,192,demonhunter,havoc,6,2,4
Ambitiòn,moon-guard,192,demonhunter,havoc,6,2,4
Daso,the-forgotten-coast,192,demonhunter,havoc,6,2,4
Carlibeth,illidan,192,demonhunter,havoc,6,2,4
Lillidanss,the-forgotten-coast,192,demonhunter,havoc,6,2,4
Yhell,darkspear,192,demonhunter,havoc,6,2,4
Atsudadh,illidan,192,demonhunter,havoc,6,2,4
Berquondh,tichondrius,192,demonhunter,havoc,6,2,4
Daabsdh,thrall,192,demonhunter,havoc,6,2,4
Zergedh,kiljaeden,192,demonhunter,havoc,6,2,4
Swagidan,khaz-modan,192,demonhunter,havoc,6,2,4
Renatha,ragnaros,192,demonhunter,havoc,6,2,4
Jadyne,frostmourne,192,demonhunter,havoc,6,2,4
Lilvetis,thrall,192,demonhunter,havoc,6,2,4
Ratcnt,barthilas,192,demonhunter,havoc,6,2,4
Alphmega,malganis,192,demonhunter,havoc,6,2,4
Felmilk,demon-soul,192,demonhunter,havoc,6,2,4
Freddiedread,bladefist,192,demonhunter,havoc,6,2,4
Pokoloko,twisting-nether,192,demonhunter,havoc,6,2,4
Kraazi,thrall,192,demonhunter,havoc,6,2,4
Bastaghor,stormrage,192,demonhunter,havoc,6,2,4
Gopump,area-52,192,demonhunter,havoc,6,2,4
Dkdakìng,thrall,192,demonhunter,havoc,6,2,4
Gravelot,quelthalas,192,demonhunter,havoc,6,2,4
Dirtydone,area-52,192,demonhunter,havoc,6,2,4
Xannaa,illidan,192,demonhunter,havoc,6,2,4
Sodí,moon-guard,192,demonhunter,havoc,6,2,4
Daracu,aerie-peak,192,demonhunter,havoc,6,2,4
Wartornx,tichondrius,192,demonhunter,havoc,6,2,4
Wreckforce,blades-edge,192,demonhunter,havoc,6,2,4
Badservice,frostwolf,192,demonhunter,havoc,6,2,4
Firesworn,zuljin,192,demonhunter,havoc,6,2,4
Pariah,saurfang,192,demonhunter,havoc,6,2,4
Falan,drakthul,192,demonhunter,havoc,6,2,4
Tdmturbo,zuluhed,192,demonhunter,havoc,6,2,4
Morgoph,burning-legion,192,demonhunter,havoc,6,2,4
Lilyanie,stormrage,192,demonhunter,havoc,6,2,4
Itachiix,sargeras,192,demonhunter,havoc,6,2,4
Ragath,bonechewer,192,demonhunter,havoc,6,2,4
Telmordrin,azralon,192,demonhunter,havoc,6,2,4
Kayanson,azralon,192,demonhunter,havoc,6,2,4
Azuki,lightbringer,192,demonhunter,havoc,6,2,4
Cryolite,sargeras,192,demonhunter,havoc,6,2,4
Devilweef,whisperwind,192,demonhunter,havoc,6,2,4
Frino,steamwheedle-cartel,192,demonhunter,havoc,6,2,4
Texts,norgannon,192,demonhunter,havoc,6,2,4
Arkynth,dalaran,192,demonhunter,havoc,6,2,4
Rykko,borean-tundra,192,demonhunter,havoc,6,2,4
Aleta,firetree,192,demonhunter,havoc,6,2,4
Mäläk,zuluhed,192,demonhunter,havoc,6,2,4
Wowomg,tichondrius,192,demonhunter,havoc,6,2,4
Demonwaffle,draka,192,demonhunter,havoc,6,2,4
Lovekills,tichondrius,192,demonhunter,havoc,6,2,4
Ivexia,blackrock,192,demonhunter,havoc,6,2,4
Luana,stormscale,192,demonhunter,havoc,6,2,4
Dhibjorf,destromath,192,demonhunter,havoc,6,2,4
Qlmm,stormrage,192,demonhunter,havoc,7,2,5
Hávok,sargeras,192,demonhunter,havoc,7,2,5
Tiristra,cenarion-circle,192,demonhunter,havoc,8,2,6
Harû,tichondrius,192,demonhunter,havoc,12,2,10
Pragma,thrall,192,demonhunter,havoc,12,2,10
Âduka,illidan,192,demonhunter,havoc,12,2,10
Dangerspud,frostmourne,192,demonhunter,havoc,12,2,10
Hueylucifer,ravencrest,192,demonhunter,havoc,12,2,10
Catastroz,ragnaros,192,demonhunter,havoc,12,2,10
Hollownight,area-52,192,demonhunter,havoc,12,2,10
Sadpepe,bleeding-hollow,192,demonhunter,havoc,12,2,10
Kyska,tichondrius,192,demonhunter,havoc,12,2,10
Amdusias,darkspear,192,demonhunter,havoc,12,2,10
Anguloke,wyrmrest-accord,191,demonhunter,havoc,6,2,4
Abusedchild,dalaran,191,demonhunter,havoc,6,2,4
Wualicho,ragnaros,191,demonhunter,havoc,12,2,10
Tarasam,burning-blade,191,demonhunter,havoc,12,2,10
Feilixx,moon-guard,190,demonhunter,havoc,12,2,10
Ryoga,malganis,159,demonhunter,havoc,5,2,3
Hròðvitnir,quelthalas,138,demonhunter,havoc,8,4,4
Refused,nesingwary,138,demonhunter,havoc,11,4,7
Shanjara,sargeras,138,demonhunter,havoc,15,3,12
Xeil,zuljin,128,demonhunter,havoc,4,2,2
Elfofura,azralon,127,demonhunter,havoc,14,2,12
Painqtxo,area-52,96,demonhunter,havoc,6,1,5
Scarolol,malganis,96,demonhunter,havoc,6,1,5
Jerry,emerald-dream,96,demonhunter,havoc,6,1,5
Bümb,moon-guard,96,demonhunter,havoc,6,1,5
Mazïkeen,uther,96,demonhunter,havoc,6,1,5
Demonleàf,area-52,96,demonhunter,havoc,6,1,5
Jalet,azralon,96,demonhunter,havoc,6,1,5
Elillidan,emerald-dream,96,demonhunter,havoc,6,1,5
Chirøn,darkspear,96,demonhunter,havoc,6,1,5
Eibizoudh,sargeras,96,demonhunter,havoc,6,1,5
Kraky,nemesis,96,demonhunter,havoc,6,1,5
Ðemonhunterx,frostmourne,96,demonhunter,havoc,6,1,5
Occula,moon-guard,96,demonhunter,havoc,6,1,5
Theysuffer,scilla,96,demonhunter,havoc,6,1,5
Asharian,wyrmrest-accord,96,demonhunter,havoc,6,1,5
Doeja,illidan,96,demonhunter,havoc,6,1,5
Cidolem,area-52,96,demonhunter,havoc,6,1,5
Thedh,ragnaros,96,demonhunter,havoc,6,1,5
Illidunk,tichondrius,96,demonhunter,havoc,6,1,5
Unjusthunt,magtheridon,96,demonhunter,havoc,6,1,5
Ðemonix,tichondrius,96,demonhunter,havoc,6,1,5
Treblig,nerzhul,96,demonhunter,havoc,6,1,5
Slycerr,illidan,96,demonhunter,havoc,6,1,5
Dirtyd,dragonmaw,96,demonhunter,havoc,6,1,5
Devî,ragnaros,96,demonhunter,havoc,6,1,5
Frenchtoast,bonechewer,96,demonhunter,havoc,6,1,5
Nightsatan,stormrage,96,demonhunter,havoc,6,1,5
Itsplague,tichondrius,96,demonhunter,havoc,6,1,5
Siegfridemon,ragnaros,96,demonhunter,havoc,6,1,5
Foxzz,tichondrius,96,demonhunter,havoc,6,1,5
Angelawhite,illidan,96,demonhunter,havoc,6,1,5
Izruul,tichondrius,96,demonhunter,havoc,6,1,5
Elrr,drakkari,96,demonhunter,havoc,6,1,5
Pupariuh,illidan,96,demonhunter,havoc,6,1,5
Memslaw,tichondrius,96,demonhunter,havoc,6,1,5
Vëngêåncé,tichondrius,96,demonhunter,havoc,6,1,5
Boatsnhoze,tichondrius,96,demonhunter,havoc,6,1,5
Chris,nordrassil,96,demonhunter,havoc,6,1,5
Dhrongor,drakkari,96,demonhunter,havoc,6,1,5
Safikins,tichondrius,96,demonhunter,havoc,6,1,5
Jhinskui,drakkari,96,demonhunter,havoc,6,1,5
Finnanutt,tichondrius,96,demonhunter,havoc,6,1,5
Gil,moonrunner,96,demonhunter,havoc,6,1,5
Cantreborn,destromath,96,demonhunter,havoc,6,1,5
Irìs,blood-furnace,96,demonhunter,havoc,6,1,5
Icanmove,area-52,96,demonhunter,havoc,6,1,5
Chakan,burning-legion,96,demonhunter,havoc,6,1,5
Skylinetime,sargeras,96,demonhunter,havoc,6,1,5
Gosrend,durotan,96,demonhunter,havoc,7,1,6
Gnocchis,thrall,96,demonhunter,havoc,12,1,11
Moonsocks,proudmoore,96,demonhunter,havoc,12,1,11
Pekkora,illidan,95,demonhunter,havoc,6,1,5
Demonbluntzz,tichondrius,79,demonhunter,havoc,5,1,4
Miskiiv,malganis,79,demonhunter,havoc,5,1,4
Fellchapo,illidan,79,demonhunter,havoc,5,1,4
Polunochnaya,area-52,64,demonhunter,havoc,4,1,3
Mcthiccyy,moon-guard,64,demonhunter,havoc,4,1,3
Shadevon,wyrmrest-accord,64,demonhunter,havoc,4,1,3
Knshy,azralon,63,demonhunter,havoc,2,2,0
Aryía,stormrage,48,demonhunter,havoc,3,1,2
Unjust,darkspear,48,demonhunter,havoc,3,1,2
Raptorjèsus,azjolnerub,48,demonhunter,havoc,3,1,2
Xaryic,stormrage,42,demonhunter,havoc,16,5,11
Worcraf,ragnaros,42,demonhunter,havoc,8,2,6
Pooterjuice,shadowmoon,31,demonhunter,havoc,2,1,1
Aríes,dreadmaul,31,demonhunter,havoc,2,1,1
Lathazar,darkspear,16,demonhunter,havoc,1,1,0
Iwasright,stonemaul,1457,demonhunter,vengeance,66,31,35
Jersey,proudmoore,1091,demonhunter,vengeance,29,17,12
Agricornia,tichondrius,475,demonhunter,vengeance,12,5,7
Irisand,ragnaros,288,demonhunter,vengeance,6,3,3
Ferano,frostmourne,288,demonhunter,vengeance,6,3,3
Çherrii,moon-guard,286,demonhunter,vengeance,6,3,3
Tilltheend,illidan,239,demonhunter,vengeance,5,3,2
Asderel,zuljin,192,demonhunter,vengeance,6,2,4
Aleymar,tichondrius,96,demonhunter,vengeance,6,1,5
Grovetenderx,tichondrius,2238,druid,restoration,86,53,33
Kobaishome,tichondrius,2148,druid,restoration,119,70,49
Flóp,dalaran,2141,druid,restoration,78,43,35
Linful,tichondrius,2141,druid,restoration,179,92,87
Omkin,tichondrius,2137,druid,restoration,120,62,58
Couragé,ragnaros,2108,druid,restoration,135,68,67
Andrwceo,stormrage,2104,druid,restoration,60,37,23
Renner,zuljin,2082,druid,restoration,96,47,49
Angrygochux,tichondrius,2065,druid,restoration,131,67,64
Vers,dathremar,2037,druid,restoration,90,43,47
Shaylyne,moonrunner,2026,druid,restoration,69,41,28
Dannycarry,tichondrius,2025,druid,restoration,59,32,27
Racialmotive,illidan,2000,druid,restoration,123,70,53
Hchls,tichondrius,1996,druid,restoration,140,71,69
Liangpibro,illidan,1983,druid,restoration,61,37,24
Mengniulol,tichondrius,1966,druid,restoration,120,70,50
Pornkkimi,tichondrius,1952,druid,restoration,48,29,19
Plorenz,zuljin,1952,druid,restoration,89,51,38
Rorae,tichondrius,1950,druid,restoration,137,68,69
Sanlunainiu,tichondrius,1935,druid,restoration,172,77,95
Tizzyy,eredar,1921,druid,restoration,78,43,35
Brenden,area-52,1921,druid,restoration,72,38,34
Bestrun,tichondrius,1920,druid,restoration,66,35,31
Szwlol,tichondrius,1920,druid,restoration,274,144,130
Shiftýx,tichondrius,1905,druid,restoration,77,38,39
Davidqx,zuljin,1882,druid,restoration,42,30,12
Saxhouse,illidan,1881,druid,restoration,60,34,26
Darkenëd,dalaran,1880,druid,restoration,68,41,27
Eddí,illidan,1872,druid,restoration,64,32,32
Rindy,rexxar,1869,druid,restoration,72,37,35
Ksz,stormrage,1867,druid,restoration,42,25,17
Guqingshuang,tichondrius,1855,druid,restoration,73,35,38
Rèmix,bleeding-hollow,1847,druid,restoration,42,23,19
Oinkme,kiljaeden,1846,druid,restoration,60,30,30
Creamcow,tichondrius,1843,druid,restoration,52,28,24
Mimidelol,tichondrius,1839,druid,restoration,66,36,30
Gluesmoka,icecrown,1836,druid,restoration,54,31,23
Taiwanzz,tichondrius,1836,druid,restoration,49,25,24
Gankstanerdz,tichondrius,1835,druid,restoration,113,55,58
Reehz,stormrage,1834,druid,restoration,53,25,28
Tokesh,malganis,1830,druid,restoration,48,22,26
Bodytwisting,tichondrius,1828,druid,restoration,48,29,19
Lotiononmyd,illidan,1828,druid,restoration,135,74,61
Pvpgold,illidan,1827,druid,restoration,71,39,32
Rerolldr,firetree,1826,druid,restoration,42,24,18
Heymeow,tichondrius,1825,druid,restoration,60,24,36
Lenya,bleeding-hollow,1821,druid,restoration,63,34,29
Brendenjr,area-52,1819,druid,restoration,45,32,13
Leafowl,tichondrius,1817,druid,restoration,36,22,14
Currants,lightbringer,1815,druid,restoration,132,61,71
Taaienberg,sargeras,1814,druid,restoration,42,23,19
Geddoff,stormrage,1813,druid,restoration,81,38,43
Tunnaris,ragnaros,1811,druid,restoration,71,33,38
Kenái,nemesis,1810,druid,restoration,30,19,11
Hlchs,tichondrius,1810,druid,restoration,36,22,14
Corcovado,bleeding-hollow,1809,druid,restoration,66,31,35
Yggdrasil,ravencrest,1805,druid,restoration,65,31,34
Kayorva,gurubashi,1804,druid,restoration,47,24,23
Playstyle,stormrage,1801,druid,restoration,49,25,24
Nayko,sargeras,1801,druid,restoration,72,30,42
Ivý,shadowsong,1800,druid,restoration,41,28,13
Mengyu,tichondrius,1800,druid,restoration,64,41,23
Héisénbérg,sargeras,1800,druid,restoration,81,44,37
Jegara,auchindoun,1800,druid,restoration,137,74,63
Reizzy,sargeras,1793,druid,restoration,72,35,37
Jdown,dalaran,1772,druid,restoration,76,43,33
Kruisberg,sargeras,1769,druid,restoration,29,19,10
Sùlyvahn,tichondrius,1761,druid,restoration,57,30,27
Corbind,arthas,1739,druid,restoration,185,95,90
Surefacts,dathremar,1738,druid,restoration,40,21,19
Branchmanagr,dark-iron,1736,druid,restoration,54,23,31
Janzak,thrall,1735,druid,restoration,36,20,16
Ekr,tichondrius,1733,druid,restoration,48,24,24
Thundercast,quelthalas,1730,druid,restoration,50,28,22
Airmeodaddy,barthilas,1730,druid,restoration,44,24,20
Fattdiabetic,tichondrius,1726,druid,restoration,42,24,18
Dirtdog,uther,1719,druid,restoration,53,25,28
Drjelly,tichondrius,1707,druid,restoration,76,32,44
Zyhsul,emerald-dream,1704,druid,restoration,30,19,11
Hideurkidz,tichondrius,1699,druid,restoration,39,23,16
Facegotrake,stormrage,1698,druid,restoration,66,39,27
Pizzatimex,zuluhed,1698,druid,restoration,72,38,34
Remus,hydraxis,1696,druid,restoration,48,23,25
Socialyst,area-52,1688,druid,restoration,35,21,14
Gotheels,illidan,1685,druid,restoration,29,18,11
Flowen,spinebreaker,1684,druid,restoration,42,20,22
Treenleaves,stormrage,1675,druid,restoration,300,154,146
Thasta,blackrock,1674,druid,restoration,100,52,48
Boonsogan,tichondrius,1672,druid,restoration,36,18,18
Woshiyigede,frostmourne,1669,druid,restoration,42,19,23
Legitonedge,zuljin,1662,druid,restoration,55,30,25
Anaps,frostmourne,1656,druid,restoration,42,25,17
Zoteqt,kelthuzad,1653,druid,restoration,36,21,15
Dendrix,area-52,1653,druid,restoration,48,26,22
Addiedru,zuljin,1650,druid,restoration,45,23,22
Druidstin,tichondrius,1649,druid,restoration,162,84,78
Defteras,illidan,1647,druid,restoration,42,21,21
Animalge,sargeras,1643,druid,restoration,60,25,35
Gonimydear,proudmoore,1639,druid,restoration,108,54,54
Images,kilrogg,1638,druid,restoration,54,37,17
Birdfromtree,dalaran,1636,druid,restoration,48,26,22
Pootyleaf,daggerspine,1636,druid,restoration,60,28,32
Légz,area-52,1634,druid,restoration,94,49,45
Pawsbutton,stormrage,1629,druid,restoration,30,20,10
Nikdruidne,tichondrius,1628,druid,restoration,30,17,13
Ymy,tichondrius,1627,druid,restoration,30,17,13
Cienza,proudmoore,1625,druid,restoration,54,26,28
Acdru,tichondrius,1624,druid,restoration,54,26,28
Wolfis,malganis,1622,druid,restoration,36,20,16
Lifeboomer,ragnaros,1621,druid,restoration,37,26,11
Notpodruida,tichondrius,1621,druid,restoration,36,21,15
Kaperij,sargeras,1617,druid,restoration,30,17,13
Holydruid,tichondrius,1617,druid,restoration,36,17,19
Errane,eonar,1616,druid,restoration,85,53,32
Asmitar,illidan,1616,druid,restoration,36,22,14
Bexdru,area-52,1616,druid,restoration,206,102,104
Muhu,frostmourne,1615,druid,restoration,60,35,25
Shinjis,tichondrius,1615,druid,restoration,36,18,18
Gødriç,tichondrius,1614,druid,restoration,221,112,109
Gulperberg,sargeras,1612,druid,restoration,30,25,5
Hxm,tichondrius,1611,druid,restoration,35,17,18
Hideurchickn,tichondrius,1609,druid,restoration,36,23,13
Sanitizer,tichondrius,1607,druid,restoration,36,20,16
Fhiziod,kelthuzad,1606,druid,restoration,74,44,30
Kurrious,frostmourne,1605,druid,restoration,40,18,22
Yavannita,quelthalas,1600,druid,restoration,57,36,21
Commercii,tichondrius,1600,druid,restoration,36,19,17
Erral,malganis,1597,druid,restoration,57,26,31
Hdruid,tichondrius,1596,druid,restoration,43,25,18
Kaleaky,thrall,1595,druid,restoration,93,50,43
Naturae,spirestone,1595,druid,restoration,82,42,40
Sixthsex,tichondrius,1593,druid,restoration,83,43,40
Riiccflaiir,stormrage,1584,druid,restoration,45,28,17
Poscow,tichondrius,1583,druid,restoration,45,25,20
Cheddy,tichondrius,1582,druid,restoration,59,33,26
Ellystarry,stormrage,1578,druid,restoration,36,19,17
Meruemoo,tichondrius,1575,druid,restoration,216,113,103
Methyld,frostmourne,1574,druid,restoration,90,36,54
Duragx,bleeding-hollow,1567,druid,restoration,100,62,38
Douwantoplay,tichondrius,1567,druid,restoration,36,19,17
Arwëna,tichondrius,1566,druid,restoration,60,34,26
Zyzzema,frostmourne,1559,druid,restoration,174,82,92
Relbedo,sargeras,1558,druid,restoration,75,39,36
Manycyclones,zuluhed,1556,druid,restoration,54,27,27
Ursiiday,sargeras,1553,druid,restoration,42,19,23
Aberdare,tichondrius,1546,druid,restoration,58,37,21
Psyqobloom,dalaran,1546,druid,restoration,58,33,25
Silentbeer,frostmourne,1545,druid,restoration,144,72,72
Rizzit,wyrmrest-accord,1544,druid,restoration,170,94,76
Hayase,tichondrius,1542,druid,restoration,36,22,14
Lubbeck,stormrage,1538,druid,restoration,98,53,45
Morphiq,tichondrius,1537,druid,restoration,93,51,42
Dbk,suramar,1534,druid,restoration,72,49,23
Hravan,dentarg,1534,druid,restoration,49,26,23
Nikotser,dreadmaul,1531,druid,restoration,39,18,21
Clameo,barthilas,1529,druid,restoration,30,16,14
Selling,moon-guard,1525,druid,restoration,48,23,25
Mortqt,tichondrius,1524,druid,restoration,96,44,52
Lobsterdruid,area-52,1521,druid,restoration,24,16,8
Widescreen,burning-blade,1509,druid,restoration,209,109,100
Terkpla,ragnaros,1508,druid,restoration,53,28,25
Kimnim,tichondrius,1500,druid,restoration,106,57,49
Redpigo,tichondrius,1497,druid,restoration,36,18,18
Pëndulum,illidan,1497,druid,restoration,66,29,37
Akeven,illidan,1491,druid,restoration,66,30,36
Poliage,moon-guard,1489,druid,restoration,99,44,55
Sarrati,emerald-dream,1488,druid,restoration,158,81,77
Lilbigcow,gnomeregan,1484,druid,restoration,123,49,74
Rowlex,moon-guard,1483,druid,restoration,22,17,5
Venomgtz,laughing-skull,1477,druid,restoration,63,37,26
Cndistance,tichondrius,1476,druid,restoration,59,29,30
Growl,jubeithos,1476,druid,restoration,48,19,29
Lutein,tichondrius,1474,druid,restoration,77,31,46
Shapedance,sargeras,1469,druid,restoration,36,16,20
Bobx,kelthuzad,1467,druid,restoration,66,26,40
Unpeelable,stormrage,1460,druid,restoration,24,16,8
Volktots,bleeding-hollow,1459,druid,restoration,60,34,26
Elliar,akama,1459,druid,restoration,72,35,37
Staraborn,stormrage,1458,druid,restoration,249,135,114
Faramar,sargeras,1456,druid,restoration,35,16,19
Berzz,frostmourne,1455,druid,restoration,217,105,112
Lauramavra,azralon,1453,druid,restoration,125,70,55
Cutely,tichondrius,1452,druid,restoration,153,77,76
Verkara,stormrage,1452,druid,restoration,76,35,41
Meepø,mugthol,1451,druid,restoration,103,56,47
Busanmilk,tichondrius,1445,druid,restoration,60,29,31
Rikishi,executus,1441,druid,restoration,46,24,22
Rwi,tichondrius,1439,druid,restoration,90,46,44
Prevail,nazgrel,1438,druid,restoration,60,34,26
Jathy,area-52,1437,druid,restoration,36,15,21
Drøgbä,tichondrius,1436,druid,restoration,24,15,9
Vuru,azralon,1432,druid,restoration,72,33,39
Zrobloom,stormrage,1432,druid,restoration,36,15,21
Swiftydel,frostmourne,1431,druid,restoration,46,24,22
Sakpase,area-52,1428,druid,restoration,30,15,15
Strokingmyd,illidan,1427,druid,restoration,63,31,32
Hyne,emerald-dream,1425,druid,restoration,114,62,52
Horymory,darkspear,1423,druid,restoration,96,51,45
Haymade,sargeras,1423,druid,restoration,54,25,29
Approx,tichondrius,1423,druid,restoration,109,50,59
Dkfm,thrall,1419,druid,restoration,253,132,121
Xhoz,tichondrius,1418,druid,restoration,126,69,57
Komaner,frostmourne,1414,druid,restoration,48,21,27
Kaerrort,sargeras,1412,druid,restoration,26,15,11
Petmydeadcow,illidan,1403,druid,restoration,93,49,44
Seamandeman,sargeras,1403,druid,restoration,56,27,29
Bruujz,moon-guard,1402,druid,restoration,36,22,14
Sxlanderx,malganis,1402,druid,restoration,75,37,38
Biggucci,stonemaul,1399,druid,restoration,30,18,12
Caipirinha,tichondrius,1399,druid,restoration,29,15,14
Seizuressld,stormrage,1395,druid,restoration,81,46,35
Greylyth,moon-guard,1392,druid,restoration,42,18,24
Evokade,dalaran,1390,druid,restoration,24,15,9
Nanniel,tichondrius,1383,druid,restoration,54,24,30
Icastsmells,tichondrius,1381,druid,restoration,57,36,21
Kuwä,proudmoore,1381,druid,restoration,40,20,20
Rlzdruid,tichondrius,1380,druid,restoration,36,15,21
Okiesmokied,proudmoore,1378,druid,restoration,30,17,13
Maaui,sargeras,1374,druid,restoration,48,24,24
Farmageddon,thunderhorn,1372,druid,restoration,44,27,17
Yoshí,emerald-dream,1372,druid,restoration,39,19,20
Oobuck,kilrogg,1371,druid,restoration,75,41,34
Azshunara,moon-guard,1369,druid,restoration,84,43,41
Deamondruidz,kaelthas,1367,druid,restoration,78,31,47
Lorern,eldrethalas,1363,druid,restoration,42,20,22
Vondutch,tichondrius,1362,druid,restoration,60,24,36
Shifftycent,trollbane,1359,druid,restoration,54,26,28
Amandi,magtheridon,1358,druid,restoration,36,20,16
Meniscus,arthas,1357,druid,restoration,47,15,32
Kergai,emerald-dream,1355,druid,restoration,102,53,49
Edraen,zuljin,1355,druid,restoration,113,55,58
Onblue,tichondrius,1347,druid,restoration,38,22,16
Melbian,tichondrius,1345,druid,restoration,118,69,49
Classydruid,spinebreaker,1344,druid,restoration,116,56,60
Delody,tichondrius,1343,druid,restoration,38,23,15
Bemelerberg,sargeras,1343,druid,restoration,24,14,10
Germlol,sargeras,1342,druid,restoration,24,14,10
Soreze,kelthuzad,1341,druid,restoration,18,14,4
Qdeb,akama,1340,druid,restoration,30,14,16
Groschats,area-52,1339,druid,restoration,42,14,28
Ripberg,chogall,1338,druid,restoration,30,14,16
Cznfik,area-52,1338,druid,restoration,78,32,46
Lusam,korialstrasz,1337,druid,restoration,28,15,13
Jimjab,stormreaver,1334,druid,restoration,48,29,19
Anchunlol,tichondrius,1332,druid,restoration,36,18,18
Mudpi,illidan,1332,druid,restoration,71,34,37
Kevarcen,dalaran,1331,druid,restoration,42,20,22
Izzabelle,deathwing,1330,druid,restoration,25,16,9
Pilcosbie,stormrage,1327,druid,restoration,24,14,10
Hynz,barthilas,1327,druid,restoration,36,15,21
Vakimumu,anubarak,1322,druid,restoration,30,14,16
Joopsy,tichondrius,1321,druid,restoration,130,71,59
Youngteezy,barthilas,1319,druid,restoration,142,53,89
Zelyvia,moon-guard,1313,druid,restoration,24,14,10
Freehealjob,lightnings-blade,1313,druid,restoration,30,14,16
Kzinti,zuluhed,1312,druid,restoration,30,14,16
Girthture,tichondrius,1311,druid,restoration,59,27,32
Donnà,tichondrius,1310,druid,restoration,43,21,22
Speaks,moon-guard,1309,druid,restoration,29,15,14
Nestaballo,illidan,1308,druid,restoration,87,45,42
Arkenix,velen,1307,druid,restoration,30,14,16
Ghirox,stormrage,1306,druid,restoration,54,26,28
Skotty,hyjal,1306,druid,restoration,48,23,25
Gaawdx,illidan,1303,druid,restoration,54,25,29
Purpleleaves,stormrage,1299,druid,restoration,119,51,68
Haneulso,tichondrius,1298,druid,restoration,48,27,21
Kerrzo,frostmourne,1297,druid,restoration,24,14,10
Aaughh,sargeras,1297,druid,restoration,70,33,37
Concordya,tichondrius,1296,druid,restoration,35,23,12
Plagiarist,stormrage,1295,druid,restoration,44,20,24
Nxghtfall,tichondrius,1294,druid,restoration,116,61,55
Caustìk,malganis,1291,druid,restoration,70,38,32
Standee,sargeras,1290,druid,restoration,48,18,30
Magicrock,moon-guard,1285,druid,restoration,42,23,19
Romcom,demon-soul,1282,druid,restoration,42,25,17
Ananan,burning-blade,1282,druid,restoration,101,49,52
Hehaw,kelthuzad,1281,druid,restoration,24,14,10
Rawbacon,blackrock,1281,druid,restoration,40,15,25
Nogàrd,arygos,1279,druid,restoration,23,14,9
Amatxu,ragnaros,1278,druid,restoration,102,52,50
Zambyr,azralon,1278,druid,restoration,66,28,38
Entydruid,khazgoroth,1276,druid,restoration,29,17,12
Nanate,sargeras,1273,druid,restoration,29,17,12
Thericebags,illidan,1272,druid,restoration,161,86,75
Druinin,archimonde,1272,druid,restoration,32,14,18
Odcerberus,azralon,1267,druid,restoration,36,18,18
Tallenzz,lightninghoof,1265,druid,restoration,96,53,43
Slév,frostmourne,1263,druid,restoration,35,17,18
Lindi,kelthuzad,1257,druid,restoration,78,42,36
Longisland,quelthalas,1257,druid,restoration,65,34,31
Jacknit,illidan,1250,druid,restoration,28,15,13
Phåtkid,darkspear,1250,druid,restoration,36,15,21
Gorillagloo,area-52,1249,druid,restoration,49,25,24
Tìssuebox,malganis,1249,druid,restoration,57,25,32
Druidnim,tichondrius,1249,druid,restoration,48,15,33
Ninzor,tichondrius,1247,druid,restoration,30,13,17
Ziegey,tichondrius,1246,druid,restoration,24,13,11
Jonculler,korgath,1246,druid,restoration,54,26,28
Goosebümps,stormrage,1242,druid,restoration,24,13,11
Roen,tichondrius,1242,druid,restoration,28,14,14
Leleoceo,azralon,1239,druid,restoration,18,13,5
Healingcute,tichondrius,1239,druid,restoration,131,70,61
Kybecruz,stormrage,1239,druid,restoration,42,16,26
Feldstarx,stormrage,1238,druid,restoration,24,13,11
Moonyy,emerald-dream,1235,druid,restoration,30,13,17
Shanê,proudmoore,1233,druid,restoration,36,18,18
Veganz,moon-guard,1233,druid,restoration,145,71,74
Anotherstar,frostmourne,1233,druid,restoration,48,18,30
Svarne,kiljaeden,1232,druid,restoration,59,29,30
Whispurrz,tichondrius,1231,druid,restoration,129,70,59
Shekelsnätch,area-52,1231,druid,restoration,42,21,21
Smilax,eonar,1231,druid,restoration,71,29,42
Morphios,barthilas,1231,druid,restoration,42,17,25
Slev,frostmourne,1229,druid,restoration,24,13,11
Gladelf,sargeras,1229,druid,restoration,194,95,99
Groõt,barthilas,1228,druid,restoration,81,32,49
Clubroot,sargeras,1228,druid,restoration,36,13,23
Imakitty,aerie-peak,1226,druid,restoration,121,62,59
Carneluna,area-52,1226,druid,restoration,66,31,35
Wildwhisper,moon-guard,1225,druid,restoration,96,50,46
Druidkingdk,stormrage,1218,druid,restoration,29,18,11
Dokasaurus,lightbringer,1218,druid,restoration,30,13,17
Ännä,moon-guard,1217,druid,restoration,30,13,17
Würzel,nemesis,1210,druid,restoration,72,38,34
Ulfaren,frostmourne,1209,druid,restoration,24,15,9
Fatshift,chogall,1207,druid,restoration,60,31,29
Santiagowski,ragnaros,1207,druid,restoration,30,13,17
Suye,tichondrius,1206,druid,restoration,60,26,34
Gryel,area-52,1205,druid,restoration,72,40,32
Driftwood,bonechewer,1203,druid,restoration,42,16,26
Meôwmix,stormrage,1202,druid,restoration,24,13,11
Cuddles,moon-guard,1201,druid,restoration,137,67,70
Bikacat,kelthuzad,1200,druid,restoration,24,13,11
Katherine,moon-guard,1199,druid,restoration,108,48,60
Yakuho,proudmoore,1195,druid,restoration,26,16,10
Sweetcorn,malganis,1192,druid,restoration,40,16,24
Gossìpgoat,frostmourne,1191,druid,restoration,80,38,42
Ahylen,quelthalas,1188,druid,restoration,48,22,26
Greenvibes,drakkari,1187,druid,restoration,36,20,16
Adarindre,aerie-peak,1185,druid,restoration,93,46,47
Pawpurrazzi,moon-guard,1183,druid,restoration,17,13,4
Valeñtine,dalaran,1179,druid,restoration,78,39,39
Samerax,vashj,1177,druid,restoration,39,20,19
Hruke,illidan,1173,druid,restoration,42,17,25
Dankcentral,frostwolf,1171,druid,restoration,76,41,35
Schlotzsky,skullcrusher,1171,druid,restoration,69,37,32
Mf,stormscale,1171,druid,restoration,30,14,16
Matpd,norgannon,1165,druid,restoration,124,61,63
Sinseir,stormscale,1164,druid,restoration,58,22,36
Dobidas,tichondrius,1163,druid,restoration,30,17,13
Travys,sargeras,1163,druid,restoration,30,13,17
Yellowstone,drakthul,1162,druid,restoration,30,15,15
Cowtox,moon-guard,1160,druid,restoration,39,19,20
Lenori,vashj,1159,druid,restoration,48,24,24
Smhyle,frostmourne,1158,druid,restoration,41,21,20
Kasannaommi,sargeras,1157,druid,restoration,42,22,20
Alphalemon,ragnaros,1156,druid,restoration,51,25,26
Dchizzle,tichondrius,1156,druid,restoration,33,15,18
Xzerhos,area-52,1154,druid,restoration,139,67,72
Darksteak,tichondrius,1153,druid,restoration,39,17,22
Doah,kelthuzad,1152,druid,restoration,24,12,12
Spiritot,tichondrius,1152,druid,restoration,24,12,12
Rekelberg,sargeras,1151,druid,restoration,18,12,6
Floofi,kelthuzad,1151,druid,restoration,24,12,12
Dancesdru,area-52,1151,druid,restoration,24,12,12
Jonnygg,illidan,1151,druid,restoration,30,12,18
Vesoween,tichondrius,1150,druid,restoration,22,13,9
Enrÿu,nemesis,1149,druid,restoration,30,12,18
Mommymilkers,jubeithos,1149,druid,restoration,54,14,40
Æpex,lightnings-blade,1148,druid,restoration,30,16,14
Tondrai,malganis,1147,druid,restoration,24,12,12
Luckyslot,frostmourne,1146,druid,restoration,24,12,12
Junglefists,frostmourne,1145,druid,restoration,60,28,32
Skibbidy,boulderfist,1145,druid,restoration,33,14,19
Iambeefy,hyjal,1143,druid,restoration,153,72,81
Tyrs,aggramar,1140,druid,restoration,35,15,20
Jijunss,tichondrius,1137,druid,restoration,23,13,10
Pumma,darkspear,1134,druid,restoration,28,13,15
Foxbear,garona,1127,druid,restoration,51,33,18
Sloptoucher,barthilas,1126,druid,restoration,24,12,12
Volgoro,thrall,1124,druid,restoration,42,17,25
Hotkage,tichondrius,1120,druid,restoration,18,12,6
Höneyfang,moon-guard,1120,druid,restoration,35,23,12
Aryawilliams,area-52,1119,druid,restoration,23,12,11
Hðthead,area-52,1118,druid,restoration,54,26,28
Dimzim,lightbringer,1117,druid,restoration,24,12,12
Careless,destromath,1116,druid,restoration,24,12,12
Iheartpvp,tichondrius,1114,druid,restoration,30,15,15
Toslick,kelthuzad,1114,druid,restoration,57,23,34
Jruids,stormrage,1111,druid,restoration,36,12,24
Clawriander,barthilas,1110,druid,restoration,71,37,34
Katdog,warsong,1109,druid,restoration,33,22,11
Pmsprone,tichondrius,1109,druid,restoration,30,17,13
Chowyunfats,proudmoore,1106,druid,restoration,301,155,146
Müfasä,azralon,1106,druid,restoration,54,25,29
Maddoxi,stormrage,1106,druid,restoration,30,12,18
Sharinna,andorhal,1106,druid,restoration,38,14,24
Furfu,illidan,1104,druid,restoration,74,33,41
Elylaylalar,moon-guard,1104,druid,restoration,30,13,17
Skymund,tichondrius,1095,druid,restoration,38,19,19
Jabina,detheroc,1093,druid,restoration,54,16,38
Mcriblet,illidan,1091,druid,restoration,24,12,12
Kittne,hellscream,1089,druid,restoration,48,24,24
Rhatir,stormrage,1081,druid,restoration,47,16,31
Vollzar,sargeras,1072,druid,restoration,38,14,24
Slleep,tichondrius,1069,druid,restoration,48,25,23
Baduret,dalaran,1067,druid,restoration,19,12,7
Gimborion,stormrage,1066,druid,restoration,48,23,25
Nöches,quelthalas,1065,druid,restoration,32,12,20
Macdonah,tichondrius,1064,druid,restoration,18,13,5
Buffalobillz,lethon,1062,druid,restoration,40,25,15
Creamjr,tichondrius,1056,druid,restoration,18,11,7
Bobd,proudmoore,1056,druid,restoration,18,11,7
Whhm,burning-blade,1056,druid,restoration,24,11,13
Bigtimers,illidan,1056,druid,restoration,24,11,13
Udoyu,barthilas,1056,druid,restoration,24,11,13
Poscod,tichondrius,1055,druid,restoration,18,11,7
Vecuronium,tichondrius,1055,druid,restoration,18,11,7
Boomtastik,frostmourne,1055,druid,restoration,24,11,13
Goodhealer,akama,1054,druid,restoration,42,26,16
Áçxpërt,jubeithos,1052,druid,restoration,18,11,7
Israh,malygos,1052,druid,restoration,26,15,11
Yorch,stormrage,1052,druid,restoration,60,28,32
Chevy,onyxia,1052,druid,restoration,48,11,37
Undaunted,bloodhoof,1051,druid,restoration,24,11,13
Agranock,nazgrel,1050,druid,restoration,52,26,26
Eraticdruid,illidan,1050,druid,restoration,24,11,13
Phxburn,illidan,1050,druid,restoration,30,11,19
Eredorn,darkspear,1049,druid,restoration,24,18,6
Sodury,tichondrius,1049,druid,restoration,48,25,23
Funnydruid,frostmourne,1047,druid,restoration,36,18,18
Anothersalad,stormrage,1047,druid,restoration,48,23,25
Cratose,runetotem,1047,druid,restoration,41,17,24
Yimii,stormrage,1046,druid,restoration,18,11,7
Zadayos,aerie-peak,1044,druid,restoration,30,16,14
Druilicious,ghostlands,1043,druid,restoration,55,27,28
Feaveldin,moon-guard,1041,druid,restoration,18,11,7
Jimmycooks,tichondrius,1039,druid,restoration,18,11,7
Beladrexx,stormrage,1035,druid,restoration,30,11,19
Beefcurtâins,aggramar,1032,druid,restoration,18,11,7
Fionnbharr,ragnaros,1031,druid,restoration,76,35,41
Bindudream,frostmane,1026,druid,restoration,48,24,24
Janaki,malygos,1024,druid,restoration,30,13,17
Imcop,tichondrius,1020,druid,restoration,18,11,7
Quarantinia,arathor,1020,druid,restoration,30,16,14
Xarressian,moon-guard,1019,druid,restoration,24,11,13
Sonrius,proudmoore,1017,druid,restoration,52,25,27
Feanah,tichondrius,1017,druid,restoration,26,12,14
Rivetrix,azralon,1007,druid,restoration,103,49,54
Duducows,tichondrius,1007,druid,restoration,35,12,23
Katochi,area-52,1006,druid,restoration,30,16,14
Keladria,bleeding-hollow,1002,druid,restoration,102,55,47
Yeahhots,frostmourne,1000,druid,restoration,15,12,3
Guron,aegwynn,1000,druid,restoration,53,28,25
Mainera,sargeras,1000,druid,restoration,26,12,14
Bethemarble,sargeras,996,druid,restoration,29,16,13
Alfurr,tichondrius,994,druid,restoration,85,43,42
Ourse,frostmourne,987,druid,restoration,17,11,6
Canche,arthas,986,druid,restoration,34,19,15
Feralgød,tichondrius,985,druid,restoration,30,11,19
Lutzenberger,nemesis,984,druid,restoration,41,15,26
Lawlz,aegwynn,976,druid,restoration,24,13,11
Santicow,ragnaros,975,druid,restoration,20,11,9
Boomshorts,blackrock,968,druid,restoration,29,14,15
Chopleaf,khadgar,964,druid,restoration,78,39,39
Wiggle,stormscale,962,druid,restoration,44,21,23
Treewik,emerald-dream,961,druid,restoration,79,44,35
Salzadruid,aggramar,960,druid,restoration,12,10,2
Moldragon,crushridge,960,druid,restoration,18,10,8
Rbavny,tichondrius,960,druid,restoration,18,10,8
Hoonjojjyanx,tichondrius,959,druid,restoration,18,10,8
Garbagebutt,burning-legion,959,druid,restoration,18,10,8
Oblackbetty,illidan,959,druid,restoration,39,18,21
Bedlam,zuljin,959,druid,restoration,24,10,14
Blueclàssxx,akama,958,druid,restoration,12,10,2
Uggadruid,malganis,958,druid,restoration,18,10,8
Magzally,stormrage,958,druid,restoration,24,10,14
Lovenug,shadowsong,957,druid,restoration,24,10,14
Ñoobdruid,tichondrius,956,druid,restoration,18,10,8
Cranbérry,sargeras,956,druid,restoration,18,10,8
Vêzpêr,kelthuzad,956,druid,restoration,24,10,14
Lorca,stormrage,955,druid,restoration,12,10,2
Iheartmushu,mannoroth,955,druid,restoration,85,45,40
Pronewb,frostmourne,952,druid,restoration,12,10,2
Trolbearpig,malganis,952,druid,restoration,18,10,8
Dietmilk,sargeras,952,druid,restoration,24,11,13
Bovindickus,tichondrius,952,druid,restoration,24,10,14
Erisya,moon-guard,951,druid,restoration,18,10,8
Fortnitburgr,tichondrius,951,druid,restoration,18,10,8
Wintarz,sargeras,951,druid,restoration,30,10,20
Honeymead,wyrmrest-accord,950,druid,restoration,65,36,29
Yourka,uther,946,druid,restoration,29,15,14
Fatjoints,tichondrius,943,druid,restoration,54,18,36
Maxobviously,stormrage,942,druid,restoration,18,10,8
Kg,cenarion-circle,941,druid,restoration,28,13,15
Shiftaholic,azgalor,940,druid,restoration,33,17,16
Kitnip,proudmoore,939,druid,restoration,18,11,7
Drucaicer,quelthalas,939,druid,restoration,71,38,33
Seceru,proudmoore,938,druid,restoration,52,26,26
Kataless,sargeras,936,druid,restoration,71,37,34
Beecammy,frostmourne,930,druid,restoration,18,10,8
Cloudbreaker,duskwood,923,druid,restoration,18,10,8
Minokawa,kargath,917,druid,restoration,23,10,13
Lazypandas,silvermoon,914,druid,restoration,35,14,21
Diaks,proudmoore,900,druid,restoration,24,12,12
Hentaiboom,kiljaeden,893,druid,restoration,36,16,20
Vengaul,amanthul,892,druid,restoration,24,10,14
Theboy,dalaran,876,druid,restoration,42,13,29
Bunrÿl,thorium-brotherhood,874,druid,restoration,54,24,30
Spikeleaf,tichondrius,864,druid,restoration,12,9,3
Restokinaja,dreadmaul,864,druid,restoration,12,9,3
Hoeba,tichondrius,864,druid,restoration,12,9,3
Bridgerén,tichondrius,864,druid,restoration,12,9,3
Duo,demon-soul,864,druid,restoration,12,9,3
Ppb,illidan,864,druid,restoration,18,9,9
Mmrborrower,icecrown,864,druid,restoration,18,9,9
Ilovejuli,illidan,863,druid,restoration,12,9,3
Dabloleu,illidan,863,druid,restoration,12,9,3
Rejuvenation,kaelthas,863,druid,restoration,12,9,3
Vernaar,laughing-skull,863,druid,restoration,18,9,9
Tugginudders,illidan,863,druid,restoration,30,9,21
Pawsh,tichondrius,862,druid,restoration,12,9,3
Jentzull,tichondrius,862,druid,restoration,12,9,3
Shuffleqlol,stormrage,862,druid,restoration,12,9,3
Chocoo,thaurissan,862,druid,restoration,18,9,9
Dummedruid,illidan,862,druid,restoration,24,9,15
Alindrä,moon-guard,861,druid,restoration,18,9,9
Stetile,azralon,859,druid,restoration,18,9,9
Torofarmeon,quelthalas,854,druid,restoration,18,9,9
Faroo,azralon,854,druid,restoration,24,9,15
Moolan,bleeding-hollow,852,druid,restoration,20,11,9
Barugaf,drakkari,846,druid,restoration,19,10,9
Kanadae,thrall,846,druid,restoration,24,9,15
Uwupollo,ragnaros,846,druid,restoration,42,13,29
Draycø,tichondrius,841,druid,restoration,18,9,9
Fronkysilva,illidan,838,druid,restoration,48,19,29
Gromdruid,azralon,833,druid,restoration,54,26,28
Kittyz,wyrmrest-accord,817,druid,restoration,18,9,9
Elauria,stormreaver,804,druid,restoration,42,17,25
Xxuan,tichondrius,803,druid,restoration,56,13,43
Merawr,arygos,800,druid,restoration,16,9,7
Gypsysoul,barthilas,798,druid,restoration,17,9,8
Mcy,nerzhul,798,druid,restoration,20,9,11
Cannabull,echo-isles,794,druid,restoration,21,10,11
Stamynn,kelthuzad,789,druid,restoration,75,23,52
Sweetgreen,blackrock,783,druid,restoration,11,9,2
Redharp,proudmoore,776,druid,restoration,43,17,26
Ppbdru,tichondrius,768,druid,restoration,12,8,4
Ppm,illidan,768,druid,restoration,12,8,4
Quss,tichondrius,768,druid,restoration,12,8,4
Aljalladtv,bleeding-hollow,768,druid,restoration,12,8,4
Chinadruids,tichondrius,768,druid,restoration,12,8,4
Chinadruides,tichondrius,768,druid,restoration,12,8,4
Ayalia,saurfang,768,druid,restoration,12,8,4
Albafic,illidan,768,druid,restoration,12,8,4
Gsex,nemesis,768,druid,restoration,18,8,10
Restobaby,tichondrius,768,druid,restoration,18,8,10
Alend,alexstrasza,767,druid,restoration,12,8,4
Nerfthedruid,blackrock,767,druid,restoration,12,8,4
Maeo,drenden,767,druid,restoration,12,8,4
Înfamous,thrall,767,druid,restoration,12,8,4
Thetakeout,tichondrius,767,druid,restoration,18,8,10
Durintor,nemesis,767,druid,restoration,18,8,10
Hughcockman,tichondrius,766,druid,restoration,12,8,4
Ohhshiift,tichondrius,766,druid,restoration,18,8,10
Hedwíg,ragnaros,766,druid,restoration,24,8,16
Louisvuittón,area-52,765,druid,restoration,12,8,4
Imnotinhuman,tichondrius,765,druid,restoration,12,8,4
Slee,eredar,764,druid,restoration,12,8,4
Needabandaid,arthas,764,druid,restoration,24,8,16
Tuskdaddie,sargeras,763,druid,restoration,12,8,4
Afonso,frostmourne,763,druid,restoration,18,8,10
Studioghibli,bleeding-hollow,762,druid,restoration,12,8,4
Panacaea,windrunner,762,druid,restoration,12,8,4
Wp,proudmoore,762,druid,restoration,18,8,10
Atalìa,moon-guard,762,druid,restoration,18,8,10
Glenkair,lightnings-blade,762,druid,restoration,18,8,10
Blitzÿ,lothar,761,druid,restoration,12,8,4
Lunkz,tichondrius,760,druid,restoration,24,8,16
Aarandiel,borean-tundra,756,druid,restoration,12,8,4
Rhondarootsy,zuljin,756,druid,restoration,18,8,10
Marrana,altar-of-storms,754,druid,restoration,12,8,4
Friarpuck,nerzhul,747,druid,restoration,12,8,4
Akanx,tichondrius,735,druid,restoration,16,9,7
Ojdidnt,bleeding-hollow,720,druid,restoration,15,9,6
Rdruidchump,the-forgotten-coast,719,druid,restoration,15,9,6
Xîstance,barthilas,717,druid,restoration,23,8,15
Zoeyx,tichondrius,712,druid,restoration,13,9,4
Whiskeyblues,ursin,706,druid,restoration,24,8,16
Sharkhotzlol,frostmourne,688,druid,restoration,19,8,11
Importedalc,zuljin,678,druid,restoration,36,8,28
Treeofangels,nathrezim,672,druid,restoration,12,7,5
Crusch,shattered-halls,672,druid,restoration,12,7,5
Manzar,illidan,672,druid,restoration,12,7,5
Motate,malganis,672,druid,restoration,12,7,5
Bigdockepoch,sargeras,672,druid,restoration,12,7,5
Skitzo,akama,672,druid,restoration,12,7,5
Waxedchest,emerald-dream,672,druid,restoration,12,7,5
Hmoobforshoz,wildhammer,672,druid,restoration,12,7,5
Cameltail,kelthuzad,672,druid,restoration,12,7,5
Yungdoinkski,icecrown,672,druid,restoration,12,7,5
Razberriesz,stormrage,672,druid,restoration,12,7,5
Ddi,frostmourne,672,druid,restoration,12,7,5
Calimei,bladefist,672,druid,restoration,18,7,11
Zblmystic,tichondrius,672,druid,restoration,18,7,11
Binionsolboy,illidan,672,druid,restoration,18,7,11
Kobrah,twisting-nether,672,druid,restoration,18,7,11
Dotsbots,barthilas,672,druid,restoration,18,7,11
Tweeguy,malganis,672,druid,restoration,18,7,11
Wùúkìí,bleeding-hollow,672,druid,restoration,24,7,17
Hugharection,illidan,671,druid,restoration,12,7,5
Zthatchx,shadowmoon,671,druid,restoration,12,7,5
Treelomilo,stormrage,671,druid,restoration,12,7,5
Iâmkyle,darkspear,671,druid,restoration,12,7,5
Chixao,tichondrius,671,druid,restoration,12,7,5
Lilgee,kelthuzad,671,druid,restoration,18,7,11
Wildarumqt,tichondrius,671,druid,restoration,18,7,11
Airmíd,illidan,671,druid,restoration,30,7,23
Kyndel,kiljaeden,670,druid,restoration,12,7,5
Hellahots,spinebreaker,670,druid,restoration,12,7,5
Wreckked,sargeras,670,druid,restoration,18,7,11
Frave,dentarg,670,druid,restoration,24,7,17
Hotpocketz,kiljaeden,670,druid,restoration,28,8,20
Nayelina,stormrage,669,druid,restoration,12,7,5
Dylonomancer,tichondrius,669,druid,restoration,12,7,5
Battiatus,malganis,669,druid,restoration,18,7,11
Rockmeifucan,greymane,669,druid,restoration,24,7,17
Maggiee,arthas,669,druid,restoration,24,7,17
Sneakysoren,kelthuzad,668,druid,restoration,18,7,11
Esyiix,tichondrius,668,druid,restoration,24,7,17
Mïms,area-52,667,druid,restoration,12,7,5
Fovoss,dalaran,663,druid,restoration,12,7,5
Killari,malganis,662,druid,restoration,12,7,5
Chenxguang,tichondrius,660,druid,restoration,12,7,5
Ikova,frostmourne,650,druid,restoration,18,7,11
Gotdruid,sargeras,639,druid,restoration,14,8,6
Riddickd,malfurion,639,druid,restoration,14,8,6
Warmkitteh,kiljaeden,639,druid,restoration,17,7,10
Breathe,ysera,639,druid,restoration,28,7,21
Rígo,frostmourne,622,druid,restoration,15,8,7
Midoriiro,dentarg,612,druid,restoration,25,8,17
Milkz,zuljin,607,druid,restoration,26,7,19
Dinglebops,stormrage,604,druid,restoration,10,7,3
Treesonn,kelthuzad,584,druid,restoration,11,7,4
Dexlol,area-52,576,druid,restoration,6,6,0
Xiaoyi,tichondrius,576,druid,restoration,6,6,0
Moonpaws,frostmourne,576,druid,restoration,12,6,6
Krunks,frostmourne,576,druid,restoration,12,6,6
Kurohîme,illidan,576,druid,restoration,12,6,6
Sawajirii,tichondrius,576,druid,restoration,12,6,6
Admoney,sargeras,576,druid,restoration,12,6,6
Nodeathz,sargeras,576,druid,restoration,12,6,6
Côunsyl,silvermoon,576,druid,restoration,12,6,6
Fryy,balnazzar,576,druid,restoration,12,6,6
Dmxx,kiljaeden,576,druid,restoration,12,6,6
Afkifuthrow,ysera,576,druid,restoration,12,6,6
Acerolita,azralon,576,druid,restoration,12,6,6
Forèst,sargeras,576,druid,restoration,12,6,6
Naturenugget,sargeras,576,druid,restoration,12,6,6
Chinadruidss,tichondrius,576,druid,restoration,12,6,6
Torbock,zuljin,576,druid,restoration,12,6,6
Larryjones,alleria,576,druid,restoration,12,6,6
Daddypompum,tichondrius,576,druid,restoration,12,6,6
Bearys,area-52,576,druid,restoration,12,6,6
Asaphelps,stormrage,576,druid,restoration,12,6,6
Dirtydrood,mugthol,576,druid,restoration,12,6,6
Smeekqtwo,tichondrius,576,druid,restoration,12,6,6
Monkeyxo,kelthuzad,576,druid,restoration,12,6,6
Nomilk,illidan,576,druid,restoration,12,6,6
Xingyejingmi,tichondrius,576,druid,restoration,12,6,6
Gemo,tichondrius,576,druid,restoration,12,6,6
Hawtyforever,tichondrius,576,druid,restoration,18,6,12
Lolomas,proudmoore,576,druid,restoration,18,6,12
Cres,moon-guard,576,druid,restoration,18,6,12
Suublime,ragnaros,576,druid,restoration,18,6,12
Opim,sargeras,576,druid,restoration,18,6,12
Nerglet,aerie-peak,576,druid,restoration,24,6,18
Gosch,stormrage,575,druid,restoration,12,6,6
Clawandørder,tichondrius,575,druid,restoration,12,6,6
Noonoo,frostwolf,575,druid,restoration,12,6,6
Nrp,stormrage,575,druid,restoration,12,6,6
Flôkey,tichondrius,575,druid,restoration,12,6,6
Velauris,sargeras,575,druid,restoration,12,6,6
Kokushe,burning-legion,575,druid,restoration,12,6,6
Cinderellax,illidan,575,druid,restoration,12,6,6
Skullchief,barthilas,575,druid,restoration,16,7,9
Treynî,tichondrius,575,druid,restoration,18,6,12
Tworax,frostmourne,575,druid,restoration,18,6,12
Mithaelar,moon-guard,575,druid,restoration,18,6,12
Poutyface,sargeras,575,druid,restoration,39,7,32
Elpako,ragnaros,574,druid,restoration,6,6,0
Meonk,frostmourne,574,druid,restoration,12,6,6
Carther,korgath,574,druid,restoration,12,6,6
Astraelas,tichondrius,574,druid,restoration,12,6,6
Larc,frostwolf,574,druid,restoration,12,6,6
Aranuir,emerald-dream,574,druid,restoration,18,6,12
Brisketmre,dalaran,574,druid,restoration,36,6,30
Dhannar,proudmoore,573,druid,restoration,6,6,0
Saltyzz,tichondrius,573,druid,restoration,18,6,12
Persiancoco,area-52,572,druid,restoration,12,6,6
Modification,eonar,572,druid,restoration,12,6,6
Nightshiver,bleeding-hollow,572,druid,restoration,12,6,6
Sunneater,azuremyst,571,druid,restoration,12,6,6
Kupaloidzki,proudmoore,571,druid,restoration,12,6,6
Vdubz,blackrock,570,druid,restoration,12,6,6
Aokseer,azralon,570,druid,restoration,12,6,6
Nordway,alexstrasza,569,druid,restoration,12,6,6
Kawanishi,stormrage,567,druid,restoration,12,6,6
Lililililil,stormrage,552,druid,restoration,36,6,30
Qidzerker,arathor,544,druid,restoration,16,6,10
Cudbacrakhed,tichondrius,541,druid,restoration,20,7,13
Maen,kelthuzad,522,druid,restoration,22,7,15
Arthemisgodx,azralon,520,druid,restoration,17,10,7
Lâvazza,tichondrius,510,druid,restoration,16,6,10
Windù,azralon,488,druid,restoration,16,9,7
Bramii,illidan,480,druid,restoration,6,5,1
Nersepha,gurubashi,480,druid,restoration,6,5,1
Baruc,illidan,480,druid,restoration,6,5,1
Bopplejr,tichondrius,480,druid,restoration,6,5,1
Lucked,tichondrius,480,druid,restoration,6,5,1
Justforgame,sargeras,480,druid,restoration,6,5,1
Sevend,tichondrius,480,druid,restoration,6,5,1
Kascatm,area-52,480,druid,restoration,6,5,1
Chaníng,frostmourne,480,druid,restoration,6,5,1
Floray,tichondrius,480,druid,restoration,6,5,1
Dëmoníc,ragnaros,480,druid,restoration,6,5,1
Bigmoran,tichondrius,480,druid,restoration,6,5,1
Brëed,tichondrius,480,druid,restoration,6,5,1
Fanboy,magtheridon,480,druid,restoration,6,5,1
Teslabeam,illidan,480,druid,restoration,12,5,7
Omelet,tichondrius,480,druid,restoration,12,5,7
Jaydog,emerald-dream,480,druid,restoration,12,5,7
Washedgodx,mugthol,480,druid,restoration,12,5,7
Hotgoal,frostmourne,480,druid,restoration,12,5,7
Greeneguy,thrall,480,druid,restoration,12,5,7
Rapttors,zuljin,480,druid,restoration,12,5,7
Judar,barthilas,480,druid,restoration,12,5,7
Wildsïde,tichondrius,480,druid,restoration,12,5,7
Ppbtw,illidan,480,druid,restoration,12,5,7
Zemul,ragnaros,480,druid,restoration,12,5,7
Shartah,zuljin,480,druid,restoration,12,5,7
Moonfannia,malganis,480,druid,restoration,12,5,7
Mâckdâddy,kul-tiras,480,druid,restoration,12,5,7
Lukass,tichondrius,480,druid,restoration,12,5,7
Twentyfour,laughing-skull,480,druid,restoration,12,5,7
Hudada,emerald-dream,480,druid,restoration,12,5,7
Lissette,thrall,480,druid,restoration,12,5,7
Lookhowirun,emerald-dream,480,druid,restoration,12,5,7
Guavajuice,stormrage,480,druid,restoration,16,5,11
Bumbleebee,azralon,480,druid,restoration,18,5,13
Hgoo,tichondrius,480,druid,restoration,18,5,13
Djimbo,kelthuzad,480,druid,restoration,18,5,13
Queiq,malganis,479,druid,restoration,6,5,1
Forest,frostmourne,479,druid,restoration,12,5,7
Dunedaddy,silvermoon,479,druid,restoration,12,5,7
Murkkd,tichondrius,479,druid,restoration,12,5,7
Tyrantha,emerald-dream,479,druid,restoration,12,5,7
Jamona,cenarius,479,druid,restoration,12,5,7
Olegoatjames,darkspear,478,druid,restoration,13,6,7
Natruid,sargeras,478,druid,restoration,12,5,7
Rònaldò,drakthul,478,druid,restoration,12,5,7
Bloodyhoofs,malganis,478,druid,restoration,12,5,7
Pachacamac,dragonmaw,478,druid,restoration,12,5,7
Bäñgarang,tichondrius,478,druid,restoration,12,5,7
Nugren,thrall,478,druid,restoration,24,5,19
Scheppke,bleeding-hollow,477,druid,restoration,12,5,7
Baha,azralon,477,druid,restoration,18,5,13
Wraiven,elune,477,druid,restoration,18,5,13
Kaldrago,detheroc,476,druid,restoration,12,5,7
Phlap,zuljin,476,druid,restoration,12,5,7
Judwen,grizzly-hills,475,druid,restoration,18,5,13
Bobruid,nagrand,469,druid,restoration,19,9,10
Xiaoddi,tichondrius,463,druid,restoration,11,5,6
Semangarbage,tichondrius,457,druid,restoration,15,8,7
Ekj,tichondrius,447,druid,restoration,8,6,2
Movom,tichondrius,447,druid,restoration,11,5,6
Kellogs,malganis,447,druid,restoration,11,5,6
Bigelbows,area-52,432,druid,restoration,15,6,9
Qij,eonar,431,druid,restoration,11,5,6
Gankstababy,tichondrius,426,druid,restoration,20,6,14
Indicahigh,moon-guard,424,druid,restoration,16,7,9
Elvishchamp,mugthol,415,druid,restoration,12,5,7
Oongadunga,tichondrius,415,druid,restoration,14,5,9
Doomky,area-52,384,druid,restoration,6,4,2
Armorkits,area-52,384,druid,restoration,6,4,2
Shroomdealer,kelthuzad,384,druid,restoration,6,4,2
Èmax,barthilas,384,druid,restoration,6,4,2
Dzone,tichondrius,384,druid,restoration,6,4,2
Joeyshiftz,blackrock,384,druid,restoration,6,4,2
Heniuhojia,tichondrius,384,druid,restoration,6,4,2
Kushkilla,malganis,384,druid,restoration,6,4,2
Nøbuchi,kelthuzad,384,druid,restoration,6,4,2
Drazibaz,thrall,384,druid,restoration,6,4,2
Memoryleaks,proudmoore,384,druid,restoration,6,4,2
Cheddastov,illidan,384,druid,restoration,6,4,2
Zbh,tichondrius,384,druid,restoration,6,4,2
Yoona,kiljaeden,384,druid,restoration,6,4,2
Terokky,azralon,384,druid,restoration,6,4,2
Druidlstrudl,moon-guard,384,druid,restoration,6,4,2
Tigranesia,proudmoore,384,druid,restoration,6,4,2
Someshta,sargeras,384,druid,restoration,6,4,2
Lylek,azshara,384,druid,restoration,6,4,2
Treesh,kelthuzad,384,druid,restoration,6,4,2
Bearkîng,stormrage,384,druid,restoration,6,4,2
Erû,ragnaros,384,druid,restoration,6,4,2
Metaindexqt,quelthalas,384,druid,restoration,6,4,2
Êhurricane,dalaran,384,druid,restoration,6,4,2
Bwaccowi,sargeras,384,druid,restoration,12,4,8
Spacaa,kelthuzad,384,druid,restoration,12,4,8
Mkat,illidan,384,druid,restoration,12,4,8
Nocup,illidan,384,druid,restoration,12,4,8
Bumbally,illidan,384,druid,restoration,12,4,8
Hotrecki,kelthuzad,384,druid,restoration,12,4,8
Tofumation,gorgonnash,384,druid,restoration,12,4,8
Momorabbitd,tichondrius,384,druid,restoration,12,4,8
Guybranch,illidan,384,druid,restoration,12,4,8
Kaboomy,moon-guard,384,druid,restoration,12,4,8
Mastahskills,illidan,384,druid,restoration,12,4,8
Flompstomper,skullcrusher,384,druid,restoration,12,4,8
Weedmunchies,kelthuzad,384,druid,restoration,12,4,8
Brittanychan,sargeras,384,druid,restoration,12,4,8
Mastabtw,illidan,384,druid,restoration,12,4,8
Lifebloomlol,area-52,384,druid,restoration,12,4,8
Leatherpig,proudmoore,384,druid,restoration,12,4,8
Polyester,frostmourne,384,druid,restoration,12,4,8
Metaphysìcs,kelthuzad,384,druid,restoration,12,4,8
Thebutterboy,stormrage,384,druid,restoration,12,4,8
Flyshles,frostmourne,384,druid,restoration,12,4,8
Sleepypaws,silvermoon,384,druid,restoration,12,4,8
Chickenwings,ragnaros,384,druid,restoration,12,4,8
Lillenan,illidan,384,druid,restoration,12,4,8
Diglit,malganis,384,druid,restoration,12,4,8
Ohioman,bleeding-hollow,384,druid,restoration,12,4,8
Tarvosx,thrall,384,druid,restoration,18,4,14
Theboyz,zuljin,383,druid,restoration,6,4,2
Bryle,kiljaeden,383,druid,restoration,6,4,2
Zelara,kilrogg,383,druid,restoration,12,4,8
Pahrump,stormrage,383,druid,restoration,12,4,8
Nightflow,emerald-dream,383,druid,restoration,12,4,8
Xay,runetotem,383,druid,restoration,12,4,8
Jonnyutaa,emerald-dream,383,druid,restoration,12,4,8
Markóla,stormrage,383,druid,restoration,12,4,8
Vantorsydmel,proudmoore,383,druid,restoration,12,4,8
Migdrail,nemesis,383,druid,restoration,12,4,8
Gentlesoapp,blackrock,383,druid,restoration,12,4,8
Hazbekbek,area-52,383,druid,restoration,12,4,8
Kvacco,kiljaeden,383,druid,restoration,12,4,8
Posmard,ragnaros,383,druid,restoration,12,4,8
Rikey,thaurissan,383,druid,restoration,18,4,14
Madmandan,moon-guard,383,druid,restoration,18,4,14
Puzzlè,thrall,382,druid,restoration,12,4,8
Guojue,tichondrius,382,druid,restoration,12,4,8
Maldrake,quelthalas,381,druid,restoration,12,4,8
Certzu,moon-guard,381,druid,restoration,18,4,14
Bigbadcow,sargeras,380,druid,restoration,12,4,8
Breakthemm,bonechewer,379,druid,restoration,12,4,8
Metamooseowl,crushridge,379,druid,restoration,12,4,8
Møøncry,ragnaros,377,druid,restoration,22,10,12
Nerfmesoon,sargeras,367,druid,restoration,11,4,7
Reyvin,illidan,362,druid,restoration,20,6,14
Dashíng,proudmoore,348,druid,restoration,11,4,7
Felinedreams,sargeras,330,druid,restoration,8,5,3
Gairen,the-venture-co,318,druid,restoration,8,4,4
Disembles,illidan,288,druid,restoration,6,3,3
Bobobear,proudmoore,288,druid,restoration,6,3,3
Ganizote,ragnaros,288,druid,restoration,6,3,3
Pekingcuckoo,illidan,288,druid,restoration,6,3,3
Antonniel,azralon,288,druid,restoration,6,3,3
Kcazz,thorium-brotherhood,288,druid,restoration,6,3,3
Wythrim,quelthalas,288,druid,restoration,6,3,3
Yllercia,quelthalas,288,druid,restoration,6,3,3
Wâggles,moon-guard,288,druid,restoration,6,3,3
Cutefeetz,moon-guard,288,druid,restoration,6,3,3
Sonicphantom,kelthuzad,288,druid,restoration,6,3,3
Ømí,quelthalas,288,druid,restoration,6,3,3
Erykk,dalaran,288,druid,restoration,6,3,3
Gizho,dark-iron,288,druid,restoration,6,3,3
Sarojna,malganis,288,druid,restoration,6,3,3
Spinach,moon-guard,288,druid,restoration,6,3,3
Lðhnar,malganis,288,druid,restoration,6,3,3
Nokash,tichondrius,288,druid,restoration,6,3,3
Azaran,bleeding-hollow,288,druid,restoration,6,3,3
Ateoate,stormscale,288,druid,restoration,6,3,3
Kollective,sargeras,288,druid,restoration,6,3,3
Mythicdruid,ragnaros,288,druid,restoration,6,3,3
Ayra,sargeras,288,druid,restoration,6,3,3
Owaru,stormrage,288,druid,restoration,6,3,3
Gloomster,tichondrius,288,druid,restoration,6,3,3
Ðeepsixx,burning-legion,288,druid,restoration,6,3,3
Càlthar,sargeras,288,druid,restoration,6,3,3
Hashdxm,tichondrius,288,druid,restoration,6,3,3
Wiskees,sargeras,288,druid,restoration,6,3,3
Druxe,zuljin,288,druid,restoration,6,3,3
Vìdá,tichondrius,288,druid,restoration,6,3,3
Vadroid,dalaran,288,druid,restoration,6,3,3
Ulfvur,nagrand,288,druid,restoration,6,3,3
Tricklein,tichondrius,288,druid,restoration,6,3,3
Reptile,terenas,288,druid,restoration,6,3,3
Eryon,nemesis,288,druid,restoration,6,3,3
Koratan,frostmourne,288,druid,restoration,6,3,3
Mädnhairy,zuljin,288,druid,restoration,6,3,3
Unis,tichondrius,288,druid,restoration,6,3,3
Tarlis,khazgoroth,288,druid,restoration,6,3,3
Noah,altar-of-storms,288,druid,restoration,6,3,3
Naturetazer,sargeras,288,druid,restoration,6,3,3
Sorrinn,tichondrius,288,druid,restoration,6,3,3
Flexxfurion,thrall,288,druid,restoration,6,3,3
Creamsoda,frostmane,288,druid,restoration,6,3,3
Buffjungle,tichondrius,288,druid,restoration,6,3,3
Demitassie,wyrmrest-accord,288,druid,restoration,8,3,5
Overgrowth,zuljin,288,druid,restoration,9,3,6
Arútam,ragnaros,288,druid,restoration,12,3,9
Garrodan,aerie-peak,288,druid,restoration,12,3,9
Quadrivium,stormrage,288,druid,restoration,12,3,9
Sbc,anvilmar,288,druid,restoration,12,3,9
Aurajin,spinebreaker,288,druid,restoration,12,3,9
Monicaduan,frostmourne,288,druid,restoration,12,3,9
Theømega,stormrage,288,druid,restoration,12,3,9
Dipset,khadgar,288,druid,restoration,12,3,9
Blacksimba,area-52,288,druid,restoration,12,3,9
Mattiu,area-52,288,druid,restoration,12,3,9
Cybeé,sargeras,288,druid,restoration,12,3,9
Raptormotoo,lothar,288,druid,restoration,12,3,9
Ayadel,moon-guard,288,druid,restoration,12,3,9
Hoedrufroza,tichondrius,288,druid,restoration,12,3,9
Kanokoho,wyrmrest-accord,288,druid,restoration,12,3,9
Qdrui,tichondrius,288,druid,restoration,12,3,9
Nemoo,tichondrius,288,druid,restoration,12,3,9
Deyz,ysera,288,druid,restoration,12,3,9
Bøo,frostmourne,288,druid,restoration,12,3,9
Silasel,sargeras,288,druid,restoration,12,3,9
Wwkd,illidan,288,druid,restoration,12,3,9
Borbys,sargeras,288,druid,restoration,12,3,9
Martymoo,bleeding-hollow,288,druid,restoration,18,3,15
Giddeonv,draenor,288,druid,restoration,18,3,15
Sefestria,senjin,287,druid,restoration,6,3,3
Budsmoke,stormrage,287,druid,restoration,6,3,3
Harderplease,emerald-dream,287,druid,restoration,6,3,3
Xkcc,perenolde,287,druid,restoration,6,3,3
Bullshifftt,kelthuzad,287,druid,restoration,6,3,3
Breakertime,illidan,287,druid,restoration,6,3,3
Bonemaul,bonechewer,287,druid,restoration,6,3,3
Iamanoob,sargeras,287,druid,restoration,10,4,6
Vulgär,kiljaeden,287,druid,restoration,12,3,9
Cieran,senjin,287,druid,restoration,18,3,15
Drexldrood,cenarius,286,druid,restoration,6,3,3
Bullshiftter,ursin,286,druid,restoration,6,3,3
Fortunecat,illidan,286,druid,restoration,12,3,9
Atim,moon-guard,285,druid,restoration,30,3,27
Anastasyiar,illidan,256,druid,restoration,10,3,7
Gloomy,andorhal,256,druid,restoration,10,3,7
Worgbearpig,destromath,239,druid,restoration,5,3,2
Awkwarder,emerald-dream,239,druid,restoration,11,3,8
Restyblazed,sargeras,234,druid,restoration,8,4,4
Opiumheals,sargeras,234,druid,restoration,8,4,4
Kymopexy,sargeras,234,druid,restoration,17,5,12
Stèvén,tichondrius,233,druid,restoration,13,4,9
Gavdru,tichondrius,223,druid,restoration,8,3,5
Blackmoomba,kiljaeden,192,druid,restoration,4,3,1
Faentz,stormrage,192,druid,restoration,9,3,6
Akinetic,illidan,192,druid,restoration,6,2,4
Tadoo,tichondrius,192,druid,restoration,6,2,4
Goorybud,tichondrius,192,druid,restoration,6,2,4
Owlgz,barthilas,192,druid,restoration,6,2,4
Mcbeef,tichondrius,192,druid,restoration,6,2,4
Fixn,tichondrius,192,druid,restoration,6,2,4
Greentoë,sargeras,192,druid,restoration,6,2,4
Sharialawl,stormreaver,192,druid,restoration,6,2,4
Theblind,korgath,192,druid,restoration,6,2,4
Imlordgumper,illidan,192,druid,restoration,6,2,4
Tempesd,stormrage,192,druid,restoration,6,2,4
Cultnelf,illidan,192,druid,restoration,6,2,4
Megasteak,lightninghoof,192,druid,restoration,6,2,4
Esqueue,stormrage,192,druid,restoration,6,2,4
Duxz,tichondrius,192,druid,restoration,6,2,4
Violyte,tichondrius,192,druid,restoration,6,2,4
Levincy,thrall,192,druid,restoration,6,2,4
Lilcocoxoxo,shadowmoon,192,druid,restoration,6,2,4
Crazywoodowl,tichondrius,192,druid,restoration,6,2,4
Cauroth,azralon,192,druid,restoration,6,2,4
Clonkzy,area-52,192,druid,restoration,6,2,4
Bullbuddy,wyrmrest-accord,192,druid,restoration,6,2,4
Chopotron,ragnaros,192,druid,restoration,6,2,4
Tropikana,burning-legion,192,druid,restoration,6,2,4
Kagekuma,bleeding-hollow,192,druid,restoration,6,2,4
Bomp,malganis,192,druid,restoration,6,2,4
Loganski,korialstrasz,192,druid,restoration,6,2,4
Tickman,altar-of-storms,192,druid,restoration,6,2,4
Awguseon,proudmoore,192,druid,restoration,6,2,4
Acexten,tichondrius,192,druid,restoration,6,2,4
Bigtonkatruk,tichondrius,192,druid,restoration,6,2,4
Psycloned,magtheridon,192,druid,restoration,6,2,4
Loved,stormrage,192,druid,restoration,6,2,4
Droody,earthen-ring,192,druid,restoration,6,2,4
Ghostti,stormrage,192,druid,restoration,6,2,4
Kroshape,stormrage,192,druid,restoration,6,2,4
Hydruidponic,aegwynn,192,druid,restoration,6,2,4
Zils,bleeding-hollow,192,druid,restoration,6,2,4
Bekroh,crushridge,192,druid,restoration,6,2,4
Hawtzi,stormrage,192,druid,restoration,6,2,4
Gretatunberg,skywall,192,druid,restoration,6,2,4
Fastyhands,illidan,192,druid,restoration,6,2,4
Ambassador,kelthuzad,192,druid,restoration,6,2,4
Kaisuckslol,stormrage,192,druid,restoration,6,2,4
Barkcheeks,area-52,192,druid,restoration,6,2,4
Augus,hyjal,192,druid,restoration,6,2,4
Miyeonly,dalaran,192,druid,restoration,6,2,4
Krisdu,kelthuzad,192,druid,restoration,6,2,4
Snugglin,kelthuzad,192,druid,restoration,6,2,4
Nightwinter,area-52,192,druid,restoration,6,2,4
Fracxx,area-52,192,druid,restoration,6,2,4
Haful,emerald-dream,192,druid,restoration,6,2,4
Feeoria,lothar,192,druid,restoration,6,2,4
Hotsx,frostmourne,192,druid,restoration,9,2,7
Sleepyheals,tichondrius,192,druid,restoration,14,3,11
Moonkay,tichondrius,192,druid,restoration,12,2,10
Kittysnuggle,emerald-dream,192,druid,restoration,12,2,10
Aelena,whisperwind,192,druid,restoration,12,2,10
Moocka,ragnaros,192,druid,restoration,12,2,10
Wonderhood,quelthalas,192,druid,restoration,12,2,10
Grullandur,hakkar,192,druid,restoration,12,2,10
Bboikha,quelthalas,192,druid,restoration,12,2,10
Elven,frostmourne,192,druid,restoration,12,2,10
Lunmoon,thrall,192,druid,restoration,12,2,10
Cpksdru,tichondrius,192,druid,restoration,12,2,10
Rootslayer,tichondrius,192,druid,restoration,12,2,10
Morphiius,archimonde,192,druid,restoration,12,2,10
Urhero,sargeras,192,druid,restoration,12,2,10
Kymolyia,sargeras,192,druid,restoration,12,2,10
Ddizz,cairne,192,druid,restoration,12,2,10
Trèè,frostmane,192,druid,restoration,12,2,10
Brutalhealz,aegwynn,192,druid,restoration,18,2,16
Irontree,dunemaul,192,druid,restoration,18,2,16
Clonemunster,frostmourne,192,druid,restoration,18,2,16
Treeoleo,stormrage,191,druid,restoration,6,2,4
Daweed,zuluhed,191,druid,restoration,12,2,10
Äbÿss,tichondrius,191,druid,restoration,12,2,10
Voodooshiftz,emerald-dream,191,druid,restoration,12,2,10
Garritass,moon-guard,189,druid,restoration,29,2,27
Dreamwalk,stormrage,175,druid,restoration,17,3,14
Brbcatsonfir,malganis,175,druid,restoration,22,3,19
Pvptactician,tichondrius,159,druid,restoration,11,4,7
Jeppcat,tichondrius,159,druid,restoration,14,3,11
Frenzymoon,zuljin,144,druid,restoration,3,3,0
Astharon,drakkari,143,druid,restoration,3,3,0
Galind,rexxar,128,druid,restoration,4,2,2
Crunkk,thunderlord,127,druid,restoration,14,2,12
Mollytonasty,demon-soul,96,druid,restoration,6,1,5
Madowl,tichondrius,96,druid,restoration,6,1,5
Carlosd,tichondrius,96,druid,restoration,6,1,5
Feralgo,tichondrius,96,druid,restoration,6,1,5
Tensuen,boulderfist,96,druid,restoration,6,1,5
Fadingfast,frostmourne,96,druid,restoration,6,1,5
Chomperz,tichondrius,96,druid,restoration,6,1,5
Arthridas,wyrmrest-accord,96,druid,restoration,6,1,5
Hellshifterr,tichondrius,96,druid,restoration,6,1,5
Atagoo,tichondrius,96,druid,restoration,6,1,5
Frydaze,tichondrius,96,druid,restoration,6,1,5
Jayto,frostmourne,96,druid,restoration,6,1,5
Devilzown,fenris,96,druid,restoration,6,1,5
Kuaite,azralon,96,druid,restoration,6,1,5
Beldiin,khazgoroth,96,druid,restoration,6,1,5
Macfluff,emerald-dream,96,druid,restoration,6,1,5
Dotdmage,tichondrius,96,druid,restoration,6,1,5
Ttaure,ragnaros,96,druid,restoration,6,1,5
Wotermelon,moon-guard,96,druid,restoration,6,1,5
Ðjx,stormrage,96,druid,restoration,6,1,5
Suncintus,aggramar,96,druid,restoration,6,1,5
Moonfart,zuljin,96,druid,restoration,6,1,5
Rastakant,malganis,96,druid,restoration,6,1,5
Soloqmenace,malganis,96,druid,restoration,6,1,5
Ånxiety,skullcrusher,96,druid,restoration,6,1,5
Istishiã,tichondrius,96,druid,restoration,6,1,5
Nìck,the-scryers,96,druid,restoration,6,1,5
Kurzul,area-52,96,druid,restoration,6,1,5
Caminanube,quelthalas,96,druid,restoration,6,1,5
Hadoriss,kelthuzad,96,druid,restoration,6,1,5
Afrogx,dalaran,96,druid,restoration,6,1,5
Arienne,kelthuzad,96,druid,restoration,6,1,5
Solá,skywall,96,druid,restoration,6,1,5
Natürëblÿät,illidan,96,druid,restoration,6,1,5
Fartsicle,lightnings-blade,96,druid,restoration,6,1,5
Guap,bleeding-hollow,96,druid,restoration,6,1,5
Moocowbear,illidan,96,druid,restoration,6,1,5
Atillah,stormscale,96,druid,restoration,6,1,5
Mandingodam,auchindoun,96,druid,restoration,6,1,5
Starkraven,firetree,96,druid,restoration,6,1,5
Stephonxd,area-52,96,druid,restoration,6,1,5
Nyanncat,frostmourne,96,druid,restoration,7,1,6
Lirilith,shadowsong,96,druid,restoration,16,2,14
Shebleeder,aegwynn,96,druid,restoration,11,1,10
Foracus,sargeras,96,druid,restoration,11,1,10
Krevy,nazgrel,96,druid,restoration,12,1,11
Kaeliah,stormrage,96,druid,restoration,12,1,11
Sinigang,duskwood,96,druid,restoration,12,1,11
Grakzul,blood-furnace,95,druid,restoration,9,2,7
Eliteshift,frostmourne,64,druid,restoration,4,1,3
Pownage,kelthuzad,64,druid,restoration,16,1,15
Smorak,area-52,63,druid,restoration,2,2,0
Neferpitou,fenris,16,druid,restoration,6,1,5
Landro,tichondrius,1577,druid,guardian,41,25,16
Haalls,gallywix,1107,druid,guardian,36,12,24
Crashägásm,proudmoore,1062,druid,guardian,30,15,15
Koan,proudmoore,671,druid,guardian,24,7,17
Multivar,burning-legion,669,druid,guardian,12,7,5
Mordu,rivendare,665,druid,guardian,18,7,11
Kesagake,feathermoon,664,druid,guardian,12,7,5
Agmukar,wyrmrest-accord,659,druid,guardian,12,7,5
Ishiftalot,bleeding-hollow,573,druid,guardian,15,7,8
Giddeonv,draenor,570,druid,guardian,12,6,6
Maraliss,shadowsong,566,druid,guardian,12,6,6
Chärmin,area-52,479,druid,guardian,12,5,7
Balanah,quelthalas,472,druid,guardian,15,6,9
Wraithman,madoran,383,druid,guardian,6,4,2
Sleepyvitals,zuljin,382,druid,guardian,6,4,2
Tankbareass,aerie-peak,382,druid,guardian,18,4,14
Dalidielor,dalaran,288,druid,guardian,6,3,3
Read,boulderfist,288,druid,guardian,12,3,9
Woozydruid,anetheron,288,druid,guardian,12,3,9
Deutschland,whisperwind,288,druid,guardian,12,3,9
Cayinna,altar-of-storms,288,druid,guardian,12,3,9
Manwool,illidan,288,druid,guardian,12,3,9
Mavren,uldaman,286,druid,guardian,6,3,3
Mommyh,duskwood,192,druid,guardian,6,2,4
Battlecát,stormscale,192,druid,guardian,6,2,4
Skrimshaw,burning-legion,192,druid,guardian,6,2,4
Athious,moon-guard,192,druid,guardian,6,2,4
Gornish,azralon,190,druid,guardian,12,2,10
Sixfeetunder,shattered-halls,96,druid,guardian,6,1,5
Bigxworm,gurubashi,96,druid,guardian,6,1,5
Vindecca,kelthuzad,96,druid,guardian,6,1,5
Aurno,queldorei,96,druid,guardian,6,1,5
Wintarz,sargeras,96,druid,guardian,6,1,5
Kylysea,dalaran,96,druid,guardian,12,1,11
Vineclaw,emerald-dream,96,druid,guardian,12,1,11
Lakroz,zuljin,95,druid,guardian,6,1,5
Marvin,stormreaver,2168,druid,feral,89,46,43
Auntsusie,stormrage,2128,druid,feral,95,61,34
Iinkinbio,alleria,2124,druid,feral,84,50,34
Crunchyroll,sargeras,2107,druid,feral,126,69,57
Nyç,sargeras,2073,druid,feral,198,104,94
Bawbe,lightbringer,2059,druid,feral,71,41,30
Abstractf,sargeras,2007,druid,feral,50,34,16
Loser,stormrage,1985,druid,feral,69,35,34
Formrage,jubeithos,1974,druid,feral,131,67,64
Boomboombom,tichondrius,1969,druid,feral,89,54,35
Beomjun,tichondrius,1951,druid,feral,89,49,40
Pdfilewatch,stormrage,1943,druid,feral,42,30,12
Feeg,sargeras,1937,druid,feral,65,33,32
Babekisser,stormrage,1930,druid,feral,118,62,56
Cliodhna,kelthuzad,1928,druid,feral,55,29,26
Trìckyz,tichondrius,1913,druid,feral,80,41,39
Samuel,ravencrest,1897,druid,feral,60,33,27
Amellies,quelthalas,1895,druid,feral,148,77,71
Angryalyu,tichondrius,1893,druid,feral,48,23,25
Fappywapple,kiljaeden,1886,druid,feral,82,43,39
Killuf,quelthalas,1878,druid,feral,71,30,41
Alleae,stormrage,1875,druid,feral,48,30,18
Russiaguy,area-52,1869,druid,feral,259,137,122
Darmari,quelthalas,1852,druid,feral,60,27,33
Rwhatkr,tichondrius,1847,druid,feral,47,20,27
Sammy,scilla,1842,druid,feral,84,40,44
Yukjr,stormrage,1839,druid,feral,131,63,68
Stellar,steamwheedle-cartel,1835,druid,feral,108,52,56
Sappora,illidan,1824,druid,feral,178,92,86
Feignxd,emerald-dream,1823,druid,feral,60,43,17
Nuadris,azralon,1822,druid,feral,168,86,82
Floorz,firetree,1814,druid,feral,36,19,17
Hugecat,tichondrius,1812,druid,feral,60,26,34
Duhfective,proudmoore,1810,druid,feral,41,23,18
Bassy,whisperwind,1810,druid,feral,58,27,31
Henikbite,zuljin,1806,druid,feral,54,29,25
Yayue,tichondrius,1799,druid,feral,60,30,30
Icespicè,tichondrius,1794,druid,feral,66,30,36
Porkonmyfork,frostmourne,1786,druid,feral,28,20,8
Notapn,tichondrius,1786,druid,feral,78,40,38
Proudfurryxo,dragonmaw,1765,druid,feral,50,27,23
Skrambles,mugthol,1756,druid,feral,51,25,26
Jaguar,whisperwind,1745,druid,feral,42,25,17
Lemön,frostmourne,1745,druid,feral,42,21,21
Chrye,tichondrius,1743,druid,feral,45,27,18
Kobez,bleeding-hollow,1732,druid,feral,48,27,21
Extic,sargeras,1730,druid,feral,60,35,25
Blrr,sargeras,1730,druid,feral,54,25,29
Lucky,destromath,1724,druid,feral,102,50,52
Nrp,stormrage,1716,druid,feral,78,30,48
Duzis,tichondrius,1713,druid,feral,30,18,12
Addymeow,drenden,1709,druid,feral,54,30,24
Thycamore,cenarius,1708,druid,feral,60,23,37
Porkloafed,illidan,1705,druid,feral,72,38,34
Tyx,bleeding-hollow,1702,druid,feral,56,26,30
Yavà,tichondrius,1700,druid,feral,48,30,18
Wildfire,nesingwary,1686,druid,feral,105,55,50
Raincloud,mannoroth,1680,druid,feral,36,22,14
Nitetree,thrall,1679,druid,feral,60,31,29
Akanx,tichondrius,1677,druid,feral,36,21,15
Hriiya,tichondrius,1676,druid,feral,47,18,29
Bpdferal,stormrage,1673,druid,feral,145,75,70
Dewfuss,tichondrius,1670,druid,feral,30,19,11
Tenavï,stormrage,1668,druid,feral,42,20,22
Kdrumania,tichondrius,1666,druid,feral,116,67,49
Flowkie,illidan,1663,druid,feral,83,41,42
Fliip,barthilas,1662,druid,feral,47,24,23
Brewdock,boulderfist,1656,druid,feral,45,21,24
Jonio,tichondrius,1654,druid,feral,41,20,21
Atrumn,emerald-dream,1654,druid,feral,60,25,35
Mocfernando,sargeras,1652,druid,feral,36,21,15
Chasertv,tichondrius,1650,druid,feral,36,19,17
Zlegacy,anvilmar,1650,druid,feral,54,21,33
Nicó,darkspear,1648,druid,feral,84,37,47
Kyoski,moon-guard,1645,druid,feral,34,19,15
Nobruh,sargeras,1644,druid,feral,59,29,30
Ferar,frostmourne,1638,druid,feral,47,22,25
Bigbite,tichondrius,1637,druid,feral,48,27,21
Xyphor,bladefist,1637,druid,feral,40,22,18
Yavann,tichondrius,1636,druid,feral,60,35,25
Anxietyburns,stormrage,1630,druid,feral,60,36,24
Stêff,zuljin,1630,druid,feral,60,31,29
Skyde,sargeras,1621,druid,feral,61,28,33
Zyhsul,emerald-dream,1620,druid,feral,42,21,21
Durwyn,sargeras,1619,druid,feral,87,38,49
Sïmba,andorhal,1619,druid,feral,65,26,39
Enya,stormreaver,1618,druid,feral,66,31,35
Hiddenfur,ragnaros,1617,druid,feral,36,19,17
Kakaroot,tichondrius,1617,druid,feral,40,18,22
Rank,nerzhul,1616,druid,feral,90,42,48
Wøs,area-52,1615,druid,feral,92,47,45
Chococrispis,quelthalas,1606,druid,feral,48,21,27
Kolbie,emerald-dream,1604,druid,feral,72,38,34
Yüxy,sargeras,1602,druid,feral,42,19,23
Oldtomcat,moon-guard,1601,druid,feral,90,42,48
Irontree,dunemaul,1598,druid,feral,48,23,25
Luvgames,area-52,1585,druid,feral,44,22,22
Ursarius,skullcrusher,1583,druid,feral,39,19,20
Azrethyu,emerald-dream,1578,druid,feral,66,28,38
Hellodan,proudmoore,1576,druid,feral,42,20,22
Prêdator,ragnaros,1571,druid,feral,47,29,18
Franksuba,windrunner,1568,druid,feral,108,53,55
Idiotferal,tortheldrin,1564,druid,feral,30,19,11
Vebee,frostmourne,1563,druid,feral,30,18,12
Rahxay,quelthalas,1556,druid,feral,54,24,30
Slanue,tichondrius,1556,druid,feral,64,26,38
Jurasico,ragnaros,1551,druid,feral,138,71,67
Darkombra,frostmourne,1548,druid,feral,54,27,27
Kaisuckslol,stormrage,1547,druid,feral,138,70,68
Off,ravencrest,1545,druid,feral,160,77,83
Bênî,emerald-dream,1541,druid,feral,78,41,37
Swolareclips,eitrigg,1540,druid,feral,144,70,74
Poosnickety,kelthuzad,1539,druid,feral,43,17,26
Fendiy,barthilas,1538,druid,feral,60,34,26
Fangry,queldorei,1538,druid,feral,76,35,41
Delorík,illidan,1534,druid,feral,66,32,34
Melez,kelthuzad,1531,druid,feral,97,49,48
Cawkaw,frostwolf,1528,druid,feral,122,62,60
Plux,illidan,1521,druid,feral,114,59,55
Ulcera,nemesis,1520,druid,feral,48,30,18
Ikkarus,nemesis,1511,druid,feral,71,39,32
Mhdd,tichondrius,1510,druid,feral,25,17,8
Gabdruid,kiljaeden,1509,druid,feral,30,16,14
Kushtiger,ragnaros,1508,druid,feral,102,52,50
Prowli,tichondrius,1505,druid,feral,128,69,59
Kibbens,area-52,1500,druid,feral,132,60,72
Jizzie,tichondrius,1499,druid,feral,54,33,21
Feond,illidan,1496,druid,feral,46,27,19
Dustin,moon-guard,1493,druid,feral,82,39,43
Sheeyts,tichondrius,1485,druid,feral,48,26,22
Ozex,crushridge,1484,druid,feral,42,17,25
Revcow,malganis,1477,druid,feral,42,21,21
Faelonk,frostmourne,1476,druid,feral,66,32,34
Bullcritzz,saurfang,1475,druid,feral,58,38,20
Dillywadz,tichondrius,1463,druid,feral,158,72,86
Kwilli,tichondrius,1459,druid,feral,38,18,20
Blut,stormrage,1458,druid,feral,186,89,97
Bossdru,sargeras,1447,druid,feral,47,28,19
Hoffhoff,area-52,1444,druid,feral,30,19,11
Chomperz,tichondrius,1442,druid,feral,85,45,40
Malthen,quelthalas,1431,druid,feral,36,21,15
Classydruid,spinebreaker,1431,druid,feral,84,39,45
Zenlonn,emerald-dream,1427,druid,feral,30,15,15
Weedsmuggler,burning-legion,1427,druid,feral,119,59,60
Badferal,blackhand,1427,druid,feral,60,28,32
Fastcat,moon-guard,1424,druid,feral,36,18,18
Fugekî,zuljin,1420,druid,feral,35,21,14
Prille,tichondrius,1415,druid,feral,30,15,15
Gairen,the-venture-co,1413,druid,feral,48,25,23
Jaspurr,illidan,1412,druid,feral,24,15,9
Clarice,shattered-halls,1409,druid,feral,24,15,9
Snowfaerie,moon-guard,1403,druid,feral,286,151,135
Freinnar,kiljaeden,1393,druid,feral,36,15,21
Cheshiire,moon-guard,1391,druid,feral,66,31,35
Ytgamezoned,darkspear,1390,druid,feral,30,16,14
Swappy,korgath,1388,druid,feral,60,28,32
Treeweed,tichondrius,1386,druid,feral,81,42,39
Gonjatusk,ravencrest,1384,druid,feral,48,26,22
Vaniedron,zuljin,1384,druid,feral,105,41,64
Silvshifter,frostmourne,1382,druid,feral,29,22,7
Craak,tichondrius,1376,druid,feral,41,19,22
Frostelles,stormrage,1369,druid,feral,60,29,31
Nojiling,quelthalas,1366,druid,feral,36,17,19
Dahmu,malygos,1365,druid,feral,90,42,48
Sweetxtooth,area-52,1364,druid,feral,66,34,32
Erwelz,quelthalas,1363,druid,feral,29,15,14
Tardcakes,tichondrius,1362,druid,feral,62,31,31
Oreganic,barthilas,1360,druid,feral,40,18,22
Hjerim,quelthalas,1357,druid,feral,44,20,24
Fugg,frostmourne,1350,druid,feral,84,34,50
Käïïjü,tichondrius,1348,druid,feral,64,23,41
Senex,stormrage,1344,druid,feral,47,27,20
Floorz,bleeding-hollow,1343,druid,feral,24,14,10
Kynvi,moon-guard,1343,druid,feral,30,14,16
Azoth,hyjal,1342,druid,feral,24,14,10
Senorcholo,malganis,1342,druid,feral,36,18,18
Turow,firetree,1340,druid,feral,24,14,10
Darkdragoonz,barthilas,1340,druid,feral,37,17,20
Zuljor,sargeras,1339,druid,feral,18,14,4
Fuqet,kelthuzad,1339,druid,feral,30,14,16
Smeow,zuljin,1339,druid,feral,39,16,23
Lesliewj,proudmoore,1338,druid,feral,29,14,15
Bigmolii,quelthalas,1338,druid,feral,68,26,42
Brawleyx,tichondrius,1337,druid,feral,36,14,22
Dimsump,zuljin,1336,druid,feral,36,14,22
Khyzan,illidan,1329,druid,feral,78,41,37
Jpegcollectr,tichondrius,1329,druid,feral,54,14,40
Iamnature,dalaran,1325,druid,feral,43,17,26
Treespec,stormrage,1324,druid,feral,23,15,8
Bullboy,frostmourne,1320,druid,feral,30,17,13
Panyot,kiljaeden,1318,druid,feral,60,31,29
Kyrô,sargeras,1317,druid,feral,29,14,15
Nazdaq,stormrage,1313,druid,feral,62,33,29
Hööper,illidan,1313,druid,feral,42,14,28
Suedle,kelthuzad,1309,druid,feral,29,14,15
Riemannzeta,azgalor,1306,druid,feral,38,20,18
Oneinchclaw,malganis,1305,druid,feral,30,14,16
Asteriel,stormrage,1303,druid,feral,40,19,21
Nyanncat,frostmourne,1302,druid,feral,30,14,16
Azuredreams,bleeding-hollow,1301,druid,feral,36,15,21
Chitára,ragnaros,1300,druid,feral,76,37,39
Percefhone,azralon,1298,druid,feral,56,23,33
Raebies,dalaran,1297,druid,feral,93,50,43
Sahksi,lothar,1297,druid,feral,60,30,30
Ðreadfang,tichondrius,1295,druid,feral,47,28,19
Mbarakaja,malganis,1295,druid,feral,47,18,29
Jasminonmars,zuluhed,1293,druid,feral,42,24,18
Feanah,tichondrius,1284,druid,feral,48,22,26
Erahar,illidan,1281,druid,feral,46,24,22
Glockitty,tichondrius,1281,druid,feral,42,19,23
Gnairda,sargeras,1280,druid,feral,144,72,72
Súse,sargeras,1272,druid,feral,41,20,21
Gotroadrash,azuremyst,1268,druid,feral,23,14,9
Dätto,thrall,1261,druid,feral,48,22,26
Hadox,azralon,1259,druid,feral,59,26,33
Ninefeet,argent-dawn,1249,druid,feral,54,26,28
Scruffywolf,tichondrius,1248,druid,feral,125,55,70
Zelyvia,moon-guard,1247,druid,feral,30,14,16
Sporadiclive,sargeras,1247,druid,feral,30,13,17
Mariko,area-52,1245,druid,feral,59,26,33
Conker,frostmourne,1241,druid,feral,24,13,11
Kellydacat,azuremyst,1241,druid,feral,24,13,11
Duckystryker,tichondrius,1239,druid,feral,36,13,23
Theømega,stormrage,1237,druid,feral,24,13,11
Hektuk,barthilas,1235,druid,feral,34,19,15
Kleanxx,tichondrius,1232,druid,feral,223,111,112
Matpd,norgannon,1228,druid,feral,66,28,38
Xanbàr,hyjal,1222,druid,feral,35,22,13
Yobibit,terenas,1221,druid,feral,36,14,22
Xdkittyrawr,tichondrius,1216,druid,feral,76,39,37
Dehltax,stormrage,1215,druid,feral,24,16,8
Midnitex,illidan,1214,druid,feral,37,16,21
Ourse,aegwynn,1210,druid,feral,59,36,23
Hermbott,proudmoore,1206,druid,feral,48,23,25
Beargodx,stormrage,1199,druid,feral,36,18,18
Orthognathic,emerald-dream,1198,druid,feral,39,25,14
Aahx,thrall,1185,druid,feral,57,32,25
Haneulso,tichondrius,1171,druid,feral,33,14,19
Nomnomnomn,chogall,1168,druid,feral,22,13,9
Twigz,illidan,1166,druid,feral,18,13,5
Foxmeowz,blackwater-raiders,1152,druid,feral,24,12,12
Ryecoke,stormrage,1151,druid,feral,24,12,12
Lakunahof,ragnaros,1149,druid,feral,27,13,14
Mxdi,tichondrius,1148,druid,feral,24,12,12
Awarz,drakkari,1144,druid,feral,30,12,18
Kyrona,frostmourne,1141,druid,feral,24,16,8
Khione,dreadmaul,1141,druid,feral,56,31,25
Styli,tichondrius,1130,druid,feral,18,12,6
Chëësëbürgër,illidan,1128,druid,feral,97,45,52
Chambz,tichondrius,1122,druid,feral,54,20,34
Tonoshapepai,azralon,1122,druid,feral,36,13,23
Shahahrazad,queldorei,1118,druid,feral,36,12,24
Eyzie,stormrage,1115,druid,feral,36,13,23
Strikinina,azralon,1108,druid,feral,37,15,22
Ðementia,stormrage,1104,druid,feral,66,38,28
Pusswhisperr,bleeding-hollow,1104,druid,feral,36,12,24
Vintera,sargeras,1103,druid,feral,87,42,45
Surmise,tichondrius,1100,druid,feral,24,12,12
Azakana,sargeras,1094,druid,feral,23,12,11
Leight,whisperwind,1093,druid,feral,24,14,10
Pokémon,grizzly-hills,1064,druid,feral,33,15,18
Astrozxy,sargeras,1056,druid,feral,18,11,7
Birdy,proudmoore,1056,druid,feral,18,11,7
Glenn,norgannon,1056,druid,feral,18,11,7
Switchform,kiljaeden,1056,druid,feral,18,11,7
Lelobull,ragnaros,1056,druid,feral,48,19,29
Dangersweg,frostmourne,1056,druid,feral,30,11,19
Bhen,tichondrius,1055,druid,feral,18,11,7
Orekinya,area-52,1055,druid,feral,24,11,13
Akamu,nemesis,1055,druid,feral,30,11,19
Shmayba,malganis,1054,druid,feral,18,11,7
Kellydabear,azuremyst,1054,druid,feral,24,11,13
Anastasyiar,illidan,1053,druid,feral,24,11,13
Myeow,illidan,1052,druid,feral,24,11,13
Corv,drenden,1051,druid,feral,16,12,4
Swindlestan,zuljin,1051,druid,feral,24,11,13
Traxxo,tichondrius,1051,druid,feral,24,11,13
Kongquest,emerald-dream,1049,druid,feral,36,11,25
Vykarux,suramar,1048,druid,feral,24,11,13
Eletto,stormrage,1048,druid,feral,24,11,13
Yám,tichondrius,1048,druid,feral,30,11,19
Wildbeasts,proudmoore,1042,druid,feral,34,16,18
Kilohanno,alexstrasza,1040,druid,feral,30,11,19
Buhooki,tichondrius,1035,druid,feral,77,37,40
Yobolsun,sargeras,1030,druid,feral,30,12,18
Bloodriot,wyrmrest-accord,1026,druid,feral,36,11,25
Screwdrivers,moon-guard,1022,druid,feral,29,11,18
Pavel,aerie-peak,1018,druid,feral,47,14,33
Fennel,korgath,1017,druid,feral,23,11,12
Lyndonww,frostmourne,1006,druid,feral,26,12,14
Ruzkit,illidan,996,druid,feral,30,14,16
Werebruin,bleeding-hollow,982,druid,feral,25,12,13
Semveta,alleria,960,druid,feral,12,10,2
Catzetzan,tichondrius,960,druid,feral,24,10,14
Waggs,illidan,960,druid,feral,24,10,14
Buffjungle,tichondrius,960,druid,feral,26,10,16
Feralgo,tichondrius,959,druid,feral,18,10,8
Naturestouch,tichondrius,959,druid,feral,18,10,8
Tyxi,bleeding-hollow,959,druid,feral,18,10,8
Kuzigothigh,thunderhorn,959,druid,feral,48,25,23
Anarad,dalaran,959,druid,feral,24,11,13
Yaboidakota,stormrage,959,druid,feral,24,10,14
Kekepöp,illidan,959,druid,feral,24,10,14
Amishal,stormrage,959,druid,feral,27,10,17
Luluid,tichondrius,958,druid,feral,24,10,14
Nearkoo,tichondrius,958,druid,feral,24,10,14
Doubledówn,sargeras,957,druid,feral,72,33,39
Hoofin,blackwing-lair,957,druid,feral,24,10,14
Zazieraiel,moon-guard,957,druid,feral,27,11,16
Swornenemy,mugthol,956,druid,feral,18,10,8
Shiftingdean,sargeras,956,druid,feral,30,10,20
Hoppus,icecrown,956,druid,feral,36,10,26
Moonbow,frostmourne,954,druid,feral,18,10,8
Dorio,quelthalas,952,druid,feral,18,10,8
Datkittydoe,kiljaeden,952,druid,feral,24,10,14
Daniin,azralon,950,druid,feral,18,10,8
Feraluwu,illidan,938,druid,feral,18,10,8
Téddybéar,smolderthorn,929,druid,feral,12,10,2
Greasemonkey,trollbane,919,druid,feral,22,12,10
Àspên,moon-guard,916,druid,feral,24,12,12
Skrillin,thrall,914,druid,feral,23,11,12
Zeroshift,sargeras,911,druid,feral,34,10,24
Superwrath,khaz-modan,908,druid,feral,17,10,7
Lusk,blades-edge,908,druid,feral,53,22,31
Blêêd,stormscale,904,druid,feral,13,12,1
Taurenaught,aegwynn,881,druid,feral,37,17,20
Hatergodx,ravencrest,864,druid,feral,18,9,9
Phøënîx,tichondrius,864,druid,feral,18,9,9
Beastbaby,eldrethalas,864,druid,feral,24,9,15
Jazzxs,proudmoore,863,druid,feral,18,9,9
Tt,akama,863,druid,feral,18,9,9
Zirrie,stormrage,863,druid,feral,18,9,9
Gz,icecrown,863,druid,feral,18,9,9
Féèd,stormrage,863,druid,feral,18,9,9
Zwaski,thrall,863,druid,feral,24,9,15
Kaissara,nemesis,862,druid,feral,18,9,9
Duckieheit,sargeras,861,druid,feral,18,9,9
Catten,barthilas,860,druid,feral,12,9,3
Beygatti,sargeras,860,druid,feral,24,9,15
Behrhart,stormrage,859,druid,feral,12,9,3
Malu,muradin,857,druid,feral,18,9,9
Rum,the-venture-co,857,druid,feral,36,14,22
Borybuilder,azralon,852,druid,feral,26,9,17
Trevvor,thrall,852,druid,feral,30,9,21
Koag,dalaran,851,druid,feral,23,11,12
Sosd,kelthuzad,837,druid,feral,17,9,8
Shartasm,anetheron,822,druid,feral,30,12,18
Gapingloli,tichondrius,813,druid,feral,15,9,6
Feorelm,proudmoore,810,druid,feral,17,9,8
Nephdruid,stormrage,804,druid,feral,30,9,21
Jason,vashj,768,druid,feral,12,8,4
Anìmorph,sargeras,768,druid,feral,12,8,4
Gillidd,bleeding-hollow,768,druid,feral,15,9,6
Hypérion,dalaran,768,druid,feral,18,8,10
Férállgødx,area-52,768,druid,feral,18,8,10
Mooncatbear,malganis,768,druid,feral,18,8,10
Vinjo,ragnaros,768,druid,feral,18,8,10
Jentzull,tichondrius,767,druid,feral,12,8,4
Nahelae,tichondrius,767,druid,feral,12,8,4
Udderchaos,dark-iron,767,druid,feral,18,8,10
Fullmoon,greymane,767,druid,feral,22,9,13
Oroskii,bleeding-hollow,767,druid,feral,24,8,16
Xanybarz,stormrage,767,druid,feral,24,8,16
Angulus,darkspear,766,druid,feral,18,8,10
Herbx,sargeras,765,druid,feral,18,8,10
Zimah,illidan,764,druid,feral,18,8,10
Raknary,kelthuzad,764,druid,feral,30,8,22
Weedleaf,wyrmrest-accord,760,druid,feral,18,8,10
Gamble,the-underbog,760,druid,feral,24,8,16
Sjana,bleeding-hollow,752,druid,feral,12,8,4
Mychi,ragnaros,748,druid,feral,20,9,11
Reallysauce,zuljin,748,druid,feral,18,8,10
Tolldruid,chogall,748,druid,feral,18,8,10
Amdruid,bloodhoof,735,druid,feral,14,9,5
Ursuur,drakkari,731,druid,feral,23,8,15
Spinach,moon-guard,720,druid,feral,21,8,13
Ashmila,ragnaros,716,druid,feral,17,8,9
Mazoak,sargeras,703,druid,feral,28,8,20
Byson,bleeding-hollow,702,druid,feral,17,8,9
Shakedru,stormrage,684,druid,feral,19,8,11
Scuffedx,tichondrius,672,druid,feral,12,7,5
Zðzð,zuljin,672,druid,feral,12,7,5
Tnvï,stormrage,672,druid,feral,12,7,5
Elyveen,proudmoore,672,druid,feral,12,7,5
Fyrkax,sargeras,672,druid,feral,12,7,5
Primalxd,area-52,672,druid,feral,12,7,5
Kiwidru,frostmourne,672,druid,feral,12,7,5
Susruth,area-52,672,druid,feral,12,7,5
Muffbfloppn,zuljin,672,druid,feral,18,7,11
Saltydru,illidan,672,druid,feral,18,7,11
Faithxo,stormrage,672,druid,feral,18,7,11
Lunacore,illidan,672,druid,feral,18,7,11
Selendis,tichondrius,672,druid,feral,18,7,11
Meowny,area-52,672,druid,feral,18,7,11
Bearlyviable,stormrage,672,druid,feral,21,8,13
Malfurionsto,moon-guard,672,druid,feral,24,7,17
Roots,anubarak,671,druid,feral,12,7,5
Tree,lothar,671,druid,feral,12,7,5
Boofings,sargeras,671,druid,feral,12,7,5
Druidydruid,blackrock,671,druid,feral,18,7,11
Momoxchan,quelthalas,671,druid,feral,18,7,11
Ruckiz,stormrage,671,druid,feral,18,7,11
Bearmuda,trollbane,671,druid,feral,18,7,11
Servax,illidan,670,druid,feral,18,7,11
Skufty,illidan,670,druid,feral,30,7,23
Curainfeliz,nemesis,669,druid,feral,12,7,5
Bullshiftin,area-52,669,druid,feral,12,7,5
Redness,daggerspine,669,druid,feral,18,7,11
Elunaya,illidan,669,druid,feral,18,7,11
Yokimo,amanthul,668,druid,feral,18,7,11
Jordiët,dalaran,667,druid,feral,12,7,5
Predatõr,malorne,663,druid,feral,12,7,5
Oxvxo,senjin,648,druid,feral,18,7,11
Hyperlite,bonechewer,643,druid,feral,18,7,11
Injail,tichondrius,640,druid,feral,16,7,9
Arntu,malganis,639,druid,feral,11,7,4
Ekkoh,sargeras,638,druid,feral,17,7,10
Jeanz,bonechewer,632,druid,feral,19,9,10
Meowzetzan,tichondrius,623,druid,feral,11,7,4
Ërebüs,emerald-dream,623,druid,feral,11,7,4
Puzzykat,uldum,621,druid,feral,27,7,20
Gutzzu,area-52,619,druid,feral,15,7,8
Berd,whisperwind,606,druid,feral,16,7,9
Beaker,uldum,605,druid,feral,11,7,4
Earlgrayl,kelthuzad,591,druid,feral,13,7,6
Bigherbo,zuljin,585,druid,feral,20,8,12
Duuj,illidan,576,druid,feral,6,6,0
Lïberty,ragnaros,576,druid,feral,6,6,0
Hybridxo,kelthuzad,576,druid,feral,6,6,0
Retzerbil,sargeras,576,druid,feral,6,6,0
Thontt,sargeras,576,druid,feral,12,6,6
Grizzlepaw,tichondrius,576,druid,feral,12,6,6
Funkattack,tichondrius,576,druid,feral,12,6,6
Cíphenz,illidan,576,druid,feral,12,6,6
Hashmall,ragnaros,576,druid,feral,12,6,6
Ännä,moon-guard,576,druid,feral,12,6,6
Kìttykat,stormrage,576,druid,feral,12,6,6
Bloodynine,cairne,576,druid,feral,12,6,6
Wowgamer,sargeras,576,druid,feral,12,6,6
Nelfwaifú,area-52,576,druid,feral,12,6,6
Daniverse,sargeras,576,druid,feral,12,6,6
Sooey,wyrmrest-accord,576,druid,feral,12,6,6
Kittysnuggle,emerald-dream,576,druid,feral,15,7,8
Welshblack,tichondrius,576,druid,feral,16,7,9
Jinhova,stormrage,576,druid,feral,15,6,9
Feorb,azuremyst,576,druid,feral,18,6,12
Thaherb,korgath,576,druid,feral,18,6,12
Kittendev,tichondrius,576,druid,feral,18,6,12
Zivak,azshara,576,druid,feral,18,6,12
Tabbsy,frostmourne,576,druid,feral,18,6,12
Wabbehkus,barthilas,576,druid,feral,24,6,18
Fireeloot,tichondrius,575,druid,feral,12,6,6
Amoru,moon-guard,575,druid,feral,12,6,6
Wulfjack,emerald-dream,575,druid,feral,12,6,6
Omnilul,zuljin,575,druid,feral,12,6,6
Gorim,area-52,575,druid,feral,12,6,6
Allenjunior,ragnaros,575,druid,feral,12,6,6
Stríðsmaður,area-52,575,druid,feral,12,6,6
Yukcyducky,tichondrius,575,druid,feral,18,6,12
Kotau,azralon,574,druid,feral,6,6,0
Beelzehog,whisperwind,574,druid,feral,12,6,6
Zelazia,area-52,574,druid,feral,12,6,6
Nikozho,sargeras,573,druid,feral,18,6,12
Soldadito,zuljin,572,druid,feral,15,7,8
Seraphim,lightnings-blade,571,druid,feral,12,6,6
Snowlion,the-forgotten-coast,570,druid,feral,12,6,6
Expells,nemesis,569,druid,feral,18,6,12
Pawprika,tichondrius,562,druid,feral,24,6,18
Fogboom,area-52,543,druid,feral,14,7,7
Druidcyber,stormrage,543,druid,feral,16,6,10
Dreamfyre,kiljaeden,543,druid,feral,17,6,11
Lémons,tichondrius,542,druid,feral,17,6,11
Tatiannaa,stormreaver,528,druid,feral,9,7,2
Wtfimacat,area-52,527,druid,feral,11,6,5
Ðjangø,goldrinn,525,druid,feral,11,6,5
Shadalor,frostmourne,512,druid,feral,16,6,10
Kilbys,nemesis,510,druid,feral,8,6,2
Iamatomic,illidan,509,druid,feral,20,6,14
Druski,lightbringer,508,druid,feral,11,6,5
Bearjoo,kelthuzad,495,druid,feral,18,6,12
Exxh,tichondrius,480,druid,feral,6,5,1
Féralis,sargeras,480,druid,feral,6,5,1
Carboz,jubeithos,480,druid,feral,6,5,1
Enchiladacat,stormrage,480,druid,feral,6,5,1
Sweetnippies,elune,480,druid,feral,6,5,1
Gloomcat,illidan,480,druid,feral,6,5,1
Nbnbnb,proudmoore,480,druid,feral,6,5,1
Kattles,frostmourne,480,druid,feral,6,5,1
Karizikat,tichondrius,480,druid,feral,12,5,7
Calikonger,spirestone,480,druid,feral,12,5,7
Choolah,area-52,480,druid,feral,12,5,7
Softshirtxo,ragnaros,480,druid,feral,12,5,7
Linkinbiox,alleria,480,druid,feral,12,5,7
Yizhiyuren,aegwynn,480,druid,feral,12,5,7
Neetform,zuljin,480,druid,feral,12,5,7
Honeybeam,moon-guard,480,druid,feral,12,5,7
Mythienair,stormrage,480,druid,feral,12,5,7
Pfheral,area-52,480,druid,feral,12,5,7
Topangâ,lightninghoof,480,druid,feral,12,5,7
Loamie,proudmoore,480,druid,feral,12,5,7
Gunnymad,tichondrius,480,druid,feral,12,5,7
Feralhearted,kelthuzad,480,druid,feral,12,5,7
Zeratull,cenarius,480,druid,feral,12,5,7
Bloodyugly,area-52,480,druid,feral,12,5,7
Csinii,bleeding-hollow,480,druid,feral,12,5,7
Kobebeef,malganis,480,druid,feral,18,5,13
Doblun,nemesis,480,druid,feral,18,5,13
Oneninesix,frostmourne,480,druid,feral,18,5,13
Erykk,dalaran,480,druid,feral,18,5,13
Sylvaster,stormrage,480,druid,feral,18,5,13
Anessan,silvermoon,479,druid,feral,12,5,7
Aeonás,tichondrius,479,druid,feral,12,5,7
Animalcade,area-52,479,druid,feral,12,5,7
Balthøs,moon-guard,479,druid,feral,12,5,7
Snugglin,kelthuzad,479,druid,feral,12,5,7
Calani,lightnings-blade,479,druid,feral,12,5,7
Ysemia,drakkari,479,druid,feral,14,5,9
Jonoa,nagrand,479,druid,feral,18,5,13
Drewiid,stormrage,478,druid,feral,12,5,7
Ediiann,cenarius,477,druid,feral,12,5,7
Mavren,uldaman,477,druid,feral,13,5,8
Wokoom,windrunner,474,druid,feral,24,5,19
Moonrg,stormrage,431,druid,feral,11,5,6
Ruhgen,deathwing,431,druid,feral,11,5,6
Yunekai,stormrage,415,druid,feral,11,5,6
Vaelthunis,sargeras,400,druid,feral,13,5,8
Hroney,area-52,384,druid,feral,6,4,2
Olhosdlua,azralon,384,druid,feral,6,4,2
Srwow,elune,384,druid,feral,6,4,2
Notinsanity,proudmoore,384,druid,feral,6,4,2
Mameseph,lightnings-blade,384,druid,feral,6,4,2
Nâturê,dalaran,384,druid,feral,6,4,2
Jaegerbombx,sargeras,384,druid,feral,6,4,2
Oobuck,kilrogg,384,druid,feral,6,4,2
Krobz,bleeding-hollow,384,druid,feral,6,4,2
Vecuronium,tichondrius,384,druid,feral,6,4,2
Unfunnyferal,kelthuzad,384,druid,feral,6,4,2
Hótlife,fizzcrank,384,druid,feral,6,4,2
Bearcathawk,sargeras,384,druid,feral,6,4,2
Aldr,tichondrius,384,druid,feral,6,4,2
Zzkitty,stormreaver,384,druid,feral,6,4,2
Pressuretd,frostmourne,384,druid,feral,6,4,2
Eliteshift,frostmourne,384,druid,feral,6,4,2
Drywatter,tichondrius,384,druid,feral,6,4,2
Curet,lightbringer,384,druid,feral,6,4,2
Orizane,moon-guard,384,druid,feral,6,4,2
Kittycudi,hyjal,384,druid,feral,6,4,2
Cfab,tichondrius,384,druid,feral,6,4,2
Menapäws,area-52,384,druid,feral,6,4,2
Genuine,guldan,384,druid,feral,6,4,2
Kistormx,tichondrius,384,druid,feral,6,4,2
Concordya,tichondrius,384,druid,feral,6,4,2
Toiiz,malganis,384,druid,feral,9,4,5
Barbary,tichondrius,384,druid,feral,12,4,8
Sellîas,senjin,384,druid,feral,12,4,8
Ewok,vashj,384,druid,feral,12,4,8
Pollykush,sargeras,384,druid,feral,12,4,8
Auxl,tichondrius,384,druid,feral,12,4,8
Unfriendly,bleeding-hollow,384,druid,feral,12,4,8
Moohok,bleeding-hollow,384,druid,feral,12,4,8
Carnumoose,zuljin,384,druid,feral,12,4,8
Weeñor,tichondrius,384,druid,feral,12,4,8
Feralgød,tichondrius,384,druid,feral,12,4,8
Alaillais,moon-guard,384,druid,feral,12,4,8
Quiziato,burning-legion,384,druid,feral,12,4,8
Carlosd,tichondrius,384,druid,feral,12,4,8
Toetoetoete,darrowmere,384,druid,feral,12,4,8
Kajla,sargeras,384,druid,feral,12,4,8
Bearlylegalz,kelthuzad,384,druid,feral,12,4,8
Startalons,area-52,384,druid,feral,18,4,14
Udala,durotan,383,druid,feral,6,4,2
Mfgs,kelthuzad,383,druid,feral,12,4,8
Sansao,sargeras,383,druid,feral,12,4,8
Shoboski,quelthalas,383,druid,feral,12,4,8
Porrosman,quelthalas,383,druid,feral,12,4,8
Topguncarl,illidan,383,druid,feral,12,4,8
Bramth,quelthalas,383,druid,feral,12,4,8
Mogli,perenolde,383,druid,feral,30,4,26
Ssimbaa,area-52,382,druid,feral,12,4,8
Jabiso,smolderthorn,382,druid,feral,12,4,8
Eightyhd,ravencrest,351,druid,feral,11,4,7
Defku,quelthalas,330,druid,feral,28,6,22
Riddickd,malfurion,288,druid,feral,6,3,3
Sugarbawls,area-52,288,druid,feral,6,3,3
Chopleaf,khadgar,288,druid,feral,6,3,3
Jeperty,tichondrius,288,druid,feral,6,3,3
Whitetigeris,tichondrius,288,druid,feral,6,3,3
Riverthorne,moon-guard,288,druid,feral,6,3,3
Øvernight,azralon,288,druid,feral,6,3,3
Lilrichdmg,sargeras,288,druid,feral,6,3,3
Parallax,shadowsong,288,druid,feral,6,3,3
Bubbleshiftz,area-52,288,druid,feral,6,3,3
Datlogan,tichondrius,288,druid,feral,6,3,3
Plantdaddy,bladefist,288,druid,feral,6,3,3
Frrest,proudmoore,288,druid,feral,6,3,3
Ogversaucey,skullcrusher,288,druid,feral,6,3,3
Tommyjimmy,andorhal,288,druid,feral,6,3,3
Thecolortwoo,tichondrius,288,druid,feral,6,3,3
Kurokyy,frostmourne,288,druid,feral,6,3,3
Celetra,kiljaeden,288,druid,feral,6,3,3
Griefs,emerald-dream,288,druid,feral,6,3,3
Aligantor,thrall,288,druid,feral,6,3,3
Zadayos,aerie-peak,288,druid,feral,6,3,3
Rígél,ragnaros,288,druid,feral,6,3,3
Ripbot,sargeras,288,druid,feral,6,3,3
Elythria,hellscream,288,druid,feral,6,3,3
Tasselhoof,hyjal,288,druid,feral,6,3,3
Chowxx,tichondrius,288,druid,feral,6,3,3
Bere,kul-tiras,288,druid,feral,6,3,3
Steakjr,senjin,288,druid,feral,6,3,3
Arienne,kelthuzad,288,druid,feral,6,3,3
Destrez,ragnaros,288,druid,feral,6,3,3
Noet,ragnaros,288,druid,feral,6,3,3
Owlcapwn,stormreaver,288,druid,feral,6,3,3
Opconvoke,illidan,288,druid,feral,6,3,3
Pokeyouryolk,sargeras,288,druid,feral,6,3,3
Shiftex,arthas,288,druid,feral,6,3,3
Bootayclappa,sargeras,288,druid,feral,6,3,3
Nofeets,azshara,288,druid,feral,6,3,3
Bables,tichondrius,288,druid,feral,6,3,3
Deaddpool,ragnaros,288,druid,feral,6,3,3
Ahhpalu,tichondrius,288,druid,feral,6,3,3
Hitchslaps,tichondrius,288,druid,feral,6,3,3
Espoir,azuremyst,288,druid,feral,6,3,3
Yesqt,dalaran,288,druid,feral,6,3,3
Posmard,ragnaros,288,druid,feral,6,3,3
Katatafish,azralon,288,druid,feral,6,3,3
Druidsling,mugthol,288,druid,feral,6,3,3
Deadlykept,ragnaros,288,druid,feral,6,3,3
Rotclaws,stormrage,288,druid,feral,6,3,3
Worgbearpig,destromath,288,druid,feral,6,3,3
Afrogx,dalaran,288,druid,feral,6,3,3
Dkkng,dalaran,288,druid,feral,6,3,3
Tchallå,tichondrius,288,druid,feral,12,3,9
Hobbles,emerald-dream,288,druid,feral,12,3,9
Zauska,cenarion-circle,288,druid,feral,12,3,9
Lilnippy,stormscale,288,druid,feral,12,3,9
Flushi,nagrand,288,druid,feral,12,3,9
Ráhilk,quelthalas,288,druid,feral,12,3,9
Vorare,tichondrius,288,druid,feral,12,3,9
Drailyo,ravenholdt,288,druid,feral,12,3,9
Tenedoors,ragnaros,288,druid,feral,12,3,9
Hídde,quelthalas,288,druid,feral,12,3,9
Solstice,frostmourne,288,druid,feral,12,3,9
Näna,dalaran,288,druid,feral,12,3,9
Uniquex,zuljin,288,druid,feral,12,3,9
Oo,grizzly-hills,288,druid,feral,12,3,9
Rivetrix,azralon,288,druid,feral,12,3,9
Catorcow,aegwynn,288,druid,feral,13,3,10
Iamthewambo,bloodhoof,288,druid,feral,30,3,27
Extremeshift,dalaran,287,druid,feral,8,4,4
Kurodash,tichondrius,287,druid,feral,6,3,3
Slymar,darkspear,287,druid,feral,6,3,3
Rawrii,nemesis,287,druid,feral,6,3,3
Schwiftea,skullcrusher,287,druid,feral,12,3,9
Eglania,stormrage,286,druid,feral,6,3,3
Slapymilf,dentarg,239,druid,feral,5,3,2
Yámï,stormrage,239,druid,feral,5,3,2
Rosalba,zuljin,221,druid,feral,29,8,21
Ebrìthil,hyjal,208,druid,feral,7,3,4
Puiltraxs,ragnaros,192,druid,feral,4,3,1
Gouzz,frostmourne,192,druid,feral,6,2,4
Taztoc,stormrage,192,druid,feral,6,2,4
Taiga,moon-guard,192,druid,feral,6,2,4
Kurakai,runetotem,192,druid,feral,6,2,4
Corym,frostmourne,192,druid,feral,6,2,4
Loserceo,stormrage,192,druid,feral,6,2,4
Bronaarr,nordrassil,192,druid,feral,6,2,4
Athious,moon-guard,192,druid,feral,6,2,4
Augus,hyjal,192,druid,feral,6,2,4
Shiftalk,nerzhul,192,druid,feral,6,2,4
Maplesyrup,moonrunner,192,druid,feral,6,2,4
Hupod,proudmoore,192,druid,feral,6,2,4
Dawsonxo,proudmoore,192,druid,feral,6,2,4
Onewitnature,nordrassil,192,druid,feral,6,2,4
Bullbuddy,wyrmrest-accord,192,druid,feral,6,2,4
Yakir,kiljaeden,192,druid,feral,6,2,4
Hännibal,hydraxis,192,druid,feral,6,2,4
Shiftwork,korgath,192,druid,feral,6,2,4
Imass,draka,192,druid,feral,6,2,4
Unclebolty,frostmourne,192,druid,feral,6,2,4
Barrah,barthilas,192,druid,feral,6,2,4
Prosperz,dalaran,192,druid,feral,6,2,4
Dreadonly,tichondrius,192,druid,feral,6,2,4
Dinnerbone,echo-isles,192,druid,feral,6,2,4
Manwool,illidan,192,druid,feral,6,2,4
Haegur,tichondrius,192,druid,feral,6,2,4
Milkmoneymeo,illidan,192,druid,feral,6,2,4
Binjuicex,frostmourne,192,druid,feral,6,2,4
Owd,tichondrius,192,druid,feral,6,2,4
Vivinara,moon-guard,192,druid,feral,6,2,4
Dankbite,doomhammer,192,druid,feral,6,2,4
Bdsurges,illidan,192,druid,feral,6,2,4
Kanadae,thrall,192,druid,feral,6,2,4
Klawzy,thrall,192,druid,feral,6,2,4
Catmóm,tichondrius,192,druid,feral,6,2,4
Samsaralol,tichondrius,192,druid,feral,6,2,4
Worldly,medivh,192,druid,feral,6,2,4
Tootiebootie,bleeding-hollow,192,druid,feral,6,2,4
Asmondruud,tichondrius,192,druid,feral,6,2,4
Stolenrims,tichondrius,192,druid,feral,6,2,4
Ikova,frostmourne,192,druid,feral,6,2,4
Sosorry,blackhand,192,druid,feral,6,2,4
Uphine,area-52,192,druid,feral,6,2,4
Snupy,area-52,192,druid,feral,6,2,4
Qouro,area-52,192,druid,feral,6,2,4
Veryhighrn,area-52,192,druid,feral,6,2,4
Bigthirty,area-52,192,druid,feral,6,2,4
Illr,laughing-skull,192,druid,feral,6,2,4
Varietypack,antonidas,192,druid,feral,6,2,4
Theliono,lightnings-blade,192,druid,feral,6,2,4
Nabious,malganis,192,druid,feral,6,2,4
Atreis,malganis,192,druid,feral,6,2,4
Milezy,area-52,192,druid,feral,6,2,4
Lavanca,azralon,192,druid,feral,6,2,4
Tysandra,sargeras,192,druid,feral,6,2,4
Pawblems,sargeras,192,druid,feral,6,2,4
Juiceonlips,sargeras,192,druid,feral,6,2,4
Evolute,sargeras,192,druid,feral,6,2,4
Katskratch,sargeras,192,druid,feral,6,2,4
Apothe,emerald-dream,192,druid,feral,6,2,4
Wreckked,sargeras,192,druid,feral,6,2,4
Àcid,stormreaver,192,druid,feral,12,2,10
Faroo,azralon,192,druid,feral,12,2,10
Seyala,moon-guard,192,druid,feral,12,2,10
Shiftyounot,shattered-hand,192,druid,feral,12,2,10
Codieneme,blades-edge,192,druid,feral,12,2,10
Drabo,boulderfist,192,druid,feral,12,2,10
Nerfdemo,kiljaeden,192,druid,feral,12,2,10
Igneël,ragnaros,192,druid,feral,12,2,10
Meudayr,crushridge,192,druid,feral,12,2,10
Happyc,bleeding-hollow,192,druid,feral,12,2,10
Sisilo,bonechewer,192,druid,feral,12,2,10
Shadedmika,zuljin,192,druid,feral,12,2,10
Nokther,muradin,192,druid,feral,18,2,16
Feralhearted,tichondrius,175,druid,feral,11,2,9
Bowbaggins,bleeding-hollow,159,druid,feral,5,2,3
Jdoozie,bleeding-hollow,159,druid,feral,5,2,3
Jihadibleeds,stormrage,138,druid,feral,7,3,4
Kipsmiffly,darkspear,128,druid,feral,4,2,2
Mawnster,drenden,96,druid,feral,3,2,1
Jawsbee,emerald-dream,96,druid,feral,6,1,5
Polyproof,emerald-dream,96,druid,feral,6,1,5
Ghostboy,zuljin,96,druid,feral,6,1,5
Lakroz,zuljin,96,druid,feral,6,1,5
Krawnk,zuljin,96,druid,feral,6,1,5
Importedalc,zuljin,96,druid,feral,6,1,5
Frëýá,bleeding-hollow,96,druid,feral,6,1,5
Purpyo,bleeding-hollow,96,druid,feral,6,1,5
Ban,chogall,96,druid,feral,6,1,5
Wreckingcrew,emerald-dream,96,druid,feral,6,1,5
Healthy,auchindoun,96,druid,feral,6,1,5
Vernaar,laughing-skull,96,druid,feral,6,1,5
Samedo,sargeras,96,druid,feral,6,1,5
Valdr,stormrage,96,druid,feral,6,1,5
Furrycon,ysera,96,druid,feral,6,1,5
Ticømia,stormrage,96,druid,feral,6,1,5
Ymirgore,zuljin,96,druid,feral,6,1,5
Feralhefty,stormrage,96,druid,feral,6,1,5
Fortunecat,illidan,96,druid,feral,6,1,5
Dééz,illidan,96,druid,feral,6,1,5
Naztekk,dalaran,96,druid,feral,6,1,5
Liightbite,illidan,96,druid,feral,6,1,5
Raigor,azralon,96,druid,feral,6,1,5
Hynz,barthilas,96,druid,feral,6,1,5
Acórn,frostmourne,96,druid,feral,6,1,5
Édzar,area-52,96,druid,feral,6,1,5
Kollective,sargeras,96,druid,feral,6,1,5
Caelüm,area-52,96,druid,feral,6,1,5
Thebigcat,deathwing,96,druid,feral,6,1,5
Barnabie,black-dragonflight,96,druid,feral,6,1,5
Ausbie,garona,96,druid,feral,6,1,5
Bootzs,kelthuzad,96,druid,feral,6,1,5
Crazypaddy,dark-iron,96,druid,feral,6,1,5
Pibily,sargeras,96,druid,feral,6,1,5
Aquahektik,malganis,96,druid,feral,6,1,5
Chumdrumrum,malganis,96,druid,feral,6,1,5
Jamesbailey,sargeras,96,druid,feral,6,1,5
Ashmíla,ragnaros,96,druid,feral,6,1,5
Houseboat,hellscream,96,druid,feral,6,1,5
Droody,earthen-ring,96,druid,feral,6,1,5
Purrcat,tichondrius,96,druid,feral,6,1,5
Cattdog,tichondrius,96,druid,feral,6,1,5
Gretatunberg,skywall,96,druid,feral,6,1,5
Glorp,blackwater-raiders,96,druid,feral,6,1,5
Shlümp,tichondrius,96,druid,feral,6,1,5
Ojira,moon-guard,96,druid,feral,6,1,5
Deelark,skywall,96,druid,feral,6,1,5
Yungle,tichondrius,96,druid,feral,6,1,5
Terminated,tichondrius,96,druid,feral,6,1,5
Makonis,tichondrius,96,druid,feral,6,1,5
Captclaws,tichondrius,96,druid,feral,6,1,5
Lunarboy,tichondrius,96,druid,feral,6,1,5
Absoles,agamaggan,96,druid,feral,6,1,5
Capson,darkspear,96,druid,feral,6,1,5
Alope,blades-edge,96,druid,feral,6,1,5
Crowaar,moon-guard,96,druid,feral,6,1,5
Byefren,darkspear,96,druid,feral,7,1,6
Lonewolfdrd,illidan,96,druid,feral,12,1,11
Owlcapwn,tichondrius,96,druid,feral,12,1,11
Versipex,emerald-dream,96,druid,feral,12,1,11
Grovestalker,nemesis,96,druid,feral,12,1,11
Habras,alterac-mountains,96,druid,feral,12,1,11
Rorhenn,moon-guard,96,druid,feral,12,1,11
Ballsnack,zuljin,96,druid,feral,12,1,11
Furiøsä,quelthalas,95,druid,feral,6,1,5
Gitsnshigles,frostmourne,79,druid,feral,5,1,4
Pixyls,bleeding-hollow,48,druid,feral,3,1,2
Trippykitty,tichondrius,48,druid,feral,3,1,2
Wierdosaur,azralon,48,druid,feral,3,1,2
Ânhur,tichondrius,42,druid,feral,11,2,9
Enderhero,illidan,42,druid,feral,14,2,12
Psynix,zuljin,16,druid,feral,1,1,0
Laryfsherman,tichondrius,2324,druid,balance,83,54,29
Fredagn,illidan,2306,druid,balance,90,55,35
Legionsucks,tanaris,2277,druid,balance,126,71,55
Jbz,balnazzar,2269,druid,balance,183,118,65
Owl,shadowsong,2263,druid,balance,102,60,42
Supatease,tichondrius,2231,druid,balance,105,60,45
Cti,tichondrius,2204,druid,balance,59,42,17
Tanerno,illidan,2201,druid,balance,108,65,43
Theforeigner,arathor,2194,druid,balance,59,46,13
Bkqtpie,tichondrius,2176,druid,balance,106,59,47
Flapz,illidan,2164,druid,balance,66,38,28
Kidcudi,dentarg,2160,druid,balance,174,91,83
Notes,farstriders,2147,druid,balance,98,51,47
Pushpop,frostmourne,2141,druid,balance,66,44,22
Impëria,quelthalas,2137,druid,balance,89,58,31
Houli,tichondrius,2134,druid,balance,96,50,46
Peterßigßeam,malganis,2131,druid,balance,88,47,41
Nbadizzyboy,illidan,2130,druid,balance,53,43,10
Lavlol,frostmourne,2130,druid,balance,203,114,89
Xijînping,tichondrius,2125,druid,balance,69,41,28
Flowerboï,azralon,2123,druid,balance,90,64,26
Brose,malganis,2115,druid,balance,66,43,23
Altoberano,azralon,2111,druid,balance,89,49,40
Fergh,tichondrius,2109,druid,balance,83,45,38
Gritzxv,stormrage,2105,druid,balance,83,48,35
Ertuzi,tichondrius,2102,druid,balance,72,49,23
Sqwippyd,tichondrius,2102,druid,balance,78,49,29
Dízzen,bleeding-hollow,2092,druid,balance,84,53,31
Trusyrusty,stormrage,2084,druid,balance,127,71,56
Soggykfc,illidan,2078,druid,balance,140,76,64
Snöwghost,aerie-peak,2067,druid,balance,185,99,86
Gugukuaipao,tichondrius,2066,druid,balance,96,50,46
Lazershartz,cenarion-circle,2064,druid,balance,66,36,30
Riskies,tichondrius,2054,druid,balance,150,80,70
Jimmypop,malganis,2049,druid,balance,62,44,18
Balancex,tichondrius,2049,druid,balance,120,58,62
Murruk,darkspear,2044,druid,balance,147,84,63
Smëagol,zuljin,2042,druid,balance,60,36,24
Fhormations,area-52,2038,druid,balance,84,52,32
Omends,thrall,2034,druid,balance,104,58,46
Dilondru,area-52,2023,druid,balance,99,65,34
Hayase,tichondrius,2022,druid,balance,82,50,32
Biophilic,moon-guard,2020,druid,balance,94,48,46
Houlix,stormrage,2017,druid,balance,122,59,63
Soulz,quelthalas,2012,druid,balance,72,43,29
Murkeÿ,frostmourne,2004,druid,balance,108,50,58
Cultnelf,illidan,2001,druid,balance,68,42,26
Enøsh,tichondrius,2000,druid,balance,60,38,22
Zneb,darkspear,1987,druid,balance,36,29,7
Dogwáter,tichondrius,1984,druid,balance,40,29,11
Foekinghobo,sargeras,1984,druid,balance,96,59,37
Tranquilo,stormrage,1984,druid,balance,102,58,44
Tòmathy,tichondrius,1982,druid,balance,65,38,27
Fracxx,area-52,1981,druid,balance,30,21,9
Nokomanida,zuljin,1977,druid,balance,69,42,27
Bigdiablo,frostmourne,1971,druid,balance,124,67,57
Treirus,sargeras,1965,druid,balance,82,64,18
Gspx,dalaran,1965,druid,balance,48,26,22
Compléx,tichondrius,1961,druid,balance,66,33,33
Pønchø,quelthalas,1960,druid,balance,56,33,23
Mewfasa,duskwood,1959,druid,balance,111,70,41
Boomçhicken,tichondrius,1959,druid,balance,58,31,27
Flatass,cairne,1958,druid,balance,68,44,24
Daspdruid,nagrand,1957,druid,balance,212,109,103
Vertderferk,tichondrius,1954,druid,balance,68,40,28
Ezgamed,tichondrius,1950,druid,balance,69,46,23
Psychotycxd,tichondrius,1949,druid,balance,96,57,39
Sebastian,tichondrius,1937,druid,balance,59,36,23
Toughshift,zuljin,1936,druid,balance,66,28,38
John,azralon,1930,druid,balance,108,50,58
Lovemakitty,sargeras,1922,druid,balance,78,46,32
Komacine,emerald-dream,1922,druid,balance,277,157,120
Bubalolz,quelthalas,1919,druid,balance,161,86,75
Acdru,tichondrius,1911,druid,balance,67,37,30
Vengex,sargeras,1904,druid,balance,48,30,18
Swaggu,kelthuzad,1899,druid,balance,60,40,20
Knotgiver,moon-guard,1899,druid,balance,52,31,21
Thugrose,blackrock,1899,druid,balance,42,23,19
Astraldank,tichondrius,1897,druid,balance,82,49,33
Vernaar,laughing-skull,1888,druid,balance,84,47,37
Oakwalker,moon-guard,1887,druid,balance,90,49,41
Wereocelot,firetree,1886,druid,balance,78,50,28
Druidstin,tichondrius,1883,druid,balance,66,33,33
Hefkerd,tichondrius,1881,druid,balance,30,20,10
Lazersnewch,kelthuzad,1877,druid,balance,60,35,25
Sonicphantom,kelthuzad,1876,druid,balance,41,28,13
Pisces,emerald-dream,1873,druid,balance,56,34,22
Jakob,arygos,1873,druid,balance,102,60,42
Möshinòõb,proudmoore,1865,druid,balance,58,40,18
Sarvi,zuljin,1864,druid,balance,33,24,9
Elythria,hellscream,1863,druid,balance,30,26,4
Vuru,azralon,1860,druid,balance,41,29,12
Wnxmomthicc,tichondrius,1860,druid,balance,36,24,12
Lilbeam,sargeras,1855,druid,balance,42,27,15
Solareclipse,tichondrius,1855,druid,balance,54,30,24
Herpadruid,illidan,1855,druid,balance,96,43,53
Thundoon,tichondrius,1854,druid,balance,36,23,13
Hogd,illidan,1854,druid,balance,60,35,25
Johnieboy,azralon,1850,druid,balance,45,32,13
Beefnudlsoup,tichondrius,1850,druid,balance,54,31,23
Pennytrate,barthilas,1847,druid,balance,66,44,22
Cousa,zuljin,1846,druid,balance,46,32,14
Jayelljaÿ,thrall,1844,druid,balance,105,64,41
Swayjizz,tichondrius,1841,druid,balance,84,52,32
Basedcatx,tichondrius,1838,druid,balance,47,31,16
Gèb,dalaran,1835,druid,balance,116,71,45
Sawsaw,bleeding-hollow,1832,druid,balance,74,42,32
Ilovediegoxo,kelthuzad,1830,druid,balance,48,32,16
Deloria,nemesis,1829,druid,balance,42,25,17
Dontnerfmore,queldorei,1829,druid,balance,66,31,35
Moozzash,azralon,1828,druid,balance,54,32,22
Spamclonewin,tichondrius,1828,druid,balance,93,54,39
Chernovax,kelthuzad,1828,druid,balance,87,47,40
Harukai,azralon,1826,druid,balance,78,50,28
Dorlingus,tichondrius,1825,druid,balance,42,28,14
Ericzzdd,tichondrius,1823,druid,balance,54,40,14
Poliage,moon-guard,1823,druid,balance,125,73,52
Etherêal,stormrage,1822,druid,balance,78,44,34
Clonemunster,frostmourne,1821,druid,balance,66,38,28
Resorange,malganis,1818,druid,balance,48,29,19
Rìniroo,area-52,1816,druid,balance,48,30,18
Xenny,chogall,1815,druid,balance,48,34,14
Laser,bonechewer,1815,druid,balance,36,25,11
Raïsin,moon-guard,1814,druid,balance,45,26,19
Animatronixz,area-52,1813,druid,balance,66,34,32
Moonkay,tichondrius,1810,druid,balance,42,26,16
Spacedruidx,illidan,1810,druid,balance,72,42,30
Byk,tichondrius,1810,druid,balance,54,30,24
Bables,tichondrius,1809,druid,balance,54,35,19
Cocainebeär,tichondrius,1808,druid,balance,54,30,24
Halenson,illidan,1803,druid,balance,40,26,14
Starbränd,azralon,1803,druid,balance,60,38,22
Itachi,dragonmaw,1803,druid,balance,65,38,27
Vengexd,sargeras,1802,druid,balance,24,19,5
Mythleaf,ragnaros,1802,druid,balance,120,70,50
Zoteqt,kelthuzad,1802,druid,balance,102,57,45
Buffjungle,tichondrius,1801,druid,balance,36,20,16
Jaxer,illidan,1799,druid,balance,93,61,32
Metroboomy,magtheridon,1795,druid,balance,68,40,28
Lekick,tichondrius,1795,druid,balance,66,36,30
Chal,illidan,1791,druid,balance,53,32,21
Alpine,eldrethalas,1790,druid,balance,54,35,19
Sueycide,tichondrius,1788,druid,balance,65,30,35
Yepz,tichondrius,1786,druid,balance,51,27,24
Dànkness,frostwolf,1784,druid,balance,36,23,13
Faerie,kaelthas,1781,druid,balance,46,29,17
Ataraxie,illidan,1780,druid,balance,78,47,31
Orollå,tichondrius,1771,druid,balance,50,29,21
Boomybro,thrall,1768,druid,balance,140,84,56
Petruccius,nordrassil,1768,druid,balance,130,67,63
Dôcteurowl,zuljin,1767,druid,balance,47,25,22
Maligoz,nemesis,1759,druid,balance,89,48,41
Sommerrays,kelthuzad,1753,druid,balance,54,27,27
Thottiie,hyjal,1750,druid,balance,48,28,20
Nyloke,kelthuzad,1747,druid,balance,54,39,15
Dextructive,tichondrius,1745,druid,balance,101,49,52
Fleasy,wyrmrest-accord,1744,druid,balance,68,41,27
Readt,malganis,1738,druid,balance,198,108,90
Ebrìthil,hyjal,1737,druid,balance,54,27,27
Lilkitty,tichondrius,1735,druid,balance,136,74,62
Nxf,sargeras,1734,druid,balance,35,21,14
Druidwhat,stormrage,1734,druid,balance,153,81,72
Druidk,tichondrius,1728,druid,balance,60,28,32
Dipii,proudmoore,1726,druid,balance,24,18,6
Auras,kelthuzad,1726,druid,balance,102,68,34
Bunnykiss,tichondrius,1726,druid,balance,64,30,34
Equinøxx,malganis,1724,druid,balance,35,25,10
Bentøbøx,barthilas,1721,druid,balance,35,19,16
Glazinator,sargeras,1721,druid,balance,148,72,76
Wecksox,area-52,1721,druid,balance,246,119,127
Xantastic,area-52,1719,druid,balance,42,24,18
Deviperdruid,frostmourne,1718,druid,balance,39,28,11
Swiftydel,frostmourne,1718,druid,balance,42,27,15
Starsucceed,illidan,1718,druid,balance,42,21,21
Oungan,illidan,1716,druid,balance,92,51,41
Convokeopp,tichondrius,1713,druid,balance,24,21,3
Gillidd,bleeding-hollow,1713,druid,balance,24,18,6
Jojo,ysera,1713,druid,balance,66,34,32
Showmanship,tichondrius,1711,druid,balance,30,23,7
Sadboy,moon-guard,1711,druid,balance,113,58,55
Líu,area-52,1705,druid,balance,84,52,32
Lunalai,bloodhoof,1705,druid,balance,78,42,36
Kyura,sargeras,1705,druid,balance,130,62,68
Melloj,kelthuzad,1704,druid,balance,54,31,23
Mädnhairy,zuljin,1703,druid,balance,45,28,17
Rerob,aerie-peak,1702,druid,balance,50,26,24
Spinach,moon-guard,1702,druid,balance,93,48,45
Naakx,tichondrius,1701,druid,balance,47,28,19
Kamero,tichondrius,1697,druid,balance,45,26,19
Tunaren,wyrmrest-accord,1696,druid,balance,42,21,21
Raquelitá,ragnaros,1694,druid,balance,28,19,9
Drcuy,ragnaros,1694,druid,balance,62,34,28
Moonflora,stormrage,1694,druid,balance,105,56,49
Nickyü,ragnaros,1689,druid,balance,36,18,18
Bloomqt,tichondrius,1688,druid,balance,90,54,36
Pipiwiwi,stormrage,1688,druid,balance,87,48,39
Aule,frostmourne,1687,druid,balance,36,18,18
Nophysique,zuljin,1686,druid,balance,70,40,30
Rizzit,wyrmrest-accord,1684,druid,balance,40,21,19
Kletys,azralon,1682,druid,balance,42,25,17
Treeheehee,frostmourne,1680,druid,balance,39,31,8
Çørrúptíøñzx,tichondrius,1679,druid,balance,30,20,10
Harryhotter,blackrock,1679,druid,balance,97,50,47
Daddyshift,proudmoore,1677,druid,balance,56,30,26
Ruthlessbro,sargeras,1677,druid,balance,85,45,40
Pizzaparties,tichondrius,1676,druid,balance,35,28,7
Geezbutt,tichondrius,1675,druid,balance,85,37,48
Ànìmàl,stormrage,1674,druid,balance,36,27,9
Wallower,malganis,1667,druid,balance,54,24,30
Yipëë,moon-guard,1666,druid,balance,64,34,30
Trapdoorboom,illidan,1666,druid,balance,84,43,41
Jacusias,stormrage,1664,druid,balance,105,56,49
Seilah,lightbringer,1660,druid,balance,36,20,16
Foafoa,illidan,1657,druid,balance,31,19,12
Pannaxx,tichondrius,1653,druid,balance,30,21,9
Aull,kelthuzad,1653,druid,balance,36,19,17
Cobal,goldrinn,1653,druid,balance,347,177,170
Roar,moon-guard,1652,druid,balance,45,31,14
Înfamous,thrall,1652,druid,balance,36,24,12
Starlyxo,malganis,1652,druid,balance,59,37,22
Droodaphobé,sargeras,1652,druid,balance,35,20,15
Druentia,tichondrius,1650,druid,balance,30,20,10
Davione,tichondrius,1644,druid,balance,36,23,13
Josepha,tichondrius,1643,druid,balance,30,20,10
Panansy,stormrage,1643,druid,balance,227,110,117
Partylord,malganis,1641,druid,balance,96,51,45
Grapeful,frostmourne,1640,druid,balance,66,37,29
Chøpstixs,bleeding-hollow,1639,druid,balance,48,28,20
Sodapooping,azjolnerub,1638,druid,balance,42,33,9
Goochies,aerie-peak,1638,druid,balance,29,18,11
Ailari,moon-guard,1637,druid,balance,52,28,24
Jillferal,proudmoore,1636,druid,balance,48,32,16
Killiamp,tichondrius,1636,druid,balance,41,27,14
Thamoonsbak,aggramar,1635,druid,balance,35,18,17
Lostnsauce,tichondrius,1630,druid,balance,48,36,12
Beretta,rexxar,1630,druid,balance,72,44,28
Djsummer,tichondrius,1629,druid,balance,77,42,35
Kekepöp,illidan,1628,druid,balance,36,25,11
Bearyhallsjr,sargeras,1627,druid,balance,24,17,7
Pils,nemesis,1624,druid,balance,60,39,21
Ablackdruid,moon-guard,1624,druid,balance,35,21,14
Khryllx,tichondrius,1623,druid,balance,30,20,10
Soonntkgo,ragnaros,1623,druid,balance,56,29,27
Form,bleeding-hollow,1622,druid,balance,36,23,13
Reàsons,stormrage,1622,druid,balance,60,27,33
Jeanz,bonechewer,1621,druid,balance,30,21,9
Realmehji,wyrmrest-accord,1619,druid,balance,30,23,7
Mûû,tichondrius,1619,druid,balance,80,46,34
Cyclone,darkspear,1618,druid,balance,36,17,19
Wildslash,proudmoore,1617,druid,balance,75,37,38
Frames,area-52,1617,druid,balance,53,24,29
Yaboidakota,stormrage,1616,druid,balance,81,50,31
Yazmawma,tichondrius,1616,druid,balance,30,18,12
Mastabtw,illidan,1616,druid,balance,30,17,13
Oppose,akama,1613,druid,balance,30,19,11
Jemima,auchindoun,1613,druid,balance,82,49,33
Hxzard,dalaran,1612,druid,balance,24,17,7
Duglas,illidan,1612,druid,balance,91,55,36
Ellguin,malganis,1611,druid,balance,60,44,16
Skeevz,darkspear,1611,druid,balance,32,20,12
Meatbender,frostmourne,1611,druid,balance,30,17,13
Sibby,barthilas,1611,druid,balance,42,21,21
Boomchickens,area-52,1610,druid,balance,36,22,14
Pänzerkin,sargeras,1609,druid,balance,30,21,9
Druiddruid,daggerspine,1608,druid,balance,41,28,13
Zeromoon,frostmourne,1608,druid,balance,41,20,21
Boys,bleeding-hollow,1606,druid,balance,42,24,18
Braviel,stormrage,1605,druid,balance,54,32,22
Wòót,stormreaver,1604,druid,balance,60,42,18
Lyshani,thrall,1604,druid,balance,46,27,19
Bathrobe,bloodscalp,1604,druid,balance,36,19,17
Formhub,malganis,1604,druid,balance,48,22,26
Softkiller,chogall,1603,druid,balance,36,23,13
Brokenomega,area-52,1603,druid,balance,78,49,29
Anchunlol,tichondrius,1603,druid,balance,36,19,17
Gordzak,illidan,1602,druid,balance,42,22,20
Hessenmèow,tichondrius,1601,druid,balance,42,19,23
Brodda,sargeras,1600,druid,balance,192,100,92
Doomdawn,sargeras,1600,druid,balance,83,41,42
Mortqt,tichondrius,1598,druid,balance,36,19,17
Gatø,area-52,1598,druid,balance,54,23,31
Soupbeandru,zuljin,1593,druid,balance,48,28,20
Maviç,hyjal,1593,druid,balance,72,40,32
Aethisra,moon-guard,1587,druid,balance,101,58,43
Beamrooster,silvermoon,1586,druid,balance,36,23,13
Quelarre,velen,1582,druid,balance,40,24,16
Snugglin,kelthuzad,1582,druid,balance,48,23,25
Bukkwild,stormrage,1580,druid,balance,27,22,5
Shîfty,ysondre,1580,druid,balance,65,35,30
Zettka,tichondrius,1575,druid,balance,38,25,13
Hoagiecannon,moon-guard,1575,druid,balance,131,72,59
Angryjo,tichondrius,1574,druid,balance,23,17,6
Sombrien,stormrage,1573,druid,balance,90,46,44
Odirtytshirt,malganis,1572,druid,balance,37,20,17
Catpoop,frostmourne,1568,druid,balance,24,17,7
Ðøomkinz,azjolnerub,1565,druid,balance,36,23,13
Swoopy,stormrage,1563,druid,balance,79,44,35
Fìlø,bleeding-hollow,1562,druid,balance,74,49,25
Xiaoshuaigê,illidan,1562,druid,balance,30,18,12
Convokeula,tichondrius,1559,druid,balance,60,37,23
Animaldoctor,illidan,1558,druid,balance,39,27,12
Polánd,area-52,1558,druid,balance,57,32,25
Fancynut,kiljaeden,1558,druid,balance,42,19,23
Venkin,gnomeregan,1557,druid,balance,36,18,18
Elyveen,proudmoore,1556,druid,balance,51,38,13
Alaillais,moon-guard,1554,druid,balance,30,17,13
Syclonez,stormrage,1554,druid,balance,42,21,21
Drdrulittle,darkspear,1553,druid,balance,78,40,38
Wiiee,darkspear,1551,druid,balance,72,44,28
Nodadpullout,tichondrius,1550,druid,balance,30,17,13
Krahz,lightnings-blade,1549,druid,balance,199,102,97
Thespían,tichondrius,1548,druid,balance,269,142,127
Hagatta,stormrage,1546,druid,balance,133,69,64
Boome,blackrock,1542,druid,balance,48,27,21
Ihavehothots,kiljaeden,1540,druid,balance,38,26,12
Montrá,stormrage,1537,druid,balance,84,38,46
Hikoro,sargeras,1536,druid,balance,126,74,52
Kzinti,zuluhed,1536,druid,balance,65,26,39
Midoo,proudmoore,1535,druid,balance,44,22,22
Umadornahh,malganis,1534,druid,balance,36,21,15
Moonra,malganis,1533,druid,balance,30,18,12
Nightstalkr,kelthuzad,1532,druid,balance,130,75,55
Stellar,steamwheedle-cartel,1531,druid,balance,18,16,2
Hasteley,khadgar,1531,druid,balance,53,24,29
November,wyrmrest-accord,1530,druid,balance,92,52,40
Kg,cenarion-circle,1529,druid,balance,143,83,60
Komaner,frostmourne,1529,druid,balance,36,16,20
Lavanis,stormrage,1528,druid,balance,179,95,84
Cyeq,blackrock,1526,druid,balance,243,127,116
Bcup,sargeras,1524,druid,balance,30,16,14
Sweatydruidx,tichondrius,1523,druid,balance,24,16,8
Smeepy,bleeding-hollow,1523,druid,balance,30,16,14
Rayzer,bleeding-hollow,1523,druid,balance,78,41,37
Druidlolwtf,area-52,1520,druid,balance,108,52,56
Myeow,illidan,1520,druid,balance,74,35,39
Swooped,emerald-dream,1519,druid,balance,53,29,24
Musha,tichondrius,1517,druid,balance,57,30,27
Skyde,sargeras,1517,druid,balance,36,17,19
Pirira,quelthalas,1516,druid,balance,36,21,15
Groovyroom,tichondrius,1516,druid,balance,42,23,19
Treeshift,tichondrius,1515,druid,balance,35,19,16
Lunarbalance,veknilash,1515,druid,balance,60,27,33
Blazeikin,tichondrius,1512,druid,balance,36,16,20
Seyedo,sargeras,1510,druid,balance,30,18,12
Atagoo,tichondrius,1510,druid,balance,144,74,70
Clarice,shattered-halls,1510,druid,balance,53,26,27
Wasabilol,tichondrius,1509,druid,balance,31,18,13
Verbz,arthas,1509,druid,balance,36,16,20
Thatscute,moon-guard,1506,druid,balance,275,144,131
Clense,tichondrius,1505,druid,balance,55,34,21
Sadsex,illidan,1505,druid,balance,71,42,29
Woog,moon-guard,1504,druid,balance,60,34,26
Eseldra,area-52,1504,druid,balance,40,21,19
Awkwarder,emerald-dream,1504,druid,balance,84,43,41
Haneulso,tichondrius,1503,druid,balance,110,63,47
Jxrx,malganis,1501,druid,balance,24,16,8
Niroxic,frostmourne,1500,druid,balance,24,16,8
Nuubmurph,stormrage,1499,druid,balance,33,20,13
Pawpurrazzi,darkspear,1497,druid,balance,24,16,8
Cauroth,azralon,1496,druid,balance,91,49,42
Tak,garrosh,1496,druid,balance,36,17,19
Cabek,malganis,1488,druid,balance,60,32,28
Boxtops,bleeding-hollow,1486,druid,balance,30,20,10
Stepbro,malorne,1484,druid,balance,95,53,42
Tahunne,tichondrius,1482,druid,balance,54,38,16
Byte,ragnaros,1482,druid,balance,29,16,13
Syntheris,kaelthas,1481,druid,balance,81,49,32
Blackjésüs,kelthuzad,1481,druid,balance,117,64,53
Druuyid,jubeithos,1480,druid,balance,66,39,27
Offthezaza,tichondrius,1480,druid,balance,64,32,32
Trapkin,tichondrius,1477,druid,balance,65,46,19
Starsurgê,tichondrius,1477,druid,balance,54,33,21
Fahnir,ragnaros,1477,druid,balance,66,37,29
Aralix,zuljin,1477,druid,balance,33,18,15
Âzn,tichondrius,1475,druid,balance,42,31,11
Loudpax,zuljin,1475,druid,balance,23,16,7
Kuwä,proudmoore,1474,druid,balance,72,36,36
Neytîrî,tichondrius,1468,druid,balance,53,28,25
Kawshuhn,bleeding-hollow,1463,druid,balance,78,47,31
Unclenya,barthilas,1463,druid,balance,72,32,40
Canek,ghostlands,1462,druid,balance,83,44,39
Sofereir,frostmourne,1461,druid,balance,126,64,62
Rakex,tichondrius,1461,druid,balance,38,17,21
Bruddahderpp,tichondrius,1459,druid,balance,30,22,8
Axiomisop,tichondrius,1459,druid,balance,47,30,17
Thunderhox,tichondrius,1459,druid,balance,54,30,24
Gwiffurry,tichondrius,1459,druid,balance,30,16,14
Seyon,tichondrius,1459,druid,balance,33,17,16
Astrals,runetotem,1457,druid,balance,29,16,13
Torrox,tichondrius,1455,druid,balance,69,38,31
Dreamkin,tichondrius,1455,druid,balance,42,21,21
Cowody,moon-guard,1454,druid,balance,29,22,7
Vergota,emerald-dream,1453,druid,balance,39,26,13
Rezlur,tichondrius,1452,druid,balance,35,16,19
Repanda,proudmoore,1451,druid,balance,71,37,34
Lãzy,tichondrius,1450,druid,balance,42,26,16
Paddywhacked,tichondrius,1449,druid,balance,36,22,14
Jruids,stormrage,1449,druid,balance,54,32,22
Maplêleaf,moon-guard,1448,druid,balance,54,24,30
Groggs,frostwolf,1447,druid,balance,27,16,11
Instanodle,proudmoore,1447,druid,balance,36,20,16
Rdruidchump,the-forgotten-coast,1445,druid,balance,32,19,13
Bighomïe,emerald-dream,1445,druid,balance,48,27,21
Rootchan,azralon,1442,druid,balance,46,30,16
Saeval,korgath,1441,druid,balance,54,32,22
Nicotinefien,sargeras,1439,druid,balance,24,15,9
Ripdimebag,frostmourne,1438,druid,balance,34,18,16
Lazygaga,zuljin,1437,druid,balance,27,16,11
Cottonpaw,sargeras,1437,druid,balance,106,62,44
Nebulose,moon-guard,1437,druid,balance,55,25,30
Envoy,sargeras,1435,druid,balance,60,33,27
Falkond,tichondrius,1433,druid,balance,35,18,17
Arealdruid,moon-guard,1433,druid,balance,42,18,24
Hypefull,tichondrius,1432,druid,balance,30,15,15
Raddosaurus,area-52,1432,druid,balance,41,18,23
Djayolo,illidan,1431,druid,balance,18,15,3
Evsn,tichondrius,1431,druid,balance,18,15,3
Olongjonsson,wyrmrest-accord,1431,druid,balance,30,15,15
Zhinger,tichondrius,1431,druid,balance,61,29,32
Shapedance,sargeras,1431,druid,balance,35,16,19
Owlyfans,frostmourne,1430,druid,balance,24,15,9
Mcv,tichondrius,1430,druid,balance,30,15,15
Suncintus,aggramar,1425,druid,balance,48,20,28
Nokash,tichondrius,1425,druid,balance,43,17,26
Squidrific,tichondrius,1424,druid,balance,71,47,24
Ghaal,tichondrius,1424,druid,balance,36,20,16
Gaawdx,illidan,1424,druid,balance,90,39,51
Mèowcenaary,chogall,1423,druid,balance,60,35,25
Padavore,wyrmrest-accord,1422,druid,balance,53,31,22
Gummoo,tichondrius,1420,druid,balance,30,22,8
Monsin,illidan,1420,druid,balance,84,43,41
Relaeh,andorhal,1420,druid,balance,30,15,15
Dontfloodit,tichondrius,1419,druid,balance,57,25,32
Maxspeed,tichondrius,1417,druid,balance,24,15,9
Alliess,aerie-peak,1417,druid,balance,99,50,49
Jentlegiant,tichondrius,1416,druid,balance,24,15,9
Crocface,tichondrius,1415,druid,balance,66,38,28
Brockolini,tichondrius,1414,druid,balance,70,38,32
Gullmock,quelthalas,1412,druid,balance,78,35,43
Feroz,frostmourne,1409,druid,balance,24,15,9
Imnotinhuman,tichondrius,1405,druid,balance,35,22,13
Wizdùm,frostmourne,1405,druid,balance,24,15,9
Huskars,tichondrius,1404,druid,balance,42,24,18
Slyfoxx,stonemaul,1403,druid,balance,92,53,39
Nephdruid,stormrage,1402,druid,balance,30,19,11
Surfingbird,tichondrius,1400,druid,balance,45,32,13
Ghostowl,thrall,1399,druid,balance,24,17,7
Cudbacrakhed,tichondrius,1399,druid,balance,48,27,21
Zuice,thrall,1398,druid,balance,69,32,37
Deathkahn,lightninghoof,1397,druid,balance,60,31,29
Drunknoodles,stormrage,1396,druid,balance,29,16,13
Ulcera,nemesis,1396,druid,balance,33,17,16
Tinkeress,stormrage,1396,druid,balance,84,43,41
Justinheras,area-52,1394,druid,balance,52,30,22
Rashmi,kiljaeden,1389,druid,balance,30,15,15
Seneshy,azralon,1387,druid,balance,30,22,8
Thorothir,ragnaros,1385,druid,balance,42,23,19
Indoee,mannoroth,1385,druid,balance,70,33,37
Driftwood,bonechewer,1382,druid,balance,30,18,12
Drufasa,tichondrius,1378,druid,balance,29,15,14
Nanashi,tichondrius,1378,druid,balance,30,15,15
Shemeus,malganis,1374,druid,balance,54,27,27
Kittiepurry,blackrock,1374,druid,balance,54,25,29
Wildsïde,tichondrius,1373,druid,balance,24,15,9
Starsaber,dalaran,1370,druid,balance,36,21,15
Chonkykitty,frostmourne,1364,druid,balance,24,16,8
Raximus,moon-guard,1363,druid,balance,48,22,26
Skagakr,moon-guard,1362,druid,balance,36,17,19
Druiddreams,frostmourne,1358,druid,balance,24,17,7
Gitsnshigles,frostmourne,1352,druid,balance,43,23,20
Theirs,tichondrius,1351,druid,balance,121,71,50
Tahnu,deathwing,1350,druid,balance,23,15,8
Mythelian,icecrown,1348,druid,balance,60,34,26
Jonoa,nagrand,1344,druid,balance,55,34,21
Muscelmilk,tichondrius,1344,druid,balance,33,19,14
Furu,bonechewer,1344,druid,balance,66,33,33
Scene,frostmourne,1340,druid,balance,18,14,4
Ernest,goldrinn,1340,druid,balance,63,31,32
Boomchí,tichondrius,1337,druid,balance,18,14,4
Boomsquanch,emerald-dream,1337,druid,balance,24,14,10
Cynhawts,emerald-dream,1337,druid,balance,24,14,10
Druizzy,illidan,1336,druid,balance,36,14,22
Midnitetoker,hyjal,1335,druid,balance,24,14,10
Skrimshaw,burning-legion,1335,druid,balance,30,15,15
Brawndiboom,stormrage,1335,druid,balance,59,27,32
Treezús,thrall,1333,druid,balance,36,19,17
Droody,earthen-ring,1333,druid,balance,40,20,20
Breynna,draenor,1333,druid,balance,41,20,21
Yungterp,zuljin,1332,druid,balance,18,14,4
Xvenusaur,bleeding-hollow,1329,druid,balance,21,15,6
Noteff,illidan,1327,druid,balance,30,19,11
Yaboydave,stonemaul,1327,druid,balance,24,14,10
Moohok,bleeding-hollow,1321,druid,balance,30,14,16
Thickmoo,tichondrius,1319,druid,balance,81,38,43
Còyot,stormrage,1318,druid,balance,26,15,11
Winekoolers,malganis,1317,druid,balance,42,21,21
Shuxz,sargeras,1313,druid,balance,30,20,10
Réko,sargeras,1311,druid,balance,40,23,17
Evilakali,tichondrius,1311,druid,balance,49,27,22
Flôkey,tichondrius,1311,druid,balance,42,21,21
Bigbeugs,frostmourne,1310,druid,balance,24,14,10
Solarcannon,shuhalo,1310,druid,balance,106,57,49
Stepdru,sargeras,1308,druid,balance,24,14,10
Annef,tichondrius,1307,druid,balance,42,21,21
Ðjx,stormrage,1306,druid,balance,19,15,4
Lønewolf,sargeras,1304,druid,balance,59,30,29
Treemendous,nemesis,1303,druid,balance,30,14,16
Sergat,stormreaver,1302,druid,balance,54,28,26
Hawkk,azralon,1296,druid,balance,44,22,22
Lightconvoke,norgannon,1296,druid,balance,32,15,17
Slumpxaddy,illidan,1289,druid,balance,23,14,9
Stupidranga,barthilas,1286,druid,balance,54,29,25
Snailbeam,shattered-hand,1286,druid,balance,36,14,22
Minusdruid,dalaran,1285,druid,balance,105,51,54
Lavenderowl,arthas,1284,druid,balance,46,25,21
Lokdu,area-52,1284,druid,balance,30,15,15
Redbbull,tichondrius,1283,druid,balance,36,24,12
Barrah,barthilas,1280,druid,balance,64,31,33
Barekat,emerald-dream,1279,druid,balance,28,16,12
Strallà,illidan,1276,druid,balance,90,48,42
Kuroshizen,tichondrius,1273,druid,balance,79,33,46
Softshirtxo,ragnaros,1271,druid,balance,24,14,10
Formmaster,malganis,1269,druid,balance,52,24,28
Sileda,nemesis,1266,druid,balance,20,14,6
Kallabaluwa,azralon,1265,druid,balance,29,14,15
Shivlary,stormrage,1262,druid,balance,30,20,10
Quaras,frostmourne,1258,druid,balance,163,83,80
Sochin,nemesis,1253,druid,balance,42,24,18
Styless,azjolnerub,1251,druid,balance,28,16,12
Juicywap,proudmoore,1251,druid,balance,30,14,16
Nimfaa,nemesis,1249,druid,balance,30,17,13
Instar,tichondrius,1248,druid,balance,24,13,11
Starfail,illidan,1248,druid,balance,24,13,11
Gatorskin,sargeras,1247,druid,balance,15,14,1
Destromz,zuljin,1247,druid,balance,18,13,5
Lawlz,aegwynn,1246,druid,balance,51,28,23
Dirtdog,uther,1246,druid,balance,24,13,11
Mntra,emerald-dream,1245,druid,balance,18,13,5
Antiherø,sargeras,1245,druid,balance,18,13,5
Phurr,area-52,1245,druid,balance,18,13,5
Judar,barthilas,1244,druid,balance,36,13,23
Darkombra,frostmourne,1241,druid,balance,24,13,11
Kyabe,ragnaros,1241,druid,balance,55,20,35
Starcastic,tichondrius,1240,druid,balance,18,13,5
Tummycummy,thrall,1240,druid,balance,18,13,5
Lindzy,moon-guard,1240,druid,balance,66,38,28
Héisénbérg,sargeras,1239,druid,balance,24,13,11
Boõsty,bleeding-hollow,1238,druid,balance,24,13,11
Guojue,tichondrius,1237,druid,balance,46,25,21
Roundtummy,area-52,1234,druid,balance,24,13,11
Eldenis,drakkari,1233,druid,balance,42,20,22
Édzar,area-52,1230,druid,balance,70,35,35
Dudur,zuljin,1229,druid,balance,30,13,17
Vicorin,illidan,1226,druid,balance,24,13,11
Limikeen,bleeding-hollow,1225,druid,balance,24,13,11
Beal,azgalor,1224,druid,balance,54,21,33
Sunboy,tichondrius,1221,druid,balance,73,36,37
Deths,frostmourne,1219,druid,balance,18,13,5
Acidmoon,tichondrius,1219,druid,balance,46,19,27
Pokémon,grizzly-hills,1218,druid,balance,24,13,11
Vuginas,bleeding-hollow,1215,druid,balance,62,33,29
Drßoom,stormrage,1211,druid,balance,69,30,39
Møønscar,tichondrius,1204,druid,balance,48,22,26
Trollsmind,tichondrius,1202,druid,balance,28,14,14
Thehooligan,stormrage,1200,druid,balance,75,41,34
Elpako,ragnaros,1200,druid,balance,30,13,17
Nolifer,sargeras,1192,druid,balance,30,17,13
Dumdumdugan,korgath,1191,druid,balance,83,41,42
Audacities,bloodhoof,1188,druid,balance,29,14,15
Knoxella,moon-guard,1188,druid,balance,47,21,26
Dampnr,tichondrius,1186,druid,balance,30,14,16
Maxable,alleria,1184,druid,balance,27,14,13
Quincunx,tichondrius,1181,druid,balance,70,39,31
Odweaven,thunderlord,1175,druid,balance,23,13,10
Blackmoons,thunderlord,1173,druid,balance,36,14,22
Aberdare,tichondrius,1169,druid,balance,29,13,16
Kattel,blackrock,1168,druid,balance,36,18,18
Mooing,azralon,1167,druid,balance,18,13,5
Dodid,laughing-skull,1166,druid,balance,24,13,11
Baboongodx,frostmourne,1164,druid,balance,23,13,10
Mambuz,tichondrius,1156,druid,balance,30,18,12
Levincy,thrall,1156,druid,balance,60,33,27
Dojacow,mannoroth,1154,druid,balance,34,16,18
Locose,black-dragonflight,1151,druid,balance,18,12,6
Katbriel,zuljin,1151,druid,balance,18,12,6
Comidru,tichondrius,1150,druid,balance,24,12,12
Hefe,terenas,1149,druid,balance,18,12,6
Ehleven,tichondrius,1148,druid,balance,18,12,6
Mk,caelestrasz,1148,druid,balance,18,12,6
Yoona,kiljaeden,1148,druid,balance,24,12,12
Yehaw,bloodhoof,1146,druid,balance,18,12,6
Skurts,tichondrius,1145,druid,balance,18,12,6
Asteriel,stormrage,1145,druid,balance,24,12,12
Morphkow,sargeras,1145,druid,balance,33,16,17
Zesto,nazjatar,1144,druid,balance,18,12,6
Roots,boulderfist,1144,druid,balance,30,13,17
Gravshift,zuljin,1143,druid,balance,18,12,6
Pleasepime,stormrage,1143,druid,balance,66,24,42
Dkat,malganis,1140,druid,balance,30,13,17
Saturday,frostmourne,1137,druid,balance,18,12,6
Aozeh,kiljaeden,1136,druid,balance,18,12,6
Ûñø,frostmourne,1130,druid,balance,30,19,11
Prismo,ravencrest,1129,druid,balance,24,12,12
Treeteej,kelthuzad,1128,druid,balance,36,16,20
Gepardéx,ragnaros,1127,druid,balance,64,26,38
Kuthian,moon-guard,1126,druid,balance,39,17,22
Coppersnout,moon-guard,1118,druid,balance,48,27,21
Burninmôön,tichondrius,1118,druid,balance,35,12,23
Mercz,illidan,1111,druid,balance,18,12,6
Ilgalsard,frostmourne,1109,druid,balance,36,16,20
Zorn,lightnings-blade,1108,druid,balance,26,13,13
Crazystorm,ragnaros,1096,druid,balance,42,21,21
Floridajoe,blackrock,1094,druid,balance,24,15,9
Alucardxd,ragnaros,1094,druid,balance,29,12,17
Krazykritz,illidan,1090,druid,balance,27,13,14
Gorgoncity,illidan,1088,druid,balance,22,12,10
Moistcream,tichondrius,1087,druid,balance,21,12,9
Bethemarble,sargeras,1087,druid,balance,33,14,19
Zeromeme,frostmourne,1086,druid,balance,20,12,8
Råstafart,tichondrius,1080,druid,balance,30,12,18
Thèbearjèw,tichondrius,1057,druid,balance,41,17,24
Qelthalas,sargeras,1057,druid,balance,55,21,34
Drdoomerkin,area-52,1056,druid,balance,12,11,1
Slickitty,kelthuzad,1056,druid,balance,18,11,7
Chanimal,tichondrius,1055,druid,balance,12,11,1
Mooseknukel,zuljin,1055,druid,balance,18,11,7
Coldkill,burning-legion,1055,druid,balance,18,11,7
Purkins,barthilas,1055,druid,balance,18,11,7
Sahksi,lothar,1055,druid,balance,18,11,7
Docleave,tichondrius,1055,druid,balance,18,11,7
Mastahskills,illidan,1055,druid,balance,18,11,7
Moonrg,stormrage,1055,druid,balance,18,11,7
Kydro,sargeras,1055,druid,balance,18,11,7
Likorit,azralon,1055,druid,balance,18,11,7
Shibbith,nordrassil,1054,druid,balance,18,11,7
Flappyjacks,elune,1054,druid,balance,18,11,7
Theboomkin,kelthuzad,1054,druid,balance,18,11,7
Buffclyde,blackrock,1054,druid,balance,18,11,7
Pankecito,ragnaros,1054,druid,balance,18,11,7
Erealana,tichondrius,1054,druid,balance,18,11,7
Qs,rivendare,1054,druid,balance,30,11,19
Astrixx,frostmourne,1053,druid,balance,12,11,1
Quefemme,kelthuzad,1053,druid,balance,18,11,7
Fätål,ysera,1053,druid,balance,18,11,7
Bigherbo,zuljin,1053,druid,balance,18,11,7
Crashägásm,proudmoore,1053,druid,balance,25,12,13
Pavati,bleeding-hollow,1052,druid,balance,18,11,7
Cerest,kaelthas,1051,druid,balance,16,12,4
Fjblol,sargeras,1051,druid,balance,24,11,13
Wildbloom,draenor,1050,druid,balance,18,11,7
Boostgu,illidan,1050,druid,balance,18,11,7
Davo,tichondrius,1050,druid,balance,18,11,7
Nozgöth,quelthalas,1050,druid,balance,45,23,22
Spicydurid,tichondrius,1050,druid,balance,24,11,13
Jainzar,dreadmaul,1049,druid,balance,24,11,13
Daddymaple,tichondrius,1049,druid,balance,24,11,13
Balverixqt,tichondrius,1048,druid,balance,24,11,13
Chikenflu,tichondrius,1047,druid,balance,22,11,11
Bâzinga,bleeding-hollow,1046,druid,balance,18,11,7
Kogiid,moon-guard,1046,druid,balance,18,11,7
Tankbareass,aerie-peak,1042,druid,balance,24,11,13
Jinglebells,kiljaeden,1038,druid,balance,18,11,7
Alagoano,azralon,1036,druid,balance,18,13,5
Alphakatt,area-52,1034,druid,balance,24,11,13
Miggzii,draka,1030,druid,balance,40,17,23
Hosehead,malganis,1023,druid,balance,24,14,10
Catrene,mannoroth,1017,druid,balance,38,24,14
Malamew,antonidas,1016,druid,balance,18,12,6
Lumipawz,frostmourne,1014,druid,balance,19,12,7
Riprip,tichondrius,1012,druid,balance,27,12,15
Araminka,drakkari,1011,druid,balance,12,11,1
Rslm,tichondrius,1001,druid,balance,21,12,9
Finntröll,area-52,993,druid,balance,29,11,18
Velaana,tichondrius,989,druid,balance,26,11,15
Xevão,nemesis,987,druid,balance,26,11,15
Indy,rivendare,980,druid,balance,22,11,11
Vapeculture,lightbringer,977,druid,balance,36,21,15
Smashthatbox,illidan,977,druid,balance,32,12,20
Jubi,bleeding-hollow,960,druid,balance,12,10,2
Elvishrage,zuljin,960,druid,balance,12,10,2
Irl,frostmane,960,druid,balance,12,10,2
Keylae,sargeras,960,druid,balance,18,10,8
Roben,tichondrius,960,druid,balance,18,10,8
Mcy,nerzhul,960,druid,balance,18,10,8
Borrdru,arthas,960,druid,balance,18,10,8
Jshwills,sargeras,959,druid,balance,12,10,2
Furryswipe,proudmoore,959,druid,balance,12,10,2
Trippyshift,hyjal,959,druid,balance,18,10,8
Renamebdsm,cenarius,959,druid,balance,18,10,8
Kohru,moon-guard,959,druid,balance,18,10,8
Frostig,tichondrius,959,druid,balance,18,10,8
Glickbear,illidan,959,druid,balance,18,10,8
Buckwhêât,illidan,959,druid,balance,24,10,14
Biggieclawz,tichondrius,958,druid,balance,12,10,2
Meatcat,sargeras,958,druid,balance,18,10,8
Tyapet,area-52,958,druid,balance,18,10,8
Kushidabs,tichondrius,958,druid,balance,34,11,23
Messyboom,illidan,957,druid,balance,12,10,2
Starsurgeon,thrall,956,druid,balance,18,10,8
Drewpg,zuljin,955,druid,balance,18,10,8
Nasuu,bleeding-hollow,955,druid,balance,18,10,8
Ðementia,stormrage,954,druid,balance,24,10,14
Huggerino,stormrage,953,druid,balance,24,10,14
Drubuzz,tichondrius,952,druid,balance,18,10,8
Veraciouss,sargeras,952,druid,balance,18,10,8
Crunkk,thunderlord,952,druid,balance,18,10,8
Bouffecul,zuljin,952,druid,balance,18,10,8
Zentabra,proudmoore,952,druid,balance,24,10,14
Barrahjr,frostmourne,951,druid,balance,21,11,10
Milksquirts,thrall,951,druid,balance,24,10,14
Ðarkscar,laughing-skull,943,druid,balance,50,18,32
Rakelan,tichondrius,930,druid,balance,104,53,51
Cirranis,moon-guard,910,druid,balance,15,10,5
Athious,moon-guard,909,druid,balance,29,13,16
Bellä,nazjatar,900,druid,balance,37,11,26
Nalarin,kaelthas,878,druid,balance,72,35,37
Bäñgarang,tichondrius,878,druid,balance,25,10,15
Cowel,tichondrius,877,druid,balance,19,10,9
Skum,bloodscalp,864,druid,balance,12,9,3
Gerrt,bleeding-hollow,864,druid,balance,12,9,3
Zebyn,tichondrius,864,druid,balance,12,9,3
Hydrahl,thrall,864,druid,balance,12,9,3
Scurse,tichondrius,864,druid,balance,12,9,3
Elunegoddess,tichondrius,864,druid,balance,18,9,9
Kûramä,dalaran,864,druid,balance,18,9,9
Jssy,tichondrius,864,druid,balance,18,9,9
Mõoõoõoõoõoõ,tichondrius,864,druid,balance,18,9,9
Aqulaíssaela,sargeras,864,druid,balance,18,9,9
Mvpps,thrall,864,druid,balance,18,9,9
Tôpdadwôrld,sargeras,864,druid,balance,18,9,9
Renithen,trollbane,863,druid,balance,12,9,3
Cthulhuqt,kelthuzad,863,druid,balance,12,9,3
Gwub,illidan,863,druid,balance,12,9,3
Drmf,frostmourne,863,druid,balance,12,9,3
Verelyris,nordrassil,863,druid,balance,12,9,3
Columpio,area-52,863,druid,balance,18,9,9
Cheezaygx,arthas,863,druid,balance,18,9,9
Amookelia,tichondrius,863,druid,balance,18,9,9
Milkshift,demon-soul,863,druid,balance,18,9,9
Môônkîn,chogall,863,druid,balance,18,9,9
Rootslayer,tichondrius,862,druid,balance,12,9,3
Faroo,azralon,862,druid,balance,12,9,3
Oreoshift,illidan,862,druid,balance,12,9,3
Zugdruid,tichondrius,862,druid,balance,13,9,4
Felløwship,nemesis,862,druid,balance,18,9,9
Muagor,tichondrius,862,druid,balance,18,9,9
Hitchslaps,tichondrius,862,druid,balance,18,9,9
Furrmissile,area-52,862,druid,balance,18,9,9
Seyala,moon-guard,862,druid,balance,21,10,11
Pooöòôp,kiljaeden,861,druid,balance,12,9,3
Katobe,tichondrius,861,druid,balance,18,9,9
Blizdontcuur,area-52,860,druid,balance,12,9,3
Sanleba,tichondrius,860,druid,balance,18,9,9
Bigboðm,tichondrius,860,druid,balance,18,9,9
Vorare,tichondrius,859,druid,balance,18,9,9
Amandi,magtheridon,858,druid,balance,24,9,15
Dèmønblâckev,malganis,842,druid,balance,24,11,13
Imshiftastic,area-52,831,druid,balance,28,12,16
Ssïp,tichondrius,814,druid,balance,21,9,12
Shifterx,illidan,810,druid,balance,22,13,9
Yoloboomkin,tichondrius,799,druid,balance,22,9,13
Leeteracola,malganis,798,druid,balance,20,9,11
Grgcostanza,bleeding-hollow,793,druid,balance,14,9,5
Spazz,firetree,783,druid,balance,11,9,2
Thallid,hydraxis,768,druid,balance,12,8,4
Laserxo,tichondrius,768,druid,balance,12,8,4
Catmoomoo,tichondrius,768,druid,balance,12,8,4
Mikelovin,nemesis,768,druid,balance,12,8,4
Elyiaida,emerald-dream,768,druid,balance,12,8,4
Argento,frostmourne,768,druid,balance,12,8,4
Ralphrawr,barthilas,768,druid,balance,12,8,4
Azakai,sargeras,768,druid,balance,12,8,4
Chayten,bleeding-hollow,768,druid,balance,12,8,4
Nyzear,bleeding-hollow,768,druid,balance,12,8,4
Shiftytom,spirestone,768,druid,balance,12,8,4
Chococrispis,quelthalas,768,druid,balance,12,8,4
Ryanspeed,mugthol,768,druid,balance,12,8,4
Slowreverb,silver-hand,768,druid,balance,12,8,4
Shaney,zuljin,768,druid,balance,12,8,4
Hayop,illidan,768,druid,balance,12,8,4
Yøpìèrre,zuljin,768,druid,balance,12,8,4
Chickenwings,ragnaros,768,druid,balance,12,8,4
Boomfold,tichondrius,768,druid,balance,18,8,10
Onsen,tichondrius,768,druid,balance,18,8,10
Binnchook,barthilas,767,druid,balance,12,8,4
Entakkt,cenarius,767,druid,balance,12,8,4
Arntu,malganis,767,druid,balance,12,8,4
Starbender,arygos,767,druid,balance,12,8,4
Nøzopium,kelthuzad,767,druid,balance,12,8,4
Harddeenball,area-52,767,druid,balance,15,9,6
Ruckiz,stormrage,767,druid,balance,18,8,10
Ebonclaw,malganis,767,druid,balance,18,8,10
Jiya,zuljin,767,druid,balance,18,8,10
Dárách,malganis,767,druid,balance,18,8,10
Khristine,spinebreaker,767,druid,balance,24,8,16
Narthurs,ragnaros,767,druid,balance,24,8,16
Aolus,kaelthas,766,druid,balance,12,8,4
Onidudu,frostmourne,766,druid,balance,12,8,4
Sweatypapa,tichondrius,766,druid,balance,12,8,4
Mornis,zuljin,766,druid,balance,12,8,4
Serega,skywall,766,druid,balance,18,8,10
Chaossdruid,bleeding-hollow,766,druid,balance,18,8,10
Nxghtfall,tichondrius,766,druid,balance,18,8,10
Jashrus,korgath,765,druid,balance,12,8,4
Lunapuma,stonemaul,765,druid,balance,12,8,4
Whitekongg,blackhand,765,druid,balance,15,9,6
Sefestria,senjin,765,druid,balance,18,8,10
Crépes,bleeding-hollow,764,druid,balance,18,8,10
Hootie,arygos,764,druid,balance,24,8,16
Slingin,illidan,764,druid,balance,24,8,16
Kudro,garithos,764,druid,balance,24,8,16
Wabbehkus,barthilas,764,druid,balance,26,8,18
Psnárf,area-52,763,druid,balance,12,8,4
Dirtydot,ragnaros,762,druid,balance,12,8,4
Astromyles,tichondrius,762,druid,balance,25,8,17
Dennyyd,illidan,759,druid,balance,12,8,4
Meliódás,area-52,758,druid,balance,150,60,90
Volddy,tichondrius,755,druid,balance,18,8,10
Nokther,muradin,735,druid,balance,22,8,14
Outclone,tichondrius,734,druid,balance,10,9,1
Beleraine,moon-guard,732,druid,balance,17,8,9
Roofty,illidan,703,druid,balance,11,8,3
Buyadoge,area-52,703,druid,balance,16,8,8
Jaduss,thrall,702,druid,balance,14,8,6
Lakermagik,moknathal,688,druid,balance,13,8,5
Meowmixx,frostmane,687,druid,balance,19,8,11
Seannybhoy,emerald-dream,672,druid,balance,12,7,5
Sym,zuljin,672,druid,balance,12,7,5
Omegablasted,tichondrius,672,druid,balance,12,7,5
Bobthehefty,area-52,672,druid,balance,12,7,5
Suedou,moon-guard,672,druid,balance,12,7,5
Ottovonbird,tichondrius,672,druid,balance,12,7,5
Junaleska,lightbringer,672,druid,balance,12,7,5
Flapping,illidan,672,druid,balance,12,7,5
Kitinglol,alexstrasza,672,druid,balance,12,7,5
Justsidious,sargeras,672,druid,balance,12,7,5
Fastlife,drakkari,672,druid,balance,12,7,5
Donaldsr,area-52,672,druid,balance,12,7,5
Floofi,kelthuzad,672,druid,balance,12,7,5
Psilo,kelthuzad,672,druid,balance,12,7,5
Covidcarrier,thrall,672,druid,balance,12,7,5
Xioqt,chogall,672,druid,balance,12,7,5
Slickthick,sargeras,672,druid,balance,12,7,5
Martians,laughing-skull,672,druid,balance,12,7,5
Kittycatman,tichondrius,672,druid,balance,12,7,5
Megadruidx,stormrage,672,druid,balance,15,8,7
Dooruid,tichondrius,672,druid,balance,18,7,11
Trashytrash,bleeding-hollow,672,druid,balance,18,7,11
Dreveron,bleeding-hollow,672,druid,balance,18,7,11
Jubeam,area-52,671,druid,balance,12,7,5
Jeezelouise,kelthuzad,671,druid,balance,12,7,5
Myex,illidan,671,druid,balance,12,7,5
Dgas,tichondrius,671,druid,balance,12,7,5
Catahoula,lothar,671,druid,balance,12,7,5
Chakrabeam,kelthuzad,671,druid,balance,18,7,11
Barkcheeks,area-52,671,druid,balance,18,7,11
Dashio,lightnings-blade,671,druid,balance,18,7,11
Illilydan,tichondrius,671,druid,balance,18,7,11
Wyldthangz,stormrage,671,druid,balance,18,7,11
Flatnose,agamaggan,671,druid,balance,18,7,11
Shebleeder,aegwynn,671,druid,balance,18,7,11
Deez,korgath,671,druid,balance,18,7,11
Donresantis,stormreaver,671,druid,balance,24,7,17
Chukksz,nerzhul,670,druid,balance,12,7,5
Oâk,farstriders,670,druid,balance,12,7,5
Hootyhoot,illidan,670,druid,balance,12,7,5
Eurotrance,frostmourne,669,druid,balance,12,7,5
Vicvc,tichondrius,669,druid,balance,12,7,5
Onecalf,tichondrius,668,druid,balance,12,7,5
Muhana,runetotem,667,druid,balance,18,7,11
Coqeh,frostwolf,664,druid,balance,12,7,5
Beammz,stormrage,664,druid,balance,15,8,7
Pao,nordrassil,664,druid,balance,18,7,11
Kångåwalafox,sargeras,663,druid,balance,12,7,5
Azevedoo,nemesis,660,druid,balance,31,7,24
Meiling,spirestone,659,druid,balance,12,7,5
Abzuri,kiljaeden,655,druid,balance,15,8,7
Doomkiñ,darkspear,639,druid,balance,17,7,10
Spacéchicken,stormrage,638,druid,balance,10,8,2
Tumblr,terenas,624,druid,balance,9,7,2
Chankletta,quelthalas,618,druid,balance,18,8,10
Warberton,moon-guard,616,druid,balance,15,7,8
Zalothianx,thrall,608,druid,balance,16,7,9
Aranuir,emerald-dream,607,druid,balance,11,7,4
Feldstarx,stormrage,607,druid,balance,14,7,7
Goofyfoot,wyrmrest-accord,605,druid,balance,14,7,7
Dorizio,illidan,576,druid,balance,6,6,0
Starship,frostmourne,576,druid,balance,6,6,0
Boyoboy,thrall,576,druid,balance,6,6,0
Ory,illidan,576,druid,balance,6,6,0
Nardwaur,tichondrius,576,druid,balance,6,6,0
Abomasnow,turalyon,576,druid,balance,6,6,0
Dreamwalker,bleeding-hollow,576,druid,balance,6,6,0
Prev,arathor,576,druid,balance,6,6,0
Jmackd,frostmourne,576,druid,balance,12,6,6
Faletra,eitrigg,576,druid,balance,12,6,6
Côheed,bleeding-hollow,576,druid,balance,12,6,6
Dalaverrunis,tichondrius,576,druid,balance,12,6,6
Yggdrasil,ravencrest,576,druid,balance,12,6,6
Starboy,garona,576,druid,balance,12,6,6
Celetra,kiljaeden,576,druid,balance,12,6,6
Ssantirap,quelthalas,576,druid,balance,12,6,6
Doomky,area-52,576,druid,balance,12,6,6
Lunartiç,kelthuzad,576,druid,balance,12,6,6
Treehard,malganis,576,druid,balance,12,6,6
Nerfdemo,kiljaeden,576,druid,balance,12,6,6
Rikishi,executus,576,druid,balance,12,6,6
Skydín,stormrage,576,druid,balance,12,6,6
Hugodruid,frostmourne,576,druid,balance,12,6,6
Scykin,stormrage,576,druid,balance,12,6,6
Contrololol,hyjal,576,druid,balance,12,6,6
Medibull,tichondrius,576,druid,balance,12,6,6
Beomjun,tichondrius,576,druid,balance,12,6,6
Gâlaxy,sargeras,576,druid,balance,12,6,6
Jacknit,illidan,576,druid,balance,12,6,6
Gigathicc,malganis,576,druid,balance,12,6,6
Bugbugz,tichondrius,576,druid,balance,12,6,6
Fironous,nerzhul,576,druid,balance,12,6,6
Peteybears,stormrage,576,druid,balance,12,6,6
Ggae,tichondrius,576,druid,balance,12,6,6
Skaie,ragnaros,576,druid,balance,12,6,6
Runforest,tichondrius,576,druid,balance,12,6,6
Wondercat,illidan,576,druid,balance,12,6,6
Slaÿr,malganis,576,druid,balance,12,6,6
Notpodruida,tichondrius,576,druid,balance,13,6,7
Drphilsmith,moon-guard,576,druid,balance,18,6,12
Yorch,stormrage,576,druid,balance,18,6,12
Metal,jaedenar,576,druid,balance,18,6,12
Droodad,mannoroth,576,druid,balance,18,6,12
Longnus,stormrage,576,druid,balance,18,6,12
Jherrak,area-52,575,druid,balance,6,6,0
Runarok,ragnaros,575,druid,balance,12,6,6
Chodkiewicz,echo-isles,575,druid,balance,12,6,6
Zeanasfaratu,spinebreaker,575,druid,balance,12,6,6
Zetii,emerald-dream,575,druid,balance,12,6,6
Rígél,ragnaros,575,druid,balance,12,6,6
Tariksha,sargeras,575,druid,balance,12,6,6
Guybranch,illidan,575,druid,balance,12,6,6
Jal,khazgoroth,575,druid,balance,12,6,6
Xodz,sargeras,575,druid,balance,12,6,6
Sleek,illidan,575,druid,balance,12,6,6
Lacroix,wildhammer,574,druid,balance,6,6,0
Uuli,area-52,574,druid,balance,12,6,6
Quagsire,moon-guard,574,druid,balance,18,6,12
Tinyypuppyy,sargeras,573,druid,balance,12,6,6
Mufaasa,boulderfist,573,druid,balance,12,6,6
Mctree,cenarius,572,druid,balance,12,6,6
Suist,moonrunner,544,druid,balance,10,6,4
Casaran,anetheron,543,druid,balance,11,6,5
Liñk,sargeras,543,druid,balance,17,8,9
Velais,exodar,512,druid,balance,22,6,16
Gemineye,stormrage,511,druid,balance,11,6,5
Cattdog,tichondrius,496,druid,balance,13,6,7
Aoewynn,nerzhul,480,druid,balance,6,5,1
Miçangak,azralon,480,druid,balance,6,5,1
Dtefy,ragnaros,480,druid,balance,6,5,1
Fakechower,stormreaver,480,druid,balance,6,5,1
Rastakant,malganis,480,druid,balance,6,5,1
Stacker,malganis,480,druid,balance,6,5,1
Bumbleebee,azralon,480,druid,balance,6,5,1
Dojacat,tichondrius,480,druid,balance,6,5,1
Msparker,illidan,480,druid,balance,6,5,1
Omnigrind,frostmourne,480,druid,balance,6,5,1
Oo,grizzly-hills,480,druid,balance,6,5,1
Yokux,thunderlord,480,druid,balance,6,5,1
Ratspot,stormrage,480,druid,balance,6,5,1
Bearyhalls,sargeras,480,druid,balance,6,5,1
Babekisser,stormrage,480,druid,balance,6,5,1
Hännibal,hydraxis,480,druid,balance,6,5,1
Canuatemyrat,tichondrius,480,druid,balance,6,5,1
Arwëna,tichondrius,480,druid,balance,6,5,1
Dahts,destromath,480,druid,balance,6,5,1
Dustydrx,area-52,480,druid,balance,6,5,1
Hooffy,emerald-dream,480,druid,balance,6,5,1
Chernlyssayo,stormrage,480,druid,balance,6,5,1
Prøspect,moon-guard,480,druid,balance,6,5,1
Cdroo,burning-blade,480,druid,balance,6,5,1
Charnlok,thunderlord,480,druid,balance,6,5,1
Volgoro,thrall,480,druid,balance,6,5,1
Nephsis,kelthuzad,480,druid,balance,6,5,1
Mayanardz,bleeding-hollow,480,druid,balance,6,5,1
Mithroi,tichondrius,480,druid,balance,6,5,1
Daroot,spinebreaker,480,druid,balance,6,5,1
Rowdie,area-52,480,druid,balance,6,5,1
Ragiix,tichondrius,480,druid,balance,6,5,1
Awguseon,proudmoore,480,druid,balance,6,5,1
Pecopeco,sargeras,480,druid,balance,6,5,1
Fattdiabetic,tichondrius,480,druid,balance,6,5,1
Numbkin,stormrage,480,druid,balance,6,5,1
Floote,thrall,480,druid,balance,12,5,7
Nöches,quelthalas,480,druid,balance,12,5,7
Sodacream,illidan,480,druid,balance,12,5,7
Zimah,illidan,480,druid,balance,12,5,7
Cynderellaa,proudmoore,480,druid,balance,12,5,7
Lickmypaws,sargeras,480,druid,balance,12,5,7
Paintlicker,emerald-dream,480,druid,balance,12,5,7
Zuga,the-venture-co,480,druid,balance,12,5,7
Bearwithit,sargeras,480,druid,balance,12,5,7
Ztraws,tichondrius,480,druid,balance,12,5,7
Jokerdks,tichondrius,480,druid,balance,12,5,7
Ragerag,trollbane,480,druid,balance,12,5,7
Swappy,korgath,480,druid,balance,12,5,7
Bullquenepas,dalaran,480,druid,balance,12,5,7
Bigdaddyferg,illidan,480,druid,balance,12,5,7
Dotdmage,tichondrius,480,druid,balance,12,5,7
Indicamicah,tichondrius,480,druid,balance,12,5,7
Fluff,gurubashi,480,druid,balance,12,5,7
Haymade,sargeras,480,druid,balance,12,5,7
Havócdh,tichondrius,480,druid,balance,12,5,7
Spudpatikins,barthilas,480,druid,balance,12,5,7
Livilla,sargeras,480,druid,balance,12,5,7
Bigtammy,moon-guard,480,druid,balance,12,5,7
Samelthios,proudmoore,480,druid,balance,14,5,9
Tuppyboom,barthilas,480,druid,balance,18,5,13
Ghoouul,tichondrius,480,druid,balance,18,5,13
Durdern,barthilas,479,druid,balance,6,5,1
Wtfiisthis,tichondrius,479,druid,balance,6,5,1
Fourthkind,illidan,479,druid,balance,12,5,7
Smhyle,frostmourne,479,druid,balance,12,5,7
Damallis,anubarak,479,druid,balance,12,5,7
Boneheir,proudmoore,479,druid,balance,12,5,7
Raknary,kelthuzad,479,druid,balance,12,5,7
Boatox,jubeithos,479,druid,balance,18,5,13
Astroshift,emerald-dream,478,druid,balance,12,5,7
Bloomsong,emerald-dream,478,druid,balance,12,5,7
Santogrial,blood-furnace,477,druid,balance,6,5,1
Caminanube,quelthalas,477,druid,balance,12,5,7
Convoken,tichondrius,447,druid,balance,11,5,6
Charmandxr,hyjal,447,druid,balance,14,6,8
Arescarriess,shuhalo,431,druid,balance,11,5,6
Xenöchrist,ragnaros,425,druid,balance,14,6,8
Krispz,area-52,415,druid,balance,11,5,6
Dokasaurus,lightbringer,384,druid,balance,6,4,2
Trickatreyy,kelthuzad,384,druid,balance,6,4,2
Somarythe,moon-guard,384,druid,balance,6,4,2
Bäldir,dalaran,384,druid,balance,6,4,2
Bearlylegál,sargeras,384,druid,balance,6,4,2
Abelladañger,area-52,384,druid,balance,6,4,2
Anamoorphicc,kelthuzad,384,druid,balance,6,4,2
Rennar,stormrage,384,druid,balance,6,4,2
Nicklul,llane,384,druid,balance,6,4,2
Themustafa,tichondrius,384,druid,balance,6,4,2
Fondra,sargeras,384,druid,balance,6,4,2
Yevenbother,tichondrius,384,druid,balance,6,4,2
Armorkits,area-52,384,druid,balance,6,4,2
Kiwidru,frostmourne,384,druid,balance,6,4,2
Rokk,baelgun,384,druid,balance,6,4,2
Withwind,dalaran,384,druid,balance,6,4,2
Zxve,stormrage,384,druid,balance,6,4,2
Luvgames,area-52,384,druid,balance,6,4,2
Boomypower,dalaran,384,druid,balance,6,4,2
Lukass,tichondrius,384,druid,balance,6,4,2
Harlisu,stormrage,384,druid,balance,6,4,2
Redscyclone,dalaran,384,druid,balance,6,4,2
Beamerboy,bleeding-hollow,384,druid,balance,6,4,2
Partybeast,malganis,384,druid,balance,6,4,2
Cashgame,malganis,384,druid,balance,6,4,2
Tinishaker,ragnaros,384,druid,balance,6,4,2
Feathergun,ragnaros,384,druid,balance,6,4,2
Sñìp,zuljin,384,druid,balance,6,4,2
Tinkker,zuljin,384,druid,balance,6,4,2
Seekamp,khazgoroth,384,druid,balance,6,4,2
Joiczar,maelstrom,384,druid,balance,6,4,2
Nevershiftx,kirin-tor,384,druid,balance,6,4,2
Matock,malganis,384,druid,balance,6,4,2
Druz,spirestone,384,druid,balance,6,4,2
Elonmuskirl,illidan,384,druid,balance,6,4,2
Çoach,tichondrius,384,druid,balance,6,4,2
Sàbrè,darkspear,384,druid,balance,6,4,2
Daddyfresh,ursin,384,druid,balance,6,4,2
Aton,frostwolf,384,druid,balance,6,4,2
Hëllchaos,sargeras,384,druid,balance,6,4,2
Twostars,thrall,384,druid,balance,6,4,2
Matinee,tichondrius,384,druid,balance,6,4,2
Maulinyou,whisperwind,384,druid,balance,6,4,2
Söökie,tichondrius,384,druid,balance,6,4,2
Selfplay,barthilas,384,druid,balance,6,4,2
Melizaa,stormrage,384,druid,balance,6,4,2
Elithyra,area-52,384,druid,balance,6,4,2
Watchugonndo,tichondrius,384,druid,balance,6,4,2
Balancz,thrall,384,druid,balance,10,5,5
Vashida,stormrage,384,druid,balance,12,4,8
Sorh,stormrage,384,druid,balance,12,4,8
Madisonivyx,area-52,384,druid,balance,12,4,8
Immortalwild,tichondrius,384,druid,balance,12,4,8
Jakermans,area-52,384,druid,balance,12,4,8
Veyrønn,stormrage,384,druid,balance,12,4,8
Velaar,arthas,384,druid,balance,12,4,8
Datdruidrod,illidan,384,druid,balance,12,4,8
Astraelas,tichondrius,384,druid,balance,12,4,8
Omnipaw,kelthuzad,384,druid,balance,12,4,8
Lutein,tichondrius,384,druid,balance,12,4,8
Sinistuhd,tichondrius,384,druid,balance,12,4,8
Einraedon,dalaran,384,druid,balance,12,4,8
Worldbullguy,area-52,384,druid,balance,12,4,8
Maldobear,stormrage,384,druid,balance,12,4,8
Wintarz,sargeras,384,druid,balance,12,4,8
Jâykeup,lightbringer,384,druid,balance,12,4,8
Tasselhoof,hyjal,384,druid,balance,12,4,8
Inuyasha,sargeras,384,druid,balance,12,4,8
Guitarsolos,nagrand,384,druid,balance,12,4,8
Mihnt,sargeras,384,druid,balance,12,4,8
Dolwizz,tichondrius,384,druid,balance,12,4,8
Katdog,warsong,384,druid,balance,18,4,14
Balthøs,moon-guard,383,druid,balance,6,4,2
Xisloko,azralon,383,druid,balance,6,4,2
Kamionero,drakkari,383,druid,balance,6,4,2
Aessinawisp,frostmourne,383,druid,balance,6,4,2
Rahkaaga,kiljaeden,383,druid,balance,6,4,2
Krunge,frostwolf,383,druid,balance,6,4,2
Balantina,tichondrius,383,druid,balance,12,4,8
Skiouros,emerald-dream,383,druid,balance,18,4,14
Sever,ysera,382,druid,balance,12,4,8
Meowfacebby,stormrage,367,druid,balance,11,4,7
Seytu,sargeras,351,druid,balance,8,5,3
Thecovid,illidan,351,druid,balance,17,4,13
Rahdek,azgalor,330,druid,balance,7,5,2
Kimnim,tichondrius,330,druid,balance,9,6,3
Ihjx,sargeras,330,druid,balance,11,6,5
Istayfrawsty,darkspear,319,druid,balance,8,4,4
Bhíkkhu,stormrage,288,druid,balance,6,3,3
Taztoc,stormrage,288,druid,balance,6,3,3
Budtender,moon-guard,288,druid,balance,6,3,3
Silkyroad,tichondrius,288,druid,balance,6,3,3
Piping,thunderlord,288,druid,balance,6,3,3
Shumarina,mannoroth,288,druid,balance,6,3,3
Blipshift,tichondrius,288,druid,balance,6,3,3
Ðeepsixx,burning-legion,288,druid,balance,6,3,3
Icastsmells,tichondrius,288,druid,balance,6,3,3
Painsbrook,thrall,288,druid,balance,6,3,3
Pergutory,frostmourne,288,druid,balance,6,3,3
Nýla,stormrage,288,druid,balance,6,3,3
Wiredxd,illidan,288,druid,balance,6,3,3
Targareyen,sargeras,288,druid,balance,6,3,3
Sodah,tichondrius,288,druid,balance,6,3,3
Jgb,dalaran,288,druid,balance,6,3,3
Coompie,frostmourne,288,druid,balance,6,3,3
Coochi,sargeras,288,druid,balance,6,3,3
Catastrophic,whisperwind,288,druid,balance,6,3,3
Smokeheaters,dalaran,288,druid,balance,6,3,3
Jpylm,ysera,288,druid,balance,6,3,3
Staystrongox,tichondrius,288,druid,balance,6,3,3
Goldentaint,tichondrius,288,druid,balance,6,3,3
Cbark,ravencrest,288,druid,balance,6,3,3
Thumpb,bronzebeard,288,druid,balance,6,3,3
Bar,stormrage,288,druid,balance,6,3,3
Samsshifter,tichondrius,288,druid,balance,6,3,3
Luuxia,tichondrius,288,druid,balance,6,3,3
Shaftomatic,tichondrius,288,druid,balance,6,3,3
Çãñçèr,frostmourne,288,druid,balance,6,3,3
Hottiecake,bronzebeard,288,druid,balance,6,3,3
Wrathmighty,frostmourne,288,druid,balance,6,3,3
Jxred,illidan,288,druid,balance,6,3,3
Aconcat,bleeding-hollow,288,druid,balance,6,3,3
Slottpocket,malganis,288,druid,balance,6,3,3
Antagonist,burning-blade,288,druid,balance,6,3,3
Vykarux,suramar,288,druid,balance,6,3,3
Celestialife,frostmourne,288,druid,balance,6,3,3
Ularda,bleeding-hollow,288,druid,balance,6,3,3
Kaldelar,emerald-dream,288,druid,balance,6,3,3
Shalaz,magtheridon,288,druid,balance,6,3,3
Bamfferal,tichondrius,288,druid,balance,6,3,3
Ephwürd,malganis,288,druid,balance,6,3,3
Mådge,frostmourne,288,druid,balance,6,3,3
Haaha,area-52,288,druid,balance,6,3,3
Pepperpawz,emerald-dream,288,druid,balance,6,3,3
Alcorria,area-52,288,druid,balance,6,3,3
Azoth,hyjal,288,druid,balance,6,3,3
Hchhi,ragnaros,288,druid,balance,6,3,3
Hootiepie,hyjal,288,druid,balance,6,3,3
Simo,kaelthas,288,druid,balance,6,3,3
Spooser,proudmoore,288,druid,balance,6,3,3
Silynce,tichondrius,288,druid,balance,6,3,3
Stretchhxd,tichondrius,288,druid,balance,6,3,3
Sawachicky,frostmourne,288,druid,balance,6,3,3
Rabbismang,area-52,288,druid,balance,6,3,3
Waiv,area-52,288,druid,balance,6,3,3
Bearys,area-52,288,druid,balance,6,3,3
Boiledfrogs,zuljin,288,druid,balance,6,3,3
Arnlu,malganis,288,druid,balance,6,3,3
Hpcorrection,bleeding-hollow,288,druid,balance,6,3,3
Boattastic,terenas,288,druid,balance,6,3,3
Kalalana,illidan,288,druid,balance,6,3,3
Polyproof,emerald-dream,288,druid,balance,6,3,3
Moonowl,crushridge,288,druid,balance,6,3,3
Iploopedyogf,bleeding-hollow,288,druid,balance,6,3,3
Runhe,zuljin,288,druid,balance,6,3,3
Snartx,illidan,288,druid,balance,6,3,3
Ornaaga,blackrock,288,druid,balance,6,3,3
Jabawockdeez,area-52,288,druid,balance,6,3,3
Retsarehard,illidan,288,druid,balance,8,3,5
Wreckingcrew,emerald-dream,288,druid,balance,8,3,5
Mulgorer,tichondrius,288,druid,balance,12,3,9
Davelombardo,tichondrius,288,druid,balance,12,3,9
Koan,proudmoore,288,druid,balance,12,3,9
Xalstarrot,sargeras,288,druid,balance,12,3,9
Teyollocuani,sargeras,288,druid,balance,12,3,9
Feyrien,dalaran,288,druid,balance,12,3,9
Jalapenoz,wyrmrest-accord,288,druid,balance,12,3,9
Mørphea,darkspear,288,druid,balance,12,3,9
Evarene,vashj,288,druid,balance,12,3,9
Uezzon,tol-barad,288,druid,balance,12,3,9
Loathe,korialstrasz,288,druid,balance,12,3,9
Monicaduan,frostmourne,288,druid,balance,12,3,9
Cêania,moon-guard,288,druid,balance,12,3,9
Scythé,stormrage,288,druid,balance,12,3,9
Furrycringe,stormrage,288,druid,balance,12,3,9
Plye,korgath,288,druid,balance,12,3,9
Wresty,frostmourne,287,druid,balance,6,3,3
Elydaria,destromath,286,druid,balance,6,3,3
Wiseoldman,jubeithos,286,druid,balance,6,3,3
Jokey,quelthalas,286,druid,balance,6,3,3
Vollzar,sargeras,255,druid,balance,11,3,8
Orkinetvx,frostmourne,239,druid,balance,5,3,2
Gutanamo,stormrage,239,druid,balance,5,3,2
Ranokaliki,area-52,239,druid,balance,5,3,2
Bigtoeess,tichondrius,239,druid,balance,5,3,2
Tanawak,tichondrius,239,druid,balance,5,3,2
Oddclaw,stormrage,239,druid,balance,5,3,2
Clawandørder,tichondrius,223,druid,balance,8,3,5
Jazzman,jubeithos,223,druid,balance,14,3,11
Koratan,frostmourne,208,druid,balance,7,3,4
Niwßor,azralon,192,druid,balance,10,4,6
Hawgs,bleeding-hollow,192,druid,balance,6,2,4
Bullwïnkle,uther,192,druid,balance,6,2,4
Maimz,tichondrius,192,druid,balance,6,2,4
Zigh,azralon,192,druid,balance,6,2,4
Trippykitty,tichondrius,192,druid,balance,6,2,4
Injeckx,tichondrius,192,druid,balance,6,2,4
Guap,bleeding-hollow,192,druid,balance,6,2,4
Maidah,malganis,192,druid,balance,6,2,4
Hagenws,azralon,192,druid,balance,6,2,4
Pawswap,tichondrius,192,druid,balance,6,2,4
Espoir,azuremyst,192,druid,balance,6,2,4
Hoptimus,zuljin,192,druid,balance,6,2,4
Mäûled,fizzcrank,192,druid,balance,6,2,4
Ascension,emerald-dream,192,druid,balance,6,2,4
Palermo,aerie-peak,192,druid,balance,6,2,4
Laymonath,elune,192,druid,balance,6,2,4
Edinhalfhorn,bonechewer,192,druid,balance,6,2,4
Isunami,emerald-dream,192,druid,balance,6,2,4
Gallianö,frostmourne,192,druid,balance,6,2,4
Lilherb,azralon,192,druid,balance,6,2,4
Gazwazluz,lothar,192,druid,balance,6,2,4
Srbestias,quelthalas,192,druid,balance,6,2,4
Tanguanota,quelthalas,192,druid,balance,6,2,4
Absentteeth,stormrage,192,druid,balance,6,2,4
Octacer,malfurion,192,druid,balance,6,2,4
Skke,barthilas,192,druid,balance,6,2,4
Elatheris,stormrage,192,druid,balance,6,2,4
Totorostard,tichondrius,192,druid,balance,6,2,4
Kittycleave,tichondrius,192,druid,balance,6,2,4
Arienne,kelthuzad,192,druid,balance,6,2,4
Variandruid,kelthuzad,192,druid,balance,6,2,4
Moistism,tichondrius,192,druid,balance,6,2,4
Crycloné,stormrage,192,druid,balance,6,2,4
Cbreezyy,tichondrius,192,druid,balance,6,2,4
Trìckyz,tichondrius,192,druid,balance,6,2,4
Hellabanx,tichondrius,192,druid,balance,6,2,4
Dobidas,tichondrius,192,druid,balance,6,2,4
Sharkfighter,sargeras,192,druid,balance,6,2,4
Explicít,sargeras,192,druid,balance,6,2,4
Ginunaga,tichondrius,192,druid,balance,6,2,4
Ohzú,ragnaros,192,druid,balance,6,2,4
Markóla,stormrage,192,druid,balance,6,2,4
Moonhorn,kelthuzad,192,druid,balance,6,2,4
Mythicdruid,ragnaros,192,druid,balance,6,2,4
Zukru,malganis,192,druid,balance,6,2,4
Potus,illidan,192,druid,balance,6,2,4
Bignosecow,illidan,192,druid,balance,6,2,4
Gidam,moon-guard,192,druid,balance,6,2,4
Chèétøhz,moon-guard,192,druid,balance,6,2,4
Razzldazzle,thrall,192,druid,balance,6,2,4
Mòónwhisper,moon-guard,192,druid,balance,6,2,4
Mantis,the-underbog,192,druid,balance,6,2,4
Hancalimon,nemesis,192,druid,balance,6,2,4
Nobullshift,icecrown,192,druid,balance,6,2,4
Adonalsium,area-52,192,druid,balance,6,2,4
Sloppysheila,sargeras,192,druid,balance,6,2,4
Hream,echo-isles,192,druid,balance,6,2,4
Treezyn,sargeras,192,druid,balance,6,2,4
Tp,dragonblight,192,druid,balance,6,2,4
Spicyorange,dalaran,192,druid,balance,6,2,4
Katherine,moon-guard,192,druid,balance,6,2,4
Speaks,moon-guard,192,druid,balance,6,2,4
Azshunara,moon-guard,192,druid,balance,6,2,4
Thundyrcat,tichondrius,192,druid,balance,12,2,10
Everglim,azralon,192,druid,balance,12,2,10
Loggoruk,illidan,192,druid,balance,12,2,10
Visûcius,moon-guard,192,druid,balance,12,2,10
Thicchicken,emerald-dream,191,druid,balance,12,2,10
Stealthhero,lightbringer,159,druid,balance,5,2,3
Bearcathawk,sargeras,159,druid,balance,5,2,3
Formality,kalecgos,159,druid,balance,5,2,3
Xylemcow,malganis,159,druid,balance,5,2,3
Theriomorph,barthilas,138,druid,balance,10,3,7
Yøpièrre,bleeding-hollow,96,druid,balance,3,2,1
Alistar,scilla,96,druid,balance,3,2,1
Daydaygo,illidan,96,druid,balance,6,1,5
Zazinium,illidan,96,druid,balance,6,1,5
Tsaß,bleeding-hollow,96,druid,balance,6,1,5
Shmooglite,emerald-dream,96,druid,balance,6,1,5
Grimmb,emerald-dream,96,druid,balance,6,1,5
Breedable,elune,96,druid,balance,6,1,5
Chalupà,illidan,96,druid,balance,6,1,5
Zils,bleeding-hollow,96,druid,balance,6,1,5
Alandria,kelthuzad,96,druid,balance,6,1,5
Stinkycrotch,malganis,96,druid,balance,6,1,5
Appitrap,emerald-dream,96,druid,balance,6,1,5
Dendríta,ragnaros,96,druid,balance,6,1,5
Oatmeals,fizzcrank,96,druid,balance,6,1,5
Travys,sargeras,96,druid,balance,6,1,5
Idontknowbro,bonechewer,96,druid,balance,6,1,5
Youlived,aegwynn,96,druid,balance,6,1,5
Walkdown,turalyon,96,druid,balance,6,1,5
Thissaene,sargeras,96,druid,balance,6,1,5
Salanzô,bleeding-hollow,96,druid,balance,6,1,5
Elivacheth,zuljin,96,druid,balance,6,1,5
Sinapticc,proudmoore,96,druid,balance,6,1,5
Furryluvr,tichondrius,96,druid,balance,6,1,5
Goodhealer,akama,96,druid,balance,6,1,5
Brucey,khadgar,96,druid,balance,6,1,5
Proudmom,barthilas,96,druid,balance,6,1,5
Chickenaeg,stormrage,96,druid,balance,6,1,5
Cloyer,stormrage,96,druid,balance,6,1,5
Caponetonejr,steamwheedle-cartel,96,druid,balance,6,1,5
Schlaankeyy,stormrage,96,druid,balance,6,1,5
Aelena,whisperwind,96,druid,balance,6,1,5
Kirrel,frostmourne,96,druid,balance,6,1,5
Dèrpin,thrall,96,druid,balance,6,1,5
Omegabeast,frostmourne,96,druid,balance,6,1,5
Simbaa,blades-edge,96,druid,balance,10,1,9
Kodrän,stormrage,96,druid,balance,12,1,11
Drewcarriesu,arthas,79,druid,balance,5,2,3
Foggie,spirestone,79,druid,balance,5,1,4
Lutzenberger,nemesis,79,druid,balance,5,1,4
Raahmirtah,illidan,79,druid,balance,5,1,4
Zephiee,kelthuzad,79,druid,balance,5,1,4
Hughhefferr,illidan,63,druid,balance,2,2,0
Desiration,area-52,48,druid,balance,3,1,2
Policë,skullcrusher,42,druid,balance,8,2,6
Thullian,stormrage,31,druid,balance,2,1,1
Highs,sargeras,16,druid,balance,1,1,0
Äbÿss,tichondrius,16,druid,balance,1,1,0
Garbagevoker,scilla,2242,evoker,preservation,192,99,93
Sleepiihead,stormrage,2130,evoker,preservation,96,50,46
Meraxes,moonrunner,2125,evoker,preservation,71,39,32
Dragocula,tichondrius,2039,evoker,preservation,97,46,51
Didy,tichondrius,2022,evoker,preservation,90,48,42
Jakedrake,stormrage,2017,evoker,preservation,85,41,44
Jdbthyr,malganis,1992,evoker,preservation,132,60,72
Eskrizzle,thrall,1991,evoker,preservation,78,38,40
Kiry,emerald-dream,1972,evoker,preservation,78,36,42
Storeypagoda,tichondrius,1970,evoker,preservation,56,34,22
Walf,stormrage,1950,evoker,preservation,251,131,120
Idrinkurine,tichondrius,1918,evoker,preservation,88,45,43
Kallie,whisperwind,1902,evoker,preservation,293,140,153
Sloane,dunemaul,1899,evoker,preservation,51,32,19
Lieferant,area-52,1867,evoker,preservation,48,25,23
Bimbus,illidan,1865,evoker,preservation,148,81,67
Thnake,zuljin,1839,evoker,preservation,72,38,34
Selkisaurus,area-52,1834,evoker,preservation,60,29,31
Ancalagøn,ragnaros,1833,evoker,preservation,70,35,35
Ojigi,sargeras,1833,evoker,preservation,69,28,41
Stønemonkey,sargeras,1831,evoker,preservation,123,66,57
Iba,tichondrius,1828,evoker,preservation,96,54,42
Neskor,moon-guard,1827,evoker,preservation,101,58,43
Livesey,thunderhorn,1821,evoker,preservation,66,43,23
Eyjes,stormrage,1819,evoker,preservation,72,38,34
Drupy,tichondrius,1816,evoker,preservation,54,28,26
Dragongunz,illidan,1815,evoker,preservation,42,19,23
Benym,tichondrius,1810,evoker,preservation,54,28,26
Furegos,zuljin,1807,evoker,preservation,48,23,25
Mngxaltx,ragnaros,1807,evoker,preservation,66,31,35
Lodekiim,malganis,1806,evoker,preservation,66,30,36
Idk,proudmoore,1801,evoker,preservation,48,22,26
Novustrasza,lightbringer,1800,evoker,preservation,66,43,23
Petezra,ragnaros,1800,evoker,preservation,70,33,37
Ugg,stormrage,1789,evoker,preservation,153,69,84
Dragontrees,illidan,1765,evoker,preservation,54,28,26
Berquone,tichondrius,1747,evoker,preservation,72,31,41
Cerevok,area-52,1745,evoker,preservation,60,37,23
Lucardeht,illidan,1740,evoker,preservation,38,19,19
Hlaargh,illidan,1739,evoker,preservation,48,22,26
Phooby,sargeras,1736,evoker,preservation,72,37,35
Driceses,area-52,1735,evoker,preservation,50,29,21
Rosestrasza,silvermoon,1734,evoker,preservation,132,63,69
Dirtydragon,uther,1724,evoker,preservation,54,22,32
Dunkinonem,black-dragonflight,1702,evoker,preservation,391,194,197
Basherm,moon-guard,1702,evoker,preservation,78,38,40
Dragboy,stormrage,1696,evoker,preservation,92,53,39
Whethersmell,tichondrius,1692,evoker,preservation,44,21,23
Dragondikz,tichondrius,1689,evoker,preservation,36,22,14
Elimi,tichondrius,1687,evoker,preservation,30,18,12
Lodedragon,tichondrius,1685,evoker,preservation,90,38,52
Evokethisdik,tichondrius,1684,evoker,preservation,37,20,17
Schmitty,hellscream,1684,evoker,preservation,94,45,49
Mirandaxo,tichondrius,1684,evoker,preservation,161,73,88
Quickshootin,tichondrius,1666,evoker,preservation,66,32,34
Judra,barthilas,1665,evoker,preservation,74,38,36
Dupastrasza,illidan,1664,evoker,preservation,60,25,35
Drerick,illidan,1663,evoker,preservation,62,28,34
Deathdrake,jubeithos,1661,evoker,preservation,78,37,41
Daegonz,lightbringer,1657,evoker,preservation,116,57,59
Dripdrop,stormscale,1655,evoker,preservation,88,47,41
Dracthyrfang,elune,1641,evoker,preservation,36,18,18
Flamedramon,bleeding-hollow,1641,evoker,preservation,223,103,120
Grousegamer,barthilas,1637,evoker,preservation,44,20,24
Trákanon,mugthol,1634,evoker,preservation,67,37,30
Ðrac,bleeding-hollow,1633,evoker,preservation,53,30,23
Modenzu,malganis,1629,evoker,preservation,66,33,33
Révoked,magtheridon,1628,evoker,preservation,229,125,104
Twizzthyr,bleeding-hollow,1628,evoker,preservation,78,37,41
Courtvoke,turalyon,1612,evoker,preservation,69,36,33
Leonilxd,tichondrius,1610,evoker,preservation,97,51,46
Velstrasza,stormrage,1608,evoker,preservation,30,17,13
Bigdwagon,stormrage,1608,evoker,preservation,36,17,19
Triarcs,sargeras,1606,evoker,preservation,40,21,19
Deadlybx,bleeding-hollow,1603,evoker,preservation,70,32,38
Provokker,drakkari,1600,evoker,preservation,30,21,9
Jlucks,wyrmrest-accord,1600,evoker,preservation,166,94,72
Veraxsys,wyrmrest-accord,1600,evoker,preservation,52,20,32
Emperör,quelthalas,1598,evoker,preservation,79,43,36
Vulkerr,stormrage,1591,evoker,preservation,54,29,25
Adragon,garithos,1585,evoker,preservation,77,30,47
Redseal,tichondrius,1579,evoker,preservation,42,17,25
Junkstam,malganis,1574,evoker,preservation,51,25,26
Kainalaz,moon-guard,1570,evoker,preservation,43,19,24
Cyndragosa,dalvengyr,1565,evoker,preservation,59,27,32
Buttcrease,emerald-dream,1562,evoker,preservation,42,22,20
Møritz,stormrage,1562,evoker,preservation,86,40,46
Stinkler,stormscale,1553,evoker,preservation,43,18,25
Dracore,firetree,1549,evoker,preservation,215,112,103
Kwitty,illidan,1535,evoker,preservation,48,27,21
Fláppÿbírd,bleeding-hollow,1533,evoker,preservation,24,16,8
Runawayslave,frostmane,1530,evoker,preservation,204,99,105
Cokobra,haomarush,1529,evoker,preservation,24,16,8
Gogmagog,korgath,1526,evoker,preservation,54,29,25
Vhaegart,area-52,1525,evoker,preservation,54,21,33
Velocîraptor,bleeding-hollow,1524,evoker,preservation,92,53,39
Bigbaojian,tichondrius,1522,evoker,preservation,24,16,8
Trembulos,malganis,1522,evoker,preservation,36,18,18
Thevochr,area-52,1514,evoker,preservation,42,27,15
Dragonkink,sargeras,1513,evoker,preservation,36,18,18
Dragonsteppz,aegwynn,1512,evoker,preservation,30,16,14
Suffler,warsong,1511,evoker,preservation,60,34,26
Dragoncods,velen,1509,evoker,preservation,42,24,18
Eyolker,kelthuzad,1508,evoker,preservation,50,26,24
Madegood,tichondrius,1508,evoker,preservation,42,20,22
Voithyr,moon-guard,1507,evoker,preservation,125,56,69
Ffaarrvv,illidan,1504,evoker,preservation,61,39,22
Jacm,fizzcrank,1502,evoker,preservation,48,23,25
Emoker,magtheridon,1490,evoker,preservation,84,46,38
Macismighty,emerald-dream,1488,evoker,preservation,48,31,17
Ycnpass,tichondrius,1486,evoker,preservation,128,75,53
Ponnukii,tichondrius,1486,evoker,preservation,84,44,40
Virtualcrush,sisters-of-elune,1486,evoker,preservation,94,49,45
Zenot,malganis,1483,evoker,preservation,28,22,6
Nikholatrus,malganis,1483,evoker,preservation,106,52,54
Sineexe,illidan,1476,evoker,preservation,78,46,32
Yotus,illidan,1474,evoker,preservation,60,35,25
Nazatra,wyrmrest-accord,1473,evoker,preservation,71,34,37
Buttfinger,bladefist,1471,evoker,preservation,57,25,32
Qiblii,moon-guard,1470,evoker,preservation,48,24,24
Spyrodadrago,malganis,1469,evoker,preservation,59,23,36
Monavoker,bleeding-hollow,1466,evoker,preservation,36,20,16
Suedeshoes,bleeding-hollow,1466,evoker,preservation,138,76,62
Weagle,zuljin,1465,evoker,preservation,45,18,27
Lifewing,bleeding-hollow,1461,evoker,preservation,55,24,31
Enazen,kiljaeden,1460,evoker,preservation,83,45,38
Lalargata,azralon,1450,evoker,preservation,59,28,31
Egglayer,tichondrius,1448,evoker,preservation,114,42,72
Nyxtari,ragnaros,1447,evoker,preservation,108,57,51
Spyrox,zuluhed,1445,evoker,preservation,30,16,14
Dragisha,gnomeregan,1441,evoker,preservation,48,28,20
Sovietønion,tichondrius,1441,evoker,preservation,42,18,24
Neffiie,dalaran,1440,evoker,preservation,72,37,35
Vormontis,azralon,1440,evoker,preservation,64,28,36
Derazar,malganis,1438,evoker,preservation,249,111,138
Xurota,proudmoore,1438,evoker,preservation,74,32,42
Squarter,kiljaeden,1437,evoker,preservation,48,28,20
Bucket,wyrmrest-accord,1437,evoker,preservation,38,16,22
Kjerne,stormrage,1430,evoker,preservation,52,28,24
Ráigon,ragnaros,1428,evoker,preservation,75,31,44
Neocellx,frostwolf,1427,evoker,preservation,30,15,15
Handeezol,malganis,1426,evoker,preservation,48,27,21
Roogye,illidan,1420,evoker,preservation,54,28,26
Xerroh,area-52,1417,evoker,preservation,71,38,33
Ralzital,auchindoun,1416,evoker,preservation,36,15,21
Kephii,eonar,1415,evoker,preservation,42,22,20
Elcigala,ragnaros,1410,evoker,preservation,186,91,95
Vyndormu,moon-guard,1410,evoker,preservation,46,22,24
Kigglypuff,illidan,1406,evoker,preservation,36,15,21
Delivv,hyjal,1400,evoker,preservation,42,21,21
Dylôn,tichondrius,1398,evoker,preservation,58,27,31
Jmir,tichondrius,1389,evoker,preservation,59,24,35
Otsira,frostmourne,1383,evoker,preservation,48,32,16
Darthjarjar,bloodscalp,1380,evoker,preservation,65,34,31
Fuoco,kiljaeden,1374,evoker,preservation,50,28,22
Mfka,dalaran,1373,evoker,preservation,29,15,14
Mythsvoker,barthilas,1370,evoker,preservation,42,23,19
Healmeta,sargeras,1369,evoker,preservation,308,154,154
Fusrodude,shuhalo,1368,evoker,preservation,33,18,15
Pootylizard,daggerspine,1367,evoker,preservation,44,16,28
Friedwings,wyrmrest-accord,1359,evoker,preservation,27,16,11
Chessyk,ragnaros,1357,evoker,preservation,23,15,8
Giratina,area-52,1357,evoker,preservation,72,37,35
Thepplschamp,bloodhoof,1354,evoker,preservation,48,23,25
Dawitchvoker,illidan,1345,evoker,preservation,108,60,48
Kîñggïgàçhäð,stormrage,1343,evoker,preservation,24,14,10
Dragonkok,stormrage,1343,evoker,preservation,24,14,10
Kikokosta,tichondrius,1338,evoker,preservation,94,49,45
Enalen,azjolnerub,1338,evoker,preservation,62,29,33
Glizzurd,proudmoore,1336,evoker,preservation,161,80,81
Moralies,area-52,1336,evoker,preservation,30,14,16
Naykir,khazgoroth,1335,evoker,preservation,24,16,8
Primshin,illidan,1334,evoker,preservation,57,27,30
Sanninv,barthilas,1334,evoker,preservation,30,14,16
Actïoncat,emerald-dream,1334,evoker,preservation,57,20,37
Forsakentime,sargeras,1333,evoker,preservation,60,32,28
Chunkè,moon-guard,1331,evoker,preservation,57,23,34
Growthyy,malganis,1328,evoker,preservation,23,16,7
Mäverick,kelthuzad,1327,evoker,preservation,35,23,12
Bigdrag,blackhand,1325,evoker,preservation,85,45,40
Crowqt,frostmourne,1325,evoker,preservation,72,28,44
Caphe,nerzhul,1323,evoker,preservation,54,24,30
Vodkasauce,tichondrius,1321,evoker,preservation,24,14,10
Dendywings,zuljin,1321,evoker,preservation,30,14,16
Tazarke,dawnbringer,1317,evoker,preservation,48,26,22
Lizzardload,stormreaver,1307,evoker,preservation,69,28,41
Bryagh,executus,1304,evoker,preservation,36,18,18
Wangasaur,emerald-dream,1302,evoker,preservation,55,26,29
Aoibae,frostmourne,1300,evoker,preservation,60,27,33
Lebronjmz,kiljaeden,1299,evoker,preservation,30,16,14
Cynderrellaa,proudmoore,1299,evoker,preservation,146,70,76
Cringilisk,kelthuzad,1295,evoker,preservation,46,34,12
Feelzz,illidan,1295,evoker,preservation,31,17,14
Cronós,tichondrius,1293,evoker,preservation,36,14,22
Feijiwang,aegwynn,1292,evoker,preservation,63,36,27
Radragão,azralon,1291,evoker,preservation,42,24,18
Meiron,azralon,1289,evoker,preservation,30,14,16
Earthshatter,lightbringer,1286,evoker,preservation,100,55,45
Nitalash,moon-guard,1286,evoker,preservation,29,14,15
Selfhealzer,korgath,1285,evoker,preservation,62,29,33
Dracniel,illidan,1278,evoker,preservation,53,29,24
Evokas,tichondrius,1274,evoker,preservation,156,83,73
Miliolievo,azralon,1268,evoker,preservation,136,61,75
Lickndragons,sargeras,1265,evoker,preservation,36,14,22
Hydrrax,dalaran,1261,evoker,preservation,53,28,25
Nêwt,darkspear,1259,evoker,preservation,88,44,44
Thereptile,frostmourne,1258,evoker,preservation,84,37,47
Vgt,nemesis,1253,evoker,preservation,84,35,49
Lamentation,area-52,1252,evoker,preservation,42,23,19
Bayvoker,area-52,1252,evoker,preservation,53,28,25
Agony,emerald-dream,1252,evoker,preservation,249,121,128
Döublepenn,tichondrius,1248,evoker,preservation,63,35,28
Gotbreath,dalaran,1247,evoker,preservation,37,18,19
Mikoriivoker,tichondrius,1247,evoker,preservation,30,13,17
Verk,deathwing,1246,evoker,preservation,42,24,18
Stableboy,bleeding-hollow,1244,evoker,preservation,18,13,5
Valarakuu,illidan,1242,evoker,preservation,24,13,11
Allaston,tichondrius,1240,evoker,preservation,45,28,17
Zandragosa,dalaran,1240,evoker,preservation,24,13,11
Splendadaddy,kiljaeden,1238,evoker,preservation,24,13,11
Corncrake,sargeras,1238,evoker,preservation,30,13,17
Zippityzoom,barthilas,1237,evoker,preservation,29,16,13
Dkvastate,tichondrius,1236,evoker,preservation,112,56,56
Xhamon,quelthalas,1236,evoker,preservation,38,19,19
Zerath,frostmane,1236,evoker,preservation,30,13,17
Lavagurl,stormscale,1235,evoker,preservation,30,13,17
Necrathma,tichondrius,1234,evoker,preservation,24,13,11
Astoragosa,moon-guard,1231,evoker,preservation,61,38,23
Nyzara,emerald-dream,1231,evoker,preservation,30,13,17
Onornun,magtheridon,1229,evoker,preservation,66,32,34
Kycaka,area-52,1228,evoker,preservation,46,14,32
Bendover,proudmoore,1227,evoker,preservation,24,13,11
Lilithlittle,daggerspine,1227,evoker,preservation,112,52,60
Riz,blackhand,1221,evoker,preservation,71,35,36
Mãttyy,malganis,1220,evoker,preservation,36,19,17
Ultis,tichondrius,1220,evoker,preservation,179,93,86
Milfwizard,tichondrius,1219,evoker,preservation,24,13,11
Nulldd,tichondrius,1219,evoker,preservation,41,13,28
Doogiehowser,azshara,1217,evoker,preservation,96,49,47
Brantley,stormscale,1217,evoker,preservation,64,29,35
Shenlong,malganis,1215,evoker,preservation,41,22,19
Dunkelzahn,gorgonnash,1214,evoker,preservation,30,15,15
Zmaj,jubeithos,1213,evoker,preservation,18,13,5
Zindrozarath,area-52,1213,evoker,preservation,79,36,43
Greenscales,frostmourne,1213,evoker,preservation,93,37,56
Amniotic,hyjal,1212,evoker,preservation,54,31,23
Ysondrius,durotan,1212,evoker,preservation,48,26,22
Frozanat,kelthuzad,1205,evoker,preservation,75,34,41
Sanaz,stormreaver,1204,evoker,preservation,48,25,23
Allaker,kargath,1204,evoker,preservation,39,16,23
Hamanv,tichondrius,1202,evoker,preservation,30,13,17
Lilacstrasza,moon-guard,1201,evoker,preservation,59,25,34
Partysnaxx,thrall,1199,evoker,preservation,72,35,37
Çhara,illidan,1198,evoker,preservation,126,65,61
Shênlong,sargeras,1193,evoker,preservation,54,22,32
Emozoomer,malganis,1189,evoker,preservation,54,21,33
Shudo,moon-guard,1188,evoker,preservation,59,26,33
Tryhard,wyrmrest-accord,1185,evoker,preservation,54,28,26
Bahamut,magtheridon,1183,evoker,preservation,54,22,32
Masquemeto,illidan,1181,evoker,preservation,25,14,11
Deralan,khaz-modan,1179,evoker,preservation,108,40,68
Héllfire,ghostlands,1171,evoker,preservation,36,17,19
Draginnuts,illidan,1167,evoker,preservation,41,20,21
Kaguax,tichondrius,1167,evoker,preservation,84,32,52
Worldx,illidan,1166,evoker,preservation,24,13,11
Chambea,kelthuzad,1166,evoker,preservation,29,15,14
Mazalagon,trollbane,1165,evoker,preservation,29,15,14
Dandera,stormrage,1164,evoker,preservation,88,40,48
Gloamdream,cenarius,1162,evoker,preservation,67,31,36
Vermitor,sargeras,1155,evoker,preservation,24,13,11
Fatsu,executus,1152,evoker,preservation,30,12,18
Mikoribreath,moknathal,1151,evoker,preservation,18,12,6
Raundur,ragnaros,1150,evoker,preservation,24,12,12
Mysticenergy,tichondrius,1150,evoker,preservation,60,28,32
Alitasbbq,malganis,1147,evoker,preservation,30,12,18
Nitalzith,area-52,1133,evoker,preservation,24,12,12
Vermax,akama,1133,evoker,preservation,45,17,28
Brôcôlînî,zuljin,1131,evoker,preservation,18,14,4
Blay,elune,1130,evoker,preservation,36,15,21
Detreshan,stormreaver,1120,evoker,preservation,74,41,33
Endroz,tichondrius,1119,evoker,preservation,24,12,12
Drathron,tichondrius,1118,evoker,preservation,28,13,15
Dragonwench,sargeras,1101,evoker,preservation,22,13,9
Careflight,barthilas,1101,evoker,preservation,36,21,15
Geico,spinebreaker,1100,evoker,preservation,15,13,2
Ilithiphobia,ghostlands,1100,evoker,preservation,38,16,22
Thegrinchh,malganis,1097,evoker,preservation,81,39,42
Krossbones,cenarion-circle,1096,evoker,preservation,80,47,33
Draconian,frostmourne,1087,evoker,preservation,28,12,16
Dragonknght,tichondrius,1085,evoker,preservation,24,14,10
Emyhr,sargeras,1084,evoker,preservation,24,13,11
Draisin,zuljin,1083,evoker,preservation,24,13,11
Solryp,terokkar,1081,evoker,preservation,71,36,35
Lilithà,kelthuzad,1075,evoker,preservation,30,20,10
Balmoze,tichondrius,1071,evoker,preservation,49,26,23
Maxyz,khadgar,1071,evoker,preservation,42,13,29
Draganoche,zuljin,1066,evoker,preservation,30,14,16
Zackxo,moon-guard,1064,evoker,preservation,17,12,5
Balèrion,illidan,1064,evoker,preservation,24,12,12
Yozhz,ragnaros,1059,evoker,preservation,29,13,16
Tallcanman,kelthuzad,1055,evoker,preservation,24,11,13
Ajiz,mannoroth,1053,evoker,preservation,18,11,7
Imugee,sargeras,1051,evoker,preservation,24,11,13
Annum,moon-guard,1050,evoker,preservation,36,11,25
Sacrementus,tichondrius,1047,evoker,preservation,36,12,24
Drittles,illidan,1043,evoker,preservation,62,28,34
Rubellite,azralon,1042,evoker,preservation,39,18,21
Lahfly,tichondrius,1040,evoker,preservation,42,26,16
Rynntynn,blood-furnace,1039,evoker,preservation,24,11,13
Charadrius,zuljin,1038,evoker,preservation,41,23,18
Myxter,tichondrius,1035,evoker,preservation,49,25,24
Carloxd,tichondrius,1035,evoker,preservation,34,12,22
Abigaile,illidan,1034,evoker,preservation,18,13,5
Blankebr,gallywix,1032,evoker,preservation,36,24,12
Azuril,wyrmrest-accord,1028,evoker,preservation,78,27,51
Bumbledragn,moon-guard,1026,evoker,preservation,31,18,13
Evoke,boulderfist,1025,evoker,preservation,28,12,16
Karmakulax,wildhammer,1024,evoker,preservation,31,12,19
Vandinus,stormrage,1023,evoker,preservation,38,17,21
Gemis,anvilmar,1016,evoker,preservation,49,23,26
Richviewrd,illidan,1007,evoker,preservation,30,15,15
Shook,baelgun,1007,evoker,preservation,30,11,19
Dragonsand,area-52,1002,evoker,preservation,56,29,27
Brahown,altar-of-storms,998,evoker,preservation,36,11,25
Bizzstrasza,tichondrius,996,evoker,preservation,24,12,12
Mightywings,skywall,992,evoker,preservation,132,66,66
Hover,vashj,989,evoker,preservation,27,13,14
Vyreth,sargeras,987,evoker,preservation,81,38,43
Gidury,tichondrius,982,evoker,preservation,84,39,45
Sïgrìd,tichondrius,973,evoker,preservation,18,13,5
Mesamune,bonechewer,969,evoker,preservation,61,23,38
Rubyzz,illidan,960,evoker,preservation,18,10,8
Uncleìroh,tichondrius,960,evoker,preservation,24,10,14
Wingsoflyfe,frostmourne,959,evoker,preservation,18,10,8
Gobananas,sargeras,959,evoker,preservation,18,10,8
Cripcuhz,tichondrius,959,evoker,preservation,48,21,27
Puffthemagic,lightnings-blade,958,evoker,preservation,18,10,8
Drakthussey,illidan,957,evoker,preservation,18,10,8
Dokthyr,lightbringer,956,evoker,preservation,12,10,2
Goonguy,gnomeregan,955,evoker,preservation,12,10,2
Drepz,dalaran,955,evoker,preservation,12,10,2
Holdherhorn,area-52,955,evoker,preservation,18,10,8
Skailyx,zuljin,955,evoker,preservation,18,10,8
Soziin,skullcrusher,953,evoker,preservation,18,10,8
Proevoker,illidan,951,evoker,preservation,18,10,8
Goonwing,frostmourne,950,evoker,preservation,18,10,8
Barneydragon,stormrage,949,evoker,preservation,18,10,8
Ayavi,illidan,942,evoker,preservation,18,10,8
Djdavi,azralon,939,evoker,preservation,30,18,12
Zitasanazen,tichondrius,935,evoker,preservation,134,63,71
Daikis,proudmoore,930,evoker,preservation,24,10,14
Raptormoto,lothar,926,evoker,preservation,26,11,15
Milkspurt,tichondrius,926,evoker,preservation,42,16,26
Dragonbro,spirestone,923,evoker,preservation,18,10,8
Justbreathe,sargeras,911,evoker,preservation,17,10,7
Lightbeing,nazjatar,904,evoker,preservation,30,16,14
Badvoker,area-52,902,evoker,preservation,71,26,45
Cransvoker,illidan,902,evoker,preservation,30,10,20
Kalikani,moon-guard,900,evoker,preservation,28,11,17
Kerlaan,illidan,895,evoker,preservation,18,10,8
Purrlynn,tichondrius,893,evoker,preservation,20,10,10
Kivoke,proudmoore,888,evoker,preservation,24,10,14
Dmuzh,drakkari,884,evoker,preservation,24,13,11
Mugenyan,ragnaros,879,evoker,preservation,41,21,20
Draczod,proudmoore,878,evoker,preservation,41,10,31
Willowflight,illidan,867,evoker,preservation,50,23,27
Moxa,doomhammer,866,evoker,preservation,30,15,15
Mikorivoker,illidan,864,evoker,preservation,12,9,3
Calvoker,moon-guard,864,evoker,preservation,18,9,9
Kaldobar,stormrage,863,evoker,preservation,12,9,3
Unknowndrago,kul-tiras,863,evoker,preservation,18,9,9
Grunkthyr,moon-guard,863,evoker,preservation,18,9,9
Wonderk,frostmourne,863,evoker,preservation,18,9,9
Nuubvoker,stormrage,863,evoker,preservation,18,9,9
Tonymanitoba,whisperwind,863,evoker,preservation,18,9,9
Hepzibah,kelthuzad,863,evoker,preservation,24,9,15
Sandragon,ragnaros,863,evoker,preservation,27,10,17
Velocivraull,malganis,862,evoker,preservation,12,9,3
Kakanjutan,azralon,861,evoker,preservation,16,10,6
Macdrag,malganis,861,evoker,preservation,18,9,9
Jesstrasza,quelthalas,861,evoker,preservation,42,18,24
Tigdragon,proudmoore,861,evoker,preservation,24,9,15
Gravityblast,tichondrius,861,evoker,preservation,24,9,15
Treadcinder,tichondrius,857,evoker,preservation,18,9,9
Kaeszandrus,azralon,855,evoker,preservation,18,9,9
Bjason,tichondrius,855,evoker,preservation,18,9,9
Setash,hyjal,853,evoker,preservation,18,9,9
Moiraine,kargath,850,evoker,preservation,24,9,15
Hentaizilla,kiljaeden,850,evoker,preservation,55,19,36
Dragndeez,garrosh,824,evoker,preservation,40,9,31
Sandrozeria,wyrmrest-accord,822,evoker,preservation,14,10,4
Drakthuul,icecrown,819,evoker,preservation,24,11,13
Saintpablox,illidan,810,evoker,preservation,34,10,24
Bandel,tichondrius,805,evoker,preservation,16,11,5
Darkspyro,area-52,799,evoker,preservation,11,9,2
Drackaras,stormrage,790,evoker,preservation,18,9,9
Ninereeds,malganis,768,evoker,preservation,12,8,4
Rvrbzv,stormrage,768,evoker,preservation,12,8,4
Chañïng,frostmourne,768,evoker,preservation,18,8,10
Sheepdoll,icecrown,768,evoker,preservation,18,8,10
Dracadukez,illidan,768,evoker,preservation,24,8,16
Walloper,malganis,767,evoker,preservation,12,8,4
Cadwaladr,frostmourne,767,evoker,preservation,12,8,4
Slèv,frostmourne,767,evoker,preservation,18,8,10
Vokr,area-52,767,evoker,preservation,18,8,10
Zakaraki,bloodscalp,766,evoker,preservation,12,8,4
Chue,quelthalas,766,evoker,preservation,18,8,10
Kathendrov,sargeras,764,evoker,preservation,12,8,4
Everglow,the-forgotten-coast,763,evoker,preservation,12,8,4
Nutsdragon,tichondrius,763,evoker,preservation,18,8,10
Spitdafire,tichondrius,763,evoker,preservation,18,8,10
Wrathiøn,sargeras,763,evoker,preservation,24,8,16
Rorie,farstriders,762,evoker,preservation,12,8,4
Matsutake,kelthuzad,762,evoker,preservation,18,8,10
Crumbflaps,kelthuzad,758,evoker,preservation,18,8,10
Criteria,burning-legion,748,evoker,preservation,18,8,10
Durtyvoker,illidan,735,evoker,preservation,22,8,14
Butta,darkspear,734,evoker,preservation,17,8,9
Whinks,zangarmarsh,732,evoker,preservation,17,8,9
Polland,area-52,731,evoker,preservation,17,8,9
Icthelestron,black-dragonflight,729,evoker,preservation,14,9,5
Geicovoker,tichondrius,714,evoker,preservation,28,9,19
Shardsnorta,chogall,708,evoker,preservation,17,8,9
Velaryonhero,arthas,700,evoker,preservation,20,8,12
Philmcracken,proudmoore,687,evoker,preservation,11,8,3
Syraxiez,sargeras,672,evoker,preservation,12,7,5
Cycircle,tichondrius,672,evoker,preservation,12,7,5
Vroomby,area-52,672,evoker,preservation,12,7,5
Vrondiss,trollbane,672,evoker,preservation,12,7,5
Beatxqt,area-52,672,evoker,preservation,12,7,5
Truffleßutta,tichondrius,672,evoker,preservation,12,7,5
Skrimbles,tichondrius,672,evoker,preservation,12,7,5
Goursaud,malganis,672,evoker,preservation,12,7,5
Versezz,tichondrius,672,evoker,preservation,12,7,5
Hamine,tichondrius,672,evoker,preservation,18,7,11
Orncen,emerald-dream,672,evoker,preservation,18,7,11
Kwebab,tichondrius,672,evoker,preservation,18,7,11
Darchomp,illidan,672,evoker,preservation,18,7,11
Draikia,zuljin,672,evoker,preservation,18,7,11
Gaslightqt,tichondrius,672,evoker,preservation,19,7,12
Advancedonly,tichondrius,672,evoker,preservation,24,7,17
Matchamjölk,tichondrius,671,evoker,preservation,12,7,5
Vertorgon,proudmoore,671,evoker,preservation,12,7,5
Boomlvx,frostmourne,671,evoker,preservation,12,7,5
Forlornomens,area-52,671,evoker,preservation,12,7,5
Reskue,burning-legion,671,evoker,preservation,12,7,5
Arûmat,tichondrius,671,evoker,preservation,18,7,11
Longxx,dalaran,671,evoker,preservation,18,7,11
Bookkoo,burning-legion,671,evoker,preservation,24,7,17
Wethotgarbee,tichondrius,670,evoker,preservation,12,7,5
Rayvoker,elune,670,evoker,preservation,12,7,5
Mad,aerie-peak,670,evoker,preservation,19,9,10
Woozul,malganis,670,evoker,preservation,30,7,23
Dragonballer,trollbane,669,evoker,preservation,18,7,11
Retcondragon,sargeras,669,evoker,preservation,18,7,11
Hakuroyime,ragnaros,667,evoker,preservation,12,7,5
Azulnova,tichondrius,665,evoker,preservation,18,7,11
Acidbreath,tichondrius,661,evoker,preservation,18,7,11
Wheyvern,malganis,660,evoker,preservation,33,7,26
Itsac,daggerspine,656,evoker,preservation,12,7,5
Yiptondabs,emerald-dream,650,evoker,preservation,29,7,22
Thenasath,sargeras,640,evoker,preservation,17,7,10
Ravebae,frostmourne,639,evoker,preservation,17,7,10
Mokkdala,blackrock,637,evoker,preservation,17,7,10
Elderdragon,nerzhul,629,evoker,preservation,16,8,8
Kixxely,sargeras,623,evoker,preservation,12,8,4
Kilawatt,barthilas,620,evoker,preservation,11,7,4
Terpsy,area-52,620,evoker,preservation,11,7,4
Tsuruda,illidan,618,evoker,preservation,21,8,13
Wilbog,moon-guard,604,evoker,preservation,36,7,29
Ambadragon,frostmourne,591,evoker,preservation,11,7,4
Hwansu,tichondrius,576,evoker,preservation,6,6,0
Cheesedragon,tichondrius,576,evoker,preservation,6,6,0
Tatsurai,tichondrius,576,evoker,preservation,10,7,3
Quesodillas,stormreaver,576,evoker,preservation,12,6,6
Bookwyrm,khadgar,576,evoker,preservation,12,6,6
Teëst,malganis,576,evoker,preservation,12,6,6
Azarke,rivendare,576,evoker,preservation,12,6,6
Ozvoker,area-52,576,evoker,preservation,12,6,6
Diregon,kelthuzad,576,evoker,preservation,12,6,6
Innervoker,tichondrius,576,evoker,preservation,12,6,6
Localfemboy,area-52,576,evoker,preservation,12,6,6
Flybro,malganis,576,evoker,preservation,12,6,6
Verosria,area-52,576,evoker,preservation,12,6,6
Daylenx,thrall,576,evoker,preservation,12,6,6
Wtfhappen,tichondrius,576,evoker,preservation,12,6,6
Thegoone,bleeding-hollow,576,evoker,preservation,12,6,6
Sleepiiheadx,stormrage,576,evoker,preservation,12,6,6
Xiaolongmei,frostmourne,576,evoker,preservation,12,6,6
Datinysmaug,stormrage,576,evoker,preservation,12,6,6
Yaaj,black-dragonflight,576,evoker,preservation,14,6,8
Teddydarg,tichondrius,576,evoker,preservation,14,6,8
Youngyongdie,tichondrius,576,evoker,preservation,22,8,14
Dragonk,dragonblight,576,evoker,preservation,18,6,12
Murphymonsta,stormscale,576,evoker,preservation,18,6,12
Toodllesz,stormrage,575,evoker,preservation,6,6,0
Magnito,thorium-brotherhood,575,evoker,preservation,12,6,6
Bhfflove,area-52,575,evoker,preservation,12,6,6
Shinryuu,warsong,575,evoker,preservation,12,6,6
Dragûn,stormrage,575,evoker,preservation,12,6,6
Tokeandvoke,haomarush,575,evoker,preservation,12,6,6
Flameschosen,malganis,575,evoker,preservation,12,6,6
Dragy,bonechewer,575,evoker,preservation,18,6,12
Naùghtygames,area-52,575,evoker,preservation,18,6,12
Kyloflight,thrall,575,evoker,preservation,24,6,18
Toothless,garithos,574,evoker,preservation,6,6,0
Amun,frostwolf,574,evoker,preservation,12,6,6
Cinderazerat,moon-guard,574,evoker,preservation,18,6,12
Azalana,thrall,574,evoker,preservation,24,6,18
Moraise,bonechewer,573,evoker,preservation,12,6,6
Rhaeynes,moon-guard,568,evoker,preservation,12,6,6
Spliffdragon,sargeras,528,evoker,preservation,17,6,11
Imperialist,proudmoore,522,evoker,preservation,29,7,22
Shenlòng,drakkari,521,evoker,preservation,15,7,8
Akavoker,sargeras,521,evoker,preservation,20,7,13
Supernovax,illidan,512,evoker,preservation,16,6,10
Imaginedrgn,tichondrius,511,evoker,preservation,11,6,5
Errier,tichondrius,511,evoker,preservation,14,6,8
Nwo,shattered-hand,494,evoker,preservation,11,6,5
Brindletail,proudmoore,494,evoker,preservation,19,6,13
Binidragon,tichondrius,480,evoker,preservation,6,5,1
Shellessturt,kelthuzad,480,evoker,preservation,6,5,1
Chinadragon,balnazzar,480,evoker,preservation,6,5,1
Evvookkeerr,tichondrius,480,evoker,preservation,6,5,1
Drgndeeznüts,tichondrius,480,evoker,preservation,9,5,4
Imwoker,illidan,480,evoker,preservation,12,5,7
Draggin,barthilas,480,evoker,preservation,12,5,7
Draktharl,tichondrius,480,evoker,preservation,12,5,7
Hageiz,tichondrius,480,evoker,preservation,12,5,7
Oldmandrake,mannoroth,480,evoker,preservation,12,5,7
Cirroaltos,aerie-peak,480,evoker,preservation,12,5,7
Gumbåll,bleeding-hollow,480,evoker,preservation,12,5,7
Salusx,proudmoore,480,evoker,preservation,12,5,7
Chronocolter,thunderhorn,480,evoker,preservation,12,5,7
Evizzar,zuljin,480,evoker,preservation,12,5,7
Kratheu,azralon,480,evoker,preservation,12,5,7
Neewhad,malganis,480,evoker,preservation,12,5,7
Spyrotime,tichondrius,480,evoker,preservation,15,5,10
Seeyn,tichondrius,480,evoker,preservation,18,5,13
Cruv,boulderfist,480,evoker,preservation,18,5,13
Bronyflexy,sargeras,480,evoker,preservation,24,5,19
Bvo,stormrage,479,evoker,preservation,6,5,1
Prevoker,kirin-tor,479,evoker,preservation,6,5,1
Lickyertits,tichondrius,479,evoker,preservation,12,5,7
Dracdeez,dreadmaul,479,evoker,preservation,12,5,7
Álln,sargeras,479,evoker,preservation,12,5,7
Drizzydrag,jubeithos,479,evoker,preservation,12,5,7
Kratostrasz,moon-guard,479,evoker,preservation,12,5,7
Cootietooter,icecrown,479,evoker,preservation,12,5,7
Rhaènyra,sargeras,479,evoker,preservation,12,5,7
Paladinex,tichondrius,479,evoker,preservation,12,5,7
Cindermint,mugthol,479,evoker,preservation,14,5,9
Bitkoinz,tichondrius,479,evoker,preservation,18,5,13
Dragown,sargeras,478,evoker,preservation,12,5,7
Draehgor,hyjal,478,evoker,preservation,12,5,7
Ashandshadow,area-52,478,evoker,preservation,19,5,14
Scaryðragon,akama,477,evoker,preservation,12,5,7
Interracial,stormscale,475,evoker,preservation,10,6,4
Falsedaze,sargeras,475,evoker,preservation,12,5,7
Gaserick,quelthalas,426,evoker,preservation,17,6,11
Items,frostmourne,416,evoker,preservation,10,5,5
Monzydrake,emerald-dream,408,evoker,preservation,20,5,15
Exrtj,stormrage,384,evoker,preservation,6,4,2
Ygnizem,ysera,384,evoker,preservation,6,4,2
Docevoker,tichondrius,384,evoker,preservation,6,4,2
Tygor,arthas,384,evoker,preservation,6,4,2
Bassblasterr,dalaran,384,evoker,preservation,6,4,2
Venitsu,malganis,384,evoker,preservation,6,4,2
Jëthrø,illidan,384,evoker,preservation,6,4,2
Mtndewboy,illidan,384,evoker,preservation,6,4,2
Dreamfuego,tichondrius,384,evoker,preservation,6,4,2
Baradad,frostmourne,384,evoker,preservation,6,4,2
Murloc,shadowsong,384,evoker,preservation,6,4,2
Treysongz,area-52,384,evoker,preservation,6,4,2
Babylons,area-52,384,evoker,preservation,6,4,2
Azurgos,proudmoore,384,evoker,preservation,6,4,2
Whelp,shadow-council,384,evoker,preservation,6,4,2
Taegon,area-52,384,evoker,preservation,6,4,2
Darksmoke,spirestone,384,evoker,preservation,6,4,2
Atraxian,tichondrius,384,evoker,preservation,6,4,2
Gavstarz,frostmourne,384,evoker,preservation,6,4,2
Ancalagðn,quelthalas,384,evoker,preservation,6,4,2
Whitesnow,korgath,384,evoker,preservation,6,4,2
Zaedor,stormrage,384,evoker,preservation,10,5,5
Shoestrings,tichondrius,384,evoker,preservation,12,4,8
Bryágh,wyrmrest-accord,384,evoker,preservation,12,4,8
Williamjong,tichondrius,384,evoker,preservation,12,4,8
Olindoe,tichondrius,384,evoker,preservation,12,4,8
Yujirohanma,frostmourne,384,evoker,preservation,12,4,8
Soyum,sargeras,384,evoker,preservation,12,4,8
Galrend,firetree,384,evoker,preservation,12,4,8
Crumbsock,thrall,384,evoker,preservation,12,4,8
Pensini,illidan,384,evoker,preservation,12,4,8
Raphdragon,stormrage,384,evoker,preservation,12,4,8
Satratren,moon-guard,384,evoker,preservation,12,4,8
Upsdriver,dentarg,384,evoker,preservation,18,4,14
Lervish,durotan,383,evoker,preservation,6,4,2
Misico,illidan,383,evoker,preservation,6,4,2
Shintrax,ragnaros,383,evoker,preservation,10,4,6
Tihkal,spinebreaker,383,evoker,preservation,12,4,8
Flymuch,illidan,383,evoker,preservation,12,4,8
Xdragon,lightbringer,383,evoker,preservation,12,4,8
Dombi,moon-guard,383,evoker,preservation,12,4,8
Bigtoots,illidan,382,evoker,preservation,12,4,8
Saintetoile,tichondrius,382,evoker,preservation,12,4,8
Danatreseth,moon-guard,380,evoker,preservation,12,4,8
Nyxstrasza,moknathal,366,evoker,preservation,11,4,7
Clubmetro,boulderfist,365,evoker,preservation,9,6,3
Zathasar,tichondrius,333,evoker,preservation,28,4,24
Corlys,thunderhorn,330,evoker,preservation,17,5,12
Dragginhealz,stormrage,323,evoker,preservation,15,5,10
Tealik,frostmourne,320,evoker,preservation,10,4,6
Jolynne,illidan,320,evoker,preservation,14,4,10
Lantur,perenolde,319,evoker,preservation,16,4,12
Polyrhythmic,ysera,304,evoker,preservation,7,4,3
Dragocser,drakkari,288,evoker,preservation,6,3,3
Vaeghar,anvilmar,288,evoker,preservation,6,3,3
Heidibibe,tichondrius,288,evoker,preservation,6,3,3
Paradïsso,tichondrius,288,evoker,preservation,6,3,3
Spicypnuts,zuljin,288,evoker,preservation,6,3,3
Annazara,stormrage,288,evoker,preservation,6,3,3
Flexlong,tichondrius,288,evoker,preservation,6,3,3
Vygrax,nerzhul,288,evoker,preservation,6,3,3
Jakburnon,stormrage,288,evoker,preservation,6,3,3
Icallthecops,tichondrius,288,evoker,preservation,6,3,3
Jamörant,tichondrius,288,evoker,preservation,6,3,3
Knowragretz,tichondrius,288,evoker,preservation,6,3,3
Bootymágic,tichondrius,288,evoker,preservation,6,3,3
Swagdriver,moon-guard,288,evoker,preservation,6,3,3
Draseew,drakkari,288,evoker,preservation,6,3,3
Dracritzzx,ragnaros,288,evoker,preservation,6,3,3
Bigtitsdrag,illidan,288,evoker,preservation,6,3,3
Evoketage,malganis,288,evoker,preservation,6,3,3
Kreutzhauser,tichondrius,288,evoker,preservation,6,3,3
Gvoker,nemesis,288,evoker,preservation,6,3,3
Saxthyr,stormreaver,288,evoker,preservation,6,3,3
Chawp,tichondrius,288,evoker,preservation,6,3,3
Sylf,kiljaeden,288,evoker,preservation,6,3,3
Golden,area-52,288,evoker,preservation,6,3,3
Selden,boulderfist,288,evoker,preservation,6,3,3
Ðçßñÿåæéîùøð,tichondrius,288,evoker,preservation,6,3,3
Vokefuu,illidan,288,evoker,preservation,6,3,3
Rangä,caelestrasz,288,evoker,preservation,6,3,3
Raxdragon,sargeras,288,evoker,preservation,6,3,3
Kalsit,emerald-dream,288,evoker,preservation,6,3,3
Dracoon,madoran,288,evoker,preservation,6,3,3
Mignificent,sargeras,288,evoker,preservation,6,3,3
Flyingmooie,frostmourne,288,evoker,preservation,6,3,3
Visserion,sargeras,288,evoker,preservation,6,3,3
Garrgle,sargeras,288,evoker,preservation,6,3,3
Kymoxien,sargeras,288,evoker,preservation,6,3,3
Redhorn,frostmourne,288,evoker,preservation,6,3,3
Setren,antonidas,288,evoker,preservation,6,3,3
Aspecto,area-52,288,evoker,preservation,12,3,9
Discussion,area-52,288,evoker,preservation,12,3,9
Pauly,suramar,288,evoker,preservation,12,3,9
Tinine,frostmourne,288,evoker,preservation,12,3,9
Ahahaa,frostmourne,288,evoker,preservation,12,3,9
Simmnyxia,area-52,288,evoker,preservation,12,3,9
Explosives,blades-edge,288,evoker,preservation,12,3,9
Galfiore,malganis,288,evoker,preservation,12,3,9
Reflexd,malganis,288,evoker,preservation,12,3,9
Dwacawys,zuljin,288,evoker,preservation,12,3,9
Drakkar,elune,288,evoker,preservation,12,3,9
Dragonbabu,area-52,288,evoker,preservation,12,3,9
Stormdagger,proudmoore,288,evoker,preservation,12,3,9
Mouthgorawr,tichondrius,288,evoker,preservation,13,3,10
Wapowthion,blades-edge,288,evoker,preservation,18,3,15
Killerdragon,darkspear,287,evoker,preservation,6,3,3
Ownlyfans,silvermoon,287,evoker,preservation,6,3,3
Saphfire,burning-legion,287,evoker,preservation,6,3,3
Supereragon,area-52,287,evoker,preservation,6,3,3
Chenrong,sargeras,287,evoker,preservation,12,3,9
Tazen,bleeding-hollow,287,evoker,preservation,12,3,9
Toothlesz,draka,287,evoker,preservation,18,3,15
Arazarion,mugthol,285,evoker,preservation,12,3,9
Ragendragon,hellscream,285,evoker,preservation,12,3,9
Drakonyx,mugthol,285,evoker,preservation,12,3,9
Stíckyj,tichondrius,255,evoker,preservation,11,3,8
Tailia,sargeras,239,evoker,preservation,5,3,2
Rápturé,tichondrius,234,evoker,preservation,10,6,4
Daddyrp,tichondrius,234,evoker,preservation,15,5,10
Tugmapvpean,kelthuzad,208,evoker,preservation,7,3,4
Ndr,proudmoore,192,evoker,preservation,6,2,4
Drugdoer,illidan,192,evoker,preservation,6,2,4
Surasi,frostmourne,192,evoker,preservation,6,2,4
Dwagonwage,zuljin,192,evoker,preservation,6,2,4
Racovoker,zuljin,192,evoker,preservation,6,2,4
Nunez,frostmourne,192,evoker,preservation,6,2,4
Inkdsy,detheroc,192,evoker,preservation,6,2,4
Saviorkai,barthilas,192,evoker,preservation,6,2,4
Xerithious,bleeding-hollow,192,evoker,preservation,6,2,4
Dscim,zuljin,192,evoker,preservation,6,2,4
Dragonpel,azralon,192,evoker,preservation,6,2,4
Drakhaz,azralon,192,evoker,preservation,6,2,4
Invdkill,azralon,192,evoker,preservation,6,2,4
Droggerdrago,stormreaver,192,evoker,preservation,6,2,4
Daemon,terokkar,192,evoker,preservation,6,2,4
Nite,lothar,192,evoker,preservation,6,2,4
Slaymedaddy,proudmoore,192,evoker,preservation,6,2,4
Smurgma,frostmane,192,evoker,preservation,6,2,4
Aetherz,illidan,192,evoker,preservation,6,2,4
Wse,illidan,192,evoker,preservation,6,2,4
Preserveluke,moon-guard,192,evoker,preservation,6,2,4
Carrnedge,area-52,192,evoker,preservation,6,2,4
Drakthyrmonk,hyjal,192,evoker,preservation,6,2,4
Scyyterr,azralon,192,evoker,preservation,6,2,4
Ceraxxes,tichondrius,192,evoker,preservation,6,2,4
Linguistic,tichondrius,192,evoker,preservation,6,2,4
Sketchybum,tichondrius,192,evoker,preservation,6,2,4
Kalrid,sargeras,192,evoker,preservation,6,2,4
Sekidrac,ragnaros,192,evoker,preservation,6,2,4
Ellafortnite,emerald-dream,192,evoker,preservation,6,2,4
Nil,malganis,192,evoker,preservation,6,2,4
Syfen,burning-blade,192,evoker,preservation,6,2,4
Ignicion,quelthalas,192,evoker,preservation,6,2,4
Koopa,malygos,192,evoker,preservation,6,2,4
Tagritash,kelthuzad,192,evoker,preservation,6,2,4
Tightp,malganis,192,evoker,preservation,12,2,10
Draghyon,tichondrius,192,evoker,preservation,12,2,10
Djornmustman,sargeras,192,evoker,preservation,12,2,10
Hotblower,tichondrius,192,evoker,preservation,12,2,10
Lampizard,bonechewer,192,evoker,preservation,12,2,10
Takasaki,dalaran,192,evoker,preservation,12,2,10
Arkaan,malganis,192,evoker,preservation,12,2,10
Arazerazer,thrall,192,evoker,preservation,12,2,10
Thendroz,aerie-peak,191,evoker,preservation,4,3,1
Dracalis,thrall,191,evoker,preservation,6,2,4
Valethal,ragnaros,191,evoker,preservation,6,2,4
Spyrð,emerald-dream,191,evoker,preservation,6,2,4
Frozonic,tichondrius,191,evoker,preservation,6,2,4
Shadowyasuke,area-52,191,evoker,preservation,12,2,10
Sodre,illidan,191,evoker,preservation,12,2,10
Evooern,frostmourne,175,evoker,preservation,11,2,9
Hexavalent,tichondrius,159,evoker,preservation,5,2,3
Temporal,mannoroth,144,evoker,preservation,3,3,0
Dragonbush,sargeras,138,evoker,preservation,10,3,7
Shíkyo,stormrage,138,evoker,preservation,20,3,17
Amnemís,tichondrius,128,evoker,preservation,4,2,2
Patrdorasz,zuljin,96,evoker,preservation,6,1,5
Simarity,thrall,96,evoker,preservation,6,1,5
Shockragosa,chogall,96,evoker,preservation,6,1,5
Roastdrake,tichondrius,96,evoker,preservation,6,1,5
Tasdarallar,frostmourne,96,evoker,preservation,6,1,5
Atreign,blackwing-lair,96,evoker,preservation,6,1,5
Keedrori,thrall,96,evoker,preservation,6,1,5
Vvhip,tichondrius,96,evoker,preservation,6,1,5
Omars,sargeras,96,evoker,preservation,6,1,5
Trrxx,tichondrius,96,evoker,preservation,6,1,5
Uwuspit,tichondrius,96,evoker,preservation,6,1,5
Caelïn,malganis,96,evoker,preservation,6,1,5
Charbothyr,gorgonnash,96,evoker,preservation,6,1,5
Ðräco,quelthalas,96,evoker,preservation,6,1,5
Olesmokey,tichondrius,96,evoker,preservation,6,1,5
Daraz,tichondrius,96,evoker,preservation,6,1,5
Ohmylanta,stormrage,96,evoker,preservation,6,1,5
Yoyke,tichondrius,96,evoker,preservation,6,1,5
Talzindera,sargeras,96,evoker,preservation,6,1,5
Deviantart,emerald-dream,96,evoker,preservation,6,1,5
Mungwings,area-52,96,evoker,preservation,6,1,5
Spyroh,crushridge,96,evoker,preservation,6,1,5
Gamerwords,barthilas,96,evoker,preservation,6,1,5
Vermax,spirestone,96,evoker,preservation,6,1,5
Dragondoh,frostmourne,96,evoker,preservation,6,1,5
Mookthyr,area-52,96,evoker,preservation,6,1,5
Dracomedicus,frostmourne,96,evoker,preservation,10,1,9
Tidehunter,chogall,96,evoker,preservation,12,1,11
Diavai,area-52,96,evoker,preservation,12,1,11
Morkite,moon-guard,96,evoker,preservation,12,1,11
Derath,maelstrom,96,evoker,preservation,12,1,11
Bobstrasz,tichondrius,96,evoker,preservation,12,1,11
Khorvin,proudmoore,96,evoker,preservation,12,1,11
Jsb,moon-guard,96,evoker,preservation,18,1,17
Blowmiê,area-52,79,evoker,preservation,5,1,4
Thiqc,zuluhed,9,evoker,preservation,9,3,6
Nikthevoker,area-52,2120,evoker,devastation,111,58,53
Dametra,proudmoore,2100,evoker,devastation,102,59,43
Nikthevoker,tichondrius,2079,evoker,devastation,96,51,45
Breathalizer,sargeras,2056,evoker,devastation,84,49,35
Caedalade,proudmoore,2014,evoker,devastation,159,80,79
Somyr,area-52,2003,evoker,devastation,78,43,35
Quadude,illidan,1985,evoker,devastation,131,67,64
Evokemedaddy,bleeding-hollow,1965,evoker,devastation,84,44,40
Koalaman,area-52,1946,evoker,devastation,150,80,70
Dzrn,moon-guard,1943,evoker,devastation,102,52,50
Trogdør,illidan,1942,evoker,devastation,141,72,69
Wazgon,emerald-dream,1940,evoker,devastation,194,94,100
Rothvoker,tichondrius,1934,evoker,devastation,80,46,34
Arzaria,stormrage,1904,evoker,devastation,126,72,54
Ayavi,illidan,1890,evoker,devastation,96,61,35
Ocdgamer,malganis,1889,evoker,devastation,55,27,28
Juicyjom,staghelm,1886,evoker,devastation,48,25,23
Ethalem,thrall,1877,evoker,devastation,132,80,52
Draxarys,tichondrius,1877,evoker,devastation,178,88,90
Saryuja,thunderhorn,1860,evoker,devastation,46,31,15
Eastwubz,norgannon,1856,evoker,devastation,60,30,30
Bugberry,illidan,1854,evoker,devastation,96,51,45
Fores,tichondrius,1852,evoker,devastation,122,63,59
Royquaza,illidan,1850,evoker,devastation,60,33,27
Wheezee,emerald-dream,1850,evoker,devastation,46,25,21
Rescued,wyrmrest-accord,1848,evoker,devastation,54,31,23
Tatsurai,tichondrius,1845,evoker,devastation,43,24,19
Eshen,ragnaros,1843,evoker,devastation,298,158,140
Draxarys,area-52,1843,evoker,devastation,185,95,90
Hutaothighs,illidan,1837,evoker,devastation,60,32,28
Lizzimcguire,zuljin,1827,evoker,devastation,42,27,15
Venarys,dalaran,1826,evoker,devastation,42,30,12
Raxdragon,sargeras,1826,evoker,devastation,36,22,14
Anachronormu,mannoroth,1826,evoker,devastation,71,40,31
Thrawn,arygos,1825,evoker,devastation,53,33,20
Azradormu,zuljin,1823,evoker,devastation,85,37,48
Azazél,borean-tundra,1822,evoker,devastation,89,51,38
Evokes,moon-guard,1818,evoker,devastation,80,41,39
Drakori,azralon,1812,evoker,devastation,80,49,31
Drogu,kelthuzad,1810,evoker,devastation,30,19,11
Gojirastraza,stormrage,1810,evoker,devastation,53,32,21
Laneva,moon-guard,1809,evoker,devastation,122,82,40
Pykan,skullcrusher,1809,evoker,devastation,47,24,23
Ragedizzle,twisting-nether,1808,evoker,devastation,91,49,42
Geicovoker,tichondrius,1806,evoker,devastation,52,30,22
Tazriak,tichondrius,1803,evoker,devastation,83,52,31
Fractalz,alterac-mountains,1800,evoker,devastation,169,92,77
Whilefalse,stormrage,1793,evoker,devastation,65,28,37
Yrue,moon-guard,1779,evoker,devastation,36,19,17
Nørbert,frostmourne,1769,evoker,devastation,48,29,19
Dooklord,shuhalo,1763,evoker,devastation,54,24,30
Bigdrag,blackhand,1761,evoker,devastation,90,45,45
Kyloflight,thrall,1747,evoker,devastation,38,25,13
Oldxdrake,sargeras,1747,evoker,devastation,138,70,68
Emiriss,thrall,1744,evoker,devastation,88,45,43
Plep,wyrmrest-accord,1741,evoker,devastation,39,22,17
Srb,chogall,1730,evoker,devastation,44,26,18
Rá,drenden,1728,evoker,devastation,78,34,44
Thordak,drakkari,1722,evoker,devastation,54,30,24
Psynister,illidan,1711,evoker,devastation,108,48,60
Meltharian,frostmourne,1708,evoker,devastation,68,33,35
Ævoker,tichondrius,1703,evoker,devastation,99,53,46
Shoestrings,tichondrius,1703,evoker,devastation,90,43,47
Puf,magtheridon,1698,evoker,devastation,141,79,62
Rðsè,tichondrius,1697,evoker,devastation,114,56,58
Jase,gilneas,1691,evoker,devastation,74,45,29
Krúnsh,ragnaros,1687,evoker,devastation,125,66,59
Betasoldier,kelthuzad,1684,evoker,devastation,42,29,13
Darkwingz,icecrown,1680,evoker,devastation,44,25,19
Zenithria,thrall,1680,evoker,devastation,82,45,37
Eszel,thunderlord,1679,evoker,devastation,184,98,86
Catvoker,area-52,1678,evoker,devastation,114,58,56
Dwagonwage,zuljin,1672,evoker,devastation,54,25,29
Garlicbreth,stormrage,1671,evoker,devastation,76,40,36
Fizzlevoker,malganis,1670,evoker,devastation,48,23,25
Nunez,frostmourne,1663,evoker,devastation,35,19,16
Caelïn,malganis,1661,evoker,devastation,114,62,52
Balrôg,malganis,1656,evoker,devastation,63,29,34
Dovàhkin,moon-guard,1655,evoker,devastation,60,32,28
Wingdeadly,tichondrius,1650,evoker,devastation,66,35,31
Beatdownbill,sargeras,1647,evoker,devastation,75,35,40
Deralan,khaz-modan,1645,evoker,devastation,36,20,16
Blackdragôn,stormrage,1641,evoker,devastation,43,22,21
Izzythelizzy,tichondrius,1629,evoker,devastation,102,55,47
Arkeryte,moon-guard,1629,evoker,devastation,96,49,47
Xxkimura,tichondrius,1626,evoker,devastation,84,40,44
Ðeepßreath,sargeras,1625,evoker,devastation,48,24,24
Galakrønd,illidan,1622,evoker,devastation,104,57,47
Scaleychad,zuljin,1621,evoker,devastation,47,22,25
Theredmenace,barthilas,1618,evoker,devastation,30,20,10
Æthyr,anubarak,1616,evoker,devastation,30,21,9
Alekoslol,area-52,1615,evoker,devastation,40,23,17
Shalander,proudmoore,1615,evoker,devastation,108,60,48
Endoveire,tichondrius,1613,evoker,devastation,54,23,31
Evòker,tichondrius,1610,evoker,devastation,48,25,23
Eshaybruh,barthilas,1605,evoker,devastation,34,20,14
Flysokan,tichondrius,1604,evoker,devastation,48,25,23
Akajills,tichondrius,1603,evoker,devastation,94,54,40
Dubskis,area-52,1603,evoker,devastation,122,63,59
Jereico,stonemaul,1603,evoker,devastation,78,39,39
Mfquietus,illidan,1598,evoker,devastation,48,25,23
Evokez,barthilas,1596,evoker,devastation,30,22,8
Bombs,shattered-hand,1594,evoker,devastation,126,66,60
Juicylizard,stormrage,1594,evoker,devastation,111,54,57
Chànge,lothar,1587,evoker,devastation,41,23,18
Juooun,tichondrius,1583,evoker,devastation,71,31,40
Algonir,wyrmrest-accord,1581,evoker,devastation,30,17,13
Xhamon,quelthalas,1571,evoker,devastation,40,18,22
Aarax,tichondrius,1570,evoker,devastation,89,45,44
Rinstraza,thrall,1569,evoker,devastation,77,39,38
Polyrhythmic,ysera,1567,evoker,devastation,55,28,27
Narissian,wyrmrest-accord,1566,evoker,devastation,68,39,29
Mmrglmrglmr,stormrage,1565,evoker,devastation,41,23,18
Linguistic,tichondrius,1557,evoker,devastation,48,25,23
Bréáth,tichondrius,1551,evoker,devastation,42,28,14
Mcglizzy,stormrage,1551,evoker,devastation,36,17,19
Imugee,sargeras,1549,evoker,devastation,36,19,17
Agheel,firetree,1543,evoker,devastation,44,23,21
Valthenax,frostmourne,1537,evoker,devastation,42,18,24
Hydrogenbomb,sargeras,1534,evoker,devastation,66,37,29
Lorb,icecrown,1533,evoker,devastation,120,65,55
Monkeydrake,tichondrius,1532,evoker,devastation,48,22,26
Strepo,proudmoore,1529,evoker,devastation,30,16,14
Hotdragon,zuljin,1526,evoker,devastation,78,43,35
Drgua,tichondrius,1522,evoker,devastation,30,16,14
Xhaal,tichondrius,1518,evoker,devastation,144,68,76
Bryágh,wyrmrest-accord,1517,evoker,devastation,147,76,71
Sintholo,sargeras,1515,evoker,devastation,62,30,32
Ùwüdragon,tichondrius,1514,evoker,devastation,82,54,28
Galrend,firetree,1511,evoker,devastation,78,41,37
Gôdzevoker,area-52,1507,evoker,devastation,30,16,14
Jurokiel,sargeras,1504,evoker,devastation,69,42,27
Xplode,area-52,1504,evoker,devastation,176,89,87
Tinine,frostmourne,1503,evoker,devastation,60,33,27
Haramcad,tichondrius,1501,evoker,devastation,93,48,45
Tezzyl,kiljaeden,1498,evoker,devastation,30,16,14
Voithyr,moon-guard,1490,evoker,devastation,24,16,8
Jiminsgf,tichondrius,1489,evoker,devastation,36,25,11
Amlug,illidan,1482,evoker,devastation,52,21,31
Eternabeam,gilneas,1478,evoker,devastation,35,16,19
Dragonvore,moon-guard,1475,evoker,devastation,23,17,6
Quadarius,tichondrius,1466,evoker,devastation,105,55,50
Dekux,elune,1459,evoker,devastation,36,16,20
Olesmokey,tichondrius,1455,evoker,devastation,68,34,34
Mindme,tichondrius,1452,evoker,devastation,23,16,7
Dragontrees,illidan,1450,evoker,devastation,36,19,17
Bellerion,proudmoore,1450,evoker,devastation,48,22,26
Karox,moon-guard,1450,evoker,devastation,42,17,25
Xaeradroz,area-52,1448,evoker,devastation,48,25,23
Midi,boulderfist,1446,evoker,devastation,42,21,21
Lilfootmommy,emerald-dream,1446,evoker,devastation,36,16,20
Elurb,illidan,1443,evoker,devastation,30,19,11
Peef,tichondrius,1439,evoker,devastation,24,15,9
Toastragosa,cenarius,1437,evoker,devastation,143,64,79
Zalzin,agamaggan,1435,evoker,devastation,86,45,41
Thechadwasgr,bleeding-hollow,1434,evoker,devastation,48,26,22
Sylnathaire,wyrmrest-accord,1430,evoker,devastation,66,35,31
Devonstation,zuljin,1429,evoker,devastation,42,24,18
Envisioned,kelthuzad,1426,evoker,devastation,30,17,13
Dragonbic,illidan,1423,evoker,devastation,36,16,20
Evoqz,stormrage,1422,evoker,devastation,30,18,12
Grapthar,korgath,1418,evoker,devastation,78,41,37
Trenash,illidan,1418,evoker,devastation,76,32,44
Aoxila,proudmoore,1405,evoker,devastation,105,48,57
Firkrag,bleeding-hollow,1402,evoker,devastation,60,28,32
Valkalas,moon-guard,1400,evoker,devastation,63,30,33
Bumbledragn,moon-guard,1398,evoker,devastation,89,45,44
Dillss,tichondrius,1397,evoker,devastation,66,31,35
Veserion,azralon,1396,evoker,devastation,78,44,34
Tyrvin,kiljaeden,1396,evoker,devastation,51,25,26
Itwasntthis,tichondrius,1394,evoker,devastation,57,33,24
Rodgoesinya,blackrock,1392,evoker,devastation,48,27,21
Blittlle,bleeding-hollow,1391,evoker,devastation,66,39,27
Frequevoker,tichondrius,1390,evoker,devastation,35,15,20
Puffthemagiq,mugthol,1373,evoker,devastation,30,16,14
Curtis,shadowmoon,1371,evoker,devastation,28,17,11
Dragneel,wyrmrest-accord,1367,evoker,devastation,39,17,22
Drakoris,malganis,1365,evoker,devastation,93,50,43
Bvo,stormrage,1364,evoker,devastation,77,41,36
Navaji,tichondrius,1362,evoker,devastation,55,30,25
Zayllaerth,illidan,1360,evoker,devastation,82,42,40
Thendroz,moon-guard,1357,evoker,devastation,30,18,12
Grendalevo,tichondrius,1357,evoker,devastation,57,28,29
Kêristrasza,wyrmrest-accord,1352,evoker,devastation,54,27,27
Monyz,emerald-dream,1342,evoker,devastation,34,26,8
Brounno,area-52,1342,evoker,devastation,52,33,19
Seldantria,dalaran,1342,evoker,devastation,24,14,10
Marccuss,bleeding-hollow,1339,evoker,devastation,18,14,4
Airgordan,area-52,1339,evoker,devastation,33,15,18
Yuukee,thrall,1338,evoker,devastation,43,23,20
Blowmiê,area-52,1334,evoker,devastation,24,14,10
Epollyon,sargeras,1328,evoker,devastation,24,14,10
Tealetaz,area-52,1320,evoker,devastation,31,18,13
Talanoth,skullcrusher,1320,evoker,devastation,36,19,17
Drachenatem,skywall,1319,evoker,devastation,24,14,10
Emikothyr,thrall,1319,evoker,devastation,74,41,33
Jabbawockeëz,drakkari,1315,evoker,devastation,94,50,44
Nazanazar,wyrmrest-accord,1315,evoker,devastation,64,32,32
Devdjinn,tichondrius,1311,evoker,devastation,94,45,49
Favoredson,area-52,1307,evoker,devastation,24,14,10
Skykeeper,quelthalas,1300,evoker,devastation,112,58,54
Vahaerys,stormrage,1296,evoker,devastation,48,21,27
Sidrasza,norgannon,1292,evoker,devastation,43,22,21
Vokeero,ysera,1284,evoker,devastation,72,36,36
Mønster,zuljin,1279,evoker,devastation,91,43,48
Sylverion,thrall,1277,evoker,devastation,70,35,35
Golden,area-52,1274,evoker,devastation,28,14,14
Wrecketz,tichondrius,1266,evoker,devastation,47,26,21
Dragnmÿballs,blackrock,1263,evoker,devastation,23,14,9
Evokjoe,tortheldrin,1262,evoker,devastation,58,29,29
Raghnard,illidan,1260,evoker,devastation,40,20,20
Sindraxx,stormrage,1255,evoker,devastation,30,17,13
Ezgamedeez,tichondrius,1247,evoker,devastation,24,13,11
Dracomalfoyy,caelestrasz,1246,evoker,devastation,21,14,7
Marknormand,area-52,1246,evoker,devastation,24,13,11
Shanegillis,emerald-dream,1244,evoker,devastation,18,13,5
Rotscale,proudmoore,1243,evoker,devastation,24,13,11
Nazaral,mannoroth,1241,evoker,devastation,24,13,11
Dracfire,saurfang,1239,evoker,devastation,24,13,11
Valyrik,illidan,1239,evoker,devastation,54,22,32
Longxx,dalaran,1235,evoker,devastation,24,13,11
Galakraas,proudmoore,1235,evoker,devastation,75,34,41
Bigbadfred,tichondrius,1234,evoker,devastation,24,13,11
Phlegython,eredar,1226,evoker,devastation,30,13,17
Valakaztower,area-52,1225,evoker,devastation,36,19,17
Nathx,drakkari,1222,evoker,devastation,24,18,6
Cheaterz,area-52,1222,evoker,devastation,36,22,14
Dingermun,bleeding-hollow,1221,evoker,devastation,19,14,5
Layothyr,stormrage,1201,evoker,devastation,24,14,10
Shamblewing,arthas,1199,evoker,devastation,29,13,16
Dragoceleste,ragnaros,1190,evoker,devastation,36,19,17
Evooern,frostmourne,1181,evoker,devastation,84,39,45
Kaikisen,malganis,1178,evoker,devastation,41,19,22
Climax,stormrage,1177,evoker,devastation,28,13,15
Paean,moon-guard,1171,evoker,devastation,20,13,7
Teritwo,stormrage,1166,evoker,devastation,28,13,15
Midnights,scarlet-crusade,1153,evoker,devastation,30,18,12
Crappysmellz,tichondrius,1152,evoker,devastation,18,12,6
Asham,azralon,1152,evoker,devastation,63,36,27
Tërminus,quelthalas,1151,evoker,devastation,18,12,6
Shwaydbz,zuljin,1151,evoker,devastation,24,12,12
Hmong,proudmoore,1151,evoker,devastation,30,12,18
Mushugon,wyrmrest-accord,1150,evoker,devastation,18,12,6
Tekath,altar-of-storms,1150,evoker,devastation,25,13,12
Trenot,draenor,1149,evoker,devastation,30,14,16
Rengöku,skullcrusher,1148,evoker,devastation,24,12,12
Aentharion,argent-dawn,1147,evoker,devastation,24,12,12
Zona,moon-guard,1147,evoker,devastation,24,12,12
Zervis,arthas,1147,evoker,devastation,30,12,18
Azorian,vashj,1146,evoker,devastation,24,13,11
Drozul,stormrage,1145,evoker,devastation,30,12,18
Unseenzblack,tichondrius,1141,evoker,devastation,18,12,6
Zippityzoom,barthilas,1139,evoker,devastation,36,15,21
Dinnkyion,dalaran,1138,evoker,devastation,24,12,12
Midyr,nemesis,1137,evoker,devastation,24,15,9
Dragonbranch,area-52,1133,evoker,devastation,24,12,12
Loginplease,frostmourne,1123,evoker,devastation,50,20,30
Yiserion,sargeras,1114,evoker,devastation,30,15,15
Draconicus,bonechewer,1107,evoker,devastation,50,20,30
Zitasanazen,tichondrius,1107,evoker,devastation,64,25,39
Crymor,lethon,1099,evoker,devastation,30,16,14
Madelines,tichondrius,1097,evoker,devastation,24,13,11
Byäkuyá,azralon,1091,evoker,devastation,41,21,20
Drogan,demon-soul,1090,evoker,devastation,48,25,23
Zhannecgos,moon-guard,1087,evoker,devastation,28,12,16
Prevocker,sargeras,1082,evoker,devastation,26,12,14
Erizcdraa,tichondrius,1069,evoker,devastation,19,12,7
Aktas,illidan,1063,evoker,devastation,28,12,16
Yousurper,thunderlord,1058,evoker,devastation,24,13,11
Devokèr,tichondrius,1056,evoker,devastation,24,11,13
Hydroponicsz,bloodscalp,1055,evoker,devastation,24,11,13
Kubus,emerald-dream,1054,evoker,devastation,18,11,7
Tagzy,tichondrius,1050,evoker,devastation,18,11,7
Warhammerxx,tichondrius,1050,evoker,devastation,42,14,28
Eìdolon,sargeras,1049,evoker,devastation,18,11,7
Howtew,jubeithos,1048,evoker,devastation,18,11,7
Kjerne,stormrage,1046,evoker,devastation,18,11,7
Sübjugador,azralon,1042,evoker,devastation,30,20,10
Bhalaria,ragnaros,1042,evoker,devastation,30,11,19
Valentis,bleeding-hollow,1041,evoker,devastation,24,11,13
Visron,stormrage,1039,evoker,devastation,41,25,16
Drögón,stormrage,1038,evoker,devastation,24,16,8
Aydetal,eonar,1037,evoker,devastation,30,11,19
Herikas,tichondrius,1028,evoker,devastation,60,32,28
Zenasatral,sargeras,1007,evoker,devastation,17,11,6
Culture,khazgoroth,1006,evoker,devastation,15,11,4
Dragongrim,silvermoon,986,evoker,devastation,30,14,16
Zlolykcir,malganis,962,evoker,devastation,22,12,10
Kazrekan,moon-guard,960,evoker,devastation,18,10,8
Cmiygl,proudmoore,959,evoker,devastation,12,10,2
Ackreshanaz,nagrand,959,evoker,devastation,18,10,8
Xeerus,stormreaver,959,evoker,devastation,18,10,8
Spicyrooster,area-52,959,evoker,devastation,18,10,8
Runescape,altar-of-storms,959,evoker,devastation,24,10,14
Flapples,stormrage,958,evoker,devastation,24,10,14
Vokezuì,sargeras,958,evoker,devastation,30,10,20
Youdig,nazjatar,957,evoker,devastation,18,10,8
Dragocser,drakkari,957,evoker,devastation,18,10,8
Hochenblume,proudmoore,957,evoker,devastation,24,10,14
Embarasi,moon-guard,956,evoker,devastation,24,10,14
Malygoz,frostmourne,956,evoker,devastation,24,10,14
Sinepbreath,bleeding-hollow,954,evoker,devastation,18,10,8
Stolesom,emerald-dream,952,evoker,devastation,38,17,21
Erling,duskwood,952,evoker,devastation,24,10,14
Wizadsa,amanthul,951,evoker,devastation,12,10,2
Loganvkr,illidan,950,evoker,devastation,18,10,8
Fìg,wyrmrest-accord,948,evoker,devastation,18,10,8
Jorlozthyr,ragnaros,948,evoker,devastation,24,10,14
Escanorr,ghostlands,936,evoker,devastation,20,11,9
Abaddragon,dalaran,926,evoker,devastation,23,10,13
Salakhar,drakkari,924,evoker,devastation,14,11,3
Alnuin,stormrage,918,evoker,devastation,72,25,47
Drahconne,illidan,912,evoker,devastation,23,10,13
Zyzzy,icecrown,910,evoker,devastation,15,10,5
Ciana,black-dragonflight,902,evoker,devastation,38,19,19
Lexgrossman,kelthuzad,874,evoker,devastation,25,10,15
Kiserys,suramar,864,evoker,devastation,12,9,3
Áspect,aegwynn,864,evoker,devastation,12,9,3
Oracle,duskwood,864,evoker,devastation,12,9,3
Gobananas,sargeras,864,evoker,devastation,12,9,3
Orncen,emerald-dream,864,evoker,devastation,16,10,6
Bumbaclot,illidan,864,evoker,devastation,18,9,9
Todorøki,hyjal,864,evoker,devastation,18,9,9
Dracaryz,blackhand,864,evoker,devastation,18,9,9
Puffthemagic,lightnings-blade,864,evoker,devastation,18,9,9
Nxnevo,tichondrius,863,evoker,devastation,18,9,9
Siatrend,moon-guard,863,evoker,devastation,18,9,9
Misik,frostwolf,863,evoker,devastation,18,9,9
Thyatera,ragnaros,863,evoker,devastation,18,9,9
Oatmealneil,bleeding-hollow,862,evoker,devastation,18,9,9
Dailon,stormreaver,862,evoker,devastation,21,10,11
Arath,zangarmarsh,862,evoker,devastation,30,14,16
Teanie,tichondrius,861,evoker,devastation,18,9,9
Nasath,arthas,861,evoker,devastation,18,9,9
Zorashal,kiljaeden,860,evoker,devastation,12,9,3
Keedrori,thrall,859,evoker,devastation,19,9,10
Aelvina,moon-guard,857,evoker,devastation,24,9,15
Furyíon,stormrage,855,evoker,devastation,12,9,3
Tïtäm,area-52,846,evoker,devastation,17,9,8
Neith,aerie-peak,846,evoker,devastation,23,9,14
Rasec,moon-guard,843,evoker,devastation,20,9,11
Zandrov,greymane,814,evoker,devastation,15,9,6
Dvrk,frostmourne,812,evoker,devastation,17,9,8
Gutterskank,illidan,793,evoker,devastation,17,9,8
Chun,malganis,768,evoker,devastation,12,8,4
Zeetash,illidan,768,evoker,devastation,12,8,4
Dragonfarts,frostmourne,768,evoker,devastation,12,8,4
Milkymike,uldum,768,evoker,devastation,12,8,4
Crosis,azralon,768,evoker,devastation,18,8,10
Taeloc,frostmourne,768,evoker,devastation,18,8,10
Drsgme,dentarg,768,evoker,devastation,18,8,10
Bently,bloodhoof,768,evoker,devastation,18,8,10
Kiry,emerald-dream,768,evoker,devastation,18,8,10
Pewpowdragon,malganis,767,evoker,devastation,12,8,4
Dragontales,stormrage,767,evoker,devastation,12,8,4
Growthyy,malganis,767,evoker,devastation,12,8,4
Vermax,akama,767,evoker,devastation,18,8,10
Crogosa,quelthalas,767,evoker,devastation,18,8,10
Kozara,trollbane,767,evoker,devastation,18,8,10
Rïvé,tichondrius,767,evoker,devastation,24,8,16
Dawitchvoker,illidan,766,evoker,devastation,18,8,10
Zlandicaar,area-52,766,evoker,devastation,18,8,10
Zendrov,skywall,766,evoker,devastation,18,8,10
Aaztra,whisperwind,765,evoker,devastation,12,8,4
Skrillerv,frostmourne,765,evoker,devastation,18,8,10
Archion,azgalor,764,evoker,devastation,24,8,16
Redeyés,area-52,761,evoker,devastation,12,8,4
Seletgos,quelthalas,761,evoker,devastation,24,8,16
Detraa,illidan,754,evoker,devastation,12,8,4
Onornun,magtheridon,718,evoker,devastation,17,8,9
Raygos,nemesis,700,evoker,devastation,26,8,18
Zhyrouvion,stormrage,699,evoker,devastation,17,8,9
Rizzanomics,zuljin,672,evoker,devastation,12,7,5
Koralia,wyrmrest-accord,672,evoker,devastation,12,7,5
Axiomoixa,tichondrius,672,evoker,devastation,12,7,5
Bryiona,proudmoore,672,evoker,devastation,12,7,5
Vokr,area-52,672,evoker,devastation,12,7,5
Dudeofdragon,illidan,672,evoker,devastation,12,7,5
Lacadabeef,tichondrius,672,evoker,devastation,12,7,5
Dragonherb,zuljin,672,evoker,devastation,12,7,5
Serathrine,smolderthorn,672,evoker,devastation,12,7,5
Écaille,dalaran,672,evoker,devastation,15,8,7
Komodolong,tichondrius,672,evoker,devastation,16,8,8
Kinto,stormrage,672,evoker,devastation,24,7,17
Razistzegrlz,illidan,672,evoker,devastation,24,7,17
Xeretas,bleeding-hollow,671,evoker,devastation,12,7,5
Glaurungr,ragnaros,671,evoker,devastation,12,7,5
Mayhemvoker,rexxar,671,evoker,devastation,12,7,5
Vexosza,moon-guard,671,evoker,devastation,12,7,5
Krokuzan,ragnaros,671,evoker,devastation,12,7,5
Gôdswrath,tichondrius,671,evoker,devastation,12,7,5
Evokedx,area-52,671,evoker,devastation,12,7,5
Whiegrath,azralon,671,evoker,devastation,12,7,5
Karaxes,gorefiend,671,evoker,devastation,18,7,11
Phatë,nerzhul,671,evoker,devastation,18,7,11
Beastlysoul,tichondrius,670,evoker,devastation,12,7,5
Setchagos,emerald-dream,670,evoker,devastation,12,7,5
Nikeze,kiljaeden,670,evoker,devastation,18,7,11
Lamperr,illidan,670,evoker,devastation,54,10,44
Sleepeasy,blackrock,667,evoker,devastation,18,7,11
Evilsquirel,area-52,666,evoker,devastation,12,7,5
Popgoesurmom,tichondrius,662,evoker,devastation,12,7,5
Rikfreedom,ragnaros,661,evoker,devastation,12,7,5
Littleripper,tichondrius,658,evoker,devastation,12,7,5
Drahkoo,azralon,623,evoker,devastation,15,7,8
Neofarian,lightbringer,607,evoker,devastation,8,7,1
Fuecoco,proudmoore,576,evoker,devastation,6,6,0
Ilovepolpot,tichondrius,576,evoker,devastation,6,6,0
Yellowker,thrall,576,evoker,devastation,6,6,0
Dovå,moon-guard,576,evoker,devastation,6,6,0
Coltist,elune,576,evoker,devastation,6,6,0
Dracthyrius,thunderlord,576,evoker,devastation,12,6,6
Dimatis,ragnaros,576,evoker,devastation,12,6,6
Uncleìroh,tichondrius,576,evoker,devastation,12,6,6
Glizard,firetree,576,evoker,devastation,12,6,6
Sathregos,emerald-dream,576,evoker,devastation,12,6,6
Zoomi,whisperwind,576,evoker,devastation,12,6,6
Xm,emerald-dream,576,evoker,devastation,12,6,6
Lardicønn,thrall,576,evoker,devastation,12,6,6
Comepancito,quelthalas,576,evoker,devastation,12,6,6
Chinesedragn,tichondrius,576,evoker,devastation,12,6,6
Dragønbørne,blackrock,576,evoker,devastation,12,6,6
Brakkarion,wyrmrest-accord,576,evoker,devastation,12,6,6
Dafiya,thrall,576,evoker,devastation,12,6,6
Iamtrash,daggerspine,576,evoker,devastation,12,6,6
Dragonsteppz,aegwynn,576,evoker,devastation,12,6,6
Bhanethyr,illidan,576,evoker,devastation,18,6,12
Jwoker,malganis,576,evoker,devastation,18,6,12
Krashbandico,zangarmarsh,576,evoker,devastation,18,6,12
Azuria,lothar,575,evoker,devastation,6,6,0
Dragonair,spinebreaker,575,evoker,devastation,12,6,6
Nathenezital,frostmourne,575,evoker,devastation,12,6,6
Avithori,borean-tundra,575,evoker,devastation,12,6,6
Avastri,moon-guard,575,evoker,devastation,12,6,6
Doombreath,ragnaros,575,evoker,devastation,12,6,6
Børedom,burning-legion,575,evoker,devastation,12,6,6
Rykuvokr,azuremyst,575,evoker,devastation,12,6,6
Lòrdope,illidan,575,evoker,devastation,12,6,6
Kozukimomo,area-52,575,evoker,devastation,21,7,14
Vermáx,caelestrasz,574,evoker,devastation,12,6,6
Dragonpete,whisperwind,574,evoker,devastation,12,6,6
Snowdragon,azralon,574,evoker,devastation,12,6,6
Acnøløgia,azralon,574,evoker,devastation,18,6,12
Carloxd,tichondrius,574,evoker,devastation,24,6,18
Noodleslut,stormrage,573,evoker,devastation,12,6,6
Syndue,malganis,573,evoker,devastation,12,6,6
Azuril,wyrmrest-accord,572,evoker,devastation,12,6,6
Toephotos,tichondrius,558,evoker,devastation,17,6,11
Lightaurae,thunderlord,556,evoker,devastation,30,6,24
Blazor,sisters-of-elune,542,evoker,devastation,11,6,5
Dragonbreaf,emerald-dream,527,evoker,devastation,11,6,5
Zartolas,moon-guard,495,evoker,devastation,21,6,15
Drakedrift,malganis,480,evoker,devastation,6,5,1
Kharibdis,kul-tiras,480,evoker,devastation,6,5,1
Gangbânk,tichondrius,480,evoker,devastation,6,5,1
Khalt,quelthalas,480,evoker,devastation,6,5,1
Vaelikai,korgath,480,evoker,devastation,6,5,1
Iantern,dalaran,480,evoker,devastation,6,5,1
Deezdragon,stormrage,480,evoker,devastation,12,5,7
Meleyx,saurfang,480,evoker,devastation,12,5,7
Nelthendros,moon-guard,480,evoker,devastation,12,5,7
You,deathwing,480,evoker,devastation,12,5,7
Kinndyvoker,sargeras,480,evoker,devastation,12,5,7
Draehgor,hyjal,480,evoker,devastation,12,5,7
Trillvoker,illidan,480,evoker,devastation,12,5,7
Bazelgos,moon-guard,480,evoker,devastation,12,5,7
Darkscale,haomarush,480,evoker,devastation,12,5,7
Moltqt,tichondrius,480,evoker,devastation,12,5,7
Nardleberry,wyrmrest-accord,480,evoker,devastation,12,5,7
Kheeleesi,illidan,480,evoker,devastation,12,5,7
Ryhu,sargeras,480,evoker,devastation,12,5,7
Stælthßømbèr,baelgun,480,evoker,devastation,12,5,7
Purplerocket,illidan,480,evoker,devastation,12,5,7
Ackresh,executus,480,evoker,devastation,12,5,7
Nethenezoth,auchindoun,480,evoker,devastation,12,5,7
Dhcb,tichondrius,480,evoker,devastation,12,5,7
Hemipenes,tichondrius,480,evoker,devastation,12,5,7
Asatrat,greymane,480,evoker,devastation,12,5,7
Glideoure,stonemaul,480,evoker,devastation,18,5,13
Jugzxs,frostmourne,480,evoker,devastation,18,5,13
Emsli,moon-guard,479,evoker,devastation,6,5,1
Dedderion,zuljin,479,evoker,devastation,12,5,7
Krefugee,tichondrius,479,evoker,devastation,12,5,7
Historius,proudmoore,479,evoker,devastation,12,5,7
Scalesun,azralon,479,evoker,devastation,12,5,7
Lorathyr,lothar,479,evoker,devastation,12,5,7
Drakonyx,mugthol,479,evoker,devastation,18,5,13
Nathrach,wyrmrest-accord,477,evoker,devastation,6,5,1
Sandrov,kaelthas,477,evoker,devastation,12,5,7
Pouncer,proudmoore,473,evoker,devastation,14,5,9
Zzae,tichondrius,432,evoker,devastation,15,5,10
Vhagarius,tichondrius,432,evoker,devastation,15,5,10
Durijus,tichondrius,426,evoker,devastation,17,7,10
Kosstro,thunderlord,398,evoker,devastation,10,5,5
Bodytypetwo,area-52,384,evoker,devastation,6,4,2
Machaflux,winterhoof,384,evoker,devastation,6,4,2
Lizardgodtko,tichondrius,384,evoker,devastation,6,4,2
Seaserpent,kelthuzad,384,evoker,devastation,6,4,2
Jarzilla,illidan,384,evoker,devastation,6,4,2
Draisin,zuljin,384,evoker,devastation,6,4,2
Shenròn,kelthuzad,384,evoker,devastation,6,4,2
Whinks,zangarmarsh,384,evoker,devastation,6,4,2
Docevoker,tichondrius,384,evoker,devastation,6,4,2
Deathraux,tichondrius,384,evoker,devastation,6,4,2
Biscotti,illidan,384,evoker,devastation,6,4,2
Testzvoker,dalaran,384,evoker,devastation,6,4,2
Bmbo,illidan,384,evoker,devastation,6,4,2
Nishalethen,moon-guard,384,evoker,devastation,6,4,2
Qfyre,frostmourne,384,evoker,devastation,6,4,2
Jgdragon,sargeras,384,evoker,devastation,6,4,2
Atraxian,tichondrius,384,evoker,devastation,6,4,2
Dragonsbgay,stormrage,384,evoker,devastation,6,4,2
Kaidoxuchihv,ragnaros,384,evoker,devastation,6,4,2
Mushú,archimonde,384,evoker,devastation,6,4,2
Nysian,wyrmrest-accord,384,evoker,devastation,6,4,2
Raikori,ragnaros,384,evoker,devastation,6,4,2
Jenovi,tichondrius,384,evoker,devastation,6,4,2
Dukä,dalaran,384,evoker,devastation,9,5,4
Lindrak,azralon,384,evoker,devastation,12,4,8
Nitalzith,area-52,384,evoker,devastation,12,4,8
Baddrakthyr,moon-guard,384,evoker,devastation,12,4,8
Dragonballer,trollbane,384,evoker,devastation,12,4,8
Rizzlordx,bleeding-hollow,384,evoker,devastation,12,4,8
Muppetgronk,frostmourne,384,evoker,devastation,12,4,8
Tinà,tichondrius,384,evoker,devastation,12,4,8
Idiotlizard,stormrage,384,evoker,devastation,12,4,8
Lukamagik,boulderfist,384,evoker,devastation,12,4,8
Thnake,zuljin,384,evoker,devastation,12,4,8
Dragostephen,nazjatar,384,evoker,devastation,12,4,8
Alragos,ragnaros,384,evoker,devastation,12,4,8
Taylordra,tichondrius,384,evoker,devastation,12,4,8
Slitherin,dalaran,384,evoker,devastation,12,4,8
Butta,darkspear,384,evoker,devastation,12,4,8
Alligatorz,sargeras,384,evoker,devastation,12,4,8
Smacktoch,sargeras,384,evoker,devastation,12,4,8
Kendrac,wyrmrest-accord,384,evoker,devastation,12,4,8
Devåståtion,tichondrius,384,evoker,devastation,12,4,8
Dragonstonks,moon-guard,384,evoker,devastation,12,4,8
Munichho,spirestone,384,evoker,devastation,18,4,14
Paycussy,sargeras,383,evoker,devastation,6,4,2
Pläid,azuremyst,383,evoker,devastation,6,4,2
Rysonda,tichondrius,383,evoker,devastation,6,4,2
Dinossauro,stormrage,383,evoker,devastation,6,4,2
Mmanigoldo,quelthalas,383,evoker,devastation,12,4,8
Ezath,zuljin,383,evoker,devastation,12,4,8
Bagelsaurus,tichondrius,383,evoker,devastation,12,4,8
Dragkon,azuremyst,383,evoker,devastation,16,5,11
Pyrepapi,thrall,352,evoker,devastation,10,4,6
Serazenoth,area-52,336,evoker,devastation,9,4,5
Acindor,stormrage,335,evoker,devastation,11,4,7
Carrnedge,area-52,319,evoker,devastation,5,4,1
Inferna,ysera,288,evoker,devastation,6,3,3
Saintpablox,illidan,288,evoker,devastation,6,3,3
Galakrond,black-dragonflight,288,evoker,devastation,6,3,3
Drussyboy,illidan,288,evoker,devastation,6,3,3
Nuttutted,emerald-dream,288,evoker,devastation,6,3,3
Yousmokemids,frostwolf,288,evoker,devastation,6,3,3
Avasd,area-52,288,evoker,devastation,6,3,3
Lamdyn,wyrmrest-accord,288,evoker,devastation,6,3,3
Platypus,tichondrius,288,evoker,devastation,6,3,3
Dragbod,korgath,288,evoker,devastation,6,3,3
Liekki,illidan,288,evoker,devastation,6,3,3
Shennron,darkspear,288,evoker,devastation,6,3,3
Deewey,sargeras,288,evoker,devastation,6,3,3
Kettor,kelthuzad,288,evoker,devastation,6,3,3
Skeye,malganis,288,evoker,devastation,6,3,3
Rhÿu,quelthalas,288,evoker,devastation,6,3,3
Kulrainor,drakkari,288,evoker,devastation,6,3,3
Vallath,zuljin,288,evoker,devastation,6,3,3
Torakk,ravencrest,288,evoker,devastation,6,3,3
Acnølogia,stormrage,288,evoker,devastation,6,3,3
Aomend,stormrage,288,evoker,devastation,6,3,3
Dreamfyrexi,thrall,288,evoker,devastation,6,3,3
Hausebat,aegwynn,288,evoker,devastation,6,3,3
Madjeckyl,dalaran,288,evoker,devastation,6,3,3
Drakhaz,azralon,288,evoker,devastation,6,3,3
Granolajin,ragnaros,288,evoker,devastation,6,3,3
Êsh,lightbringer,288,evoker,devastation,6,3,3
Scyyterr,azralon,288,evoker,devastation,6,3,3
Jakarn,moon-guard,288,evoker,devastation,6,3,3
Baddrake,moon-guard,288,evoker,devastation,6,3,3
Aegontargary,azralon,288,evoker,devastation,6,3,3
Dragoom,saurfang,288,evoker,devastation,6,3,3
Viverion,dalaran,288,evoker,devastation,10,4,6
Taegon,area-52,288,evoker,devastation,10,4,6
Nyldra,area-52,288,evoker,devastation,8,3,5
Ashenoth,antonidas,288,evoker,devastation,12,3,9
Healmeta,sargeras,288,evoker,devastation,12,3,9
Talonsong,wyrmrest-accord,288,evoker,devastation,12,3,9
Enserio,stormrage,288,evoker,devastation,12,3,9
Fukhur,ragnaros,287,evoker,devastation,6,3,3
Zeralzin,aerie-peak,287,evoker,devastation,6,3,3
Fortwonty,thrall,287,evoker,devastation,6,3,3
Pzyko,ragnaros,287,evoker,devastation,6,3,3
Myvrth,windrunner,287,evoker,devastation,12,3,9
Kilnarx,uldaman,286,evoker,devastation,6,3,3
Aratre,daggerspine,285,evoker,devastation,24,3,21
Ghorin,akama,240,evoker,devastation,9,3,6
Panicnodisco,zuljin,239,evoker,devastation,5,3,2
Cowboyydann,malganis,239,evoker,devastation,5,3,2
Trrxx,tichondrius,224,evoker,devastation,10,3,7
Ralzital,auchindoun,192,evoker,devastation,6,2,4
Desdinova,tortheldrin,192,evoker,devastation,6,2,4
Magnito,thorium-brotherhood,192,evoker,devastation,6,2,4
Usulamili,stormrage,192,evoker,devastation,6,2,4
Ilithiphobia,ghostlands,192,evoker,devastation,6,2,4
Slydawg,amanthul,192,evoker,devastation,6,2,4
Mtndewboy,illidan,192,evoker,devastation,6,2,4
Freddragon,illidan,192,evoker,devastation,6,2,4
Lightbeing,nazjatar,192,evoker,devastation,6,2,4
Dixb,illidan,192,evoker,devastation,6,2,4
Dokthyr,lightbringer,192,evoker,devastation,6,2,4
Racovoker,zuljin,192,evoker,devastation,6,2,4
Puffed,frostmourne,192,evoker,devastation,6,2,4
Kazervish,wyrmrest-accord,192,evoker,devastation,6,2,4
Nyaraoorun,uther,192,evoker,devastation,6,2,4
Saxthyr,stormreaver,192,evoker,devastation,6,2,4
Tasdaral,tichondrius,192,evoker,devastation,6,2,4
Selocky,bleeding-hollow,192,evoker,devastation,6,2,4
Analogies,stormrage,192,evoker,devastation,6,2,4
Grawlix,stormreaver,192,evoker,devastation,6,2,4
Acade,tichondrius,192,evoker,devastation,6,2,4
Genderboy,tichondrius,192,evoker,devastation,6,2,4
Aralzit,tichondrius,192,evoker,devastation,6,2,4
Rebuk,area-52,192,evoker,devastation,6,2,4
Chriszilla,tichondrius,192,evoker,devastation,6,2,4
Vikings,madoran,192,evoker,devastation,6,2,4
Paindragon,tol-barad,192,evoker,devastation,6,2,4
Wse,illidan,192,evoker,devastation,6,2,4
Siatren,shadowmoon,192,evoker,devastation,6,2,4
Atreign,blackwing-lair,192,evoker,devastation,6,2,4
Dragonkings,tichondrius,192,evoker,devastation,6,2,4
Draketyr,area-52,192,evoker,devastation,6,2,4
Darazen,scarlet-crusade,192,evoker,devastation,6,2,4
Mattykanish,illidan,192,evoker,devastation,6,2,4
Dragonsand,area-52,192,evoker,devastation,6,2,4
Yalena,illidan,192,evoker,devastation,6,2,4
Broconian,zuljin,192,evoker,devastation,6,2,4
Daraz,tichondrius,192,evoker,devastation,6,2,4
Dunkinonem,black-dragonflight,192,evoker,devastation,6,2,4
Takhysis,frostmourne,192,evoker,devastation,6,2,4
Parachutes,kelthuzad,192,evoker,devastation,6,2,4
Theyevokbuda,kelthuzad,192,evoker,devastation,6,2,4
Faahrad,azralon,192,evoker,devastation,6,2,4
Ytq,tichondrius,192,evoker,devastation,6,2,4
Lostplanet,drakkari,192,evoker,devastation,6,2,4
Vermithõr,ragnaros,192,evoker,devastation,6,2,4
Tylexstranza,malganis,192,evoker,devastation,6,2,4
Daemon,terokkar,192,evoker,devastation,6,2,4
Doldorrii,terenas,192,evoker,devastation,6,2,4
Joesount,frostmourne,192,evoker,devastation,6,2,4
Actïoncat,emerald-dream,192,evoker,devastation,6,2,4
Noxidian,moon-guard,192,evoker,devastation,6,2,4
Nitalash,moon-guard,192,evoker,devastation,6,2,4
Kímbah,emerald-dream,192,evoker,devastation,6,2,4
Cyromancerr,illidan,192,evoker,devastation,8,2,6
Sørrøw,blades-edge,192,evoker,devastation,18,2,16
Dracalis,thrall,191,evoker,devastation,6,2,4
Fearmybreath,stormrage,179,evoker,devastation,16,5,11
Batwig,tichondrius,159,evoker,devastation,5,2,3
Goongdi,tichondrius,159,evoker,devastation,5,2,3
Tevvez,moon-guard,159,evoker,devastation,5,2,3
Deathflamee,emerald-dream,138,evoker,devastation,12,3,9
Shunkagosa,frostmourne,128,evoker,devastation,4,2,2
Vïtmercon,frostmourne,128,evoker,devastation,4,2,2
Booniejimbob,illidan,128,evoker,devastation,4,2,2
Eleechee,magtheridon,128,evoker,devastation,4,2,2
Vormontis,azralon,112,evoker,devastation,7,2,5
Emoker,magtheridon,112,evoker,devastation,7,2,5
Gavstarz,frostmourne,96,evoker,devastation,3,2,1
Tugmapvpean,kelthuzad,96,evoker,devastation,3,2,1
Grafixx,sargeras,96,evoker,devastation,3,2,1
Batterypowa,frostmourne,96,evoker,devastation,6,1,5
Zinderaz,runetotem,96,evoker,devastation,6,1,5
Lucià,thrall,96,evoker,devastation,6,1,5
Erathiss,wyrmrest-accord,96,evoker,devastation,6,1,5
Gamerwords,barthilas,96,evoker,devastation,6,1,5
Charrio,illidan,96,evoker,devastation,6,1,5
Asui,senjin,96,evoker,devastation,6,1,5
Squirtmcgoo,stormrage,96,evoker,devastation,6,1,5
Aoibae,frostmourne,96,evoker,devastation,6,1,5
Ackonstraza,frostmourne,96,evoker,devastation,6,1,5
Ðrac,bleeding-hollow,96,evoker,devastation,6,1,5
Dracoi,illidan,96,evoker,devastation,6,1,5
Warchad,stormrage,96,evoker,devastation,6,1,5
Koopa,malygos,96,evoker,devastation,6,1,5
Ojigi,sargeras,96,evoker,devastation,6,1,5
Shintrax,ragnaros,96,evoker,devastation,6,1,5
Yongyang,tichondrius,96,evoker,devastation,6,1,5
Zealagon,ragnaros,96,evoker,devastation,6,1,5
Fígment,tichondrius,96,evoker,devastation,6,1,5
Terraxkhan,quelthalas,96,evoker,devastation,6,1,5
Modenzu,malganis,96,evoker,devastation,6,1,5
Cuarta,drakkari,96,evoker,devastation,6,1,5
Carnosaur,lightbringer,96,evoker,devastation,12,1,11
Ysondrius,durotan,96,evoker,devastation,12,1,11
Drapybaras,bleeding-hollow,96,evoker,devastation,12,1,11
Bàkèd,illidan,79,evoker,devastation,5,1,4
Zindrozarath,area-52,64,evoker,devastation,4,1,3
Cerevok,area-52,64,evoker,devastation,4,1,3
Nwo,shattered-hand,64,evoker,devastation,4,1,3
Charlestrasz,hyjal,42,evoker,devastation,11,3,8
Remisha,emerald-dream,2136,hunter,marksmanship,82,44,38
Darkshady,tichondrius,2050,hunter,marksmanship,78,40,38
Fuknhunter,kiljaeden,1980,hunter,marksmanship,95,51,44
Dobarantu,tichondrius,1972,hunter,marksmanship,98,49,49
Abolick,area-52,1965,hunter,marksmanship,108,55,53
Globalcake,illidan,1902,hunter,marksmanship,79,43,36
Iconvoked,sargeras,1898,hunter,marksmanship,124,68,56
Rakan,spinebreaker,1884,hunter,marksmanship,54,33,21
Bøl,ragnaros,1882,hunter,marksmanship,30,20,10
Hokutox,tichondrius,1870,hunter,marksmanship,68,31,37
Blackjesu,blackrock,1868,hunter,marksmanship,72,33,39
Renaître,tichondrius,1866,hunter,marksmanship,120,57,63
Squawkers,sargeras,1855,hunter,marksmanship,48,30,18
Notnick,tichondrius,1833,hunter,marksmanship,72,34,38
Hâwkêyê,thrall,1827,hunter,marksmanship,48,22,26
Hrafn,illidan,1813,hunter,marksmanship,54,28,26
Colada,malganis,1813,hunter,marksmanship,72,34,38
Bosshunter,tichondrius,1810,hunter,marksmanship,86,43,43
Nishinos,tichondrius,1808,hunter,marksmanship,183,88,95
Undeadroach,tichondrius,1806,hunter,marksmanship,107,51,56
Deutêr,quelthalas,1801,hunter,marksmanship,60,32,28
Drasen,deathwing,1778,hunter,marksmanship,48,27,21
Hagadinn,frostmourne,1765,hunter,marksmanship,48,21,27
Rendel,drakkari,1765,hunter,marksmanship,60,25,35
Boquiinha,stormrage,1730,hunter,marksmanship,84,42,42
Kristemis,thrall,1727,hunter,marksmanship,42,23,19
Somethinggo,tichondrius,1720,hunter,marksmanship,83,47,36
Papiskrill,staghelm,1719,hunter,marksmanship,58,31,27
Kkoduckk,tichondrius,1715,hunter,marksmanship,30,19,11
Dolcece,tichondrius,1713,hunter,marksmanship,48,24,24
Shawtytraps,tichondrius,1710,hunter,marksmanship,119,49,70
Kensho,illidan,1699,hunter,marksmanship,24,18,6
Alyywn,tichondrius,1695,hunter,marksmanship,94,43,51
Onemøreshot,bleeding-hollow,1691,hunter,marksmanship,54,31,23
Easynightjr,bleeding-hollow,1680,hunter,marksmanship,213,113,100
Killatrap,malganis,1677,hunter,marksmanship,42,23,19
Preze,moon-guard,1674,hunter,marksmanship,45,25,20
Ingrutamig,tichondrius,1672,hunter,marksmanship,48,23,25
Heädshöt,malorne,1672,hunter,marksmanship,66,31,35
Tassili,illidan,1666,hunter,marksmanship,60,23,37
Blungo,azralon,1657,hunter,marksmanship,42,20,22
Tropic,proudmoore,1655,hunter,marksmanship,62,24,38
Quickitty,proudmoore,1648,hunter,marksmanship,54,25,29
Dummorogh,stormrage,1634,hunter,marksmanship,84,41,43
Bigpie,daggerspine,1628,hunter,marksmanship,59,37,22
Taylormadae,frostmourne,1627,hunter,marksmanship,66,37,29
Hmh,burning-legion,1627,hunter,marksmanship,113,58,55
Onemoreshot,bleeding-hollow,1625,hunter,marksmanship,98,44,54
Arjunå,sargeras,1621,hunter,marksmanship,101,56,45
Alansho,tichondrius,1618,hunter,marksmanship,53,20,33
Johaylon,sargeras,1616,hunter,marksmanship,42,19,23
Dezertpower,sargeras,1613,hunter,marksmanship,36,20,16
Shotashot,area-52,1612,hunter,marksmanship,36,17,19
Wildder,area-52,1609,hunter,marksmanship,56,31,25
Latesummer,tichondrius,1609,hunter,marksmanship,42,21,21
Jubiscleudo,azralon,1609,hunter,marksmanship,53,23,30
Evaelfi,illidan,1605,hunter,marksmanship,40,17,23
Dienasty,zuljin,1601,hunter,marksmanship,30,21,9
Aymas,sargeras,1598,hunter,marksmanship,77,39,38
Snìpershot,sargeras,1596,hunter,marksmanship,31,19,12
Odin,goldrinn,1588,hunter,marksmanship,57,27,30
Crounzz,sargeras,1579,hunter,marksmanship,39,20,19
Mambothehunt,stormrage,1566,hunter,marksmanship,36,21,15
Stimpblimp,jubeithos,1563,hunter,marksmanship,48,19,29
Amyrkvothe,ragnaros,1561,hunter,marksmanship,42,19,23
Shotsphodays,sargeras,1558,hunter,marksmanship,72,37,35
Rampagez,tichondrius,1555,hunter,marksmanship,36,19,17
Luchadoris,malganis,1552,hunter,marksmanship,60,30,30
Insanedabz,tichondrius,1540,hunter,marksmanship,66,33,33
Cyrsmen,ragnaros,1537,hunter,marksmanship,57,28,29
Arrowslol,stormrage,1537,hunter,marksmanship,48,23,25
Huntncheekz,kelthuzad,1534,hunter,marksmanship,76,38,38
Metalgear,icecrown,1533,hunter,marksmanship,66,34,32
Hitts,barthilas,1531,hunter,marksmanship,53,27,26
Lixniqua,tichondrius,1529,hunter,marksmanship,51,27,24
Lilbang,thrall,1529,hunter,marksmanship,42,19,23
Acelol,proudmoore,1524,hunter,marksmanship,136,77,59
Elfymcelf,arthas,1520,hunter,marksmanship,84,39,45
Lsily,tichondrius,1519,hunter,marksmanship,36,16,20
Undien,area-52,1509,hunter,marksmanship,30,16,14
Rïve,tichondrius,1504,hunter,marksmanship,36,17,19
Marshen,zuljin,1503,hunter,marksmanship,36,17,19
Baixiaochu,area-52,1502,hunter,marksmanship,69,32,37
Kronicbeast,bleeding-hollow,1498,hunter,marksmanship,66,32,34
Bertimus,sargeras,1498,hunter,marksmanship,42,17,25
Braxigarr,area-52,1496,hunter,marksmanship,167,85,82
Xcisiion,nagrand,1495,hunter,marksmanship,40,23,17
Chï,zuljin,1495,hunter,marksmanship,91,48,43
Papacohen,stormrage,1495,hunter,marksmanship,45,22,23
Lildex,demon-soul,1494,hunter,marksmanship,30,18,12
Jotosalsa,blackrock,1494,hunter,marksmanship,48,26,22
Esler,quelthalas,1489,hunter,marksmanship,42,22,20
Windrein,ysondre,1475,hunter,marksmanship,48,20,28
Scourgesurge,kiljaeden,1470,hunter,marksmanship,42,21,21
Sagadegêmeos,stormrage,1465,hunter,marksmanship,48,16,32
Joshmckin,area-52,1464,hunter,marksmanship,76,35,41
Gretress,azralon,1461,hunter,marksmanship,54,20,34
Vibøra,stormrage,1447,hunter,marksmanship,72,30,42
Hemathios,drakkari,1442,hunter,marksmanship,50,21,29
Imvalence,area-52,1437,hunter,marksmanship,36,15,21
Hurstt,kelthuzad,1434,hunter,marksmanship,44,24,20
Adive,drakkari,1433,hunter,marksmanship,54,22,32
Lewanker,zuljin,1429,hunter,marksmanship,36,20,16
Lokuhzmarcus,goldrinn,1423,hunter,marksmanship,54,30,24
Nelosi,shadowmoon,1423,hunter,marksmanship,36,16,20
Leucis,cenarius,1420,hunter,marksmanship,18,15,3
Hämhunter,stormrage,1415,hunter,marksmanship,24,16,8
Boombob,sargeras,1415,hunter,marksmanship,47,21,26
Aimz,zuluhed,1411,hunter,marksmanship,67,26,41
Klannis,quelthalas,1409,hunter,marksmanship,42,19,23
Malebolick,ragnaros,1409,hunter,marksmanship,59,25,34
Ryukuzen,tichondrius,1409,hunter,marksmanship,36,15,21
Pwnagraphic,barthilas,1407,hunter,marksmanship,64,25,39
Voidmarksman,whisperwind,1404,hunter,marksmanship,49,30,19
Pokcmvmxckm,senjin,1403,hunter,marksmanship,60,31,29
Automatic,illidan,1402,hunter,marksmanship,42,19,23
Gnomorecum,kiljaeden,1394,hunter,marksmanship,21,16,5
Ashx,khazgoroth,1392,hunter,marksmanship,30,15,15
Insulin,moonrunner,1390,hunter,marksmanship,36,17,19
Rockenrique,nemesis,1390,hunter,marksmanship,36,16,20
Mèseeks,bleeding-hollow,1388,hunter,marksmanship,24,15,9
ßeãst,bladefist,1387,hunter,marksmanship,24,16,8
Maia,frostwolf,1387,hunter,marksmanship,36,15,21
Dynith,sargeras,1385,hunter,marksmanship,29,15,14
Lowlore,moon-guard,1376,hunter,marksmanship,74,38,36
Húntingarrow,area-52,1373,hunter,marksmanship,72,36,36
Leshwi,ragnaros,1370,hunter,marksmanship,47,23,24
Chokemescara,stormrage,1364,hunter,marksmanship,36,16,20
Jumaanji,gurubashi,1362,hunter,marksmanship,70,36,34
Bowinc,greymane,1357,hunter,marksmanship,24,15,9
Benme,illidan,1357,hunter,marksmanship,162,73,89
Pleyadez,drakkari,1356,hunter,marksmanship,42,24,18
Cashhapp,zuljin,1355,hunter,marksmanship,102,51,51
Staticarrow,norgannon,1354,hunter,marksmanship,36,15,21
Watchmanjoe,grizzly-hills,1350,hunter,marksmanship,54,30,24
Kyukon,illidan,1345,hunter,marksmanship,36,18,18
Diisdik,tichondrius,1344,hunter,marksmanship,51,23,28
Explosief,area-52,1341,hunter,marksmanship,30,16,14
Zumago,tichondrius,1338,hunter,marksmanship,30,14,16
Toniic,moon-guard,1337,hunter,marksmanship,54,33,21
Orgpopeyes,illidan,1336,hunter,marksmanship,24,14,10
Dvei,silvermoon,1336,hunter,marksmanship,57,25,32
Thebweh,ragnaros,1331,hunter,marksmanship,30,14,16
Hukkx,kalecgos,1325,hunter,marksmanship,38,16,22
Grands,tortheldrin,1321,hunter,marksmanship,30,14,16
Gstring,kelthuzad,1320,hunter,marksmanship,66,28,38
Tristiae,stormrage,1319,hunter,marksmanship,65,35,30
Dracõ,proudmoore,1319,hunter,marksmanship,36,14,22
Péppérmínt,korgath,1318,hunter,marksmanship,22,15,7
Blackhuntr,garona,1318,hunter,marksmanship,48,26,22
Dogezandalar,illidan,1317,hunter,marksmanship,40,18,22
Ripmytoast,chogall,1315,hunter,marksmanship,74,46,28
Hötdôg,kiljaeden,1315,hunter,marksmanship,30,14,16
Ricas,malganis,1315,hunter,marksmanship,98,44,54
Bojob,azgalor,1314,hunter,marksmanship,40,22,18
Gromtheponch,area-52,1310,hunter,marksmanship,35,19,16
Lukhas,moon-guard,1310,hunter,marksmanship,54,19,35
Condorexe,illidan,1307,hunter,marksmanship,72,28,44
Glediator,tichondrius,1299,hunter,marksmanship,48,21,27
Celph,moon-guard,1299,hunter,marksmanship,48,20,28
Markymarc,tichondrius,1294,hunter,marksmanship,35,14,21
Duruainn,zuljin,1292,hunter,marksmanship,67,32,35
Swolfp,tichondrius,1291,hunter,marksmanship,40,16,24
Dnicee,stormrage,1288,hunter,marksmanship,24,18,6
Shadowhokage,zuljin,1286,hunter,marksmanship,30,14,16
Xephert,ragnaros,1280,hunter,marksmanship,36,17,19
Rawrzy,sargeras,1278,hunter,marksmanship,29,14,15
Sniperarmy,dalaran,1274,hunter,marksmanship,103,52,51
Darylovejr,destromath,1274,hunter,marksmanship,38,16,22
Sukr,korgath,1271,hunter,marksmanship,92,36,56
Idiiot,sargeras,1268,hunter,marksmanship,38,19,19
Seenobody,stormrage,1267,hunter,marksmanship,47,26,21
Apaweclover,stormrage,1264,hunter,marksmanship,149,73,76
Ëzy,frostmourne,1263,hunter,marksmanship,36,22,14
Ssdslol,bleeding-hollow,1260,hunter,marksmanship,36,20,16
Cloudbuck,aegwynn,1258,hunter,marksmanship,52,18,34
Lightweight,kelthuzad,1257,hunter,marksmanship,47,22,25
Jerybery,gundrak,1253,hunter,marksmanship,29,18,11
Ärtémisa,quelthalas,1251,hunter,marksmanship,24,14,10
Tánsøxøxø,tichondrius,1246,hunter,marksmanship,30,13,17
Imperatrix,emerald-dream,1244,hunter,marksmanship,64,23,41
Hoeswannafuk,stormrage,1243,hunter,marksmanship,24,13,11
Vipermaster,azralon,1243,hunter,marksmanship,46,24,22
Mizhu,ragnaros,1242,hunter,marksmanship,36,17,19
Artemyzz,tichondrius,1241,hunter,marksmanship,24,13,11
Mensrea,illidan,1240,hunter,marksmanship,35,22,13
Rudekeef,illidan,1240,hunter,marksmanship,24,13,11
Softhunter,tichondrius,1240,hunter,marksmanship,30,13,17
Vergillx,ragnaros,1239,hunter,marksmanship,38,21,17
Albe,azralon,1238,hunter,marksmanship,54,24,30
Sootgarbage,sargeras,1235,hunter,marksmanship,18,13,5
Pokeyourbutt,hydraxis,1235,hunter,marksmanship,24,13,11
Killz,skullcrusher,1234,hunter,marksmanship,44,21,23
Rocroc,gurubashi,1233,hunter,marksmanship,36,19,17
Tóri,emerald-dream,1229,hunter,marksmanship,24,13,11
Chikkynuggy,destromath,1228,hunter,marksmanship,33,14,19
Realskinhead,terenas,1226,hunter,marksmanship,30,13,17
Fuzzypjs,stormrage,1226,hunter,marksmanship,33,14,19
Mezmore,thrall,1223,hunter,marksmanship,48,23,25
Raneldar,proudmoore,1223,hunter,marksmanship,42,14,28
Zock,lothar,1220,hunter,marksmanship,58,28,30
Targetreaper,proudmoore,1215,hunter,marksmanship,24,13,11
Puresport,hyjal,1212,hunter,marksmanship,24,13,11
Azaz,khaz-modan,1211,hunter,marksmanship,30,13,17
Mathund,gurubashi,1210,hunter,marksmanship,36,16,20
Kritsu,tichondrius,1209,hunter,marksmanship,41,20,21
Kalibah,azralon,1203,hunter,marksmanship,66,24,42
Rekshot,amanthul,1202,hunter,marksmanship,96,42,54
Valieev,black-dragonflight,1200,hunter,marksmanship,24,17,7
Chainmaster,misha,1198,hunter,marksmanship,78,37,41
Vinranya,sargeras,1194,hunter,marksmanship,75,34,41
Cßo,tichondrius,1191,hunter,marksmanship,54,26,28
Chaðs,amanthul,1190,hunter,marksmanship,39,21,18
Kayzia,lightninghoof,1190,hunter,marksmanship,29,13,16
Forthethrill,area-52,1187,hunter,marksmanship,45,24,21
Oopsurtrappd,darkspear,1186,hunter,marksmanship,29,16,13
Udietofast,illidan,1177,hunter,marksmanship,47,19,28
Chïnchïlla,zuljin,1176,hunter,marksmanship,21,14,7
Silverweaver,illidan,1174,hunter,marksmanship,30,15,15
Aftërlyfe,tichondrius,1170,hunter,marksmanship,29,14,15
Calî,stormscale,1167,hunter,marksmanship,24,13,11
Ackzar,ragnaros,1166,hunter,marksmanship,51,27,24
Cocobread,stormreaver,1161,hunter,marksmanship,36,13,23
Oqqo,tichondrius,1158,hunter,marksmanship,39,17,22
Ilovehippos,laughing-skull,1155,hunter,marksmanship,121,55,66
Negãn,tichondrius,1151,hunter,marksmanship,24,12,12
Hunterlist,frostmourne,1151,hunter,marksmanship,24,12,12
Floozyfairy,daggerspine,1148,hunter,marksmanship,24,14,10
Wìkkihx,emerald-dream,1148,hunter,marksmanship,24,12,12
Gotchã,area-52,1146,hunter,marksmanship,18,12,6
Rubinaldo,azralon,1145,hunter,marksmanship,24,12,12
Gunther,korgath,1144,hunter,marksmanship,24,12,12
Plopslopper,frostmourne,1142,hunter,marksmanship,24,12,12
Inability,emerald-dream,1142,hunter,marksmanship,30,12,18
Vhan,azralon,1133,hunter,marksmanship,44,19,25
Uwuessy,illidan,1131,hunter,marksmanship,30,12,18
Bigolhippy,frostmourne,1129,hunter,marksmanship,24,12,12
Táká,quelthalas,1129,hunter,marksmanship,30,13,17
Malkuri,medivh,1127,hunter,marksmanship,29,12,17
Maxwel,sargeras,1125,hunter,marksmanship,127,64,63
Banshee,frostmourne,1119,hunter,marksmanship,16,13,3
Linedalina,wyrmrest-accord,1119,hunter,marksmanship,30,14,16
Moüserat,moon-guard,1117,hunter,marksmanship,90,41,49
Alindra,zuluhed,1116,hunter,marksmanship,42,15,27
Wixyy,aegwynn,1114,hunter,marksmanship,58,23,35
Gor,hyjal,1113,hunter,marksmanship,29,12,17
Dathunterr,azralon,1111,hunter,marksmanship,23,12,11
Grimbleneep,emerald-dream,1111,hunter,marksmanship,40,16,24
Halibut,quelthalas,1106,hunter,marksmanship,47,25,22
Bemaa,frostmourne,1106,hunter,marksmanship,42,21,21
Rykár,kiljaeden,1106,hunter,marksmanship,24,12,12
Veranir,nemesis,1091,hunter,marksmanship,98,49,49
Malo,dragonmaw,1090,hunter,marksmanship,30,16,14
Yadír,quelthalas,1088,hunter,marksmanship,42,17,25
Angelacross,azralon,1087,hunter,marksmanship,48,23,25
Lezzbow,tichondrius,1081,hunter,marksmanship,61,32,29
Jamzlol,frostmourne,1080,hunter,marksmanship,21,13,8
Bluecoral,frostmourne,1072,hunter,marksmanship,33,13,20
Katebishop,nemesis,1071,hunter,marksmanship,22,12,10
Hoboh,illidan,1064,hunter,marksmanship,28,13,15
Thoopered,korgath,1062,hunter,marksmanship,65,33,32
Baldor,stormrage,1061,hunter,marksmanship,48,19,29
Piloks,gallywix,1058,hunter,marksmanship,36,17,19
Gvjellybeans,tichondrius,1056,hunter,marksmanship,18,11,7
Tren,blackrock,1056,hunter,marksmanship,18,11,7
Ryutiz,fizzcrank,1056,hunter,marksmanship,30,11,19
Surprisemfkr,emerald-dream,1055,hunter,marksmanship,18,11,7
Silenciozzo,azralon,1055,hunter,marksmanship,36,15,21
Redzic,tichondrius,1054,hunter,marksmanship,18,11,7
Landon,lightnings-blade,1054,hunter,marksmanship,24,11,13
Inktray,durotan,1054,hunter,marksmanship,30,11,19
Zasnar,malganis,1053,hunter,marksmanship,24,11,13
Longshánks,stormrage,1052,hunter,marksmanship,24,11,13
Blimpbooty,stormrage,1050,hunter,marksmanship,24,11,13
Ahegoface,frostmourne,1050,hunter,marksmanship,30,11,19
Kalinor,cenarius,1049,hunter,marksmanship,36,17,19
Balun,sargeras,1049,hunter,marksmanship,24,11,13
Urtthel,stormrage,1047,hunter,marksmanship,18,11,7
Torturekilla,bleeding-hollow,1047,hunter,marksmanship,42,22,20
Vansatih,azralon,1047,hunter,marksmanship,66,27,39
Reanivan,kiljaeden,1046,hunter,marksmanship,42,15,27
Madogite,azralon,1041,hunter,marksmanship,48,29,19
Corruptid,moon-guard,1039,hunter,marksmanship,18,11,7
Porkerr,black-dragonflight,1038,hunter,marksmanship,42,22,20
Yoimiya,thunderlord,1036,hunter,marksmanship,41,18,23
Jetlinx,thrall,1031,hunter,marksmanship,18,11,7
Clemenlemon,illidan,1029,hunter,marksmanship,18,11,7
Vendortrash,aggramar,1029,hunter,marksmanship,24,12,12
Wwing,frostwolf,1026,hunter,marksmanship,156,76,80
Sugarboyy,darkspear,1026,hunter,marksmanship,24,11,13
Kánnah,ragnaros,1025,hunter,marksmanship,95,47,48
Balgair,hakkar,1019,hunter,marksmanship,40,22,18
Shukucingjr,illidan,1015,hunter,marksmanship,39,23,16
Triggaplease,jubeithos,1008,hunter,marksmanship,67,37,30
Brenri,boulderfist,1006,hunter,marksmanship,24,13,11
Smokabombom,eredar,1001,hunter,marksmanship,22,12,10
Koonorc,dalaran,998,hunter,marksmanship,46,22,24
Scottcrume,area-52,990,hunter,marksmanship,60,27,33
Nelay,ragnaros,988,hunter,marksmanship,23,11,12
Ritler,frostmourne,987,hunter,marksmanship,21,11,10
Sumom,darrowmere,973,hunter,marksmanship,48,18,30
Fourkayiv,azgalor,971,hunter,marksmanship,29,16,13
Tiidkloul,illidan,968,hunter,marksmanship,18,12,6
Ontarget,cairne,968,hunter,marksmanship,52,24,28
Katnie,azralon,963,hunter,marksmanship,35,17,18
Hanabanana,wyrmrest-accord,960,hunter,marksmanship,12,10,2
Nainit,sargeras,960,hunter,marksmanship,18,10,8
Goonsh,tichondrius,960,hunter,marksmanship,18,10,8
Zota,frostmourne,960,hunter,marksmanship,18,10,8
Taumelz,sargeras,960,hunter,marksmanship,24,10,14
Supersaiyan,antonidas,960,hunter,marksmanship,24,10,14
Sylvaa,tichondrius,960,hunter,marksmanship,30,10,20
Bowflexen,illidan,959,hunter,marksmanship,18,10,8
Drivebymac,tichondrius,958,hunter,marksmanship,24,10,14
Lilnatty,area-52,958,hunter,marksmanship,27,11,16
Dartháne,moon-guard,956,hunter,marksmanship,29,11,18
Snewboy,malganis,954,hunter,marksmanship,18,10,8
Hawkeyë,ragnaros,954,hunter,marksmanship,18,10,8
Twist,burning-legion,953,hunter,marksmanship,12,10,2
Skelyeelegno,perenolde,953,hunter,marksmanship,18,10,8
Zettl,eredar,953,hunter,marksmanship,33,13,20
Verdao,stormrage,952,hunter,marksmanship,30,10,20
Birgite,stormrage,951,hunter,marksmanship,30,10,20
Moonet,amanthul,948,hunter,marksmanship,18,10,8
Vanhe,quelthalas,947,hunter,marksmanship,18,10,8
Milktoker,tichondrius,947,hunter,marksmanship,24,10,14
Yamanashi,black-dragonflight,945,hunter,marksmanship,96,48,48
Lauannÿ,gallywix,944,hunter,marksmanship,106,49,57
Zarely,frostmourne,932,hunter,marksmanship,24,10,14
Kødran,stormrage,928,hunter,marksmanship,18,10,8
Galaxxis,bonechewer,927,hunter,marksmanship,18,10,8
Thundershots,tichondrius,927,hunter,marksmanship,62,23,39
Huntercotoco,azralon,923,hunter,marksmanship,41,22,19
Wael,perenolde,920,hunter,marksmanship,29,10,19
Onehitrip,illidan,915,hunter,marksmanship,78,33,45
Sunnimuffens,deathwing,906,hunter,marksmanship,23,10,13
Nachtcloverr,stormrage,906,hunter,marksmanship,57,23,34
Blaws,tichondrius,906,hunter,marksmanship,27,10,17
Déadlyshot,tichondrius,900,hunter,marksmanship,77,36,41
Brenogam,azralon,884,hunter,marksmanship,33,16,17
Rödrigö,azralon,876,hunter,marksmanship,30,14,16
Karazuba,ragnaros,865,hunter,marksmanship,89,33,56
Comebacks,ragnaros,864,hunter,marksmanship,18,9,9
Lely,tichondrius,864,hunter,marksmanship,18,9,9
Eratichunt,illidan,864,hunter,marksmanship,18,9,9
Oattes,daggerspine,864,hunter,marksmanship,18,9,9
Drãgenox,quelthalas,864,hunter,marksmanship,24,9,15
Keenz,frostmourne,864,hunter,marksmanship,24,9,15
Ñðñdêsçrípt,frostmourne,864,hunter,marksmanship,24,9,15
Hunghang,frostmourne,864,hunter,marksmanship,24,9,15
Rambot,bleeding-hollow,863,hunter,marksmanship,12,9,3
Topshotx,tichondrius,863,hunter,marksmanship,12,9,3
Dayanier,ragnaros,863,hunter,marksmanship,18,9,9
Dôntlosmebro,stormrage,863,hunter,marksmanship,18,9,9
Ultrasj,malfurion,863,hunter,marksmanship,18,9,9
Toowizeë,barthilas,863,hunter,marksmanship,18,9,9
Torrthack,area-52,863,hunter,marksmanship,18,9,9
Trapshawty,darkspear,863,hunter,marksmanship,18,9,9
Nosmoke,kargath,863,hunter,marksmanship,24,9,15
Crazyeasy,azshara,863,hunter,marksmanship,24,9,15
Junglejam,elune,863,hunter,marksmanship,24,9,15
Airpodpro,emerald-dream,862,hunter,marksmanship,12,9,3
Syrach,area-52,862,hunter,marksmanship,18,9,9
Audioannie,thrall,862,hunter,marksmanship,18,9,9
Varrinda,wyrmrest-accord,862,hunter,marksmanship,24,9,15
Junka,bleeding-hollow,860,hunter,marksmanship,18,9,9
Loyalrely,tichondrius,859,hunter,marksmanship,18,9,9
Tazent,moon-guard,859,hunter,marksmanship,18,9,9
Coldhunger,uldum,857,hunter,marksmanship,12,9,3
Lazygnome,azshara,856,hunter,marksmanship,14,9,5
Trikshot,magtheridon,855,hunter,marksmanship,18,10,8
Repotro,drakkari,851,hunter,marksmanship,30,9,21
Avindal,greymane,850,hunter,marksmanship,18,9,9
Nelandris,tichondrius,844,hunter,marksmanship,48,20,28
Kazzanval,sargeras,843,hunter,marksmanship,18,9,9
Zelanst,illidan,838,hunter,marksmanship,18,9,9
Jzander,ragnaros,827,hunter,marksmanship,16,10,6
Muggzzy,malygos,824,hunter,marksmanship,18,9,9
Grànd,tortheldrin,814,hunter,marksmanship,17,9,8
Kuramax,senjin,810,hunter,marksmanship,59,23,36
Iamtotoro,area-52,809,hunter,marksmanship,28,9,19
Desolateone,nazgrel,807,hunter,marksmanship,24,10,14
Fian,lightnings-blade,797,hunter,marksmanship,22,9,13
Myrfes,ragnaros,797,hunter,marksmanship,22,9,13
Skyloss,illidan,775,hunter,marksmanship,42,12,30
Ragshunt,stormrage,768,hunter,marksmanship,12,8,4
Doves,wyrmrest-accord,768,hunter,marksmanship,12,8,4
Ashx,nemesis,768,hunter,marksmanship,12,8,4
Ladderpolice,tichondrius,768,hunter,marksmanship,15,9,6
Achillez,bleeding-hollow,768,hunter,marksmanship,18,8,10
Muerteaterry,ragnaros,768,hunter,marksmanship,18,8,10
Czeroenjoyer,malganis,768,hunter,marksmanship,18,8,10
Civvo,dalaran,768,hunter,marksmanship,24,8,16
Soul,sargeras,768,hunter,marksmanship,24,8,16
Woeisyou,stormrage,768,hunter,marksmanship,24,8,16
Barrohunt,proudmoore,767,hunter,marksmanship,12,8,4
Cimotsw,stormrage,767,hunter,marksmanship,12,8,4
Booyakah,hyjal,767,hunter,marksmanship,12,8,4
Gorîlla,sargeras,767,hunter,marksmanship,18,8,10
Mensita,quelthalas,767,hunter,marksmanship,18,8,10
Yory,tol-barad,767,hunter,marksmanship,18,8,10
Vileplumè,stormrage,767,hunter,marksmanship,18,8,10
Mariaassjx,ragnaros,767,hunter,marksmanship,18,8,10
Cufless,proudmoore,767,hunter,marksmanship,18,8,10
Grimcask,ragnaros,767,hunter,marksmanship,18,8,10
Xtina,drakkari,767,hunter,marksmanship,18,8,10
Ravanskull,burning-blade,767,hunter,marksmanship,18,8,10
Saltz,tichondrius,766,hunter,marksmanship,12,8,4
Juicyjams,moon-guard,766,hunter,marksmanship,12,8,4
Ghudi,moon-guard,766,hunter,marksmanship,12,8,4
Zèd,azralon,766,hunter,marksmanship,18,8,10
Fëanora,quelthalas,766,hunter,marksmanship,18,8,10
Raiku,aggramar,766,hunter,marksmanship,18,8,10
Trochillidae,dragonmaw,766,hunter,marksmanship,18,8,10
Ladright,altar-of-storms,766,hunter,marksmanship,18,8,10
Picaubica,kiljaeden,766,hunter,marksmanship,24,8,16
Deadalot,dalaran,765,hunter,marksmanship,12,8,4
Silhouettes,barthilas,765,hunter,marksmanship,21,10,11
Daahm,malganis,765,hunter,marksmanship,25,8,17
Taynen,azralon,764,hunter,marksmanship,18,8,10
Myciri,proudmoore,764,hunter,marksmanship,18,8,10
Rattrap,proudmoore,763,hunter,marksmanship,24,8,16
Buckethole,doomhammer,762,hunter,marksmanship,18,8,10
Thisguÿ,arthas,762,hunter,marksmanship,18,8,10
Enonoa,thunderlord,760,hunter,marksmanship,12,8,4
Nightwatch,kelthuzad,753,hunter,marksmanship,12,8,4
Huntercry,ragnaros,751,hunter,marksmanship,12,8,4
Niceshotboi,azgalor,751,hunter,marksmanship,24,8,16
Lynnì,khadgar,750,hunter,marksmanship,18,8,10
Arshuntica,blackrock,750,hunter,marksmanship,18,8,10
Xshadowdemon,korgath,749,hunter,marksmanship,12,8,4
Alleessa,goldrinn,740,hunter,marksmanship,24,8,16
Mackin,maelstrom,740,hunter,marksmanship,24,8,16
Mikeangel,hydraxis,718,hunter,marksmanship,21,8,13
Lookøut,moon-guard,713,hunter,marksmanship,32,10,22
Andalora,malganis,703,hunter,marksmanship,11,8,3
Llachiip,zuljin,702,hunter,marksmanship,17,9,8
Fizzleshot,malganis,699,hunter,marksmanship,17,8,9
Ehnub,stormrage,672,hunter,marksmanship,12,7,5
Timmee,bleeding-hollow,672,hunter,marksmanship,12,7,5
Enty,khazgoroth,672,hunter,marksmanship,12,7,5
Kaznik,ragnaros,672,hunter,marksmanship,12,7,5
Mms,frostmourne,672,hunter,marksmanship,12,7,5
Hyrus,shadowmoon,672,hunter,marksmanship,12,7,5
Mörgoth,quelthalas,672,hunter,marksmanship,12,7,5
Keboks,alleria,672,hunter,marksmanship,12,7,5
Kookh,area-52,672,hunter,marksmanship,12,7,5
Shotmaster,tichondrius,672,hunter,marksmanship,12,7,5
Mochaxd,stormrage,672,hunter,marksmanship,14,7,7
Focusfire,khazgoroth,672,hunter,marksmanship,18,7,11
Datbigbowdoe,illidan,672,hunter,marksmanship,24,7,17
Twistedtawl,area-52,671,hunter,marksmanship,12,7,5
Texploto,area-52,671,hunter,marksmanship,12,7,5
Neoxbow,wyrmrest-accord,671,hunter,marksmanship,12,7,5
Sáns,sargeras,671,hunter,marksmanship,12,7,5
Dest,azralon,671,hunter,marksmanship,12,7,5
Tup,guldan,671,hunter,marksmanship,12,7,5
Krattøs,bleeding-hollow,671,hunter,marksmanship,12,7,5
Stupidgodx,tichondrius,671,hunter,marksmanship,12,7,5
Geraldson,proudmoore,671,hunter,marksmanship,12,7,5
Xhare,stormrage,671,hunter,marksmanship,12,7,5
Solomine,jubeithos,671,hunter,marksmanship,12,7,5
Getnukedbud,emerald-dream,671,hunter,marksmanship,12,7,5
Zhions,ragnaros,671,hunter,marksmanship,12,7,5
Sunyourmom,proudmoore,671,hunter,marksmanship,12,7,5
Hannover,ragnaros,671,hunter,marksmanship,12,7,5
Larree,kelthuzad,671,hunter,marksmanship,12,7,5
Kalizra,quelthalas,671,hunter,marksmanship,18,7,11
Jackrandall,frostmourne,671,hunter,marksmanship,18,7,11
Glittergun,sargeras,671,hunter,marksmanship,18,7,11
Kaeuljua,tichondrius,671,hunter,marksmanship,18,7,11
Chuvug,quelthalas,671,hunter,marksmanship,18,7,11
Cullowhee,proudmoore,671,hunter,marksmanship,18,7,11
Navagee,tichondrius,671,hunter,marksmanship,18,7,11
Såvagehunter,malganis,671,hunter,marksmanship,18,7,11
Toesgoes,thrall,671,hunter,marksmanship,18,7,11
Temara,icecrown,671,hunter,marksmanship,24,7,17
Spyhunter,malganis,671,hunter,marksmanship,24,7,17
Flechá,illidan,670,hunter,marksmanship,12,7,5
Joogeenda,kaelthas,670,hunter,marksmanship,12,7,5
Elendïr,tichondrius,670,hunter,marksmanship,18,7,11
Wolfyyxx,stormrage,670,hunter,marksmanship,18,7,11
Gagau,stormrage,670,hunter,marksmanship,18,7,11
Huntkiller,tichondrius,669,hunter,marksmanship,16,9,7
Lilzoomer,barthilas,668,hunter,marksmanship,12,7,5
Emeri,winterhoof,667,hunter,marksmanship,12,7,5
Mahty,stormrage,665,hunter,marksmanship,12,7,5
Konar,nemesis,656,hunter,marksmanship,30,7,23
Righthole,area-52,640,hunter,marksmanship,22,7,15
Mawlotov,barthilas,639,hunter,marksmanship,23,7,16
Mesiauzx,stormrage,618,hunter,marksmanship,22,9,13
Typh,saurfang,607,hunter,marksmanship,11,7,4
Hokutoxx,tichondrius,607,hunter,marksmanship,20,7,13
Krossx,thrall,591,hunter,marksmanship,12,7,5
Summerrain,illidan,576,hunter,marksmanship,6,6,0
Lostfaith,tichondrius,576,hunter,marksmanship,12,6,6
Gugubird,proudmoore,576,hunter,marksmanship,12,6,6
Gq,garona,576,hunter,marksmanship,12,6,6
Ssds,sargeras,576,hunter,marksmanship,12,6,6
Blaðe,kelthuzad,576,hunter,marksmanship,12,6,6
Kimbaa,tichondrius,576,hunter,marksmanship,12,6,6
Aoti,nerzhul,576,hunter,marksmanship,12,6,6
Êlautismo,wyrmrest-accord,576,hunter,marksmanship,12,6,6
Throre,bleeding-hollow,576,hunter,marksmanship,12,6,6
Mehontar,area-52,576,hunter,marksmanship,12,6,6
Spanerd,moon-guard,576,hunter,marksmanship,12,6,6
Smoothbrain,khadgar,576,hunter,marksmanship,12,6,6
Murderone,undermine,576,hunter,marksmanship,12,6,6
Jeezyxxii,shadowmoon,576,hunter,marksmanship,12,6,6
Elmozz,thrall,576,hunter,marksmanship,12,6,6
Kyudo,moon-guard,576,hunter,marksmanship,12,6,6
Pulso,illidan,576,hunter,marksmanship,12,6,6
Flämma,azralon,576,hunter,marksmanship,12,6,6
Groomme,area-52,576,hunter,marksmanship,12,6,6
Gritzix,frostmourne,576,hunter,marksmanship,12,6,6
Bootywhop,dalaran,576,hunter,marksmanship,12,6,6
Laurenx,illidan,576,hunter,marksmanship,12,6,6
Telånnas,illidan,576,hunter,marksmanship,12,6,6
Tokez,moon-guard,576,hunter,marksmanship,14,6,8
Gnometoprace,illidan,576,hunter,marksmanship,18,6,12
Qúin,frostmourne,576,hunter,marksmanship,18,6,12
Tandope,sargeras,576,hunter,marksmanship,18,6,12
Jônathan,tichondrius,576,hunter,marksmanship,24,6,18
Smoeky,aerie-peak,575,hunter,marksmanship,12,6,6
Cobrag,tichondrius,575,hunter,marksmanship,12,6,6
Hobbës,kelthuzad,575,hunter,marksmanship,12,6,6
Onlyfeìgns,frostmourne,575,hunter,marksmanship,12,6,6
Dirtbagchaz,illidan,575,hunter,marksmanship,12,6,6
Projectilez,sargeras,575,hunter,marksmanship,12,6,6
Aragörnn,azralon,575,hunter,marksmanship,12,6,6
Brosk,drakthul,575,hunter,marksmanship,12,6,6
Silentzkill,tichondrius,575,hunter,marksmanship,12,6,6
Littlespike,queldorei,575,hunter,marksmanship,12,6,6
Lagginwaggin,azgalor,575,hunter,marksmanship,12,6,6
Westbrooke,illidan,575,hunter,marksmanship,12,6,6
Sylvaethas,lightninghoof,575,hunter,marksmanship,12,6,6
Xhartanis,magtheridon,575,hunter,marksmanship,12,6,6
Herroo,thrall,575,hunter,marksmanship,18,6,12
Salsa,hakkar,575,hunter,marksmanship,30,6,24
Zeddunn,stormrage,574,hunter,marksmanship,12,6,6
Hildihunt,stormrage,574,hunter,marksmanship,12,6,6
Marcusrarnis,zuljin,574,hunter,marksmanship,12,6,6
Àbyss,shandris,574,hunter,marksmanship,12,6,6
Foxhe,hyjal,574,hunter,marksmanship,12,6,6
Killincrew,scilla,574,hunter,marksmanship,14,6,8
Flacidhunter,kelthuzad,573,hunter,marksmanship,18,6,12
Blåckhat,frostmourne,573,hunter,marksmanship,30,6,24
Recebaa,barthilas,572,hunter,marksmanship,12,6,6
Returners,emerald-dream,571,hunter,marksmanship,12,6,6
Lennfear,frostmourne,568,hunter,marksmanship,18,6,12
Beastmodeqt,blood-furnace,566,hunter,marksmanship,18,6,12
Neef,mannoroth,564,hunter,marksmanship,24,6,18
Ratspit,chogall,557,hunter,marksmanship,11,6,5
Gymli,destromath,543,hunter,marksmanship,11,6,5
Aïmïng,tichondrius,542,hunter,marksmanship,11,6,5
Jvmr,azralon,534,hunter,marksmanship,14,7,7
Jaydemo,thunderhorn,527,hunter,marksmanship,17,6,11
Remixjy,burning-blade,522,hunter,marksmanship,16,7,9
Drjingajanga,zuluhed,522,hunter,marksmanship,22,8,14
Cns,tichondrius,521,hunter,marksmanship,20,7,13
Cplski,kelthuzad,511,hunter,marksmanship,16,6,10
Stepbroski,moon-guard,510,hunter,marksmanship,14,6,8
Brainzz,emerald-dream,509,hunter,marksmanship,16,7,9
Chasseür,quelthalas,480,hunter,marksmanship,6,5,1
Headshoot,tichondrius,480,hunter,marksmanship,6,5,1
Primalus,tichondrius,480,hunter,marksmanship,6,5,1
Qthunterr,dalaran,480,hunter,marksmanship,6,5,1
Austelos,moon-guard,480,hunter,marksmanship,6,5,1
Shootandloot,zuljin,480,hunter,marksmanship,6,5,1
Moktarg,archimonde,480,hunter,marksmanship,6,5,1
Thrandrial,smolderthorn,480,hunter,marksmanship,6,5,1
Shootipie,hyjal,480,hunter,marksmanship,6,5,1
Chickenzzack,tichondrius,480,hunter,marksmanship,6,5,1
Bendotexe,stormrage,480,hunter,marksmanship,6,5,1
Guacmec,tichondrius,480,hunter,marksmanship,6,5,1
Zucarita,tichondrius,480,hunter,marksmanship,7,5,2
Idtrapthat,nordrassil,480,hunter,marksmanship,9,5,4
Aloa,nagrand,480,hunter,marksmanship,12,5,7
Déadshot,thaurissan,480,hunter,marksmanship,12,5,7
Xísa,proudmoore,480,hunter,marksmanship,12,5,7
Damadar,tichondrius,480,hunter,marksmanship,12,5,7
Connora,stormrage,480,hunter,marksmanship,12,5,7
Kyujin,ragnaros,480,hunter,marksmanship,12,5,7
Tânsøxøxø,tichondrius,480,hunter,marksmanship,12,5,7
Lagshots,kelthuzad,480,hunter,marksmanship,12,5,7
Thewïld,tichondrius,480,hunter,marksmanship,12,5,7
Thejessiah,tichondrius,480,hunter,marksmanship,12,5,7
Duckpow,frostmourne,480,hunter,marksmanship,12,5,7
Bullzeyê,kelthuzad,480,hunter,marksmanship,12,5,7
Mídnîght,azralon,480,hunter,marksmanship,12,5,7
Jaywuz,tichondrius,480,hunter,marksmanship,12,5,7
Lianm,stormrage,480,hunter,marksmanship,12,5,7
Teaks,aggramar,480,hunter,marksmanship,12,5,7
Fjdominador,azralon,480,hunter,marksmanship,12,5,7
Hunt,the-underbog,480,hunter,marksmanship,12,5,7
Omniquiver,sargeras,480,hunter,marksmanship,12,5,7
Snoplow,illidan,480,hunter,marksmanship,12,5,7
Arraza,ragnaros,480,hunter,marksmanship,12,5,7
Insgesicht,proudmoore,480,hunter,marksmanship,18,5,13
Ownyoufast,darkspear,480,hunter,marksmanship,18,5,13
Tarah,lightbringer,480,hunter,marksmanship,18,5,13
Blickys,area-52,480,hunter,marksmanship,18,5,13
Absinther,emerald-dream,480,hunter,marksmanship,18,5,13
Ikiteforfood,zuljin,480,hunter,marksmanship,18,5,13
Eurekasl,ragnaros,480,hunter,marksmanship,18,5,13
Hishamo,aggramar,479,hunter,marksmanship,6,5,1
Runimurder,zuljin,479,hunter,marksmanship,6,5,1
Patmypet,terenas,479,hunter,marksmanship,12,5,7
Ohhsnaapp,blood-furnace,479,hunter,marksmanship,12,5,7
Peitowyn,illidan,479,hunter,marksmanship,12,5,7
Critaclyzm,moon-guard,479,hunter,marksmanship,12,5,7
Týrak,illidan,479,hunter,marksmanship,12,5,7
Papiquezo,nagrand,479,hunter,marksmanship,12,5,7
Pathius,uldaman,479,hunter,marksmanship,12,5,7
Globalhunter,emerald-dream,479,hunter,marksmanship,12,5,7
Akomata,emerald-dream,479,hunter,marksmanship,12,5,7
Blurrí,area-52,479,hunter,marksmanship,12,5,7
Rykbad,area-52,479,hunter,marksmanship,12,5,7
Ashaelyn,wyrmrest-accord,479,hunter,marksmanship,18,5,13
Enzym,archimonde,479,hunter,marksmanship,18,5,13
Seyd,barthilas,479,hunter,marksmanship,18,5,13
Johar,nerzhul,479,hunter,marksmanship,18,5,13
Cócaine,tichondrius,478,hunter,marksmanship,13,6,7
Ozzoty,tol-barad,478,hunter,marksmanship,12,5,7
Azx,tichondrius,478,hunter,marksmanship,12,5,7
Tungles,tichondrius,478,hunter,marksmanship,18,5,13
Tularac,sentinels,477,hunter,marksmanship,12,5,7
Survival,dentarg,477,hunter,marksmanship,12,5,7
Darkmaximus,echo-isles,477,hunter,marksmanship,18,5,13
Damnnicebutt,borean-tundra,476,hunter,marksmanship,12,5,7
Jonsnow,lightnings-blade,474,hunter,marksmanship,12,5,7
Diavál,area-52,447,hunter,marksmanship,11,5,6
Pikochon,illidan,447,hunter,marksmanship,17,5,12
Mukeru,stormrage,432,hunter,marksmanship,9,5,4
Noriee,destromath,431,hunter,marksmanship,15,5,10
Nirika,moon-guard,416,hunter,marksmanship,10,5,5
Póra,stormrage,396,hunter,marksmanship,13,5,8
Swagprince,skullcrusher,384,hunter,marksmanship,6,4,2
Moyria,quelthalas,384,hunter,marksmanship,6,4,2
Shootbert,malganis,384,hunter,marksmanship,6,4,2
Huumpoutine,burning-blade,384,hunter,marksmanship,6,4,2
Llhopital,ragnaros,384,hunter,marksmanship,6,4,2
Blamethenaga,sargeras,384,hunter,marksmanship,6,4,2
Thirià,garona,384,hunter,marksmanship,6,4,2
Stfd,illidan,384,hunter,marksmanship,6,4,2
Swish,burning-legion,384,hunter,marksmanship,6,4,2
Swoljashotxp,area-52,384,hunter,marksmanship,6,4,2
Ocromiun,illidan,384,hunter,marksmanship,6,4,2
Zugbrained,illidan,384,hunter,marksmanship,6,4,2
Raevon,kelthuzad,384,hunter,marksmanship,6,4,2
Goosejuicer,emerald-dream,384,hunter,marksmanship,6,4,2
Sï,anubarak,384,hunter,marksmanship,6,4,2
Balaria,tichondrius,384,hunter,marksmanship,6,4,2
Côckblocked,tichondrius,384,hunter,marksmanship,6,4,2
Malcab,tichondrius,384,hunter,marksmanship,6,4,2
Coolwhip,demon-soul,384,hunter,marksmanship,6,4,2
Arteene,illidan,384,hunter,marksmanship,6,4,2
Netorip,azralon,384,hunter,marksmanship,6,4,2
Huataran,stormrage,384,hunter,marksmanship,6,4,2
Infatuatedx,moon-guard,384,hunter,marksmanship,6,4,2
Clutchxx,tichondrius,384,hunter,marksmanship,6,4,2
Junmuxiao,ragnaros,384,hunter,marksmanship,6,4,2
Saloran,akama,384,hunter,marksmanship,6,4,2
Minzuki,drakkari,384,hunter,marksmanship,6,4,2
Amanazàra,tichondrius,384,hunter,marksmanship,6,4,2
Zeenuts,sargeras,384,hunter,marksmanship,6,4,2
Wellerman,firetree,384,hunter,marksmanship,6,4,2
Zendarae,tichondrius,384,hunter,marksmanship,6,4,2
Oromís,dalaran,384,hunter,marksmanship,6,4,2
Spiketurtle,queldorei,384,hunter,marksmanship,6,4,2
Obsol,hyjal,384,hunter,marksmanship,6,4,2
Silvertokay,ragnaros,384,hunter,marksmanship,6,4,2
Anecko,zuljin,384,hunter,marksmanship,6,4,2
Maidán,azralon,384,hunter,marksmanship,6,4,2
Emilysamuels,tichondrius,384,hunter,marksmanship,6,4,2
Frîck,bleeding-hollow,384,hunter,marksmanship,6,4,2
Subdue,tichondrius,384,hunter,marksmanship,6,4,2
Relapse,dreadmaul,384,hunter,marksmanship,6,4,2
Aimbôt,frostmourne,384,hunter,marksmanship,6,4,2
Vatits,dalaran,384,hunter,marksmanship,6,4,2
Regretful,kelthuzad,384,hunter,marksmanship,7,4,3
Malthiz,antonidas,384,hunter,marksmanship,8,4,4
Photos,moon-guard,384,hunter,marksmanship,8,4,4
Grukar,tichondrius,384,hunter,marksmanship,12,4,8
Revö,area-52,384,hunter,marksmanship,12,4,8
Ðïanä,azralon,384,hunter,marksmanship,12,4,8
Ojmo,arthas,384,hunter,marksmanship,12,4,8
Patroclo,azralon,384,hunter,marksmanship,12,4,8
Boggartt,ragnaros,384,hunter,marksmanship,12,4,8
Samsin,sargeras,384,hunter,marksmanship,12,4,8
Soljer,kiljaeden,384,hunter,marksmanship,12,4,8
Braindeadorc,illidan,384,hunter,marksmanship,12,4,8
Junglar,eitrigg,384,hunter,marksmanship,12,4,8
Lyricly,lightbringer,384,hunter,marksmanship,12,4,8
Emérr,drakkari,384,hunter,marksmanship,12,4,8
Dropflag,stormrage,384,hunter,marksmanship,12,4,8
Kä,blackhand,384,hunter,marksmanship,12,4,8
Pâl,quelthalas,384,hunter,marksmanship,12,4,8
Crimsonmm,ragnaros,384,hunter,marksmanship,12,4,8
Sabo,nemesis,384,hunter,marksmanship,12,4,8
Karev,area-52,384,hunter,marksmanship,12,4,8
Ididntdoit,blackhand,384,hunter,marksmanship,12,4,8
Sylvanâs,bleeding-hollow,384,hunter,marksmanship,12,4,8
Abloodelf,zuljin,384,hunter,marksmanship,12,4,8
Bleedwolf,tichondrius,384,hunter,marksmanship,12,4,8
Trippyhunter,akama,384,hunter,marksmanship,12,4,8
Robobop,stormrage,384,hunter,marksmanship,12,4,8
Vion,mannoroth,384,hunter,marksmanship,12,4,8
Aewyn,malganis,384,hunter,marksmanship,12,4,8
Limpnoodle,nerzhul,384,hunter,marksmanship,12,4,8
Saralli,thrall,384,hunter,marksmanship,12,4,8
Enchantras,jaedenar,384,hunter,marksmanship,12,4,8
Xeriife,stormrage,384,hunter,marksmanship,12,4,8
Kumari,lothar,384,hunter,marksmanship,12,4,8
Dmasterbiter,zuljin,384,hunter,marksmanship,12,4,8
Shotfromhell,sargeras,384,hunter,marksmanship,12,4,8
Bowtech,kelthuzad,384,hunter,marksmanship,12,4,8
Vélos,illidan,384,hunter,marksmanship,12,4,8
Shottz,blackhand,384,hunter,marksmanship,12,4,8
Bigzane,darkspear,384,hunter,marksmanship,12,4,8
Astolenis,quelthalas,384,hunter,marksmanship,16,4,12
Give,draktharon,384,hunter,marksmanship,18,4,14
Peashooter,sargeras,384,hunter,marksmanship,19,4,15
Arzant,quelthalas,383,hunter,marksmanship,6,4,2
Essya,frostmourne,383,hunter,marksmanship,6,4,2
Soulbutter,malganis,383,hunter,marksmanship,6,4,2
Jogoran,thunderlord,383,hunter,marksmanship,6,4,2
Snäpträp,stormrage,383,hunter,marksmanship,6,4,2
Renzô,sargeras,383,hunter,marksmanship,9,5,4
Euphylesz,garrosh,383,hunter,marksmanship,10,4,6
Diacachimbaa,ragnaros,383,hunter,marksmanship,12,4,8
Rottinghood,hyjal,383,hunter,marksmanship,12,4,8
Minibrö,tichondrius,383,hunter,marksmanship,12,4,8
Brody,eitrigg,383,hunter,marksmanship,12,4,8
Shootingjaem,tichondrius,383,hunter,marksmanship,12,4,8
Juanita,laughing-skull,383,hunter,marksmanship,12,4,8
Aridan,area-52,383,hunter,marksmanship,12,4,8
Nevon,azralon,383,hunter,marksmanship,18,4,14
Delukzin,azralon,383,hunter,marksmanship,18,4,14
Apochuntz,greymane,382,hunter,marksmanship,6,4,2
Oohuntsoo,emerald-dream,382,hunter,marksmanship,6,4,2
Föcker,emerald-dream,382,hunter,marksmanship,10,6,4
Thyraza,proudmoore,382,hunter,marksmanship,12,4,8
Eaudelune,vashj,382,hunter,marksmanship,12,4,8
Twofeathers,wyrmrest-accord,381,hunter,marksmanship,12,4,8
Venessie,moon-guard,379,hunter,marksmanship,12,4,8
Zievieda,hellscream,379,hunter,marksmanship,12,4,8
Aksalaz,area-52,367,hunter,marksmanship,11,4,7
Raun,anvilmar,363,hunter,marksmanship,11,4,7
Hyesik,tichondrius,362,hunter,marksmanship,21,7,14
Bloodarrow,tichondrius,351,hunter,marksmanship,11,4,7
Iililillilii,tichondrius,330,hunter,marksmanship,14,5,9
Nubcaks,nerzhul,330,hunter,marksmanship,21,5,16
Stupïd,tichondrius,319,hunter,marksmanship,5,4,1
Aimian,frostmourne,319,hunter,marksmanship,8,4,4
Kazug,destromath,319,hunter,marksmanship,12,5,7
Berkhof,tichondrius,319,hunter,marksmanship,14,4,10
Kushminion,zuljin,304,hunter,marksmanship,7,5,2
Dagre,the-forgotten-coast,304,hunter,marksmanship,13,4,9
Khasu,ragnaros,288,hunter,marksmanship,6,3,3
Eforas,ragnaros,288,hunter,marksmanship,6,3,3
Muffhuntér,blackrock,288,hunter,marksmanship,6,3,3
Wolfmilkers,illidan,288,hunter,marksmanship,6,3,3
Halosucks,sargeras,288,hunter,marksmanship,6,3,3
Candîce,moon-guard,288,hunter,marksmanship,6,3,3
Shooterzz,illidan,288,hunter,marksmanship,6,3,3
Zym,the-forgotten-coast,288,hunter,marksmanship,6,3,3
Trænquility,tichondrius,288,hunter,marksmanship,6,3,3
Kormas,illidan,288,hunter,marksmanship,6,3,3
Cloakedninja,illidan,288,hunter,marksmanship,6,3,3
Madjango,illidan,288,hunter,marksmanship,6,3,3
Stupedhunter,tichondrius,288,hunter,marksmanship,6,3,3
Tìnker,stormrage,288,hunter,marksmanship,6,3,3
Playnogames,moon-guard,288,hunter,marksmanship,6,3,3
Mtuanwm,tichondrius,288,hunter,marksmanship,6,3,3
Azairxd,tichondrius,288,hunter,marksmanship,6,3,3
Racoon,spinebreaker,288,hunter,marksmanship,6,3,3
Hogshanks,moon-guard,288,hunter,marksmanship,6,3,3
Carot,dalaran,288,hunter,marksmanship,6,3,3
Ÿöskë,tichondrius,288,hunter,marksmanship,6,3,3
Starsabov,emerald-dream,288,hunter,marksmanship,6,3,3
Kynigi,bleeding-hollow,288,hunter,marksmanship,6,3,3
Tonnyfab,ragnaros,288,hunter,marksmanship,6,3,3
Exabyssus,bleeding-hollow,288,hunter,marksmanship,6,3,3
Ropivacaine,illidan,288,hunter,marksmanship,6,3,3
Javoj,drakkari,288,hunter,marksmanship,6,3,3
Daggétt,zuljin,288,hunter,marksmanship,6,3,3
Lilbic,bleeding-hollow,288,hunter,marksmanship,6,3,3
Eatmybow,nemesis,288,hunter,marksmanship,6,3,3
Arithrawn,area-52,288,hunter,marksmanship,6,3,3
Juwannaaim,lethon,288,hunter,marksmanship,6,3,3
Tugh,maiev,288,hunter,marksmanship,6,3,3
Kansolly,tichondrius,288,hunter,marksmanship,6,3,3
Silvershot,emerald-dream,288,hunter,marksmanship,6,3,3
Quondo,boulderfist,288,hunter,marksmanship,6,3,3
Casadora,dark-iron,288,hunter,marksmanship,6,3,3
Keliara,dunemaul,288,hunter,marksmanship,6,3,3
Ud,eldrethalas,288,hunter,marksmanship,6,3,3
Buzzkiller,sargeras,288,hunter,marksmanship,6,3,3
Humiliation,mugthol,288,hunter,marksmanship,6,3,3
Fruitenveg,frostmourne,288,hunter,marksmanship,6,3,3
Sosaho,sargeras,288,hunter,marksmanship,6,3,3
Ekzoo,tichondrius,288,hunter,marksmanship,6,3,3
Wannakill,stormrage,288,hunter,marksmanship,6,3,3
Cù,frostmourne,288,hunter,marksmanship,6,3,3
Vashra,stormrage,288,hunter,marksmanship,6,3,3
Waqz,tichondrius,288,hunter,marksmanship,6,3,3
Vivaswan,tichondrius,288,hunter,marksmanship,6,3,3
Gorhound,tichondrius,288,hunter,marksmanship,6,3,3
Sereom,frostmourne,288,hunter,marksmanship,6,3,3
Xcw,stormrage,288,hunter,marksmanship,6,3,3
Neverhunter,azralon,288,hunter,marksmanship,6,3,3
Triggamikê,tichondrius,288,hunter,marksmanship,6,3,3
Weegnomie,wyrmrest-accord,288,hunter,marksmanship,6,3,3
Baehydra,frostmourne,288,hunter,marksmanship,6,3,3
Booffmeister,area-52,288,hunter,marksmanship,6,3,3
Antily,kelthuzad,288,hunter,marksmanship,6,3,3
Thugbeast,tichondrius,288,hunter,marksmanship,6,3,3
Vinksy,sargeras,288,hunter,marksmanship,6,3,3
Xtremesnipez,frostmourne,288,hunter,marksmanship,6,3,3
Zzackchicken,tichondrius,288,hunter,marksmanship,6,3,3
Innerhunt,aegwynn,288,hunter,marksmanship,6,3,3
Luckynoodlle,frostmourne,288,hunter,marksmanship,6,3,3
Krelas,eldrethalas,288,hunter,marksmanship,6,3,3
Kong,tichondrius,288,hunter,marksmanship,6,3,3
Untermench,tichondrius,288,hunter,marksmanship,6,3,3
Blakespace,area-52,288,hunter,marksmanship,6,3,3
Zengrin,quelthalas,288,hunter,marksmanship,6,3,3
Boomphaque,ravencrest,288,hunter,marksmanship,6,3,3
Auset,aegwynn,288,hunter,marksmanship,6,3,3
Madsniper,thunderlord,288,hunter,marksmanship,6,3,3
Physical,destromath,288,hunter,marksmanship,6,3,3
Zindula,malganis,288,hunter,marksmanship,7,3,4
Mojopojo,tichondrius,288,hunter,marksmanship,12,4,8
Prpl,sargeras,288,hunter,marksmanship,15,4,11
Alyzza,sargeras,288,hunter,marksmanship,12,3,9
Zeedii,dalaran,288,hunter,marksmanship,12,3,9
Arbclimbs,frostmane,288,hunter,marksmanship,12,3,9
Bwaa,illidan,288,hunter,marksmanship,12,3,9
Hatara,quelthalas,288,hunter,marksmanship,12,3,9
Wadadly,malganis,288,hunter,marksmanship,12,3,9
Sliperysaly,tichondrius,288,hunter,marksmanship,12,3,9
Exiun,sargeras,288,hunter,marksmanship,12,3,9
Peña,trollbane,288,hunter,marksmanship,12,3,9
Princssdaizy,zuljin,288,hunter,marksmanship,12,3,9
Oua,queldorei,288,hunter,marksmanship,12,3,9
Fatehunter,bleeding-hollow,288,hunter,marksmanship,12,3,9
Angelickon,tichondrius,288,hunter,marksmanship,12,3,9
Blarck,shattered-halls,288,hunter,marksmanship,12,3,9
Kòng,quelthalas,288,hunter,marksmanship,12,3,9
Lumbygoblin,illidan,288,hunter,marksmanship,13,3,10
Guntrïx,stormrage,288,hunter,marksmanship,18,3,15
Snipastyle,twisting-nether,288,hunter,marksmanship,18,3,15
Ghazzghkuull,ragnaros,287,hunter,marksmanship,6,3,3
Killerxzxz,stormrage,287,hunter,marksmanship,6,3,3
Multicereal,quelthalas,287,hunter,marksmanship,6,3,3
Drâgônâr,stormrage,287,hunter,marksmanship,6,3,3
Lapelada,ragnaros,287,hunter,marksmanship,6,3,3
Downtimes,illidan,287,hunter,marksmanship,6,3,3
Tarbabies,mannoroth,287,hunter,marksmanship,12,3,9
Bumbow,tichondrius,287,hunter,marksmanship,12,3,9
Irishnia,bleeding-hollow,286,hunter,marksmanship,6,3,3
Lorelåii,tichondrius,286,hunter,marksmanship,6,3,3
Wij,turalyon,284,hunter,marksmanship,12,3,9
Zuuvuya,nemesis,255,hunter,marksmanship,8,4,4
Brorc,kul-tiras,239,hunter,marksmanship,5,3,2
Wook,hyjal,239,hunter,marksmanship,5,3,2
Setepalms,azralon,239,hunter,marksmanship,5,3,2
Knowtraps,area-52,234,hunter,marksmanship,7,4,3
Druskritag,moon-guard,234,hunter,marksmanship,10,4,6
Hunimi,elune,223,hunter,marksmanship,14,3,11
Andrømeda,frostmourne,208,hunter,marksmanship,7,3,4
Lamb,undermine,202,hunter,marksmanship,11,4,7
Kekkww,hyjal,192,hunter,marksmanship,4,3,1
Sevitham,dalaran,192,hunter,marksmanship,6,2,4
Firskin,frostmourne,192,hunter,marksmanship,6,2,4
Huntgar,earthen-ring,192,hunter,marksmanship,6,2,4
Bôdon,illidan,192,hunter,marksmanship,6,2,4
Tyraelias,kaelthas,192,hunter,marksmanship,6,2,4
Fleshfeast,tichondrius,192,hunter,marksmanship,6,2,4
Huntingyou,destromath,192,hunter,marksmanship,6,2,4
Shootybooty,arygos,192,hunter,marksmanship,6,2,4
Magvez,tichondrius,192,hunter,marksmanship,6,2,4
Yonzo,area-52,192,hunter,marksmanship,6,2,4
Ilîiìîìiilil,bleeding-hollow,192,hunter,marksmanship,6,2,4
Dikbender,tichondrius,192,hunter,marksmanship,6,2,4
Bowzørx,tichondrius,192,hunter,marksmanship,6,2,4
Yortrox,ragnaros,192,hunter,marksmanship,6,2,4
Voodoohunter,blood-furnace,192,hunter,marksmanship,6,2,4
Sogeki,kelthuzad,192,hunter,marksmanship,6,2,4
Dreezzy,bleeding-hollow,192,hunter,marksmanship,6,2,4
Namøscä,nemesis,192,hunter,marksmanship,6,2,4
Pumpydumpy,malganis,192,hunter,marksmanship,6,2,4
Ayrana,tichondrius,192,hunter,marksmanship,6,2,4
Jebote,frostmourne,192,hunter,marksmanship,6,2,4
Kahtniss,quelthalas,192,hunter,marksmanship,6,2,4
Muscletooth,moon-guard,192,hunter,marksmanship,6,2,4
Tus,tichondrius,192,hunter,marksmanship,6,2,4
Latherel,bleeding-hollow,192,hunter,marksmanship,6,2,4
Kimghak,tichondrius,192,hunter,marksmanship,6,2,4
Arighthunt,frostmourne,192,hunter,marksmanship,6,2,4
Desdee,icecrown,192,hunter,marksmanship,6,2,4
Momomomo,draka,192,hunter,marksmanship,6,2,4
Áppóló,spinebreaker,192,hunter,marksmanship,6,2,4
Léfty,nagrand,192,hunter,marksmanship,6,2,4
Leeshaarrow,moon-guard,192,hunter,marksmanship,6,2,4
Huntugz,frostmourne,192,hunter,marksmanship,6,2,4
Córnell,tichondrius,192,hunter,marksmanship,6,2,4
Amptx,tichondrius,192,hunter,marksmanship,6,2,4
Boomheadshot,blood-furnace,192,hunter,marksmanship,6,2,4
Bloodrainia,ravencrest,192,hunter,marksmanship,6,2,4
Benryats,area-52,192,hunter,marksmanship,6,2,4
Kïwwï,tichondrius,192,hunter,marksmanship,6,2,4
Ramchi,burning-blade,192,hunter,marksmanship,6,2,4
Whitemàne,dalaran,192,hunter,marksmanship,6,2,4
Erebor,malganis,192,hunter,marksmanship,6,2,4
Cuchulláin,area-52,192,hunter,marksmanship,6,2,4
Blury,tichondrius,192,hunter,marksmanship,6,2,4
Commonbuck,area-52,192,hunter,marksmanship,6,2,4
Cazaaires,quelthalas,192,hunter,marksmanship,6,2,4
Mayhunter,ragnaros,192,hunter,marksmanship,6,2,4
Yembohi,queldorei,192,hunter,marksmanship,6,2,4
Crownchild,illidan,192,hunter,marksmanship,6,2,4
Fermra,dunemaul,192,hunter,marksmanship,6,2,4
Gadorim,kelthuzad,192,hunter,marksmanship,6,2,4
Drysst,tichondrius,192,hunter,marksmanship,6,2,4
Ðevil,ragnaros,192,hunter,marksmanship,6,2,4
Vitae,shattered-halls,192,hunter,marksmanship,6,2,4
Petmydog,aegwynn,192,hunter,marksmanship,6,2,4
Penelòpe,wyrmrest-accord,192,hunter,marksmanship,6,2,4
Xxunderoath,frostwolf,192,hunter,marksmanship,6,2,4
Wartoz,dragonblight,192,hunter,marksmanship,6,2,4
Sinsix,akama,192,hunter,marksmanship,6,2,4
Nes,azuremyst,192,hunter,marksmanship,6,2,4
Lolknocked,alexstrasza,192,hunter,marksmanship,6,2,4
Anilora,wyrmrest-accord,192,hunter,marksmanship,6,2,4
Cornbreadfed,gorgonnash,192,hunter,marksmanship,6,2,4
Symz,ragnaros,192,hunter,marksmanship,6,2,4
Xpyroshot,area-52,192,hunter,marksmanship,6,2,4
Geeshot,area-52,192,hunter,marksmanship,6,2,4
Inurah,malganis,192,hunter,marksmanship,6,2,4
Stingyshot,thrall,192,hunter,marksmanship,6,2,4
Wockqt,kiljaeden,192,hunter,marksmanship,6,2,4
Rëxx,moon-guard,192,hunter,marksmanship,6,2,4
Kanta,bleeding-hollow,192,hunter,marksmanship,6,2,4
Sobala,azralon,192,hunter,marksmanship,6,2,4
Knator,area-52,192,hunter,marksmanship,6,2,4
Gangstashot,burning-legion,192,hunter,marksmanship,6,2,4
Bendoon,sargeras,192,hunter,marksmanship,6,2,4
Ðecarlis,azralon,192,hunter,marksmanship,6,2,4
Hunchback,emerald-dream,192,hunter,marksmanship,6,2,4
Taurenseason,sargeras,192,hunter,marksmanship,6,2,4
Kreaytion,sargeras,192,hunter,marksmanship,6,2,4
Bionix,sargeras,192,hunter,marksmanship,6,2,4
Diur,ragnaros,192,hunter,marksmanship,9,2,7
Dojaqat,frostmourne,192,hunter,marksmanship,12,2,10
Sharpzy,jubeithos,192,hunter,marksmanship,12,2,10
Zarknoth,cenarius,192,hunter,marksmanship,12,2,10
Àlëxx,aegwynn,192,hunter,marksmanship,12,2,10
Larts,fenris,192,hunter,marksmanship,12,2,10
Stïinck,azralon,192,hunter,marksmanship,12,2,10
Seekem,destromath,192,hunter,marksmanship,12,2,10
Lahyanhou,azjolnerub,192,hunter,marksmanship,12,2,10
Littleagu,proudmoore,192,hunter,marksmanship,12,2,10
Xulag,tichondrius,192,hunter,marksmanship,12,2,10
Shafttrapper,queldorei,192,hunter,marksmanship,12,2,10
Lederniertra,gorefiend,192,hunter,marksmanship,12,2,10
Thunderox,tichondrius,192,hunter,marksmanship,12,2,10
Mayohater,sargeras,192,hunter,marksmanship,12,2,10
Eaglesx,skullcrusher,192,hunter,marksmanship,12,2,10
Findbind,altar-of-storms,192,hunter,marksmanship,12,2,10
Tyrmaakk,emerald-dream,192,hunter,marksmanship,12,2,10
Hunterish,area-52,192,hunter,marksmanship,12,2,10
Warrioress,illidan,192,hunter,marksmanship,12,2,10
Maximos,lightnings-blade,192,hunter,marksmanship,12,2,10
Warpedshots,malganis,192,hunter,marksmanship,12,2,10
Demolitions,kelthuzad,192,hunter,marksmanship,12,2,10
Chinchompas,bleeding-hollow,192,hunter,marksmanship,18,2,16
Chetta,ragnaros,192,hunter,marksmanship,18,2,16
Sylviannas,frostmourne,191,hunter,marksmanship,6,2,4
Erudraugdin,quelthalas,191,hunter,marksmanship,6,2,4
ßonßon,stormrage,160,hunter,marksmanship,10,2,8
Clintbartun,shadowsong,159,hunter,marksmanship,5,2,3
Hunntard,veknilash,159,hunter,marksmanship,5,2,3
Thesloott,azshara,159,hunter,marksmanship,5,2,3
Ryonel,moon-guard,159,hunter,marksmanship,11,2,9
Overgnome,ragnaros,144,hunter,marksmanship,6,3,3
Dusle,azralon,138,hunter,marksmanship,8,3,5
Darthski,drenden,138,hunter,marksmanship,12,4,8
Plsnobanmee,frostmourne,137,hunter,marksmanship,9,5,4
Demongirl,arathor,137,hunter,marksmanship,13,3,10
Almighty,trollbane,134,hunter,marksmanship,16,3,13
Dainsleif,perenolde,128,hunter,marksmanship,4,2,2
Lúthiel,azralon,127,hunter,marksmanship,8,2,6
Razer,anvilmar,96,hunter,marksmanship,3,2,1
Shootr,darkspear,96,hunter,marksmanship,3,2,1
Felkrozzul,kalecgos,96,hunter,marksmanship,3,2,1
Ïmprîsôñ,dalaran,96,hunter,marksmanship,3,2,1
Ashner,illidan,96,hunter,marksmanship,6,1,5
Siimmplicitz,area-52,96,hunter,marksmanship,6,1,5
Arawnz,emerald-dream,96,hunter,marksmanship,6,1,5
Spunky,zuluhed,96,hunter,marksmanship,6,1,5
Vilguz,illidan,96,hunter,marksmanship,6,1,5
Hellcry,khadgar,96,hunter,marksmanship,6,1,5
Puppyghoul,malganis,96,hunter,marksmanship,6,1,5
Cowboytroy,exodar,96,hunter,marksmanship,6,1,5
Boongtokes,illidan,96,hunter,marksmanship,6,1,5
Hyena,kelthuzad,96,hunter,marksmanship,6,1,5
Zaamsa,ragnaros,96,hunter,marksmanship,6,1,5
Jaidev,nemesis,96,hunter,marksmanship,6,1,5
Keelif,arthas,96,hunter,marksmanship,6,1,5
Artilleria,quelthalas,96,hunter,marksmanship,6,1,5
Shablagoosh,zuljin,96,hunter,marksmanship,6,1,5
Biehuixin,tichondrius,96,hunter,marksmanship,6,1,5
Crazyshot,drakkari,96,hunter,marksmanship,6,1,5
Faceshots,tichondrius,96,hunter,marksmanship,6,1,5
Htcrazykofwa,tichondrius,96,hunter,marksmanship,6,1,5
Narukín,tichondrius,96,hunter,marksmanship,6,1,5
Anndaria,tichondrius,96,hunter,marksmanship,6,1,5
Gabitoqt,gallywix,96,hunter,marksmanship,6,1,5
Killshøtß,tichondrius,96,hunter,marksmanship,6,1,5
Zral,dragonmaw,96,hunter,marksmanship,6,1,5
Jumeog,stormscale,96,hunter,marksmanship,6,1,5
Zirstorm,altar-of-storms,96,hunter,marksmanship,6,1,5
Zipzyup,tichondrius,96,hunter,marksmanship,6,1,5
Ruhak,windrunner,96,hunter,marksmanship,6,1,5
Terezhunt,tichondrius,96,hunter,marksmanship,6,1,5
Smackadoodlé,illidan,96,hunter,marksmanship,6,1,5
Ikiteforgold,zuljin,96,hunter,marksmanship,6,1,5
Hovahdo,proudmoore,96,hunter,marksmanship,6,1,5
Elknut,sargeras,96,hunter,marksmanship,6,1,5
Gunwalk,azjolnerub,96,hunter,marksmanship,6,1,5
Solderboi,tichondrius,96,hunter,marksmanship,6,1,5
Arin,suramar,96,hunter,marksmanship,6,1,5
Maquire,tichondrius,96,hunter,marksmanship,6,1,5
Zünma,tichondrius,96,hunter,marksmanship,6,1,5
Desarus,archimonde,96,hunter,marksmanship,6,1,5
Coppersnout,wyrmrest-accord,96,hunter,marksmanship,6,1,5
Longshott,azralon,96,hunter,marksmanship,6,1,5
Blaptz,wyrmrest-accord,96,hunter,marksmanship,6,1,5
Shootermgavn,frostmourne,96,hunter,marksmanship,6,1,5
Kiatus,nesingwary,96,hunter,marksmanship,6,1,5
Samanta,blood-furnace,96,hunter,marksmanship,6,1,5
Insönnia,azralon,96,hunter,marksmanship,6,1,5
Rockehm,frostmourne,96,hunter,marksmanship,6,1,5
Exitwoundz,hyjal,96,hunter,marksmanship,6,1,5
Necroshotz,kul-tiras,96,hunter,marksmanship,6,1,5
Deadlyattack,barthilas,96,hunter,marksmanship,6,1,5
Xalmoinmybow,illidan,96,hunter,marksmanship,12,1,11
Bophadeaz,sargeras,96,hunter,marksmanship,12,1,11
Tarapandas,kilrogg,96,hunter,marksmanship,12,1,11
Jacobsladder,illidan,96,hunter,marksmanship,12,1,11
Cerébro,illidan,96,hunter,marksmanship,12,1,11
Hawneyduo,skullcrusher,96,hunter,marksmanship,12,1,11
Strixis,blood-furnace,95,hunter,marksmanship,6,1,5
Setbackhunt,illidan,79,hunter,marksmanship,5,1,4
Belieli,ragnaros,79,hunter,marksmanship,8,1,7
Raymose,tichondrius,64,hunter,marksmanship,4,1,3
Volga,haomarush,64,hunter,marksmanship,4,1,3
Nyloc,dalvengyr,64,hunter,marksmanship,4,1,3
Huntsmate,tichondrius,64,hunter,marksmanship,4,1,3
Maveraxx,executus,48,hunter,marksmanship,3,1,2
Dsizzle,tichondrius,42,hunter,marksmanship,14,2,12
Downworlder,darkspear,31,hunter,marksmanship,2,1,1
Dapoosyx,tichondrius,31,hunter,marksmanship,2,1,1
Tracershot,malganis,31,hunter,marksmanship,2,1,1
Rnger,aerie-peak,31,hunter,marksmanship,2,1,1
Suntail,dalaran,2208,hunter,survival,111,58,53
Cëb,stormrage,2168,hunter,survival,126,64,62
Disciple,darkspear,2152,hunter,survival,74,43,31
Hotmuscleman,tichondrius,2127,hunter,survival,74,45,29
Cadencex,stormrage,2123,hunter,survival,117,60,57
Capncams,emerald-dream,2120,hunter,survival,130,68,62
Dijhoni,moon-guard,2105,hunter,survival,90,53,37
Djtraphouse,stormrage,2100,hunter,survival,120,64,56
Malukaca,azralon,2100,hunter,survival,125,62,63
Kansolly,tichondrius,2040,hunter,survival,105,54,51
Noimnotokay,tichondrius,2029,hunter,survival,77,40,37
Pridefulz,stormrage,2026,hunter,survival,157,77,80
Legoelass,emerald-dream,2010,hunter,survival,96,57,39
Hamslapper,shattered-hand,2004,hunter,survival,129,64,65
Hwslol,tichondrius,2001,hunter,survival,113,64,49
Maxiam,frostmourne,1989,hunter,survival,71,37,34
Nearly,wyrmrest-accord,1987,hunter,survival,79,40,39
Koupon,tichondrius,1987,hunter,survival,95,48,47
Veyronnx,stormrage,1982,hunter,survival,96,56,40
Bicmex,sargeras,1970,hunter,survival,42,29,13
Lèkïnhø,azralon,1953,hunter,survival,72,36,36
Otii,tichondrius,1939,hunter,survival,72,34,38
Galavant,frostmourne,1930,hunter,survival,74,40,34
Effyh,emerald-dream,1928,hunter,survival,123,66,57
Runecrossbow,barthilas,1928,hunter,survival,84,43,41
Gloomy,dark-iron,1925,hunter,survival,36,29,7
Aurelx,tichondrius,1920,hunter,survival,42,30,12
Dwx,bleeding-hollow,1911,hunter,survival,66,35,31
Sikhunt,frostmourne,1908,hunter,survival,54,33,21
Leonilc,tichondrius,1907,hunter,survival,78,36,42
Finito,bladefist,1897,hunter,survival,121,62,59
Foxyhood,ragnaros,1893,hunter,survival,96,51,45
Buffmm,kelthuzad,1888,hunter,survival,54,29,25
Carnidon,area-52,1881,hunter,survival,181,94,87
Drasen,deathwing,1874,hunter,survival,54,30,24
Dyucol,tichondrius,1855,hunter,survival,65,40,25
Destrumz,zuljin,1855,hunter,survival,66,31,35
Jalinhabbei,azralon,1846,hunter,survival,47,27,20
Kelarcia,moon-guard,1846,hunter,survival,65,29,36
Gabiña,tichondrius,1843,hunter,survival,141,70,71
Pylorih,area-52,1842,hunter,survival,51,35,16
Sartel,tichondrius,1837,hunter,survival,178,92,86
Ssds,sargeras,1834,hunter,survival,42,26,16
Gvoo,tichondrius,1829,hunter,survival,30,24,6
Queríde,emerald-dream,1822,hunter,survival,54,36,18
Angrybow,ragnaros,1821,hunter,survival,36,25,11
Thoromel,wyrmrest-accord,1820,hunter,survival,66,33,33
Ynoit,sargeras,1818,hunter,survival,40,23,17
Kisuke,khaz-modan,1815,hunter,survival,54,34,20
Trapula,tichondrius,1814,hunter,survival,84,46,38
Kubu,emerald-dream,1810,hunter,survival,63,41,22
Joón,moon-guard,1808,hunter,survival,43,26,17
Raef,azralon,1804,hunter,survival,60,32,28
Wmsgs,tichondrius,1802,hunter,survival,58,29,29
Huntmon,nemesis,1800,hunter,survival,48,31,17
Jîñßæçhïñæ,sargeras,1800,hunter,survival,66,29,37
Jagaerz,emerald-dream,1790,hunter,survival,36,22,14
Fizzleegear,area-52,1785,hunter,survival,136,64,72
Truckrsaurus,tichondrius,1781,hunter,survival,66,33,33
Róckzero,quelthalas,1780,hunter,survival,145,74,71
Percival,firetree,1770,hunter,survival,36,19,17
Bergy,thrall,1766,hunter,survival,36,24,12
Woriath,quelthalas,1761,hunter,survival,96,50,46
Vlf,tichondrius,1753,hunter,survival,60,30,30
Queride,area-52,1753,hunter,survival,48,23,25
Leaku,illidan,1744,hunter,survival,36,25,11
Endsnear,stormrage,1740,hunter,survival,54,26,28
Pathed,azralon,1734,hunter,survival,36,22,14
Hibyexo,illidan,1728,hunter,survival,36,22,14
Peppancini,wyrmrest-accord,1725,hunter,survival,53,34,19
Fictìon,kelthuzad,1712,hunter,survival,35,21,14
Stevemonday,stormrage,1711,hunter,survival,96,53,43
Blåker,bleeding-hollow,1709,hunter,survival,66,35,31
Sylvanne,sargeras,1706,hunter,survival,30,18,12
Názzul,area-52,1705,hunter,survival,30,18,12
Samcro,rivendare,1700,hunter,survival,65,33,32
Concur,frostmourne,1699,hunter,survival,48,23,25
Yip,moon-guard,1698,hunter,survival,39,20,19
Gnarwallz,stormrage,1691,hunter,survival,60,32,28
Noxtis,kiljaeden,1689,hunter,survival,36,18,18
Knewbee,emerald-dream,1688,hunter,survival,41,23,18
Arrów,duskwood,1688,hunter,survival,36,18,18
Budgetben,stormrage,1682,hunter,survival,33,19,14
Shablagoosh,zuljin,1672,hunter,survival,45,23,22
Réxon,quelthalas,1671,hunter,survival,99,48,51
Crypy,illidan,1664,hunter,survival,48,24,24
Fleche,aggramar,1658,hunter,survival,30,20,10
Swordshot,moon-guard,1656,hunter,survival,66,33,33
Bjornwald,thrall,1653,hunter,survival,190,98,92
Ganemdar,sargeras,1653,hunter,survival,57,22,35
Ajacs,zuljin,1647,hunter,survival,35,24,11
Undien,area-52,1647,hunter,survival,60,35,25
Liekis,darkspear,1645,hunter,survival,54,24,30
Ryukotsu,tichondrius,1641,hunter,survival,49,24,25
Bendotexe,stormrage,1638,hunter,survival,36,21,15
Xebbec,sargeras,1633,hunter,survival,69,40,29
Snzzl,bleeding-hollow,1623,hunter,survival,30,17,13
Bigbillx,tichondrius,1623,hunter,survival,30,17,13
Bbaronsamedi,darkspear,1615,hunter,survival,39,22,17
Cuddlestomp,magtheridon,1614,hunter,survival,46,24,22
Chimeralol,area-52,1602,hunter,survival,48,30,18
Mckennagrace,tichondrius,1601,hunter,survival,36,23,13
Imapacifist,barthilas,1600,hunter,survival,69,37,32
Nicochan,senjin,1593,hunter,survival,60,26,34
Killshøtß,tichondrius,1589,hunter,survival,66,32,34
Noxickk,sargeras,1587,hunter,survival,30,19,11
Nimeer,tichondrius,1585,hunter,survival,48,26,22
Nandorius,proudmoore,1582,hunter,survival,36,18,18
Anisphia,tichondrius,1579,hunter,survival,46,20,26
Ratonh,ragnaros,1578,hunter,survival,66,35,31
Dorkins,azralon,1577,hunter,survival,51,25,26
Mxabyycc,tichondrius,1571,hunter,survival,42,22,20
Drifting,bleeding-hollow,1569,hunter,survival,54,31,23
Lenacraft,frostmourne,1568,hunter,survival,30,18,12
Køjo,emerald-dream,1564,hunter,survival,38,23,15
Partz,darkspear,1558,hunter,survival,30,18,12
Exh,tichondrius,1556,hunter,survival,59,29,30
Huntasaurus,saurfang,1554,hunter,survival,30,17,13
Berenal,moon-guard,1554,hunter,survival,144,69,75
Limpingspoon,kelthuzad,1553,hunter,survival,85,48,37
Hunterdemond,ragnaros,1544,hunter,survival,47,27,20
Saiiph,bleeding-hollow,1534,hunter,survival,30,16,14
Garfieldbb,tichondrius,1531,hunter,survival,36,16,20
Shooting,sargeras,1527,hunter,survival,52,28,24
Nishinos,tichondrius,1527,hunter,survival,41,17,24
Snowynightt,proudmoore,1527,hunter,survival,42,17,25
Pfizershot,tichondrius,1526,hunter,survival,42,23,19
Sativ,moknathal,1524,hunter,survival,54,27,27
Legalt,tichondrius,1523,hunter,survival,36,20,16
Alby,deathwing,1521,hunter,survival,54,29,25
Pivott,wyrmrest-accord,1521,hunter,survival,136,71,65
Meowtard,kaelthas,1520,hunter,survival,66,31,35
Hildebald,moon-guard,1514,hunter,survival,42,25,17
Tuohnosaj,sargeras,1512,hunter,survival,60,29,31
Dju,stormrage,1510,hunter,survival,36,16,20
Viòlenc,tichondrius,1505,hunter,survival,30,16,14
Xenonviper,bleeding-hollow,1504,hunter,survival,54,25,29
Xtina,drakkari,1498,hunter,survival,53,28,25
Kukulkan,haomarush,1494,hunter,survival,75,39,36
Trap,vashj,1490,hunter,survival,24,16,8
Uhm,laughing-skull,1490,hunter,survival,52,28,24
Pdg,ragnaros,1480,hunter,survival,30,21,9
Rooman,ragnaros,1477,hunter,survival,48,24,24
Hrywnn,azralon,1475,hunter,survival,153,80,73
Nussyo,tichondrius,1474,hunter,survival,30,17,13
Hawkethorn,moon-guard,1468,hunter,survival,48,23,25
Gadorim,kelthuzad,1465,hunter,survival,115,54,61
Lyler,tichondrius,1461,hunter,survival,28,17,11
Dversive,nagrand,1452,hunter,survival,33,18,15
Shadeckz,stormrage,1451,hunter,survival,56,24,32
Altarare,ragnaros,1449,hunter,survival,167,78,89
Ryonel,moon-guard,1446,hunter,survival,95,48,47
Fkurrules,frostmourne,1446,hunter,survival,57,28,29
Jarhar,nesingwary,1445,hunter,survival,66,30,36
Shtealo,ragnaros,1443,hunter,survival,60,31,29
Titanaxis,tichondrius,1438,hunter,survival,83,37,46
Seanpennis,barthilas,1437,hunter,survival,24,15,9
Kensho,illidan,1432,hunter,survival,36,15,21
Caiodluffy,malganis,1428,hunter,survival,30,15,15
Moartraps,zuljin,1425,hunter,survival,24,15,9
Evilfury,tichondrius,1425,hunter,survival,134,65,69
Kula,haomarush,1424,hunter,survival,46,21,25
Axezul,tichondrius,1422,hunter,survival,30,15,15
Grizzlydeath,stormrage,1421,hunter,survival,48,30,18
Exxonerous,sargeras,1414,hunter,survival,72,37,35
Mayamia,ragnaros,1413,hunter,survival,54,24,30
Ivansotes,quelthalas,1409,hunter,survival,39,18,21
Toross,stormscale,1407,hunter,survival,67,27,40
Weedhoof,barthilas,1406,hunter,survival,54,30,24
Aimbotmir,zuljin,1406,hunter,survival,32,16,16
Dudemanyeah,black-dragonflight,1403,hunter,survival,70,32,38
Volkr,bleeding-hollow,1397,hunter,survival,78,37,41
Killconfirm,sargeras,1397,hunter,survival,53,22,31
Fìebs,queldorei,1396,hunter,survival,47,23,24
Luckboy,tichondrius,1390,hunter,survival,73,38,35
Fallacies,moon-guard,1387,hunter,survival,72,35,37
Arsk,ragnaros,1385,hunter,survival,33,15,18
Equilibrium,tol-barad,1367,hunter,survival,38,17,21
Navagee,tichondrius,1364,hunter,survival,47,25,22
Thalrae,quelthalas,1363,hunter,survival,30,16,14
Audiofly,tichondrius,1357,hunter,survival,36,20,16
Darkèlfo,azralon,1356,hunter,survival,42,23,19
Arazian,stormrage,1344,hunter,survival,23,15,8
Lamerpvp,tichondrius,1343,hunter,survival,18,14,4
Ikiteforfood,zuljin,1343,hunter,survival,24,14,10
Covlol,illidan,1343,hunter,survival,30,14,16
Tumerok,barthilas,1342,hunter,survival,24,14,10
Cocobread,stormreaver,1342,hunter,survival,78,32,46
Soyos,sargeras,1342,hunter,survival,41,16,25
Sobit,tichondrius,1339,hunter,survival,24,14,10
Apokryph,stormrage,1338,hunter,survival,42,30,12
Wetpeach,frostmourne,1337,hunter,survival,36,18,18
Sniffler,barthilas,1337,hunter,survival,36,14,22
Vhelkan,senjin,1335,hunter,survival,18,14,4
Pedropete,barthilas,1331,hunter,survival,36,14,22
Bigsexi,kiljaeden,1329,hunter,survival,62,27,35
Asarden,jubeithos,1328,hunter,survival,24,14,10
Bigiesmalls,moon-guard,1320,hunter,survival,30,14,16
Taiberianrex,khazgoroth,1317,hunter,survival,48,28,20
Gildthorn,frostmourne,1314,hunter,survival,24,14,10
Rirand,dalaran,1314,hunter,survival,41,18,23
Dirtysoap,tichondrius,1310,hunter,survival,28,14,14
Gichiwalrus,emerald-dream,1303,hunter,survival,36,20,16
Dreebizz,gorefiend,1294,hunter,survival,62,25,37
Félíx,ragnaros,1292,hunter,survival,36,15,21
Chiad,kargath,1283,hunter,survival,30,18,12
Triplethreat,bleeding-hollow,1282,hunter,survival,36,14,22
Duckpow,frostmourne,1280,hunter,survival,42,16,26
Orgpopeyes,illidan,1275,hunter,survival,37,15,22
Zorht,ragnaros,1270,hunter,survival,76,38,38
Gxswow,tichondrius,1268,hunter,survival,66,30,36
Ghuntcassh,quelthalas,1262,hunter,survival,30,18,12
Chopsley,feathermoon,1261,hunter,survival,41,20,21
Eliandriss,quelthalas,1251,hunter,survival,35,14,21
Briggsx,sargeras,1248,hunter,survival,24,13,11
Fancyox,frostmourne,1247,hunter,survival,18,13,5
Budika,ragnaros,1247,hunter,survival,18,13,5
Hawkem,illidan,1246,hunter,survival,24,13,11
Mlemily,stormrage,1245,hunter,survival,18,13,5
Kurnos,hyjal,1236,hunter,survival,18,13,5
Laralodge,stormrage,1235,hunter,survival,60,26,34
Rogaldornn,thrall,1231,hunter,survival,29,15,14
Rojpube,frostmourne,1215,hunter,survival,29,13,16
Arkeryn,azralon,1203,hunter,survival,18,13,5
Bangerzx,stormrage,1185,hunter,survival,24,13,11
Rairin,tichondrius,1185,hunter,survival,37,16,21
Nigthunt,quelthalas,1176,hunter,survival,27,13,14
Gruì,malganis,1168,hunter,survival,26,13,13
Gigabigly,wyrmrest-accord,1152,hunter,survival,18,12,6
Xyzv,tichondrius,1152,hunter,survival,24,12,12
Henhøuse,illidan,1151,hunter,survival,30,12,18
Åpe,illidan,1150,hunter,survival,18,12,6
Crimsoncoast,tichondrius,1149,hunter,survival,18,12,6
Bolognã,tichondrius,1149,hunter,survival,24,12,12
Giraffetrap,zuljin,1147,hunter,survival,18,12,6
Tharoks,tichondrius,1147,hunter,survival,18,12,6
Freebeë,area-52,1147,hunter,survival,24,12,12
Kyujin,ragnaros,1147,hunter,survival,24,12,12
Vinnieone,kiljaeden,1144,hunter,survival,18,12,6
Ronnïn,proudmoore,1144,hunter,survival,24,12,12
Henesis,sargeras,1139,hunter,survival,24,12,12
Arcos,emerald-dream,1138,hunter,survival,18,12,6
Xitara,stormrage,1137,hunter,survival,24,12,12
Huntardadoo,nemesis,1135,hunter,survival,23,12,11
Eastera,tichondrius,1119,hunter,survival,68,30,38
Poston,ragnaros,1116,hunter,survival,29,12,17
Allahakbar,ragnaros,1110,hunter,survival,24,12,12
Nanotorque,moon-guard,1104,hunter,survival,55,23,32
Wartoz,dragonblight,1056,hunter,survival,35,23,12
Scythedom,tichondrius,1056,hunter,survival,18,11,7
Tøkÿöghøül,agamaggan,1056,hunter,survival,18,11,7
Saltstream,tichondrius,1056,hunter,survival,24,11,13
Shootin,frostmourne,1055,hunter,survival,18,11,7
Viólenc,tichondrius,1055,hunter,survival,18,11,7
Plsbepatient,wyrmrest-accord,1054,hunter,survival,18,11,7
Kenjipoo,tichondrius,1054,hunter,survival,18,11,7
Skàdii,tichondrius,1054,hunter,survival,24,11,13
Expskippy,darkspear,1053,hunter,survival,18,12,6
Jaw,hakkar,1053,hunter,survival,18,11,7
Reignwolf,nemesis,1053,hunter,survival,18,11,7
Schurk,illidan,1051,hunter,survival,24,11,13
Helïos,drakkari,1051,hunter,survival,24,11,13
Panm,runetotem,1034,hunter,survival,27,12,15
Vansatih,azralon,1020,hunter,survival,30,17,13
Gairkill,area-52,1013,hunter,survival,60,33,27
Aniraza,ragnaros,999,hunter,survival,21,11,10
Lucarcher,stormrage,988,hunter,survival,17,11,6
Thrandrial,smolderthorn,985,hunter,survival,20,11,9
Hellrayserr,azralon,970,hunter,survival,24,11,13
Vanthel,ragnaros,966,hunter,survival,27,12,15
Ickstab,illidan,960,hunter,survival,12,10,2
Boogiemas,akama,960,hunter,survival,12,10,2
Dirtysoap,sargeras,960,hunter,survival,24,10,14
Corpo,area-52,960,hunter,survival,24,10,14
Zipzyo,tichondrius,960,hunter,survival,24,10,14
Exhausted,blackrock,960,hunter,survival,36,10,26
Kêdokî,sargeras,959,hunter,survival,12,10,2
Ifoxs,bleeding-hollow,959,hunter,survival,18,10,8
Plainrain,tichondrius,959,hunter,survival,18,10,8
Svhunt,frostmourne,959,hunter,survival,20,10,10
Pathofsexile,tichondrius,959,hunter,survival,24,10,14
Downer,antonidas,958,hunter,survival,24,10,14
Daréz,blackrock,956,hunter,survival,16,11,5
Ariädne,sargeras,956,hunter,survival,30,10,20
Viró,sargeras,955,hunter,survival,18,10,8
Syvarris,medivh,943,hunter,survival,17,10,7
Demtings,dark-iron,925,hunter,survival,32,11,21
Lavo,borean-tundra,923,hunter,survival,25,10,15
Survïvalïst,bleeding-hollow,911,hunter,survival,17,10,7
Liñcoln,sargeras,895,hunter,survival,16,10,6
Khaoskills,thunderlord,884,hunter,survival,24,11,13
Tigglyjits,tichondrius,864,hunter,survival,12,9,3
Weedzy,tichondrius,864,hunter,survival,12,9,3
Puffcopeak,illidan,864,hunter,survival,12,9,3
Krømatik,tichondrius,864,hunter,survival,12,9,3
Ferex,tichondrius,864,hunter,survival,18,9,9
Drunknachos,bleeding-hollow,864,hunter,survival,18,9,9
Desari,thunderhorn,864,hunter,survival,18,9,9
Scottmeyers,proudmoore,864,hunter,survival,24,9,15
Rhyzen,drenden,863,hunter,survival,12,9,3
Randël,nemesis,863,hunter,survival,12,9,3
Wingclippin,stormrage,863,hunter,survival,15,10,5
Sarvaxagar,tichondrius,863,hunter,survival,18,9,9
Dooper,malfurion,863,hunter,survival,18,9,9
Kimbaa,tichondrius,863,hunter,survival,18,9,9
Vulkru,azralon,862,hunter,survival,18,9,9
Civvo,dalaran,862,hunter,survival,21,10,11
Dephobius,azralon,861,hunter,survival,24,9,15
Zotahunterx,ragnaros,859,hunter,survival,24,9,15
Obsididan,aerie-peak,855,hunter,survival,24,9,15
Prettysure,nesingwary,851,hunter,survival,25,12,13
Shukucingjr,illidan,842,hunter,survival,18,9,9
Trapgodxo,moon-guard,816,hunter,survival,15,10,5
Iizerd,illidan,768,hunter,survival,12,8,4
Scytsbow,illidan,768,hunter,survival,12,8,4
Toozz,frostmourne,768,hunter,survival,12,8,4
Tyjes,stormrage,768,hunter,survival,12,8,4
Pokìmane,tichondrius,768,hunter,survival,12,8,4
Hazzeth,thrall,768,hunter,survival,12,8,4
Landscape,kiljaeden,768,hunter,survival,12,8,4
Fineye,illidan,768,hunter,survival,14,8,6
Covlolzz,illidan,768,hunter,survival,18,8,10
Diddycombe,stormrage,768,hunter,survival,18,8,10
Kimssis,tichondrius,768,hunter,survival,18,8,10
Krouno,ragnaros,768,hunter,survival,18,8,10
Buttercocoa,kelthuzad,768,hunter,survival,18,8,10
Ripsurvival,area-52,767,hunter,survival,12,8,4
Bicflop,azralon,767,hunter,survival,12,8,4
Packlead,sargeras,767,hunter,survival,12,8,4
Chokemescara,stormrage,767,hunter,survival,30,8,22
Greyh,madoran,766,hunter,survival,12,8,4
Lashga,wyrmrest-accord,766,hunter,survival,30,8,22
Lohse,emerald-dream,765,hunter,survival,18,8,10
Chicall,kalecgos,765,hunter,survival,18,8,10
Sterge,maiev,764,hunter,survival,18,8,10
Haumer,wyrmrest-accord,763,hunter,survival,12,8,4
Iraxium,illidan,735,hunter,survival,14,9,5
Dirtypolee,bleeding-hollow,719,hunter,survival,17,8,9
Thrakgor,wyrmrest-accord,713,hunter,survival,23,10,13
Notnunca,tichondrius,688,hunter,survival,19,8,11
Shinhyez,tichondrius,672,hunter,survival,12,7,5
Mattyhuntz,tichondrius,672,hunter,survival,12,7,5
Rickybobby,warsong,672,hunter,survival,12,7,5
Magvez,tichondrius,672,hunter,survival,12,7,5
Ozzsimp,stormrage,672,hunter,survival,12,7,5
Twodoobies,ghostlands,672,hunter,survival,12,7,5
Oronir,frostmourne,672,hunter,survival,12,7,5
Arcobaleno,tichondrius,672,hunter,survival,12,7,5
Lovevv,frostmourne,672,hunter,survival,12,7,5
Fannypacks,dragonmaw,672,hunter,survival,12,7,5
Arraza,ragnaros,672,hunter,survival,12,7,5
Pfheign,area-52,672,hunter,survival,12,7,5
Bombbot,zuljin,672,hunter,survival,18,7,11
Snoopinator,malganis,672,hunter,survival,18,7,11
Venoc,bleeding-hollow,672,hunter,survival,18,7,11
Trumpmerica,illidan,672,hunter,survival,18,7,11
Porrainga,auchindoun,672,hunter,survival,18,7,11
Mmchode,zuljin,672,hunter,survival,18,7,11
Acres,emerald-dream,672,hunter,survival,24,7,17
Genocell,thunderlord,671,hunter,survival,12,7,5
Gunka,illidan,671,hunter,survival,12,7,5
Kyoü,drakkari,670,hunter,survival,12,7,5
Catboikilla,ravencrest,639,hunter,survival,17,7,10
Rotthem,ragnaros,638,hunter,survival,20,8,12
Trappin,malganis,623,hunter,survival,11,7,4
Arrebol,tichondrius,608,hunter,survival,16,7,9
Odynshowl,stormrage,605,hunter,survival,11,7,4
Virindi,barthilas,576,hunter,survival,6,6,0
Ðevil,ragnaros,576,hunter,survival,6,6,0
Ÿöskë,tichondrius,576,hunter,survival,6,6,0
Ivanjackenov,illidan,576,hunter,survival,10,7,3
Maxlol,stormrage,576,hunter,survival,12,6,6
Turkshot,area-52,576,hunter,survival,12,6,6
Frêäkk,ragnaros,576,hunter,survival,12,6,6
Traponomics,stormrage,576,hunter,survival,12,6,6
Jésús,dalaran,576,hunter,survival,12,6,6
Raiku,aggramar,576,hunter,survival,12,6,6
Moroally,sargeras,576,hunter,survival,12,6,6
Töxic,dalaran,576,hunter,survival,12,6,6
Htniss,tichondrius,576,hunter,survival,12,6,6
Crumpit,moon-guard,576,hunter,survival,12,6,6
Haemøphilus,area-52,576,hunter,survival,12,6,6
Jubulba,frostwolf,576,hunter,survival,12,6,6
Piñg,tichondrius,576,hunter,survival,12,6,6
Rúdrá,area-52,576,hunter,survival,18,6,12
Emart,bloodhoof,576,hunter,survival,18,6,12
Týrak,illidan,575,hunter,survival,12,6,6
Xeiana,proudmoore,575,hunter,survival,12,6,6
Xfo,bleeding-hollow,575,hunter,survival,12,6,6
Animityx,illidan,575,hunter,survival,12,6,6
Rayuwa,azralon,575,hunter,survival,16,7,9
Bushytails,illidan,573,hunter,survival,18,6,12
Blaymorrd,senjin,571,hunter,survival,12,6,6
Zhafiro,drakkari,570,hunter,survival,12,6,6
Opsi,ragnaros,559,hunter,survival,11,6,5
Tyrokk,barthilas,543,hunter,survival,18,6,12
Warhog,wyrmrest-accord,527,hunter,survival,11,6,5
Dräkö,tichondrius,527,hunter,survival,15,7,8
Pxry,drenden,511,hunter,survival,11,6,5
Jäger,zuljin,480,hunter,survival,6,5,1
Vânillaice,stormrage,480,hunter,survival,6,5,1
Kekkww,hyjal,480,hunter,survival,6,5,1
Met,dentarg,480,hunter,survival,6,5,1
Gufanyaun,tichondrius,480,hunter,survival,6,5,1
Tmzsteezy,tichondrius,480,hunter,survival,6,5,1
Selenis,khadgar,480,hunter,survival,6,5,1
Jonah,sargeras,480,hunter,survival,6,5,1
Narukín,tichondrius,480,hunter,survival,6,5,1
Neverturtlex,tichondrius,480,hunter,survival,6,5,1
Mìtáng,moon-guard,480,hunter,survival,12,5,7
Shytshot,dalaran,480,hunter,survival,12,5,7
Downrange,stonemaul,480,hunter,survival,12,5,7
Firskin,frostmourne,480,hunter,survival,12,5,7
Mambothehunt,stormrage,480,hunter,survival,12,5,7
Minxed,sargeras,480,hunter,survival,12,5,7
Shootnoscore,vashj,480,hunter,survival,15,6,9
Snipin,ragnaros,480,hunter,survival,18,5,13
Belvhar,skullcrusher,479,hunter,survival,12,5,7
Sealteamrick,frostmourne,479,hunter,survival,12,5,7
Querosushi,ragnaros,479,hunter,survival,12,5,7
Mypeach,frostmourne,479,hunter,survival,18,5,13
Lesseneth,aegwynn,479,hunter,survival,18,5,13
Thoriden,amanthul,479,hunter,survival,24,5,19
Darkarrow,hyjal,400,hunter,survival,7,5,2
Jawbreakër,tichondrius,400,hunter,survival,13,5,8
Æßç,ragnaros,384,hunter,survival,6,4,2
Mokuraak,emerald-dream,384,hunter,survival,6,4,2
Petstun,moon-guard,384,hunter,survival,6,4,2
Bendoon,sargeras,384,hunter,survival,6,4,2
Sarqis,lightbringer,384,hunter,survival,6,4,2
Bigpets,azralon,384,hunter,survival,6,4,2
Ziaxel,bleeding-hollow,384,hunter,survival,6,4,2
Draban,stormrage,384,hunter,survival,6,4,2
Trapdaddyx,thrall,384,hunter,survival,6,4,2
Terapista,area-52,384,hunter,survival,6,4,2
Huntardxo,moon-guard,384,hunter,survival,6,4,2
Broskina,stormrage,384,hunter,survival,6,4,2
Ehhee,twisting-nether,384,hunter,survival,6,4,2
Rankonee,area-52,384,hunter,survival,6,4,2
Chasseür,quelthalas,384,hunter,survival,6,4,2
Alfaan,moon-guard,384,hunter,survival,6,4,2
Ðfac,moon-guard,384,hunter,survival,6,4,2
Equalizér,sargeras,384,hunter,survival,6,4,2
Ikitefordmt,zuljin,384,hunter,survival,6,4,2
Swagprince,skullcrusher,384,hunter,survival,6,4,2
Thefanbus,tichondrius,384,hunter,survival,6,4,2
Nastoid,area-52,384,hunter,survival,6,4,2
Sensator,barthilas,384,hunter,survival,6,4,2
Boomseed,nagrand,384,hunter,survival,6,4,2
Ruskö,tichondrius,384,hunter,survival,7,4,3
Hyena,kelthuzad,384,hunter,survival,9,5,4
Oatmeallover,stormrage,384,hunter,survival,12,4,8
Éygon,sargeras,384,hunter,survival,12,4,8
Camfeed,illidan,384,hunter,survival,12,4,8
Zänich,tichondrius,384,hunter,survival,12,4,8
Ariran,illidan,384,hunter,survival,12,4,8
Gunicks,illidan,384,hunter,survival,12,4,8
Stupidgodx,tichondrius,384,hunter,survival,12,4,8
Eforas,ragnaros,384,hunter,survival,12,4,8
Fâpple,stormrage,384,hunter,survival,12,4,8
Lahinch,darkspear,384,hunter,survival,12,4,8
Braindeadorc,illidan,384,hunter,survival,12,4,8
Wkx,tichondrius,384,hunter,survival,12,4,8
Violénc,tichondrius,384,hunter,survival,12,4,8
Aaggros,sargeras,384,hunter,survival,12,4,8
Keenz,frostmourne,384,hunter,survival,12,4,8
Wolfsok,norgannon,384,hunter,survival,12,4,8
Skriill,tichondrius,384,hunter,survival,12,4,8
Cakeislife,kelthuzad,384,hunter,survival,18,4,14
Tydee,nagrand,383,hunter,survival,18,4,14
Embaçado,bleeding-hollow,288,hunter,survival,6,3,3
Whitemàne,dalaran,288,hunter,survival,6,3,3
Inheart,khazgoroth,288,hunter,survival,6,3,3
Wooftoof,frostmourne,288,hunter,survival,6,3,3
Ünitedi,nemesis,288,hunter,survival,6,3,3
Pistolon,quelthalas,288,hunter,survival,6,3,3
Makeastinky,malfurion,288,hunter,survival,6,3,3
Yoonsukyeol,tichondrius,288,hunter,survival,6,3,3
Trapmasterx,tichondrius,288,hunter,survival,6,3,3
Dirtymongrel,barthilas,288,hunter,survival,6,3,3
Onécare,bleeding-hollow,288,hunter,survival,6,3,3
Petkd,frostmourne,288,hunter,survival,6,3,3
Anêmos,ragnaros,288,hunter,survival,6,3,3
Hazzersk,ragnaros,288,hunter,survival,6,3,3
Trenbolone,frostmourne,288,hunter,survival,6,3,3
Yøske,tichondrius,288,hunter,survival,6,3,3
Mistrj,frostmourne,288,hunter,survival,6,3,3
Furipoon,stormrage,288,hunter,survival,6,3,3
Slowhunterr,tichondrius,288,hunter,survival,6,3,3
Fälke,stormrage,288,hunter,survival,6,3,3
Gorgrokk,area-52,288,hunter,survival,6,3,3
Calidian,moon-guard,288,hunter,survival,6,3,3
Kukulkán,muradin,288,hunter,survival,6,3,3
Pridefulzjr,stormrage,288,hunter,survival,6,3,3
Meowimadog,spinebreaker,288,hunter,survival,6,3,3
Gaahl,aggramar,288,hunter,survival,6,3,3
Turquesaa,wyrmrest-accord,288,hunter,survival,6,3,3
Cantantie,tichondrius,288,hunter,survival,6,3,3
Twom,area-52,288,hunter,survival,6,3,3
Zà,sargeras,288,hunter,survival,6,3,3
Moistbooger,emerald-dream,288,hunter,survival,6,3,3
Soul,sargeras,288,hunter,survival,6,3,3
Hediilyan,azralon,288,hunter,survival,6,3,3
Thesniperx,sargeras,288,hunter,survival,6,3,3
Soulwarden,haomarush,288,hunter,survival,6,3,3
Loogan,sargeras,288,hunter,survival,6,3,3
Calvarîam,korgath,288,hunter,survival,12,3,9
Cndavyjones,akama,288,hunter,survival,12,3,9
Iol,blades-edge,288,hunter,survival,12,3,9
Aiyanafox,moon-guard,288,hunter,survival,12,3,9
Daxar,ragnaros,288,hunter,survival,12,3,9
Kharñe,tichondrius,288,hunter,survival,12,3,9
Lixniqua,tichondrius,288,hunter,survival,12,3,9
Gutshott,tichondrius,288,hunter,survival,12,3,9
Drunkbunny,tichondrius,271,hunter,survival,11,3,8
Mokaonly,wildhammer,256,hunter,survival,8,4,4
Yogurtti,zuljin,239,hunter,survival,5,3,2
Hovahdo,proudmoore,239,hunter,survival,5,3,2
Ungrella,malganis,239,hunter,survival,5,3,2
Raeshots,area-52,233,hunter,survival,15,5,10
Moscato,cenarion-circle,232,hunter,survival,14,4,10
Rinehart,dalaran,223,hunter,survival,8,3,5
Casadega,sargeras,192,hunter,survival,4,3,1
Sebastian,blackhand,192,hunter,survival,6,2,4
Gobygobbs,magtheridon,192,hunter,survival,6,2,4
Rimbar,ysera,192,hunter,survival,6,2,4
Shaftgravy,area-52,192,hunter,survival,6,2,4
Zackèse,area-52,192,hunter,survival,6,2,4
Zèd,azralon,192,hunter,survival,6,2,4
Pedropete,frostmourne,192,hunter,survival,6,2,4
Linova,stormrage,192,hunter,survival,6,2,4
Rainzs,stormrage,192,hunter,survival,6,2,4
Splewsh,area-52,192,hunter,survival,6,2,4
Nahzah,stormrage,192,hunter,survival,6,2,4
Achilles,twisting-nether,192,hunter,survival,6,2,4
Trígger,azshara,192,hunter,survival,6,2,4
Gaim,dalaran,192,hunter,survival,6,2,4
Gswag,malganis,192,hunter,survival,6,2,4
Buggyhuntz,stormrage,192,hunter,survival,6,2,4
Comebacks,ragnaros,192,hunter,survival,6,2,4
Dfnhdft,stormrage,192,hunter,survival,6,2,4
Eclipsie,aerie-peak,192,hunter,survival,6,2,4
Mckim,tichondrius,192,hunter,survival,6,2,4
Sunchea,arygos,192,hunter,survival,6,2,4
Vietnrg,doomhammer,192,hunter,survival,6,2,4
Bboo,bonechewer,192,hunter,survival,6,2,4
Araghrn,draktharon,192,hunter,survival,6,2,4
Zellor,wyrmrest-accord,192,hunter,survival,6,2,4
Blackjesu,blackrock,192,hunter,survival,6,2,4
Slipox,sargeras,192,hunter,survival,6,2,4
Côckblocked,tichondrius,192,hunter,survival,6,2,4
Sukr,korgath,192,hunter,survival,6,2,4
Cosmodome,daggerspine,192,hunter,survival,6,2,4
Stylebende,tichondrius,192,hunter,survival,6,2,4
Acidhunt,tichondrius,192,hunter,survival,6,2,4
Egurl,firetree,192,hunter,survival,6,2,4
Loochlin,sargeras,192,hunter,survival,6,2,4
Shakeasaurus,sargeras,192,hunter,survival,6,2,4
Imraghorn,sargeras,192,hunter,survival,6,2,4
Nelandris,tichondrius,192,hunter,survival,6,2,4
Kaldrool,frostmourne,192,hunter,survival,12,2,10
Skrìms,tichondrius,192,hunter,survival,12,2,10
Lawafla,area-52,138,hunter,survival,8,3,5
Xradû,dawnbringer,138,hunter,survival,9,3,6
Bránn,quelthalas,128,hunter,survival,4,2,2
Narakara,stormreaver,128,hunter,survival,5,2,3
Wakkå,mugthol,96,hunter,survival,3,2,1
Whitecake,area-52,96,hunter,survival,3,2,1
Esser,mannoroth,96,hunter,survival,6,1,5
Sobala,azralon,96,hunter,survival,6,1,5
Lammy,bleeding-hollow,96,hunter,survival,6,1,5
Dusle,azralon,96,hunter,survival,6,1,5
Nevertraps,tichondrius,96,hunter,survival,6,1,5
Jîlt,aerie-peak,96,hunter,survival,6,1,5
Bloodarrow,tichondrius,96,hunter,survival,6,1,5
Firesail,kelthuzad,96,hunter,survival,6,1,5
Weegnomie,wyrmrest-accord,96,hunter,survival,6,1,5
Survbot,malganis,96,hunter,survival,6,1,5
Fearlesarrow,suramar,96,hunter,survival,6,1,5
Lance,darrowmere,96,hunter,survival,6,1,5
Legosshi,darrowmere,96,hunter,survival,6,1,5
Morganson,moon-guard,96,hunter,survival,6,1,5
Waylòn,moon-guard,96,hunter,survival,6,1,5
Tejodite,thrall,96,hunter,survival,6,1,5
Taofang,emerald-dream,96,hunter,survival,6,1,5
Feorbxl,proudmoore,96,hunter,survival,6,1,5
Montakka,illidan,79,hunter,survival,5,1,4
Luangg,tichondrius,31,hunter,survival,2,1,1
Therealpafo,tichondrius,31,hunter,survival,8,1,7
Saiiph,bleeding-hollow,2274,hunter,beastmastery,136,76,60
Sphericsnow,shuhalo,2210,hunter,beastmastery,95,51,44
Missedmytrap,agamaggan,2149,hunter,beastmastery,80,46,34
Maiyev,quelthalas,2127,hunter,beastmastery,83,48,35
Eref,sargeras,2085,hunter,beastmastery,66,35,31
Wmsgs,tichondrius,2077,hunter,beastmastery,118,58,60
Fish,darkspear,2070,hunter,beastmastery,90,45,45
Antø,tichondrius,2059,hunter,beastmastery,99,50,49
Hfn,stormrage,2058,hunter,beastmastery,70,37,33
Warpath,ursin,2057,hunter,beastmastery,102,56,46
Manyu,tichondrius,2035,hunter,beastmastery,69,34,35
Axlee,tichondrius,2003,hunter,beastmastery,72,36,36
Cannondale,tichondrius,1993,hunter,beastmastery,36,21,15
Hazzersk,ragnaros,1986,hunter,beastmastery,125,59,66
Beastmunster,frostmourne,1984,hunter,beastmastery,72,34,38
Pokìmane,tichondrius,1980,hunter,beastmastery,74,44,30
Kensho,illidan,1968,hunter,beastmastery,86,45,41
Zujo,emerald-dream,1958,hunter,beastmastery,143,68,75
Arcobaleno,tichondrius,1952,hunter,beastmastery,89,44,45
Orber,stormrage,1946,hunter,beastmastery,188,99,89
Øverdose,ragnaros,1935,hunter,beastmastery,54,28,26
Zugbrained,illidan,1925,hunter,beastmastery,142,78,64
Blackathena,tichondrius,1924,hunter,beastmastery,90,47,43
Arsk,ragnaros,1923,hunter,beastmastery,101,52,49
Wodhunterxdd,sargeras,1915,hunter,beastmastery,70,34,36
Ashenga,cairne,1910,hunter,beastmastery,114,64,50
Nollzey,frostmourne,1903,hunter,beastmastery,39,21,18
Outz,anvilmar,1901,hunter,beastmastery,162,79,83
Pãrzival,tichondrius,1896,hunter,beastmastery,42,20,22
Nyxus,tichondrius,1887,hunter,beastmastery,125,63,62
Lamerpvp,tichondrius,1885,hunter,beastmastery,50,31,19
Headshotzplz,tichondrius,1885,hunter,beastmastery,56,30,26
Edarkness,gurubashi,1885,hunter,beastmastery,71,35,36
Perawantua,frostmourne,1878,hunter,beastmastery,61,35,26
Ñotorious,frostmane,1878,hunter,beastmastery,42,24,18
Genom,tichondrius,1874,hunter,beastmastery,172,85,87
Argryta,azralon,1872,hunter,beastmastery,47,22,25
Graar,tichondrius,1871,hunter,beastmastery,48,25,23
Illweedx,kiljaeden,1870,hunter,beastmastery,71,36,35
Hogx,sargeras,1862,hunter,beastmastery,72,32,40
Bogen,nemesis,1861,hunter,beastmastery,40,25,15
Lkw,tichondrius,1859,hunter,beastmastery,50,23,27
Nelay,ragnaros,1856,hunter,beastmastery,94,53,41
Koridelse,nemesis,1854,hunter,beastmastery,126,62,64
Faniquitinha,stormrage,1854,hunter,beastmastery,54,25,29
Trappxy,sargeras,1851,hunter,beastmastery,48,27,21
Inktray,durotan,1844,hunter,beastmastery,37,22,15
Ðeatheater,tichondrius,1843,hunter,beastmastery,41,21,20
Ucl,tichondrius,1843,hunter,beastmastery,54,27,27
Aqq,moon-guard,1842,hunter,beastmastery,98,58,40
Nutellacrepe,kelthuzad,1842,hunter,beastmastery,134,67,67
Monffbe,tichondrius,1842,hunter,beastmastery,60,28,32
Mørodox,sargeras,1834,hunter,beastmastery,54,24,30
Absinther,emerald-dream,1829,hunter,beastmastery,66,41,25
Negãn,tichondrius,1826,hunter,beastmastery,80,41,39
Sosaho,sargeras,1825,hunter,beastmastery,41,21,20
Phatshiet,anvilmar,1823,hunter,beastmastery,50,31,19
Zefbaby,quelthalas,1822,hunter,beastmastery,66,31,35
Zeddead,magtheridon,1821,hunter,beastmastery,117,58,59
Tyreu,tichondrius,1820,hunter,beastmastery,59,30,29
Torolol,tichondrius,1819,hunter,beastmastery,126,73,53
Grimrokk,malganis,1819,hunter,beastmastery,78,40,38
Scuffedshots,tichondrius,1817,hunter,beastmastery,74,43,31
Flitt,zuljin,1815,hunter,beastmastery,36,19,17
Audeline,tichondrius,1815,hunter,beastmastery,69,33,36
Goonsh,tichondrius,1813,hunter,beastmastery,40,25,15
Asukaw,barthilas,1813,hunter,beastmastery,57,28,29
Tracershot,malganis,1812,hunter,beastmastery,77,48,29
Pathofsexile,tichondrius,1812,hunter,beastmastery,87,41,46
Kybelís,dalaran,1810,hunter,beastmastery,110,61,49
Fockewulf,dragonmaw,1807,hunter,beastmastery,84,39,45
Zumago,tichondrius,1806,hunter,beastmastery,95,42,53
Swang,kiljaeden,1805,hunter,beastmastery,49,24,25
Phayzd,sargeras,1804,hunter,beastmastery,48,28,20
Warcher,azralon,1802,hunter,beastmastery,60,32,28
Veevx,proudmoore,1801,hunter,beastmastery,53,35,18
Jsgun,illidan,1800,hunter,beastmastery,38,25,13
Shafttrapper,queldorei,1800,hunter,beastmastery,119,64,55
Funkyjunk,arthas,1799,hunter,beastmastery,66,32,34
Kwinoah,zuljin,1796,hunter,beastmastery,90,47,43
Vëëv,proudmoore,1783,hunter,beastmastery,65,29,36
Easonl,tichondrius,1783,hunter,beastmastery,72,27,45
Xgoh,sargeras,1782,hunter,beastmastery,42,22,20
Liarael,illidan,1779,hunter,beastmastery,95,46,49
Hunterphil,hyjal,1775,hunter,beastmastery,48,30,18
Kabalaku,moon-guard,1771,hunter,beastmastery,112,62,50
Quietqt,ragnaros,1770,hunter,beastmastery,106,54,52
Kangarookyle,illidan,1768,hunter,beastmastery,66,42,24
Jeffersan,illidan,1767,hunter,beastmastery,143,67,76
Tytonic,bleeding-hollow,1766,hunter,beastmastery,36,22,14
Auwstin,tichondrius,1765,hunter,beastmastery,49,27,22
Songhammer,tichondrius,1755,hunter,beastmastery,71,39,32
Zå,dalaran,1750,hunter,beastmastery,40,22,18
Madbéê,tichondrius,1741,hunter,beastmastery,41,19,22
Mauklindaufe,fenris,1737,hunter,beastmastery,69,38,31
Sobewan,staghelm,1737,hunter,beastmastery,56,25,31
Livelovelaff,tichondrius,1736,hunter,beastmastery,48,26,22
Shablagoosh,zuljin,1733,hunter,beastmastery,31,23,8
Dahmer,greymane,1732,hunter,beastmastery,62,29,33
Melov,frostmourne,1730,hunter,beastmastery,64,30,34
Sniper,area-52,1727,hunter,beastmastery,71,35,36
Drektorath,bleeding-hollow,1725,hunter,beastmastery,54,25,29
Krunkz,frostmourne,1724,hunter,beastmastery,53,33,20
Mugiwara,frostwolf,1723,hunter,beastmastery,30,18,12
Reparcero,quelthalas,1723,hunter,beastmastery,42,20,22
Bootydoo,illidan,1721,hunter,beastmastery,124,64,60
Kytan,shadowmoon,1720,hunter,beastmastery,150,70,80
Twixzorz,boulderfist,1716,hunter,beastmastery,60,28,32
Edelyysa,arthas,1711,hunter,beastmastery,180,89,91
Kushaddict,lightnings-blade,1711,hunter,beastmastery,96,43,53
Lenacraft,frostmourne,1708,hunter,beastmastery,24,18,6
Cuchulláin,area-52,1707,hunter,beastmastery,108,55,53
Facerolled,area-52,1699,hunter,beastmastery,63,40,23
Sindragostra,tichondrius,1697,hunter,beastmastery,72,38,34
Bolanite,illidan,1696,hunter,beastmastery,36,20,16
Koalahunter,area-52,1696,hunter,beastmastery,62,25,37
Kyló,sargeras,1695,hunter,beastmastery,42,21,21
Jfkd,sargeras,1694,hunter,beastmastery,52,21,31
Dju,stormrage,1693,hunter,beastmastery,65,31,34
Hogd,sargeras,1691,hunter,beastmastery,36,20,16
Raymose,tichondrius,1691,hunter,beastmastery,36,18,18
Sissleto,tichondrius,1691,hunter,beastmastery,130,64,66
Turtlegirl,tichondrius,1687,hunter,beastmastery,35,18,17
Biehuixin,tichondrius,1685,hunter,beastmastery,50,27,23
Hollymarie,nazjatar,1684,hunter,beastmastery,30,21,9
Nerfthepet,blackrock,1682,hunter,beastmastery,42,25,17
Lucki,blades-edge,1682,hunter,beastmastery,48,27,21
Silverbite,garona,1678,hunter,beastmastery,92,51,41
Coopshot,darkspear,1675,hunter,beastmastery,69,40,29
Saiiphz,bleeding-hollow,1675,hunter,beastmastery,40,22,18
Comebacks,ragnaros,1675,hunter,beastmastery,42,21,21
Tuân,azgalor,1674,hunter,beastmastery,36,23,13
Alaurys,moon-guard,1674,hunter,beastmastery,35,18,17
Toxarch,aggramar,1672,hunter,beastmastery,60,33,27
Bowrockobama,illidan,1665,hunter,beastmastery,45,25,20
Dreygar,dawnbringer,1664,hunter,beastmastery,72,39,33
Cresselia,drakkari,1664,hunter,beastmastery,48,26,22
Illsugoi,frostwolf,1663,hunter,beastmastery,51,25,26
Hokutoxx,tichondrius,1663,hunter,beastmastery,61,25,36
Sniperælite,korgath,1657,hunter,beastmastery,37,22,15
Dpdóugh,illidan,1655,hunter,beastmastery,100,53,47
Rndx,sargeras,1653,hunter,beastmastery,46,20,26
Skywvlker,illidan,1652,hunter,beastmastery,41,18,23
Ipickmynose,tichondrius,1645,hunter,beastmastery,45,27,18
Mlemily,stormrage,1643,hunter,beastmastery,63,36,27
Mythxplosive,ragnaros,1636,hunter,beastmastery,47,19,28
Drakarth,khazgoroth,1635,hunter,beastmastery,47,22,25
Parnicyon,frostmourne,1634,hunter,beastmastery,115,63,52
Eastwood,tichondrius,1634,hunter,beastmastery,74,32,42
Mambothehunt,stormrage,1633,hunter,beastmastery,41,19,22
Asurvivor,suramar,1630,hunter,beastmastery,90,48,42
Nobito,quelthalas,1629,hunter,beastmastery,79,43,36
Cocoapuffs,cenarius,1627,hunter,beastmastery,36,17,19
Vox,tichondrius,1626,hunter,beastmastery,30,20,10
Realskinhead,terenas,1622,hunter,beastmastery,54,29,25
Trapful,illidan,1620,hunter,beastmastery,36,17,19
Skytrooper,boulderfist,1620,hunter,beastmastery,47,22,25
Apøllö,kilrogg,1620,hunter,beastmastery,167,75,92
Consanguin,sargeras,1618,hunter,beastmastery,36,22,14
Cachín,ragnaros,1618,hunter,beastmastery,36,21,15
Sambucca,daggerspine,1617,hunter,beastmastery,42,21,21
Terpa,nemesis,1616,hunter,beastmastery,161,83,78
Telånnas,illidan,1616,hunter,beastmastery,42,21,21
Killshøtß,tichondrius,1613,hunter,beastmastery,36,20,16
Casperonni,illidan,1611,hunter,beastmastery,48,27,21
Revalay,emerald-dream,1611,hunter,beastmastery,42,23,19
Lenalena,tichondrius,1610,hunter,beastmastery,35,21,14
Cobrakhan,tichondrius,1608,hunter,beastmastery,66,42,24
Bertimus,sargeras,1608,hunter,beastmastery,132,61,71
Skysmile,tichondrius,1607,hunter,beastmastery,30,17,13
Focusfire,khazgoroth,1607,hunter,beastmastery,66,32,34
Lexandr,tichondrius,1606,hunter,beastmastery,78,44,34
Shootnoscore,vashj,1606,hunter,beastmastery,83,46,37
Kahll,azralon,1606,hunter,beastmastery,42,18,24
Legacyhunter,nazgrel,1605,hunter,beastmastery,30,17,13
Ðfac,moon-guard,1604,hunter,beastmastery,60,26,34
Aazua,frostmourne,1601,hunter,beastmastery,45,22,23
Shadowfangs,tichondrius,1599,hunter,beastmastery,36,17,19
Sñïpêr,tichondrius,1595,hunter,beastmastery,36,19,17
Svsnipe,tichondrius,1593,hunter,beastmastery,52,29,23
Trickshotss,illidan,1592,hunter,beastmastery,52,35,17
Spídër,maiev,1591,hunter,beastmastery,38,20,18
Killwill,illidan,1586,hunter,beastmastery,48,25,23
Robinhooz,illidan,1582,hunter,beastmastery,58,30,28
Teneightt,tichondrius,1578,hunter,beastmastery,62,30,32
Wilmaßallfit,malganis,1578,hunter,beastmastery,42,18,24
Razor,destromath,1576,hunter,beastmastery,48,20,28
Fkkroglash,barthilas,1573,hunter,beastmastery,36,23,13
Zennifi,bleeding-hollow,1573,hunter,beastmastery,73,36,37
Hyjax,darkspear,1569,hunter,beastmastery,31,18,13
Kopula,illidan,1569,hunter,beastmastery,55,30,25
Velhokoira,illidan,1563,hunter,beastmastery,42,27,15
Onemoreshot,bleeding-hollow,1562,hunter,beastmastery,54,26,28
Assbow,kiljaeden,1561,hunter,beastmastery,36,18,18
Lasix,burning-blade,1559,hunter,beastmastery,107,52,55
Kript,dragonmaw,1557,hunter,beastmastery,263,126,137
Reay,frostmourne,1551,hunter,beastmastery,36,19,17
Sungoro,tichondrius,1546,hunter,beastmastery,60,30,30
Snewfly,tichondrius,1544,hunter,beastmastery,36,25,11
Limcross,drakkari,1543,hunter,beastmastery,48,26,22
Icecaffemoca,tichondrius,1542,hunter,beastmastery,41,17,24
Ungoliánt,cairne,1541,hunter,beastmastery,54,28,26
Despairius,moon-guard,1540,hunter,beastmastery,42,24,18
Varka,area-52,1539,hunter,beastmastery,36,20,16
Selhort,quelthalas,1539,hunter,beastmastery,66,29,37
Petkd,frostmourne,1538,hunter,beastmastery,42,23,19
Laurenx,illidan,1537,hunter,beastmastery,33,20,13
Mournebow,tichondrius,1535,hunter,beastmastery,171,93,78
Freebeë,area-52,1531,hunter,beastmastery,85,49,36
Pankyrangs,kelthuzad,1531,hunter,beastmastery,42,22,20
Rektarrow,area-52,1530,hunter,beastmastery,35,17,18
Teaks,aggramar,1527,hunter,beastmastery,30,16,14
Robnhunt,tichondrius,1526,hunter,beastmastery,30,16,14
Phindo,agamaggan,1525,hunter,beastmastery,30,17,13
Diavál,area-52,1524,hunter,beastmastery,24,17,7
Uzpak,tichondrius,1524,hunter,beastmastery,59,34,25
Sonichunterr,illidan,1523,hunter,beastmastery,41,25,16
Dlabio,emerald-dream,1518,hunter,beastmastery,84,45,39
Venrod,ragnaros,1517,hunter,beastmastery,42,18,24
Hazzeth,thrall,1516,hunter,beastmastery,30,21,9
Grimbrew,garona,1514,hunter,beastmastery,29,17,12
Gamestopceo,tichondrius,1511,hunter,beastmastery,84,41,43
Cerébro,illidan,1510,hunter,beastmastery,66,24,42
Internade,frostmourne,1509,hunter,beastmastery,54,25,29
Legoflaiz,drakkari,1506,hunter,beastmastery,36,16,20
Emilysamuels,tichondrius,1503,hunter,beastmastery,24,16,8
Stalkstride,destromath,1503,hunter,beastmastery,72,35,37
Outfazed,tichondrius,1502,hunter,beastmastery,58,32,26
Camhaanes,area-52,1502,hunter,beastmastery,68,37,31
Whitecake,area-52,1499,hunter,beastmastery,28,17,11
Wøden,draka,1499,hunter,beastmastery,54,25,29
Irøneye,sargeras,1499,hunter,beastmastery,55,20,35
Reloadz,shattered-hand,1494,hunter,beastmastery,34,18,16
Seatback,arathor,1491,hunter,beastmastery,66,30,36
Scirfreez,ragnaros,1491,hunter,beastmastery,42,18,24
Chizhi,tichondrius,1489,hunter,beastmastery,72,36,36
Wredd,nemesis,1488,hunter,beastmastery,35,20,15
Laras,blades-edge,1484,hunter,beastmastery,36,22,14
Mortalz,barthilas,1483,hunter,beastmastery,113,54,59
Chowyunfatss,proudmoore,1481,hunter,beastmastery,112,53,59
Grànd,tortheldrin,1480,hunter,beastmastery,66,33,33
Bamfhunt,darkspear,1478,hunter,beastmastery,28,17,11
Scourgesurge,kiljaeden,1478,hunter,beastmastery,145,71,74
Garzb,area-52,1476,hunter,beastmastery,42,22,20
Fernn,illidan,1474,hunter,beastmastery,40,16,24
Aguntur,ragnaros,1471,hunter,beastmastery,93,56,37
Virolac,tichondrius,1469,hunter,beastmastery,32,16,16
Sootgarbage,sargeras,1464,hunter,beastmastery,72,42,30
Shadowtensai,stormrage,1463,hunter,beastmastery,48,17,31
Sereom,frostmourne,1462,hunter,beastmastery,89,51,38
Daarrk,thrall,1462,hunter,beastmastery,40,19,21
Danncer,alexstrasza,1459,hunter,beastmastery,66,38,28
Jjack,muradin,1454,hunter,beastmastery,48,25,23
Limpnoodle,nerzhul,1452,hunter,beastmastery,75,36,39
Morganson,moon-guard,1448,hunter,beastmastery,78,36,42
Axis,mugthol,1448,hunter,beastmastery,58,25,33
Araghrn,draktharon,1447,hunter,beastmastery,66,33,33
Cyrsmen,ragnaros,1447,hunter,beastmastery,72,33,39
Andalora,malganis,1444,hunter,beastmastery,31,16,15
Ramchi,burning-blade,1443,hunter,beastmastery,37,19,18
Recha,emerald-dream,1442,hunter,beastmastery,30,17,13
Logjohn,frostmourne,1438,hunter,beastmastery,34,16,18
Taterballs,illidan,1437,hunter,beastmastery,24,15,9
Jyttrg,tichondrius,1437,hunter,beastmastery,53,29,24
Cyboreg,stormrage,1436,hunter,beastmastery,35,21,14
Aristæos,kelthuzad,1436,hunter,beastmastery,77,40,37
Gernon,frostmourne,1434,hunter,beastmastery,27,16,11
Kkoner,illidan,1431,hunter,beastmastery,24,15,9
Fames,shuhalo,1431,hunter,beastmastery,49,22,27
Lilpoots,warsong,1430,hunter,beastmastery,53,26,27
Dôntlosmebro,stormrage,1427,hunter,beastmastery,48,24,24
Munyshotz,tichondrius,1426,hunter,beastmastery,86,50,36
Cigâro,thrall,1426,hunter,beastmastery,65,32,33
Sashagreen,frostmourne,1420,hunter,beastmastery,30,15,15
Shockwave,velen,1420,hunter,beastmastery,131,65,66
Yaisk,tichondrius,1418,hunter,beastmastery,42,22,20
Eldlichi,proudmoore,1416,hunter,beastmastery,48,20,28
Terminatôr,malganis,1415,hunter,beastmastery,36,15,21
Drunkhunter,malygos,1414,hunter,beastmastery,24,15,9
Partz,darkspear,1413,hunter,beastmastery,24,15,9
Spèedbump,stormrage,1413,hunter,beastmastery,41,21,20
Sioul,bleeding-hollow,1403,hunter,beastmastery,30,15,15
Darthski,drenden,1402,hunter,beastmastery,51,24,27
Thezeus,barthilas,1402,hunter,beastmastery,41,15,26
Rcman,tichondrius,1399,hunter,beastmastery,24,17,7
Borudin,stormrage,1397,hunter,beastmastery,131,57,74
Timmee,bleeding-hollow,1392,hunter,beastmastery,36,15,21
Oblivîon,illidan,1383,hunter,beastmastery,35,19,16
Viperstng,area-52,1380,hunter,beastmastery,70,40,30
Yandralen,kiljaeden,1379,hunter,beastmastery,30,15,15
Fruitenveg,frostmourne,1374,hunter,beastmastery,36,18,18
Boward,illidan,1371,hunter,beastmastery,43,24,19
Omegalulzxd,kelthuzad,1370,hunter,beastmastery,36,16,20
Phaction,tichondrius,1369,hunter,beastmastery,60,26,34
Datbigbowdoe,illidan,1366,hunter,beastmastery,24,16,8
Revbubs,darkspear,1360,hunter,beastmastery,54,26,28
Ryukuzen,tichondrius,1359,hunter,beastmastery,35,15,20
Kouandjio,area-52,1357,hunter,beastmastery,30,15,15
Shlandy,frostmourne,1356,hunter,beastmastery,32,18,14
Sliturthroat,barthilas,1354,hunter,beastmastery,44,17,27
Huukend,azjolnerub,1349,hunter,beastmastery,36,20,16
Bro,malorne,1341,hunter,beastmastery,72,34,38
Tergls,illidan,1341,hunter,beastmastery,73,33,40
Airtight,area-52,1340,hunter,beastmastery,41,20,21
Mitulla,wyrmrest-accord,1339,hunter,beastmastery,32,16,16
Oatmeallover,stormrage,1339,hunter,beastmastery,30,14,16
Rëxx,moon-guard,1338,hunter,beastmastery,18,14,4
Pingaamarela,nemesis,1338,hunter,beastmastery,54,28,26
Aiollus,stormreaver,1338,hunter,beastmastery,30,14,16
Kapukapu,illidan,1337,hunter,beastmastery,24,14,10
Lilskill,lightnings-blade,1337,hunter,beastmastery,24,14,10
Kniightjayyx,kelthuzad,1337,hunter,beastmastery,30,14,16
Cw,gorefiend,1336,hunter,beastmastery,24,14,10
Crownchild,illidan,1336,hunter,beastmastery,24,14,10
Skulgor,zuljin,1336,hunter,beastmastery,66,34,32
Psychiatry,bonechewer,1336,hunter,beastmastery,70,35,35
Jangle,mannoroth,1333,hunter,beastmastery,30,16,14
Bluebow,tichondrius,1331,hunter,beastmastery,60,29,31
Keknine,gnomeregan,1331,hunter,beastmastery,48,19,29
Daken,ysera,1330,hunter,beastmastery,24,14,10
Luprikus,maelstrom,1328,hunter,beastmastery,29,14,15
Frostyarrow,moon-guard,1325,hunter,beastmastery,55,28,27
Gumbro,malganis,1324,hunter,beastmastery,24,14,10
Peterming,tichondrius,1323,hunter,beastmastery,102,45,57
Lastanar,amanthul,1322,hunter,beastmastery,60,32,28
Vruul,sargeras,1321,hunter,beastmastery,52,23,29
Jesticles,zuljin,1320,hunter,beastmastery,60,30,30
Ñðñdêsçrípt,frostmourne,1317,hunter,beastmastery,33,15,18
Oceandoom,tichondrius,1313,hunter,beastmastery,30,16,14
Lashga,wyrmrest-accord,1312,hunter,beastmastery,30,14,16
Mhter,tichondrius,1310,hunter,beastmastery,23,14,9
Narus,whisperwind,1310,hunter,beastmastery,48,26,22
Hoboh,illidan,1310,hunter,beastmastery,66,32,34
Lizymcguire,malganis,1308,hunter,beastmastery,42,23,19
Alitharia,nerzhul,1307,hunter,beastmastery,75,28,47
Maquire,tichondrius,1303,hunter,beastmastery,30,16,14
Javoz,drakkari,1302,hunter,beastmastery,36,14,22
Bacatran,darkspear,1301,hunter,beastmastery,58,32,26
Wulfgeng,azgalor,1301,hunter,beastmastery,68,33,35
Sunchea,arygos,1300,hunter,beastmastery,30,14,16
Tentoontrey,emerald-dream,1299,hunter,beastmastery,30,14,16
Rengarok,emerald-dream,1295,hunter,beastmastery,30,14,16
Fallenfates,stormrage,1295,hunter,beastmastery,54,25,29
Jacobsladder,illidan,1293,hunter,beastmastery,113,51,62
Hairyhype,malganis,1291,hunter,beastmastery,30,16,14
Voodoohunter,blood-furnace,1286,hunter,beastmastery,30,15,15
Vaettai,barthilas,1286,hunter,beastmastery,72,32,40
Showmakerc,proudmoore,1284,hunter,beastmastery,35,15,20
Glediator,tichondrius,1283,hunter,beastmastery,33,16,17
Vesity,tichondrius,1277,hunter,beastmastery,44,21,23
Kârân,tichondrius,1274,hunter,beastmastery,34,15,19
Iar,tichondrius,1270,hunter,beastmastery,30,18,12
Femonemos,nemesis,1266,hunter,beastmastery,24,14,10
Caetomon,kiljaeden,1263,hunter,beastmastery,22,14,8
Trapz,hellscream,1259,hunter,beastmastery,54,26,28
Acres,emerald-dream,1247,hunter,beastmastery,21,14,7
Alexxspewpew,ragnaros,1247,hunter,beastmastery,23,13,10
Kenshaunter,azralon,1247,hunter,beastmastery,24,13,11
Frankabingle,area-52,1247,hunter,beastmastery,30,13,17
Slowhunterr,tichondrius,1247,hunter,beastmastery,36,13,23
Sarutobi,black-dragonflight,1247,hunter,beastmastery,36,13,23
Junglefever,skywall,1246,hunter,beastmastery,22,14,8
Gabulmenina,nemesis,1245,hunter,beastmastery,24,13,11
Reeload,tichondrius,1244,hunter,beastmastery,24,13,11
Shotmieye,thunderhorn,1244,hunter,beastmastery,60,30,30
Jillypoo,azralon,1243,hunter,beastmastery,18,13,5
Craftarrow,tichondrius,1243,hunter,beastmastery,41,21,20
Hurak,elune,1243,hunter,beastmastery,30,13,17
Wadadly,malganis,1239,hunter,beastmastery,138,66,72
Ioioi,tichondrius,1238,hunter,beastmastery,34,16,18
Breezekeeper,area-52,1236,hunter,beastmastery,24,13,11
Timogen,illidan,1236,hunter,beastmastery,36,16,20
Trailbreaker,trollbane,1235,hunter,beastmastery,48,30,18
Nogaro,nemesis,1235,hunter,beastmastery,36,17,19
Xtop,draktharon,1231,hunter,beastmastery,23,15,8
Urzoth,tichondrius,1228,hunter,beastmastery,24,13,11
Luoca,shuhalo,1227,hunter,beastmastery,24,13,11
Angdre,tichondrius,1227,hunter,beastmastery,30,13,17
Shneedle,illidan,1226,hunter,beastmastery,30,14,16
Hughneutron,kirin-tor,1224,hunter,beastmastery,147,76,71
Bromance,kaelthas,1221,hunter,beastmastery,36,18,18
Grands,tortheldrin,1219,hunter,beastmastery,29,14,15
Havymetal,andorhal,1219,hunter,beastmastery,48,20,28
Honeygold,tichondrius,1217,hunter,beastmastery,45,16,29
Belime,korgath,1214,hunter,beastmastery,78,42,36
Bepee,auchindoun,1214,hunter,beastmastery,36,19,17
Alaranel,kiljaeden,1208,hunter,beastmastery,36,15,21
Fusionrpg,quelthalas,1207,hunter,beastmastery,24,13,11
Artilleria,quelthalas,1207,hunter,beastmastery,42,18,24
Desydn,draenor,1206,hunter,beastmastery,143,72,71
Ydaine,alexstrasza,1206,hunter,beastmastery,75,33,42
Ascer,gurubashi,1204,hunter,beastmastery,59,27,32
Gejagt,sargeras,1201,hunter,beastmastery,25,14,11
Rypunzul,proudmoore,1196,hunter,beastmastery,24,13,11
Zzsocrateszz,dragonmaw,1189,hunter,beastmastery,80,37,43
Genx,frostmane,1182,hunter,beastmastery,35,15,20
Thetrickyone,area-52,1180,hunter,beastmastery,52,20,32
Kaizong,hyjal,1178,hunter,beastmastery,23,13,10
Brokenstars,illidan,1169,hunter,beastmastery,91,44,47
Frenzyfire,whisperwind,1162,hunter,beastmastery,39,16,23
Iffy,dentarg,1161,hunter,beastmastery,24,14,10
Arucedd,frostmourne,1156,hunter,beastmastery,53,22,31
Chrønic,khadgar,1155,hunter,beastmastery,24,13,11
Lustblitz,illidan,1152,hunter,beastmastery,18,12,6
Wodhunterxdd,tichondrius,1151,hunter,beastmastery,18,12,6
Mckim,tichondrius,1151,hunter,beastmastery,18,12,6
Yucca,drenden,1151,hunter,beastmastery,24,12,12
Tus,tichondrius,1151,hunter,beastmastery,30,12,18
Iyne,stormrage,1150,hunter,beastmastery,30,12,18
Kroozeh,illidan,1149,hunter,beastmastery,24,12,12
Squishasf,tichondrius,1148,hunter,beastmastery,18,12,6
Montakka,illidan,1147,hunter,beastmastery,24,12,12
Szone,tichondrius,1147,hunter,beastmastery,35,14,21
Yembohi,queldorei,1145,hunter,beastmastery,18,12,6
Doug,illidan,1145,hunter,beastmastery,24,12,12
Drig,korgath,1144,hunter,beastmastery,24,12,12
Häm,dalaran,1143,hunter,beastmastery,24,12,12
Chrise,darkspear,1142,hunter,beastmastery,12,12,0
Dyz,ragnaros,1137,hunter,beastmastery,28,13,15
Fleetfox,tichondrius,1131,hunter,beastmastery,30,12,18
Blimpbooty,stormrage,1130,hunter,beastmastery,41,20,21
Riivali,quelthalas,1128,hunter,beastmastery,30,13,17
Huñté,stormrage,1127,hunter,beastmastery,24,12,12
Kälec,quelthalas,1127,hunter,beastmastery,66,32,34
Faldran,earthen-ring,1123,hunter,beastmastery,70,30,40
Qpoc,tichondrius,1120,hunter,beastmastery,44,20,24
Liillilliil,tichondrius,1117,hunter,beastmastery,22,12,10
Montano,area-52,1114,hunter,beastmastery,20,13,7
Argent,altar-of-storms,1113,hunter,beastmastery,24,12,12
Eithelleta,frostmourne,1109,hunter,beastmastery,36,13,23
Merkidy,illidan,1099,hunter,beastmastery,17,12,5
Ukamau,ragnaros,1097,hunter,beastmastery,24,14,10
Topshunter,sargeras,1095,hunter,beastmastery,58,31,27
Funwell,dalaran,1090,hunter,beastmastery,29,14,15
Taedulos,azralon,1090,hunter,beastmastery,30,14,16
Tmac,winterhoof,1087,hunter,beastmastery,35,15,20
Zalyssavara,aerie-peak,1085,hunter,beastmastery,27,12,15
Fixnoone,moon-guard,1083,hunter,beastmastery,26,13,13
Håwkeye,hyjal,1081,hunter,beastmastery,69,36,33
Buyaga,stormreaver,1073,hunter,beastmastery,72,37,35
Dracð,malganis,1071,hunter,beastmastery,30,14,16
Brendie,thrall,1063,hunter,beastmastery,72,30,42
Traptations,sargeras,1056,hunter,beastmastery,18,11,7
Ragnarlobkk,ragnaros,1056,hunter,beastmastery,112,49,63
Unicom,malganis,1056,hunter,beastmastery,30,11,19
Ryutiz,fizzcrank,1055,hunter,beastmastery,18,11,7
Spizsnipes,malganis,1055,hunter,beastmastery,24,11,13
Flanzo,illidan,1055,hunter,beastmastery,30,11,19
Datadyne,stormrage,1054,hunter,beastmastery,12,11,1
Ispamtraps,emerald-dream,1054,hunter,beastmastery,18,11,7
Jungleboy,gorgonnash,1053,hunter,beastmastery,19,11,8
Anastasia,gorgonnash,1052,hunter,beastmastery,18,11,7
Cummis,skullcrusher,1051,hunter,beastmastery,18,11,7
Tinyted,nathrezim,1051,hunter,beastmastery,24,11,13
Lunarlunar,khadgar,1051,hunter,beastmastery,30,11,19
Varthurg,ragnaros,1050,hunter,beastmastery,18,11,7
Gølin,aerie-peak,1049,hunter,beastmastery,30,11,19
Freeside,emerald-dream,1048,hunter,beastmastery,18,11,7
ßaelon,malganis,1047,hunter,beastmastery,12,11,1
Aggargh,baelgun,1047,hunter,beastmastery,18,11,7
Kynagidas,korgath,1047,hunter,beastmastery,24,11,13
Vord,frostmourne,1046,hunter,beastmastery,24,11,13
Cilnolm,moon-guard,1045,hunter,beastmastery,24,11,13
Wogolas,barthilas,1044,hunter,beastmastery,18,11,7
Rotokrim,emerald-dream,1044,hunter,beastmastery,136,69,67
Ketulirantle,azralon,1041,hunter,beastmastery,42,11,31
Bobbysmurica,cenarion-circle,1032,hunter,beastmastery,30,11,19
Kathoey,wyrmrest-accord,1031,hunter,beastmastery,30,11,19
Robingear,baelgun,1029,hunter,beastmastery,93,43,50
Huntercry,ragnaros,1026,hunter,beastmastery,18,11,7
Urimiel,daggerspine,1025,hunter,beastmastery,30,11,19
Hetaya,haomarush,1024,hunter,beastmastery,74,28,46
Vegamax,illidan,1020,hunter,beastmastery,18,11,7
Sumom,darrowmere,1019,hunter,beastmastery,38,17,21
Puhpsy,azralon,1016,hunter,beastmastery,24,15,9
Fifie,azgalor,1011,hunter,beastmastery,31,12,19
Rairin,tichondrius,1004,hunter,beastmastery,65,33,32
Antihero,norgannon,1001,hunter,beastmastery,20,12,8
Eddyholiday,tichondrius,1001,hunter,beastmastery,26,13,13
Falesta,sargeras,999,hunter,beastmastery,28,12,16
Flexxbow,thrall,994,hunter,beastmastery,23,13,10
Tembaktytyd,barthilas,976,hunter,beastmastery,25,11,14
Erovianoria,silver-hand,968,hunter,beastmastery,57,29,28
Ahhpash,tichondrius,960,hunter,beastmastery,16,11,5
Worsthunt,tichondrius,960,hunter,beastmastery,18,10,8
Emmihunt,tichondrius,960,hunter,beastmastery,18,10,8
Wovow,tichondrius,960,hunter,beastmastery,18,10,8
Shinhyez,tichondrius,960,hunter,beastmastery,18,10,8
Pumplum,kiljaeden,960,hunter,beastmastery,18,10,8
Tashio,aerie-peak,960,hunter,beastmastery,18,10,8
Huntinpuss,tichondrius,960,hunter,beastmastery,18,10,8
Gööber,hyjal,960,hunter,beastmastery,18,10,8
Prêd,malganis,960,hunter,beastmastery,21,11,10
Willdey,frostmourne,960,hunter,beastmastery,24,10,14
Tmnarcanttv,tichondrius,959,hunter,beastmastery,18,10,8
Shootiepie,hyjal,959,hunter,beastmastery,18,10,8
Rosebullets,bleeding-hollow,959,hunter,beastmastery,18,10,8
Volbz,barthilas,959,hunter,beastmastery,24,10,14
Vigon,stormrage,959,hunter,beastmastery,24,10,14
Sagadegêmeos,stormrage,959,hunter,beastmastery,24,10,14
Orgpopeyes,illidan,959,hunter,beastmastery,24,10,14
Sanchode,tichondrius,959,hunter,beastmastery,24,10,14
Kimbaa,tichondrius,959,hunter,beastmastery,30,10,20
Aquabat,wildhammer,958,hunter,beastmastery,18,10,8
Yager,kalecgos,958,hunter,beastmastery,18,10,8
Bonnèy,zuljin,957,hunter,beastmastery,12,10,2
Alwaysblazed,hyjal,957,hunter,beastmastery,18,10,8
Mikly,ragnaros,957,hunter,beastmastery,24,10,14
Hynathios,azralon,957,hunter,beastmastery,24,10,14
Hyena,kelthuzad,955,hunter,beastmastery,24,10,14
Murdaugh,icecrown,954,hunter,beastmastery,18,10,8
Juicedhunter,tichondrius,954,hunter,beastmastery,18,10,8
Rocchettâ,kirin-tor,954,hunter,beastmastery,18,10,8
Deepcarver,tichondrius,954,hunter,beastmastery,24,10,14
Gïzmo,malganis,953,hunter,beastmastery,18,10,8
Rezkiin,tichondrius,953,hunter,beastmastery,18,10,8
Lilien,khazgoroth,951,hunter,beastmastery,18,10,8
Jetzy,illidan,951,hunter,beastmastery,24,10,14
Steelaeon,moon-guard,951,hunter,beastmastery,24,10,14
Flacidhunter,kelthuzad,948,hunter,beastmastery,24,10,14
Böuntyhuntêr,area-52,948,hunter,beastmastery,24,10,14
ßaeløn,malganis,947,hunter,beastmastery,15,11,4
Glizzys,cairne,943,hunter,beastmastery,24,11,13
Caytano,quelthalas,940,hunter,beastmastery,18,11,7
Shootyurshot,stormrage,927,hunter,beastmastery,20,11,9
Shootsb,tichondrius,926,hunter,beastmastery,34,10,24
Dekestei,bleeding-hollow,911,hunter,beastmastery,29,10,19
Çhexmix,kiljaeden,910,hunter,beastmastery,15,10,5
Coyner,tichondrius,907,hunter,beastmastery,21,10,11
Wael,perenolde,905,hunter,beastmastery,17,10,7
Arrowae,sargeras,899,hunter,beastmastery,23,10,13
Hillside,frostmourne,895,hunter,beastmastery,11,10,1
Gandson,fizzcrank,892,hunter,beastmastery,23,10,13
Foh,kelthuzad,888,hunter,beastmastery,17,10,7
Raikuu,skullcrusher,883,hunter,beastmastery,24,10,14
Pvrisxoxo,frostmourne,878,hunter,beastmastery,19,10,9
Lubze,bleeding-hollow,864,hunter,beastmastery,12,9,3
Bmhuntlol,illidan,864,hunter,beastmastery,12,9,3
Slipox,sargeras,864,hunter,beastmastery,12,9,3
Xbloody,tichondrius,864,hunter,beastmastery,18,9,9
Perffect,sargeras,864,hunter,beastmastery,18,9,9
Déwi,tichondrius,864,hunter,beastmastery,18,9,9
Wildlifezoo,tichondrius,864,hunter,beastmastery,18,9,9
Hagadinn,frostmourne,864,hunter,beastmastery,18,9,9
Lilsynchfyb,sargeras,864,hunter,beastmastery,18,9,9
Dirtyytroll,area-52,864,hunter,beastmastery,24,9,15
Deathtomyfoe,sargeras,864,hunter,beastmastery,24,9,15
Heparinqt,area-52,864,hunter,beastmastery,24,9,15
Balrröt,malganis,864,hunter,beastmastery,24,9,15
Mvpwonder,frostmourne,864,hunter,beastmastery,30,9,21
Readtitle,malganis,863,hunter,beastmastery,12,9,3
Cloxygen,moon-guard,863,hunter,beastmastery,12,9,3
Jamzlol,frostmourne,863,hunter,beastmastery,18,9,9
Drivebyjuju,dentarg,863,hunter,beastmastery,18,9,9
Çute,moon-guard,863,hunter,beastmastery,18,9,9
Energiser,stormrage,863,hunter,beastmastery,18,9,9
Nikronos,quelthalas,863,hunter,beastmastery,18,9,9
Nubberton,sargeras,863,hunter,beastmastery,24,9,15
Myladyy,zuljin,863,hunter,beastmastery,30,9,21
Seáhawk,kiljaeden,862,hunter,beastmastery,12,9,3
Loriandel,proudmoore,862,hunter,beastmastery,14,9,5
Toross,stormscale,862,hunter,beastmastery,18,9,9
Orcanjo,azralon,862,hunter,beastmastery,18,9,9
Qúin,frostmourne,862,hunter,beastmastery,18,9,9
Kinete,proudmoore,862,hunter,beastmastery,18,9,9
Bootylickin,tichondrius,862,hunter,beastmastery,18,9,9
Unrealpewpew,lightbringer,862,hunter,beastmastery,24,9,15
Korasaurus,tichondrius,861,hunter,beastmastery,12,9,3
Cottonshots,dalaran,861,hunter,beastmastery,24,9,15
Dontmissz,tichondrius,860,hunter,beastmastery,18,9,9
Kamikazey,tichondrius,859,hunter,beastmastery,18,9,9
Thiccit,illidan,858,hunter,beastmastery,18,9,9
Xeriife,stormrage,858,hunter,beastmastery,19,9,10
More,khadgar,858,hunter,beastmastery,24,9,15
Vexxør,bleeding-hollow,856,hunter,beastmastery,18,9,9
Shiztec,malganis,854,hunter,beastmastery,24,9,15
Bubbz,bloodscalp,852,hunter,beastmastery,24,9,15
Aztrappin,illidan,852,hunter,beastmastery,30,9,21
Eggsquatch,emerald-dream,844,hunter,beastmastery,12,9,3
Entrapment,emerald-dream,830,hunter,beastmastery,17,9,8
Boomseed,nagrand,828,hunter,beastmastery,23,9,14
Sharpster,zuljin,815,hunter,beastmastery,15,9,6
Rawspits,kiljaeden,814,hunter,beastmastery,29,9,20
Zullypewpew,alexstrasza,811,hunter,beastmastery,11,9,2
Mvpbunny,tichondrius,785,hunter,beastmastery,28,11,17
Chaw,nathrezim,783,hunter,beastmastery,13,9,4
Bowzørx,tichondrius,768,hunter,beastmastery,12,8,4
Jsrhuntz,sargeras,768,hunter,beastmastery,12,8,4
Sax,stormreaver,768,hunter,beastmastery,12,8,4
Chippendales,illidan,768,hunter,beastmastery,12,8,4
Diegoshotz,zuljin,768,hunter,beastmastery,18,8,10
Tigglyjits,tichondrius,768,hunter,beastmastery,18,8,10
Ddukgue,tichondrius,768,hunter,beastmastery,18,8,10
Oblitus,zuljin,768,hunter,beastmastery,18,8,10
Seongnam,tichondrius,768,hunter,beastmastery,18,8,10
Jawnhunter,tichondrius,768,hunter,beastmastery,18,8,10
Huntfaceguy,agamaggan,768,hunter,beastmastery,18,8,10
Heädshöt,malorne,768,hunter,beastmastery,18,8,10
Yonzo,area-52,768,hunter,beastmastery,18,8,10
Monatre,fizzcrank,768,hunter,beastmastery,18,8,10
Katherìnelol,tichondrius,768,hunter,beastmastery,21,9,12
Flacidpasta,sargeras,767,hunter,beastmastery,12,8,4
Setepalms,azralon,767,hunter,beastmastery,12,8,4
Remièl,frostmourne,767,hunter,beastmastery,12,8,4
Azx,tichondrius,767,hunter,beastmastery,12,8,4
Bulleitrye,illidan,767,hunter,beastmastery,12,8,4
Trim,tichondrius,767,hunter,beastmastery,12,8,4
Cxnt,saurfang,767,hunter,beastmastery,15,9,6
Morbow,proudmoore,767,hunter,beastmastery,18,8,10
Suetyic,tichondrius,767,hunter,beastmastery,18,8,10
Computer,darkspear,767,hunter,beastmastery,18,8,10
Zephanno,sargeras,767,hunter,beastmastery,18,8,10
Bowjingles,blackrock,767,hunter,beastmastery,18,8,10
Jímmycorn,sargeras,767,hunter,beastmastery,18,8,10
Picapaul,stormrage,767,hunter,beastmastery,18,8,10
Flîp,daggerspine,767,hunter,beastmastery,18,8,10
Puffcopeak,illidan,767,hunter,beastmastery,18,8,10
Jesselos,stormrage,767,hunter,beastmastery,18,8,10
Camperbill,borean-tundra,766,hunter,beastmastery,19,9,10
Traps,deathwing,766,hunter,beastmastery,18,8,10
Satours,quelthalas,766,hunter,beastmastery,18,8,10
Londen,tichondrius,765,hunter,beastmastery,12,8,4
Frenzygirl,azralon,765,hunter,beastmastery,12,8,4
Ivix,sargeras,765,hunter,beastmastery,12,8,4
Handicrap,tichondrius,765,hunter,beastmastery,16,9,7
Legolasbow,tichondrius,765,hunter,beastmastery,24,8,16
Hunt,akama,765,hunter,beastmastery,24,8,16
Grøøves,dalaran,763,hunter,beastmastery,18,8,10
Halberick,quelthalas,762,hunter,beastmastery,12,8,4
Blury,tichondrius,762,hunter,beastmastery,18,8,10
Ophiela,shuhalo,759,hunter,beastmastery,36,8,28
Massivattack,skullcrusher,758,hunter,beastmastery,24,8,16
Blankshot,doomhammer,757,hunter,beastmastery,18,8,10
Androki,stormrage,752,hunter,beastmastery,12,8,4
Raevenah,dalaran,747,hunter,beastmastery,12,8,4
Studiosx,tichondrius,735,hunter,beastmastery,17,8,9
Vendortrash,aggramar,733,hunter,beastmastery,17,8,9
Kleankilla,malganis,718,hunter,beastmastery,14,8,6
Timberex,drenden,715,hunter,beastmastery,15,8,7
Kysii,burning-blade,714,hunter,beastmastery,15,8,7
Elad,tichondrius,703,hunter,beastmastery,11,8,3
Yozomoto,nordrassil,703,hunter,beastmastery,14,8,6
Wellerman,firetree,672,hunter,beastmastery,12,7,5
Starkhaven,firetree,672,hunter,beastmastery,12,7,5
Jsr,tichondrius,672,hunter,beastmastery,12,7,5
Mcclintock,executus,672,hunter,beastmastery,12,7,5
Flamenco,arthas,672,hunter,beastmastery,12,7,5
Hollowhunt,sentinels,672,hunter,beastmastery,12,7,5
Twopumphunt,tichondrius,672,hunter,beastmastery,12,7,5
Alfentanil,thrall,672,hunter,beastmastery,12,7,5
Gotrap,saurfang,672,hunter,beastmastery,12,7,5
Gentledream,dalaran,672,hunter,beastmastery,12,7,5
Mehontar,area-52,672,hunter,beastmastery,12,7,5
Mmeep,illidan,672,hunter,beastmastery,12,7,5
Litchi,illidan,672,hunter,beastmastery,12,7,5
Pmø,sargeras,672,hunter,beastmastery,12,7,5
Csantana,sargeras,672,hunter,beastmastery,12,7,5
Crimsoncoast,tichondrius,672,hunter,beastmastery,12,7,5
Sakedji,area-52,672,hunter,beastmastery,12,7,5
Tusxx,tichondrius,672,hunter,beastmastery,12,7,5
Cinnybunz,malganis,672,hunter,beastmastery,12,7,5
Xerosa,emerald-dream,672,hunter,beastmastery,12,7,5
Airhunt,thrall,672,hunter,beastmastery,12,7,5
Downor,malganis,672,hunter,beastmastery,12,7,5
Wastdpenguin,area-52,672,hunter,beastmastery,12,7,5
Skippyh,zuluhed,672,hunter,beastmastery,12,7,5
Barainto,tichondrius,672,hunter,beastmastery,12,7,5
Broydiesnipe,illidan,672,hunter,beastmastery,12,7,5
Handmemygun,aggramar,672,hunter,beastmastery,12,7,5
Trápngap,barthilas,672,hunter,beastmastery,12,7,5
Ehnó,illidan,672,hunter,beastmastery,12,7,5
Imthaböss,nazjatar,672,hunter,beastmastery,12,7,5
Buzzkilla,mannoroth,672,hunter,beastmastery,12,7,5
Keboks,alleria,672,hunter,beastmastery,15,8,7
Savagerko,illidan,672,hunter,beastmastery,15,8,7
Zemphoths,eredar,672,hunter,beastmastery,15,7,8
Dreagneal,ragnaros,672,hunter,beastmastery,18,7,11
Clowntown,illidan,672,hunter,beastmastery,18,7,11
Geeshot,area-52,672,hunter,beastmastery,18,7,11
Memënto,barthilas,672,hunter,beastmastery,18,7,11
Ðevil,ragnaros,672,hunter,beastmastery,18,7,11
Wickyz,malganis,672,hunter,beastmastery,18,7,11
Liadrelle,proudmoore,672,hunter,beastmastery,21,8,13
Titanaxis,tichondrius,672,hunter,beastmastery,24,7,17
Crounzz,sargeras,672,hunter,beastmastery,30,7,23
Eightbeers,bleeding-hollow,671,hunter,beastmastery,12,7,5
Wingclipped,kelthuzad,671,hunter,beastmastery,12,7,5
Spunkked,tichondrius,671,hunter,beastmastery,12,7,5
Anaiset,hyjal,671,hunter,beastmastery,12,7,5
Melinda,kilrogg,671,hunter,beastmastery,12,7,5
Mannypew,kelthuzad,671,hunter,beastmastery,12,7,5
Lavo,borean-tundra,671,hunter,beastmastery,12,7,5
Exploits,stormrage,671,hunter,beastmastery,12,7,5
Anniefuchsia,stormrage,671,hunter,beastmastery,12,7,5
Scrubmastery,emerald-dream,671,hunter,beastmastery,12,7,5
Thirtyeight,blades-edge,671,hunter,beastmastery,12,7,5
Hunterjim,tichondrius,671,hunter,beastmastery,12,7,5
Amortiz,illidan,671,hunter,beastmastery,18,7,11
Paganfinn,tichondrius,671,hunter,beastmastery,18,7,11
Mooséhunt,wyrmrest-accord,671,hunter,beastmastery,18,7,11
Genowin,sargeras,671,hunter,beastmastery,18,7,11
Threethirty,thrall,671,hunter,beastmastery,18,7,11
Ratfood,tichondrius,671,hunter,beastmastery,23,7,16
Ddänz,kiljaeden,671,hunter,beastmastery,27,8,19
Yanzz,spinebreaker,670,hunter,beastmastery,12,7,5
Spaeth,borean-tundra,670,hunter,beastmastery,24,7,17
Neurosurgery,azralon,669,hunter,beastmastery,18,7,11
Morenarösa,nemesis,669,hunter,beastmastery,24,7,17
Strafenshoot,darkspear,666,hunter,beastmastery,12,7,5
Shootaids,illidan,666,hunter,beastmastery,18,7,11
Euclase,bleeding-hollow,664,hunter,beastmastery,17,9,8
Eastera,tichondrius,663,hunter,beastmastery,27,8,19
Theprovider,burning-blade,659,hunter,beastmastery,12,7,5
Benryats,area-52,657,hunter,beastmastery,21,8,13
Zooker,tichondrius,655,hunter,beastmastery,23,7,16
Hawkkeye,thunderlord,639,hunter,beastmastery,17,7,10
Scaredcrow,azshara,639,hunter,beastmastery,28,7,21
Hunbatz,dalaran,634,hunter,beastmastery,19,9,10
Gufanyaun,tichondrius,608,hunter,beastmastery,16,7,9
Loktarnum,illidan,607,hunter,beastmastery,14,7,7
Shanghunt,cenarius,604,hunter,beastmastery,14,7,7
Oshosiwar,ragnaros,588,hunter,beastmastery,21,7,14
Shootnskoot,icecrown,576,hunter,beastmastery,6,6,0
Píps,maelstrom,576,hunter,beastmastery,6,6,0
Gassmask,area-52,576,hunter,beastmastery,6,6,0
Rekkis,area-52,576,hunter,beastmastery,6,6,0
Igotapvpness,tichondrius,576,hunter,beastmastery,6,6,0
Cashisabeast,zuljin,576,hunter,beastmastery,6,6,0
Rbtz,illidan,576,hunter,beastmastery,6,6,0
Khanittus,area-52,576,hunter,beastmastery,12,6,6
Deutêr,quelthalas,576,hunter,beastmastery,12,6,6
Zizilio,kelthuzad,576,hunter,beastmastery,12,6,6
Marexx,tichondrius,576,hunter,beastmastery,12,6,6
Digitizoid,tichondrius,576,hunter,beastmastery,12,6,6
Nytefell,skullcrusher,576,hunter,beastmastery,12,6,6
Jboogie,malganis,576,hunter,beastmastery,12,6,6
Thoridhal,quelthalas,576,hunter,beastmastery,12,6,6
Somethinglit,sargeras,576,hunter,beastmastery,12,6,6
Wongy,tichondrius,576,hunter,beastmastery,12,6,6
Pikabow,tichondrius,576,hunter,beastmastery,12,6,6
Zeedii,dalaran,576,hunter,beastmastery,12,6,6
Dbrickashaw,proudmoore,576,hunter,beastmastery,12,6,6
Ecl,azralon,576,hunter,beastmastery,12,6,6
Conizle,sargeras,576,hunter,beastmastery,12,6,6
Hawkeye,boulderfist,576,hunter,beastmastery,12,6,6
Alochol,vashj,576,hunter,beastmastery,12,6,6
Antares,dalaran,576,hunter,beastmastery,12,6,6
Raadun,terokkar,576,hunter,beastmastery,12,6,6
Daylilycoast,emerald-dream,576,hunter,beastmastery,12,6,6
Joerogan,hydraxis,576,hunter,beastmastery,12,6,6
Smullik,wyrmrest-accord,576,hunter,beastmastery,12,6,6
Spottedoger,burning-legion,576,hunter,beastmastery,12,6,6
Xernen,thrall,576,hunter,beastmastery,12,6,6
Geregaux,sargeras,576,hunter,beastmastery,12,6,6
Peregrin,burning-legion,576,hunter,beastmastery,12,6,6
Huntard,stormrage,576,hunter,beastmastery,12,6,6
Elyssandrá,thrall,576,hunter,beastmastery,12,6,6
Toniic,moon-guard,576,hunter,beastmastery,12,6,6
Austelos,moon-guard,576,hunter,beastmastery,12,6,6
Despise,frostmourne,576,hunter,beastmastery,12,6,6
Hunterpk,lightbringer,576,hunter,beastmastery,12,6,6
Hxnry,barthilas,576,hunter,beastmastery,12,6,6
Lûrtz,aegwynn,576,hunter,beastmastery,12,6,6
Fma,stormrage,576,hunter,beastmastery,12,6,6
Gennaro,ragnaros,576,hunter,beastmastery,12,6,6
Jonah,sargeras,576,hunter,beastmastery,12,6,6
Raerdun,bonechewer,576,hunter,beastmastery,12,6,6
Evilblammo,thorium-brotherhood,576,hunter,beastmastery,12,6,6
Gravshot,zuljin,576,hunter,beastmastery,12,6,6
Shøz,wyrmrest-accord,576,hunter,beastmastery,12,6,6
Thehunturd,dalaran,576,hunter,beastmastery,12,6,6
Balboa,tortheldrin,576,hunter,beastmastery,12,6,6
Celarla,tichondrius,576,hunter,beastmastery,15,7,8
Arraza,ragnaros,576,hunter,beastmastery,16,7,9
Mojopotato,stormrage,576,hunter,beastmastery,17,6,11
Kanta,bleeding-hollow,576,hunter,beastmastery,18,6,12
Infinit,onyxia,576,hunter,beastmastery,18,6,12
Bowreckage,malganis,576,hunter,beastmastery,18,6,12
Nishinos,tichondrius,576,hunter,beastmastery,18,6,12
Bleedwish,tichondrius,576,hunter,beastmastery,19,6,13
Beastbaal,sargeras,576,hunter,beastmastery,24,6,18
Yolloswag,tichondrius,576,hunter,beastmastery,24,6,18
Lulafourdedo,stormrage,575,hunter,beastmastery,7,6,1
Asuryakha,darkspear,575,hunter,beastmastery,12,6,6
Fireshots,tichondrius,575,hunter,beastmastery,12,6,6
Gwarnar,stormrage,575,hunter,beastmastery,12,6,6
Yobby,area-52,575,hunter,beastmastery,12,6,6
Gammaraven,dalaran,575,hunter,beastmastery,12,6,6
Revö,area-52,575,hunter,beastmastery,18,6,12
Tozier,destromath,575,hunter,beastmastery,18,6,12
Nekrongar,agamaggan,574,hunter,beastmastery,12,6,6
Arcticuz,aegwynn,574,hunter,beastmastery,12,6,6
Kalibah,azralon,574,hunter,beastmastery,18,6,12
Chetta,ragnaros,574,hunter,beastmastery,18,6,12
Bolbathefett,shadowsong,574,hunter,beastmastery,18,6,12
Sapphie,frostmourne,574,hunter,beastmastery,24,6,18
Rikitiki,bleeding-hollow,573,hunter,beastmastery,12,6,6
Foffy,darkspear,573,hunter,beastmastery,12,6,6
Pewpew,gallywix,573,hunter,beastmastery,18,6,12
Pewpewd,tichondrius,572,hunter,beastmastery,12,6,6
Kargathx,ragnaros,569,hunter,beastmastery,20,8,12
Vastiks,dalaran,568,hunter,beastmastery,20,6,14
Bluehead,emerald-dream,566,hunter,beastmastery,12,6,6
Squeeb,frostmourne,543,hunter,beastmastery,14,7,7
Socrato,tichondrius,526,hunter,beastmastery,11,6,5
Saltz,tichondrius,521,hunter,beastmastery,15,7,8
Ataxyus,area-52,512,hunter,beastmastery,10,6,4
Aluminumfoil,kelthuzad,510,hunter,beastmastery,11,6,5
Bagodonuts,malganis,510,hunter,beastmastery,17,7,10
Tèrrabite,sargeras,480,hunter,beastmastery,6,5,1
Chimeralol,area-52,480,hunter,beastmastery,6,5,1
Oeoeoeoeoeoe,alterac-mountains,480,hunter,beastmastery,6,5,1
Clydebarro,sargeras,480,hunter,beastmastery,6,5,1
Traptrinket,sargeras,480,hunter,beastmastery,6,5,1
Tukki,quelthalas,480,hunter,beastmastery,6,5,1
Linkolnn,sargeras,480,hunter,beastmastery,6,5,1
Plsnobanmee,frostmourne,480,hunter,beastmastery,6,5,1
Megahuntard,bleeding-hollow,480,hunter,beastmastery,6,5,1
Wopper,moon-guard,480,hunter,beastmastery,6,5,1
Unloaded,illidan,480,hunter,beastmastery,6,5,1
Slêv,frostmourne,480,hunter,beastmastery,6,5,1
Cojáx,dalaran,480,hunter,beastmastery,6,5,1
Dankshunt,arthas,480,hunter,beastmastery,6,5,1
Bluez,tichondrius,480,hunter,beastmastery,6,5,1
Kånade,ragnaros,480,hunter,beastmastery,6,5,1
Teammatescba,tichondrius,480,hunter,beastmastery,6,5,1
Brokensnipez,area-52,480,hunter,beastmastery,6,5,1
Berkhof,tichondrius,480,hunter,beastmastery,6,5,1
Sniperfx,lightbringer,480,hunter,beastmastery,6,5,1
Beasting,moon-guard,480,hunter,beastmastery,6,5,1
Laoai,tichondrius,480,hunter,beastmastery,6,5,1
Kkoduckk,tichondrius,480,hunter,beastmastery,6,5,1
Yajr,black-dragonflight,480,hunter,beastmastery,6,5,1
Hediilyan,azralon,480,hunter,beastmastery,7,5,2
Wønky,stormrage,480,hunter,beastmastery,12,5,7
Powdersoak,area-52,480,hunter,beastmastery,12,5,7
Getrekt,azralon,480,hunter,beastmastery,12,5,7
Raphgun,stormrage,480,hunter,beastmastery,12,5,7
Camorcaist,stormrage,480,hunter,beastmastery,12,5,7
Køk,agamaggan,480,hunter,beastmastery,12,5,7
Valeous,azjolnerub,480,hunter,beastmastery,12,5,7
Mojopojo,tichondrius,480,hunter,beastmastery,12,5,7
Leyliann,quelthalas,480,hunter,beastmastery,12,5,7
Kurmojo,hyjal,480,hunter,beastmastery,12,5,7
Sunflwerdawn,emerald-dream,480,hunter,beastmastery,12,5,7
Stonehard,mugthol,480,hunter,beastmastery,12,5,7
Snowjin,stormrage,480,hunter,beastmastery,12,5,7
Viral,grizzly-hills,480,hunter,beastmastery,12,5,7
Twoshotz,stormrage,480,hunter,beastmastery,12,5,7
Clinteastwoo,ragnaros,480,hunter,beastmastery,12,5,7
Luckshot,destromath,480,hunter,beastmastery,12,5,7
Dj,arygos,480,hunter,beastmastery,12,5,7
Snoozee,emerald-dream,480,hunter,beastmastery,12,5,7
Sinvat,tichondrius,480,hunter,beastmastery,12,5,7
Ariais,zangarmarsh,480,hunter,beastmastery,12,5,7
Yatyegatchun,illidan,480,hunter,beastmastery,12,5,7
Lrnb,tichondrius,480,hunter,beastmastery,12,5,7
Nj,kiljaeden,480,hunter,beastmastery,12,5,7
Àthenaa,malygos,480,hunter,beastmastery,12,5,7
Drakku,zuljin,480,hunter,beastmastery,12,5,7
Fallacies,moon-guard,480,hunter,beastmastery,12,5,7
Ferex,tichondrius,480,hunter,beastmastery,12,5,7
Peiching,proudmoore,480,hunter,beastmastery,12,5,7
Smexyhunter,moon-guard,480,hunter,beastmastery,12,5,7
Mav,dragonmaw,480,hunter,beastmastery,14,5,9
Bøl,ragnaros,480,hunter,beastmastery,16,5,11
Grindal,drakkari,480,hunter,beastmastery,18,5,13
Chetxs,bleeding-hollow,480,hunter,beastmastery,18,5,13
Darksector,nemesis,480,hunter,beastmastery,18,5,13
Shamtus,bladefist,479,hunter,beastmastery,6,5,1
Mafghine,malganis,479,hunter,beastmastery,6,5,1
Zpax,area-52,479,hunter,beastmastery,6,5,1
Trianthel,azralon,479,hunter,beastmastery,12,5,7
Deadlyattack,barthilas,479,hunter,beastmastery,12,5,7
Kairoke,azralon,479,hunter,beastmastery,12,5,7
Shoya,nerzhul,479,hunter,beastmastery,12,5,7
Mecatrón,quelthalas,479,hunter,beastmastery,12,5,7
Namikawa,stormrage,479,hunter,beastmastery,12,5,7
Jijiyoyo,tichondrius,479,hunter,beastmastery,23,7,16
Trushôtz,tichondrius,479,hunter,beastmastery,17,5,12
Smider,magtheridon,479,hunter,beastmastery,18,5,13
Hunterdps,gurubashi,478,hunter,beastmastery,12,5,7
Feralhuntard,muradin,477,hunter,beastmastery,12,5,7
Jîa,tichondrius,448,hunter,beastmastery,10,5,5
Gunther,korgath,447,hunter,beastmastery,11,5,6
Verzatyle,frostwolf,447,hunter,beastmastery,11,5,6
Spunky,zuluhed,447,hunter,beastmastery,11,5,6
Taelen,aegwynn,447,hunter,beastmastery,11,5,6
Travisshot,tichondrius,447,hunter,beastmastery,11,5,6
Vuur,korialstrasz,447,hunter,beastmastery,19,6,13
Rástakhan,ragnaros,431,hunter,beastmastery,11,5,6
Mordriva,azjolnerub,431,hunter,beastmastery,11,5,6
Malgar,zuljin,415,hunter,beastmastery,11,5,6
Mexishots,tichondrius,384,hunter,beastmastery,6,4,2
Skytah,darkspear,384,hunter,beastmastery,6,4,2
Chikkynuggy,destromath,384,hunter,beastmastery,6,4,2
Redzic,tichondrius,384,hunter,beastmastery,6,4,2
Ziêg,eonar,384,hunter,beastmastery,6,4,2
Infatuatedx,moon-guard,384,hunter,beastmastery,6,4,2
Houdan,frostmourne,384,hunter,beastmastery,6,4,2
Petmayo,tichondrius,384,hunter,beastmastery,6,4,2
Tezcâtlipocâ,sargeras,384,hunter,beastmastery,6,4,2
Snipingmilfs,zuluhed,384,hunter,beastmastery,6,4,2
Nodougaelark,dalaran,384,hunter,beastmastery,6,4,2
Sindshai,onyxia,384,hunter,beastmastery,6,4,2
Dexh,frostmourne,384,hunter,beastmastery,6,4,2
Naxhunter,stormrage,384,hunter,beastmastery,6,4,2
Yeaheh,area-52,384,hunter,beastmastery,6,4,2
Coppersnout,wyrmrest-accord,384,hunter,beastmastery,6,4,2
Quickfyre,stormrage,384,hunter,beastmastery,6,4,2
Malcab,tichondrius,384,hunter,beastmastery,6,4,2
Fizzpow,blackrock,384,hunter,beastmastery,6,4,2
Reilerhunt,stormrage,384,hunter,beastmastery,6,4,2
Pillarington,tichondrius,384,hunter,beastmastery,6,4,2
Vindication,ysera,384,hunter,beastmastery,6,4,2
Actioh,stormrage,384,hunter,beastmastery,6,4,2
Kyoü,drakkari,384,hunter,beastmastery,6,4,2
Sôuleater,moon-guard,384,hunter,beastmastery,6,4,2
Gorillafart,spirestone,384,hunter,beastmastery,6,4,2
Tangoda,tichondrius,384,hunter,beastmastery,6,4,2
Huntations,sargeras,384,hunter,beastmastery,6,4,2
Petpenguin,kelthuzad,384,hunter,beastmastery,6,4,2
Silvershot,emerald-dream,384,hunter,beastmastery,6,4,2
Puns,stormreaver,384,hunter,beastmastery,6,4,2
Ragerab,trollbane,384,hunter,beastmastery,6,4,2
Yolotraps,thrall,384,hunter,beastmastery,6,4,2
Zarnick,frostwolf,384,hunter,beastmastery,6,4,2
Kong,tichondrius,384,hunter,beastmastery,6,4,2
Finol,azralon,384,hunter,beastmastery,6,4,2
Yná,azralon,384,hunter,beastmastery,6,4,2
Hovahdo,proudmoore,384,hunter,beastmastery,6,4,2
Shiki,icecrown,384,hunter,beastmastery,6,4,2
Probo,aegwynn,384,hunter,beastmastery,6,4,2
Ithanna,quelthalas,384,hunter,beastmastery,6,4,2
Naestrá,bleeding-hollow,384,hunter,beastmastery,6,4,2
Bufluu,bleeding-hollow,384,hunter,beastmastery,6,4,2
Chokemescara,stormrage,384,hunter,beastmastery,6,4,2
Mhters,tichondrius,384,hunter,beastmastery,6,4,2
Chichi,korgath,384,hunter,beastmastery,6,4,2
Jerso,zuljin,384,hunter,beastmastery,6,4,2
Exitwoundz,hyjal,384,hunter,beastmastery,6,4,2
Booffmeister,area-52,384,hunter,beastmastery,6,4,2
Moash,spinebreaker,384,hunter,beastmastery,6,4,2
Heylenny,area-52,384,hunter,beastmastery,6,4,2
Bodangel,galakrond,384,hunter,beastmastery,6,4,2
Trapandclap,tichondrius,384,hunter,beastmastery,6,4,2
Dooper,malfurion,384,hunter,beastmastery,6,4,2
Shedowhunter,azralon,384,hunter,beastmastery,6,4,2
Dcousins,tichondrius,384,hunter,beastmastery,6,4,2
Funnk,tichondrius,384,hunter,beastmastery,6,4,2
Jeonghun,tichondrius,384,hunter,beastmastery,9,5,4
Anteróz,tichondrius,384,hunter,beastmastery,9,4,5
Rycksanches,quelthalas,384,hunter,beastmastery,10,4,6
Päinal,area-52,384,hunter,beastmastery,12,4,8
Noxura,illidan,384,hunter,beastmastery,12,4,8
Saharä,illidan,384,hunter,beastmastery,12,4,8
Arteene,illidan,384,hunter,beastmastery,12,4,8
Devastavi,proudmoore,384,hunter,beastmastery,12,4,8
Kaliaraan,bleeding-hollow,384,hunter,beastmastery,12,4,8
Galerius,illidan,384,hunter,beastmastery,12,4,8
Teddybowschi,sargeras,384,hunter,beastmastery,12,4,8
Grimshot,boulderfist,384,hunter,beastmastery,12,4,8
Bowsauce,khadgar,384,hunter,beastmastery,12,4,8
Seanpaì,tichondrius,384,hunter,beastmastery,12,4,8
Odb,kelthuzad,384,hunter,beastmastery,12,4,8
Blockbusters,sargeras,384,hunter,beastmastery,12,4,8
Bangerzx,stormrage,384,hunter,beastmastery,12,4,8
Killatrap,malganis,384,hunter,beastmastery,12,4,8
Iililillilii,tichondrius,384,hunter,beastmastery,12,4,8
Inetpub,stormrage,384,hunter,beastmastery,12,4,8
Rogshunt,sargeras,384,hunter,beastmastery,12,4,8
Bówjòb,nordrassil,384,hunter,beastmastery,12,4,8
Calypso,chromaggus,384,hunter,beastmastery,12,4,8
Xcisiion,nagrand,384,hunter,beastmastery,12,4,8
Amoreiene,stormrage,384,hunter,beastmastery,12,4,8
Elywen,alexstrasza,384,hunter,beastmastery,12,4,8
Throwadox,malganis,384,hunter,beastmastery,12,4,8
Moùrningwood,stormrage,384,hunter,beastmastery,12,4,8
Bazanguita,tichondrius,384,hunter,beastmastery,12,4,8
Skycaptaín,lightbringer,384,hunter,beastmastery,12,4,8
Twopawshunta,tichondrius,384,hunter,beastmastery,12,4,8
Cndavyjones,akama,384,hunter,beastmastery,12,4,8
Atheranni,azralon,384,hunter,beastmastery,12,4,8
Shaevie,lothar,384,hunter,beastmastery,12,4,8
Oztroza,grizzly-hills,384,hunter,beastmastery,12,4,8
Grumaku,area-52,384,hunter,beastmastery,12,4,8
Sèasons,tichondrius,384,hunter,beastmastery,15,4,11
Katiepie,frostmourne,384,hunter,beastmastery,18,4,14
Atheos,gallywix,384,hunter,beastmastery,18,4,14
Ruffini,tichondrius,384,hunter,beastmastery,18,4,14
Löö,arthas,384,hunter,beastmastery,23,4,19
Gichiwalrus,emerald-dream,383,hunter,beastmastery,6,4,2
Bboo,bonechewer,383,hunter,beastmastery,6,4,2
Eeremm,drakkari,383,hunter,beastmastery,6,4,2
Beatnyou,tichondrius,383,hunter,beastmastery,12,4,8
Noahxkhalel,azralon,383,hunter,beastmastery,12,4,8
Lazygnome,azshara,383,hunter,beastmastery,12,4,8
Böwjøb,illidan,383,hunter,beastmastery,12,4,8
Àléç,mannoroth,383,hunter,beastmastery,12,4,8
Paulayork,drakthul,383,hunter,beastmastery,12,4,8
Survival,dentarg,383,hunter,beastmastery,18,4,14
Terusa,ragnaros,383,hunter,beastmastery,18,4,14
Etb,bleeding-hollow,382,hunter,beastmastery,12,4,8
Vicluvv,stormrage,367,hunter,beastmastery,11,4,7
Clinkz,chogall,351,hunter,beastmastery,11,4,7
Vínçent,blood-furnace,351,hunter,beastmastery,17,4,13
Vyalaris,emerald-dream,336,hunter,beastmastery,9,4,5
Sadarrow,frostmourne,334,hunter,beastmastery,11,4,7
Bugsßunny,sargeras,330,hunter,beastmastery,16,5,11
Somethinggo,tichondrius,330,hunter,beastmastery,22,6,16
Dayneryz,quelthalas,319,hunter,beastmastery,14,4,10
Díllý,area-52,288,hunter,beastmastery,6,3,3
Exabyssus,bleeding-hollow,288,hunter,beastmastery,6,3,3
Moyria,quelthalas,288,hunter,beastmastery,6,3,3
Thiccphat,sargeras,288,hunter,beastmastery,6,3,3
Billcsbyswtr,sargeras,288,hunter,beastmastery,6,3,3
Ironova,illidan,288,hunter,beastmastery,6,3,3
Wanshöt,tichondrius,288,hunter,beastmastery,6,3,3
Redthedeer,warsong,288,hunter,beastmastery,6,3,3
Bmsurvmm,tichondrius,288,hunter,beastmastery,6,3,3
Fakerz,stormrage,288,hunter,beastmastery,6,3,3
Soberish,bleeding-hollow,288,hunter,beastmastery,6,3,3
Latrampoza,quelthalas,288,hunter,beastmastery,6,3,3
Rachetbutt,tichondrius,288,hunter,beastmastery,6,3,3
Makeastinky,malfurion,288,hunter,beastmastery,6,3,3
Shyck,ragnaros,288,hunter,beastmastery,6,3,3
Sylpheous,bleeding-hollow,288,hunter,beastmastery,6,3,3
Sbplayshunt,akama,288,hunter,beastmastery,6,3,3
Hikkupz,tichondrius,288,hunter,beastmastery,6,3,3
Saynice,warsong,288,hunter,beastmastery,6,3,3
Braxigarr,area-52,288,hunter,beastmastery,6,3,3
Nyloc,dalvengyr,288,hunter,beastmastery,6,3,3
Burguir,ragnaros,288,hunter,beastmastery,6,3,3
Urukah,gallywix,288,hunter,beastmastery,6,3,3
Raainha,stormrage,288,hunter,beastmastery,6,3,3
Beastmodex,quelthalas,288,hunter,beastmastery,6,3,3
Chouklak,zuljin,288,hunter,beastmastery,6,3,3
Mynds,stormrage,288,hunter,beastmastery,6,3,3
Guacmec,tichondrius,288,hunter,beastmastery,6,3,3
Jungling,kelthuzad,288,hunter,beastmastery,6,3,3
Onahai,tichondrius,288,hunter,beastmastery,6,3,3
Wiittig,hyjal,288,hunter,beastmastery,6,3,3
Wook,hyjal,288,hunter,beastmastery,6,3,3
Jellyleg,bleeding-hollow,288,hunter,beastmastery,6,3,3
Jwzz,tichondrius,288,hunter,beastmastery,6,3,3
Stimpblimp,jubeithos,288,hunter,beastmastery,6,3,3
Vinksy,sargeras,288,hunter,beastmastery,6,3,3
Daréz,blackrock,288,hunter,beastmastery,6,3,3
Mastasnipa,illidan,288,hunter,beastmastery,6,3,3
Hrodvitnir,quelthalas,288,hunter,beastmastery,6,3,3
Mogradme,shadowsong,288,hunter,beastmastery,6,3,3
Relaxnerd,antonidas,288,hunter,beastmastery,6,3,3
Mostmanly,tichondrius,288,hunter,beastmastery,6,3,3
Cluhaywood,zuljin,288,hunter,beastmastery,6,3,3
Wannakill,stormrage,288,hunter,beastmastery,6,3,3
Ljai,gilneas,288,hunter,beastmastery,6,3,3
Cantcatchtin,tichondrius,288,hunter,beastmastery,6,3,3
Nexxa,muradin,288,hunter,beastmastery,6,3,3
Siimmplicitz,area-52,288,hunter,beastmastery,6,3,3
Shatterwax,area-52,288,hunter,beastmastery,6,3,3
Chrisp,bloodhoof,288,hunter,beastmastery,6,3,3
Dualp,tichondrius,288,hunter,beastmastery,6,3,3
Vikshen,illidan,288,hunter,beastmastery,6,3,3
Emart,bloodhoof,288,hunter,beastmastery,6,3,3
Tibineids,stormrage,288,hunter,beastmastery,6,3,3
Valintine,the-scryers,288,hunter,beastmastery,6,3,3
Bountybud,kiljaeden,288,hunter,beastmastery,6,3,3
Sabanna,proudmoore,288,hunter,beastmastery,6,3,3
Yoyoletsgo,malganis,288,hunter,beastmastery,6,3,3
Playnogames,moon-guard,288,hunter,beastmastery,6,3,3
Tacos,kelthuzad,288,hunter,beastmastery,6,3,3
Bagofsnit,frostmourne,288,hunter,beastmastery,6,3,3
Míbu,lightbringer,288,hunter,beastmastery,6,3,3
Orqism,tichondrius,288,hunter,beastmastery,6,3,3
Lyler,tichondrius,288,hunter,beastmastery,6,3,3
Trixex,darkspear,288,hunter,beastmastery,6,3,3
Bloodymalik,tichondrius,288,hunter,beastmastery,6,3,3
Gudlukk,stormrage,288,hunter,beastmastery,6,3,3
Zeroday,emerald-dream,288,hunter,beastmastery,6,3,3
Shallwe,frostmourne,288,hunter,beastmastery,6,3,3
Oblio,silvermoon,288,hunter,beastmastery,6,3,3
Britannian,moon-guard,288,hunter,beastmastery,6,3,3
Reallybroke,stormrage,288,hunter,beastmastery,6,3,3
Cotó,stormrage,288,hunter,beastmastery,6,3,3
Teaa,dalaran,288,hunter,beastmastery,6,3,3
Tazer,area-52,288,hunter,beastmastery,6,3,3
Perfectcrit,area-52,288,hunter,beastmastery,6,3,3
Therealgam,the-underbog,288,hunter,beastmastery,6,3,3
Tetzuo,illidan,288,hunter,beastmastery,6,3,3
Aldurion,wyrmrest-accord,288,hunter,beastmastery,6,3,3
Cefla,illidan,288,hunter,beastmastery,6,3,3
Enonoa,thunderlord,288,hunter,beastmastery,6,3,3
Tyrokk,barthilas,288,hunter,beastmastery,6,3,3
Scolhunter,scarlet-crusade,288,hunter,beastmastery,6,3,3
Recoyl,proudmoore,288,hunter,beastmastery,6,3,3
Norgalys,proudmoore,288,hunter,beastmastery,6,3,3
Akirarika,wyrmrest-accord,288,hunter,beastmastery,6,3,3
Trailed,dalaran,288,hunter,beastmastery,6,3,3
Goraku,dalaran,288,hunter,beastmastery,6,3,3
Vicarnam,uldum,288,hunter,beastmastery,6,3,3
Firskin,frostmourne,288,hunter,beastmastery,6,3,3
Kalekros,tichondrius,288,hunter,beastmastery,6,3,3
Syldris,proudmoore,288,hunter,beastmastery,6,3,3
Deahtgab,ragnaros,288,hunter,beastmastery,6,3,3
Popshotz,khazgoroth,288,hunter,beastmastery,6,3,3
Adapted,proudmoore,288,hunter,beastmastery,6,3,3
Puppe,sargeras,288,hunter,beastmastery,9,4,5
Llachiip,zuljin,288,hunter,beastmastery,10,4,6
Xxo,frostmourne,288,hunter,beastmastery,11,3,8
Rinasonline,sargeras,288,hunter,beastmastery,12,3,9
Aamoody,bloodhoof,288,hunter,beastmastery,12,3,9
Dunkam,quelthalas,288,hunter,beastmastery,12,3,9
Tanrith,dark-iron,288,hunter,beastmastery,12,3,9
Nikå,ragnaros,288,hunter,beastmastery,12,3,9
Rooman,ragnaros,288,hunter,beastmastery,12,3,9
Jgalth,chogall,288,hunter,beastmastery,12,3,9
Fiznits,nerzhul,288,hunter,beastmastery,12,3,9
Dodirty,laughing-skull,288,hunter,beastmastery,12,3,9
Dieplox,thunderhorn,288,hunter,beastmastery,12,3,9
Hohohohahah,gallywix,288,hunter,beastmastery,12,3,9
Malvnfresh,tichondrius,288,hunter,beastmastery,12,3,9
Kharthorin,moon-guard,288,hunter,beastmastery,12,3,9
Leggodex,caelestrasz,288,hunter,beastmastery,12,3,9
Toozz,frostmourne,288,hunter,beastmastery,12,3,9
Tarah,lightbringer,288,hunter,beastmastery,12,3,9
Neríne,drakkari,288,hunter,beastmastery,12,3,9
Harÿn,nemesis,288,hunter,beastmastery,12,3,9
Thiande,zuljin,288,hunter,beastmastery,12,3,9
Rice,veknilash,288,hunter,beastmastery,12,3,9
Gunwalk,azjolnerub,288,hunter,beastmastery,12,3,9
Digsites,emerald-dream,288,hunter,beastmastery,12,3,9
Natnat,sargeras,288,hunter,beastmastery,12,3,9
Terrygross,sargeras,288,hunter,beastmastery,12,3,9
Scythedom,tichondrius,288,hunter,beastmastery,12,3,9
Kango,azgalor,288,hunter,beastmastery,18,3,15
Chuphunts,tichondrius,287,hunter,beastmastery,6,3,3
Ledan,lightnings-blade,287,hunter,beastmastery,6,3,3
Pureguava,gorefiend,287,hunter,beastmastery,6,3,3
Wolftracer,sargeras,287,hunter,beastmastery,6,3,3
Arin,suramar,287,hunter,beastmastery,12,3,9
Acotas,blades-edge,286,hunter,beastmastery,6,3,3
Darkally,blades-edge,285,hunter,beastmastery,12,3,9
Twatshót,burning-legion,281,hunter,beastmastery,15,5,10
Salurian,destromath,271,hunter,beastmastery,11,3,8
Bulszeye,azgalor,255,hunter,beastmastery,8,4,4
Tearsofnoobs,tichondrius,255,hunter,beastmastery,9,4,5
Pokeyourbutt,hydraxis,240,hunter,beastmastery,15,3,12
Diisdik,tichondrius,239,hunter,beastmastery,5,3,2
Ashx,nemesis,239,hunter,beastmastery,5,3,2
Trycen,bleeding-hollow,239,hunter,beastmastery,5,3,2
Djcummyfeet,stormrage,234,hunter,beastmastery,17,6,11
Punjisticks,tichondrius,223,hunter,beastmastery,8,3,5
Dadhatesme,stormrage,223,hunter,beastmastery,10,3,7
Onihanzo,thrall,222,hunter,beastmastery,7,4,3
Jackcoügh,frostmourne,208,hunter,beastmastery,7,3,4
Cufless,proudmoore,192,hunter,beastmastery,6,2,4
Clütch,darkspear,192,hunter,beastmastery,6,2,4
Expskippy,darkspear,192,hunter,beastmastery,6,2,4
Survbot,malganis,192,hunter,beastmastery,6,2,4
Caligar,tichondrius,192,hunter,beastmastery,6,2,4
Autoshotxprt,frostmourne,192,hunter,beastmastery,6,2,4
Mojito,frostmourne,192,hunter,beastmastery,6,2,4
Ownyoufast,darkspear,192,hunter,beastmastery,6,2,4
Ratbasterrd,darkspear,192,hunter,beastmastery,6,2,4
Madsniper,thunderlord,192,hunter,beastmastery,6,2,4
Snoogen,illidan,192,hunter,beastmastery,6,2,4
Frìtz,barthilas,192,hunter,beastmastery,6,2,4
Xavííer,tichondrius,192,hunter,beastmastery,6,2,4
Wrècked,kiljaeden,192,hunter,beastmastery,6,2,4
Ivanjackenov,illidan,192,hunter,beastmastery,6,2,4
Hötdôg,kiljaeden,192,hunter,beastmastery,6,2,4
Wooftoof,frostmourne,192,hunter,beastmastery,6,2,4
Verzoz,illidan,192,hunter,beastmastery,6,2,4
Zoopdapoop,dalaran,192,hunter,beastmastery,6,2,4
Nanotorque,moon-guard,192,hunter,beastmastery,6,2,4
Blickymon,wyrmrest-accord,192,hunter,beastmastery,6,2,4
Dirtymongrel,barthilas,192,hunter,beastmastery,6,2,4
Åî,tichondrius,192,hunter,beastmastery,6,2,4
Nahzah,stormrage,192,hunter,beastmastery,6,2,4
Purpreynolds,tichondrius,192,hunter,beastmastery,6,2,4
Shootermgavn,frostmourne,192,hunter,beastmastery,6,2,4
Doves,wyrmrest-accord,192,hunter,beastmastery,6,2,4
Zellor,wyrmrest-accord,192,hunter,beastmastery,6,2,4
Harrowin,area-52,192,hunter,beastmastery,6,2,4
Varianhunter,kelthuzad,192,hunter,beastmastery,6,2,4
Csadark,nemesis,192,hunter,beastmastery,6,2,4
Bloodstark,dreadmaul,192,hunter,beastmastery,6,2,4
Alikay,ragnaros,192,hunter,beastmastery,6,2,4
Barrelsofrum,illidan,192,hunter,beastmastery,6,2,4
Hollee,turalyon,192,hunter,beastmastery,6,2,4
Nflmaster,malganis,192,hunter,beastmastery,6,2,4
Graatata,shandris,192,hunter,beastmastery,6,2,4
Vanpeltz,illidan,192,hunter,beastmastery,6,2,4
Neverwipes,frostmourne,192,hunter,beastmastery,6,2,4
Skillhunter,tichondrius,192,hunter,beastmastery,6,2,4
Kansolly,tichondrius,192,hunter,beastmastery,6,2,4
Lissavi,tichondrius,192,hunter,beastmastery,6,2,4
Ussy,area-52,192,hunter,beastmastery,6,2,4
Solderboi,tichondrius,192,hunter,beastmastery,6,2,4
Hüh,area-52,192,hunter,beastmastery,6,2,4
Hìrcine,nesingwary,192,hunter,beastmastery,6,2,4
Skillvanas,stormrage,192,hunter,beastmastery,6,2,4
Virgim,kelthuzad,192,hunter,beastmastery,6,2,4
Dnicee,stormrage,192,hunter,beastmastery,6,2,4
Monffbc,tichondrius,192,hunter,beastmastery,6,2,4
Drimhuzzah,velen,192,hunter,beastmastery,6,2,4
Sativ,moknathal,192,hunter,beastmastery,6,2,4
Illrannevian,garrosh,192,hunter,beastmastery,6,2,4
Jumeog,stormscale,192,hunter,beastmastery,6,2,4
Dreadrahl,deathwing,192,hunter,beastmastery,6,2,4
Equipmunk,arthas,192,hunter,beastmastery,6,2,4
Pfheign,area-52,192,hunter,beastmastery,6,2,4
Zarknoth,cenarius,192,hunter,beastmastery,6,2,4
Seenobody,stormrage,192,hunter,beastmastery,6,2,4
Smallsouljah,demon-soul,192,hunter,beastmastery,6,2,4
Habanero,anetheron,192,hunter,beastmastery,6,2,4
Viracha,stormrage,192,hunter,beastmastery,6,2,4
Prowd,staghelm,192,hunter,beastmastery,6,2,4
Aliciaomg,andorhal,192,hunter,beastmastery,6,2,4
Shådé,stormrage,192,hunter,beastmastery,6,2,4
Diacachimbaa,ragnaros,192,hunter,beastmastery,6,2,4
Flor,boulderfist,192,hunter,beastmastery,6,2,4
Camfeed,illidan,192,hunter,beastmastery,6,2,4
Elfinballz,khadgar,192,hunter,beastmastery,6,2,4
Totolol,trollbane,192,hunter,beastmastery,6,2,4
Kudzue,illidan,192,hunter,beastmastery,6,2,4
Munrrack,ragnaros,192,hunter,beastmastery,6,2,4
Nubcaks,nerzhul,192,hunter,beastmastery,6,2,4
Nevon,azralon,192,hunter,beastmastery,6,2,4
Singer,lothar,192,hunter,beastmastery,6,2,4
Artemisa,warsong,192,hunter,beastmastery,6,2,4
Jbahh,hyjal,192,hunter,beastmastery,6,2,4
Capnjack,hyjal,192,hunter,beastmastery,6,2,4
Pressbro,tichondrius,192,hunter,beastmastery,6,2,4
Zertkal,undermine,192,hunter,beastmastery,6,2,4
Fjdominador,azralon,192,hunter,beastmastery,6,2,4
Survenant,zuljin,192,hunter,beastmastery,6,2,4
Juicyfruit,bleeding-hollow,192,hunter,beastmastery,6,2,4
Shikago,wyrmrest-accord,192,hunter,beastmastery,6,2,4
Chaseurnoir,exodar,192,hunter,beastmastery,6,2,4
Warplaquee,zuljin,192,hunter,beastmastery,6,2,4
Chømp,tichondrius,192,hunter,beastmastery,6,2,4
Mídnîght,azralon,192,hunter,beastmastery,6,2,4
Twocranes,tichondrius,192,hunter,beastmastery,6,2,4
Ikiteforfood,zuljin,192,hunter,beastmastery,6,2,4
Blakespace,area-52,192,hunter,beastmastery,6,2,4
Urukkz,goldrinn,192,hunter,beastmastery,6,2,4
Zhanzu,quelthalas,192,hunter,beastmastery,6,2,4
Plastera,zuljin,192,hunter,beastmastery,6,2,4
Rostter,azralon,192,hunter,beastmastery,6,2,4
Rhyzen,drenden,192,hunter,beastmastery,6,2,4
Impërïum,zuljin,192,hunter,beastmastery,6,2,4
Magvez,tichondrius,192,hunter,beastmastery,6,2,4
Etarie,malganis,192,hunter,beastmastery,6,2,4
Snaken,the-forgotten-coast,192,hunter,beastmastery,6,2,4
Rúdrá,area-52,192,hunter,beastmastery,6,2,4
Notoffended,sargeras,192,hunter,beastmastery,6,2,4
Aaggros,sargeras,192,hunter,beastmastery,6,2,4
Ganderion,sargeras,192,hunter,beastmastery,6,2,4
Gorgoon,sargeras,192,hunter,beastmastery,6,2,4
Equalizér,sargeras,192,hunter,beastmastery,6,2,4
Jämmëdclïp,emerald-dream,192,hunter,beastmastery,6,2,4
Dynith,sargeras,192,hunter,beastmastery,6,2,4
Thyladaern,kiljaeden,192,hunter,beastmastery,12,2,10
Ullr,gurubashi,192,hunter,beastmastery,12,2,10
Arrowzpeckt,tichondrius,192,hunter,beastmastery,12,2,10
Ijii,tichondrius,192,hunter,beastmastery,12,2,10
Carloslaun,drakkari,192,hunter,beastmastery,12,2,10
Tânsøxøxø,tichondrius,192,hunter,beastmastery,12,2,10
Jezoo,frostmourne,192,hunter,beastmastery,12,2,10
Tánsøxøxø,tichondrius,192,hunter,beastmastery,12,2,10
Bjj,eonar,192,hunter,beastmastery,12,2,10
Meetdmonster,illidan,192,hunter,beastmastery,12,2,10
Khabul,area-52,192,hunter,beastmastery,12,2,10
Sniffler,barthilas,192,hunter,beastmastery,12,2,10
Lhax,stormrage,192,hunter,beastmastery,12,2,10
Tuvasa,blood-furnace,191,hunter,beastmastery,6,2,4
Stoneforged,ragnaros,191,hunter,beastmastery,6,2,4
Recebaa,barthilas,191,hunter,beastmastery,6,2,4
Moapax,azralon,191,hunter,beastmastery,6,2,4
Malthiz,antonidas,191,hunter,beastmastery,6,2,4
Aiilton,gallywix,191,hunter,beastmastery,6,2,4
Drakarÿs,drakkari,191,hunter,beastmastery,12,2,10
Neverhunter,azralon,175,hunter,beastmastery,6,3,3
Linszsz,nemesis,169,hunter,beastmastery,11,4,7
Zock,lothar,160,hunter,beastmastery,10,2,8
Helikaon,deathwing,159,hunter,beastmastery,5,2,3
Viserysll,azralon,159,hunter,beastmastery,5,2,3
Sleepywrld,area-52,159,hunter,beastmastery,5,2,3
Maximum,tichondrius,159,hunter,beastmastery,5,2,3
Skrìms,tichondrius,159,hunter,beastmastery,5,2,3
Lele,stormrage,138,hunter,beastmastery,8,4,4
Hazzlôk,cairne,138,hunter,beastmastery,14,4,10
Piñg,tichondrius,128,hunter,beastmastery,4,2,2
Laviè,tichondrius,112,hunter,beastmastery,4,3,1
Nakyash,ragnaros,96,hunter,beastmastery,3,2,1
Ghostone,sargeras,96,hunter,beastmastery,6,1,5
Ilîiìîìiilil,bleeding-hollow,96,hunter,beastmastery,6,1,5
Jabbar,bleeding-hollow,96,hunter,beastmastery,6,1,5
Wamion,zuljin,96,hunter,beastmastery,6,1,5
Bertiebott,zuljin,96,hunter,beastmastery,6,1,5
Nachtcloverr,stormrage,96,hunter,beastmastery,6,1,5
Carot,dalaran,96,hunter,beastmastery,6,1,5
Oldmandave,stormrage,96,hunter,beastmastery,6,1,5
Henhøuse,illidan,96,hunter,beastmastery,6,1,5
Skeetslinger,illidan,96,hunter,beastmastery,6,1,5
Foakus,zuljin,96,hunter,beastmastery,6,1,5
Frenchhtoast,sargeras,96,hunter,beastmastery,6,1,5
Bellaphonte,stormrage,96,hunter,beastmastery,6,1,5
Spitballa,emerald-dream,96,hunter,beastmastery,6,1,5
Physical,destromath,96,hunter,beastmastery,6,1,5
Vencc,tichondrius,96,hunter,beastmastery,6,1,5
Bosshunt,whisperwind,96,hunter,beastmastery,6,1,5
Cocobread,stormreaver,96,hunter,beastmastery,6,1,5
Nearsightedd,area-52,96,hunter,beastmastery,6,1,5
Dampteeth,sargeras,96,hunter,beastmastery,6,1,5
Sóggybóxers,tichondrius,96,hunter,beastmastery,6,1,5
Varag,amanthul,96,hunter,beastmastery,6,1,5
Boyarsky,area-52,96,hunter,beastmastery,6,1,5
Kok,andorhal,96,hunter,beastmastery,6,1,5
Muckenfoose,frostmourne,96,hunter,beastmastery,6,1,5
Appä,lightnings-blade,96,hunter,beastmastery,6,1,5
Tiraa,kelthuzad,96,hunter,beastmastery,6,1,5
Mtuanwm,tichondrius,96,hunter,beastmastery,6,1,5
Allgasnocap,kelthuzad,96,hunter,beastmastery,6,1,5
Bithiáh,quelthalas,96,hunter,beastmastery,6,1,5
Warpedshots,malganis,96,hunter,beastmastery,6,1,5
Baehydra,frostmourne,96,hunter,beastmastery,6,1,5
Opsi,ragnaros,96,hunter,beastmastery,6,1,5
Panm,runetotem,96,hunter,beastmastery,6,1,5
Murk,spirestone,96,hunter,beastmastery,6,1,5
Elisen,frostmourne,96,hunter,beastmastery,6,1,5
Boido,ghostlands,96,hunter,beastmastery,6,1,5
Xclaw,llane,96,hunter,beastmastery,6,1,5
Fadingtrapz,jubeithos,96,hunter,beastmastery,6,1,5
Justforfunxx,tichondrius,96,hunter,beastmastery,6,1,5
Birggitte,the-venture-co,96,hunter,beastmastery,6,1,5
Speirs,tichondrius,96,hunter,beastmastery,6,1,5
Cophunter,tichondrius,96,hunter,beastmastery,6,1,5
Dusle,azralon,96,hunter,beastmastery,6,1,5
Xcopel,azralon,96,hunter,beastmastery,6,1,5
Penelòpe,wyrmrest-accord,96,hunter,beastmastery,6,1,5
Huntardness,moon-guard,96,hunter,beastmastery,6,1,5
Bigpie,daggerspine,96,hunter,beastmastery,6,1,5
Auset,aegwynn,96,hunter,beastmastery,6,1,5
Percival,firetree,96,hunter,beastmastery,6,1,5
Ballinpotato,tichondrius,96,hunter,beastmastery,6,1,5
Cynasia,maelstrom,96,hunter,beastmastery,6,1,5
Espaada,tichondrius,96,hunter,beastmastery,6,1,5
Robious,tichondrius,96,hunter,beastmastery,6,1,5
Darkhunterr,tichondrius,96,hunter,beastmastery,6,1,5
Rexxiga,kiljaeden,96,hunter,beastmastery,6,1,5
Wixyy,aegwynn,96,hunter,beastmastery,6,1,5
Patcherson,kargath,96,hunter,beastmastery,6,1,5
Poonbaddy,kiljaeden,96,hunter,beastmastery,6,1,5
Sobala,azralon,96,hunter,beastmastery,6,1,5
Ãmi,moon-guard,96,hunter,beastmastery,6,1,5
Båttousai,kiljaeden,96,hunter,beastmastery,6,1,5
Nimbioth,proudmoore,96,hunter,beastmastery,6,1,5
Bendotexe,stormrage,96,hunter,beastmastery,7,1,6
Divineseraph,dentarg,96,hunter,beastmastery,12,1,11
Desoh,kelthuzad,96,hunter,beastmastery,12,1,11
Boomup,tichondrius,96,hunter,beastmastery,12,1,11
Tydee,nagrand,96,hunter,beastmastery,12,1,11
Coletrickle,chogall,96,hunter,beastmastery,12,1,11
Leaii,thrall,95,hunter,beastmastery,6,1,5
Kölhberg,azralon,64,hunter,beastmastery,10,1,9
Jonyvi,stormrage,63,hunter,beastmastery,2,2,0
Triggamikê,tichondrius,63,hunter,beastmastery,2,2,0
Falsifier,ragnaros,48,hunter,beastmastery,3,1,2
Yory,tol-barad,48,hunter,beastmastery,3,1,2
Memorypet,proudmoore,48,hunter,beastmastery,3,1,2
Bowjoblul,stormrage,42,hunter,beastmastery,9,2,7
Khillin,destromath,31,hunter,beastmastery,2,1,1
Voladren,moon-guard,31,hunter,beastmastery,2,1,1
Numbing,sargeras,2233,mage,arcane,100,54,46
Venruki,tichondrius,2137,mage,arcane,78,44,34
Cvark,sargeras,2123,mage,arcane,76,45,31
Ktp,tichondrius,2067,mage,arcane,72,42,30
Junglejape,tichondrius,1967,mage,arcane,54,35,19
Bambambilly,kelthuzad,1864,mage,arcane,78,43,35
Bíscuít,illidan,1864,mage,arcane,139,76,63
Whiterice,zuljin,1862,mage,arcane,44,28,16
Sestren,zuljin,1813,mage,arcane,54,28,26
Vampìrelolz,tichondrius,1809,mage,arcane,48,26,22
Oneschool,sargeras,1781,mage,arcane,48,24,24
Elfmage,tichondrius,1777,mage,arcane,30,19,11
Mokelovin,sargeras,1757,mage,arcane,47,26,21
Hallat,archimonde,1743,mage,arcane,189,92,97
Juicemage,tichondrius,1736,mage,arcane,48,25,23
Snortmeth,area-52,1721,mage,arcane,54,36,18
Lmaginedying,illidan,1715,mage,arcane,30,24,6
Birdfather,tichondrius,1695,mage,arcane,30,23,7
Clutchy,gorefiend,1672,mage,arcane,42,29,13
Ligmmah,stormrage,1672,mage,arcane,36,21,15
Nyj,tichondrius,1666,mage,arcane,41,24,17
Zps,illidan,1662,mage,arcane,48,27,21
Shwaysted,burning-blade,1657,mage,arcane,42,22,20
Xialing,tichondrius,1631,mage,arcane,40,24,16
Magecombe,thrall,1617,mage,arcane,30,17,13
Proximalol,tichondrius,1610,mage,arcane,36,20,16
Spitemage,tichondrius,1608,mage,arcane,54,23,31
Hööva,illidan,1604,mage,arcane,30,17,13
Agoniey,illidan,1603,mage,arcane,95,50,45
Rhythmdog,tichondrius,1603,mage,arcane,45,21,24
Delibro,tichondrius,1602,mage,arcane,34,21,13
Primearcanis,tol-barad,1601,mage,arcane,48,22,26
Arianark,sargeras,1592,mage,arcane,30,21,9
Felsparkles,area-52,1589,mage,arcane,54,30,24
Dmgperseç,tichondrius,1575,mage,arcane,24,17,7
Dbox,stormscale,1549,mage,arcane,58,32,26
Prosperoh,burning-legion,1545,mage,arcane,36,20,16
Zhanna,nazjatar,1535,mage,arcane,96,47,49
Lucidaze,daggerspine,1520,mage,arcane,98,49,49
Hustle,frostmourne,1516,mage,arcane,78,42,36
Exterminatüs,tichondrius,1508,mage,arcane,45,19,26
Sáron,quelthalas,1488,mage,arcane,42,25,17
Missile,frostmourne,1454,mage,arcane,36,17,19
Ject,ragnaros,1438,mage,arcane,42,20,22
Linkolni,azralon,1432,mage,arcane,79,43,36
Höövalt,illidan,1417,mage,arcane,24,15,9
Hennimage,sargeras,1410,mage,arcane,102,59,43
Somariais,illidan,1399,mage,arcane,42,20,22
Söngs,goldrinn,1387,mage,arcane,24,15,9
Perrc,area-52,1376,mage,arcane,102,46,56
Wizzyx,illidan,1373,mage,arcane,40,21,19
Castarcane,nordrassil,1370,mage,arcane,36,17,19
Melkdud,wyrmrest-accord,1341,mage,arcane,24,14,10
Coôler,illidan,1313,mage,arcane,39,16,23
Szrp,stormrage,1306,mage,arcane,45,20,25
Avandal,proudmoore,1304,mage,arcane,53,18,35
Ruzam,area-52,1303,mage,arcane,180,88,92
Draell,drakkari,1301,mage,arcane,54,30,24
Véyda,emerald-dream,1300,mage,arcane,54,27,27
Airbnb,area-52,1298,mage,arcane,34,20,14
Valrendor,nazjatar,1294,mage,arcane,37,25,12
Chezzmasterx,misha,1289,mage,arcane,63,31,32
Thewizârd,stormrage,1274,mage,arcane,156,84,72
Jedamere,proudmoore,1260,mage,arcane,36,17,19
Strêss,kelthuzad,1255,mage,arcane,123,60,63
Gessin,area-52,1245,mage,arcane,100,50,50
Bananappeal,kelthuzad,1243,mage,arcane,30,13,17
Unlike,sargeras,1235,mage,arcane,71,29,42
Antifreezex,tichondrius,1227,mage,arcane,41,25,16
Skywalkerino,azralon,1215,mage,arcane,107,55,52
Gryd,area-52,1193,mage,arcane,78,42,36
Greenwise,illidan,1183,mage,arcane,30,16,14
Yonzho,area-52,1160,mage,arcane,20,13,7
Fearhades,drakkari,1159,mage,arcane,24,13,11
Cyphen,proudmoore,1146,mage,arcane,24,12,12
Oyagi,moon-guard,1129,mage,arcane,77,37,40
Cokézero,frostmourne,1128,mage,arcane,45,22,23
Chëryl,proudmoore,1119,mage,arcane,94,40,54
Badwoman,tichondrius,1111,mage,arcane,36,13,23
Kittikk,tichondrius,1107,mage,arcane,96,45,51
Klausgc,sargeras,1084,mage,arcane,20,12,8
Holbrook,greymane,1081,mage,arcane,48,17,31
Arcanemagek,tichondrius,1056,mage,arcane,12,11,1
Spellsteål,malganis,1055,mage,arcane,12,11,1
Ezchallenger,undermine,1055,mage,arcane,24,11,13
Dawitchery,illidan,1055,mage,arcane,24,11,13
Tommagic,tichondrius,1055,mage,arcane,30,11,19
Wïzarduous,mannoroth,1053,mage,arcane,18,11,7
Enthy,frostmourne,1052,mage,arcane,24,11,13
Astrojrue,sargeras,1049,mage,arcane,23,11,12
Alode,moon-guard,1048,mage,arcane,18,11,7
Tsarevich,fizzcrank,1008,mage,arcane,36,14,22
Smoks,stormrage,973,mage,arcane,26,12,14
Raeign,frostmourne,972,mage,arcane,117,55,62
Nightsaber,blackrock,960,mage,arcane,12,10,2
Windwìtch,quelthalas,960,mage,arcane,18,10,8
Tbkz,amanthul,960,mage,arcane,24,10,14
Zerathremar,proudmoore,958,mage,arcane,18,10,8
Balencii,kiljaeden,957,mage,arcane,18,10,8
Haze,hyjal,955,mage,arcane,18,10,8
Themagicman,whisperwind,954,mage,arcane,24,10,14
Tagere,moon-guard,954,mage,arcane,24,10,14
Orderlight,alexstrasza,954,mage,arcane,24,10,14
Lünå,onyxia,948,mage,arcane,18,10,8
Morkleen,korgath,943,mage,arcane,30,10,20
Shadows,exodar,934,mage,arcane,24,10,14
Dietdeww,borean-tundra,913,mage,arcane,18,10,8
Khierlana,hellscream,903,mage,arcane,66,27,39
Mastablastar,windrunner,899,mage,arcane,23,10,13
Jazzgroyper,sargeras,864,mage,arcane,18,9,9
Allýria,stormrage,863,mage,arcane,18,9,9
Pandazed,proudmoore,863,mage,arcane,18,9,9
Sherian,queldorei,832,mage,arcane,18,9,9
Jööz,deathwing,768,mage,arcane,18,8,10
Eludin,aegwynn,768,mage,arcane,18,8,10
Shmage,dragonmaw,767,mage,arcane,12,8,4
Watchmepog,tichondrius,767,mage,arcane,12,8,4
Gin,nemesis,767,mage,arcane,12,8,4
Fakebusiness,area-52,767,mage,arcane,18,8,10
Boredmoomoo,thunderlord,765,mage,arcane,12,8,4
Archtype,azralon,764,mage,arcane,24,8,16
Sceledrus,quelthalas,760,mage,arcane,18,8,10
Aycc,tichondrius,735,mage,arcane,17,8,9
Clernlol,emerald-dream,672,mage,arcane,24,7,17
Zezima,spirestone,671,mage,arcane,12,7,5
Ankidar,quelthalas,671,mage,arcane,18,7,11
Warthormage,stormrage,670,mage,arcane,12,7,5
Derkrìeger,turalyon,670,mage,arcane,18,7,11
Zimzum,bladefist,666,mage,arcane,12,7,5
Jackson,altar-of-storms,664,mage,arcane,24,7,17
Waisted,kelthuzad,654,mage,arcane,13,8,5
Zukoprince,azralon,576,mage,arcane,6,6,0
Astroner,frostmourne,576,mage,arcane,12,6,6
Vênsêr,emerald-dream,576,mage,arcane,12,6,6
Harshx,bleeding-hollow,576,mage,arcane,12,6,6
Fryry,dalaran,576,mage,arcane,12,6,6
Aeghis,stormrage,576,mage,arcane,12,6,6
Spart,runetotem,576,mage,arcane,17,6,11
Moond,drakkari,575,mage,arcane,12,6,6
Mageyoulooks,kelthuzad,575,mage,arcane,18,6,12
Wizfajita,malganis,575,mage,arcane,18,6,12
Cassanara,moon-guard,574,mage,arcane,18,6,12
Bobalama,tichondrius,573,mage,arcane,24,6,18
Waef,quelthalas,571,mage,arcane,12,6,6
Enfuegoe,tichondrius,571,mage,arcane,12,6,6
Esien,tichondrius,522,mage,arcane,20,7,13
Unmix,tichondrius,510,mage,arcane,14,6,8
Skillsbro,arthas,480,mage,arcane,6,5,1
Austere,boulderfist,480,mage,arcane,6,5,1
Wauzcrol,quelthalas,480,mage,arcane,12,5,7
Shäräpova,zuljin,480,mage,arcane,12,5,7
Dagreatone,malganis,480,mage,arcane,12,5,7
Diamondx,ragnaros,480,mage,arcane,12,5,7
Beerbelly,tichondrius,480,mage,arcane,12,5,7
Étel,nemesis,480,mage,arcane,12,5,7
Kevymarts,tichondrius,480,mage,arcane,18,5,13
Kosiris,tichondrius,480,mage,arcane,18,5,13
Softbody,barthilas,479,mage,arcane,12,5,7
Drainbamage,coilfang,479,mage,arcane,18,5,13
Humpadumplin,wyrmrest-accord,478,mage,arcane,24,5,19
Merlon,dalaran,476,mage,arcane,12,5,7
Kirayu,gilneas,416,mage,arcane,10,5,5
Larouse,quelthalas,415,mage,arcane,8,5,3
Dogmagetw,tichondrius,384,mage,arcane,6,4,2
Magicos,frostmourne,384,mage,arcane,6,4,2
Cømbust,frostmourne,384,mage,arcane,6,4,2
Wanming,tichondrius,384,mage,arcane,6,4,2
Lightsoran,tichondrius,384,mage,arcane,6,4,2
Tuggernaug,malganis,384,mage,arcane,6,4,2
Garrieto,sargeras,384,mage,arcane,6,4,2
Parapio,tichondrius,384,mage,arcane,6,4,2
Hasteboy,kelthuzad,384,mage,arcane,6,4,2
Fredcouples,tichondrius,384,mage,arcane,6,4,2
Magnesiium,illidan,384,mage,arcane,6,4,2
Chilléd,tichondrius,384,mage,arcane,6,4,2
Jordèb,sargeras,384,mage,arcane,6,4,2
Noescaping,illidan,384,mage,arcane,12,4,8
Nesomage,destromath,384,mage,arcane,12,4,8
Biotic,kiljaeden,384,mage,arcane,12,4,8
Hogslop,saurfang,384,mage,arcane,12,4,8
Forestella,tichondrius,384,mage,arcane,12,4,8
Oharvestero,illidan,384,mage,arcane,12,4,8
Bigbuttangel,borean-tundra,384,mage,arcane,12,4,8
Scxut,tichondrius,384,mage,arcane,12,4,8
Khaldyn,tichondrius,384,mage,arcane,12,4,8
Preckwinkle,moon-guard,382,mage,arcane,6,4,2
Ærtai,black-dragonflight,304,mage,arcane,7,4,3
Insulting,aerie-peak,288,mage,arcane,6,3,3
Milfmaster,aerie-peak,288,mage,arcane,6,3,3
Myrondor,tichondrius,288,mage,arcane,6,3,3
Kogin,thrall,288,mage,arcane,6,3,3
Bobbyyx,sargeras,288,mage,arcane,6,3,3
Madpoondog,frostmourne,288,mage,arcane,6,3,3
Xzude,korgath,288,mage,arcane,6,3,3
Natzue,sargeras,288,mage,arcane,6,3,3
Unknownblast,kul-tiras,288,mage,arcane,6,3,3
Zerodium,sargeras,288,mage,arcane,6,3,3
Adrazell,sargeras,288,mage,arcane,6,3,3
Watchmesleep,tichondrius,288,mage,arcane,6,3,3
Jizzlez,tichondrius,288,mage,arcane,6,3,3
Snoogma,illidan,288,mage,arcane,6,3,3
Xythros,stormrage,288,mage,arcane,6,3,3
Heflash,azralon,288,mage,arcane,6,3,3
Christensen,stormrage,288,mage,arcane,6,3,3
Koro,tichondrius,288,mage,arcane,6,3,3
Hansol,farstriders,288,mage,arcane,6,3,3
Pwnstarx,proudmoore,288,mage,arcane,6,3,3
Murr,boulderfist,288,mage,arcane,6,3,3
Arçanemage,tichondrius,288,mage,arcane,12,3,9
Elux,whisperwind,288,mage,arcane,12,3,9
Toknsmoke,tichondrius,288,mage,arcane,12,3,9
Hogdog,illidan,288,mage,arcane,12,3,9
Matmagic,drakkari,288,mage,arcane,13,3,10
Kryptekk,area-52,287,mage,arcane,6,3,3
Calcaster,aegwynn,287,mage,arcane,6,3,3
Grarg,stormrage,286,mage,arcane,6,3,3
Karamzov,zuljin,286,mage,arcane,12,3,9
Arcanin,thunderlord,285,mage,arcane,12,3,9
Etyx,tichondrius,239,mage,arcane,5,3,2
Røcco,azralon,192,mage,arcane,4,3,1
Dereliction,nagrand,192,mage,arcane,6,2,4
Xpez,stormrage,192,mage,arcane,6,2,4
Opiumlord,tichondrius,192,mage,arcane,6,2,4
Blastgodx,stormrage,192,mage,arcane,6,2,4
Vengx,tichondrius,192,mage,arcane,6,2,4
Billzeye,dalaran,192,mage,arcane,6,2,4
Burna,amanthul,192,mage,arcane,6,2,4
Vensyr,stormrage,192,mage,arcane,6,2,4
Chinkins,illidan,192,mage,arcane,6,2,4
Ferdabombs,tichondrius,192,mage,arcane,6,2,4
Alìv,tichondrius,192,mage,arcane,6,2,4
Crinkit,frostmourne,192,mage,arcane,6,2,4
Nekrobear,nemesis,192,mage,arcane,6,2,4
Sheepshot,dentarg,192,mage,arcane,6,2,4
Highafrn,area-52,192,mage,arcane,6,2,4
Xunalatu,frostmourne,192,mage,arcane,6,2,4
Pullmefingy,illidan,192,mage,arcane,6,2,4
Umber,dreadmaul,192,mage,arcane,6,2,4
Caimil,echo-isles,192,mage,arcane,6,2,4
Akunimon,ragnaros,192,mage,arcane,6,2,4
Fakelovè,area-52,192,mage,arcane,6,2,4
Icebish,skullcrusher,192,mage,arcane,6,2,4
Mymaage,andorhal,192,mage,arcane,6,2,4
Gatka,quelthalas,192,mage,arcane,12,2,10
Mcshwackin,area-52,192,mage,arcane,12,2,10
Compactor,emerald-dream,192,mage,arcane,12,2,10
Vires,kelthuzad,159,mage,arcane,5,2,3
Failedwizard,frostmourne,138,mage,arcane,16,4,12
Purpledrank,nagrand,96,mage,arcane,9,2,7
Frozorfs,tichondrius,96,mage,arcane,6,1,5
Octané,illidan,96,mage,arcane,6,1,5
Smôl,emerald-dream,96,mage,arcane,6,1,5
Nazztwren,bleeding-hollow,96,mage,arcane,6,1,5
Gôøglëlòl,nemesis,96,mage,arcane,6,1,5
Ignit,stormrage,96,mage,arcane,6,1,5
Burrbon,area-52,96,mage,arcane,6,1,5
Lacouet,lightnings-blade,96,mage,arcane,6,1,5
Nachtt,sargeras,96,mage,arcane,6,1,5
Pollybot,tichondrius,96,mage,arcane,6,1,5
Mageki,ragnaros,96,mage,arcane,6,1,5
Cubanarox,gallywix,96,mage,arcane,6,1,5
Krazsus,tichondrius,96,mage,arcane,6,1,5
Illúmi,moon-guard,96,mage,arcane,6,1,5
Darthez,darkspear,96,mage,arcane,6,1,5
Needmyvape,moon-guard,96,mage,arcane,6,1,5
Coldrin,tichondrius,96,mage,arcane,6,1,5
Flomin,tichondrius,96,mage,arcane,6,1,5
Quinnfreeze,boulderfist,96,mage,arcane,6,1,5
Trippy,senjin,96,mage,arcane,6,1,5
Greaterbust,tichondrius,96,mage,arcane,12,1,11
Kralien,dalaran,95,mage,arcane,6,1,5
Frostmaul,dreadmaul,79,mage,arcane,11,1,10
Keepinitnoob,tichondrius,63,mage,arcane,2,2,0
Setback,illidan,2122,mage,fire,138,69,69
Taylorlol,tichondrius,2092,mage,fire,104,51,53
Valériemeow,tichondrius,2066,mage,fire,109,53,56
Talibandzx,sargeras,2042,mage,fire,159,77,82
Adjudicatory,tichondrius,2003,mage,fire,69,34,35
Kasperkar,illidan,1991,mage,fire,239,121,118
Hansol,farstriders,1984,mage,fire,48,27,21
Icetomeetyu,bleeding-hollow,1979,mage,fire,112,60,52
Horoba,sargeras,1979,mage,fire,114,53,61
Vcamusorz,tichondrius,1969,mage,fire,160,84,76
Xiaoxiaochu,tichondrius,1958,mage,fire,140,86,54
Bigfirebat,tichondrius,1957,mage,fire,84,42,42
Gohonn,emerald-dream,1907,mage,fire,96,56,40
Poundcakezx,tichondrius,1905,mage,fire,54,28,26
Vazlgs,tichondrius,1902,mage,fire,72,42,30
Yaya,kargath,1883,mage,fire,87,45,42
Nightsaber,blackrock,1869,mage,fire,42,26,16
Aeghis,stormrage,1863,mage,fire,42,21,21
Ròÿ,area-52,1861,mage,fire,72,37,35
Csx,turalyon,1854,mage,fire,102,59,43
Sorcerous,bloodhoof,1853,mage,fire,106,66,40
Rmxd,malganis,1851,mage,fire,87,46,41
Ksmackm,illidan,1842,mage,fire,65,34,31
Purpscurp,illidan,1838,mage,fire,47,30,17
Starxen,tichondrius,1838,mage,fire,48,27,21
Undeadmerlin,zuljin,1834,mage,fire,54,30,24
Vampìrelolz,tichondrius,1828,mage,fire,47,25,22
Cinnablast,darkspear,1824,mage,fire,26,20,6
Degen,laughing-skull,1824,mage,fire,34,25,9
Fwooshinator,malganis,1823,mage,fire,71,56,15
Såni,tichondrius,1819,mage,fire,67,39,28
Younghehe,tichondrius,1816,mage,fire,103,59,44
Juju,tichondrius,1803,mage,fire,57,36,21
Peachygamer,stormscale,1799,mage,fire,120,56,64
Dáddyshark,sargeras,1791,mage,fire,91,41,50
Udmx,zuljin,1786,mage,fire,61,33,28
Highms,stormrage,1783,mage,fire,48,27,21
Volkazar,sargeras,1766,mage,fire,39,21,18
Käxs,ragnaros,1762,mage,fire,42,21,21
Zoryack,azralon,1758,mage,fire,60,31,29
Notini,azralon,1752,mage,fire,66,29,37
Lycheeoolong,frostmourne,1720,mage,fire,32,22,10
Varroc,quelthalas,1708,mage,fire,64,31,33
Itshug,area-52,1703,mage,fire,47,25,22
Snoogma,illidan,1702,mage,fire,35,25,10
Likebutter,tichondrius,1695,mage,fire,30,22,8
Háté,ragnaros,1689,mage,fire,54,24,30
Creaystar,area-52,1685,mage,fire,137,67,70
Ööf,emerald-dream,1675,mage,fire,54,26,28
Nickioxox,tichondrius,1674,mage,fire,24,18,6
Bighot,tichondrius,1673,mage,fire,90,53,37
Tuniepop,sargeras,1666,mage,fire,83,42,41
Wanming,tichondrius,1662,mage,fire,36,23,13
Firewreckage,malganis,1655,mage,fire,48,24,24
Daddymayhem,proudmoore,1653,mage,fire,54,24,30
Pootysmooch,sargeras,1639,mage,fire,54,33,21
Trippy,senjin,1630,mage,fire,60,30,30
Audacy,sargeras,1629,mage,fire,108,57,51
Yorgøs,ragnaros,1625,mage,fire,42,22,20
Kev,sentinels,1624,mage,fire,72,42,30
Enthy,frostmourne,1623,mage,fire,60,30,30
Opisop,kelthuzad,1621,mage,fire,36,20,16
Dagreatone,malganis,1621,mage,fire,40,21,19
Ligmmah,stormrage,1615,mage,fire,36,22,14
Myrondor,tichondrius,1611,mage,fire,78,43,35
Iceward,frostmourne,1611,mage,fire,36,18,18
Chainpoly,area-52,1609,mage,fire,37,25,12
Fruitdealerr,tichondrius,1607,mage,fire,48,29,19
Ârcano,ragnaros,1607,mage,fire,38,21,17
Zarkanis,tichondrius,1604,mage,fire,49,25,24
Garbagemage,barthilas,1602,mage,fire,60,33,27
Wizarts,ragnaros,1602,mage,fire,42,20,22
Singheart,tichondrius,1601,mage,fire,114,61,53
Jardz,area-52,1597,mage,fire,42,21,21
Sakurai,tichondrius,1593,mage,fire,48,28,20
Djpolymorph,stormrage,1589,mage,fire,82,48,34
Thxo,hyjal,1584,mage,fire,51,22,29
Pzaz,moon-guard,1582,mage,fire,50,30,20
Wotl,tichondrius,1580,mage,fire,92,48,44
Hpthewizard,deathwing,1579,mage,fire,89,52,37
Jojomage,thrall,1561,mage,fire,102,56,46
Kraxos,stormrage,1549,mage,fire,30,17,13
Trolson,sargeras,1546,mage,fire,54,26,28
Wickymorph,barthilas,1542,mage,fire,41,20,21
Fookz,malganis,1540,mage,fire,54,30,24
Xs,stormrage,1534,mage,fire,120,67,53
Nazmagus,hydraxis,1529,mage,fire,51,32,19
Squantanimo,shadowmoon,1527,mage,fire,53,26,27
Mushys,stormrage,1525,mage,fire,29,18,11
Smallbrainz,emerald-dream,1522,mage,fire,42,27,15
Magekylex,proudmoore,1522,mage,fire,99,58,41
Biscobush,turalyon,1519,mage,fire,30,18,12
Worldonfire,ragnaros,1518,mage,fire,100,52,48
Marrioo,tichondrius,1511,mage,fire,30,17,13
Imannoyingha,darkspear,1510,mage,fire,71,37,34
Oi,frostwolf,1508,mage,fire,35,23,12
Mager,dentarg,1508,mage,fire,62,40,22
Jundead,dalaran,1499,mage,fire,59,39,20
Pòlly,illidan,1495,mage,fire,42,25,17
Teetems,sargeras,1493,mage,fire,101,50,51
Beerandmagic,zuljin,1487,mage,fire,30,16,14
Rockoe,tichondrius,1487,mage,fire,60,31,29
Lilbabyx,stormrage,1484,mage,fire,50,25,25
Ultrá,stormscale,1475,mage,fire,36,23,13
Torched,stormreaver,1475,mage,fire,36,16,20
Chickenspank,stormrage,1473,mage,fire,36,18,18
Pyroshima,barthilas,1464,mage,fire,83,39,44
Coolhandz,tichondrius,1457,mage,fire,35,18,17
Murcury,tichondrius,1451,mage,fire,114,55,59
Sparklepoof,tichondrius,1449,mage,fire,29,17,12
Bettybonk,cenarius,1449,mage,fire,42,20,22
Sydrol,area-52,1441,mage,fire,66,36,30
Xanthan,runetotem,1435,mage,fire,33,19,14
Toastedoats,hyjal,1434,mage,fire,45,24,21
Mariomario,tichondrius,1433,mage,fire,30,18,12
Ålmøst,tichondrius,1433,mage,fire,59,34,25
Whiteyx,saurfang,1427,mage,fire,46,27,19
Pyroflinger,stormrage,1422,mage,fire,36,18,18
Elwyn,dunemaul,1421,mage,fire,36,19,17
Øzmage,area-52,1416,mage,fire,21,16,5
Anàrchy,emerald-dream,1411,mage,fire,39,21,18
Purpledrank,nagrand,1411,mage,fire,67,31,36
Eekzlol,illidan,1409,mage,fire,30,16,14
Eazzybaby,eredar,1406,mage,fire,287,149,138
Dreadparadox,bleeding-hollow,1405,mage,fire,34,16,18
Leonr,tichondrius,1397,mage,fire,47,27,20
Ruzam,area-52,1394,mage,fire,66,31,35
Hööva,illidan,1392,mage,fire,71,35,36
Jizzlez,tichondrius,1392,mage,fire,36,17,19
Benisp,stormrage,1388,mage,fire,32,17,15
Coôler,illidan,1388,mage,fire,84,40,44
Lolololololo,kelthuzad,1386,mage,fire,126,59,67
Leaso,tichondrius,1384,mage,fire,45,22,23
Kyphosis,illidan,1378,mage,fire,30,16,14
Neglect,moknathal,1375,mage,fire,30,16,14
Marajaade,tichondrius,1372,mage,fire,68,31,37
Rudeswizard,area-52,1368,mage,fire,43,20,23
Coltrip,azralon,1359,mage,fire,83,38,45
Skoffla,executus,1354,mage,fire,36,17,19
Yooyar,barthilas,1345,mage,fire,80,32,48
Adronicus,tichondrius,1344,mage,fire,54,30,24
Badaszbich,tichondrius,1344,mage,fire,36,20,16
Sikeyzlol,bleeding-hollow,1343,mage,fire,24,14,10
Sorankim,tichondrius,1343,mage,fire,30,14,16
Adrazell,sargeras,1318,mage,fire,36,18,18
Holbrook,greymane,1316,mage,fire,49,24,25
Quizzard,blackrock,1310,mage,fire,28,15,13
Dexpy,tichondrius,1309,mage,fire,26,15,11
Jjijuns,tichondrius,1302,mage,fire,40,18,22
Waffles,ravencrest,1297,mage,fire,56,26,30
Carnelius,bleeding-hollow,1292,mage,fire,63,32,31
Abzy,sargeras,1292,mage,fire,48,24,24
Hypernova,vashj,1277,mage,fire,41,19,22
Swaglo,illidan,1269,mage,fire,33,16,17
Helcarwen,area-52,1261,mage,fire,60,30,30
Zulugara,barthilas,1258,mage,fire,36,19,17
Alzagen,ragnaros,1249,mage,fire,38,17,21
Charkoalzz,moon-guard,1246,mage,fire,24,13,11
Magicmaghar,area-52,1238,mage,fire,24,13,11
Feogato,proudmoore,1237,mage,fire,60,29,31
Politeness,tichondrius,1233,mage,fire,24,13,11
Smigui,azralon,1231,mage,fire,117,53,64
Juul,emerald-dream,1231,mage,fire,30,13,17
Mongomike,stormrage,1231,mage,fire,51,21,30
Christjan,tichondrius,1230,mage,fire,120,62,58
Slumpgodd,frostmourne,1230,mage,fire,30,13,17
Fíery,blades-edge,1227,mage,fire,60,27,33
Dragonie,nordrassil,1224,mage,fire,45,23,22
Zinnos,tichondrius,1218,mage,fire,30,13,17
Archtype,azralon,1217,mage,fire,18,13,5
Genthruz,ragnaros,1215,mage,fire,48,22,26
Gødvana,frostmourne,1207,mage,fire,24,13,11
Mirimida,ragnaros,1197,mage,fire,55,26,29
Snanth,black-dragonflight,1194,mage,fire,21,14,7
Esfire,frostmourne,1185,mage,fire,48,23,25
Zonmague,drakkari,1177,mage,fire,36,17,19
Burist,illidan,1161,mage,fire,32,16,16
Tamarolfrost,illidan,1158,mage,fire,19,13,6
Gradmage,proudmoore,1156,mage,fire,50,20,30
Maxvila,kelthuzad,1152,mage,fire,18,12,6
Snaregodx,area-52,1151,mage,fire,18,12,6
Sunskim,tichondrius,1151,mage,fire,24,12,12
Rhykx,malganis,1149,mage,fire,18,12,6
Frostpimp,anubarak,1148,mage,fire,28,13,15
Fleët,tichondrius,1139,mage,fire,18,12,6
Raynark,nemesis,1134,mage,fire,18,12,6
Gnarwallx,stormrage,1132,mage,fire,30,12,18
Wawakun,ragnaros,1127,mage,fire,30,14,16
Xzilence,aerie-peak,1118,mage,fire,30,12,18
Dorkski,bleeding-hollow,1114,mage,fire,49,16,33
Sánzunokawa,quelthalas,1109,mage,fire,27,16,11
Noescaping,illidan,1102,mage,fire,24,12,12
Jööz,deathwing,1096,mage,fire,27,12,15
Gempette,tichondrius,1095,mage,fire,23,12,11
Wazzerd,moon-guard,1093,mage,fire,27,12,15
Guccilaflur,proudmoore,1082,mage,fire,27,12,15
Crnomage,area-52,1081,mage,fire,23,12,11
Kjuuler,moon-guard,1056,mage,fire,18,11,7
Lightsoran,tichondrius,1055,mage,fire,18,11,7
Búrsting,kelthuzad,1055,mage,fire,18,11,7
Dmgdaddy,zuljin,1055,mage,fire,24,11,13
Albbano,tichondrius,1054,mage,fire,18,11,7
Gigatuts,stormrage,1054,mage,fire,18,11,7
Magibe,thrall,1052,mage,fire,18,11,7
Dropdeadlol,bonechewer,1051,mage,fire,18,11,7
Cinns,moon-guard,1051,mage,fire,24,11,13
Harlloo,the-underbog,1049,mage,fire,24,11,13
Kryptekk,area-52,1048,mage,fire,24,11,13
Garungar,antonidas,1045,mage,fire,18,11,7
Coldblooded,zuljin,1030,mage,fire,30,11,19
Flame,arthas,1028,mage,fire,30,11,19
Strêss,kelthuzad,1020,mage,fire,20,12,8
Bobalama,tichondrius,1012,mage,fire,48,16,32
Hotjazzfarts,sargeras,1003,mage,fire,61,35,26
Ripburn,stormrage,990,mage,fire,35,16,19
Bàttlemage,nagrand,982,mage,fire,36,21,15
Endmepls,ysera,965,mage,fire,96,40,56
Mudohir,stormrage,959,mage,fire,18,10,8
Squidio,stormrage,959,mage,fire,18,10,8
Banquetmeal,emerald-dream,959,mage,fire,18,10,8
Mokelovin,sargeras,959,mage,fire,18,10,8
Iguanodon,proudmoore,957,mage,fire,26,11,15
Osh,malorne,957,mage,fire,24,10,14
Preceptør,azralon,957,mage,fire,24,10,14
Dârkus,sargeras,957,mage,fire,24,10,14
Dearasian,ragnaros,955,mage,fire,18,10,8
Sahala,frostmourne,955,mage,fire,24,10,14
Dårks,area-52,955,mage,fire,24,10,14
Christensen,stormrage,948,mage,fire,18,10,8
Abstractgoat,tichondrius,946,mage,fire,30,15,15
Vamkari,ragnaros,942,mage,fire,18,10,8
Sasghengis,frostmourne,930,mage,fire,18,10,8
Coldarei,nagrand,928,mage,fire,27,12,15
Dojacute,frostmourne,910,mage,fire,17,10,7
Senegau,azralon,906,mage,fire,33,14,19
Alywgard,sargeras,894,mage,fire,22,10,12
Alaramaria,sargeras,886,mage,fire,18,10,8
Formi,frostmourne,864,mage,fire,18,9,9
Gadgítte,moon-guard,863,mage,fire,12,9,3
Ddouble,tichondrius,863,mage,fire,18,9,9
Dabsx,moon-guard,863,mage,fire,18,9,9
Snoü,proudmoore,863,mage,fire,24,9,15
Desfunz,mugthol,862,mage,fire,18,9,9
Prinseza,quelthalas,862,mage,fire,18,9,9
Zstyle,frostmourne,860,mage,fire,12,9,3
Fryry,dalaran,860,mage,fire,24,9,15
Baelthezer,moon-guard,858,mage,fire,21,12,9
Halfsquad,malfurion,858,mage,fire,18,9,9
Freez,garona,858,mage,fire,21,10,11
Gadalka,frostmourne,857,mage,fire,18,9,9
Reddfire,proudmoore,857,mage,fire,30,9,21
Othokk,tichondrius,852,mage,fire,24,9,15
Dánó,lightbringer,843,mage,fire,62,26,36
Umber,dreadmaul,829,mage,fire,17,9,8
Ljaie,lightbringer,813,mage,fire,17,9,8
Zakume,stormrage,768,mage,fire,12,8,4
Blinksz,korgath,768,mage,fire,12,8,4
Pherixsw,stormrage,768,mage,fire,12,8,4
Shimmerpoly,sargeras,768,mage,fire,18,8,10
Avócadó,malganis,768,mage,fire,18,8,10
Castana,tichondrius,768,mage,fire,18,8,10
Avicci,shattered-halls,768,mage,fire,24,8,16
Kawailenard,tichondrius,767,mage,fire,12,8,4
Wïzarduous,mannoroth,767,mage,fire,12,8,4
Ashenlad,moon-guard,766,mage,fire,18,8,10
Tarmiel,quelthalas,765,mage,fire,24,8,16
Magalí,nemesis,763,mage,fire,12,8,4
Orianne,windrunner,750,mage,fire,12,8,4
Arcanemain,kargath,733,mage,fire,18,8,10
Béssie,area-52,722,mage,fire,18,8,10
Drewann,draenor,704,mage,fire,16,8,8
Shmagee,azralon,684,mage,fire,13,8,5
Streetember,nemesis,672,mage,fire,12,7,5
Warpfactor,malganis,672,mage,fire,12,7,5
Sos,kelthuzad,672,mage,fire,12,7,5
Salvick,emerald-dream,672,mage,fire,12,7,5
Tuggernaug,malganis,672,mage,fire,12,7,5
Osirax,frostmane,672,mage,fire,12,7,5
Xythros,stormrage,672,mage,fire,12,7,5
Pinkmagetko,tichondrius,672,mage,fire,12,7,5
Vastlord,stormrage,672,mage,fire,18,7,11
Bigdjohnson,dalaran,672,mage,fire,18,7,11
Flavaflame,mugthol,671,mage,fire,12,7,5
Blastfire,stormrage,671,mage,fire,12,7,5
Ásune,moon-guard,671,mage,fire,12,7,5
Lucidaze,daggerspine,671,mage,fire,12,7,5
Crazytime,tichondrius,671,mage,fire,12,7,5
Skryte,mannoroth,671,mage,fire,16,8,8
Magination,frostmourne,671,mage,fire,18,7,11
Coldrin,tichondrius,671,mage,fire,18,7,11
Alàh,stormscale,671,mage,fire,18,7,11
Etyx,tichondrius,671,mage,fire,18,7,11
Dreaming,draktharon,670,mage,fire,12,7,5
Slipqt,tichondrius,607,mage,fire,22,7,15
Mômö,argent-dawn,606,mage,fire,22,7,15
Strdelmaker,tichondrius,576,mage,fire,6,6,0
Grymorum,ragnaros,576,mage,fire,6,6,0
Toteypotter,frostmourne,576,mage,fire,12,6,6
Velvetlurker,tichondrius,576,mage,fire,12,6,6
Leakyboots,illidan,576,mage,fire,12,6,6
Magicmidget,malganis,576,mage,fire,12,6,6
Frostboy,borean-tundra,576,mage,fire,12,6,6
Myfamilygpie,nazgrel,576,mage,fire,12,6,6
Cuterthanyou,sargeras,576,mage,fire,12,6,6
Stergenutfr,tichondrius,576,mage,fire,12,6,6
Darkisfrosty,tichondrius,576,mage,fire,12,6,6
Shmoked,kelthuzad,576,mage,fire,12,6,6
Omagawd,tichondrius,576,mage,fire,12,6,6
Alunarassra,area-52,576,mage,fire,12,6,6
Wakamage,area-52,576,mage,fire,12,6,6
Aangx,stormrage,576,mage,fire,16,7,9
Linkolni,azralon,576,mage,fire,18,6,12
Stimml,blood-furnace,576,mage,fire,18,6,12
Unknownblast,kul-tiras,576,mage,fire,20,6,14
Zukoprince,azralon,575,mage,fire,6,6,0
Insightæ,frostmourne,575,mage,fire,10,7,3
Magja,bloodhoof,575,mage,fire,12,6,6
Astroblasty,tichondrius,575,mage,fire,18,6,12
Eraticmage,illidan,575,mage,fire,24,6,18
Spellpowa,khaz-modan,574,mage,fire,12,6,6
Calcaster,aegwynn,573,mage,fire,18,6,12
Ashex,moon-guard,559,mage,fire,18,7,11
Babysharky,uther,512,mage,fire,16,6,10
Cymbalta,azralon,509,mage,fire,10,6,4
Skaq,tichondrius,480,mage,fire,6,5,1
Maxmie,sargeras,480,mage,fire,6,5,1
Youezdawg,tichondrius,480,mage,fire,6,5,1
Hocusjokus,frostmourne,480,mage,fire,6,5,1
Slavic,sargeras,480,mage,fire,6,5,1
Ñïz,bleeding-hollow,480,mage,fire,6,5,1
Polypolypoly,kiljaeden,480,mage,fire,10,6,4
Marther,whisperwind,480,mage,fire,12,5,7
Cumbus,stormrage,480,mage,fire,12,5,7
Entomas,quelthalas,480,mage,fire,12,5,7
Pugsmugg,icecrown,480,mage,fire,12,5,7
Bigpøppapump,tichondrius,480,mage,fire,12,5,7
Arrcadia,darkspear,480,mage,fire,12,5,7
Dbsheep,kul-tiras,480,mage,fire,12,5,7
Kqlyy,tichondrius,480,mage,fire,12,5,7
Magicalbuns,illidan,480,mage,fire,12,5,7
Diamondx,ragnaros,480,mage,fire,12,5,7
Epod,illidan,480,mage,fire,12,5,7
Kevymarts,tichondrius,480,mage,fire,12,5,7
Dìus,malganis,480,mage,fire,12,5,7
Kyriê,darkspear,480,mage,fire,12,5,7
Skillcap,nagrand,480,mage,fire,12,5,7
Jikario,zuljin,480,mage,fire,12,5,7
Arishasis,tichondrius,480,mage,fire,12,5,7
Alenikus,blackhand,480,mage,fire,12,5,7
Covín,malganis,480,mage,fire,12,5,7
Baida,kelthuzad,480,mage,fire,12,5,7
Lambsalsa,tichondrius,480,mage,fire,12,5,7
Honeydutchss,black-dragonflight,480,mage,fire,12,5,7
Espyy,area-52,480,mage,fire,12,5,7
Zerosaspect,thrall,480,mage,fire,12,5,7
Muztaccio,tichondrius,480,mage,fire,17,6,11
Aapple,tichondrius,480,mage,fire,17,5,12
Mageyoulooks,kelthuzad,480,mage,fire,18,5,13
Tunax,tichondrius,480,mage,fire,18,5,13
Xunalatu,frostmourne,479,mage,fire,12,5,7
Shadowgalaxy,arthas,479,mage,fire,12,5,7
Xannymancan,tichondrius,479,mage,fire,24,5,19
Zendrix,bonechewer,478,mage,fire,12,5,7
Gwenage,tichondrius,472,mage,fire,12,5,7
Shotö,skullcrusher,463,mage,fire,17,5,12
Hositonet,malganis,439,mage,fire,21,7,14
Jazen,quelthalas,432,mage,fire,15,6,9
Letitgoo,azralon,430,mage,fire,19,6,13
Certifried,emerald-dream,415,mage,fire,14,5,9
Molassess,illidan,400,mage,fire,13,5,8
Jazzgroyper,sargeras,384,mage,fire,6,4,2
Gíldrin,proudmoore,384,mage,fire,6,4,2
Cømbust,frostmourne,384,mage,fire,6,4,2
Floatyz,tichondrius,384,mage,fire,6,4,2
Pollybot,tichondrius,384,mage,fire,6,4,2
Polymedaddi,tichondrius,384,mage,fire,6,4,2
Haze,hyjal,384,mage,fire,6,4,2
Wabï,tichondrius,384,mage,fire,6,4,2
Pyröz,kelthuzad,384,mage,fire,6,4,2
Fullsheep,emerald-dream,384,mage,fire,6,4,2
Zokorzik,area-52,384,mage,fire,6,4,2
Refreshments,bleeding-hollow,384,mage,fire,6,4,2
Gominsi,tichondrius,384,mage,fire,6,4,2
Fïtz,quelthalas,384,mage,fire,6,4,2
Yeetcannøn,illidan,384,mage,fire,6,4,2
Icestory,tichondrius,384,mage,fire,6,4,2
Belven,proudmoore,384,mage,fire,6,4,2
Kaylemage,tichondrius,384,mage,fire,6,4,2
Burstyboi,frostmourne,384,mage,fire,6,4,2
Majjix,illidan,384,mage,fire,6,4,2
Frogbum,fizzcrank,384,mage,fire,10,5,5
Fanshen,tichondrius,384,mage,fire,11,4,7
Aquralina,moon-guard,384,mage,fire,12,4,8
Supermajor,frostmourne,384,mage,fire,12,4,8
Droppinbombs,draka,384,mage,fire,12,4,8
Asönia,illidan,384,mage,fire,12,4,8
Udó,proudmoore,384,mage,fire,12,4,8
Galsola,bronzebeard,384,mage,fire,12,4,8
Spookydookie,dark-iron,384,mage,fire,12,4,8
Elfmage,tichondrius,384,mage,fire,12,4,8
Ranj,tichondrius,384,mage,fire,12,4,8
Felsparkles,area-52,384,mage,fire,12,4,8
Siayo,stormscale,384,mage,fire,12,4,8
Hogslop,saurfang,384,mage,fire,12,4,8
Saladguy,thrall,384,mage,fire,12,4,8
Kronicblast,bleeding-hollow,384,mage,fire,18,4,14
Gôøglëlòl,nemesis,384,mage,fire,18,4,14
Boptimus,moonrunner,383,mage,fire,6,4,2
Apolarus,bonechewer,383,mage,fire,6,4,2
Noyade,illidan,383,mage,fire,6,4,2
Drewzz,tichondrius,383,mage,fire,8,4,4
Wetguuch,area-52,383,mage,fire,12,4,8
Hockisonz,moon-guard,383,mage,fire,12,4,8
Soulwiper,illidan,383,mage,fire,17,5,12
Smoney,icecrown,383,mage,fire,18,4,14
Hollfz,nemesis,367,mage,fire,11,4,7
Tmharp,tichondrius,336,mage,fire,9,5,4
Vengefuly,tichondrius,288,mage,fire,6,3,3
Radakos,emerald-dream,288,mage,fire,6,3,3
Thecorruptor,malorne,288,mage,fire,6,3,3
Putridìty,thrall,288,mage,fire,6,3,3
Jimmyhendrix,wildhammer,288,mage,fire,6,3,3
Kushjointz,tichondrius,288,mage,fire,6,3,3
Aulle,whisperwind,288,mage,fire,6,3,3
Absentbrain,stormrage,288,mage,fire,6,3,3
Síra,firetree,288,mage,fire,6,3,3
Zenzoh,azuremyst,288,mage,fire,6,3,3
Missingxx,silvermoon,288,mage,fire,6,3,3
Zuhbo,moon-guard,288,mage,fire,6,3,3
Zerathremar,proudmoore,288,mage,fire,6,3,3
Isoicast,moon-guard,288,mage,fire,6,3,3
Calínico,quelthalas,288,mage,fire,6,3,3
Gö,tichondrius,288,mage,fire,6,3,3
Herzthroh,stormrage,288,mage,fire,6,3,3
Kuther,draenor,288,mage,fire,6,3,3
Polyburst,darkspear,288,mage,fire,6,3,3
Englavian,frostmane,288,mage,fire,6,3,3
Frostkage,tichondrius,288,mage,fire,6,3,3
Danggurl,tichondrius,288,mage,fire,6,3,3
Easyfreeze,sargeras,288,mage,fire,6,3,3
Cînderellas,proudmoore,288,mage,fire,6,3,3
Hasteboy,kelthuzad,288,mage,fire,6,3,3
Bhalec,kelthuzad,288,mage,fire,6,3,3
Tráshmage,zuljin,288,mage,fire,6,3,3
Rhunón,dalaran,288,mage,fire,6,3,3
Chilléd,tichondrius,288,mage,fire,6,3,3
Chez,tichondrius,288,mage,fire,6,3,3
Ancientmagik,area-52,288,mage,fire,6,3,3
Urbadxd,llane,288,mage,fire,6,3,3
Fredcouples,tichondrius,288,mage,fire,6,3,3
Lampert,tichondrius,288,mage,fire,6,3,3
Ave,anetheron,288,mage,fire,6,3,3
Slinkyslink,area-52,288,mage,fire,6,3,3
Rích,tichondrius,288,mage,fire,6,3,3
Nuzzle,boulderfist,288,mage,fire,8,3,5
Melkra,tichondrius,288,mage,fire,11,3,8
Chuggin,emerald-dream,288,mage,fire,12,3,9
Keionti,dalaran,288,mage,fire,12,3,9
Mendittorosa,tichondrius,288,mage,fire,12,3,9
Gnomegeddons,dalaran,288,mage,fire,24,3,21
Frostyii,stonemaul,287,mage,fire,6,3,3
Harlen,quelthalas,287,mage,fire,6,3,3
Brànd,antonidas,287,mage,fire,6,3,3
Vixm,stormrage,256,mage,fire,4,4,0
Nesomage,destromath,256,mage,fire,10,3,7
Orderlight,alexstrasza,239,mage,fire,5,3,2
Fizario,barthilas,239,mage,fire,5,3,2
Flomin,tichondrius,234,mage,fire,16,6,10
Burna,amanthul,192,mage,fire,6,2,4
Ignitex,bleeding-hollow,192,mage,fire,6,2,4
Emìlia,malygos,192,mage,fire,6,2,4
Alïce,kelthuzad,192,mage,fire,6,2,4
Coneofkony,bleeding-hollow,192,mage,fire,6,2,4
Aquafiona,garona,192,mage,fire,6,2,4
Massivepoo,barthilas,192,mage,fire,6,2,4
Randommagi,area-52,192,mage,fire,6,2,4
Yonzho,area-52,192,mage,fire,6,2,4
Parruka,warsong,192,mage,fire,6,2,4
Trízín,frostmourne,192,mage,fire,6,2,4
Coldnuke,stormrage,192,mage,fire,6,2,4
Burrbon,area-52,192,mage,fire,6,2,4
Kaboodlz,stormrage,192,mage,fire,6,2,4
Wauzcrol,quelthalas,192,mage,fire,6,2,4
Karameltart,barthilas,192,mage,fire,6,2,4
Zënith,quelthalas,192,mage,fire,6,2,4
Magifish,malganis,192,mage,fire,6,2,4
Trebbiano,illidan,192,mage,fire,6,2,4
Gódsfather,kelthuzad,192,mage,fire,6,2,4
Remana,anvilmar,192,mage,fire,6,2,4
Naimi,malganis,192,mage,fire,6,2,4
Notria,illidan,192,mage,fire,6,2,4
Jinglehz,frostmourne,192,mage,fire,6,2,4
Defaultx,turalyon,192,mage,fire,6,2,4
Preplex,thrall,192,mage,fire,6,2,4
Fifthelëment,emerald-dream,192,mage,fire,6,2,4
Gunzz,aegwynn,192,mage,fire,6,2,4
Josephaqil,tichondrius,192,mage,fire,6,2,4
Missile,frostmourne,192,mage,fire,6,2,4
Clickhard,suramar,192,mage,fire,6,2,4
Likelyhard,tichondrius,192,mage,fire,6,2,4
Rbn,tichondrius,192,mage,fire,6,2,4
Sogood,tanaris,192,mage,fire,6,2,4
Thedodgex,sargeras,192,mage,fire,6,2,4
Dohnutt,tichondrius,192,mage,fire,6,2,4
Pyrotactics,sargeras,192,mage,fire,6,2,4
Pòpsmóke,tichondrius,192,mage,fire,6,2,4
Snowday,nerzhul,192,mage,fire,6,2,4
Magiër,tichondrius,192,mage,fire,6,2,4
Pendrake,sargeras,192,mage,fire,6,2,4
Kymowiz,sargeras,192,mage,fire,6,2,4
Gotya,tichondrius,192,mage,fire,6,2,4
Zuqo,sargeras,192,mage,fire,6,2,4
Starguy,terenas,192,mage,fire,6,2,4
Phantose,sargeras,192,mage,fire,6,2,4
Avandal,proudmoore,192,mage,fire,6,2,4
Natzue,sargeras,192,mage,fire,6,2,4
Cradic,tichondrius,192,mage,fire,6,2,4
Abrácadaver,frostwolf,192,mage,fire,10,3,7
Arnx,tichondrius,192,mage,fire,11,2,9
Driel,illidan,192,mage,fire,12,2,10
Spellbrker,stormrage,192,mage,fire,12,2,10
Bic,darrowmere,192,mage,fire,12,2,10
Abruaa,area-52,192,mage,fire,12,2,10
Hýdro,ghostlands,191,mage,fire,6,2,4
Prosperoo,aerie-peak,191,mage,fire,12,2,10
Neroclover,ysera,191,mage,fire,24,2,22
Madalon,nemesis,160,mage,fire,10,2,8
Zezima,spirestone,159,mage,fire,5,2,3
Kindlin,frostmourne,159,mage,fire,5,2,3
Fingerblaste,malganis,138,mage,fire,16,3,13
Eromir,dawnbringer,128,mage,fire,4,2,2
Yeweiliang,tichondrius,128,mage,fire,4,2,2
Supremeboxer,tichondrius,127,mage,fire,8,2,6
Neltar,dalaran,112,mage,fire,7,2,5
Jaysaucetv,tichondrius,112,mage,fire,7,2,5
Iamsol,area-52,96,mage,fire,6,1,5
Clapsyou,illidan,96,mage,fire,6,1,5
Nomidian,area-52,96,mage,fire,6,1,5
Nazztwren,bleeding-hollow,96,mage,fire,6,1,5
Couto,tichondrius,96,mage,fire,6,1,5
Ejzok,dreadmaul,96,mage,fire,6,1,5
Muted,frostmourne,96,mage,fire,6,1,5
Vakina,tichondrius,96,mage,fire,6,1,5
Ignit,stormrage,96,mage,fire,6,1,5
Trojay,malganis,96,mage,fire,6,1,5
Rolypolyman,tichondrius,96,mage,fire,6,1,5
Eludin,aegwynn,96,mage,fire,6,1,5
Mescudi,bonechewer,96,mage,fire,6,1,5
Tabuta,ravenholdt,96,mage,fire,6,1,5
Truewinter,tichondrius,96,mage,fire,6,1,5
Brayni,wyrmrest-accord,96,mage,fire,6,1,5
Eldrielle,frostmourne,96,mage,fire,6,1,5
Ferdabombs,tichondrius,96,mage,fire,6,1,5
Dâzk,sargeras,96,mage,fire,6,1,5
Jarethleon,ragnaros,96,mage,fire,6,1,5
Hrichit,tichondrius,96,mage,fire,6,1,5
Miapolyafoo,stormrage,96,mage,fire,6,1,5
Hyndoriann,azgalor,96,mage,fire,6,1,5
Pyrophobia,mannoroth,96,mage,fire,6,1,5
Dildope,frostmourne,96,mage,fire,6,1,5
Magicmooman,thunderlord,96,mage,fire,6,1,5
Lv,stormscale,96,mage,fire,6,1,5
Prosperoh,burning-legion,96,mage,fire,6,1,5
Clutchy,gorefiend,96,mage,fire,6,1,5
Firemids,thrall,96,mage,fire,6,1,5
Somnuss,barthilas,96,mage,fire,7,1,6
Zuroz,dathremar,96,mage,fire,12,1,11
Pyrlos,terokkar,95,mage,fire,6,1,5
Savanali,kelthuzad,79,mage,fire,5,1,4
Jaked,frostmourne,79,mage,fire,5,1,4
Absolutepowa,bleeding-hollow,31,mage,fire,2,1,1
Squishymage,frostmourne,16,mage,fire,1,1,0
Juicemage,tichondrius,2224,mage,frost,120,65,55
Cremgotrockd,blackrock,2064,mage,frost,89,50,39
Koro,tichondrius,2006,mage,frost,109,59,50
Easyfreeze,sargeras,1996,mage,frost,48,27,21
Ghostrr,tichondrius,1987,mage,frost,141,73,68
Backjing,tichondrius,1969,mage,frost,87,42,45
Stonedmonkeý,tichondrius,1962,mage,frost,107,49,58
Douyuweifa,tichondrius,1911,mage,frost,65,31,34
Elkiador,area-52,1909,mage,frost,30,21,9
Vazlgs,tichondrius,1896,mage,frost,82,47,35
Ams,aerie-peak,1890,mage,frost,60,33,27
Joe,llane,1877,mage,frost,69,36,33
Kleinz,quelthalas,1863,mage,frost,67,45,22
Valériemeow,tichondrius,1860,mage,frost,65,33,32
Lawuera,quelthalas,1860,mage,frost,66,30,36
Fròzt,ragnaros,1857,mage,frost,72,31,41
Kassmage,skullcrusher,1855,mage,frost,66,28,38
Tupactopus,tichondrius,1850,mage,frost,42,23,19
Xanthilia,chogall,1849,mage,frost,96,49,47
Hideongp,barthilas,1842,mage,frost,108,54,54
Grumpyòlfart,tichondrius,1842,mage,frost,90,44,46
Pigdancell,tichondrius,1841,mage,frost,54,24,30
Smuky,stormrage,1834,mage,frost,66,29,37
Koozay,kelthuzad,1833,mage,frost,59,36,23
Dahp,thrall,1831,mage,frost,47,23,24
Stöpwatch,hyjal,1830,mage,frost,60,39,21
Chez,tichondrius,1818,mage,frost,30,19,11
Riddickl,malfurion,1818,mage,frost,78,41,37
Cømbust,frostmourne,1816,mage,frost,72,50,22
Faynet,dalaran,1815,mage,frost,60,33,27
Quippy,kiljaeden,1813,mage,frost,309,156,153
Leakyboots,illidan,1812,mage,frost,47,25,22
Yeweiliang,tichondrius,1811,mage,frost,201,106,95
Maegwynah,stormrage,1804,mage,frost,66,29,37
Instincts,uldum,1796,mage,frost,42,25,17
Ligmmah,stormrage,1792,mage,frost,110,61,49
Drewdy,stormreaver,1783,mage,frost,30,19,11
Polyenjoyerx,ysera,1776,mage,frost,84,47,37
Hunchojack,tichondrius,1770,mage,frost,48,21,27
Rhythmdog,tichondrius,1758,mage,frost,60,25,35
Sabrita,proudmoore,1754,mage,frost,58,33,25
Kissradiox,tichondrius,1745,mage,frost,54,27,27
Téfy,ragnaros,1744,mage,frost,59,34,25
Ingcho,tichondrius,1730,mage,frost,72,32,40
Mokelovin,sargeras,1720,mage,frost,32,21,11
Illumià,illidan,1719,mage,frost,26,20,6
Traelol,blades-edge,1715,mage,frost,114,58,56
Dtbmar,misha,1715,mage,frost,46,23,23
Chrisxo,azuremyst,1714,mage,frost,30,18,12
Sifr,tichondrius,1713,mage,frost,36,18,18
Dve,frostmourne,1706,mage,frost,54,38,16
Headbake,malganis,1705,mage,frost,42,24,18
Zinnos,tichondrius,1704,mage,frost,208,103,105
Pitball,area-52,1703,mage,frost,37,19,18
Srinshi,sargeras,1703,mage,frost,103,47,56
Rizke,tichondrius,1701,mage,frost,35,18,17
Castana,tichondrius,1700,mage,frost,36,18,18
Golfirl,doomhammer,1694,mage,frost,36,20,16
Fromcanadaqc,stormrage,1689,mage,frost,41,24,17
Jtizzlè,tichondrius,1679,mage,frost,59,33,26
Sestren,zuljin,1677,mage,frost,42,20,22
Snaregodx,area-52,1671,mage,frost,35,21,14
Gôøglëlòl,nemesis,1670,mage,frost,145,73,72
Hogdog,illidan,1662,mage,frost,48,24,24
Trolson,sargeras,1662,mage,frost,82,38,44
Bmuafgfe,tichondrius,1655,mage,frost,33,20,13
Affewxd,lothar,1655,mage,frost,79,46,33
Bambambilly,kelthuzad,1655,mage,frost,75,35,40
Minverces,tichondrius,1653,mage,frost,40,23,17
Entm,burning-blade,1651,mage,frost,42,22,20
Zhangxiaowu,tichondrius,1648,mage,frost,50,32,18
Deallus,tichondrius,1648,mage,frost,76,36,40
Luxør,aegwynn,1647,mage,frost,30,18,12
Zorexx,area-52,1643,mage,frost,61,30,31
Floofies,moon-guard,1642,mage,frost,78,42,36
Alurion,moon-guard,1632,mage,frost,26,18,8
Lambsalsa,tichondrius,1631,mage,frost,42,18,24
Zezima,spirestone,1625,mage,frost,36,23,13
Dace,tichondrius,1625,mage,frost,36,20,16
Xialing,tichondrius,1625,mage,frost,35,18,17
Deathrøll,moon-guard,1624,mage,frost,78,48,30
Neverblockx,kirin-tor,1618,mage,frost,30,17,13
Praestigium,barthilas,1617,mage,frost,51,29,22
Arcayne,tichondrius,1616,mage,frost,86,47,39
Gwyn,nemesis,1614,mage,frost,54,29,25
Theetwotime,area-52,1612,mage,frost,48,22,26
Snoogensftw,tichondrius,1602,mage,frost,36,17,19
Tjofmajik,stormrage,1601,mage,frost,36,17,19
Tommagic,tichondrius,1599,mage,frost,34,20,14
Blinkbow,tichondrius,1599,mage,frost,78,34,44
Pichorrá,quelthalas,1595,mage,frost,50,28,22
Triuneward,tichondrius,1585,mage,frost,36,20,16
Mageonthcc,korgath,1583,mage,frost,98,49,49
Eldrielle,frostmourne,1581,mage,frost,207,111,96
Sheepu,bladefist,1578,mage,frost,88,51,37
Charmed,black-dragonflight,1577,mage,frost,68,34,34
Stimml,blood-furnace,1576,mage,frost,54,29,25
Animatronic,moon-guard,1572,mage,frost,89,43,46
Squidio,stormrage,1570,mage,frost,125,68,57
Crithappy,baelgun,1568,mage,frost,48,26,22
Nickioxox,tichondrius,1567,mage,frost,41,17,24
Lorlene,frostmourne,1565,mage,frost,66,25,41
Valtessa,stormrage,1560,mage,frost,30,18,12
Zerodium,sargeras,1559,mage,frost,41,17,24
Christmas,tichondrius,1556,mage,frost,354,176,178
Syntacks,lightnings-blade,1556,mage,frost,162,78,84
Zeshilol,stormrage,1549,mage,frost,39,19,20
Axecap,tichondrius,1547,mage,frost,30,17,13
Toaststrudel,tichondrius,1537,mage,frost,58,27,31
Biglance,frostmourne,1533,mage,frost,36,17,19
Frostqt,area-52,1532,mage,frost,132,71,61
Yorgøs,ragnaros,1530,mage,frost,30,16,14
Factszxy,area-52,1526,mage,frost,18,16,2
Soulberg,emerald-dream,1521,mage,frost,59,26,33
Galacticslug,tichondrius,1519,mage,frost,48,28,20
Savanali,kelthuzad,1518,mage,frost,36,21,15
Gasolína,stormrage,1516,mage,frost,48,25,23
Umber,dreadmaul,1516,mage,frost,116,57,59
Priyel,hyjal,1513,mage,frost,36,19,17
Azhim,tichondrius,1511,mage,frost,36,20,16
Fawcett,khazgoroth,1511,mage,frost,66,31,35
Venachi,emerald-dream,1506,mage,frost,91,50,41
Khadberry,aerie-peak,1501,mage,frost,71,34,37
Playsfrost,skullcrusher,1500,mage,frost,100,59,41
Dillor,tichondrius,1492,mage,frost,94,47,47
Frøzzen,quelthalas,1491,mage,frost,63,33,30
Burritsacold,bleeding-hollow,1491,mage,frost,54,26,28
Nereidan,drakkari,1487,mage,frost,44,22,22
Deverror,frostmourne,1487,mage,frost,113,50,63
Song,sargeras,1485,mage,frost,83,42,41
Dorsia,jaedenar,1480,mage,frost,22,17,5
Pibb,rivendare,1480,mage,frost,48,25,23
Léstat,quelthalas,1479,mage,frost,36,21,15
Qsc,barthilas,1477,mage,frost,91,44,47
Sheepgodx,malganis,1471,mage,frost,23,16,7
Scrúmp,tichondrius,1468,mage,frost,30,16,14
Vecna,tichondrius,1465,mage,frost,79,37,42
Enterthevoid,proudmoore,1463,mage,frost,36,21,15
Kh,stormrage,1460,mage,frost,81,44,37
Frussy,blood-furnace,1454,mage,frost,48,26,22
Coôler,illidan,1451,mage,frost,160,90,70
Omnislasher,terenas,1451,mage,frost,109,49,60
Revised,sargeras,1447,mage,frost,72,40,32
Minerves,tichondrius,1446,mage,frost,42,20,22
Fròzen,moon-guard,1436,mage,frost,74,35,39
Sesshomaru,emerald-dream,1433,mage,frost,51,18,33
Mcdfries,tichondrius,1432,mage,frost,30,15,15
Respectx,nemesis,1431,mage,frost,58,25,33
Nate,black-dragonflight,1426,mage,frost,92,48,44
Trebbiano,illidan,1423,mage,frost,79,40,39
Frizbee,sargeras,1419,mage,frost,33,16,17
Selless,zuljin,1417,mage,frost,42,24,18
Tylers,moon-guard,1415,mage,frost,36,19,17
Moyuu,proudmoore,1414,mage,frost,36,16,20
Clm,lightnings-blade,1413,mage,frost,47,23,24
Gazzuu,ragnaros,1412,mage,frost,36,19,17
Tagere,moon-guard,1410,mage,frost,62,30,32
Perrc,area-52,1407,mage,frost,128,56,72
Canva,barthilas,1406,mage,frost,41,25,16
Vornz,sargeras,1404,mage,frost,55,24,31
Gunzup,lightnings-blade,1403,mage,frost,30,15,15
Osnapmage,malganis,1403,mage,frost,175,84,91
Kevymarts,tichondrius,1397,mage,frost,48,29,19
Lachawr,stormrage,1396,mage,frost,37,19,18
Tifrodo,azralon,1395,mage,frost,64,34,30
Emetah,ysera,1395,mage,frost,36,15,21
Crymachine,garrosh,1391,mage,frost,33,17,16
Ado,zuluhed,1388,mage,frost,90,44,46
Milambehr,elune,1386,mage,frost,24,15,9
Myxzz,barthilas,1385,mage,frost,122,61,61
Kouks,tichondrius,1383,mage,frost,23,15,8
Maagin,zuljin,1382,mage,frost,38,18,20
Plainblaine,illidan,1379,mage,frost,68,32,36
Zoidy,bleeding-hollow,1377,mage,frost,35,15,20
Magicbunny,andorhal,1375,mage,frost,95,49,46
Dumblexgamer,ragnaros,1364,mage,frost,46,23,23
Mâsterkush,tichondrius,1361,mage,frost,40,21,19
Rích,tichondrius,1358,mage,frost,78,33,45
Koulder,zuljin,1357,mage,frost,30,18,12
Starkp,ragnaros,1355,mage,frost,135,65,70
Yulian,tichondrius,1350,mage,frost,66,34,32
Cryogeniks,illidan,1343,mage,frost,30,14,16
Corgim,thrall,1340,mage,frost,30,14,16
Shatturd,sargeras,1336,mage,frost,42,15,27
Slipqt,tichondrius,1333,mage,frost,42,15,27
Gualter,nemesis,1329,mage,frost,96,54,42
Juul,emerald-dream,1328,mage,frost,237,109,128
Fakebusiness,area-52,1327,mage,frost,71,31,40
Gûmbÿ,illidan,1323,mage,frost,18,14,4
Genswift,thrall,1323,mage,frost,30,14,16
Hermanmiller,tichondrius,1316,mage,frost,60,26,34
Soia,ragnaros,1312,mage,frost,45,23,22
Ragemage,borean-tundra,1311,mage,frost,59,20,39
Mntaindew,bleeding-hollow,1309,mage,frost,35,14,21
Numz,sargeras,1299,mage,frost,64,27,37
Safety,stormreaver,1298,mage,frost,52,28,24
Frostitutå,eonar,1293,mage,frost,118,54,64
Icybanter,emerald-dream,1286,mage,frost,30,14,16
Alìv,tichondrius,1281,mage,frost,148,65,83
Derpmanjr,area-52,1277,mage,frost,60,39,21
Skynhet,ragnaros,1277,mage,frost,36,16,20
Safu,bleeding-hollow,1275,mage,frost,60,31,29
Ignit,stormrage,1269,mage,frost,34,17,17
Frostítute,alterac-mountains,1269,mage,frost,54,24,30
Throatdemon,hakkar,1269,mage,frost,36,15,21
Canassa,azralon,1267,mage,frost,53,30,23
Vengefuly,tichondrius,1264,mage,frost,34,17,17
Samuoa,tichondrius,1261,mage,frost,30,17,13
Feogato,proudmoore,1249,mage,frost,129,64,65
Atra,spinebreaker,1243,mage,frost,30,13,17
Valtaira,wyrmrest-accord,1242,mage,frost,59,34,25
Yourefat,emerald-dream,1238,mage,frost,36,20,16
Unleáshed,moonrunner,1229,mage,frost,61,29,32
Mclanda,frostmourne,1229,mage,frost,30,13,17
Zirkur,mannoroth,1228,mage,frost,30,13,17
Starscreamm,ragnaros,1226,mage,frost,21,14,7
Jikario,zuljin,1224,mage,frost,30,13,17
Featherboo,stormrage,1215,mage,frost,24,14,10
Tyrecgosa,tichondrius,1213,mage,frost,30,16,14
Clownspocket,tichondrius,1211,mage,frost,30,15,15
Pocsermage,drakkari,1210,mage,frost,28,13,15
Boejanglz,frostmourne,1207,mage,frost,22,15,7
Agniih,azralon,1205,mage,frost,48,21,27
Whyammage,dalaran,1199,mage,frost,60,35,25
Layolis,area-52,1195,mage,frost,48,25,23
Rrite,tichondrius,1192,mage,frost,23,13,10
Valrendor,nazjatar,1191,mage,frost,79,36,43
Copperfield,dreadmaul,1185,mage,frost,80,33,47
Kabonkle,drakthul,1185,mage,frost,35,13,22
Maigoddess,proudmoore,1180,mage,frost,71,29,42
Sahir,thaurissan,1173,mage,frost,30,14,16
Pendrake,sargeras,1170,mage,frost,34,13,21
Gsr,nerzhul,1169,mage,frost,34,14,20
Zlint,quelthalas,1167,mage,frost,25,13,12
Toesuckerlol,tichondrius,1164,mage,frost,33,16,17
Khaldyn,tichondrius,1159,mage,frost,120,59,61
Devlux,area-52,1158,mage,frost,104,50,54
Pvpbilly,tichondrius,1152,mage,frost,18,12,6
Castingmommy,moon-guard,1150,mage,frost,63,34,29
Coldfrønt,moon-guard,1148,mage,frost,36,16,20
Cubanmage,drakkari,1147,mage,frost,24,12,12
Kryliak,ragnaros,1146,mage,frost,24,13,11
Maguín,tichondrius,1142,mage,frost,24,12,12
Diixynormus,illidan,1141,mage,frost,30,17,13
Cheesebuns,proudmoore,1139,mage,frost,30,12,18
Aquariusmoon,bonechewer,1138,mage,frost,42,21,21
Xárdas,quelthalas,1137,mage,frost,46,20,26
Mageeoh,bleeding-hollow,1128,mage,frost,41,14,27
Who,emerald-dream,1126,mage,frost,28,14,14
Fatum,ragnaros,1124,mage,frost,32,14,18
Elwyn,dunemaul,1123,mage,frost,27,13,14
Gunzz,aegwynn,1122,mage,frost,30,12,18
Wowenjoyer,area-52,1119,mage,frost,64,28,36
Kazmir,area-52,1119,mage,frost,29,12,17
Couto,tichondrius,1116,mage,frost,23,12,11
Gatka,quelthalas,1116,mage,frost,188,85,103
Bellåtrîx,quelthalas,1115,mage,frost,18,12,6
Drumzter,ragnaros,1114,mage,frost,29,16,13
Kahili,stormrage,1113,mage,frost,23,12,11
Smáckington,tichondrius,1113,mage,frost,57,25,32
Dejavuh,dalaran,1111,mage,frost,42,24,18
Levitaine,bleeding-hollow,1110,mage,frost,38,19,19
Shäräpova,zuljin,1109,mage,frost,24,12,12
Ibalyn,khazgoroth,1104,mage,frost,83,40,43
Twirkin,proudmoore,1102,mage,frost,36,18,18
Khrixa,illidan,1096,mage,frost,96,48,48
Aherom,ragnaros,1095,mage,frost,21,13,8
Magedango,bleeding-hollow,1095,mage,frost,35,14,21
Azzurn,doomhammer,1090,mage,frost,24,13,11
Juicechanel,tichondrius,1088,mage,frost,22,12,10
Cìfel,quelthalas,1087,mage,frost,17,12,5
Nazneen,elune,1087,mage,frost,21,12,9
Helcarwen,area-52,1081,mage,frost,31,13,18
Osda,azralon,1080,mage,frost,30,15,15
Xannymancan,tichondrius,1080,mage,frost,54,21,33
Sturmrevenge,lightnings-blade,1078,mage,frost,60,26,34
Darkrukia,tichondrius,1077,mage,frost,39,17,22
Arkoz,tichondrius,1071,mage,frost,18,12,6
Frostitutex,illidan,1071,mage,frost,25,12,13
Cavit,wyrmrest-accord,1070,mage,frost,50,24,26
Degenhours,illidan,1069,mage,frost,27,13,14
Wolfgangvn,stormrage,1067,mage,frost,25,12,13
Lildabpen,tichondrius,1057,mage,frost,86,34,52
Littlejay,kelthuzad,1056,mage,frost,18,11,7
Aapple,tichondrius,1055,mage,frost,18,11,7
Marrioo,tichondrius,1055,mage,frost,24,11,13
Pivnert,boulderfist,1055,mage,frost,24,11,13
Angerfrost,khazgoroth,1054,mage,frost,36,22,14
Babyspise,nathrezim,1054,mage,frost,18,11,7
Renoria,norgannon,1054,mage,frost,24,11,13
Gadogear,draka,1054,mage,frost,30,11,19
Doubledown,kiljaeden,1053,mage,frost,18,11,7
Burstage,destromath,1053,mage,frost,24,11,13
Mkudos,ragnaros,1051,mage,frost,18,11,7
Tsuchek,tichondrius,1051,mage,frost,18,11,7
Auralyn,wyrmrest-accord,1051,mage,frost,25,11,14
Radiku,blood-furnace,1049,mage,frost,18,11,7
Zibbo,ragnaros,1046,mage,frost,18,11,7
Skywalkerino,azralon,1045,mage,frost,24,11,13
Esun,moon-guard,1042,mage,frost,19,12,7
Devoh,dunemaul,1040,mage,frost,20,11,9
Pugsmugg,icecrown,1032,mage,frost,49,13,36
Sluagh,terenas,1031,mage,frost,52,24,28
Bobalama,tichondrius,1025,mage,frost,18,14,4
Grudel,archimonde,1019,mage,frost,23,14,9
Diegoneally,bleeding-hollow,1009,mage,frost,24,11,13
Littlebeth,azjolnerub,1006,mage,frost,48,21,27
Rizzbot,sargeras,1005,mage,frost,75,27,48
Defarefa,frostmourne,1001,mage,frost,28,11,17
Jaymage,agamaggan,994,mage,frost,37,13,24
Trollings,azralon,993,mage,frost,24,12,12
Moonfhang,azralon,993,mage,frost,96,40,56
Megapasta,illidan,989,mage,frost,23,11,12
Drfrostie,anvilmar,987,mage,frost,20,11,9
Prometheus,crushridge,986,mage,frost,52,27,25
Thatlejund,tichondrius,986,mage,frost,28,11,17
Corucia,echo-isles,984,mage,frost,118,50,68
Bòóyah,muradin,980,mage,frost,40,21,19
Icebboxx,tichondrius,979,mage,frost,18,11,7
Damage,skullcrusher,971,mage,frost,25,11,14
Maebalim,tichondrius,960,mage,frost,18,10,8
Feener,stormreaver,960,mage,frost,18,10,8
Cumbustyomom,illidan,960,mage,frost,18,10,8
Legendkiller,bleeding-hollow,959,mage,frost,18,10,8
Kymowiz,sargeras,959,mage,frost,24,10,14
Qcomberoo,frostmane,959,mage,frost,27,11,16
Aluce,frostmourne,958,mage,frost,18,10,8
Affinitty,zuljin,955,mage,frost,18,10,8
Epifeni,blackrock,955,mage,frost,30,10,20
Yungice,hyjal,953,mage,frost,18,10,8
Mageyoulooks,kelthuzad,953,mage,frost,24,10,14
Cheapsects,drakthul,949,mage,frost,20,10,10
Wickednoob,malganis,946,mage,frost,48,16,32
Guyza,frostmourne,941,mage,frost,23,10,13
Onlyfansme,dalaran,939,mage,frost,18,10,8
Critique,malorne,923,mage,frost,30,16,14
Marschubas,drakthul,917,mage,frost,65,28,37
Gryd,area-52,912,mage,frost,24,10,14
Aramire,drakkari,911,mage,frost,21,11,10
Moesel,emerald-dream,908,mage,frost,15,11,4
Tris,malganis,906,mage,frost,25,11,14
Guji,area-52,890,mage,frost,23,11,12
Itoncruxy,tichondrius,886,mage,frost,63,29,34
Letitgoo,azralon,883,mage,frost,32,17,15
Rositajonez,terenas,864,mage,frost,12,9,3
Nalabb,illidan,864,mage,frost,12,9,3
Furisheep,stormrage,864,mage,frost,12,9,3
Weathersmell,tichondrius,864,mage,frost,18,9,9
Fromcanada,eitrigg,864,mage,frost,18,9,9
Hyoonsfeet,stormrage,864,mage,frost,18,9,9
Xoxmage,frostmourne,864,mage,frost,24,10,14
Skoals,thrall,864,mage,frost,29,10,19
Seeu,tichondrius,864,mage,frost,30,9,21
Nicemangoes,proudmoore,863,mage,frost,12,9,3
Lastiari,wyrmrest-accord,863,mage,frost,18,9,9
Blinkbotx,proudmoore,863,mage,frost,18,9,9
Frostpimp,anubarak,863,mage,frost,24,9,15
Blinkharder,stormrage,863,mage,frost,24,9,15
Jaked,frostmourne,863,mage,frost,30,9,21
Kitenic,proudmoore,862,mage,frost,12,9,3
Skillcap,nagrand,862,mage,frost,18,9,9
Åøe,tichondrius,862,mage,frost,18,9,9
Boredomkïlls,burning-legion,862,mage,frost,18,9,9
Tunax,tichondrius,862,mage,frost,24,9,15
Shenme,moon-guard,861,mage,frost,20,9,11
Fruza,emerald-dream,860,mage,frost,16,10,6
Remana,anvilmar,859,mage,frost,18,9,9
Hollerin,whisperwind,856,mage,frost,12,9,3
Cransmage,illidan,856,mage,frost,18,9,9
Soya,sargeras,852,mage,frost,24,9,15
Naoz,ragnaros,851,mage,frost,18,9,9
Sølem,frostmourne,851,mage,frost,24,9,15
Worknlurk,malganis,841,mage,frost,18,9,9
Jarethleon,ragnaros,837,mage,frost,21,11,10
Âürõrâ,firetree,834,mage,frost,24,9,15
Crankweigth,rivendare,829,mage,frost,24,9,15
Ejzok,dreadmaul,806,mage,frost,27,11,16
Zionist,earthen-ring,796,mage,frost,14,9,5
Fbd,bloodscalp,768,mage,frost,12,8,4
Kfortyone,kiljaeden,768,mage,frost,12,8,4
Dearyuanmage,tichondrius,768,mage,frost,12,8,4
Walrusxo,kelthuzad,768,mage,frost,12,8,4
Frightmare,sargeras,768,mage,frost,12,8,4
Nefm,frostmourne,768,mage,frost,12,8,4
Tonystonerz,lightnings-blade,768,mage,frost,12,8,4
Yeetcannøn,illidan,768,mage,frost,18,8,10
Magibe,thrall,768,mage,frost,18,8,10
Pigdancel,tichondrius,768,mage,frost,18,8,10
Sheepshot,dentarg,768,mage,frost,18,8,10
Marisadaze,tichondrius,768,mage,frost,18,8,10
Lycheeoolong,frostmourne,768,mage,frost,18,8,10
Zuqo,sargeras,767,mage,frost,12,8,4
Mempool,darkspear,767,mage,frost,12,8,4
Bigdjohnson,dalaran,767,mage,frost,12,8,4
Nôtôrious,thrall,767,mage,frost,12,8,4
Corruptionz,nemesis,767,mage,frost,12,8,4
Sáron,quelthalas,767,mage,frost,12,8,4
Vamplol,tichondrius,767,mage,frost,18,8,10
Wickymorph,barthilas,767,mage,frost,18,8,10
Erîol,ragnaros,767,mage,frost,18,8,10
Ràmdas,hyjal,766,mage,frost,12,8,4
Kromeus,illidan,765,mage,frost,18,8,10
Nynalith,area-52,764,mage,frost,18,8,10
Marvelcuck,sargeras,763,mage,frost,12,8,4
Crizzpy,tichondrius,762,mage,frost,18,8,10
Corrmic,winterhoof,760,mage,frost,18,8,10
Bigpinkies,korgath,759,mage,frost,18,8,10
Vantus,tichondrius,757,mage,frost,14,8,6
Ratrider,dreadmaul,752,mage,frost,12,8,4
Fizario,barthilas,751,mage,frost,23,9,14
Artruis,detheroc,748,mage,frost,12,8,4
Magekingz,shattered-halls,745,mage,frost,24,8,16
Bandmaid,emerald-dream,736,mage,frost,16,9,7
Persia,illidan,735,mage,frost,17,8,9
Orderlight,alexstrasza,735,mage,frost,29,8,21
Stankfreezer,thrall,719,mage,frost,11,8,3
Heca,tichondrius,719,mage,frost,11,8,3
Jayfunk,sargeras,702,mage,frost,11,8,3
Tibbit,kelthuzad,672,mage,frost,12,7,5
Myfamilygpie,nazgrel,672,mage,frost,12,7,5
Nukedat,proudmoore,672,mage,frost,12,7,5
Elyandria,proudmoore,672,mage,frost,12,7,5
Toteypotter,frostmourne,672,mage,frost,12,7,5
Proximalol,tichondrius,672,mage,frost,12,7,5
Neovim,stormrage,672,mage,frost,12,7,5
Ntys,frostmourne,672,mage,frost,12,7,5
Ankidar,quelthalas,672,mage,frost,12,7,5
Mushys,stormrage,672,mage,frost,12,7,5
Kygores,tichondrius,672,mage,frost,12,7,5
Hogmantwo,illidan,672,mage,frost,12,7,5
Hrichit,tichondrius,672,mage,frost,12,7,5
Dexd,laughing-skull,672,mage,frost,12,7,5
Crnomage,area-52,672,mage,frost,12,7,5
Stealing,barthilas,672,mage,frost,18,7,11
Licklix,tichondrius,672,mage,frost,18,7,11
Factsx,area-52,672,mage,frost,18,7,11
Chunzhangfs,tichondrius,672,mage,frost,18,7,11
Aosin,wyrmrest-accord,672,mage,frost,18,7,11
Privilege,burning-legion,672,mage,frost,18,7,11
Zaxrie,malganis,671,mage,frost,12,7,5
Chade,dunemaul,671,mage,frost,12,7,5
Dairian,whisperwind,671,mage,frost,12,7,5
Snoogma,illidan,671,mage,frost,12,7,5
Nnenna,bonechewer,671,mage,frost,12,7,5
Tokiaro,tortheldrin,671,mage,frost,12,7,5
Khaziiong,scilla,671,mage,frost,12,7,5
Blinksz,korgath,671,mage,frost,12,7,5
Baemers,tichondrius,671,mage,frost,18,7,11
Oharvestero,illidan,671,mage,frost,18,7,11
Annalee,ragnaros,671,mage,frost,18,7,11
Vorass,kelthuzad,671,mage,frost,18,7,11
Cùrtiñ,tichondrius,671,mage,frost,24,7,17
Aulie,burning-blade,670,mage,frost,12,7,5
Ranje,kiljaeden,670,mage,frost,12,7,5
Tchass,skullcrusher,670,mage,frost,12,7,5
Kidfurry,wyrmrest-accord,670,mage,frost,12,7,5
Giovannie,zuluhed,670,mage,frost,12,7,5
Starguy,laughing-skull,670,mage,frost,18,7,11
Putosucio,nordrassil,670,mage,frost,18,7,11
Ruzam,area-52,670,mage,frost,18,7,11
Cäelüm,area-52,670,mage,frost,24,7,17
Banída,stormrage,669,mage,frost,12,7,5
Criticalness,illidan,669,mage,frost,12,7,5
Zalatirix,bleeding-hollow,669,mage,frost,12,7,5
Icelordd,ragnaros,669,mage,frost,13,7,6
Memnor,amanthul,668,mage,frost,12,7,5
Bubbleblower,hakkar,667,mage,frost,18,7,11
Trollsita,thrall,665,mage,frost,12,7,5
Evieril,tichondrius,665,mage,frost,12,7,5
Dánó,lightbringer,663,mage,frost,18,7,11
Tigoditties,emerald-dream,662,mage,frost,12,7,5
Tatertots,bladefist,655,mage,frost,23,7,16
Vendizzle,malganis,654,mage,frost,23,7,16
Slaash,barthilas,639,mage,frost,14,8,6
Discoinferno,kelthuzad,638,mage,frost,15,8,7
Shaynna,tichondrius,624,mage,frost,15,7,8
Gtó,sargeras,623,mage,frost,11,7,4
Ghostblaze,blackhand,621,mage,frost,15,8,7
Ghrámz,stormrage,607,mage,frost,16,7,9
Gralnur,kelthuzad,606,mage,frost,14,7,7
Cryyo,queldorei,576,mage,frost,6,6,0
Torthie,burning-blade,576,mage,frost,6,6,0
Supergun,tichondrius,576,mage,frost,12,6,6
Johncxvii,sargeras,576,mage,frost,12,6,6
Magetherian,frostmourne,576,mage,frost,12,6,6
Hýdramist,sargeras,576,mage,frost,12,6,6
Froshar,ragnaros,576,mage,frost,12,6,6
Eriktherod,maelstrom,576,mage,frost,12,6,6
Alludèd,illidan,576,mage,frost,12,6,6
Mmine,tichondrius,576,mage,frost,12,6,6
Frostzadan,quelthalas,576,mage,frost,12,6,6
Saymenre,tichondrius,576,mage,frost,12,6,6
Hambürglar,garrosh,576,mage,frost,12,6,6
Luckysir,illidan,576,mage,frost,18,6,12
Fromcanada,tichondrius,576,mage,frost,18,6,12
Bustercraft,kelthuzad,576,mage,frost,18,6,12
Gardes,tichondrius,576,mage,frost,18,6,12
Kabrax,nerzhul,576,mage,frost,18,6,12
Krabby,malganis,576,mage,frost,18,6,12
Covil,tichondrius,576,mage,frost,24,6,18
Bloodpumper,thrall,575,mage,frost,12,6,6
Lillbean,thunderlord,575,mage,frost,12,6,6
Oogabooga,lethon,575,mage,frost,12,6,6
Bootygoats,emerald-dream,575,mage,frost,12,6,6
Fabled,stonemaul,575,mage,frost,18,6,12
Aarne,thrall,575,mage,frost,18,6,12
Kalzak,hyjal,574,mage,frost,12,6,6
Kaël,area-52,574,mage,frost,12,6,6
Lincepotter,quelthalas,574,mage,frost,18,6,12
Tonepedo,zuljin,574,mage,frost,18,6,12
Deadmarley,blackhand,572,mage,frost,12,6,6
Ärià,sargeras,571,mage,frost,12,6,6
Mindthegap,tichondrius,571,mage,frost,12,6,6
Sodrezinn,illidan,571,mage,frost,12,6,6
Rekonx,tichondrius,558,mage,frost,17,6,11
Arckayne,zuljin,543,mage,frost,11,6,5
Hiiamtay,azralon,542,mage,frost,8,7,1
Ozwauld,emerald-dream,526,mage,frost,11,6,5
Tristania,archimonde,519,mage,frost,17,7,10
Pidge,aggramar,519,mage,frost,22,6,16
Barceclas,tichondrius,512,mage,frost,10,6,4
Aycc,tichondrius,512,mage,frost,10,6,4
Somethinglos,sargeras,512,mage,frost,16,6,10
Ereblink,proudmoore,511,mage,frost,11,6,5
Parruka,warsong,510,mage,frost,20,6,14
Zabaione,stormrage,508,mage,frost,16,6,10
Elwynnforest,sargeras,480,mage,frost,6,5,1
Flavaflame,mugthol,480,mage,frost,6,5,1
Whosdismage,illidan,480,mage,frost,6,5,1
Frosttwoop,moon-guard,480,mage,frost,6,5,1
Elfvis,deathwing,480,mage,frost,6,5,1
Hansol,farstriders,480,mage,frost,6,5,1
Fromcanadaqc,zuljin,480,mage,frost,6,5,1
Freez,garona,480,mage,frost,10,6,4
Betrian,quelthalas,480,mage,frost,12,5,7
Garbagemage,barthilas,480,mage,frost,12,5,7
Syndra,korialstrasz,480,mage,frost,12,5,7
Starguy,terenas,480,mage,frost,12,5,7
Vires,kelthuzad,480,mage,frost,12,5,7
Adronicus,tichondrius,480,mage,frost,12,5,7
Hustle,frostmourne,480,mage,frost,12,5,7
Gadwick,alexstrasza,480,mage,frost,12,5,7
Kayenri,area-52,480,mage,frost,12,5,7
Isömetrics,tichondrius,480,mage,frost,12,5,7
Siobhána,moon-guard,480,mage,frost,12,5,7
Zime,moon-guard,480,mage,frost,12,5,7
Frostytoez,firetree,480,mage,frost,12,5,7
Badboykilla,dentarg,480,mage,frost,12,5,7
Cinns,moon-guard,480,mage,frost,12,5,7
Evilnuts,quelthalas,480,mage,frost,13,5,8
Dreddpool,barthilas,480,mage,frost,18,5,13
Bettybonk,cenarius,480,mage,frost,18,5,13
Twiztidwitch,burning-legion,480,mage,frost,18,5,13
Magifish,malganis,479,mage,frost,6,5,1
Mikwam,proudmoore,479,mage,frost,6,5,1
Piixxiie,sargeras,479,mage,frost,6,5,1
Dimmershnitz,draka,479,mage,frost,12,5,7
Limeade,ursin,479,mage,frost,12,5,7
Phazora,suramar,479,mage,frost,12,5,7
Tarmiel,quelthalas,479,mage,frost,12,5,7
Cezax,frostmourne,479,mage,frost,12,5,7
Brokser,quelthalas,479,mage,frost,12,5,7
Cuoreforte,moon-guard,479,mage,frost,12,5,7
Tatersmaccs,sargeras,479,mage,frost,12,5,7
Thergon,kul-tiras,479,mage,frost,12,5,7
Srloko,azralon,479,mage,frost,18,5,13
Sènding,sargeras,479,mage,frost,24,5,19
Quietusllil,gurubashi,478,mage,frost,6,5,1
Ceadruk,darkspear,478,mage,frost,12,5,7
Cerisium,kiljaeden,431,mage,frost,11,5,6
Mageboy,bonechewer,415,mage,frost,11,5,6
Quinnfreeze,boulderfist,414,mage,frost,11,5,6
Kutulu,aerie-peak,384,mage,frost,6,4,2
Nexttmage,area-52,384,mage,frost,6,4,2
Kaboozles,area-52,384,mage,frost,6,4,2
Frðstítutè,tichondrius,384,mage,frost,6,4,2
Cewchí,tichondrius,384,mage,frost,6,4,2
Ratfather,the-forgotten-coast,384,mage,frost,6,4,2
Dashdoor,stormrage,384,mage,frost,6,4,2
Gelokay,tichondrius,384,mage,frost,6,4,2
Zgodspeedz,stormrage,384,mage,frost,6,4,2
Fromcanadaqc,tichondrius,384,mage,frost,6,4,2
Kälis,zuljin,384,mage,frost,6,4,2
Laserface,bleeding-hollow,384,mage,frost,6,4,2
Çhíllßrõ,tichondrius,384,mage,frost,6,4,2
Arcánè,velen,384,mage,frost,6,4,2
Frobo,mannoroth,384,mage,frost,6,4,2
Tofusmell,illidan,384,mage,frost,6,4,2
Myrondor,tichondrius,384,mage,frost,6,4,2
Burist,illidan,384,mage,frost,6,4,2
Reptär,demon-soul,384,mage,frost,6,4,2
Poonfarmer,zangarmarsh,384,mage,frost,6,4,2
Frostkage,tichondrius,384,mage,frost,6,4,2
Nihilitý,malganis,384,mage,frost,6,4,2
Lohkey,darkspear,384,mage,frost,6,4,2
Unlike,sargeras,384,mage,frost,6,4,2
Coldshouldér,nerzhul,384,mage,frost,6,4,2
Aigam,hyjal,384,mage,frost,6,4,2
Pzaz,moon-guard,384,mage,frost,6,4,2
Faire,stonemaul,384,mage,frost,6,4,2
Voiddude,proudmoore,384,mage,frost,6,4,2
Bçøløñápûðgé,illidan,384,mage,frost,6,4,2
Iladiin,malganis,384,mage,frost,9,4,5
Perkaset,turalyon,384,mage,frost,12,4,8
Darthez,darkspear,384,mage,frost,12,4,8
Nickygift,tichondrius,384,mage,frost,12,4,8
Frenk,moon-guard,384,mage,frost,12,4,8
Gemaicy,sargeras,384,mage,frost,12,4,8
Jejihev,drakkari,384,mage,frost,12,4,8
Horizons,moon-guard,384,mage,frost,12,4,8
Acarilla,stormrage,384,mage,frost,12,4,8
Yippmagus,area-52,384,mage,frost,12,4,8
Novokaine,area-52,384,mage,frost,12,4,8
Crimpster,illidan,384,mage,frost,12,4,8
Ultrá,stormscale,384,mage,frost,12,4,8
Saydar,stormrage,384,mage,frost,12,4,8
Lucidgaze,bonechewer,384,mage,frost,12,4,8
Badaszbich,tichondrius,384,mage,frost,12,4,8
Ineedashave,shandris,384,mage,frost,12,4,8
Bluedustfart,illidan,384,mage,frost,12,4,8
Meduka,proudmoore,384,mage,frost,12,4,8
Dallamar,frostwolf,384,mage,frost,12,4,8
Pyroshima,barthilas,384,mage,frost,16,5,11
Isellstuff,thrall,384,mage,frost,18,4,14
Snanth,black-dragonflight,384,mage,frost,18,4,14
Rolypolyman,tichondrius,384,mage,frost,18,4,14
Satív,moknathal,383,mage,frost,6,4,2
Ehduh,onyxia,383,mage,frost,6,4,2
Cynafox,moon-guard,383,mage,frost,12,4,8
Dieselonfire,the-venture-co,382,mage,frost,6,4,2
Freyia,mugthol,382,mage,frost,12,4,8
Kuni,ghostlands,382,mage,frost,12,4,8
Cowwboydan,malganis,351,mage,frost,8,5,3
Peetufo,whisperwind,351,mage,frost,11,4,7
Lirahmi,quelthalas,351,mage,frost,11,4,7
Freezeup,area-52,349,mage,frost,14,7,7
Titsncoke,proudmoore,336,mage,frost,9,4,5
Jerawokee,undermine,335,mage,frost,17,4,13
Devkek,area-52,330,mage,frost,22,7,15
Icëblöck,ysera,329,mage,frost,6,5,1
Datazonfire,illidan,320,mage,frost,12,4,8
Zssy,tichondrius,319,mage,frost,5,4,1
Scár,blackrock,317,mage,frost,8,4,4
Scarablast,bleeding-hollow,304,mage,frost,7,4,3
Messiaah,tichondrius,288,mage,frost,6,3,3
Ariezx,kelthuzad,288,mage,frost,6,3,3
Arendelle,kiljaeden,288,mage,frost,6,3,3
Kandyperreo,ragnaros,288,mage,frost,6,3,3
Mashii,kiljaeden,288,mage,frost,6,3,3
Ingrumatig,tichondrius,288,mage,frost,6,3,3
Maelista,tichondrius,288,mage,frost,6,3,3
Icetooseeyou,barthilas,288,mage,frost,6,3,3
Üman,bleeding-hollow,288,mage,frost,6,3,3
Zukoprince,azralon,288,mage,frost,6,3,3
Bigmêan,boulderfist,288,mage,frost,6,3,3
Lilpolyx,illidan,288,mage,frost,6,3,3
Botoslàp,dragonmaw,288,mage,frost,6,3,3
Aurumium,illidan,288,mage,frost,6,3,3
Kryptekk,area-52,288,mage,frost,6,3,3
Coneofkony,bleeding-hollow,288,mage,frost,6,3,3
Bigchilly,malganis,288,mage,frost,6,3,3
Kaïdis,nemesis,288,mage,frost,6,3,3
Quinnc,tichondrius,288,mage,frost,6,3,3
Lilsake,sargeras,288,mage,frost,6,3,3
Illúmi,moon-guard,288,mage,frost,6,3,3
Címegripe,stormrage,288,mage,frost,6,3,3
Isuikido,nemesis,288,mage,frost,6,3,3
Urbadxd,llane,288,mage,frost,6,3,3
Dragonie,nordrassil,288,mage,frost,6,3,3
Bønemage,azralon,288,mage,frost,6,3,3
Personah,darkspear,288,mage,frost,6,3,3
Mäz,malorne,288,mage,frost,6,3,3
Alatria,frostmourne,288,mage,frost,6,3,3
Nalla,nerzhul,288,mage,frost,6,3,3
Hékate,moon-guard,288,mage,frost,6,3,3
Kqlyy,tichondrius,288,mage,frost,6,3,3
Trozkov,dalaran,288,mage,frost,6,3,3
Highafrn,area-52,288,mage,frost,6,3,3
Puvö,tichondrius,288,mage,frost,6,3,3
Youngwiz,arthas,288,mage,frost,6,3,3
Betaduck,bleeding-hollow,288,mage,frost,6,3,3
Eraticmage,illidan,288,mage,frost,6,3,3
Murderlin,tichondrius,288,mage,frost,6,3,3
Missingxx,silvermoon,288,mage,frost,6,3,3
Percivaltp,scarlet-crusade,288,mage,frost,6,3,3
Thxo,hyjal,288,mage,frost,6,3,3
Gobstpper,nagrand,288,mage,frost,6,3,3
Blinkinghobo,sargeras,288,mage,frost,6,3,3
Bound,emerald-dream,288,mage,frost,6,3,3
Packaged,emerald-dream,288,mage,frost,6,3,3
Bamx,stormrage,288,mage,frost,6,3,3
Grimreefer,trollbane,288,mage,frost,6,3,3
Natallyn,stormrage,288,mage,frost,6,3,3
Cruxx,ragnaros,288,mage,frost,6,3,3
Noescaping,illidan,288,mage,frost,6,3,3
Etyx,tichondrius,288,mage,frost,10,4,6
Fingeredx,zuljin,288,mage,frost,12,3,9
Houdiinii,illidan,288,mage,frost,12,3,9
Ezchallenger,undermine,288,mage,frost,12,3,9
Anuub,kelthuzad,288,mage,frost,12,3,9
Calcaster,aegwynn,288,mage,frost,12,3,9
Bravden,area-52,288,mage,frost,12,3,9
Draell,drakkari,288,mage,frost,12,3,9
Merkkinz,thrall,288,mage,frost,12,3,9
Worldonfire,ragnaros,288,mage,frost,12,3,9
Daydreamz,lightnings-blade,288,mage,frost,12,3,9
Magicginger,barthilas,288,mage,frost,12,3,9
Rabeiro,tichondrius,288,mage,frost,12,3,9
Hqscoltt,azralon,288,mage,frost,12,3,9
Fracxure,area-52,288,mage,frost,12,3,9
Frostcakes,quelthalas,288,mage,frost,12,3,9
Albbano,tichondrius,288,mage,frost,12,3,9
Grynthwzrd,stormrage,288,mage,frost,12,3,9
Argyron,fizzcrank,288,mage,frost,12,3,9
Makén,illidan,287,mage,frost,6,3,3
Cawyro,caelestrasz,287,mage,frost,6,3,3
Gufi,drakkari,287,mage,frost,6,3,3
Keahiláni,area-52,287,mage,frost,6,3,3
Icehero,tichondrius,287,mage,frost,6,3,3
Evierix,illidan,287,mage,frost,12,3,9
Gradivous,emerald-dream,287,mage,frost,12,3,9
Lünâliä,bleeding-hollow,286,mage,frost,6,3,3
Redeyez,arthas,286,mage,frost,12,3,9
Chuekona,ragnaros,256,mage,frost,10,3,7
Drewann,draenor,239,mage,frost,5,3,2
Unydae,frostmourne,239,mage,frost,5,3,2
Leocius,daggerspine,239,mage,frost,5,3,2
Itsoveryo,jubeithos,239,mage,frost,11,3,8
Asparagoose,stormrage,239,mage,frost,11,3,8
Thaldarian,emerald-dream,234,mage,frost,13,4,9
Skerei,azralon,234,mage,frost,19,4,15
Rayricefan,blood-furnace,192,mage,frost,4,3,1
Abracadaver,greymane,192,mage,frost,4,3,1
Pizzle,perenolde,192,mage,frost,6,2,4
Makius,area-52,192,mage,frost,6,2,4
Winstonchill,zuljin,192,mage,frost,6,2,4
Karameltart,barthilas,192,mage,frost,6,2,4
Afknz,frostmourne,192,mage,frost,6,2,4
Sparqablink,tichondrius,192,mage,frost,6,2,4
Strêss,kelthuzad,192,mage,frost,6,2,4
Westii,illidan,192,mage,frost,6,2,4
Cradic,tichondrius,192,mage,frost,6,2,4
Getmaged,bleeding-hollow,192,mage,frost,6,2,4
Stìnkfîst,tichondrius,192,mage,frost,6,2,4
Drewzz,tichondrius,192,mage,frost,6,2,4
Anyahs,tichondrius,192,mage,frost,6,2,4
Earff,kiljaeden,192,mage,frost,6,2,4
Fleët,tichondrius,192,mage,frost,6,2,4
Ayci,velen,192,mage,frost,6,2,4
Bluishhue,thrall,192,mage,frost,6,2,4
Roarly,stonemaul,192,mage,frost,6,2,4
Mager,dentarg,192,mage,frost,6,2,4
Miketao,tichondrius,192,mage,frost,6,2,4
Iguanodon,proudmoore,192,mage,frost,6,2,4
Elvin,frostmourne,192,mage,frost,6,2,4
Valire,kelthuzad,192,mage,frost,6,2,4
Tanedos,tichondrius,192,mage,frost,6,2,4
Muskybiggie,bleeding-hollow,192,mage,frost,6,2,4
Agoniey,illidan,192,mage,frost,6,2,4
Gradmage,proudmoore,192,mage,frost,6,2,4
Whiteyx,saurfang,192,mage,frost,6,2,4
Viccluvin,stormrage,192,mage,frost,6,2,4
Cantblocklul,baelgun,192,mage,frost,6,2,4
Raynark,nemesis,192,mage,frost,6,2,4
Ess,tichondrius,192,mage,frost,6,2,4
Icetomeetyu,bleeding-hollow,192,mage,frost,6,2,4
Chadyus,illidan,192,mage,frost,6,2,4
Xar,guldan,192,mage,frost,6,2,4
Pyröz,kelthuzad,192,mage,frost,6,2,4
Avicci,shattered-halls,192,mage,frost,6,2,4
Undeadmager,nerzhul,192,mage,frost,6,2,4
Meer,stonemaul,192,mage,frost,6,2,4
Baleiabranca,stormrage,192,mage,frost,6,2,4
Dinklord,azuremyst,192,mage,frost,6,2,4
Fïtz,quelthalas,192,mage,frost,6,2,4
Sophrates,burning-blade,192,mage,frost,6,2,4
Insulting,aerie-peak,192,mage,frost,6,2,4
Airsickjet,kiljaeden,192,mage,frost,6,2,4
Jayma,moon-guard,192,mage,frost,6,2,4
Cayoux,darkspear,192,mage,frost,6,2,4
Audacy,sargeras,192,mage,frost,6,2,4
Fullmetal,jaedenar,192,mage,frost,6,2,4
Vallfire,malganis,192,mage,frost,6,2,4
Nachtt,sargeras,192,mage,frost,6,2,4
Cottonmage,malganis,192,mage,frost,6,2,4
Alùcârd,tichondrius,192,mage,frost,6,2,4
Vortex,fenris,192,mage,frost,6,2,4
Harlloo,the-underbog,192,mage,frost,6,2,4
Clickhard,suramar,192,mage,frost,9,2,7
Hositonet,malganis,192,mage,frost,12,2,10
Mageyoulooks,shattered-hand,192,mage,frost,12,2,10
Èvilmage,blackrock,192,mage,frost,12,2,10
Tracemaker,emerald-dream,192,mage,frost,12,2,10
Rán,spirestone,192,mage,frost,12,2,10
Sîmply,zuljin,192,mage,frost,12,2,10
Mendittorosa,tichondrius,192,mage,frost,12,2,10
Converseqt,stormrage,192,mage,frost,12,2,10
Zerg,fenris,192,mage,frost,12,2,10
Snowjôb,illidan,192,mage,frost,12,2,10
Wqnmlgbdy,tichondrius,192,mage,frost,18,2,16
Kahldyn,stormrage,191,mage,frost,4,3,1
Rathrizar,emerald-dream,191,mage,frost,6,2,4
Brynach,trollbane,191,mage,frost,6,2,4
Hense,stormrage,191,mage,frost,6,2,4
Leeandroo,quelthalas,191,mage,frost,6,2,4
Silverstrza,gnomeregan,191,mage,frost,6,2,4
Cheapped,emerald-dream,175,mage,frost,6,3,3
Blakus,tichondrius,159,mage,frost,6,3,3
Frosteddiks,shattered-halls,159,mage,frost,5,2,3
Triambukh,grizzly-hills,159,mage,frost,5,2,3
Erudit,tichondrius,144,mage,frost,15,2,13
Shardgodx,kelthuzad,138,mage,frost,8,4,4
Goingmassive,frostmourne,127,mage,frost,4,2,2
Mongera,bonechewer,126,mage,frost,8,2,6
Sillycole,emerald-dream,96,mage,frost,3,2,1
Thôrsena,ursin,96,mage,frost,3,2,1
Snipymagus,shattered-hand,96,mage,frost,3,2,1
Ârcano,ragnaros,96,mage,frost,6,1,5
Gnòmêrcy,kelthuzad,96,mage,frost,6,1,5
Freezze,malganis,96,mage,frost,6,1,5
Fantabulous,korgath,96,mage,frost,6,1,5
Stormfrieza,tichondrius,96,mage,frost,6,1,5
Pblastdatass,stormrage,96,mage,frost,6,1,5
Mastacombust,illidan,96,mage,frost,6,1,5
Gíldrin,proudmoore,96,mage,frost,6,1,5
Keelaron,proudmoore,96,mage,frost,6,1,5
Jizzlez,tichondrius,96,mage,frost,6,1,5
Fookz,malganis,96,mage,frost,6,1,5
Soulbite,barthilas,96,mage,frost,6,1,5
Astería,ragnaros,96,mage,frost,6,1,5
Michaelbust,tichondrius,96,mage,frost,6,1,5
Klinkr,illidan,96,mage,frost,6,1,5
Åpollous,frostmourne,96,mage,frost,6,1,5
Magicmom,wyrmrest-accord,96,mage,frost,6,1,5
Ricter,hyjal,96,mage,frost,6,1,5
Professor,khadgar,96,mage,frost,6,1,5
Ichirou,stormrage,96,mage,frost,6,1,5
Wuzzo,tichondrius,96,mage,frost,6,1,5
Themose,sargeras,96,mage,frost,6,1,5
Adrazell,sargeras,96,mage,frost,6,1,5
Neverworks,tichondrius,96,mage,frost,6,1,5
Ñõxx,sargeras,96,mage,frost,6,1,5
Coolhandz,tichondrius,96,mage,frost,6,1,5
Evilear,andorhal,96,mage,frost,6,1,5
Zei,bleeding-hollow,96,mage,frost,6,1,5
Linadeslayer,chogall,96,mage,frost,6,1,5
Dathoe,laughing-skull,96,mage,frost,6,1,5
Fortemage,tichondrius,96,mage,frost,6,1,5
Truewinter,tichondrius,96,mage,frost,6,1,5
Furrblock,tichondrius,96,mage,frost,6,1,5
Nairmage,tichondrius,96,mage,frost,8,1,7
Pyrophobia,mannoroth,96,mage,frost,12,1,11
Taladas,suramar,96,mage,frost,12,1,11
Pizzatest,area-52,96,mage,frost,12,1,11
Icestory,tichondrius,96,mage,frost,13,1,12
Eirwan,illidan,95,mage,frost,6,1,5
Notria,illidan,79,mage,frost,5,1,4
Buckybever,illidan,79,mage,frost,11,1,10
Taevy,tichondrius,64,mage,frost,4,1,3
Lv,stormscale,48,mage,frost,3,1,2
Barkäi,ragnaros,48,mage,frost,3,1,2
Dazby,tichondrius,42,mage,frost,11,3,8
Hotpeachpie,zuljin,42,mage,frost,8,2,6
Dannycarey,tichondrius,2278,monk,mistweaver,78,55,23
Woezx,stormreaver,2264,monk,mistweaver,68,47,21
Zenjj,thorium-brotherhood,2211,monk,mistweaver,158,92,66
Garbagemonk,scilla,2209,monk,mistweaver,90,61,29
Jep,tichondrius,2190,monk,mistweaver,138,88,50
Weavied,sargeras,2186,monk,mistweaver,138,74,64
Mysticallx,sargeras,2175,monk,mistweaver,72,47,25
Linlol,tichondrius,2168,monk,mistweaver,236,137,99
Nohandslost,blackrock,2157,monk,mistweaver,188,98,90
Emoeres,kelthuzad,2151,monk,mistweaver,104,55,49
Oblivæon,tichondrius,2143,monk,mistweaver,72,45,27
Hernameplz,proudmoore,2141,monk,mistweaver,105,57,48
Cuteballs,tichondrius,2138,monk,mistweaver,81,50,31
Oldmanswirl,mugthol,2137,monk,mistweaver,84,50,34
Crunchyrollx,tichondrius,2135,monk,mistweaver,66,49,17
Woggitie,jubeithos,2129,monk,mistweaver,68,45,23
Igriefidiots,tichondrius,2129,monk,mistweaver,71,40,31
Griefgodx,tichondrius,2127,monk,mistweaver,88,49,39
Moonym,nagrand,2126,monk,mistweaver,68,41,27
Vaen,kelthuzad,2126,monk,mistweaver,78,47,31
Cool,crushridge,2126,monk,mistweaver,114,67,47
Wheatsli,malganis,2126,monk,mistweaver,138,81,57
Sloppyroppy,tichondrius,2124,monk,mistweaver,95,54,41
Oliveirarr,tichondrius,2123,monk,mistweaver,126,71,55
Drdabz,illidan,2122,monk,mistweaver,54,33,21
Purgenm,tichondrius,2122,monk,mistweaver,90,52,38
Dãnwun,tichondrius,2121,monk,mistweaver,72,44,28
Originull,darkspear,2119,monk,mistweaver,83,49,34
Proghouse,illidan,2118,monk,mistweaver,78,42,36
Secdog,tichondrius,2118,monk,mistweaver,84,44,40
Kicub,emerald-dream,2115,monk,mistweaver,84,44,40
Itzokinlol,malganis,2113,monk,mistweaver,114,70,44
Firewatches,emerald-dream,2113,monk,mistweaver,72,42,30
Akkiira,sargeras,2112,monk,mistweaver,72,42,30
Glqjkglbfgdl,zuljin,2105,monk,mistweaver,126,70,56
Mãsterpõ,tichondrius,2100,monk,mistweaver,188,99,89
Moremoretea,tichondrius,2098,monk,mistweaver,81,48,33
Heywhatsup,emerald-dream,2097,monk,mistweaver,102,50,52
Akiramenaide,tichondrius,2089,monk,mistweaver,48,35,13
Wagfu,moon-guard,2067,monk,mistweaver,64,38,26
Sharkpiglet,illidan,2063,monk,mistweaver,60,35,25
Gabîmaru,area-52,2054,monk,mistweaver,99,64,35
Thet,sargeras,2049,monk,mistweaver,147,77,70
Timermørk,kalecgos,2042,monk,mistweaver,66,46,20
Waggìes,moon-guard,2040,monk,mistweaver,71,44,27
Huaren,tichondrius,2036,monk,mistweaver,125,71,54
Fizzlefarmer,moon-guard,2031,monk,mistweaver,89,54,35
Zhoku,tichondrius,2020,monk,mistweaver,58,34,24
Speedcapped,area-52,2016,monk,mistweaver,126,63,63
Grif,nazjatar,2013,monk,mistweaver,183,97,86
Mcoos,tichondrius,2012,monk,mistweaver,132,84,48
Gameníne,tichondrius,2012,monk,mistweaver,60,36,24
Punchgodx,greymane,2010,monk,mistweaver,78,46,32
Parodies,illidan,2002,monk,mistweaver,61,33,28
Zuhak,tichondrius,2001,monk,mistweaver,42,26,16
Voidstate,stormrage,2001,monk,mistweaver,131,71,60
Boogstyle,malganis,2000,monk,mistweaver,70,38,32
Jiwå,terenas,1996,monk,mistweaver,463,239,224
Canghaigg,tichondrius,1995,monk,mistweaver,102,65,37
Tyrfan,sargeras,1994,monk,mistweaver,154,84,70
Brazfu,skullcrusher,1993,monk,mistweaver,117,70,47
Bhoredom,kiljaeden,1992,monk,mistweaver,146,80,66
Babyfaceqt,skullcrusher,1983,monk,mistweaver,113,61,52
Àvríam,stormrage,1981,monk,mistweaver,65,33,32
Yangroumo,tichondrius,1979,monk,mistweaver,72,43,29
Bungfist,stormrage,1977,monk,mistweaver,35,25,10
Leetcoder,tichondrius,1977,monk,mistweaver,159,102,57
Dowsk,tichondrius,1970,monk,mistweaver,58,33,25
Ðrägønéyèz,malygos,1969,monk,mistweaver,152,82,70
Aviee,illidan,1967,monk,mistweaver,66,30,36
Venfuki,tichondrius,1963,monk,mistweaver,60,35,25
Jakethegreat,moknathal,1963,monk,mistweaver,187,108,79
Hafezassad,illidan,1954,monk,mistweaver,48,23,25
Raddxd,illidan,1952,monk,mistweaver,42,30,12
Assez,tichondrius,1951,monk,mistweaver,68,36,32
Vongg,tichondrius,1950,monk,mistweaver,66,36,30
Praggers,proudmoore,1950,monk,mistweaver,65,35,30
Zukki,zuljin,1949,monk,mistweaver,88,54,34
Zuhakmw,tichondrius,1947,monk,mistweaver,78,39,39
Wrxx,kelthuzad,1943,monk,mistweaver,304,153,151
Suhjoon,bleeding-hollow,1942,monk,mistweaver,142,73,69
Orbgodx,darkspear,1941,monk,mistweaver,48,30,18
Wetchickennz,tichondrius,1940,monk,mistweaver,130,75,55
Ilovekok,sargeras,1938,monk,mistweaver,66,55,11
Mavvi,tichondrius,1938,monk,mistweaver,86,51,35
Swurvex,bleeding-hollow,1938,monk,mistweaver,54,29,25
Heha,tichondrius,1936,monk,mistweaver,71,38,33
Xeus,darkspear,1931,monk,mistweaver,36,25,11
Liltuna,icecrown,1930,monk,mistweaver,36,23,13
Gsdfjskpx,sargeras,1926,monk,mistweaver,126,64,62
Pandacottoco,azralon,1924,monk,mistweaver,78,44,34
Imdabes,velen,1923,monk,mistweaver,72,39,33
Vethosis,illidan,1921,monk,mistweaver,43,27,16
Lmhs,tichondrius,1920,monk,mistweaver,54,32,22
Ònó,quelthalas,1919,monk,mistweaver,67,39,28
Brewsome,bloodhoof,1919,monk,mistweaver,82,43,39
Abellmonk,tichondrius,1910,monk,mistweaver,203,117,86
Wootzhu,zuljin,1900,monk,mistweaver,98,53,45
Toyotasupra,emerald-dream,1898,monk,mistweaver,72,46,26
Kansú,ragnaros,1898,monk,mistweaver,94,49,45
Poscom,tichondrius,1897,monk,mistweaver,131,90,41
Gummycat,bonechewer,1894,monk,mistweaver,168,96,72
Kristië,stormrage,1891,monk,mistweaver,42,30,12
Taichí,tichondrius,1891,monk,mistweaver,65,35,30
Celerein,illidan,1889,monk,mistweaver,76,44,32
Shad,frostmourne,1883,monk,mistweaver,90,53,37
Nezly,sargeras,1882,monk,mistweaver,60,29,31
Yasysy,tichondrius,1879,monk,mistweaver,36,22,14
Sintifissti,sargeras,1877,monk,mistweaver,42,28,14
Wingchungus,sargeras,1876,monk,mistweaver,30,23,7
Paperfist,stormrage,1876,monk,mistweaver,120,83,37
Toozmania,stormrage,1876,monk,mistweaver,52,31,21
Postmark,tichondrius,1876,monk,mistweaver,54,31,23
Taeeun,tichondrius,1874,monk,mistweaver,45,30,15
Martiálfarts,malganis,1873,monk,mistweaver,36,25,11
Sifu,bleeding-hollow,1873,monk,mistweaver,59,36,23
Imdabes,destromath,1872,monk,mistweaver,66,31,35
Spicyx,kiljaeden,1871,monk,mistweaver,30,24,6
Tekuto,tichondrius,1871,monk,mistweaver,67,46,21
Xdfu,stormrage,1870,monk,mistweaver,54,35,19
Dro,khadgar,1870,monk,mistweaver,42,22,20
Robocto,area-52,1869,monk,mistweaver,102,61,41
Dalillama,stormreaver,1865,monk,mistweaver,48,31,17
Logtich,moon-guard,1864,monk,mistweaver,78,42,36
Nesoween,tichondrius,1863,monk,mistweaver,39,30,9
Shùù,tichondrius,1862,monk,mistweaver,47,28,19
Ringofpeace,sargeras,1860,monk,mistweaver,36,27,9
Papermade,barthilas,1860,monk,mistweaver,48,26,22
Cmonktwo,turalyon,1858,monk,mistweaver,54,31,23
Sevenmonk,tichondrius,1857,monk,mistweaver,54,36,18
Esqu,sargeras,1856,monk,mistweaver,36,22,14
Cmonk,turalyon,1856,monk,mistweaver,40,24,16
Piilsburry,sargeras,1855,monk,mistweaver,48,26,22
Dræmwalker,malygos,1854,monk,mistweaver,295,149,146
Tokol,tichondrius,1847,monk,mistweaver,108,59,49
Proxy,ragnaros,1846,monk,mistweaver,46,31,15
Tonyboloney,tichondrius,1845,monk,mistweaver,42,25,17
Aegea,illidan,1844,monk,mistweaver,48,29,19
Fîstweave,emerald-dream,1844,monk,mistweaver,77,45,32
Yujiro,draktharon,1843,monk,mistweaver,36,23,13
Crabfest,zuljin,1843,monk,mistweaver,60,35,25
Stonemists,ragnaros,1841,monk,mistweaver,47,32,15
Xinergy,illidan,1840,monk,mistweaver,98,65,33
Vaemonka,stormrage,1840,monk,mistweaver,73,44,29
Rokkon,sargeras,1840,monk,mistweaver,60,35,25
Fluval,moon-guard,1839,monk,mistweaver,59,41,18
Nakedidiot,kelthuzad,1839,monk,mistweaver,48,32,16
Nabunaga,illidan,1837,monk,mistweaver,42,34,8
Hinåta,thrall,1837,monk,mistweaver,40,26,14
Okchat,emerald-dream,1837,monk,mistweaver,113,72,41
Baychiz,sargeras,1837,monk,mistweaver,42,25,17
Irraeine,malganis,1836,monk,mistweaver,48,31,17
Djkungfu,thrall,1836,monk,mistweaver,138,88,50
Shiinobi,area-52,1836,monk,mistweaver,81,46,35
Zarenki,tichondrius,1835,monk,mistweaver,73,33,40
Decompress,illidan,1833,monk,mistweaver,66,40,26
Chadweave,moon-guard,1833,monk,mistweaver,114,61,53
Guarantee,tichondrius,1832,monk,mistweaver,182,102,80
Nuriva,tichondrius,1831,monk,mistweaver,48,36,12
Cmonkey,turalyon,1831,monk,mistweaver,48,31,17
Threefanandy,kelthuzad,1830,monk,mistweaver,30,21,9
Drracaryss,sargeras,1830,monk,mistweaver,146,86,60
Michæ,quelthalas,1830,monk,mistweaver,202,111,91
Intra,exodar,1830,monk,mistweaver,121,65,56
Carzzy,sargeras,1829,monk,mistweaver,35,23,12
Tirionx,area-52,1828,monk,mistweaver,215,125,90
Baoma,tichondrius,1827,monk,mistweaver,95,55,40
Monklike,illidan,1827,monk,mistweaver,60,30,30
Suamw,tichondrius,1827,monk,mistweaver,68,32,36
Sillyguy,stormrage,1825,monk,mistweaver,89,56,33
Jackouse,frostmourne,1824,monk,mistweaver,50,31,19
Hugdealer,warsong,1823,monk,mistweaver,80,47,33
Caffeinated,barthilas,1823,monk,mistweaver,136,64,72
Gtmdyjs,illidan,1822,monk,mistweaver,29,20,9
Ekn,tichondrius,1822,monk,mistweaver,30,20,10
Tazi,chromaggus,1821,monk,mistweaver,84,50,34
Voltio,frostmane,1820,monk,mistweaver,103,68,35
Chaddington,malorne,1820,monk,mistweaver,48,30,18
Monknutt,tichondrius,1819,monk,mistweaver,56,32,24
Ilovefrogs,stormrage,1819,monk,mistweaver,60,30,30
Malibrew,proudmoore,1817,monk,mistweaver,42,29,13
Basedbuck,dalaran,1817,monk,mistweaver,30,19,11
Ándi,barthilas,1817,monk,mistweaver,53,28,25
Spook,kalecgos,1816,monk,mistweaver,49,35,14
Wolf,shattered-hand,1816,monk,mistweaver,30,19,11
Yobeel,tichondrius,1816,monk,mistweaver,54,23,31
Xhilong,quelthalas,1815,monk,mistweaver,48,28,20
Lexxbtw,thrall,1815,monk,mistweaver,107,59,48
Canadá,bleeding-hollow,1813,monk,mistweaver,36,27,9
Dancah,eitrigg,1813,monk,mistweaver,30,19,11
Mistpump,tichondrius,1811,monk,mistweaver,48,26,22
Phattea,thrall,1808,monk,mistweaver,48,31,17
Yokuu,thunderlord,1808,monk,mistweaver,54,29,25
Abeldra,moon-guard,1807,monk,mistweaver,82,42,40
Cööked,illidan,1806,monk,mistweaver,60,33,27
Timed,shuhalo,1806,monk,mistweaver,49,26,23
Astrino,zuljin,1805,monk,mistweaver,42,29,13
Discurzed,barthilas,1805,monk,mistweaver,100,57,43
Strongmandan,twisting-nether,1805,monk,mistweaver,42,23,19
Onlyfansx,ragnaros,1805,monk,mistweaver,256,139,117
Cenfu,malganis,1805,monk,mistweaver,72,29,43
Vrieden,illidan,1804,monk,mistweaver,99,42,57
Kungfoocious,tichondrius,1802,monk,mistweaver,57,33,24
Mixflo,bleeding-hollow,1802,monk,mistweaver,39,20,19
Mistweave,aerie-peak,1801,monk,mistweaver,54,34,20
Squalicorax,area-52,1801,monk,mistweaver,47,24,23
Qtmonk,emerald-dream,1800,monk,mistweaver,48,33,15
Jiucho,dalaran,1800,monk,mistweaver,35,23,12
Monjimen,ragnaros,1800,monk,mistweaver,185,107,78
Tiptea,stormrage,1799,monk,mistweaver,42,23,19
Cardrik,thrall,1798,monk,mistweaver,101,50,51
Mackiechan,kelthuzad,1797,monk,mistweaver,128,73,55
Gentleuncle,tichondrius,1796,monk,mistweaver,113,65,48
Sleeks,bonechewer,1795,monk,mistweaver,90,54,36
Natalié,caelestrasz,1793,monk,mistweaver,36,25,11
Gamesuxlol,the-underbog,1790,monk,mistweaver,84,51,33
Rexfiend,tichondrius,1782,monk,mistweaver,24,19,5
Triarcs,area-52,1781,monk,mistweaver,36,24,12
Liteup,smolderthorn,1781,monk,mistweaver,336,167,169
Xzeer,illidan,1779,monk,mistweaver,30,25,5
Shlunks,illidan,1779,monk,mistweaver,183,105,78
Coomweaver,stormrage,1778,monk,mistweaver,42,22,20
Breadweaver,malganis,1775,monk,mistweaver,48,24,24
Lgee,kelthuzad,1774,monk,mistweaver,30,19,11
Beboté,quelthalas,1774,monk,mistweaver,77,41,36
Zundor,ghostlands,1769,monk,mistweaver,26,20,6
Femalejam,darkspear,1768,monk,mistweaver,54,33,21
Epî,tichondrius,1768,monk,mistweaver,116,58,58
Trackstarx,area-52,1767,monk,mistweaver,30,25,5
Daito,jubeithos,1767,monk,mistweaver,110,62,48
Wigglygiggly,mannoroth,1762,monk,mistweaver,66,38,28
Greenbrews,area-52,1760,monk,mistweaver,138,75,63
Crypomunkz,malganis,1758,monk,mistweaver,35,23,12
Manggi,tichondrius,1758,monk,mistweaver,121,76,45
Dwánesan,tichondrius,1756,monk,mistweaver,36,23,13
Mikamonk,illidan,1755,monk,mistweaver,75,45,30
Ileffsinll,illidan,1755,monk,mistweaver,60,32,28
Rîce,burning-blade,1754,monk,mistweaver,42,29,13
Grabbitz,kelthuzad,1751,monk,mistweaver,42,27,15
Spinharder,stormrage,1750,monk,mistweaver,65,38,27
Callmekoldi,dalaran,1748,monk,mistweaver,93,52,41
Ensaymada,frostmourne,1747,monk,mistweaver,132,68,64
Tippity,stormrage,1746,monk,mistweaver,37,24,13
Bebuu,proudmoore,1744,monk,mistweaver,65,44,21
Mxf,tichondrius,1743,monk,mistweaver,36,23,13
Cangry,area-52,1740,monk,mistweaver,54,27,27
Vernki,laughing-skull,1738,monk,mistweaver,59,36,23
Briàr,area-52,1736,monk,mistweaver,42,23,19
Worldhopperx,area-52,1735,monk,mistweaver,48,30,18
Ellesig,ragnaros,1731,monk,mistweaver,130,69,61
Mariabaraks,darkspear,1729,monk,mistweaver,78,46,32
Ttvchickchau,tichondrius,1728,monk,mistweaver,53,35,18
Fistofchanny,tichondrius,1725,monk,mistweaver,104,57,47
Alekun,quelthalas,1724,monk,mistweaver,59,35,24
Supbro,hyjal,1723,monk,mistweaver,30,18,12
Slunka,tichondrius,1723,monk,mistweaver,36,21,15
Steelcase,frostmourne,1722,monk,mistweaver,47,26,21
Mvqws,tichondrius,1721,monk,mistweaver,30,24,6
Ðescubra,stormrage,1721,monk,mistweaver,80,44,36
Bubblepony,illidan,1721,monk,mistweaver,203,106,97
Gramazen,tichondrius,1718,monk,mistweaver,42,25,17
Dupaweaver,stormrage,1717,monk,mistweaver,41,21,20
Hepp,stormrage,1716,monk,mistweaver,30,20,10
Canghaimonk,tichondrius,1714,monk,mistweaver,54,25,29
Iightning,dentarg,1712,monk,mistweaver,54,32,22
Snuggubae,moon-guard,1710,monk,mistweaver,66,36,30
Starçandy,tichondrius,1710,monk,mistweaver,96,51,45
Noremaç,frostmourne,1709,monk,mistweaver,36,21,15
Jaja,kiljaeden,1708,monk,mistweaver,36,22,14
Betasquadxd,bleeding-hollow,1707,monk,mistweaver,43,25,18
Gnappyy,tichondrius,1705,monk,mistweaver,30,18,12
Røllitup,illidan,1704,monk,mistweaver,54,34,20
Mð,vashj,1704,monk,mistweaver,84,41,43
Turbokíll,proudmoore,1703,monk,mistweaver,36,22,14
Hansul,tichondrius,1700,monk,mistweaver,83,38,45
Qxt,tichondrius,1699,monk,mistweaver,52,31,21
Mexii,hellscream,1697,monk,mistweaver,155,74,81
Danarolls,spirestone,1697,monk,mistweaver,48,21,27
Sevymonk,stormrage,1696,monk,mistweaver,30,21,9
Krömbopulos,magtheridon,1696,monk,mistweaver,36,24,12
Mistweaverxo,malganis,1696,monk,mistweaver,104,60,44
Zaqqari,wyrmrest-accord,1695,monk,mistweaver,48,24,24
Ææøææôææôææô,illidan,1692,monk,mistweaver,90,66,24
Linsey,frostmourne,1691,monk,mistweaver,36,20,16
Gauche,arygos,1686,monk,mistweaver,144,74,70
Unclety,tichondrius,1685,monk,mistweaver,42,24,18
Cystweaver,dalaran,1684,monk,mistweaver,42,27,15
Zipmw,tichondrius,1683,monk,mistweaver,42,24,18
Cromulent,saurfang,1682,monk,mistweaver,71,34,37
Aráshicage,malganis,1681,monk,mistweaver,48,29,19
Phtarded,stormreaver,1681,monk,mistweaver,74,39,35
Moushindeiru,sargeras,1680,monk,mistweaver,36,30,6
Motogp,tichondrius,1680,monk,mistweaver,128,61,67
Soprà,zuljin,1677,monk,mistweaver,33,20,13
Stepfistz,aegwynn,1677,monk,mistweaver,66,36,30
Zenox,rexxar,1675,monk,mistweaver,54,28,26
Drunkentoker,illidan,1673,monk,mistweaver,48,26,22
Dwãrf,tichondrius,1671,monk,mistweaver,30,22,8
Takugava,illidan,1671,monk,mistweaver,60,40,20
Stonymcblaze,malganis,1671,monk,mistweaver,42,25,17
Tezcatyo,malganis,1671,monk,mistweaver,54,32,22
Xcrispy,scilla,1670,monk,mistweaver,30,20,10
Tamonger,stormrage,1670,monk,mistweaver,179,100,79
Fisticufs,bleeding-hollow,1670,monk,mistweaver,42,23,19
Zuen,ragnaros,1670,monk,mistweaver,101,51,50
Velenious,tichondrius,1667,monk,mistweaver,68,46,22
Harkwind,azralon,1666,monk,mistweaver,108,60,48
Nugskis,dalaran,1666,monk,mistweaver,263,135,128
Mememories,tichondrius,1665,monk,mistweaver,74,46,28
Cherep,kiljaeden,1665,monk,mistweaver,93,49,44
Smallboots,area-52,1662,monk,mistweaver,24,20,4
Gomon,terenas,1661,monk,mistweaver,29,20,9
Seokdenam,tichondrius,1660,monk,mistweaver,84,47,37
Rectus,proudmoore,1659,monk,mistweaver,30,22,8
Serikko,frostmourne,1657,monk,mistweaver,44,26,18
Wildfists,tichondrius,1657,monk,mistweaver,415,213,202
Èmacs,barthilas,1655,monk,mistweaver,29,21,8
Greenrice,thrall,1655,monk,mistweaver,52,33,19
Lilsloptop,moon-guard,1653,monk,mistweaver,125,78,47
Calvana,tichondrius,1653,monk,mistweaver,101,40,61
Yeji,altar-of-storms,1652,monk,mistweaver,43,21,22
Ludan,eredar,1651,monk,mistweaver,109,61,48
Rexzilla,tichondrius,1648,monk,mistweaver,36,25,11
Ropturttlê,tichondrius,1646,monk,mistweaver,30,22,8
Swuseng,tichondrius,1646,monk,mistweaver,36,21,15
Miillkz,zuljin,1644,monk,mistweaver,47,25,22
Qup,lightbringer,1643,monk,mistweaver,37,28,9
Swoleypoley,tichondrius,1642,monk,mistweaver,36,21,15
Itspoils,illidan,1641,monk,mistweaver,37,27,10
Místme,tichondrius,1641,monk,mistweaver,36,22,14
Tenoseven,area-52,1640,monk,mistweaver,21,19,2
Djux,zuljin,1639,monk,mistweaver,30,20,10
Copula,illidan,1637,monk,mistweaver,74,34,40
Paralee,tichondrius,1635,monk,mistweaver,48,34,14
Gujunpyó,sargeras,1635,monk,mistweaver,66,40,26
Beerflow,stormrage,1635,monk,mistweaver,42,23,19
Ropgobbler,muradin,1634,monk,mistweaver,30,18,12
Xhangtu,thrall,1632,monk,mistweaver,76,50,26
Akkiraa,sargeras,1631,monk,mistweaver,24,17,7
Integrity,durotan,1630,monk,mistweaver,59,34,25
Lovehate,zuljin,1629,monk,mistweaver,48,23,25
Baldbutcute,darkspear,1627,monk,mistweaver,28,19,9
Damndaniel,hyjal,1627,monk,mistweaver,86,42,44
Actualcrime,tichondrius,1627,monk,mistweaver,36,17,19
Avãrîce,stormrage,1626,monk,mistweaver,24,17,7
Winfred,bleeding-hollow,1625,monk,mistweaver,48,31,17
Innerchii,tichondrius,1624,monk,mistweaver,24,17,7
Misthealz,black-dragonflight,1624,monk,mistweaver,48,31,17
Rañga,caelestrasz,1624,monk,mistweaver,66,37,29
Nicotinetap,tichondrius,1623,monk,mistweaver,30,18,12
Kaylux,stormrage,1623,monk,mistweaver,30,17,13
Waataafaak,malganis,1622,monk,mistweaver,54,30,24
Proventos,azralon,1622,monk,mistweaver,216,119,97
Whaes,thrall,1621,monk,mistweaver,24,17,7
Wittymonk,illidan,1621,monk,mistweaver,87,51,36
Valian,tichondrius,1621,monk,mistweaver,42,22,20
Rizzdriver,moon-guard,1620,monk,mistweaver,36,22,14
Monkwalker,tichondrius,1620,monk,mistweaver,66,35,31
Barelroll,proudmoore,1619,monk,mistweaver,69,49,20
Swolington,proudmoore,1619,monk,mistweaver,41,26,15
Melonmuncher,duskwood,1619,monk,mistweaver,30,17,13
Intertwine,frostmourne,1619,monk,mistweaver,30,17,13
Avz,azralon,1618,monk,mistweaver,30,21,9
Hunkymonky,thrall,1618,monk,mistweaver,57,35,22
Nahr,tichondrius,1618,monk,mistweaver,33,19,14
Locusta,tichondrius,1616,monk,mistweaver,30,19,11
Wpola,tichondrius,1616,monk,mistweaver,30,17,13
Nekzí,sargeras,1615,monk,mistweaver,30,20,10
Mukboo,tichondrius,1615,monk,mistweaver,36,17,19
Pacee,deathwing,1613,monk,mistweaver,24,17,7
Kendro,trollbane,1613,monk,mistweaver,59,38,21
Somebodym,illidan,1613,monk,mistweaver,36,22,14
Yunmen,blades-edge,1613,monk,mistweaver,113,61,52
Qords,tichondrius,1612,monk,mistweaver,148,77,71
Jojostar,shadowsong,1611,monk,mistweaver,30,17,13
Pingpang,stormreaver,1610,monk,mistweaver,81,46,35
Korata,frostwolf,1610,monk,mistweaver,42,23,19
Sixsticks,tichondrius,1610,monk,mistweaver,58,30,28
Furyjames,quelthalas,1610,monk,mistweaver,72,31,41
Hîbîscus,illidan,1609,monk,mistweaver,32,17,15
Chessyx,ragnaros,1608,monk,mistweaver,36,17,19
Teewin,area-52,1607,monk,mistweaver,47,37,10
Eatmykïtty,dalaran,1607,monk,mistweaver,30,22,8
Jadestørmz,illidan,1607,monk,mistweaver,30,20,10
Guïnness,tichondrius,1605,monk,mistweaver,27,18,9
Hiiyaa,tichondrius,1605,monk,mistweaver,78,43,35
Tamingpanda,wildhammer,1605,monk,mistweaver,60,33,27
Pandaiax,area-52,1605,monk,mistweaver,59,31,28
Oblivion,wildhammer,1604,monk,mistweaver,61,36,25
Luvdeluxe,skullcrusher,1603,monk,mistweaver,42,20,22
Goochtickles,bleeding-hollow,1602,monk,mistweaver,128,79,49
Xuenws,tichondrius,1602,monk,mistweaver,84,36,48
Ricearolli,area-52,1601,monk,mistweaver,24,17,7
Elvenmonk,frostmane,1601,monk,mistweaver,30,19,11
Roogymw,emerald-dream,1601,monk,mistweaver,48,24,24
Lunarc,mannoroth,1600,monk,mistweaver,58,41,17
Slipperybobs,tichondrius,1599,monk,mistweaver,65,43,22
Minaffection,tichondrius,1599,monk,mistweaver,30,17,13
Greenstar,bleeding-hollow,1599,monk,mistweaver,131,68,63
Gooncave,stormrage,1599,monk,mistweaver,46,22,24
Endér,tichondrius,1597,monk,mistweaver,147,81,66
Onees,tichondrius,1596,monk,mistweaver,83,42,41
Cryptmist,frostmourne,1595,monk,mistweaver,24,19,5
Lightskinmon,area-52,1595,monk,mistweaver,42,23,19
Centalink,barthilas,1594,monk,mistweaver,44,30,14
Stormpounder,proudmoore,1594,monk,mistweaver,54,36,18
Frenchfries,dragonmaw,1594,monk,mistweaver,54,27,27
Senseii,dathremar,1592,monk,mistweaver,54,35,19
Keshir,sargeras,1590,monk,mistweaver,30,19,11
Pp,icecrown,1589,monk,mistweaver,31,27,4
Songwei,barthilas,1587,monk,mistweaver,47,29,18
Neonep,stormrage,1586,monk,mistweaver,130,72,58
Kwoon,hyjal,1585,monk,mistweaver,52,30,22
Zawlp,sargeras,1582,monk,mistweaver,24,17,7
Ekèl,tichondrius,1581,monk,mistweaver,48,29,19
Yepcocc,lightbringer,1581,monk,mistweaver,29,17,12
Patfu,area-52,1581,monk,mistweaver,29,17,12
Ywingtsuan,frostmourne,1578,monk,mistweaver,35,18,17
Botweaver,proudmoore,1578,monk,mistweaver,56,28,28
Lozza,jubeithos,1574,monk,mistweaver,54,32,22
Moonhealsyou,moon-guard,1573,monk,mistweaver,67,41,26
Sodamint,sargeras,1572,monk,mistweaver,48,23,25
Mistastep,tichondrius,1572,monk,mistweaver,84,40,44
Boneykicks,tichondrius,1569,monk,mistweaver,42,21,21
Missweaver,sargeras,1566,monk,mistweaver,45,26,19
Mwgodqtxtko,nazjatar,1564,monk,mistweaver,48,27,21
Bebess,moon-guard,1564,monk,mistweaver,51,28,23
Buffmonkdmg,tichondrius,1563,monk,mistweaver,78,41,37
Sshri,illidan,1562,monk,mistweaver,61,30,31
Tiduskies,crushridge,1562,monk,mistweaver,54,25,29
Fistuhcuffs,sargeras,1561,monk,mistweaver,87,49,38
Spaazz,tichondrius,1559,monk,mistweaver,83,53,30
Planetariumz,bleeding-hollow,1556,monk,mistweaver,259,135,124
Kariwanji,tichondrius,1553,monk,mistweaver,130,74,56
Musachi,barthilas,1553,monk,mistweaver,48,23,25
Chopschtichs,kiljaeden,1552,monk,mistweaver,30,19,11
Gess,stormscale,1552,monk,mistweaver,102,49,53
Nelly,grizzly-hills,1552,monk,mistweaver,36,17,19
Sabersatin,sargeras,1550,monk,mistweaver,42,21,21
Ericshin,sargeras,1547,monk,mistweaver,32,18,14
Bobbybiz,bleeding-hollow,1545,monk,mistweaver,90,53,37
Haiyà,malganis,1542,monk,mistweaver,30,17,13
Romdansik,tichondrius,1542,monk,mistweaver,107,60,47
Aokuâng,malganis,1541,monk,mistweaver,72,47,25
Janeil,wyrmrest-accord,1541,monk,mistweaver,111,61,50
Omii,darkspear,1540,monk,mistweaver,34,17,17
Marsha,tichondrius,1540,monk,mistweaver,66,29,37
Notfw,tichondrius,1540,monk,mistweaver,64,27,37
Aledal,agamaggan,1538,monk,mistweaver,60,39,21
Mistpowaz,stormrage,1538,monk,mistweaver,66,37,29
Buhmonk,thrall,1537,monk,mistweaver,30,17,13
Mýthik,hyjal,1537,monk,mistweaver,42,22,20
Snoozzy,kelthuzad,1536,monk,mistweaver,36,17,19
Forgèt,kelthuzad,1534,monk,mistweaver,30,16,14
Quitw,tichondrius,1534,monk,mistweaver,30,16,14
Lonebamboo,tichondrius,1534,monk,mistweaver,50,24,26
Keileas,moon-guard,1534,monk,mistweaver,94,43,51
Hyori,saurfang,1532,monk,mistweaver,30,16,14
Dlysezzic,tichondrius,1532,monk,mistweaver,47,24,23
Dryungpwnz,zuljin,1530,monk,mistweaver,72,44,28
Brucechez,tichondrius,1529,monk,mistweaver,24,16,8
Seung,duskwood,1529,monk,mistweaver,220,106,114
Carzo,area-52,1527,monk,mistweaver,38,23,15
Axellrod,tichondrius,1526,monk,mistweaver,48,33,15
Timbomist,kelthuzad,1526,monk,mistweaver,30,16,14
Lépøissøn,tichondrius,1525,monk,mistweaver,30,16,14
Elesm,area-52,1525,monk,mistweaver,42,16,26
Zeroxe,area-52,1524,monk,mistweaver,24,18,6
Nailtech,tichondrius,1524,monk,mistweaver,56,31,25
Sóntix,sargeras,1523,monk,mistweaver,29,17,12
Bunnygal,thaurissan,1522,monk,mistweaver,83,41,42
Metakillër,ragnaros,1522,monk,mistweaver,76,37,39
Dedracula,quelthalas,1521,monk,mistweaver,45,33,12
Kiqz,stormrage,1519,monk,mistweaver,30,16,14
Gnetic,nemesis,1516,monk,mistweaver,68,33,35
Rokk,rivendare,1515,monk,mistweaver,24,16,8
Grizzm,sargeras,1515,monk,mistweaver,54,30,24
Zhíu,ragnaros,1515,monk,mistweaver,36,20,16
Showshoway,tichondrius,1515,monk,mistweaver,71,31,40
Zeroskil,thrall,1514,monk,mistweaver,33,19,14
Colbz,barthilas,1513,monk,mistweaver,24,16,8
Chelada,sargeras,1513,monk,mistweaver,48,22,26
Themonkfunk,bleeding-hollow,1511,monk,mistweaver,36,25,11
Monke,onyxia,1510,monk,mistweaver,30,16,14
Aioffe,emerald-dream,1509,monk,mistweaver,30,16,14
Avm,azralon,1508,monk,mistweaver,36,17,19
Pagtuk,daggerspine,1507,monk,mistweaver,48,23,25
Greenpigo,tichondrius,1504,monk,mistweaver,18,17,1
Drinkkin,bleeding-hollow,1504,monk,mistweaver,72,42,30
Crypslegacy,tichondrius,1504,monk,mistweaver,96,46,50
Vorikson,stormrage,1502,monk,mistweaver,120,57,63
Snoodle,korgath,1501,monk,mistweaver,72,41,31
Kungfused,frostmourne,1500,monk,mistweaver,36,18,18
Lekrosa,thrall,1499,monk,mistweaver,71,38,33
Xenitate,bleeding-hollow,1497,monk,mistweaver,30,17,13
Fissg,frostmourne,1496,monk,mistweaver,30,17,13
Tinypunch,emerald-dream,1496,monk,mistweaver,72,34,38
Rakia,moon-guard,1495,monk,mistweaver,130,62,68
Jerumay,tichondrius,1491,monk,mistweaver,35,20,15
Fistnanweavn,dawnbringer,1487,monk,mistweaver,62,27,35
Swiftm,thrall,1486,monk,mistweaver,93,57,36
Warzsong,azralon,1486,monk,mistweaver,54,33,21
Oakleet,bleeding-hollow,1486,monk,mistweaver,42,23,19
Fister,garithos,1484,monk,mistweaver,40,29,11
Buddhabud,sargeras,1483,monk,mistweaver,42,22,20
Fehthermane,area-52,1482,monk,mistweaver,64,39,25
Soothinn,tichondrius,1481,monk,mistweaver,36,26,10
Slothman,nagrand,1481,monk,mistweaver,48,27,21
Âfrika,ysondre,1480,monk,mistweaver,65,31,34
Talented,azuremyst,1477,monk,mistweaver,63,41,22
Monkpowaz,stormrage,1476,monk,mistweaver,42,26,16
Cranekicks,moon-guard,1476,monk,mistweaver,134,74,60
Sangthos,darkspear,1474,monk,mistweaver,102,44,58
Mòñk,shattered-halls,1473,monk,mistweaver,42,26,16
Märthä,azralon,1473,monk,mistweaver,103,53,50
Santiaguiño,ragnaros,1473,monk,mistweaver,47,16,31
Coralys,sargeras,1471,monk,mistweaver,18,17,1
Wheygodx,lothar,1471,monk,mistweaver,42,28,14
Slashsmack,caelestrasz,1470,monk,mistweaver,42,19,23
Hadryan,proudmoore,1469,monk,mistweaver,80,43,37
Swiftyboi,tichondrius,1469,monk,mistweaver,42,19,23
Scrapfu,proudmoore,1467,monk,mistweaver,48,22,26
Kaelastra,stormrage,1466,monk,mistweaver,36,24,12
Gotmonk,aggramar,1464,monk,mistweaver,30,19,11
Healzpapi,tichondrius,1461,monk,mistweaver,90,49,41
Gnomepuncher,dalaran,1459,monk,mistweaver,48,25,23
Kazov,proudmoore,1458,monk,mistweaver,178,92,86
Fidgetspinna,zuljin,1457,monk,mistweaver,38,18,20
Banterx,sargeras,1457,monk,mistweaver,47,20,27
Bussyweaver,sargeras,1455,monk,mistweaver,81,51,30
Willowa,frostmourne,1454,monk,mistweaver,44,26,18
Bastilaqt,korgath,1454,monk,mistweaver,49,28,21
Ferrarí,quelthalas,1454,monk,mistweaver,165,93,72
Americå,zuljin,1453,monk,mistweaver,60,39,21
Rockcalm,malganis,1452,monk,mistweaver,44,18,26
Sudury,tichondrius,1451,monk,mistweaver,54,29,25
Baee,cairne,1451,monk,mistweaver,43,17,26
Deathsteel,emerald-dream,1450,monk,mistweaver,23,16,7
Pomonk,nazjatar,1450,monk,mistweaver,69,45,24
Aramonk,tichondrius,1449,monk,mistweaver,52,32,20
Xtrememisty,frostmourne,1449,monk,mistweaver,66,35,31
Versachi,stormreaver,1446,monk,mistweaver,42,18,24
Yurm,moon-guard,1445,monk,mistweaver,24,20,4
Lidela,sargeras,1445,monk,mistweaver,52,27,25
Meshugah,quelthalas,1443,monk,mistweaver,42,18,24
Bruceteå,area-52,1441,monk,mistweaver,23,17,6
Josciel,ragnaros,1441,monk,mistweaver,255,124,131
Elcidx,tichondrius,1438,monk,mistweaver,24,15,9
Vïolët,moon-guard,1437,monk,mistweaver,48,31,17
Millé,frostmourne,1436,monk,mistweaver,24,15,9
Dhomonk,rexxar,1434,monk,mistweaver,29,17,12
Zengriff,ysondre,1433,monk,mistweaver,24,15,9
Safiel,proudmoore,1433,monk,mistweaver,118,51,67
Mungka,tichondrius,1432,monk,mistweaver,94,47,47
Pichau,zuljin,1431,monk,mistweaver,21,16,5
Grandpå,tichondrius,1431,monk,mistweaver,24,15,9
Bromonster,zuljin,1431,monk,mistweaver,30,15,15
Iamamonk,kelthuzad,1429,monk,mistweaver,20,17,3
Jitsu,frostmane,1429,monk,mistweaver,60,38,22
Ajizzaÿ,saurfang,1428,monk,mistweaver,30,15,15
Fuqame,kiljaeden,1428,monk,mistweaver,42,19,23
Ïtächï,illidan,1428,monk,mistweaver,36,15,21
Tarkir,quelthalas,1425,monk,mistweaver,36,21,15
Glad,stormscale,1425,monk,mistweaver,196,105,91
Tenshu,runetotem,1425,monk,mistweaver,93,48,45
Pøkemonk,malganis,1424,monk,mistweaver,24,15,9
Mcfisted,area-52,1423,monk,mistweaver,51,23,28
Brewmanchew,frostmourne,1422,monk,mistweaver,36,21,15
Shandaspanda,rivendare,1422,monk,mistweaver,43,23,20
Friskyfister,tichondrius,1422,monk,mistweaver,30,15,15
Phatcheeks,aegwynn,1421,monk,mistweaver,60,35,25
Spencere,hyjal,1421,monk,mistweaver,30,15,15
Taijutzu,darkspear,1419,monk,mistweaver,24,15,9
Mightbweavin,bleeding-hollow,1419,monk,mistweaver,90,41,49
Bøkky,frostmourne,1412,monk,mistweaver,30,19,11
Ralphiex,tichondrius,1411,monk,mistweaver,101,53,48
Adop,dark-iron,1409,monk,mistweaver,24,15,9
Tirêd,sargeras,1409,monk,mistweaver,66,33,33
Ungankable,sargeras,1408,monk,mistweaver,60,32,28
Ghorb,boulderfist,1406,monk,mistweaver,41,20,21
Ojiin,wyrmrest-accord,1405,monk,mistweaver,197,105,92
Thirteendads,turalyon,1403,monk,mistweaver,35,17,18
Kylièjenner,gilneas,1401,monk,mistweaver,42,26,16
Leemîn,tichondrius,1395,monk,mistweaver,30,20,10
Rhynoo,lothar,1393,monk,mistweaver,84,46,38
Htm,barthilas,1392,monk,mistweaver,41,16,25
Pumakicks,tichondrius,1389,monk,mistweaver,61,30,31
Ckqt,stormrage,1388,monk,mistweaver,23,15,8
Reque,illidan,1387,monk,mistweaver,135,78,57
Vum,quelthalas,1385,monk,mistweaver,21,16,5
Drama,tichondrius,1384,monk,mistweaver,26,18,8
Docwang,malganis,1381,monk,mistweaver,42,27,15
Valiantroar,shandris,1381,monk,mistweaver,38,16,22
Monktor,dalaran,1378,monk,mistweaver,42,21,21
Puoll,gallywix,1376,monk,mistweaver,87,47,40
Pablojám,ragnaros,1375,monk,mistweaver,36,20,16
Afabled,drakkari,1373,monk,mistweaver,48,26,22
Ozen,burning-blade,1373,monk,mistweaver,72,37,35
Baroon,chogall,1373,monk,mistweaver,93,40,53
Vegoku,moon-guard,1372,monk,mistweaver,72,39,33
Muzzye,frostmourne,1368,monk,mistweaver,70,40,30
Nelda,gorgonnash,1367,monk,mistweaver,24,16,8
Iloki,shuhalo,1366,monk,mistweaver,54,30,24
Bobthedrag,illidan,1366,monk,mistweaver,36,17,19
Vonn,drakkari,1364,monk,mistweaver,72,36,36
Tianji,malganis,1363,monk,mistweaver,42,26,16
Lõgan,azralon,1362,monk,mistweaver,46,24,22
Jackphan,azralon,1362,monk,mistweaver,48,25,23
Ninjagordu,nemesis,1353,monk,mistweaver,118,57,61
Äncient,quelthalas,1351,monk,mistweaver,27,19,8
Pandemikmonk,turalyon,1349,monk,mistweaver,48,22,26
Ninjatoots,aerie-peak,1346,monk,mistweaver,59,36,23
Mcfluffey,area-52,1345,monk,mistweaver,56,30,26
Veejaex,stormreaver,1343,monk,mistweaver,18,14,4
Rylens,draka,1343,monk,mistweaver,40,25,15
Siserfister,sargeras,1343,monk,mistweaver,24,14,10
Damogen,spinebreaker,1343,monk,mistweaver,30,14,16
Hatsu,madoran,1343,monk,mistweaver,37,15,22
Cnww,tichondrius,1342,monk,mistweaver,24,14,10
Kris,llane,1342,monk,mistweaver,24,14,10
Pragma,kiljaeden,1342,monk,mistweaver,24,14,10
Sinistuhm,tichondrius,1342,monk,mistweaver,35,18,17
Séthrogèn,tichondrius,1341,monk,mistweaver,18,14,4
Bouncymoo,frostmourne,1341,monk,mistweaver,24,14,10
Jèricho,thrall,1340,monk,mistweaver,48,23,25
Alternatives,sargeras,1339,monk,mistweaver,18,14,4
Turbofist,bleeding-hollow,1337,monk,mistweaver,24,14,10
Zenmasta,exodar,1336,monk,mistweaver,30,17,13
Ryantiger,tichondrius,1336,monk,mistweaver,30,14,16
Lazeekick,sargeras,1335,monk,mistweaver,30,14,16
Iielia,wyrmrest-accord,1335,monk,mistweaver,35,16,19
Chañi,ragnaros,1333,monk,mistweaver,59,33,26
Zettelkasten,tichondrius,1332,monk,mistweaver,24,14,10
Chongal,whisperwind,1332,monk,mistweaver,24,14,10
Inebriated,auchindoun,1329,monk,mistweaver,24,14,10
Boozebear,spirestone,1329,monk,mistweaver,94,49,45
Toastage,tichondrius,1328,monk,mistweaver,24,14,10
Tenzing,azgalor,1324,monk,mistweaver,24,14,10
Momochi,malygos,1323,monk,mistweaver,30,16,14
Nerfmonk,spirestone,1322,monk,mistweaver,24,14,10
Cisneros,doomhammer,1322,monk,mistweaver,69,31,38
Damemasduro,ragnaros,1320,monk,mistweaver,227,106,121
Shon,frostmourne,1316,monk,mistweaver,24,14,10
Albusventos,azralon,1315,monk,mistweaver,35,21,14
Smackdat,azjolnerub,1315,monk,mistweaver,58,29,29
Johnkreese,andorhal,1313,monk,mistweaver,30,14,16
Sweatweaver,frostmourne,1313,monk,mistweaver,64,28,36
Breezymist,doomhammer,1311,monk,mistweaver,30,14,16
Ric,gundrak,1310,monk,mistweaver,69,38,31
Dashenna,illidan,1310,monk,mistweaver,84,32,52
Abdoolah,illidan,1309,monk,mistweaver,24,14,10
Punch,lothar,1309,monk,mistweaver,31,18,13
Emporertrump,bleeding-hollow,1307,monk,mistweaver,49,19,30
Sobuu,wyrmrest-accord,1305,monk,mistweaver,18,14,4
Kemmy,ravencrest,1305,monk,mistweaver,25,14,11
Flixz,stormrage,1304,monk,mistweaver,30,15,15
Dextr,arthas,1302,monk,mistweaver,27,14,13
Onekickman,dalaran,1301,monk,mistweaver,30,20,10
Keyszz,tichondrius,1300,monk,mistweaver,110,45,65
Güwop,tichondrius,1294,monk,mistweaver,30,14,16
Notblakexo,tichondrius,1290,monk,mistweaver,23,14,9
Ermac,kiljaeden,1289,monk,mistweaver,23,14,9
Gomey,bleeding-hollow,1287,monk,mistweaver,26,15,11
Dblfistez,stormreaver,1287,monk,mistweaver,40,16,24
Gallorex,frostmourne,1286,monk,mistweaver,42,24,18
Jeffdagnome,moon-guard,1282,monk,mistweaver,90,43,47
Kìmjungheal,tichondrius,1281,monk,mistweaver,41,21,20
Zeiana,proudmoore,1280,monk,mistweaver,38,22,16
Byakugan,moon-guard,1277,monk,mistweaver,35,20,15
Manicata,tichondrius,1275,monk,mistweaver,45,22,23
Poundmedaddi,tichondrius,1270,monk,mistweaver,42,27,15
Darkheälzz,sargeras,1265,monk,mistweaver,67,33,34
Tert,aerie-peak,1262,monk,mistweaver,86,48,38
Sedition,emerald-dream,1258,monk,mistweaver,234,121,113
Jasonmonk,sargeras,1257,monk,mistweaver,25,15,10
Dokfu,tichondrius,1254,monk,mistweaver,115,69,46
Monkeynut,whisperwind,1251,monk,mistweaver,41,22,19
Omimonk,sargeras,1251,monk,mistweaver,56,24,32
Ticmonk,frostmourne,1247,monk,mistweaver,18,13,5
Beefyteet,tichondrius,1247,monk,mistweaver,18,13,5
Waxxi,barthilas,1247,monk,mistweaver,84,46,38
Sparksgamer,ragnaros,1247,monk,mistweaver,24,13,11
Gothamonk,tichondrius,1247,monk,mistweaver,24,13,11
Brews,black-dragonflight,1247,monk,mistweaver,25,13,12
Evilstep,tichondrius,1247,monk,mistweaver,60,31,29
Antriai,icecrown,1247,monk,mistweaver,36,13,23
Hîddëncløùdx,tichondrius,1245,monk,mistweaver,18,13,5
Makimä,stormrage,1245,monk,mistweaver,30,16,14
Ieatshrooms,malfurion,1245,monk,mistweaver,60,25,35
Yuï,bleeding-hollow,1244,monk,mistweaver,18,13,5
Qarmax,azralon,1244,monk,mistweaver,24,13,11
Mis,tichondrius,1243,monk,mistweaver,24,13,11
React,frostwolf,1242,monk,mistweaver,18,13,5
Psypalm,zuljin,1242,monk,mistweaver,18,13,5
Liké,tichondrius,1241,monk,mistweaver,18,13,5
Oyyo,tichondrius,1241,monk,mistweaver,78,27,51
Brewy,bloodhoof,1240,monk,mistweaver,18,13,5
Poppyharlow,saurfang,1240,monk,mistweaver,24,17,7
Shinarri,thrall,1239,monk,mistweaver,54,32,22
Noogiie,barthilas,1238,monk,mistweaver,22,14,8
Originalmonk,tichondrius,1237,monk,mistweaver,18,13,5
Manchu,stormrage,1237,monk,mistweaver,24,13,11
Monxellius,moon-guard,1237,monk,mistweaver,69,34,35
Conormonk,tichondrius,1234,monk,mistweaver,18,13,5
Zenquadz,elune,1234,monk,mistweaver,30,21,9
Lolkungfu,spirestone,1234,monk,mistweaver,24,13,11
Chiban,misha,1232,monk,mistweaver,24,13,11
Taichichuan,tichondrius,1231,monk,mistweaver,40,22,18
Azizyzz,barthilas,1231,monk,mistweaver,42,20,22
Shizunô,stormrage,1229,monk,mistweaver,30,14,16
Fkedyourwife,dalaran,1227,monk,mistweaver,30,13,17
Zefta,moon-guard,1226,monk,mistweaver,42,18,24
Närza,kelthuzad,1225,monk,mistweaver,24,13,11
Chnzhs,tichondrius,1222,monk,mistweaver,37,13,24
Cammy,aerie-peak,1219,monk,mistweaver,32,20,12
Troutline,bonechewer,1218,monk,mistweaver,84,50,34
ßrewslèè,tichondrius,1216,monk,mistweaver,38,20,18
Chuks,nerzhul,1215,monk,mistweaver,134,70,64
Giatzo,barthilas,1215,monk,mistweaver,37,14,23
Marimonkori,stormscale,1214,monk,mistweaver,51,24,27
Mortimir,echo-isles,1213,monk,mistweaver,30,14,16
Phoenixspark,gnomeregan,1211,monk,mistweaver,18,13,5
Darrhon,illidan,1200,monk,mistweaver,78,37,41
Kreacher,ravencrest,1199,monk,mistweaver,65,32,33
Michaeljordn,destromath,1199,monk,mistweaver,44,16,28
Menadraene,wyrmrest-accord,1198,monk,mistweaver,26,14,12
Puffpuffp,nazgrel,1196,monk,mistweaver,24,13,11
Poppinbrews,thrall,1191,monk,mistweaver,28,15,13
Mirokushan,skywall,1186,monk,mistweaver,60,33,27
Blackthorne,illidan,1179,monk,mistweaver,30,14,16
Anthuri,frostmourne,1178,monk,mistweaver,41,28,13
Haruko,baelgun,1178,monk,mistweaver,40,13,27
Ludafist,whisperwind,1177,monk,mistweaver,48,23,25
Iseeyouqt,tichondrius,1176,monk,mistweaver,20,13,7
Kodrik,tichondrius,1175,monk,mistweaver,48,23,25
Miçrosoft,area-52,1174,monk,mistweaver,42,24,18
Puya,nemesis,1174,monk,mistweaver,30,14,16
Afw,moon-guard,1168,monk,mistweaver,26,15,11
Lanifear,area-52,1167,monk,mistweaver,23,13,10
Hie,laughing-skull,1166,monk,mistweaver,90,38,52
Shwankeesha,thrall,1165,monk,mistweaver,28,14,14
Monkoala,illidan,1160,monk,mistweaver,30,17,13
Madmint,illidan,1159,monk,mistweaver,60,26,34
Valdosta,bloodscalp,1158,monk,mistweaver,48,25,23
Kickbone,tichondrius,1157,monk,mistweaver,42,14,28
Callibella,amanthul,1155,monk,mistweaver,26,13,13
Xaurian,firetree,1153,monk,mistweaver,22,13,9
Magmuruk,garrosh,1152,monk,mistweaver,18,12,6
Nilox,sargeras,1150,monk,mistweaver,24,12,12
Santhz,ragnaros,1148,monk,mistweaver,18,12,6
Onlythumbs,area-52,1148,monk,mistweaver,18,12,6
Himah,area-52,1148,monk,mistweaver,24,12,12
Trojanz,malganis,1148,monk,mistweaver,24,12,12
Strixx,silvermoon,1147,monk,mistweaver,18,14,4
Oochi,illidan,1146,monk,mistweaver,24,12,12
Kaniou,proudmoore,1146,monk,mistweaver,29,13,16
Jagichan,area-52,1145,monk,mistweaver,18,12,6
Monkaveli,ursin,1145,monk,mistweaver,78,37,41
Lørðjimmy,sargeras,1142,monk,mistweaver,18,12,6
Thyfist,frostmourne,1139,monk,mistweaver,22,13,9
Pcyesh,nemesis,1138,monk,mistweaver,22,13,9
Drfoochi,tichondrius,1138,monk,mistweaver,30,12,18
Lumïnous,moon-guard,1136,monk,mistweaver,30,14,16
Kexti,wyrmrest-accord,1135,monk,mistweaver,45,18,27
Affrika,ragnaros,1133,monk,mistweaver,47,21,26
Szuka,tichondrius,1131,monk,mistweaver,18,12,6
Herbivorous,sargeras,1131,monk,mistweaver,24,12,12
Modelman,area-52,1130,monk,mistweaver,26,14,12
Gobfu,emerald-dream,1130,monk,mistweaver,65,26,39
Boostmonk,terenas,1126,monk,mistweaver,78,34,44
Mahhnaga,tichondrius,1126,monk,mistweaver,49,19,30
Fistmeister,tichondrius,1125,monk,mistweaver,30,19,11
Kimonk,proudmoore,1119,monk,mistweaver,24,16,8
Søpra,zuljin,1114,monk,mistweaver,26,13,13
Orbii,tichondrius,1111,monk,mistweaver,48,32,16
Fitmonje,drakkari,1107,monk,mistweaver,31,15,16
Biggoosie,korgath,1106,monk,mistweaver,52,31,21
Baittor,proudmoore,1100,monk,mistweaver,21,13,8
Meepmonk,kilrogg,1098,monk,mistweaver,27,13,14
Confa,ragnaros,1095,monk,mistweaver,50,18,32
Gentle,cenarius,1093,monk,mistweaver,26,12,14
Brewamp,zuljin,1091,monk,mistweaver,29,13,16
Ataxic,illidan,1083,monk,mistweaver,23,12,11
Hache,azjolnerub,1078,monk,mistweaver,74,32,42
Lita,barthilas,1071,monk,mistweaver,17,12,5
Raphzen,stormrage,1070,monk,mistweaver,27,13,14
Xulieng,tichondrius,1065,monk,mistweaver,283,146,137
Boojaa,silvermoon,1058,monk,mistweaver,42,19,23
Duelist,the-scryers,1056,monk,mistweaver,12,11,1
Lustymonk,kelthuzad,1056,monk,mistweaver,12,11,1
Mixon,archimonde,1056,monk,mistweaver,18,11,7
Benneroy,moon-guard,1056,monk,mistweaver,18,11,7
Alphamist,thrall,1056,monk,mistweaver,18,11,7
Mistussy,sargeras,1056,monk,mistweaver,18,11,7
Undertickle,illidan,1055,monk,mistweaver,18,11,7
Kynalla,thunderlord,1055,monk,mistweaver,18,11,7
Focalors,proudmoore,1055,monk,mistweaver,18,11,7
Fkinbis,area-52,1055,monk,mistweaver,18,11,7
Iplus,thrall,1055,monk,mistweaver,18,11,7
Oppsimop,frostmourne,1055,monk,mistweaver,24,11,13
Chillionaíre,proudmoore,1055,monk,mistweaver,24,11,13
Dreadknotz,hyjal,1054,monk,mistweaver,42,17,25
Bootÿmagic,tichondrius,1053,monk,mistweaver,12,11,1
Havasupai,turalyon,1052,monk,mistweaver,18,11,7
Wungpo,the-forgotten-coast,1052,monk,mistweaver,18,11,7
Karnbroo,frostmourne,1052,monk,mistweaver,24,11,13
Pappaya,tichondrius,1051,monk,mistweaver,18,11,7
Hamandchi,sargeras,1050,monk,mistweaver,12,11,1
Fistful,destromath,1050,monk,mistweaver,12,11,1
Dégg,thrall,1050,monk,mistweaver,18,11,7
Tobyblack,illidan,1049,monk,mistweaver,18,11,7
Proctology,tichondrius,1047,monk,mistweaver,18,11,7
Ilani,malganis,1047,monk,mistweaver,18,11,7
Shaolinmists,malganis,1045,monk,mistweaver,12,11,1
Telospateo,ragnaros,1045,monk,mistweaver,24,11,13
Delassian,moon-guard,1044,monk,mistweaver,34,16,18
Lolcutie,shandris,1042,monk,mistweaver,31,16,15
Raidenmnx,tichondrius,1042,monk,mistweaver,24,11,13
Knaveus,frostmourne,1039,monk,mistweaver,18,11,7
Teancrumpets,wyrmrest-accord,1038,monk,mistweaver,48,20,28
Siddlez,frostmourne,1033,monk,mistweaver,16,12,4
Kocksnapper,stormreaver,1033,monk,mistweaver,38,19,19
Tadaku,dalaran,1033,monk,mistweaver,37,17,20
Merand,tichondrius,1031,monk,mistweaver,36,20,16
Orenj,boulderfist,1029,monk,mistweaver,18,11,7
Marnartou,zuljin,1026,monk,mistweaver,12,11,1
Dalillamas,sargeras,1023,monk,mistweaver,14,12,2
Razod,stormrage,1021,monk,mistweaver,124,57,67
Ursorcen,frostmourne,1019,monk,mistweaver,27,12,15
Kpeste,tichondrius,1016,monk,mistweaver,36,21,15
Ainz,nagrand,1016,monk,mistweaver,30,15,15
Clutchinmist,malganis,1016,monk,mistweaver,28,12,16
Rowbur,thrall,1014,monk,mistweaver,21,14,7
Fistlord,zuljin,1007,monk,mistweaver,17,11,6
Twizzurp,magtheridon,1007,monk,mistweaver,21,12,9
Ratioed,moon-guard,1005,monk,mistweaver,29,16,13
Kfpanda,hellscream,1004,monk,mistweaver,42,19,23
Vencö,tichondrius,1001,monk,mistweaver,33,11,22
Wmo,tichondrius,997,monk,mistweaver,17,11,6
Bbunglee,tichondrius,995,monk,mistweaver,17,11,6
Telrande,ysondre,994,monk,mistweaver,35,24,11
Mintbear,illidan,984,monk,mistweaver,14,11,3
Monkgringo,azralon,983,monk,mistweaver,48,27,21
Bomer,moknathal,980,monk,mistweaver,49,29,20
Winniethepoo,borean-tundra,975,monk,mistweaver,19,11,8
Sipu,wyrmrest-accord,969,monk,mistweaver,41,20,21
Khylu,kelthuzad,960,monk,mistweaver,12,10,2
Hype,ursin,960,monk,mistweaver,12,10,2
Drizzywow,arathor,960,monk,mistweaver,12,10,2
Greenfriend,illidan,960,monk,mistweaver,18,10,8
Titti,korgath,960,monk,mistweaver,18,10,8
Inkar,tichondrius,960,monk,mistweaver,18,10,8
Grublord,stormrage,960,monk,mistweaver,18,10,8
Mywave,bleeding-hollow,960,monk,mistweaver,18,10,8
Bréwmaster,stormrage,960,monk,mistweaver,18,10,8
Fheng,emerald-dream,960,monk,mistweaver,18,10,8
Shefcurry,boulderfist,960,monk,mistweaver,18,10,8
Mwomegalul,sargeras,960,monk,mistweaver,18,10,8
Chignar,dathremar,960,monk,mistweaver,18,10,8
Dapperdabz,illidan,960,monk,mistweaver,18,10,8
Mïstyfïsty,moon-guard,959,monk,mistweaver,12,10,2
Shâdòw,ragnaros,959,monk,mistweaver,12,10,2
Blasê,frostmourne,959,monk,mistweaver,12,10,2
Chadmw,illidan,959,monk,mistweaver,12,10,2
ßullsack,barthilas,959,monk,mistweaver,18,10,8
Rehder,barthilas,959,monk,mistweaver,18,10,8
Chanîng,frostmourne,959,monk,mistweaver,18,10,8
Cymonka,sargeras,959,monk,mistweaver,18,10,8
Miniswag,arthas,959,monk,mistweaver,24,10,14
Squaanched,emerald-dream,959,monk,mistweaver,30,10,20
Lostinmistz,tichondrius,958,monk,mistweaver,18,10,8
Oldfashheals,tichondrius,957,monk,mistweaver,24,10,14
Zarma,stormrage,955,monk,mistweaver,18,10,8
Wohrfnok,illidan,955,monk,mistweaver,18,10,8
Wessex,sargeras,954,monk,mistweaver,18,10,8
Deadlyzz,gilneas,954,monk,mistweaver,70,37,33
Hapgido,deathwing,954,monk,mistweaver,31,14,17
Cdeez,malganis,952,monk,mistweaver,18,10,8
Brewtalitops,illidan,950,monk,mistweaver,18,10,8
Dirtyshef,deathwing,949,monk,mistweaver,45,11,34
Pepperoncini,korgath,947,monk,mistweaver,36,10,26
Purging,draka,946,monk,mistweaver,47,32,15
Akfourseven,barthilas,945,monk,mistweaver,69,31,38
Siamack,illidan,920,monk,mistweaver,14,11,3
Kreezoo,tichondrius,917,monk,mistweaver,27,11,16
Gino,proudmoore,912,monk,mistweaver,106,52,54
Monkybidness,tichondrius,910,monk,mistweaver,21,11,10
Xbrewtal,tichondrius,909,monk,mistweaver,30,17,13
Frogsarecool,stormrage,903,monk,mistweaver,28,12,16
Statue,cenarius,895,monk,mistweaver,11,10,1
Inbu,tichondrius,893,monk,mistweaver,26,10,16
Stickbundle,illidan,888,monk,mistweaver,15,11,4
Qlispe,bloodscalp,887,monk,mistweaver,49,28,21
Monkgyfatso,tichondrius,878,monk,mistweaver,11,10,1
Kyndrïa,tichondrius,865,monk,mistweaver,42,17,25
Jonnymon,sargeras,864,monk,mistweaver,12,9,3
Ggonext,wyrmrest-accord,864,monk,mistweaver,12,9,3
Sâx,stormreaver,864,monk,mistweaver,12,9,3
Horndog,skullcrusher,864,monk,mistweaver,12,9,3
Flicksx,arthas,864,monk,mistweaver,12,9,3
Imnumberone,alterac-mountains,864,monk,mistweaver,12,9,3
Mistyfisty,laughing-skull,864,monk,mistweaver,14,9,5
Pinkfairy,wyrmrest-accord,864,monk,mistweaver,18,9,9
Gottí,sargeras,864,monk,mistweaver,18,9,9
Kriticalkush,kelthuzad,864,monk,mistweaver,18,9,9
Atsugin,khazgoroth,864,monk,mistweaver,18,9,9
Kármah,emerald-dream,864,monk,mistweaver,18,9,9
Bobbytheorc,tichondrius,864,monk,mistweaver,18,9,9
Sqmw,tichondrius,864,monk,mistweaver,18,9,9
Keiirah,zuluhed,864,monk,mistweaver,24,9,15
Taelinn,moonrunner,864,monk,mistweaver,24,9,15
Seaja,malganis,864,monk,mistweaver,69,14,55
Hulkhogan,mugthol,863,monk,mistweaver,14,11,3
Theminivan,sargeras,863,monk,mistweaver,12,9,3
Ghðst,ragnaros,863,monk,mistweaver,12,9,3
Fisetèrr,kelthuzad,863,monk,mistweaver,18,9,9
Tjab,kiljaeden,863,monk,mistweaver,18,9,9
Ghim,frostmourne,863,monk,mistweaver,24,9,15
Carlosm,tichondrius,862,monk,mistweaver,12,9,3
Calmemaybe,darkspear,862,monk,mistweaver,12,9,3
Rockemsockem,gorefiend,862,monk,mistweaver,18,9,9
Kungupanda,nesingwary,862,monk,mistweaver,24,9,15
Jhaded,tichondrius,862,monk,mistweaver,24,9,15
Pimpolhona,nemesis,862,monk,mistweaver,24,9,15
Kromrax,stormrage,862,monk,mistweaver,24,9,15
Odogin,tichondrius,861,monk,mistweaver,12,9,3
Göat,emerald-dream,861,monk,mistweaver,24,9,15
Palomagozzu,ragnaros,860,monk,mistweaver,12,9,3
Håzê,kul-tiras,860,monk,mistweaver,18,9,9
Jugies,emerald-dream,860,monk,mistweaver,18,9,9
Monkqi,lightbringer,859,monk,mistweaver,12,9,3
Fludz,burning-blade,859,monk,mistweaver,24,9,15
Monkism,warsong,855,monk,mistweaver,12,9,3
Winwakamank,sargeras,855,monk,mistweaver,24,9,15
Eago,sargeras,852,monk,mistweaver,24,9,15
Bullshido,aerie-peak,851,monk,mistweaver,18,9,9
Lilbee,azjolnerub,845,monk,mistweaver,18,9,9
Sìrtankallot,stormrage,837,monk,mistweaver,32,9,23
Sihgriid,tichondrius,826,monk,mistweaver,20,10,10
Soapy,moon-guard,824,monk,mistweaver,17,9,8
Goodluck,madoran,809,monk,mistweaver,27,10,17
Tokkyo,frostmourne,804,monk,mistweaver,66,15,51
Jæmz,moon-guard,800,monk,mistweaver,30,9,21
Mastahp,tichondrius,797,monk,mistweaver,22,9,13
Dreamy,mugthol,769,monk,mistweaver,30,10,20
Garg,malganis,768,monk,mistweaver,12,8,4
Ninjachavez,tichondrius,768,monk,mistweaver,12,8,4
Chevvyy,azshara,768,monk,mistweaver,12,8,4
Lýøp,illidan,768,monk,mistweaver,12,8,4
Monkzilla,tichondrius,768,monk,mistweaver,12,8,4
Picklefartjr,malfurion,768,monk,mistweaver,12,8,4
Tuladura,tichondrius,768,monk,mistweaver,12,8,4
Torakigai,ghostlands,768,monk,mistweaver,12,8,4
Ojarax,bleeding-hollow,768,monk,mistweaver,12,8,4
Yamatoqt,frostmourne,768,monk,mistweaver,12,8,4
Jiskweaver,sargeras,768,monk,mistweaver,12,8,4
Tubescreamer,barthilas,768,monk,mistweaver,12,8,4
Pantypirate,tichondrius,768,monk,mistweaver,12,8,4
Kaskã,tichondrius,768,monk,mistweaver,12,8,4
Zamist,sargeras,768,monk,mistweaver,12,8,4
Cuckoon,malganis,768,monk,mistweaver,12,8,4
Catmonk,the-forgotten-coast,768,monk,mistweaver,12,8,4
Floka,bleeding-hollow,768,monk,mistweaver,12,8,4
Furiousfrank,stormrage,768,monk,mistweaver,12,8,4
Vanmonk,eonar,768,monk,mistweaver,12,8,4
Scrypter,proudmoore,768,monk,mistweaver,12,8,4
Sàìñtàsønìà,kelthuzad,768,monk,mistweaver,12,8,4
Shquiz,sargeras,768,monk,mistweaver,12,8,4
Sayflight,tichondrius,768,monk,mistweaver,18,8,10
Imafqnbaby,tichondrius,768,monk,mistweaver,18,8,10
Docpalpatine,tichondrius,768,monk,mistweaver,18,8,10
Drunkenfist,chogall,768,monk,mistweaver,18,8,10
Dreamscapexo,kelthuzad,768,monk,mistweaver,18,8,10
Velzarria,zuljin,768,monk,mistweaver,18,8,10
Kwatann,bonechewer,768,monk,mistweaver,18,8,10
Abird,tichondrius,767,monk,mistweaver,12,8,4
Lenee,frostmourne,767,monk,mistweaver,12,8,4
Jeolmyung,tichondrius,767,monk,mistweaver,12,8,4
Dragonwhirl,stormrage,767,monk,mistweaver,12,8,4
Blitzcombo,thrall,767,monk,mistweaver,12,8,4
Rileyreidfan,azjolnerub,767,monk,mistweaver,12,8,4
Juchiyosamu,illidan,767,monk,mistweaver,15,8,7
Barleygar,tichondrius,767,monk,mistweaver,18,8,10
Dabnhash,emerald-dream,767,monk,mistweaver,18,8,10
Bogez,area-52,767,monk,mistweaver,18,8,10
Raígon,ragnaros,767,monk,mistweaver,18,8,10
Elfass,bleeding-hollow,767,monk,mistweaver,18,8,10
Apexian,kelthuzad,766,monk,mistweaver,12,8,4
Fairyeflora,hellscream,766,monk,mistweaver,12,8,4
Artomist,stormrage,766,monk,mistweaver,12,8,4
Wzzi,tichondrius,765,monk,mistweaver,18,8,10
Scips,fizzcrank,764,monk,mistweaver,18,8,10
Gazzoxsan,chogall,764,monk,mistweaver,19,8,11
Halfaling,tichondrius,761,monk,mistweaver,12,8,4
Fusionspell,stormrage,747,monk,mistweaver,24,8,16
Prddoss,quelthalas,745,monk,mistweaver,12,8,4
Sätsu,bleeding-hollow,735,monk,mistweaver,17,8,9
Kryflex,frostmourne,720,monk,mistweaver,15,9,6
Iluvthugnmcz,sargeras,717,monk,mistweaver,23,8,15
Titofresh,quelthalas,714,monk,mistweaver,21,10,11
Carlyjepsen,shadowmoon,713,monk,mistweaver,27,9,18
Karynia,illidan,712,monk,mistweaver,15,9,6
Rektfu,emerald-dream,708,monk,mistweaver,21,9,12
Diagrams,tichondrius,703,monk,mistweaver,11,8,3
Hirav,khazgoroth,697,monk,mistweaver,21,9,12
Moldboy,area-52,687,monk,mistweaver,11,8,3
Tuesdây,wyrmrest-accord,672,monk,mistweaver,12,7,5
Mundane,sargeras,672,monk,mistweaver,12,7,5
Merkey,tichondrius,672,monk,mistweaver,12,7,5
Annisokay,bleeding-hollow,672,monk,mistweaver,12,7,5
Truefists,stormrage,672,monk,mistweaver,12,7,5
Stinkycok,tichondrius,672,monk,mistweaver,12,7,5
Prisonike,bleeding-hollow,672,monk,mistweaver,12,7,5
Copamine,dalaran,672,monk,mistweaver,12,7,5
Zerker,nagrand,672,monk,mistweaver,12,7,5
Aniwhy,tichondrius,672,monk,mistweaver,12,7,5
Itdreams,illidan,672,monk,mistweaver,12,7,5
Suntzulml,quelthalas,672,monk,mistweaver,12,7,5
Ammonk,bloodhoof,672,monk,mistweaver,12,7,5
Darong,tichondrius,672,monk,mistweaver,12,7,5
Saiyañ,proudmoore,672,monk,mistweaver,12,7,5
Knuqz,stormrage,672,monk,mistweaver,12,7,5
Sharkpiggie,illidan,672,monk,mistweaver,12,7,5
Nerf,malganis,672,monk,mistweaver,12,7,5
Ashmisty,kelthuzad,672,monk,mistweaver,12,7,5
Synpunch,tichondrius,672,monk,mistweaver,12,7,5
Boorams,tichondrius,672,monk,mistweaver,12,7,5
Flavier,illidan,672,monk,mistweaver,12,7,5
Yangzai,tichondrius,672,monk,mistweaver,12,7,5
Mwr,frostmourne,672,monk,mistweaver,12,7,5
Mongénoio,nemesis,672,monk,mistweaver,12,7,5
Outhume,eredar,672,monk,mistweaver,12,7,5
Laggytoodope,kelthuzad,672,monk,mistweaver,12,7,5
Azahri,sargeras,672,monk,mistweaver,12,7,5
Bloodyxmonk,firetree,672,monk,mistweaver,13,7,6
Fistay,burning-legion,672,monk,mistweaver,15,8,7
Beejae,tichondrius,672,monk,mistweaver,14,7,7
Èxpèrtisè,jubeithos,672,monk,mistweaver,14,7,7
Babychi,frostmourne,672,monk,mistweaver,18,7,11
Thevy,area-52,672,monk,mistweaver,18,7,11
Caliroll,gorefiend,672,monk,mistweaver,18,7,11
Monktu,frostmourne,672,monk,mistweaver,18,7,11
Monkydoo,blackhand,671,monk,mistweaver,12,7,5
Kurtall,area-52,671,monk,mistweaver,12,7,5
Alisoly,tichondrius,671,monk,mistweaver,12,7,5
Iwonson,mugthol,671,monk,mistweaver,12,7,5
Touzin,bleeding-hollow,671,monk,mistweaver,12,7,5
Shórtlived,skullcrusher,671,monk,mistweaver,13,7,6
Táishen,wyrmrest-accord,671,monk,mistweaver,16,8,8
Soderbergh,ysera,671,monk,mistweaver,18,7,11
Bükki,ragnaros,671,monk,mistweaver,18,7,11
Chitacos,trollbane,671,monk,mistweaver,18,7,11
Diligentmonk,illidan,671,monk,mistweaver,21,8,13
Slinger,kalecgos,670,monk,mistweaver,10,8,2
Gerranni,wyrmrest-accord,670,monk,mistweaver,12,7,5
Zonianman,tichondrius,670,monk,mistweaver,18,7,11
Pandaranga,saurfang,670,monk,mistweaver,28,8,20
Wraithfire,uldum,669,monk,mistweaver,18,7,11
Djwushu,blackhand,668,monk,mistweaver,18,7,11
Balooballs,frostmourne,667,monk,mistweaver,18,7,11
Hafu,wildhammer,667,monk,mistweaver,24,7,17
Karu,barthilas,639,monk,mistweaver,18,8,10
Rènh,ragnaros,639,monk,mistweaver,17,7,10
Reflexsivex,malganis,638,monk,mistweaver,11,7,4
Sourcandyx,area-52,624,monk,mistweaver,15,7,8
Dasubb,crushridge,623,monk,mistweaver,11,7,4
Azz,barthilas,623,monk,mistweaver,11,7,4
Praydoh,tichondrius,623,monk,mistweaver,11,7,4
Brüce,ragnaros,623,monk,mistweaver,15,7,8
Aerona,stormreaver,617,monk,mistweaver,12,8,4
Keeanuweaves,tichondrius,592,monk,mistweaver,7,7,0
Onecoolmonk,tichondrius,576,monk,mistweaver,6,6,0
Chrîstmas,proudmoore,576,monk,mistweaver,6,6,0
Evilbit,boulderfist,576,monk,mistweaver,6,6,0
Watty,zuljin,576,monk,mistweaver,6,6,0
Ezqueue,area-52,576,monk,mistweaver,6,6,0
Chainwax,korgath,576,monk,mistweaver,6,6,0
Strugglebus,sargeras,576,monk,mistweaver,6,6,0
Fistergand,frostwolf,576,monk,mistweaver,6,6,0
Bowstâff,lightbringer,576,monk,mistweaver,6,6,0
Steyi,nazjatar,576,monk,mistweaver,12,6,6
Alandis,spinebreaker,576,monk,mistweaver,12,6,6
Fïish,stormrage,576,monk,mistweaver,12,6,6
Nukeproof,stormreaver,576,monk,mistweaver,12,6,6
Krob,bleeding-hollow,576,monk,mistweaver,12,6,6
Magnustavick,bleeding-hollow,576,monk,mistweaver,12,6,6
Dracc,zuljin,576,monk,mistweaver,12,6,6
Karrigwyn,tichondrius,576,monk,mistweaver,12,6,6
Transcend,nerzhul,576,monk,mistweaver,12,6,6
Faccemelter,illidan,576,monk,mistweaver,12,6,6
Zeçe,tichondrius,576,monk,mistweaver,12,6,6
Boppweave,tichondrius,576,monk,mistweaver,12,6,6
Khungfeu,area-52,576,monk,mistweaver,12,6,6
Lumiän,area-52,576,monk,mistweaver,12,6,6
Mlngo,illidan,576,monk,mistweaver,12,6,6
Grimaku,tichondrius,576,monk,mistweaver,12,6,6
Jieterchan,malganis,576,monk,mistweaver,12,6,6
Comonk,area-52,576,monk,mistweaver,12,6,6
Meepmonk,tichondrius,576,monk,mistweaver,12,6,6
Sumaran,hydraxis,576,monk,mistweaver,12,6,6
Donnieyen,area-52,576,monk,mistweaver,12,6,6
Danceofchiji,tichondrius,576,monk,mistweaver,12,6,6
Underpants,skullcrusher,576,monk,mistweaver,12,6,6
Milkshayx,kiljaeden,576,monk,mistweaver,12,6,6
Eppsmonk,tichondrius,576,monk,mistweaver,12,6,6
Aiswalle,illidan,576,monk,mistweaver,12,6,6
Wèave,tichondrius,576,monk,mistweaver,12,6,6
Pai,sargeras,576,monk,mistweaver,12,6,6
Bearmode,wyrmrest-accord,576,monk,mistweaver,12,6,6
Xitearith,ragnaros,576,monk,mistweaver,12,6,6
Até,azralon,576,monk,mistweaver,12,6,6
Inkers,detheroc,576,monk,mistweaver,12,6,6
Cerrado,emerald-dream,576,monk,mistweaver,12,6,6
Vayce,barthilas,576,monk,mistweaver,12,6,6
Dreamfist,emerald-dream,576,monk,mistweaver,12,6,6
Fistweebin,area-52,576,monk,mistweaver,18,6,12
Stonefists,ysondre,576,monk,mistweaver,18,6,12
Simarity,kelthuzad,576,monk,mistweaver,18,6,12
Gngrbeardman,tichondrius,576,monk,mistweaver,18,6,12
Edbtz,illidan,575,monk,mistweaver,12,9,3
Tanskee,sargeras,575,monk,mistweaver,12,6,6
Fânnybâws,stormrage,575,monk,mistweaver,12,6,6
Putisucia,nordrassil,575,monk,mistweaver,12,6,6
Itsjohnnylol,azuremyst,575,monk,mistweaver,12,6,6
Nf,zuljin,575,monk,mistweaver,12,6,6
Monkney,tichondrius,575,monk,mistweaver,12,6,6
Glitchi,area-52,575,monk,mistweaver,12,6,6
Kung,tichondrius,575,monk,mistweaver,12,6,6
Bresmeatfore,barthilas,575,monk,mistweaver,12,6,6
Biglinky,sargeras,575,monk,mistweaver,12,6,6
Misha,akama,575,monk,mistweaver,12,6,6
Ormchi,stormrage,575,monk,mistweaver,13,6,7
Freepunchz,frostmourne,575,monk,mistweaver,18,6,12
Blorkk,area-52,574,monk,mistweaver,12,6,6
Monjepa,illidan,574,monk,mistweaver,18,6,12
Tubbytiph,ghostlands,574,monk,mistweaver,24,6,18
Ironfistorm,stormrage,573,monk,mistweaver,12,6,6
Mënace,skullcrusher,572,monk,mistweaver,12,6,6
Gaturis,tichondrius,572,monk,mistweaver,21,7,14
Samanosukee,illidan,571,monk,mistweaver,12,6,6
Bógus,tichondrius,571,monk,mistweaver,12,6,6
Boofie,perenolde,559,monk,mistweaver,11,6,5
Sohéi,proudmoore,559,monk,mistweaver,17,6,11
Bradyfour,moon-guard,553,monk,mistweaver,25,8,17
Mîstchievous,sargeras,544,monk,mistweaver,10,7,3
Grizzchan,sargeras,543,monk,mistweaver,11,6,5
Monkeybooze,sargeras,543,monk,mistweaver,14,7,7
Benex,tichondrius,527,monk,mistweaver,11,6,5
Domisalamii,sargeras,527,monk,mistweaver,11,6,5
Mastamonksta,illidan,512,monk,mistweaver,16,6,10
Hirahxx,frostmourne,511,monk,mistweaver,8,6,2
Fonnf,nemesis,511,monk,mistweaver,8,6,2
Oldmanwalker,mannoroth,511,monk,mistweaver,11,6,5
Vitcheztein,ragnaros,480,monk,mistweaver,6,5,1
Grumpî,tichondrius,480,monk,mistweaver,6,5,1
Yuldaddy,tichondrius,480,monk,mistweaver,6,5,1
Pungeebi,tichondrius,480,monk,mistweaver,6,5,1
Alvinete,tichondrius,480,monk,mistweaver,6,5,1
Kayflock,tichondrius,480,monk,mistweaver,6,5,1
Mistwalk,tichondrius,480,monk,mistweaver,6,5,1
Bombshellxo,illidan,480,monk,mistweaver,6,5,1
Omnly,stormrage,480,monk,mistweaver,6,5,1
Elcidw,tichondrius,480,monk,mistweaver,6,5,1
Themys,zuljin,480,monk,mistweaver,6,5,1
Genia,ragnaros,480,monk,mistweaver,6,5,1
Donatello,arthas,480,monk,mistweaver,6,5,1
Stepfíster,tichondrius,480,monk,mistweaver,6,5,1
Møzy,tichondrius,480,monk,mistweaver,6,5,1
Dragonwarior,zuluhed,480,monk,mistweaver,6,5,1
Kailzchi,area-52,480,monk,mistweaver,6,5,1
Yajirobei,area-52,480,monk,mistweaver,6,5,1
Woes,stormreaver,480,monk,mistweaver,6,5,1
Morzmyth,nemesis,480,monk,mistweaver,6,5,1
Pyoapple,tichondrius,480,monk,mistweaver,6,5,1
Pinot,dragonmaw,480,monk,mistweaver,6,5,1
Fisthealz,area-52,480,monk,mistweaver,6,5,1
Koyon,sargeras,480,monk,mistweaver,6,5,1
Chingwang,frostmourne,480,monk,mistweaver,6,5,1
Spirits,dreadmaul,480,monk,mistweaver,6,5,1
Rivnn,sargeras,480,monk,mistweaver,6,5,1
Lickthefist,sargeras,480,monk,mistweaver,6,5,1
Zbhm,illidan,480,monk,mistweaver,6,5,1
Siddharthä,barthilas,480,monk,mistweaver,6,5,1
Catchmemaybe,stormscale,480,monk,mistweaver,12,5,7
Lemmetouch,illidan,480,monk,mistweaver,12,5,7
Thors,gorgonnash,480,monk,mistweaver,12,5,7
Fortyozkilla,thrall,480,monk,mistweaver,12,5,7
Gundamfish,tichondrius,480,monk,mistweaver,12,5,7
Bigolbootay,tichondrius,480,monk,mistweaver,12,5,7
Odindad,tichondrius,480,monk,mistweaver,12,5,7
Otzyy,turalyon,480,monk,mistweaver,12,5,7
Redweave,moon-guard,480,monk,mistweaver,12,5,7
Eraticmonk,illidan,480,monk,mistweaver,12,5,7
Onak,illidan,480,monk,mistweaver,12,5,7
Whipllash,tichondrius,480,monk,mistweaver,12,5,7
Rosellina,kelthuzad,480,monk,mistweaver,12,5,7
Kênpächi,rexxar,480,monk,mistweaver,12,5,7
Amybaby,sargeras,480,monk,mistweaver,12,5,7
Kaiøken,tichondrius,480,monk,mistweaver,12,5,7
Palumorww,deathwing,480,monk,mistweaver,12,5,7
Rockyßalboa,sargeras,480,monk,mistweaver,12,5,7
Masonn,kiljaeden,480,monk,mistweaver,12,5,7
Reinah,malganis,480,monk,mistweaver,12,5,7
Crìstiano,malganis,480,monk,mistweaver,12,5,7
Judo,khadgar,480,monk,mistweaver,12,5,7
Ocmonk,hyjal,480,monk,mistweaver,12,5,7
Snuzzao,darkspear,480,monk,mistweaver,14,5,9
Blackflag,queldorei,480,monk,mistweaver,18,5,13
Xblingtron,malganis,480,monk,mistweaver,18,5,13
Màngø,ragnaros,480,monk,mistweaver,18,5,13
Cckknckr,sargeras,480,monk,mistweaver,24,5,19
Angrybrewski,tichondrius,479,monk,mistweaver,6,5,1
Monqq,tichondrius,479,monk,mistweaver,6,5,1
Troutz,sargeras,479,monk,mistweaver,12,5,7
Maiitoguy,illidan,479,monk,mistweaver,12,5,7
Bitrau,destromath,479,monk,mistweaver,12,5,7
Stephani,turalyon,479,monk,mistweaver,12,5,7
Tianhu,sargeras,479,monk,mistweaver,12,5,7
Annara,tichondrius,479,monk,mistweaver,12,5,7
Wisepaw,tichondrius,479,monk,mistweaver,12,5,7
Satchelgizmo,tichondrius,479,monk,mistweaver,18,5,13
Cahuun,baelgun,478,monk,mistweaver,12,5,7
Sahalee,emerald-dream,478,monk,mistweaver,12,5,7
Safigirl,doomhammer,478,monk,mistweaver,12,5,7
Wetspaghetti,malganis,477,monk,mistweaver,12,5,7
Gotosleepkid,dalaran,447,monk,mistweaver,11,5,6
Bengal,arthas,447,monk,mistweaver,11,5,6
Beefdadyfist,tichondrius,440,monk,mistweaver,24,8,16
Blessedbalor,tichondrius,432,monk,mistweaver,9,5,4
Ogsimpsonn,tichondrius,432,monk,mistweaver,9,5,4
Lovechabill,darkspear,431,monk,mistweaver,11,5,6
Boomtac,moon-guard,426,monk,mistweaver,9,6,3
Obàma,tichondrius,426,monk,mistweaver,13,6,7
Mêlon,tichondrius,384,monk,mistweaver,6,4,2
Zenspice,stormrage,384,monk,mistweaver,6,4,2
Keyndanlamor,sargeras,384,monk,mistweaver,6,4,2
Zbell,sargeras,384,monk,mistweaver,6,4,2
Nfm,cairne,384,monk,mistweaver,6,4,2
Srgtbingo,azgalor,384,monk,mistweaver,6,4,2
Treysongz,illidan,384,monk,mistweaver,6,4,2
Hornymonkale,thrall,384,monk,mistweaver,6,4,2
Justamönk,moon-guard,384,monk,mistweaver,6,4,2
Rolybones,boulderfist,384,monk,mistweaver,6,4,2
Keepcryin,gorefiend,384,monk,mistweaver,6,4,2
Teddybéar,illidan,384,monk,mistweaver,6,4,2
Zac,veknilash,384,monk,mistweaver,6,4,2
Snoogiee,khazgoroth,384,monk,mistweaver,6,4,2
Blpkosher,tichondrius,384,monk,mistweaver,6,4,2
Lyla,aegwynn,384,monk,mistweaver,6,4,2
Shakeweightt,blackrock,384,monk,mistweaver,6,4,2
Mightbewôrth,thunderhorn,384,monk,mistweaver,6,4,2
Drunkgiraffe,zuljin,384,monk,mistweaver,6,4,2
Axibar,tichondrius,384,monk,mistweaver,6,4,2
Howziexd,tichondrius,384,monk,mistweaver,6,4,2
Ragemore,emerald-dream,384,monk,mistweaver,6,4,2
Nipfuu,maelstrom,384,monk,mistweaver,6,4,2
Jâzze,zuljin,384,monk,mistweaver,6,4,2
Austinm,tichondrius,384,monk,mistweaver,6,4,2
Sekushî,kelthuzad,384,monk,mistweaver,6,4,2
Globalmonk,emerald-dream,384,monk,mistweaver,6,4,2
Meisterbrew,garona,384,monk,mistweaver,6,4,2
Miley,lethon,384,monk,mistweaver,6,4,2
Dareelyst,arygos,384,monk,mistweaver,6,4,2
Vynchi,area-52,384,monk,mistweaver,6,4,2
Kirshta,kelthuzad,384,monk,mistweaver,6,4,2
Brantkicks,tichondrius,384,monk,mistweaver,6,4,2
Monkatron,arthas,384,monk,mistweaver,6,4,2
Brewtillis,tichondrius,384,monk,mistweaver,6,4,2
Kharazina,azralon,384,monk,mistweaver,6,4,2
Feynzen,frostmourne,384,monk,mistweaver,6,4,2
Nakiki,cenarion-circle,384,monk,mistweaver,6,4,2
Tinyboots,area-52,384,monk,mistweaver,6,4,2
Físterxd,bleeding-hollow,384,monk,mistweaver,6,4,2
Nezkabad,frostmourne,384,monk,mistweaver,6,4,2
Lingerer,aerie-peak,384,monk,mistweaver,6,4,2
Janim,illidan,384,monk,mistweaver,6,4,2
Darylphilbin,emerald-dream,384,monk,mistweaver,12,4,8
Valkana,kelthuzad,384,monk,mistweaver,12,4,8
Macktickle,zuljin,384,monk,mistweaver,12,4,8
Neuron,spirestone,384,monk,mistweaver,12,4,8
Madussy,zuljin,384,monk,mistweaver,12,4,8
Zoltwo,sargeras,384,monk,mistweaver,12,4,8
Sprinkli,sargeras,384,monk,mistweaver,12,4,8
Jimbojenkins,bleeding-hollow,384,monk,mistweaver,12,4,8
Nutbag,norgannon,384,monk,mistweaver,12,4,8
Darkeiji,stormrage,384,monk,mistweaver,12,4,8
Crakgirl,malganis,384,monk,mistweaver,12,4,8
Pax,boulderfist,384,monk,mistweaver,12,4,8
Mizzycash,malganis,384,monk,mistweaver,12,4,8
Nicolascåge,destromath,384,monk,mistweaver,12,4,8
Jincíe,area-52,384,monk,mistweaver,12,4,8
Áasuna,ragnaros,384,monk,mistweaver,12,4,8
Samzo,barthilas,384,monk,mistweaver,12,4,8
Sim,frostmourne,384,monk,mistweaver,12,4,8
Hoyocochino,quelthalas,384,monk,mistweaver,12,4,8
Eqoy,moon-guard,384,monk,mistweaver,12,4,8
Hirado,kelthuzad,384,monk,mistweaver,12,4,8
Åvå,emerald-dream,384,monk,mistweaver,18,4,14
Iamapotato,tichondrius,384,monk,mistweaver,18,4,14
Ragepalm,aegwynn,383,monk,mistweaver,6,4,2
Hakushin,ragnaros,383,monk,mistweaver,6,4,2
Jigong,bleeding-hollow,383,monk,mistweaver,12,4,8
Kushmintz,whisperwind,383,monk,mistweaver,12,4,8
Esleif,moonrunner,383,monk,mistweaver,12,4,8
Epptwo,aggramar,383,monk,mistweaver,12,4,8
Bluemyselph,tichondrius,383,monk,mistweaver,12,4,8
Zyemell,tichondrius,383,monk,mistweaver,12,4,8
Izgoku,frostmane,383,monk,mistweaver,18,4,14
Metalmønk,nerzhul,360,monk,mistweaver,13,7,6
Sáble,stormrage,351,monk,mistweaver,11,4,7
ßiggiesmallz,barthilas,330,monk,mistweaver,12,5,7
Kimchidelite,gorefiend,319,monk,mistweaver,5,4,1
Fiztingfaded,area-52,319,monk,mistweaver,11,4,7
Whatdaheal,darkspear,313,monk,mistweaver,26,5,21
Roskoh,area-52,303,monk,mistweaver,13,4,9
Drkeen,frostmourne,288,monk,mistweaver,10,5,5
Zeelos,kelthuzad,288,monk,mistweaver,6,3,3
Valelarus,doomhammer,288,monk,mistweaver,6,3,3
Ðreadhot,malganis,288,monk,mistweaver,6,3,3
Shinobui,jubeithos,288,monk,mistweaver,6,3,3
Mauvem,tichondrius,288,monk,mistweaver,6,3,3
Quartztiger,sargeras,288,monk,mistweaver,6,3,3
Moönk,tichondrius,288,monk,mistweaver,6,3,3
Imisswodxo,illidan,288,monk,mistweaver,6,3,3
Peachtea,burning-legion,288,monk,mistweaver,6,3,3
Lindraice,illidan,288,monk,mistweaver,6,3,3
Austaar,frostmourne,288,monk,mistweaver,6,3,3
Saltyone,firetree,288,monk,mistweaver,6,3,3
Bosschops,illidan,288,monk,mistweaver,6,3,3
Möösê,moon-guard,288,monk,mistweaver,6,3,3
Spiritmist,sargeras,288,monk,mistweaver,6,3,3
Teclas,ragnaros,288,monk,mistweaver,6,3,3
Maripaulita,ragnaros,288,monk,mistweaver,6,3,3
Chingu,ragnaros,288,monk,mistweaver,6,3,3
Ighostgirls,thrall,288,monk,mistweaver,6,3,3
Vidrus,gorefiend,288,monk,mistweaver,6,3,3
Grogio,wyrmrest-accord,288,monk,mistweaver,6,3,3
Zaçh,frostmane,288,monk,mistweaver,6,3,3
Aphrodîîte,area-52,288,monk,mistweaver,6,3,3
Brosiedon,sargeras,288,monk,mistweaver,6,3,3
Pisswalker,area-52,288,monk,mistweaver,6,3,3
Saeloon,frostmourne,288,monk,mistweaver,6,3,3
Karaka,ysera,288,monk,mistweaver,6,3,3
Giggacuck,frostmourne,288,monk,mistweaver,6,3,3
Jbonk,hyjal,288,monk,mistweaver,6,3,3
Sterow,kiljaeden,288,monk,mistweaver,6,3,3
Galeindra,whisperwind,288,monk,mistweaver,6,3,3
Fysicalx,zuljin,288,monk,mistweaver,6,3,3
Pandàmonium,frostmourne,288,monk,mistweaver,6,3,3
Miýagi,sargeras,288,monk,mistweaver,6,3,3
Lemeta,tichondrius,288,monk,mistweaver,6,3,3
Gguldduck,tichondrius,288,monk,mistweaver,6,3,3
Rzeznik,boulderfist,288,monk,mistweaver,6,3,3
Cädemaddöx,stormrage,288,monk,mistweaver,6,3,3
Shredmw,tichondrius,288,monk,mistweaver,6,3,3
Stigzz,stormrage,288,monk,mistweaver,6,3,3
Fammi,stormrage,288,monk,mistweaver,6,3,3
Billycobham,tichondrius,288,monk,mistweaver,6,3,3
Maybeyooshi,kelthuzad,288,monk,mistweaver,6,3,3
Fistin,laughing-skull,288,monk,mistweaver,6,3,3
Ophibrew,zuljin,288,monk,mistweaver,6,3,3
Lawroadp,tichondrius,288,monk,mistweaver,6,3,3
Hazelbazel,bleeding-hollow,288,monk,mistweaver,6,3,3
Növa,alterac-mountains,288,monk,mistweaver,6,3,3
Monktease,tichondrius,288,monk,mistweaver,6,3,3
Xavelha,tichondrius,288,monk,mistweaver,6,3,3
Hogarg,emerald-dream,288,monk,mistweaver,6,3,3
Alianli,tichondrius,288,monk,mistweaver,6,3,3
Loppjr,tichondrius,288,monk,mistweaver,6,3,3
Graoul,thaurissan,288,monk,mistweaver,6,3,3
Fijiwater,stormrage,288,monk,mistweaver,9,3,6
Kúrios,azralon,288,monk,mistweaver,10,3,7
Erwynz,tichondrius,288,monk,mistweaver,12,3,9
Wørm,emerald-dream,288,monk,mistweaver,12,3,9
Wizcaulifa,stormrage,288,monk,mistweaver,12,3,9
Korvishka,malganis,288,monk,mistweaver,12,3,9
Chilliweaver,frostmourne,288,monk,mistweaver,12,3,9
Mwtouch,nemesis,288,monk,mistweaver,12,3,9
Roloyolo,illidan,288,monk,mistweaver,12,3,9
Absolutvodca,nemesis,288,monk,mistweaver,12,3,9
Vchii,tichondrius,288,monk,mistweaver,12,3,9
Holandri,moon-guard,287,monk,mistweaver,6,3,3
Rosinhood,illidan,287,monk,mistweaver,6,3,3
Shaolyyn,zuljin,287,monk,mistweaver,6,3,3
Deyseddia,azgalor,287,monk,mistweaver,6,3,3
Madmoose,smolderthorn,287,monk,mistweaver,6,3,3
Shlumpuh,tichondrius,287,monk,mistweaver,16,4,12
Lilpielover,zuljin,286,monk,mistweaver,15,4,11
Karkata,sargeras,284,monk,mistweaver,18,3,15
Lildae,burning-legion,256,monk,mistweaver,4,4,0
Bigjuicers,bleeding-hollow,239,monk,mistweaver,5,3,2
Excitable,moon-guard,234,monk,mistweaver,8,4,4
Sputnîk,nemesis,234,monk,mistweaver,14,6,8
Zeisei,wyrmrest-accord,234,monk,mistweaver,10,4,6
Friedpanda,kelthuzad,234,monk,mistweaver,16,4,12
Gguldduk,tichondrius,192,monk,mistweaver,4,3,1
Hymasterlol,tichondrius,192,monk,mistweaver,6,2,4
Rubntug,zuljin,192,monk,mistweaver,6,2,4
Privm,moonrunner,192,monk,mistweaver,6,2,4
Taipanni,sargeras,192,monk,mistweaver,6,2,4
Foxmacleod,bleeding-hollow,192,monk,mistweaver,6,2,4
Zengoku,zuljin,192,monk,mistweaver,6,2,4
Anabolicx,khazgoroth,192,monk,mistweaver,6,2,4
Fortnight,emerald-dream,192,monk,mistweaver,6,2,4
Selocke,bleeding-hollow,192,monk,mistweaver,6,2,4
Fäded,trollbane,192,monk,mistweaver,6,2,4
Nilonsso,sargeras,192,monk,mistweaver,6,2,4
Tarae,nagrand,192,monk,mistweaver,6,2,4
Mistbeard,aggramar,192,monk,mistweaver,6,2,4
Shoumi,turalyon,192,monk,mistweaver,6,2,4
Ashenn,area-52,192,monk,mistweaver,6,2,4
Iililiililil,stormrage,192,monk,mistweaver,6,2,4
Silkymoves,tichondrius,192,monk,mistweaver,6,2,4
Barlyfe,tichondrius,192,monk,mistweaver,6,2,4
Bodyshot,area-52,192,monk,mistweaver,6,2,4
Theriní,stormrage,192,monk,mistweaver,6,2,4
Xanzee,area-52,192,monk,mistweaver,6,2,4
Tigerlust,sargeras,192,monk,mistweaver,6,2,4
Hugerichard,wyrmrest-accord,192,monk,mistweaver,6,2,4
Sukrit,darkspear,192,monk,mistweaver,6,2,4
Jittersx,silvermoon,192,monk,mistweaver,6,2,4
Wamii,tichondrius,192,monk,mistweaver,6,2,4
Acena,stormrage,192,monk,mistweaver,6,2,4
Skadouch,wyrmrest-accord,192,monk,mistweaver,6,2,4
Yanedin,dalaran,192,monk,mistweaver,6,2,4
Jayjaybrew,area-52,192,monk,mistweaver,6,2,4
Paradissô,tichondrius,192,monk,mistweaver,6,2,4
Madkickzack,blades-edge,192,monk,mistweaver,6,2,4
Apparent,lightnings-blade,192,monk,mistweaver,6,2,4
Fistorcstar,daggerspine,192,monk,mistweaver,6,2,4
Melocotonn,goldrinn,192,monk,mistweaver,6,2,4
Lilknucks,bonechewer,192,monk,mistweaver,6,2,4
Sebasu,perenolde,192,monk,mistweaver,6,2,4
Jaybum,sargeras,192,monk,mistweaver,6,2,4
Caralia,exodar,192,monk,mistweaver,6,2,4
Zåz,nazgrel,192,monk,mistweaver,6,2,4
Onepunch,exodar,192,monk,mistweaver,7,2,5
Glowsgreenby,area-52,192,monk,mistweaver,8,2,6
Coffeek,area-52,192,monk,mistweaver,8,2,6
Kick,dragonmaw,192,monk,mistweaver,12,2,10
Ðetroitsmash,sargeras,192,monk,mistweaver,12,2,10
Whynotec,tichondrius,192,monk,mistweaver,12,2,10
Monkik,laughing-skull,192,monk,mistweaver,12,2,10
Mung,boulderfist,192,monk,mistweaver,12,2,10
Tragictea,zuljin,192,monk,mistweaver,12,2,10
Hellcow,frostmourne,192,monk,mistweaver,12,2,10
Missmagda,darkspear,192,monk,mistweaver,12,2,10
Fatde,daggerspine,192,monk,mistweaver,18,2,16
Realisthands,barthilas,191,monk,mistweaver,6,2,4
Jeme,tichondrius,191,monk,mistweaver,6,2,4
Senzmist,lightbringer,191,monk,mistweaver,6,2,4
Phystweaver,malganis,175,monk,mistweaver,11,2,9
Hyugga,azralon,159,monk,mistweaver,5,2,3
Craziediemon,malganis,138,monk,mistweaver,8,3,5
ßøøstêðçhåñ,illidan,138,monk,mistweaver,9,3,6
Matsakaicin,azralon,138,monk,mistweaver,10,3,7
Vyostao,ragnaros,138,monk,mistweaver,11,3,8
Minttea,kiljaeden,137,monk,mistweaver,16,3,13
Averagéjoe,tichondrius,127,monk,mistweaver,8,2,6
Figurines,sargeras,112,monk,mistweaver,7,2,5
Rhorkfist,frostmourne,110,monk,mistweaver,7,2,5
Ezpzmonk,bloodscalp,96,monk,mistweaver,6,1,5
Lomist,nazjatar,96,monk,mistweaver,6,1,5
Tacoma,sargeras,96,monk,mistweaver,6,1,5
Haren,gundrak,96,monk,mistweaver,6,1,5
Ogmonk,skullcrusher,96,monk,mistweaver,6,1,5
Samaera,uther,96,monk,mistweaver,6,1,5
Turkeydinner,frostmourne,96,monk,mistweaver,6,1,5
Charrek,zuljin,96,monk,mistweaver,6,1,5
Brewtalìty,tichondrius,96,monk,mistweaver,6,1,5
Danicah,altar-of-storms,96,monk,mistweaver,6,1,5
Súprä,stormrage,96,monk,mistweaver,6,1,5
Ltsneaky,bladefist,96,monk,mistweaver,6,1,5
Squidbillie,moon-guard,96,monk,mistweaver,6,1,5
Ruion,moon-guard,96,monk,mistweaver,6,1,5
Stinx,ragnaros,96,monk,mistweaver,6,1,5
Frankènmonk,illidan,96,monk,mistweaver,6,1,5
Stickyloads,illidan,96,monk,mistweaver,6,1,5
Börg,bleeding-hollow,96,monk,mistweaver,6,1,5
Kenvuki,emerald-dream,96,monk,mistweaver,6,1,5
Onegai,illidan,96,monk,mistweaver,6,1,5
Lainerya,moon-guard,96,monk,mistweaver,6,1,5
Fatboyswag,tichondrius,96,monk,mistweaver,6,1,5
Kimmyfists,tichondrius,96,monk,mistweaver,6,1,5
Kungfucheeks,illidan,96,monk,mistweaver,6,1,5
Dankestkhan,korialstrasz,96,monk,mistweaver,6,1,5
Zrza,tichondrius,96,monk,mistweaver,6,1,5
Zënløvë,tichondrius,96,monk,mistweaver,6,1,5
Froggie,illidan,96,monk,mistweaver,6,1,5
Ghostsofur,tichondrius,96,monk,mistweaver,12,1,11
Eliwenn,ragnaros,96,monk,mistweaver,12,1,11
Selectra,malfurion,95,monk,mistweaver,6,1,5
Braindi,arathor,79,monk,mistweaver,5,1,4
Fairymonk,frostwolf,79,monk,mistweaver,5,1,4
Pinkgucci,thrall,79,monk,mistweaver,5,1,4
Clixstermonk,area-52,79,monk,mistweaver,5,1,4
Majinyooshi,kelthuzad,64,monk,mistweaver,4,1,3
Sivedrafely,arthas,42,monk,mistweaver,17,2,15
Daesun,quelthalas,672,monk,brewmaster,12,7,5
Worldpvp,nerzhul,672,monk,brewmaster,21,8,13
Epucphail,kelthuzad,575,monk,brewmaster,18,6,12
Robbo,tichondrius,288,monk,brewmaster,6,3,3
Quaria,moon-guard,288,monk,brewmaster,18,3,15
Drunkfight,zuljin,192,monk,brewmaster,18,2,16
Encry,zuljin,191,monk,brewmaster,6,2,4
Ferrarí,quelthalas,79,monk,brewmaster,11,1,10
Neighbors,sargeras,2265,monk,windwalker,103,58,45
Keyam,illidan,2208,monk,windwalker,101,54,47
Sean,nazjatar,2143,monk,windwalker,72,38,34
Senseiww,sargeras,2143,monk,windwalker,126,64,62
Thewy,tichondrius,2132,monk,windwalker,108,55,53
Cmx,sargeras,2125,monk,windwalker,172,88,84
Droguex,tichondrius,2120,monk,windwalker,156,80,76
Stárset,illidan,2104,monk,windwalker,96,54,42
Iílílílílílí,area-52,2101,monk,windwalker,84,43,41
Lodbork,tichondrius,2066,monk,windwalker,324,173,151
Riversøng,frostmourne,2056,monk,windwalker,78,41,37
Conngaline,stormreaver,2030,monk,windwalker,192,97,95
Spotifyfan,ysera,2028,monk,windwalker,106,63,43
Pacmankr,tichondrius,2016,monk,windwalker,99,49,50
Bdw,tichondrius,2013,monk,windwalker,118,74,44
Fueld,burning-legion,2013,monk,windwalker,166,86,80
Blackpandax,tichondrius,2008,monk,windwalker,107,55,52
Fatal,bonechewer,2001,monk,windwalker,70,40,30
Vybïn,tichondrius,1980,monk,windwalker,158,83,75
Flattsww,tichondrius,1961,monk,windwalker,244,120,124
Threnody,malganis,1957,monk,windwalker,76,39,37
Nehji,illidan,1956,monk,windwalker,57,31,26
Wondý,quelthalas,1943,monk,windwalker,161,80,81
Jaxvisto,dalaran,1940,monk,windwalker,95,51,44
Hypnøtìze,frostmourne,1937,monk,windwalker,78,41,37
Rickybobbyx,vashj,1933,monk,windwalker,66,35,31
Madtiger,scilla,1933,monk,windwalker,78,38,40
Repbrew,sargeras,1927,monk,windwalker,69,35,34
Bigherosixx,tichondrius,1907,monk,windwalker,60,34,26
Helvectius,tichondrius,1906,monk,windwalker,138,65,73
Napbox,bleeding-hollow,1900,monk,windwalker,62,37,25
Wwlékinhø,azralon,1882,monk,windwalker,42,26,16
Weathermanxv,kelthuzad,1882,monk,windwalker,80,34,46
Frootsmoothi,thrall,1881,monk,windwalker,59,29,30
Touchofdeáth,stormrage,1880,monk,windwalker,95,51,44
Rytes,moon-guard,1871,monk,windwalker,132,65,67
Cuteirl,tichondrius,1858,monk,windwalker,30,24,6
Yuujitsu,sargeras,1854,monk,windwalker,54,30,24
Maozhën,tichondrius,1851,monk,windwalker,48,27,21
Larryjonés,area-52,1851,monk,windwalker,66,30,36
Iminglee,area-52,1848,monk,windwalker,46,26,20
Shïvïr,azralon,1848,monk,windwalker,95,47,48
Tschi,illidan,1844,monk,windwalker,42,29,13
Baddi,uldum,1841,monk,windwalker,88,43,45
Kuranchi,sargeras,1836,monk,windwalker,42,23,19
Serthean,illidan,1834,monk,windwalker,146,72,74
Inbu,tichondrius,1833,monk,windwalker,75,33,42
Lopez,sargeras,1825,monk,windwalker,54,35,19
Edenx,sargeras,1825,monk,windwalker,42,23,19
Nelariah,wyrmrest-accord,1822,monk,windwalker,59,28,31
Sentomaru,bleeding-hollow,1820,monk,windwalker,66,33,33
Smokechief,hyjal,1813,monk,windwalker,42,25,17
Catgallery,tichondrius,1813,monk,windwalker,149,68,81
Allmight,wyrmrest-accord,1812,monk,windwalker,99,54,45
Yerky,stormrage,1811,monk,windwalker,48,25,23
Turbofist,bleeding-hollow,1803,monk,windwalker,42,25,17
Sunfistway,sargeras,1792,monk,windwalker,62,37,25
Alps,darkspear,1780,monk,windwalker,48,24,24
Mechamonk,aerie-peak,1764,monk,windwalker,99,44,55
Omnly,stormrage,1762,monk,windwalker,42,21,21
Crashandflow,zuljin,1757,monk,windwalker,36,20,16
Jükedx,stormrage,1756,monk,windwalker,85,52,33
Liamllama,barthilas,1754,monk,windwalker,54,27,27
Bruceteå,area-52,1744,monk,windwalker,36,19,17
Zynflex,tichondrius,1743,monk,windwalker,59,27,32
Lker,sargeras,1740,monk,windwalker,60,31,29
Windmónk,tichondrius,1738,monk,windwalker,66,34,32
Xanaxåddict,sargeras,1736,monk,windwalker,104,51,53
Pandagirlw,tichondrius,1735,monk,windwalker,72,43,29
Chopt,zuljin,1735,monk,windwalker,48,25,23
Ambal,hellscream,1734,monk,windwalker,55,32,23
Jasey,area-52,1729,monk,windwalker,29,21,8
Dzq,stormrage,1723,monk,windwalker,48,27,21
Percentx,tichondrius,1722,monk,windwalker,36,18,18
Khawai,sargeras,1720,monk,windwalker,36,23,13
Boostedww,bloodscalp,1720,monk,windwalker,48,25,23
Monkatron,arthas,1718,monk,windwalker,65,30,35
Rockyßalboa,sargeras,1715,monk,windwalker,75,43,32
Guylian,tichondrius,1710,monk,windwalker,41,20,21
Kagebunshin,kelthuzad,1698,monk,windwalker,36,23,13
Wolffangfist,sargeras,1695,monk,windwalker,69,42,27
Jåðëðrägøñ,sargeras,1688,monk,windwalker,55,31,24
Homun,tichondrius,1687,monk,windwalker,47,23,24
Bamron,fizzcrank,1686,monk,windwalker,101,52,49
Shids,barthilas,1686,monk,windwalker,47,22,25
Vanmonk,eonar,1681,monk,windwalker,36,18,18
Titanus,chogall,1680,monk,windwalker,259,134,125
Unhappyclown,tichondrius,1676,monk,windwalker,36,23,13
Zenigma,area-52,1670,monk,windwalker,45,24,21
Dea,thrall,1670,monk,windwalker,84,43,41
Rakije,barthilas,1669,monk,windwalker,66,40,26
Hèllòkîttý,illidan,1666,monk,windwalker,30,19,11
Fistnu,aggramar,1665,monk,windwalker,71,45,26
Hæt,stormrage,1665,monk,windwalker,48,23,25
Screwz,tichondrius,1661,monk,windwalker,40,20,20
Hotwatertank,area-52,1658,monk,windwalker,48,29,19
Dumplíngs,emerald-dream,1647,monk,windwalker,59,27,32
Monkgyatso,drakthul,1646,monk,windwalker,60,29,31
Oxli,emerald-dream,1645,monk,windwalker,46,26,20
Haharetsdead,illidan,1645,monk,windwalker,83,46,37
Foxchik,zuljin,1641,monk,windwalker,76,42,34
Xradu,dawnbringer,1639,monk,windwalker,60,39,21
Galaxystrike,illidan,1638,monk,windwalker,36,20,16
Furiamvp,stormrage,1625,monk,windwalker,36,20,16
Senritsuh,drakkari,1625,monk,windwalker,40,18,22
Jigong,bleeding-hollow,1620,monk,windwalker,42,23,19
Karelio,wyrmrest-accord,1619,monk,windwalker,48,22,26
Aidenww,area-52,1618,monk,windwalker,24,17,7
Pankekz,tichondrius,1618,monk,windwalker,66,33,33
Jbills,muradin,1617,monk,windwalker,53,32,21
Corsan,illidan,1616,monk,windwalker,42,30,12
Hadoukeñ,thrall,1616,monk,windwalker,41,22,19
Fistyuh,illidan,1613,monk,windwalker,24,18,6
Euman,sargeras,1613,monk,windwalker,36,21,15
Takkeya,zuljin,1613,monk,windwalker,36,20,16
Sonsia,arthas,1610,monk,windwalker,76,46,30
Snebyos,tichondrius,1605,monk,windwalker,36,22,14
Tôpsônworld,tichondrius,1604,monk,windwalker,36,22,14
Flyingfury,illidan,1604,monk,windwalker,54,25,29
Bruhmesoftly,thrall,1601,monk,windwalker,54,31,23
Ronk,the-forgotten-coast,1600,monk,windwalker,30,17,13
Rigi,stormrage,1600,monk,windwalker,59,23,36
Dirtypunch,proudmoore,1598,monk,windwalker,42,19,23
Windwalker,blackhand,1597,monk,windwalker,35,19,16
Lingerer,aerie-peak,1593,monk,windwalker,110,57,53
Fuqmeh,darkspear,1593,monk,windwalker,54,26,28
Marcusm,bleeding-hollow,1592,monk,windwalker,33,20,13
Surgarush,moon-guard,1592,monk,windwalker,106,64,42
Reprap,elune,1582,monk,windwalker,58,33,25
Robbo,tichondrius,1580,monk,windwalker,36,18,18
Wonderx,darkspear,1579,monk,windwalker,30,20,10
Råii,sargeras,1579,monk,windwalker,30,20,10
Copenfist,black-dragonflight,1578,monk,windwalker,36,21,15
Dïsturbedtko,azralon,1578,monk,windwalker,42,20,22
Kogoli,frostwolf,1575,monk,windwalker,84,38,46
Hagano,drakkari,1573,monk,windwalker,59,33,26
Ludanford,eitrigg,1567,monk,windwalker,36,18,18
Unlike,tichondrius,1566,monk,windwalker,84,40,44
Adamthemonk,proudmoore,1560,monk,windwalker,30,19,11
Mists,velen,1558,monk,windwalker,42,22,20
Fistnafurry,tichondrius,1550,monk,windwalker,42,21,21
Chucksandmk,barthilas,1548,monk,windwalker,48,22,26
Nagato,nemesis,1545,monk,windwalker,23,17,6
Chingu,ragnaros,1543,monk,windwalker,123,59,64
Vai,korgath,1542,monk,windwalker,36,17,19
Mastashaolin,kelthuzad,1538,monk,windwalker,36,18,18
Dabzin,stormrage,1536,monk,windwalker,73,39,34
Odi,stonemaul,1535,monk,windwalker,89,42,47
Maomaogun,tichondrius,1533,monk,windwalker,18,16,2
Çraßsßùrgêr,bonechewer,1533,monk,windwalker,24,16,8
Druta,illidan,1532,monk,windwalker,36,27,9
Kutz,proudmoore,1526,monk,windwalker,61,30,31
Zaabuza,azralon,1523,monk,windwalker,42,30,12
Shishosenin,quelthalas,1523,monk,windwalker,108,51,57
Byakugun,wyrmrest-accord,1522,monk,windwalker,36,21,15
Naagg,tichondrius,1521,monk,windwalker,30,16,14
Yoshifistsu,malganis,1521,monk,windwalker,54,26,28
Simonb,tichondrius,1521,monk,windwalker,42,19,23
Odogin,tichondrius,1520,monk,windwalker,65,42,23
Shaszx,zuljin,1517,monk,windwalker,30,16,14
Therapeutics,moon-guard,1517,monk,windwalker,72,31,41
Bløødÿ,ragnaros,1516,monk,windwalker,21,17,4
Bakedmonk,smolderthorn,1516,monk,windwalker,36,16,20
Göllyjee,tichondrius,1516,monk,windwalker,72,30,42
Cpapi,sargeras,1512,monk,windwalker,42,17,25
Sgarbossa,tortheldrin,1509,monk,windwalker,42,16,26
Arizøna,illidan,1507,monk,windwalker,80,44,36
Themanski,area-52,1504,monk,windwalker,30,16,14
Geekweek,frostmourne,1503,monk,windwalker,30,17,13
Npepper,khadgar,1503,monk,windwalker,52,23,29
Kawasakii,tichondrius,1495,monk,windwalker,142,75,67
Harde,thrall,1492,monk,windwalker,65,29,36
Muritors,ragnaros,1488,monk,windwalker,30,16,14
Varn,frostmourne,1488,monk,windwalker,74,35,39
Rockemsockem,gorefiend,1485,monk,windwalker,90,48,42
Kiulang,kelthuzad,1480,monk,windwalker,47,21,26
Banyasong,tichondrius,1468,monk,windwalker,30,17,13
Wartenja,frostmourne,1459,monk,windwalker,48,21,27
Mastahp,tichondrius,1457,monk,windwalker,42,23,19
Tyroneßanks,stormrage,1456,monk,windwalker,30,17,13
Jerax,thunderlord,1456,monk,windwalker,69,35,34
Showshoway,tichondrius,1450,monk,windwalker,53,23,30
Lickthefist,sargeras,1445,monk,windwalker,24,16,8
Lavinci,area-52,1437,monk,windwalker,30,15,15
Jegann,tichondrius,1435,monk,windwalker,86,38,48
Fistys,area-52,1433,monk,windwalker,117,60,57
Katsübooy,azralon,1431,monk,windwalker,203,104,99
Elfoverde,stormrage,1430,monk,windwalker,24,15,9
Xuenws,tichondrius,1429,monk,windwalker,24,15,9
Astrofu,tichondrius,1429,monk,windwalker,58,25,33
Pinot,dragonmaw,1427,monk,windwalker,36,15,21
Pokinpooters,stormrage,1424,monk,windwalker,54,24,30
Pepeloser,illidan,1422,monk,windwalker,30,15,15
Ökami,tichondrius,1422,monk,windwalker,36,16,20
Domiik,ragnaros,1421,monk,windwalker,30,15,15
Kómugi,area-52,1418,monk,windwalker,47,23,24
Wind,misha,1416,monk,windwalker,31,22,9
Daslow,quelthalas,1415,monk,windwalker,90,47,43
Shlumpuh,tichondrius,1412,monk,windwalker,36,16,20
Shôckley,tichondrius,1404,monk,windwalker,42,20,22
Killmachine,farstriders,1393,monk,windwalker,93,44,49
Milkychi,frostmourne,1392,monk,windwalker,40,15,25
Backfliptime,ragnaros,1383,monk,windwalker,34,19,15
Pepepunch,bleeding-hollow,1381,monk,windwalker,36,15,21
Brewmaker,sargeras,1372,monk,windwalker,46,22,24
Tassmonk,hyjal,1367,monk,windwalker,36,17,19
Daracus,kelthuzad,1364,monk,windwalker,26,18,8
Bluntdoctor,stormreaver,1361,monk,windwalker,60,22,38
Rïggen,thrall,1360,monk,windwalker,23,15,8
Kriticalkush,kelthuzad,1353,monk,windwalker,24,17,7
Sarious,lightbringer,1350,monk,windwalker,115,62,53
Owned,dreadmaul,1349,monk,windwalker,36,23,13
Gún,ragnaros,1344,monk,windwalker,72,34,38
Zuì,sargeras,1342,monk,windwalker,24,14,10
Karmerr,proudmoore,1339,monk,windwalker,30,14,16
Pangpoong,tichondrius,1339,monk,windwalker,45,20,25
Jümmy,area-52,1338,monk,windwalker,30,14,16
Tnsnow,illidan,1335,monk,windwalker,24,14,10
Zenluckydo,grizzly-hills,1334,monk,windwalker,24,14,10
Ghaelessi,senjin,1334,monk,windwalker,59,33,26
Garmakasmonk,skullcrusher,1329,monk,windwalker,28,17,11
Trapeez,kelthuzad,1326,monk,windwalker,58,32,26
Saltystepbro,illidan,1323,monk,windwalker,24,14,10
Acharä,tichondrius,1305,monk,windwalker,36,20,16
Goonkeg,frostmourne,1304,monk,windwalker,30,14,16
Anarska,thrall,1303,monk,windwalker,64,31,33
Zionk,tichondrius,1298,monk,windwalker,18,14,4
Smoothboxing,tichondrius,1293,monk,windwalker,72,39,33
Dodried,ragnaros,1290,monk,windwalker,52,24,28
Sleýin,tichondrius,1284,monk,windwalker,71,33,38
Fanetö,stormrage,1283,monk,windwalker,48,15,33
Zettelkasten,tichondrius,1266,monk,windwalker,42,21,21
Tino,kelthuzad,1264,monk,windwalker,48,25,23
Skymonge,stormrage,1263,monk,windwalker,26,14,12
Weezzyboi,tichondrius,1263,monk,windwalker,42,22,20
Kungfüsed,stormrage,1260,monk,windwalker,24,14,10
Gurda,wyrmrest-accord,1260,monk,windwalker,48,24,24
Tianhu,sargeras,1256,monk,windwalker,24,14,10
Opmother,elune,1252,monk,windwalker,35,19,16
Hamyu,illidan,1247,monk,windwalker,30,15,15
Prostotak,area-52,1246,monk,windwalker,18,13,5
Pamii,quelthalas,1246,monk,windwalker,36,13,23
Båshkin,terenas,1245,monk,windwalker,42,19,23
Nightww,area-52,1241,monk,windwalker,24,13,11
Napoleonic,vashj,1239,monk,windwalker,18,13,5
Xiaowën,nemesis,1226,monk,windwalker,37,16,21
Ruckm,stormrage,1225,monk,windwalker,24,13,11
Stickyloads,illidan,1220,monk,windwalker,72,33,39
Wutangkillaß,kiljaeden,1214,monk,windwalker,30,13,17
Ofn,moon-guard,1202,monk,windwalker,96,45,51
Xéia,area-52,1201,monk,windwalker,60,23,37
Marstol,bleeding-hollow,1200,monk,windwalker,30,20,10
Yrn,crushridge,1196,monk,windwalker,30,14,16
Hinakii,dalaran,1195,monk,windwalker,60,22,38
Akanq,tichondrius,1194,monk,windwalker,27,13,14
Ohgiddyttv,dalaran,1188,monk,windwalker,36,13,23
Screwballz,blackrock,1187,monk,windwalker,45,14,31
Razielic,frostmourne,1185,monk,windwalker,42,17,25
Healzpapi,tichondrius,1170,monk,windwalker,24,13,11
Kandinarra,jubeithos,1156,monk,windwalker,52,28,24
Torkscrew,bleeding-hollow,1152,monk,windwalker,18,12,6
Linkya,daggerspine,1152,monk,windwalker,22,14,8
Xedou,azralon,1151,monk,windwalker,18,12,6
Xølik,draenor,1150,monk,windwalker,18,12,6
Pikotaro,tichondrius,1150,monk,windwalker,24,12,12
Miýagi,sargeras,1149,monk,windwalker,18,12,6
Leehofook,azshara,1143,monk,windwalker,54,23,31
Tigerstrikes,sargeras,1142,monk,windwalker,18,12,6
Tenshu,runetotem,1141,monk,windwalker,24,12,12
Milktank,medivh,1137,monk,windwalker,53,31,22
Sleepÿ,area-52,1137,monk,windwalker,66,24,42
Eavale,destromath,1135,monk,windwalker,24,12,12
Kfpeeves,sargeras,1134,monk,windwalker,30,15,15
Shinjiki,tichondrius,1134,monk,windwalker,29,12,17
Shinaniganz,chogall,1128,monk,windwalker,42,17,25
Jacquelline,moon-guard,1127,monk,windwalker,24,12,12
Stigzz,stormrage,1118,monk,windwalker,23,12,11
Jimothydab,lightbringer,1117,monk,windwalker,23,12,11
Imonkalot,destromath,1111,monk,windwalker,43,17,26
Loadedfries,frostmourne,1110,monk,windwalker,24,12,12
Fitmonje,drakkari,1108,monk,windwalker,28,13,15
Phistea,area-52,1102,monk,windwalker,23,12,11
Angerday,illidan,1097,monk,windwalker,30,12,18
Moopdahoop,stormrage,1096,monk,windwalker,25,15,10
Astteell,proudmoore,1089,monk,windwalker,39,13,26
Drektarz,area-52,1085,monk,windwalker,75,33,42
Ojiin,wyrmrest-accord,1079,monk,windwalker,24,13,11
Quanon,stormreaver,1071,monk,windwalker,33,14,19
Calmpunchman,mannoroth,1070,monk,windwalker,25,12,13
Hím,garrosh,1065,monk,windwalker,19,12,7
Mikeyx,area-52,1056,monk,windwalker,18,11,7
Sultanofwind,malganis,1056,monk,windwalker,18,11,7
Xyän,bleeding-hollow,1056,monk,windwalker,18,11,7
Sandii,azralon,1056,monk,windwalker,48,28,20
Lhiri,moon-guard,1056,monk,windwalker,24,11,13
Sínsayer,tichondrius,1056,monk,windwalker,24,11,13
Baconbiscuit,area-52,1056,monk,windwalker,24,11,13
Yavaxye,stormrage,1056,monk,windwalker,24,11,13
Songokusan,thrall,1055,monk,windwalker,18,11,7
Rubntug,zuljin,1055,monk,windwalker,18,11,7
Jdanîel,ragnaros,1055,monk,windwalker,24,11,13
Jamut,stormrage,1055,monk,windwalker,36,11,25
Monkamax,tichondrius,1054,monk,windwalker,18,11,7
Fimeu,kiljaeden,1054,monk,windwalker,18,11,7
Wimdrewk,quelthalas,1053,monk,windwalker,39,12,27
Daddyrugburn,area-52,1052,monk,windwalker,18,11,7
Píñg,area-52,1051,monk,windwalker,30,11,19
Toyotatacoma,bleeding-hollow,1050,monk,windwalker,18,11,7
Chowlaos,coilfang,1048,monk,windwalker,18,11,7
Senseî,altar-of-storms,1048,monk,windwalker,30,11,19
Chaosrose,area-52,1044,monk,windwalker,18,11,7
Lexivixi,khazgoroth,1044,monk,windwalker,24,12,12
Tremonk,kelthuzad,1043,monk,windwalker,18,11,7
Rbs,tichondrius,1041,monk,windwalker,36,11,25
Jnx,emerald-dream,1038,monk,windwalker,24,11,13
Arshavin,skullcrusher,1038,monk,windwalker,30,11,19
Mcnipple,moonrunner,1036,monk,windwalker,18,11,7
Rollsroycist,trollbane,1032,monk,windwalker,37,23,14
Steenkk,tichondrius,1023,monk,windwalker,24,11,13
Brewzllee,tichondrius,1000,monk,windwalker,66,34,32
Silvopanda,azralon,997,monk,windwalker,53,22,31
Bonflur,quelthalas,980,monk,windwalker,186,90,96
Syerzie,dalaran,970,monk,windwalker,33,15,18
Shadmtwo,tichondrius,960,monk,windwalker,12,10,2
Zhoku,tichondrius,960,monk,windwalker,12,10,2
Fettywhopper,kaelthas,960,monk,windwalker,12,10,2
Aýre,ravencrest,960,monk,windwalker,12,10,2
Mikephoenix,tichondrius,960,monk,windwalker,18,10,8
Muhli,kiljaeden,960,monk,windwalker,18,10,8
Shírÿu,azralon,960,monk,windwalker,18,10,8
Telospateo,ragnaros,960,monk,windwalker,18,10,8
Innerverse,tichondrius,960,monk,windwalker,18,10,8
Bearface,blades-edge,960,monk,windwalker,24,10,14
Dwarfmonk,tichondrius,960,monk,windwalker,24,10,14
Lolqtxd,sargeras,960,monk,windwalker,24,10,14
Goldfornudez,area-52,959,monk,windwalker,18,10,8
Artam,thrall,959,monk,windwalker,18,10,8
Quanyaozu,ragnaros,959,monk,windwalker,18,10,8
Squidie,tichondrius,959,monk,windwalker,30,10,20
Creonus,proudmoore,958,monk,windwalker,18,10,8
Mônkdunk,daggerspine,957,monk,windwalker,18,10,8
Avz,azralon,957,monk,windwalker,24,10,14
Natintell,drakkari,954,monk,windwalker,36,13,23
Megatraun,tichondrius,953,monk,windwalker,18,10,8
Xìðñ,moon-guard,952,monk,windwalker,18,10,8
Alcaquito,goldrinn,950,monk,windwalker,18,10,8
Judo,agamaggan,943,monk,windwalker,27,11,16
Madmint,illidan,941,monk,windwalker,23,11,12
Tobearus,stormscale,939,monk,windwalker,24,11,13
Nutcrakerz,tichondrius,935,monk,windwalker,24,13,11
Mcwallets,moon-guard,933,monk,windwalker,78,33,45
Anavara,drakkari,930,monk,windwalker,24,10,14
Brewbaker,hyjal,925,monk,windwalker,16,10,6
Lahri,silvermoon,903,monk,windwalker,26,11,15
Ipmán,moon-guard,892,monk,windwalker,41,18,23
Monkii,bonechewer,890,monk,windwalker,15,11,4
Scarlos,tichondrius,884,monk,windwalker,144,66,78
Veganbacon,mannoroth,875,monk,windwalker,14,10,4
Rhyskrispiez,sargeras,864,monk,windwalker,12,9,3
Danimalz,stormrage,864,monk,windwalker,12,9,3
Poormanx,illidan,864,monk,windwalker,12,9,3
Garypool,emerald-dream,864,monk,windwalker,15,9,6
Molta,tichondrius,864,monk,windwalker,18,9,9
Jaige,illidan,864,monk,windwalker,18,9,9
Thåi,anubarak,864,monk,windwalker,24,9,15
Fátë,tichondrius,864,monk,windwalker,24,9,15
Rocketfrogg,bleeding-hollow,864,monk,windwalker,24,9,15
Chiang,chogall,864,monk,windwalker,24,9,15
Tmjojo,tichondrius,864,monk,windwalker,24,9,15
Bükki,ragnaros,863,monk,windwalker,12,9,3
Littlemw,tichondrius,863,monk,windwalker,18,9,9
Helicopter,borean-tundra,863,monk,windwalker,18,9,9
Stepsista,sargeras,863,monk,windwalker,18,9,9
Somethingre,sargeras,862,monk,windwalker,12,9,3
Chingwang,frostmourne,862,monk,windwalker,12,9,3
Duwhack,wyrmrest-accord,862,monk,windwalker,18,9,9
Romeonjuliet,tichondrius,859,monk,windwalker,18,9,9
Wwmonks,sargeras,857,monk,windwalker,12,9,3
Rufaso,sargeras,854,monk,windwalker,24,9,15
Acindian,malganis,853,monk,windwalker,18,9,9
Rosarìolover,stormrage,840,monk,windwalker,18,9,9
Agroétudo,azralon,838,monk,windwalker,18,9,9
Sébástián,drakkari,832,monk,windwalker,24,10,14
Thekilla,aegwynn,827,monk,windwalker,18,9,9
Bradyfour,moon-guard,812,monk,windwalker,17,9,8
Drakfu,tichondrius,806,monk,windwalker,21,10,11
Rykouu,area-52,784,monk,windwalker,19,9,10
Hitchslapz,tichondrius,783,monk,windwalker,13,9,4
Facekandy,tichondrius,768,monk,windwalker,10,9,1
Micai,thrall,768,monk,windwalker,12,8,4
Mcbluffin,onyxia,768,monk,windwalker,12,8,4
Zoomerxd,stormrage,768,monk,windwalker,12,8,4
Marçi,moon-guard,768,monk,windwalker,12,8,4
Kungfupurk,bleeding-hollow,768,monk,windwalker,12,8,4
Slimcognito,zuljin,768,monk,windwalker,18,8,10
Hitt,barthilas,768,monk,windwalker,18,8,10
Stepfistz,aegwynn,768,monk,windwalker,18,8,10
Taggz,thunderlord,768,monk,windwalker,18,8,10
Rerolled,moon-guard,768,monk,windwalker,18,8,10
Kinkykyle,emerald-dream,768,monk,windwalker,18,8,10
Mahatmä,dalaran,768,monk,windwalker,18,8,10
Xas,sentinels,768,monk,windwalker,18,8,10
Plucky,tichondrius,768,monk,windwalker,20,8,12
Monke,onyxia,768,monk,windwalker,24,8,16
Tews,quelthalas,767,monk,windwalker,12,8,4
Prickhead,sargeras,767,monk,windwalker,15,9,6
Ezpzmonk,bloodscalp,767,monk,windwalker,15,9,6
Zukki,zuljin,767,monk,windwalker,18,8,10
Saiyajinsoul,ragnaros,767,monk,windwalker,18,8,10
Niked,tichondrius,767,monk,windwalker,18,8,10
Metalmønk,nerzhul,767,monk,windwalker,18,8,10
Nf,zuljin,766,monk,windwalker,12,8,4
Anatomyx,kelthuzad,766,monk,windwalker,12,8,4
Finesse,frostwolf,766,monk,windwalker,12,8,4
Ragraxx,quelthalas,766,monk,windwalker,18,8,10
Shocclol,stormrage,764,monk,windwalker,15,9,6
Boldyr,sargeras,764,monk,windwalker,18,8,10
Dazzler,ragnaros,764,monk,windwalker,24,8,16
Natus,greymane,763,monk,windwalker,18,8,10
Extinctión,stormscale,762,monk,windwalker,12,8,4
Ryucko,azralon,761,monk,windwalker,12,8,4
Iamanangel,illidan,759,monk,windwalker,12,8,4
Hehex,bleeding-hollow,751,monk,windwalker,17,8,9
Thäiländiä,bleeding-hollow,745,monk,windwalker,12,8,4
Captnmurphy,tichondrius,735,monk,windwalker,11,8,3
Deadlyfist,stormrage,729,monk,windwalker,23,8,15
Primez,frostmourne,719,monk,windwalker,17,8,9
Bakha,illidan,703,monk,windwalker,11,8,3
Richywayne,bleeding-hollow,672,monk,windwalker,12,7,5
Dragonwhirl,stormrage,672,monk,windwalker,12,7,5
Wizcaulifa,stormrage,672,monk,windwalker,12,7,5
Vuadeira,azralon,672,monk,windwalker,12,7,5
Bramicaye,malganis,672,monk,windwalker,12,7,5
Porxhub,tichondrius,672,monk,windwalker,12,7,5
Tokyozesty,area-52,672,monk,windwalker,12,7,5
Yoojimin,kiljaeden,672,monk,windwalker,12,7,5
Kudrix,frostwolf,672,monk,windwalker,12,7,5
Duhäst,sargeras,672,monk,windwalker,12,7,5
Gigagirth,emerald-dream,672,monk,windwalker,12,7,5
Lilpøøter,tichondrius,672,monk,windwalker,12,7,5
Ristion,moon-guard,672,monk,windwalker,12,7,5
Shiphappens,barthilas,672,monk,windwalker,12,7,5
Ázão,stormrage,672,monk,windwalker,12,7,5
Dublefist,draktharon,672,monk,windwalker,12,7,5
Verizani,stormrage,672,monk,windwalker,18,7,11
Awcfanboy,bleeding-hollow,672,monk,windwalker,21,8,13
Judgevr,frostmourne,672,monk,windwalker,23,8,15
Quietbegger,sargeras,671,monk,windwalker,12,7,5
Keys,earthen-ring,671,monk,windwalker,12,7,5
Omimonk,sargeras,671,monk,windwalker,12,7,5
Onepunch,exodar,671,monk,windwalker,12,7,5
Xøxo,trollbane,671,monk,windwalker,12,7,5
Shianjuo,ragnaros,671,monk,windwalker,18,7,11
Chuchinga,tichondrius,670,monk,windwalker,13,8,5
Cryptique,tichondrius,670,monk,windwalker,12,7,5
Minusmonk,dalaran,670,monk,windwalker,12,7,5
Samaelsin,emerald-dream,670,monk,windwalker,24,7,17
Kuungfoo,tichondrius,667,monk,windwalker,12,7,5
Hyun,stormrage,666,monk,windwalker,12,7,5
Kush,dalvengyr,665,monk,windwalker,12,7,5
Sistafistaa,akama,606,monk,windwalker,14,7,7
Bussÿ,area-52,591,monk,windwalker,11,7,4
Ascilica,firetree,576,monk,windwalker,6,6,0
Garofalo,tichondrius,576,monk,windwalker,6,6,0
Griswolld,ragnaros,576,monk,windwalker,6,6,0
Srýbrø,illidan,576,monk,windwalker,6,6,0
Makgøra,malganis,576,monk,windwalker,6,6,0
Monkfy,moon-guard,576,monk,windwalker,6,6,0
Veso,tichondrius,576,monk,windwalker,6,6,0
Thalreyzian,vashj,576,monk,windwalker,12,6,6
Jaspier,quelthalas,576,monk,windwalker,12,6,6
Xua,sargeras,576,monk,windwalker,12,6,6
Pipochen,ragnaros,576,monk,windwalker,12,6,6
Mapaly,ragnaros,576,monk,windwalker,12,6,6
Vandamme,durotan,576,monk,windwalker,12,6,6
Monksoon,tichondrius,576,monk,windwalker,12,6,6
Gójó,tichondrius,576,monk,windwalker,12,6,6
Popchi,stormrage,576,monk,windwalker,12,6,6
Creamchop,stormreaver,576,monk,windwalker,12,6,6
Tulalong,area-52,576,monk,windwalker,12,6,6
Hòlygòd,dalaran,576,monk,windwalker,12,6,6
Affected,lightninghoof,576,monk,windwalker,12,6,6
Ranchy,zuljin,576,monk,windwalker,12,6,6
Neejitsu,malganis,576,monk,windwalker,12,6,6
Tinypunch,emerald-dream,576,monk,windwalker,12,6,6
Tahs,azralon,576,monk,windwalker,12,6,6
Nyofu,moon-guard,576,monk,windwalker,12,6,6
Sterow,kiljaeden,576,monk,windwalker,12,6,6
Xuenfu,tichondrius,576,monk,windwalker,12,6,6
Silvyrx,boulderfist,576,monk,windwalker,12,6,6
Forthekicks,tichondrius,576,monk,windwalker,19,8,11
Káizen,area-52,576,monk,windwalker,18,6,12
Hîddènsõündx,tichondrius,576,monk,windwalker,18,6,12
Awsmonk,malygos,576,monk,windwalker,18,6,12
Monjimen,ragnaros,576,monk,windwalker,18,6,12
Ahrk,emerald-dream,576,monk,windwalker,30,6,24
Kalrsk,frostmourne,575,monk,windwalker,12,6,6
Rowenoa,tichondrius,575,monk,windwalker,18,6,12
Kajjou,illidan,575,monk,windwalker,18,6,12
Linwong,garithos,574,monk,windwalker,12,6,6
Mynamegeorge,area-52,572,monk,windwalker,12,6,6
Tøxicø,quelthalas,572,monk,windwalker,16,7,9
Shindoro,bonechewer,521,monk,windwalker,16,10,6
Yenjung,azralon,480,monk,windwalker,6,5,1
Kimmyfists,tichondrius,480,monk,windwalker,6,5,1
Iloveabby,sargeras,480,monk,windwalker,6,5,1
Varimå,area-52,480,monk,windwalker,6,5,1
Nitrobrewed,stormrage,480,monk,windwalker,6,5,1
Monkskiiz,tichondrius,480,monk,windwalker,6,5,1
Orkmonk,tichondrius,480,monk,windwalker,6,5,1
Shevchenkô,quelthalas,480,monk,windwalker,6,5,1
Miresa,kelthuzad,480,monk,windwalker,6,5,1
Pleasetouch,emerald-dream,480,monk,windwalker,6,5,1
Onepunchman,quelthalas,480,monk,windwalker,6,5,1
Pikadejegue,nemesis,480,monk,windwalker,6,5,1
Iflykites,zuljin,480,monk,windwalker,6,5,1
Xunzao,emerald-dream,480,monk,windwalker,6,5,1
Poem,grizzly-hills,480,monk,windwalker,6,5,1
Highku,drenden,480,monk,windwalker,6,5,1
Hennyww,dalaran,480,monk,windwalker,6,5,1
Tyrus,kelthuzad,480,monk,windwalker,9,5,4
Faashbae,illidan,480,monk,windwalker,12,5,7
Ferknights,moon-guard,480,monk,windwalker,12,5,7
Aydowon,illidan,480,monk,windwalker,12,5,7
Kickkick,burning-blade,480,monk,windwalker,12,5,7
Yamoshì,stormrage,480,monk,windwalker,12,5,7
Ryútt,illidan,480,monk,windwalker,12,5,7
Kentodne,stormrage,480,monk,windwalker,12,5,7
Ddoongmonk,tichondrius,480,monk,windwalker,12,5,7
Lokimana,zuljin,480,monk,windwalker,12,5,7
Åsurã,stormrage,480,monk,windwalker,12,5,7
Stevezee,barthilas,480,monk,windwalker,12,5,7
Zhíu,ragnaros,480,monk,windwalker,12,5,7
Plagai,fizzcrank,480,monk,windwalker,12,5,7
Mepepegaclap,malganis,480,monk,windwalker,12,5,7
Xueyu,malganis,480,monk,windwalker,12,5,7
Tenkix,zuljin,480,monk,windwalker,12,5,7
Güwop,tichondrius,480,monk,windwalker,12,5,7
Izu,senjin,480,monk,windwalker,12,5,7
Zadaa,alleria,480,monk,windwalker,12,5,7
Djjackyd,stormrage,480,monk,windwalker,12,5,7
Valdur,sargeras,480,monk,windwalker,12,5,7
Akrethar,medivh,480,monk,windwalker,12,5,7
Sivedrafely,arthas,480,monk,windwalker,12,5,7
Butjaum,stormrage,480,monk,windwalker,16,6,10
Gabaan,azralon,480,monk,windwalker,18,5,13
Jatzai,emerald-dream,480,monk,windwalker,22,5,17
Supremekick,frostmourne,479,monk,windwalker,9,6,3
Kiukiukiu,tichondrius,479,monk,windwalker,12,5,7
Tzidkiyahu,barthilas,478,monk,windwalker,6,5,1
Kilabit,azshara,476,monk,windwalker,12,5,7
Mcmaplol,tichondrius,447,monk,windwalker,11,5,6
Blackychan,scilla,446,monk,windwalker,14,6,8
Kungxxl,kiljaeden,415,monk,windwalker,8,5,3
Chyx,tichondrius,415,monk,windwalker,11,5,6
Fapmonk,illidan,384,monk,windwalker,6,4,2
Ðøhkø,nemesis,384,monk,windwalker,6,4,2
Kiggo,bonechewer,384,monk,windwalker,6,4,2
Champoo,executus,384,monk,windwalker,6,4,2
Delorenzi,hellscream,384,monk,windwalker,6,4,2
Xoir,tichondrius,384,monk,windwalker,6,4,2
Gorton,lightbringer,384,monk,windwalker,6,4,2
Evanyfist,proudmoore,384,monk,windwalker,6,4,2
Touchbot,tichondrius,384,monk,windwalker,6,4,2
Xulieng,tichondrius,384,monk,windwalker,6,4,2
Satchelgizmo,tichondrius,384,monk,windwalker,6,4,2
Orbgodx,darkspear,384,monk,windwalker,6,4,2
Thewyjr,illidan,384,monk,windwalker,6,4,2
Callae,dreadmaul,384,monk,windwalker,6,4,2
Livitsu,aerie-peak,384,monk,windwalker,6,4,2
Beverage,frostmourne,384,monk,windwalker,6,4,2
Liucang,archimonde,384,monk,windwalker,6,4,2
Aedalithe,stormrage,384,monk,windwalker,6,4,2
Iarw,tichondrius,384,monk,windwalker,6,4,2
Preceptonk,azralon,384,monk,windwalker,6,4,2
Sistuhfista,tichondrius,384,monk,windwalker,6,4,2
Kame,moon-guard,384,monk,windwalker,6,4,2
Molific,gurubashi,384,monk,windwalker,6,4,2
Suntzuvius,tichondrius,384,monk,windwalker,6,4,2
Fiddletix,stormrage,384,monk,windwalker,6,4,2
Yeawe,tichondrius,384,monk,windwalker,6,4,2
Monkespin,stormrage,384,monk,windwalker,6,4,2
Convectuoso,illidan,384,monk,windwalker,6,4,2
Pathad,stormrage,384,monk,windwalker,6,4,2
Vernki,laughing-skull,384,monk,windwalker,6,4,2
Barleygar,tichondrius,384,monk,windwalker,6,4,2
Trembull,gurubashi,384,monk,windwalker,6,4,2
Gothamonk,tichondrius,384,monk,windwalker,6,4,2
Shisama,area-52,384,monk,windwalker,6,4,2
Azizyzz,barthilas,384,monk,windwalker,6,4,2
Hate,korialstrasz,384,monk,windwalker,6,4,2
Whitepandax,tichondrius,384,monk,windwalker,6,4,2
Buffmonkdmg,tichondrius,384,monk,windwalker,9,5,4
Graphyt,moon-guard,384,monk,windwalker,12,4,8
Rookz,drakthul,384,monk,windwalker,12,4,8
Fruitpünch,tichondrius,384,monk,windwalker,12,4,8
Züdo,area-52,384,monk,windwalker,12,4,8
Threnz,magtheridon,384,monk,windwalker,12,4,8
Merand,tichondrius,384,monk,windwalker,12,4,8
Ohtani,frostwolf,384,monk,windwalker,12,4,8
Jayr,bleeding-hollow,384,monk,windwalker,12,4,8
Bhodie,zuljin,384,monk,windwalker,12,4,8
Ferrarí,quelthalas,384,monk,windwalker,12,4,8
Grocerymonk,malganis,384,monk,windwalker,12,4,8
Wheresmyjuul,malganis,384,monk,windwalker,12,4,8
Evilstep,tichondrius,384,monk,windwalker,12,4,8
Mysticzen,tichondrius,384,monk,windwalker,12,4,8
Solrise,wyrmrest-accord,384,monk,windwalker,12,4,8
Hiurge,tichondrius,384,monk,windwalker,12,4,8
Chijinx,area-52,384,monk,windwalker,12,4,8
Xinvictus,frostmourne,384,monk,windwalker,12,4,8
Ramisan,barthilas,384,monk,windwalker,12,4,8
Zanmonk,moon-guard,383,monk,windwalker,6,4,2
Traxshin,kelthuzad,383,monk,windwalker,6,4,2
Abboo,hyjal,383,monk,windwalker,6,4,2
Felgolos,azralon,383,monk,windwalker,9,5,4
Miyage,emerald-dream,382,monk,windwalker,6,4,2
Viko,llane,382,monk,windwalker,6,4,2
Mùnkey,nagrand,351,monk,windwalker,11,4,7
Broxxenidas,quelthalas,351,monk,windwalker,11,4,7
Nakuang,tichondrius,339,monk,windwalker,24,7,17
Sahhalea,sargeras,319,monk,windwalker,14,4,10
Iilmachoggy,stormrage,288,monk,windwalker,6,3,3
Fistay,burning-legion,288,monk,windwalker,6,3,3
Heavytrain,azralon,288,monk,windwalker,6,3,3
Tigerlust,sargeras,288,monk,windwalker,6,3,3
Dorander,frostmourne,288,monk,windwalker,6,3,3
Gageismonk,mugthol,288,monk,windwalker,6,3,3
Jubei,dragonmaw,288,monk,windwalker,6,3,3
Brewtool,tichondrius,288,monk,windwalker,6,3,3
Gngrbeardman,tichondrius,288,monk,windwalker,6,3,3
Dkdakìng,stormrage,288,monk,windwalker,6,3,3
Gulmokk,tichondrius,288,monk,windwalker,6,3,3
Kahpital,azralon,288,monk,windwalker,6,3,3
Sockem,arthas,288,monk,windwalker,6,3,3
Redami,gnomeregan,288,monk,windwalker,6,3,3
ßluedream,dalaran,288,monk,windwalker,6,3,3
Röllö,tichondrius,288,monk,windwalker,6,3,3
Borekkar,emerald-dream,288,monk,windwalker,6,3,3
Swurvex,bleeding-hollow,288,monk,windwalker,6,3,3
Bakicaa,dalaran,288,monk,windwalker,6,3,3
Currycooker,tichondrius,288,monk,windwalker,6,3,3
Goodluck,madoran,288,monk,windwalker,6,3,3
Mlngo,illidan,288,monk,windwalker,6,3,3
Detox,sargeras,288,monk,windwalker,6,3,3
Bromonster,zuljin,288,monk,windwalker,6,3,3
Raires,tichondrius,288,monk,windwalker,6,3,3
Lidä,tichondrius,288,monk,windwalker,6,3,3
Monklad,malganis,288,monk,windwalker,6,3,3
Tictox,sargeras,288,monk,windwalker,6,3,3
Mgzx,kelthuzad,288,monk,windwalker,6,3,3
Muffinz,shattered-halls,288,monk,windwalker,6,3,3
Hitman,thrall,288,monk,windwalker,6,3,3
Pinkgucci,thrall,288,monk,windwalker,6,3,3
Choibaedal,tichondrius,288,monk,windwalker,6,3,3
Karkata,sargeras,288,monk,windwalker,6,3,3
Atezo,tichondrius,288,monk,windwalker,6,3,3
Silestial,sargeras,288,monk,windwalker,6,3,3
Sylash,ragnaros,288,monk,windwalker,6,3,3
Rafyww,tichondrius,288,monk,windwalker,6,3,3
Highaskite,tichondrius,288,monk,windwalker,6,3,3
Kárma,malganis,288,monk,windwalker,6,3,3
Mitras,dragonblight,288,monk,windwalker,6,3,3
Lomist,nazjatar,288,monk,windwalker,6,3,3
Mcfluffey,area-52,288,monk,windwalker,6,3,3
Dripharder,tichondrius,288,monk,windwalker,6,3,3
Hábìtz,area-52,288,monk,windwalker,6,3,3
Bogez,area-52,288,monk,windwalker,6,3,3
Frimayadri,area-52,288,monk,windwalker,6,3,3
Trunkx,area-52,288,monk,windwalker,6,3,3
Idonthustle,area-52,288,monk,windwalker,6,3,3
Dynamo,blackrock,288,monk,windwalker,6,3,3
Giatzo,barthilas,288,monk,windwalker,6,3,3
Mistérfister,blackrock,288,monk,windwalker,6,3,3
Reflexsivex,malganis,288,monk,windwalker,6,3,3
Rhonco,quelthalas,288,monk,windwalker,6,3,3
Imasterl,proudmoore,288,monk,windwalker,6,3,3
Madtigon,scilla,288,monk,windwalker,6,3,3
Slurrpslutt,proudmoore,288,monk,windwalker,6,3,3
Daspmonk,nagrand,288,monk,windwalker,6,3,3
Sosm,kelthuzad,288,monk,windwalker,6,3,3
Spaaca,kelthuzad,288,monk,windwalker,6,3,3
Vova,bleeding-hollow,288,monk,windwalker,12,3,9
Honkbazz,illidan,288,monk,windwalker,12,3,9
Dmhsaint,sargeras,288,monk,windwalker,12,3,9
Rockxtv,illidan,288,monk,windwalker,12,3,9
Tippytap,bleeding-hollow,288,monk,windwalker,12,3,9
Paramendic,frostwolf,288,monk,windwalker,12,3,9
Breakbonez,dalaran,288,monk,windwalker,12,3,9
Hira,zuljin,288,monk,windwalker,12,3,9
Luckystrike,area-52,288,monk,windwalker,12,3,9
Meatcleave,kiljaeden,288,monk,windwalker,12,3,9
Bujiburger,frostmourne,288,monk,windwalker,12,3,9
Pandalex,draenor,287,monk,windwalker,6,3,3
Liänä,quelthalas,287,monk,windwalker,6,3,3
Brewmooser,area-52,287,monk,windwalker,6,3,3
Gaziee,tichondrius,271,monk,windwalker,11,3,8
Ighostgirls,thrall,239,monk,windwalker,5,3,2
Raskalnikov,kelthuzad,201,monk,windwalker,14,4,10
Klamfu,thrall,192,monk,windwalker,4,3,1
Mùk,tichondrius,192,monk,windwalker,4,3,1
Kfchi,tichondrius,192,monk,windwalker,4,3,1
Novoctek,quelthalas,192,monk,windwalker,6,2,4
Mannkin,zuluhed,192,monk,windwalker,6,2,4
Maisoftheart,barthilas,192,monk,windwalker,6,2,4
Paracetamonk,kelthuzad,192,monk,windwalker,6,2,4
Liw,quelthalas,192,monk,windwalker,6,2,4
Jüdo,barthilas,192,monk,windwalker,6,2,4
Excalibrew,malganis,192,monk,windwalker,6,2,4
Icesmoker,frostmourne,192,monk,windwalker,6,2,4
Induhca,area-52,192,monk,windwalker,6,2,4
Monkuban,destromath,192,monk,windwalker,6,2,4
Madbuffz,nemesis,192,monk,windwalker,6,2,4
Ked,ragnaros,192,monk,windwalker,6,2,4
Röllup,area-52,192,monk,windwalker,6,2,4
Lìpz,zuljin,192,monk,windwalker,6,2,4
Fistpumps,thrall,192,monk,windwalker,6,2,4
Coomerww,kelthuzad,192,monk,windwalker,6,2,4
Thöran,ragnaros,192,monk,windwalker,6,2,4
Ghooch,illidan,192,monk,windwalker,6,2,4
Sickbanga,barthilas,192,monk,windwalker,6,2,4
Strongmandan,twisting-nether,192,monk,windwalker,6,2,4
Bvndio,ragnaros,192,monk,windwalker,6,2,4
Giorhno,ragnaros,192,monk,windwalker,6,2,4
Taringa,drakkari,192,monk,windwalker,6,2,4
Hutmok,dalaran,192,monk,windwalker,6,2,4
Toxicaff,dalaran,192,monk,windwalker,6,2,4
Tadaku,dalaran,192,monk,windwalker,6,2,4
Epî,tichondrius,192,monk,windwalker,6,2,4
Spirits,dreadmaul,192,monk,windwalker,6,2,4
Flicksx,arthas,192,monk,windwalker,6,2,4
Monkbro,altar-of-storms,192,monk,windwalker,6,2,4
Selfless,gilneas,192,monk,windwalker,6,2,4
Homunculusx,bleeding-hollow,192,monk,windwalker,6,2,4
Salanzoww,bleeding-hollow,192,monk,windwalker,6,2,4
Xarra,bleeding-hollow,192,monk,windwalker,6,2,4
Wât,bleeding-hollow,192,monk,windwalker,6,2,4
Pvptone,bleeding-hollow,192,monk,windwalker,6,2,4
Deyasth,zuljin,192,monk,windwalker,6,2,4
Gumrag,illidan,192,monk,windwalker,6,2,4
Öñlýfåñs,tichondrius,192,monk,windwalker,6,2,4
Flattswwjr,tichondrius,192,monk,windwalker,6,2,4
Sinistuhm,tichondrius,192,monk,windwalker,6,2,4
Fuchizaki,ragnaros,192,monk,windwalker,6,2,4
Imafqnbaby,tichondrius,192,monk,windwalker,6,2,4
Romeoe,muradin,192,monk,windwalker,6,2,4
Machita,spirestone,192,monk,windwalker,6,2,4
Weewalker,wyrmrest-accord,192,monk,windwalker,6,2,4
Youngnudy,sargeras,192,monk,windwalker,6,2,4
Lonebamboo,tichondrius,192,monk,windwalker,6,2,4
Deathgoku,norgannon,192,monk,windwalker,6,2,4
Rampant,anubarak,192,monk,windwalker,6,2,4
Cranjis,agamaggan,192,monk,windwalker,6,2,4
Resolver,stormscale,192,monk,windwalker,6,2,4
Takazawas,bonechewer,192,monk,windwalker,6,2,4
Gøldéngødx,tichondrius,192,monk,windwalker,6,2,4
Troutz,sargeras,192,monk,windwalker,6,2,4
Bhoredom,kiljaeden,192,monk,windwalker,6,2,4
Hossdelgadoe,kiljaeden,192,monk,windwalker,6,2,4
Saywha,windrunner,192,monk,windwalker,6,2,4
Senseixww,sargeras,192,monk,windwalker,6,2,4
Joreg,moon-guard,192,monk,windwalker,6,2,4
Transcend,nerzhul,192,monk,windwalker,6,2,4
Möösê,moon-guard,192,monk,windwalker,6,2,4
Averagéjoe,tichondrius,192,monk,windwalker,6,2,4
Silkzy,frostwolf,192,monk,windwalker,6,2,4
Privix,tichondrius,192,monk,windwalker,6,2,4
Hydraoxy,moon-guard,192,monk,windwalker,6,2,4
Kitfisty,kiljaeden,192,monk,windwalker,6,2,4
Eliwenn,ragnaros,192,monk,windwalker,12,2,10
Dankestkhan,korialstrasz,192,monk,windwalker,12,2,10
Razekahl,wyrmrest-accord,192,monk,windwalker,12,2,10
Wheatsli,malganis,159,monk,windwalker,5,2,3
Goku,frostmourne,159,monk,windwalker,5,2,3
Clytpuncher,emerald-dream,159,monk,windwalker,5,2,3
Fendi,stormrage,159,monk,windwalker,5,2,3
Habzz,tichondrius,159,monk,windwalker,5,2,3
Chisuschrist,hyjal,144,monk,windwalker,9,2,7
Broomooster,bleeding-hollow,138,monk,windwalker,17,6,11
Raninn,bleeding-hollow,128,monk,windwalker,4,2,2
Prettyflacko,thrall,128,monk,windwalker,4,2,2
Heartsies,sargeras,128,monk,windwalker,4,2,2
Neaxain,tichondrius,96,monk,windwalker,3,2,1
Jayjaybrew,area-52,96,monk,windwalker,3,2,1
Giriom,thrall,96,monk,windwalker,6,1,5
Siddharthä,barthilas,96,monk,windwalker,6,1,5
Cerocool,hyjal,96,monk,windwalker,6,1,5
Molsonicee,tichondrius,96,monk,windwalker,6,1,5
Forestweaver,area-52,96,monk,windwalker,6,1,5
Srgtbingo,azgalor,96,monk,windwalker,6,1,5
Smigz,area-52,96,monk,windwalker,6,1,5
Phukyu,moon-guard,96,monk,windwalker,6,1,5
Buddaba,tichondrius,96,monk,windwalker,6,1,5
Ischys,kelthuzad,96,monk,windwalker,6,1,5
Sanemi,amanthul,96,monk,windwalker,6,1,5
Munnk,stormreaver,96,monk,windwalker,6,1,5
Saruyo,frostmourne,96,monk,windwalker,6,1,5
Æsir,moon-guard,96,monk,windwalker,6,1,5
Sprinkli,sargeras,96,monk,windwalker,6,1,5
Lainerya,moon-guard,96,monk,windwalker,6,1,5
Yípman,uldum,96,monk,windwalker,6,1,5
Windlordx,illidan,96,monk,windwalker,6,1,5
Teewin,area-52,96,monk,windwalker,6,1,5
Imingleejr,illidan,96,monk,windwalker,6,1,5
Bwan,kelthuzad,96,monk,windwalker,6,1,5
Cudzingtin,dalaran,96,monk,windwalker,6,1,5
Memurk,bleeding-hollow,96,monk,windwalker,6,1,5
Obiiwan,tichondrius,96,monk,windwalker,6,1,5
Mistyfist,bleeding-hollow,96,monk,windwalker,6,1,5
Chipócluda,ragnaros,96,monk,windwalker,6,1,5
Chunlee,tichondrius,96,monk,windwalker,6,1,5
Piccolo,emerald-dream,96,monk,windwalker,6,1,5
Zinque,emerald-dream,96,monk,windwalker,6,1,5
Okuraseru,bleeding-hollow,96,monk,windwalker,6,1,5
Fínzy,ragnaros,96,monk,windwalker,6,1,5
Leisa,jaedenar,79,monk,windwalker,5,1,4
Zhatafaq,ragnaros,48,monk,windwalker,3,1,2
Kreese,rivendare,42,monk,windwalker,9,2,7
Notamønk,bonechewer,31,monk,windwalker,2,1,1
Cosetteb,proudmoore,31,monk,windwalker,2,1,1
Mommysalamii,moon-guard,16,monk,windwalker,1,1,0
Rèxpéi,area-52,2157,paladin,holy,84,48,36
Pattar,area-52,2107,paladin,holy,66,37,29
Sunita,arthas,2085,paladin,holy,183,94,89
Holylolz,ragnaros,2046,paladin,holy,156,79,77
Tmborn,tichondrius,2035,paladin,holy,89,40,49
Digglesx,area-52,2012,paladin,holy,78,35,43
Thejustice,tichondrius,2007,paladin,holy,64,37,27
Bilmurii,zuljin,1979,paladin,holy,84,46,38
Braindeadrsj,anetheron,1939,paladin,holy,125,71,54
Eskerda,azralon,1939,paladin,holy,160,77,83
Bombboyoz,area-52,1936,paladin,holy,84,44,40
Hamsti,sargeras,1909,paladin,holy,125,63,62
Flashv,barthilas,1896,paladin,holy,62,32,30
Angrycubanx,black-dragonflight,1887,paladin,holy,50,25,25
Nyctemavanna,ragnaros,1863,paladin,holy,82,44,38
Curator,emerald-dream,1859,paladin,holy,56,29,27
Dreathhammer,muradin,1849,paladin,holy,42,24,18
Nickimahoj,tichondrius,1841,paladin,holy,52,27,25
Dýstopia,stormrage,1841,paladin,holy,41,21,20
Skillenjoyer,tichondrius,1839,paladin,holy,78,49,29
Cynthianna,tichondrius,1839,paladin,holy,116,61,55
Csupremacy,tichondrius,1839,paladin,holy,64,30,34
Bushyy,tichondrius,1838,paladin,holy,54,26,28
Saacbot,area-52,1831,paladin,holy,69,25,44
Ðáx,sargeras,1828,paladin,holy,75,39,36
Ppgdx,azralon,1826,paladin,holy,78,34,44
Cyphinx,darkspear,1822,paladin,holy,103,48,55
Memnoche,frostmane,1821,paladin,holy,89,53,36
Sacbubldead,area-52,1820,paladin,holy,126,79,47
Truluck,area-52,1820,paladin,holy,111,56,55
Deadlyassian,sargeras,1819,paladin,holy,100,54,46
Fonypally,tichondrius,1815,paladin,holy,332,171,161
Scamlikely,tichondrius,1811,paladin,holy,84,45,39
Fukndibs,kiljaeden,1811,paladin,holy,172,85,87
Sd,kelthuzad,1811,paladin,holy,123,59,64
Bubblist,tichondrius,1811,paladin,holy,68,28,40
Bravepl,tichondrius,1808,paladin,holy,73,28,45
Overwhelm,muradin,1806,paladin,holy,40,22,18
Ængelic,barthilas,1803,paladin,holy,202,107,95
Dyppally,moon-guard,1803,paladin,holy,102,51,51
Wtbmana,frostmourne,1801,paladin,holy,72,39,33
Amourranth,stormrage,1785,paladin,holy,52,30,22
Airbad,tichondrius,1785,paladin,holy,53,23,30
Judgejim,barthilas,1784,paladin,holy,120,52,68
Fixyouz,mannoroth,1779,paladin,holy,52,27,25
Veejayx,tichondrius,1775,paladin,holy,44,21,23
Sde,kelthuzad,1771,paladin,holy,65,30,35
Hongwoosang,tichondrius,1770,paladin,holy,140,64,76
Zilea,kiljaeden,1768,paladin,holy,48,24,24
Sojupapi,area-52,1765,paladin,holy,90,42,48
Hps,argent-dawn,1759,paladin,holy,42,22,20
Duallkore,stormrage,1751,paladin,holy,54,26,28
Defensezone,tichondrius,1749,paladin,holy,74,36,38
Mvpj,medivh,1743,paladin,holy,135,72,63
Beyondsausag,malganis,1734,paladin,holy,53,24,29
Ihaveajob,zuluhed,1730,paladin,holy,42,23,19
Brynnhild,stormrage,1722,paladin,holy,102,55,47
Pelletbrain,emerald-dream,1719,paladin,holy,126,61,65
Dracfire,zuljin,1716,paladin,holy,33,19,14
Ddeuk,tichondrius,1716,paladin,holy,271,143,128
Softsister,tichondrius,1713,paladin,holy,42,22,20
Bpalaayo,kelthuzad,1706,paladin,holy,66,26,40
Taargaryenn,tichondrius,1701,paladin,holy,60,32,28
Richpiana,nathrezim,1697,paladin,holy,82,43,39
Fortold,bloodhoof,1692,paladin,holy,54,23,31
Virabelle,gurubashi,1690,paladin,holy,48,25,23
Landrysdad,malorne,1690,paladin,holy,48,24,24
Evylinn,burning-legion,1680,paladin,holy,120,66,54
Tenêbrae,area-52,1674,paladin,holy,52,33,19
Sàga,hyjal,1671,paladin,holy,47,26,21
Cheerleader,bleeding-hollow,1668,paladin,holy,138,62,76
Imshmackedd,darkspear,1663,paladin,holy,84,35,49
Sacridas,fizzcrank,1657,paladin,holy,36,20,16
Guerrer,hyjal,1656,paladin,holy,315,167,148
Zunit,laughing-skull,1656,paladin,holy,46,22,24
Minefujiko,tichondrius,1651,paladin,holy,353,181,172
Pallice,queldorei,1651,paladin,holy,96,43,53
Xciss,kiljaeden,1650,paladin,holy,101,46,55
Bombboyozjr,area-52,1649,paladin,holy,30,20,10
Chenzo,exodar,1649,paladin,holy,48,24,24
Hats,icecrown,1644,paladin,holy,142,67,75
Ppgddxx,azralon,1643,paladin,holy,30,18,12
Nerfretpls,area-52,1642,paladin,holy,42,20,22
Tylennis,archimonde,1641,paladin,holy,132,56,76
Dazargeros,moon-guard,1638,paladin,holy,132,66,66
Ellyarian,emerald-dream,1635,paladin,holy,42,22,20
Yuuichi,moon-guard,1634,paladin,holy,64,29,35
Deepnasty,galakrond,1632,paladin,holy,36,21,15
Enzõ,illidan,1632,paladin,holy,42,23,19
Caveyodeler,zuluhed,1620,paladin,holy,30,17,13
Ascion,tichondrius,1614,paladin,holy,119,58,61
Zergmé,executus,1610,paladin,holy,42,21,21
Jealp,sargeras,1608,paladin,holy,42,26,16
Larryhoova,malganis,1608,paladin,holy,36,20,16
Crâfty,bleeding-hollow,1608,paladin,holy,83,45,38
Gjoker,azralon,1600,paladin,holy,42,25,17
Pála,dalaran,1600,paladin,holy,158,76,82
Jiraya,nemesis,1598,paladin,holy,79,39,40
Perfect,crushridge,1597,paladin,holy,32,18,14
Wuhb,aerie-peak,1596,paladin,holy,88,44,44
Avengom,tichondrius,1596,paladin,holy,277,138,139
Saveursavior,bleeding-hollow,1595,paladin,holy,99,49,50
Boomda,tichondrius,1585,paladin,holy,62,32,30
Regivän,azralon,1575,paladin,holy,78,39,39
Pasda,frostmourne,1575,paladin,holy,53,22,31
Scoopzi,frostmourne,1570,paladin,holy,38,20,18
Teenytoots,burning-legion,1568,paladin,holy,51,19,32
Erikx,smolderthorn,1566,paladin,holy,78,44,34
Beejae,stormreaver,1565,paladin,holy,41,17,24
Hônòr,thrall,1564,paladin,holy,51,29,22
Rhunon,dalaran,1563,paladin,holy,48,23,25
Forsakenlite,sargeras,1558,paladin,holy,84,36,48
Gorgona,illidan,1551,paladin,holy,107,53,54
Crabsaladpal,illidan,1550,paladin,holy,112,62,50
Handsomedan,twisting-nether,1550,paladin,holy,54,26,28
Samaze,tichondrius,1547,paladin,holy,51,29,22
Jiberish,illidan,1543,paladin,holy,86,41,45
Solfire,stormreaver,1540,paladin,holy,56,24,32
Discordnitro,illidan,1539,paladin,holy,36,20,16
Ivan,tichondrius,1534,paladin,holy,48,17,31
Nrpzy,stormrage,1532,paladin,holy,59,31,28
Paladinaa,lothar,1529,paladin,holy,74,33,41
Galeras,norgannon,1525,paladin,holy,82,37,45
Rodrigo,frostmourne,1524,paladin,holy,69,34,35
Kidstable,nathrezim,1523,paladin,holy,70,27,43
Riptonix,stormrage,1522,paladin,holy,117,63,54
Beyönd,quelthalas,1520,paladin,holy,78,39,39
Rarth,nemesis,1519,paladin,holy,35,18,17
Bigoldman,tichondrius,1519,paladin,holy,72,37,35
Sinfolly,whisperwind,1510,paladin,holy,42,19,23
Luminainre,zuljin,1510,paladin,holy,48,21,27
Humañ,tichondrius,1507,paladin,holy,60,32,28
Raigha,stormrage,1507,paladin,holy,30,16,14
Cjqcjq,tichondrius,1507,paladin,holy,41,21,20
Kdex,tichondrius,1505,paladin,holy,84,37,47
Ageroÿ,sargeras,1503,paladin,holy,61,31,30
Doofum,stormrage,1503,paladin,holy,131,58,73
Prettylightx,kelthuzad,1500,paladin,holy,89,43,46
Rg,nerzhul,1496,paladin,holy,179,86,93
Jeromee,area-52,1496,paladin,holy,48,19,29
Lightkillerx,thrall,1494,paladin,holy,84,37,47
Ibury,quelthalas,1492,paladin,holy,101,46,55
Gospel,duskwood,1490,paladin,holy,47,23,24
Drägonmynuts,tichondrius,1488,paladin,holy,79,29,50
Handyandy,kelthuzad,1487,paladin,holy,94,50,44
Daenrahh,azralon,1487,paladin,holy,152,79,73
Allitharis,tichondrius,1486,paladin,holy,97,53,44
Dreadrot,azralon,1484,paladin,holy,46,24,22
Condone,earthen-ring,1484,paladin,holy,90,41,49
Runihaveaids,stormrage,1483,paladin,holy,77,37,40
Gazapal,thrall,1481,paladin,holy,42,25,17
Brumm,quelthalas,1481,paladin,holy,65,32,33
Wokeinator,malganis,1479,paladin,holy,163,89,74
Senorbaxter,emerald-dream,1478,paladin,holy,48,17,31
Jorik,lightbringer,1477,paladin,holy,42,20,22
Granklol,tichondrius,1476,paladin,holy,50,25,25
Percüles,sargeras,1473,paladin,holy,66,38,28
Devöut,aggramar,1473,paladin,holy,85,40,45
Judgemode,the-scryers,1468,paladin,holy,96,41,55
Xinqingle,tichondrius,1465,paladin,holy,106,50,56
Konvi,tichondrius,1464,paladin,holy,60,24,36
Sekitar,ragnaros,1462,paladin,holy,119,55,64
Cohesion,draenor,1461,paladin,holy,77,35,42
Indemnity,wildhammer,1457,paladin,holy,69,40,29
Orphandog,zuljin,1454,paladin,holy,23,16,7
Dewlight,zuljin,1454,paladin,holy,157,75,82
Amadeo,hyjal,1452,paladin,holy,65,30,35
Holyterror,dentarg,1451,paladin,holy,42,23,19
Zoeyxo,tichondrius,1448,paladin,holy,80,42,38
Noback,ragnaros,1448,paladin,holy,66,31,35
Liå,frostmourne,1447,paladin,holy,54,29,25
Kihluxo,frostmourne,1446,paladin,holy,101,56,45
Holyknight,veknilash,1446,paladin,holy,71,32,39
Sigmapepe,quelthalas,1444,paladin,holy,84,48,36
Bushÿ,tichondrius,1444,paladin,holy,88,50,38
Celsica,kelthuzad,1444,paladin,holy,90,42,48
Holyprotectr,tichondrius,1442,paladin,holy,30,17,13
Careless,malganis,1435,paladin,holy,30,15,15
Kustp,tichondrius,1428,paladin,holy,33,19,14
Mabia,tichondrius,1421,paladin,holy,215,111,104
Jpwx,barthilas,1419,paladin,holy,30,15,15
Saeranella,moon-guard,1419,paladin,holy,88,37,51
Danpros,azralon,1417,paladin,holy,66,24,42
Splashleyy,bleeding-hollow,1413,paladin,holy,30,15,15
Xuanxingchai,tichondrius,1413,paladin,holy,72,30,42
Donkeydumper,wyrmrest-accord,1407,paladin,holy,88,48,40
Wonpai,frostmourne,1406,paladin,holy,30,15,15
Gankstapwn,tichondrius,1405,paladin,holy,36,16,20
Moonmi,tichondrius,1403,paladin,holy,115,61,54
Talantyr,zuljin,1398,paladin,holy,48,23,25
Decalli,tichondrius,1391,paladin,holy,63,31,32
Nanøha,frostmourne,1391,paladin,holy,82,22,60
Anea,kelthuzad,1388,paladin,holy,32,17,15
Summercarma,area-52,1387,paladin,holy,27,15,12
Vurian,uther,1387,paladin,holy,66,28,38
Heaven,gurubashi,1382,paladin,holy,35,16,19
Leónrey,stormrage,1382,paladin,holy,45,15,30
Rezmefool,tichondrius,1377,paladin,holy,103,46,57
Nxkita,sargeras,1376,paladin,holy,36,18,18
Twck,hyjal,1374,paladin,holy,114,55,59
Lu,the-venture-co,1371,paladin,holy,34,15,19
Fiate,azralon,1370,paladin,holy,36,16,20
Therealdeal,sargeras,1362,paladin,holy,39,23,16
Holyhades,auchindoun,1360,paladin,holy,85,46,39
Danyuel,zuljin,1354,paladin,holy,56,20,36
Tiernoo,illidan,1354,paladin,holy,44,15,29
Galabanja,malganis,1350,paladin,holy,42,24,18
Hawtwangs,proudmoore,1349,paladin,holy,48,26,22
Dadcantsac,frostmourne,1348,paladin,holy,45,18,27
Flippo,sargeras,1346,paladin,holy,36,17,19
Miswalkpally,ragnaros,1342,paladin,holy,30,14,16
Holymooie,frostmourne,1341,paladin,holy,24,14,10
Choonsly,tichondrius,1339,paladin,holy,48,25,23
Hodl,barthilas,1338,paladin,holy,89,47,42
Uxe,zuljin,1338,paladin,holy,36,14,22
Xiaoladin,frostmourne,1337,paladin,holy,25,16,9
Güido,stormrage,1337,paladin,holy,42,23,19
Finerkane,quelthalas,1334,paladin,holy,138,62,76
Quertz,sargeras,1333,paladin,holy,23,15,8
Alphanerd,burning-blade,1333,paladin,holy,55,27,28
Minereth,quelthalas,1330,paladin,holy,48,24,24
Goodwood,ghostlands,1330,paladin,holy,36,16,20
Buri,tichondrius,1330,paladin,holy,42,17,25
Vitabro,bleeding-hollow,1329,paladin,holy,53,25,28
Savagegirlz,tichondrius,1329,paladin,holy,72,33,39
Uprise,chogall,1328,paladin,holy,36,17,19
Syrenz,khazgoroth,1327,paladin,holy,42,24,18
Castleknight,tichondrius,1327,paladin,holy,36,14,22
Catechism,laughing-skull,1325,paladin,holy,44,24,20
Consecrated,daggerspine,1324,paladin,holy,75,30,45
Ryhighh,sargeras,1324,paladin,holy,81,32,49
Quadrifoglio,moon-guard,1323,paladin,holy,187,93,94
Mcllovin,kiljaeden,1323,paladin,holy,60,28,32
Paladinaiko,nemesis,1322,paladin,holy,111,56,55
Zantdemption,frostmourne,1322,paladin,holy,30,15,15
Ùnholypally,jubeithos,1316,paladin,holy,71,42,29
Ozpal,burning-blade,1305,paladin,holy,38,24,14
Kriegmeister,amanthul,1305,paladin,holy,30,14,16
Santiadin,ragnaros,1304,paladin,holy,20,15,5
Sorkar,tichondrius,1301,paladin,holy,129,66,63
Affrika,ysondre,1298,paladin,holy,86,44,42
Ironpaladin,sargeras,1297,paladin,holy,90,39,51
Sinay,azshara,1296,paladin,holy,34,22,12
Röniin,ragnaros,1295,paladin,holy,178,94,84
Jestiny,amanthul,1290,paladin,holy,49,28,21
Errant,bonechewer,1285,paladin,holy,47,27,20
Negodoskate,nemesis,1282,paladin,holy,159,79,80
Tandury,tichondrius,1277,paladin,holy,42,22,20
Vithar,bleeding-hollow,1276,paladin,holy,98,47,51
Malakor,thrall,1274,paladin,holy,45,22,23
Merll,ragnaros,1265,paladin,holy,115,55,60
Pallin,sargeras,1264,paladin,holy,90,41,49
Quarall,blackhand,1263,paladin,holy,52,25,27
Salipally,dalaran,1258,paladin,holy,101,46,55
Thorfinaa,moon-guard,1257,paladin,holy,23,14,9
Holysplonk,stonemaul,1255,paladin,holy,72,30,42
Wukongsunn,dalaran,1251,paladin,holy,30,14,16
Brenenk,quelthalas,1247,paladin,holy,59,28,31
Colbroggins,crushridge,1246,paladin,holy,36,18,18
Mayru,ragnaros,1245,paladin,holy,24,13,11
Bubblepigo,tichondrius,1243,paladin,holy,36,22,14
Sologriefer,sargeras,1242,paladin,holy,30,13,17
Scarlet,skywall,1241,paladin,holy,30,13,17
Undefeatæd,korgath,1238,paladin,holy,36,18,18
Barbaluzz,quelthalas,1236,paladin,holy,93,46,47
Kristienna,boulderfist,1236,paladin,holy,35,16,19
Cbm,tichondrius,1235,paladin,holy,23,14,9
Dimior,quelthalas,1235,paladin,holy,30,15,15
Kencyxx,tichondrius,1233,paladin,holy,30,13,17
Oldgrumpster,stormrage,1232,paladin,holy,81,37,44
Bubblebuddyx,tichondrius,1231,paladin,holy,29,13,16
Aoishie,bleeding-hollow,1229,paladin,holy,84,38,46
Justizz,vashj,1228,paladin,holy,65,35,30
Enuug,malfurion,1226,paladin,holy,42,23,19
Mundomaloo,quelthalas,1226,paladin,holy,59,31,28
Crocfacex,tichondrius,1226,paladin,holy,46,18,28
Elizzabeth,skullcrusher,1220,paladin,holy,35,21,14
Ramspartan,drakkari,1218,paladin,holy,106,52,54
Bárdokø,ragnaros,1215,paladin,holy,42,21,21
Boarfarmer,tichondrius,1215,paladin,holy,81,35,46
Saffranzord,azralon,1214,paladin,holy,73,35,38
Kamaelyn,proudmoore,1211,paladin,holy,127,65,62
Diebeatus,zuljin,1210,paladin,holy,42,18,24
Hóbbs,trollbane,1210,paladin,holy,95,35,60
Capedcrusade,area-52,1208,paladin,holy,24,13,11
Yérn,barthilas,1208,paladin,holy,42,15,27
Deepsearide,illidan,1207,paladin,holy,48,26,22
Mörphêus,tichondrius,1197,paladin,holy,54,30,24
Encantado,thrall,1196,paladin,holy,31,15,16
Shorthordeon,kelthuzad,1194,paladin,holy,54,30,24
Dbolpala,frostmourne,1192,paladin,holy,48,26,22
Holyredx,bleeding-hollow,1184,paladin,holy,78,40,38
Sixtynine,nathrezim,1180,paladin,holy,78,35,43
Dawnhammer,mugthol,1178,paladin,holy,36,19,17
Myrthedara,kargath,1178,paladin,holy,33,16,17
Hawianbread,stormrage,1174,paladin,holy,24,13,11
Hammercy,tichondrius,1169,paladin,holy,55,30,25
Solanin,frostmourne,1169,paladin,holy,51,26,25
Coltlocks,sargeras,1168,paladin,holy,36,14,22
Ziggzag,hyjal,1155,paladin,holy,66,29,37
Onecmpeter,kelthuzad,1152,paladin,holy,67,38,29
Htmlar,tichondrius,1152,paladin,holy,33,14,19
Dwarrior,quelthalas,1151,paladin,holy,24,12,12
Colepal,zuljin,1151,paladin,holy,30,12,18
Dageraad,tichondrius,1150,paladin,holy,24,12,12
Boxjang,tichondrius,1149,paladin,holy,24,12,12
Dodgeandhoj,nerzhul,1147,paladin,holy,24,12,12
Kevinthecube,nerzhul,1146,paladin,holy,18,12,6
Bubblebooty,drakthul,1146,paladin,holy,48,30,18
Renteria,sargeras,1144,paladin,holy,24,12,12
Kënsi,quelthalas,1141,paladin,holy,134,68,66
Dazztrain,barthilas,1139,paladin,holy,24,12,12
Exxin,turalyon,1139,paladin,holy,90,40,50
Shocka,norgannon,1138,paladin,holy,84,47,37
Flareous,moon-guard,1138,paladin,holy,30,12,18
Crüst,proudmoore,1135,paladin,holy,24,12,12
Toroke,nemesis,1133,paladin,holy,42,23,19
Whangsta,tichondrius,1131,paladin,holy,24,12,12
Toesy,area-52,1128,paladin,holy,46,17,29
Dóminos,quelthalas,1127,paladin,holy,24,12,12
Stompcomp,tichondrius,1127,paladin,holy,59,29,30
Maeyz,sargeras,1126,paladin,holy,36,12,24
Kentö,area-52,1123,paladin,holy,30,14,16
Balanoriaa,azralon,1122,paladin,holy,50,24,26
Faileeria,malganis,1121,paladin,holy,24,16,8
Darkbringer,frostmourne,1121,paladin,holy,24,12,12
Bonz,ragnaros,1121,paladin,holy,24,12,12
Biwi,zuljin,1115,paladin,holy,61,25,36
Chopsparks,khadgar,1109,paladin,holy,92,43,49
Acori,azralon,1108,paladin,holy,39,18,21
Zowolf,quelthalas,1107,paladin,holy,47,24,23
Daik,proudmoore,1105,paladin,holy,18,12,6
Lovehan,tichondrius,1103,paladin,holy,27,12,15
Holysols,zuljin,1102,paladin,holy,24,12,12
Swordstrikes,tichondrius,1096,paladin,holy,23,12,11
Rykeran,warsong,1088,paladin,holy,72,43,29
Lobõ,ragnaros,1086,paladin,holy,48,18,30
Maín,tichondrius,1085,paladin,holy,22,12,10
Liadrin,sentinels,1085,paladin,holy,29,12,17
Teloniow,quelthalas,1084,paladin,holy,38,19,19
Spikele,barthilas,1079,paladin,holy,30,13,17
Vasar,tichondrius,1070,paladin,holy,19,13,6
Lycheelz,illidan,1064,paladin,holy,48,26,22
Unworn,proudmoore,1064,paladin,holy,36,17,19
Vidalia,barthilas,1062,paladin,holy,23,12,11
Buckybarnes,gorefiend,1060,paladin,holy,36,23,13
Hivers,stormrage,1059,paladin,holy,42,18,24
Overthrrow,kelthuzad,1058,paladin,holy,107,55,52
Mèdic,illidan,1057,paladin,holy,62,34,28
Burgalveist,azgalor,1056,paladin,holy,19,12,7
Odriew,sargeras,1056,paladin,holy,18,11,7
Bushys,tichondrius,1055,paladin,holy,18,11,7
Waifu,area-52,1055,paladin,holy,18,11,7
Rajava,gallywix,1054,paladin,holy,42,22,20
Wonpaiv,frostmourne,1054,paladin,holy,23,11,12
Aldrion,stormrage,1054,paladin,holy,24,11,13
Amiigo,tichondrius,1052,paladin,holy,24,11,13
Malakk,zuljin,1051,paladin,holy,47,25,22
Ramhammerz,sargeras,1051,paladin,holy,54,23,31
Kolmourn,deathwing,1048,paladin,holy,30,11,19
Ëd,moon-guard,1045,paladin,holy,129,62,67
Oralen,daggerspine,1044,paladin,holy,24,11,13
Hybbo,runetotem,1042,paladin,holy,24,12,12
Mcduss,proudmoore,1037,paladin,holy,18,11,7
Sinara,detheroc,1037,paladin,holy,90,39,51
Jacobhowda,tichondrius,1037,paladin,holy,30,11,19
Lukas,vashj,1033,paladin,holy,95,46,49
Va,onyxia,1029,paladin,holy,54,26,28
Ahundo,stonemaul,1022,paladin,holy,35,18,17
Center,ragnaros,1022,paladin,holy,23,11,12
Iamholyman,dragonmaw,1014,paladin,holy,29,14,15
Vamir,magtheridon,1014,paladin,holy,30,13,17
Ihr,kiljaeden,1013,paladin,holy,63,28,35
Jazzmatic,dalaran,1012,paladin,holy,23,11,12
Minouther,area-52,1012,paladin,holy,48,17,31
Palaadiin,sargeras,1009,paladin,holy,36,18,18
Nugsbunne,tichondrius,1008,paladin,holy,104,42,62
Paulx,malganis,999,paladin,holy,75,40,35
Gigadunker,tichondrius,999,paladin,holy,29,13,16
Kaina,wildhammer,999,paladin,holy,41,16,25
Chewiipal,dalaran,995,paladin,holy,15,12,3
Fuzed,frostmourne,990,paladin,holy,129,65,64
Agravaine,moon-guard,986,paladin,holy,23,11,12
Ckemosabe,emerald-dream,985,paladin,holy,32,11,21
Adventholy,tichondrius,970,paladin,holy,36,15,21
Photons,emerald-dream,966,paladin,holy,24,13,11
Varenka,stormrage,964,paladin,holy,29,12,17
Hammerabi,moon-guard,963,paladin,holy,21,13,8
Thoryin,tichondrius,960,paladin,holy,12,10,2
Síríús,malganis,960,paladin,holy,15,11,4
Censy,tichondrius,960,paladin,holy,18,10,8
Lavarball,tichondrius,960,paladin,holy,30,10,20
Kencyz,tichondrius,959,paladin,holy,18,10,8
Bërzerk,zuluhed,959,paladin,holy,30,10,20
Omfgitsyang,tichondrius,958,paladin,holy,12,10,2
Harryhui,tichondrius,958,paladin,holy,18,10,8
Klam,kelthuzad,958,paladin,holy,24,10,14
Droopyz,quelthalas,957,paladin,holy,24,10,14
Avahir,moon-guard,956,paladin,holy,24,10,14
Raenilil,area-52,955,paladin,holy,30,12,18
Gotomars,tichondrius,955,paladin,holy,30,10,20
Dragonchaos,ragnaros,953,paladin,holy,27,11,16
Motoa,stormrage,951,paladin,holy,18,10,8
Lilfingered,malganis,951,paladin,holy,18,10,8
Sventyn,frostmourne,951,paladin,holy,25,11,14
Starfaith,illidan,951,paladin,holy,49,15,34
Jaenus,azralon,946,paladin,holy,30,10,20
Nikopala,tichondrius,945,paladin,holy,18,10,8
Tolliver,area-52,944,paladin,holy,18,11,7
Sloppybobby,zuljin,940,paladin,holy,18,10,8
Shâka,stormrage,940,paladin,holy,33,17,16
Snnow,stormrage,938,paladin,holy,24,15,9
Eradrae,mannoroth,933,paladin,holy,18,10,8
Saìdelia,moon-guard,929,paladin,holy,71,24,47
Colombía,illidan,928,paladin,holy,48,21,27
Sutadansa,doomhammer,921,paladin,holy,49,24,25
Svitanie,bleeding-hollow,909,paladin,holy,62,28,34
Odiinn,stormscale,906,paladin,holy,27,10,17
Grumpybubble,sargeras,905,paladin,holy,19,11,8
Thaedrun,hydraxis,896,paladin,holy,54,26,28
Fedpowell,tichondrius,894,paladin,holy,23,10,13
Monad,nazjatar,893,paladin,holy,36,15,21
Shananakin,azshara,892,paladin,holy,29,13,16
Huijji,illidan,891,paladin,holy,18,11,7
Gênji,eldrethalas,890,paladin,holy,48,16,32
Zakh,proudmoore,882,paladin,holy,26,11,15
Sovice,illidan,864,paladin,holy,12,9,3
Bobthemad,proudmoore,864,paladin,holy,12,9,3
Trâshcårt,sargeras,864,paladin,holy,12,9,3
Rachaelucky,malganis,864,paladin,holy,18,9,9
Deadry,ysera,864,paladin,holy,18,9,9
Zilzag,moon-guard,864,paladin,holy,23,9,14
Diamondwater,tichondrius,864,paladin,holy,24,9,15
Bopbotx,area-52,864,paladin,holy,31,9,22
Superzero,area-52,863,paladin,holy,12,9,3
Kusotarão,nemesis,861,paladin,holy,18,9,9
Chånïng,frostmourne,859,paladin,holy,24,9,15
Pheriox,agamaggan,858,paladin,holy,18,9,9
Spamsalot,malganis,857,paladin,holy,24,9,15
Holyiseasy,alleria,853,paladin,holy,29,11,18
Nedorshock,stormrage,853,paladin,holy,24,9,15
Maalik,thrall,844,paladin,holy,18,9,9
Ascension,amanthul,826,paladin,holy,114,39,75
Bainn,nerzhul,822,paladin,holy,73,31,42
Psychorino,tichondrius,813,paladin,holy,21,9,12
Nea,argent-dawn,808,paladin,holy,47,16,31
Praisin,zuljin,805,paladin,holy,18,9,9
Maleguz,azralon,797,paladin,holy,22,9,13
Nualrossan,veknilash,776,paladin,holy,42,14,28
Stephon,area-52,768,paladin,holy,12,8,4
Alkyna,kelthuzad,768,paladin,holy,12,8,4
Swellowsx,tichondrius,768,paladin,holy,12,8,4
Twichy,tichondrius,768,paladin,holy,12,8,4
Kensyzs,tichondrius,768,paladin,holy,18,8,10
Artús,ragnaros,768,paladin,holy,18,8,10
Blarr,azshara,768,paladin,holy,24,8,16
Blessthfall,bleeding-hollow,768,paladin,holy,36,8,28
Mhera,sargeras,767,paladin,holy,12,8,4
Bestpally,alterac-mountains,767,paladin,holy,12,8,4
Nume,nesingwary,767,paladin,holy,12,8,4
Usebandage,sargeras,767,paladin,holy,12,8,4
Palapoxi,arygos,767,paladin,holy,18,8,10
Trancelancer,kelthuzad,767,paladin,holy,18,8,10
Wonpai,barthilas,767,paladin,holy,18,8,10
Tigranes,proudmoore,767,paladin,holy,18,8,10
Miniweiner,proudmoore,767,paladin,holy,18,8,10
Wálker,ragnaros,767,paladin,holy,18,8,10
Jordenz,bonechewer,767,paladin,holy,18,8,10
Caike,frostmourne,766,paladin,holy,12,8,4
Notdjalex,zuljin,766,paladin,holy,12,8,4
Hruuhwa,wyrmrest-accord,766,paladin,holy,12,8,4
Bebebig,tichondrius,766,paladin,holy,12,8,4
Thonar,stormrage,765,paladin,holy,12,8,4
Revenere,tichondrius,765,paladin,holy,36,8,28
Elogant,mannoroth,764,paladin,holy,12,8,4
Grumpy,the-forgotten-coast,764,paladin,holy,12,8,4
Mawning,kelthuzad,764,paladin,holy,15,9,6
Pambam,thrall,763,paladin,holy,18,9,9
Doidyph,frostmourne,761,paladin,holy,18,8,10
Randuir,proudmoore,760,paladin,holy,18,8,10
Cowladino,tichondrius,760,paladin,holy,24,8,16
Clehley,turalyon,760,paladin,holy,24,8,16
Vaalbara,fizzcrank,757,paladin,holy,18,8,10
Blacktemplar,area-52,755,paladin,holy,18,8,10
Darkwingdad,illidan,752,paladin,holy,33,13,20
Willycrow,nordrassil,740,paladin,holy,18,8,10
Mirotchburns,illidan,724,paladin,holy,16,9,7
Stemi,kelthuzad,712,paladin,holy,29,8,21
Shxz,illidan,672,paladin,holy,12,7,5
Ilovecanada,sargeras,672,paladin,holy,12,7,5
Xiaoholy,barthilas,672,paladin,holy,12,7,5
Bubblet,bleeding-hollow,672,paladin,holy,12,7,5
Busdid,sargeras,672,paladin,holy,12,7,5
Boundric,emerald-dream,672,paladin,holy,12,7,5
Imsuffering,zuljin,672,paladin,holy,12,7,5
Crinject,sargeras,672,paladin,holy,12,7,5
Everrlasting,tichondrius,672,paladin,holy,12,7,5
Oîn,area-52,672,paladin,holy,12,7,5
Lightswitchx,stormrage,672,paladin,holy,12,7,5
Loganholy,tichondrius,672,paladin,holy,12,7,5
Aulty,sargeras,672,paladin,holy,12,7,5
Orekilol,stormrage,672,paladin,holy,18,7,11
Stompedlawl,illidan,672,paladin,holy,24,7,17
Boraz,bleeding-hollow,672,paladin,holy,36,7,29
Lördnextdoor,tichondrius,671,paladin,holy,12,7,5
Doktavius,lightbringer,671,paladin,holy,12,7,5
Evanlina,bleeding-hollow,671,paladin,holy,12,7,5
Animal,korialstrasz,671,paladin,holy,12,7,5
Loguto,stormrage,671,paladin,holy,18,7,11
Virkas,area-52,671,paladin,holy,18,7,11
Korvén,area-52,670,paladin,holy,12,7,5
Holodecoy,bleeding-hollow,670,paladin,holy,12,7,5
Yadiyadiyada,barthilas,670,paladin,holy,12,7,5
Tyriam,stormscale,670,paladin,holy,12,7,5
Paladam,burning-blade,670,paladin,holy,18,7,11
Pluto,the-underbog,669,paladin,holy,12,7,5
Saxmurderz,tichondrius,669,paladin,holy,12,7,5
Røusseff,azralon,669,paladin,holy,18,7,11
Stationarity,frostmourne,669,paladin,holy,18,7,11
Kimahri,anvilmar,669,paladin,holy,36,7,29
Maldobarr,stormrage,668,paladin,holy,18,7,11
Swazanaseger,frostmourne,668,paladin,holy,18,7,11
Cephadrome,proudmoore,667,paladin,holy,12,7,5
Resio,illidan,667,paladin,holy,18,7,11
Bangerzzx,sargeras,663,paladin,holy,18,7,11
Joeboomers,tichondrius,663,paladin,holy,18,7,11
Snowdawg,blackhand,654,paladin,holy,24,7,17
Emojunz,ragnaros,638,paladin,holy,11,7,4
Mycow,tichondrius,638,paladin,holy,17,7,10
Molki,tichondrius,617,paladin,holy,18,8,10
Mojiberus,wyrmrest-accord,606,paladin,holy,14,7,7
Turnevil,wyrmrest-accord,591,paladin,holy,19,7,12
Wonpait,frostmourne,576,paladin,holy,9,7,2
Catharsis,tichondrius,576,paladin,holy,12,6,6
Zenkk,sargeras,576,paladin,holy,12,6,6
Squarehammer,blackrock,576,paladin,holy,12,6,6
Glørythrives,tichondrius,576,paladin,holy,12,6,6
Zakath,the-underbog,576,paladin,holy,12,6,6
Dequincy,tichondrius,576,paladin,holy,12,6,6
Sensible,sargeras,576,paladin,holy,12,6,6
Amadin,winterhoof,576,paladin,holy,12,6,6
Tolentino,elune,576,paladin,holy,12,6,6
Fadiez,sargeras,576,paladin,holy,12,6,6
Caitthegreat,malorne,576,paladin,holy,12,6,6
Madorian,bleeding-hollow,576,paladin,holy,18,6,12
Kelosia,bonechewer,576,paladin,holy,18,6,12
Remibear,tichondrius,576,paladin,holy,18,6,12
Lickmysacx,tichondrius,576,paladin,holy,18,6,12
Barcie,lothar,576,paladin,holy,24,6,18
Acpally,tichondrius,576,paladin,holy,24,6,18
Santiagolol,ragnaros,576,paladin,holy,24,6,18
Gorilla,kiljaeden,576,paladin,holy,36,6,30
Athanaiëll,proudmoore,575,paladin,holy,6,6,0
Leatherfase,dalaran,575,paladin,holy,12,6,6
Cassiel,barthilas,575,paladin,holy,12,6,6
Kipow,proudmoore,575,paladin,holy,12,6,6
Hojadin,area-52,575,paladin,holy,18,6,12
Sixthycent,kiljaeden,574,paladin,holy,12,6,6
Hitsilent,warsong,574,paladin,holy,12,6,6
Belmonte,greymane,574,paladin,holy,12,6,6
Ahsys,tichondrius,574,paladin,holy,18,6,12
Kilion,illidan,574,paladin,holy,18,6,12
Ducii,stormrage,571,paladin,holy,18,6,12
Cloûd,tichondrius,570,paladin,holy,13,6,7
Maplleafs,kelthuzad,560,paladin,holy,24,6,18
Fayernaa,proudmoore,557,paladin,holy,10,7,3
Powtilted,thrall,543,paladin,holy,11,6,5
Redpally,emerald-dream,543,paladin,holy,16,6,10
Møcha,moon-guard,542,paladin,holy,14,7,7
Eboi,daggerspine,542,paladin,holy,26,7,19
Kbot,zuljin,528,paladin,holy,9,6,3
Dispirit,the-forgotten-coast,523,paladin,holy,11,6,5
Mfn,tichondrius,522,paladin,holy,12,7,5
Theebus,tichondrius,522,paladin,holy,23,7,16
Granitei,quelthalas,521,paladin,holy,15,7,8
Mianheyo,quelthalas,521,paladin,holy,20,8,12
Biggestkritz,frostmourne,511,paladin,holy,14,6,8
Trivana,durotan,496,paladin,holy,7,6,1
Holythunderx,tichondrius,496,paladin,holy,19,6,13
Kritzyx,stormrage,480,paladin,holy,6,5,1
Dlt,frostmourne,480,paladin,holy,6,5,1
Thejustices,tichondrius,480,paladin,holy,6,5,1
Hzo,tichondrius,480,paladin,holy,6,5,1
Zenastra,moon-guard,480,paladin,holy,6,5,1
Badboí,azralon,480,paladin,holy,6,5,1
Zanduncy,stormrage,480,paladin,holy,6,5,1
Bopthebomb,sargeras,480,paladin,holy,6,5,1
Gareyn,moon-guard,480,paladin,holy,12,5,7
Fartburger,saurfang,480,paladin,holy,12,5,7
Trycider,lightninghoof,480,paladin,holy,12,5,7
Hamen,frostwolf,480,paladin,holy,12,5,7
Twoshockz,stormrage,480,paladin,holy,12,5,7
Tèhflip,tichondrius,480,paladin,holy,12,5,7
Garethorne,illidan,480,paladin,holy,12,5,7
Airbusx,tichondrius,480,paladin,holy,12,5,7
Lyticmartyr,bleeding-hollow,480,paladin,holy,12,5,7
Inmortall,illidan,480,paladin,holy,12,5,7
Beila,illidan,480,paladin,holy,12,5,7
Velline,tichondrius,480,paladin,holy,12,5,7
Sprjustice,frostmourne,480,paladin,holy,12,5,7
Mightypally,area-52,480,paladin,holy,12,5,7
Adrizzyx,barthilas,480,paladin,holy,12,5,7
Vaerume,sargeras,480,paladin,holy,12,5,7
Chunzhangsqs,tichondrius,480,paladin,holy,12,5,7
Zhangliyi,tichondrius,480,paladin,holy,12,5,7
Zero,anetheron,480,paladin,holy,12,5,7
Bíteme,sargeras,480,paladin,holy,15,6,9
Trevmagoosey,tichondrius,480,paladin,holy,18,5,13
Ricopal,frostmourne,480,paladin,holy,18,5,13
Chrisgrin,malganis,480,paladin,holy,18,5,13
Bubbleosèven,tichondrius,479,paladin,holy,6,5,1
Loabandit,malorne,479,paladin,holy,12,5,7
Gyle,stormrage,479,paladin,holy,12,5,7
Goksuu,ragnaros,479,paladin,holy,12,5,7
Tankgreed,quelthalas,479,paladin,holy,12,5,7
Holyshasha,tichondrius,479,paladin,holy,12,5,7
Moogmodular,malganis,479,paladin,holy,18,5,13
Meistyr,thrall,479,paladin,holy,18,5,13
Boiducéu,azralon,478,paladin,holy,12,5,7
Yobnai,zuljin,478,paladin,holy,12,5,7
Sovereignt,aggramar,477,paladin,holy,12,5,7
Chaós,queldorei,476,paladin,holy,12,5,7
Redentor,dalaran,473,paladin,holy,12,5,7
Parts,aerie-peak,468,paladin,holy,30,5,25
Fleshoflíght,azjolnerub,463,paladin,holy,11,5,6
Toastedheals,stormreaver,463,paladin,holy,17,5,12
Blancaflór,ragnaros,447,paladin,holy,11,5,6
Xöchïqüëtzäl,tichondrius,447,paladin,holy,11,5,6
Ziggerqt,stormrage,432,paladin,holy,15,5,10
Paladinomoto,sargeras,430,paladin,holy,11,5,6
Nivie,moon-guard,430,paladin,holy,15,5,10
Rashell,garrosh,426,paladin,holy,16,7,9
Retribution,mannoroth,426,paladin,holy,23,6,17
Monts,azralon,425,paladin,holy,20,7,13
Ziti,bonechewer,415,paladin,holy,8,5,3
Cyandra,moon-guard,400,paladin,holy,7,5,2
Neurôtoxins,frostmourne,384,paladin,holy,6,4,2
Decree,rexxar,384,paladin,holy,6,4,2
Holyramen,illidan,384,paladin,holy,6,4,2
Holywoof,agamaggan,384,paladin,holy,6,4,2
Kigz,illidan,384,paladin,holy,6,4,2
Cheers,garona,384,paladin,holy,6,4,2
Dumpytrucks,sargeras,384,paladin,holy,6,4,2
Repèntance,stormrage,384,paladin,holy,6,4,2
Immensepower,tichondrius,384,paladin,holy,6,4,2
Leddie,stormrage,384,paladin,holy,6,4,2
Arleos,mannoroth,384,paladin,holy,6,4,2
Ohthatguy,sargeras,384,paladin,holy,6,4,2
Lightwerk,frostmourne,384,paladin,holy,6,4,2
Icac,stormrage,384,paladin,holy,6,4,2
Thin,ragnaros,384,paladin,holy,6,4,2
Rc,tichondrius,384,paladin,holy,6,4,2
Ladanthal,barthilas,384,paladin,holy,6,4,2
Eladore,hakkar,384,paladin,holy,6,4,2
Respect,black-dragonflight,384,paladin,holy,6,4,2
Waldir,silver-hand,384,paladin,holy,12,4,8
Nikkixo,ysera,384,paladin,holy,12,4,8
Bigtimepali,tichondrius,384,paladin,holy,12,4,8
Nerfrets,stormrage,384,paladin,holy,12,4,8
Emilywilis,sargeras,384,paladin,holy,12,4,8
Daflash,emerald-dream,384,paladin,holy,12,4,8
Ajlol,thrall,384,paladin,holy,12,4,8
Wangzu,wildhammer,384,paladin,holy,12,4,8
Bighardshock,aggramar,384,paladin,holy,12,4,8
Lesauceboss,tichondrius,384,paladin,holy,12,4,8
Footjob,baelgun,384,paladin,holy,12,4,8
Devsrdumb,bonechewer,384,paladin,holy,12,4,8
Shoppee,jubeithos,384,paladin,holy,12,4,8
Swolsus,illidan,384,paladin,holy,12,4,8
Nontheism,malganis,384,paladin,holy,12,4,8
Bloodangelz,sargeras,384,paladin,holy,18,4,14
Caobobby,tichondrius,384,paladin,holy,18,4,14
Kaminasol,quelthalas,384,paladin,holy,18,4,14
Mikeawk,tichondrius,384,paladin,holy,24,4,20
Holyflux,winterhoof,383,paladin,holy,6,4,2
Vorex,ragnaros,383,paladin,holy,12,4,8
Lightbeard,feathermoon,383,paladin,holy,12,4,8
Lunchmoney,aggramar,383,paladin,holy,12,4,8
Akromma,drakkari,383,paladin,holy,12,4,8
Mitshuki,ragnaros,383,paladin,holy,12,4,8
Thulamon,zuljin,383,paladin,holy,12,4,8
Anjøs,azralon,383,paladin,holy,18,4,14
Alyosya,barthilas,383,paladin,holy,24,4,20
Imajeala,thrall,382,paladin,holy,6,4,2
Unsungherø,skywall,382,paladin,holy,6,4,2
Inarit,thrall,382,paladin,holy,18,4,14
Jaok,tichondrius,381,paladin,holy,15,5,10
Rustacian,area-52,380,paladin,holy,12,4,8
Orleenz,zuljin,379,paladin,holy,12,4,8
Heniou,tichondrius,351,paladin,holy,11,4,7
Gnomeslapper,frostmourne,351,paladin,holy,11,4,7
Aärøn,stormrage,351,paladin,holy,11,4,7
Tarnak,kelthuzad,336,paladin,holy,15,4,11
Veeve,emerald-dream,304,paladin,holy,7,4,3
Nulric,moon-guard,304,paladin,holy,13,4,9
Miggsy,stormrage,288,paladin,holy,6,3,3
Hálløwéð,firetree,288,paladin,holy,6,3,3
Lamas,kelthuzad,288,paladin,holy,6,3,3
Nipon,stormrage,288,paladin,holy,6,3,3
Archerxx,ragnaros,288,paladin,holy,6,3,3
Vëlar,tichondrius,288,paladin,holy,6,3,3
Bakoø,tichondrius,288,paladin,holy,6,3,3
Zacháry,sargeras,288,paladin,holy,6,3,3
Aduhrawl,moon-guard,288,paladin,holy,6,3,3
Dayatthespa,stormrage,288,paladin,holy,6,3,3
Mileihot,quelthalas,288,paladin,holy,6,3,3
Alîcë,wyrmrest-accord,288,paladin,holy,6,3,3
Botburger,stormrage,288,paladin,holy,6,3,3
Hughmyron,stormrage,288,paladin,holy,6,3,3
Schwârts,blackrock,288,paladin,holy,6,3,3
Twodkittyy,kelthuzad,288,paladin,holy,6,3,3
Mindfoolness,sargeras,288,paladin,holy,6,3,3
Kaleroenin,cenarius,288,paladin,holy,6,3,3
Hazkal,sargeras,288,paladin,holy,6,3,3
Luxsit,tichondrius,288,paladin,holy,6,3,3
Laythoz,hyjal,288,paladin,holy,6,3,3
Beerüs,crushridge,288,paladin,holy,6,3,3
Loyantal,tichondrius,288,paladin,holy,6,3,3
Leronos,zuljin,288,paladin,holy,6,3,3
Odinns,proudmoore,288,paladin,holy,6,3,3
Palqq,tichondrius,288,paladin,holy,6,3,3
Clare,burning-blade,288,paladin,holy,6,3,3
Vajuicy,dalaran,288,paladin,holy,6,3,3
Kharissia,proudmoore,288,paladin,holy,6,3,3
Repgodx,illidan,288,paladin,holy,6,3,3
Holysheesh,cenarion-circle,288,paladin,holy,6,3,3
Lànd,tichondrius,288,paladin,holy,6,3,3
Holzinger,quelthalas,288,paladin,holy,6,3,3
Whitekao,illidan,288,paladin,holy,6,3,3
Paintthinner,frostmourne,288,paladin,holy,6,3,3
Sevenword,tichondrius,288,paladin,holy,6,3,3
Lachaple,illidan,288,paladin,holy,6,3,3
Wonpæi,frostmourne,288,paladin,holy,6,3,3
Mamothman,barthilas,288,paladin,holy,9,4,5
Prâytorian,illidan,288,paladin,holy,12,3,9
Judgynomnom,the-underbog,288,paladin,holy,12,3,9
Haldry,wyrmrest-accord,288,paladin,holy,12,3,9
Yanggongru,sargeras,288,paladin,holy,12,3,9
Dartherion,shandris,288,paladin,holy,12,3,9
Onlycams,sargeras,288,paladin,holy,12,3,9
Tig,alleria,288,paladin,holy,12,3,9
Dráugus,azralon,288,paladin,holy,12,3,9
Marleigh,kelthuzad,288,paladin,holy,12,3,9
Hemmyr,deathwing,288,paladin,holy,12,3,9
Zayiro,eonar,288,paladin,holy,12,3,9
Alogagain,frostmourne,288,paladin,holy,18,3,15
Flarisic,kelthuzad,288,paladin,holy,18,3,15
Mathalt,area-52,288,paladin,holy,18,3,15
Hugokpz,quelthalas,288,paladin,holy,18,3,15
Valandiel,proudmoore,288,paladin,holy,20,3,17
Holyslapz,nazjatar,287,paladin,holy,6,3,3
Bullivan,sisters-of-elune,287,paladin,holy,12,3,9
Schnabdain,exodar,285,paladin,holy,18,3,15
Ryuzu,arathor,256,paladin,holy,4,4,0
Antivaxer,frostmourne,255,paladin,holy,11,3,8
Iradruidz,tichondrius,255,paladin,holy,11,3,8
Itheternal,dalaran,234,paladin,holy,9,4,5
Toonchies,barthilas,192,paladin,holy,6,2,4
Flexxborn,thrall,192,paladin,holy,6,2,4
Gnomesexer,illidan,192,paladin,holy,6,2,4
Regivan,nemesis,192,paladin,holy,6,2,4
Raywhite,kelthuzad,192,paladin,holy,6,2,4
Jastella,illidan,192,paladin,holy,6,2,4
Svane,thunderlord,192,paladin,holy,6,2,4
Goldirock,quelthalas,192,paladin,holy,6,2,4
Romaztlan,area-52,192,paladin,holy,6,2,4
Chinaballoon,moonrunner,192,paladin,holy,6,2,4
Stormwinter,azralon,192,paladin,holy,6,2,4
Hitabull,hyjal,192,paladin,holy,6,2,4
Lørdthemar,azralon,192,paladin,holy,6,2,4
Razzypal,sargeras,192,paladin,holy,6,2,4
Lazydin,tichondrius,192,paladin,holy,6,2,4
Gilazhar,eldrethalas,192,paladin,holy,6,2,4
Elchupalibre,tichondrius,192,paladin,holy,6,2,4
Traumaboy,terenas,192,paladin,holy,6,2,4
Bakapal,tichondrius,192,paladin,holy,6,2,4
Antoniano,ragnaros,192,paladin,holy,6,2,4
Davinity,senjin,192,paladin,holy,6,2,4
Turnipfãrmer,tichondrius,192,paladin,holy,6,2,4
Sainttom,sargeras,192,paladin,holy,6,2,4
Smôres,sargeras,192,paladin,holy,6,2,4
Rawpaladin,blackrock,192,paladin,holy,6,2,4
Zhula,nerzhul,192,paladin,holy,6,2,4
Saphri,kiljaeden,192,paladin,holy,6,2,4
Borngood,tichondrius,192,paladin,holy,6,2,4
Mangchì,tichondrius,192,paladin,holy,6,2,4
Raiel,aegwynn,192,paladin,holy,6,2,4
Naxzero,shadowsong,192,paladin,holy,8,2,6
Anderentonso,tichondrius,192,paladin,holy,9,2,7
Cutebtw,zuljin,192,paladin,holy,12,2,10
Trojani,malganis,192,paladin,holy,12,2,10
Juuzou,turalyon,192,paladin,holy,12,2,10
Einheilagr,stormrage,192,paladin,holy,12,2,10
Willywønka,azgalor,192,paladin,holy,12,2,10
Carmiínha,azralon,192,paladin,holy,12,2,10
Gavril,kirin-tor,192,paladin,holy,12,2,10
Levarious,thunderlord,192,paladin,holy,12,2,10
Milkovir,quelthalas,192,paladin,holy,18,2,16
Shoresy,terokkar,192,paladin,holy,18,2,16
Prh,frostmourne,191,paladin,holy,6,2,4
Arobelse,sargeras,191,paladin,holy,12,2,10
Shkafell,ragnaros,159,paladin,holy,5,2,3
Ashera,amanthul,159,paladin,holy,14,3,11
Itsoverninek,emerald-dream,159,paladin,holy,17,2,15
Whitedozer,darkspear,138,paladin,holy,10,4,6
Myû,korgath,112,paladin,holy,7,2,5
Luxs,tichondrius,96,paladin,holy,6,1,5
Zwilliam,frostmourne,96,paladin,holy,6,1,5
Mfpink,thrall,96,paladin,holy,6,1,5
Evilpallie,illidan,96,paladin,holy,6,1,5
Krypton,tichondrius,96,paladin,holy,6,1,5
Timeparadox,illidan,96,paladin,holy,6,1,5
Elronda,malganis,96,paladin,holy,6,1,5
Nikxx,tichondrius,96,paladin,holy,6,1,5
Tetulia,quelthalas,96,paladin,holy,6,1,5
Purdicks,emerald-dream,96,paladin,holy,6,1,5
Wrekster,tichondrius,96,paladin,holy,6,1,5
Ploppers,sargeras,96,paladin,holy,6,1,5
Tfcpaladin,the-forgotten-coast,96,paladin,holy,6,1,5
Arturias,kiljaeden,96,paladin,holy,6,1,5
Lgbtq,trollbane,96,paladin,holy,6,1,5
Mobitz,dalvengyr,96,paladin,holy,6,1,5
ßls,illidan,96,paladin,holy,6,1,5
Deadlyassian,ysera,96,paladin,holy,6,1,5
Kamí,elune,96,paladin,holy,6,1,5
Khaosactual,proudmoore,96,paladin,holy,6,1,5
Syrenadrel,hydraxis,96,paladin,holy,6,1,5
Vexe,emerald-dream,96,paladin,holy,6,1,5
Vîxey,ragnaros,96,paladin,holy,6,1,5
Bigboppapump,lightnings-blade,96,paladin,holy,6,1,5
Spacebacon,thunderlord,96,paladin,holy,6,1,5
Therëv,zuljin,96,paladin,holy,6,1,5
Silreck,ragnaros,96,paladin,holy,6,1,5
Criaharn,turalyon,96,paladin,holy,6,1,5
Palabora,kelthuzad,96,paladin,holy,6,1,5
Netéro,skywall,96,paladin,holy,6,1,5
Sevina,twisting-nether,96,paladin,holy,6,1,5
Wings,arygos,96,paladin,holy,6,1,5
Keltheas,rivendare,96,paladin,holy,6,1,5
Chakris,wyrmrest-accord,96,paladin,holy,6,1,5
Elrecka,stormrage,96,paladin,holy,6,1,5
Trixzthot,barthilas,96,paladin,holy,6,1,5
Yikyok,stormrage,96,paladin,holy,6,1,5
Delilahxoxo,mugthol,96,paladin,holy,9,1,8
Ripadin,dunemaul,96,paladin,holy,11,1,10
Midnightboto,dragonmaw,96,paladin,holy,12,1,11
Vanquishyr,stormrage,96,paladin,holy,12,1,11
Ordained,moonrunner,96,paladin,holy,12,1,11
Retholyprot,tichondrius,96,paladin,holy,12,1,11
Zentrick,whisperwind,96,paladin,holy,12,1,11
Palaknight,tichondrius,95,paladin,holy,6,1,5
Hentaiangel,kiljaeden,95,paladin,holy,6,1,5
Ååron,thrall,89,paladin,holy,11,3,8
Tmzoeyqt,tichondrius,84,paladin,holy,9,4,5
Athenia,moon-guard,63,paladin,holy,6,3,3
Jkethuhsnake,ghostlands,48,paladin,holy,21,1,20
Alpinestârs,tichondrius,42,paladin,holy,9,2,7
Justinbebr,tichondrius,42,paladin,holy,14,3,11
Durendin,bonechewer,31,paladin,holy,2,1,1
Kziwei,stormrage,31,paladin,holy,2,1,1
Oghal,frostmourne,9,paladin,holy,23,3,20
Vanguards,tichondrius,2192,paladin,retribution,78,43,35
Picachü,ragnaros,2104,paladin,retribution,125,63,62
Bullmarket,tichondrius,2104,paladin,retribution,114,57,57
Yuji,darkspear,2102,paladin,retribution,108,54,54
Imitlol,alexstrasza,2094,paladin,retribution,169,83,86
Lanteranth,drenden,2072,paladin,retribution,114,56,58
Hollyflame,tichondrius,2067,paladin,retribution,131,66,65
Dreamcastx,tichondrius,2040,paladin,retribution,113,57,56
Xexe,stormreaver,2030,paladin,retribution,150,74,76
Angryvelic,tichondrius,2019,paladin,retribution,87,41,46
Furylolz,tichondrius,2009,paladin,retribution,70,35,35
Bøgård,sargeras,1995,paladin,retribution,78,42,36
Notvelic,tichondrius,1993,paladin,retribution,93,43,50
Wasteddwolf,tichondrius,1992,paladin,retribution,99,50,49
Aldda,azralon,1992,paladin,retribution,110,51,59
Smortain,tichondrius,1973,paladin,retribution,84,39,45
Maledraenei,sargeras,1970,paladin,retribution,113,54,59
Ämoureux,bleeding-hollow,1970,paladin,retribution,141,67,74
Caveyodeler,zuluhed,1962,paladin,retribution,66,31,35
Mashbringer,moon-guard,1958,paladin,retribution,60,33,27
Theblèss,tichondrius,1956,paladin,retribution,61,30,31
Asukaba,sargeras,1950,paladin,retribution,68,33,35
Conndiment,earthen-ring,1942,paladin,retribution,72,35,37
Dratzq,ragnaros,1938,paladin,retribution,90,49,41
Indivisionxp,tichondrius,1928,paladin,retribution,55,34,21
Coolvelic,tichondrius,1909,paladin,retribution,78,35,43
Bigdickrick,ragnaros,1906,paladin,retribution,42,28,14
Hammrekt,illidan,1905,paladin,retribution,48,25,23
Furgalicious,area-52,1904,paladin,retribution,125,60,65
Kamadonezuko,illidan,1903,paladin,retribution,53,30,23
Memorisë,ragnaros,1902,paladin,retribution,63,36,27
Alpinestârs,tichondrius,1900,paladin,retribution,68,35,33
Angelguards,tichondrius,1900,paladin,retribution,60,30,30
Yccorz,frostmourne,1898,paladin,retribution,131,66,65
Cønk,khadgar,1892,paladin,retribution,170,100,70
Lazypally,frostmourne,1890,paladin,retribution,48,25,23
Mwqyyds,tichondrius,1889,paladin,retribution,66,30,36
Vendatha,darkspear,1887,paladin,retribution,30,25,5
Hellsingwolf,zuljin,1885,paladin,retribution,30,20,10
Pécorino,malganis,1884,paladin,retribution,52,31,21
Retroreq,tichondrius,1884,paladin,retribution,148,80,68
Zeldoul,magtheridon,1879,paladin,retribution,71,36,35
Condiments,earthen-ring,1876,paladin,retribution,66,34,32
Voidaz,stormscale,1873,paladin,retribution,60,31,29
Fuchí,tichondrius,1873,paladin,retribution,149,73,76
Evanguards,tichondrius,1870,paladin,retribution,75,34,41
Alexjones,stormrage,1866,paladin,retribution,78,43,35
Dampenedxd,bleeding-hollow,1866,paladin,retribution,80,39,41
Daxxj,akama,1866,paladin,retribution,74,34,40
Rasler,stormrage,1865,paladin,retribution,114,61,53
Xilio,tichondrius,1865,paladin,retribution,72,36,36
Simplybést,zuljin,1865,paladin,retribution,102,45,57
Ohuo,tichondrius,1863,paladin,retribution,160,87,73
Damionblade,proudmoore,1861,paladin,retribution,107,59,48
Getmeabag,tichondrius,1861,paladin,retribution,54,25,29
Chuoo,proudmoore,1859,paladin,retribution,46,22,24
Younghova,kelthuzad,1857,paladin,retribution,66,32,34
Zyzzftw,stormrage,1856,paladin,retribution,53,31,22
Ozzium,ragnaros,1855,paladin,retribution,119,57,62
Vânguards,tichondrius,1852,paladin,retribution,42,24,18
Solanin,frostmourne,1849,paladin,retribution,35,20,15
Hurv,area-52,1848,paladin,retribution,53,30,23
Quitzz,tichondrius,1847,paladin,retribution,63,32,31
Kurôsh,kalecgos,1842,paladin,retribution,60,31,29
Divinehammer,proudmoore,1842,paladin,retribution,60,28,32
Mikhàël,stormscale,1840,paladin,retribution,52,37,15
Luosiding,tichondrius,1840,paladin,retribution,153,67,86
Popje,zuljin,1839,paladin,retribution,36,20,16
Grifnballs,agamaggan,1839,paladin,retribution,56,31,25
Immobilized,frostmourne,1839,paladin,retribution,58,29,29
Kushsessions,zuljin,1837,paladin,retribution,42,20,22
Alodorx,tichondrius,1836,paladin,retribution,36,23,13
Kangsang,illidan,1835,paladin,retribution,70,33,37
Dkdldkdld,tichondrius,1833,paladin,retribution,36,27,9
Lilglick,illidan,1833,paladin,retribution,36,21,15
Antlkd,quelthalas,1833,paladin,retribution,53,29,24
Leonilx,tichondrius,1832,paladin,retribution,48,21,27
ßò,area-52,1830,paladin,retribution,46,31,15
Eldenblade,moon-guard,1829,paladin,retribution,54,31,23
Coldzerox,ragnaros,1829,paladin,retribution,161,82,79
Honeydutchtv,black-dragonflight,1829,paladin,retribution,174,79,95
Hammrekt,kelthuzad,1829,paladin,retribution,47,20,27
Bornterrible,queldorei,1828,paladin,retribution,54,25,29
Idenline,moon-guard,1827,paladin,retribution,59,30,29
Xxwitcherxx,stormrage,1826,paladin,retribution,63,33,30
Wolfs,firetree,1826,paladin,retribution,66,29,37
Metallíka,nemesis,1826,paladin,retribution,71,31,40
Apollidin,malganis,1824,paladin,retribution,57,23,34
Bohring,bleeding-hollow,1823,paladin,retribution,48,26,22
Saradomin,kelthuzad,1822,paladin,retribution,129,66,63
Dtaitou,tichondrius,1821,paladin,retribution,54,24,30
Kíngkáísér,azralon,1820,paladin,retribution,29,20,9
Geöspäwn,tichondrius,1819,paladin,retribution,39,20,19
Anbivilent,moon-guard,1819,paladin,retribution,48,23,25
Ryuseiblade,ragnaros,1819,paladin,retribution,66,30,36
Cardynivans,tichondrius,1819,paladin,retribution,67,25,42
Hargol,stormrage,1818,paladin,retribution,84,40,44
Dwimberlike,ragnaros,1816,paladin,retribution,56,37,19
Kooi,illidan,1816,paladin,retribution,78,35,43
Tyrillian,aerie-peak,1816,paladin,retribution,48,21,27
Kíngkáiser,azralon,1815,paladin,retribution,46,27,19
Danceholy,tichondrius,1814,paladin,retribution,57,30,27
Zulmay,malganis,1814,paladin,retribution,156,78,78
Gelosagrado,illidan,1814,paladin,retribution,77,31,46
Dorktanian,stormrage,1813,paladin,retribution,78,40,38
Rethumtv,tichondrius,1812,paladin,retribution,72,30,42
Arkadiano,drakkari,1812,paladin,retribution,78,29,49
Animepower,moon-guard,1811,paladin,retribution,94,56,38
Venguards,azralon,1811,paladin,retribution,57,30,27
Zanur,tichondrius,1811,paladin,retribution,136,67,69
Triston,area-52,1810,paladin,retribution,120,66,54
Lilcyans,ragnaros,1810,paladin,retribution,66,34,32
Primaryee,tichondrius,1810,paladin,retribution,121,53,68
Usdacertifed,lightnings-blade,1809,paladin,retribution,102,53,49
Reypally,dalaran,1808,paladin,retribution,99,50,49
Downways,sargeras,1807,paladin,retribution,73,39,34
Velstadt,sargeras,1807,paladin,retribution,66,29,37
Jhasøn,quelthalas,1806,paladin,retribution,60,40,20
Pornenjoyer,dalaran,1806,paladin,retribution,30,19,11
Darcobs,ragnaros,1806,paladin,retribution,172,90,82
Pambeazley,bronzebeard,1806,paladin,retribution,46,23,23
Erodan,moon-guard,1806,paladin,retribution,82,35,47
Panncakeman,tichondrius,1804,paladin,retribution,60,33,27
Ironblade,zuljin,1804,paladin,retribution,54,29,25
Palli,moon-guard,1804,paladin,retribution,60,31,29
Lumbersnack,moon-guard,1804,paladin,retribution,75,36,39
Justicejosh,frostmourne,1803,paladin,retribution,36,22,14
Bestowed,moon-guard,1803,paladin,retribution,63,31,32
Niubcjq,tichondrius,1803,paladin,retribution,42,19,23
Sâdê,bleeding-hollow,1802,paladin,retribution,36,19,17
Mürlin,illidan,1802,paladin,retribution,117,58,59
Kádabrak,tichondrius,1794,paladin,retribution,54,34,20
Mikeqiaodan,tichondrius,1790,paladin,retribution,91,40,51
Zakladchick,illidan,1778,paladin,retribution,48,26,22
Iqt,moon-guard,1775,paladin,retribution,66,25,41
Syleith,shadow-council,1768,paladin,retribution,115,54,61
Bartharious,malganis,1768,paladin,retribution,60,27,33
Handyandy,kelthuzad,1767,paladin,retribution,66,28,38
Rahkinishu,khaz-modan,1766,paladin,retribution,189,109,80
Quinnzel,barthilas,1757,paladin,retribution,62,35,27
Lokâr,lightbringer,1751,paladin,retribution,54,26,28
Scarotv,malganis,1750,paladin,retribution,60,29,31
Therëv,zuljin,1750,paladin,retribution,65,28,37
Nhsvikings,bleeding-hollow,1748,paladin,retribution,53,29,24
Aleríon,ragnaros,1742,paladin,retribution,145,79,66
Rashbringer,azgalor,1742,paladin,retribution,67,34,33
Hamburgeryu,tichondrius,1741,paladin,retribution,58,26,32
Roushex,sargeras,1740,paladin,retribution,48,21,27
Alyena,area-52,1739,paladin,retribution,52,24,28
Retxsilver,thrall,1739,paladin,retribution,89,41,48
Tramatic,sargeras,1738,paladin,retribution,48,25,23
Lundor,ragnaros,1737,paladin,retribution,89,42,47
Bigdaddysdic,illidan,1736,paladin,retribution,72,36,36
Bubblemark,tichondrius,1736,paladin,retribution,80,35,45
Luzoscura,quelthalas,1735,paladin,retribution,60,35,25
Dippedxd,tichondrius,1735,paladin,retribution,60,32,28
Justnikop,tichondrius,1735,paladin,retribution,69,35,34
Whyta,azralon,1734,paladin,retribution,103,59,44
Ðiviñe,zuluhed,1734,paladin,retribution,48,25,23
Crayt,tichondrius,1732,paladin,retribution,45,24,21
Konesky,dalaran,1732,paladin,retribution,40,21,19
Trippën,tichondrius,1727,paladin,retribution,103,59,44
Nah,emerald-dream,1725,paladin,retribution,57,30,27
Riseandgrind,tichondrius,1723,paladin,retribution,36,18,18
Konsentrate,tichondrius,1719,paladin,retribution,150,78,72
Elegan,frostmourne,1719,paladin,retribution,60,30,30
Scrubble,thrall,1717,paladin,retribution,80,40,40
Retrachet,thrall,1717,paladin,retribution,42,21,21
Notae,icecrown,1717,paladin,retribution,42,21,21
Pickleret,emerald-dream,1717,paladin,retribution,84,40,44
Éætûgýäëí,area-52,1716,paladin,retribution,42,18,24
Ashkandi,tichondrius,1714,paladin,retribution,54,28,26
Jonathein,barthilas,1713,paladin,retribution,82,40,42
Soverejgn,bleeding-hollow,1712,paladin,retribution,178,80,98
Fylerz,blackhand,1710,paladin,retribution,54,30,24
Talymra,ragnaros,1710,paladin,retribution,48,26,22
Fussyotter,stormreaver,1709,paladin,retribution,73,41,32
Svinadin,emerald-dream,1708,paladin,retribution,36,21,15
Paladincane,sargeras,1708,paladin,retribution,54,29,25
Kaithen,quelthalas,1708,paladin,retribution,137,70,67
Teknik,stormscale,1708,paladin,retribution,94,45,49
Sasorï,stormrage,1706,paladin,retribution,72,33,39
Johnmacclane,azralon,1704,paladin,retribution,77,42,35
Pramethious,sargeras,1704,paladin,retribution,48,22,26
Lilthroatbby,malganis,1704,paladin,retribution,102,42,60
Bakafish,tichondrius,1702,paladin,retribution,24,18,6
Flykzu,azralon,1702,paladin,retribution,82,40,42
Buckey,kilrogg,1699,paladin,retribution,52,28,24
Tuuro,stormrage,1699,paladin,retribution,72,34,38
Toughxguy,sargeras,1699,paladin,retribution,62,28,34
Voodoovon,tichondrius,1697,paladin,retribution,89,42,47
Lvladen,sargeras,1697,paladin,retribution,48,20,28
Swiftskillz,bleeding-hollow,1696,paladin,retribution,89,53,36
Evangelìne,darkspear,1695,paladin,retribution,36,23,13
Practícal,moon-guard,1693,paladin,retribution,66,35,31
Homelanderp,tichondrius,1693,paladin,retribution,51,25,26
Dazn,tichondrius,1693,paladin,retribution,78,26,52
Dârkk,tichondrius,1691,paladin,retribution,36,20,16
Kubota,sargeras,1690,paladin,retribution,30,20,10
Peledin,azralon,1689,paladin,retribution,59,31,28
Beautiful,proudmoore,1689,paladin,retribution,84,40,44
Neonblade,illidan,1689,paladin,retribution,60,26,34
Apnea,ragnaros,1689,paladin,retribution,78,32,46
ßountystrike,sargeras,1687,paladin,retribution,60,26,34
Mílkywayx,stormrage,1683,paladin,retribution,72,37,35
Josxth,stormrage,1680,paladin,retribution,48,25,23
Bravepala,tichondrius,1680,paladin,retribution,54,20,34
Tagex,malganis,1678,paladin,retribution,114,57,57
Mordirhar,tichondrius,1678,paladin,retribution,54,23,31
Alxndrr,area-52,1675,paladin,retribution,36,21,15
Zozo,zuljin,1674,paladin,retribution,36,22,14
Genericuser,sargeras,1674,paladin,retribution,42,20,22
Vip,frostmourne,1671,paladin,retribution,42,21,21
Chriskriego,frostmourne,1671,paladin,retribution,60,24,36
Xuantianchai,tichondrius,1669,paladin,retribution,36,22,14
Pumperjer,tichondrius,1669,paladin,retribution,53,26,27
Boarfarmer,tichondrius,1669,paladin,retribution,48,23,25
Haiden,goldrinn,1665,paladin,retribution,55,23,32
Stompëd,proudmoore,1663,paladin,retribution,62,29,33
Finaljustice,sargeras,1661,paladin,retribution,30,19,11
Clownfister,barthilas,1661,paladin,retribution,36,21,15
Lyrz,sargeras,1661,paladin,retribution,69,40,29
Remethea,sargeras,1661,paladin,retribution,123,61,62
Profundity,area-52,1659,paladin,retribution,48,23,25
Bigjiba,proudmoore,1658,paladin,retribution,48,25,23
Iäl,tichondrius,1658,paladin,retribution,47,19,28
Goldnhart,wyrmrest-accord,1657,paladin,retribution,42,21,21
Shaidd,bleeding-hollow,1656,paladin,retribution,74,42,32
Bakapal,tichondrius,1656,paladin,retribution,36,20,16
Techno,tichondrius,1656,paladin,retribution,62,34,28
Palimedic,sargeras,1656,paladin,retribution,66,28,38
Mabia,tichondrius,1656,paladin,retribution,48,20,28
Sabotsaint,tichondrius,1656,paladin,retribution,49,20,29
Xbloodknight,malganis,1654,paladin,retribution,38,23,15
Itzcupcake,illidan,1653,paladin,retribution,120,69,51
Backdrop,proudmoore,1652,paladin,retribution,133,67,66
Nitemareforu,stormreaver,1651,paladin,retribution,24,18,6
Lanach,lightbringer,1651,paladin,retribution,64,33,31
Comeuppance,wyrmrest-accord,1649,paladin,retribution,72,38,34
Matthrian,moon-guard,1649,paladin,retribution,60,22,38
Holywaffle,nemesis,1647,paladin,retribution,60,30,30
Lucy,sargeras,1647,paladin,retribution,48,19,29
Parkwons,tichondrius,1646,paladin,retribution,60,23,37
Bigolcriddys,barthilas,1645,paladin,retribution,36,21,15
Zarrakra,daggerspine,1645,paladin,retribution,57,32,25
Geedee,ysera,1645,paladin,retribution,70,39,31
Beaconlol,proudmoore,1644,paladin,retribution,43,29,14
Beefjustice,velen,1643,paladin,retribution,48,27,21
Fionno,quelthalas,1643,paladin,retribution,98,52,46
Oathen,proudmoore,1642,paladin,retribution,56,27,29
Triginhall,moon-guard,1642,paladin,retribution,42,18,24
Serås,silvermoon,1640,paladin,retribution,66,43,23
Forthestreet,tichondrius,1640,paladin,retribution,82,45,37
Lleo,nemesis,1640,paladin,retribution,118,54,64
Yorøchi,azralon,1639,paladin,retribution,36,21,15
Dimdabbin,malganis,1637,paladin,retribution,42,22,20
Jud,frostmourne,1636,paladin,retribution,90,43,47
Marehk,thrall,1635,paladin,retribution,53,30,23
Thrax,spirestone,1635,paladin,retribution,46,20,26
Ópsv,quelthalas,1634,paladin,retribution,119,68,51
Lightowen,draka,1634,paladin,retribution,46,22,24
Koketsu,ragnaros,1634,paladin,retribution,97,40,57
Çestlavie,korgath,1631,paladin,retribution,36,19,17
Cristø,stormrage,1631,paladin,retribution,60,23,37
Mixz,bleeding-hollow,1630,paladin,retribution,42,22,20
Thoreal,thrall,1629,paladin,retribution,72,34,38
Zèrà,thunderhorn,1629,paladin,retribution,36,17,19
Ítsyôúñötmé,tichondrius,1627,paladin,retribution,62,35,27
Kíbá,malganis,1627,paladin,retribution,33,18,15
Hólyélf,illidan,1627,paladin,retribution,48,18,30
Malakor,thrall,1625,paladin,retribution,102,48,54
Agamemnom,tichondrius,1624,paladin,retribution,88,46,42
Clapstick,illidan,1624,paladin,retribution,36,17,19
Watchamebaba,malganis,1624,paladin,retribution,42,17,25
Renckay,ragnaros,1623,paladin,retribution,63,34,29
Radacos,emerald-dream,1623,paladin,retribution,160,80,80
Trixtur,tichondrius,1623,paladin,retribution,42,21,21
Joeyrat,area-52,1623,paladin,retribution,42,20,22
Litler,tichondrius,1622,paladin,retribution,44,30,14
Gobblerr,blackrock,1622,paladin,retribution,30,20,10
Borrus,malygos,1621,paladin,retribution,48,27,21
Hazexd,illidan,1621,paladin,retribution,36,20,16
Faladrim,moon-guard,1621,paladin,retribution,160,84,76
Divínos,area-52,1619,paladin,retribution,42,21,21
Orivia,spirestone,1619,paladin,retribution,42,19,23
Bbtea,frostmourne,1619,paladin,retribution,48,20,28
Caribourider,tichondrius,1618,paladin,retribution,41,20,21
Glørious,drakkari,1618,paladin,retribution,90,42,48
Hedilyan,azralon,1617,paladin,retribution,60,31,29
Lawmower,sargeras,1616,paladin,retribution,54,32,22
Raelan,icecrown,1614,paladin,retribution,71,49,22
Palban,tichondrius,1614,paladin,retribution,42,22,20
Bramot,moon-guard,1613,paladin,retribution,36,20,16
Moolishous,frostmourne,1612,paladin,retribution,83,43,40
Jvbai,area-52,1612,paladin,retribution,81,36,45
Zett,jubeithos,1612,paladin,retribution,41,17,24
Nilin,tichondrius,1611,paladin,retribution,36,21,15
Kevybevy,stormrage,1611,paladin,retribution,150,81,69
Allîe,malganis,1611,paladin,retribution,72,37,35
Rahmie,kiljaeden,1611,paladin,retribution,96,41,55
Titannious,stormrage,1610,paladin,retribution,77,34,43
Beeftink,tichondrius,1609,paladin,retribution,100,51,49
Regivan,nemesis,1609,paladin,retribution,54,21,33
Rimjobrachel,barthilas,1608,paladin,retribution,50,25,25
Sololeveling,malganis,1608,paladin,retribution,98,48,50
Golden,tichondrius,1608,paladin,retribution,42,20,22
Notneo,zuljin,1607,paladin,retribution,47,27,20
Ladeon,proudmoore,1607,paladin,retribution,42,22,20
Trolladin,rivendare,1607,paladin,retribution,110,51,59
Sukilol,tichondrius,1607,paladin,retribution,54,22,32
Eurekasret,ragnaros,1606,paladin,retribution,36,20,16
Mathalt,area-52,1605,paladin,retribution,43,24,19
Chrisader,stormrage,1605,paladin,retribution,36,19,17
Dïlly,area-52,1605,paladin,retribution,78,40,38
Xeniél,illidan,1604,paladin,retribution,36,19,17
Rycerzforge,ragnaros,1604,paladin,retribution,74,38,36
Actionb,aggramar,1604,paladin,retribution,90,41,49
Zalndraeda,barthilas,1603,paladin,retribution,78,41,37
Loisterly,bladefist,1603,paladin,retribution,80,39,41
Skylinator,bleeding-hollow,1603,paladin,retribution,59,26,33
Traceless,emerald-dream,1601,paladin,retribution,69,40,29
Jowliet,stormrage,1601,paladin,retribution,36,17,19
Cyrenity,tichondrius,1601,paladin,retribution,54,17,37
Telarøn,stormrage,1600,paladin,retribution,165,83,82
Raxadin,stormrage,1599,paladin,retribution,36,19,17
Eneraxx,proudmoore,1598,paladin,retribution,42,17,25
Paladinomg,darkspear,1596,paladin,retribution,106,60,46
Happybubbles,tichondrius,1594,paladin,retribution,36,20,16
Rxes,frostmourne,1594,paladin,retribution,57,23,34
Layonhánd,ragnaros,1593,paladin,retribution,48,22,26
Warmpôcket,proudmoore,1593,paladin,retribution,50,20,30
Dankrachet,thrall,1593,paladin,retribution,48,19,29
Beshiki,hakkar,1592,paladin,retribution,216,108,108
Alpengeist,turalyon,1591,paladin,retribution,36,19,17
Gimlias,kelthuzad,1591,paladin,retribution,42,21,21
Cøøkïë,frostmourne,1590,paladin,retribution,42,22,20
Andrilsteh,malganis,1590,paladin,retribution,72,31,41
Auralyon,tichondrius,1590,paladin,retribution,42,17,25
Pantufä,stormrage,1588,paladin,retribution,35,17,18
Thastrian,stormreaver,1586,paladin,retribution,42,23,19
Talivar,kelthuzad,1584,paladin,retribution,36,23,13
Benoít,zuljin,1583,paladin,retribution,72,40,32
Dashhighborn,sargeras,1583,paladin,retribution,54,28,26
Lightlana,frostwolf,1583,paladin,retribution,54,27,27
Dazedpal,tichondrius,1582,paladin,retribution,200,107,93
Landeren,khazgoroth,1582,paladin,retribution,48,22,26
Taphos,icecrown,1581,paladin,retribution,53,30,23
Chancellor,azralon,1580,paladin,retribution,120,68,52
Vasharien,nerzhul,1577,paladin,retribution,42,23,19
Fuknshané,area-52,1577,paladin,retribution,68,32,36
Aeterias,dalaran,1577,paladin,retribution,46,21,25
Víkk,zuljin,1576,paladin,retribution,132,58,74
Ibullyourmom,tichondrius,1576,paladin,retribution,41,18,23
Inmortall,illidan,1575,paladin,retribution,36,19,17
Malacriianza,quelthalas,1574,paladin,retribution,30,18,12
Nishru,sargeras,1573,paladin,retribution,36,18,18
Stônemôuntan,moon-guard,1573,paladin,retribution,66,22,44
Sevik,garithos,1572,paladin,retribution,42,21,21
Stackmymoney,kelthuzad,1572,paladin,retribution,50,22,28
Ðoflamingo,area-52,1570,paladin,retribution,48,27,21
Toughlife,tichondrius,1569,paladin,retribution,42,20,22
Tesak,emerald-dream,1568,paladin,retribution,48,25,23
Purejudgemnt,area-52,1567,paladin,retribution,36,22,14
Guerrer,hyjal,1567,paladin,retribution,54,30,24
Obsolete,onyxia,1567,paladin,retribution,36,18,18
Coffeepal,tichondrius,1567,paladin,retribution,48,23,25
Émiluss,stormrage,1566,paladin,retribution,36,18,18
Seraphini,illidan,1565,paladin,retribution,42,21,21
Tantradin,area-52,1564,paladin,retribution,48,20,28
Likzebawlz,tichondrius,1562,paladin,retribution,30,19,11
Rhegyna,quelthalas,1562,paladin,retribution,36,19,17
Baeflux,kelthuzad,1560,paladin,retribution,48,19,29
Djdiogø,azralon,1558,paladin,retribution,57,22,35
Ilovecl,tichondrius,1557,paladin,retribution,48,28,20
Southerly,tichondrius,1557,paladin,retribution,42,19,23
Battlepope,thrall,1557,paladin,retribution,47,20,27
Chuckvandam,illidan,1556,paladin,retribution,30,17,13
Vêgenace,proudmoore,1556,paladin,retribution,48,24,24
Missusomutch,azralon,1556,paladin,retribution,50,17,33
Valardaharis,thunderlord,1555,paladin,retribution,70,32,38
Crybátt,quelthalas,1553,paladin,retribution,62,32,30
Luminiscente,ragnaros,1553,paladin,retribution,58,29,29
Alexieus,wyrmrest-accord,1553,paladin,retribution,71,32,39
Dorex,moon-guard,1552,paladin,retribution,63,39,24
Mortaine,moon-guard,1552,paladin,retribution,36,17,19
Yovan,proudmoore,1551,paladin,retribution,90,51,39
Holybirkkal,arthas,1551,paladin,retribution,47,25,22
Lumaros,wyrmrest-accord,1550,paladin,retribution,42,22,20
Brightstar,azjolnerub,1550,paladin,retribution,53,27,26
Holyjoint,uther,1550,paladin,retribution,68,27,41
Brokeniron,wyrmrest-accord,1546,paladin,retribution,42,19,23
Deepsearide,illidan,1543,paladin,retribution,114,59,55
Forlam,sargeras,1542,paladin,retribution,90,38,52
Parlore,moon-guard,1541,paladin,retribution,96,42,54
Thaldun,wyrmrest-accord,1541,paladin,retribution,95,41,54
Lebowski,nordrassil,1539,paladin,retribution,30,18,12
Frùglé,sargeras,1538,paladin,retribution,36,20,16
Greciâ,ragnaros,1535,paladin,retribution,42,18,24
Hammrekt,sargeras,1534,paladin,retribution,24,16,8
Oppressive,moon-guard,1534,paladin,retribution,242,114,128
Álkair,ragnaros,1534,paladin,retribution,83,36,47
Jager,medivh,1533,paladin,retribution,71,41,30
Popwings,azralon,1532,paladin,retribution,28,17,11
Rohrn,firetree,1531,paladin,retribution,43,27,16
Mcconnell,sargeras,1530,paladin,retribution,30,16,14
Elëssar,ragnaros,1530,paladin,retribution,77,40,37
Christtel,stormrage,1528,paladin,retribution,27,17,10
Unfairness,skullcrusher,1528,paladin,retribution,63,33,30
Ástridr,moon-guard,1528,paladin,retribution,95,43,52
Galeast,tichondrius,1528,paladin,retribution,36,16,20
Mazaltoff,proudmoore,1528,paladin,retribution,60,26,34
Sneeber,stormrage,1527,paladin,retribution,54,25,29
Chiphazard,stormscale,1526,paladin,retribution,44,17,27
Kenpachí,doomhammer,1525,paladin,retribution,42,30,12
Venxpeita,azralon,1525,paladin,retribution,24,16,8
Grîshnâkh,ragnaros,1525,paladin,retribution,83,44,39
Gokuu,korgath,1525,paladin,retribution,50,26,24
Purdicks,emerald-dream,1525,paladin,retribution,48,21,27
Shiryn,illidan,1524,paladin,retribution,36,16,20
Kozk,quelthalas,1523,paladin,retribution,105,62,43
Lucianz,ragnaros,1523,paladin,retribution,48,20,28
Ezcoatl,stormrage,1522,paladin,retribution,80,40,40
Utherpendrag,bladefist,1522,paladin,retribution,60,20,40
Filthyape,wyrmrest-accord,1520,paladin,retribution,24,17,7
Souyiro,sargeras,1517,paladin,retribution,36,16,20
Getdiswork,malygos,1517,paladin,retribution,57,25,32
Lorenzinho,azralon,1516,paladin,retribution,80,42,38
Joltie,quelthalas,1515,paladin,retribution,125,68,57
Notoriouus,bleeding-hollow,1515,paladin,retribution,36,16,20
Kawkpaladin,kaelthas,1512,paladin,retribution,54,28,26
Greasysteve,stormrage,1511,paladin,retribution,36,22,14
Istril,ragnaros,1510,paladin,retribution,157,84,73
Protein,magtheridon,1509,paladin,retribution,42,16,26
Mysticblade,sargeras,1508,paladin,retribution,54,31,23
Cókelol,zuljin,1507,paladin,retribution,42,24,18
Ulrah,moon-guard,1507,paladin,retribution,86,46,40
Beardy,emerald-dream,1507,paladin,retribution,48,25,23
Ascetic,barthilas,1506,paladin,retribution,108,40,68
Garlond,moon-guard,1505,paladin,retribution,30,16,14
Faowin,sargeras,1505,paladin,retribution,48,22,26
Craq,alexstrasza,1505,paladin,retribution,40,17,23
Kiritazuma,ravencrest,1503,paladin,retribution,60,28,32
Alanthor,ragnaros,1503,paladin,retribution,108,48,60
Xk,kiljaeden,1502,paladin,retribution,30,16,14
Lecheroø,tichondrius,1502,paladin,retribution,30,16,14
Audris,chogall,1497,paladin,retribution,65,29,36
Bañe,lightbringer,1494,paladin,retribution,69,30,39
Preacherfudd,area-52,1493,paladin,retribution,30,16,14
Anivan,moon-guard,1493,paladin,retribution,42,21,21
Arquidea,tichondrius,1492,paladin,retribution,36,16,20
Týrael,uldum,1491,paladin,retribution,36,21,15
Castïël,area-52,1488,paladin,retribution,139,67,72
Dgâza,tichondrius,1488,paladin,retribution,36,17,19
Daddytoad,tichondrius,1488,paladin,retribution,42,16,26
Jdgmnt,sargeras,1487,paladin,retribution,60,30,30
Haunter,akama,1485,paladin,retribution,54,25,29
Folgimar,moon-guard,1484,paladin,retribution,60,32,28
Levian,spirestone,1483,paladin,retribution,90,46,44
Kookamønga,tichondrius,1483,paladin,retribution,55,25,30
Dalgren,quelthalas,1482,paladin,retribution,81,30,51
Cyniaria,moon-guard,1480,paladin,retribution,36,21,15
Ralo,khaz-modan,1480,paladin,retribution,30,16,14
Cloaxy,azgalor,1480,paladin,retribution,60,23,37
Areuss,tichondrius,1479,paladin,retribution,29,16,13
Mcholy,thrall,1479,paladin,retribution,38,20,18
Janokaluo,wyrmrest-accord,1479,paladin,retribution,89,46,43
Quadrifoglio,moon-guard,1479,paladin,retribution,60,29,31
Holydiver,sargeras,1478,paladin,retribution,72,31,41
Kellissandra,aerie-peak,1478,paladin,retribution,54,23,31
Killeralan,quelthalas,1477,paladin,retribution,74,34,40
Azoruken,quelthalas,1475,paladin,retribution,71,31,40
Arecht,moon-guard,1474,paladin,retribution,30,19,11
Fressbee,nathrezim,1473,paladin,retribution,41,19,22
Belgrieve,proudmoore,1472,paladin,retribution,36,19,17
Zuthora,alleria,1471,paladin,retribution,70,37,33
Yoboyindahiz,stormrage,1471,paladin,retribution,57,23,34
Rykorth,moon-guard,1470,paladin,retribution,33,20,13
Schwârts,blackrock,1469,paladin,retribution,52,26,26
Davinshki,stormrage,1466,paladin,retribution,31,18,13
Dimmadome,frostmourne,1465,paladin,retribution,66,44,22
Freiermoth,shadowmoon,1462,paladin,retribution,111,57,54
Dreyan,wyrmrest-accord,1462,paladin,retribution,47,23,24
Onitenshi,stormscale,1461,paladin,retribution,48,23,25
Snussp,emerald-dream,1461,paladin,retribution,69,32,37
Sammyste,elune,1460,paladin,retribution,68,36,32
Áldin,ragnaros,1456,paladin,retribution,28,17,11
Dentarg,garrosh,1456,paladin,retribution,54,29,25
Arturias,kiljaeden,1456,paladin,retribution,54,24,30
Kadbury,icecrown,1455,paladin,retribution,73,26,47
Lolslikeomg,malganis,1454,paladin,retribution,72,29,43
Sovereignt,aggramar,1453,paladin,retribution,157,84,73
Monchy,bleeding-hollow,1453,paladin,retribution,52,27,25
Samgonz,tichondrius,1450,paladin,retribution,36,18,18
Liaadrin,azralon,1450,paladin,retribution,32,16,16
Solandiis,tichondrius,1450,paladin,retribution,67,32,35
Airplane,malygos,1449,paladin,retribution,24,16,8
Cyreus,emerald-dream,1448,paladin,retribution,39,17,22
Insideous,kelthuzad,1448,paladin,retribution,48,19,29
Morneau,malganis,1447,paladin,retribution,133,67,66
Aoishie,bleeding-hollow,1444,paladin,retribution,96,45,51
Carnagias,bleeding-hollow,1443,paladin,retribution,65,34,31
Saccro,area-52,1443,paladin,retribution,60,23,37
Iluminadoor,nemesis,1442,paladin,retribution,29,19,10
Weskar,frostwolf,1440,paladin,retribution,36,21,15
Awake,chogall,1439,paladin,retribution,24,15,9
Kkgame,tichondrius,1439,paladin,retribution,37,19,18
Praysnblaze,zuljin,1437,paladin,retribution,30,15,15
Gimli,mannoroth,1434,paladin,retribution,36,15,21
Yezzyll,korgath,1433,paladin,retribution,24,15,9
Talantyr,zuljin,1433,paladin,retribution,60,27,33
Granisdh,aegwynn,1432,paladin,retribution,48,25,23
Sprinkills,frostmourne,1430,paladin,retribution,25,18,7
Richiggaa,illidan,1430,paladin,retribution,47,29,18
Konarik,stormrage,1430,paladin,retribution,40,21,19
Theretpally,kelthuzad,1430,paladin,retribution,42,20,22
Forged,steamwheedle-cartel,1430,paladin,retribution,66,29,37
Dippedlol,tichondrius,1429,paladin,retribution,24,15,9
Lmd,tichondrius,1429,paladin,retribution,54,29,25
Hamertime,wyrmrest-accord,1429,paladin,retribution,59,28,31
Tribiani,lightbringer,1425,paladin,retribution,24,15,9
Dallyon,stormrage,1425,paladin,retribution,24,15,9
Giørther,ragnaros,1425,paladin,retribution,33,16,17
Powermonster,tichondrius,1425,paladin,retribution,36,15,21
Sanguinata,shadowsong,1421,paladin,retribution,36,23,13
Lustros,stormrage,1421,paladin,retribution,60,24,36
Arahann,bleeding-hollow,1420,paladin,retribution,29,16,13
Astharor,nemesis,1419,paladin,retribution,40,23,17
Coleta,stormrage,1418,paladin,retribution,24,15,9
Annhette,sargeras,1418,paladin,retribution,31,15,16
Droden,tichondrius,1417,paladin,retribution,49,27,22
Angrytitan,tichondrius,1417,paladin,retribution,36,15,21
Napstër,ragnaros,1417,paladin,retribution,36,15,21
Hägär,tichondrius,1416,paladin,retribution,30,15,15
Lumíty,sargeras,1415,paladin,retribution,89,45,44
Hdmi,darkspear,1415,paladin,retribution,41,20,21
Nasnyl,stormrage,1415,paladin,retribution,36,15,21
Zolktro,stormrage,1413,paladin,retribution,36,19,17
Savagedemise,barthilas,1413,paladin,retribution,55,28,27
Wésters,quelthalas,1413,paladin,retribution,68,30,38
Justicierø,aegwynn,1412,paladin,retribution,36,18,18
Smashnasty,area-52,1409,paladin,retribution,24,15,9
Todesgott,tichondrius,1409,paladin,retribution,30,15,15
Vaqoh,ragnaros,1409,paladin,retribution,36,15,21
Reìarthur,stormrage,1408,paladin,retribution,72,32,40
Kulandis,stormrage,1408,paladin,retribution,57,24,33
Californía,bleeding-hollow,1406,paladin,retribution,31,19,12
Wasembroder,ragnaros,1406,paladin,retribution,53,25,28
Thalorian,azshara,1404,paladin,retribution,45,20,25
Zimzob,stormscale,1403,paladin,retribution,30,15,15
Swietomierz,proudmoore,1403,paladin,retribution,48,20,28
Ellanaria,thrall,1402,paladin,retribution,69,35,34
Bilbain,proudmoore,1402,paladin,retribution,119,59,60
Tacien,tichondrius,1402,paladin,retribution,47,19,28
Viclovin,stormrage,1400,paladin,retribution,34,17,17
Tobaz,azralon,1400,paladin,retribution,40,18,22
Yawnbringer,tichondrius,1399,paladin,retribution,78,37,41
Albïreo,drakkari,1394,paladin,retribution,30,15,15
Tmac,azralon,1393,paladin,retribution,68,35,33
Belregn,illidan,1393,paladin,retribution,78,36,42
Donao,illidan,1392,paladin,retribution,30,16,14
Slowedreverb,stormrage,1387,paladin,retribution,81,42,39
Naverpay,tichondrius,1385,paladin,retribution,29,15,14
Erowyn,tichondrius,1385,paladin,retribution,30,15,15
Burnning,tichondrius,1380,paladin,retribution,33,16,17
Sländers,sargeras,1379,paladin,retribution,41,18,23
Elsinore,senjin,1377,paladin,retribution,35,19,16
Pinkies,frostmourne,1377,paladin,retribution,30,15,15
Mitchyc,stormrage,1376,paladin,retribution,60,28,32
Broxon,tichondrius,1372,paladin,retribution,46,27,19
Stdee,zuljin,1372,paladin,retribution,57,30,27
Falaran,azralon,1368,paladin,retribution,44,21,23
Wîckèd,tichondrius,1366,paladin,retribution,35,15,20
Bebopin,tichondrius,1365,paladin,retribution,34,16,18
Perzeføne,quelthalas,1364,paladin,retribution,30,15,15
Áthz,ragnaros,1363,paladin,retribution,41,21,20
Alvick,icecrown,1363,paladin,retribution,39,16,23
Dfbattlepass,kelthuzad,1357,paladin,retribution,61,32,29
Wickedwingz,sargeras,1356,paladin,retribution,30,15,15
Wesdarian,jaedenar,1354,paladin,retribution,54,20,34
Urfavxbf,baelgun,1353,paladin,retribution,80,43,37
Andronik,bleeding-hollow,1352,paladin,retribution,33,16,17
Zantdemption,frostmourne,1349,paladin,retribution,29,15,14
Avantasias,sargeras,1348,paladin,retribution,46,22,24
Øxøxø,emerald-dream,1347,paladin,retribution,78,41,37
Ôdenswrath,stormscale,1347,paladin,retribution,68,34,34
Hazmât,illidan,1347,paladin,retribution,81,32,49
Dwurim,moon-guard,1346,paladin,retribution,42,23,19
Ddeadwhisper,executus,1345,paladin,retribution,98,53,45
Chinsta,zuljin,1344,paladin,retribution,24,16,8
Kumdonia,illidan,1343,paladin,retribution,30,14,16
Holychris,shadowmoon,1343,paladin,retribution,36,14,22
Worder,tichondrius,1342,paladin,retribution,24,15,9
Sweetfish,kiljaeden,1341,paladin,retribution,24,14,10
Lightcast,moon-guard,1341,paladin,retribution,30,15,15
Outstrike,tichondrius,1340,paladin,retribution,30,14,16
Retsonictwo,tichondrius,1340,paladin,retribution,30,14,16
Stöneblood,moon-guard,1339,paladin,retribution,36,14,22
Neró,quelthalas,1337,paladin,retribution,55,25,30
Oldicktwist,garrosh,1336,paladin,retribution,42,23,19
Siire,darkspear,1334,paladin,retribution,24,14,10
Waffletrain,tichondrius,1334,paladin,retribution,34,15,19
Väkariän,quelthalas,1333,paladin,retribution,30,14,16
Heraolympian,black-dragonflight,1331,paladin,retribution,24,15,9
Herrit,frostmourne,1331,paladin,retribution,59,36,23
Trogdorpwn,bonechewer,1331,paladin,retribution,30,17,13
Solomonss,frostmourne,1330,paladin,retribution,42,18,24
Plophero,moon-guard,1329,paladin,retribution,30,14,16
Amanzhul,quelthalas,1329,paladin,retribution,36,14,22
Brightsaber,tichondrius,1328,paladin,retribution,63,34,29
Melize,area-52,1328,paladin,retribution,93,44,49
Adrockiller,quelthalas,1328,paladin,retribution,38,17,21
Akabanee,ragnaros,1324,paladin,retribution,24,14,10
Messeb,veknilash,1324,paladin,retribution,70,38,32
Christman,illidan,1323,paladin,retribution,78,33,45
Delanadras,kelthuzad,1322,paladin,retribution,30,14,16
Ignasius,blood-furnace,1321,paladin,retribution,30,14,16
Sventyn,frostmourne,1320,paladin,retribution,41,14,27
Rasc,barthilas,1318,paladin,retribution,30,14,16
Zadquel,ragnaros,1317,paladin,retribution,53,27,26
Aiseyqt,frostmourne,1315,paladin,retribution,30,18,12
Fabolouss,tichondrius,1315,paladin,retribution,54,29,25
Aztraseneco,ragnaros,1313,paladin,retribution,68,36,32
Hurukpaly,azralon,1312,paladin,retribution,30,14,16
Andrinn,nemesis,1312,paladin,retribution,30,14,16
Formergf,crushridge,1311,paladin,retribution,54,27,27
Bigdoosa,frostmourne,1309,paladin,retribution,28,16,12
Yamush,silver-hand,1309,paladin,retribution,30,14,16
Retrah,azralon,1306,paladin,retribution,24,14,10
Malorian,azgalor,1306,paladin,retribution,42,17,25
Shecara,malygos,1305,paladin,retribution,42,23,19
Charleyy,stormscale,1304,paladin,retribution,30,16,14
Hùck,alexstrasza,1303,paladin,retribution,91,40,51
Holyroro,area-52,1300,paladin,retribution,26,15,11
Atrayeus,dawnbringer,1300,paladin,retribution,48,21,27
Oneminute,nerzhul,1299,paladin,retribution,42,21,21
Follower,sargeras,1299,paladin,retribution,61,29,32
Krawmwell,lothar,1298,paladin,retribution,48,31,17
Dzx,nemesis,1298,paladin,retribution,90,41,49
Gixpal,skullcrusher,1297,paladin,retribution,24,14,10
Vtyr,nemesis,1297,paladin,retribution,51,23,28
Sunwrath,quelthalas,1296,paladin,retribution,72,29,43
Athenariel,bleeding-hollow,1295,paladin,retribution,36,16,20
Pallytoot,aerie-peak,1294,paladin,retribution,24,15,9
Haiyaa,frostwolf,1294,paladin,retribution,30,14,16
Scubàlicous,magtheridon,1294,paladin,retribution,36,15,21
Paladingirl,darkspear,1292,paladin,retribution,92,50,42
Hwanko,tichondrius,1291,paladin,retribution,22,16,6
Vêndar,ragnaros,1289,paladin,retribution,78,33,45
Bizzaz,moon-guard,1288,paladin,retribution,32,15,17
Konthrus,azralon,1287,paladin,retribution,27,18,9
Tutankhammer,stormrage,1286,paladin,retribution,58,28,30
Critxx,tichondrius,1286,paladin,retribution,71,32,39
Heindallr,nemesis,1284,paladin,retribution,36,18,18
Navicc,zuljin,1279,paladin,retribution,29,14,15
Modjytech,tichondrius,1277,paladin,retribution,47,14,33
Mikehawkhuge,area-52,1276,paladin,retribution,42,22,20
Tonnerre,silvermoon,1276,paladin,retribution,43,21,22
Bullzor,aerie-peak,1275,paladin,retribution,20,15,5
Hinataa,illidan,1273,paladin,retribution,45,24,21
Webothhateme,tichondrius,1272,paladin,retribution,30,17,13
Khorgus,gundrak,1271,paladin,retribution,54,27,27
Happywow,tichondrius,1271,paladin,retribution,53,26,27
Jugheadqc,mugthol,1271,paladin,retribution,36,17,19
Mäýhëm,sargeras,1270,paladin,retribution,27,15,12
Melloow,azralon,1270,paladin,retribution,61,26,35
Jursch,emerald-dream,1268,paladin,retribution,48,18,30
Nqe,area-52,1264,paladin,retribution,26,14,12
Galaxahan,bonechewer,1262,paladin,retribution,64,30,34
Ajoladin,illidan,1262,paladin,retribution,42,16,26
Punative,darkspear,1262,paladin,retribution,48,16,32
Canadianeh,malganis,1260,paladin,retribution,66,28,38
Toyotasupra,azgalor,1258,paladin,retribution,36,21,15
Belena,jaedenar,1258,paladin,retribution,36,16,20
Aretwin,dalaran,1255,paladin,retribution,30,14,16
Balster,moon-guard,1254,paladin,retribution,43,18,25
Snowcrow,tichondrius,1251,paladin,retribution,50,18,32
Ulessys,bleeding-hollow,1250,paladin,retribution,42,22,20
Irantir,drakkari,1249,paladin,retribution,41,17,24
Szeq,tichondrius,1248,paladin,retribution,24,13,11
Zanthus,shadow-council,1248,paladin,retribution,24,13,11
Balrok,cenarius,1248,paladin,retribution,125,56,69
Venturep,azralon,1247,paladin,retribution,24,13,11
Genovah,sargeras,1246,paladin,retribution,18,13,5
Davinchi,laughing-skull,1246,paladin,retribution,41,24,17
Olixx,blackrock,1246,paladin,retribution,24,13,11
Beyönd,quelthalas,1246,paladin,retribution,30,13,17
Zephyrvalor,sargeras,1245,paladin,retribution,54,32,22
Semellem,bloodhoof,1245,paladin,retribution,24,13,11
Gainen,illidan,1245,paladin,retribution,35,17,18
Yuccalicious,area-52,1245,paladin,retribution,41,16,25
Moød,ragnaros,1244,paladin,retribution,27,14,13
Goons,frostmourne,1244,paladin,retribution,36,13,23
Doktavius,lightbringer,1243,paladin,retribution,24,13,11
Deployed,kaelthas,1243,paladin,retribution,36,13,23
Pocserpala,drakkari,1242,paladin,retribution,18,13,5
Bebitufiufiu,illidan,1242,paladin,retribution,24,13,11
Tedward,emerald-dream,1242,paladin,retribution,24,13,11
Såssy,moon-guard,1240,paladin,retribution,48,18,30
Saintpower,stormscale,1239,paladin,retribution,24,13,11
Rukkas,sargeras,1239,paladin,retribution,42,13,29
Deftonia,stormrage,1238,paladin,retribution,65,31,34
Perfectgirl,maiev,1238,paladin,retribution,50,22,28
Yiqieyouwei,proudmoore,1238,paladin,retribution,30,13,17
Ellyee,jaedenar,1238,paladin,retribution,40,14,26
Rigotakp,illidan,1237,paladin,retribution,24,13,11
Siaaryn,darkspear,1237,paladin,retribution,30,13,17
Pristinne,darkspear,1237,paladin,retribution,82,34,48
Sconey,andorhal,1237,paladin,retribution,34,14,20
Streetsaint,frostmourne,1236,paladin,retribution,36,21,15
Hammerzite,whisperwind,1234,paladin,retribution,24,13,11
Taîno,thrall,1232,paladin,retribution,32,16,16
Shiadfang,tichondrius,1231,paladin,retribution,30,13,17
Nicret,tichondrius,1230,paladin,retribution,18,13,5
Pàladwarf,stormrage,1229,paladin,retribution,27,14,13
Saucepally,laughing-skull,1229,paladin,retribution,36,18,18
Soana,alexstrasza,1228,paladin,retribution,60,38,22
Legible,tichondrius,1228,paladin,retribution,28,15,13
Lyricism,tichondrius,1227,paladin,retribution,24,13,11
Thorsenâ,sargeras,1226,paladin,retribution,27,17,10
Erethonis,bladefist,1226,paladin,retribution,24,13,11
Bulioevn,emerald-dream,1224,paladin,retribution,24,13,11
Vanthor,emerald-dream,1223,paladin,retribution,24,13,11
Amarith,queldorei,1222,paladin,retribution,64,25,39
Albion,sargeras,1222,paladin,retribution,36,13,23
Füriøsa,quelthalas,1221,paladin,retribution,59,29,30
Demihoj,illidan,1220,paladin,retribution,36,13,23
Uglymugz,area-52,1218,paladin,retribution,37,16,21
Shartea,moon-guard,1217,paladin,retribution,28,15,13
Redeviliu,tichondrius,1217,paladin,retribution,41,15,26
Shusekki,drakkari,1216,paladin,retribution,54,26,28
Suncrashkid,nerzhul,1215,paladin,retribution,24,20,4
Reptaur,bleeding-hollow,1214,paladin,retribution,34,18,16
Kalgormoth,ragnaros,1213,paladin,retribution,29,13,16
Brsjak,frostmourne,1212,paladin,retribution,41,18,23
Dárí,stormrage,1210,paladin,retribution,54,23,31
Huitz,drakkari,1207,paladin,retribution,42,19,23
Xenagos,akama,1207,paladin,retribution,30,13,17
Longinus,eredar,1206,paladin,retribution,24,13,11
Rediems,drakkari,1203,paladin,retribution,42,21,21
Noskill,moonrunner,1202,paladin,retribution,42,27,15
Stõnêdpimp,agamaggan,1201,paladin,retribution,29,13,16
Arnblass,magtheridon,1199,paladin,retribution,45,16,29
Cexus,tichondrius,1198,paladin,retribution,23,13,10
Oathden,area-52,1198,paladin,retribution,34,18,16
Finishearlyx,kelthuzad,1198,paladin,retribution,35,13,22
Drágons,stormrage,1196,paladin,retribution,54,24,30
Avelane,caelestrasz,1191,paladin,retribution,52,24,28
Dynamais,barthilas,1190,paladin,retribution,42,15,27
Zadragon,sargeras,1189,paladin,retribution,36,13,23
Sugnidrom,frostmourne,1179,paladin,retribution,28,13,15
Hokkan,quelthalas,1176,paladin,retribution,17,13,4
Schnabdain,exodar,1171,paladin,retribution,66,36,30
Linias,quelthalas,1169,paladin,retribution,21,14,7
Crosshammer,quelthalas,1168,paladin,retribution,36,17,19
Beastyone,tichondrius,1164,paladin,retribution,82,44,38
Soopadupa,trollbane,1164,paladin,retribution,68,36,32
Mechelle,thrall,1157,paladin,retribution,42,19,23
Meanlight,zuljin,1156,paladin,retribution,60,30,30
Tearet,tichondrius,1152,paladin,retribution,18,12,6
Huavi,tichondrius,1152,paladin,retribution,18,12,6
Puredecuy,ragnaros,1152,paladin,retribution,18,12,6
Scathol,tichondrius,1152,paladin,retribution,24,12,12
Vânguârds,tichondrius,1152,paladin,retribution,24,12,12
Cöjax,dalaran,1151,paladin,retribution,18,12,6
Rektwings,area-52,1151,paladin,retribution,24,12,12
Sukmyret,sargeras,1151,paladin,retribution,30,12,18
Dragynfist,malganis,1151,paladin,retribution,30,12,18
Dayuanzhong,tichondrius,1151,paladin,retribution,32,12,20
Juffury,illidan,1151,paladin,retribution,36,12,24
Xandia,aegwynn,1151,paladin,retribution,36,12,24
Traize,kelthuzad,1150,paladin,retribution,18,12,6
Mesmi,moon-guard,1150,paladin,retribution,24,12,12
Britanybich,area-52,1150,paladin,retribution,24,12,12
Jaikerino,emerald-dream,1150,paladin,retribution,30,12,18
Hurrîcane,illidan,1150,paladin,retribution,30,12,18
Yeeter,thrall,1149,paladin,retribution,24,12,12
Retosterone,stormrage,1149,paladin,retribution,30,12,18
Accépting,sargeras,1148,paladin,retribution,24,12,12
Ktwocrank,dalaran,1148,paladin,retribution,30,12,18
Bigdpally,frostmourne,1148,paladin,retribution,36,12,24
Fótm,bleeding-hollow,1147,paladin,retribution,24,12,12
Snoogans,korgath,1147,paladin,retribution,30,12,18
Cowsecration,ragnaros,1146,paladin,retribution,18,12,6
Barcar,area-52,1146,paladin,retribution,24,12,12
Xdiegox,stormrage,1145,paladin,retribution,30,12,18
Atterz,azralon,1144,paladin,retribution,30,12,18
Thoti,tichondrius,1143,paladin,retribution,25,12,13
Stormwinter,azralon,1143,paladin,retribution,36,12,24
Smorezz,bonechewer,1141,paladin,retribution,18,12,6
Ginbirdup,kelthuzad,1141,paladin,retribution,18,12,6
Aowynd,tichondrius,1141,paladin,retribution,55,29,26
Elbigboy,tichondrius,1140,paladin,retribution,83,42,41
Armstrongz,bleeding-hollow,1140,paladin,retribution,30,12,18
Victidin,quelthalas,1138,paladin,retribution,24,12,12
Scudstock,tichondrius,1138,paladin,retribution,48,22,26
Lucigiorna,stormrage,1136,paladin,retribution,36,14,22
Hijinxx,antonidas,1135,paladin,retribution,29,13,16
Arkanica,moon-guard,1135,paladin,retribution,30,12,18
Sophany,shattered-halls,1134,paladin,retribution,18,12,6
Arun,arthas,1128,paladin,retribution,33,15,18
Chbestafera,nemesis,1127,paladin,retribution,18,12,6
Damorte,ragnaros,1125,paladin,retribution,30,15,15
Sparkchaser,proudmoore,1125,paladin,retribution,24,12,12
Grimhammer,the-scryers,1123,paladin,retribution,50,27,23
Canadapants,kelthuzad,1120,paladin,retribution,18,12,6
Jxke,barthilas,1119,paladin,retribution,23,12,11
Zaklehblue,daggerspine,1118,paladin,retribution,60,24,36
Tronzyy,trollbane,1116,paladin,retribution,29,12,17
Deathwyz,thunderlord,1116,paladin,retribution,36,14,22
Sandicang,azuremyst,1114,paladin,retribution,36,18,18
Thal,silvermoon,1113,paladin,retribution,24,13,11
Kiergann,quelthalas,1112,paladin,retribution,36,12,24
Willhookah,azralon,1111,paladin,retribution,30,16,14
Palpinga,kelthuzad,1110,paladin,retribution,38,13,25
Vanillur,tichondrius,1109,paladin,retribution,38,16,22
Wasimodo,emerald-dream,1106,paladin,retribution,54,28,26
Greatgirthy,hyjal,1106,paladin,retribution,30,13,17
Galeatus,tichondrius,1102,paladin,retribution,35,13,22
Aellâ,bloodscalp,1096,paladin,retribution,68,33,35
Joelanson,blood-furnace,1092,paladin,retribution,30,16,14
Omenix,laughing-skull,1091,paladin,retribution,29,12,17
Cheesetitan,tichondrius,1090,paladin,retribution,52,22,30
Billnighy,alleria,1089,paladin,retribution,30,14,16
Mcbraín,quelthalas,1089,paladin,retribution,30,12,18
Trappadin,sargeras,1088,paladin,retribution,24,12,12
Killumminati,tichondrius,1087,paladin,retribution,21,13,8
Salvations,queldorei,1085,paladin,retribution,30,15,15
Judgmentor,malganis,1080,paladin,retribution,34,12,22
Orestis,stormrage,1079,paladin,retribution,23,12,11
Jinfandi,gurubashi,1079,paladin,retribution,30,12,18
Bubblegums,nagrand,1078,paladin,retribution,63,36,27
Eliasor,illidan,1077,paladin,retribution,18,13,5
Zir,frostmourne,1077,paladin,retribution,41,21,20
Clefairy,arathor,1076,paladin,retribution,39,23,16
Yusha,barthilas,1066,paladin,retribution,17,12,5
Kittylickers,tichondrius,1066,paladin,retribution,48,25,23
Alairius,tichondrius,1059,paladin,retribution,17,13,4
Andras,emerald-dream,1059,paladin,retribution,22,12,10
Andelko,tichondrius,1056,paladin,retribution,18,11,7
Makayla,kiljaeden,1056,paladin,retribution,24,11,13
Siq,arthas,1056,paladin,retribution,30,11,19
Hefaista,ragnaros,1056,paladin,retribution,30,11,19
Shôtgun,tichondrius,1056,paladin,retribution,30,11,19
Saakadin,illidan,1055,paladin,retribution,18,11,7
Pallysmack,stormrage,1055,paladin,retribution,24,11,13
Miemiesage,illidan,1055,paladin,retribution,24,11,13
Whosyadaddy,tichondrius,1055,paladin,retribution,24,11,13
Keenos,frostmourne,1054,paladin,retribution,18,11,7
Hrota,laughing-skull,1054,paladin,retribution,18,11,7
Pallyzo,zuljin,1054,paladin,retribution,24,11,13
Minitas,blackrock,1054,paladin,retribution,24,11,13
Varaben,sargeras,1054,paladin,retribution,36,11,25
Zayblade,dragonblight,1053,paladin,retribution,18,11,7
Midheaven,moon-guard,1053,paladin,retribution,18,11,7
Sancthia,area-52,1053,paladin,retribution,24,11,13
Cripplemakër,stormrage,1052,paladin,retribution,18,11,7
Vynesonia,emerald-dream,1052,paladin,retribution,21,12,9
Brolando,hyjal,1052,paladin,retribution,24,11,13
Shlaps,crushridge,1051,paladin,retribution,18,11,7
Iesous,kiljaeden,1051,paladin,retribution,18,11,7
Pijbins,moon-guard,1051,paladin,retribution,18,11,7
Athenauwu,illidan,1051,paladin,retribution,24,11,13
Libertylol,tichondrius,1051,paladin,retribution,28,12,16
Ranthoril,hydraxis,1050,paladin,retribution,12,11,1
Exulta,illidan,1050,paladin,retribution,42,23,19
Kaélthas,eonar,1050,paladin,retribution,24,11,13
Wwanntae,tichondrius,1050,paladin,retribution,30,11,19
Ødin,turalyon,1049,paladin,retribution,18,11,7
Mangguo,tichondrius,1049,paladin,retribution,24,11,13
Lïgma,dalaran,1048,paladin,retribution,18,11,7
Mfgspally,kelthuzad,1048,paladin,retribution,24,11,13
Theldart,ragnaros,1046,paladin,retribution,24,11,13
Simplesam,draenor,1046,paladin,retribution,30,11,19
Statícx,ragnaros,1045,paladin,retribution,25,12,13
Guji,jubeithos,1045,paladin,retribution,24,11,13
Dedsxy,tichondrius,1045,paladin,retribution,24,11,13
Kalboko,twisting-nether,1045,paladin,retribution,27,12,15
Retman,azuremyst,1045,paladin,retribution,30,11,19
Sïrenek,tichondrius,1044,paladin,retribution,19,11,8
Lostkanvas,azralon,1043,paladin,retribution,18,11,7
Snowcrest,cenarius,1043,paladin,retribution,24,11,13
Popwingzz,sargeras,1043,paladin,retribution,30,11,19
Brucedwal,moon-guard,1041,paladin,retribution,18,11,7
Mikezheng,tichondrius,1039,paladin,retribution,30,11,19
Bayaz,emerald-dream,1038,paladin,retribution,18,11,7
Gramaton,malfurion,1034,paladin,retribution,30,11,19
Jeinova,barthilas,1033,paladin,retribution,30,20,10
Thanatiel,area-52,1033,paladin,retribution,27,15,12
Mortika,frostmourne,1033,paladin,retribution,30,14,16
Fortueni,illidan,1024,paladin,retribution,70,39,31
Galatus,tichondrius,1023,paladin,retribution,23,11,12
Mordered,proudmoore,1022,paladin,retribution,28,11,17
Lejeñd,stormrage,1021,paladin,retribution,35,11,24
Thirtyfivemm,area-52,1020,paladin,retribution,24,11,13
Missoutale,aerie-peak,1020,paladin,retribution,70,27,43
Carliitoz,quelthalas,1020,paladin,retribution,29,11,18
Furnost,drenden,1019,paladin,retribution,23,11,12
Meltedcheese,destromath,1018,paladin,retribution,24,11,13
Dralkou,kaelthas,1015,paladin,retribution,32,12,20
Kènjii,sargeras,1009,paladin,retribution,34,16,18
Sanctum,barthilas,1008,paladin,retribution,135,65,70
Foofs,shadowmoon,1007,paladin,retribution,23,11,12
Durothar,dalaran,1006,paladin,retribution,24,11,13
Whathehell,black-dragonflight,1001,paladin,retribution,29,14,15
Atreuss,moon-guard,996,paladin,retribution,24,12,12
Tøpbløke,frostmourne,993,paladin,retribution,25,12,13
Tyrswrath,sargeras,992,paladin,retribution,36,19,17
Avlystein,wyrmrest-accord,991,paladin,retribution,59,17,42
Paim,tol-barad,990,paladin,retribution,26,11,15
Bladetm,proudmoore,989,paladin,retribution,23,11,12
Lêe,dalaran,987,paladin,retribution,15,12,3
Tharkeves,cenarius,987,paladin,retribution,22,11,11
Holyshôckz,stormrage,983,paladin,retribution,29,11,18
Cuthroat,area-52,978,paladin,retribution,98,49,49
Johnyfresh,jubeithos,977,paladin,retribution,33,12,21
Garruckadin,dalaran,976,paladin,retribution,19,11,8
Hammerhitter,lightbringer,972,paladin,retribution,36,14,22
Ghøjan,malganis,968,paladin,retribution,17,11,6
Didymus,boulderfist,968,paladin,retribution,30,13,17
Biggin,garona,963,paladin,retribution,54,13,41
Meleegodx,darkspear,960,paladin,retribution,18,10,8
Zeyrox,stormrage,960,paladin,retribution,18,10,8
Kmackk,tichondrius,960,paladin,retribution,18,10,8
Caperx,tichondrius,960,paladin,retribution,24,10,14
Incubus,rexxar,960,paladin,retribution,24,10,14
Komonai,illidan,960,paladin,retribution,24,10,14
Awbie,moon-guard,960,paladin,retribution,24,10,14
Kikazaru,moon-guard,960,paladin,retribution,30,10,20
Atair,antonidas,959,paladin,retribution,12,10,2
Avati,sargeras,959,paladin,retribution,12,10,2
Darguen,ragnaros,959,paladin,retribution,16,11,5
Ibustcheeks,sargeras,959,paladin,retribution,18,10,8
Palajeans,stormrage,959,paladin,retribution,18,10,8
Clubs,sargeras,959,paladin,retribution,18,10,8
Zcho,proudmoore,959,paladin,retribution,18,10,8
Daeyang,tichondrius,959,paladin,retribution,18,10,8
Chajaaro,ragnaros,959,paladin,retribution,18,10,8
Kayaman,tichondrius,959,paladin,retribution,18,10,8
Helldevil,zuljin,959,paladin,retribution,24,10,14
Déathkiing,area-52,959,paladin,retribution,24,10,14
Gellehar,barthilas,959,paladin,retribution,24,10,14
Tofuupal,tichondrius,959,paladin,retribution,24,10,14
Wing,frostwolf,959,paladin,retribution,24,10,14
Dontaylor,tichondrius,959,paladin,retribution,24,10,14
Anafensa,malganis,959,paladin,retribution,30,10,20
Zensargge,tichondrius,959,paladin,retribution,36,10,26
Runö,frostmourne,959,paladin,retribution,37,10,27
Thepinkdept,proudmoore,958,paladin,retribution,18,10,8
Ssparkk,stormrage,958,paladin,retribution,18,10,8
Nuggetpusher,thunderlord,958,paladin,retribution,21,10,11
Cryptdog,illidan,958,paladin,retribution,21,10,11
Skilladin,zuljin,958,paladin,retribution,24,10,14
Verdicts,moon-guard,958,paladin,retribution,30,10,20
Pockopea,arygos,957,paladin,retribution,18,10,8
Grünt,ragnaros,957,paladin,retribution,18,10,8
Luxord,ysera,957,paladin,retribution,22,11,11
Angriel,azralon,957,paladin,retribution,24,10,14
Wagyou,skywall,957,paladin,retribution,24,10,14
Esçanór,darkspear,957,paladin,retribution,24,10,14
Vulkaros,azralon,956,paladin,retribution,12,10,2
Rusinator,bonechewer,956,paladin,retribution,18,10,8
Xalixxa,wyrmrest-accord,956,paladin,retribution,18,10,8
Solgrïm,wyrmrest-accord,956,paladin,retribution,18,10,8
Kokuryuha,quelthalas,956,paladin,retribution,33,16,17
Temote,anvilmar,956,paladin,retribution,24,10,14
Vejita,frostmourne,955,paladin,retribution,18,10,8
Heälmeñow,tichondrius,955,paladin,retribution,24,10,14
Winbott,sargeras,955,paladin,retribution,30,10,20
Naghret,area-52,954,paladin,retribution,18,10,8
Cacaine,goldrinn,954,paladin,retribution,21,11,10
Sòl,stormrage,954,paladin,retribution,24,10,14
Hiikari,silver-hand,953,paladin,retribution,18,10,8
Justsmiteit,dalaran,953,paladin,retribution,18,10,8
Giltronix,thrall,952,paladin,retribution,18,10,8
Exeneyder,elune,952,paladin,retribution,25,10,15
ßlððdyßðnez,malganis,949,paladin,retribution,18,10,8
Xhotbutters,korgath,945,paladin,retribution,31,13,18
Nadrela,burning-blade,944,paladin,retribution,18,10,8
Luke,frostwolf,943,paladin,retribution,23,10,13
Ekyu,sargeras,942,paladin,retribution,19,12,7
Thørîm,nazjatar,941,paladin,retribution,24,10,14
Bigjwpb,illidan,935,paladin,retribution,106,48,58
Nerfret,zuljin,926,paladin,retribution,14,11,3
Superzooted,sargeras,925,paladin,retribution,22,10,12
Diësëlsmoke,bronzebeard,917,paladin,retribution,18,10,8
Sosalo,sargeras,912,paladin,retribution,39,15,24
Thørmento,azralon,912,paladin,retribution,33,10,23
Rönän,sargeras,911,paladin,retribution,17,10,7
Rebukezz,dalaran,911,paladin,retribution,23,10,13
Drtom,mannoroth,908,paladin,retribution,21,10,11
Lilsquirt,proudmoore,901,paladin,retribution,23,14,9
Zentrick,whisperwind,898,paladin,retribution,24,10,14
Goldranger,hakkar,896,paladin,retribution,36,18,18
Luret,tichondrius,896,paladin,retribution,22,10,12
Keu,emerald-dream,896,paladin,retribution,51,16,35
Elcíd,quelthalas,895,paladin,retribution,34,10,24
Toguro,kelthuzad,894,paladin,retribution,22,10,12
Reti,ursin,872,paladin,retribution,95,46,49
Toepuller,doomhammer,866,paladin,retribution,24,11,13
Chadsteroid,sargeras,864,paladin,retribution,12,9,3
Chrigpal,tichondrius,864,paladin,retribution,12,9,3
Warstompgg,ragnaros,864,paladin,retribution,12,9,3
Kaetix,frostmourne,864,paladin,retribution,12,9,3
Slivkoff,wyrmrest-accord,864,paladin,retribution,12,9,3
Naughtygames,area-52,864,paladin,retribution,12,9,3
Wölfheärt,tichondrius,864,paladin,retribution,12,9,3
Bigdixss,tichondrius,864,paladin,retribution,18,9,9
Wogyu,area-52,864,paladin,retribution,18,9,9
Beardedbrute,korgath,864,paladin,retribution,18,9,9
Brohtato,area-52,864,paladin,retribution,18,9,9
Hardnow,emerald-dream,864,paladin,retribution,18,9,9
Miktley,area-52,864,paladin,retribution,18,9,9
Samphlty,azralon,864,paladin,retribution,18,9,9
Axeliee,kiljaeden,864,paladin,retribution,18,9,9
Huuzhaa,tichondrius,864,paladin,retribution,18,9,9
Beefdaddyx,tichondrius,864,paladin,retribution,18,9,9
Héber,nemesis,864,paladin,retribution,18,9,9
Alicê,moon-guard,864,paladin,retribution,18,9,9
Redemptiøn,nemesis,864,paladin,retribution,18,9,9
Kishou,stormrage,864,paladin,retribution,21,10,11
Diebygcd,tichondrius,864,paladin,retribution,19,9,10
Galedance,tichondrius,864,paladin,retribution,22,10,12
Lit,alexstrasza,864,paladin,retribution,22,10,12
Justeight,stormrage,864,paladin,retribution,21,9,12
Wde,zuljin,864,paladin,retribution,25,10,15
Traevel,moon-guard,864,paladin,retribution,24,9,15
Gabbynator,emerald-dream,864,paladin,retribution,24,9,15
Promethèus,jubeithos,864,paladin,retribution,24,9,15
Geospawn,tichondrius,864,paladin,retribution,24,9,15
Pérona,tichondrius,864,paladin,retribution,24,9,15
Pistis,kelthuzad,864,paladin,retribution,24,9,15
Saintgeórge,frostmourne,864,paladin,retribution,25,9,16
Sweetcandy,sargeras,863,paladin,retribution,12,9,3
Theseusz,tichondrius,863,paladin,retribution,12,9,3
Inquisídor,nemesis,863,paladin,retribution,12,9,3
Berryblast,shadowmoon,863,paladin,retribution,12,9,3
Merculios,stormrage,863,paladin,retribution,12,9,3
Avacii,illidan,863,paladin,retribution,18,9,9
Mormdring,fizzcrank,863,paladin,retribution,18,9,9
Røshea,hydraxis,863,paladin,retribution,18,9,9
Heizero,area-52,863,paladin,retribution,18,9,9
Veroth,caelestrasz,863,paladin,retribution,18,9,9
Articilia,ragnaros,863,paladin,retribution,18,9,9
Blasstar,quelthalas,863,paladin,retribution,18,9,9
Paliwarrior,illidan,863,paladin,retribution,18,9,9
Sniper,uther,863,paladin,retribution,18,9,9
Enril,azgalor,863,paladin,retribution,18,9,9
Loraven,wyrmrest-accord,863,paladin,retribution,18,9,9
Teewrecks,frostmourne,863,paladin,retribution,18,9,9
Detrimentãl,nagrand,863,paladin,retribution,24,9,15
Rivzx,tichondrius,863,paladin,retribution,24,9,15
Caonizumu,area-52,863,paladin,retribution,24,9,15
Galadriele,zuljin,863,paladin,retribution,24,9,15
Xeldar,tichondrius,863,paladin,retribution,24,9,15
Tåine,suramar,863,paladin,retribution,24,9,15
Zerohöur,emerald-dream,863,paladin,retribution,30,9,21
Salaminhoo,azralon,862,paladin,retribution,12,9,3
Badboí,azralon,862,paladin,retribution,12,9,3
Playandrunn,illidan,862,paladin,retribution,18,9,9
Restitution,area-52,862,paladin,retribution,24,9,15
Kelthálas,illidan,862,paladin,retribution,24,9,15
Stevas,khazgoroth,861,paladin,retribution,12,9,3
Industry,firetree,861,paladin,retribution,15,10,5
Vexxa,nerzhul,861,paladin,retribution,18,9,9
Rennalux,stormrage,861,paladin,retribution,24,9,15
Cyäbyë,frostmourne,860,paladin,retribution,18,9,9
Aeroßlaze,dragonmaw,860,paladin,retribution,18,9,9
Pallyhealed,tichondrius,860,paladin,retribution,21,9,12
Emmastoned,bleeding-hollow,860,paladin,retribution,24,9,15
Tekar,altar-of-storms,860,paladin,retribution,30,9,21
Bainn,nerzhul,859,paladin,retribution,18,10,8
Khetzi,thunderhorn,859,paladin,retribution,18,9,9
Layonthis,the-venture-co,859,paladin,retribution,18,9,9
Derethen,emerald-dream,858,paladin,retribution,18,9,9
Irongiant,grizzly-hills,858,paladin,retribution,18,9,9
Alysca,tichondrius,858,paladin,retribution,18,9,9
Holyzeen,darkspear,857,paladin,retribution,17,11,6
Alerz,moon-guard,857,paladin,retribution,15,9,6
Tatánka,ragnaros,847,paladin,retribution,18,9,9
Leyon,alterac-mountains,847,paladin,retribution,18,9,9
Varlip,wyrmrest-accord,847,paladin,retribution,29,9,20
Draerys,drakkari,845,paladin,retribution,12,9,3
Morthalos,moon-guard,845,paladin,retribution,23,9,14
Rensvall,frostmourne,844,paladin,retribution,18,9,9
Hotdgwatr,bleeding-hollow,843,paladin,retribution,24,10,14
Avaheal,dragonmaw,842,paladin,retribution,23,9,14
Pallehx,tichondrius,831,paladin,retribution,23,9,14
Anyatay,ragnaros,825,paladin,retribution,41,9,32
Cozzey,amanthul,810,paladin,retribution,17,9,8
Thadose,bonechewer,808,paladin,retribution,22,9,13
Páláx,stormrage,806,paladin,retribution,27,9,18
Ðetroity,stormrage,800,paladin,retribution,21,10,11
Lizzyz,illidan,799,paladin,retribution,20,9,11
Marvallous,area-52,799,paladin,retribution,22,9,13
Erós,azralon,798,paladin,retribution,22,9,13
Lightfdre,rexxar,797,paladin,retribution,33,11,22
Jdisco,bonechewer,782,paladin,retribution,19,9,10
Noholy,nemesis,777,paladin,retribution,31,10,21
Deltajk,drakkari,771,paladin,retribution,24,9,15
Kadryck,drakkari,768,paladin,retribution,12,8,4
Soymilkdrnka,sargeras,768,paladin,retribution,12,8,4
Laboøn,stormrage,768,paladin,retribution,12,8,4
Clee,sargeras,768,paladin,retribution,12,8,4
Swellows,tichondrius,768,paladin,retribution,12,8,4
Virrata,tichondrius,768,paladin,retribution,12,8,4
Djangø,azuremyst,768,paladin,retribution,12,8,4
Arellis,barthilas,768,paladin,retribution,12,8,4
Strøngkiing,bleeding-hollow,768,paladin,retribution,12,8,4
Dasp,nagrand,768,paladin,retribution,12,8,4
Gannecus,bleeding-hollow,768,paladin,retribution,12,8,4
Mortalbeef,zuljin,768,paladin,retribution,12,8,4
Tanishalfelf,stormrage,768,paladin,retribution,12,8,4
Unicornslayr,antonidas,768,paladin,retribution,12,8,4
Tolliver,area-52,768,paladin,retribution,12,8,4
Schmïtty,tichondrius,768,paladin,retribution,12,8,4
Bubblless,thrall,768,paladin,retribution,12,8,4
Oneshotman,stormrage,768,paladin,retribution,12,8,4
Nornix,fenris,768,paladin,retribution,12,8,4
Cutebtw,zuljin,768,paladin,retribution,16,9,7
Grimreaperx,azralon,768,paladin,retribution,17,8,9
Bubbletaunt,frostmourne,768,paladin,retribution,18,8,10
Hojdin,tichondrius,768,paladin,retribution,18,8,10
Gorostas,kelthuzad,768,paladin,retribution,18,8,10
Jebpal,tichondrius,768,paladin,retribution,18,8,10
Kuico,ragnaros,768,paladin,retribution,18,8,10
Ponytail,dark-iron,768,paladin,retribution,18,8,10
Aurken,ragnaros,768,paladin,retribution,18,8,10
Tævèn,tichondrius,768,paladin,retribution,18,8,10
Jakkatähn,malganis,768,paladin,retribution,18,8,10
Anjurus,moon-guard,768,paladin,retribution,18,8,10
Blackpie,bleeding-hollow,768,paladin,retribution,18,8,10
Roshord,quelthalas,768,paladin,retribution,18,8,10
Jachugz,tichondrius,768,paladin,retribution,18,8,10
Hamerfall,tichondrius,768,paladin,retribution,18,8,10
Nozfferatu,drakkari,768,paladin,retribution,18,8,10
Hôtt,kul-tiras,768,paladin,retribution,18,8,10
Torosagrado,drakkari,768,paladin,retribution,18,8,10
Shakalot,illidan,768,paladin,retribution,18,8,10
Vibránium,tichondrius,768,paladin,retribution,24,8,16
Zoliz,tichondrius,768,paladin,retribution,24,8,16
Isayas,tichondrius,768,paladin,retribution,24,8,16
Rexpeitaboot,azralon,768,paladin,retribution,24,8,16
Bubbleblade,burning-blade,768,paladin,retribution,24,8,16
Duffnroses,tichondrius,768,paladin,retribution,24,8,16
Fây,sargeras,768,paladin,retribution,24,8,16
Ðori,tichondrius,768,paladin,retribution,24,8,16
Theholysword,tichondrius,768,paladin,retribution,30,8,22
Garethorne,illidan,768,paladin,retribution,30,8,22
Chewyjitsu,tichondrius,767,paladin,retribution,12,8,4
Hqknight,moon-guard,767,paladin,retribution,12,8,4
Smitetheweak,rivendare,767,paladin,retribution,12,8,4
Mægenta,tichondrius,767,paladin,retribution,12,8,4
Greybrox,barthilas,767,paladin,retribution,12,8,4
Dachenkov,tichondrius,767,paladin,retribution,12,8,4
Pinelli,aegwynn,767,paladin,retribution,12,8,4
Husurdaddy,dalaran,767,paladin,retribution,12,8,4
Galanblack,dalaran,767,paladin,retribution,12,8,4
Alphanerd,burning-blade,767,paladin,retribution,12,8,4
Beachyo,tichondrius,767,paladin,retribution,12,8,4
Keit,moon-guard,767,paladin,retribution,12,8,4
Imhardirl,area-52,767,paladin,retribution,12,8,4
Wickedpälly,kelthuzad,767,paladin,retribution,12,8,4
Kiboko,tichondrius,767,paladin,retribution,13,8,5
Amlovích,quelthalas,767,paladin,retribution,18,8,10
Buddyolpally,proudmoore,767,paladin,retribution,18,8,10
Pallynation,korgath,767,paladin,retribution,18,8,10
Nightfallz,farstriders,767,paladin,retribution,18,8,10
Bruhstice,area-52,767,paladin,retribution,18,8,10
Arreliya,sargeras,767,paladin,retribution,18,8,10
Antarcticala,frostmourne,767,paladin,retribution,18,8,10
Fogonaventa,nemesis,767,paladin,retribution,18,8,10
Phanna,the-forgotten-coast,767,paladin,retribution,18,8,10
Ironcoco,ragnaros,767,paladin,retribution,18,8,10
Ashess,sargeras,767,paladin,retribution,18,8,10
Doobiehigh,proudmoore,767,paladin,retribution,18,8,10
Dontsleep,magtheridon,767,paladin,retribution,18,8,10
Nutsmashèr,illidan,767,paladin,retribution,18,8,10
Sermon,moon-guard,767,paladin,retribution,18,8,10
Throwable,illidan,767,paladin,retribution,18,8,10
Sconci,whisperwind,767,paladin,retribution,18,8,10
Holyskeeter,thunderhorn,767,paladin,retribution,19,8,11
Dcountt,area-52,767,paladin,retribution,24,8,16
Krinkin,illidan,767,paladin,retribution,24,8,16
Ragarèn,emerald-dream,767,paladin,retribution,24,8,16
Kylarha,stormrage,766,paladin,retribution,12,8,4
Passion,wyrmrest-accord,766,paladin,retribution,12,8,4
Deesqueezie,area-52,766,paladin,retribution,12,8,4
Lainn,zuljin,766,paladin,retribution,12,8,4
Dresdén,skullcrusher,766,paladin,retribution,12,8,4
Otorten,bladefist,766,paladin,retribution,12,8,4
Mathieü,zuljin,766,paladin,retribution,18,8,10
Chippo,aegwynn,766,paladin,retribution,18,8,10
Xoxoxoxoxoxo,aegwynn,766,paladin,retribution,18,8,10
Oschy,moon-guard,766,paladin,retribution,18,8,10
Holyfilers,thunderlord,766,paladin,retribution,24,8,16
Carolena,thaurissan,766,paladin,retribution,24,8,16
Wlq,frostmourne,766,paladin,retribution,24,8,16
Gírthbrooks,hyjal,765,paladin,retribution,12,8,4
Nikinaki,stormrage,765,paladin,retribution,12,8,4
Cederas,sargeras,765,paladin,retribution,12,8,4
Krixes,firetree,765,paladin,retribution,18,8,10
Gigadorff,stormrage,765,paladin,retribution,18,8,10
Ichigò,sargeras,765,paladin,retribution,18,8,10
Butchur,area-52,765,paladin,retribution,24,8,16
Xanamun,magtheridon,764,paladin,retribution,18,8,10
Iceburg,shadowmoon,764,paladin,retribution,18,8,10
Yenkmeilleur,zuljin,763,paladin,retribution,12,8,4
Deathblazer,blades-edge,763,paladin,retribution,18,8,10
Goldfînger,zuljin,763,paladin,retribution,18,8,10
Guccii,quelthalas,763,paladin,retribution,18,8,10
Jebadia,proudmoore,762,paladin,retribution,12,8,4
Gys,ragnaros,762,paladin,retribution,18,8,10
Flisk,garona,761,paladin,retribution,12,8,4
Eldirn,bleeding-hollow,761,paladin,retribution,12,8,4
Lucifuge,twisting-nether,760,paladin,retribution,12,8,4
Drekgor,drakkari,760,paladin,retribution,18,8,10
Eetswaz,frostmourne,759,paladin,retribution,18,9,9
Volorick,dalaran,759,paladin,retribution,26,8,18
Aladid,aggramar,758,paladin,retribution,12,8,4
Populate,tichondrius,752,paladin,retribution,12,8,4
Fumaçaa,nemesis,751,paladin,retribution,18,8,10
Maelie,shadowmoon,749,paladin,retribution,12,8,4
Yulasa,area-52,735,paladin,retribution,14,9,5
Tonimâster,misha,735,paladin,retribution,17,8,9
Hekki,ragnaros,735,paladin,retribution,19,8,11
Decareos,tichondrius,719,paladin,retribution,17,8,9
Nohpalli,kelthuzad,718,paladin,retribution,17,8,9
Mádz,ragnaros,718,paladin,retribution,17,8,9
Mareaaturbo,azralon,716,paladin,retribution,17,8,9
Lilbursty,tichondrius,714,paladin,retribution,19,9,10
Andorsi,elune,714,paladin,retribution,21,9,12
Pantheeon,altar-of-storms,713,paladin,retribution,30,9,21
Connextion,terenas,704,paladin,retribution,16,8,8
Swurvezx,bleeding-hollow,703,paladin,retribution,11,8,3
Iammj,skywall,703,paladin,retribution,11,8,3
Wadalee,tichondrius,702,paladin,retribution,26,8,18
Procs,hyjal,701,paladin,retribution,11,9,2
Palaðu,azralon,700,paladin,retribution,14,8,6
Àmárìs,tichondrius,700,paladin,retribution,16,8,8
Turtlehoof,thrall,684,paladin,retribution,19,8,11
Nosferätu,illidan,672,paladin,retribution,12,7,5
Bighoochie,moon-guard,672,paladin,retribution,12,7,5
Holreshee,tichondrius,672,paladin,retribution,12,7,5
Arkoth,kelthuzad,672,paladin,retribution,12,7,5
Fakesimp,illidan,672,paladin,retribution,12,7,5
Araguaney,bleeding-hollow,672,paladin,retribution,12,7,5
Holycar,illidan,672,paladin,retribution,12,7,5
Montyer,ragnaros,672,paladin,retribution,12,7,5
Cillessá,kelthuzad,672,paladin,retribution,12,7,5
Bomdia,stormrage,672,paladin,retribution,12,7,5
Gattís,stormrage,672,paladin,retribution,12,7,5
Dabbicus,tichondrius,672,paladin,retribution,12,7,5
Hèlfar,wyrmrest-accord,672,paladin,retribution,12,7,5
Iloveket,blackrock,672,paladin,retribution,12,7,5
Noitra,azralon,672,paladin,retribution,12,7,5
Nest,stormrage,672,paladin,retribution,12,7,5
Celethor,wyrmrest-accord,672,paladin,retribution,12,7,5
Armstrong,azralon,672,paladin,retribution,12,7,5
Chäinswellx,area-52,672,paladin,retribution,12,7,5
Syreqt,nemesis,672,paladin,retribution,12,7,5
Paltarrd,bleeding-hollow,672,paladin,retribution,12,7,5
Âllmíght,quelthalas,672,paladin,retribution,12,7,5
Zaxxous,hyjal,672,paladin,retribution,12,7,5
Zözo,zuljin,672,paladin,retribution,12,7,5
Aurðra,kiljaeden,672,paladin,retribution,12,7,5
Cathode,area-52,672,paladin,retribution,12,7,5
Cesah,tichondrius,672,paladin,retribution,12,7,5
Theehopper,shandris,672,paladin,retribution,12,7,5
Ròwdy,area-52,672,paladin,retribution,12,7,5
Mes,dragonmaw,672,paladin,retribution,12,7,5
Aiethyria,tichondrius,672,paladin,retribution,12,7,5
Mikâel,cairne,672,paladin,retribution,12,7,5
Greatwyrm,illidan,672,paladin,retribution,12,7,5
Pathalerix,eonar,672,paladin,retribution,12,7,5
Trejetë,tichondrius,672,paladin,retribution,12,7,5
Greasy,quelthalas,672,paladin,retribution,12,7,5
Shadoweelite,sargeras,672,paladin,retribution,12,7,5
Unitiss,velen,672,paladin,retribution,12,7,5
Wèbb,burning-legion,672,paladin,retribution,12,7,5
Lhacius,drakkari,672,paladin,retribution,16,8,8
Thazadin,barthilas,672,paladin,retribution,16,8,8
Auxilio,arathor,672,paladin,retribution,18,7,11
Loyality,sargeras,672,paladin,retribution,18,7,11
Draenkz,quelthalas,672,paladin,retribution,18,7,11
Hakson,stormrage,672,paladin,retribution,18,7,11
Moistbible,kelthuzad,672,paladin,retribution,18,7,11
Polypal,zuljin,672,paladin,retribution,18,7,11
Cliftôn,illidan,672,paladin,retribution,18,7,11
Velarelan,moon-guard,672,paladin,retribution,18,7,11
Kloud,sargeras,672,paladin,retribution,18,7,11
Amntir,sargeras,672,paladin,retribution,18,7,11
Ziti,bonechewer,672,paladin,retribution,18,7,11
Fossilz,sargeras,672,paladin,retribution,18,7,11
Tothegravetv,illidan,672,paladin,retribution,18,7,11
Kaupe,barthilas,672,paladin,retribution,18,7,11
Trfreedomz,frostmourne,672,paladin,retribution,18,7,11
Kipow,proudmoore,672,paladin,retribution,18,7,11
Cuteluna,tichondrius,672,paladin,retribution,18,7,11
Teamamerica,proudmoore,672,paladin,retribution,18,7,11
Friendfriend,proudmoore,672,paladin,retribution,18,7,11
Uoenò,moon-guard,672,paladin,retribution,18,7,11
Hølyshyt,tichondrius,672,paladin,retribution,18,7,11
Gummybearz,doomhammer,672,paladin,retribution,18,7,11
Michaelsmith,frostmourne,672,paladin,retribution,18,7,11
Aledin,frostmourne,672,paladin,retribution,18,7,11
Shoresy,terokkar,672,paladin,retribution,18,7,11
Palaxoto,nemesis,672,paladin,retribution,21,8,13
Sôck,zuljin,672,paladin,retribution,20,7,13
Hayden,stormscale,672,paladin,retribution,24,7,17
Haimdallr,azralon,672,paladin,retribution,24,7,17
Thenextx,illidan,672,paladin,retribution,24,7,17
Ganan,frostmane,672,paladin,retribution,24,7,17
Goozlight,area-52,672,paladin,retribution,24,7,17
Goldmembër,malganis,672,paladin,retribution,24,7,17
Ledster,kelthuzad,672,paladin,retribution,24,7,17
Lestaroth,goldrinn,672,paladin,retribution,24,7,17
Thantore,scilla,672,paladin,retribution,24,7,17
Cryof,illidan,672,paladin,retribution,30,7,23
Ironpaladin,sargeras,671,paladin,retribution,12,7,5
Crematória,azralon,671,paladin,retribution,12,7,5
Puresight,kelthuzad,671,paladin,retribution,12,7,5
Azëitona,azralon,671,paladin,retribution,12,7,5
Darktank,malganis,671,paladin,retribution,12,7,5
Darawin,korgath,671,paladin,retribution,12,7,5
Torujo,drakkari,671,paladin,retribution,12,7,5
Tonytoi,aegwynn,671,paladin,retribution,12,7,5
Thorean,sargeras,671,paladin,retribution,12,7,5
Neutroo,stormrage,671,paladin,retribution,12,7,5
Jaybbers,malganis,671,paladin,retribution,12,7,5
Emethala,windrunner,671,paladin,retribution,12,7,5
Koohny,stormrage,671,paladin,retribution,12,7,5
Stonekey,warsong,671,paladin,retribution,12,7,5
Lystia,malfurion,671,paladin,retribution,12,7,5
Miitt,blackrock,671,paladin,retribution,12,7,5
Showfet,dalaran,671,paladin,retribution,16,8,8
Auriol,azshara,671,paladin,retribution,14,7,7
Ziberax,chogall,671,paladin,retribution,16,7,9
Sona,jubeithos,671,paladin,retribution,18,7,11
Tyelca,zuljin,671,paladin,retribution,18,7,11
Äeriah,fizzcrank,671,paladin,retribution,18,7,11
Misskilljoy,proudmoore,671,paladin,retribution,18,7,11
Kaidoz,aegwynn,671,paladin,retribution,18,7,11
Giorgyos,ragnaros,671,paladin,retribution,18,7,11
Ane,gorefiend,671,paladin,retribution,18,7,11
Valtariel,wyrmrest-accord,671,paladin,retribution,18,7,11
Golozzakum,tichondrius,671,paladin,retribution,18,7,11
Vaelicus,emerald-dream,671,paladin,retribution,18,7,11
Sozmsjackson,barthilas,671,paladin,retribution,21,8,13
Aduhrawl,moon-guard,671,paladin,retribution,24,7,17
Doraléous,illidan,671,paladin,retribution,24,7,17
Holychach,tichondrius,670,paladin,retribution,12,7,5
Agonyss,quelthalas,670,paladin,retribution,12,7,5
Hanno,azshara,670,paladin,retribution,12,7,5
Riek,sargeras,670,paladin,retribution,16,8,8
Rampetos,mannoroth,670,paladin,retribution,18,7,11
Tpane,kelthuzad,670,paladin,retribution,18,7,11
Sisterbubble,dathremar,670,paladin,retribution,18,7,11
Darkknes,quelthalas,669,paladin,retribution,12,7,5
Terroll,bonechewer,669,paladin,retribution,13,7,6
Vargonha,azralon,669,paladin,retribution,18,9,9
Denstain,kul-tiras,669,paladin,retribution,18,7,11
Salvø,tichondrius,669,paladin,retribution,24,7,17
Retgasm,drakthul,668,paladin,retribution,12,7,5
Marshman,kelthuzad,668,paladin,retribution,12,7,5
Bennygee,moonrunner,668,paladin,retribution,24,7,17
Mandow,tichondrius,667,paladin,retribution,22,8,14
Imsoosmall,sargeras,666,paladin,retribution,12,7,5
Pìerre,ragnaros,666,paladin,retribution,18,7,11
Jonnywick,duskwood,665,paladin,retribution,12,7,5
Killmönger,tichondrius,665,paladin,retribution,28,9,19
Palgiga,tichondrius,664,paladin,retribution,12,7,5
Tectorr,proudmoore,661,paladin,retribution,12,7,5
Nicepally,moon-guard,657,paladin,retribution,18,7,11
Pathed,aerie-peak,655,paladin,retribution,17,7,10
Palejandro,illidan,655,paladin,retribution,23,7,16
Epòc,frostmourne,639,paladin,retribution,20,8,12
Quotation,silvermoon,638,paladin,retribution,14,8,6
Spartus,area-52,636,paladin,retribution,14,8,6
Fatalpally,antonidas,633,paladin,retribution,17,7,10
Táçô,illidan,623,paladin,retribution,11,7,4
Krossfyre,kiljaeden,623,paladin,retribution,17,7,10
Allixis,wyrmrest-accord,623,paladin,retribution,23,7,16
Jortesh,tichondrius,622,paladin,retribution,15,7,8
Antoniano,ragnaros,617,paladin,retribution,13,8,5
Traditionalp,area-52,617,paladin,retribution,13,8,5
Chestbrah,nemesis,607,paladin,retribution,14,7,7
Tolkki,dalaran,607,paladin,retribution,26,7,19
Witewolf,illidan,606,paladin,retribution,13,8,5
Krønos,nordrassil,602,paladin,retribution,22,7,15
Warswordz,stormrage,595,paladin,retribution,28,9,19
Sixtynine,nathrezim,592,paladin,retribution,31,7,24
Warbird,lightnings-blade,591,paladin,retribution,13,7,6
Árèz,frostmourne,591,paladin,retribution,15,7,8
Theomere,sargeras,586,paladin,retribution,21,10,11
Koyoikonan,tichondrius,576,paladin,retribution,6,6,0
Xandiê,sargeras,576,paladin,retribution,6,6,0
Liht,blood-furnace,576,paladin,retribution,6,6,0
Bubbledober,tichondrius,576,paladin,retribution,6,6,0
Thøradin,moon-guard,576,paladin,retribution,6,6,0
Céllash,tichondrius,576,paladin,retribution,6,6,0
Lucard,drakkari,576,paladin,retribution,6,6,0
Chainsapally,stormrage,576,paladin,retribution,6,6,0
Dreamcastz,tichondrius,576,paladin,retribution,6,6,0
Ashley,sargeras,576,paladin,retribution,6,6,0
Kasoon,illidan,576,paladin,retribution,6,6,0
Vanquishy,burning-legion,576,paladin,retribution,12,6,6
Vaaga,quelthalas,576,paladin,retribution,12,6,6
Eurthswrath,lightbringer,576,paladin,retribution,12,6,6
Gatzu,tichondrius,576,paladin,retribution,12,6,6
Outlivz,hyjal,576,paladin,retribution,12,6,6
Brpistol,azralon,576,paladin,retribution,12,6,6
Jabrohnie,sargeras,576,paladin,retribution,12,6,6
Gambitdin,moon-guard,576,paladin,retribution,12,6,6
Proctrlx,tichondrius,576,paladin,retribution,12,6,6
Gánico,ragnaros,576,paladin,retribution,12,6,6
Koûtt,ragnaros,576,paladin,retribution,12,6,6
Zägreus,moon-guard,576,paladin,retribution,12,6,6
Cübe,malganis,576,paladin,retribution,12,6,6
Vallahad,emerald-dream,576,paladin,retribution,12,6,6
Aura,emerald-dream,576,paladin,retribution,12,6,6
Brioc,tichondrius,576,paladin,retribution,12,6,6
Banzz,azralon,576,paladin,retribution,12,6,6
Margit,moon-guard,576,paladin,retribution,12,6,6
Édzor,area-52,576,paladin,retribution,12,6,6
Memepaladin,area-52,576,paladin,retribution,12,6,6
Dúrnir,stormscale,576,paladin,retribution,12,6,6
Zèró,terokkar,576,paladin,retribution,12,6,6
Evilmerdoc,kelthuzad,576,paladin,retribution,12,6,6
Palabora,kelthuzad,576,paladin,retribution,12,6,6
Hálløwéð,firetree,576,paladin,retribution,12,6,6
Raywhite,kelthuzad,576,paladin,retribution,12,6,6
Virtuosi,area-52,576,paladin,retribution,12,6,6
Pállyho,tichondrius,576,paladin,retribution,12,6,6
Emetselchs,tichondrius,576,paladin,retribution,12,6,6
Seballedo,drakkari,576,paladin,retribution,12,6,6
Duhvine,malganis,576,paladin,retribution,12,6,6
Cybopig,kelthuzad,576,paladin,retribution,12,6,6
Subtilizer,tichondrius,576,paladin,retribution,12,6,6
Immensepower,tichondrius,576,paladin,retribution,12,6,6
Pâpito,drakkari,576,paladin,retribution,12,6,6
Bloodyängel,emerald-dream,576,paladin,retribution,12,6,6
Däkh,sargeras,576,paladin,retribution,12,6,6
Sacerbelator,zuluhed,576,paladin,retribution,12,6,6
Glynisir,sargeras,576,paladin,retribution,12,6,6
Crtinsideyou,skullcrusher,576,paladin,retribution,12,6,6
Onnakishi,azralon,576,paladin,retribution,12,6,6
Joeschmo,area-52,576,paladin,retribution,12,6,6
Onixx,kargath,576,paladin,retribution,12,6,6
Pugnosano,black-dragonflight,576,paladin,retribution,12,6,6
Crânkdât,frostmourne,576,paladin,retribution,12,6,6
Ltt,dalaran,576,paladin,retribution,12,6,6
Byebyetwinks,khaz-modan,576,paladin,retribution,12,6,6
Cinacalcet,dalaran,576,paladin,retribution,12,6,6
Contritus,kiljaeden,576,paladin,retribution,12,6,6
Illëst,stormrage,576,paladin,retribution,12,6,6
Yungcheezy,illidan,576,paladin,retribution,12,6,6
Ogholyhands,bleeding-hollow,576,paladin,retribution,12,6,6
Rohad,thrall,576,paladin,retribution,12,6,6
Gronmpa,nemesis,576,paladin,retribution,12,6,6
Relentless,magtheridon,576,paladin,retribution,12,6,6
Tazanian,aegwynn,576,paladin,retribution,12,6,6
Rakzan,nerzhul,576,paladin,retribution,12,6,6
Tarnyb,illidan,576,paladin,retribution,12,6,6
Cause,farstriders,576,paladin,retribution,12,6,6
Retboy,archimonde,576,paladin,retribution,12,6,6
Cvpal,stormrage,576,paladin,retribution,12,6,6
Serran,durotan,576,paladin,retribution,12,6,6
Escanøor,stormrage,576,paladin,retribution,12,6,6
Bronytime,illidan,576,paladin,retribution,12,6,6
Thuggrnaut,darkspear,576,paladin,retribution,12,6,6
Trixzthot,barthilas,576,paladin,retribution,12,6,6
Healsonyou,windrunner,576,paladin,retribution,12,6,6
Çhñkzrèt,illidan,576,paladin,retribution,12,6,6
Holycrp,proudmoore,576,paladin,retribution,12,6,6
Stankylordz,sargeras,576,paladin,retribution,15,7,8
Deosfires,ragnaros,576,paladin,retribution,16,7,9
Sunwalker,tichondrius,576,paladin,retribution,17,6,11
Dogf,tichondrius,576,paladin,retribution,17,6,11
Wreathy,sargeras,576,paladin,retribution,18,6,12
Arlanso,frostmourne,576,paladin,retribution,18,6,12
Bubblelol,bloodhoof,576,paladin,retribution,18,6,12
Felwythe,emerald-dream,576,paladin,retribution,18,6,12
Mïkhael,nemesis,576,paladin,retribution,18,6,12
Kronicle,bleeding-hollow,576,paladin,retribution,18,6,12
Emaus,tichondrius,576,paladin,retribution,18,6,12
Liandroa,stormrage,576,paladin,retribution,18,6,12
Retz,tichondrius,576,paladin,retribution,18,6,12
Nufi,magtheridon,576,paladin,retribution,18,6,12
Bizaro,malganis,576,paladin,retribution,18,6,12
Riggen,thrall,576,paladin,retribution,18,6,12
Són,ragnaros,576,paladin,retribution,18,6,12
Astolfo,tortheldrin,576,paladin,retribution,18,6,12
Exorcìst,tichondrius,576,paladin,retribution,18,6,12
Gogofisco,moonrunner,576,paladin,retribution,18,6,12
Niksilp,malfurion,576,paladin,retribution,18,6,12
Respect,moon-guard,576,paladin,retribution,18,6,12
Jivvy,eredar,576,paladin,retribution,18,6,12
Mixnut,tichondrius,576,paladin,retribution,18,6,12
Kochinodin,ragnaros,576,paladin,retribution,18,6,12
Egirlret,tichondrius,576,paladin,retribution,18,6,12
Slowmoshend,illidan,576,paladin,retribution,18,6,12
Goldskìn,sargeras,576,paladin,retribution,18,6,12
Xinqingle,tichondrius,576,paladin,retribution,18,6,12
Mvpj,medivh,576,paladin,retribution,18,6,12
Lightslion,stormrage,576,paladin,retribution,18,6,12
Malandru,darrowmere,576,paladin,retribution,18,6,12
Shiftybugar,tichondrius,576,paladin,retribution,18,6,12
Terrordin,illidan,576,paladin,retribution,18,6,12
Nume,nesingwary,576,paladin,retribution,24,6,18
Againstfilet,azralon,576,paladin,retribution,24,6,18
Pallyfreddyy,frostmourne,576,paladin,retribution,24,6,18
Vick,zuljin,575,paladin,retribution,6,6,0
Crixius,eredar,575,paladin,retribution,12,6,6
Heiinneken,queldorei,575,paladin,retribution,12,6,6
Haziel,darkspear,575,paladin,retribution,12,6,6
Synthetic,moon-guard,575,paladin,retribution,12,6,6
Pocacoco,azralon,575,paladin,retribution,12,6,6
Blëssëd,zuljin,575,paladin,retribution,12,6,6
Bingbingcd,tichondrius,575,paladin,retribution,12,6,6
Sîegfried,moon-guard,575,paladin,retribution,12,6,6
Jovolur,dalaran,575,paladin,retribution,12,6,6
Yuzuru,mannoroth,575,paladin,retribution,12,6,6
Übermane,illidan,575,paladin,retribution,12,6,6
Potiguar,azralon,575,paladin,retribution,12,6,6
Ikanacanyon,stormrage,575,paladin,retribution,12,6,6
Dirkadirkka,stormrage,575,paladin,retribution,12,6,6
Mobitz,dalvengyr,575,paladin,retribution,12,6,6
Holyginger,barthilas,575,paladin,retribution,15,7,8
Souiler,thunderlord,575,paladin,retribution,16,7,9
Oceangal,illidan,575,paladin,retribution,18,6,12
Vecknilashx,quelthalas,575,paladin,retribution,18,6,12
Sponce,kirin-tor,575,paladin,retribution,24,6,18
Quickthing,dalaran,574,paladin,retribution,12,6,6
Slar,emerald-dream,574,paladin,retribution,12,6,6
Hibrael,azralon,574,paladin,retribution,12,6,6
Leennoox,quelthalas,574,paladin,retribution,12,6,6
Ihmperiuus,quelthalas,574,paladin,retribution,12,6,6
Akeero,khaz-modan,574,paladin,retribution,12,6,6
Lashlan,barthilas,574,paladin,retribution,14,6,8
Oraborra,area-52,574,paladin,retribution,18,6,12
Thaly,shadowmoon,574,paladin,retribution,18,6,12
Tamahu,azralon,574,paladin,retribution,18,6,12
Darqtank,smolderthorn,574,paladin,retribution,18,6,12
Nerfmehpls,ragnaros,573,paladin,retribution,12,6,6
Tauyoshi,azjolnerub,573,paladin,retribution,12,6,6
Holyshoc,kiljaeden,573,paladin,retribution,20,6,14
Chadrickk,tichondrius,572,paladin,retribution,12,6,6
Kalerien,wildhammer,571,paladin,retribution,12,6,6
Ajaex,area-52,571,paladin,retribution,12,6,6
Niáa,quelthalas,570,paladin,retribution,18,6,12
Hapii,tichondrius,543,paladin,retribution,11,6,5
Bellamor,burning-blade,543,paladin,retribution,11,6,5
Superpaladin,stormrage,543,paladin,retribution,11,6,5
Gloren,garrosh,543,paladin,retribution,17,6,11
Suslazin,area-52,543,paladin,retribution,20,7,13
Hadagoodlay,zuljin,528,paladin,retribution,15,6,9
Gtate,azjolnerub,527,paladin,retribution,11,6,5
Shuckles,windrunner,522,paladin,retribution,20,7,13
Briaelyne,tichondrius,522,paladin,retribution,25,8,17
Ha,bleeding-hollow,522,paladin,retribution,22,7,15
Lítebearer,kelthuzad,521,paladin,retribution,11,6,5
Noblelight,saurfang,520,paladin,retribution,12,7,5
Nathaniel,galakrond,511,paladin,retribution,14,6,8
ßìgdám,bleeding-hollow,511,paladin,retribution,17,6,11
Slashnroses,tichondrius,511,paladin,retribution,20,6,14
Senorwang,dalaran,494,paladin,retribution,13,6,7
Mikkylol,tichondrius,494,paladin,retribution,16,6,10
Rikkupìgu,sargeras,480,paladin,retribution,6,5,1
Zeprikito,nemesis,480,paladin,retribution,6,5,1
Kelimir,dathremar,480,paladin,retribution,6,5,1
Mmrdonator,icecrown,480,paladin,retribution,6,5,1
Taeret,tichondrius,480,paladin,retribution,6,5,1
Kimitail,tichondrius,480,paladin,retribution,6,5,1
Ganrof,mugthol,480,paladin,retribution,6,5,1
Mollymatt,drenden,480,paladin,retribution,6,5,1
Solidifyxz,area-52,480,paladin,retribution,6,5,1
Omnnii,tichondrius,480,paladin,retribution,6,5,1
Capsiel,caelestrasz,480,paladin,retribution,6,5,1
Amarnath,turalyon,480,paladin,retribution,6,5,1
Dividin,stormrage,480,paladin,retribution,6,5,1
Annii,aegwynn,480,paladin,retribution,6,5,1
Mizumaru,sargeras,480,paladin,retribution,6,5,1
Geospawn,bleeding-hollow,480,paladin,retribution,6,5,1
Ashbrînger,emerald-dream,480,paladin,retribution,6,5,1
Heathen,spirestone,480,paladin,retribution,6,5,1
Swegswog,frostmourne,480,paladin,retribution,6,5,1
Totalaustin,sargeras,480,paladin,retribution,6,5,1
Moozafa,kiljaeden,480,paladin,retribution,6,5,1
Kanaki,gilneas,480,paladin,retribution,6,5,1
Jaimi,stormreaver,480,paladin,retribution,6,5,1
Yazuka,wyrmrest-accord,480,paladin,retribution,6,5,1
Chopsparks,khadgar,480,paladin,retribution,6,5,1
Worshipmex,tichondrius,480,paladin,retribution,6,5,1
Devvn,laughing-skull,480,paladin,retribution,6,5,1
Sonatas,ursin,480,paladin,retribution,9,6,3
Frepz,illidan,480,paladin,retribution,10,6,4
Connore,stormrage,480,paladin,retribution,12,5,7
Minzyp,illidan,480,paladin,retribution,12,5,7
Randvi,sargeras,480,paladin,retribution,12,5,7
Rikku,undermine,480,paladin,retribution,12,5,7
Nadinebb,proudmoore,480,paladin,retribution,12,5,7
Farmerzonly,tichondrius,480,paladin,retribution,12,5,7
Mattilla,tichondrius,480,paladin,retribution,12,5,7
Hegarth,archimonde,480,paladin,retribution,12,5,7
Dirtbagg,demon-soul,480,paladin,retribution,12,5,7
Critadins,thrall,480,paladin,retribution,12,5,7
Callandør,illidan,480,paladin,retribution,12,5,7
Holycots,stormrage,480,paladin,retribution,12,5,7
Valkaurus,drakkari,480,paladin,retribution,12,5,7
Dazargeros,moon-guard,480,paladin,retribution,12,5,7
Beatman,blades-edge,480,paladin,retribution,12,5,7
Vapanor,ragnaros,480,paladin,retribution,12,5,7
Methor,thrall,480,paladin,retribution,12,5,7
Maanuel,ragnaros,480,paladin,retribution,12,5,7
Noleyboo,proudmoore,480,paladin,retribution,12,5,7
Liadryn,kiljaeden,480,paladin,retribution,12,5,7
Borélock,kelthuzad,480,paladin,retribution,12,5,7
ßraveheart,zuljin,480,paladin,retribution,12,5,7
Dipho,illidan,480,paladin,retribution,12,5,7
Jhaann,tichondrius,480,paladin,retribution,12,5,7
Bold,frostmourne,480,paladin,retribution,12,5,7
Itaghí,sargeras,480,paladin,retribution,12,5,7
Suro,moon-guard,480,paladin,retribution,12,5,7
Retcuzyaknow,illidan,480,paladin,retribution,12,5,7
Bullpaladin,barthilas,480,paladin,retribution,12,5,7
Stroods,stormrage,480,paladin,retribution,12,5,7
Vain,shuhalo,480,paladin,retribution,12,5,7
Cropcircles,whisperwind,480,paladin,retribution,12,5,7
Leaelda,wyrmrest-accord,480,paladin,retribution,12,5,7
Thickgirl,bleeding-hollow,480,paladin,retribution,12,5,7
Bettyböp,bleeding-hollow,480,paladin,retribution,12,5,7
Fìlìgree,tichondrius,480,paladin,retribution,12,5,7
Toojazzyleah,proudmoore,480,paladin,retribution,12,5,7
Dalance,draka,480,paladin,retribution,12,5,7
Hallastus,stormrage,480,paladin,retribution,12,5,7
Jaenus,azralon,480,paladin,retribution,12,5,7
Lepirate,emerald-dream,480,paladin,retribution,12,5,7
Dragomnnm,stormrage,480,paladin,retribution,12,5,7
Ravage,lothar,480,paladin,retribution,12,5,7
Shadòw,emerald-dream,480,paladin,retribution,12,5,7
Dinobe,arthas,480,paladin,retribution,12,5,7
Mateeka,malganis,480,paladin,retribution,12,5,7
Adrexious,dalaran,480,paladin,retribution,12,5,7
Yérn,barthilas,480,paladin,retribution,12,5,7
Holytankadin,alleria,480,paladin,retribution,12,5,7
Zhaslk,ragnaros,480,paladin,retribution,12,5,7
Mikeawk,tichondrius,480,paladin,retribution,12,5,7
Attkdamdam,illidan,480,paladin,retribution,12,5,7
Shinymoo,laughing-skull,480,paladin,retribution,12,5,7
Faithkiller,garrosh,480,paladin,retribution,12,5,7
Zulyourmom,tichondrius,480,paladin,retribution,12,5,7
Leztatium,quelthalas,480,paladin,retribution,12,5,7
Xiddin,frostmourne,480,paladin,retribution,12,5,7
Daddyspit,arthas,480,paladin,retribution,12,5,7
Thrasheric,ragnaros,480,paladin,retribution,12,5,7
Cedwarlancy,sargeras,480,paladin,retribution,12,5,7
Aeoliá,moon-guard,480,paladin,retribution,12,5,7
Yellowmay,sargeras,480,paladin,retribution,12,5,7
Joonzu,frostmane,480,paladin,retribution,12,5,7
Smiteup,sargeras,480,paladin,retribution,12,5,7
Lücid,arthas,480,paladin,retribution,12,5,7
Athamon,nemesis,480,paladin,retribution,12,5,7
Madalynn,quelthalas,480,paladin,retribution,12,5,7
Delaswing,quelthalas,480,paladin,retribution,12,5,7
Pique,malganis,480,paladin,retribution,12,5,7
Koreancannon,tichondrius,480,paladin,retribution,15,6,9
Zightmare,azralon,480,paladin,retribution,18,5,13
Razuel,frostmourne,480,paladin,retribution,18,5,13
Chriscoz,korgath,480,paladin,retribution,18,5,13
Photons,emerald-dream,480,paladin,retribution,18,5,13
Valinorean,nemesis,480,paladin,retribution,18,5,13
Öpäf,steamwheedle-cartel,480,paladin,retribution,18,5,13
Ulcerà,azralon,480,paladin,retribution,18,5,13
Deecompose,sargeras,480,paladin,retribution,18,5,13
Boogerred,korialstrasz,480,paladin,retribution,18,5,13
Typheuz,wyrmrest-accord,480,paladin,retribution,18,5,13
Møemøeda,illidan,480,paladin,retribution,18,5,13
Downs,tichondrius,480,paladin,retribution,18,5,13
Midnightboto,dragonmaw,480,paladin,retribution,18,5,13
Plniss,tichondrius,480,paladin,retribution,18,5,13
Freddieroach,tichondrius,480,paladin,retribution,18,5,13
Roundhere,area-52,480,paladin,retribution,18,5,13
Melgamis,quelthalas,480,paladin,retribution,18,5,13
Purged,wyrmrest-accord,480,paladin,retribution,18,5,13
Artherion,kelthuzad,480,paladin,retribution,27,6,21
Saifollah,area-52,480,paladin,retribution,24,5,19
Véxv,emerald-dream,480,paladin,retribution,24,5,19
Zero,garona,480,paladin,retribution,30,5,25
Mybadfoo,lethon,479,paladin,retribution,6,5,1
Kremation,zuljin,479,paladin,retribution,6,5,1
Mandragor,borean-tundra,479,paladin,retribution,6,5,1
Holygerp,darrowmere,479,paladin,retribution,6,5,1
Reedeemer,bonechewer,479,paladin,retribution,12,5,7
Hellhawk,hellscream,479,paladin,retribution,12,5,7
Holyrõller,malganis,479,paladin,retribution,12,5,7
Ashera,amanthul,479,paladin,retribution,12,5,7
Zelrich,moon-guard,479,paladin,retribution,12,5,7
Murderous,frostmourne,479,paladin,retribution,12,5,7
Noctis,nerzhul,479,paladin,retribution,12,5,7
Onemorelight,area-52,479,paladin,retribution,12,5,7
Dredberserk,stormrage,479,paladin,retribution,12,5,7
Memoríez,zuljin,479,paladin,retribution,12,5,7
Inqa,thunderlord,479,paladin,retribution,12,5,7
Cowsavior,terenas,479,paladin,retribution,12,5,7
Steelbreaker,deathwing,479,paladin,retribution,12,5,7
Griz,magtheridon,479,paladin,retribution,18,5,13
Provail,stormrage,479,paladin,retribution,18,5,13
Smithulu,kelthuzad,478,paladin,retribution,6,5,1
Palypunchh,darrowmere,478,paladin,retribution,12,6,6
Lucent,duskwood,478,paladin,retribution,12,5,7
Neipala,ragnaros,478,paladin,retribution,12,5,7
Chengduqq,illidan,478,paladin,retribution,12,5,7
Jammsheed,arthas,477,paladin,retribution,12,5,7
Benzen,bleeding-hollow,477,paladin,retribution,12,5,7
Kaminasol,quelthalas,477,paladin,retribution,18,5,13
Felordron,silvermoon,475,paladin,retribution,12,5,7
Pickypally,moon-guard,475,paladin,retribution,12,5,7
Solstein,dalaran,474,paladin,retribution,12,5,7
Vengecide,proudmoore,473,paladin,retribution,12,5,7
Mehchelol,azgalor,472,paladin,retribution,12,5,7
Sycomaniac,illidan,463,paladin,retribution,17,5,12
Cleavix,tichondrius,463,paladin,retribution,23,5,18
Pablito,fizzcrank,457,paladin,retribution,21,7,14
Zzf,turalyon,431,paladin,retribution,11,5,6
Neverforgot,quelthalas,431,paladin,retribution,11,5,6
Regivän,azralon,426,paladin,retribution,12,6,6
Theboxx,frostmourne,426,paladin,retribution,16,7,9
Sathandrä,sargeras,426,paladin,retribution,15,6,9
Rashrind,moon-guard,426,paladin,retribution,23,8,15
Kimochiyuh,illidan,425,paladin,retribution,17,7,10
Ducii,stormrage,424,paladin,retribution,22,6,16
Lalatinx,quelthalas,416,paladin,retribution,10,5,5
Frêyr,barthilas,416,paladin,retribution,16,5,11
Epxilon,ragnaros,415,paladin,retribution,14,5,9
Sydnneeyy,kelthuzad,399,paladin,retribution,5,5,0
Eduardoap,azralon,384,paladin,retribution,6,4,2
Dwarfineas,dalaran,384,paladin,retribution,6,4,2
Khanid,emerald-dream,384,paladin,retribution,6,4,2
Pappablanco,stormrage,384,paladin,retribution,6,4,2
Zzerox,ragnaros,384,paladin,retribution,6,4,2
Tayvar,stormrage,384,paladin,retribution,6,4,2
Mothh,terokkar,384,paladin,retribution,6,4,2
Thottylight,stormrage,384,paladin,retribution,6,4,2
Mystictoast,area-52,384,paladin,retribution,6,4,2
Yuliu,magtheridon,384,paladin,retribution,6,4,2
Vxm,illidan,384,paladin,retribution,6,4,2
Bigolhammer,khadgar,384,paladin,retribution,6,4,2
Reclusiarch,tichondrius,384,paladin,retribution,6,4,2
Täintcrusher,illidan,384,paladin,retribution,6,4,2
Darthhelios,illidan,384,paladin,retribution,6,4,2
Gilgamesh,moonrunner,384,paladin,retribution,6,4,2
Seeys,tichondrius,384,paladin,retribution,6,4,2
Ironpallyx,garrosh,384,paladin,retribution,6,4,2
Hellcallerl,quelthalas,384,paladin,retribution,6,4,2
Easiestcomp,sargeras,384,paladin,retribution,6,4,2
Rohlin,boulderfist,384,paladin,retribution,6,4,2
Kaypross,area-52,384,paladin,retribution,6,4,2
Balango,azralon,384,paladin,retribution,6,4,2
Taiffan,azralon,384,paladin,retribution,6,4,2
Sasukee,quelthalas,384,paladin,retribution,6,4,2
Dabnpaladin,kelthuzad,384,paladin,retribution,6,4,2
Lightahean,proudmoore,384,paladin,retribution,6,4,2
Leoros,blackrock,384,paladin,retribution,6,4,2
Careyprice,area-52,384,paladin,retribution,6,4,2
Ðorlie,malganis,384,paladin,retribution,6,4,2
Nizzy,caelestrasz,384,paladin,retribution,6,4,2
Trisøn,area-52,384,paladin,retribution,6,4,2
Temptrez,bleeding-hollow,384,paladin,retribution,6,4,2
Pvppaulx,moon-guard,384,paladin,retribution,6,4,2
Rafaela,alterac-mountains,384,paladin,retribution,6,4,2
Anaxxie,azralon,384,paladin,retribution,6,4,2
Glexann,sargeras,384,paladin,retribution,6,4,2
Tifalockhart,dathremar,384,paladin,retribution,6,4,2
Wyrmblood,moon-guard,384,paladin,retribution,6,4,2
Torinel,illidan,384,paladin,retribution,6,4,2
Healmeboi,tichondrius,384,paladin,retribution,6,4,2
Luluwu,stormrage,384,paladin,retribution,6,4,2
Bisket,illidan,384,paladin,retribution,6,4,2
Notaefc,icecrown,384,paladin,retribution,6,4,2
Crocfacex,tichondrius,384,paladin,retribution,6,4,2
Easiestclass,azshara,384,paladin,retribution,6,4,2
Geesworld,nazjatar,384,paladin,retribution,6,4,2
Caylorn,illidan,384,paladin,retribution,6,4,2
Seven,blackwing-lair,384,paladin,retribution,6,4,2
Dazztrain,barthilas,384,paladin,retribution,6,4,2
Souljahgirl,demon-soul,384,paladin,retribution,6,4,2
Dinapal,frostmourne,384,paladin,retribution,6,4,2
Ascencer,spirestone,384,paladin,retribution,6,4,2
Anstyl,moon-guard,384,paladin,retribution,6,4,2
Cherrypally,area-52,384,paladin,retribution,6,4,2
Shadp,frostmourne,384,paladin,retribution,6,4,2
Pals,bronzebeard,384,paladin,retribution,6,4,2
Cratt,chromaggus,384,paladin,retribution,6,4,2
Silreck,ragnaros,384,paladin,retribution,6,4,2
Mikeyqt,nemesis,384,paladin,retribution,6,4,2
Autoattacker,mannoroth,384,paladin,retribution,6,4,2
Takinvcards,area-52,384,paladin,retribution,6,4,2
Gåbrîel,emerald-dream,384,paladin,retribution,6,4,2
Minikalina,ragnaros,384,paladin,retribution,6,4,2
Aohxmathoss,zuljin,384,paladin,retribution,6,4,2
Fâmed,tichondrius,384,paladin,retribution,6,4,2
Crewsade,sargeras,384,paladin,retribution,6,4,2
Saulhudson,bleeding-hollow,384,paladin,retribution,6,4,2
Thrandeill,bleeding-hollow,384,paladin,retribution,6,4,2
Fxxku,tichondrius,384,paladin,retribution,6,4,2
Neovincent,aggramar,384,paladin,retribution,6,4,2
Qsx,bleeding-hollow,384,paladin,retribution,6,4,2
Izidar,tichondrius,384,paladin,retribution,10,5,5
Bigddady,quelthalas,384,paladin,retribution,8,4,4
Theril,kelthuzad,384,paladin,retribution,12,4,8
Tëmplar,bleeding-hollow,384,paladin,retribution,12,4,8
Greenracer,kiljaeden,384,paladin,retribution,12,4,8
Heavener,tichondrius,384,paladin,retribution,12,4,8
Forzanapoli,tichondrius,384,paladin,retribution,12,4,8
Rusticles,aerie-peak,384,paladin,retribution,12,4,8
Dmghack,tichondrius,384,paladin,retribution,12,4,8
Dréveleth,quelthalas,384,paladin,retribution,12,4,8
Rëtribution,tichondrius,384,paladin,retribution,12,4,8
Aewynn,nemesis,384,paladin,retribution,12,4,8
Botch,drenden,384,paladin,retribution,12,4,8
Galess,tichondrius,384,paladin,retribution,12,4,8
Krypton,tichondrius,384,paladin,retribution,12,4,8
Adauto,illidan,384,paladin,retribution,12,4,8
Jimithing,senjin,384,paladin,retribution,12,4,8
Dohsevèn,tichondrius,384,paladin,retribution,12,4,8
Júdgedredd,illidan,384,paladin,retribution,12,4,8
Ddawz,proudmoore,384,paladin,retribution,12,4,8
Elflicious,illidan,384,paladin,retribution,12,4,8
Adrn,tichondrius,384,paladin,retribution,12,4,8
Stoof,arygos,384,paladin,retribution,12,4,8
Niolite,ragnaros,384,paladin,retribution,12,4,8
Gripadin,tichondrius,384,paladin,retribution,12,4,8
Senion,velen,384,paladin,retribution,12,4,8
Orin,guldan,384,paladin,retribution,12,4,8
Tieberion,bleeding-hollow,384,paladin,retribution,12,4,8
Juliusplzher,area-52,384,paladin,retribution,12,4,8
Kyrianjutsu,area-52,384,paladin,retribution,12,4,8
Lânnâ,tichondrius,384,paladin,retribution,12,4,8
Phattpump,tichondrius,384,paladin,retribution,12,4,8
Strugglèbus,thrall,384,paladin,retribution,12,4,8
Veshral,arthas,384,paladin,retribution,12,4,8
Smöke,frostmourne,384,paladin,retribution,12,4,8
Stax,moon-guard,384,paladin,retribution,12,4,8
Aricen,thunderhorn,384,paladin,retribution,12,4,8
Imrahilaf,korialstrasz,384,paladin,retribution,12,4,8
Oroürke,stormrage,384,paladin,retribution,12,4,8
Dawncröwn,stormrage,384,paladin,retribution,12,4,8
Artaxerxes,stormrage,384,paladin,retribution,12,4,8
Inareus,agamaggan,384,paladin,retribution,12,4,8
Varuul,nerzhul,384,paladin,retribution,12,4,8
Fiate,azralon,384,paladin,retribution,12,4,8
Sixty,sargeras,384,paladin,retribution,12,4,8
Crystahlmeth,sargeras,384,paladin,retribution,12,4,8
Ibull,stormscale,384,paladin,retribution,12,4,8
Dezul,stormscale,384,paladin,retribution,12,4,8
Hrizul,drakthul,384,paladin,retribution,12,4,8
Litium,frostmourne,384,paladin,retribution,12,4,8
Lenneth,nordrassil,384,paladin,retribution,12,4,8
Smontis,sargeras,384,paladin,retribution,12,4,8
Drriz,stormrage,384,paladin,retribution,12,4,8
Àpolo,stormrage,384,paladin,retribution,12,4,8
Imcomingbro,blackrock,384,paladin,retribution,12,4,8
Pallyforeva,sargeras,384,paladin,retribution,12,4,8
Kurook,moon-guard,384,paladin,retribution,12,4,8
Simpforomenx,emerald-dream,384,paladin,retribution,12,4,8
Sethy,feathermoon,384,paladin,retribution,12,4,8
Bauldrin,moon-guard,384,paladin,retribution,12,4,8
Grimdel,moon-guard,384,paladin,retribution,12,4,8
Clariten,ghostlands,384,paladin,retribution,12,4,8
Msjudged,blackrock,384,paladin,retribution,12,4,8
Zøzø,zuljin,384,paladin,retribution,12,4,8
Anastos,anvilmar,384,paladin,retribution,12,4,8
Psadin,thunderlord,384,paladin,retribution,12,4,8
Retspec,darkspear,384,paladin,retribution,12,4,8
Kreigvar,moon-guard,384,paladin,retribution,12,4,8
Bigpin,shattered-hand,384,paladin,retribution,12,4,8
Roodictz,zuljin,384,paladin,retribution,12,4,8
Toxanator,frostmourne,384,paladin,retribution,12,4,8
Bawek,azralon,384,paladin,retribution,12,4,8
Baptism,shattered-hand,384,paladin,retribution,12,4,8
Eutectic,moon-guard,384,paladin,retribution,12,4,8
Goloh,shadowmoon,384,paladin,retribution,12,4,8
Acquiesce,bleeding-hollow,384,paladin,retribution,16,5,11
Batmanp,quelthalas,384,paladin,retribution,13,4,9
Kamí,elune,384,paladin,retribution,15,4,11
Talurius,azralon,384,paladin,retribution,18,4,14
Ongang,illidan,384,paladin,retribution,18,4,14
Indemnity,wildhammer,384,paladin,retribution,18,4,14
Caityaj,illidan,384,paladin,retribution,18,4,14
Hupa,crushridge,384,paladin,retribution,18,4,14
Ccpx,area-52,384,paladin,retribution,18,4,14
Powercelest,quelthalas,384,paladin,retribution,18,4,14
Lüuz,area-52,384,paladin,retribution,18,4,14
Essexqt,blackhand,384,paladin,retribution,18,4,14
Mhakoi,bleeding-hollow,384,paladin,retribution,24,4,20
Iskándar,tichondrius,384,paladin,retribution,24,4,20
Dabsmaster,dalaran,383,paladin,retribution,6,4,2
Praisin,zuljin,383,paladin,retribution,6,4,2
Morddrohung,hyjal,383,paladin,retribution,6,4,2
Brandforge,thunderlord,383,paladin,retribution,6,4,2
Sinficha,quelthalas,383,paladin,retribution,6,4,2
Vonfraud,lightbringer,383,paladin,retribution,12,4,8
Hølydiver,rivendare,383,paladin,retribution,12,4,8
Kennysun,azralon,383,paladin,retribution,12,4,8
Holyburger,hakkar,383,paladin,retribution,12,4,8
Holyqt,thunderlord,383,paladin,retribution,12,4,8
Funkknight,sargeras,383,paladin,retribution,18,4,14
Hadrianus,azralon,383,paladin,retribution,24,4,20
Diablosgrim,stormrage,382,paladin,retribution,6,4,2
Kenbad,aegwynn,382,paladin,retribution,6,4,2
Dweezill,daggerspine,382,paladin,retribution,12,4,8
Sparklepuss,turalyon,379,paladin,retribution,12,4,8
Amerok,malfurion,378,paladin,retribution,18,4,14
Novachrono,bladefist,367,paladin,retribution,9,5,4
Barzø,tichondrius,367,paladin,retribution,11,4,7
Crucifine,wyrmrest-accord,367,paladin,retribution,11,4,7
Bibimbop,boulderfist,352,paladin,retribution,13,5,8
Vietnomeez,tichondrius,351,paladin,retribution,11,4,7
Páladian,quelthalas,351,paladin,retribution,11,4,7
Xcream,nemesis,351,paladin,retribution,20,5,15
Bruujqt,moon-guard,336,paladin,retribution,9,5,4
Meduselda,kelthuzad,335,paladin,retribution,9,5,4
Botïs,sargeras,335,paladin,retribution,9,5,4
Ethernaly,quelthalas,335,paladin,retribution,11,4,7
Stinaz,quelthalas,335,paladin,retribution,11,4,7
Exwars,moon-guard,330,paladin,retribution,8,5,3
Chadatron,tichondrius,330,paladin,retribution,12,5,7
Vegetå,malganis,330,paladin,retribution,29,6,23
Bastiion,stormrage,320,paladin,retribution,10,4,6
Wellowar,moon-guard,320,paladin,retribution,10,4,6
Làzårus,area-52,320,paladin,retribution,16,4,12
Ruulight,tichondrius,319,paladin,retribution,5,4,1
Laysonus,moon-guard,319,paladin,retribution,8,4,4
Dexko,silvermoon,319,paladin,retribution,8,4,4
Jadelong,azshara,319,paladin,retribution,8,4,4
Holyshasha,tichondrius,319,paladin,retribution,8,4,4
Gryphin,moon-guard,319,paladin,retribution,8,4,4
Jnxzster,sargeras,319,paladin,retribution,8,4,4
Palavittar,azralon,319,paladin,retribution,8,4,4
Karig,sargeras,319,paladin,retribution,8,4,4
Holynaps,malganis,319,paladin,retribution,9,4,5
Rainingrets,tichondrius,308,paladin,retribution,25,8,17
Torrthak,area-52,304,paladin,retribution,7,4,3
Iamriched,illidan,304,paladin,retribution,7,4,3
Paullokis,gallywix,304,paladin,retribution,7,4,3
Releváncé,frostmourne,304,paladin,retribution,19,4,15
Strobeyjr,tichondrius,288,paladin,retribution,6,3,3
Mki,kargath,288,paladin,retribution,6,3,3
Disappearing,stormrage,288,paladin,retribution,6,3,3
Doogo,cenarius,288,paladin,retribution,6,3,3
Mvpp,dalaran,288,paladin,retribution,6,3,3
Nâtion,cenarius,288,paladin,retribution,6,3,3
Laluce,malganis,288,paladin,retribution,6,3,3
Assaultron,dalaran,288,paladin,retribution,6,3,3
Ýøg,tichondrius,288,paladin,retribution,6,3,3
Hybrix,tichondrius,288,paladin,retribution,6,3,3
Pvar,stormrage,288,paladin,retribution,6,3,3
Shibbz,illidan,288,paladin,retribution,6,3,3
Lmac,frostmourne,288,paladin,retribution,6,3,3
Wálker,ragnaros,288,paladin,retribution,6,3,3
Zenpally,doomhammer,288,paladin,retribution,6,3,3
Kahleesy,sargeras,288,paladin,retribution,6,3,3
Jestiny,amanthul,288,paladin,retribution,6,3,3
Tacohuntter,stormrage,288,paladin,retribution,6,3,3
Shãw,zuljin,288,paladin,retribution,6,3,3
Xizzor,darkspear,288,paladin,retribution,6,3,3
Taynos,tichondrius,288,paladin,retribution,6,3,3
Givinpowpows,korgath,288,paladin,retribution,6,3,3
Heamis,thunderlord,288,paladin,retribution,6,3,3
Irushthots,tichondrius,288,paladin,retribution,6,3,3
Apocryphx,stormrage,288,paladin,retribution,6,3,3
Tadaki,dalaran,288,paladin,retribution,6,3,3
Jónò,tichondrius,288,paladin,retribution,6,3,3
Kanachi,bleeding-hollow,288,paladin,retribution,6,3,3
Paliodin,dalaran,288,paladin,retribution,6,3,3
Timu,suramar,288,paladin,retribution,6,3,3
Purekiller,destromath,288,paladin,retribution,6,3,3
Ironboxer,tichondrius,288,paladin,retribution,6,3,3
Layoya,aerie-peak,288,paladin,retribution,6,3,3
Gstbubble,hyjal,288,paladin,retribution,6,3,3
Ximenita,ragnaros,288,paladin,retribution,6,3,3
Shadowarius,aerie-peak,288,paladin,retribution,6,3,3
Orangepa,dalaran,288,paladin,retribution,6,3,3
Lightballz,vashj,288,paladin,retribution,6,3,3
Reallyfe,skullcrusher,288,paladin,retribution,6,3,3
Nerilliah,sargeras,288,paladin,retribution,6,3,3
Deadlyskills,arathor,288,paladin,retribution,6,3,3
Uneazyxx,tichondrius,288,paladin,retribution,6,3,3
Bubblet,bleeding-hollow,288,paladin,retribution,6,3,3
Nyxkithar,nagrand,288,paladin,retribution,6,3,3
Trg,azralon,288,paladin,retribution,6,3,3
Justsaiyen,bleeding-hollow,288,paladin,retribution,6,3,3
Halordriest,tichondrius,288,paladin,retribution,6,3,3
Talionz,illidan,288,paladin,retribution,6,3,3
Pahlevahn,stormrage,288,paladin,retribution,6,3,3
Warchaos,skullcrusher,288,paladin,retribution,6,3,3
Catuvalos,kiljaeden,288,paladin,retribution,6,3,3
Varezion,vashj,288,paladin,retribution,6,3,3
Ahzreal,garona,288,paladin,retribution,6,3,3
Scamadin,tichondrius,288,paladin,retribution,6,3,3
Selivara,zuljin,288,paladin,retribution,6,3,3
Everith,bleeding-hollow,288,paladin,retribution,6,3,3
Rickadin,bleeding-hollow,288,paladin,retribution,6,3,3
Dráugus,azralon,288,paladin,retribution,6,3,3
Boladosx,azralon,288,paladin,retribution,6,3,3
Troegenator,stormrage,288,paladin,retribution,6,3,3
Cowhair,tichondrius,288,paladin,retribution,6,3,3
Drágônbôrn,tichondrius,288,paladin,retribution,6,3,3
Jaslexa,illidan,288,paladin,retribution,6,3,3
Tlahtoani,illidan,288,paladin,retribution,6,3,3
Nerfretpls,area-52,288,paladin,retribution,6,3,3
Stamptime,emerald-dream,288,paladin,retribution,6,3,3
Kôld,tichondrius,288,paladin,retribution,6,3,3
Elri,ragnaros,288,paladin,retribution,6,3,3
Bíteme,sargeras,288,paladin,retribution,6,3,3
Beepsmash,executus,288,paladin,retribution,6,3,3
Buttflapster,proudmoore,288,paladin,retribution,6,3,3
Astasia,laughing-skull,288,paladin,retribution,6,3,3
Cocodog,kiljaeden,288,paladin,retribution,6,3,3
Dev,frostwolf,288,paladin,retribution,6,3,3
Holyshrekt,frostmourne,288,paladin,retribution,6,3,3
Reptila,bonechewer,288,paladin,retribution,6,3,3
Velyssatha,moon-guard,288,paladin,retribution,6,3,3
Eleonorr,proudmoore,288,paladin,retribution,6,3,3
Rockbell,kiljaeden,288,paladin,retribution,6,3,3
Sóláris,moon-guard,288,paladin,retribution,6,3,3
Joeseph,stormrage,288,paladin,retribution,6,3,3
Nalenne,alexstrasza,288,paladin,retribution,6,3,3
Shakemup,stormrage,288,paladin,retribution,6,3,3
Obbzz,spirestone,288,paladin,retribution,6,3,3
Elhoj,illidan,288,paladin,retribution,6,3,3
Syvir,area-52,288,paladin,retribution,6,3,3
Meith,ragnaros,288,paladin,retribution,6,3,3
Poisson,wildhammer,288,paladin,retribution,6,3,3
Theßest,baelgun,288,paladin,retribution,6,3,3
Merphy,tichondrius,288,paladin,retribution,6,3,3
Moox,wyrmrest-accord,288,paladin,retribution,6,3,3
Nickotines,kelthuzad,288,paladin,retribution,6,3,3
Palman,frostmourne,288,paladin,retribution,6,3,3
Lightvader,illidan,288,paladin,retribution,6,3,3
Brahlix,area-52,288,paladin,retribution,6,3,3
Principe,queldorei,288,paladin,retribution,6,3,3
Mèdic,illidan,288,paladin,retribution,6,3,3
Maxduo,bleeding-hollow,288,paladin,retribution,6,3,3
Gotenks,trollbane,288,paladin,retribution,6,3,3
Bigkspally,korgath,288,paladin,retribution,6,3,3
Zeroret,tichondrius,288,paladin,retribution,6,3,3
Olsen,stormrage,288,paladin,retribution,6,3,3
Runebane,doomhammer,288,paladin,retribution,6,3,3
Beato,silvermoon,288,paladin,retribution,6,3,3
Kyperion,stormrage,288,paladin,retribution,6,3,3
Sinmca,moon-guard,288,paladin,retribution,6,3,3
Krackanut,kelthuzad,288,paladin,retribution,6,3,3
Munaru,illidan,288,paladin,retribution,6,3,3
Reaslovak,jubeithos,288,paladin,retribution,6,3,3
Valadinna,tichondrius,288,paladin,retribution,6,3,3
Sellenagomez,malganis,288,paladin,retribution,6,3,3
Menjo,malganis,288,paladin,retribution,6,3,3
Lomis,azgalor,288,paladin,retribution,6,3,3
Zakh,proudmoore,288,paladin,retribution,6,3,3
Xupalaa,azralon,288,paladin,retribution,6,3,3
Àxçël,hyjal,288,paladin,retribution,6,3,3
Gashlycrumb,tichondrius,288,paladin,retribution,6,3,3
Zercker,ragnaros,288,paladin,retribution,6,3,3
Aidillon,shadowsong,288,paladin,retribution,6,3,3
Itzon,proudmoore,288,paladin,retribution,6,3,3
Xvetis,thrall,288,paladin,retribution,6,3,3
Palinator,bleeding-hollow,288,paladin,retribution,6,3,3
Dannoruk,ragnaros,288,paladin,retribution,6,3,3
Senisse,illidan,288,paladin,retribution,6,3,3
Jojoboskies,aegwynn,288,paladin,retribution,6,3,3
Lawdeedawh,tichondrius,288,paladin,retribution,6,3,3
Leá,illidan,288,paladin,retribution,6,3,3
Minlarkwa,frostmourne,288,paladin,retribution,6,3,3
Gorriuke,wyrmrest-accord,288,paladin,retribution,6,3,3
Vük,destromath,288,paladin,retribution,6,3,3
Kaelel,barthilas,288,paladin,retribution,6,3,3
Ankhz,area-52,288,paladin,retribution,6,3,3
Retrodino,anvilmar,288,paladin,retribution,6,3,3
Halnarran,area-52,288,paladin,retribution,6,3,3
Flareous,moon-guard,288,paladin,retribution,6,3,3
Itsapoc,sargeras,288,paladin,retribution,6,3,3
Merkzz,arthas,288,paladin,retribution,6,3,3
Dfz,mannoroth,288,paladin,retribution,6,3,3
Volcathos,moon-guard,288,paladin,retribution,6,3,3
Vindictacho,tichondrius,288,paladin,retribution,6,3,3
Venter,bleeding-hollow,288,paladin,retribution,6,3,3
Finnthepally,proudmoore,288,paladin,retribution,6,3,3
Ivanko,dalaran,288,paladin,retribution,7,3,4
Xanaxlol,sargeras,288,paladin,retribution,10,4,6
Brutaldeath,area-52,288,paladin,retribution,12,3,9
Boopif,sargeras,288,paladin,retribution,12,3,9
Aduynn,tichondrius,288,paladin,retribution,12,3,9
Levarious,thunderlord,288,paladin,retribution,12,3,9
Säv,tichondrius,288,paladin,retribution,12,3,9
Madworld,moon-guard,288,paladin,retribution,12,3,9
Hardclimacks,frostmourne,288,paladin,retribution,12,3,9
Zaeris,proudmoore,288,paladin,retribution,12,3,9
Hyperforce,area-52,288,paladin,retribution,12,3,9
Dalden,trollbane,288,paladin,retribution,12,3,9
Bubblebooty,drakthul,288,paladin,retribution,12,3,9
Quelite,sargeras,288,paladin,retribution,12,3,9
Hetodo,blood-furnace,288,paladin,retribution,12,3,9
Uzbadkhazad,ragnaros,288,paladin,retribution,12,3,9
Digider,area-52,288,paladin,retribution,12,3,9
Wälly,garona,288,paladin,retribution,12,3,9
Dävis,ragnaros,288,paladin,retribution,12,3,9
Varthinator,stormrage,288,paladin,retribution,12,3,9
Elpal,thrall,288,paladin,retribution,12,3,9
Divinedabs,stormrage,288,paladin,retribution,12,3,9
Baconsock,kelthuzad,288,paladin,retribution,12,3,9
Bigplucker,kelthuzad,288,paladin,retribution,12,3,9
Grindlimg,dalaran,288,paladin,retribution,12,3,9
Yeluh,malganis,288,paladin,retribution,12,3,9
Onemassacre,spirestone,288,paladin,retribution,12,3,9
Slania,area-52,288,paladin,retribution,12,3,9
Tíron,dalaran,288,paladin,retribution,12,3,9
Donsagrado,quelthalas,288,paladin,retribution,12,3,9
Hahe,tichondrius,288,paladin,retribution,12,3,9
Marrike,moon-guard,288,paladin,retribution,12,3,9
Rxxkiee,tichondrius,288,paladin,retribution,12,3,9
Tarkovkappa,illidan,288,paladin,retribution,12,3,9
Bdaws,tichondrius,288,paladin,retribution,12,3,9
Cromsecrate,dalaran,288,paladin,retribution,12,3,9
Reehzlol,stormrage,288,paladin,retribution,12,3,9
Sàber,tichondrius,288,paladin,retribution,12,3,9
Dragonbait,khadgar,288,paladin,retribution,12,3,9
Koltar,stormrage,288,paladin,retribution,12,3,9
Leronos,zuljin,288,paladin,retribution,12,3,9
Nik,the-underbog,288,paladin,retribution,12,3,9
Jontapally,stormrage,288,paladin,retribution,12,3,9
Ucvnt,illidan,288,paladin,retribution,12,3,9
Fknnoath,frostmourne,288,paladin,retribution,12,3,9
Asukaxt,illidan,288,paladin,retribution,12,3,9
Kyuubî,bloodhoof,288,paladin,retribution,12,3,9
Brightfire,dawnbringer,288,paladin,retribution,12,3,9
Lue,boulderfist,288,paladin,retribution,12,3,9
Kuoch,shandris,288,paladin,retribution,12,3,9
Tylnish,hyjal,288,paladin,retribution,12,3,9
Valdi,stonemaul,288,paladin,retribution,12,3,9
Smokeys,sargeras,288,paladin,retribution,12,3,9
Gämä,azralon,288,paladin,retribution,12,3,9
Spiritkeep,veknilash,288,paladin,retribution,12,3,9
Paladatrox,ragnaros,288,paladin,retribution,12,3,9
Tolleytrain,malganis,288,paladin,retribution,12,3,9
Jafbe,mugthol,288,paladin,retribution,12,3,9
Chetmorton,emerald-dream,288,paladin,retribution,12,3,9
Vaaleria,dalaran,288,paladin,retribution,12,3,9
Johnus,lightbringer,288,paladin,retribution,12,3,9
Chuizz,frostmourne,288,paladin,retribution,12,3,9
Palâdin,zuljin,288,paladin,retribution,12,3,9
Kentö,area-52,288,paladin,retribution,12,3,9
Aenwyl,quelthalas,288,paladin,retribution,12,3,9
Marthellus,quelthalas,288,paladin,retribution,12,3,9
Theodrei,darrowmere,288,paladin,retribution,12,3,9
Bakednub,malganis,288,paladin,retribution,17,3,14
Fourchon,tichondrius,288,paladin,retribution,18,3,15
Whangsta,tichondrius,288,paladin,retribution,24,3,21
Soyafed,mugthol,287,paladin,retribution,6,3,3
Matøs,stormrage,287,paladin,retribution,6,3,3
Covidxlx,hakkar,287,paladin,retribution,6,3,3
Dragollias,anvilmar,287,paladin,retribution,12,3,9
Bubbleöseven,agamaggan,281,paladin,retribution,11,5,6
Milkmi,frostmourne,271,paladin,retribution,11,3,8
Strabic,stormrage,271,paladin,retribution,11,3,8
Thepallyx,silvermoon,256,paladin,retribution,10,3,7
Gabrielú,lightninghoof,256,paladin,retribution,10,3,7
Logaen,stormrage,256,paladin,retribution,16,3,13
Gusset,tichondrius,255,paladin,retribution,8,4,4
Lorgax,alterac-mountains,240,paladin,retribution,9,3,6
Badmix,tichondrius,239,paladin,retribution,5,3,2
Sôsaboy,tichondrius,239,paladin,retribution,5,3,2
Palitard,tichondrius,234,paladin,retribution,7,5,2
Swiftysh,ragnaros,234,paladin,retribution,9,4,5
Stinkystan,korgath,234,paladin,retribution,10,4,6
Uunjaaku,kiljaeden,234,paladin,retribution,16,5,11
Wainkywink,malganis,234,paladin,retribution,15,4,11
Waffulzz,moonrunner,223,paladin,retribution,8,3,5
Wabukis,twisting-nether,223,paladin,retribution,8,3,5
Keegân,area-52,192,paladin,retribution,4,3,1
Emiaru,illidan,192,paladin,retribution,4,3,1
Zhspeilian,tichondrius,192,paladin,retribution,11,4,7
Anonymvs,eredar,192,paladin,retribution,9,3,6
Quinnl,dreadmaul,192,paladin,retribution,6,2,4
Prèèd,frostmourne,192,paladin,retribution,6,2,4
Thejüdge,malfurion,192,paladin,retribution,6,2,4
Ganster,dreadmaul,192,paladin,retribution,6,2,4
Lilpally,frostmourne,192,paladin,retribution,6,2,4
Liht,khazgoroth,192,paladin,retribution,6,2,4
Juiicebox,darrowmere,192,paladin,retribution,6,2,4
Bøzø,stormrage,192,paladin,retribution,6,2,4
Alexese,area-52,192,paladin,retribution,6,2,4
Johnygoodboi,khazgoroth,192,paladin,retribution,6,2,4
Reepr,tichondrius,192,paladin,retribution,6,2,4
Blessinofsac,nagrand,192,paladin,retribution,6,2,4
Øexørcistta,nemesis,192,paladin,retribution,6,2,4
Rochet,kiljaeden,192,paladin,retribution,6,2,4
Ramises,nemesis,192,paladin,retribution,6,2,4
Blaeng,shandris,192,paladin,retribution,6,2,4
Loocille,frostmourne,192,paladin,retribution,6,2,4
Felkor,caelestrasz,192,paladin,retribution,6,2,4
Solånar,bloodscalp,192,paladin,retribution,6,2,4
Khels,gilneas,192,paladin,retribution,6,2,4
Ratkiller,barthilas,192,paladin,retribution,6,2,4
Ðuel,area-52,192,paladin,retribution,6,2,4
Chàrron,garrosh,192,paladin,retribution,6,2,4
Arkcadius,frostmourne,192,paladin,retribution,6,2,4
Virisanctii,stormrage,192,paladin,retribution,6,2,4
Troyamat,nemesis,192,paladin,retribution,6,2,4
Bootcrusader,thrall,192,paladin,retribution,6,2,4
Dynamism,frostmourne,192,paladin,retribution,6,2,4
Armasexodus,barthilas,192,paladin,retribution,6,2,4
Voro,barthilas,192,paladin,retribution,6,2,4
Freslys,zuljin,192,paladin,retribution,6,2,4
Lightkillerx,thrall,192,paladin,retribution,6,2,4
Corrán,thrall,192,paladin,retribution,6,2,4
Smolbeef,tichondrius,192,paladin,retribution,6,2,4
Greatblade,barthilas,192,paladin,retribution,6,2,4
Whyurunning,area-52,192,paladin,retribution,6,2,4
Ödin,scarlet-crusade,192,paladin,retribution,6,2,4
Shanehere,thrall,192,paladin,retribution,6,2,4
Tìg,proudmoore,192,paladin,retribution,6,2,4
Snuggymuffin,barthilas,192,paladin,retribution,6,2,4
Passinpeace,tichondrius,192,paladin,retribution,6,2,4
Crazysyco,proudmoore,192,paladin,retribution,6,2,4
Haznthley,proudmoore,192,paladin,retribution,6,2,4
Malakk,zuljin,192,paladin,retribution,6,2,4
Lunchboxz,nazjatar,192,paladin,retribution,6,2,4
Pushabuton,illidan,192,paladin,retribution,6,2,4
Outofholy,stormrage,192,paladin,retribution,6,2,4
Enjoy,frostmourne,192,paladin,retribution,6,2,4
Rây,stormrage,192,paladin,retribution,6,2,4
Ugotburstt,arthas,192,paladin,retribution,6,2,4
Mesaa,illidan,192,paladin,retribution,6,2,4
Tacosmells,thunderlord,192,paladin,retribution,6,2,4
Roity,proudmoore,192,paladin,retribution,6,2,4
Schooiez,tichondrius,192,paladin,retribution,6,2,4
Brucitenjr,illidan,192,paladin,retribution,6,2,4
Gwff,tichondrius,192,paladin,retribution,6,2,4
Krabbiepatty,wyrmrest-accord,192,paladin,retribution,6,2,4
Talions,illidan,192,paladin,retribution,6,2,4
Blargnarg,area-52,192,paladin,retribution,6,2,4
Avenging,wyrmrest-accord,192,paladin,retribution,6,2,4
Lagun,wyrmrest-accord,192,paladin,retribution,6,2,4
Corthic,area-52,192,paladin,retribution,6,2,4
Vosailer,illidan,192,paladin,retribution,6,2,4
Pállymán,proudmoore,192,paladin,retribution,6,2,4
Aleio,moon-guard,192,paladin,retribution,6,2,4
Sahbabii,baelgun,192,paladin,retribution,6,2,4
Tyberas,wyrmrest-accord,192,paladin,retribution,6,2,4
Inexcusable,wyrmrest-accord,192,paladin,retribution,6,2,4
Babyshuangs,illidan,192,paladin,retribution,6,2,4
Savøx,illidan,192,paladin,retribution,6,2,4
Kraggar,arthas,192,paladin,retribution,6,2,4
Shaqueefah,illidan,192,paladin,retribution,6,2,4
Oxycleän,doomhammer,192,paladin,retribution,6,2,4
Whittia,wyrmrest-accord,192,paladin,retribution,6,2,4
Misease,illidan,192,paladin,retribution,6,2,4
Mazexd,illidan,192,paladin,retribution,6,2,4
Angelscrÿ,stormrage,192,paladin,retribution,6,2,4
Ablunedion,illidan,192,paladin,retribution,6,2,4
Pallylyfe,wyrmrest-accord,192,paladin,retribution,6,2,4
Nicerice,dalaran,192,paladin,retribution,6,2,4
Rightz,muradin,192,paladin,retribution,6,2,4
Killerspally,area-52,192,paladin,retribution,6,2,4
Machoo,laughing-skull,192,paladin,retribution,6,2,4
Palade,proudmoore,192,paladin,retribution,6,2,4
Dynastyhero,area-52,192,paladin,retribution,6,2,4
Yeshayah,dalaran,192,paladin,retribution,6,2,4
Gîmply,proudmoore,192,paladin,retribution,6,2,4
Hulc,ysera,192,paladin,retribution,6,2,4
Repèntance,stormrage,192,paladin,retribution,6,2,4
Forprophet,blackrock,192,paladin,retribution,6,2,4
Crânkz,blackrock,192,paladin,retribution,6,2,4
Jazzmatic,dalaran,192,paladin,retribution,6,2,4
Juanvaldez,muradin,192,paladin,retribution,6,2,4
Svane,thunderlord,192,paladin,retribution,6,2,4
Noscajj,tichondrius,192,paladin,retribution,6,2,4
Nocomus,andorhal,192,paladin,retribution,6,2,4
Roundbutts,stormrage,192,paladin,retribution,6,2,4
Kêy,the-venture-co,192,paladin,retribution,6,2,4
Adavinn,azjolnerub,192,paladin,retribution,6,2,4
Hinamattsuri,velen,192,paladin,retribution,6,2,4
Eljosco,nordrassil,192,paladin,retribution,6,2,4
Dabakle,stormrage,192,paladin,retribution,6,2,4
Rhodius,dalaran,192,paladin,retribution,6,2,4
Ordinary,greymane,192,paladin,retribution,6,2,4
Bërzerk,zuluhed,192,paladin,retribution,6,2,4
Ret,onyxia,192,paladin,retribution,6,2,4
Spanx,blackwing-lair,192,paladin,retribution,6,2,4
Bigdret,moon-guard,192,paladin,retribution,6,2,4
Herbzilla,haomarush,192,paladin,retribution,6,2,4
Toscadin,ragnaros,192,paladin,retribution,6,2,4
Dubliner,garona,192,paladin,retribution,6,2,4
Sinsy,moon-guard,192,paladin,retribution,6,2,4
Alexandros,the-underbog,192,paladin,retribution,6,2,4
Crosjudge,zuljin,192,paladin,retribution,6,2,4
Madnhairy,zuljin,192,paladin,retribution,6,2,4
Thaléros,tichondrius,192,paladin,retribution,6,2,4
Byonsay,zuljin,192,paladin,retribution,6,2,4
Paladam,burning-blade,192,paladin,retribution,6,2,4
Vengx,sargeras,192,paladin,retribution,6,2,4
Taddedpally,tichondrius,192,paladin,retribution,6,2,4
Zoeyxo,tichondrius,192,paladin,retribution,6,2,4
Mercuryx,tichondrius,192,paladin,retribution,6,2,4
Giulio,moon-guard,192,paladin,retribution,6,2,4
Ghatte,azralon,192,paladin,retribution,6,2,4
Parkhwi,tichondrius,192,paladin,retribution,6,2,4
Buri,tichondrius,192,paladin,retribution,6,2,4
Holypumper,moon-guard,192,paladin,retribution,6,2,4
Cïelo,dragonmaw,192,paladin,retribution,6,2,4
Holyretribut,tichondrius,192,paladin,retribution,6,2,4
Neydisa,sargeras,192,paladin,retribution,6,2,4
Jaok,tichondrius,192,paladin,retribution,6,2,4
Lokkillos,drakkari,192,paladin,retribution,6,2,4
Astrøworld,sargeras,192,paladin,retribution,6,2,4
Pallydin,smolderthorn,192,paladin,retribution,6,2,4
Narcolepso,azralon,192,paladin,retribution,6,2,4
Rite,azralon,192,paladin,retribution,6,2,4
Hafra,zuljin,192,paladin,retribution,6,2,4
Tufybighamer,malganis,192,paladin,retribution,6,2,4
Pelegroot,azralon,192,paladin,retribution,6,2,4
Mikeelul,tichondrius,192,paladin,retribution,6,2,4
Airane,sargeras,192,paladin,retribution,6,2,4
Blastoise,drakkari,192,paladin,retribution,6,2,4
Quiznossubs,kelthuzad,192,paladin,retribution,6,2,4
Pallypallyy,aerie-peak,192,paladin,retribution,6,2,4
Varianpally,kelthuzad,192,paladin,retribution,6,2,4
Paintpumper,malganis,192,paladin,retribution,6,2,4
Bullworm,ragnaros,192,paladin,retribution,6,2,4
Spyglas,quelthalas,192,paladin,retribution,6,2,4
Alasper,malganis,192,paladin,retribution,6,2,4
Roél,tichondrius,192,paladin,retribution,6,2,4
Danaimei,tichondrius,192,paladin,retribution,6,2,4
Tyrack,ragnaros,192,paladin,retribution,6,2,4
Dose,moon-guard,192,paladin,retribution,6,2,4
Sigmapepe,quelthalas,192,paladin,retribution,6,2,4
Lxwd,tichondrius,192,paladin,retribution,6,2,4
Pearlx,ragnaros,192,paladin,retribution,6,2,4
Jeddmaus,tichondrius,192,paladin,retribution,6,2,4
Avengzeus,tichondrius,192,paladin,retribution,6,2,4
Trê,sargeras,192,paladin,retribution,6,2,4
Guelmin,azralon,192,paladin,retribution,6,2,4
Exalter,malganis,192,paladin,retribution,6,2,4
Supermetroid,vashj,192,paladin,retribution,6,2,4
Brifos,sargeras,192,paladin,retribution,6,2,4
Psychlight,quelthalas,192,paladin,retribution,6,2,4
Mynnorath,emerald-dream,192,paladin,retribution,6,2,4
Thaleros,tichondrius,192,paladin,retribution,6,2,4
Verzuhazadon,tichondrius,192,paladin,retribution,6,2,4
Crijr,ragnaros,192,paladin,retribution,6,2,4
Xoppo,tichondrius,192,paladin,retribution,6,2,4
Drízzy,ragnaros,192,paladin,retribution,6,2,4
Holypoizan,tichondrius,192,paladin,retribution,6,2,4
Ohsoclose,bleeding-hollow,192,paladin,retribution,6,2,4
Chrisqwa,sargeras,192,paladin,retribution,6,2,4
Diänë,ragnaros,192,paladin,retribution,6,2,4
Brand,emerald-dream,192,paladin,retribution,6,2,4
Gunderbok,emerald-dream,192,paladin,retribution,6,2,4
Tomackin,quelthalas,192,paladin,retribution,6,2,4
Toto,sargeras,192,paladin,retribution,6,2,4
Oynx,emerald-dream,192,paladin,retribution,6,2,4
Sac,sargeras,192,paladin,retribution,6,2,4
Felourian,malganis,192,paladin,retribution,6,2,4
Alphönsë,quelthalas,192,paladin,retribution,6,2,4
Strîkes,emerald-dream,192,paladin,retribution,6,2,4
Desterro,quelthalas,192,paladin,retribution,6,2,4
Hekcthor,ragnaros,192,paladin,retribution,6,2,4
Kegmight,emerald-dream,192,paladin,retribution,6,2,4
Roseheart,emerald-dream,192,paladin,retribution,6,2,4
Issac,tichondrius,192,paladin,retribution,6,2,4
Motrîn,sargeras,192,paladin,retribution,6,2,4
Fairbairn,tichondrius,192,paladin,retribution,6,2,4
Scyni,kelthuzad,192,paladin,retribution,7,2,5
Riggar,uther,192,paladin,retribution,8,2,6
Azajudgeman,nemesis,192,paladin,retribution,9,2,7
Bubzfordubz,sargeras,192,paladin,retribution,12,2,10
Milfcrusader,tichondrius,192,paladin,retribution,12,2,10
Seltzer,tichondrius,192,paladin,retribution,12,2,10
Pepepally,area-52,192,paladin,retribution,12,2,10
Fazoéli,stormrage,192,paladin,retribution,12,2,10
Rayli,dalaran,192,paladin,retribution,12,2,10
Seratox,illidan,192,paladin,retribution,12,2,10
Yawnday,farstriders,192,paladin,retribution,12,2,10
Kaiyleigh,sargeras,192,paladin,retribution,12,2,10
Nr,blood-furnace,192,paladin,retribution,12,2,10
Dirtfunk,illidan,192,paladin,retribution,12,2,10
Kief,emerald-dream,192,paladin,retribution,12,2,10
Thorsmites,sargeras,192,paladin,retribution,12,2,10
Lamer,proudmoore,192,paladin,retribution,12,2,10
Ghratadin,bleeding-hollow,192,paladin,retribution,12,2,10
Cabacarl,quelthalas,192,paladin,retribution,12,2,10
Aetol,proudmoore,192,paladin,retribution,12,2,10
Goomie,icecrown,192,paladin,retribution,12,2,10
Slithix,stormreaver,192,paladin,retribution,12,2,10
Anahl,icecrown,192,paladin,retribution,12,2,10
Sïncere,frostmourne,192,paladin,retribution,12,2,10
Arminhamer,sargeras,192,paladin,retribution,12,2,10
Clrty,area-52,192,paladin,retribution,12,2,10
Holyshifts,exodar,192,paladin,retribution,12,2,10
Criixx,malganis,192,paladin,retribution,12,2,10
Rîf,malganis,192,paladin,retribution,12,2,10
Vantz,tichondrius,192,paladin,retribution,12,2,10
Ricopal,frostmourne,192,paladin,retribution,12,2,10
Imnoracist,thrall,192,paladin,retribution,18,2,16
Dorisseline,emerald-dream,192,paladin,retribution,18,2,16
Caitlyn,nazjatar,191,paladin,retribution,6,2,4
Savagefck,sargeras,191,paladin,retribution,6,2,4
Nejie,nazjatar,191,paladin,retribution,6,2,4
Thugmuffin,thrall,176,paladin,retribution,7,3,4
Wokeinator,malganis,175,paladin,retribution,11,3,8
Attkdmgcurry,illidan,175,paladin,retribution,11,2,9
Baalduru,borean-tundra,175,paladin,retribution,11,2,9
Bubbletop,tichondrius,169,paladin,retribution,11,4,7
Gordonryan,bleeding-hollow,160,paladin,retribution,10,2,8
Thorviim,azralon,159,paladin,retribution,5,2,3
Nalahra,moon-guard,159,paladin,retribution,5,2,3
Zyllo,area-52,159,paladin,retribution,5,2,3
Whoopsie,dragonmaw,159,paladin,retribution,5,2,3
Pallydeen,illidan,159,paladin,retribution,5,2,3
Bringbackrmp,tichondrius,159,paladin,retribution,5,2,3
Drholypurp,tichondrius,159,paladin,retribution,5,2,3
Holeesheett,tichondrius,144,paladin,retribution,9,2,7
Åddict,kelthuzad,138,paladin,retribution,10,3,7
Iæl,stormrage,138,paladin,retribution,10,3,7
Dathromir,stormrage,138,paladin,retribution,15,3,12
Bubbleosèven,tichondrius,138,paladin,retribution,16,3,13
Modafinil,bonechewer,138,paladin,retribution,20,3,17
Mikwa,ragnaros,128,paladin,retribution,4,2,2
Yemotis,emerald-dream,128,paladin,retribution,4,2,2
Kforty,kiljaeden,128,paladin,retribution,4,2,2
Khileeha,sargeras,128,paladin,retribution,10,2,8
Thortanous,icecrown,96,paladin,retribution,3,2,1
Dazak,ragnaros,96,paladin,retribution,3,2,1
Swordstrikes,tichondrius,96,paladin,retribution,3,2,1
Utho,wyrmrest-accord,96,paladin,retribution,3,2,1
Smaugg,boulderfist,96,paladin,retribution,3,2,1
Miketavius,moon-guard,96,paladin,retribution,6,1,5
Bruwdblood,bleeding-hollow,96,paladin,retribution,6,1,5
Partenna,quelthalas,96,paladin,retribution,6,1,5
Ashlïe,moon-guard,96,paladin,retribution,6,1,5
Flashbubble,sargeras,96,paladin,retribution,6,1,5
Erindor,emerald-dream,96,paladin,retribution,6,1,5
Cyona,gallywix,96,paladin,retribution,6,1,5
Matrium,kiljaeden,96,paladin,retribution,6,1,5
Fourwives,sargeras,96,paladin,retribution,6,1,5
Shádøwy,nemesis,96,paladin,retribution,6,1,5
Synnderilla,wyrmrest-accord,96,paladin,retribution,6,1,5
Daelann,moon-guard,96,paladin,retribution,6,1,5
Brynleigh,malganis,96,paladin,retribution,6,1,5
Krulu,thrall,96,paladin,retribution,6,1,5
Rodrigo,frostmourne,96,paladin,retribution,6,1,5
Holiness,stormreaver,96,paladin,retribution,6,1,5
Retrib,tichondrius,96,paladin,retribution,6,1,5
Hodne,blackhand,96,paladin,retribution,6,1,5
Warhero,sargeras,96,paladin,retribution,6,1,5
Bogùs,tichondrius,96,paladin,retribution,6,1,5
Djset,blackhand,96,paladin,retribution,6,1,5
Solambul,tichondrius,96,paladin,retribution,6,1,5
Kënsi,quelthalas,96,paladin,retribution,6,1,5
Howlerhead,illidan,96,paladin,retribution,6,1,5
Fatkidslag,sargeras,96,paladin,retribution,6,1,5
Bosmoklikdat,moon-guard,96,paladin,retribution,6,1,5
Ryudoshël,nemesis,96,paladin,retribution,6,1,5
Tehgodofdmg,tichondrius,96,paladin,retribution,6,1,5
Holyflopper,malganis,96,paladin,retribution,6,1,5
Keltec,bonechewer,96,paladin,retribution,6,1,5
Torvus,bonechewer,96,paladin,retribution,6,1,5
Scarllye,illidan,96,paladin,retribution,6,1,5
Momhips,bloodscalp,96,paladin,retribution,6,1,5
Minjikim,tichondrius,96,paladin,retribution,6,1,5
Javiermiléi,quelthalas,96,paladin,retribution,6,1,5
Adobro,tichondrius,96,paladin,retribution,6,1,5
Yoroding,tichondrius,96,paladin,retribution,6,1,5
Miniell,tichondrius,96,paladin,retribution,6,1,5
Scah,illidan,96,paladin,retribution,6,1,5
Chakin,burning-legion,96,paladin,retribution,6,1,5
Maeyz,sargeras,96,paladin,retribution,6,1,5
Skadooshh,illidan,96,paladin,retribution,6,1,5
Paldan,illidan,96,paladin,retribution,6,1,5
Acpally,tichondrius,96,paladin,retribution,6,1,5
Boundric,emerald-dream,96,paladin,retribution,6,1,5
Yøu,tichondrius,96,paladin,retribution,6,1,5
Rynis,arthas,96,paladin,retribution,6,1,5
Talahar,boulderfist,96,paladin,retribution,6,1,5
Mentalíssues,moon-guard,96,paladin,retribution,6,1,5
Retsarro,frostmourne,96,paladin,retribution,6,1,5
Balloony,stormrage,96,paladin,retribution,6,1,5
Sunnix,illidan,96,paladin,retribution,6,1,5
Giita,quelthalas,96,paladin,retribution,6,1,5
Zulzander,kelthuzad,96,paladin,retribution,6,1,5
Conámi,ragnaros,96,paladin,retribution,6,1,5
Shiningtendi,aerie-peak,96,paladin,retribution,6,1,5
Chapichapi,illidan,96,paladin,retribution,6,1,5
Amorimbr,area-52,96,paladin,retribution,6,1,5
Wilmâ,ragnaros,96,paladin,retribution,6,1,5
Bravsirrobin,firetree,96,paladin,retribution,6,1,5
Kadabrak,area-52,96,paladin,retribution,6,1,5
Roosterface,azjolnerub,96,paladin,retribution,6,1,5
Homeboywill,hyjal,96,paladin,retribution,6,1,5
Gazef,proudmoore,96,paladin,retribution,6,1,5
Actionman,bleeding-hollow,96,paladin,retribution,6,1,5
Ssjgodvy,illidan,96,paladin,retribution,6,1,5
Lygophobia,frostmourne,96,paladin,retribution,6,1,5
Thumos,sargeras,96,paladin,retribution,6,1,5
Níngjìngy,tichondrius,96,paladin,retribution,6,1,5
Chainjustice,area-52,96,paladin,retribution,6,1,5
Volphorix,illidan,96,paladin,retribution,6,1,5
Chuggawhugga,area-52,96,paladin,retribution,6,1,5
Holythanos,bleeding-hollow,96,paladin,retribution,6,1,5
Tradalia,illidan,96,paladin,retribution,6,1,5
Smudgexy,frostmourne,96,paladin,retribution,6,1,5
Zwilliam,frostmourne,96,paladin,retribution,6,1,5
Ariolo,baelgun,96,paladin,retribution,6,1,5
Dafoq,stormrage,96,paladin,retribution,6,1,5
Smïthh,area-52,96,paladin,retribution,6,1,5
Kamakazê,sargeras,96,paladin,retribution,6,1,5
Cupidxbye,tichondrius,96,paladin,retribution,6,1,5
Luiiguii,drakkari,96,paladin,retribution,6,1,5
Holyclapzy,stormrage,96,paladin,retribution,6,1,5
Slantee,illidan,96,paladin,retribution,6,1,5
Mindfoolness,sargeras,96,paladin,retribution,6,1,5
Judgémental,bleeding-hollow,96,paladin,retribution,6,1,5
Poeboyz,stormrage,96,paladin,retribution,6,1,5
Marcovk,quelthalas,96,paladin,retribution,6,1,5
Dankpaladin,frostwolf,96,paladin,retribution,6,1,5
Tenethor,area-52,96,paladin,retribution,6,1,5
Htnhy,aegwynn,96,paladin,retribution,6,1,5
Urudith,azralon,96,paladin,retribution,6,1,5
Palajem,stormrage,96,paladin,retribution,6,1,5
Rodt,dalaran,96,paladin,retribution,6,1,5
Donoph,blades-edge,96,paladin,retribution,6,1,5
Flashstark,area-52,96,paladin,retribution,6,1,5
Parts,aerie-peak,96,paladin,retribution,6,1,5
Scuffedhoj,tichondrius,96,paladin,retribution,6,1,5
Aragonns,illidan,96,paladin,retribution,6,1,5
Deviill,winterhoof,96,paladin,retribution,6,1,5
Pugnacity,stormrage,96,paladin,retribution,6,1,5
Liongolden,azralon,96,paladin,retribution,6,1,5
Chaosbubble,burning-legion,96,paladin,retribution,6,1,5
Zealotry,tichondrius,96,paladin,retribution,6,1,5
Justtrollin,black-dragonflight,96,paladin,retribution,6,1,5
Gdesign,tichondrius,96,paladin,retribution,6,1,5
Carloss,drakkari,96,paladin,retribution,6,1,5
Jüstice,tichondrius,96,paladin,retribution,6,1,5
Astraelon,bleeding-hollow,96,paladin,retribution,6,1,5
Asellusarc,kelthuzad,96,paladin,retribution,6,1,5
Smallhammer,aegwynn,96,paladin,retribution,6,1,5
Terppy,stormrage,96,paladin,retribution,6,1,5
Rg,nerzhul,96,paladin,retribution,6,1,5
Ultrah,area-52,96,paladin,retribution,6,1,5
Nytto,lightnings-blade,96,paladin,retribution,6,1,5
Xkillz,korgath,96,paladin,retribution,6,1,5
Angusbeef,hyjal,96,paladin,retribution,6,1,5
Aldwyn,deathwing,96,paladin,retribution,6,1,5
Këys,earthen-ring,96,paladin,retribution,6,1,5
Ahrieze,moon-guard,96,paladin,retribution,6,1,5
Valadinn,tichondrius,96,paladin,retribution,6,1,5
Odos,zuljin,96,paladin,retribution,6,1,5
Franchy,stormrage,96,paladin,retribution,6,1,5
Fpaladin,tichondrius,96,paladin,retribution,6,1,5
Narsys,tichondrius,96,paladin,retribution,6,1,5
Clayban,stormrage,96,paladin,retribution,6,1,5
Pallypòwer,garrosh,96,paladin,retribution,6,1,5
Màli,akama,96,paladin,retribution,6,1,5
Hanael,quelthalas,96,paladin,retribution,7,1,6
Wantsome,frostmourne,96,paladin,retribution,7,1,6
Lelythia,bleeding-hollow,96,paladin,retribution,7,1,6
Lorenzojr,sargeras,96,paladin,retribution,12,1,11
Shamo,stormreaver,96,paladin,retribution,12,1,11
Æpaldin,tichondrius,96,paladin,retribution,12,1,11
Yobnai,zuljin,96,paladin,retribution,12,1,11
Firexfist,gurubashi,96,paladin,retribution,12,1,11
Whosyourdady,azjolnerub,96,paladin,retribution,12,1,11
Nbtv,tichondrius,96,paladin,retribution,12,1,11
Oshia,destromath,96,paladin,retribution,12,1,11
Reinhardburm,quelthalas,96,paladin,retribution,12,1,11
Hondacivicsi,mannoroth,96,paladin,retribution,12,1,11
Hukah,darkspear,96,paladin,retribution,12,1,11
Catholica,tichondrius,96,paladin,retribution,12,1,11
Astralweed,quelthalas,96,paladin,retribution,12,1,11
Hojpocketx,tichondrius,96,paladin,retribution,12,1,11
Rimorse,illidan,96,paladin,retribution,12,1,11
Séykän,ragnaros,96,paladin,retribution,12,1,11
Malisaa,tichondrius,96,paladin,retribution,12,1,11
Hottest,wyrmrest-accord,84,paladin,retribution,13,5,8
Torms,illidan,79,paladin,retribution,3,3,0
Maverickxz,nemesis,79,paladin,retribution,5,1,4
Bowdown,wildhammer,79,paladin,retribution,5,1,4
Goldieg,tichondrius,79,paladin,retribution,5,1,4
Hivers,stormrage,79,paladin,retribution,11,1,10
Fulgal,jubeithos,48,paladin,retribution,3,1,2
Lawbandit,tichondrius,42,paladin,retribution,10,3,7
Eljefee,emerald-dream,42,paladin,retribution,11,3,8
Newwow,tichondrius,42,paladin,retribution,9,2,7
Voncruz,proudmoore,42,paladin,retribution,12,2,10
Kletüs,quelthalas,16,paladin,retribution,1,1,0
Moistsaiyan,blood-furnace,15,paladin,retribution,1,1,0
ßleider,quelthalas,1906,paladin,protection,55,39,16
Ëlmaster,nemesis,1831,paladin,protection,120,75,45
Kierolechita,ragnaros,1807,paladin,protection,118,63,55
Zhspeilian,tichondrius,1730,paladin,protection,84,47,37
Sutadansa,doomhammer,1711,paladin,protection,98,46,52
Uglyboyryan,sargeras,1674,paladin,protection,84,51,33
Eclipsor,bleeding-hollow,1657,paladin,protection,48,30,18
Vondonna,moon-guard,1655,paladin,protection,113,65,48
Lxwd,tichondrius,1655,paladin,protection,113,56,57
Aopidsfihjov,stormrage,1649,paladin,protection,42,30,12
Motates,malganis,1621,paladin,protection,60,28,32
Höpönpöppö,frostmourne,1589,paladin,protection,36,17,19
Aeythyr,wyrmrest-accord,1558,paladin,protection,48,26,22
Rehtua,bleeding-hollow,1557,paladin,protection,83,35,48
Zephyrvalor,sargeras,1525,paladin,protection,69,31,38
Chozverialyz,ysondre,1494,paladin,protection,68,32,36
Modafinil,bonechewer,1456,paladin,protection,87,42,45
Íaan,drakkari,1433,paladin,protection,70,43,27
Wowmike,sargeras,1421,paladin,protection,42,17,25
Arcilys,illidan,1398,paladin,protection,60,29,31
Bighardshock,aggramar,1339,paladin,protection,24,14,10
Khrome,cenarion-circle,1328,paladin,protection,134,44,90
Domocho,azgalor,1315,paladin,protection,24,14,10
Jkethuhsnake,ghostlands,1306,paladin,protection,51,31,20
Thorsmites,sargeras,1273,paladin,protection,48,18,30
Lelythia,bleeding-hollow,1161,paladin,protection,65,25,40
Almeta,kelthuzad,1135,paladin,protection,24,12,12
Zakh,proudmoore,1053,paladin,protection,18,11,7
Ndnpaly,bonechewer,953,paladin,protection,12,10,2
Ratzon,dalaran,950,paladin,protection,18,10,8
Aluvia,malygos,864,paladin,protection,12,9,3
Borrus,malygos,863,paladin,protection,18,9,9
Negativeiq,moon-guard,798,paladin,protection,10,10,0
Bubblemark,tichondrius,768,paladin,protection,18,8,10
Courageousz,dalaran,768,paladin,protection,18,8,10
Crusâder,area-52,767,paladin,protection,24,8,16
Herimi,drakkari,766,paladin,protection,18,8,10
Kittié,proudmoore,760,paladin,protection,24,8,16
Imthabromb,dragonblight,758,paladin,protection,18,8,10
Halnoth,dethecus,702,paladin,protection,11,8,3
Sôlux,quelthalas,672,paladin,protection,23,7,16
Dirkdigglerz,bleeding-hollow,670,paladin,protection,18,7,11
Whëëls,stormreaver,576,paladin,protection,12,6,6
Øziris,goldrinn,528,paladin,protection,15,7,8
Stormvikingx,darkspear,480,paladin,protection,6,5,1
Danthorin,malfurion,480,paladin,protection,12,5,7
Kiehui,lightbringer,480,paladin,protection,12,5,7
Bullivan,sisters-of-elune,480,paladin,protection,12,5,7
Gîmply,proudmoore,384,paladin,protection,12,4,8
Belmorlin,moon-guard,384,paladin,protection,12,4,8
Goldjade,khazgoroth,384,paladin,protection,12,4,8
Isecretly,stormrage,335,paladin,protection,7,7,0
Poorly,thorium-brotherhood,288,paladin,protection,6,3,3
Ronor,thorium-brotherhood,288,paladin,protection,6,3,3
Sølis,alleria,288,paladin,protection,6,3,3
Bt,quelthalas,288,paladin,protection,6,3,3
Saeranella,moon-guard,240,paladin,protection,9,3,6
Blâckhârt,saurfang,234,paladin,protection,9,4,5
Xinqingle,tichondrius,192,paladin,protection,6,2,4
Lewstelamon,korialstrasz,192,paladin,protection,6,2,4
Consecrated,daggerspine,192,paladin,protection,12,2,10
Holyknight,veknilash,96,paladin,protection,8,2,6
Bullmarket,tichondrius,96,paladin,protection,6,1,5
Holykura,thrall,96,paladin,protection,6,1,5
Yötönyö,sargeras,2082,priest,holy,114,57,57
Fluent,emerald-dream,2016,priest,holy,102,52,50
Priestlike,tichondrius,2010,priest,holy,127,68,59
Dogbutt,burning-legion,1996,priest,holy,222,111,111
Jjmms,akama,1916,priest,holy,169,95,74
Tirrify,frostmourne,1899,priest,holy,54,29,25
Cokeheals,kelthuzad,1897,priest,holy,42,26,16
Fusira,gurubashi,1894,priest,holy,36,20,16
Pianohouse,illidan,1893,priest,holy,54,29,25
Zenelu,tichondrius,1891,priest,holy,176,91,85
Peat,hyjal,1844,priest,holy,54,27,27
Superduperr,illidan,1840,priest,holy,66,33,33
Vandalia,shadowsong,1837,priest,holy,181,89,92
Citrinesta,illidan,1835,priest,holy,197,121,76
Saintjpii,tichondrius,1818,priest,holy,108,66,42
Nickydamous,moon-guard,1817,priest,holy,66,38,28
Mastuti,azralon,1817,priest,holy,59,27,32
Iniquitatem,tichondrius,1817,priest,holy,60,23,37
Tromnasty,area-52,1816,priest,holy,90,53,37
Whitetails,illidan,1816,priest,holy,54,31,23
Onikûdaki,sargeras,1814,priest,holy,86,37,49
Cinnalite,darkspear,1813,priest,holy,36,26,10
Sweatynick,proudmoore,1813,priest,holy,227,109,118
Scyner,bleeding-hollow,1811,priest,holy,152,87,65
Bloodlinex,malganis,1806,priest,holy,171,102,69
Lilyxo,bleeding-hollow,1806,priest,holy,60,32,28
Ninbara,tichondrius,1806,priest,holy,96,46,50
Pipelayerx,illidan,1804,priest,holy,50,25,25
Murkd,tichondrius,1804,priest,holy,145,68,77
Gerpe,stormrage,1789,priest,holy,183,101,82
Immthuggin,tichondrius,1780,priest,holy,102,43,59
Santyel,ragnaros,1768,priest,holy,72,43,29
Moonideli,moon-guard,1765,priest,holy,72,36,36
Lëønë,nemesis,1761,priest,holy,118,74,44
Goodlife,frostmourne,1753,priest,holy,107,52,55
Cheekypriest,stormrage,1747,priest,holy,54,25,29
Heavyflo,kelthuzad,1746,priest,holy,96,49,47
Dreckie,sargeras,1734,priest,holy,89,42,47
Zazul,frostmane,1729,priest,holy,101,58,43
Icychain,area-52,1726,priest,holy,35,19,16
Cryptron,tichondrius,1706,priest,holy,74,32,42
Hyouka,area-52,1698,priest,holy,205,104,101
Gill,proudmoore,1696,priest,holy,118,59,59
Nanatoo,sargeras,1686,priest,holy,36,18,18
Geoffrred,illidan,1686,priest,holy,54,21,33
Rustymvp,nagrand,1685,priest,holy,38,19,19
Candohp,frostmourne,1682,priest,holy,42,22,20
Elbowbeans,tichondrius,1680,priest,holy,64,31,33
Soloqqt,tichondrius,1675,priest,holy,42,24,18
Gaudthree,tichondrius,1675,priest,holy,48,26,22
Minipriest,sargeras,1673,priest,holy,42,20,22
Óst,tichondrius,1673,priest,holy,42,18,24
Wøo,area-52,1672,priest,holy,141,76,65
Iluvthgnmicz,sargeras,1652,priest,holy,51,27,24
Pws,azralon,1646,priest,holy,60,25,35
Snowymooie,frostmourne,1643,priest,holy,48,22,26
Bopang,emerald-dream,1638,priest,holy,59,27,32
Dypkillet,moon-guard,1637,priest,holy,108,52,56
Bubbles,drakthul,1634,priest,holy,232,118,114
Punkndrublic,sargeras,1631,priest,holy,83,43,40
Tòxìç,stormrage,1623,priest,holy,127,74,53
Tookiex,stormrage,1622,priest,holy,37,17,20
Washdp,frostmourne,1621,priest,holy,48,21,27
Leoshi,turalyon,1615,priest,holy,36,21,15
Archbishop,stormscale,1610,priest,holy,31,18,13
Matthiass,thrall,1610,priest,holy,77,41,36
Nielbomb,tichondrius,1606,priest,holy,253,130,123
Wankenobi,stormrage,1604,priest,holy,212,105,107
Dylbags,frostmourne,1600,priest,holy,35,21,14
Dawnside,wyrmrest-accord,1596,priest,holy,316,185,131
Soaphia,kelthuzad,1571,priest,holy,124,64,60
Sacrifer,moon-guard,1570,priest,holy,84,45,39
ßeautiful,sargeras,1562,priest,holy,42,22,20
Dgpriest,tichondrius,1559,priest,holy,42,19,23
Krobs,bleeding-hollow,1559,priest,holy,48,20,28
Cerebrill,bleeding-hollow,1557,priest,holy,45,22,23
Falsegodx,tichondrius,1555,priest,holy,36,17,19
Handsumheals,kiljaeden,1541,priest,holy,37,22,15
Avis,illidan,1539,priest,holy,110,54,56
Sooyáaa,illidan,1538,priest,holy,42,18,24
Sukeena,malganis,1525,priest,holy,83,38,45
Tazzi,chromaggus,1522,priest,holy,66,29,37
Oyy,barthilas,1518,priest,holy,54,28,26
Vampiric,laughing-skull,1514,priest,holy,48,30,18
Boboxiao,illidan,1512,priest,holy,47,16,31
Cutiepriest,gnomeregan,1511,priest,holy,96,57,39
Bestgirlna,area-52,1509,priest,holy,30,16,14
Applepieyum,illidan,1508,priest,holy,42,19,23
Chervz,chogall,1503,priest,holy,42,18,24
Tranquilty,tichondrius,1501,priest,holy,72,31,41
Giveheadpats,moon-guard,1496,priest,holy,164,80,84
Heluupa,illidan,1495,priest,holy,71,47,24
Soleyxo,frostmourne,1489,priest,holy,54,31,23
Xedus,mannoroth,1485,priest,holy,62,28,34
Kostantina,kelthuzad,1484,priest,holy,42,18,24
Symbolofhope,moon-guard,1474,priest,holy,45,20,25
Illyasviel,terenas,1472,priest,holy,103,41,62
Ayanamil,tichondrius,1459,priest,holy,62,48,14
Strivedaily,proudmoore,1447,priest,holy,97,46,51
Plebiss,burning-blade,1441,priest,holy,114,60,54
Artiannaa,bleeding-hollow,1436,priest,holy,63,39,24
Necroplasma,area-52,1433,priest,holy,55,31,24
Mizzbehavn,tichondrius,1430,priest,holy,44,24,20
Pesca,proudmoore,1429,priest,holy,36,15,21
Edmen,stormrage,1427,priest,holy,78,37,41
Wrinkletink,whisperwind,1426,priest,holy,49,24,25
Anguishment,stormrage,1416,priest,holy,153,73,80
Esvary,quelthalas,1411,priest,holy,86,50,36
Reverenced,stormrage,1409,priest,holy,60,36,24
Littlebat,proudmoore,1408,priest,holy,72,39,33
Fyne,kelthuzad,1403,priest,holy,81,32,49
Merellia,moon-guard,1395,priest,holy,72,37,35
Soapfan,kelthuzad,1392,priest,holy,142,67,75
Mkenze,moon-guard,1386,priest,holy,102,47,55
Akaneo,tichondrius,1380,priest,holy,36,18,18
Cruxave,aegwynn,1379,priest,holy,34,18,16
Pettypriest,dalaran,1377,priest,holy,75,29,46
Methodist,proudmoore,1374,priest,holy,78,28,50
Kovaxx,frostmourne,1373,priest,holy,76,33,43
Sabene,greymane,1364,priest,holy,91,44,47
Dioecesis,moon-guard,1364,priest,holy,41,15,26
Heist,kelthuzad,1353,priest,holy,26,16,10
Quartzolio,azralon,1353,priest,holy,59,35,24
Holyb,tichondrius,1352,priest,holy,36,18,18
Shaldra,bleeding-hollow,1348,priest,holy,109,64,45
Holyshytt,tichondrius,1346,priest,holy,55,30,25
Sappes,area-52,1346,priest,holy,54,27,27
Eccentricx,sargeras,1342,priest,holy,24,14,10
Ænußís,stormrage,1335,priest,holy,84,46,38
Spriest,kul-tiras,1332,priest,holy,74,41,33
Trufumthunzi,illidan,1330,priest,holy,26,17,9
Mercý,zuljin,1328,priest,holy,54,32,22
Healztonic,dalaran,1323,priest,holy,85,38,47
Discospider,sargeras,1313,priest,holy,30,15,15
Lexiié,area-52,1312,priest,holy,55,33,22
Ksâh,bleeding-hollow,1309,priest,holy,36,17,19
Owlchubz,mannoroth,1306,priest,holy,80,31,49
Xinferesia,sargeras,1305,priest,holy,61,25,36
Xrafa,azralon,1301,priest,holy,84,38,46
Animè,zuluhed,1299,priest,holy,86,50,36
Saetia,drenden,1286,priest,holy,29,19,10
Chemod,quelthalas,1278,priest,holy,35,17,18
Rihen,tichondrius,1270,priest,holy,155,65,90
Raskreia,dragonmaw,1268,priest,holy,30,14,16
Junatoh,area-52,1266,priest,holy,37,21,16
Threesclass,tichondrius,1262,priest,holy,29,14,15
Preacherr,bonechewer,1256,priest,holy,24,14,10
Galadrael,quelthalas,1252,priest,holy,35,16,19
Zallstan,zuljin,1249,priest,holy,30,15,15
Onemission,whisperwind,1247,priest,holy,30,13,17
Bjorke,tichondrius,1247,priest,holy,30,13,17
Turnipp,sargeras,1246,priest,holy,30,13,17
Duskherald,zuljin,1240,priest,holy,58,25,33
Joeschmoe,proudmoore,1235,priest,holy,24,13,11
Nowwow,tichondrius,1230,priest,holy,30,14,16
Aiwa,winterhoof,1229,priest,holy,18,13,5
Holiermilk,demon-soul,1229,priest,holy,200,88,112
Zerolimitzz,arthas,1225,priest,holy,48,22,26
Cléah,sargeras,1218,priest,holy,107,49,58
Leggoscams,tichondrius,1217,priest,holy,28,14,14
Firewatcher,sisters-of-elune,1214,priest,holy,30,17,13
Valkur,aegwynn,1213,priest,holy,78,34,44
Akainuu,nazjatar,1207,priest,holy,55,22,33
Dóctóre,thrall,1205,priest,holy,61,24,37
Veltaxis,moon-guard,1203,priest,holy,98,44,54
Stayhealed,tichondrius,1201,priest,holy,45,22,23
Fanseband,dalaran,1199,priest,holy,24,14,10
Ranøth,deathwing,1197,priest,holy,53,24,29
Theophobe,illidan,1190,priest,holy,85,45,40
Dagaen,thunderlord,1184,priest,holy,197,98,99
Haruspex,azralon,1183,priest,holy,22,13,9
ßsimp,darrowmere,1180,priest,holy,32,13,19
Flemyth,eitrigg,1180,priest,holy,40,16,24
Kälashnikova,ragnaros,1177,priest,holy,92,45,47
Tytusx,stormrage,1176,priest,holy,26,13,13
Pílí,drakkari,1174,priest,holy,54,24,30
Haushauha,azralon,1164,priest,holy,48,23,25
Etros,wyrmrest-accord,1156,priest,holy,90,38,52
Milkgulper,illidan,1152,priest,holy,24,12,12
Leonihpriest,nemesis,1151,priest,holy,30,12,18
Trompiscola,quelthalas,1151,priest,holy,30,12,18
Ukizeal,moknathal,1151,priest,holy,42,15,27
Endure,moon-guard,1149,priest,holy,24,12,12
Maiyennefer,proudmoore,1146,priest,holy,34,13,21
Meiev,quelthalas,1139,priest,holy,24,12,12
Benjamints,thrall,1124,priest,holy,24,12,12
Etain,bloodscalp,1120,priest,holy,23,12,11
Dactylion,moon-guard,1119,priest,holy,24,12,12
Æsir,skullcrusher,1119,priest,holy,30,12,18
Niná,arathor,1114,priest,holy,20,13,7
Zojhira,khazgoroth,1114,priest,holy,66,32,34
Selket,stormscale,1107,priest,holy,66,26,40
Kytiana,blackwing-lair,1105,priest,holy,367,181,186
Floppytatas,illidan,1102,priest,holy,81,37,44
Dolandir,quelthalas,1085,priest,holy,24,13,11
Deathrina,moon-guard,1079,priest,holy,27,13,14
Mavuiss,barthilas,1069,priest,holy,25,12,13
Tarlex,illidan,1068,priest,holy,31,12,19
Yinaiteen,drakkari,1061,priest,holy,47,29,18
Doob,ghostlands,1050,priest,holy,18,11,7
Dotdotdead,earthen-ring,1049,priest,holy,18,11,7
Arçhángël,moon-guard,1048,priest,holy,18,11,7
Soulhealer,shadowmoon,1048,priest,holy,24,13,11
Berzum,chogall,1048,priest,holy,24,11,13
Dylirium,dathremar,1044,priest,holy,18,11,7
Droneboy,moon-guard,1037,priest,holy,24,11,13
Sanaconda,sargeras,1035,priest,holy,30,11,19
Seråphim,sargeras,1015,priest,holy,48,27,21
Sybenela,proudmoore,994,priest,holy,61,28,33
Djdazzle,kargath,991,priest,holy,23,11,12
Artemix,azralon,991,priest,holy,90,36,54
Priesttess,skullcrusher,981,priest,holy,23,11,12
Healgirls,dalaran,980,priest,holy,29,12,17
Ragekiller,lothar,968,priest,holy,48,23,25
Oxynor,zuljin,960,priest,holy,18,10,8
Jameswarren,silvermoon,959,priest,holy,11,11,0
Pèrona,tichondrius,959,priest,holy,24,10,14
Trickyhobo,area-52,958,priest,holy,12,10,2
Iaptop,tichondrius,958,priest,holy,18,10,8
Folate,frostmourne,957,priest,holy,18,10,8
Phearix,zuljin,957,priest,holy,24,10,14
Musashibo,kelthuzad,957,priest,holy,33,11,22
Adrenalinn,illidan,955,priest,holy,18,10,8
Noobepriest,thrall,955,priest,holy,18,10,8
Pottime,tichondrius,955,priest,holy,24,10,14
Cappoo,tichondrius,955,priest,holy,36,10,26
Delthas,nagrand,952,priest,holy,124,60,64
Dovoso,kargath,951,priest,holy,26,10,16
Hycinamun,malganis,949,priest,holy,24,10,14
Novous,area-52,944,priest,holy,30,10,20
Celinsa,ragnaros,942,priest,holy,24,10,14
Taylorsmites,emerald-dream,931,priest,holy,42,18,24
Souljourner,stormrage,930,priest,holy,18,10,8
Jol,aggramar,928,priest,holy,24,10,14
Dipanddøts,area-52,926,priest,holy,17,10,7
Rustymvpfan,nagrand,864,priest,holy,18,9,9
Lickless,illidan,863,priest,holy,18,9,9
Holyxb,bleeding-hollow,863,priest,holy,18,9,9
Glöws,area-52,863,priest,holy,24,9,15
Çummiñs,malganis,862,priest,holy,18,9,9
Padreamarol,ragnaros,859,priest,holy,18,9,9
Sondrak,doomhammer,846,priest,holy,41,16,25
Psïren,quelthalas,831,priest,holy,28,9,19
Híkarí,windrunner,796,priest,holy,14,9,5
Stennic,emerald-dream,795,priest,holy,16,9,7
Gbumy,tichondrius,784,priest,holy,13,9,4
Tookz,stormrage,768,priest,holy,12,8,4
Turnip,zuljin,768,priest,holy,12,8,4
Fotmtrash,the-underbog,768,priest,holy,12,8,4
Voidzx,tichondrius,768,priest,holy,18,8,10
Khalesî,ragnaros,767,priest,holy,12,8,4
Cardinalpéll,frostmourne,767,priest,holy,18,8,10
Ofmanyfaces,illidan,766,priest,holy,12,8,4
Ripcvs,sargeras,766,priest,holy,18,8,10
Zeroo,maiev,765,priest,holy,12,8,4
Manatea,moon-guard,765,priest,holy,18,8,10
Zolpidem,quelthalas,765,priest,holy,18,8,10
Lenlune,bloodscalp,763,priest,holy,18,8,10
Hälø,moon-guard,762,priest,holy,12,8,4
Holyfizzle,dethecus,752,priest,holy,12,8,4
Fäctor,bleeding-hollow,750,priest,holy,14,10,4
Fäñcÿ,tichondrius,734,priest,holy,17,8,9
Rylance,burning-blade,720,priest,holy,21,8,13
Msdash,tichondrius,717,priest,holy,15,8,7
Jaytee,aggramar,703,priest,holy,14,9,5
Nwok,frostmourne,672,priest,holy,12,7,5
Iilmama,area-52,672,priest,holy,12,7,5
Clarifytwo,arathor,672,priest,holy,12,7,5
Pevis,thrall,672,priest,holy,12,7,5
Dmgisop,illidan,672,priest,holy,15,8,7
Sorrowful,mannoroth,672,priest,holy,18,7,11
Tylexus,tichondrius,672,priest,holy,18,7,11
Drelia,jubeithos,672,priest,holy,24,7,17
Jordandoesnt,tichondrius,671,priest,holy,12,7,5
Chaynal,proudmoore,671,priest,holy,12,7,5
Maddrox,sargeras,671,priest,holy,12,7,5
Deidre,illidan,671,priest,holy,16,8,8
Braevera,wyrmrest-accord,671,priest,holy,18,7,11
Releknosleep,frostwolf,634,priest,holy,17,7,10
Rebirthed,kelthuzad,622,priest,holy,82,39,43
Fayth,maiev,620,priest,holy,11,7,4
Blackprez,dathremar,613,priest,holy,17,7,10
Punishing,illidan,606,priest,holy,16,7,9
Tegridyfarm,malganis,605,priest,holy,16,7,9
Papadarkness,tichondrius,603,priest,holy,14,7,7
Pikachuwu,moon-guard,586,priest,holy,11,7,4
Shockterror,area-52,576,priest,holy,12,6,6
Cantheel,stormrage,576,priest,holy,12,6,6
Didntâsk,arthas,576,priest,holy,12,6,6
Sìnz,area-52,576,priest,holy,12,6,6
Dadcantdeath,frostmourne,576,priest,holy,12,6,6
Kaelthos,quelthalas,576,priest,holy,12,6,6
Hysteria,dalaran,576,priest,holy,12,6,6
Jezebëll,nemesis,576,priest,holy,12,6,6
Sigx,area-52,576,priest,holy,12,6,6
Skylust,azralon,576,priest,holy,12,6,6
Suirr,tichondrius,576,priest,holy,18,6,12
Xhirra,quelthalas,576,priest,holy,18,6,12
Rootandboot,frostmourne,576,priest,holy,18,6,12
Griddly,alterac-mountains,576,priest,holy,25,6,19
Bismund,chogall,575,priest,holy,12,6,6
Meowforheals,sargeras,575,priest,holy,12,6,6
Darkheals,azralon,575,priest,holy,12,6,6
Mattkoster,mannoroth,575,priest,holy,12,6,6
Kephrek,eonar,575,priest,holy,18,6,12
Sêtsunà,dalaran,575,priest,holy,18,6,12
Uzakichan,arygos,575,priest,holy,18,6,12
Därkness,azralon,575,priest,holy,18,6,12
Daisie,bleeding-hollow,574,priest,holy,12,6,6
Veni,kiljaeden,574,priest,holy,18,6,12
Atlana,gilneas,571,priest,holy,12,6,6
Aldryth,lightbringer,571,priest,holy,12,6,6
Sôlîånia,alterac-mountains,570,priest,holy,12,6,6
Altara,malygos,569,priest,holy,12,6,6
Zual,hakkar,569,priest,holy,12,6,6
Satíva,dark-iron,543,priest,holy,11,6,5
Suzzanna,frostmourne,525,priest,holy,11,6,5
Xanky,frostmourne,511,priest,holy,10,6,4
Vìxèn,zuljin,496,priest,holy,19,6,13
Soulghast,gorefiend,480,priest,holy,6,5,1
Canibumsmoke,illidan,480,priest,holy,6,5,1
Chadopri,stormrage,480,priest,holy,12,5,7
Secrèt,tichondrius,480,priest,holy,12,5,7
Steve,drakthul,480,priest,holy,12,5,7
Selidri,proudmoore,480,priest,holy,12,5,7
Blackoss,sargeras,480,priest,holy,12,5,7
Ducky,drakthul,480,priest,holy,12,5,7
Maelei,ragnaros,480,priest,holy,12,5,7
Kernelious,illidan,480,priest,holy,12,5,7
Timbobaloo,thrall,480,priest,holy,12,5,7
Snookp,kiljaeden,480,priest,holy,12,5,7
Holyharlot,sargeras,480,priest,holy,18,5,13
Kazehanaa,ragnaros,479,priest,holy,6,5,1
Beckzz,illidan,479,priest,holy,6,5,1
Lieuwe,kelthuzad,479,priest,holy,6,5,1
Klassa,thrall,479,priest,holy,11,6,5
Adjectives,nerzhul,479,priest,holy,12,5,7
Unni,azralon,479,priest,holy,18,5,13
Amunsu,stormrage,475,priest,holy,12,5,7
Smellybox,area-52,463,priest,holy,13,6,7
Illooj,eonar,447,priest,holy,11,5,6
Shadowchárm,bleeding-hollow,447,priest,holy,11,5,6
Amayå,kelthuzad,384,priest,holy,6,4,2
Yav,exodar,384,priest,holy,6,4,2
Calissy,proudmoore,384,priest,holy,6,4,2
Dankpope,malganis,384,priest,holy,6,4,2
Chanyt,azralon,384,priest,holy,6,4,2
Patchyemoly,frostmourne,384,priest,holy,6,4,2
Schátten,spirestone,384,priest,holy,6,4,2
Xusin,tichondrius,384,priest,holy,6,4,2
Bunnykinz,moon-guard,384,priest,holy,6,4,2
Priestybear,illidan,384,priest,holy,6,4,2
Döyöuliftbro,tichondrius,384,priest,holy,12,4,8
Yumä,kiljaeden,384,priest,holy,12,4,8
Frozencherry,elune,384,priest,holy,12,4,8
Giusep,tichondrius,384,priest,holy,12,4,8
Hoglet,moon-guard,384,priest,holy,12,4,8
Clarify,arathor,384,priest,holy,12,4,8
Sätîvá,tichondrius,384,priest,holy,12,4,8
Pavle,laughing-skull,384,priest,holy,13,4,9
Aeøns,sargeras,384,priest,holy,18,4,14
Hynzor,barthilas,384,priest,holy,24,4,20
Freshtodeath,malganis,383,priest,holy,12,4,8
Dyianah,wyrmrest-accord,383,priest,holy,12,4,8
Hatxsu,emerald-dream,372,priest,holy,22,8,14
Stradey,tichondrius,367,priest,holy,11,4,7
Sharkda,frostmourne,350,priest,holy,17,4,13
Santamuerte,agamaggan,336,priest,holy,15,4,11
Yidra,illidan,335,priest,holy,11,4,7
Edessa,lothar,335,priest,holy,17,4,13
Qtasiangirl,emerald-dream,330,priest,holy,21,5,16
Boogiedo,area-52,319,priest,holy,5,4,1
Kabutta,stormrage,318,priest,holy,14,4,10
Charbosan,gorgonnash,288,priest,holy,6,3,3
Laurens,fenris,288,priest,holy,6,3,3
Nerfdisc,azralon,288,priest,holy,6,3,3
Duonaiameng,illidan,288,priest,holy,6,3,3
Discountay,burning-legion,288,priest,holy,6,3,3
Lullabya,tichondrius,288,priest,holy,6,3,3
Bagoheals,area-52,288,priest,holy,6,3,3
Estaria,the-forgotten-coast,288,priest,holy,6,3,3
Vynlanesh,illidan,288,priest,holy,6,3,3
Xtcbtc,sargeras,288,priest,holy,6,3,3
Zesho,firetree,288,priest,holy,6,3,3
Dividëd,stormrage,288,priest,holy,6,3,3
Ñÿx,arthas,288,priest,holy,6,3,3
Xoraya,proudmoore,288,priest,holy,6,3,3
Dream,kelthuzad,288,priest,holy,6,3,3
Purgeoften,sargeras,288,priest,holy,6,3,3
Raphan,stormrage,288,priest,holy,6,3,3
Wubbi,blackrock,288,priest,holy,6,3,3
Orderic,ragnaros,288,priest,holy,6,3,3
Healdog,thrall,288,priest,holy,6,3,3
Swrvlol,emerald-dream,288,priest,holy,6,3,3
Grindr,ragnaros,288,priest,holy,6,3,3
Miamama,hydraxis,288,priest,holy,6,3,3
Becrixx,thunderlord,288,priest,holy,6,3,3
Smiteyducks,stormrage,288,priest,holy,6,3,3
Meatboxmoldy,blood-furnace,288,priest,holy,6,3,3
Tseirpyeroc,area-52,288,priest,holy,6,3,3
Toje,korgath,288,priest,holy,6,3,3
Madomie,bladefist,288,priest,holy,6,3,3
Sarkozzlol,tichondrius,288,priest,holy,12,3,9
Lalight,tichondrius,288,priest,holy,12,3,9
Disperse,vashj,288,priest,holy,12,3,9
Jezuz,aerie-peak,288,priest,holy,12,3,9
Ísábella,ragnaros,288,priest,holy,12,3,9
Swis,area-52,288,priest,holy,12,3,9
Smitepie,malganis,288,priest,holy,12,3,9
Irilde,proudmoore,288,priest,holy,12,3,9
Fertalize,maiev,288,priest,holy,18,3,15
Pringlés,suramar,288,priest,holy,18,3,15
Korhíl,ragnaros,287,priest,holy,6,3,3
Messra,dathremar,287,priest,holy,6,3,3
Priestognic,azralon,287,priest,holy,6,3,3
Auradaluz,stormrage,287,priest,holy,12,3,9
Tianqing,tichondrius,271,priest,holy,11,3,8
Ftheman,tichondrius,234,priest,holy,17,4,13
Halö,doomhammer,223,priest,holy,14,3,11
Spïcÿ,frostmourne,192,priest,holy,6,2,4
Speyside,medivh,192,priest,holy,6,2,4
Faedre,smolderthorn,192,priest,holy,6,2,4
Sinthe,stormrage,192,priest,holy,6,2,4
Hypodontia,caelestrasz,192,priest,holy,6,2,4
Mommyafk,moon-guard,192,priest,holy,6,2,4
Xeras,ravencrest,192,priest,holy,6,2,4
Arodar,wyrmrest-accord,192,priest,holy,6,2,4
Tuulipp,aegwynn,192,priest,holy,6,2,4
Holynug,stormrage,192,priest,holy,6,2,4
Gusho,frostmourne,192,priest,holy,6,2,4
Voltstein,dalaran,192,priest,holy,6,2,4
Mindgoblin,terokkar,192,priest,holy,6,2,4
Wagnerr,jubeithos,192,priest,holy,6,2,4
Daddyhammer,area-52,192,priest,holy,6,2,4
Igotubrah,malganis,192,priest,holy,6,2,4
Opas,rivendare,192,priest,holy,6,2,4
Mendx,tichondrius,192,priest,holy,6,2,4
Jilt,aerie-peak,192,priest,holy,6,2,4
Ôp,sargeras,192,priest,holy,6,2,4
Gles,quelthalas,192,priest,holy,6,2,4
Twodxo,kelthuzad,192,priest,holy,6,2,4
Belfortx,tichondrius,192,priest,holy,6,2,4
Pancakeboi,tichondrius,192,priest,holy,6,2,4
Xenatic,emerald-dream,192,priest,holy,6,2,4
Verboden,kelthuzad,192,priest,holy,6,2,4
Langyi,tichondrius,192,priest,holy,10,2,8
Nevertelsp,malganis,192,priest,holy,12,2,10
Fraggydaddy,frostmourne,192,priest,holy,12,2,10
Remixcandoit,malganis,191,priest,holy,6,2,4
Mikeliteo,blades-edge,190,priest,holy,12,2,10
Sneaks,frostmourne,159,priest,holy,5,2,3
Ascian,daggerspine,138,priest,holy,6,3,3
Pumpss,area-52,138,priest,holy,11,3,8
Plzhelp,cairne,136,priest,holy,9,3,6
Rakel,nathrezim,96,priest,holy,6,1,5
Lilpaprika,sargeras,96,priest,holy,6,1,5
Hüde,stormrage,96,priest,holy,6,1,5
Sarïya,moon-guard,96,priest,holy,6,1,5
Lagemela,quelthalas,96,priest,holy,6,1,5
Sukmysplooge,queldorei,96,priest,holy,6,1,5
Burtier,zuljin,96,priest,holy,6,1,5
Kagura,dunemaul,96,priest,holy,6,1,5
Tammyone,emerald-dream,96,priest,holy,6,1,5
Nancynibbler,bleeding-hollow,96,priest,holy,6,1,5
Breathkeeper,proudmoore,96,priest,holy,6,1,5
Bofuri,barthilas,96,priest,holy,6,1,5
Celani,gilneas,96,priest,holy,6,1,5
Alaskaa,moon-guard,96,priest,holy,6,1,5
Shadyvoodoo,barthilas,96,priest,holy,6,1,5
Missjules,illidan,96,priest,holy,6,1,5
Olassi,stormrage,96,priest,holy,6,1,5
Hiroshikun,azshara,96,priest,holy,6,1,5
Qnarisha,tichondrius,96,priest,holy,6,1,5
Deryus,dalaran,96,priest,holy,6,1,5
Minamy,tichondrius,96,priest,holy,6,1,5
Alëssana,illidan,96,priest,holy,6,1,5
Yungsherm,tichondrius,96,priest,holy,6,1,5
Badgoy,dalaran,96,priest,holy,6,1,5
Angelicduck,illidan,96,priest,holy,6,1,5
Janova,tichondrius,96,priest,holy,6,1,5
Øliverxp,lightbringer,96,priest,holy,6,1,5
Djriest,sargeras,96,priest,holy,12,1,11
Barryp,wyrmrest-accord,96,priest,holy,12,1,11
Gillís,thrall,96,priest,holy,12,1,11
Whalexo,kelthuzad,84,priest,holy,17,4,13
Brownsnooter,sargeras,79,priest,holy,5,1,4
Helorren,nagrand,79,priest,holy,11,1,10
Èfflux,sargeras,2252,priest,discipline,97,56,41
Whammiez,tichondrius,2243,priest,discipline,84,50,34
Strickmaney,nathrezim,2237,priest,discipline,258,139,119
Gentlewoman,ragnaros,2160,priest,discipline,81,50,31
Pesian,dalaran,2153,priest,discipline,233,121,112
Cinnamontage,illidan,2142,priest,discipline,114,64,50
Castsmite,tichondrius,2141,priest,discipline,99,52,47
Undrcvr,sargeras,2140,priest,discipline,90,47,43
Shikinomi,illidan,2133,priest,discipline,78,46,32
Wcnmb,blackrock,2123,priest,discipline,72,46,26
Nusrah,tichondrius,2114,priest,discipline,87,45,42
Kovulol,area-52,2107,priest,discipline,126,67,59
Néylo,illidan,2106,priest,discipline,112,56,56
Psyches,dalaran,2106,priest,discipline,109,50,59
Woolp,frostmourne,2102,priest,discipline,100,58,42
Ante,stonemaul,2101,priest,discipline,103,58,45
Søryn,madoran,2100,priest,discipline,102,52,50
Classmaster,stormrage,2082,priest,discipline,159,90,69
Kkelly,stormrage,2053,priest,discipline,250,126,124
Esqueue,illidan,2044,priest,discipline,54,26,28
Lemonmint,tichondrius,2040,priest,discipline,94,46,48
Redonkulos,shattered-hand,2036,priest,discipline,133,71,62
Frksake,area-52,2030,priest,discipline,162,97,65
Instoway,illidan,2029,priest,discipline,150,89,61
Zxxkawaii,tichondrius,2029,priest,discipline,148,78,70
Pancakeboi,tichondrius,2028,priest,discipline,101,47,54
Crutched,blackhand,2022,priest,discipline,60,35,25
Zámmy,area-52,2021,priest,discipline,65,44,21
Idkmyname,proudmoore,2018,priest,discipline,58,29,29
Blessxo,ragnaros,2016,priest,discipline,96,45,51
Reedyjrrtv,tichondrius,2015,priest,discipline,77,42,35
Smokezter,area-52,2015,priest,discipline,111,58,53
Markers,spinebreaker,2012,priest,discipline,118,59,59
Cosmicyiff,area-52,2010,priest,discipline,100,57,43
Changwongpk,kelthuzad,2008,priest,discipline,226,114,112
Reilacoste,moon-guard,2002,priest,discipline,83,41,42
Sÿnpriest,illidan,1997,priest,discipline,336,164,172
Xajen,illidan,1996,priest,discipline,84,39,45
Sonicboomsz,azralon,1995,priest,discipline,104,54,50
Proxs,sargeras,1995,priest,discipline,201,101,100
Praemal,tichondrius,1989,priest,discipline,90,41,49
Twocrshort,area-52,1975,priest,discipline,95,60,35
Amine,tichondrius,1970,priest,discipline,60,34,26
Azzäm,tichondrius,1970,priest,discipline,90,48,42
Poporeborn,tichondrius,1969,priest,discipline,147,71,76
Astüty,illidan,1967,priest,discipline,66,37,29
Supaflute,tichondrius,1967,priest,discipline,72,32,40
Abepriest,zuljin,1964,priest,discipline,204,106,98
Dayx,malganis,1962,priest,discipline,78,38,40
Etharass,illidan,1960,priest,discipline,78,34,44
Rukiyou,frostwolf,1957,priest,discipline,84,37,47
Awàken,sargeras,1952,priest,discipline,57,35,22
Iilmama,area-52,1948,priest,discipline,105,55,50
Hospetal,tichondrius,1946,priest,discipline,122,62,60
Gotdro,kelthuzad,1942,priest,discipline,68,36,32
Mimikyú,tichondrius,1941,priest,discipline,96,41,55
Gosharbg,tichondrius,1940,priest,discipline,34,24,10
Sarkozzlol,tichondrius,1938,priest,discipline,84,43,41
Goodlife,frostmourne,1936,priest,discipline,65,30,35
Ccgo,tichondrius,1933,priest,discipline,84,42,42
Plaedo,stormscale,1932,priest,discipline,52,28,24
Fádé,illidan,1932,priest,discipline,97,48,49
Namilol,tichondrius,1931,priest,discipline,54,30,24
Miamama,hydraxis,1931,priest,discipline,76,42,34
Duw,icecrown,1930,priest,discipline,133,69,64
Praitne,tichondrius,1926,priest,discipline,71,37,34
Indiglo,arthas,1925,priest,discipline,60,37,23
Balsak,zuljin,1924,priest,discipline,152,72,80
Yanye,tichondrius,1922,priest,discipline,115,62,53
Baldzx,sargeras,1922,priest,discipline,167,88,79
Rmpmeeper,kilrogg,1920,priest,discipline,48,29,19
Crabsp,illidan,1919,priest,discipline,108,53,55
Thefiveoh,malganis,1914,priest,discipline,27,23,4
Elybele,sargeras,1912,priest,discipline,98,54,44
Artíst,sargeras,1911,priest,discipline,119,64,55
Quaree,stormrage,1911,priest,discipline,393,204,189
Penanceperry,bleeding-hollow,1911,priest,discipline,167,76,91
Varenon,stormrage,1910,priest,discipline,159,90,69
Invincible,ragnaros,1908,priest,discipline,50,32,18
Lovelike,tichondrius,1907,priest,discipline,63,36,27
Omhz,tichondrius,1905,priest,discipline,96,49,47
Leorid,stormrage,1905,priest,discipline,118,55,63
Jiangfeng,tichondrius,1904,priest,discipline,42,20,22
Clearclouds,tichondrius,1897,priest,discipline,131,68,63
Riseandshine,illidan,1896,priest,discipline,54,38,16
Evicereith,ragnaros,1896,priest,discipline,42,25,17
Pølupoker,illidan,1895,priest,discipline,59,27,32
Haunting,nerzhul,1893,priest,discipline,207,103,104
Boriz,frostmourne,1892,priest,discipline,79,44,35
Alisas,malganis,1892,priest,discipline,89,38,51
Aitri,hakkar,1890,priest,discipline,85,41,44
Zerorizz,tichondrius,1890,priest,discipline,42,20,22
Ndzy,malganis,1890,priest,discipline,48,21,27
Usefirstaid,sargeras,1883,priest,discipline,42,26,16
Usedwrap,sargeras,1881,priest,discipline,78,43,35
Throatgoated,moon-guard,1881,priest,discipline,47,21,26
Vizzy,stormrage,1878,priest,discipline,72,40,32
Mauvex,stormrage,1877,priest,discipline,404,194,210
Notatk,tichondrius,1877,priest,discipline,185,82,103
Sñ,illidan,1874,priest,discipline,48,27,21
Budings,tichondrius,1874,priest,discipline,95,51,44
Rileymcgerr,tichondrius,1873,priest,discipline,42,24,18
Exdric,kiljaeden,1873,priest,discipline,72,36,36
Mumrah,antonidas,1873,priest,discipline,113,56,57
Shieldspamx,tichondrius,1873,priest,discipline,71,33,38
Rawze,tichondrius,1873,priest,discipline,69,32,37
Dellaptop,sargeras,1871,priest,discipline,88,51,37
Capcana,tichondrius,1870,priest,discipline,66,37,29
Reydehaiti,ragnaros,1869,priest,discipline,54,31,23
Montagehey,illidan,1868,priest,discipline,83,43,40
Lidoradra,zuljin,1867,priest,discipline,77,36,41
Candyshack,area-52,1863,priest,discipline,88,51,37
Spoõks,darkspear,1862,priest,discipline,141,69,72
Cokeheals,tichondrius,1861,priest,discipline,60,29,31
Bubblekanush,tichondrius,1859,priest,discipline,36,22,14
Reecepack,moon-guard,1859,priest,discipline,53,31,22
Highskrizzle,thrall,1857,priest,discipline,67,37,30
Jjmms,akama,1857,priest,discipline,114,59,55
Phludd,malganis,1856,priest,discipline,82,45,37
Ravnica,kelthuzad,1856,priest,discipline,82,43,39
Shadey,onyxia,1855,priest,discipline,54,26,28
Nayzoh,darkspear,1855,priest,discipline,78,37,41
Vidzar,area-52,1854,priest,discipline,42,28,14
Drsquiddy,tichondrius,1854,priest,discipline,47,30,17
Cremona,tichondrius,1854,priest,discipline,72,32,40
Cardinaldave,frostmourne,1850,priest,discipline,48,26,22
Praeyer,area-52,1850,priest,discipline,362,180,182
Lumies,tichondrius,1848,priest,discipline,42,21,21
Bigshieldlol,illidan,1847,priest,discipline,60,39,21
Chromielol,tichondrius,1847,priest,discipline,54,31,23
Tzïñåçåñ,tichondrius,1847,priest,discipline,54,29,25
Cavityx,illidan,1844,priest,discipline,52,30,22
Boykoz,zuljin,1843,priest,discipline,49,29,20
Dacine,illidan,1843,priest,discipline,60,30,30
Nickydamous,moon-guard,1843,priest,discipline,66,31,35
Jiangfenglol,tichondrius,1843,priest,discipline,54,24,30
Zelená,trollbane,1841,priest,discipline,128,77,51
Meoveryou,stormrage,1840,priest,discipline,86,47,39
Syliva,frostmourne,1840,priest,discipline,65,30,35
Koalakazamza,shadow-council,1839,priest,discipline,62,28,34
Shamáng,tichondrius,1838,priest,discipline,62,33,29
Waggers,moon-guard,1837,priest,discipline,42,23,19
Lotion,icecrown,1837,priest,discipline,48,25,23
Binipriest,tichondrius,1835,priest,discipline,67,40,27
Vaaynee,ragnaros,1835,priest,discipline,96,53,43
Jamino,jubeithos,1835,priest,discipline,111,60,51
Tmeugene,tichondrius,1835,priest,discipline,40,21,19
Shazdo,illidan,1834,priest,discipline,42,29,13
Bugweeb,sargeras,1834,priest,discipline,87,56,31
Thottsteal,queldorei,1834,priest,discipline,60,31,29
Ameliarys,sargeras,1833,priest,discipline,103,51,52
Sons,zuljin,1832,priest,discipline,54,29,25
Wapriest,blades-edge,1831,priest,discipline,456,227,229
Msai,tichondrius,1830,priest,discipline,114,68,46
Snackermz,tichondrius,1829,priest,discipline,77,32,45
Cpks,tichondrius,1828,priest,discipline,76,48,28
Misatomori,tichondrius,1828,priest,discipline,54,28,26
Didy,dark-iron,1828,priest,discipline,58,27,31
Epitoh,bleeding-hollow,1828,priest,discipline,78,36,42
Hamstip,sargeras,1827,priest,discipline,42,27,15
Sleetherp,barthilas,1827,priest,discipline,64,37,27
Eluneslight,tichondrius,1827,priest,discipline,60,30,30
Fracxured,sargeras,1827,priest,discipline,68,31,37
Stepxo,sargeras,1826,priest,discipline,72,34,38
Bloodyxx,bleeding-hollow,1825,priest,discipline,34,23,11
Buffle,zuluhed,1825,priest,discipline,66,38,28
Yokuz,thunderlord,1825,priest,discipline,48,26,22
Mackulate,tichondrius,1825,priest,discipline,65,34,31
Aprîl,quelthalas,1825,priest,discipline,72,37,35
Däzzlë,quelthalas,1825,priest,discipline,72,35,37
Chk,moon-guard,1825,priest,discipline,88,41,47
Pnsp,perenolde,1824,priest,discipline,42,30,12
Xholyshietz,emerald-dream,1824,priest,discipline,71,48,23
Anasuzana,stormrage,1824,priest,discipline,48,28,20
Cya,deathwing,1824,priest,discipline,54,30,24
Senzy,tichondrius,1824,priest,discipline,144,79,65
Swurvexo,bleeding-hollow,1823,priest,discipline,47,28,19
Reignen,tichondrius,1823,priest,discipline,129,75,54
Valothrian,area-52,1823,priest,discipline,124,67,57
Sprankels,bleeding-hollow,1823,priest,discipline,108,55,53
Likethis,ragnaros,1823,priest,discipline,269,135,134
Luhkx,stormrage,1823,priest,discipline,54,25,29
Dairy,the-underbog,1822,priest,discipline,49,29,20
Memoria,emerald-dream,1822,priest,discipline,117,60,57
Zachon,sargeras,1822,priest,discipline,54,27,27
Oohso,chogall,1821,priest,discipline,91,43,48
Jerkingit,tichondrius,1821,priest,discipline,64,30,34
Ultrà,ragnaros,1820,priest,discipline,71,44,27
Wreklol,tichondrius,1820,priest,discipline,60,34,26
Ujelin,kiljaeden,1820,priest,discipline,48,24,24
Nerfthedoc,blackrock,1819,priest,discipline,49,31,18
Tophr,illidan,1819,priest,discipline,41,24,17
Soojwa,frostmourne,1819,priest,discipline,54,24,30
Adûnaic,frostmourne,1818,priest,discipline,206,98,108
Novel,moon-guard,1817,priest,discipline,30,24,6
Akuzaki,illidan,1817,priest,discipline,54,25,29
Neverbeen,tichondrius,1816,priest,discipline,138,85,53
Cynthus,dalvengyr,1816,priest,discipline,102,60,42
Lichtschreit,zuljin,1816,priest,discipline,41,24,17
Juicyturon,moon-guard,1816,priest,discipline,77,45,32
Woodowl,tichondrius,1816,priest,discipline,46,25,21
Jackski,nemesis,1816,priest,discipline,48,25,23
Meloxicamm,tichondrius,1816,priest,discipline,64,33,31
Discopenguin,kelthuzad,1815,priest,discipline,54,30,24
Engle,arathor,1815,priest,discipline,42,22,20
Ousïa,quelthalas,1815,priest,discipline,164,81,83
Mommyafk,moon-guard,1815,priest,discipline,48,22,26
Abt,proudmoore,1815,priest,discipline,60,27,33
Fullmetals,azralon,1814,priest,discipline,53,30,23
Celestiah,kelthuzad,1814,priest,discipline,36,19,17
Zuwukey,kirin-tor,1814,priest,discipline,163,85,78
Tanmo,illidan,1814,priest,discipline,96,50,46
Syllè,area-52,1814,priest,discipline,48,24,24
Fibbre,tichondrius,1814,priest,discipline,121,54,67
Razdaz,twisting-nether,1814,priest,discipline,66,29,37
ßeyonder,tichondrius,1814,priest,discipline,78,34,44
Layons,nemesis,1813,priest,discipline,128,82,46
Relicx,firetree,1813,priest,discipline,54,33,21
Morboo,proudmoore,1813,priest,discipline,78,43,35
Svzy,illidan,1813,priest,discipline,48,26,22
Ritzzx,ragnaros,1813,priest,discipline,59,31,28
Fhinky,tichondrius,1813,priest,discipline,185,95,90
Sasha,muradin,1813,priest,discipline,142,70,72
Psyjes,stormrage,1812,priest,discipline,93,60,33
Ahoy,sargeras,1812,priest,discipline,75,46,29
Shallwedance,tichondrius,1812,priest,discipline,44,26,18
Abstention,area-52,1812,priest,discipline,60,32,28
Fatbellyx,sargeras,1812,priest,discipline,72,36,36
Tyrrshadow,skywall,1811,priest,discipline,104,58,46
Wübbie,emerald-dream,1810,priest,discipline,72,40,32
Arguseonp,proudmoore,1809,priest,discipline,54,37,17
Jemine,tichondrius,1809,priest,discipline,108,64,44
Thepumps,sargeras,1809,priest,discipline,73,43,30
Paramour,laughing-skull,1809,priest,discipline,108,59,49
Dabaojian,tichondrius,1809,priest,discipline,60,28,32
Aube,frostmourne,1809,priest,discipline,51,23,28
Vbear,dunemaul,1808,priest,discipline,71,39,32
Pkkdestiny,archimonde,1808,priest,discipline,71,37,34
Catbabyorz,tichondrius,1808,priest,discipline,84,41,43
Pns,perenolde,1808,priest,discipline,66,32,34
Hazzang,tichondrius,1807,priest,discipline,54,32,22
Dopeypriest,area-52,1807,priest,discipline,120,68,52
Curachon,darkspear,1807,priest,discipline,81,33,48
Gices,area-52,1806,priest,discipline,36,24,12
Ayakashi,frostmourne,1806,priest,discipline,75,46,29
Wormface,moon-guard,1806,priest,discipline,58,35,23
Releriel,area-52,1806,priest,discipline,58,31,27
Inthemix,stormreaver,1806,priest,discipline,376,197,179
Yezhua,zuljin,1806,priest,discipline,84,44,40
Frostinal,illidan,1806,priest,discipline,96,49,47
Forti,sargeras,1806,priest,discipline,114,57,57
Rylla,illidan,1805,priest,discipline,66,34,32
Öxhö,tichondrius,1804,priest,discipline,44,31,13
Ðsco,tichondrius,1804,priest,discipline,36,24,12
Absorbs,stormrage,1804,priest,discipline,30,19,11
Fearmen,tichondrius,1804,priest,discipline,59,33,26
Selath,ragnaros,1804,priest,discipline,47,26,21
Angelumlucis,frostmane,1804,priest,discipline,145,80,65
Astroverse,tichondrius,1804,priest,discipline,52,28,24
Cln,bleeding-hollow,1804,priest,discipline,65,32,33
Khaoshealer,destromath,1804,priest,discipline,118,55,63
Thaldrum,tichondrius,1804,priest,discipline,79,30,49
Phillthevoid,sargeras,1803,priest,discipline,45,29,16
Applecare,illidan,1803,priest,discipline,102,60,42
Tarlex,illidan,1803,priest,discipline,168,94,74
Goldsunx,emerald-dream,1803,priest,discipline,152,85,67
Cbalnom,tichondrius,1803,priest,discipline,70,37,33
Manyhot,tichondrius,1802,priest,discipline,51,32,19
Yrñwiotøø,illidan,1802,priest,discipline,54,33,21
Seifong,frostmourne,1802,priest,discipline,125,68,57
Retardèr,tichondrius,1801,priest,discipline,97,68,29
Reverendtun,area-52,1801,priest,discipline,83,55,28
Wânda,tichondrius,1801,priest,discipline,111,57,54
Cupitan,tichondrius,1801,priest,discipline,50,22,28
Bigmomcook,tichondrius,1800,priest,discipline,215,125,90
Imissdave,dethecus,1800,priest,discipline,48,27,21
Rilad,icecrown,1800,priest,discipline,84,47,37
Narakku,sargeras,1800,priest,discipline,108,59,49
Alola,illidan,1800,priest,discipline,135,69,66
Aratis,bleeding-hollow,1800,priest,discipline,42,19,23
Fearinoculúm,bleeding-hollow,1798,priest,discipline,24,19,5
Mimz,trollbane,1798,priest,discipline,48,24,24
Comebaack,stormrage,1797,priest,discipline,98,51,47
Impvp,tichondrius,1795,priest,discipline,89,49,40
Owstepbro,sargeras,1791,priest,discipline,87,65,22
Catonement,moon-guard,1791,priest,discipline,60,27,33
Shnozberry,tichondrius,1790,priest,discipline,102,43,59
Shadheda,andorhal,1789,priest,discipline,44,23,21
Bublehead,zuljin,1789,priest,discipline,114,56,58
Xiaoqunzi,tichondrius,1787,priest,discipline,36,22,14
Hugemilkys,tichondrius,1787,priest,discipline,79,44,35
Osis,rivendare,1786,priest,discipline,112,53,59
Hadoka,ragnaros,1786,priest,discipline,54,23,31
Tmversace,tichondrius,1781,priest,discipline,112,56,56
Usedmedkit,sargeras,1780,priest,discipline,47,28,19
Usebindwound,sargeras,1779,priest,discipline,72,43,29
Bamboon,tanaris,1778,priest,discipline,90,47,43
Isilador,moon-guard,1775,priest,discipline,95,44,51
Pesca,proudmoore,1774,priest,discipline,125,59,66
Dapp,barthilas,1773,priest,discipline,71,30,41
Compxx,barthilas,1772,priest,discipline,48,30,18
Jezebëll,nemesis,1772,priest,discipline,186,98,88
Nohéalforu,stormrage,1770,priest,discipline,47,25,22
Auxp,tichondrius,1769,priest,discipline,59,23,36
Åpples,tichondrius,1768,priest,discipline,65,30,35
Írithyll,stormrage,1767,priest,discipline,59,33,26
Barthol,malygos,1767,priest,discipline,202,102,100
Taipriest,frostmourne,1767,priest,discipline,150,67,83
Breakmoon,tichondrius,1767,priest,discipline,66,27,39
Hoonjojjyang,tichondrius,1765,priest,discipline,54,29,25
Bloodyx,bleeding-hollow,1765,priest,discipline,53,28,25
Sebpriest,proudmoore,1764,priest,discipline,42,20,22
Kostantina,kelthuzad,1762,priest,discipline,118,53,65
Myles,alexstrasza,1761,priest,discipline,40,22,18
Gochuxx,tichondrius,1761,priest,discipline,66,34,32
Raysx,stormrage,1759,priest,discipline,83,37,46
Discflips,dalaran,1758,priest,discipline,204,102,102
Velftrixi,sargeras,1758,priest,discipline,96,44,52
Mancito,mannoroth,1757,priest,discipline,120,59,61
Kaddy,mannoroth,1757,priest,discipline,130,60,70
Hotgirlshiit,dalaran,1756,priest,discipline,226,107,119
Demaholy,illidan,1755,priest,discipline,107,56,51
Leapofdoubt,zuljin,1754,priest,discipline,238,124,114
Jaytee,aggramar,1754,priest,discipline,72,33,39
Vinnydiesel,tichondrius,1753,priest,discipline,48,23,25
Quèénstar,tichondrius,1752,priest,discipline,73,29,44
Ãbelladanger,area-52,1747,priest,discipline,42,29,13
Grimacê,sargeras,1747,priest,discipline,62,29,33
Pervysaged,sargeras,1746,priest,discipline,24,19,5
Onikûdaki,sargeras,1744,priest,discipline,53,24,29
Deadpriesst,arthas,1743,priest,discipline,48,23,25
Selenitax,sargeras,1743,priest,discipline,62,28,34
Qtasiangirl,emerald-dream,1742,priest,discipline,85,38,47
Evilear,tichondrius,1741,priest,discipline,48,22,26
Dietcokee,stormrage,1740,priest,discipline,56,26,30
Buhroketwo,thrall,1739,priest,discipline,36,24,12
Deathtones,barthilas,1739,priest,discipline,107,58,49
Orderic,ragnaros,1736,priest,discipline,57,32,25
Marcìano,bleeding-hollow,1736,priest,discipline,64,35,29
Pgpriest,kelthuzad,1736,priest,discipline,84,41,43
Kelthax,sargeras,1736,priest,discipline,54,23,31
Niark,frostmourne,1736,priest,discipline,48,20,28
Maybedead,tichondrius,1734,priest,discipline,42,26,16
Argylemomo,emerald-dream,1734,priest,discipline,190,99,91
Obscure,malygos,1734,priest,discipline,74,32,42
Toastspriest,tichondrius,1733,priest,discipline,83,51,32
Bomí,tichondrius,1733,priest,discipline,54,23,31
Trebrooke,sargeras,1732,priest,discipline,149,83,66
Saelom,frostmourne,1730,priest,discipline,78,49,29
Bennito,moon-guard,1730,priest,discipline,66,28,38
Murth,laughing-skull,1729,priest,discipline,47,30,17
Vandamnation,barthilas,1729,priest,discipline,98,48,50
Baphomet,hyjal,1728,priest,discipline,58,35,23
Kabugi,illidan,1728,priest,discipline,66,35,31
Airelia,sargeras,1728,priest,discipline,54,28,26
Apoorstudent,tichondrius,1726,priest,discipline,116,72,44
Mxfd,tichondrius,1726,priest,discipline,47,27,20
Dévore,dalaran,1726,priest,discipline,46,25,21
Conifer,emerald-dream,1725,priest,discipline,60,35,25
Rlzpriest,tichondrius,1724,priest,discipline,95,48,47
Centalinkxo,frostmourne,1724,priest,discipline,60,27,33
Xtcbtc,sargeras,1723,priest,discipline,69,30,39
Xidis,vashj,1723,priest,discipline,71,29,42
Sobamian,tichondrius,1723,priest,discipline,90,36,54
Mååxxee,zuljin,1722,priest,discipline,30,18,12
Zaryx,wildhammer,1722,priest,discipline,42,24,18
Vegetable,suramar,1722,priest,discipline,36,18,18
Cursèlol,tichondrius,1720,priest,discipline,54,27,27
Ooit,tichondrius,1717,priest,discipline,24,22,2
Stinkiez,area-52,1717,priest,discipline,70,36,34
Hideonlight,barthilas,1716,priest,discipline,300,156,144
Priceléss,tichondrius,1715,priest,discipline,24,18,6
Woobgasm,sargeras,1715,priest,discipline,72,46,26
Kragenn,malganis,1713,priest,discipline,165,83,82
Celestiah,illidan,1713,priest,discipline,48,24,24
Crypcanheal,sargeras,1713,priest,discipline,298,144,154
Ukishizumi,tichondrius,1712,priest,discipline,125,64,61
Smitelytius,tichondrius,1711,priest,discipline,30,18,12
Touchrr,tichondrius,1710,priest,discipline,108,58,50
Veejae,tichondrius,1710,priest,discipline,42,22,20
Dorgondra,wyrmrest-accord,1709,priest,discipline,48,26,22
Diabloluckie,tichondrius,1709,priest,discipline,47,25,22
Ohsop,chogall,1708,priest,discipline,37,23,14
Healum,nemesis,1708,priest,discipline,36,22,14
Leticia,magtheridon,1708,priest,discipline,70,32,38
Meltmeltz,nerzhul,1708,priest,discipline,65,29,36
Størmy,kiljaeden,1707,priest,discipline,222,122,100
Asthenia,saurfang,1706,priest,discipline,120,59,61
Sodezz,stormrage,1705,priest,discipline,36,21,15
Squaanchy,bleeding-hollow,1705,priest,discipline,129,61,68
Bibleblak,stormrage,1705,priest,discipline,66,31,35
Vànhendrix,tichondrius,1703,priest,discipline,41,24,17
Geon,sargeras,1703,priest,discipline,89,45,44
Bholebender,tichondrius,1703,priest,discipline,41,20,21
Nightcráwler,illidan,1702,priest,discipline,89,47,42
Tistapriest,proudmoore,1701,priest,discipline,46,27,19
Jexso,tichondrius,1701,priest,discipline,91,42,49
Persimmons,lightbringer,1700,priest,discipline,45,28,17
Discgoddess,proudmoore,1700,priest,discipline,70,40,30
Philmacrakn,stormrage,1700,priest,discipline,131,62,69
Beowulfy,stormrage,1699,priest,discipline,48,27,21
Gibens,tichondrius,1698,priest,discipline,124,63,61
Séxgodx,tichondrius,1698,priest,discipline,53,24,29
Priestreto,zuljin,1697,priest,discipline,53,35,18
Clydeington,illidan,1697,priest,discipline,49,29,20
Saviorlol,tichondrius,1697,priest,discipline,53,23,30
Mixful,bleeding-hollow,1696,priest,discipline,40,27,13
Tiestô,tichondrius,1696,priest,discipline,30,18,12
Nickzx,tichondrius,1694,priest,discipline,52,36,16
Acpriest,tichondrius,1692,priest,discipline,87,46,41
Bosspriest,tichondrius,1691,priest,discipline,48,23,25
Elilium,tichondrius,1690,priest,discipline,74,46,28
Pigogo,tichondrius,1690,priest,discipline,45,26,19
Rythmzz,kiljaeden,1690,priest,discipline,60,30,30
Highprofile,proudmoore,1690,priest,discipline,36,18,18
Mastaspell,illidan,1689,priest,discipline,31,18,13
Ragretsxo,darkspear,1689,priest,discipline,48,23,25
Yobell,tichondrius,1688,priest,discipline,36,23,13
Opriest,queldorei,1688,priest,discipline,48,25,23
Sweetnipsbro,tichondrius,1688,priest,discipline,71,35,36
Luciuz,tichondrius,1688,priest,discipline,55,25,30
Nxghtmares,tichondrius,1687,priest,discipline,330,160,170
Rotbaron,bleeding-hollow,1687,priest,discipline,54,23,31
Twopiece,blackrock,1683,priest,discipline,30,18,12
Bfts,illidan,1683,priest,discipline,84,46,38
Zins,emerald-dream,1681,priest,discipline,42,21,21
Justafkoutpr,gorefiend,1680,priest,discipline,30,23,7
Lingdums,tichondrius,1680,priest,discipline,31,18,13
Syo,dreadmaul,1680,priest,discipline,78,41,37
Jaquels,sargeras,1680,priest,discipline,88,39,49
Caveria,emerald-dream,1679,priest,discipline,72,39,33
Vcainyfairy,stormrage,1679,priest,discipline,250,127,123
Poosydoodlez,malganis,1679,priest,discipline,105,48,57
Rámmstein,wyrmrest-accord,1678,priest,discipline,120,65,55
Fordranger,frostmourne,1676,priest,discipline,40,20,20
Athênå,tichondrius,1675,priest,discipline,150,81,69
Hungrybone,proudmoore,1675,priest,discipline,430,215,215
Slickwilly,bloodhoof,1675,priest,discipline,203,100,103
Barthbelro,kiljaeden,1674,priest,discipline,48,27,21
Tiernocookie,illidan,1673,priest,discipline,81,36,45
Merit,emerald-dream,1672,priest,discipline,132,70,62
Aco,tichondrius,1672,priest,discipline,150,79,71
Claverr,stormrage,1670,priest,discipline,33,20,13
Tallïa,stormrage,1670,priest,discipline,125,60,65
Holécriss,tichondrius,1669,priest,discipline,125,68,57
Boostedpi,tichondrius,1669,priest,discipline,44,21,23
Nopang,tichondrius,1669,priest,discipline,161,75,86
Jmlz,tichondrius,1668,priest,discipline,36,23,13
Oyy,barthilas,1668,priest,discipline,48,24,24
Klitarus,barthilas,1668,priest,discipline,48,23,25
Jammeslight,quelthalas,1667,priest,discipline,74,42,32
Bkwhopper,emerald-dream,1667,priest,discipline,54,30,24
Memoriesorz,tichondrius,1666,priest,discipline,171,96,75
Nelpesh,tichondrius,1666,priest,discipline,60,27,33
Chiot,tichondrius,1665,priest,discipline,37,29,8
Stoneflute,emerald-dream,1665,priest,discipline,106,62,44
Crysknife,korgath,1664,priest,discipline,35,20,15
Gankdez,kelthuzad,1663,priest,discipline,69,41,28
Kastep,tichondrius,1663,priest,discipline,76,36,40
Shocklol,stormrage,1662,priest,discipline,29,22,7
Apathist,sargeras,1662,priest,discipline,66,44,22
Heart,misha,1662,priest,discipline,90,49,41
Hallucinogen,kelthuzad,1662,priest,discipline,95,51,44
Fisp,moon-guard,1661,priest,discipline,72,33,39
Dontlineme,tichondrius,1661,priest,discipline,101,46,55
Resisted,gorefiend,1660,priest,discipline,238,120,118
Høwtokill,azralon,1660,priest,discipline,59,19,40
Alarin,whisperwind,1659,priest,discipline,42,20,22
Skunkbishop,sargeras,1659,priest,discipline,161,75,86
Olark,durotan,1659,priest,discipline,197,87,110
Liteztvp,tichondrius,1659,priest,discipline,96,42,54
Cody,magtheridon,1657,priest,discipline,36,28,8
Arianagrande,garona,1656,priest,discipline,78,43,35
Curney,stormrage,1655,priest,discipline,30,22,8
Theravus,moon-guard,1655,priest,discipline,124,67,57
Evilspreist,arthas,1655,priest,discipline,60,30,30
Darknuz,sargeras,1654,priest,discipline,53,27,26
Leonilcx,tichondrius,1654,priest,discipline,285,139,146
Perceptions,dalaran,1653,priest,discipline,36,23,13
Kathere,tichondrius,1653,priest,discipline,42,23,19
Dippyboi,whisperwind,1653,priest,discipline,42,21,21
Zunitpriest,laughing-skull,1653,priest,discipline,36,18,18
Grizzlysmite,stormrage,1653,priest,discipline,260,129,131
Adrio,malorne,1653,priest,discipline,186,89,97
Dpendant,frostmourne,1653,priest,discipline,66,31,35
Glassbirds,stormrage,1652,priest,discipline,48,25,23
Mindseye,azgalor,1652,priest,discipline,72,31,41
Mcfref,tichondrius,1650,priest,discipline,54,29,25
Syrillia,wildhammer,1650,priest,discipline,82,42,40
Chañing,frostmourne,1649,priest,discipline,72,33,39
Andreslol,sargeras,1648,priest,discipline,36,21,15
Ayabae,illidan,1648,priest,discipline,467,228,239
Cixelpvp,area-52,1648,priest,discipline,47,22,25
Krewesin,ravencrest,1647,priest,discipline,43,22,21
Lòthnalar,ragnaros,1647,priest,discipline,60,29,31
Sinday,zuljin,1647,priest,discipline,42,20,22
Synsparks,tichondrius,1647,priest,discipline,60,25,35
Azureslaps,tichondrius,1646,priest,discipline,182,95,87
Beeffdaddy,tichondrius,1646,priest,discipline,57,25,32
Rosaparksxo,sargeras,1645,priest,discipline,70,35,35
Döllyy,illidan,1645,priest,discipline,42,21,21
Reiae,malganis,1645,priest,discipline,51,19,32
Pawnza,tichondrius,1644,priest,discipline,72,34,38
Scab,anetheron,1644,priest,discipline,106,49,57
Serakiki,nemesis,1642,priest,discipline,42,25,17
Ÿsk,tichondrius,1642,priest,discipline,84,47,37
Selfless,barthilas,1642,priest,discipline,60,26,34
Hanley,tichondrius,1641,priest,discipline,49,30,19
Badhabit,zuluhed,1641,priest,discipline,73,34,39
Lolcrafthd,ragnaros,1640,priest,discipline,64,36,28
Alguîen,ragnaros,1640,priest,discipline,115,61,54
Eetsqt,barthilas,1638,priest,discipline,75,49,26
Darknus,sargeras,1638,priest,discipline,54,26,28
Lunarina,hyjal,1638,priest,discipline,167,75,92
Marejaynez,tichondrius,1638,priest,discipline,105,45,60
Bigsmart,tichondrius,1637,priest,discipline,44,22,22
Evvylou,stormrage,1637,priest,discipline,42,19,23
Kagemetsu,sargeras,1637,priest,discipline,55,24,31
Ketapriest,frostmourne,1636,priest,discipline,136,67,69
Oopsy,bleeding-hollow,1636,priest,discipline,48,23,25
Gurlyounasty,khazgoroth,1635,priest,discipline,68,38,30
Rmx,illidan,1635,priest,discipline,35,18,17
Umadcüzubad,azralon,1635,priest,discipline,88,43,45
Mangolatte,frostmourne,1634,priest,discipline,55,41,14
Beejaex,stormreaver,1634,priest,discipline,48,22,26
Mclyte,whisperwind,1633,priest,discipline,149,77,72
Jâmïè,gurubashi,1632,priest,discipline,41,31,10
Kalilol,tichondrius,1632,priest,discipline,84,43,41
Chewey,tichondrius,1631,priest,discipline,48,23,25
Meip,illidan,1630,priest,discipline,24,17,7
Skadín,stormrage,1630,priest,discipline,155,92,63
Yunnan,executus,1630,priest,discipline,66,36,30
Inquisitionx,frostmourne,1629,priest,discipline,90,51,39
Shastea,crushridge,1629,priest,discipline,58,30,28
Wildsmite,hyjal,1629,priest,discipline,192,85,107
Bloodify,azralon,1628,priest,discipline,59,30,29
Twêet,frostmourne,1628,priest,discipline,162,72,90
Çammy,frostmourne,1626,priest,discipline,24,17,7
Andrew,sargeras,1626,priest,discipline,30,20,10
Discavow,bleeding-hollow,1626,priest,discipline,51,31,20
Brothercarl,stormrage,1626,priest,discipline,95,51,44
Karebenniian,area-52,1626,priest,discipline,90,48,42
Raxekk,stormrage,1626,priest,discipline,48,25,23
Psycozis,hyjal,1625,priest,discipline,262,138,124
Bustit,azgalor,1624,priest,discipline,41,22,19
Charbosan,gorgonnash,1624,priest,discipline,429,226,203
Vinvictus,tichondrius,1624,priest,discipline,225,108,117
Ussmissouri,area-52,1624,priest,discipline,141,63,78
Jatral,azralon,1624,priest,discipline,47,20,27
Caesus,sargeras,1623,priest,discipline,124,70,54
Vanderbeek,frostmourne,1622,priest,discipline,42,23,19
Deathallpoly,tichondrius,1622,priest,discipline,129,66,63
Wickedpriest,malganis,1622,priest,discipline,54,25,29
Kûrtt,azralon,1622,priest,discipline,42,19,23
Cokeheals,kelthuzad,1621,priest,discipline,30,17,13
Vsat,illidan,1621,priest,discipline,48,23,25
Samirah,arthas,1620,priest,discipline,36,20,16
Trollpreist,tichondrius,1620,priest,discipline,87,44,43
Halfcutt,tichondrius,1620,priest,discipline,48,23,25
Sêlbus,stormrage,1619,priest,discipline,155,82,73
Danceslol,area-52,1619,priest,discipline,36,17,19
Baddmachine,illidan,1619,priest,discipline,47,21,26
Archìtects,wyrmrest-accord,1618,priest,discipline,42,25,17
Timbobaloo,thrall,1618,priest,discipline,58,33,25
Syrul,tichondrius,1618,priest,discipline,63,34,29
Esciel,ragnaros,1618,priest,discipline,72,32,40
Punisherror,area-52,1618,priest,discipline,52,22,30
Jmr,onyxia,1617,priest,discipline,24,17,7
Tammyone,emerald-dream,1617,priest,discipline,60,39,21
Shesaidthat,stormrage,1617,priest,discipline,165,84,81
Hoshx,sargeras,1615,priest,discipline,66,40,26
Kraamur,area-52,1615,priest,discipline,96,57,39
Jîtters,silvermoon,1615,priest,discipline,84,45,39
Holyfall,sargeras,1615,priest,discipline,142,75,67
Mintadnade,nemesis,1615,priest,discipline,101,48,53
Downturn,tichondrius,1615,priest,discipline,36,17,19
Catbabyeah,tichondrius,1614,priest,discipline,36,26,10
Bellaelle,stormrage,1614,priest,discipline,30,17,13
Zymmie,moon-guard,1614,priest,discipline,78,34,44
Stayspooked,moon-guard,1613,priest,discipline,30,17,13
Rmxx,illidan,1613,priest,discipline,90,50,40
Sâsh,stormrage,1613,priest,discipline,72,40,32
Nolar,shadowmoon,1613,priest,discipline,36,20,16
Aåurøra,stormrage,1613,priest,discipline,46,23,23
ßðßßÿ,area-52,1613,priest,discipline,42,21,21
Hadtogothere,kelthuzad,1613,priest,discipline,92,44,48
Sanddglokta,tichondrius,1613,priest,discipline,152,71,81
Wonpaipri,frostmourne,1612,priest,discipline,59,26,33
Gsek,nemesis,1611,priest,discipline,36,23,13
Zllik,illidan,1611,priest,discipline,42,26,16
Scruge,frostmourne,1611,priest,discipline,55,32,23
Haill,quelthalas,1611,priest,discipline,76,38,38
Shrax,emerald-dream,1611,priest,discipline,102,49,53
Shadoris,antonidas,1611,priest,discipline,48,23,25
Antts,tichondrius,1610,priest,discipline,30,20,10
Cinsare,moon-guard,1610,priest,discipline,84,49,35
Blathers,malganis,1610,priest,discipline,92,48,44
Somefire,proudmoore,1610,priest,discipline,131,64,67
Interworld,illidan,1610,priest,discipline,50,24,26
Mortteus,agamaggan,1610,priest,discipline,60,28,32
Ryno,cenarion-circle,1609,priest,discipline,38,20,18
Fõrcedtowipe,tichondrius,1609,priest,discipline,180,93,87
Pleasant,dathremar,1609,priest,discipline,117,49,68
Gsek,azralon,1608,priest,discipline,54,34,20
Wandynha,nemesis,1608,priest,discipline,30,17,13
Wrekkit,area-52,1608,priest,discipline,84,42,42
Milkkz,zuljin,1607,priest,discipline,36,20,16
Oogs,tichondrius,1607,priest,discipline,47,17,30
Swagraptor,stormreaver,1606,priest,discipline,72,42,30
Lovesy,burning-legion,1606,priest,discipline,60,30,30
Luciellis,sargeras,1606,priest,discipline,48,23,25
Darkispriest,tichondrius,1606,priest,discipline,36,17,19
Trojanphobia,bleeding-hollow,1605,priest,discipline,36,20,16
Yoggismydad,emerald-dream,1605,priest,discipline,185,95,90
Snakedoc,emerald-dream,1605,priest,discipline,66,33,33
Canibumsmoke,illidan,1605,priest,discipline,45,21,24
Míkò,sargeras,1604,priest,discipline,18,17,1
Hoglet,moon-guard,1604,priest,discipline,65,39,26
Priestass,bleeding-hollow,1604,priest,discipline,78,37,41
Vern,laughing-skull,1604,priest,discipline,78,29,49
Lines,sargeras,1603,priest,discipline,70,38,32
Buchöna,quelthalas,1603,priest,discipline,59,32,27
Fukneasy,darkspear,1603,priest,discipline,37,20,17
Iamgess,kilrogg,1603,priest,discipline,42,22,20
Moalboal,tichondrius,1603,priest,discipline,102,52,50
Fäctor,bleeding-hollow,1603,priest,discipline,78,36,42
Gilthðniel,quelthalas,1603,priest,discipline,44,20,24
Resortv,illidan,1602,priest,discipline,42,32,10
Holyhõ,stormrage,1602,priest,discipline,36,20,16
Gromkekz,area-52,1602,priest,discipline,73,38,35
Kks,tichondrius,1602,priest,discipline,84,43,41
Crizem,bleeding-hollow,1602,priest,discipline,242,119,123
Ünagi,thrall,1602,priest,discipline,77,34,43
Mealmassttr,frostmourne,1602,priest,discipline,66,27,39
Mistàclean,tichondrius,1601,priest,discipline,59,34,25
Mepisth,sargeras,1600,priest,discipline,66,36,30
Zarakonna,illidan,1600,priest,discipline,60,32,28
Obsolete,area-52,1600,priest,discipline,36,17,19
Marython,tichondrius,1600,priest,discipline,52,22,30
Zunari,thrall,1599,priest,discipline,48,23,25
Andypr,illidan,1599,priest,discipline,54,20,34
Blindingstar,area-52,1598,priest,discipline,45,28,17
Thadino,nagrand,1598,priest,discipline,36,19,17
Bonehead,warsong,1598,priest,discipline,37,19,18
Dupaforted,stormrage,1598,priest,discipline,71,26,45
Wøo,area-52,1597,priest,discipline,45,28,17
Choochang,sargeras,1596,priest,discipline,29,22,7
Weapestrong,tichondrius,1596,priest,discipline,30,18,12
Ivorytiger,bleeding-hollow,1596,priest,discipline,42,19,23
Sacrify,ragnaros,1594,priest,discipline,42,22,20
Gummachine,tichondrius,1594,priest,discipline,36,17,19
Comana,frostmourne,1594,priest,discipline,53,25,28
Planchebois,zuljin,1592,priest,discipline,36,20,16
Shadöwtest,quelthalas,1591,priest,discipline,101,45,56
Yoozi,sargeras,1590,priest,discipline,102,55,47
Dolm,tichondrius,1590,priest,discipline,166,86,80
Isteri,thrall,1590,priest,discipline,52,26,26
Woosanghong,tichondrius,1590,priest,discipline,90,44,46
Emotionally,sargeras,1589,priest,discipline,30,20,10
Eggsdenny,illidan,1588,priest,discipline,36,17,19
Dispassion,dalaran,1587,priest,discipline,34,20,14
Primael,tichondrius,1587,priest,discipline,40,18,22
Conezy,frostmourne,1586,priest,discipline,60,32,28
Betterheals,tichondrius,1585,priest,discipline,119,70,49
Alaran,magtheridon,1584,priest,discipline,35,21,14
Aerdaras,illidan,1584,priest,discipline,68,33,35
Zerokool,moonrunner,1583,priest,discipline,42,25,17
Rómmul,azralon,1582,priest,discipline,65,33,32
Tecnica,kelthuzad,1582,priest,discipline,107,51,56
Nutshotxx,skullcrusher,1582,priest,discipline,131,57,74
Indigojuly,sargeras,1580,priest,discipline,40,24,16
Gus,the-venture-co,1580,priest,discipline,78,44,34
Linarindil,hyjal,1580,priest,discipline,47,23,24
Amberturd,cenarius,1580,priest,discipline,42,18,24
Healbaby,illidan,1579,priest,discipline,101,52,49
Krusheal,tichondrius,1578,priest,discipline,35,18,17
Vampirê,tichondrius,1578,priest,discipline,42,19,23
Astrøpriest,tichondrius,1577,priest,discipline,48,19,29
Ixchelune,kelthuzad,1576,priest,discipline,219,107,112
Predolph,illidan,1575,priest,discipline,48,26,22
Famemolol,tichondrius,1574,priest,discipline,177,93,84
Playsoon,shattered-hand,1574,priest,discipline,84,44,40
Anahka,tichondrius,1574,priest,discipline,42,18,24
Zenobiai,hyjal,1573,priest,discipline,104,59,45
Klttzz,sargeras,1573,priest,discipline,36,20,16
Erinzdern,quelthalas,1573,priest,discipline,53,29,24
Kihlupr,frostmourne,1573,priest,discipline,58,25,33
Bubblebuddí,tichondrius,1572,priest,discipline,68,37,31
Dellitor,illidan,1572,priest,discipline,41,21,20
Malpractíce,zuljin,1571,priest,discipline,95,50,45
Tokaru,frostmourne,1571,priest,discipline,56,26,30
Zulazane,azralon,1570,priest,discipline,130,74,56
Valdurai,stormrage,1570,priest,discipline,41,23,18
Änanti,tichondrius,1570,priest,discipline,36,19,17
Mudshadow,tichondrius,1570,priest,discipline,57,30,27
Life,thrall,1570,priest,discipline,95,48,47
Prayussy,tichondrius,1569,priest,discipline,123,64,59
Feymuhs,blackrock,1567,priest,discipline,90,48,42
Luthiene,area-52,1566,priest,discipline,144,80,64
Sâishâ,proudmoore,1566,priest,discipline,149,65,84
Incisions,moon-guard,1565,priest,discipline,66,38,28
Probs,frostmourne,1565,priest,discipline,100,51,49
Deathwisher,illidan,1564,priest,discipline,30,18,12
Scarabless,bleeding-hollow,1564,priest,discipline,138,62,76
Önagashøw,azralon,1562,priest,discipline,203,103,100
Sasaberry,frostmourne,1561,priest,discipline,153,75,78
Verna,dunemaul,1560,priest,discipline,85,47,38
Tyksu,area-52,1560,priest,discipline,94,50,44
Shadzx,andorhal,1559,priest,discipline,35,17,18
Moustachío,stormrage,1559,priest,discipline,53,24,29
Spliffs,tichondrius,1559,priest,discipline,77,29,48
Melitele,magtheridon,1558,priest,discipline,36,21,15
Vanco,tichondrius,1558,priest,discipline,59,32,27
Sätîvá,tichondrius,1558,priest,discipline,32,17,15
Juckerr,tichondrius,1558,priest,discipline,156,82,74
Kazuret,ragnaros,1558,priest,discipline,158,82,76
Twistinfate,hyjal,1558,priest,discipline,119,58,61
Toddmund,tichondrius,1558,priest,discipline,52,18,34
Gucciflops,tichondrius,1557,priest,discipline,48,25,23
Sensaye,dalaran,1557,priest,discipline,75,37,38
Xerzosh,area-52,1556,priest,discipline,108,62,46
Nidüz,stormrage,1553,priest,discipline,108,52,56
Joezyxz,tichondrius,1553,priest,discipline,43,20,23
Grannieslove,sargeras,1551,priest,discipline,48,28,20
Gommacura,stormrage,1551,priest,discipline,178,93,85
Sorrowful,mannoroth,1550,priest,discipline,30,19,11
Trengodqt,destromath,1550,priest,discipline,96,47,49
Unisia,tichondrius,1550,priest,discipline,98,41,57
Fámóus,stormrage,1549,priest,discipline,83,30,53
Illuminare,sargeras,1548,priest,discipline,136,70,66
Fairlightpp,zuljin,1548,priest,discipline,54,26,28
Jugeumx,proudmoore,1547,priest,discipline,48,19,29
Uriyel,quelthalas,1546,priest,discipline,119,62,57
Sacredlight,malygos,1546,priest,discipline,99,51,48
Goo,boulderfist,1544,priest,discipline,36,22,14
Jâldabaoth,area-52,1543,priest,discipline,42,27,15
Justashadow,zangarmarsh,1542,priest,discipline,103,59,44
Kimjongdots,illidan,1542,priest,discipline,44,24,20
Metick,illidan,1542,priest,discipline,48,18,30
Zórg,stormrage,1541,priest,discipline,56,30,26
Makuwu,area-52,1541,priest,discipline,93,49,44
Alexsp,amanthul,1540,priest,discipline,58,34,24
Qmabayteckkl,tichondrius,1540,priest,discipline,42,23,19
Ballzach,ysera,1540,priest,discipline,152,81,71
Alex,boulderfist,1540,priest,discipline,189,90,99
Avis,illidan,1538,priest,discipline,50,33,17
Daddydoeet,zuljin,1538,priest,discipline,36,19,17
Nanoboost,dark-iron,1538,priest,discipline,400,196,204
Ðiscipline,kelthuzad,1537,priest,discipline,55,27,28
Natoshi,illidan,1535,priest,discipline,30,16,14
Säcrilege,drakkari,1535,priest,discipline,144,74,70
Swartzp,tichondrius,1535,priest,discipline,80,40,40
Santhiel,ragnaros,1535,priest,discipline,42,18,24
Zroheals,illidan,1534,priest,discipline,95,43,52
Maid,demon-soul,1534,priest,discipline,63,28,35
Dëàthwîsh,tichondrius,1533,priest,discipline,30,16,14
Arcalon,thrall,1532,priest,discipline,74,36,38
Friendzonefw,illidan,1532,priest,discipline,84,40,44
Hennywhite,sargeras,1532,priest,discipline,63,26,37
Bryelx,ragnaros,1531,priest,discipline,108,55,53
Vañity,malganis,1531,priest,discipline,66,33,33
Inssania,ragnaros,1531,priest,discipline,48,23,25
Daburnz,bleeding-hollow,1531,priest,discipline,60,27,33
Johanna,tichondrius,1530,priest,discipline,24,16,8
Scræm,sargeras,1530,priest,discipline,97,44,53
Icetraygang,suramar,1529,priest,discipline,280,155,125
Corvenna,zuljin,1529,priest,discipline,30,16,14
Klydasoreass,malganis,1529,priest,discipline,30,16,14
Finnabustt,tichondrius,1529,priest,discipline,94,49,45
Halö,area-52,1529,priest,discipline,54,26,28
Sleezi,emerald-dream,1528,priest,discipline,24,17,7
Falsity,kelthuzad,1528,priest,discipline,30,16,14
Truce,moon-guard,1528,priest,discipline,77,39,38
Sadnez,illidan,1527,priest,discipline,73,45,28
Legendary,ragnaros,1527,priest,discipline,42,16,26
Jacksreturne,kelthuzad,1526,priest,discipline,234,116,118
Alëssana,illidan,1526,priest,discipline,122,60,62
Umbrous,ysera,1525,priest,discipline,42,18,24
Thedude,spirestone,1524,priest,discipline,36,16,20
Nyluh,deathwing,1523,priest,discipline,26,16,10
Oesobagi,tichondrius,1523,priest,discipline,68,39,29
Sonofbetch,emerald-dream,1523,priest,discipline,55,30,25
Drully,moon-guard,1523,priest,discipline,36,19,17
Razledazzled,grizzly-hills,1523,priest,discipline,74,34,40
Propagàndhi,daggerspine,1523,priest,discipline,104,45,59
Madhairy,ragnaros,1522,priest,discipline,126,65,61
Niurouchuan,tichondrius,1522,priest,discipline,123,60,63
Caveron,tichondrius,1521,priest,discipline,30,16,14
Winsforgoldd,area-52,1521,priest,discipline,34,17,17
Magpul,arthas,1521,priest,discipline,36,16,20
Valyx,tichondrius,1520,priest,discipline,102,54,48
Jiñx,destromath,1520,priest,discipline,242,125,117
Rhima,tichondrius,1520,priest,discipline,77,39,38
Ezzy,bleeding-hollow,1520,priest,discipline,48,24,24
Zilah,ravencrest,1520,priest,discipline,66,31,35
Hideyason,area-52,1519,priest,discipline,60,31,29
Dædrà,stormrage,1519,priest,discipline,76,37,39
Kaguyä,ragnaros,1518,priest,discipline,29,18,11
Shunio,illidan,1518,priest,discipline,54,23,31
Bobelgum,emerald-dream,1517,priest,discipline,36,26,10
Pinchevato,ragnaros,1517,priest,discipline,170,86,84
Bonnieron,frostmourne,1516,priest,discipline,77,39,38
Triangle,draka,1516,priest,discipline,36,17,19
Labraidor,tichondrius,1516,priest,discipline,131,55,76
Marantbourge,frostmourne,1514,priest,discipline,122,57,65
Valixia,sargeras,1512,priest,discipline,36,17,19
Brxddx,sargeras,1512,priest,discipline,54,23,31
Mse,eonar,1511,priest,discipline,48,26,22
Manascythe,illidan,1510,priest,discipline,46,22,24
Cexcexyomi,tichondrius,1509,priest,discipline,55,30,25
Bloodytears,kiljaeden,1509,priest,discipline,90,41,49
Lyrä,kiljaeden,1508,priest,discipline,31,19,12
Pibkac,stormrage,1508,priest,discipline,45,18,27
Kflexx,hydraxis,1508,priest,discipline,86,26,60
Cringepriest,area-52,1507,priest,discipline,48,27,21
Herder,zuljin,1506,priest,discipline,29,18,11
Pheener,stormreaver,1506,priest,discipline,192,93,99
Zinnar,dalaran,1506,priest,discipline,96,38,58
Chainsalight,stormrage,1505,priest,discipline,144,77,67
Altarboy,agamaggan,1505,priest,discipline,62,30,32
Perothon,garrosh,1505,priest,discipline,60,27,33
Aríola,frostmourne,1503,priest,discipline,52,28,24
Shrimpouh,illidan,1503,priest,discipline,30,16,14
Ropriest,frostmourne,1503,priest,discipline,41,18,23
Seyr,bleeding-hollow,1501,priest,discipline,179,100,79
Luffzie,barthilas,1500,priest,discipline,54,35,19
Bailez,malganis,1500,priest,discipline,49,27,22
Bonoo,tichondrius,1500,priest,discipline,252,128,124
Tiannatrump,stormrage,1499,priest,discipline,47,30,17
Valtres,tichondrius,1499,priest,discipline,30,16,14
Minii,tichondrius,1498,priest,discipline,31,19,12
Jpray,bleeding-hollow,1498,priest,discipline,109,59,50
Healther,firetree,1498,priest,discipline,30,16,14
Draazja,dalaran,1498,priest,discipline,84,41,43
Approved,moon-guard,1498,priest,discipline,156,75,81
Inkders,detheroc,1498,priest,discipline,58,26,32
Emytoty,ragnaros,1497,priest,discipline,84,44,40
Yorp,tichondrius,1497,priest,discipline,72,36,36
Cayleey,stormrage,1496,priest,discipline,42,16,26
Ferguss,ragnaros,1495,priest,discipline,25,18,7
Doutoodou,tichondrius,1495,priest,discipline,94,55,39
Amarexlol,stormrage,1495,priest,discipline,54,27,27
Rourk,medivh,1495,priest,discipline,42,19,23
Growth,fizzcrank,1495,priest,discipline,48,20,28
Sgiath,alleria,1493,priest,discipline,36,27,9
Weezyxo,tichondrius,1493,priest,discipline,46,19,27
Delrey,sargeras,1491,priest,discipline,38,19,19
Pootzy,malganis,1491,priest,discipline,72,27,45
Gustáv,sargeras,1490,priest,discipline,30,16,14
Devinere,tichondrius,1490,priest,discipline,202,99,103
Skillfull,chogall,1489,priest,discipline,199,107,92
Madjak,lightnings-blade,1488,priest,discipline,60,38,22
Discobluntzz,tichondrius,1488,priest,discipline,54,31,23
Luxyel,azralon,1487,priest,discipline,149,65,84
Windroseh,proudmoore,1486,priest,discipline,60,32,28
Akëla,nemesis,1486,priest,discipline,36,17,19
Prayf,area-52,1486,priest,discipline,62,29,33
Jtheals,illidan,1485,priest,discipline,29,16,13
Griddly,alterac-mountains,1485,priest,discipline,62,34,28
Tëmpting,moon-guard,1485,priest,discipline,50,25,25
Vincejddp,zuljin,1483,priest,discipline,181,91,90
Dingldangle,tichondrius,1483,priest,discipline,144,70,74
Blacklightz,korgath,1483,priest,discipline,91,42,49
Tartapelle,zuljin,1481,priest,discipline,78,44,34
Orzington,laughing-skull,1481,priest,discipline,72,38,34
Vemilli,tichondrius,1481,priest,discipline,40,20,20
Sstar,area-52,1479,priest,discipline,24,16,8
Luvenia,sargeras,1477,priest,discipline,72,35,37
Jjløver,tichondrius,1476,priest,discipline,24,16,8
Mfynch,sargeras,1476,priest,discipline,42,25,17
Puttles,tichondrius,1476,priest,discipline,48,16,32
Slipzie,sargeras,1475,priest,discipline,53,31,22
Shieldharder,stormrage,1475,priest,discipline,33,16,17
Swagndragon,zuljin,1473,priest,discipline,86,42,44
Hasby,area-52,1471,priest,discipline,42,24,18
Ricekak,haomarush,1471,priest,discipline,66,37,29
Dreadpriate,emerald-dream,1471,priest,discipline,86,45,41
Rufían,quelthalas,1471,priest,discipline,48,25,23
Haizsu,tichondrius,1471,priest,discipline,35,17,18
Feorlar,tichondrius,1471,priest,discipline,66,32,34
Bigtimeplay,tichondrius,1470,priest,discipline,42,25,17
Draxxankou,tanaris,1470,priest,discipline,30,17,13
Artista,quelthalas,1470,priest,discipline,76,41,35
Doesine,area-52,1469,priest,discipline,42,25,17
Shakky,queldorei,1468,priest,discipline,42,18,24
Chimiechurro,proudmoore,1467,priest,discipline,60,33,27
Sandfire,thrall,1467,priest,discipline,30,16,14
Stargoddess,illidan,1467,priest,discipline,168,84,84
Shadowdaddy,barthilas,1466,priest,discipline,72,39,33
Bubblerwrapp,malganis,1466,priest,discipline,30,16,14
Puddín,area-52,1466,priest,discipline,78,40,38
Yeyoz,tichondrius,1466,priest,discipline,70,33,37
Brian,lightnings-blade,1465,priest,discipline,46,24,22
Arzaei,quelthalas,1465,priest,discipline,38,18,20
Fearnought,stormrage,1464,priest,discipline,55,29,26
Oiled,barthilas,1463,priest,discipline,47,29,18
Besó,proudmoore,1463,priest,discipline,54,32,22
Dib,arathor,1463,priest,discipline,48,25,23
Jacob,shadowmoon,1462,priest,discipline,141,69,72
Blobble,tichondrius,1462,priest,discipline,78,32,46
Fallenumbra,area-52,1461,priest,discipline,77,44,33
Keyoshe,altar-of-storms,1461,priest,discipline,60,27,33
Saiyana,frostmourne,1460,priest,discipline,100,46,54
Syfy,thrall,1460,priest,discipline,108,45,63
Jilt,aerie-peak,1459,priest,discipline,66,42,24
Yugewap,hyjal,1459,priest,discipline,91,54,37
Tainna,quelthalas,1459,priest,discipline,66,39,27
Zeusqt,azralon,1459,priest,discipline,102,54,48
Bater,mugthol,1458,priest,discipline,28,17,11
Forsakenz,jaedenar,1458,priest,discipline,60,27,33
Darenlor,tichondrius,1458,priest,discipline,93,40,53
Shykaii,azralon,1456,priest,discipline,108,61,47
Crashed,frostmourne,1456,priest,discipline,36,20,16
Purged,shadowmoon,1456,priest,discipline,180,94,86
Akovob,tichondrius,1456,priest,discipline,50,25,25
Merkinhealz,darkspear,1456,priest,discipline,48,24,24
Sineater,zuljin,1456,priest,discipline,77,36,41
Iinu,tichondrius,1455,priest,discipline,77,39,38
Bistek,bleeding-hollow,1455,priest,discipline,101,50,51
Winss,tichondrius,1455,priest,discipline,166,82,84
Feedya,tichondrius,1454,priest,discipline,269,128,141
Giveheadpats,moon-guard,1454,priest,discipline,101,47,54
Modotszilla,bleeding-hollow,1454,priest,discipline,36,16,20
Hermeneutic,illidan,1454,priest,discipline,39,17,22
Jaindoe,illidan,1453,priest,discipline,84,46,38
Oomed,bonechewer,1452,priest,discipline,71,39,32
Nijoral,tichondrius,1452,priest,discipline,273,139,134
Xeras,misha,1452,priest,discipline,47,21,26
Azaradet,ragnaros,1452,priest,discipline,78,31,47
Spookynun,moon-guard,1450,priest,discipline,216,122,94
Phasmaaxd,tichondrius,1450,priest,discipline,53,26,27
Specialed,wildhammer,1447,priest,discipline,48,28,20
Vivián,tichondrius,1447,priest,discipline,99,56,43
Tajee,area-52,1447,priest,discipline,83,43,40
Wisher,tichondrius,1447,priest,discipline,110,45,65
Zäelly,moon-guard,1446,priest,discipline,186,95,91
Daluu,tichondrius,1445,priest,discipline,47,18,29
Yótecuro,quelthalas,1443,priest,discipline,66,31,35
Raisonpriest,tichondrius,1442,priest,discipline,84,44,40
Curemeste,illidan,1442,priest,discipline,78,40,38
Ankhxiety,area-52,1442,priest,discipline,63,31,32
Kiritomauti,ragnaros,1442,priest,discipline,42,18,24
Jamesxupttv,draenor,1441,priest,discipline,45,26,19
Mannius,tichondrius,1441,priest,discipline,54,26,28
Shadowblax,thrall,1441,priest,discipline,154,72,82
Disperse,vashj,1441,priest,discipline,120,52,68
Triggaz,tichondrius,1440,priest,discipline,80,44,36
Nerfdisc,azralon,1440,priest,discipline,130,66,64
Saentha,sargeras,1440,priest,discipline,48,23,25
Kristyenna,boulderfist,1440,priest,discipline,42,20,22
Docmcstufins,darkspear,1440,priest,discipline,53,25,28
Cubski,darkspear,1439,priest,discipline,30,15,15
Keepyaheadup,malganis,1438,priest,discipline,18,15,3
Priøst,tichondrius,1438,priest,discipline,51,32,19
Helarix,malganis,1438,priest,discipline,92,42,50
Mason,winterhoof,1437,priest,discipline,24,15,9
Yotinha,stormrage,1437,priest,discipline,24,15,9
Nabukom,destromath,1437,priest,discipline,34,16,18
Compåctdisc,sargeras,1436,priest,discipline,36,18,18
Mandymuze,barthilas,1436,priest,discipline,71,31,40
Amãnita,illidan,1436,priest,discipline,35,15,20
Pphill,aegwynn,1436,priest,discipline,48,19,29
Murdock,the-forgotten-coast,1435,priest,discipline,56,31,25
Bootycough,malganis,1435,priest,discipline,63,32,31
Sliding,wyrmrest-accord,1435,priest,discipline,30,15,15
Thottee,bleeding-hollow,1435,priest,discipline,84,34,50
Miix,proudmoore,1434,priest,discipline,18,15,3
Mangueroide,quelthalas,1434,priest,discipline,48,27,21
Luminous,moon-guard,1434,priest,discipline,137,73,64
Zivn,tichondrius,1434,priest,discipline,558,289,269
Rëckful,area-52,1434,priest,discipline,485,244,241
Apâthy,area-52,1434,priest,discipline,48,20,28
Fenian,frostmourne,1433,priest,discipline,113,55,58
Amorus,illidan,1432,priest,discipline,60,40,20
Jimmythedon,mugthol,1432,priest,discipline,30,15,15
Rôôk,kiljaeden,1432,priest,discipline,56,26,30
Lullabya,tichondrius,1431,priest,discipline,24,15,9
Havocshadows,deathwing,1431,priest,discipline,176,107,69
Cezure,stormrage,1429,priest,discipline,184,99,85
Eridan,moon-guard,1429,priest,discipline,65,33,32
Kwaremont,sargeras,1429,priest,discipline,30,15,15
Healthreat,area-52,1428,priest,discipline,58,31,27
Elexy,tichondrius,1428,priest,discipline,72,37,35
Rexîfy,zuljin,1427,priest,discipline,29,16,13
Luanwanx,tichondrius,1427,priest,discipline,48,26,22
Bingleboi,area-52,1427,priest,discipline,118,60,58
Cherryfuzz,sargeras,1427,priest,discipline,89,45,44
Raydz,altar-of-storms,1427,priest,discipline,165,81,84
Basisc,frostmourne,1426,priest,discipline,177,99,78
Blodwell,illidan,1425,priest,discipline,96,48,48
Teeds,stormrage,1425,priest,discipline,69,34,35
Exploded,moon-guard,1425,priest,discipline,42,18,24
Langyi,tichondrius,1424,priest,discipline,72,41,31
Spazmode,malganis,1424,priest,discipline,60,31,29
Lydra,ragnaros,1423,priest,discipline,165,71,94
Eshimä,quelthalas,1422,priest,discipline,57,35,22
Nolan,drakkari,1422,priest,discipline,47,27,20
Watchemeyolo,tichondrius,1422,priest,discipline,36,20,16
Ketaminè,tichondrius,1422,priest,discipline,48,25,23
Halcyon,eonar,1422,priest,discipline,50,25,25
Eavin,laughing-skull,1422,priest,discipline,231,115,116
Healmedaddyy,korgath,1422,priest,discipline,64,30,34
Wpj,barthilas,1422,priest,discipline,51,17,34
Izikial,illidan,1421,priest,discipline,48,24,24
Braffuki,frostmourne,1421,priest,discipline,89,42,47
Holycast,arygos,1420,priest,discipline,24,15,9
Sackura,quelthalas,1420,priest,discipline,49,26,23
Machinecoach,stormrage,1419,priest,discipline,30,15,15
Brotatochip,andorhal,1419,priest,discipline,49,24,25
Malavidax,malganis,1419,priest,discipline,108,45,63
Holyish,proudmoore,1418,priest,discipline,42,19,23
Vundead,tichondrius,1418,priest,discipline,36,16,20
Voltstein,dalaran,1416,priest,discipline,56,27,29
Jinxaleyster,ragnaros,1415,priest,discipline,41,27,14
Xyló,area-52,1415,priest,discipline,112,63,49
Weakwind,burning-blade,1415,priest,discipline,38,21,17
Suitoo,ragnaros,1414,priest,discipline,30,15,15
Aubine,sargeras,1414,priest,discipline,41,15,26
Hiraa,frostmourne,1413,priest,discipline,24,15,9
Clancygilroy,thrall,1413,priest,discipline,90,44,46
Accismus,khadgar,1412,priest,discipline,78,37,41
Strawson,quelthalas,1410,priest,discipline,60,28,32
Fakechow,nathrezim,1410,priest,discipline,36,16,20
Angusb,sargeras,1410,priest,discipline,80,35,45
Nexp,tichondrius,1409,priest,discipline,35,24,11
Scrollozaddy,illidan,1409,priest,discipline,69,46,23
Hawtzp,stormrage,1409,priest,discipline,30,16,14
Tuniepope,sargeras,1408,priest,discipline,24,15,9
Shelak,frostmourne,1408,priest,discipline,62,33,29
Justanoutlaw,darkspear,1407,priest,discipline,36,21,15
Kawin,goldrinn,1407,priest,discipline,101,54,47
Sunenergy,tichondrius,1407,priest,discipline,78,41,37
Lilblackguys,stormrage,1407,priest,discipline,90,45,45
Priesmatco,area-52,1407,priest,discipline,48,19,29
Dmlx,frostmourne,1406,priest,discipline,72,47,25
Sistamaggie,bleeding-hollow,1406,priest,discipline,54,28,26
Meditåtion,tichondrius,1406,priest,discipline,90,44,46
Vezaxx,barthilas,1406,priest,discipline,66,32,34
Seáoflions,aggramar,1405,priest,discipline,24,15,9
Darkquinn,boulderfist,1405,priest,discipline,218,102,116
Tryst,the-underbog,1404,priest,discipline,60,37,23
Itsmaám,moon-guard,1403,priest,discipline,42,25,17
Vtp,frostmourne,1403,priest,discipline,40,20,20
Gwyneth,whisperwind,1403,priest,discipline,80,35,45
Tiskka,magtheridon,1403,priest,discipline,50,20,30
Nek,malganis,1402,priest,discipline,85,50,35
Lelenia,tichondrius,1402,priest,discipline,30,15,15
Nicety,skywall,1402,priest,discipline,50,22,28
Vampiric,laughing-skull,1401,priest,discipline,24,15,9
Jelzz,area-52,1401,priest,discipline,28,17,11
Khyonne,nemesis,1400,priest,discipline,68,37,31
Hunanbeef,kiljaeden,1400,priest,discipline,58,29,29
Zjqf,akama,1400,priest,discipline,149,73,76
Bloatie,zuljin,1399,priest,discipline,36,24,12
Smirkinlive,illidan,1399,priest,discipline,29,18,11
Napzz,sargeras,1399,priest,discipline,36,21,15
Shnítzel,thrall,1399,priest,discipline,103,51,52
Smegmancer,korgath,1399,priest,discipline,54,24,30
Muuq,frostmourne,1398,priest,discipline,81,42,39
Cathêlay,bleeding-hollow,1397,priest,discipline,61,29,32
Ðohko,ragnaros,1395,priest,discipline,36,20,16
Laüren,ragnaros,1395,priest,discipline,94,42,52
Ínfocus,area-52,1395,priest,discipline,48,19,29
Ems,dawnbringer,1394,priest,discipline,29,15,14
Scriptz,frostwolf,1393,priest,discipline,66,30,36
Raggasoca,malganis,1393,priest,discipline,99,44,55
Ðiplø,tichondrius,1392,priest,discipline,35,21,14
Ünarû,illidan,1392,priest,discipline,66,38,28
Tluoc,nemesis,1391,priest,discipline,47,25,22
Phayzz,area-52,1390,priest,discipline,123,63,60
Welovan,sargeras,1390,priest,discipline,46,23,23
Bubbahotep,laughing-skull,1388,priest,discipline,40,19,21
Dårc,tichondrius,1387,priest,discipline,65,39,26
Unholywizard,sargeras,1386,priest,discipline,66,37,29
Vexyy,tichondrius,1385,priest,discipline,32,19,13
Mursey,sargeras,1385,priest,discipline,111,51,60
Blessrish,icecrown,1385,priest,discipline,42,16,26
Arkenes,dalaran,1383,priest,discipline,78,41,37
Bradythree,moon-guard,1380,priest,discipline,26,16,10
Këyglock,kelthuzad,1380,priest,discipline,137,59,78
Bøness,area-52,1379,priest,discipline,94,50,44
Lexinalis,stormrage,1376,priest,discipline,29,17,12
Fádéd,tichondrius,1376,priest,discipline,29,15,14
Sixfiggas,darkspear,1375,priest,discipline,24,17,7
Dlysexic,barthilas,1375,priest,discipline,66,35,31
Whehaw,kelthuzad,1375,priest,discipline,66,29,37
Replacednewb,chogall,1374,priest,discipline,39,22,17
Drinkndrive,tichondrius,1374,priest,discipline,51,27,24
Risedead,azralon,1373,priest,discipline,91,50,41
Zombieheals,gundrak,1373,priest,discipline,53,27,26
Blaydun,elune,1371,priest,discipline,90,56,34
Karazhan,burning-legion,1371,priest,discipline,44,19,25
Glauga,azralon,1371,priest,discipline,42,17,25
Jìtters,silvermoon,1370,priest,discipline,36,17,19
Huevos,blackwing-lair,1368,priest,discipline,120,61,59
Solsano,stormrage,1365,priest,discipline,76,44,32
Toxictampax,azjolnerub,1364,priest,discipline,64,25,39
Rickjames,laughing-skull,1363,priest,discipline,68,40,28
Halfyo,dragonmaw,1363,priest,discipline,90,49,41
Handyheals,frostmourne,1362,priest,discipline,101,54,47
Füuzin,stormrage,1362,priest,discipline,66,34,32
Curasia,drakkari,1360,priest,discipline,57,37,20
Powerwordzz,dragonmaw,1359,priest,discipline,72,36,36
Nêrô,dalaran,1359,priest,discipline,48,21,27
Nomsayin,stormrage,1358,priest,discipline,19,15,4
Valeilah,illidan,1358,priest,discipline,48,30,18
Crucïfïx,stormrage,1358,priest,discipline,70,41,29
Nexoox,drakkari,1358,priest,discipline,42,23,19
Tûbes,trollbane,1358,priest,discipline,101,42,59
Nometh,emerald-dream,1357,priest,discipline,42,18,24
Aerdune,dalaran,1356,priest,discipline,68,36,32
Rháényra,tichondrius,1354,priest,discipline,30,15,15
Victrix,tichondrius,1353,priest,discipline,112,47,65
Benedictüs,tichondrius,1352,priest,discipline,118,59,59
Chìbiusa,gurubashi,1352,priest,discipline,106,52,54
Beñzi,sargeras,1348,priest,discipline,26,16,10
Dxskadi,stormrage,1348,priest,discipline,156,68,88
Revreal,thrall,1346,priest,discipline,48,25,23
Mamabless,quelthalas,1346,priest,discipline,371,190,181
Pelagius,suramar,1345,priest,discipline,44,19,25
Juliusceazer,skywall,1344,priest,discipline,88,52,36
Temkcalb,ragnaros,1344,priest,discipline,84,42,42
Hoppus,stormrage,1344,priest,discipline,90,44,46
Bohomagz,tichondrius,1343,priest,discipline,24,14,10
Míssdank,tichondrius,1343,priest,discipline,36,18,18
Cavatea,illidan,1343,priest,discipline,30,14,16
Crazykitsune,thaurissan,1342,priest,discipline,42,27,15
Lawroade,tichondrius,1342,priest,discipline,67,36,31
Mitoloshi,ragnaros,1342,priest,discipline,114,55,59
Redcoolaid,moon-guard,1341,priest,discipline,24,14,10
Armî,ragnaros,1341,priest,discipline,30,15,15
Zoap,stormrage,1341,priest,discipline,60,26,34
Kafarmer,frostmourne,1340,priest,discipline,65,34,31
Storylord,malganis,1340,priest,discipline,30,14,16
Psÿçhë,stormrage,1340,priest,discipline,30,14,16
Protega,illidan,1339,priest,discipline,18,14,4
Ggsaurusrex,area-52,1339,priest,discipline,30,14,16
Fleckyy,tichondrius,1339,priest,discipline,36,14,22
Sadistic,hyjal,1339,priest,discipline,42,16,26
Vehlind,quelthalas,1338,priest,discipline,101,52,49
Knoskeezy,proudmoore,1337,priest,discipline,18,14,4
Mateekie,malganis,1337,priest,discipline,40,21,19
Buttfive,illidan,1337,priest,discipline,30,14,16
Namî,barthilas,1336,priest,discipline,155,86,69
Smittën,barthilas,1336,priest,discipline,48,26,22
Metagameswag,tichondrius,1335,priest,discipline,24,14,10
Xxqq,illidan,1335,priest,discipline,24,14,10
Soméone,sargeras,1335,priest,discipline,65,34,31
Erossenin,proudmoore,1334,priest,discipline,30,15,15
Rblood,emerald-dream,1332,priest,discipline,54,33,21
Ngin,queldorei,1332,priest,discipline,24,14,10
Noveh,tichondrius,1331,priest,discipline,36,17,19
Sevÿ,malygos,1330,priest,discipline,24,14,10
Bathenape,bleeding-hollow,1330,priest,discipline,40,23,17
Holyfromrmp,tichondrius,1330,priest,discipline,72,35,37
Decline,balnazzar,1330,priest,discipline,30,14,16
Ieveling,skywall,1330,priest,discipline,36,14,22
Xuun,illidan,1329,priest,discipline,71,42,29
Tungus,shadowsong,1329,priest,discipline,88,44,44
Joktips,proudmoore,1329,priest,discipline,48,23,25
Yeshùa,drakkari,1329,priest,discipline,82,37,45
Highasf,sargeras,1328,priest,discipline,24,14,10
Mythica,gurubashi,1327,priest,discipline,84,50,34
Danrien,azralon,1326,priest,discipline,34,20,14
Aveil,bloodscalp,1326,priest,discipline,34,20,14
Edmust,black-dragonflight,1324,priest,discipline,24,14,10
Rvxy,tichondrius,1324,priest,discipline,84,42,42
Jaysontatum,gurubashi,1323,priest,discipline,33,17,16
Pipete,frostmourne,1322,priest,discipline,53,29,24
Javox,drakkari,1321,priest,discipline,24,14,10
Sinnon,turalyon,1320,priest,discipline,30,17,13
Srwilly,ragnaros,1320,priest,discipline,75,39,36
Mkowns,tichondrius,1319,priest,discipline,24,14,10
Nadiaxo,moon-guard,1319,priest,discipline,65,35,30
Nøzmonica,kelthuzad,1319,priest,discipline,32,15,17
Inferis,ragnaros,1318,priest,discipline,270,137,133
Eatmyfear,quelthalas,1318,priest,discipline,196,90,106
Lethalrosé,thrall,1316,priest,discipline,24,14,10
Chaøz,emerald-dream,1314,priest,discipline,41,24,17
Kms,sargeras,1313,priest,discipline,51,26,25
Femìnazzi,ragnaros,1313,priest,discipline,37,18,19
Médíc,dalaran,1312,priest,discipline,48,24,24
Itsme,quelthalas,1312,priest,discipline,47,18,29
Jsuschristix,zuljin,1311,priest,discipline,36,23,13
Masochist,barthilas,1311,priest,discipline,78,49,29
Misfyt,emerald-dream,1311,priest,discipline,54,25,29
Goodvybes,tichondrius,1311,priest,discipline,36,14,22
Goodwin,darkspear,1310,priest,discipline,48,29,19
Chîna,hyjal,1310,priest,discipline,126,76,50
Heallarious,stormrage,1310,priest,discipline,50,30,20
Leprêtre,hakkar,1310,priest,discipline,30,16,14
Diabiitus,stormrage,1309,priest,discipline,63,36,27
Gaudthree,tichondrius,1309,priest,discipline,28,14,14
Badnsweaty,sargeras,1308,priest,discipline,28,15,13
Booyâh,muradin,1308,priest,discipline,54,27,27
Novous,area-52,1308,priest,discipline,50,24,26
Majesticar,moon-guard,1307,priest,discipline,30,20,10
Artiannaa,bleeding-hollow,1307,priest,discipline,24,14,10
Bionix,stormrage,1306,priest,discipline,60,29,31
Knucklesandy,tichondrius,1306,priest,discipline,29,14,15
Ruthlèss,ragnaros,1305,priest,discipline,54,28,26
Deadpla,ragnaros,1304,priest,discipline,35,14,21
Manryu,tichondrius,1304,priest,discipline,42,14,28
Msdash,tichondrius,1303,priest,discipline,36,18,18
Plznokill,tichondrius,1303,priest,discipline,36,18,18
Poorass,sargeras,1301,priest,discipline,30,19,11
Aedarelyn,ysera,1301,priest,discipline,42,22,20
Krané,area-52,1298,priest,discipline,51,24,27
Wildmanfrank,tichondrius,1297,priest,discipline,37,21,16
Penetron,tichondrius,1297,priest,discipline,53,22,31
Hydramîst,ragnaros,1296,priest,discipline,36,15,21
Sportsgloss,tichondrius,1295,priest,discipline,36,16,20
Wanaatlarboy,dark-iron,1294,priest,discipline,29,19,10
Theheal,ragnaros,1293,priest,discipline,57,19,38
ßræcher,black-dragonflight,1292,priest,discipline,24,16,8
Dadthegreat,bonechewer,1292,priest,discipline,42,25,17
ßlest,stormrage,1292,priest,discipline,54,29,25
Halliburton,illidan,1292,priest,discipline,56,26,30
Unfriend,sargeras,1291,priest,discipline,48,22,26
Lyxx,kelthuzad,1290,priest,discipline,22,15,7
Malevolently,illidan,1290,priest,discipline,113,49,64
Ðelight,ragnaros,1289,priest,discipline,30,16,14
Usmond,azralon,1289,priest,discipline,36,17,19
Troublmaker,illidan,1288,priest,discipline,46,24,22
Markspell,stormrage,1286,priest,discipline,133,72,61
Iwonthealu,senjin,1286,priest,discipline,30,16,14
Brounly,drakkari,1285,priest,discipline,72,36,36
Xpera,dalaran,1285,priest,discipline,65,30,35
Klowdz,burning-blade,1285,priest,discipline,54,23,31
Soaphia,kelthuzad,1284,priest,discipline,78,45,33
Kaonn,frostmourne,1284,priest,discipline,69,36,33
Mellerwine,azralon,1284,priest,discipline,221,115,106
Matchakatt,tichondrius,1283,priest,discipline,48,30,18
Quickq,barthilas,1283,priest,discipline,36,22,14
Jaskil,skywall,1282,priest,discipline,60,32,28
Lifeswap,area-52,1281,priest,discipline,54,21,33
Winnzhor,bonechewer,1280,priest,discipline,30,18,12
Elixia,maiev,1280,priest,discipline,36,20,16
Dzpi,azralon,1280,priest,discipline,48,23,25
Trummp,tichondrius,1278,priest,discipline,53,26,27
Dahrwin,thrall,1276,priest,discipline,36,20,16
Supôrte,nemesis,1276,priest,discipline,27,14,13
Knifê,moon-guard,1276,priest,discipline,102,52,50
Rbgeezus,lightnings-blade,1275,priest,discipline,107,55,52
Easypriest,tichondrius,1274,priest,discipline,54,23,31
Pocserpriest,drakkari,1272,priest,discipline,32,14,18
Geekynerd,frostmourne,1271,priest,discipline,24,15,9
Fanatic,nemesis,1271,priest,discipline,97,48,49
Themøn,quelthalas,1270,priest,discipline,30,16,14
Sappes,area-52,1269,priest,discipline,75,40,35
Twotimechamp,azshara,1269,priest,discipline,50,26,24
Tyreliy,eitrigg,1269,priest,discipline,108,54,54
Donzorro,ragnaros,1268,priest,discipline,48,21,27
Takethat,emerald-dream,1267,priest,discipline,24,14,10
Mechahomo,dalaran,1267,priest,discipline,34,18,16
Aggravating,mugthol,1267,priest,discipline,176,89,87
Miraz,the-venture-co,1266,priest,discipline,53,29,24
Derlanger,frostmourne,1266,priest,discipline,36,18,18
Náay,ragnaros,1265,priest,discipline,29,19,10
Cathiah,darkspear,1265,priest,discipline,42,22,20
Swapsy,illidan,1264,priest,discipline,23,14,9
Tempgnome,stonemaul,1263,priest,discipline,61,32,29
Saràh,stormscale,1262,priest,discipline,94,43,51
Emlix,tichondrius,1262,priest,discipline,42,14,28
Fesix,akama,1261,priest,discipline,30,17,13
Hideyourkids,stormreaver,1261,priest,discipline,42,18,24
Souriel,tichondrius,1260,priest,discipline,66,34,32
Gongá,moon-guard,1260,priest,discipline,62,25,37
Kymosolop,sargeras,1258,priest,discipline,25,14,11
Penitentrowr,illidan,1258,priest,discipline,39,20,19
Skall,kirin-tor,1258,priest,discipline,41,21,20
Ickarus,anubarak,1257,priest,discipline,84,47,37
Kenzao,nemesis,1257,priest,discipline,64,30,34
Lge,kelthuzad,1257,priest,discipline,31,14,17
Dartonya,thrall,1257,priest,discipline,36,15,21
Xmasmiracle,korgath,1256,priest,discipline,94,54,40
Sòraka,tichondrius,1256,priest,discipline,45,21,24
Eleeira,zuljin,1256,priest,discipline,36,15,21
Fadewench,sargeras,1255,priest,discipline,35,16,19
Thotznprayrz,bleeding-hollow,1254,priest,discipline,36,23,13
Fatherßrian,draktharon,1253,priest,discipline,30,16,14
Cajl,dathremar,1253,priest,discipline,109,48,61
Mchinder,tanaris,1252,priest,discipline,33,18,15
Nìght,trollbane,1251,priest,discipline,66,36,30
Kapriestun,tichondrius,1250,priest,discipline,54,32,22
Dosarix,sargeras,1250,priest,discipline,40,23,17
Burpees,dalaran,1250,priest,discipline,28,15,13
Allhubris,stormrage,1248,priest,discipline,24,13,11
Webbii,frostmourne,1248,priest,discipline,48,21,27
Iyoui,tichondrius,1247,priest,discipline,18,13,5
Kayern,kelthuzad,1247,priest,discipline,18,13,5
Meatboxmoldy,blood-furnace,1247,priest,discipline,24,13,11
Tanzen,andorhal,1247,priest,discipline,24,13,11
Phonomena,malganis,1247,priest,discipline,42,22,20
Lvcia,thrall,1247,priest,discipline,70,35,35
Pce,korialstrasz,1247,priest,discipline,34,13,21
Picurry,frostmourne,1246,priest,discipline,24,13,11
Staysmall,stormrage,1245,priest,discipline,24,13,11
Youaint,sargeras,1245,priest,discipline,30,13,17
Luwoona,tichondrius,1245,priest,discipline,36,13,23
Croissånt,illidan,1244,priest,discipline,18,13,5
Bòngu,tichondrius,1244,priest,discipline,30,13,17
Alawn,wyrmrest-accord,1244,priest,discipline,102,42,60
Haetas,zuljin,1243,priest,discipline,30,13,17
Meiev,quelthalas,1243,priest,discipline,36,13,23
Zizziz,tichondrius,1242,priest,discipline,24,13,11
Sanitater,frostmourne,1242,priest,discipline,54,26,28
Grapës,jubeithos,1242,priest,discipline,48,23,25
Kukion,uldum,1242,priest,discipline,30,13,17
Peelforheals,nordrassil,1242,priest,discipline,30,13,17
Tarny,tichondrius,1241,priest,discipline,34,20,14
Sofhya,ragnaros,1241,priest,discipline,94,49,45
Creòle,area-52,1240,priest,discipline,24,13,11
Seriosity,kelthuzad,1240,priest,discipline,30,13,17
Discobish,sargeras,1239,priest,discipline,30,13,17
Dics,barthilas,1238,priest,discipline,18,13,5
Misaosan,azralon,1238,priest,discipline,60,29,31
Jhivagosp,tichondrius,1237,priest,discipline,24,13,11
Akayayuelol,tichondrius,1236,priest,discipline,18,13,5
Aurajade,queldorei,1235,priest,discipline,18,13,5
Voidathon,sargeras,1235,priest,discipline,24,13,11
Betrthenadam,bleeding-hollow,1235,priest,discipline,66,32,34
Quavö,tichondrius,1235,priest,discipline,63,28,35
Karmatron,chogall,1235,priest,discipline,30,13,17
Charybdis,bonechewer,1234,priest,discipline,42,30,12
Mauriel,proudmoore,1234,priest,discipline,30,13,17
Jinniu,azralon,1234,priest,discipline,30,13,17
Wrathchildd,azralon,1232,priest,discipline,72,37,35
Chernota,kiljaeden,1232,priest,discipline,30,13,17
Xora,frostmourne,1232,priest,discipline,36,13,23
Theboogieman,magtheridon,1231,priest,discipline,54,25,29
Peristalsis,nesingwary,1231,priest,discipline,30,13,17
Holyxb,bleeding-hollow,1231,priest,discipline,36,13,23
Presto,kalecgos,1230,priest,discipline,18,14,4
Shïtheals,frostmourne,1230,priest,discipline,42,25,17
Mileslol,azgalor,1230,priest,discipline,24,13,11
Starshollow,ragnaros,1230,priest,discipline,25,13,12
Nottahealer,anvilmar,1230,priest,discipline,30,13,17
Lichae,ragnaros,1229,priest,discipline,48,24,24
Bonkerwaffle,kelthuzad,1228,priest,discipline,42,23,19
Kurtsheals,destromath,1228,priest,discipline,60,31,29
Krypticus,tichondrius,1227,priest,discipline,48,28,20
Aape,frostmourne,1227,priest,discipline,24,13,11
Nanabritches,moon-guard,1226,priest,discipline,62,33,29
Jestiann,aegwynn,1226,priest,discipline,167,85,82
Newchaos,hakkar,1225,priest,discipline,24,13,11
Bendoverbb,tichondrius,1225,priest,discipline,30,13,17
Aliciab,andorhal,1224,priest,discipline,54,28,26
Wise,wildhammer,1224,priest,discipline,53,27,26
Ahitaro,ragnaros,1223,priest,discipline,60,18,42
Aesudan,dalaran,1222,priest,discipline,19,13,6
Sauile,kelthuzad,1222,priest,discipline,30,15,15
Luminatio,quelthalas,1220,priest,discipline,64,32,32
Pòba,malganis,1220,priest,discipline,30,13,17
Nonamegame,sargeras,1218,priest,discipline,78,42,36
Anymoon,tichondrius,1218,priest,discipline,30,16,14
Pixa,tichondrius,1218,priest,discipline,54,25,29
Deadlydocc,illidan,1217,priest,discipline,27,16,11
Aynone,blood-furnace,1217,priest,discipline,120,57,63
Dispelbot,kelthuzad,1216,priest,discipline,70,44,26
Aipata,stormrage,1214,priest,discipline,44,24,20
Faeleath,emerald-dream,1214,priest,discipline,26,14,12
Orìsel,wyrmrest-accord,1214,priest,discipline,93,42,51
Armspriest,stormrage,1212,priest,discipline,47,24,23
Nóin,tichondrius,1212,priest,discipline,72,33,39
Dotersacer,quelthalas,1211,priest,discipline,26,15,11
Testament,greymane,1210,priest,discipline,84,37,47
Deckardkane,stormrage,1209,priest,discipline,32,14,18
Ariavish,area-52,1208,priest,discipline,48,25,23
Kodaks,frostmourne,1208,priest,discipline,75,37,38
Reindharth,quelthalas,1208,priest,discipline,42,14,28
Moontearss,tichondrius,1207,priest,discipline,30,14,16
Kithlas,emerald-dream,1206,priest,discipline,18,13,5
Nothinsexual,frostmourne,1206,priest,discipline,26,14,12
Phaille,chromaggus,1206,priest,discipline,74,39,35
Dpshealer,azralon,1206,priest,discipline,66,29,37
Fairylìght,stormrage,1206,priest,discipline,43,14,29
Tdmheals,zuluhed,1204,priest,discipline,24,18,6
Pactosombrio,azralon,1204,priest,discipline,94,52,42
Vancake,quelthalas,1204,priest,discipline,156,69,87
Psychiatrist,darkspear,1204,priest,discipline,58,25,33
Ithvedriel,moon-guard,1203,priest,discipline,67,32,35
Healzyew,dragonmaw,1201,priest,discipline,73,28,45
Zephxd,illidan,1199,priest,discipline,64,31,33
Terenor,thrall,1199,priest,discipline,42,13,29
Fozil,area-52,1194,priest,discipline,62,33,29
Josquin,illidan,1192,priest,discipline,23,13,10
Tomseleck,frostmourne,1191,priest,discipline,29,13,16
Dokthekim,frostmourne,1190,priest,discipline,26,14,12
Holyycrit,kelthuzad,1189,priest,discipline,30,16,14
Rinmaru,dark-iron,1188,priest,discipline,24,14,10
Iltharaph,illidan,1188,priest,discipline,25,14,11
Yukih,tichondrius,1188,priest,discipline,41,17,24
Inarius,dragonblight,1188,priest,discipline,42,17,25
Kruciphix,tichondrius,1187,priest,discipline,29,20,9
Kaxleigh,emerald-dream,1187,priest,discipline,29,18,11
Krindil,korgath,1186,priest,discipline,29,14,15
Eirenth,bleeding-hollow,1184,priest,discipline,18,14,4
Beefoverload,durotan,1184,priest,discipline,35,15,20
Unwòke,dalaran,1182,priest,discipline,24,14,10
Belletrael,wyrmrest-accord,1182,priest,discipline,70,32,38
Kßnstuff,area-52,1182,priest,discipline,37,15,22
Paidtowin,frostmourne,1182,priest,discipline,38,13,25
Doubtmyfaith,frostmourne,1181,priest,discipline,42,21,21
Visse,auchindoun,1178,priest,discipline,169,79,90
Icyspicy,shadowsong,1177,priest,discipline,59,26,33
Iwillsaveyou,tichondrius,1177,priest,discipline,40,16,24
Damoclexz,area-52,1176,priest,discipline,72,38,34
Invocational,moon-guard,1175,priest,discipline,29,14,15
Kethseth,ragnaros,1175,priest,discipline,102,45,57
Hiheals,anvilmar,1174,priest,discipline,36,20,16
Alizeë,illidan,1173,priest,discipline,102,58,44
Mindlames,bleeding-hollow,1173,priest,discipline,68,30,38
Minimelo,stormrage,1172,priest,discipline,23,13,10
Spyzz,gilneas,1172,priest,discipline,36,18,18
Såge,chogall,1169,priest,discipline,117,60,57
Kerazul,sargeras,1169,priest,discipline,42,20,22
Londog,vashj,1168,priest,discipline,30,15,15
Killían,darkspear,1166,priest,discipline,37,20,17
Zadae,area-52,1166,priest,discipline,51,26,25
Kafzial,zuljin,1162,priest,discipline,74,43,31
Priést,stormrage,1162,priest,discipline,36,13,23
Keskima,malganis,1159,priest,discipline,46,28,18
Yidra,illidan,1159,priest,discipline,24,14,10
Semirg,moon-guard,1158,priest,discipline,30,13,17
Köto,dalaran,1157,priest,discipline,23,13,10
Rotass,hyjal,1157,priest,discipline,24,13,11
Coldphobia,uldum,1157,priest,discipline,32,14,18
Gobnik,illidan,1156,priest,discipline,24,16,8
Hobbs,trollbane,1156,priest,discipline,24,13,11
Xaerwolaeth,area-52,1155,priest,discipline,34,16,18
Optîmuskrayt,tichondrius,1153,priest,discipline,71,35,36
Qenq,tichondrius,1152,priest,discipline,18,12,6
Sylvphrena,stormrage,1152,priest,discipline,18,12,6
Maraagsdad,tichondrius,1152,priest,discipline,18,12,6
Kalyndaxo,frostmourne,1152,priest,discipline,24,12,12
Swagdemøn,kelthuzad,1152,priest,discipline,24,12,12
Ømegagødx,illidan,1152,priest,discipline,30,12,18
Addisonraee,tichondrius,1151,priest,discipline,12,12,0
Eudog,zuljin,1151,priest,discipline,12,12,0
Faithbuild,emerald-dream,1151,priest,discipline,18,12,6
Randrimm,stormrage,1151,priest,discipline,24,12,12
Sshhaaddooww,tichondrius,1151,priest,discipline,24,12,12
Pewwpew,malganis,1151,priest,discipline,24,12,12
Alphôn,bleeding-hollow,1151,priest,discipline,24,12,12
Attenea,illidan,1151,priest,discipline,36,12,24
Pastapizza,zuljin,1150,priest,discipline,12,12,0
Ilmx,illidan,1150,priest,discipline,12,12,0
Aaff,tichondrius,1150,priest,discipline,18,12,6
Chkashaa,emerald-dream,1150,priest,discipline,42,21,21
Rhaist,sargeras,1150,priest,discipline,36,18,18
Wartrix,bonechewer,1150,priest,discipline,24,12,12
Glöws,area-52,1150,priest,discipline,24,12,12
Papafajita,area-52,1150,priest,discipline,24,12,12
Deathlullaby,malganis,1150,priest,discipline,24,12,12
Cenrtrix,stormrage,1150,priest,discipline,24,12,12
Abercromby,malganis,1150,priest,discipline,25,12,13
Penancedeez,moon-guard,1150,priest,discipline,35,15,20
Maxximuss,bleeding-hollow,1150,priest,discipline,42,17,25
Dayquills,illidan,1150,priest,discipline,30,12,18
Bakara,jubeithos,1150,priest,discipline,36,12,24
Profpepper,tichondrius,1149,priest,discipline,18,12,6
Clockwororan,tichondrius,1149,priest,discipline,18,12,6
Pakc,tichondrius,1149,priest,discipline,24,12,12
Nerfholyplz,illidan,1149,priest,discipline,24,12,12
Amaranth,the-forgotten-coast,1148,priest,discipline,24,12,12
Gigaflex,sargeras,1148,priest,discipline,24,12,12
Holycoww,lightnings-blade,1147,priest,discipline,18,12,6
Ekros,illidan,1147,priest,discipline,25,13,12
Opscurum,bleeding-hollow,1147,priest,discipline,24,12,12
Cigarillõ,thrall,1147,priest,discipline,24,12,12
Nutsin,tichondrius,1147,priest,discipline,30,12,18
Scrubgames,garrosh,1146,priest,discipline,12,12,0
Dachenchen,tichondrius,1146,priest,discipline,18,12,6
Pico,spirestone,1146,priest,discipline,24,13,11
Smightful,garona,1146,priest,discipline,24,12,12
Lilbaldjosh,frostmourne,1146,priest,discipline,36,12,24
Mashpotato,aerie-peak,1144,priest,discipline,24,13,11
Augustrox,ragnaros,1144,priest,discipline,24,12,12
Depressedboy,wyrmrest-accord,1143,priest,discipline,24,12,12
Grimspriest,moon-guard,1143,priest,discipline,24,12,12
Mutilla,tichondrius,1142,priest,discipline,18,12,6
Norastanne,moon-guard,1142,priest,discipline,24,12,12
Dbod,tichondrius,1142,priest,discipline,24,12,12
Supski,destromath,1141,priest,discipline,24,12,12
Ulzaar,nerzhul,1141,priest,discipline,42,12,30
Osombra,azralon,1139,priest,discipline,36,17,19
Zørb,area-52,1138,priest,discipline,18,12,6
Draniev,azralon,1138,priest,discipline,77,41,36
Elvspriesly,doomhammer,1138,priest,discipline,104,51,53
Drywàter,tichondrius,1137,priest,discipline,81,45,36
Hanuroa,tichondrius,1136,priest,discipline,184,92,92
Brotherheals,nagrand,1136,priest,discipline,60,30,30
Blessings,aerie-peak,1135,priest,discipline,66,34,32
Senumbra,tichondrius,1134,priest,discipline,24,12,12
Faerline,kelthuzad,1134,priest,discipline,29,12,17
Volkova,quelthalas,1133,priest,discipline,18,12,6
Saviorsélf,tichondrius,1133,priest,discipline,30,12,18
Lusch,stormscale,1132,priest,discipline,34,21,13
Goodbyekiss,illidan,1132,priest,discipline,65,31,34
Makkima,area-52,1129,priest,discipline,48,20,28
Corthien,thrall,1129,priest,discipline,30,12,18
Mäy,greymane,1128,priest,discipline,24,12,12
Cyrilien,tichondrius,1127,priest,discipline,52,29,23
Ragnarøk,warsong,1127,priest,discipline,30,12,18
Wísh,emerald-dream,1126,priest,discipline,36,19,17
Bröke,nemesis,1122,priest,discipline,30,14,16
Lynnar,stormrage,1121,priest,discipline,42,22,20
Primeevil,black-dragonflight,1119,priest,discipline,24,14,10
Finake,kelthuzad,1116,priest,discipline,18,12,6
Kujox,tichondrius,1116,priest,discipline,35,12,23
Hoochiemomma,kelthuzad,1115,priest,discipline,18,12,6
Cvstodia,tichondrius,1115,priest,discipline,24,12,12
Jtewatch,zuljin,1114,priest,discipline,18,14,4
Vitalizes,nagrand,1114,priest,discipline,30,13,17
Tetha,fizzcrank,1112,priest,discipline,30,14,16
Steezyy,black-dragonflight,1112,priest,discipline,65,30,35
Libationz,area-52,1110,priest,discipline,90,36,54
Voidwyrm,tichondrius,1109,priest,discipline,54,28,26
Rhayzel,ragnaros,1108,priest,discipline,30,15,15
Abbot,zangarmarsh,1105,priest,discipline,120,56,64
Ataraksija,sargeras,1103,priest,discipline,21,13,8
Anäster,ragnaros,1103,priest,discipline,47,24,23
Súlfuro,quelthalas,1103,priest,discipline,83,39,44
Averli,moon-guard,1103,priest,discipline,42,18,24
Cyphrus,hyjal,1100,priest,discipline,29,12,17
Khamata,kelthuzad,1100,priest,discipline,30,12,18
Goingserious,frostmourne,1099,priest,discipline,51,26,25
Trustheals,tichondrius,1098,priest,discipline,24,16,8
Wheresmyvape,tichondrius,1098,priest,discipline,20,13,7
Steck,illidan,1098,priest,discipline,30,15,15
Googolplex,tichondrius,1097,priest,discipline,21,13,8
Vákc,quelthalas,1096,priest,discipline,23,12,11
Draiger,quelthalas,1096,priest,discipline,36,14,22
Mcdizzle,bloodscalp,1095,priest,discipline,24,13,11
Lowkii,malfurion,1095,priest,discipline,23,12,11
Novoc,blackhand,1094,priest,discipline,30,15,15
Joní,malganis,1094,priest,discipline,29,13,16
Shaytyme,tichondrius,1094,priest,discipline,34,13,21
Kälëy,ragnaros,1091,priest,discipline,23,12,11
Zacksnotcool,sargeras,1090,priest,discipline,33,13,20
Benmem,illidan,1089,priest,discipline,64,30,34
Bigdaddyku,hyjal,1088,priest,discipline,34,20,14
Cklifer,tichondrius,1087,priest,discipline,22,12,10
Holysmokesx,tichondrius,1087,priest,discipline,22,12,10
Fatherfilth,frostwolf,1086,priest,discipline,30,14,16
Deehilie,illidan,1085,priest,discipline,37,19,18
Enkognito,tichondrius,1083,priest,discipline,34,23,11
Vaddaru,kirin-tor,1083,priest,discipline,66,38,28
Slavoj,gurubashi,1083,priest,discipline,29,15,14
Cypress,dreadmaul,1082,priest,discipline,140,70,70
Sadury,tichondrius,1081,priest,discipline,47,30,17
Puralux,balnazzar,1080,priest,discipline,24,15,9
Tmpriest,tichondrius,1080,priest,discipline,48,12,36
Redchord,kiljaeden,1072,priest,discipline,33,13,20
Psïren,quelthalas,1070,priest,discipline,24,13,11
Kyoku,tanaris,1067,priest,discipline,23,12,11
Zhaann,kelthuzad,1067,priest,discipline,30,14,16
Twinkmuncher,proudmoore,1065,priest,discipline,25,12,13
Foxyy,wildhammer,1065,priest,discipline,30,12,18
Mtito,drakkari,1063,priest,discipline,25,13,12
Vahlen,azralon,1062,priest,discipline,23,12,11
Cazuex,ragnaros,1056,priest,discipline,18,11,7
Jmjeezy,tichondrius,1056,priest,discipline,18,11,7
Pushap,blood-furnace,1056,priest,discipline,42,22,20
Ogneus,crushridge,1056,priest,discipline,30,11,19
Crucifer,proudmoore,1055,priest,discipline,12,11,1
Naelsaze,tichondrius,1055,priest,discipline,12,11,1
Oghealz,lightnings-blade,1055,priest,discipline,24,11,13
Tooziq,stormrage,1055,priest,discipline,24,11,13
Wintrow,sargeras,1055,priest,discipline,30,11,19
Turrec,illidan,1054,priest,discipline,12,11,1
Aiss,malganis,1054,priest,discipline,16,12,4
Sentactic,illidan,1054,priest,discipline,27,13,14
Dpsmercy,sargeras,1054,priest,discipline,24,11,13
Datdarnbéar,stormrage,1054,priest,discipline,30,11,19
Goneqt,illidan,1054,priest,discipline,30,11,19
Namemetwo,malganis,1053,priest,discipline,18,11,7
Themoon,tichondrius,1053,priest,discipline,18,11,7
Naranjitá,ragnaros,1052,priest,discipline,18,11,7
Antagzy,bleeding-hollow,1052,priest,discipline,18,11,7
Wholeness,kelthuzad,1052,priest,discipline,22,12,10
Silkydeath,frostmourne,1052,priest,discipline,24,11,13
ßlackøut,sargeras,1052,priest,discipline,24,11,13
Efrem,tichondrius,1051,priest,discipline,54,25,29
Darkills,tichondrius,1051,priest,discipline,24,11,13
Pryst,bonechewer,1051,priest,discipline,24,11,13
Gamist,area-52,1051,priest,discipline,24,11,13
Lumia,quelthalas,1051,priest,discipline,30,11,19
Moopha,zuljin,1050,priest,discipline,12,11,1
Zarfel,ragnaros,1050,priest,discipline,18,11,7
Silnetlee,tichondrius,1050,priest,discipline,18,11,7
Lalight,tichondrius,1050,priest,discipline,30,11,19
Posabilties,bleeding-hollow,1049,priest,discipline,24,11,13
Sajahsa,moon-guard,1048,priest,discipline,25,15,10
Slippedadisc,kelthuzad,1048,priest,discipline,24,11,13
Jackflashh,hakkar,1047,priest,discipline,78,35,43
Miaria,chogall,1046,priest,discipline,24,11,13
Quinnx,tichondrius,1046,priest,discipline,24,11,13
Aud,kiljaeden,1045,priest,discipline,12,11,1
Knez,ragnaros,1045,priest,discipline,18,11,7
Karminha,azralon,1044,priest,discipline,18,11,7
Eneco,alleria,1043,priest,discipline,25,20,5
Lilbabe,stormrage,1043,priest,discipline,24,11,13
Femalema,tichondrius,1042,priest,discipline,27,13,14
Holyhog,whisperwind,1042,priest,discipline,33,13,20
Evpray,area-52,1041,priest,discipline,18,13,5
Dottinu,area-52,1040,priest,discipline,12,11,1
Notdavido,illidan,1040,priest,discipline,18,11,7
Sinthe,stormrage,1039,priest,discipline,18,12,6
Sendia,hydraxis,1038,priest,discipline,66,31,35
Dalowks,area-52,1038,priest,discipline,30,11,19
Gungagingong,queldorei,1035,priest,discipline,18,11,7
Linarelitha,area-52,1035,priest,discipline,38,18,20
Donoras,ursin,1033,priest,discipline,18,11,7
Uchihalol,tichondrius,1032,priest,discipline,24,11,13
Gurkorr,boulderfist,1031,priest,discipline,30,11,19
Geulis,illidan,1030,priest,discipline,65,30,35
Rowman,frostmourne,1030,priest,discipline,24,11,13
Hèáls,tichondrius,1028,priest,discipline,53,25,28
Svrite,area-52,1024,priest,discipline,23,11,12
Bakharftw,nemesis,1023,priest,discipline,28,17,11
Ninbara,tichondrius,1023,priest,discipline,29,11,18
Alomari,zuljin,1022,priest,discipline,20,12,8
Astalail,emerald-dream,1022,priest,discipline,22,11,11
Mxd,bleeding-hollow,1021,priest,discipline,20,12,8
Mgfoxxie,scarlet-crusade,1020,priest,discipline,30,12,18
Thadan,uldaman,1019,priest,discipline,24,11,13
Sév,frostmane,1017,priest,discipline,190,89,101
Gðttlich,stormrage,1016,priest,discipline,26,12,14
Eluv,area-52,1016,priest,discipline,24,11,13
Jèf,stormrage,1015,priest,discipline,23,11,12
Nardhead,sargeras,1014,priest,discipline,24,12,12
Profît,stormrage,1014,priest,discipline,24,12,12
Wöödy,area-52,1013,priest,discipline,26,13,13
Sublety,aerie-peak,1011,priest,discipline,30,14,16
Uljinoo,blackwing-lair,1010,priest,discipline,32,13,19
Drãith,magtheridon,1009,priest,discipline,24,12,12
Macoa,zuljin,1009,priest,discipline,36,16,20
Bisholan,frostwolf,1007,priest,discipline,27,12,15
Dynopriest,kelthuzad,1007,priest,discipline,29,11,18
Icemeilarda,illidan,1007,priest,discipline,35,13,22
Lesserfaith,sargeras,1006,priest,discipline,21,11,10
Jebadiia,tichondrius,1005,priest,discipline,28,12,16
Safetyy,bleeding-hollow,1003,priest,discipline,23,11,12
Lördgrim,stormrage,1002,priest,discipline,25,13,12
Tikel,ragnaros,1001,priest,discipline,21,11,10
Classifiedcc,illidan,997,priest,discipline,29,16,13
Kerith,ragnaros,995,priest,discipline,22,15,7
Ketone,malganis,995,priest,discipline,57,29,28
Mottsarella,mugthol,993,priest,discipline,48,26,22
Rescueherø,tichondrius,992,priest,discipline,24,14,10
Cilpri,emerald-dream,991,priest,discipline,16,11,5
Zaemyn,dalaran,987,priest,discipline,26,11,15
Gäindalt,tichondrius,979,priest,discipline,17,11,6
Diamontie,tichondrius,977,priest,discipline,26,16,10
Alurand,bleeding-hollow,976,priest,discipline,18,11,7
Chavkoraken,stormrage,976,priest,discipline,32,11,21
Castnngcouch,tichondrius,975,priest,discipline,108,44,64
Cellestine,aggramar,975,priest,discipline,31,11,20
Tricklee,tichondrius,974,priest,discipline,17,11,6
Fulldesire,dalaran,972,priest,discipline,21,13,8
Sölemn,barthilas,971,priest,discipline,53,21,32
Varbirttok,sargeras,969,priest,discipline,31,12,19
Sharkda,frostmourne,965,priest,discipline,33,17,16
Cezanne,tichondrius,961,priest,discipline,125,52,73
Tesserak,tichondrius,961,priest,discipline,52,18,34
Swaggie,skullcrusher,960,priest,discipline,12,10,2
Plaguebaby,stormrage,960,priest,discipline,15,11,4
Harlei,tichondrius,960,priest,discipline,18,11,7
Shadina,gorefiend,960,priest,discipline,18,10,8
Bswagxx,illidan,960,priest,discipline,18,10,8
Likehisname,tichondrius,960,priest,discipline,18,10,8
Jthealz,tichondrius,960,priest,discipline,18,10,8
Cheechee,executus,960,priest,discipline,18,10,8
Ahealer,alterac-mountains,960,priest,discipline,18,10,8
Ggwizkaboo,tichondrius,960,priest,discipline,18,10,8
Barley,chogall,960,priest,discipline,18,10,8
Pitayakiller,tichondrius,960,priest,discipline,18,10,8
Belielosong,moon-guard,960,priest,discipline,57,29,28
Fotmtrash,the-underbog,960,priest,discipline,24,10,14
Anyra,stormrage,960,priest,discipline,24,10,14
Ajxoz,thrall,960,priest,discipline,24,10,14
Summersetisl,tichondrius,960,priest,discipline,24,10,14
Ppsp,azralon,959,priest,discipline,12,10,2
Hm,the-scryers,959,priest,discipline,12,10,2
Henchwoman,stormrage,959,priest,discipline,12,10,2
Rustypinball,bleeding-hollow,959,priest,discipline,12,10,2
Jinforever,tichondrius,959,priest,discipline,12,10,2
Jylertason,kelthuzad,959,priest,discipline,18,10,8
Csjy,illidan,959,priest,discipline,18,10,8
Tamzy,eredar,959,priest,discipline,18,10,8
Gamepass,tichondrius,959,priest,discipline,18,10,8
Jzd,dreadmaul,959,priest,discipline,18,10,8
Heltor,sargeras,959,priest,discipline,18,10,8
Oduum,tichondrius,959,priest,discipline,18,10,8
Pocket,alleria,959,priest,discipline,18,10,8
Gutrìck,tichondrius,959,priest,discipline,18,10,8
Budlyy,dalaran,959,priest,discipline,18,10,8
Tshik,ragnaros,959,priest,discipline,24,10,14
Narodiz,nemesis,959,priest,discipline,24,10,14
Stylébender,tichondrius,959,priest,discipline,24,10,14
Mosquito,tichondrius,959,priest,discipline,24,10,14
Johadorr,shadowsong,959,priest,discipline,24,10,14
Stynke,bleeding-hollow,959,priest,discipline,30,10,20
Gránd,emerald-dream,959,priest,discipline,30,10,20
Spx,frostmourne,958,priest,discipline,18,10,8
Phrìke,illidan,958,priest,discipline,18,10,8
Leliane,tichondrius,958,priest,discipline,18,10,8
Overpriest,ragnaros,958,priest,discipline,18,10,8
Xävier,farstriders,958,priest,discipline,24,10,14
Rhennythal,tichondrius,958,priest,discipline,24,10,14
Lavenderism,moon-guard,957,priest,discipline,18,10,8
Senpriest,ragnaros,957,priest,discipline,18,10,8
Wilburre,sargeras,957,priest,discipline,18,10,8
Bigchalupaz,sargeras,957,priest,discipline,18,10,8
Rellington,frostwolf,957,priest,discipline,24,10,14
Chanyt,azralon,956,priest,discipline,12,10,2
Rigityrekt,aggramar,956,priest,discipline,18,13,5
Aexdawg,malganis,956,priest,discipline,18,10,8
Huck,khazgoroth,955,priest,discipline,18,10,8
Galaxypepe,medivh,955,priest,discipline,23,10,13
Çõrlëøñè,illidan,955,priest,discipline,24,10,14
Bachaterah,skullcrusher,955,priest,discipline,24,10,14
Hanklin,lightnings-blade,954,priest,discipline,18,10,8
Chinsta,tichondrius,954,priest,discipline,24,10,14
Kerahk,drakkari,954,priest,discipline,26,10,16
Anthoras,stormrage,953,priest,discipline,18,10,8
Flagged,azgalor,953,priest,discipline,24,10,14
Khaleth,suramar,953,priest,discipline,24,10,14
Jessicä,malganis,952,priest,discipline,18,10,8
Moomagic,sargeras,952,priest,discipline,30,11,19
Gnralways,andorhal,952,priest,discipline,36,10,26
Atyourcervix,emerald-dream,951,priest,discipline,18,10,8
Daijoubu,lightnings-blade,951,priest,discipline,24,10,14
Discbubbles,moonrunner,950,priest,discipline,18,10,8
Zeas,moon-guard,950,priest,discipline,66,23,43
Howdydoo,azshara,949,priest,discipline,31,10,21
Atelios,azralon,948,priest,discipline,12,10,2
Filterz,korgath,948,priest,discipline,24,10,14
Samsunglions,tichondrius,947,priest,discipline,18,10,8
Happydot,stormrage,947,priest,discipline,18,10,8
Riotgearmd,sargeras,945,priest,discipline,18,10,8
Magicßoy,magtheridon,945,priest,discipline,24,10,14
Throwinshadê,stormrage,944,priest,discipline,72,36,36
Spellpower,azralon,944,priest,discipline,24,10,14
Praiz,tichondrius,942,priest,discipline,24,15,9
Kloudypriest,moon-guard,940,priest,discipline,18,10,8
Sisterdeáth,area-52,938,priest,discipline,24,11,13
Chastised,moon-guard,937,priest,discipline,159,63,96
Miel,kargath,935,priest,discipline,60,22,38
Preezoo,tichondrius,932,priest,discipline,30,10,20
Taedrid,stormrage,930,priest,discipline,36,10,26
Toastedheal,stormreaver,927,priest,discipline,20,11,9
Toastanator,wyrmrest-accord,924,priest,discipline,95,44,51
Kauldër,illidan,924,priest,discipline,23,10,13
Rymzxx,ragnaros,918,priest,discipline,19,11,8
Luxah,bloodhoof,911,priest,discipline,15,11,4
Mando,area-52,911,priest,discipline,20,12,8
Twistedead,illidan,911,priest,discipline,21,11,10
Voidwulf,azgalor,911,priest,discipline,101,49,52
Kitenix,proudmoore,911,priest,discipline,29,10,19
Discgolfsux,sargeras,909,priest,discipline,38,13,25
Brock,lightbringer,905,priest,discipline,27,11,16
Ðanté,the-venture-co,904,priest,discipline,22,13,9
Kuell,ragnaros,904,priest,discipline,20,11,9
Eluko,tichondrius,904,priest,discipline,21,11,10
Haø,stormrage,902,priest,discipline,21,10,11
Tootsieroll,dark-iron,901,priest,discipline,23,10,13
Fujinpriest,azralon,894,priest,discipline,28,10,18
Tezcatyo,area-52,891,priest,discipline,17,10,7
Khinthazin,barthilas,878,priest,discipline,42,20,22
Dotsfortots,malfurion,878,priest,discipline,23,10,13
Crutch,blackhand,864,priest,discipline,12,9,3
Arfaxad,quelthalas,864,priest,discipline,12,9,3
Gillette,thunderlord,864,priest,discipline,12,9,3
Néy,illidan,864,priest,discipline,12,9,3
Ksâh,bleeding-hollow,864,priest,discipline,12,9,3
Squiddyjr,tichondrius,864,priest,discipline,12,9,3
Exøtic,tichondrius,864,priest,discipline,12,9,3
Mswatermelon,malganis,864,priest,discipline,16,10,6
Marcalus,garrosh,864,priest,discipline,15,9,6
Holyster,tichondrius,864,priest,discipline,18,9,9
Zlowbly,ragnaros,864,priest,discipline,18,9,9
Ilovedailies,frostmourne,864,priest,discipline,18,9,9
Gekko,azgalor,864,priest,discipline,18,9,9
Kiriko,mannoroth,864,priest,discipline,18,9,9
Cinnalite,darkspear,864,priest,discipline,18,9,9
Hyoeun,dragonmaw,864,priest,discipline,18,9,9
Biggunsaint,icecrown,864,priest,discipline,18,9,9
Sinnskløft,tichondrius,864,priest,discipline,18,9,9
Toteme,proudmoore,864,priest,discipline,18,9,9
Powerwordwap,malganis,864,priest,discipline,18,9,9
Healthyadult,zuluhed,864,priest,discipline,18,9,9
Arcmage,malganis,864,priest,discipline,18,9,9
Phurbosjr,sargeras,864,priest,discipline,18,9,9
Challengerz,suramar,864,priest,discipline,18,9,9
Voidgames,area-52,864,priest,discipline,24,9,15
Dakp,sargeras,864,priest,discipline,24,9,15
Dasaq,sargeras,864,priest,discipline,24,9,15
Lostmind,malganis,864,priest,discipline,24,9,15
Soulcleave,dark-iron,864,priest,discipline,24,9,15
Lampvpgerl,illidan,864,priest,discipline,30,9,21
Qipriest,tichondrius,864,priest,discipline,36,9,27
Davinatrans,azralon,863,priest,discipline,12,9,3
Stroserous,hyjal,863,priest,discipline,12,9,3
Starpass,illidan,863,priest,discipline,12,9,3
Djxkidrock,moon-guard,863,priest,discipline,12,9,3
Helleamh,tichondrius,863,priest,discipline,12,9,3
Fugazy,barthilas,863,priest,discipline,18,9,9
Oprst,tichondrius,863,priest,discipline,18,9,9
Iamrisen,tichondrius,863,priest,discipline,18,9,9
Frotters,kiljaeden,863,priest,discipline,18,9,9
Digop,azralon,863,priest,discipline,18,9,9
Galestick,illidan,863,priest,discipline,18,9,9
Dojacatx,frostmourne,863,priest,discipline,24,9,15
Stormìst,korgath,862,priest,discipline,12,9,3
Mothra,ragnaros,862,priest,discipline,12,9,3
Priestsz,stormrage,862,priest,discipline,12,9,3
Defilex,tichondrius,862,priest,discipline,12,9,3
Rondrica,stormscale,862,priest,discipline,18,9,9
Neuroflex,proudmoore,862,priest,discipline,18,9,9
Ppomx,tichondrius,862,priest,discipline,18,9,9
Absørptiøn,area-52,862,priest,discipline,18,9,9
Redclover,tichondrius,862,priest,discipline,18,9,9
Lacerating,illidan,862,priest,discipline,18,9,9
Tyrea,kiljaeden,862,priest,discipline,18,9,9
Satanshealer,terokkar,862,priest,discipline,18,9,9
Padragon,tichondrius,862,priest,discipline,24,9,15
Thelondon,tichondrius,861,priest,discipline,15,10,5
Sinnertitanz,quelthalas,861,priest,discipline,18,9,9
Dipadre,azralon,861,priest,discipline,18,9,9
Discountay,burning-legion,861,priest,discipline,18,9,9
Blinxed,tichondrius,861,priest,discipline,24,9,15
Ayakoji,proudmoore,861,priest,discipline,24,9,15
Séraphin,proudmoore,860,priest,discipline,19,11,8
Imcringing,illidan,860,priest,discipline,18,9,9
Moresbo,frostmourne,859,priest,discipline,18,9,9
Greif,garrosh,859,priest,discipline,18,9,9
Divinity,hellscream,858,priest,discipline,24,9,15
Talbadontu,thrall,856,priest,discipline,24,9,15
Caiitlynn,quelthalas,856,priest,discipline,24,9,15
Eîr,tichondrius,856,priest,discipline,30,9,21
Maiyennefer,proudmoore,855,priest,discipline,24,9,15
Igotdots,scilla,854,priest,discipline,42,18,24
Coachbombae,tichondrius,853,priest,discipline,12,9,3
Mangoes,scilla,853,priest,discipline,20,9,11
Menorsita,tichondrius,853,priest,discipline,24,9,15
Zolibeth,azshara,851,priest,discipline,12,9,3
Whitegirlirl,blackrock,850,priest,discipline,12,9,3
Honeyweiss,cairne,850,priest,discipline,18,9,9
Youngboys,stormreaver,848,priest,discipline,24,15,9
Frostslime,area-52,848,priest,discipline,24,9,15
Brahskeet,illidan,841,priest,discipline,30,9,21
Thelonioüs,tichondrius,832,priest,discipline,55,20,35
Rockrock,zuljin,831,priest,discipline,14,11,3
Onineko,bleeding-hollow,830,priest,discipline,23,9,14
Serana,maelstrom,822,priest,discipline,95,46,49
Faxingberlin,sargeras,814,priest,discipline,29,9,20
Shadowdeathx,bleeding-hollow,813,priest,discipline,17,9,8
Lilbabynaga,stormrage,808,priest,discipline,21,10,11
Wellheeled,norgannon,806,priest,discipline,21,9,12
Painpaws,moon-guard,800,priest,discipline,16,9,7
Slaac,malfurion,799,priest,discipline,17,9,8
Aladdinlol,tichondrius,799,priest,discipline,28,9,19
Carbonated,zuljin,798,priest,discipline,11,9,2
Goldenfatty,blackrock,798,priest,discipline,20,9,11
Ðrip,burning-legion,796,priest,discipline,16,9,7
Unholydomina,zuljin,794,priest,discipline,15,9,6
Cityboyy,tichondrius,784,priest,discipline,19,9,10
Winston,tichondrius,784,priest,discipline,19,9,10
Aupascamarad,tichondrius,783,priest,discipline,17,9,8
Deusthanatos,medivh,783,priest,discipline,23,9,14
Caz,sargeras,775,priest,discipline,24,12,12
Censyz,tichondrius,768,priest,discipline,12,8,4
Qohoo,tichondrius,768,priest,discipline,12,8,4
Airalia,bleeding-hollow,768,priest,discipline,12,8,4
Spriestbro,emerald-dream,768,priest,discipline,12,8,4
Voltekkeh,tichondrius,768,priest,discipline,12,8,4
Discipline,the-scryers,768,priest,discipline,12,8,4
Criiltwo,area-52,768,priest,discipline,12,8,4
Saintpleb,sargeras,768,priest,discipline,12,8,4
Blesstwo,ragnaros,768,priest,discipline,12,8,4
Bananass,sargeras,768,priest,discipline,12,8,4
Tastyloads,illidan,768,priest,discipline,12,8,4
Chocopp,illidan,768,priest,discipline,12,8,4
Yansuanmu,tichondrius,768,priest,discipline,12,8,4
Testzpriests,dalaran,768,priest,discipline,12,8,4
Heeka,kelthuzad,768,priest,discipline,12,8,4
Xzliak,area-52,768,priest,discipline,12,8,4
Ñightelf,area-52,768,priest,discipline,12,8,4
Lovesthebox,frostmourne,768,priest,discipline,12,8,4
Joeyslaps,frostwolf,768,priest,discipline,12,8,4
Myòvó,tichondrius,768,priest,discipline,12,8,4
Soloqqt,tichondrius,768,priest,discipline,12,8,4
Müsic,stormrage,768,priest,discipline,12,8,4
Soupbean,zuljin,768,priest,discipline,12,8,4
Evèlyn,dathremar,768,priest,discipline,12,8,4
Nasser,tichondrius,768,priest,discipline,12,8,4
Fullfear,lothar,768,priest,discipline,12,8,4
Curiosities,kiljaeden,768,priest,discipline,12,8,4
Melielectra,tichondrius,768,priest,discipline,18,8,10
Shadowchaos,malganis,768,priest,discipline,18,8,10
Veiveilol,tichondrius,768,priest,discipline,18,8,10
Dehf,bleeding-hollow,768,priest,discipline,18,8,10
Sotore,bleeding-hollow,768,priest,discipline,18,8,10
Jacqueline,tichondrius,768,priest,discipline,18,8,10
Kck,sentinels,768,priest,discipline,18,8,10
Reginaa,nemesis,768,priest,discipline,18,8,10
Diwara,ragnaros,768,priest,discipline,18,8,10
Troja,malganis,768,priest,discipline,18,8,10
Sussywussy,stormrage,768,priest,discipline,18,8,10
Aikinorz,tichondrius,768,priest,discipline,18,8,10
Smiliebomb,tichondrius,768,priest,discipline,18,8,10
Gödtier,frostwolf,768,priest,discipline,18,8,10
Amayå,kelthuzad,768,priest,discipline,18,8,10
Sontïx,sargeras,768,priest,discipline,18,8,10
Derpmodé,staghelm,768,priest,discipline,18,8,10
Manbelow,bleeding-hollow,768,priest,discipline,27,9,18
Byck,tichondrius,768,priest,discipline,24,8,16
Dylan,shuhalo,768,priest,discipline,24,8,16
Melshiesty,stormrage,768,priest,discipline,24,8,16
Voidrisu,sargeras,768,priest,discipline,24,8,16
Archeo,area-52,768,priest,discipline,24,8,16
Mavalie,zuljin,768,priest,discipline,24,8,16
Hugeshield,stormrage,768,priest,discipline,24,8,16
Robdàwg,illidan,768,priest,discipline,24,8,16
Muffinboy,illidan,768,priest,discipline,24,8,16
Lelyna,stormrage,767,priest,discipline,12,8,4
Jabreez,illidan,767,priest,discipline,12,8,4
Alarisa,chogall,767,priest,discipline,12,8,4
Shinemyhead,stormrage,767,priest,discipline,12,8,4
Kencyy,tichondrius,767,priest,discipline,12,8,4
Iulu,doomhammer,767,priest,discipline,12,8,4
Urgetopurge,dunemaul,767,priest,discipline,12,8,4
Rainny,proudmoore,767,priest,discipline,12,8,4
Powerranger,senjin,767,priest,discipline,12,8,4
Ryuuka,sargeras,767,priest,discipline,12,8,4
Lucènt,frostmourne,767,priest,discipline,12,8,4
Icônz,malganis,767,priest,discipline,12,8,4
Elkies,area-52,767,priest,discipline,12,8,4
Bårriër,darkspear,767,priest,discipline,15,8,7
Kynsias,stormrage,767,priest,discipline,15,8,7
Sukmysplooge,queldorei,767,priest,discipline,18,8,10
Hellsembrace,lightbringer,767,priest,discipline,18,8,10
Kinkypriest,tichondrius,767,priest,discipline,18,8,10
Holyslap,nerzhul,767,priest,discipline,18,8,10
Datspice,stormrage,767,priest,discipline,18,8,10
Therialjp,ragnaros,767,priest,discipline,18,8,10
Ohgiddy,dalaran,767,priest,discipline,18,8,10
Celf,ragnaros,767,priest,discipline,18,8,10
Zyklonova,frostmourne,767,priest,discipline,18,8,10
Analiesa,moon-guard,767,priest,discipline,18,8,10
Howiecakes,bloodhoof,767,priest,discipline,27,9,18
Fatherdan,blackrock,767,priest,discipline,24,8,16
Èuneekz,thrall,767,priest,discipline,24,8,16
Oniizanagi,thrall,767,priest,discipline,24,8,16
Healmegently,bonechewer,767,priest,discipline,24,8,16
Yürika,emerald-dream,767,priest,discipline,24,8,16
Juniorfloyd,tichondrius,766,priest,discipline,12,8,4
Dorós,coilfang,766,priest,discipline,12,8,4
Ðåmìéñ,tichondrius,766,priest,discipline,12,8,4
Lilazngirl,stormrage,766,priest,discipline,12,8,4
Xhaajyh,area-52,766,priest,discipline,12,8,4
Abzorbed,stormrage,766,priest,discipline,12,8,4
Gõd,zuluhed,766,priest,discipline,18,8,10
Spriest,kul-tiras,766,priest,discipline,18,8,10
Pollyphia,kiljaeden,765,priest,discipline,12,8,4
Bandaidvibes,tichondrius,765,priest,discipline,12,8,4
Healrat,thrall,764,priest,discipline,18,8,10
Itchybubble,emerald-dream,763,priest,discipline,12,8,4
Lätöxïkä,alleria,763,priest,discipline,17,8,9
Rókue,silvermoon,763,priest,discipline,18,8,10
Squatrack,tichondrius,763,priest,discipline,24,8,16
Badazzfrank,tichondrius,762,priest,discipline,18,8,10
Fluxus,sargeras,760,priest,discipline,12,8,4
Cheuksin,korgath,759,priest,discipline,12,8,4
Whitepi,tichondrius,751,priest,discipline,21,9,12
Peacebewithu,echo-isles,749,priest,discipline,12,8,4
Iseeyoulookn,stormrage,743,priest,discipline,23,10,13
Valith,bleeding-hollow,735,priest,discipline,16,9,7
Pokebox,frostmourne,735,priest,discipline,16,8,8
Foxspritques,area-52,734,priest,discipline,28,8,20
Itssehctap,chogall,732,priest,discipline,14,9,5
Aloragon,tichondrius,732,priest,discipline,17,8,9
Mydranol,tichondrius,732,priest,discipline,23,8,15
Muhfinx,tichondrius,719,priest,discipline,11,8,3
Invoice,bloodscalp,719,priest,discipline,17,8,9
Holypuffs,burning-legion,719,priest,discipline,17,8,9
Pðpë,area-52,718,priest,discipline,11,8,3
Clarity,arthas,718,priest,discipline,15,9,6
Ivf,darrowmere,714,priest,discipline,29,10,19
Inmøthep,ragnaros,713,priest,discipline,22,9,13
Trashdiscx,stormrage,707,priest,discipline,25,11,14
Bigdaddios,dalaran,703,priest,discipline,17,8,9
Drethor,saurfang,702,priest,discipline,16,8,8
Azrïel,mannoroth,700,priest,discipline,17,8,9
Styléßéndérx,illidan,687,priest,discipline,11,8,3
Gdessairmed,exodar,686,priest,discipline,19,8,11
Healyoudead,draenor,685,priest,discipline,29,8,21
Läsombra,area-52,684,priest,discipline,17,9,8
Termiina,hyjal,684,priest,discipline,25,8,17
Dirtydebbie,lightnings-blade,672,priest,discipline,12,7,5
Walpurgis,skywall,672,priest,discipline,12,7,5
Kymomeh,sargeras,672,priest,discipline,12,7,5
Anmu,illidan,672,priest,discipline,12,7,5
Teiam,skullcrusher,672,priest,discipline,12,7,5
Hypes,korgath,672,priest,discipline,12,7,5
Kencys,tichondrius,672,priest,discipline,12,7,5
Ffej,bleeding-hollow,672,priest,discipline,12,7,5
Greyx,moon-guard,672,priest,discipline,12,7,5
Aeyde,proudmoore,672,priest,discipline,12,7,5
Vels,blackrock,672,priest,discipline,12,7,5
Thewaker,tichondrius,672,priest,discipline,12,7,5
Sadsadge,sargeras,672,priest,discipline,12,7,5
Sentenel,duskwood,672,priest,discipline,12,7,5
Raivn,illidan,672,priest,discipline,12,7,5
Niik,tichondrius,672,priest,discipline,12,7,5
Mattgarska,tichondrius,672,priest,discipline,12,7,5
Skcits,sargeras,672,priest,discipline,12,7,5
Bnn,arathor,672,priest,discipline,12,7,5
Tekneeq,barthilas,672,priest,discipline,12,7,5
Sibble,boulderfist,672,priest,discipline,12,7,5
Iol,spinebreaker,672,priest,discipline,12,7,5
Carboload,thrall,672,priest,discipline,12,7,5
Fäÿë,tichondrius,672,priest,discipline,12,7,5
Littlehcl,tichondrius,672,priest,discipline,12,7,5
Clevelandboy,blackrock,672,priest,discipline,12,7,5
Washdp,frostmourne,672,priest,discipline,12,7,5
Omsi,emerald-dream,672,priest,discipline,12,7,5
Dráugr,ragnaros,672,priest,discipline,12,7,5
Littleshower,illidan,672,priest,discipline,12,7,5
Nosgoróth,quelthalas,672,priest,discipline,12,7,5
Kazgry,illidan,672,priest,discipline,12,7,5
Marethelia,stonemaul,672,priest,discipline,12,7,5
Afflickzz,kelthuzad,672,priest,discipline,12,7,5
Wbu,frostmourne,672,priest,discipline,12,7,5
Taboogie,tichondrius,672,priest,discipline,12,7,5
Vaticly,hyjal,672,priest,discipline,12,7,5
Siddhar,illidan,672,priest,discipline,13,7,6
Tîg,nemesis,672,priest,discipline,15,7,8
Dawgshiz,tichondrius,672,priest,discipline,16,7,9
Xayda,area-52,672,priest,discipline,18,7,11
Iwillrezguys,tichondrius,672,priest,discipline,18,7,11
Mastahspell,illidan,672,priest,discipline,18,7,11
Mudbuttman,kelthuzad,672,priest,discipline,18,7,11
Meepsw,stormrage,672,priest,discipline,18,7,11
Legó,illidan,672,priest,discipline,18,7,11
Joeybats,frostwolf,672,priest,discipline,18,7,11
Louisé,hydraxis,672,priest,discipline,18,7,11
Jugeum,proudmoore,672,priest,discipline,18,7,11
Jagsp,area-52,672,priest,discipline,18,7,11
Dawnsy,arygos,672,priest,discipline,18,7,11
Aryeinna,illidan,672,priest,discipline,18,7,11
Rigotakx,illidan,672,priest,discipline,18,7,11
Whateverbrah,tichondrius,672,priest,discipline,21,8,13
Stríkes,emerald-dream,672,priest,discipline,24,7,17
Horzp,bleeding-hollow,672,priest,discipline,24,7,17
Lamont,archimonde,672,priest,discipline,24,7,17
Clerkbum,emerald-dream,671,priest,discipline,12,7,5
Debigheal,stormrage,671,priest,discipline,12,7,5
Popeofdope,queldorei,671,priest,discipline,12,7,5
Lucsor,malganis,671,priest,discipline,12,7,5
Bombinburbon,durotan,671,priest,discipline,12,7,5
Beocca,nerzhul,671,priest,discipline,12,7,5
Jeremey,darkspear,671,priest,discipline,12,7,5
Worthy,runetotem,671,priest,discipline,12,7,5
Trinidy,illidan,671,priest,discipline,12,7,5
Lightschosen,malganis,671,priest,discipline,12,7,5
Honypot,ysondre,671,priest,discipline,12,7,5
Arodar,wyrmrest-accord,671,priest,discipline,12,7,5
Xiöm,quelthalas,671,priest,discipline,12,7,5
Bakerstr,tichondrius,671,priest,discipline,12,7,5
Travakel,proudmoore,671,priest,discipline,12,7,5
Methodist,sargeras,671,priest,discipline,12,7,5
Demonwizard,sargeras,671,priest,discipline,12,7,5
Maenard,emerald-dream,671,priest,discipline,12,7,5
Mahelet,drakkari,671,priest,discipline,12,7,5
Fatherjerry,kiljaeden,671,priest,discipline,12,7,5
Unholyio,barthilas,671,priest,discipline,12,7,5
Linlight,stormrage,671,priest,discipline,12,7,5
Nenemsis,drakkari,671,priest,discipline,12,7,5
Zarfs,burning-blade,671,priest,discipline,12,7,5
ßoogey,tichondrius,671,priest,discipline,18,7,11
Randomheal,dunemaul,671,priest,discipline,18,7,11
Sreykalip,frostmourne,671,priest,discipline,18,7,11
Canharm,tichondrius,671,priest,discipline,18,7,11
Adofthealer,illidan,671,priest,discipline,18,7,11
Vania,tortheldrin,671,priest,discipline,18,7,11
Shastyr,tichondrius,671,priest,discipline,24,7,17
Jeresh,sargeras,671,priest,discipline,36,7,29
Lavvari,durotan,670,priest,discipline,12,7,5
Antìdote,tichondrius,670,priest,discipline,12,7,5
Panelopie,maiev,670,priest,discipline,12,7,5
Xð,jubeithos,670,priest,discipline,12,7,5
Jivita,lightbringer,670,priest,discipline,12,7,5
Donus,frostmane,670,priest,discipline,12,7,5
Textmepls,barthilas,670,priest,discipline,12,7,5
Thrudarkness,thrall,670,priest,discipline,12,7,5
Kaeshia,proudmoore,670,priest,discipline,12,7,5
Angelicduck,illidan,670,priest,discipline,12,7,5
Spiceenjoyer,emerald-dream,670,priest,discipline,15,8,7
Feelmyheels,frostmourne,669,priest,discipline,12,7,5
Exsufficate,frostmourne,669,priest,discipline,13,7,6
Gabryanna,emerald-dream,669,priest,discipline,18,7,11
Evelien,kiljaeden,669,priest,discipline,24,7,17
Jikoguu,stormscale,669,priest,discipline,24,7,17
Nielic,arygos,668,priest,discipline,12,7,5
Albertth,ragnaros,668,priest,discipline,18,7,11
Butterblessr,thunderlord,668,priest,discipline,19,7,12
Mortecraft,sargeras,666,priest,discipline,12,7,5
Tenet,stormscale,666,priest,discipline,18,7,11
Crossblesser,alleria,663,priest,discipline,12,7,5
Alterboy,garrosh,658,priest,discipline,12,7,5
Neutrino,quelthalas,655,priest,discipline,17,7,10
Rcx,sargeras,655,priest,discipline,17,7,10
Ibangedaqt,malganis,647,priest,discipline,26,11,15
Elomszz,tichondrius,640,priest,discipline,16,7,9
Unholyshield,frostmourne,639,priest,discipline,11,7,4
Spicer,eredar,639,priest,discipline,11,7,4
Creamedcorn,tichondrius,639,priest,discipline,11,7,4
Gankchange,tichondrius,639,priest,discipline,14,8,6
Sofluffy,burning-blade,638,priest,discipline,17,7,10
Lalo,bleeding-hollow,638,priest,discipline,23,7,16
Fumes,ghostlands,638,priest,discipline,24,7,17
Jeffo,baelgun,636,priest,discipline,17,7,10
Futatsi,zuljin,634,priest,discipline,23,7,16
Kaizzen,gorgonnash,633,priest,discipline,11,7,4
Aerîs,magtheridon,633,priest,discipline,28,8,20
Briefs,stormrage,624,priest,discipline,9,8,1
Swagacious,malganis,624,priest,discipline,13,8,5
Radgars,frostmourne,623,priest,discipline,9,7,2
Holysmegma,dreadmaul,623,priest,discipline,11,7,4
Archcerion,stormreaver,621,priest,discipline,15,8,7
Methodist,proudmoore,618,priest,discipline,22,8,14
Forober,queldorei,616,priest,discipline,37,13,24
Meatguzzler,tichondrius,607,priest,discipline,11,7,4
Åffliction,sargeras,607,priest,discipline,11,7,4
Coolzo,dethecus,607,priest,discipline,14,8,6
Astroluma,illidan,607,priest,discipline,17,7,10
Played,dark-iron,607,priest,discipline,26,7,19
Codiroli,tichondrius,606,priest,discipline,14,7,7
Pyta,frostmourne,606,priest,discipline,14,7,7
Forprophet,proudmoore,606,priest,discipline,22,7,15
Dreamskull,aegwynn,605,priest,discipline,14,7,7
Athzziry,ragnaros,599,priest,discipline,21,7,14
Gnepe,sargeras,591,priest,discipline,14,7,7
Syndrox,kelthuzad,576,priest,discipline,6,6,0
Porffy,malygos,576,priest,discipline,6,6,0
Càptain,moon-guard,576,priest,discipline,6,6,0
Delai,dalaran,576,priest,discipline,6,6,0
Wizeau,dalaran,576,priest,discipline,6,6,0
Thirddps,illidan,576,priest,discipline,6,6,0
Septmoon,tichondrius,576,priest,discipline,6,6,0
Fashion,bleeding-hollow,576,priest,discipline,6,6,0
Pearl,chogall,576,priest,discipline,6,6,0
Zygotes,tichondrius,576,priest,discipline,6,6,0
Eldoras,zuljin,576,priest,discipline,6,6,0
Euphotic,tichondrius,576,priest,discipline,6,6,0
Healia,tichondrius,576,priest,discipline,6,6,0
Jpgpng,tichondrius,576,priest,discipline,12,6,6
Napr,proudmoore,576,priest,discipline,12,6,6
Nokzo,dalaran,576,priest,discipline,12,6,6
Kawasakix,tichondrius,576,priest,discipline,12,6,6
Neep,turalyon,576,priest,discipline,12,6,6
Scripture,stormreaver,576,priest,discipline,12,6,6
Barrenbuffet,zuljin,576,priest,discipline,12,6,6
Wabie,illidan,576,priest,discipline,12,6,6
Bigsàd,proudmoore,576,priest,discipline,12,6,6
Bhoyka,ragnaros,576,priest,discipline,12,6,6
Shwayp,zuljin,576,priest,discipline,12,6,6
Bladam,bleeding-hollow,576,priest,discipline,12,6,6
Pissfeet,tichondrius,576,priest,discipline,12,6,6
Bloodfaith,stormrage,576,priest,discipline,12,6,6
Darkinfusion,illidan,576,priest,discipline,12,6,6
Kencyx,tichondrius,576,priest,discipline,12,6,6
Glitterballs,khazgoroth,576,priest,discipline,12,6,6
Purpskurp,stormrage,576,priest,discipline,12,6,6
Mthwz,tichondrius,576,priest,discipline,12,6,6
Drerrdaytv,kelthuzad,576,priest,discipline,12,6,6
Decades,moon-guard,576,priest,discipline,12,6,6
Randompreest,stormrage,576,priest,discipline,12,6,6
Treri,bleeding-hollow,576,priest,discipline,12,6,6
Cency,tichondrius,576,priest,discipline,12,6,6
Cäpriestsunn,thrall,576,priest,discipline,12,6,6
Azurestorm,tichondrius,576,priest,discipline,12,6,6
Wodpriestx,stormrage,576,priest,discipline,12,6,6
Saintjpii,tichondrius,576,priest,discipline,12,6,6
Prostrat,deathwing,576,priest,discipline,12,6,6
Chicoryx,illidan,576,priest,discipline,12,6,6
Ilovemia,zuljin,576,priest,discipline,12,6,6
Lemmiewinkzx,sargeras,576,priest,discipline,12,6,6
Nisagerx,tichondrius,576,priest,discipline,12,6,6
Ariste,tichondrius,576,priest,discipline,12,6,6
Imfresh,illidan,576,priest,discipline,12,6,6
Moselol,tichondrius,576,priest,discipline,12,6,6
Xiaochenchen,tichondrius,576,priest,discipline,12,6,6
Flarkyllama,area-52,576,priest,discipline,12,6,6
Inukimi,sargeras,576,priest,discipline,12,6,6
Epik,moknathal,576,priest,discipline,12,6,6
Punchyxz,illidan,576,priest,discipline,12,6,6
Ultradumb,ragnaros,576,priest,discipline,12,6,6
Lisau,tichondrius,576,priest,discipline,12,6,6
Teddyy,tichondrius,576,priest,discipline,12,6,6
Syncope,garona,576,priest,discipline,12,6,6
Marshpillow,barthilas,576,priest,discipline,12,6,6
Metius,smolderthorn,576,priest,discipline,12,6,6
Janna,jubeithos,576,priest,discipline,12,6,6
Nelfpriest,khadgar,576,priest,discipline,12,6,6
Redkiwi,illidan,576,priest,discipline,12,6,6
Jùdas,ravencrest,576,priest,discipline,12,6,6
Wv,kelthuzad,576,priest,discipline,12,6,6
Padrë,tichondrius,576,priest,discipline,12,6,6
Wøah,stormrage,576,priest,discipline,12,6,6
Seléne,tichondrius,576,priest,discipline,12,6,6
Jinais,zuluhed,576,priest,discipline,12,6,6
Stankychimpo,malganis,576,priest,discipline,12,6,6
Spacecowboyz,stormrage,576,priest,discipline,12,6,6
Thelastfight,frostmourne,576,priest,discipline,12,6,6
Fatherjohnny,azuremyst,576,priest,discipline,12,6,6
Meshuggah,archimonde,576,priest,discipline,12,6,6
Tuxen,wyrmrest-accord,576,priest,discipline,12,6,6
Zerola,sargeras,576,priest,discipline,12,6,6
Celypriest,moon-guard,576,priest,discipline,12,6,6
Shoepooper,kelthuzad,576,priest,discipline,12,6,6
Slobmygnob,illidan,576,priest,discipline,12,6,6
Aloxc,drakkari,576,priest,discipline,12,6,6
Physics,frostmane,576,priest,discipline,12,6,6
Nikkazul,drakkari,576,priest,discipline,12,6,6
Trezz,hakkar,576,priest,discipline,12,6,6
Saelomism,frostmourne,576,priest,discipline,12,6,6
Hårper,area-52,576,priest,discipline,18,6,12
Slthrysnake,area-52,576,priest,discipline,18,6,12
Keepsleepin,stormrage,576,priest,discipline,18,6,12
Ancilx,area-52,576,priest,discipline,18,6,12
Oymay,illidan,576,priest,discipline,18,6,12
Dgpriest,tichondrius,576,priest,discipline,18,6,12
Fartnutts,dalaran,576,priest,discipline,18,6,12
Ärchangél,tichondrius,576,priest,discipline,18,6,12
Jiedx,tichondrius,576,priest,discipline,18,6,12
Repriest,malganis,576,priest,discipline,18,6,12
Jazmiine,ragnaros,576,priest,discipline,18,6,12
Synaptikk,proudmoore,576,priest,discipline,18,6,12
Dots,tichondrius,576,priest,discipline,18,6,12
Walterwhite,bleeding-hollow,576,priest,discipline,18,6,12
Luhhx,sargeras,576,priest,discipline,18,6,12
Asmødeus,bleeding-hollow,576,priest,discipline,18,6,12
Sandelios,aggramar,576,priest,discipline,18,6,12
Çørrúptíøñz,tichondrius,576,priest,discipline,18,6,12
Renfury,bleeding-hollow,576,priest,discipline,18,6,12
Priestmass,dalaran,576,priest,discipline,18,6,12
Peaky,moonrunner,576,priest,discipline,18,6,12
Buqisama,barthilas,576,priest,discipline,20,6,14
Mylà,ragnaros,576,priest,discipline,20,6,14
Cûrry,bleeding-hollow,576,priest,discipline,24,6,18
Felixfire,moon-guard,576,priest,discipline,24,6,18
Drupith,dalaran,576,priest,discipline,24,6,18
Nachòs,wildhammer,575,priest,discipline,6,6,0
Astrìx,tichondrius,575,priest,discipline,6,6,0
Kephrek,eonar,575,priest,discipline,6,6,0
Wickedmoon,emerald-dream,575,priest,discipline,12,6,6
Lúçíd,sargeras,575,priest,discipline,12,6,6
Yvága,ragnaros,575,priest,discipline,12,6,6
Jeraphìm,tichondrius,575,priest,discipline,12,6,6
Exanthrope,stormrage,575,priest,discipline,12,6,6
Kajagoogoö,emerald-dream,575,priest,discipline,12,6,6
Lobstersock,malganis,575,priest,discipline,12,6,6
Preachermang,laughing-skull,575,priest,discipline,12,6,6
Imhotap,illidan,575,priest,discipline,12,6,6
Silveri,thrall,575,priest,discipline,12,6,6
Healdog,thrall,575,priest,discipline,12,6,6
Threlad,elune,575,priest,discipline,12,6,6
Göats,emerald-dream,575,priest,discipline,12,6,6
Brahmin,nazjatar,575,priest,discipline,12,6,6
Discotecno,tichondrius,575,priest,discipline,12,6,6
Moarhaste,kelthuzad,575,priest,discipline,12,6,6
Aanora,illidan,575,priest,discipline,12,6,6
Aybaby,kiljaeden,575,priest,discipline,12,6,6
Uncensøred,tichondrius,575,priest,discipline,12,6,6
Pacopriest,tichondrius,575,priest,discipline,12,6,6
Demimo,frostwolf,575,priest,discipline,12,6,6
Peeinbottles,stormrage,575,priest,discipline,16,7,9
Biltpeter,tichondrius,575,priest,discipline,15,6,9
Xyberius,barthilas,575,priest,discipline,18,6,12
Lìlí,tichondrius,575,priest,discipline,18,6,12
Naxiest,stormrage,575,priest,discipline,18,6,12
Flexxwzkaboo,thrall,575,priest,discipline,18,6,12
Mortaroth,doomhammer,575,priest,discipline,18,6,12
Feløre,quelthalas,574,priest,discipline,10,7,3
Priestøuchme,tichondrius,574,priest,discipline,12,6,6
Cast,bronzebeard,574,priest,discipline,18,6,12
Papadarkness,tichondrius,574,priest,discipline,24,6,18
Prebruisz,baelgun,573,priest,discipline,12,6,6
Reilean,sargeras,573,priest,discipline,12,6,6
Ságrádá,area-52,573,priest,discipline,12,6,6
Pharaoh,deathwing,573,priest,discipline,12,6,6
Lookfig,frostmourne,573,priest,discipline,18,6,12
Bigchip,sargeras,573,priest,discipline,24,6,18
Marpi,quelthalas,572,priest,discipline,24,6,18
Voidlordd,kelthuzad,571,priest,discipline,12,6,6
Clergy,arthas,571,priest,discipline,12,6,6
Antiraus,aerie-peak,571,priest,discipline,12,6,6
Thøt,malganis,570,priest,discipline,12,6,6
Jaster,proudmoore,570,priest,discipline,14,6,8
Cravex,stormrage,569,priest,discipline,12,6,6
Antipreist,bonechewer,567,priest,discipline,12,6,6
Crossbones,cenarion-circle,566,priest,discipline,12,6,6
Emmarîl,sargeras,559,priest,discipline,17,6,11
Timeglass,kelthuzad,558,priest,discipline,11,6,5
Justfaith,barthilas,558,priest,discipline,17,6,11
Matafuka,ragnaros,543,priest,discipline,10,7,3
Baali,moon-guard,543,priest,discipline,11,6,5
Earface,blades-edge,543,priest,discipline,14,7,7
Awaken,nerzhul,543,priest,discipline,17,6,11
Harborcoat,whisperwind,542,priest,discipline,17,6,11
Itxo,quelthalas,540,priest,discipline,10,7,3
Thekingheals,draenor,537,priest,discipline,22,10,12
Moonlightx,destromath,528,priest,discipline,9,7,2
Nuvea,tichondrius,528,priest,discipline,15,6,9
Dotdotdead,earthen-ring,522,priest,discipline,16,7,9
Ethari,crushridge,520,priest,discipline,21,7,14
Chapitä,drakkari,512,priest,discipline,10,6,4
Oneinurdome,moknathal,511,priest,discipline,14,6,8
Lilmad,stormrage,511,priest,discipline,20,6,14
Moneymurph,blackrock,511,priest,discipline,26,6,20
Pavarotti,laughing-skull,510,priest,discipline,20,6,14
Yait,tichondrius,495,priest,discipline,14,7,7
Aetonyx,anvilmar,480,priest,discipline,6,5,1
Sixnoh,moonrunner,480,priest,discipline,6,5,1
Eneldz,quelthalas,480,priest,discipline,6,5,1
Laggytwodope,tichondrius,480,priest,discipline,6,5,1
Elimix,frostmourne,480,priest,discipline,6,5,1
Azuremissile,tichondrius,480,priest,discipline,6,5,1
Kebab,tichondrius,480,priest,discipline,6,5,1
Subvert,zuljin,480,priest,discipline,6,5,1
Phantømz,zuljin,480,priest,discipline,6,5,1
Hateutoo,sargeras,480,priest,discipline,6,5,1
Akkassha,zuljin,480,priest,discipline,6,5,1
Stegp,kelthuzad,480,priest,discipline,6,5,1
Lildubs,bloodhoof,480,priest,discipline,6,5,1
Happylonely,farstriders,480,priest,discipline,6,5,1
Grizzblessed,sargeras,480,priest,discipline,6,5,1
Çøçø,tichondrius,480,priest,discipline,6,5,1
Danawhitex,thrall,480,priest,discipline,6,5,1
Rebzyyx,tichondrius,480,priest,discipline,6,5,1
Uncletouchy,illidan,480,priest,discipline,6,5,1
Jerserra,emerald-dream,480,priest,discipline,6,5,1
Despairx,tichondrius,480,priest,discipline,6,5,1
Nawtyforever,tichondrius,480,priest,discipline,6,5,1
Kiloe,tichondrius,480,priest,discipline,6,5,1
Dzikuss,aegwynn,480,priest,discipline,6,5,1
Compromise,the-scryers,480,priest,discipline,6,5,1
Privx,bleeding-hollow,480,priest,discipline,6,5,1
Bulleitrye,emerald-dream,480,priest,discipline,6,5,1
Azari,illidan,480,priest,discipline,6,5,1
Xîîaotong,tichondrius,480,priest,discipline,6,5,1
Veivei,tichondrius,480,priest,discipline,6,5,1
Dominantz,khazgoroth,480,priest,discipline,12,5,7
Jonesypriest,tichondrius,480,priest,discipline,12,5,7
Goonie,spirestone,480,priest,discipline,12,5,7
Góndhi,tichondrius,480,priest,discipline,12,5,7
Altaeres,tichondrius,480,priest,discipline,12,5,7
Lchcl,tichondrius,480,priest,discipline,12,5,7
Sacredmoon,dreadmaul,480,priest,discipline,12,5,7
Momorabbit,tichondrius,480,priest,discipline,12,5,7
Lolkwtf,sargeras,480,priest,discipline,12,5,7
Jarzo,thunderhorn,480,priest,discipline,12,5,7
Yaheals,gorefiend,480,priest,discipline,12,5,7
Shôta,kelthuzad,480,priest,discipline,12,5,7
Deeply,tichondrius,480,priest,discipline,12,5,7
Rúbybest,tichondrius,480,priest,discipline,12,5,7
Makeshiftz,zuljin,480,priest,discipline,12,5,7
Sypii,stormrage,480,priest,discipline,12,5,7
Rofrofmu,aegwynn,480,priest,discipline,12,5,7
Fishondabeat,proudmoore,480,priest,discipline,12,5,7
Raslin,bonechewer,480,priest,discipline,12,5,7
Lindsanp,illidan,480,priest,discipline,12,5,7
Taikosqt,azralon,480,priest,discipline,12,5,7
Sungji,tichondrius,480,priest,discipline,12,5,7
Euphorz,tichondrius,480,priest,discipline,12,5,7
Auras,boulderfist,480,priest,discipline,12,5,7
Criminalsp,frostmourne,480,priest,discipline,12,5,7
Bubblebeasst,area-52,480,priest,discipline,12,5,7
Goosemongler,bleeding-hollow,480,priest,discipline,12,5,7
Pumice,destromath,480,priest,discipline,12,5,7
Ptam,tichondrius,480,priest,discipline,12,5,7
Alleeyy,tichondrius,480,priest,discipline,12,5,7
Ón,tichondrius,480,priest,discipline,12,5,7
Anellas,sargeras,480,priest,discipline,12,5,7
Ajazz,zuljin,480,priest,discipline,12,5,7
Amperx,wyrmrest-accord,480,priest,discipline,12,5,7
Whosjoe,tichondrius,480,priest,discipline,12,5,7
Ophiuchus,jubeithos,480,priest,discipline,12,5,7
Jackymv,kelthuzad,480,priest,discipline,12,5,7
Xpenance,ragnaros,480,priest,discipline,12,5,7
Dweem,stormrage,480,priest,discipline,12,5,7
Äpriest,sargeras,480,priest,discipline,12,5,7
Jangma,tichondrius,480,priest,discipline,12,5,7
Qoon,tichondrius,480,priest,discipline,12,5,7
Giraffebaitt,zuljin,480,priest,discipline,12,5,7
Alphe,sargeras,480,priest,discipline,12,5,7
Drmattydubz,tichondrius,480,priest,discipline,12,5,7
Shadowcrash,zuljin,480,priest,discipline,12,5,7
Htx,dunemaul,480,priest,discipline,12,5,7
Humblemumble,barthilas,480,priest,discipline,12,5,7
Rompenepes,drakkari,480,priest,discipline,12,5,7
Dènalí,area-52,480,priest,discipline,12,5,7
Skwishee,illidan,480,priest,discipline,12,5,7
Mywifesaidno,sargeras,480,priest,discipline,12,5,7
Vyrah,area-52,480,priest,discipline,12,5,7
Hotlink,daggerspine,480,priest,discipline,12,5,7
Tòxìç,stormrage,480,priest,discipline,12,5,7
Robbailey,dalvengyr,480,priest,discipline,12,5,7
Feyns,illidan,480,priest,discipline,12,5,7
Blavkata,area-52,480,priest,discipline,12,5,7
Sipmemaster,tichondrius,480,priest,discipline,12,5,7
Matics,tichondrius,480,priest,discipline,12,5,7
Vérse,stormrage,480,priest,discipline,12,5,7
Tamtwo,the-forgotten-coast,480,priest,discipline,12,5,7
Canswersp,sargeras,480,priest,discipline,12,5,7
Krazyapollo,tichondrius,480,priest,discipline,12,5,7
Eyolo,tichondrius,480,priest,discipline,12,5,7
Healryyduff,barthilas,480,priest,discipline,12,5,7
Ricksanchez,moonrunner,480,priest,discipline,12,5,7
Cheekypriest,stormrage,480,priest,discipline,12,5,7
Piffbadar,tichondrius,480,priest,discipline,12,5,7
Djc,tichondrius,480,priest,discipline,12,5,7
Velandrys,earthen-ring,480,priest,discipline,12,5,7
Câstiêl,malganis,480,priest,discipline,12,5,7
Bluffzp,boulderfist,480,priest,discipline,12,5,7
Bibops,area-52,480,priest,discipline,12,5,7
Soulbane,frostmourne,480,priest,discipline,12,5,7
Wtfamdoing,quelthalas,480,priest,discipline,12,5,7
Takosoufflé,emerald-dream,480,priest,discipline,12,5,7
Lilgeek,kelthuzad,480,priest,discipline,12,5,7
Sabela,moon-guard,480,priest,discipline,12,5,7
Arcosis,turalyon,480,priest,discipline,12,5,7
Nursébeardy,whisperwind,480,priest,discipline,12,5,7
Justgoon,tichondrius,480,priest,discipline,12,5,7
Batiatus,moon-guard,480,priest,discipline,12,5,7
Providennce,tichondrius,480,priest,discipline,12,5,7
Alpacasama,illidan,480,priest,discipline,12,5,7
Doublesix,malganis,480,priest,discipline,12,5,7
Stubby,shadowsong,480,priest,discipline,12,5,7
Hottymcdotty,black-dragonflight,480,priest,discipline,12,5,7
Somethingkoo,sargeras,480,priest,discipline,17,7,10
Fleshliight,area-52,480,priest,discipline,15,6,9
Gatty,kiljaeden,480,priest,discipline,13,5,8
Naniwa,ragnaros,480,priest,discipline,16,6,10
Melforn,moon-guard,480,priest,discipline,18,5,13
Kark,tichondrius,480,priest,discipline,18,5,13
Bigskill,proudmoore,480,priest,discipline,18,5,13
Aguadejamica,tichondrius,480,priest,discipline,18,5,13
Klerick,kiljaeden,480,priest,discipline,18,5,13
Bebe,fizzcrank,480,priest,discipline,18,5,13
Zachlol,area-52,480,priest,discipline,18,5,13
Phenic,aggramar,480,priest,discipline,18,5,13
Fearufaraway,tichondrius,480,priest,discipline,18,5,13
Vetisrx,thrall,480,priest,discipline,18,5,13
Mygameslaggy,area-52,480,priest,discipline,18,5,13
Fidalus,stormrage,480,priest,discipline,18,5,13
Pasher,sargeras,480,priest,discipline,18,5,13
Healiesuwu,kiljaeden,480,priest,discipline,18,5,13
Tonymòntana,area-52,479,priest,discipline,6,5,1
Ghettobarbie,kelthuzad,479,priest,discipline,6,5,1
Zeno,haomarush,479,priest,discipline,6,5,1
Remixcandoit,malganis,479,priest,discipline,6,5,1
Krisdavra,thrall,479,priest,discipline,6,5,1
Berzap,frostmourne,479,priest,discipline,6,5,1
Sevioletté,wyrmrest-accord,479,priest,discipline,6,5,1
Taiji,whisperwind,479,priest,discipline,6,5,1
Kasamm,nazjatar,479,priest,discipline,6,5,1
Ibuyfeetpics,tichondrius,479,priest,discipline,12,5,7
Chopstix,senjin,479,priest,discipline,12,5,7
Techninë,chogall,479,priest,discipline,12,5,7
Frazzysparks,stormrage,479,priest,discipline,12,5,7
Drayen,korgath,479,priest,discipline,12,5,7
Blackbubba,tichondrius,479,priest,discipline,12,5,7
Zóe,eredar,479,priest,discipline,12,5,7
Krynoobz,senjin,479,priest,discipline,12,5,7
Gaaq,stormrage,479,priest,discipline,12,5,7
Aalicya,tanaris,479,priest,discipline,12,5,7
Healzutwo,tichondrius,479,priest,discipline,12,5,7
Chofis,nathrezim,479,priest,discipline,12,5,7
Xinnie,illidan,479,priest,discipline,18,5,13
Healloween,stormrage,478,priest,discipline,6,5,1
Kaladaz,destromath,478,priest,discipline,12,5,7
Rugaru,emerald-dream,478,priest,discipline,15,6,9
Jeanmarc,aerie-peak,478,priest,discipline,18,5,13
Lotzofhealz,wyrmrest-accord,476,priest,discipline,12,5,7
Delithara,tichondrius,474,priest,discipline,12,5,7
Shadowkr,tichondrius,447,priest,discipline,11,5,6
Hungzilla,malganis,447,priest,discipline,11,5,6
Faíthless,sargeras,447,priest,discipline,11,5,6
Agrotothemax,tichondrius,432,priest,discipline,15,5,10
Fxxkdamn,tichondrius,432,priest,discipline,21,6,15
Frenchfries,sargeras,431,priest,discipline,11,5,6
Texmix,stormrage,431,priest,discipline,21,6,15
Slumpbusterx,bonechewer,415,priest,discipline,14,5,9
Shinomiko,frostmourne,415,priest,discipline,14,5,9
Melsebek,stormrage,415,priest,discipline,20,5,15
Anakou,emerald-dream,414,priest,discipline,8,5,3
Elbowbeans,tichondrius,414,priest,discipline,16,5,11
Whodatpriest,blackhand,399,priest,discipline,5,5,0
Popeachini,sargeras,384,priest,discipline,6,4,2
Rakpriest,nerzhul,384,priest,discipline,6,4,2
Djchickpea,chogall,384,priest,discipline,6,4,2
Celani,gilneas,384,priest,discipline,6,4,2
Zaperama,tichondrius,384,priest,discipline,6,4,2
Prïestitute,zuljin,384,priest,discipline,6,4,2
Altari,whisperwind,384,priest,discipline,6,4,2
Lavazzå,tichondrius,384,priest,discipline,6,4,2
Miniambá,tichondrius,384,priest,discipline,6,4,2
Spyderco,mugthol,384,priest,discipline,6,4,2
Leebow,tichondrius,384,priest,discipline,6,4,2
June,dragonmaw,384,priest,discipline,6,4,2
Dreaminz,tichondrius,384,priest,discipline,6,4,2
Ritalyn,korgath,384,priest,discipline,6,4,2
Yunganal,sargeras,384,priest,discipline,6,4,2
Psïcopata,gallywix,384,priest,discipline,6,4,2
Kakao,stormreaver,384,priest,discipline,6,4,2
Kàobeini,tichondrius,384,priest,discipline,6,4,2
Béépboop,tichondrius,384,priest,discipline,6,4,2
Pridesp,tichondrius,384,priest,discipline,6,4,2
Babygsuss,tichondrius,384,priest,discipline,6,4,2
Ishyeboi,stormrage,384,priest,discipline,6,4,2
Notskynet,tichondrius,384,priest,discipline,6,4,2
Forestpriest,area-52,384,priest,discipline,6,4,2
Fenty,nemesis,384,priest,discipline,6,4,2
Äni,sargeras,384,priest,discipline,6,4,2
Goyqqp,illidan,384,priest,discipline,6,4,2
Ðescub0962D2,stormrage,384,priest,discipline,6,4,2
Prniss,tichondrius,384,priest,discipline,6,4,2
Metéora,nemesis,384,priest,discipline,6,4,2
Soupbeanx,zuljin,384,priest,discipline,6,4,2
Woolly,tichondrius,384,priest,discipline,6,4,2
Fadedyourgo,tichondrius,384,priest,discipline,6,4,2
Aethestan,zuljin,384,priest,discipline,6,4,2
Acenthe,sargeras,384,priest,discipline,6,4,2
Demongodtren,blackrock,384,priest,discipline,6,4,2
Blzy,area-52,384,priest,discipline,6,4,2
Ranthrough,tichondrius,384,priest,discipline,6,4,2
Ruems,area-52,384,priest,discipline,6,4,2
Remuni,tichondrius,384,priest,discipline,6,4,2
Sensitive,eitrigg,384,priest,discipline,6,4,2
Fûsoya,zuljin,384,priest,discipline,6,4,2
Ðyluxx,blackwater-raiders,384,priest,discipline,6,4,2
Optimism,frostmane,384,priest,discipline,6,4,2
Zil,spinebreaker,384,priest,discipline,6,4,2
Mitras,moon-guard,384,priest,discipline,6,4,2
Tomp,tichondrius,384,priest,discipline,6,4,2
Nordheal,stormrage,384,priest,discipline,6,4,2
Jaxthree,illidan,384,priest,discipline,6,4,2
Merçy,zuljin,384,priest,discipline,6,4,2
Fialiadia,illidan,384,priest,discipline,6,4,2
Gdlsheretic,sargeras,384,priest,discipline,6,4,2
Gardiancloun,sargeras,384,priest,discipline,6,4,2
Johncrank,bleeding-hollow,384,priest,discipline,6,4,2
Payperbuff,tichondrius,384,priest,discipline,6,4,2
Deathrina,moon-guard,384,priest,discipline,6,4,2
Potatopriest,frostmourne,384,priest,discipline,6,4,2
Johnnweedd,ragnaros,384,priest,discipline,6,4,2
Tristanp,frostmourne,384,priest,discipline,6,4,2
Onipapae,frostmourne,384,priest,discipline,6,4,2
Lavigne,tichondrius,384,priest,discipline,6,4,2
Granger,senjin,384,priest,discipline,6,4,2
Bubbleboi,malganis,384,priest,discipline,6,4,2
Chü,dalaran,384,priest,discipline,6,4,2
Lebanese,frostmourne,384,priest,discipline,6,4,2
Mightydrëk,malganis,384,priest,discipline,6,4,2
Dadcantdeath,frostmourne,384,priest,discipline,6,4,2
Lithelin,frostmourne,384,priest,discipline,6,4,2
Gregorovich,ragnaros,384,priest,discipline,6,4,2
Madskills,shadow-council,384,priest,discipline,6,4,2
Lexaprö,moon-guard,384,priest,discipline,6,4,2
Priesticules,illidan,384,priest,discipline,6,4,2
Batface,frostmourne,384,priest,discipline,6,4,2
Rakket,moon-guard,384,priest,discipline,6,4,2
Monkeyp,barthilas,384,priest,discipline,6,4,2
Yea,shadow-council,384,priest,discipline,6,4,2
Jixxersp,malganis,384,priest,discipline,6,4,2
Whalexo,kelthuzad,384,priest,discipline,6,4,2
Sevros,moon-guard,384,priest,discipline,6,4,2
Dimedaddy,tichondrius,384,priest,discipline,6,4,2
Healaryduff,skullcrusher,384,priest,discipline,6,4,2
Subscribe,khazgoroth,384,priest,discipline,6,4,2
Zumbaoqepdqt,quelthalas,384,priest,discipline,6,4,2
Wilita,drakkari,384,priest,discipline,6,4,2
Benin,shattered-hand,384,priest,discipline,6,4,2
Stepbrohelp,barthilas,384,priest,discipline,6,4,2
Ticheals,tichondrius,384,priest,discipline,6,4,2
Febronia,aerie-peak,384,priest,discipline,6,4,2
Brodel,dark-iron,384,priest,discipline,9,4,5
Nvøsuperstar,zuljin,384,priest,discipline,15,5,10
Ranksix,area-52,384,priest,discipline,12,4,8
Healbilli,archimonde,384,priest,discipline,12,4,8
Echoos,proudmoore,384,priest,discipline,12,4,8
Srazul,azralon,384,priest,discipline,12,4,8
Phobe,windrunner,384,priest,discipline,12,4,8
Sìrena,tichondrius,384,priest,discipline,12,4,8
Hysteria,dalaran,384,priest,discipline,12,4,8
Vyvivienx,tichondrius,384,priest,discipline,12,4,8
Maomaoangel,tichondrius,384,priest,discipline,12,4,8
Tangykiwi,dalaran,384,priest,discipline,12,4,8
Haruspex,azralon,384,priest,discipline,12,4,8
Auttø,area-52,384,priest,discipline,12,4,8
Holyshiitzz,illidan,384,priest,discipline,12,4,8
Giannis,garrosh,384,priest,discipline,12,4,8
Ollarlamente,zuljin,384,priest,discipline,12,4,8
Pnub,aggramar,384,priest,discipline,12,4,8
Larisa,moon-guard,384,priest,discipline,12,4,8
Pumtootoot,tichondrius,384,priest,discipline,12,4,8
Plebiss,burning-blade,384,priest,discipline,12,4,8
Chaxiubao,stormrage,384,priest,discipline,12,4,8
Exisa,stormrage,384,priest,discipline,12,4,8
Barclan,destromath,384,priest,discipline,12,4,8
Conorpriest,tichondrius,384,priest,discipline,12,4,8
Disperse,sargeras,384,priest,discipline,12,4,8
Zaphfkiel,ragnaros,384,priest,discipline,12,4,8
Akewnón,stormrage,384,priest,discipline,12,4,8
Madpriest,blades-edge,384,priest,discipline,12,4,8
Junethegreat,tichondrius,384,priest,discipline,12,4,8
Ioudas,ragnaros,384,priest,discipline,12,4,8
Gooseundead,tichondrius,384,priest,discipline,12,4,8
Melithor,frostmourne,384,priest,discipline,12,4,8
Xalty,emerald-dream,384,priest,discipline,12,4,8
Someonesxy,aggramar,384,priest,discipline,12,4,8
Villageidiot,lightbringer,384,priest,discipline,12,4,8
Ganelm,vashj,384,priest,discipline,12,4,8
Skydemons,malganis,384,priest,discipline,12,4,8
Lankyschlong,frostmourne,384,priest,discipline,12,4,8
Nancynibbler,bleeding-hollow,384,priest,discipline,12,4,8
Unholyhand,moon-guard,384,priest,discipline,12,4,8
Mezervescent,thrall,384,priest,discipline,12,4,8
Wìd,khazgoroth,384,priest,discipline,12,4,8
Peavzian,kiljaeden,384,priest,discipline,12,4,8
Jonahas,sargeras,384,priest,discipline,12,4,8
Yeeseafood,tichondrius,384,priest,discipline,12,4,8
Papabrokuttv,sargeras,384,priest,discipline,12,4,8
Fotmvark,stormrage,384,priest,discipline,12,4,8
Helibix,bleeding-hollow,384,priest,discipline,12,4,8
Littlean,frostmourne,384,priest,discipline,12,4,8
Brakála,ragnaros,384,priest,discipline,12,4,8
Billiard,stormrage,384,priest,discipline,12,4,8
Danceofpales,bleeding-hollow,384,priest,discipline,12,4,8
Disçxrespeçt,cairne,384,priest,discipline,18,4,14
Rainms,sargeras,384,priest,discipline,18,4,14
Lípjju,tichondrius,384,priest,discipline,18,4,14
Kibariyb,drakkari,384,priest,discipline,18,4,14
Polythis,kelthuzad,384,priest,discipline,18,4,14
Kymohek,sargeras,384,priest,discipline,18,4,14
Shén,barthilas,383,priest,discipline,6,4,2
Mirex,tichondrius,383,priest,discipline,6,4,2
Fanaeth,arathor,383,priest,discipline,6,4,2
Discodork,bleeding-hollow,383,priest,discipline,6,4,2
Lifesavér,tichondrius,383,priest,discipline,6,4,2
Theleena,malorne,383,priest,discipline,12,4,8
Sybal,suramar,383,priest,discipline,12,4,8
Goldenlilly,moon-guard,383,priest,discipline,12,4,8
Stinkyfingr,frostmourne,383,priest,discipline,12,4,8
Uckuck,illidan,383,priest,discipline,12,4,8
Whatisholy,bleeding-hollow,383,priest,discipline,12,4,8
Nocturnimal,grizzly-hills,382,priest,discipline,12,4,8
Bunnychloe,sargeras,381,priest,discipline,12,4,8
Divinebones,gurubashi,381,priest,discipline,12,4,8
Touchedbygud,frostmourne,381,priest,discipline,12,4,8
Väin,proudmoore,381,priest,discipline,12,4,8
Malhotra,amanthul,381,priest,discipline,12,4,8
Primela,sargeras,381,priest,discipline,12,4,8
Shenanigans,illidan,367,priest,discipline,11,4,7
Burtier,zuljin,367,priest,discipline,11,4,7
Llaarrkkss,tichondrius,351,priest,discipline,11,4,7
Proftimothy,tichondrius,336,priest,discipline,9,5,4
Kuwapre,proudmoore,336,priest,discipline,9,5,4
Rosabell,ragnaros,336,priest,discipline,21,4,17
Takedisdisc,tichondrius,330,priest,discipline,17,6,11
Xiangjiao,tichondrius,330,priest,discipline,17,6,11
Smarttakka,emerald-dream,319,priest,discipline,8,4,4
Manachai,the-forgotten-coast,319,priest,discipline,14,4,10
Klizzy,tichondrius,319,priest,discipline,14,4,10
Rotnn,thrall,288,priest,discipline,6,3,3
Numinous,wyrmrest-accord,288,priest,discipline,6,3,3
Spiritbear,thrall,288,priest,discipline,6,3,3
Mks,barthilas,288,priest,discipline,6,3,3
Kelody,zuljin,288,priest,discipline,6,3,3
Vanzera,thrall,288,priest,discipline,6,3,3
Xiaz,lightbringer,288,priest,discipline,6,3,3
Fausto,kiljaeden,288,priest,discipline,6,3,3
Kiazma,zuljin,288,priest,discipline,6,3,3
Pilixil,bleeding-hollow,288,priest,discipline,6,3,3
Midget,darkspear,288,priest,discipline,6,3,3
Panikâ,thrall,288,priest,discipline,6,3,3
Trezz,aegwynn,288,priest,discipline,6,3,3
Aspéct,aegwynn,288,priest,discipline,6,3,3
Lalaliza,kelthuzad,288,priest,discipline,6,3,3
Yannigirl,area-52,288,priest,discipline,6,3,3
Killduran,hellscream,288,priest,discipline,6,3,3
Jinzp,area-52,288,priest,discipline,6,3,3
Frye,bleeding-hollow,288,priest,discipline,6,3,3
Kaldoon,azjolnerub,288,priest,discipline,6,3,3
Fackinheals,kelthuzad,288,priest,discipline,6,3,3
Psyfriend,area-52,288,priest,discipline,6,3,3
Relianth,stormrage,288,priest,discipline,6,3,3
Bunked,bleeding-hollow,288,priest,discipline,6,3,3
Pyper,medivh,288,priest,discipline,6,3,3
Mawlaana,frostmourne,288,priest,discipline,6,3,3
Megz,zuljin,288,priest,discipline,6,3,3
Bigpoppapwn,darkspear,288,priest,discipline,6,3,3
Ææae,nemesis,288,priest,discipline,6,3,3
Kaiah,gorefiend,288,priest,discipline,6,3,3
Yotinha,nemesis,288,priest,discipline,6,3,3
Nsquared,illidan,288,priest,discipline,6,3,3
Drrunk,bleeding-hollow,288,priest,discipline,6,3,3
Animityz,illidan,288,priest,discipline,6,3,3
Sandreth,bonechewer,288,priest,discipline,6,3,3
Jjaeminkim,area-52,288,priest,discipline,6,3,3
Alleviate,frostmourne,288,priest,discipline,6,3,3
Furydos,zuljin,288,priest,discipline,6,3,3
Diskope,kelthuzad,288,priest,discipline,6,3,3
Dudurr,zuluhed,288,priest,discipline,6,3,3
Buc,barthilas,288,priest,discipline,6,3,3
Dream,kelthuzad,288,priest,discipline,6,3,3
Såx,stormreaver,288,priest,discipline,6,3,3
Zugzugheal,bleeding-hollow,288,priest,discipline,6,3,3
Okiin,malganis,288,priest,discipline,6,3,3
Sassygayboyx,bleeding-hollow,288,priest,discipline,6,3,3
Fenders,stormrage,288,priest,discipline,6,3,3
Sterycraiied,stormreaver,288,priest,discipline,6,3,3
Haquin,malganis,288,priest,discipline,6,3,3
Kabutta,stormrage,288,priest,discipline,6,3,3
Eiricka,kelthuzad,288,priest,discipline,6,3,3
Icarryozz,darkspear,288,priest,discipline,6,3,3
Sojumike,proudmoore,288,priest,discipline,6,3,3
Mindgamez,stormreaver,288,priest,discipline,6,3,3
Pumpkinpino,stormrage,288,priest,discipline,6,3,3
Susannahh,goldrinn,288,priest,discipline,6,3,3
Wiseguise,illidan,288,priest,discipline,6,3,3
Tslacalls,malganis,288,priest,discipline,6,3,3
Khaospriest,proudmoore,288,priest,discipline,6,3,3
Filthmaster,moon-guard,288,priest,discipline,6,3,3
Tempname,thunderhorn,288,priest,discipline,6,3,3
Germanica,area-52,288,priest,discipline,6,3,3
Seyvyur,black-dragonflight,288,priest,discipline,6,3,3
Barackhobama,malganis,288,priest,discipline,6,3,3
Dìngobaby,stormrage,288,priest,discipline,6,3,3
Strokingmydx,illidan,288,priest,discipline,6,3,3
Xeras,ravencrest,288,priest,discipline,6,3,3
Bestworldxz,illidan,288,priest,discipline,6,3,3
Bessias,area-52,288,priest,discipline,6,3,3
Edmen,stormrage,288,priest,discipline,6,3,3
Aleykz,illidan,288,priest,discipline,6,3,3
Chervz,chogall,288,priest,discipline,6,3,3
Adelda,nazjatar,288,priest,discipline,6,3,3
Dumbthott,illidan,288,priest,discipline,6,3,3
Gawlas,azshara,288,priest,discipline,6,3,3
Amäo,illidan,288,priest,discipline,6,3,3
Kynnen,mannoroth,288,priest,discipline,6,3,3
Iamsatan,illidan,288,priest,discipline,6,3,3
Healyhaney,stormrage,288,priest,discipline,6,3,3
Sophistdew,proudmoore,288,priest,discipline,6,3,3
Sæýfír,illidan,288,priest,discipline,6,3,3
Pulso,area-52,288,priest,discipline,6,3,3
Liminality,illidan,288,priest,discipline,6,3,3
Tigrania,proudmoore,288,priest,discipline,6,3,3
Ifortalot,lothar,288,priest,discipline,6,3,3
Dradinx,illidan,288,priest,discipline,6,3,3
Empyreanlite,dalaran,288,priest,discipline,6,3,3
Havefaith,whisperwind,288,priest,discipline,6,3,3
Oofx,darkspear,288,priest,discipline,6,3,3
Freck,stormrage,288,priest,discipline,6,3,3
Darrong,darkspear,288,priest,discipline,6,3,3
Heratic,malganis,288,priest,discipline,6,3,3
Bluecho,tichondrius,288,priest,discipline,6,3,3
Methandrial,hyjal,288,priest,discipline,6,3,3
Triazolam,illidan,288,priest,discipline,6,3,3
Cromagnøn,dalaran,288,priest,discipline,6,3,3
Àneres,illidan,288,priest,discipline,6,3,3
Lifeswaplol,kelthuzad,288,priest,discipline,6,3,3
Kawesha,emerald-dream,288,priest,discipline,6,3,3
Tmall,tichondrius,288,priest,discipline,6,3,3
Oxicontin,sargeras,288,priest,discipline,6,3,3
Nikci,tichondrius,288,priest,discipline,6,3,3
Heelznfeelz,tichondrius,288,priest,discipline,6,3,3
Epicp,sargeras,288,priest,discipline,6,3,3
Swinee,tichondrius,288,priest,discipline,6,3,3
Moirâ,silvermoon,288,priest,discipline,6,3,3
Kovie,twisting-nether,288,priest,discipline,6,3,3
Elise,ravenholdt,288,priest,discipline,6,3,3
Namecusein,ragnaros,288,priest,discipline,6,3,3
Îcecube,sargeras,288,priest,discipline,6,3,3
Magazíne,tichondrius,288,priest,discipline,6,3,3
Poøpoopeepee,tichondrius,288,priest,discipline,6,3,3
Bgundy,sargeras,288,priest,discipline,6,3,3
Boppdot,tichondrius,288,priest,discipline,6,3,3
Humps,sargeras,288,priest,discipline,6,3,3
Serenderpity,moon-guard,288,priest,discipline,6,3,3
Grafîx,frostmourne,288,priest,discipline,6,3,3
Umbramortìs,tichondrius,288,priest,discipline,6,3,3
Irar,tichondrius,288,priest,discipline,6,3,3
Diamondz,emerald-dream,288,priest,discipline,6,3,3
Nokizzgrizz,sargeras,288,priest,discipline,6,3,3
Deadnyx,tichondrius,288,priest,discipline,6,3,3
Calcifer,drakkari,288,priest,discipline,6,3,3
Kefkå,sargeras,288,priest,discipline,6,3,3
Flab,tichondrius,288,priest,discipline,6,3,3
Popeofhope,queldorei,288,priest,discipline,6,3,3
Nyxvoid,ragnaros,288,priest,discipline,6,3,3
Nutdrip,tichondrius,288,priest,discipline,6,3,3
Illiteratex,sargeras,288,priest,discipline,6,3,3
Illegalkill,tichondrius,288,priest,discipline,6,3,3
Aia,frostwolf,288,priest,discipline,6,3,3
Tarwow,moon-guard,288,priest,discipline,6,3,3
Wale,akama,288,priest,discipline,6,3,3
Zzavidwong,tichondrius,288,priest,discipline,6,3,3
Blackdeathx,tichondrius,288,priest,discipline,6,3,3
Wïgjaw,tichondrius,288,priest,discipline,6,3,3
Minzyx,tichondrius,288,priest,discipline,6,3,3
Shadooe,tichondrius,288,priest,discipline,6,3,3
Alladys,shattered-hand,288,priest,discipline,6,3,3
Tooeasy,vashj,288,priest,discipline,6,3,3
Zuuji,frostmourne,288,priest,discipline,6,3,3
Xusin,tichondrius,288,priest,discipline,6,3,3
Daryldeath,tichondrius,288,priest,discipline,6,3,3
Bernietopper,tichondrius,288,priest,discipline,6,3,3
Haedn,azralon,288,priest,discipline,6,3,3
Healznfeel,tichondrius,288,priest,discipline,6,3,3
Sasagui,bloodscalp,288,priest,discipline,6,3,3
Kakera,tichondrius,288,priest,discipline,6,3,3
Niniua,tichondrius,288,priest,discipline,6,3,3
Lostnthought,aggramar,288,priest,discipline,6,3,3
Idhealthat,tichondrius,288,priest,discipline,6,3,3
Kleiâ,tichondrius,288,priest,discipline,6,3,3
Hellokuti,silvermoon,288,priest,discipline,6,3,3
Sabene,greymane,288,priest,discipline,6,3,3
Piusxll,tichondrius,288,priest,discipline,6,3,3
Starp,tichondrius,288,priest,discipline,6,3,3
Keyohh,tichondrius,288,priest,discipline,6,3,3
Dredre,aggramar,288,priest,discipline,6,3,3
Mcfluffin,aggramar,288,priest,discipline,6,3,3
Waterßoÿ,emerald-dream,288,priest,discipline,9,4,5
Whackagnome,kelthuzad,288,priest,discipline,9,4,5
Gäindalf,tichondrius,288,priest,discipline,10,4,6
Aarei,stormrage,288,priest,discipline,10,4,6
Showakoi,ragnaros,288,priest,discipline,16,4,12
Kurnak,arthas,288,priest,discipline,12,3,9
Gloomswrath,illidan,288,priest,discipline,12,3,9
Paztech,arthas,288,priest,discipline,12,3,9
Chaddadbod,emerald-dream,288,priest,discipline,12,3,9
Bandagebabe,sargeras,288,priest,discipline,12,3,9
Frag,frostmourne,288,priest,discipline,12,3,9
Abefromann,sargeras,288,priest,discipline,12,3,9
Disconelf,barthilas,288,priest,discipline,12,3,9
Twohpriest,aerie-peak,288,priest,discipline,12,3,9
Bree,area-52,288,priest,discipline,12,3,9
Xalatath,stormrage,288,priest,discipline,12,3,9
Solestro,malganis,288,priest,discipline,12,3,9
Aaxahfon,moon-guard,288,priest,discipline,12,3,9
Realheal,tichondrius,288,priest,discipline,12,3,9
Phantøms,zuljin,288,priest,discipline,12,3,9
Zsofi,rivendare,288,priest,discipline,12,3,9
Bewbeez,fizzcrank,288,priest,discipline,12,3,9
Phillyrivers,area-52,288,priest,discipline,12,3,9
Lightshizzle,illidan,288,priest,discipline,12,3,9
Googus,bleeding-hollow,288,priest,discipline,12,3,9
Doomageddon,thorium-brotherhood,288,priest,discipline,12,3,9
Ayezex,tichondrius,288,priest,discipline,12,3,9
Zemms,tichondrius,288,priest,discipline,12,3,9
Muriaticacid,tichondrius,288,priest,discipline,12,3,9
Xavaat,nerzhul,288,priest,discipline,12,3,9
Slackinhealz,thrall,288,priest,discipline,12,3,9
Soleyxo,frostmourne,288,priest,discipline,12,3,9
Gwenoviere,whisperwind,288,priest,discipline,12,3,9
Krewtoo,illidan,288,priest,discipline,12,3,9
Nogetget,frostmourne,288,priest,discipline,12,3,9
Skimpdubs,bleeding-hollow,288,priest,discipline,12,3,9
Jahratu,tichondrius,288,priest,discipline,12,3,9
Bån,ragnaros,288,priest,discipline,12,3,9
Itha,illidan,288,priest,discipline,12,3,9
Shenanígans,malganis,288,priest,discipline,12,3,9
Pedialyte,kiljaeden,288,priest,discipline,12,3,9
Pïque,proudmoore,288,priest,discipline,12,3,9
Snupyfangirl,area-52,288,priest,discipline,12,3,9
Quartzolio,azralon,288,priest,discipline,12,3,9
Hail,kaelthas,288,priest,discipline,12,3,9
Zrn,bleeding-hollow,288,priest,discipline,12,3,9
Die,crushridge,288,priest,discipline,12,3,9
Kuriyasu,emerald-dream,288,priest,discipline,15,3,12
Kaztorz,tichondrius,288,priest,discipline,16,3,13
Lunett,area-52,288,priest,discipline,18,3,15
Moc,jubeithos,288,priest,discipline,18,3,15
Chirho,malganis,288,priest,discipline,18,3,15
Pravant,illidan,288,priest,discipline,18,3,15
Solzal,korgath,287,priest,discipline,6,3,3
Imgold,emerald-dream,287,priest,discipline,6,3,3
Ödin,tichondrius,287,priest,discipline,10,4,6
Kagayaku,aegwynn,287,priest,discipline,12,3,9
Priestkofwa,tichondrius,287,priest,discipline,12,3,9
Roufa,wyrmrest-accord,287,priest,discipline,12,3,9
Kataró,tichondrius,286,priest,discipline,12,3,9
Wingchick,azshara,284,priest,discipline,18,3,15
Poodledad,wyrmrest-accord,255,priest,discipline,8,4,4
Prèèst,proudmoore,255,priest,discipline,11,3,8
Stormlighter,proudmoore,255,priest,discipline,11,3,8
Plaguepumper,sargeras,255,priest,discipline,11,3,8
Holycwap,stormrage,240,priest,discipline,9,3,6
Yumä,kiljaeden,239,priest,discipline,5,3,2
Murillio,moon-guard,239,priest,discipline,5,3,2
Ezpríest,kelthuzad,239,priest,discipline,5,3,2
Pasquell,emerald-dream,239,priest,discipline,5,3,2
Canô,quelthalas,239,priest,discipline,5,3,2
Mawwt,moon-guard,239,priest,discipline,5,3,2
Skruffles,black-dragonflight,239,priest,discipline,5,3,2
Wodturbo,bleeding-hollow,234,priest,discipline,7,4,3
Priêsty,stormrage,234,priest,discipline,9,4,5
Gloomyspp,illidan,234,priest,discipline,14,4,10
Onahaihu,tichondrius,234,priest,discipline,14,4,10
Islada,illidan,233,priest,discipline,18,4,14
Holyshield,jubeithos,223,priest,discipline,8,3,5
Wagonss,stormrage,222,priest,discipline,25,7,18
Reâpêr,kelthuzad,201,priest,discipline,13,4,9
Zortroz,tichondrius,192,priest,discipline,4,3,1
Jedrick,malganis,192,priest,discipline,4,3,1
Berzum,chogall,192,priest,discipline,4,3,1
Notthebappo,malganis,192,priest,discipline,11,4,7
Tedesq,stormrage,192,priest,discipline,9,3,6
Cub,darkspear,192,priest,discipline,6,2,4
Bestwizardx,tichondrius,192,priest,discipline,6,2,4
Dimanche,thunderlord,192,priest,discipline,6,2,4
Ocxpriest,azralon,192,priest,discipline,6,2,4
Dilonpi,area-52,192,priest,discipline,6,2,4
Whitesharks,tichondrius,192,priest,discipline,6,2,4
Beansofdean,proudmoore,192,priest,discipline,6,2,4
Haushauha,azralon,192,priest,discipline,6,2,4
Linaelinatia,area-52,192,priest,discipline,6,2,4
Nejisaiyan,sargeras,192,priest,discipline,6,2,4
Nars,draka,192,priest,discipline,6,2,4
Feivalentine,illidan,192,priest,discipline,6,2,4
Zarakih,azralon,192,priest,discipline,6,2,4
Nylaza,kiljaeden,192,priest,discipline,6,2,4
Upsahl,area-52,192,priest,discipline,6,2,4
Plaguesus,dalaran,192,priest,discipline,6,2,4
Pingleangel,tichondrius,192,priest,discipline,6,2,4
Thangthangin,icecrown,192,priest,discipline,6,2,4
Patagoniabae,kelthuzad,192,priest,discipline,6,2,4
Yoxxoo,tichondrius,192,priest,discipline,6,2,4
Médic,guldan,192,priest,discipline,6,2,4
Goatedhp,dalaran,192,priest,discipline,6,2,4
Qnarisha,tichondrius,192,priest,discipline,6,2,4
Phatheals,norgannon,192,priest,discipline,6,2,4
Riztwo,moon-guard,192,priest,discipline,6,2,4
Makdaddy,skullcrusher,192,priest,discipline,6,2,4
Holymagetv,tichondrius,192,priest,discipline,6,2,4
Spampws,aerie-peak,192,priest,discipline,6,2,4
Verboden,kelthuzad,192,priest,discipline,6,2,4
Surfgang,tichondrius,192,priest,discipline,6,2,4
Chazzwizz,area-52,192,priest,discipline,6,2,4
Marmintor,stormrage,192,priest,discipline,6,2,4
Halloweenx,area-52,192,priest,discipline,6,2,4
Coldstone,bloodhoof,192,priest,discipline,6,2,4
Râven,proudmoore,192,priest,discipline,6,2,4
Rbmxp,barthilas,192,priest,discipline,6,2,4
Helorren,nagrand,192,priest,discipline,6,2,4
Rickmason,frostmane,192,priest,discipline,6,2,4
Krevs,proudmoore,192,priest,discipline,6,2,4
Mcgg,tichondrius,192,priest,discipline,6,2,4
Haduth,area-52,192,priest,discipline,6,2,4
Easywins,sargeras,192,priest,discipline,6,2,4
Baldy,arthas,192,priest,discipline,6,2,4
Genevieve,aggramar,192,priest,discipline,6,2,4
Slenden,illidan,192,priest,discipline,6,2,4
Onjah,kiljaeden,192,priest,discipline,6,2,4
Issaley,tichondrius,192,priest,discipline,6,2,4
Holyshafted,kelthuzad,192,priest,discipline,6,2,4
Zereht,ragnaros,192,priest,discipline,6,2,4
Holydrop,sargeras,192,priest,discipline,6,2,4
Dabrat,darkspear,192,priest,discipline,6,2,4
Drbønghitmd,tichondrius,192,priest,discipline,6,2,4
Kìttý,cenarius,192,priest,discipline,6,2,4
Jaq,altar-of-storms,192,priest,discipline,6,2,4
Wiccano,stormrage,192,priest,discipline,6,2,4
Novakaynersj,anetheron,192,priest,discipline,6,2,4
Frankoizz,quelthalas,192,priest,discipline,6,2,4
Wíckéd,frostmourne,192,priest,discipline,6,2,4
Qtpriestx,tichondrius,192,priest,discipline,6,2,4
Dinkk,stormrage,192,priest,discipline,6,2,4
Járngreipr,nerzhul,192,priest,discipline,6,2,4
Penicilin,terokkar,192,priest,discipline,6,2,4
Spitefuldirk,dalaran,192,priest,discipline,6,2,4
Mindgoblin,terokkar,192,priest,discipline,6,2,4
Trienolone,emerald-dream,192,priest,discipline,6,2,4
Corpsen,frostmourne,192,priest,discipline,6,2,4
Faedre,smolderthorn,192,priest,discipline,6,2,4
Karmapi,malganis,192,priest,discipline,6,2,4
Discyple,ysera,192,priest,discipline,6,2,4
Holytipz,stormrage,192,priest,discipline,6,2,4
Mayzal,emerald-dream,192,priest,discipline,6,2,4
Linkolln,sargeras,192,priest,discipline,6,2,4
Davedawg,emerald-dream,192,priest,discipline,6,2,4
Discogs,frostmourne,192,priest,discipline,6,2,4
Heartsblood,whisperwind,192,priest,discipline,6,2,4
Dxs,hydraxis,192,priest,discipline,6,2,4
Prff,ragnaros,192,priest,discipline,6,2,4
Lunarras,aggramar,192,priest,discipline,6,2,4
Keaina,malganis,192,priest,discipline,6,2,4
Tulip,frostmourne,192,priest,discipline,6,2,4
Çherished,stormrage,192,priest,discipline,6,2,4
Bmox,borean-tundra,192,priest,discipline,6,2,4
Nevertelsp,malganis,192,priest,discipline,6,2,4
Stennic,emerald-dream,192,priest,discipline,6,2,4
Kaeruz,stormrage,192,priest,discipline,6,2,4
Myeryc,frostmourne,192,priest,discipline,6,2,4
Roivas,bleeding-hollow,192,priest,discipline,6,2,4
Pimeharder,tichondrius,192,priest,discipline,6,2,4
Mindfak,bleeding-hollow,192,priest,discipline,6,2,4
Vikingkøng,ragnaros,192,priest,discipline,6,2,4
Kustem,tichondrius,192,priest,discipline,6,2,4
Keygodx,illidan,192,priest,discipline,6,2,4
Soulclap,sargeras,192,priest,discipline,6,2,4
Snowlily,illidan,192,priest,discipline,6,2,4
Skellieman,malorne,192,priest,discipline,6,2,4
Releknosleep,frostwolf,192,priest,discipline,6,2,4
Ôp,sargeras,192,priest,discipline,6,2,4
Hankspank,hakkar,192,priest,discipline,6,2,4
Skêptic,tichondrius,192,priest,discipline,6,2,4
Castholy,nordrassil,192,priest,discipline,6,2,4
Coffeek,sargeras,192,priest,discipline,6,2,4
Axelrod,tichondrius,192,priest,discipline,6,2,4
Xìdís,vashj,192,priest,discipline,6,2,4
Hotdice,bleeding-hollow,192,priest,discipline,6,2,4
Smallz,silvermoon,192,priest,discipline,6,2,4
Meaning,tichondrius,192,priest,discipline,6,2,4
Benjamints,thrall,192,priest,discipline,6,2,4
Stiffmeister,bleeding-hollow,192,priest,discipline,6,2,4
Kimbeloria,bleeding-hollow,192,priest,discipline,6,2,4
Gwendalynne,tichondrius,192,priest,discipline,6,2,4
Bubblewrap,wyrmrest-accord,192,priest,discipline,6,2,4
Vivø,nemesis,192,priest,discipline,6,2,4
Dudebanger,sargeras,192,priest,discipline,6,2,4
Ayani,khadgar,192,priest,discipline,6,2,4
Shalther,thrall,192,priest,discipline,6,2,4
Budheals,spirestone,192,priest,discipline,6,2,4
Noteenurse,blackrock,192,priest,discipline,6,2,4
Krossvoid,thrall,192,priest,discipline,6,2,4
Irixus,zuljin,192,priest,discipline,6,2,4
Schadên,wyrmrest-accord,192,priest,discipline,6,2,4
Insomnya,sargeras,192,priest,discipline,6,2,4
Gwenholy,hakkar,192,priest,discipline,6,2,4
Mhanaburn,nerzhul,192,priest,discipline,6,2,4
Xeroxlivee,tichondrius,192,priest,discipline,6,2,4
Madmilesstv,zuljin,192,priest,discipline,6,2,4
Príest,nordrassil,192,priest,discipline,6,2,4
Noobepriest,thrall,192,priest,discipline,6,2,4
Meowforheals,sargeras,192,priest,discipline,6,2,4
Preyforme,tichondrius,192,priest,discipline,7,2,5
Brokennurse,area-52,192,priest,discipline,7,2,5
Lightski,thunderlord,192,priest,discipline,7,2,5
Patchyemoly,frostmourne,192,priest,discipline,8,2,6
Sëv,stormrage,192,priest,discipline,9,2,7
Dabbinton,chogall,192,priest,discipline,10,2,8
Kuazi,frostmourne,192,priest,discipline,12,2,10
Lûdløw,kelthuzad,192,priest,discipline,12,2,10
Canyounaut,kelthuzad,192,priest,discipline,12,2,10
Prilance,hyjal,192,priest,discipline,12,2,10
Fiéstah,illidan,192,priest,discipline,12,2,10
Jordiest,dalaran,192,priest,discipline,12,2,10
Ariês,tichondrius,192,priest,discipline,12,2,10
Majiinbuu,maelstrom,192,priest,discipline,12,2,10
Baldpate,tichondrius,192,priest,discipline,12,2,10
Meatbaoo,tichondrius,192,priest,discipline,12,2,10
Fearward,silvermoon,192,priest,discipline,12,2,10
Feff,shuhalo,192,priest,discipline,12,2,10
Ularim,tichondrius,192,priest,discipline,12,2,10
Grâfix,barthilas,192,priest,discipline,12,2,10
Nearo,barthilas,192,priest,discipline,12,2,10
Rewena,silver-hand,192,priest,discipline,12,2,10
Bolognypony,norgannon,192,priest,discipline,12,2,10
Toguol,stormrage,192,priest,discipline,12,2,10
Myobi,tichondrius,191,priest,discipline,6,2,4
Leoi,fenris,191,priest,discipline,6,2,4
Terric,shattered-hand,191,priest,discipline,6,2,4
Charlie,azshara,191,priest,discipline,6,2,4
Frothyfran,icecrown,191,priest,discipline,12,2,10
Mynigajeff,zuljin,185,priest,discipline,14,4,10
Akåsha,zuljin,175,priest,discipline,11,2,9
Gabuncher,barthilas,175,priest,discipline,11,2,9
Imamu,tichondrius,167,priest,discipline,25,11,14
Dinogingy,lightbringer,159,priest,discipline,5,2,3
Yuhstin,sargeras,159,priest,discipline,8,3,5
Pochis,bleeding-hollow,159,priest,discipline,8,3,5
Yayoo,exodar,144,priest,discipline,9,2,7
Prayanmantis,tichondrius,138,priest,discipline,8,3,5
Mesiausx,stormrage,138,priest,discipline,8,3,5
Tylennin,hyjal,138,priest,discipline,13,4,9
Ariadneminos,illidan,138,priest,discipline,11,3,8
Theophobe,illidan,138,priest,discipline,19,5,14
Càipirinha,tichondrius,128,priest,discipline,4,2,2
Dangerhealz,frostmourne,128,priest,discipline,4,2,2
Elevatez,stormrage,128,priest,discipline,4,2,2
Juvell,illidan,96,priest,discipline,3,2,1
Allaurah,thrall,96,priest,discipline,3,2,1
Standback,wyrmrest-accord,96,priest,discipline,3,2,1
Deckx,khazgoroth,96,priest,discipline,3,2,1
Omgnerfz,zuljin,96,priest,discipline,6,1,5
Ol,firetree,96,priest,discipline,6,1,5
Prayforhealz,tichondrius,96,priest,discipline,6,1,5
Djriest,sargeras,96,priest,discipline,6,1,5
Rookieone,thrall,96,priest,discipline,6,1,5
Snotanygood,alleria,96,priest,discipline,6,1,5
Orethon,thrall,96,priest,discipline,6,1,5
Trupriest,alleria,96,priest,discipline,6,1,5
Worstpriest,stormscale,96,priest,discipline,6,1,5
Shadowgobbo,thrall,96,priest,discipline,6,1,5
Runecarver,anvilmar,96,priest,discipline,6,1,5
Tooflyy,sargeras,96,priest,discipline,6,1,5
Fatherwyatt,bleeding-hollow,96,priest,discipline,6,1,5
Annoka,sargeras,96,priest,discipline,6,1,5
Lenigrast,blackrock,96,priest,discipline,6,1,5
Chewboppa,zuljin,96,priest,discipline,6,1,5
Drmuhammad,sargeras,96,priest,discipline,6,1,5
Nekkz,sargeras,96,priest,discipline,6,1,5
Luxury,blackrock,96,priest,discipline,6,1,5
Aeøns,sargeras,96,priest,discipline,6,1,5
Fades,hellscream,96,priest,discipline,6,1,5
Oprawinfree,tichondrius,96,priest,discipline,6,1,5
Rickitz,bleeding-hollow,96,priest,discipline,6,1,5
Barelylegalx,tichondrius,96,priest,discipline,6,1,5
Pastortee,sargeras,96,priest,discipline,6,1,5
Ilikis,tichondrius,96,priest,discipline,6,1,5
Robinophelia,sargeras,96,priest,discipline,6,1,5
Canklez,stormscale,96,priest,discipline,6,1,5
Edessa,lothar,96,priest,discipline,6,1,5
Common,tichondrius,96,priest,discipline,6,1,5
Minamy,tichondrius,96,priest,discipline,6,1,5
Terripriest,sargeras,96,priest,discipline,6,1,5
Spspsp,illidan,96,priest,discipline,6,1,5
Billyscousin,chogall,96,priest,discipline,6,1,5
Nonbinary,trollbane,96,priest,discipline,6,1,5
Ndz,wyrmrest-accord,96,priest,discipline,6,1,5
Hordehealin,laughing-skull,96,priest,discipline,6,1,5
Hokon,tortheldrin,96,priest,discipline,6,1,5
Saltedaddy,tichondrius,96,priest,discipline,6,1,5
Siobhin,wyrmrest-accord,96,priest,discipline,6,1,5
Religions,wyrmrest-accord,96,priest,discipline,6,1,5
Apbrady,sargeras,96,priest,discipline,6,1,5
Aneresxo,illidan,96,priest,discipline,6,1,5
Necrodiva,magtheridon,96,priest,discipline,6,1,5
Yessír,stormrage,96,priest,discipline,6,1,5
Thinmintt,wyrmrest-accord,96,priest,discipline,6,1,5
Thh,emerald-dream,96,priest,discipline,6,1,5
Mistnamed,emerald-dream,96,priest,discipline,6,1,5
Jaseyrae,emerald-dream,96,priest,discipline,6,1,5
Rancidcookie,tichondrius,96,priest,discipline,6,1,5
Ivermectin,eredar,96,priest,discipline,6,1,5
Cenzlyor,arthas,96,priest,discipline,6,1,5
Breathkeeper,proudmoore,96,priest,discipline,6,1,5
Ugamie,proudmoore,96,priest,discipline,6,1,5
Kryoff,illidan,96,priest,discipline,6,1,5
Trickyhobo,area-52,96,priest,discipline,6,1,5
Ayzen,emerald-dream,96,priest,discipline,6,1,5
Leach,darkspear,96,priest,discipline,6,1,5
Mêga,illidan,96,priest,discipline,6,1,5
Lzzp,azralon,96,priest,discipline,6,1,5
Doobzy,proudmoore,96,priest,discipline,6,1,5
Trixor,area-52,96,priest,discipline,6,1,5
Priestmika,illidan,96,priest,discipline,6,1,5
Mïsstres,area-52,96,priest,discipline,6,1,5
Lifejuice,tichondrius,96,priest,discipline,6,1,5
Vandi,moon-guard,96,priest,discipline,6,1,5
Capixaba,stormrage,96,priest,discipline,6,1,5
Holddacheese,area-52,96,priest,discipline,6,1,5
Wilcarfegus,draka,96,priest,discipline,6,1,5
Keynnish,sargeras,96,priest,discipline,6,1,5
Moonideli,moon-guard,96,priest,discipline,6,1,5
Eccentrixx,mannoroth,96,priest,discipline,6,1,5
Remusha,dalaran,96,priest,discipline,6,1,5
Lildes,tichondrius,96,priest,discipline,6,1,5
Shåde,skullcrusher,96,priest,discipline,6,1,5
Blosinrosin,lightbringer,96,priest,discipline,6,1,5
Baerybonds,kiljaeden,96,priest,discipline,6,1,5
Gustavustus,barthilas,96,priest,discipline,6,1,5
Mêatpuppet,kiljaeden,96,priest,discipline,6,1,5
Mannybtuggin,kelthuzad,96,priest,discipline,6,1,5
Shaylari,kelthuzad,96,priest,discipline,6,1,5
Powerwordqt,kalecgos,96,priest,discipline,6,1,5
Shadeven,nagrand,96,priest,discipline,6,1,5
Gódriç,emerald-dream,96,priest,discipline,6,1,5
Tichealstwo,tichondrius,96,priest,discipline,6,1,5
Thasar,azgalor,96,priest,discipline,6,1,5
Púrg,frostmourne,96,priest,discipline,6,1,5
Burroviejo,quelthalas,96,priest,discipline,6,1,5
Regzi,stormrage,96,priest,discipline,6,1,5
Spêc,frostmourne,96,priest,discipline,6,1,5
Escence,jubeithos,96,priest,discipline,6,1,5
Scenekîd,moon-guard,96,priest,discipline,6,1,5
Hionlife,tichondrius,96,priest,discipline,6,1,5
Kyrabon,ragnaros,96,priest,discipline,6,1,5
Kunof,ragnaros,96,priest,discipline,6,1,5
Nuditwo,malganis,96,priest,discipline,6,1,5
Holnderoth,malganis,96,priest,discipline,6,1,5
Clárke,tichondrius,96,priest,discipline,6,1,5
Throwshade,moon-guard,96,priest,discipline,6,1,5
Virydian,stormrage,96,priest,discipline,6,1,5
Sukeena,malganis,96,priest,discipline,6,1,5
Nineoneoneh,stormrage,96,priest,discipline,6,1,5
Kireepilef,ragnaros,96,priest,discipline,6,1,5
Kagura,dunemaul,96,priest,discipline,6,1,5
Halfcab,runetotem,96,priest,discipline,6,1,5
Fréákk,ragnaros,96,priest,discipline,6,1,5
Kimmie,kelthuzad,96,priest,discipline,6,1,5
Galice,archimonde,96,priest,discipline,6,1,5
Fyne,kelthuzad,96,priest,discipline,9,1,8
Ergoproxy,barthilas,96,priest,discipline,12,1,11
Dawnside,wyrmrest-accord,96,priest,discipline,12,1,11
Ssmushi,tichondrius,96,priest,discipline,12,1,11
Notfandy,tichondrius,96,priest,discipline,12,1,11
Gusgp,tichondrius,96,priest,discipline,12,1,11
Mallzahar,darkspear,96,priest,discipline,12,1,11
Erinyn,area-52,96,priest,discipline,12,1,11
Torgasm,frostmourne,96,priest,discipline,12,1,11
Sifts,proudmoore,96,priest,discipline,12,1,11
Sevenlions,stormrage,96,priest,discipline,12,1,11
Timéo,zuljin,96,priest,discipline,18,1,17
Mixxd,shuhalo,95,priest,discipline,6,1,5
Flexeggette,illidan,84,priest,discipline,13,4,9
Ggums,tichondrius,84,priest,discipline,21,5,16
Sáito,area-52,79,priest,discipline,5,1,4
Gringotaco,tichondrius,74,priest,discipline,14,4,10
Oldmanlou,spirestone,63,priest,discipline,14,2,12
Wyldpiece,frostmourne,42,priest,discipline,7,3,4
Jqueryy,tichondrius,42,priest,discipline,11,3,8
Küno,kelthuzad,42,priest,discipline,10,2,8
Icychain,area-52,42,priest,discipline,10,2,8
Londy,area-52,42,priest,discipline,16,3,13
Alathan,sargeras,31,priest,discipline,2,1,1
Hycinamun,malganis,31,priest,discipline,2,1,1
Nås,elune,31,priest,discipline,2,1,1
Jennaôrtega,tichondrius,2312,priest,shadow,84,54,30
Yeazy,stormrage,2296,priest,shadow,108,62,46
Orchidp,tichondrius,2285,priest,shadow,207,130,77
Ejr,altar-of-storms,2212,priest,shadow,97,51,46
Yeona,tichondrius,2195,priest,shadow,101,60,41
Techbadar,tichondrius,2185,priest,shadow,125,65,60
Kishoengi,sargeras,2169,priest,shadow,78,49,29
Eradication,frostmourne,2168,priest,shadow,93,61,32
Dyrr,barthilas,2164,priest,shadow,102,55,47
Zçythe,tichondrius,2158,priest,shadow,84,51,33
Geovanni,barthilas,2147,priest,shadow,89,47,42
Moraver,kelthuzad,2141,priest,shadow,74,39,35
Mearas,kelthuzad,2128,priest,shadow,82,47,35
Zlipz,frostmourne,2125,priest,shadow,66,42,24
Kottun,stormrage,2110,priest,shadow,66,38,28
Lìám,frostmourne,2110,priest,shadow,187,102,85
Edd,tichondrius,2109,priest,shadow,146,74,72
Maskali,tichondrius,2106,priest,shadow,96,49,47
Bayter,frostmourne,2105,priest,shadow,181,97,84
Strwbrynaner,sargeras,2094,priest,shadow,126,67,59
Ombravuota,blades-edge,2085,priest,shadow,153,83,70
Scandi,tichondrius,2053,priest,shadow,60,35,25
Vtp,frostmourne,2052,priest,shadow,116,66,50
Laundryday,korgath,2041,priest,shadow,90,48,42
Knowknow,tichondrius,2013,priest,shadow,108,57,51
Kiriko,mannoroth,2009,priest,shadow,95,54,41
Ousïa,quelthalas,2009,priest,shadow,78,40,38
Zlips,frostmourne,2006,priest,shadow,75,37,38
Babyh,tichondrius,1994,priest,shadow,77,41,36
Keygodx,illidan,1977,priest,shadow,59,36,23
Blax,stormscale,1977,priest,shadow,60,35,25
Xiaozhui,tichondrius,1977,priest,shadow,63,34,29
Disemble,illidan,1977,priest,shadow,60,31,29
Viyana,stormrage,1977,priest,shadow,204,104,100
Apbrady,sargeras,1973,priest,shadow,66,35,31
Urelz,illidan,1956,priest,shadow,30,21,9
Eunu,tichondrius,1954,priest,shadow,62,31,31
Spamndam,tichondrius,1952,priest,shadow,36,26,10
Greaterfade,stormrage,1952,priest,shadow,60,34,26
Omenx,emerald-dream,1949,priest,shadow,42,26,16
Nekroscream,queldorei,1948,priest,shadow,47,27,20
Maìden,sargeras,1945,priest,shadow,48,27,21
Yenïza,illidan,1943,priest,shadow,124,63,61
Garpd,tichondrius,1937,priest,shadow,66,44,22
Arobahn,tichondrius,1932,priest,shadow,75,39,36
Helmsman,tichondrius,1931,priest,shadow,94,52,42
Expr,area-52,1929,priest,shadow,66,35,31
Katallyst,tichondrius,1926,priest,shadow,77,36,41
Targora,lightninghoof,1924,priest,shadow,60,35,25
Cheesëburg,illidan,1915,priest,shadow,54,28,26
Oohhmágáá,azralon,1907,priest,shadow,48,33,15
Kuraga,bleeding-hollow,1904,priest,shadow,326,173,153
Gâdzêd,kelthuzad,1900,priest,shadow,48,30,18
Soapee,illidan,1896,priest,shadow,191,96,95
Sin,guldan,1894,priest,shadow,232,125,107
Erebusz,tichondrius,1894,priest,shadow,54,29,25
Stinkiez,area-52,1892,priest,shadow,180,95,85
Meehx,illidan,1886,priest,shadow,102,65,37
Tamajka,the-forgotten-coast,1881,priest,shadow,87,47,40
Amyyds,illidan,1879,priest,shadow,89,57,32
Delasoul,malganis,1876,priest,shadow,63,37,26
Soar,ravencrest,1872,priest,shadow,47,26,21
Atarri,illidan,1868,priest,shadow,54,31,23
Creapture,zuluhed,1864,priest,shadow,42,24,18
Xayp,kelthuzad,1863,priest,shadow,101,73,28
Asmødeus,bleeding-hollow,1863,priest,shadow,59,35,24
Keliarc,sargeras,1863,priest,shadow,60,34,26
Voidkay,tichondrius,1862,priest,shadow,42,35,7
Wizkxg,tichondrius,1862,priest,shadow,36,24,12
Yberisa,zuljin,1861,priest,shadow,49,32,17
Puppyboyx,moon-guard,1861,priest,shadow,62,31,31
Plztrainme,spinebreaker,1860,priest,shadow,94,53,41
Itkev,area-52,1854,priest,shadow,35,27,8
Metasp,sargeras,1854,priest,shadow,54,30,24
Talbadar,tichondrius,1853,priest,shadow,54,33,21
Brokenspc,tichondrius,1852,priest,shadow,77,47,30
Couldntbeme,sargeras,1852,priest,shadow,54,31,23
Blackoss,sargeras,1852,priest,shadow,35,20,15
Kattallyst,tichondrius,1851,priest,shadow,42,24,18
Mamísonga,ragnaros,1851,priest,shadow,50,27,23
Aro,tichondrius,1850,priest,shadow,48,22,26
Echoos,proudmoore,1849,priest,shadow,42,28,14
Yoggismydad,emerald-dream,1847,priest,shadow,48,29,19
Wafflezsp,frostmourne,1847,priest,shadow,120,62,58
Sapoopettas,quelthalas,1845,priest,shadow,54,26,28
Niark,frostmourne,1844,priest,shadow,46,24,22
Remixsp,malganis,1840,priest,shadow,42,24,18
Bagjoe,illidan,1839,priest,shadow,80,46,34
Jugeumx,proudmoore,1838,priest,shadow,42,25,17
Emopriestqt,tichondrius,1836,priest,shadow,114,68,46
Louloudots,malganis,1835,priest,shadow,60,31,29
Niurouchuan,tichondrius,1834,priest,shadow,62,31,31
Phubar,stormreaver,1831,priest,shadow,78,34,44
Remedio,emerald-dream,1830,priest,shadow,33,21,12
Yb,kelthuzad,1829,priest,shadow,54,32,22
Auttø,area-52,1829,priest,shadow,45,26,19
Kalantris,ragnaros,1828,priest,shadow,64,41,23
Throwshade,moon-guard,1828,priest,shadow,89,56,33
Giriosp,thrall,1827,priest,shadow,31,22,9
Pbxx,tichondrius,1826,priest,shadow,46,27,19
Ensanity,stormrage,1826,priest,shadow,60,33,27
Gromkekz,area-52,1826,priest,shadow,72,33,39
Celypriest,moon-guard,1825,priest,shadow,30,25,5
Ptam,tichondrius,1825,priest,shadow,47,26,21
Idiotgarbage,moon-guard,1824,priest,shadow,48,26,22
Evenly,tichondrius,1822,priest,shadow,90,51,39
Snozberry,malganis,1822,priest,shadow,66,36,30
Mindslips,tichondrius,1821,priest,shadow,144,82,62
Bearoom,frostmourne,1820,priest,shadow,66,39,27
Kydraah,ragnaros,1820,priest,shadow,47,27,20
Plaguesus,dalaran,1820,priest,shadow,64,35,29
Mythsnake,ragnaros,1819,priest,shadow,43,25,18
Vil,lightnings-blade,1819,priest,shadow,90,50,40
Dots,tichondrius,1816,priest,shadow,53,33,20
Katarot,area-52,1816,priest,shadow,51,30,21
Hollister,illidan,1816,priest,shadow,246,132,114
Ysuran,moon-guard,1815,priest,shadow,144,82,62
Pboo,tichondrius,1815,priest,shadow,36,19,17
Griffsp,sargeras,1815,priest,shadow,191,94,97
Blissily,sargeras,1814,priest,shadow,75,47,28
Irasponsible,stormrage,1814,priest,shadow,42,23,19
Holytalk,tichondrius,1814,priest,shadow,60,30,30
Melonsoda,stormrage,1813,priest,shadow,48,26,22
Resonator,laughing-skull,1813,priest,shadow,46,22,24
Invain,executus,1812,priest,shadow,30,24,6
Xdipi,proudmoore,1812,priest,shadow,42,25,17
Tomcruisé,zuljin,1810,priest,shadow,54,31,23
Llamabush,malganis,1809,priest,shadow,39,26,13
Cixelpvp,area-52,1809,priest,shadow,54,26,28
Doublesix,malganis,1808,priest,shadow,66,40,26
Ericxd,area-52,1807,priest,shadow,77,38,39
Pesca,proudmoore,1805,priest,shadow,60,35,25
Jomm,area-52,1805,priest,shadow,69,37,32
Exoticfather,area-52,1805,priest,shadow,60,30,30
Saintpleb,sargeras,1804,priest,shadow,92,64,28
Pdfileclass,tichondrius,1803,priest,shadow,24,19,5
Panndaz,tichondrius,1803,priest,shadow,30,19,11
Metricdotem,terenas,1803,priest,shadow,42,26,16
Korrà,turalyon,1802,priest,shadow,30,19,11
Hástür,quelthalas,1801,priest,shadow,121,67,54
Welplayedman,emerald-dream,1800,priest,shadow,36,22,14
Soyul,tichondrius,1795,priest,shadow,66,38,28
Axelrod,tichondrius,1792,priest,shadow,48,29,19
Girthed,bloodscalp,1785,priest,shadow,68,40,28
Disxlyec,barthilas,1782,priest,shadow,83,48,35
Ericzssp,tichondrius,1779,priest,shadow,45,25,20
Jojotwo,illidan,1777,priest,shadow,54,27,27
Palmerin,ravencrest,1775,priest,shadow,81,45,36
Shelize,kirin-tor,1770,priest,shadow,137,72,65
Edai,malganis,1766,priest,shadow,173,95,78
Zlowbly,ragnaros,1762,priest,shadow,89,46,43
Sleepynuj,stormrage,1757,priest,shadow,60,38,22
Orgasmiq,frostmourne,1755,priest,shadow,84,45,39
Ussmissouri,area-52,1753,priest,shadow,110,60,50
Crbandit,moon-guard,1752,priest,shadow,67,46,21
Lauretânia,nemesis,1751,priest,shadow,54,29,25
Afromon,suramar,1750,priest,shadow,72,45,27
Shadowforsho,sargeras,1750,priest,shadow,52,26,26
Vashrapani,stormrage,1749,priest,shadow,177,96,81
Jydge,tichondrius,1746,priest,shadow,33,20,13
Brickzyhehe,dalaran,1745,priest,shadow,95,47,48
Impérial,stormrage,1744,priest,shadow,179,107,72
Zhiwanam,tichondrius,1744,priest,shadow,53,31,22
Priestine,dreadmaul,1742,priest,shadow,132,73,59
Ðantex,thrall,1731,priest,shadow,159,83,76
Dildocrates,darkspear,1730,priest,shadow,48,28,20
Desaros,tichondrius,1723,priest,shadow,54,30,24
Estéve,wyrmrest-accord,1723,priest,shadow,89,42,47
Nøfaith,area-52,1721,priest,shadow,70,35,35
Peggable,moon-guard,1718,priest,shadow,42,23,19
Deadsp,thrall,1718,priest,shadow,91,48,43
Brokentrojan,moon-guard,1718,priest,shadow,48,23,25
Sênju,thrall,1717,priest,shadow,47,24,23
Jthreetx,kelthuzad,1710,priest,shadow,30,18,12
Arthrix,sargeras,1709,priest,shadow,36,25,11
Nishishabi,tichondrius,1707,priest,shadow,48,24,24
Shwayp,zuljin,1702,priest,shadow,36,22,14
Twoboo,bleeding-hollow,1701,priest,shadow,72,40,32
Derisha,ragnaros,1701,priest,shadow,72,40,32
Pestee,quelthalas,1700,priest,shadow,124,76,48
Voidazepam,zuljin,1700,priest,shadow,84,49,35
Cavaliersr,ragnaros,1696,priest,shadow,90,53,37
Mepisth,sargeras,1692,priest,shadow,60,38,22
Nevertelsp,malganis,1689,priest,shadow,59,42,17
Mindgoblin,terokkar,1689,priest,shadow,36,18,18
Pengwinxl,agamaggan,1683,priest,shadow,36,20,16
Insanity,azuremyst,1682,priest,shadow,95,51,44
Deuz,quelthalas,1682,priest,shadow,48,23,25
Criminalsp,frostmourne,1676,priest,shadow,30,19,11
Woodney,ragnaros,1676,priest,shadow,30,19,11
Darkvagician,malganis,1676,priest,shadow,36,19,17
Cmg,sargeras,1673,priest,shadow,42,22,20
Evx,demon-soul,1673,priest,shadow,96,50,46
Swungzebra,stormrage,1672,priest,shadow,134,81,53
Psyfiend,alterac-mountains,1672,priest,shadow,36,20,16
Dream,tichondrius,1672,priest,shadow,42,22,20
Inflate,frostmourne,1672,priest,shadow,60,30,30
Clownface,tichondrius,1671,priest,shadow,42,24,18
Mindburn,nemesis,1670,priest,shadow,78,32,46
Manic,skywall,1669,priest,shadow,108,61,47
Shadowblastx,sargeras,1668,priest,shadow,42,25,17
Trenbologni,illidan,1668,priest,shadow,150,88,62
Fantasía,moon-guard,1668,priest,shadow,54,24,30
Felrynpr,malganis,1665,priest,shadow,35,21,14
Ellindria,spinebreaker,1665,priest,shadow,41,24,17
Nuggs,mannoroth,1665,priest,shadow,42,21,21
Nvøsuperstar,zuljin,1664,priest,shadow,42,21,21
Mushill,tichondrius,1662,priest,shadow,48,26,22
Álvarez,tichondrius,1662,priest,shadow,80,39,41
Zachlol,area-52,1658,priest,shadow,66,36,30
Gusho,frostmourne,1655,priest,shadow,169,87,82
Moonideli,moon-guard,1654,priest,shadow,30,19,11
Mêdúsa,area-52,1654,priest,shadow,36,21,15
Ilovealina,gorefiend,1653,priest,shadow,30,21,9
Kultil,dalaran,1646,priest,shadow,66,39,27
Amarexlol,stormrage,1645,priest,shadow,60,34,26
Aformoflove,tichondrius,1644,priest,shadow,35,18,17
Sigx,area-52,1643,priest,shadow,30,21,9
Xannè,tichondrius,1643,priest,shadow,36,21,15
Occult,bloodscalp,1640,priest,shadow,75,38,37
Snookp,kiljaeden,1638,priest,shadow,130,66,64
Partypriest,tichondrius,1637,priest,shadow,66,36,30
Kovie,twisting-nether,1636,priest,shadow,112,68,44
Murkqz,stormrage,1634,priest,shadow,42,24,18
Dillydackx,sargeras,1634,priest,shadow,108,60,48
Milkgrabber,bleeding-hollow,1633,priest,shadow,72,43,29
Slasheal,caelestrasz,1633,priest,shadow,84,43,41
Cixelp,area-52,1631,priest,shadow,42,23,19
Safe,illidan,1629,priest,shadow,97,51,46
Laokele,tichondrius,1627,priest,shadow,36,22,14
Ticklefingrs,malganis,1627,priest,shadow,36,20,16
Fireballingg,tichondrius,1625,priest,shadow,30,18,12
Netheerix,tichondrius,1625,priest,shadow,31,17,14
Giveheadpats,moon-guard,1625,priest,shadow,182,99,83
Snuffp,sargeras,1623,priest,shadow,108,70,38
Shalla,blackrock,1623,priest,shadow,72,37,35
Milan,dalaran,1621,priest,shadow,30,20,10
Holydose,moon-guard,1621,priest,shadow,48,20,28
Drupith,dalaran,1620,priest,shadow,36,17,19
Dirtyysanta,tichondrius,1619,priest,shadow,29,18,11
Solstunn,moon-guard,1619,priest,shadow,48,24,24
Iogical,kelthuzad,1618,priest,shadow,116,70,46
Krazé,tichondrius,1617,priest,shadow,48,26,22
Skrillô,emerald-dream,1617,priest,shadow,42,20,22
Sodíum,wyrmrest-accord,1616,priest,shadow,42,20,22
Jeanbi,ragnaros,1615,priest,shadow,88,55,33
Littlewench,sargeras,1609,priest,shadow,43,25,18
Adopted,wyrmrest-accord,1607,priest,shadow,60,34,26
Bandages,stormreaver,1606,priest,shadow,104,57,47
Manofmystery,dalaran,1605,priest,shadow,30,19,11
Shadowdurps,area-52,1604,priest,shadow,66,36,30
Sarâda,moon-guard,1604,priest,shadow,126,67,59
Clamchowdy,kiljaeden,1603,priest,shadow,27,18,9
Vaala,jubeithos,1603,priest,shadow,42,22,20
Hotphoyou,moon-guard,1600,priest,shadow,60,39,21
Manifestor,illidan,1600,priest,shadow,86,51,35
Scalpell,tichondrius,1600,priest,shadow,118,62,56
Wifegrip,tichondrius,1598,priest,shadow,42,19,23
Nexumbra,dunemaul,1597,priest,shadow,66,37,29
Shadowkr,tichondrius,1594,priest,shadow,36,21,15
Graviton,tichondrius,1591,priest,shadow,54,31,23
Fâêlyn,wyrmrest-accord,1589,priest,shadow,52,24,28
Xmewo,sargeras,1588,priest,shadow,35,19,16
Aethestan,zuljin,1587,priest,shadow,65,30,35
Voiders,area-52,1582,priest,shadow,151,86,65
Dovoso,kargath,1582,priest,shadow,30,17,13
Ajazz,zuljin,1578,priest,shadow,36,22,14
Krytical,illidan,1575,priest,shadow,86,52,34
Çummiñs,malganis,1575,priest,shadow,36,21,15
Wenger,crushridge,1575,priest,shadow,89,45,44
Heàvenly,moon-guard,1573,priest,shadow,36,21,15
Pumpss,area-52,1572,priest,shadow,44,24,20
Voidshift,tichondrius,1571,priest,shadow,197,102,95
Ezrashade,tichondrius,1570,priest,shadow,65,34,31
Marantbourge,frostmourne,1566,priest,shadow,75,45,30
Sorrentin,ragnaros,1566,priest,shadow,58,31,27
Crazyherb,azralon,1565,priest,shadow,83,47,36
Ranthrough,tichondrius,1561,priest,shadow,42,29,13
Alex,boulderfist,1557,priest,shadow,54,31,23
Sìnz,area-52,1555,priest,shadow,36,26,10
Fig,nazgrel,1554,priest,shadow,66,33,33
Softs,area-52,1549,priest,shadow,83,42,41
Cyanovoid,thrall,1549,priest,shadow,36,18,18
Nonamegame,sargeras,1548,priest,shadow,30,18,12
Toddmund,tichondrius,1548,priest,shadow,35,19,16
Methandrial,hyjal,1546,priest,shadow,54,30,24
Esteedees,bonechewer,1545,priest,shadow,36,17,19
Khelleya,moon-guard,1543,priest,shadow,48,26,22
Silero,dalaran,1534,priest,shadow,57,36,21
Iuka,emerald-dream,1534,priest,shadow,77,37,40
Carniosso,azralon,1532,priest,shadow,36,19,17
Imabeast,stormrage,1532,priest,shadow,52,26,26
Mealmassttr,frostmourne,1531,priest,shadow,36,18,18
Raptorjésus,azjolnerub,1530,priest,shadow,30,16,14
Lowkii,malfurion,1528,priest,shadow,45,33,12
Sochron,stormrage,1526,priest,shadow,62,28,34
Purpskurp,stormrage,1525,priest,shadow,42,20,22
Márceline,stormrage,1520,priest,shadow,64,40,24
Rhoku,nesingwary,1519,priest,shadow,36,21,15
Ratleen,malganis,1519,priest,shadow,170,80,90
Keepitlegal,sargeras,1515,priest,shadow,30,16,14
Delbringer,moon-guard,1513,priest,shadow,31,19,12
Faeinia,elune,1509,priest,shadow,81,48,33
Whitehandpr,tichondrius,1507,priest,shadow,219,109,110
Astoshan,moon-guard,1505,priest,shadow,83,53,30
Wobbleskank,tichondrius,1505,priest,shadow,78,47,31
Frankeebutt,stormrage,1501,priest,shadow,36,22,14
Swp,sargeras,1499,priest,shadow,30,21,9
Shibuu,moon-guard,1499,priest,shadow,28,16,12
Seedisc,kelthuzad,1496,priest,shadow,24,17,7
Habann,frostmourne,1494,priest,shadow,113,61,52
Chenny,darkspear,1491,priest,shadow,44,27,17
Moralism,moon-guard,1491,priest,shadow,181,100,81
Nullreferenc,frostmourne,1490,priest,shadow,39,20,19
Azheel,stormrage,1490,priest,shadow,65,26,39
Fïo,proudmoore,1488,priest,shadow,66,32,34
Azagthøth,ravenholdt,1478,priest,shadow,239,122,117
Pluse,bonechewer,1476,priest,shadow,34,17,17
Antìdote,tichondrius,1474,priest,shadow,74,42,32
Plebcakès,sargeras,1474,priest,shadow,43,23,20
Beckðn,tichondrius,1474,priest,shadow,61,32,29
Sînkaî,demon-soul,1472,priest,shadow,54,33,21
Dotdotwin,illidan,1472,priest,shadow,59,35,24
Rhick,azralon,1462,priest,shadow,24,17,7
Plzdontlos,hyjal,1461,priest,shadow,36,22,14
Londy,area-52,1461,priest,shadow,230,114,116
Xannis,thrall,1460,priest,shadow,42,23,19
Fritzi,shattered-hand,1456,priest,shadow,30,17,13
Numinous,wyrmrest-accord,1456,priest,shadow,68,35,33
Stusy,tichondrius,1455,priest,shadow,59,39,20
Lelyna,stormrage,1454,priest,shadow,36,22,14
Pepps,proudmoore,1453,priest,shadow,220,113,107
Shadork,area-52,1451,priest,shadow,31,18,13
Thelordx,barthilas,1450,priest,shadow,48,23,25
Cuaiminator,ragnaros,1448,priest,shadow,72,39,33
Kadralin,illidan,1445,priest,shadow,48,24,24
Trollypriest,darkspear,1443,priest,shadow,54,30,24
Iuvrainee,area-52,1442,priest,shadow,30,16,14
Kokai,area-52,1440,priest,shadow,18,15,3
Bobbyvagene,area-52,1438,priest,shadow,30,15,15
Inmotion,tichondrius,1437,priest,shadow,24,15,9
ßarracuda,illidan,1436,priest,shadow,48,32,16
Rida,zuljin,1436,priest,shadow,38,24,14
Drmuhammad,sargeras,1436,priest,shadow,24,15,9
Onegil,tichondrius,1436,priest,shadow,75,38,37
Whorticiå,area-52,1436,priest,shadow,65,27,38
Marni,akama,1433,priest,shadow,48,26,22
Ciem,tichondrius,1431,priest,shadow,24,15,9
ßroßraßroski,sargeras,1431,priest,shadow,36,22,14
Minamy,tichondrius,1430,priest,shadow,24,15,9
Vynlanesh,illidan,1429,priest,shadow,42,16,26
Aguitardient,ragnaros,1426,priest,shadow,33,19,14
Øbara,frostmourne,1424,priest,shadow,46,25,21
Wdnmmd,proudmoore,1424,priest,shadow,64,29,35
Bigmollet,tichondrius,1418,priest,shadow,77,32,45
Lilmix,hydraxis,1417,priest,shadow,41,26,15
Bûdussy,bonechewer,1417,priest,shadow,31,17,14
Kilal,sargeras,1414,priest,shadow,30,20,10
Strokkerx,azralon,1411,priest,shadow,30,19,11
Sandelios,aggramar,1408,priest,shadow,42,28,14
Voidscrypt,thrall,1406,priest,shadow,100,60,40
Chewthefat,darkspear,1406,priest,shadow,29,15,14
Boogle,frostmourne,1404,priest,shadow,41,20,21
Frorgnence,stormrage,1400,priest,shadow,30,22,8
Brothofnzoth,emerald-dream,1398,priest,shadow,38,16,22
Deeaann,tichondrius,1395,priest,shadow,131,66,65
Suicider,emerald-dream,1395,priest,shadow,80,34,46
Mindboink,malganis,1392,priest,shadow,67,36,31
Dipírex,azralon,1389,priest,shadow,84,40,44
Wowgreatgame,tichondrius,1388,priest,shadow,48,24,24
Fäÿë,tichondrius,1386,priest,shadow,54,26,28
Kuazi,khazgoroth,1386,priest,shadow,116,54,62
Healztonic,dalaran,1380,priest,shadow,72,32,40
Wongÿ,tichondrius,1377,priest,shadow,24,20,4
Miniimenx,azralon,1375,priest,shadow,41,29,12
Swaggylee,tichondrius,1374,priest,shadow,28,15,13
Saphet,draktharon,1373,priest,shadow,40,31,9
Locjawbe,area-52,1372,priest,shadow,23,16,7
Sekhen,area-52,1370,priest,shadow,33,18,15
Urspareparts,sargeras,1370,priest,shadow,89,48,41
Spõõky,illidan,1368,priest,shadow,26,15,11
Tyisanity,tichondrius,1367,priest,shadow,62,29,33
Kwõnc,tichondrius,1355,priest,shadow,29,15,14
Showakoi,ragnaros,1355,priest,shadow,42,21,21
Bastét,skullcrusher,1353,priest,shadow,99,54,45
Bugsbright,tichondrius,1351,priest,shadow,75,36,39
Poague,area-52,1343,priest,shadow,24,14,10
Alisasa,tichondrius,1343,priest,shadow,24,14,10
Palumorp,deathwing,1342,priest,shadow,18,14,4
Flay,dragonmaw,1342,priest,shadow,18,14,4
Cixelp,tichondrius,1342,priest,shadow,30,14,16
Shén,barthilas,1336,priest,shadow,77,51,26
Bigboyadam,frostmourne,1336,priest,shadow,40,24,16
Hüde,stormrage,1334,priest,shadow,90,47,43
Onipapae,frostmourne,1329,priest,shadow,40,22,18
Griddly,alterac-mountains,1328,priest,shadow,24,14,10
Teeprie,drakthul,1325,priest,shadow,24,15,9
Nightcráwler,illidan,1322,priest,shadow,24,14,10
Flickmybick,sargeras,1322,priest,shadow,27,15,12
Maynard,ragnaros,1321,priest,shadow,60,30,30
Dawnkìn,bleeding-hollow,1319,priest,shadow,54,26,28
Rammstèin,sargeras,1314,priest,shadow,30,14,16
Dahliá,frostmourne,1313,priest,shadow,36,16,20
Timreaper,barthilas,1311,priest,shadow,35,21,14
Cheez,tichondrius,1305,priest,shadow,52,21,31
Uncletouches,thrall,1303,priest,shadow,30,14,16
Aedaki,garona,1302,priest,shadow,59,34,25
Xæl,tichondrius,1300,priest,shadow,36,18,18
Mamofwar,arthas,1296,priest,shadow,66,29,37
Healingstats,tichondrius,1295,priest,shadow,23,14,9
Øvøxø,emerald-dream,1295,priest,shadow,33,15,18
Alvorr,ragnaros,1292,priest,shadow,24,15,9
Doma,malganis,1292,priest,shadow,27,15,12
Xaneo,kelthuzad,1290,priest,shadow,23,14,9
Ancene,illidan,1290,priest,shadow,42,24,18
Vílja,moon-guard,1275,priest,shadow,70,31,39
Chinchillin,demon-soul,1272,priest,shadow,66,39,27
Chádeervas,nemesis,1270,priest,shadow,27,17,10
Juicymist,moon-guard,1267,priest,shadow,58,32,26
Lyriczx,kelthuzad,1265,priest,shadow,36,15,21
Zyræl,stormrage,1262,priest,shadow,79,34,45
Shadyvoodoo,barthilas,1256,priest,shadow,48,23,25
Synergize,korgath,1254,priest,shadow,60,30,30
Jwx,malganis,1248,priest,shadow,18,13,5
Madcuzyaknow,bleeding-hollow,1248,priest,shadow,24,13,11
Euthanasìa,deathwing,1247,priest,shadow,24,13,11
Drossv,shadowmoon,1247,priest,shadow,30,13,17
Headbrake,malganis,1246,priest,shadow,24,13,11
Avraf,sargeras,1246,priest,shadow,24,13,11
Bubblepop,blackhand,1245,priest,shadow,18,13,5
Fanfansp,tichondrius,1244,priest,shadow,18,13,5
Goodlife,frostmourne,1244,priest,shadow,24,13,11
Yayonaise,tichondrius,1244,priest,shadow,24,13,11
Crayon,stormrage,1244,priest,shadow,30,13,17
Ashtahius,ragnaros,1243,priest,shadow,41,25,16
Ashidox,proudmoore,1242,priest,shadow,27,14,13
Nodoubt,barthilas,1242,priest,shadow,30,13,17
Scriptö,fizzcrank,1241,priest,shadow,42,29,13
Ascian,daggerspine,1239,priest,shadow,30,13,17
Dilly,tichondrius,1238,priest,shadow,21,14,7
Nums,tichondrius,1236,priest,shadow,30,16,14
Amideus,dunemaul,1236,priest,shadow,30,13,17
Dischaffy,shadowmoon,1228,priest,shadow,18,13,5
Kaermor,stormrage,1227,priest,shadow,66,28,38
Simplyfaded,black-dragonflight,1226,priest,shadow,24,13,11
Harisleidy,quelthalas,1226,priest,shadow,24,13,11
Sorrowful,mannoroth,1208,priest,shadow,29,13,16
Discpi,illidan,1202,priest,shadow,78,34,44
Greyyan,wyrmrest-accord,1200,priest,shadow,71,35,36
Senumbra,tichondrius,1200,priest,shadow,36,16,20
Xedus,mannoroth,1192,priest,shadow,56,31,25
Reos,jubeithos,1186,priest,shadow,24,15,9
Shadøwheal,stormrage,1180,priest,shadow,18,13,5
Darksheals,barthilas,1176,priest,shadow,30,22,8
Aflstan,frostmourne,1159,priest,shadow,51,30,21
Antoz,kelthuzad,1156,priest,shadow,29,15,14
Chazzwizz,area-52,1152,priest,shadow,24,12,12
Nozp,stormrage,1152,priest,shadow,24,12,12
Bubbyflay,area-52,1151,priest,shadow,18,12,6
Stresscube,tichondrius,1151,priest,shadow,22,13,9
Cathery,tichondrius,1151,priest,shadow,24,12,12
Cozies,stormreaver,1151,priest,shadow,24,12,12
Ghostz,alleria,1150,priest,shadow,12,12,0
Invincible,ragnaros,1149,priest,shadow,24,12,12
Zolgeta,exodar,1146,priest,shadow,29,18,11
Shmage,malganis,1146,priest,shadow,24,12,12
Dayquills,illidan,1145,priest,shadow,24,12,12
Iminyou,kelthuzad,1144,priest,shadow,18,12,6
Lilithice,moon-guard,1144,priest,shadow,24,12,12
Lirien,kelthuzad,1141,priest,shadow,30,12,18
Knglizward,stormrage,1140,priest,shadow,59,33,26
Malikeht,drakkari,1136,priest,shadow,24,12,12
Lawgiva,thrall,1135,priest,shadow,18,12,6
Abolita,korgath,1112,priest,shadow,54,26,28
Võid,tichondrius,1103,priest,shadow,23,12,11
Wetleaftx,chogall,1097,priest,shadow,18,13,5
Benjamints,thrall,1085,priest,shadow,18,13,5
Scormm,runetotem,1073,priest,shadow,24,13,11
Bloodify,azralon,1072,priest,shadow,24,13,11
Manofmystery,drenden,1071,priest,shadow,17,12,5
Discipline,chogall,1056,priest,shadow,18,11,7
Patagoniabae,kelthuzad,1055,priest,shadow,12,11,1
Taylorsp,tichondrius,1055,priest,shadow,18,11,7
Pwrwordsquee,lightbringer,1055,priest,shadow,18,11,7
Dispèrsion,darkspear,1055,priest,shadow,24,11,13
Bornagain,gundrak,1055,priest,shadow,24,11,13
Büd,sargeras,1054,priest,shadow,18,11,7
Fouroneo,tichondrius,1054,priest,shadow,18,11,7
Darkshadows,ravenholdt,1052,priest,shadow,18,11,7
Nevermôre,area-52,1050,priest,shadow,18,11,7
Badnfluence,kiljaeden,1046,priest,shadow,18,11,7
Coors,lightnings-blade,1046,priest,shadow,24,11,13
Nocturnalx,illidan,1045,priest,shadow,18,11,7
Xammys,malganis,1043,priest,shadow,18,11,7
Layrissa,whisperwind,1043,priest,shadow,18,11,7
Emlix,tichondrius,1042,priest,shadow,30,11,19
Holydarkness,quelthalas,1038,priest,shadow,30,11,19
Vinasky,moon-guard,1022,priest,shadow,26,12,14
Galice,archimonde,1004,priest,shadow,42,19,23
Urmorphine,area-52,999,priest,shadow,158,79,79
Sinkz,ragnaros,992,priest,shadow,16,11,5
Pocket,alleria,991,priest,shadow,22,11,11
Healtheze,kelthuzad,989,priest,shadow,14,11,3
Jhivagosp,tichondrius,988,priest,shadow,22,11,11
Oglilptown,thunderlord,977,priest,shadow,48,26,22
Daemoon,deathwing,973,priest,shadow,20,12,8
Discountay,burning-legion,965,priest,shadow,20,11,9
Illushadio,area-52,963,priest,shadow,15,12,3
Claudiosip,tichondrius,960,priest,shadow,12,10,2
Ðemi,zuljin,960,priest,shadow,12,10,2
Mmrassassin,stormrage,960,priest,shadow,12,10,2
Anoumenon,tichondrius,960,priest,shadow,18,10,8
Evilgeniusx,area-52,960,priest,shadow,18,10,8
Gelato,velen,960,priest,shadow,18,10,8
Míslead,kelthuzad,959,priest,shadow,12,10,2
Inflìctìøn,frostmourne,959,priest,shadow,12,10,2
Verbeka,nemesis,959,priest,shadow,12,10,2
Synergia,drakkari,959,priest,shadow,12,10,2
Scarabless,bleeding-hollow,959,priest,shadow,18,10,8
Radicional,azralon,959,priest,shadow,18,10,8
Xtradotz,tichondrius,959,priest,shadow,18,10,8
Philmacrakn,stormrage,959,priest,shadow,18,10,8
Cxrsed,illidan,959,priest,shadow,18,10,8
Sakuraginero,illidan,959,priest,shadow,18,10,8
Dorraheals,tichondrius,959,priest,shadow,21,11,10
Terý,dalaran,959,priest,shadow,24,10,14
Ightdoe,zuljin,958,priest,shadow,12,10,2
Porffy,malygos,958,priest,shadow,18,10,8
Eraseme,bleeding-hollow,958,priest,shadow,18,10,8
Volkova,quelthalas,958,priest,shadow,18,10,8
Exigyo,quelthalas,957,priest,shadow,23,13,10
Voidork,tichondrius,957,priest,shadow,18,10,8
Tye,medivh,957,priest,shadow,18,10,8
Rizzle,emerald-dream,956,priest,shadow,18,10,8
Kibariyb,drakkari,956,priest,shadow,24,10,14
Gankdalf,draktharon,955,priest,shadow,18,10,8
Ragnálodbrok,ragnaros,953,priest,shadow,18,10,8
Xora,frostmourne,952,priest,shadow,18,10,8
Thrageqt,sargeras,908,priest,shadow,20,11,9
Machinecoach,stormrage,895,priest,shadow,22,10,12
Exen,moon-guard,894,priest,shadow,18,11,7
Daysgone,bleeding-hollow,883,priest,shadow,17,10,7
Yoggsarodney,tichondrius,880,priest,shadow,13,10,3
Jeseck,quelthalas,864,priest,shadow,12,9,3
Taxzury,tichondrius,864,priest,shadow,12,9,3
Feverx,tichondrius,864,priest,shadow,12,9,3
Uploading,moon-guard,864,priest,shadow,12,9,3
Fungame,malganis,864,priest,shadow,12,9,3
Gershwinner,daggerspine,864,priest,shadow,18,9,9
Teddipriest,tichondrius,864,priest,shadow,18,9,9
Royx,stormreaver,864,priest,shadow,18,9,9
Beloriath,ragnaros,863,priest,shadow,12,9,3
Delrey,sargeras,863,priest,shadow,18,9,9
Ðecease,thrall,863,priest,shadow,18,9,9
Woosanghong,tichondrius,863,priest,shadow,18,9,9
Elogant,frostmourne,863,priest,shadow,18,9,9
Stepho,dalaran,863,priest,shadow,18,9,9
Xtcbtc,sargeras,863,priest,shadow,18,9,9
Fancycorpse,tichondrius,863,priest,shadow,24,9,15
Everblack,executus,862,priest,shadow,12,9,3
Suirr,tichondrius,862,priest,shadow,12,9,3
Shadowyeti,illidan,862,priest,shadow,12,9,3
Touchypriest,jaedenar,862,priest,shadow,18,9,9
Constentien,tichondrius,862,priest,shadow,18,9,9
Dóctóre,thrall,862,priest,shadow,18,9,9
Ikillfast,tichondrius,862,priest,shadow,18,9,9
Vallfiresp,malganis,862,priest,shadow,22,10,12
Shadowflux,thunderlord,862,priest,shadow,30,9,21
Grimdox,tichondrius,861,priest,shadow,12,9,3
Melas,stormrage,861,priest,shadow,24,9,15
Healixd,area-52,861,priest,shadow,24,9,15
Viejiyoh,ragnaros,860,priest,shadow,18,9,9
Aeingel,amanthul,859,priest,shadow,30,9,21
Beansontoast,wyrmrest-accord,857,priest,shadow,12,9,3
Demples,darkspear,856,priest,shadow,12,9,3
Zaxine,moon-guard,854,priest,shadow,30,9,21
Hibot,illidan,849,priest,shadow,24,9,15
Lightbanter,emerald-dream,846,priest,shadow,24,9,15
Kagamì,frostmane,843,priest,shadow,31,9,22
Cymin,dalaran,816,priest,shadow,21,10,11
Jeängrey,tichondrius,815,priest,shadow,15,10,5
Stylonious,hyjal,815,priest,shadow,15,9,6
Buc,barthilas,813,priest,shadow,15,9,6
Ipse,azshara,807,priest,shadow,24,10,14
Pristoleiro,azralon,799,priest,shadow,11,9,2
Fledgeling,frostmourne,799,priest,shadow,14,9,5
Fedodesubaco,gallywix,782,priest,shadow,21,10,11
Dazull,bleeding-hollow,768,priest,shadow,12,8,4
Saintjudys,tichondrius,768,priest,shadow,12,8,4
Fathersmits,area-52,768,priest,shadow,12,8,4
Ruzhi,moon-guard,768,priest,shadow,12,8,4
Cloribestmom,tichondrius,768,priest,shadow,12,8,4
Oxycodex,thrall,768,priest,shadow,12,8,4
Aspéct,aegwynn,768,priest,shadow,12,8,4
Nohealerhere,frostmourne,768,priest,shadow,12,8,4
Nutdrip,tichondrius,768,priest,shadow,12,8,4
Silentólògy,malganis,768,priest,shadow,12,8,4
Stungods,frostmourne,768,priest,shadow,12,8,4
Lastbubble,area-52,768,priest,shadow,12,8,4
Skraitbussin,tichondrius,768,priest,shadow,12,8,4
Madcaddies,bonechewer,768,priest,shadow,18,8,10
Lillyp,malganis,768,priest,shadow,18,8,10
Àústîn,moon-guard,768,priest,shadow,18,8,10
Deacoderx,area-52,768,priest,shadow,18,8,10
Originull,emerald-dream,768,priest,shadow,18,8,10
Skepix,lightbringer,768,priest,shadow,18,8,10
Krelaeren,tichondrius,768,priest,shadow,24,8,16
Deadcode,frostmane,768,priest,shadow,25,8,17
Shadowlords,emerald-dream,767,priest,shadow,12,8,4
Faedyspriest,sargeras,767,priest,shadow,12,8,4
Hairyboxx,frostmourne,767,priest,shadow,12,8,4
Tungus,shadowsong,767,priest,shadow,12,8,4
Rogspriest,sargeras,767,priest,shadow,12,8,4
Easyrevenge,kelthuzad,767,priest,shadow,12,8,4
Priestzerath,azralon,767,priest,shadow,18,8,10
Irangara,gorefiend,767,priest,shadow,18,8,10
Badxjuju,frostmourne,767,priest,shadow,18,8,10
Grianné,mannoroth,766,priest,shadow,12,8,4
Solrina,khazgoroth,766,priest,shadow,12,8,4
Bestwizardx,tichondrius,766,priest,shadow,12,8,4
Aránhell,ragnaros,766,priest,shadow,12,8,4
Krypts,shadow-council,766,priest,shadow,12,8,4
Beautifulgir,illidan,766,priest,shadow,12,8,4
Jinzan,stormrage,766,priest,shadow,18,8,10
Leach,darkspear,766,priest,shadow,24,8,16
Bmô,stormrage,765,priest,shadow,18,8,10
Kumojorno,gilneas,765,priest,shadow,18,8,10
Castnngcouch,tichondrius,762,priest,shadow,18,8,10
Drkwispers,stormrage,762,priest,shadow,18,8,10
Sôuljah,skywall,760,priest,shadow,26,10,16
Eslaughter,twisting-nether,759,priest,shadow,12,8,4
Battlepope,the-scryers,755,priest,shadow,20,9,11
Memoria,emerald-dream,751,priest,shadow,15,9,6
Farnkxd,bleeding-hollow,735,priest,shadow,26,9,17
Vyabl,thrall,734,priest,shadow,18,9,9
Meegoshy,azuremyst,718,priest,shadow,17,8,9
Silmeriá,darkspear,714,priest,shadow,23,9,14
Mikó,dawnbringer,714,priest,shadow,29,10,19
Sempiternus,barthilas,713,priest,shadow,20,9,11
Yrrep,kelthuzad,703,priest,shadow,16,8,8
Mòrbídìtý,area-52,672,priest,shadow,12,7,5
Grëýmåttèr,moon-guard,672,priest,shadow,12,7,5
Hårper,area-52,672,priest,shadow,12,7,5
Fatzoid,the-forgotten-coast,672,priest,shadow,12,7,5
Bestpimp,frostmane,672,priest,shadow,12,7,5
Moonlightx,destromath,672,priest,shadow,12,7,5
Wodturbo,bleeding-hollow,672,priest,shadow,12,7,5
Såx,stormreaver,672,priest,shadow,12,7,5
Xiphoidz,frostmourne,672,priest,shadow,12,7,5
Bugweeb,sargeras,672,priest,shadow,12,7,5
Blackaries,frostmourne,672,priest,shadow,12,7,5
Jojoxxz,illidan,672,priest,shadow,12,7,5
Smitepie,malganis,672,priest,shadow,12,7,5
Phéonìx,zuljin,672,priest,shadow,12,7,5
Aeøns,sargeras,672,priest,shadow,12,7,5
Bucksp,zuljin,672,priest,shadow,12,7,5
Didy,dark-iron,672,priest,shadow,12,7,5
Duhpriest,frostmourne,672,priest,shadow,12,7,5
Ethandryl,kelthuzad,672,priest,shadow,12,7,5
Soný,stormrage,672,priest,shadow,12,7,5
Nightelffeet,stormrage,672,priest,shadow,12,7,5
Iluvwizkx,malganis,672,priest,shadow,12,7,5
Chicoryx,illidan,672,priest,shadow,12,7,5
Lontra,zangarmarsh,672,priest,shadow,12,7,5
Diddlur,black-dragonflight,672,priest,shadow,12,7,5
Gles,quelthalas,672,priest,shadow,13,7,6
Marfas,illidan,672,priest,shadow,20,8,12
Evelën,azralon,672,priest,shadow,18,7,11
Nightious,malganis,672,priest,shadow,18,7,11
Acpriest,tichondrius,672,priest,shadow,18,7,11
Veressà,quelthalas,672,priest,shadow,22,8,14
Chês,tichondrius,672,priest,shadow,24,7,17
Tënëbrë,nemesis,671,priest,shadow,12,7,5
Moonpenance,windrunner,671,priest,shadow,12,7,5
Foli,zuljin,671,priest,shadow,12,7,5
Voltstein,dalaran,671,priest,shadow,12,7,5
Darkrics,barthilas,671,priest,shadow,12,7,5
Nastyyshadow,aegwynn,671,priest,shadow,12,7,5
Jeffgordo,tichondrius,671,priest,shadow,12,7,5
Jiedx,tichondrius,671,priest,shadow,18,7,11
Mortivore,azralon,671,priest,shadow,18,7,11
Havefaith,whisperwind,671,priest,shadow,18,7,11
Deffaultz,turalyon,671,priest,shadow,18,7,11
Task,korgath,671,priest,shadow,18,7,11
Methodist,sargeras,671,priest,shadow,18,7,11
Pottime,tichondrius,671,priest,shadow,18,7,11
Montcrief,tichondrius,670,priest,shadow,12,7,5
Tonybromoo,kelthuzad,670,priest,shadow,12,7,5
Nerfdisc,azralon,670,priest,shadow,12,7,5
Puerquirri,quelthalas,670,priest,shadow,12,7,5
Littlebagel,nesingwary,670,priest,shadow,12,7,5
Iseeyoulookn,stormrage,670,priest,shadow,16,8,8
Shadzie,sargeras,670,priest,shadow,18,7,11
Gabryanna,emerald-dream,669,priest,shadow,24,7,17
Fightgirl,kelthuzad,666,priest,shadow,12,7,5
Crashed,frostmourne,654,priest,shadow,17,7,10
Popejack,stormrage,654,priest,shadow,17,7,10
Lucifena,darkspear,639,priest,shadow,11,7,4
Metaila,aerie-peak,639,priest,shadow,11,7,4
Chiliy,frostmourne,623,priest,shadow,11,7,4
Nizeurflayzz,tichondrius,607,priest,shadow,11,7,4
Propumper,dalaran,607,priest,shadow,11,7,4
Flowerpetals,emerald-dream,599,priest,shadow,21,7,14
Mastahmind,illidan,591,priest,shadow,13,7,6
Ìforted,zuljin,587,priest,shadow,19,7,12
Àx,draka,584,priest,shadow,17,8,9
Sydgames,area-52,576,priest,shadow,6,6,0
Nekkz,sargeras,576,priest,shadow,6,6,0
Freebolte,frostmourne,576,priest,shadow,6,6,0
Henrywhopper,fizzcrank,576,priest,shadow,6,6,0
Madmelter,emerald-dream,576,priest,shadow,6,6,0
Moonwald,moon-guard,576,priest,shadow,6,6,0
Dernièreplac,blackrock,576,priest,shadow,8,6,2
Deckx,khazgoroth,576,priest,shadow,10,7,3
Imshadow,azralon,576,priest,shadow,12,6,6
Sped,saurfang,576,priest,shadow,12,6,6
Lidole,barthilas,576,priest,shadow,12,6,6
Bipölar,area-52,576,priest,shadow,12,6,6
Qadris,tichondrius,576,priest,shadow,12,6,6
Tiernocookie,illidan,576,priest,shadow,12,6,6
Verbane,frostmourne,576,priest,shadow,12,6,6
Studiosxz,tichondrius,576,priest,shadow,12,6,6
Tidals,sargeras,576,priest,shadow,12,6,6
Shadeven,nagrand,576,priest,shadow,12,6,6
Pønt,sargeras,576,priest,shadow,12,6,6
Nüt,malganis,576,priest,shadow,12,6,6
Evansong,frostmane,576,priest,shadow,12,6,6
Spriestbro,emerald-dream,576,priest,shadow,12,6,6
Xionys,sargeras,576,priest,shadow,12,6,6
Pootzy,malganis,576,priest,shadow,12,6,6
Fxxkdamn,tichondrius,576,priest,shadow,12,6,6
Rachelstarrx,hyjal,576,priest,shadow,12,6,6
Disembly,illidan,576,priest,shadow,12,6,6
Lostnlight,aggramar,576,priest,shadow,12,6,6
Amentia,area-52,576,priest,shadow,12,6,6
Mks,barthilas,576,priest,shadow,12,6,6
Virsyti,area-52,576,priest,shadow,12,6,6
Heàl,akama,576,priest,shadow,12,6,6
Bearuwu,frostmourne,576,priest,shadow,12,6,6
Arzeuz,ragnaros,576,priest,shadow,12,6,6
Imhðtep,ragnaros,576,priest,shadow,12,6,6
Voidhearted,tichondrius,576,priest,shadow,12,6,6
Zeromisx,proudmoore,576,priest,shadow,12,6,6
Yungjim,the-forgotten-coast,576,priest,shadow,12,6,6
Thaumaturgy,chogall,576,priest,shadow,12,6,6
Osmatspriest,firetree,576,priest,shadow,18,6,12
Mindgamez,stormreaver,576,priest,shadow,18,6,12
Soulrulerx,tichondrius,576,priest,shadow,18,6,12
Swurvexo,bleeding-hollow,576,priest,shadow,18,6,12
Caeda,icecrown,576,priest,shadow,18,6,12
Finfangfoom,laughing-skull,576,priest,shadow,18,6,12
Cykle,blackrock,576,priest,shadow,24,6,18
Shadhoee,sargeras,576,priest,shadow,24,6,18
Grympriest,wyrmrest-accord,575,priest,shadow,12,6,6
Vashyy,stormrage,575,priest,shadow,12,6,6
Ed,crushridge,575,priest,shadow,12,6,6
Synkiz,darkspear,575,priest,shadow,12,6,6
Xð,jubeithos,575,priest,shadow,12,6,6
Unholyreáper,magtheridon,575,priest,shadow,12,6,6
Drsonny,proudmoore,575,priest,shadow,12,6,6
Nyktøs,quelthalas,575,priest,shadow,18,6,12
Allsmite,aerie-peak,575,priest,shadow,18,6,12
Likeleela,azshara,575,priest,shadow,18,6,12
Duhk,moon-guard,574,priest,shadow,12,6,6
Pandarue,tichondrius,574,priest,shadow,15,7,8
Jamashud,mannoroth,571,priest,shadow,12,6,6
Raelintha,kelthuzad,571,priest,shadow,15,7,8
Rotass,hyjal,559,priest,shadow,11,6,5
Holydestroyr,dentarg,527,priest,shadow,21,6,15
Kundalini,boulderfist,526,priest,shadow,11,6,5
Totorostarp,tichondrius,521,priest,shadow,22,8,14
Ceoofvoid,moon-guard,511,priest,shadow,8,6,2
Diyel,area-52,480,priest,shadow,6,5,1
Voltétt,tichondrius,480,priest,shadow,6,5,1
Fiéstah,illidan,480,priest,shadow,6,5,1
Hephiron,area-52,480,priest,shadow,6,5,1
Aristedes,thrall,480,priest,shadow,6,5,1
Jezebëll,nemesis,480,priest,shadow,6,5,1
Rykispriest,tichondrius,480,priest,shadow,6,5,1
Altera,drakkari,480,priest,shadow,6,5,1
Nawtyforever,tichondrius,480,priest,shadow,6,5,1
Valerift,moon-guard,480,priest,shadow,6,5,1
Chervz,chogall,480,priest,shadow,6,5,1
Bradythree,moon-guard,480,priest,shadow,6,5,1
Seanuts,emerald-dream,480,priest,shadow,6,5,1
Ukishizumi,tichondrius,480,priest,shadow,6,5,1
Wololo,emerald-dream,480,priest,shadow,6,5,1
Megamind,elune,480,priest,shadow,6,5,1
Aqurielen,turalyon,480,priest,shadow,6,5,1
Drteabaghaam,zuljin,480,priest,shadow,6,5,1
Talkura,tichondrius,480,priest,shadow,6,5,1
Kaidow,wyrmrest-accord,480,priest,shadow,6,5,1
Flynni,bleeding-hollow,480,priest,shadow,6,5,1
Rattyp,barthilas,480,priest,shadow,6,5,1
Hadoka,ragnaros,480,priest,shadow,6,5,1
Tensorflow,tichondrius,480,priest,shadow,6,5,1
Ahleven,tichondrius,480,priest,shadow,6,5,1
Lillyspr,malganis,480,priest,shadow,6,5,1
Shadowjisha,emerald-dream,480,priest,shadow,9,6,3
Goblindruid,bleeding-hollow,480,priest,shadow,12,5,7
Cryptron,tichondrius,480,priest,shadow,12,5,7
Lucariö,area-52,480,priest,shadow,12,5,7
Sohalexs,tichondrius,480,priest,shadow,12,5,7
Keepsleepin,stormrage,480,priest,shadow,12,5,7
Orderic,ragnaros,480,priest,shadow,12,5,7
Jenastreaux,wyrmrest-accord,480,priest,shadow,12,5,7
Flukex,tichondrius,480,priest,shadow,12,5,7
Seraphims,moon-guard,480,priest,shadow,12,5,7
Minnowhead,kelthuzad,480,priest,shadow,12,5,7
Onizukakeiji,hyjal,480,priest,shadow,12,5,7
Spriest,kul-tiras,480,priest,shadow,12,5,7
Sècret,tichondrius,480,priest,shadow,12,5,7
Littledog,velen,480,priest,shadow,12,5,7
Ramaven,arygos,480,priest,shadow,12,5,7
Pokeyoobutt,hydraxis,480,priest,shadow,12,5,7
Helleamh,tichondrius,480,priest,shadow,12,5,7
Optimism,frostmane,480,priest,shadow,12,5,7
Sársaukis,illidan,480,priest,shadow,12,5,7
Moä,nemesis,480,priest,shadow,12,5,7
Fatzzbtw,illidan,480,priest,shadow,12,5,7
Tsmc,moon-guard,480,priest,shadow,12,5,7
Arataxx,area-52,480,priest,shadow,12,5,7
Hygeïa,lightbringer,480,priest,shadow,12,5,7
Stankychimpo,malganis,480,priest,shadow,12,5,7
Faydes,arthas,480,priest,shadow,13,5,8
Stillmatick,tichondrius,480,priest,shadow,16,6,10
Zerohoür,emerald-dream,480,priest,shadow,16,6,10
Nedajoon,tichondrius,480,priest,shadow,17,6,11
Azrothlol,kul-tiras,480,priest,shadow,18,5,13
Sybal,suramar,480,priest,shadow,19,5,14
Halselin,senjin,479,priest,shadow,12,5,7
Amestroada,nemesis,479,priest,shadow,12,5,7
Sacerthu,goldrinn,479,priest,shadow,12,5,7
Wolfeclipse,sargeras,479,priest,shadow,12,5,7
Drkvagician,tichondrius,479,priest,shadow,12,5,7
Rippmmr,frostmourne,479,priest,shadow,18,5,13
Noodloctopus,area-52,478,priest,shadow,10,6,4
Antiraus,aerie-peak,478,priest,shadow,12,5,7
Valeknun,stormrage,477,priest,shadow,6,5,1
Emmitson,scarlet-crusade,448,priest,shadow,16,5,11
Wiiuwiiu,malganis,447,priest,shadow,11,5,6
Forober,queldorei,446,priest,shadow,10,6,4
Ryanrealz,tichondrius,432,priest,shadow,9,6,3
Sohalex,tichondrius,431,priest,shadow,11,5,6
Suery,hyjal,416,priest,shadow,10,5,5
Warklaw,frostmourne,415,priest,shadow,14,5,9
Reignsp,malganis,400,priest,shadow,7,5,2
Ampela,dalaran,400,priest,shadow,13,5,8
Nizr,bleeding-hollow,399,priest,shadow,5,5,0
Iemon,vashj,384,priest,shadow,6,4,2
Diskordia,stormrage,384,priest,shadow,6,4,2
Despairx,tichondrius,384,priest,shadow,6,4,2
Nås,elune,384,priest,shadow,6,4,2
Spookyman,malganis,384,priest,shadow,6,4,2
Ikiteforhash,zuljin,384,priest,shadow,6,4,2
Twítch,bonechewer,384,priest,shadow,6,4,2
Fullfear,lothar,384,priest,shadow,6,4,2
Minarhy,moon-guard,384,priest,shadow,6,4,2
Delai,dalaran,384,priest,shadow,6,4,2
Slimfo,sargeras,384,priest,shadow,6,4,2
Yuricksus,malganis,384,priest,shadow,6,4,2
Äni,sargeras,384,priest,shadow,6,4,2
Saevita,area-52,384,priest,shadow,6,4,2
Oldmanlou,spirestone,384,priest,shadow,6,4,2
Bax,kilrogg,384,priest,shadow,6,4,2
Plushys,emerald-dream,384,priest,shadow,6,4,2
Rôss,tichondrius,384,priest,shadow,6,4,2
Airil,mugthol,384,priest,shadow,6,4,2
Voidathon,sargeras,384,priest,shadow,6,4,2
Shietamazon,tichondrius,384,priest,shadow,6,4,2
Sungsh,zuljin,384,priest,shadow,6,4,2
Sleezi,emerald-dream,384,priest,shadow,6,4,2
Pootang,hyjal,384,priest,shadow,6,4,2
Zeacho,proudmoore,384,priest,shadow,6,4,2
Kynyssaelz,proudmoore,384,priest,shadow,6,4,2
Whosjoe,tichondrius,384,priest,shadow,6,4,2
Pastortee,sargeras,384,priest,shadow,6,4,2
Mitogen,malganis,384,priest,shadow,6,4,2
Ghedeloco,tichondrius,384,priest,shadow,6,4,2
Feminizm,tichondrius,384,priest,shadow,6,4,2
Mindflay,tichondrius,384,priest,shadow,6,4,2
Killían,darkspear,384,priest,shadow,6,4,2
Comoli,tichondrius,384,priest,shadow,6,4,2
Adíos,malganis,384,priest,shadow,6,4,2
Mentalprison,khazgoroth,384,priest,shadow,6,4,2
Prydas,tichondrius,384,priest,shadow,6,4,2
Duckdemon,ragnaros,384,priest,shadow,6,4,2
Ayzen,emerald-dream,384,priest,shadow,6,4,2
Jah,frostmourne,384,priest,shadow,6,4,2
Icarryozz,darkspear,384,priest,shadow,6,4,2
Carosene,thrall,384,priest,shadow,6,4,2
Floofball,medivh,384,priest,shadow,6,4,2
Cheach,echo-isles,384,priest,shadow,6,4,2
Tiinkerbell,moon-guard,384,priest,shadow,6,4,2
Folesian,tichondrius,384,priest,shadow,6,4,2
Härpocrates,area-52,384,priest,shadow,6,4,2
Sukes,korgath,384,priest,shadow,6,4,2
Krythe,laughing-skull,384,priest,shadow,6,4,2
Pozcas,blood-furnace,384,priest,shadow,6,4,2
Shieldspamx,tichondrius,384,priest,shadow,6,4,2
Shådøw,destromath,384,priest,shadow,6,4,2
Guillotine,azralon,384,priest,shadow,6,4,2
Prostrat,deathwing,384,priest,shadow,6,4,2
Ydonburi,tichondrius,384,priest,shadow,6,4,2
Valtres,tichondrius,384,priest,shadow,6,4,2
Haedn,azralon,384,priest,shadow,6,4,2
Sãoleozinho,azralon,384,priest,shadow,6,4,2
Itha,illidan,384,priest,shadow,6,4,2
Féarlust,demon-soul,384,priest,shadow,6,4,2
Mfn,deathwing,384,priest,shadow,11,4,7
Deathbyhot,gorefiend,384,priest,shadow,12,4,8
Lätöxïkä,alleria,384,priest,shadow,12,4,8
Influencing,moon-guard,384,priest,shadow,12,4,8
Himikko,illidan,384,priest,shadow,12,4,8
Vaeryl,stormrage,384,priest,shadow,12,4,8
Tokaru,frostmourne,384,priest,shadow,12,4,8
Mìçah,fizzcrank,384,priest,shadow,12,4,8
Reverendpope,tichondrius,384,priest,shadow,12,4,8
Alucardibee,turalyon,384,priest,shadow,12,4,8
Mannyelf,ragnaros,384,priest,shadow,12,4,8
Nonbinary,trollbane,384,priest,shadow,12,4,8
Vynardis,arygos,384,priest,shadow,12,4,8
Dialis,frostmourne,384,priest,shadow,12,4,8
Heheheg,tichondrius,384,priest,shadow,12,4,8
Fatäl,moon-guard,384,priest,shadow,12,4,8
Grimmyreap,malygos,384,priest,shadow,12,4,8
Jikoguu,stormscale,384,priest,shadow,12,4,8
Junethegreat,tichondrius,384,priest,shadow,12,4,8
Holydrop,sargeras,384,priest,shadow,12,4,8
Tenaebreu,tichondrius,384,priest,shadow,13,4,9
Arca,cenarion-circle,384,priest,shadow,18,4,14
Unfriend,sargeras,383,priest,shadow,12,4,8
Jammý,barthilas,383,priest,shadow,12,4,8
Whisper,zuljin,383,priest,shadow,12,4,8
Daisydux,emerald-dream,382,priest,shadow,6,4,2
Kkpriest,frostmourne,382,priest,shadow,6,4,2
Geulis,illidan,382,priest,shadow,12,4,8
Bwansandi,blackrock,370,priest,shadow,38,8,30
Thotsndots,blood-furnace,351,priest,shadow,8,5,3
Maldicius,emerald-dream,351,priest,shadow,11,4,7
Dtbündertree,nordrassil,319,priest,shadow,5,4,1
Peazyqt,tichondrius,304,priest,shadow,7,4,3
Pogchamp,alterac-mountains,288,priest,shadow,6,3,3
Xandir,kaelthas,288,priest,shadow,6,3,3
Quantumgoat,tichondrius,288,priest,shadow,6,3,3
Lolsodacans,malganis,288,priest,shadow,6,3,3
Creata,frostmourne,288,priest,shadow,6,3,3
Rigotakx,illidan,288,priest,shadow,6,3,3
Eddysmokes,tichondrius,288,priest,shadow,6,3,3
Likesshadows,tichondrius,288,priest,shadow,6,3,3
Shakarot,illidan,288,priest,shadow,6,3,3
Twistedtéa,garrosh,288,priest,shadow,6,3,3
Cappoo,tichondrius,288,priest,shadow,6,3,3
Moselol,tichondrius,288,priest,shadow,6,3,3
Lucènt,frostmourne,288,priest,shadow,6,3,3
Slogger,illidan,288,priest,shadow,6,3,3
Achllia,proudmoore,288,priest,shadow,6,3,3
Jugeum,proudmoore,288,priest,shadow,6,3,3
Kindyx,ragnaros,288,priest,shadow,6,3,3
Plumpkinn,kiljaeden,288,priest,shadow,6,3,3
Chroma,amanthul,288,priest,shadow,6,3,3
Nizanz,illidan,288,priest,shadow,6,3,3
Reâpêr,kelthuzad,288,priest,shadow,6,3,3
Empyreanlite,dalaran,288,priest,shadow,6,3,3
Sealife,kelthuzad,288,priest,shadow,6,3,3
Caiitlynn,quelthalas,288,priest,shadow,6,3,3
Fáll,bleeding-hollow,288,priest,shadow,6,3,3
Studpriest,tichondrius,288,priest,shadow,6,3,3
ßoy,amanthul,288,priest,shadow,6,3,3
Toxictampax,azjolnerub,288,priest,shadow,6,3,3
Nylaza,kiljaeden,288,priest,shadow,6,3,3
Intheway,bleeding-hollow,288,priest,shadow,6,3,3
Aliciab,andorhal,288,priest,shadow,6,3,3
Döllyy,illidan,288,priest,shadow,6,3,3
Fhelurian,quelthalas,288,priest,shadow,6,3,3
Hriest,tichondrius,288,priest,shadow,6,3,3
Wrathhealer,hellscream,288,priest,shadow,6,3,3
Elitë,frostmourne,288,priest,shadow,6,3,3
Chewit,kargath,288,priest,shadow,6,3,3
Îcecube,sargeras,288,priest,shadow,6,3,3
Xxmewo,sargeras,288,priest,shadow,6,3,3
Etherrion,area-52,288,priest,shadow,6,3,3
Snackabre,moon-guard,288,priest,shadow,6,3,3
Dumpesitwo,frostmourne,288,priest,shadow,6,3,3
Envyion,sargeras,288,priest,shadow,6,3,3
Sandrö,sargeras,288,priest,shadow,6,3,3
Valloren,kalecgos,288,priest,shadow,6,3,3
Fenix,bloodhoof,288,priest,shadow,6,3,3
Alykus,emerald-dream,288,priest,shadow,6,3,3
Oxytoxin,sargeras,288,priest,shadow,6,3,3
Vanisa,hellscream,288,priest,shadow,6,3,3
Ayooblitz,guldan,288,priest,shadow,6,3,3
Badbwoi,frostmourne,288,priest,shadow,6,3,3
Xuxu,frostmourne,288,priest,shadow,6,3,3
Unclelively,dragonmaw,288,priest,shadow,6,3,3
Heihunüwang,kargath,288,priest,shadow,6,3,3
Nawzyh,emerald-dream,288,priest,shadow,6,3,3
Seniorpickle,emerald-dream,288,priest,shadow,6,3,3
Zuuji,frostmourne,288,priest,shadow,6,3,3
Mindfulness,tichondrius,288,priest,shadow,6,3,3
Ossirus,emerald-dream,288,priest,shadow,6,3,3
Leyspring,moon-guard,288,priest,shadow,6,3,3
Drognar,lightbringer,288,priest,shadow,6,3,3
Whittysp,tichondrius,288,priest,shadow,6,3,3
Drelia,jubeithos,288,priest,shadow,6,3,3
Haransimongo,area-52,288,priest,shadow,6,3,3
Voidballs,tichondrius,288,priest,shadow,6,3,3
Mallox,quelthalas,288,priest,shadow,6,3,3
Ripchadman,tichondrius,288,priest,shadow,6,3,3
Bbeaie,tichondrius,288,priest,shadow,6,3,3
Limèria,emerald-dream,288,priest,shadow,6,3,3
Bubbleguppyx,tichondrius,288,priest,shadow,6,3,3
Samio,area-52,288,priest,shadow,6,3,3
Issaley,tichondrius,288,priest,shadow,6,3,3
Halîth,terenas,288,priest,shadow,6,3,3
Soloqqt,tichondrius,288,priest,shadow,6,3,3
Worldhealer,area-52,288,priest,shadow,6,3,3
Furìøns,nemesis,288,priest,shadow,6,3,3
Nuclease,turalyon,288,priest,shadow,6,3,3
Synisteria,sargeras,288,priest,shadow,6,3,3
Shadelink,tichondrius,288,priest,shadow,6,3,3
Onahaihu,tichondrius,288,priest,shadow,9,4,5
Creedence,jubeithos,288,priest,shadow,10,3,7
Sybenela,proudmoore,288,priest,shadow,12,3,9
Alphawon,area-52,288,priest,shadow,12,3,9
Torangi,tichondrius,288,priest,shadow,12,3,9
Shadowpain,the-underbog,288,priest,shadow,12,3,9
Stantz,burning-legion,288,priest,shadow,12,3,9
Tylored,zuljin,288,priest,shadow,12,3,9
Csonka,stormrage,288,priest,shadow,12,3,9
Lilpika,illidan,288,priest,shadow,12,3,9
Dunnbledore,area-52,288,priest,shadow,12,3,9
Angro,ragnaros,287,priest,shadow,6,3,3
Shadowbishop,barthilas,287,priest,shadow,6,3,3
Grímmz,veknilash,287,priest,shadow,7,3,4
Bernhard,azralon,239,priest,shadow,5,3,2
Akuvurá,nemesis,234,priest,shadow,17,7,10
Shadowblax,thrall,192,priest,shadow,4,3,1
Vtplz,bleeding-hollow,192,priest,shadow,4,3,1
Alip,tichondrius,192,priest,shadow,4,3,1
Clistyn,quelthalas,192,priest,shadow,6,2,4
Dippyzs,alterac-mountains,192,priest,shadow,6,2,4
Púrg,frostmourne,192,priest,shadow,6,2,4
Projectalice,ravencrest,192,priest,shadow,6,2,4
Byungsik,terenas,192,priest,shadow,6,2,4
Ptheld,tichondrius,192,priest,shadow,6,2,4
Cryptoccocus,zuljin,192,priest,shadow,6,2,4
Hail,kaelthas,192,priest,shadow,6,2,4
Lzzp,azralon,192,priest,shadow,6,2,4
Anxìetý,area-52,192,priest,shadow,6,2,4
Bumbleedot,azralon,192,priest,shadow,6,2,4
Furryoflife,suramar,192,priest,shadow,6,2,4
Dogfrompark,illidan,192,priest,shadow,6,2,4
Brounly,drakkari,192,priest,shadow,6,2,4
Pikeysplol,illidan,192,priest,shadow,6,2,4
Murkqz,azralon,192,priest,shadow,6,2,4
Selspriest,kelthuzad,192,priest,shadow,6,2,4
Ateras,emerald-dream,192,priest,shadow,6,2,4
Onlyphantoms,kelthuzad,192,priest,shadow,6,2,4
Xeras,ravencrest,192,priest,shadow,6,2,4
Barelylegalx,tichondrius,192,priest,shadow,6,2,4
Senadori,azjolnerub,192,priest,shadow,6,2,4
Layons,nemesis,192,priest,shadow,6,2,4
Psychohazard,area-52,192,priest,shadow,6,2,4
Beertriarch,frostmourne,192,priest,shadow,6,2,4
Kälashnikova,ragnaros,192,priest,shadow,6,2,4
Sâishâ,proudmoore,192,priest,shadow,6,2,4
Dotdotdead,earthen-ring,192,priest,shadow,6,2,4
Kryoff,illidan,192,priest,shadow,6,2,4
Hurtfeet,sargeras,192,priest,shadow,6,2,4
Scenekîd,moon-guard,192,priest,shadow,6,2,4
Midget,darkspear,192,priest,shadow,6,2,4
Zyte,stormrage,192,priest,shadow,6,2,4
Sshhaaddooww,tichondrius,192,priest,shadow,6,2,4
Hevnlyst,proudmoore,192,priest,shadow,6,2,4
Knoxy,fizzcrank,192,priest,shadow,6,2,4
Ëlliot,stormrage,192,priest,shadow,6,2,4
Enchantrez,frostmourne,192,priest,shadow,6,2,4
Shrax,emerald-dream,192,priest,shadow,6,2,4
Mitoloshi,ragnaros,192,priest,shadow,6,2,4
Horsegirls,kelthuzad,192,priest,shadow,6,2,4
Kabutta,stormrage,192,priest,shadow,6,2,4
Lolsithlord,tichondrius,192,priest,shadow,6,2,4
Orethon,thrall,192,priest,shadow,6,2,4
Lifejuice,tichondrius,192,priest,shadow,6,2,4
Haø,stormrage,192,priest,shadow,6,2,4
Melithor,frostmourne,192,priest,shadow,6,2,4
Scaryspise,nathrezim,192,priest,shadow,6,2,4
Darkenside,moon-guard,192,priest,shadow,6,2,4
Slctivhealng,area-52,192,priest,shadow,6,2,4
Csheweishan,aerie-peak,192,priest,shadow,6,2,4
Cpoppa,sargeras,192,priest,shadow,6,2,4
Apâthy,area-52,192,priest,shadow,6,2,4
Shmmoie,frostmourne,192,priest,shadow,6,2,4
Laq,proudmoore,192,priest,shadow,6,2,4
Priést,stormrage,192,priest,shadow,6,2,4
Lemmiewinkzx,sargeras,192,priest,shadow,6,2,4
Quinnx,tichondrius,192,priest,shadow,6,2,4
Voidgodtko,tichondrius,192,priest,shadow,6,2,4
Soulistic,arygos,192,priest,shadow,6,2,4
Innergee,aegwynn,192,priest,shadow,6,2,4
Ozztwo,tichondrius,192,priest,shadow,12,2,10
Alizhe,ragnaros,192,priest,shadow,12,2,10
Kulrig,shuhalo,192,priest,shadow,12,2,10
Tmpriest,tichondrius,175,priest,shadow,11,2,9
Chü,dalaran,169,priest,shadow,12,5,7
Dekomori,quelthalas,159,priest,shadow,5,2,3
Gobananas,bleeding-hollow,159,priest,shadow,5,2,3
Saltheril,burning-blade,159,priest,shadow,5,2,3
Tiizz,malganis,159,priest,shadow,5,2,3
Zyrith,sargeras,159,priest,shadow,9,2,7
Gaeira,azralon,159,priest,shadow,11,2,9
Sgiath,alleria,138,priest,shadow,9,4,5
Winss,tichondrius,128,priest,shadow,4,2,2
Samsypriest,frostmourne,126,priest,shadow,4,4,0
Pnub,aggramar,96,priest,shadow,3,2,1
Libationz,area-52,96,priest,shadow,3,2,1
Sätîvá,tichondrius,96,priest,shadow,3,2,1
Priestthingz,area-52,96,priest,shadow,8,2,6
Jèf,stormrage,96,priest,shadow,6,1,5
Omygawd,tichondrius,96,priest,shadow,6,1,5
Ibangedaqt,malganis,96,priest,shadow,6,1,5
Óst,tichondrius,96,priest,shadow,6,1,5
Galestick,illidan,96,priest,shadow,6,1,5
Nóin,tichondrius,96,priest,shadow,6,1,5
Whatsittoya,tichondrius,96,priest,shadow,6,1,5
Jaquels,sargeras,96,priest,shadow,6,1,5
Nightboxer,tichondrius,96,priest,shadow,6,1,5
Althlon,emerald-dream,96,priest,shadow,6,1,5
Voidrisu,sargeras,96,priest,shadow,6,1,5
Lyxorr,area-52,96,priest,shadow,6,1,5
Shadowftw,illidan,96,priest,shadow,6,1,5
Vdip,illidan,96,priest,shadow,6,1,5
Powerwordwap,malganis,96,priest,shadow,6,1,5
Bigdaddios,dalaran,96,priest,shadow,6,1,5
Drosslolz,illidan,96,priest,shadow,6,1,5
Baerybonds,kiljaeden,96,priest,shadow,6,1,5
Shadylotion,stormrage,96,priest,shadow,6,1,5
Sadury,tichondrius,96,priest,shadow,6,1,5
Shadowreck,malganis,96,priest,shadow,6,1,5
Younext,sargeras,96,priest,shadow,6,1,5
Psyward,tichondrius,96,priest,shadow,6,1,5
Mauriel,proudmoore,96,priest,shadow,6,1,5
Lukaspriest,proudmoore,96,priest,shadow,6,1,5
Glek,tichondrius,96,priest,shadow,6,1,5
Dadsalad,zuljin,96,priest,shadow,6,1,5
Wrinkletink,whisperwind,96,priest,shadow,6,1,5
Oxyy,aerie-peak,96,priest,shadow,6,1,5
Teccalil,tichondrius,96,priest,shadow,6,1,5
Irilde,proudmoore,96,priest,shadow,6,1,5
Amikam,barthilas,96,priest,shadow,6,1,5
Vyndictus,shattered-hand,96,priest,shadow,6,1,5
Jxkep,frostmourne,96,priest,shadow,6,1,5
Kelody,zuljin,96,priest,shadow,6,1,5
Lilskizz,dalaran,96,priest,shadow,6,1,5
Hermïs,stormrage,96,priest,shadow,6,1,5
Dawnbréaker,azralon,96,priest,shadow,6,1,5
Dazzlems,tichondrius,96,priest,shadow,6,1,5
Mangemoélqc,darkspear,96,priest,shadow,6,1,5
Milliyakk,area-52,96,priest,shadow,6,1,5
Shadolord,illidan,96,priest,shadow,6,1,5
Lôvecraft,frostmourne,96,priest,shadow,6,1,5
Nancynibbler,bleeding-hollow,96,priest,shadow,6,1,5
Nachòs,wildhammer,96,priest,shadow,6,1,5
Lleak,tichondrius,96,priest,shadow,6,1,5
Kodaks,frostmourne,96,priest,shadow,6,1,5
Soonya,arygos,96,priest,shadow,9,1,8
Jpray,bleeding-hollow,96,priest,shadow,12,1,11
Kunof,ragnaros,79,priest,shadow,5,1,4
Bublethenrun,cenarius,48,priest,shadow,3,1,2
Trågédy,azjolnerub,16,priest,shadow,1,1,0
Weran,tichondrius,1890,rogue,outlaw,54,28,26
Dvn,stormrage,1844,rogue,outlaw,54,32,22
Sadiator,illidan,1810,rogue,outlaw,59,31,28
Millspec,tichondrius,1762,rogue,outlaw,117,58,59
Millspec,zuljin,1730,rogue,outlaw,42,25,17
Yellowrose,kelthuzad,1695,rogue,outlaw,38,23,15
Welinth,thunderlord,1688,rogue,outlaw,330,166,164
Dennerdz,tichondrius,1688,rogue,outlaw,47,19,28
Lycanthropî,illidan,1655,rogue,outlaw,80,37,43
Xylvána,kiljaeden,1640,rogue,outlaw,66,31,35
Lazeestab,sargeras,1619,rogue,outlaw,148,83,65
Supherr,sargeras,1616,rogue,outlaw,35,18,17
Càgil,stormrage,1607,rogue,outlaw,34,19,15
Jmaxx,tichondrius,1603,rogue,outlaw,51,32,19
Lardiconn,thrall,1600,rogue,outlaw,36,26,10
Trêl,velen,1597,rogue,outlaw,60,33,27
Gnøver,ragnaros,1585,rogue,outlaw,88,45,43
Velskud,area-52,1578,rogue,outlaw,46,28,18
Supine,illidan,1539,rogue,outlaw,103,55,48
Mirâge,illidan,1533,rogue,outlaw,50,28,22
Karambit,frostmourne,1522,rogue,outlaw,96,43,53
Kentaki,tichondrius,1515,rogue,outlaw,60,33,27
Jenaki,gurubashi,1442,rogue,outlaw,62,32,30
Jolly,frostmourne,1440,rogue,outlaw,53,22,31
Itsuksiko,quelthalas,1435,rogue,outlaw,40,21,19
Disrawen,ragnaros,1414,rogue,outlaw,240,115,125
Sapsis,shandris,1409,rogue,outlaw,47,22,25
Shindeiru,area-52,1399,rogue,outlaw,43,30,13
Mgzx,tichondrius,1386,rogue,outlaw,30,19,11
Combo,norgannon,1382,rogue,outlaw,74,43,31
Blackmont,bleeding-hollow,1379,rogue,outlaw,30,17,13
Bleaklord,emerald-dream,1373,rogue,outlaw,48,17,31
Hobblefoot,proudmoore,1339,rogue,outlaw,40,21,19
Dogeggs,area-52,1331,rogue,outlaw,30,14,16
Jakamungo,area-52,1315,rogue,outlaw,46,22,24
Gotosor,quelthalas,1314,rogue,outlaw,101,48,53
Reyskywalker,kelthuzad,1303,rogue,outlaw,24,15,9
Ntrfighter,tichondrius,1258,rogue,outlaw,71,36,35
Wátchyoúrbák,wyrmrest-accord,1247,rogue,outlaw,30,14,16
Redimído,quelthalas,1244,rogue,outlaw,27,14,13
Deadracer,moon-guard,1148,rogue,outlaw,24,12,12
Fastblast,wyrmrest-accord,1146,rogue,outlaw,24,12,12
Omnïslash,stormrage,1144,rogue,outlaw,30,12,18
Mabushi,sargeras,1135,rogue,outlaw,42,15,27
Azarha,zuljin,1092,rogue,outlaw,40,22,18
Johnnyelbows,tichondrius,1078,rogue,outlaw,27,13,14
Wujn,tichondrius,1050,rogue,outlaw,24,11,13
Lumifer,quelthalas,1050,rogue,outlaw,54,18,36
Adevoir,hakkar,1049,rogue,outlaw,48,24,24
Valefarr,emerald-dream,1043,rogue,outlaw,29,13,16
Mechamind,draka,1034,rogue,outlaw,18,11,7
Zarthrox,bladefist,1027,rogue,outlaw,24,12,12
Farstrider,tichondrius,1012,rogue,outlaw,66,25,41
Thuganomics,dark-iron,1008,rogue,outlaw,27,12,15
Emoond,ragnaros,989,rogue,outlaw,27,13,14
Inhume,eredar,960,rogue,outlaw,24,10,14
Larmx,tichondrius,960,rogue,outlaw,24,10,14
Straite,area-52,959,rogue,outlaw,18,10,8
Quapi,tichondrius,959,rogue,outlaw,18,10,8
Dross,shadowmoon,958,rogue,outlaw,24,10,14
Houlton,moon-guard,957,rogue,outlaw,18,10,8
Preceptor,azralon,956,rogue,outlaw,24,10,14
Nitroxy,quelthalas,950,rogue,outlaw,24,10,14
Shninzy,senjin,910,rogue,outlaw,31,11,20
Asdestroyerr,tichondrius,863,rogue,outlaw,18,9,9
Stabbythorus,stormrage,862,rogue,outlaw,18,9,9
Bebesita,sisters-of-elune,860,rogue,outlaw,18,9,9
Zogbu,stormrage,858,rogue,outlaw,18,9,9
Badpatatas,proudmoore,848,rogue,outlaw,36,9,27
Phraze,silvermoon,840,rogue,outlaw,24,11,13
Coalie,tichondrius,816,rogue,outlaw,15,9,6
Deepsyo,frostmourne,768,rogue,outlaw,12,8,4
Lesty,kelthuzad,768,rogue,outlaw,12,8,4
Slitherex,thunderlord,763,rogue,outlaw,21,9,12
Thompson,bloodscalp,672,rogue,outlaw,12,7,5
Snakeblisken,emerald-dream,672,rogue,outlaw,18,7,11
Luolan,kargath,672,rogue,outlaw,30,7,23
Drsinz,tichondrius,671,rogue,outlaw,18,7,11
Slowtime,quelthalas,671,rogue,outlaw,18,7,11
Evilkoreanz,tichondrius,670,rogue,outlaw,12,7,5
Cosmicò,trollbane,670,rogue,outlaw,12,7,5
Jamesallen,silvermoon,659,rogue,outlaw,12,7,5
Arena,uldum,623,rogue,outlaw,11,7,4
Roxy,ghostlands,623,rogue,outlaw,17,7,10
Deeppockets,sargeras,576,rogue,outlaw,12,6,6
Esky,tichondrius,576,rogue,outlaw,12,6,6
Tarnished,ravenholdt,576,rogue,outlaw,12,6,6
Cidi,moon-guard,576,rogue,outlaw,18,6,12
Xyleth,azgalor,575,rogue,outlaw,12,6,6
Drakariano,ragnaros,575,rogue,outlaw,18,6,12
Vanorn,aerie-peak,575,rogue,outlaw,18,6,12
Deddyy,zuljin,574,rogue,outlaw,18,6,12
Bonizzi,stormrage,573,rogue,outlaw,12,6,6
Marraya,area-52,573,rogue,outlaw,12,6,6
Maglove,nemesis,571,rogue,outlaw,12,6,6
Listrew,stormrage,571,rogue,outlaw,12,6,6
Tsubamë,tichondrius,480,rogue,outlaw,6,5,1
Tmpikaboo,tichondrius,480,rogue,outlaw,6,5,1
Gothamzzing,tichondrius,480,rogue,outlaw,12,5,7
Galfuran,burning-legion,480,rogue,outlaw,12,5,7
Sekkelx,moon-guard,480,rogue,outlaw,12,5,7
Spikiera,silvermoon,480,rogue,outlaw,18,5,13
Sasskei,malganis,479,rogue,outlaw,12,5,7
Darthkelso,arathor,465,rogue,outlaw,24,5,19
Xavar,malganis,384,rogue,outlaw,6,4,2
Krypticstab,malganis,384,rogue,outlaw,6,4,2
Alandoril,tichondrius,384,rogue,outlaw,6,4,2
Kents,tichondrius,384,rogue,outlaw,6,4,2
Flashmob,zuljin,384,rogue,outlaw,6,4,2
Synj,frostmourne,384,rogue,outlaw,6,4,2
Xylvana,kiljaeden,384,rogue,outlaw,6,4,2
Earthinhorn,frostmourne,384,rogue,outlaw,12,4,8
Showclass,stormrage,384,rogue,outlaw,12,4,8
Sprork,kiljaeden,384,rogue,outlaw,12,4,8
Dayvanie,area-52,384,rogue,outlaw,12,4,8
Blingtronx,malganis,384,rogue,outlaw,12,4,8
Subnini,kelthuzad,384,rogue,outlaw,18,4,14
Gheez,quelthalas,383,rogue,outlaw,6,4,2
Katanië,moon-guard,383,rogue,outlaw,12,4,8
Daftjack,bleeding-hollow,381,rogue,outlaw,12,4,8
Houdinilogic,skullcrusher,381,rogue,outlaw,12,4,8
Ningaturtle,korgath,376,rogue,outlaw,18,4,14
Fennick,tanaris,351,rogue,outlaw,11,4,7
Kasharo,tichondrius,288,rogue,outlaw,6,3,3
Hedillyan,azralon,288,rogue,outlaw,6,3,3
Whaazz,emerald-dream,288,rogue,outlaw,6,3,3
Bootypie,hyjal,288,rogue,outlaw,6,3,3
Machos,azralon,288,rogue,outlaw,6,3,3
Karmagoodttv,stormrage,288,rogue,outlaw,6,3,3
Amorfirion,frostmourne,288,rogue,outlaw,6,3,3
Alexdelion,tichondrius,288,rogue,outlaw,6,3,3
Daehyun,moknathal,288,rogue,outlaw,6,3,3
Homeschoolx,moon-guard,288,rogue,outlaw,6,3,3
Movze,area-52,288,rogue,outlaw,6,3,3
Drpibb,ghostlands,288,rogue,outlaw,12,3,9
Xzarfi,moon-guard,288,rogue,outlaw,18,3,15
Stabyou,sentinels,287,rogue,outlaw,6,3,3
Grimthorn,icecrown,285,rogue,outlaw,12,3,9
Fryphilip,dalaran,256,rogue,outlaw,10,3,7
Hotboxthefox,illidan,253,rogue,outlaw,11,3,8
Duskeron,cenarius,192,rogue,outlaw,6,2,4
Creamcakepop,stormrage,192,rogue,outlaw,6,2,4
Slobernocker,stormrage,192,rogue,outlaw,6,2,4
Remonezero,moon-guard,192,rogue,outlaw,6,2,4
Jebubs,tichondrius,192,rogue,outlaw,6,2,4
Touchthetip,bleeding-hollow,192,rogue,outlaw,6,2,4
Jsyn,kiljaeden,192,rogue,outlaw,6,2,4
Mud,saurfang,192,rogue,outlaw,6,2,4
Prisonshank,arthas,192,rogue,outlaw,6,2,4
Sxs,kiljaeden,192,rogue,outlaw,12,2,10
Òklahomie,frostwolf,191,rogue,outlaw,6,2,4
Philliamson,azgalor,190,rogue,outlaw,12,2,10
Downsix,sargeras,96,rogue,outlaw,6,1,5
Vîllâîn,tichondrius,96,rogue,outlaw,6,1,5
Happyslice,stormrage,96,rogue,outlaw,6,1,5
Lu,lethon,96,rogue,outlaw,6,1,5
Sindor,azralon,96,rogue,outlaw,6,1,5
Xm,sargeras,96,rogue,outlaw,6,1,5
Rinestiria,arthas,96,rogue,outlaw,6,1,5
Madge,area-52,96,rogue,outlaw,6,1,5
Neilyo,barthilas,96,rogue,outlaw,6,1,5
Reginageorge,azuremyst,96,rogue,outlaw,6,1,5
Hîzzÿ,ghostlands,96,rogue,outlaw,12,1,11
Culpera,undermine,95,rogue,outlaw,6,1,5
Zelosse,area-52,16,rogue,outlaw,1,1,0
Erebüs,thunderlord,2227,rogue,subtlety,78,50,28
Ymxxworld,tichondrius,2107,rogue,subtlety,96,49,47
Battzii,wyrmrest-accord,2061,rogue,subtlety,405,210,195
Lies,dalaran,2010,rogue,subtlety,87,43,44
Alexdelion,tichondrius,1923,rogue,subtlety,66,34,32
Danrathm,sargeras,1916,rogue,subtlety,73,41,32
Rangoons,tichondrius,1894,rogue,subtlety,60,36,24
Needbuff,tichondrius,1865,rogue,subtlety,54,25,29
Coopi,tichondrius,1853,rogue,subtlety,115,60,55
Scuffedjr,tichondrius,1852,rogue,subtlety,72,31,41
Himitu,tichondrius,1849,rogue,subtlety,89,46,43
Coregx,tichondrius,1842,rogue,subtlety,36,24,12
Norbury,tichondrius,1838,rogue,subtlety,71,33,38
Rõý,area-52,1837,rogue,subtlety,42,23,19
Brucerogue,tichondrius,1835,rogue,subtlety,176,95,81
Stunsofpuns,sargeras,1833,rogue,subtlety,60,33,27
Maulline,tichondrius,1828,rogue,subtlety,42,20,22
Stealthypoop,kelthuzad,1825,rogue,subtlety,83,40,43
Smkgpvp,stormrage,1823,rogue,subtlety,68,43,25
Clern,emerald-dream,1818,rogue,subtlety,65,35,30
Celèphaïs,tichondrius,1817,rogue,subtlety,63,30,33
Bruítzy,barthilas,1809,rogue,subtlety,156,82,74
Wizlysnipz,tichondrius,1808,rogue,subtlety,60,35,25
Díor,azralon,1807,rogue,subtlety,124,70,54
Ajl,drenden,1793,rogue,subtlety,52,29,23
Axtually,proudmoore,1778,rogue,subtlety,60,38,22
Silentkush,arthas,1774,rogue,subtlety,48,28,20
Gyokkó,sargeras,1770,rogue,subtlety,36,20,16
Zerogh,tichondrius,1765,rogue,subtlety,123,70,53
Bigpump,lothar,1752,rogue,subtlety,54,28,26
Aaronjlol,tichondrius,1747,rogue,subtlety,36,23,13
Roguesparrow,illidan,1732,rogue,subtlety,68,36,32
Ganknvanish,tichondrius,1723,rogue,subtlety,74,35,39
Kellenx,moon-guard,1713,rogue,subtlety,109,53,56
Dvin,stormrage,1700,rogue,subtlety,48,25,23
Stabem,moon-guard,1693,rogue,subtlety,39,24,15
Jaos,tichondrius,1667,rogue,subtlety,42,22,20
Wetit,illidan,1666,rogue,subtlety,54,35,19
Lxw,frostmourne,1652,rogue,subtlety,37,20,17
Cydonian,ragnaros,1647,rogue,subtlety,42,21,21
Steef,arygos,1638,rogue,subtlety,80,48,32
Shinigâmì,tichondrius,1633,rogue,subtlety,54,36,18
Furt,frostmourne,1633,rogue,subtlety,44,25,19
Ulley,sargeras,1627,rogue,subtlety,66,33,33
Kenpàchi,kelthuzad,1626,rogue,subtlety,36,21,15
Wowamaze,aegwynn,1623,rogue,subtlety,52,32,20
Fátálíty,tichondrius,1618,rogue,subtlety,30,17,13
Whoox,khazgoroth,1614,rogue,subtlety,30,20,10
Preceptor,azralon,1614,rogue,subtlety,86,44,42
Eekz,sargeras,1613,rogue,subtlety,128,67,61
Zipperx,tichondrius,1613,rogue,subtlety,59,30,29
Bezeta,azralon,1611,rogue,subtlety,137,76,61
Pxb,sargeras,1609,rogue,subtlety,36,17,19
Poizzon,emerald-dream,1603,rogue,subtlety,35,21,14
Runakó,kelthuzad,1603,rogue,subtlety,48,21,27
Bruitzygg,barthilas,1599,rogue,subtlety,38,19,19
Hayzarc,malfurion,1598,rogue,subtlety,42,21,21
Kalvish,dalaran,1597,rogue,subtlety,29,17,12
Yesua,ragnaros,1596,rogue,subtlety,144,71,73
Kainm,stormrage,1592,rogue,subtlety,194,106,88
Cahlee,sargeras,1591,rogue,subtlety,58,24,34
Bobsaget,kiljaeden,1590,rogue,subtlety,47,22,25
Piscís,sargeras,1584,rogue,subtlety,42,22,20
Trizin,frostmourne,1563,rogue,subtlety,84,45,39
Blakezilla,tichondrius,1557,rogue,subtlety,36,20,16
Camlaw,area-52,1556,rogue,subtlety,54,31,23
Assassìn,moon-guard,1556,rogue,subtlety,98,51,47
Grelinho,stormrage,1554,rogue,subtlety,66,26,40
Îzu,ysera,1553,rogue,subtlety,51,27,24
Tarny,illidan,1547,rogue,subtlety,52,21,31
Vyrenn,destromath,1537,rogue,subtlety,65,29,36
Cut,ragnaros,1534,rogue,subtlety,66,32,34
Fela,crushridge,1531,rogue,subtlety,132,67,65
Rosoma,kelthuzad,1530,rogue,subtlety,40,23,17
Turtlespeed,thrall,1522,rogue,subtlety,60,32,28
Killmebaby,lightnings-blade,1514,rogue,subtlety,42,23,19
Illmatíc,kelthuzad,1502,rogue,subtlety,29,16,13
Galaxybrain,icecrown,1498,rogue,subtlety,120,76,44
Garrotte,tichondrius,1478,rogue,subtlety,69,26,43
Sapyalater,thrall,1475,rogue,subtlety,96,54,42
Mosedz,tichondrius,1474,rogue,subtlety,48,28,20
Eekz,illidan,1469,rogue,subtlety,143,80,63
Kinbaal,bleeding-hollow,1461,rogue,subtlety,30,18,12
Rufian,ursin,1460,rogue,subtlety,36,18,18
Scenna,stormrage,1457,rogue,subtlety,72,30,42
Xleo,drakkari,1456,rogue,subtlety,102,51,51
Tulis,frostmourne,1455,rogue,subtlety,116,76,40
Vyll,stormrage,1452,rogue,subtlety,31,16,15
Nicoaa,tichondrius,1449,rogue,subtlety,104,52,52
Trucidovaco,daggerspine,1449,rogue,subtlety,88,40,48
Quinity,wyrmrest-accord,1446,rogue,subtlety,73,39,34
Lurios,rivendare,1445,rogue,subtlety,62,31,31
Eridian,tichondrius,1443,rogue,subtlety,43,20,23
Kaylyth,whisperwind,1436,rogue,subtlety,36,15,21
Epipenqt,dark-iron,1431,rogue,subtlety,42,26,16
Hunchó,area-52,1431,rogue,subtlety,65,38,27
Yoskit,tichondrius,1429,rogue,subtlety,24,15,9
Rougething,bleeding-hollow,1415,rogue,subtlety,36,17,19
Åer,dalaran,1412,rogue,subtlety,77,36,41
Secrettecbot,barthilas,1411,rogue,subtlety,30,18,12
Fulkrem,wyrmrest-accord,1410,rogue,subtlety,74,34,40
Greasybbsea,illidan,1410,rogue,subtlety,54,23,31
Luradfate,dalaran,1406,rogue,subtlety,118,61,57
Chãlons,tichondrius,1406,rogue,subtlety,66,32,34
Vigílant,proudmoore,1402,rogue,subtlety,54,24,30
Drsinz,tichondrius,1399,rogue,subtlety,60,26,34
Sasugay,sargeras,1391,rogue,subtlety,38,21,17
Klâng,tichondrius,1389,rogue,subtlety,49,22,27
Neuschurke,warsong,1386,rogue,subtlety,42,23,19
Sgtbuttfat,dalaran,1385,rogue,subtlety,41,20,21
Lyfallah,proudmoore,1384,rogue,subtlety,85,49,36
Sapùwú,stormrage,1384,rogue,subtlety,90,48,42
Fofree,hyjal,1382,rogue,subtlety,24,15,9
Lagault,muradin,1380,rogue,subtlety,54,34,20
Kyubïx,ragnaros,1380,rogue,subtlety,42,22,20
Ojibwe,tichondrius,1373,rogue,subtlety,28,15,13
Kolander,tichondrius,1366,rogue,subtlety,56,27,29
Ironfistofcn,tichondrius,1364,rogue,subtlety,60,32,28
Mistnazgul,quelthalas,1361,rogue,subtlety,59,34,25
Søprøle,ragnaros,1356,rogue,subtlety,68,41,27
Raymga,tichondrius,1355,rogue,subtlety,48,29,19
Worrglaive,dalaran,1347,rogue,subtlety,60,29,31
Narcoleptic,dalaran,1346,rogue,subtlety,84,40,44
Deadguys,tichondrius,1344,rogue,subtlety,54,25,29
Kibbs,korgath,1344,rogue,subtlety,42,18,24
Kidcutti,proudmoore,1340,rogue,subtlety,30,14,16
Tolthe,hyjal,1340,rogue,subtlety,36,16,20
Spacebase,illidan,1337,rogue,subtlety,24,14,10
Saltypwncake,illidan,1331,rogue,subtlety,30,14,16
Genève,dreadmaul,1327,rogue,subtlety,24,14,10
Gnøver,ragnaros,1320,rogue,subtlety,54,31,23
Gankolicious,nerzhul,1317,rogue,subtlety,18,14,4
Bugser,tichondrius,1313,rogue,subtlety,24,14,10
Speedboi,skullcrusher,1311,rogue,subtlety,63,39,24
Pince,black-dragonflight,1310,rogue,subtlety,24,14,10
Cv,proudmoore,1304,rogue,subtlety,24,14,10
Odelöt,drakkari,1302,rogue,subtlety,48,26,22
Pocketman,barthilas,1299,rogue,subtlety,59,24,35
Imgunnacrumb,malganis,1296,rogue,subtlety,107,56,51
Abacura,moon-guard,1292,rogue,subtlety,36,20,16
Vanvanlords,azralon,1291,rogue,subtlety,32,15,17
Xiaozhi,tichondrius,1282,rogue,subtlety,34,15,19
Ikmagine,icecrown,1281,rogue,subtlety,42,17,25
Täy,thrall,1280,rogue,subtlety,47,23,24
Shellby,tichondrius,1279,rogue,subtlety,44,25,19
Lisnp,tichondrius,1274,rogue,subtlety,194,91,103
Sahima,tichondrius,1269,rogue,subtlety,80,43,37
Hollfex,nemesis,1265,rogue,subtlety,38,19,19
Gothblade,malganis,1258,rogue,subtlety,30,15,15
Lilstab,hakkar,1250,rogue,subtlety,98,49,49
Tmpikaboo,tichondrius,1248,rogue,subtlety,18,13,5
Unshut,tichondrius,1247,rogue,subtlety,18,13,5
Wazowskiy,tichondrius,1246,rogue,subtlety,36,13,23
Emrogr,tichondrius,1244,rogue,subtlety,42,20,22
Endlesswaltz,zuljin,1243,rogue,subtlety,30,13,17
Prrey,hydraxis,1242,rogue,subtlety,30,13,17
Liryth,lightninghoof,1240,rogue,subtlety,39,22,17
Kawagreen,tichondrius,1232,rogue,subtlety,33,17,16
Trâshy,stormrage,1215,rogue,subtlety,25,14,11
Swanl,stormrage,1212,rogue,subtlety,30,13,17
Variat,azralon,1206,rogue,subtlety,48,21,27
Dessenia,illidan,1205,rogue,subtlety,67,41,26
Mirajoo,tichondrius,1199,rogue,subtlety,34,15,19
Arbitér,moonrunner,1191,rogue,subtlety,58,20,38
Kylerxius,korgath,1190,rogue,subtlety,30,18,12
Roxeni,tichondrius,1181,rogue,subtlety,28,13,15
Eraticrogue,illidan,1178,rogue,subtlety,29,13,16
Abogansterr,ragnaros,1167,rogue,subtlety,72,39,33
Poohpants,frostmourne,1166,rogue,subtlety,71,34,37
Gyrfalcon,spirestone,1162,rogue,subtlety,127,59,68
Guiguzidr,illidan,1159,rogue,subtlety,48,24,24
Paulpitation,blood-furnace,1155,rogue,subtlety,39,15,24
Itskanashi,frostmourne,1154,rogue,subtlety,51,21,30
Slashthunder,blades-edge,1152,rogue,subtlety,18,12,6
Antos,tichondrius,1152,rogue,subtlety,18,12,6
Mitsurí,sargeras,1152,rogue,subtlety,18,12,6
Håkünämãtåtä,stormrage,1152,rogue,subtlety,18,12,6
Bèstworld,dalaran,1152,rogue,subtlety,24,12,12
Vendettita,quelthalas,1151,rogue,subtlety,18,12,6
Onîkudaki,sargeras,1151,rogue,subtlety,30,12,18
Stealthyxd,arthas,1150,rogue,subtlety,36,12,24
Dysxliec,dalaran,1149,rogue,subtlety,24,12,12
Smormu,bonechewer,1144,rogue,subtlety,24,12,12
Oilydaimon,tichondrius,1143,rogue,subtlety,61,29,32
Stankyx,bleeding-hollow,1139,rogue,subtlety,24,12,12
Smashol,barthilas,1135,rogue,subtlety,48,20,28
Hypermix,tichondrius,1129,rogue,subtlety,24,12,12
Elmabrox,quelthalas,1129,rogue,subtlety,35,14,21
Dustt,stormrage,1125,rogue,subtlety,18,12,6
Cutthroat,aegwynn,1121,rogue,subtlety,45,20,25
Jeri,gundrak,1113,rogue,subtlety,30,17,13
Venace,agamaggan,1104,rogue,subtlety,23,12,11
Prisonshank,arthas,1093,rogue,subtlety,61,36,25
Noriel,dathremar,1085,rogue,subtlety,30,13,17
Cuizhudi,tichondrius,1081,rogue,subtlety,20,13,7
Jaanmonty,frostmourne,1081,rogue,subtlety,24,12,12
Hotcarl,kiljaeden,1077,rogue,subtlety,28,14,14
Riskgo,frostwolf,1071,rogue,subtlety,24,12,12
Sabedoria,barthilas,1070,rogue,subtlety,28,13,15
Santyno,ragnaros,1067,rogue,subtlety,36,16,20
Doklim,spinebreaker,1064,rogue,subtlety,58,32,26
Sixcombopts,area-52,1056,rogue,subtlety,18,11,7
Ozzinton,kelthuzad,1055,rogue,subtlety,18,11,7
Esmeraldas,frostmourne,1054,rogue,subtlety,18,11,7
Tootsio,tichondrius,1054,rogue,subtlety,18,11,7
Haiev,tichondrius,1054,rogue,subtlety,24,11,13
Rabe,nagrand,1053,rogue,subtlety,24,11,13
Corntens,area-52,1050,rogue,subtlety,20,11,9
Négrá,ragnaros,1048,rogue,subtlety,18,11,7
Ðarkrøøxs,stormrage,1048,rogue,subtlety,24,11,13
Trolladrão,goldrinn,1048,rogue,subtlety,24,11,13
Laotrec,nemesis,1045,rogue,subtlety,33,12,21
Olg,arathor,1043,rogue,subtlety,71,36,35
Hyperdexia,stormrage,1042,rogue,subtlety,88,47,41
Soulvex,barthilas,1040,rogue,subtlety,18,11,7
Abaløne,tichondrius,1037,rogue,subtlety,55,22,33
Kaminokage,barthilas,1035,rogue,subtlety,33,12,21
Miraclesap,stormrage,1032,rogue,subtlety,42,25,17
Kachimodo,illidan,1029,rogue,subtlety,42,20,22
Vanishman,ragnaros,1026,rogue,subtlety,18,11,7
Humphugull,skullcrusher,1018,rogue,subtlety,29,11,18
Slackness,bleeding-hollow,1015,rogue,subtlety,55,32,23
Korviz,area-52,1008,rogue,subtlety,60,30,30
Bloodwish,tichondrius,1007,rogue,subtlety,23,11,12
Ghost,shattered-halls,1006,rogue,subtlety,68,27,41
Plado,tichondrius,1005,rogue,subtlety,17,11,6
Relidria,thrall,1002,rogue,subtlety,30,18,12
Skallywagg,emerald-dream,1001,rogue,subtlety,30,14,16
Undreas,kiljaeden,997,rogue,subtlety,71,35,36
Feragho,tichondrius,992,rogue,subtlety,34,11,23
Weenies,illidan,989,rogue,subtlety,17,11,6
Bubblesr,whisperwind,980,rogue,subtlety,48,22,26
Calebrogue,illidan,960,rogue,subtlety,12,10,2
Ascherx,veknilash,960,rogue,subtlety,12,10,2
Æsshayádlay,tichondrius,960,rogue,subtlety,24,10,14
Okaylmao,tichondrius,959,rogue,subtlety,12,10,2
Beanlord,spinebreaker,959,rogue,subtlety,18,10,8
Eazyg,tichondrius,959,rogue,subtlety,18,10,8
Spaca,kelthuzad,959,rogue,subtlety,18,10,8
Tigerinu,stormreaver,959,rogue,subtlety,18,10,8
Lucki,tichondrius,958,rogue,subtlety,18,10,8
Stealthkid,tichondrius,958,rogue,subtlety,18,10,8
Harkknight,sargeras,958,rogue,subtlety,86,44,42
Lululee,tichondrius,958,rogue,subtlety,30,10,20
Aszombie,tichondrius,957,rogue,subtlety,12,10,2
Tapwaterx,illidan,957,rogue,subtlety,24,10,14
Shilaya,dreadmaul,957,rogue,subtlety,24,10,14
Jadier,emerald-dream,955,rogue,subtlety,18,10,8
Topapple,mugthol,952,rogue,subtlety,24,11,13
Moufwash,sargeras,952,rogue,subtlety,24,10,14
Zarkans,proudmoore,940,rogue,subtlety,18,10,8
Lesliechow,sargeras,910,rogue,subtlety,28,14,14
Yázim,tichondrius,906,rogue,subtlety,19,11,8
Elßronkas,quelthalas,895,rogue,subtlety,36,17,19
Usernameqtxo,kelthuzad,893,rogue,subtlety,22,10,12
Meer,balnazzar,865,rogue,subtlety,16,11,5
Bimbogirl,dalaran,865,rogue,subtlety,22,11,11
Votekanye,bleeding-hollow,864,rogue,subtlety,12,9,3
Zeiss,tichondrius,864,rogue,subtlety,18,9,9
Greyyfox,illidan,864,rogue,subtlety,27,10,17
Illoo,frostmourne,863,rogue,subtlety,18,9,9
Proddivus,stormrage,863,rogue,subtlety,30,9,21
Neilyo,barthilas,862,rogue,subtlety,18,9,9
Rigotak,illidan,862,rogue,subtlety,18,9,9
Twotimed,magtheridon,862,rogue,subtlety,18,9,9
Blitzree,thrall,861,rogue,subtlety,12,9,3
Biggisdiggis,tichondrius,860,rogue,subtlety,12,9,3
Raqed,eredar,860,rogue,subtlety,18,9,9
Overzz,azralon,859,rogue,subtlety,21,9,12
Gannjalord,frostmane,858,rogue,subtlety,22,10,12
Jhors,tichondrius,856,rogue,subtlety,18,9,9
Esker,dragonmaw,854,rogue,subtlety,18,9,9
Suñg,tichondrius,854,rogue,subtlety,24,9,15
Alexon,wyrmrest-accord,848,rogue,subtlety,72,30,42
Dizzm,area-52,847,rogue,subtlety,12,9,3
Revelationzz,turalyon,846,rogue,subtlety,16,10,6
Aelnoor,ragnaros,846,rogue,subtlety,24,9,15
Ayo,exodar,845,rogue,subtlety,18,9,9
Cutindle,illidan,842,rogue,subtlety,18,9,9
Kilrogga,azshara,837,rogue,subtlety,18,9,9
Nadari,cenarius,837,rogue,subtlety,24,9,15
Zamji,tichondrius,834,rogue,subtlety,18,9,9
Yellowdeep,tichondrius,831,rogue,subtlety,14,10,4
Flashmob,zuljin,831,rogue,subtlety,20,10,10
Trillkage,tichondrius,797,rogue,subtlety,26,9,17
Hahaurblind,perenolde,796,rogue,subtlety,22,9,13
Fearnomore,destromath,769,rogue,subtlety,54,18,36
Czd,frostmourne,768,rogue,subtlety,12,8,4
Wîzz,bleeding-hollow,768,rogue,subtlety,12,8,4
Lesty,kelthuzad,768,rogue,subtlety,12,8,4
Originalfake,sargeras,768,rogue,subtlety,12,8,4
Ärog,tichondrius,768,rogue,subtlety,12,8,4
Köfy,quelthalas,768,rogue,subtlety,17,8,9
Hiyõ,tichondrius,768,rogue,subtlety,18,8,10
Taidath,area-52,768,rogue,subtlety,18,8,10
Dionavelynn,area-52,767,rogue,subtlety,12,8,4
Kiingspade,tichondrius,767,rogue,subtlety,12,8,4
Înfêrnô,emerald-dream,767,rogue,subtlety,18,8,10
Ilesire,frostmourne,767,rogue,subtlety,18,8,10
Vaith,wyrmrest-accord,767,rogue,subtlety,18,8,10
Reclusivexo,tichondrius,767,rogue,subtlety,18,8,10
Errorless,moon-guard,767,rogue,subtlety,18,8,10
Razmir,malfurion,766,rogue,subtlety,18,8,10
Yato,mugthol,764,rogue,subtlety,12,8,4
Mcromance,khadgar,764,rogue,subtlety,24,8,16
Vexyz,tichondrius,763,rogue,subtlety,18,8,10
Khorgan,mugthol,762,rogue,subtlety,24,8,16
Shivlightnin,tichondrius,762,rogue,subtlety,24,8,16
Mhasto,azralon,759,rogue,subtlety,18,8,10
Draculà,wyrmrest-accord,758,rogue,subtlety,18,8,10
Kerimoynihan,barthilas,757,rogue,subtlety,28,11,17
Silentmoralz,tichondrius,757,rogue,subtlety,29,8,21
Onara,quelthalas,756,rogue,subtlety,12,8,4
Nijanari,wyrmrest-accord,754,rogue,subtlety,24,8,16
Shadownibba,illidan,752,rogue,subtlety,18,8,10
Arakine,uldaman,748,rogue,subtlety,15,9,6
Rarkalth,azralon,741,rogue,subtlety,29,8,21
Bladefang,quelthalas,732,rogue,subtlety,17,10,7
Ikerz,tichondrius,719,rogue,subtlety,15,8,7
Tamsy,the-forgotten-coast,672,rogue,subtlety,9,8,1
Coughsyrup,sargeras,672,rogue,subtlety,12,7,5
Frooty,stormrage,672,rogue,subtlety,12,7,5
Àsgà,area-52,672,rogue,subtlety,12,7,5
Axerax,draka,672,rogue,subtlety,12,7,5
Wimpz,hyjal,672,rogue,subtlety,12,7,5
Xvds,tichondrius,672,rogue,subtlety,12,7,5
Joeyzord,stormrage,672,rogue,subtlety,12,7,5
Bobfoonk,tichondrius,672,rogue,subtlety,12,7,5
Feyahni,wyrmrest-accord,672,rogue,subtlety,12,7,5
Memoríst,frostmourne,672,rogue,subtlety,18,7,11
Clicksbtns,area-52,672,rogue,subtlety,18,7,11
Niwbor,azralon,672,rogue,subtlety,24,7,17
Pichichi,frostmourne,671,rogue,subtlety,12,7,5
Keepitshadow,frostmourne,671,rogue,subtlety,12,7,5
Murked,barthilas,671,rogue,subtlety,12,7,5
Christiaan,area-52,671,rogue,subtlety,12,7,5
Ninetaildfox,arthas,671,rogue,subtlety,12,7,5
Toxsith,tichondrius,671,rogue,subtlety,12,7,5
Stanley,mugthol,671,rogue,subtlety,12,7,5
Sapzz,tichondrius,671,rogue,subtlety,18,7,11
Frusciante,nemesis,671,rogue,subtlety,18,7,11
Brilliance,skywall,671,rogue,subtlety,18,7,11
Nezumikami,malganis,671,rogue,subtlety,18,7,11
Jdmg,azralon,670,rogue,subtlety,12,7,5
Pleodonis,tichondrius,670,rogue,subtlety,24,7,17
Rykojin,sargeras,669,rogue,subtlety,12,7,5
Anteccessor,tichondrius,669,rogue,subtlety,18,7,11
Jagó,malganis,667,rogue,subtlety,12,7,5
Chompycat,tichondrius,667,rogue,subtlety,18,7,11
Srmazakre,ragnaros,667,rogue,subtlety,18,7,11
Toe,boulderfist,659,rogue,subtlety,15,8,7
Kody,dalaran,639,rogue,subtlety,17,7,10
Lilshanker,tichondrius,617,rogue,subtlety,22,8,14
Gptcodeplay,tichondrius,576,rogue,subtlety,6,6,0
Deadshank,bleeding-hollow,576,rogue,subtlety,6,6,0
Caldø,tichondrius,576,rogue,subtlety,6,6,0
Homarx,quelthalas,576,rogue,subtlety,10,7,3
Palumor,deathwing,576,rogue,subtlety,12,6,6
Trc,illidan,576,rogue,subtlety,12,6,6
Xedi,illidan,576,rogue,subtlety,12,6,6
Fkq,emerald-dream,576,rogue,subtlety,12,6,6
Mayhemghost,rexxar,576,rogue,subtlety,12,6,6
Jannie,rexxar,576,rogue,subtlety,12,6,6
Vlone,icecrown,576,rogue,subtlety,12,6,6
Popss,whisperwind,576,rogue,subtlety,12,6,6
Mermm,burning-blade,576,rogue,subtlety,12,6,6
Littlescrub,frostmourne,576,rogue,subtlety,12,6,6
Kindasorry,illidan,576,rogue,subtlety,12,6,6
Pamaaj,sargeras,576,rogue,subtlety,12,6,6
Themosk,malganis,576,rogue,subtlety,12,6,6
Revila,bleeding-hollow,576,rogue,subtlety,12,6,6
Lymon,azralon,576,rogue,subtlety,12,6,6
Klawz,norgannon,576,rogue,subtlety,12,6,6
Turec,illidan,576,rogue,subtlety,12,6,6
Candren,area-52,576,rogue,subtlety,12,6,6
ßeep,windrunner,576,rogue,subtlety,12,6,6
Kaliasteddin,area-52,576,rogue,subtlety,12,6,6
Tmpikaboo,mugthol,576,rogue,subtlety,12,6,6
Unholydood,bonechewer,576,rogue,subtlety,12,6,6
Shadxr,tichondrius,576,rogue,subtlety,12,6,6
Roguetrix,stormrage,576,rogue,subtlety,15,7,8
Swippz,tichondrius,576,rogue,subtlety,18,6,12
Kents,tichondrius,576,rogue,subtlety,18,6,12
Goopthicc,sargeras,576,rogue,subtlety,18,6,12
Drakariano,ragnaros,576,rogue,subtlety,18,6,12
Cinnashank,darkspear,576,rogue,subtlety,18,6,12
Jácket,area-52,576,rogue,subtlety,24,6,18
Struggle,sargeras,576,rogue,subtlety,24,6,18
Jinxkiller,tichondrius,575,rogue,subtlety,12,6,6
Krolczz,tichondrius,575,rogue,subtlety,12,6,6
Mcnastier,dunemaul,575,rogue,subtlety,12,6,6
Calvin,moon-guard,575,rogue,subtlety,12,6,6
Saintt,khaz-modan,575,rogue,subtlety,12,6,6
Maulgryve,frostwolf,575,rogue,subtlety,12,6,6
Macsap,frostmourne,575,rogue,subtlety,12,6,6
Hiarolson,stormrage,575,rogue,subtlety,12,6,6
Thugspice,stormrage,575,rogue,subtlety,12,6,6
Gank,jubeithos,575,rogue,subtlety,12,6,6
Ballflicker,malganis,575,rogue,subtlety,18,6,12
Zogbu,stormrage,575,rogue,subtlety,18,6,12
Dreamcatcher,azralon,575,rogue,subtlety,18,6,12
Poofus,vashj,575,rogue,subtlety,18,6,12
Threeplates,silvermoon,575,rogue,subtlety,18,6,12
Alttee,proudmoore,573,rogue,subtlety,12,6,6
Aynrand,drakkari,573,rogue,subtlety,23,6,17
Iapologize,area-52,572,rogue,subtlety,12,6,6
Xylow,garona,571,rogue,subtlety,27,6,21
Degrok,quelthalas,568,rogue,subtlety,12,6,6
Zelthy,frostmourne,510,rogue,subtlety,11,6,5
Mendiant,azralon,480,rogue,subtlety,6,5,1
Ghoarie,sargeras,480,rogue,subtlety,6,5,1
Decóm,zuljin,480,rogue,subtlety,10,6,4
Grinjuk,area-52,480,rogue,subtlety,12,5,7
Scrubzz,barthilas,480,rogue,subtlety,12,5,7
Blakezillax,tichondrius,480,rogue,subtlety,12,5,7
Liqwid,stormrage,480,rogue,subtlety,12,5,7
Twnice,tichondrius,480,rogue,subtlety,12,5,7
Axiy,stormrage,480,rogue,subtlety,12,5,7
Orihimesz,azralon,480,rogue,subtlety,12,5,7
Jon,the-venture-co,480,rogue,subtlety,12,5,7
Chimpo,ravencrest,480,rogue,subtlety,12,5,7
Pjh,sargeras,480,rogue,subtlety,12,5,7
Xandroesh,darkspear,480,rogue,subtlety,12,5,7
Milafortnite,tichondrius,480,rogue,subtlety,12,5,7
Blinky,blades-edge,480,rogue,subtlety,12,5,7
Misthios,chogall,480,rogue,subtlety,12,5,7
Pwnsauce,frostmourne,480,rogue,subtlety,12,5,7
Mhün,malganis,480,rogue,subtlety,12,5,7
Atulano,wyrmrest-accord,480,rogue,subtlety,12,5,7
Henya,magtheridon,480,rogue,subtlety,12,5,7
Poolover,barthilas,480,rogue,subtlety,12,5,7
Wowcode,tichondrius,480,rogue,subtlety,12,5,7
Killdrunk,stormrage,480,rogue,subtlety,12,5,7
Lozion,malganis,480,rogue,subtlety,12,5,7
Tiladar,tichondrius,480,rogue,subtlety,12,5,7
Uchihaputin,tichondrius,480,rogue,subtlety,12,5,7
Defthands,tichondrius,480,rogue,subtlety,12,5,7
Monkeykongr,lightnings-blade,480,rogue,subtlety,12,5,7
Faelanna,stormrage,480,rogue,subtlety,13,5,8
Greasymario,kelthuzad,480,rogue,subtlety,18,5,13
Reinaldojr,azralon,480,rogue,subtlety,18,5,13
Psychostabby,tichondrius,480,rogue,subtlety,18,5,13
Ambushr,tichondrius,479,rogue,subtlety,6,5,1
Zitihait,amanthul,479,rogue,subtlety,6,5,1
Arÿaa,azralon,479,rogue,subtlety,12,5,7
Catoline,bleeding-hollow,479,rogue,subtlety,12,5,7
Qlog,tichondrius,479,rogue,subtlety,12,5,7
Kekdasneak,dragonmaw,479,rogue,subtlety,18,5,13
Indivisible,thunderlord,477,rogue,subtlety,12,5,7
Liamoz,amanthul,475,rogue,subtlety,12,5,7
Backtoch,sargeras,447,rogue,subtlety,11,5,6
Arwy,stormrage,447,rogue,subtlety,11,5,6
Sketchyweas,sargeras,426,rogue,subtlety,14,6,8
Cayladin,tichondrius,416,rogue,subtlety,10,5,5
Luriél,stormrage,415,rogue,subtlety,10,5,5
Seerenai,moon-guard,384,rogue,subtlety,6,4,2
Sandorroguee,stormrage,384,rogue,subtlety,6,4,2
Stuntedscamp,bleeding-hollow,384,rogue,subtlety,6,4,2
Bootimus,illidan,384,rogue,subtlety,6,4,2
Smang,mugthol,384,rogue,subtlety,6,4,2
Deadopps,stormrage,384,rogue,subtlety,6,4,2
Thèllè,sargeras,384,rogue,subtlety,6,4,2
Astutý,illidan,384,rogue,subtlety,6,4,2
Sapntapx,malganis,384,rogue,subtlety,6,4,2
Prepcoin,malganis,384,rogue,subtlety,6,4,2
Xemnxnt,stormrage,384,rogue,subtlety,6,4,2
Wrldstars,illidan,384,rogue,subtlety,6,4,2
Bloodyhairy,area-52,384,rogue,subtlety,6,4,2
Jinglez,frostmourne,384,rogue,subtlety,6,4,2
Unoshade,illidan,384,rogue,subtlety,6,4,2
Acid,warsong,384,rogue,subtlety,6,4,2
Gatõ,quelthalas,384,rogue,subtlety,6,4,2
Siyeong,tichondrius,384,rogue,subtlety,6,4,2
Coldkill,bleeding-hollow,384,rogue,subtlety,6,4,2
Chauva,zuljin,384,rogue,subtlety,6,4,2
Foreverioi,tichondrius,384,rogue,subtlety,6,4,2
Donpeon,hellscream,384,rogue,subtlety,6,4,2
Nightcloud,tichondrius,384,rogue,subtlety,6,4,2
Memnõch,emerald-dream,384,rogue,subtlety,6,4,2
Flaremagnet,whisperwind,384,rogue,subtlety,6,4,2
Nines,icecrown,384,rogue,subtlety,6,4,2
Lefteex,tichondrius,384,rogue,subtlety,6,4,2
Altaureen,thrall,384,rogue,subtlety,6,4,2
Elishadowed,proudmoore,384,rogue,subtlety,12,4,8
Muggzy,emerald-dream,384,rogue,subtlety,12,4,8
Morpheûs,tichondrius,384,rogue,subtlety,12,4,8
Takamoto,windrunner,384,rogue,subtlety,12,4,8
Tàlion,emerald-dream,384,rogue,subtlety,12,4,8
Mercaderps,frostmourne,384,rogue,subtlety,12,4,8
Freshcakes,darkspear,384,rogue,subtlety,12,4,8
Seutobinhaa,stormrage,384,rogue,subtlety,12,4,8
Shreddér,tichondrius,384,rogue,subtlety,12,4,8
Lazaruslong,stormrage,384,rogue,subtlety,12,4,8
Micromoon,windrunner,384,rogue,subtlety,12,4,8
ßaltø,bleeding-hollow,384,rogue,subtlety,12,4,8
Ntshaav,illidan,384,rogue,subtlety,12,4,8
Miamiganster,lothar,384,rogue,subtlety,12,4,8
Flankks,sargeras,384,rogue,subtlety,12,4,8
Zzffqsm,tichondrius,384,rogue,subtlety,12,4,8
Oksanaastan,tichondrius,384,rogue,subtlety,18,4,14
Vangroen,quelthalas,383,rogue,subtlety,6,4,2
Swayo,tichondrius,383,rogue,subtlety,6,4,2
Freego,quelthalas,383,rogue,subtlety,6,4,2
Sildin,sargeras,383,rogue,subtlety,6,4,2
Frèyjä,bleeding-hollow,383,rogue,subtlety,12,4,8
Ràinê,dalaran,383,rogue,subtlety,12,4,8
Hènnéssy,frostmourne,383,rogue,subtlety,12,4,8
Maewyn,aerie-peak,383,rogue,subtlety,13,4,9
Toxiccarnage,ghostlands,383,rogue,subtlety,14,4,10
Shadowpunx,nemesis,382,rogue,subtlety,6,4,2
Knife,moon-guard,381,rogue,subtlety,12,4,8
Jjp,tichondrius,367,rogue,subtlety,11,4,7
Sinice,draka,351,rogue,subtlety,8,5,3
Samuraii,zuljin,335,rogue,subtlety,11,4,7
Idsapdat,illidan,330,rogue,subtlety,9,6,3
Peeryl,daggerspine,327,rogue,subtlety,15,5,10
Rawdawged,illidan,320,rogue,subtlety,16,4,12
Antijax,stormrage,288,rogue,subtlety,6,3,3
Hemorrhages,tichondrius,288,rogue,subtlety,6,3,3
Snackable,tichondrius,288,rogue,subtlety,6,3,3
Dödoubleg,stormrage,288,rogue,subtlety,6,3,3
Gongarn,thrall,288,rogue,subtlety,6,3,3
Orangez,malfurion,288,rogue,subtlety,6,3,3
Whothekilla,tichondrius,288,rogue,subtlety,6,3,3
Ãnimefãnx,moon-guard,288,rogue,subtlety,6,3,3
Anbuartist,dalaran,288,rogue,subtlety,6,3,3
Reverel,tichondrius,288,rogue,subtlety,6,3,3
Kazzo,tichondrius,288,rogue,subtlety,6,3,3
Bumboklaat,bleeding-hollow,288,rogue,subtlety,6,3,3
Støné,azjolnerub,288,rogue,subtlety,6,3,3
Castsequence,khaz-modan,288,rogue,subtlety,6,3,3
Sit,frostwolf,288,rogue,subtlety,6,3,3
Draiygo,nerzhul,288,rogue,subtlety,6,3,3
Sinfate,bleeding-hollow,288,rogue,subtlety,6,3,3
Isonlydosex,tichondrius,288,rogue,subtlety,6,3,3
Xoltin,tichondrius,288,rogue,subtlety,6,3,3
Yurkarogue,tichondrius,288,rogue,subtlety,6,3,3
Luolan,kargath,288,rogue,subtlety,6,3,3
Bríng,illidan,288,rogue,subtlety,6,3,3
Darkìs,tichondrius,288,rogue,subtlety,6,3,3
Dìngapoof,tichondrius,288,rogue,subtlety,6,3,3
Junemylove,tichondrius,288,rogue,subtlety,6,3,3
Commodore,arthas,288,rogue,subtlety,6,3,3
Cron,arygos,288,rogue,subtlety,6,3,3
Zarrth,malganis,288,rogue,subtlety,6,3,3
Topfloorboss,illidan,288,rogue,subtlety,6,3,3
Ralæriel,wyrmrest-accord,288,rogue,subtlety,6,3,3
Shadowreapz,barthilas,288,rogue,subtlety,6,3,3
Pegglerogue,fizzcrank,288,rogue,subtlety,6,3,3
Gåñðøñ,stormscale,288,rogue,subtlety,6,3,3
Amatoxin,tichondrius,288,rogue,subtlety,6,3,3
Yamillpgk,ragnaros,288,rogue,subtlety,6,3,3
Roguish,kiljaeden,288,rogue,subtlety,6,3,3
Stunjunky,area-52,288,rogue,subtlety,6,3,3
Leftyleaf,proudmoore,288,rogue,subtlety,6,3,3
Creayuncle,area-52,288,rogue,subtlety,6,3,3
Corrier,tichondrius,288,rogue,subtlety,6,3,3
Siniel,scarlet-crusade,288,rogue,subtlety,9,4,5
Taraminkadot,sargeras,288,rogue,subtlety,9,4,5
ßutthead,malganis,288,rogue,subtlety,7,3,4
Terala,perenolde,288,rogue,subtlety,12,3,9
Yülia,skywall,288,rogue,subtlety,12,3,9
Grinz,sargeras,288,rogue,subtlety,12,3,9
Falra,wyrmrest-accord,288,rogue,subtlety,12,3,9
Veatrix,zuljin,288,rogue,subtlety,12,3,9
Carpe,barthilas,288,rogue,subtlety,12,3,9
Ideology,azgalor,288,rogue,subtlety,12,3,9
Zapersapp,malygos,288,rogue,subtlety,12,3,9
Hogstradamus,malganis,288,rogue,subtlety,12,3,9
Maløkeirø,stormrage,288,rogue,subtlety,12,3,9
Deathben,tichondrius,288,rogue,subtlety,12,3,9
Jexy,barthilas,288,rogue,subtlety,12,3,9
Miloandotis,malganis,288,rogue,subtlety,12,3,9
Relaxsingh,tichondrius,288,rogue,subtlety,18,3,15
Framsteg,kelthuzad,287,rogue,subtlety,6,3,3
Urukzog,ragnaros,287,rogue,subtlety,6,3,3
Redtvco,blackrock,287,rogue,subtlety,6,3,3
Witherblade,area-52,287,rogue,subtlety,6,3,3
Cerebrian,malygos,286,rogue,subtlety,6,3,3
Tareduwu,area-52,286,rogue,subtlety,18,3,15
Hmmkek,frostmourne,239,rogue,subtlety,5,3,2
Youngdraco,tichondrius,239,rogue,subtlety,5,3,2
Jalaroot,frostmourne,234,rogue,subtlety,11,5,6
Radagon,fenris,234,rogue,subtlety,9,4,5
Grima,azralon,223,rogue,subtlety,8,3,5
Nemoye,tichondrius,192,rogue,subtlety,6,2,4
Pouet,caelestrasz,192,rogue,subtlety,6,2,4
Skorsh,wyrmrest-accord,192,rogue,subtlety,6,2,4
Reflexiv,malganis,192,rogue,subtlety,6,2,4
Nlynn,veknilash,192,rogue,subtlety,6,2,4
Chêckmatê,darkspear,192,rogue,subtlety,6,2,4
Teribád,area-52,192,rogue,subtlety,6,2,4
Coalie,tichondrius,192,rogue,subtlety,6,2,4
Kami,kelthuzad,192,rogue,subtlety,6,2,4
Sathrion,zuljin,192,rogue,subtlety,6,2,4
Meadview,bleeding-hollow,192,rogue,subtlety,6,2,4
Macklittle,area-52,192,rogue,subtlety,6,2,4
Brustent,icecrown,192,rogue,subtlety,6,2,4
Terrorstrike,tichondrius,192,rogue,subtlety,6,2,4
Runescape,frostmourne,192,rogue,subtlety,6,2,4
Abdullahh,tichondrius,192,rogue,subtlety,6,2,4
Åaron,thrall,192,rogue,subtlety,6,2,4
Lmorningstar,altar-of-storms,192,rogue,subtlety,6,2,4
Shankmcganks,chogall,192,rogue,subtlety,6,2,4
Slíçk,tichondrius,192,rogue,subtlety,6,2,4
Xyltann,bleeding-hollow,192,rogue,subtlety,6,2,4
Buddymelon,thrall,192,rogue,subtlety,6,2,4
Nubes,illidan,192,rogue,subtlety,6,2,4
Yourhomieaj,tichondrius,192,rogue,subtlety,6,2,4
Pikabuu,bleeding-hollow,192,rogue,subtlety,6,2,4
Getfkdkid,tichondrius,192,rogue,subtlety,6,2,4
Sapsis,shandris,192,rogue,subtlety,6,2,4
Skitsöu,tichondrius,192,rogue,subtlety,6,2,4
Draef,illidan,192,rogue,subtlety,6,2,4
Pootymunchin,daggerspine,192,rogue,subtlety,6,2,4
Smakkey,tichondrius,192,rogue,subtlety,6,2,4
Jsnlol,zuljin,192,rogue,subtlety,6,2,4
Picaropanda,quelthalas,192,rogue,subtlety,6,2,4
Tìlt,whisperwind,192,rogue,subtlety,6,2,4
Grue,gundrak,192,rogue,subtlety,6,2,4
Jujudaddy,darkspear,192,rogue,subtlety,6,2,4
Stateless,kelthuzad,192,rogue,subtlety,6,2,4
Icantsleep,tichondrius,192,rogue,subtlety,6,2,4
Elvesnknives,stormrage,192,rogue,subtlety,6,2,4
Surplus,stormscale,192,rogue,subtlety,6,2,4
Söda,emerald-dream,192,rogue,subtlety,6,2,4
Lenik,azuremyst,192,rogue,subtlety,6,2,4
Joegamer,sargeras,192,rogue,subtlety,6,2,4
Wètdream,sargeras,192,rogue,subtlety,6,2,4
Jâm,nerzhul,192,rogue,subtlety,6,2,4
Jeezy,shadowmoon,192,rogue,subtlety,6,2,4
Wyyre,hyjal,192,rogue,subtlety,6,2,4
Tothegravetv,sargeras,192,rogue,subtlety,6,2,4
Slycndice,tortheldrin,192,rogue,subtlety,6,2,4
Bâerâ,bloodscalp,192,rogue,subtlety,8,2,6
Cerel,baelgun,192,rogue,subtlety,12,2,10
Kidcudi,bonechewer,192,rogue,subtlety,12,2,10
Zabava,malganis,192,rogue,subtlety,12,2,10
Zeriek,stormrage,192,rogue,subtlety,12,2,10
Brickjohnson,illidan,192,rogue,subtlety,12,2,10
Flèè,illidan,192,rogue,subtlety,12,2,10
Onulyo,tichondrius,192,rogue,subtlety,12,2,10
Confianzudo,ragnaros,191,rogue,subtlety,6,2,4
Allirra,ragnaros,191,rogue,subtlety,6,2,4
Mccarter,bonechewer,191,rogue,subtlety,6,2,4
Lancarlorïus,ragnaros,191,rogue,subtlety,6,2,4
Koobbo,tichondrius,159,rogue,subtlety,5,2,3
Opensap,tichondrius,159,rogue,subtlety,5,2,3
Eliasael,moon-guard,159,rogue,subtlety,5,2,3
Suhwooh,area-52,159,rogue,subtlety,5,2,3
Ganksterqt,dentarg,138,rogue,subtlety,10,3,7
Noxik,blackrock,138,rogue,subtlety,10,3,7
Mdrogue,sargeras,128,rogue,subtlety,4,2,2
Namig,cenarion-circle,128,rogue,subtlety,4,2,2
Cheapdeal,frostmourne,128,rogue,subtlety,4,2,2
Fadedx,darkspear,128,rogue,subtlety,4,2,2
Swickwockdus,azralon,112,rogue,subtlety,7,2,5
Tigbits,frostmourne,96,rogue,subtlety,3,2,1
Amonn,arthas,96,rogue,subtlety,3,2,1
Kestor,barthilas,96,rogue,subtlety,6,1,5
Deepcutz,barthilas,96,rogue,subtlety,6,1,5
Illidin,executus,96,rogue,subtlety,6,1,5
Slobernocker,stormrage,96,rogue,subtlety,6,1,5
Valekk,stormscale,96,rogue,subtlety,6,1,5
Bonizzi,stormrage,96,rogue,subtlety,6,1,5
Mídnìght,aegwynn,96,rogue,subtlety,6,1,5
Wrin,sargeras,96,rogue,subtlety,6,1,5
Sxs,kiljaeden,96,rogue,subtlety,6,1,5
Originkorean,terenas,96,rogue,subtlety,6,1,5
Sawred,bonechewer,96,rogue,subtlety,6,1,5
Toodlles,stormrage,96,rogue,subtlety,6,1,5
Jokerr,proudmoore,96,rogue,subtlety,6,1,5
Bloodbrawl,caelestrasz,96,rogue,subtlety,6,1,5
Vex,durotan,96,rogue,subtlety,6,1,5
Docheatt,dalaran,96,rogue,subtlety,6,1,5
Rotbreath,bleeding-hollow,96,rogue,subtlety,6,1,5
Quackerjacks,lightnings-blade,96,rogue,subtlety,6,1,5
Ivanapavlov,kelthuzad,96,rogue,subtlety,6,1,5
Flelfo,quelthalas,96,rogue,subtlety,6,1,5
Dabrat,frostwolf,96,rogue,subtlety,6,1,5
Dedrater,shadowmoon,96,rogue,subtlety,6,1,5
Røgüë,malganis,96,rogue,subtlety,6,1,5
Trinktick,doomhammer,96,rogue,subtlety,6,1,5
Twinkrogue,firetree,96,rogue,subtlety,6,1,5
Nevatell,malganis,96,rogue,subtlety,6,1,5
Bloodyblades,blackhand,96,rogue,subtlety,6,1,5
Frootylol,stormrage,96,rogue,subtlety,6,1,5
Onetwostep,tichondrius,96,rogue,subtlety,6,1,5
Páige,ragnaros,96,rogue,subtlety,6,1,5
Cotuffa,drakkari,96,rogue,subtlety,6,1,5
Steffmaister,tichondrius,96,rogue,subtlety,6,1,5
Satanicrizz,tichondrius,96,rogue,subtlety,6,1,5
Uchihà,sargeras,95,rogue,subtlety,6,1,5
Ricros,bleeding-hollow,89,rogue,subtlety,8,3,5
Drpibb,ghostlands,63,rogue,subtlety,2,2,0
Saraelith,moon-guard,48,rogue,subtlety,3,1,2
Rocanról,quelthalas,42,rogue,subtlety,6,2,4
Thenelis,dalaran,42,rogue,subtlety,11,2,9
Demonioverde,ragnaros,31,rogue,subtlety,2,1,1
Traumashears,proudmoore,31,rogue,subtlety,2,1,1
Mirrorx,tichondrius,2173,rogue,assassination,120,61,59
Sllabymkcus,sargeras,2126,rogue,assassination,72,37,35
Zarkk,kelthuzad,2017,rogue,assassination,119,57,62
Xiaochulol,tichondrius,1990,rogue,assassination,54,29,25
Larmx,tichondrius,1960,rogue,assassination,60,30,30
Alethal,tichondrius,1873,rogue,assassination,60,33,27
Snortedgfuel,drenden,1871,rogue,assassination,48,23,25
Lemon,arygos,1851,rogue,assassination,47,20,27
Relän,ragnaros,1846,rogue,assassination,53,32,21
Poonanixo,frostmourne,1846,rogue,assassination,78,38,40
Feinting,moon-guard,1839,rogue,assassination,76,35,41
Jon,the-venture-co,1838,rogue,assassination,54,27,27
Sio,bleeding-hollow,1837,rogue,assassination,60,30,30
Ajúmma,tichondrius,1831,rogue,assassination,57,23,34
Jjp,tichondrius,1827,rogue,assassination,65,33,32
Köfy,quelthalas,1826,rogue,assassination,72,34,38
Sairak,tichondrius,1803,rogue,assassination,89,43,46
Plumblossomx,tichondrius,1803,rogue,assassination,54,24,30
Slickyo,malganis,1792,rogue,assassination,30,20,10
Bloodlessftw,azralon,1783,rogue,assassination,75,33,42
Thargal,tichondrius,1766,rogue,assassination,48,28,20
Doraz,tichondrius,1754,rogue,assassination,72,40,32
Ybby,tichondrius,1714,rogue,assassination,68,34,34
Gyutaro,black-dragonflight,1704,rogue,assassination,228,119,109
Niarzz,tichondrius,1692,rogue,assassination,48,28,20
Bellamor,tichondrius,1690,rogue,assassination,84,50,34
Vmoney,draenor,1685,rogue,assassination,30,18,12
Lunatixz,emerald-dream,1680,rogue,assassination,35,19,16
Vél,blackrock,1674,rogue,assassination,42,22,20
Whooxx,khazgoroth,1673,rogue,assassination,66,29,37
Riventrix,zuljin,1668,rogue,assassination,59,27,32
Johnnycryp,barthilas,1652,rogue,assassination,53,27,26
Bellicoses,tichondrius,1651,rogue,assassination,155,84,71
Ivanrah,zuljin,1648,rogue,assassination,45,20,25
Rapcher,illidan,1632,rogue,assassination,148,75,73
Josex,lightbringer,1632,rogue,assassination,48,20,28
Purplechil,garrosh,1627,rogue,assassination,55,27,28
Sheerlol,stormrage,1626,rogue,assassination,49,24,25
Beaconlight,tichondrius,1624,rogue,assassination,48,20,28
Assassìn,moon-guard,1618,rogue,assassination,48,27,21
Osuba,proudmoore,1604,rogue,assassination,60,27,33
Ãnimefãnx,moon-guard,1603,rogue,assassination,71,36,35
Elinarra,sargeras,1603,rogue,assassination,42,21,21
Ultranumb,sargeras,1602,rogue,assassination,44,23,21
Notjawn,arthas,1600,rogue,assassination,120,68,52
Lucidstorm,tichondrius,1593,rogue,assassination,30,17,13
Seroth,tichondrius,1590,rogue,assassination,24,17,7
Foreverioi,tichondrius,1589,rogue,assassination,48,27,21
Sparqxx,tichondrius,1589,rogue,assassination,199,100,99
Chêckmatê,darkspear,1589,rogue,assassination,54,25,29
Devstrike,sargeras,1587,rogue,assassination,53,25,28
Katovo,tichondrius,1584,rogue,assassination,36,21,15
Xagreth,illidan,1579,rogue,assassination,40,20,20
Wxvi,tichondrius,1563,rogue,assassination,54,30,24
Xilorio,skullcrusher,1552,rogue,assassination,42,23,19
Ulley,sargeras,1551,rogue,assassination,32,18,14
Nsns,drenden,1550,rogue,assassination,119,58,61
Miamiganster,lothar,1550,rogue,assassination,120,54,66
Replayz,stormrage,1547,rogue,assassination,48,20,28
Cutercarver,proudmoore,1533,rogue,assassination,42,17,25
Kidneyshiv,stormrage,1531,rogue,assassination,36,20,16
Gøblìn,tichondrius,1530,rogue,assassination,60,27,33
Isàputàp,tichondrius,1525,rogue,assassination,48,25,23
Tryedge,moon-guard,1512,rogue,assassination,36,19,17
Staabzz,thrall,1505,rogue,assassination,66,27,39
Sizka,sargeras,1495,rogue,assassination,36,17,19
Stabem,moon-guard,1487,rogue,assassination,153,82,71
Hypnothot,tichondrius,1487,rogue,assassination,78,23,55
Kiosh,tichondrius,1485,rogue,assassination,78,36,42
Paraisbae,tichondrius,1480,rogue,assassination,36,20,16
Camlaw,area-52,1477,rogue,assassination,55,26,29
Creamypeach,stormrage,1477,rogue,assassination,51,24,27
Pandrogue,shadowsong,1467,rogue,assassination,36,21,15
Smkgpvp,stormrage,1456,rogue,assassination,29,16,13
Blackmont,bleeding-hollow,1456,rogue,assassination,60,26,34
Hickery,frostmourne,1448,rogue,assassination,42,16,26
Coquìn,proudmoore,1429,rogue,assassination,80,39,41
Pirrow,moon-guard,1426,rogue,assassination,46,25,21
Nightdelphya,azralon,1411,rogue,assassination,42,15,27
Youwho,kiljaeden,1410,rogue,assassination,87,42,45
Lcl,proudmoore,1400,rogue,assassination,226,114,112
Playmaker,frostwolf,1396,rogue,assassination,156,82,74
Galaily,proudmoore,1392,rogue,assassination,48,23,25
Boonee,frostmourne,1368,rogue,assassination,54,25,29
Valråvn,bloodscalp,1359,rogue,assassination,23,15,8
Sinepymkcus,illidan,1343,rogue,assassination,30,14,16
Strîkér,tichondrius,1339,rogue,assassination,31,15,16
Swexee,area-52,1339,rogue,assassination,60,26,34
Røgüë,malganis,1338,rogue,assassination,30,14,16
Onetwostep,tichondrius,1335,rogue,assassination,33,15,18
Wxva,tichondrius,1331,rogue,assassination,30,14,16
Shankeez,tichondrius,1319,rogue,assassination,30,14,16
Beedie,malganis,1310,rogue,assassination,41,22,19
Gorgdrake,illidan,1306,rogue,assassination,65,33,32
Ninjadoo,tichondrius,1301,rogue,assassination,44,17,27
Powerjuicer,tichondrius,1300,rogue,assassination,60,28,32
Kindasorry,illidan,1290,rogue,assassination,54,23,31
Vannisshh,shattered-halls,1288,rogue,assassination,65,26,39
Aynrand,drakkari,1281,rogue,assassination,36,16,20
Keepitshadow,frostmourne,1279,rogue,assassination,89,45,44
Spooky,bleeding-hollow,1277,rogue,assassination,66,33,33
Doomcore,barthilas,1276,rogue,assassination,41,21,20
Grasiel,tichondrius,1276,rogue,assassination,39,16,23
Greenlemons,lightnings-blade,1275,rogue,assassination,36,20,16
Keylâ,thrall,1264,rogue,assassination,62,33,29
Seengivenchy,zuljin,1262,rogue,assassination,26,14,12
Sinnister,queldorei,1259,rogue,assassination,47,20,27
Regios,shadowmoon,1255,rogue,assassination,71,31,40
Lemonlemon,arygos,1247,rogue,assassination,24,13,11
Sênorita,tichondrius,1246,rogue,assassination,36,13,23
Worm,demon-soul,1240,rogue,assassination,36,16,20
Roollz,nemesis,1240,rogue,assassination,33,14,19
Morgoophh,azralon,1234,rogue,assassination,56,30,26
Wujn,tichondrius,1233,rogue,assassination,26,13,13
Pst,spirestone,1227,rogue,assassination,24,14,10
Shinobick,kelthuzad,1222,rogue,assassination,30,15,15
Itokuri,ysera,1218,rogue,assassination,30,13,17
Hiddencosts,proudmoore,1200,rogue,assassination,67,30,37
Lórdx,illidan,1178,rogue,assassination,50,23,27
Fakie,quelthalas,1176,rogue,assassination,37,21,16
Odetodindel,nerzhul,1176,rogue,assassination,54,30,24
Mìtsuru,proudmoore,1165,rogue,assassination,36,20,16
Jeshka,wyrmrest-accord,1162,rogue,assassination,36,16,20
Rizzboy,tichondrius,1153,rogue,assassination,30,13,17
Lycanthropì,illidan,1151,rogue,assassination,18,12,6
Kenteenx,tichondrius,1151,rogue,assassination,30,12,18
Kriszov,moon-guard,1149,rogue,assassination,124,62,62
Copler,tichondrius,1141,rogue,assassination,42,15,27
Tortador,quelthalas,1140,rogue,assassination,30,16,14
Indivisible,thunderlord,1136,rogue,assassination,30,16,14
Laotrec,nemesis,1126,rogue,assassination,24,12,12
Skigskag,shadowsong,1117,rogue,assassination,61,31,30
Gogothirteen,kiljaeden,1117,rogue,assassination,30,15,15
Nikhlaus,ragnaros,1107,rogue,assassination,24,13,11
Altarys,ragnaros,1103,rogue,assassination,27,15,12
Chingado,kaelthas,1102,rogue,assassination,30,12,18
Slycndice,tortheldrin,1101,rogue,assassination,60,34,26
Roguepvp,stormrage,1095,rogue,assassination,52,28,24
Páïgèvêntürã,bleeding-hollow,1086,rogue,assassination,26,12,14
Smoketoad,tichondrius,1081,rogue,assassination,30,15,15
Garrotte,tichondrius,1081,rogue,assassination,38,12,26
Teach,illidan,1080,rogue,assassination,55,20,35
Adrianstab,dalaran,1071,rogue,assassination,24,14,10
Ziggee,sargeras,1061,rogue,assassination,38,19,19
Sergioz,quelthalas,1060,rogue,assassination,42,14,28
Aiden,burning-legion,1056,rogue,assassination,18,11,7
Lycanthropî,illidan,1056,rogue,assassination,24,11,13
Grafting,tichondrius,1055,rogue,assassination,24,11,13
Quefist,sargeras,1054,rogue,assassination,20,11,9
Nayle,dalaran,1054,rogue,assassination,24,11,13
Zipperx,tichondrius,1053,rogue,assassination,30,11,19
Stuns,azshara,1052,rogue,assassination,18,11,7
Happyslice,stormrage,1052,rogue,assassination,21,12,9
Kazzo,tichondrius,1050,rogue,assassination,18,11,7
Looprevil,andorhal,1043,rogue,assassination,24,14,10
Cashbigknife,area-52,1030,rogue,assassination,36,12,24
Dothras,stormrage,1022,rogue,assassination,75,33,42
Apocalipto,barthilas,1010,rogue,assassination,35,11,24
Zirkir,mannoroth,988,rogue,assassination,26,11,15
Pegglerogue,fizzcrank,977,rogue,assassination,84,37,47
Jonuts,bleeding-hollow,960,rogue,assassination,18,10,8
Dizzymoods,stormrage,960,rogue,assassination,24,10,14
Kents,tichondrius,960,rogue,assassination,24,10,14
Lesentixd,stormrage,959,rogue,assassination,24,10,14
Raskapashan,moon-guard,956,rogue,assassination,30,10,20
Driprat,area-52,955,rogue,assassination,18,10,8
Pál,quelthalas,950,rogue,assassination,18,10,8
Problemchild,rexxar,949,rogue,assassination,24,10,14
Vozzy,proudmoore,947,rogue,assassination,30,17,13
Elithr,nemesis,944,rogue,assassination,18,10,8
Headless,dragonmaw,941,rogue,assassination,29,15,14
Roguecity,tichondrius,934,rogue,assassination,82,25,57
Osiriko,thunderlord,931,rogue,assassination,85,42,43
Atomicgoat,tichondrius,928,rogue,assassination,33,12,21
Wolgan,nemesis,916,rogue,assassination,55,25,30
Thenelis,dalaran,897,rogue,assassination,43,10,33
Unlucký,sargeras,864,rogue,assassination,12,9,3
Brendantko,arthas,863,rogue,assassination,18,9,9
Whoox,khazgoroth,863,rogue,assassination,30,9,21
Zamorant,emerald-dream,862,rogue,assassination,42,9,33
Chakarr,stormrage,861,rogue,assassination,12,9,3
Cleam,darkspear,861,rogue,assassination,18,9,9
Rêdrum,illidan,861,rogue,assassination,42,9,33
Ballflicker,malganis,857,rogue,assassination,30,9,21
Snoopdrogado,sargeras,850,rogue,assassination,12,9,3
Omnìslash,area-52,847,rogue,assassination,17,9,8
Dysxliec,dalaran,815,rogue,assassination,23,9,14
Píxíedúst,black-dragonflight,812,rogue,assassination,34,10,24
Zapersapp,malygos,803,rogue,assassination,28,10,18
Ôñéèýèdkíñg,stormrage,768,rogue,assassination,12,8,4
Onulyo,tichondrius,768,rogue,assassination,12,8,4
Frez,amanthul,768,rogue,assassination,18,8,10
Núm,tichondrius,768,rogue,assassination,18,8,10
Ånko,tichondrius,768,rogue,assassination,18,8,10
Nhic,tichondrius,768,rogue,assassination,18,8,10
Clairered,tichondrius,768,rogue,assassination,18,8,10
Snakegødx,sargeras,768,rogue,assassination,21,9,12
Lyliym,frostmourne,767,rogue,assassination,12,8,4
Dockside,stormrage,767,rogue,assassination,12,8,4
Gøblìn,stormrage,767,rogue,assassination,15,9,6
Dianiss,ragnaros,767,rogue,assassination,18,8,10
Shiddlesz,area-52,767,rogue,assassination,18,8,10
Zetéra,ragnaros,767,rogue,assassination,18,8,10
Xshadowt,ragnaros,767,rogue,assassination,24,8,16
Sindor,azralon,767,rogue,assassination,30,8,22
Mylovejunex,tichondrius,766,rogue,assassination,12,8,4
ßackshots,kelthuzad,766,rogue,assassination,18,8,10
Hattrìck,area-52,763,rogue,assassination,24,8,16
Picaroxp,drakkari,762,rogue,assassination,12,8,4
Zropi,quelthalas,762,rogue,assassination,24,8,16
Pikacuulo,ragnaros,760,rogue,assassination,31,9,22
Snoor,nemesis,753,rogue,assassination,21,9,12
Killua,dalaran,752,rogue,assassination,18,8,10
Ñovä,tichondrius,750,rogue,assassination,18,8,10
Endlesswaltz,zuljin,720,rogue,assassination,21,8,13
Snub,aerie-peak,713,rogue,assassination,28,8,20
Ghoulzer,tichondrius,704,rogue,assassination,10,8,2
Superharry,tichondrius,702,rogue,assassination,22,8,14
Jaganz,stormrage,672,rogue,assassination,12,7,5
Sotypical,area-52,672,rogue,assassination,12,7,5
Skitsöu,tichondrius,672,rogue,assassination,12,7,5
Cerut,illidan,672,rogue,assassination,12,7,5
Mydearest,tichondrius,672,rogue,assassination,18,7,11
Nogodplsno,stormrage,672,rogue,assassination,18,7,11
Lakeshark,stormrage,672,rogue,assassination,24,7,17
Ambushr,tichondrius,671,rogue,assassination,12,7,5
Torshe,sargeras,671,rogue,assassination,12,7,5
Sangreale,nemesis,671,rogue,assassination,12,7,5
Deepman,gorefiend,671,rogue,assassination,12,7,5
Alizashea,stormrage,671,rogue,assassination,12,7,5
Ezzdeath,tichondrius,671,rogue,assassination,18,7,11
Showclass,stormrage,671,rogue,assassination,18,7,11
Johnthefum,malganis,671,rogue,assassination,18,7,11
Tìnkerton,wyrmrest-accord,671,rogue,assassination,24,7,17
Jagó,malganis,669,rogue,assassination,18,7,11
Sinistro,bleeding-hollow,667,rogue,assassination,12,7,5
Skoorbals,tichondrius,667,rogue,assassination,16,8,8
Rodanheim,burning-blade,667,rogue,assassination,18,7,11
Jakkov,blackrock,666,rogue,assassination,18,7,11
Kiorz,tichondrius,665,rogue,assassination,12,7,5
Slootslayer,azshara,662,rogue,assassination,18,7,11
Runakó,kelthuzad,623,rogue,assassination,11,7,4
Pochomän,ragnaros,618,rogue,assassination,16,9,7
Turec,illidan,576,rogue,assassination,12,6,6
Twoheaded,frostmourne,576,rogue,assassination,12,6,6
Luriél,stormrage,576,rogue,assassination,12,6,6
Stabasaurus,blood-furnace,576,rogue,assassination,12,6,6
Viicky,ghostlands,576,rogue,assassination,12,6,6
Olé,azralon,576,rogue,assassination,12,6,6
Mosedz,tichondrius,576,rogue,assassination,12,6,6
Bloodygoat,area-52,576,rogue,assassination,12,6,6
Ahjii,malganis,576,rogue,assassination,18,6,12
Wansuiye,tichondrius,576,rogue,assassination,18,6,12
Øsi,icecrown,576,rogue,assassination,18,6,12
Leônhart,thrall,576,rogue,assassination,18,6,12
Kenyel,frostmourne,576,rogue,assassination,18,6,12
Ixìa,vashj,576,rogue,assassination,18,6,12
Cox,bleeding-hollow,575,rogue,assassination,6,6,0
Robinsony,tichondrius,575,rogue,assassination,12,6,6
Theblindsap,dalaran,575,rogue,assassination,12,6,6
Blaçkout,thrall,575,rogue,assassination,12,6,6
Sgnome,quelthalas,575,rogue,assassination,18,6,12
Papadopolous,zuluhed,575,rogue,assassination,18,6,12
Aurrora,kiljaeden,574,rogue,assassination,17,6,11
Mcvillain,kelthuzad,573,rogue,assassination,12,6,6
Daggerback,bleeding-hollow,571,rogue,assassination,9,7,2
Escape,elune,571,rogue,assassination,12,6,6
Addvilpm,wyrmrest-accord,570,rogue,assassination,12,6,6
Vitalz,bloodscalp,568,rogue,assassination,18,6,12
Euweu,azralon,567,rogue,assassination,18,6,12
Drpepzi,tichondrius,565,rogue,assassination,24,6,18
Wreatus,moon-guard,564,rogue,assassination,24,6,18
Genève,dreadmaul,526,rogue,assassination,11,6,5
Karing,onyxia,511,rogue,assassination,10,6,4
Kzx,illidan,480,rogue,assassination,6,5,1
Lvx,frostmourne,480,rogue,assassination,6,5,1
Bukaboo,tichondrius,480,rogue,assassination,6,5,1
Pwnsauce,frostmourne,480,rogue,assassination,7,5,2
Tberg,emerald-dream,480,rogue,assassination,12,5,7
Bloore,fizzcrank,480,rogue,assassination,12,5,7
Enyr,frostmourne,480,rogue,assassination,12,5,7
Breakxcvii,bleeding-hollow,480,rogue,assassination,12,5,7
Spikiera,silvermoon,480,rogue,assassination,12,5,7
Lakeshark,tichondrius,480,rogue,assassination,12,5,7
Fuzzyslow,stormrage,480,rogue,assassination,12,5,7
Xm,sargeras,480,rogue,assassination,18,5,13
Stepper,aegwynn,479,rogue,assassination,12,5,7
Mashad,moon-guard,479,rogue,assassination,12,5,7
Senpaifuta,proudmoore,479,rogue,assassination,12,5,7
Eliasael,moon-guard,479,rogue,assassination,15,6,9
Rinestiria,arthas,479,rogue,assassination,18,5,13
Maison,ragnaros,478,rogue,assassination,12,5,7
Bonizzi,stormrage,478,rogue,assassination,12,5,7
Lethalist,whisperwind,476,rogue,assassination,12,5,7
Killdead,warsong,473,rogue,assassination,12,5,7
Savagedeeps,stormreaver,472,rogue,assassination,12,5,7
Julius,malganis,447,rogue,assassination,8,6,2
Shizz,tichondrius,447,rogue,assassination,14,6,8
Zxytox,hyjal,431,rogue,assassination,9,6,3
Vastørogue,azralon,426,rogue,assassination,13,6,7
Taessin,kelthuzad,384,rogue,assassination,6,4,2
Yurkarogue,tichondrius,384,rogue,assassination,6,4,2
Vendëttä,quelthalas,384,rogue,assassination,6,4,2
Hollowtipzz,tichondrius,384,rogue,assassination,6,4,2
Schleazy,emerald-dream,384,rogue,assassination,6,4,2
Colom,moon-guard,384,rogue,assassination,6,4,2
Slizard,boulderfist,384,rogue,assassination,6,4,2
Kayriss,antonidas,384,rogue,assassination,6,4,2
Arlom,daggerspine,384,rogue,assassination,6,4,2
Kágé,ragnaros,384,rogue,assassination,6,4,2
Buckbreaker,stormrage,384,rogue,assassination,6,4,2
Chokonet,gurubashi,384,rogue,assassination,6,4,2
Sagatha,bleeding-hollow,384,rogue,assassination,6,4,2
Betakong,quelthalas,384,rogue,assassination,6,4,2
Fofree,hyjal,384,rogue,assassination,6,4,2
Tmpikaboo,tichondrius,384,rogue,assassination,6,4,2
Gridisx,wyrmrest-accord,384,rogue,assassination,12,4,8
Cv,proudmoore,384,rogue,assassination,12,4,8
Girio,thrall,384,rogue,assassination,12,4,8
Hirian,misha,384,rogue,assassination,12,4,8
Manersi,akama,384,rogue,assassination,12,4,8
Sillikitti,tichondrius,384,rogue,assassination,12,4,8
Kargargar,thrall,384,rogue,assassination,12,4,8
Pãndã,stormrage,384,rogue,assassination,12,4,8
Rîa,area-52,384,rogue,assassination,12,4,8
Mirâge,illidan,384,rogue,assassination,12,4,8
Saiine,drenden,384,rogue,assassination,12,4,8
Velsad,sargeras,384,rogue,assassination,12,4,8
Cryoph,illidan,384,rogue,assassination,12,4,8
Azrek,sargeras,384,rogue,assassination,18,4,14
Alterfate,wyrmrest-accord,384,rogue,assassination,18,4,14
Gladlol,stormrage,384,rogue,assassination,18,4,14
Corteleve,nemesis,383,rogue,assassination,12,4,8
Akalio,laughing-skull,383,rogue,assassination,12,4,8
Steeldiesel,sargeras,383,rogue,assassination,12,4,8
Setsu,sargeras,383,rogue,assassination,13,4,9
Tiptoez,bleeding-hollow,382,rogue,assassination,6,4,2
Kalandar,moon-guard,382,rogue,assassination,12,4,8
Hésta,moon-guard,382,rogue,assassination,12,4,8
Tralisong,azshara,382,rogue,assassination,12,4,8
Wrinklevoss,proudmoore,382,rogue,assassination,12,4,8
Slobernocker,stormrage,381,rogue,assassination,12,4,8
Tolthe,hyjal,351,rogue,assassination,11,4,7
Siniel,scarlet-crusade,336,rogue,assassination,9,4,5
Coopi,tichondrius,320,rogue,assassination,10,4,6
Pícáróóná,ragnaros,320,rogue,assassination,16,4,12
Xvds,tichondrius,319,rogue,assassination,14,4,10
Ziedrich,frostmourne,318,rogue,assassination,10,4,6
Ezmate,frostmourne,304,rogue,assassination,13,4,9
Saltypwncake,illidan,288,rogue,assassination,6,3,3
Deeshdosh,illidan,288,rogue,assassination,6,3,3
Calebrogue,illidan,288,rogue,assassination,6,3,3
Prodixybn,illidan,288,rogue,assassination,6,3,3
Toxicplyer,malganis,288,rogue,assassination,6,3,3
Twinkasz,nemesis,288,rogue,assassination,6,3,3
Maciota,area-52,288,rogue,assassination,6,3,3
Løgîc,tichondrius,288,rogue,assassination,6,3,3
Mügi,ragnaros,288,rogue,assassination,6,3,3
Rýuu,bleeding-hollow,288,rogue,assassination,6,3,3
Steffmaister,tichondrius,288,rogue,assassination,6,3,3
Wowamaze,aegwynn,288,rogue,assassination,6,3,3
Bigtengu,tichondrius,288,rogue,assassination,6,3,3
Corrier,tichondrius,288,rogue,assassination,6,3,3
Cjayy,bleeding-hollow,288,rogue,assassination,6,3,3
Blindfun,emerald-dream,288,rogue,assassination,6,3,3
Lakki,chromaggus,288,rogue,assassination,6,3,3
Punkyass,azralon,288,rogue,assassination,6,3,3
Alithileria,moon-guard,288,rogue,assassination,6,3,3
Brlsels,azralon,288,rogue,assassination,6,3,3
Cron,arygos,288,rogue,assassination,6,3,3
Esraxo,frostmourne,288,rogue,assassination,6,3,3
Åmg,tichondrius,288,rogue,assassination,6,3,3
Gulvzer,tichondrius,288,rogue,assassination,6,3,3
Lyapunov,tichondrius,288,rogue,assassination,6,3,3
Sonymf,frostmourne,288,rogue,assassination,6,3,3
Chipetan,hyjal,288,rogue,assassination,6,3,3
Jannie,rexxar,288,rogue,assassination,6,3,3
Dïeb,zuljin,288,rogue,assassination,6,3,3
Thâïßòÿgøóñ,jubeithos,288,rogue,assassination,6,3,3
Skinnymayne,laughing-skull,288,rogue,assassination,12,3,9
Sanozü,azralon,288,rogue,assassination,12,3,9
Aevaela,duskwood,288,rogue,assassination,12,3,9
Pintofwoc,area-52,288,rogue,assassination,12,3,9
Sunshinezx,frostmourne,288,rogue,assassination,12,3,9
Helecho,tichondrius,288,rogue,assassination,12,3,9
Shortcut,khadgar,288,rogue,assassination,12,3,9
Atulano,wyrmrest-accord,288,rogue,assassination,12,3,9
Trinktick,doomhammer,288,rogue,assassination,12,3,9
Alttee,proudmoore,288,rogue,assassination,12,3,9
Elevorra,frostmourne,288,rogue,assassination,12,3,9
Cydonian,ragnaros,288,rogue,assassination,12,3,9
Karmagoodttv,stormrage,288,rogue,assassination,12,3,9
Evilsanta,sargeras,288,rogue,assassination,13,3,10
Loligotyou,stormrage,288,rogue,assassination,18,3,15
Skeezy,vashj,288,rogue,assassination,18,3,15
Gilhela,bloodhoof,287,rogue,assassination,6,3,3
Revozy,azralon,287,rogue,assassination,6,3,3
Moridra,demon-soul,287,rogue,assassination,6,3,3
Criptoniø,azralon,287,rogue,assassination,6,3,3
Fllokii,arygos,287,rogue,assassination,6,3,3
Olg,arathor,287,rogue,assassination,12,3,9
Anarusekkusu,wyrmrest-accord,287,rogue,assassination,12,3,9
Peeryl,daggerspine,286,rogue,assassination,6,3,3
Sanguinnar,nemesis,285,rogue,assassination,12,3,9
Clothies,zuljin,285,rogue,assassination,12,3,9
Synesh,moon-guard,255,rogue,assassination,11,3,8
Tamsy,the-forgotten-coast,239,rogue,assassination,5,3,2
Thoxic,barthilas,239,rogue,assassination,5,3,2
Riggie,turalyon,239,rogue,assassination,5,3,2
Walnutrog,area-52,234,rogue,assassination,11,5,6
Skairipa,agamaggan,232,rogue,assassination,7,4,3
Jaanmonty,frostmourne,192,rogue,assassination,6,2,4
Støné,azjolnerub,192,rogue,assassination,6,2,4
Pkkrevolt,archimonde,192,rogue,assassination,6,2,4
Yoodoo,nemesis,192,rogue,assassination,6,2,4
Zogbu,stormrage,192,rogue,assassination,6,2,4
Alts,tichondrius,192,rogue,assassination,6,2,4
Quickflash,bloodhoof,192,rogue,assassination,6,2,4
Joeyzord,stormrage,192,rogue,assassination,6,2,4
Slashinsteev,dalaran,192,rogue,assassination,6,2,4
Combo,norgannon,192,rogue,assassination,6,2,4
Gilbertgr,boulderfist,192,rogue,assassination,6,2,4
Thepitt,stormrage,192,rogue,assassination,6,2,4
Gentlesaop,blackrock,192,rogue,assassination,6,2,4
Historymaker,tichondrius,192,rogue,assassination,6,2,4
Nicknasty,kelthuzad,192,rogue,assassination,6,2,4
Apssal,tichondrius,192,rogue,assassination,6,2,4
Ssjseem,sargeras,192,rogue,assassination,6,2,4
Psilocin,sargeras,192,rogue,assassination,6,2,4
Swickwockdus,azralon,192,rogue,assassination,6,2,4
Karlemagne,blackrock,192,rogue,assassination,6,2,4
Mermm,burning-blade,192,rogue,assassination,6,2,4
Miloandotis,malganis,192,rogue,assassination,6,2,4
Zaozaa,frostmourne,192,rogue,assassination,6,2,4
Salätzar,quelthalas,192,rogue,assassination,6,2,4
Bladä,area-52,192,rogue,assassination,6,2,4
Sellers,tichondrius,192,rogue,assassination,6,2,4
Ganksterqt,dentarg,192,rogue,assassination,6,2,4
Vindzl,azralon,192,rogue,assassination,6,2,4
Ninjamf,bleeding-hollow,192,rogue,assassination,6,2,4
Cktko,stormrage,192,rogue,assassination,6,2,4
Escurecer,azralon,192,rogue,assassination,6,2,4
Vimit,tichondrius,192,rogue,assassination,6,2,4
Frostheartyy,azralon,192,rogue,assassination,6,2,4
Haeqn,nemesis,192,rogue,assassination,6,2,4
Ennmaa,azralon,192,rogue,assassination,6,2,4
Oddblade,stormrage,192,rogue,assassination,6,2,4
Lesty,kelthuzad,192,rogue,assassination,6,2,4
Roguegirl,alexstrasza,192,rogue,assassination,6,2,4
Sneakysharky,frostmourne,192,rogue,assassination,6,2,4
Jerzs,tichondrius,192,rogue,assassination,6,2,4
Vanishcdc,area-52,192,rogue,assassination,6,2,4
Karmakula,wildhammer,192,rogue,assassination,6,2,4
Ilesire,frostmourne,192,rogue,assassination,6,2,4
Roguemain,smolderthorn,192,rogue,assassination,6,2,4
Wowslayer,bleeding-hollow,192,rogue,assassination,6,2,4
Darkfalleng,azralon,192,rogue,assassination,6,2,4
Youngtugger,daggerspine,192,rogue,assassination,11,2,9
Liridor,quelthalas,192,rogue,assassination,11,2,9
Geradyn,stormrage,192,rogue,assassination,12,2,10
Seltzie,bleeding-hollow,192,rogue,assassination,12,2,10
Kdrx,thrall,192,rogue,assassination,12,2,10
Bloodwish,tichondrius,192,rogue,assassination,12,2,10
Nines,icecrown,192,rogue,assassination,12,2,10
Slowtime,quelthalas,192,rogue,assassination,12,2,10
Pleodonis,tichondrius,192,rogue,assassination,12,2,10
Swiftbones,burning-blade,191,rogue,assassination,6,2,4
Diatonic,illidan,191,rogue,assassination,6,2,4
Cryptixx,blades-edge,191,rogue,assassination,6,2,4
Dabrat,frostwolf,191,rogue,assassination,12,2,10
Donpablò,area-52,175,rogue,assassination,11,2,9
ßalto,bleeding-hollow,160,rogue,assassination,10,2,8
Stâbitha,bloodscalp,138,rogue,assassination,20,4,16
Lu,lethon,96,rogue,assassination,6,1,5
Urukzog,ragnaros,96,rogue,assassination,6,1,5
Burtonee,aegwynn,96,rogue,assassination,6,1,5
Scylas,stormrage,96,rogue,assassination,6,1,5
Twinkrogue,firetree,96,rogue,assassination,6,1,5
Touchthetip,bleeding-hollow,96,rogue,assassination,6,1,5
Meritra,ragnaros,96,rogue,assassination,6,1,5
Nightmarës,frostmourne,96,rogue,assassination,6,1,5
Rykojin,sargeras,96,rogue,assassination,6,1,5
Greased,arthas,96,rogue,assassination,6,1,5
Bourrasque,frostmourne,96,rogue,assassination,6,1,5
Ràinê,dalaran,96,rogue,assassination,6,1,5
Slycraft,gorgonnash,96,rogue,assassination,6,1,5
Assakiller,azralon,96,rogue,assassination,6,1,5
Kiskapolyus,thrall,96,rogue,assassination,6,1,5
Çõvìd,malganis,96,rogue,assassination,6,1,5
Wuzi,azralon,96,rogue,assassination,6,1,5
Lululee,tichondrius,96,rogue,assassination,6,1,5
Ntshaav,illidan,96,rogue,assassination,6,1,5
Docheatt,dalaran,96,rogue,assassination,6,1,5
Zitihait,amanthul,96,rogue,assassination,6,1,5
Preceptor,azralon,96,rogue,assassination,6,1,5
Sevrow,wyrmrest-accord,96,rogue,assassination,6,1,5
Canesuckr,stormrage,96,rogue,assassination,6,1,5
Nebiroth,illidan,96,rogue,assassination,6,1,5
Clicksbtns,area-52,96,rogue,assassination,6,1,5
Combøz,tichondrius,96,rogue,assassination,6,1,5
Khlapncheeks,emerald-dream,96,rogue,assassination,6,1,5
Nikosneako,tichondrius,96,rogue,assassination,6,1,5
Deathxx,destromath,96,rogue,assassination,6,1,5
Twotimed,magtheridon,96,rogue,assassination,6,1,5
Yohigo,quelthalas,96,rogue,assassination,6,1,5
Nubes,illidan,96,rogue,assassination,6,1,5
Icantsleep,tichondrius,96,rogue,assassination,6,1,5
Darkdessoft,ragnaros,96,rogue,assassination,6,1,5
Bubbski,area-52,96,rogue,assassination,6,1,5
Flinchyy,dalaran,96,rogue,assassination,6,1,5
Brianä,quelthalas,96,rogue,assassination,6,1,5
Sømeøne,malygos,96,rogue,assassination,6,1,5
Rokkhan,blackrock,96,rogue,assassination,6,1,5
Stêf,zuljin,96,rogue,assassination,6,1,5
Vladtsepesh,stormrage,96,rogue,assassination,12,1,11
Kistef,tichondrius,96,rogue,assassination,12,1,11
Véndéttá,area-52,96,rogue,assassination,12,1,11
Xô,lothar,96,rogue,assassination,12,1,11
Voidbrain,area-52,96,rogue,assassination,12,1,11
Karparog,ragnaros,96,rogue,assassination,12,1,11
Sneakyfoot,gorgonnash,95,rogue,assassination,7,1,6
Radiantrogue,nordrassil,79,rogue,assassination,5,1,4
Averagepimpn,tichondrius,79,rogue,assassination,5,1,4
Botches,bonechewer,48,rogue,assassination,3,1,2
Stabbindude,illidan,48,rogue,assassination,3,1,2
Sûshì,tichondrius,48,rogue,assassination,9,1,8
Ajy,tichondrius,31,rogue,assassination,2,1,1
Ascherx,illidan,16,rogue,assassination,1,1,0
Plewt,zuljin,2189,shaman,restoration,94,51,43
Xtremeorc,area-52,2159,shaman,restoration,66,39,27
Zavoky,tichondrius,2138,shaman,restoration,108,63,45
Tréway,area-52,2135,shaman,restoration,66,41,25
Skipperx,thrall,2134,shaman,restoration,72,43,29
Restobyte,moon-guard,2124,shaman,restoration,72,44,28
Aameng,tichondrius,2111,shaman,restoration,90,48,42
Akwesy,stormrage,2108,shaman,restoration,83,47,36
Shamaen,kelthuzad,2107,shaman,restoration,86,51,35
Selketh,area-52,2107,shaman,restoration,79,46,33
Timpossible,tichondrius,2103,shaman,restoration,290,153,137
Spagetje,tichondrius,2089,shaman,restoration,114,61,53
Svanteson,wyrmrest-accord,2045,shaman,restoration,90,46,44
Iissham,darkspear,2038,shaman,restoration,104,53,51
Kantok,quelthalas,2036,shaman,restoration,65,42,23
Itsallgoodx,tichondrius,2008,shaman,restoration,114,55,59
Ilavayoualot,malganis,2006,shaman,restoration,130,62,68
Smlz,garrosh,1998,shaman,restoration,68,38,30
Sizure,frostmourne,1998,shaman,restoration,124,64,60
Abovesky,proudmoore,1979,shaman,restoration,102,50,52
Berquon,tichondrius,1974,shaman,restoration,78,40,38
Lötus,tichondrius,1966,shaman,restoration,92,50,42
Boyfromhell,stormrage,1941,shaman,restoration,97,47,50
Cruv,thrall,1936,shaman,restoration,96,47,49
Slimdavey,tichondrius,1934,shaman,restoration,113,64,49
Jangbi,malganis,1934,shaman,restoration,246,129,117
Menc,frostmourne,1924,shaman,restoration,84,41,43
Gragomga,area-52,1920,shaman,restoration,84,44,40
Kurtcx,tichondrius,1920,shaman,restoration,159,82,77
Kimflo,tichondrius,1912,shaman,restoration,175,89,86
Oryxx,kiljaeden,1912,shaman,restoration,78,36,42
Plorenz,illidan,1905,shaman,restoration,54,34,20
Breuer,tichondrius,1900,shaman,restoration,98,46,52
Corianderism,tichondrius,1894,shaman,restoration,65,33,32
Semtechs,tichondrius,1892,shaman,restoration,154,76,78
Nepos,dragonmaw,1891,shaman,restoration,66,34,32
Däbü,tichondrius,1887,shaman,restoration,84,40,44
Bigbadsac,frostmourne,1884,shaman,restoration,78,38,40
Stormtitan,malganis,1881,shaman,restoration,86,42,44
Terapatrik,area-52,1869,shaman,restoration,126,63,63
Dehsaw,illidan,1867,shaman,restoration,96,50,46
Hulan,tichondrius,1865,shaman,restoration,36,20,16
Ravaburst,sargeras,1865,shaman,restoration,60,29,31
Hódoong,tichondrius,1857,shaman,restoration,46,24,22
Peyn,shadowsong,1856,shaman,restoration,54,31,23
Moistbeans,tichondrius,1854,shaman,restoration,48,26,22
Oridean,area-52,1854,shaman,restoration,42,22,20
Chomang,stormreaver,1851,shaman,restoration,84,42,42
Yungtooth,emerald-dream,1848,shaman,restoration,41,25,16
Laji,cairne,1847,shaman,restoration,66,36,30
Baodan,azshara,1847,shaman,restoration,83,42,41
Oceangrown,emerald-dream,1847,shaman,restoration,45,22,23
Helga,hellscream,1845,shaman,restoration,48,29,19
Nemix,barthilas,1844,shaman,restoration,42,27,15
Shamcena,the-scryers,1842,shaman,restoration,51,28,23
Üchihamadarâ,tichondrius,1841,shaman,restoration,49,30,19
Shamanbini,tichondrius,1839,shaman,restoration,47,26,21
Erwin,bonechewer,1837,shaman,restoration,154,90,64
Crazyshamañ,akama,1837,shaman,restoration,53,27,26
Caibeeshammy,tichondrius,1835,shaman,restoration,162,77,85
Chobawn,tichondrius,1829,shaman,restoration,60,32,28
Bluekid,barthilas,1828,shaman,restoration,54,30,24
Beyoncé,lethon,1826,shaman,restoration,53,30,23
Hathul,bleeding-hollow,1826,shaman,restoration,60,33,27
Tuskcrusher,dalaran,1825,shaman,restoration,72,30,42
Ogctkoy,illidan,1824,shaman,restoration,102,51,51
Gjök,nemesis,1824,shaman,restoration,54,22,32
Cryochemist,tichondrius,1819,shaman,restoration,29,23,6
Bigspaghetti,thrall,1818,shaman,restoration,66,31,35
Totempack,stormrage,1817,shaman,restoration,54,26,28
Eboy,thrall,1816,shaman,restoration,67,33,34
Ogran,stormscale,1815,shaman,restoration,54,25,29
Dantheman,twisting-nether,1810,shaman,restoration,42,23,19
Waterbro,tichondrius,1809,shaman,restoration,101,57,44
Meatballs,kirin-tor,1809,shaman,restoration,62,31,31
Desee,bleeding-hollow,1809,shaman,restoration,48,24,24
Ookmetide,bleeding-hollow,1807,shaman,restoration,52,29,23
Willy,icecrown,1807,shaman,restoration,87,44,43
Nediar,tichondrius,1805,shaman,restoration,30,23,7
Moldymeatbox,emerald-dream,1805,shaman,restoration,84,40,44
Totemgripper,moon-guard,1804,shaman,restoration,65,39,26
Hydrocheck,tichondrius,1804,shaman,restoration,94,54,40
Astrøcyte,tichondrius,1804,shaman,restoration,96,46,50
Nanosec,tichondrius,1803,shaman,restoration,36,23,13
Cmsi,tichondrius,1803,shaman,restoration,42,23,19
Blackpïnk,tichondrius,1803,shaman,restoration,132,70,62
Papatooties,tichondrius,1801,shaman,restoration,160,76,84
Nktx,tichondrius,1800,shaman,restoration,118,66,52
Nayro,bleeding-hollow,1799,shaman,restoration,290,163,127
Shockmematty,tichondrius,1798,shaman,restoration,36,25,11
Shanasty,bleeding-hollow,1797,shaman,restoration,54,29,25
Inmø,ragnaros,1797,shaman,restoration,36,19,17
Hodoongs,tichondrius,1797,shaman,restoration,49,23,26
Cigaretter,tichondrius,1793,shaman,restoration,56,25,31
Mybbro,kiljaeden,1792,shaman,restoration,87,42,45
Kellogsz,malganis,1792,shaman,restoration,84,34,50
Bozzyy,illidan,1784,shaman,restoration,54,31,23
Booramqt,tichondrius,1780,shaman,restoration,47,27,20
Blazingtotem,dunemaul,1775,shaman,restoration,125,64,61
Grymn,sargeras,1774,shaman,restoration,72,34,38
Bogz,korgath,1772,shaman,restoration,89,43,46
Tokuma,illidan,1770,shaman,restoration,46,24,22
Dyllbar,tichondrius,1768,shaman,restoration,50,26,24
Splashz,illidan,1768,shaman,restoration,65,31,34
Magma,spirestone,1764,shaman,restoration,84,55,29
Bômi,tichondrius,1760,shaman,restoration,136,68,68
Huáxià,tichondrius,1758,shaman,restoration,54,29,25
Vlly,tichondrius,1753,shaman,restoration,47,23,24
Bobbybigdam,tichondrius,1752,shaman,restoration,93,50,43
Podcognito,bleeding-hollow,1746,shaman,restoration,89,51,38
Warríed,sargeras,1746,shaman,restoration,59,29,30
Mastashamsta,illidan,1745,shaman,restoration,48,25,23
Blackfancy,thrall,1744,shaman,restoration,56,32,24
Madoka,llane,1742,shaman,restoration,42,25,17
Rantòn,bleeding-hollow,1733,shaman,restoration,59,27,32
Møp,spirestone,1730,shaman,restoration,103,54,49
Vayces,barthilas,1727,shaman,restoration,176,94,82
Haedodae,tichondrius,1727,shaman,restoration,63,25,38
Ozmats,malganis,1726,shaman,restoration,54,26,28
Shacewoman,altar-of-storms,1724,shaman,restoration,139,63,76
Suzhixie,akama,1724,shaman,restoration,102,41,61
Samyeh,tichondrius,1721,shaman,restoration,36,24,12
Toazty,stormscale,1721,shaman,restoration,60,35,25
Vicioushands,illidan,1720,shaman,restoration,30,18,12
Ribbeye,tichondrius,1716,shaman,restoration,107,53,54
Epicthesloth,sargeras,1716,shaman,restoration,47,23,24
Itsyabøiwill,area-52,1712,shaman,restoration,48,30,18
Vrom,whisperwind,1710,shaman,restoration,60,37,23
Inpantsment,barthilas,1710,shaman,restoration,133,69,64
Sìxnìne,tichondrius,1706,shaman,restoration,62,28,34
Hustlenflow,tichondrius,1704,shaman,restoration,54,29,25
Kafkaesk,tichondrius,1704,shaman,restoration,54,21,33
Cpplol,tichondrius,1702,shaman,restoration,41,25,16
Wanghaisham,kelthuzad,1702,shaman,restoration,30,18,12
Lavalavalava,eonar,1699,shaman,restoration,42,18,24
Uncleilli,tichondrius,1699,shaman,restoration,53,20,33
Lingduacn,tichondrius,1698,shaman,restoration,36,18,18
Wraethy,illidan,1695,shaman,restoration,109,60,49
Chessyc,ragnaros,1695,shaman,restoration,42,18,24
Illiteratex,tichondrius,1689,shaman,restoration,32,19,13
Ittøki,tichondrius,1689,shaman,restoration,41,24,17
Texmawave,moon-guard,1688,shaman,restoration,73,47,26
Mandleman,tichondrius,1688,shaman,restoration,92,53,39
Rockzoa,tichondrius,1688,shaman,restoration,60,27,33
Bizzarro,azgalor,1685,shaman,restoration,73,36,37
Solidhomme,tichondrius,1684,shaman,restoration,42,23,19
Záheer,arthas,1683,shaman,restoration,54,29,25
Ibreakanklez,bleeding-hollow,1681,shaman,restoration,42,20,22
Exshocks,tichondrius,1680,shaman,restoration,42,25,17
Krazyc,sargeras,1678,shaman,restoration,78,39,39
Pookiexo,illidan,1677,shaman,restoration,35,22,13
Urga,hyjal,1672,shaman,restoration,36,20,16
Ratedpvp,thrall,1668,shaman,restoration,61,36,25
Raywhiter,tichondrius,1667,shaman,restoration,56,26,30
Reppinsix,sargeras,1662,shaman,restoration,58,24,34
Chazzwozza,area-52,1660,shaman,restoration,41,22,19
Semnicktotem,area-52,1660,shaman,restoration,54,27,27
Bluepigo,tichondrius,1660,shaman,restoration,59,24,35
Lingdusm,tichondrius,1657,shaman,restoration,36,20,16
Jizzlewizwiz,tichondrius,1657,shaman,restoration,78,40,38
Phxhouse,illidan,1655,shaman,restoration,312,150,162
Whameradetu,suramar,1653,shaman,restoration,65,28,37
Peegee,zuluhed,1652,shaman,restoration,54,22,32
Win,blackwing-lair,1651,shaman,restoration,36,21,15
Bolteon,malganis,1648,shaman,restoration,30,21,9
Groundingtot,hydraxis,1648,shaman,restoration,36,22,14
Rollintotems,bleeding-hollow,1648,shaman,restoration,54,23,31
Zeonard,ragnaros,1647,shaman,restoration,46,26,20
Jsell,zuljin,1646,shaman,restoration,56,28,28
Laydboiyo,tichondrius,1646,shaman,restoration,42,21,21
Bigmontana,tichondrius,1644,shaman,restoration,36,21,15
Fujiyama,dark-iron,1642,shaman,restoration,102,58,44
Weoo,doomhammer,1642,shaman,restoration,48,23,25
Thunderspark,tichondrius,1641,shaman,restoration,36,24,12
Cheddaman,kiljaeden,1637,shaman,restoration,48,21,27
Krilick,blackrock,1635,shaman,restoration,104,57,47
Daddybeaarr,thrall,1635,shaman,restoration,55,25,30
Xruok,kelthuzad,1633,shaman,restoration,33,20,13
Quitnectar,aggramar,1633,shaman,restoration,48,24,24
Shawmen,zuljin,1632,shaman,restoration,117,60,57
Shortbusqt,hyjal,1631,shaman,restoration,42,23,19
Wawsham,tichondrius,1631,shaman,restoration,48,19,29
Eatmymeatbal,illidan,1628,shaman,restoration,53,23,30
Lacid,tichondrius,1627,shaman,restoration,62,40,22
Lilgeeh,kelthuzad,1626,shaman,restoration,36,18,18
Grizze,bonechewer,1626,shaman,restoration,90,41,49
Goranzo,emerald-dream,1626,shaman,restoration,54,24,30
Sin,bleeding-hollow,1625,shaman,restoration,30,17,13
Elementz,tichondrius,1624,shaman,restoration,162,83,79
Zaapi,dalaran,1622,shaman,restoration,72,34,38
Horizonsham,stormrage,1621,shaman,restoration,30,18,12
Thuntard,bleeding-hollow,1621,shaman,restoration,48,23,25
Singleorigin,tichondrius,1619,shaman,restoration,59,21,38
Stylesp,tichondrius,1615,shaman,restoration,36,20,16
Skoobasteeve,sargeras,1614,shaman,restoration,69,39,30
World,frostmourne,1614,shaman,restoration,47,25,22
Quendella,aggramar,1613,shaman,restoration,42,25,17
Bigdictuna,sargeras,1612,shaman,restoration,97,57,40
Drammah,malganis,1610,shaman,restoration,48,19,29
Xzxz,sargeras,1609,shaman,restoration,69,41,28
Diulama,tichondrius,1608,shaman,restoration,33,23,10
Ðoomed,kiljaeden,1608,shaman,restoration,30,19,11
Erbicklet,ragnaros,1608,shaman,restoration,81,40,41
Plzdontlos,illidan,1607,shaman,restoration,113,69,44
Randomshammy,area-52,1606,shaman,restoration,30,17,13
Astrauk,nemesis,1606,shaman,restoration,76,43,33
Tobírama,bleeding-hollow,1606,shaman,restoration,42,17,25
Ericzlassoz,tichondrius,1605,shaman,restoration,36,22,14
Hexrz,area-52,1605,shaman,restoration,42,21,21
Oninobu,sargeras,1604,shaman,restoration,28,18,10
Hurú,azralon,1604,shaman,restoration,36,21,15
Kratór,kelthuzad,1603,shaman,restoration,47,31,16
Fernetbrança,ragnaros,1603,shaman,restoration,48,26,22
Oldguy,ragnaros,1603,shaman,restoration,53,26,27
Milkkshake,illidan,1603,shaman,restoration,124,59,65
Gjok,nemesis,1603,shaman,restoration,53,18,35
Telchar,quelthalas,1602,shaman,restoration,102,62,40
Gyrogg,scilla,1601,shaman,restoration,339,174,165
Foilcap,bonechewer,1600,shaman,restoration,296,144,152
Gulmuwu,zuljin,1599,shaman,restoration,38,22,16
Mastlau,tichondrius,1599,shaman,restoration,30,17,13
Hwyl,frostmourne,1594,shaman,restoration,48,23,25
Tzyorz,illidan,1586,shaman,restoration,42,25,17
Shamsom,tichondrius,1586,shaman,restoration,104,49,55
Intruzionall,barthilas,1585,shaman,restoration,130,70,60
Kolanji,akama,1585,shaman,restoration,41,22,19
Tevya,dalvengyr,1582,shaman,restoration,66,37,29
Turborundat,area-52,1579,shaman,restoration,201,115,86
Sewerperson,zuljin,1578,shaman,restoration,36,18,18
Bearmanshrek,tichondrius,1577,shaman,restoration,48,20,28
Strives,icecrown,1573,shaman,restoration,48,21,27
Amdshaman,thrall,1570,shaman,restoration,51,26,25
Sikotics,area-52,1568,shaman,restoration,111,58,53
Moosk,zuluhed,1567,shaman,restoration,51,27,24
Zoeyzour,illidan,1566,shaman,restoration,114,61,53
Waater,lightbringer,1562,shaman,restoration,86,49,37
Bwinthewomb,stormrage,1561,shaman,restoration,136,74,62
Wilmar,ragnaros,1560,shaman,restoration,66,33,33
Polared,hyjal,1560,shaman,restoration,46,21,25
Héadshot,bleeding-hollow,1559,shaman,restoration,41,17,24
Rainz,aggramar,1557,shaman,restoration,36,19,17
Hehew,kelthuzad,1555,shaman,restoration,110,57,53
Goatedsham,dalaran,1553,shaman,restoration,59,33,26
Bigamez,azuremyst,1551,shaman,restoration,98,55,43
Akubai,kelthuzad,1550,shaman,restoration,42,22,20
Sasgöb,illidan,1550,shaman,restoration,41,17,24
Lustlolol,korgath,1549,shaman,restoration,39,20,19
Randomshammy,stormrage,1548,shaman,restoration,30,18,12
Lanzero,chogall,1547,shaman,restoration,42,30,12
Steveyy,frostmourne,1544,shaman,restoration,27,17,10
Tyar,area-52,1543,shaman,restoration,137,64,73
Charlesby,tichondrius,1542,shaman,restoration,120,68,52
Besylate,illidan,1542,shaman,restoration,74,34,40
Chainstuff,area-52,1541,shaman,restoration,29,17,12
Bigdampurge,illidan,1537,shaman,restoration,72,37,35
Riptideafk,sargeras,1536,shaman,restoration,48,25,23
Namso,tichondrius,1534,shaman,restoration,30,16,14
Succmytotems,tichondrius,1533,shaman,restoration,69,33,36
Tides,skullcrusher,1533,shaman,restoration,42,18,24
Draidosh,area-52,1532,shaman,restoration,36,23,13
Shamxrob,sargeras,1530,shaman,restoration,60,37,23
Benta,zuljin,1530,shaman,restoration,64,35,29
Defac,proudmoore,1526,shaman,restoration,48,31,17
Rinnan,malganis,1524,shaman,restoration,97,48,49
Beastofmagic,illidan,1524,shaman,restoration,41,20,21
Muggz,sargeras,1524,shaman,restoration,36,16,20
Platewalrus,illidan,1523,shaman,restoration,30,16,14
Furrytotems,darkspear,1523,shaman,restoration,114,53,61
Bighaircut,darkspear,1521,shaman,restoration,38,17,21
Rocyt,sargeras,1520,shaman,restoration,66,35,31
Prowdt,azralon,1520,shaman,restoration,149,78,71
Kromgul,malfurion,1520,shaman,restoration,36,16,20
Worldx,barthilas,1519,shaman,restoration,60,28,32
Zuralah,nemesis,1515,shaman,restoration,46,25,21
Heniu,tichondrius,1511,shaman,restoration,36,16,20
Shamansrock,tichondrius,1509,shaman,restoration,36,16,20
Gemoz,tichondrius,1508,shaman,restoration,24,16,8
Agharn,moon-guard,1508,shaman,restoration,39,20,19
Bubbacheeks,area-52,1506,shaman,restoration,30,16,14
Trapghost,cenarius,1506,shaman,restoration,87,41,46
Arkerus,emerald-dream,1505,shaman,restoration,30,17,13
Packspiritqt,tichondrius,1505,shaman,restoration,42,21,21
Gki,tichondrius,1504,shaman,restoration,25,19,6
Shadowz,alexstrasza,1502,shaman,restoration,30,18,12
Kaytahn,proudmoore,1501,shaman,restoration,36,20,16
Foragorn,stormrage,1499,shaman,restoration,97,44,53
Ban,blackrock,1498,shaman,restoration,39,21,18
Hachikø,frostmourne,1498,shaman,restoration,54,25,29
Killercam,maiev,1497,shaman,restoration,172,83,89
Elementàlius,quelthalas,1497,shaman,restoration,71,32,39
Ärtful,illidan,1492,shaman,restoration,24,18,6
Gattious,illidan,1491,shaman,restoration,42,21,21
Mentyb,emerald-dream,1491,shaman,restoration,42,16,26
Belshiro,sargeras,1489,shaman,restoration,42,16,26
Hyonkh,tichondrius,1487,shaman,restoration,77,45,32
Cultsulyvahn,tichondrius,1487,shaman,restoration,43,21,22
Dingfu,sargeras,1486,shaman,restoration,61,38,23
Ironcrag,moon-guard,1486,shaman,restoration,128,70,58
Pawbed,aegwynn,1484,shaman,restoration,52,31,21
Thegil,tichondrius,1484,shaman,restoration,72,32,40
Trenhance,stormrage,1481,shaman,restoration,30,23,7
Krewesham,uldaman,1481,shaman,restoration,28,17,11
Dogecoincäsh,sargeras,1481,shaman,restoration,37,21,16
Chitoss,gorgonnash,1481,shaman,restoration,35,18,17
Wuruizec,illidan,1481,shaman,restoration,41,20,21
Akheeta,tichondrius,1477,shaman,restoration,21,17,4
Ryukims,tichondrius,1477,shaman,restoration,35,17,18
Draüguss,azralon,1477,shaman,restoration,48,22,26
Mudlùst,moon-guard,1476,shaman,restoration,38,20,18
Maxchungie,azshara,1475,shaman,restoration,30,16,14
Angelabaaby,proudmoore,1475,shaman,restoration,60,28,32
Yossarabi,bleeding-hollow,1475,shaman,restoration,54,23,31
Brainal,sargeras,1472,shaman,restoration,60,25,35
Hairyrichard,zuljin,1471,shaman,restoration,478,247,231
Neosham,frostwolf,1470,shaman,restoration,42,16,26
Philbert,boulderfist,1466,shaman,restoration,42,25,17
Ãrthor,stormrage,1463,shaman,restoration,48,28,20
Hirah,frostmourne,1460,shaman,restoration,23,16,7
Ballistíc,boulderfist,1458,shaman,restoration,48,28,20
Nilstorm,quelthalas,1458,shaman,restoration,72,38,34
Kwzy,stormrage,1457,shaman,restoration,51,26,25
Goatpornbad,sargeras,1457,shaman,restoration,96,44,52
Siyusm,illidan,1457,shaman,restoration,54,19,35
Whoshealing,lightninghoof,1455,shaman,restoration,66,35,31
Ssaotizi,tichondrius,1454,shaman,restoration,196,91,105
Buffdestru,azralon,1452,shaman,restoration,77,48,29
Tidalstorm,ragnaros,1450,shaman,restoration,90,52,38
Enalen,argent-dawn,1449,shaman,restoration,57,34,23
Cinematticz,tichondrius,1449,shaman,restoration,71,38,33
Buffduude,shadowsong,1449,shaman,restoration,48,22,26
Bluedynamite,tichondrius,1449,shaman,restoration,42,18,24
Joltik,area-52,1444,shaman,restoration,173,84,89
Harth,zuljin,1443,shaman,restoration,60,34,26
Nezzuk,quelthalas,1439,shaman,restoration,42,22,20
Pherolex,tichondrius,1438,shaman,restoration,30,16,14
Message,agamaggan,1437,shaman,restoration,457,229,228
Woodrose,frostmourne,1437,shaman,restoration,36,18,18
Shockszz,onyxia,1437,shaman,restoration,102,46,56
Creatine,area-52,1436,shaman,restoration,71,37,34
Tenyks,tichondrius,1436,shaman,restoration,51,26,25
Prøduce,tichondrius,1435,shaman,restoration,39,26,13
Wardruna,andorhal,1434,shaman,restoration,24,15,9
Geser,silvermoon,1432,shaman,restoration,44,26,18
Gordonramsai,sargeras,1432,shaman,restoration,162,85,77
Kabasan,illidan,1431,shaman,restoration,60,27,33
Totem,burning-legion,1431,shaman,restoration,36,16,20
Fatherrtime,illidan,1430,shaman,restoration,48,26,22
Shazik,spirestone,1430,shaman,restoration,48,20,28
Rumkin,malganis,1429,shaman,restoration,60,34,26
Erthshawk,wildhammer,1429,shaman,restoration,60,30,30
Fierymoo,frostmourne,1429,shaman,restoration,36,15,21
Subnôize,bleeding-hollow,1428,shaman,restoration,32,23,9
Halfinha,nemesis,1427,shaman,restoration,81,38,43
Kelta,kelthuzad,1423,shaman,restoration,30,15,15
Vzla,ragnaros,1422,shaman,restoration,54,28,26
Pýe,bleeding-hollow,1420,shaman,restoration,42,21,21
Smartakkar,emerald-dream,1419,shaman,restoration,45,28,17
Praxis,tichondrius,1417,shaman,restoration,119,60,59
Freesolo,barthilas,1416,shaman,restoration,128,60,68
Djshammy,barthilas,1414,shaman,restoration,80,42,38
Bitxxnumber,tichondrius,1411,shaman,restoration,163,88,75
Orkwa,bleeding-hollow,1410,shaman,restoration,68,32,36
Catchclause,eonar,1409,shaman,restoration,30,15,15
ßøvîn,thrall,1407,shaman,restoration,54,28,26
Fishman,exodar,1405,shaman,restoration,72,31,41
Zizö,barthilas,1404,shaman,restoration,42,19,23
Wuargh,area-52,1403,shaman,restoration,101,56,45
Badião,azralon,1403,shaman,restoration,123,56,67
Trúnks,magtheridon,1402,shaman,restoration,48,27,21
Supdaug,vashj,1402,shaman,restoration,66,32,34
Pissticles,bleeding-hollow,1400,shaman,restoration,72,32,40
Stylesp,area-52,1396,shaman,restoration,125,58,67
Drinkharder,stormrage,1395,shaman,restoration,34,16,18
Kakiscala,proudmoore,1393,shaman,restoration,30,16,14
Springtide,thrall,1392,shaman,restoration,41,19,22
Nomediocur,moknathal,1390,shaman,restoration,59,23,36
Rizam,malganis,1389,shaman,restoration,42,33,9
Shaquillius,tichondrius,1389,shaman,restoration,36,17,19
Soowecide,tichondrius,1387,shaman,restoration,60,23,37
Tundertotem,tichondrius,1386,shaman,restoration,51,28,23
ßread,illidan,1386,shaman,restoration,44,19,25
Redek,sargeras,1385,shaman,restoration,89,47,42
Fungus,firetree,1384,shaman,restoration,42,23,19
Tawahka,hyjal,1382,shaman,restoration,137,65,72
Onepunchsham,illidan,1382,shaman,restoration,70,31,39
Çruces,illidan,1381,shaman,restoration,36,17,19
Lanuur,moon-guard,1379,shaman,restoration,54,31,23
Kephax,eonar,1378,shaman,restoration,69,34,35
Tizz,quelthalas,1376,shaman,restoration,70,37,33
Kandin,icecrown,1373,shaman,restoration,71,36,35
Mlpz,black-dragonflight,1373,shaman,restoration,36,18,18
Harigomi,tichondrius,1370,shaman,restoration,64,25,39
Gromgrai,bleeding-hollow,1368,shaman,restoration,53,30,23
Bluetooth,stormrage,1365,shaman,restoration,83,34,49
Ralinta,tichondrius,1364,shaman,restoration,77,27,50
Kaili,illidan,1363,shaman,restoration,23,18,5
Voluptuous,mannoroth,1359,shaman,restoration,271,134,137
Wyått,emerald-dream,1359,shaman,restoration,95,43,52
Fàrrò,thrall,1355,shaman,restoration,30,20,10
Tumble,frostmourne,1352,shaman,restoration,105,51,54
Tedmosbe,tichondrius,1350,shaman,restoration,54,24,30
Køtømine,ragnaros,1349,shaman,restoration,58,36,22
Elemen,quelthalas,1348,shaman,restoration,88,43,45
Chandye,proudmoore,1348,shaman,restoration,72,27,45
Orjamba,barthilas,1347,shaman,restoration,29,17,12
Daddyk,gnomeregan,1347,shaman,restoration,53,30,23
Crittingbull,veknilash,1347,shaman,restoration,88,42,46
Kiojin,ragnaros,1346,shaman,restoration,150,80,70
Breadx,khaz-modan,1344,shaman,restoration,24,14,10
Kultirio,quelthalas,1344,shaman,restoration,61,32,29
Jîneth,tichondrius,1343,shaman,restoration,24,14,10
Squimbert,tichondrius,1343,shaman,restoration,30,14,16
Nyathera,barthilas,1339,shaman,restoration,42,24,18
Kachupinsito,ragnaros,1339,shaman,restoration,62,31,31
Montageb,illidan,1336,shaman,restoration,21,15,6
Durogh,darkspear,1336,shaman,restoration,36,14,22
Shakrakhan,tichondrius,1335,shaman,restoration,30,14,16
Aseew,drakkari,1334,shaman,restoration,66,31,35
Libragirl,tichondrius,1334,shaman,restoration,42,18,24
Azhen,ragnaros,1333,shaman,restoration,102,51,51
Zinns,dalaran,1332,shaman,restoration,30,15,15
Rogrim,malganis,1331,shaman,restoration,24,14,10
Santiagodx,ragnaros,1331,shaman,restoration,24,14,10
Mkyz,tichondrius,1331,shaman,restoration,24,14,10
Jazzlightnin,tichondrius,1331,shaman,restoration,36,14,22
Jbalvi,ragnaros,1329,shaman,restoration,30,15,15
Meatballer,queldorei,1325,shaman,restoration,77,42,35
Afgoox,tichondrius,1324,shaman,restoration,84,47,37
Zuljiba,illidan,1322,shaman,restoration,60,35,25
Restosud,crushridge,1320,shaman,restoration,30,18,12
Ryùko,proudmoore,1320,shaman,restoration,36,14,22
Cleanfossil,stormrage,1319,shaman,restoration,41,24,17
Shimansham,aegwynn,1318,shaman,restoration,78,39,39
Eekumbokum,bleeding-hollow,1317,shaman,restoration,44,26,18
Ithappens,senjin,1310,shaman,restoration,30,16,14
Amperage,spirestone,1310,shaman,restoration,31,15,16
Orlá,moon-guard,1310,shaman,restoration,54,18,36
Absorblife,barthilas,1309,shaman,restoration,69,31,38
Feldstar,stormrage,1306,shaman,restoration,95,43,52
Greenpiece,azshara,1305,shaman,restoration,82,42,40
Youneverknow,frostmourne,1305,shaman,restoration,90,46,44
Genjuu,proudmoore,1304,shaman,restoration,42,20,22
Wunderwaffe,the-underbog,1303,shaman,restoration,46,22,24
Hüsky,dalaran,1303,shaman,restoration,42,14,28
Samanl,tichondrius,1302,shaman,restoration,23,15,8
Tumble,barthilas,1302,shaman,restoration,52,26,26
Badgeshock,area-52,1301,shaman,restoration,108,48,60
Kirawindu,zuljin,1300,shaman,restoration,30,17,13
Bearlysober,draka,1297,shaman,restoration,30,16,14
Luto,tichondrius,1296,shaman,restoration,124,70,54
Bigtoy,frostmane,1296,shaman,restoration,36,14,22
Charmize,azralon,1295,shaman,restoration,48,23,25
Slaggdaddy,durotan,1292,shaman,restoration,30,14,16
Thunderborn,laughing-skull,1292,shaman,restoration,30,14,16
Graveman,illidan,1289,shaman,restoration,75,37,38
Aviator,muradin,1288,shaman,restoration,36,19,17
Belgrom,tichondrius,1287,shaman,restoration,42,23,19
Drazic,area-52,1286,shaman,restoration,49,28,21
Shamorrhoids,frostmourne,1285,shaman,restoration,137,70,67
Ketaminedrip,illidan,1284,shaman,restoration,42,22,20
Beefstocks,area-52,1284,shaman,restoration,54,28,26
Stargun,korgath,1284,shaman,restoration,147,76,71
Alraxion,ragnaros,1281,shaman,restoration,78,38,40
Ulala,azshara,1280,shaman,restoration,72,31,41
Hasselshock,area-52,1280,shaman,restoration,94,40,54
Aemi,tichondrius,1279,shaman,restoration,102,45,57
Slothstorm,barthilas,1274,shaman,restoration,35,17,18
Retgarr,tichondrius,1272,shaman,restoration,30,17,13
Foodlust,sargeras,1272,shaman,restoration,108,57,51
Tákhisis,darkspear,1271,shaman,restoration,72,33,39
Angelicrain,stormrage,1269,shaman,restoration,30,16,14
Thomastides,tichondrius,1268,shaman,restoration,78,36,42
Pushaheal,tichondrius,1267,shaman,restoration,42,23,19
Taò,tichondrius,1266,shaman,restoration,82,38,44
Shiestys,tichondrius,1264,shaman,restoration,33,23,10
Defnotheals,kelthuzad,1261,shaman,restoration,84,38,46
Menah,moon-guard,1260,shaman,restoration,36,20,16
Hauby,zuljin,1259,shaman,restoration,48,15,33
Ragerax,trollbane,1254,shaman,restoration,23,16,7
Brislin,sargeras,1252,shaman,restoration,99,48,51
Blodbar,kiljaeden,1249,shaman,restoration,36,24,12
Shaokhang,emerald-dream,1249,shaman,restoration,46,17,29
Watchmytrem,ragnaros,1249,shaman,restoration,60,20,40
Cæl,azralon,1248,shaman,restoration,29,16,13
Bigwave,zuluhed,1248,shaman,restoration,30,15,15
Prêttylights,bleeding-hollow,1247,shaman,restoration,18,13,5
Tôôz,stormrage,1247,shaman,restoration,18,13,5
Cardïß,tichondrius,1247,shaman,restoration,24,13,11
Wtbtotem,tichondrius,1247,shaman,restoration,24,13,11
Tideoverdose,tichondrius,1247,shaman,restoration,24,13,11
Toteapole,malganis,1247,shaman,restoration,32,17,15
Miketheseal,bleeding-hollow,1247,shaman,restoration,30,13,17
Barbosina,stormrage,1246,shaman,restoration,160,81,79
Tacho,bleeding-hollow,1246,shaman,restoration,34,15,19
Hooldcool,tichondrius,1245,shaman,restoration,77,41,36
Jaandar,saurfang,1245,shaman,restoration,36,18,18
Tayictwo,tichondrius,1244,shaman,restoration,24,13,11
Aelwydx,quelthalas,1243,shaman,restoration,162,82,80
Jsoto,ghostlands,1243,shaman,restoration,30,13,17
Sharmut,bleeding-hollow,1242,shaman,restoration,117,59,58
Raxshock,stormrage,1240,shaman,restoration,24,13,11
Maserati,korialstrasz,1240,shaman,restoration,54,23,31
Nethyxsoy,frostmourne,1239,shaman,restoration,18,13,5
Hicys,azralon,1239,shaman,restoration,26,17,9
Lastdwarf,tichondrius,1237,shaman,restoration,18,13,5
Sleepysham,kelthuzad,1237,shaman,restoration,36,13,23
Arginine,tichondrius,1236,shaman,restoration,36,13,23
Bazinguinha,azralon,1235,shaman,restoration,24,13,11
Peppito,illidan,1234,shaman,restoration,39,23,16
Chingobling,illidan,1234,shaman,restoration,24,13,11
Krolii,tichondrius,1234,shaman,restoration,80,33,47
Kimchimi,tichondrius,1232,shaman,restoration,18,13,5
Shamicare,stormrage,1232,shaman,restoration,136,75,61
Kinjin,dragonmaw,1232,shaman,restoration,30,13,17
Quakess,zuljin,1232,shaman,restoration,36,13,23
Xajsham,tichondrius,1231,shaman,restoration,96,51,45
Kikkóman,malganis,1230,shaman,restoration,48,25,23
Edemental,area-52,1229,shaman,restoration,129,61,68
Sindury,tichondrius,1226,shaman,restoration,54,28,26
Terdsammich,malganis,1225,shaman,restoration,24,14,10
Splonkydonky,stonemaul,1225,shaman,restoration,24,13,11
Ozzai,ragnaros,1225,shaman,restoration,42,15,27
Crazytotems,dalaran,1221,shaman,restoration,82,39,43
Hoong,garrosh,1219,shaman,restoration,32,17,15
Lavablurst,stormrage,1218,shaman,restoration,59,23,36
Babytiramisu,stormrage,1217,shaman,restoration,36,16,20
Ekuku,tichondrius,1215,shaman,restoration,40,19,21
Enflexi,lightbringer,1214,shaman,restoration,29,13,16
Killdeaderer,barthilas,1209,shaman,restoration,90,54,36
Certz,dark-iron,1209,shaman,restoration,39,15,24
Patoron,proudmoore,1204,shaman,restoration,34,17,17
Bluffin,stormrage,1200,shaman,restoration,18,14,4
Magnethor,frostmourne,1200,shaman,restoration,42,24,18
Cruelface,sargeras,1196,shaman,restoration,26,14,12
Rsdyxjh,tichondrius,1192,shaman,restoration,33,14,19
Furti,daggerspine,1190,shaman,restoration,34,16,18
Lüca,wyrmrest-accord,1187,shaman,restoration,165,92,73
Mynigabob,zuljin,1186,shaman,restoration,83,47,36
Hammerme,barthilas,1186,shaman,restoration,89,30,59
Getwetand,quelthalas,1182,shaman,restoration,103,51,52
Stabix,tichondrius,1181,shaman,restoration,66,31,35
Rimmington,frostmourne,1179,shaman,restoration,54,24,30
Dcãicer,quelthalas,1178,shaman,restoration,25,15,10
Käck,tichondrius,1178,shaman,restoration,50,24,26
Flametide,proudmoore,1176,shaman,restoration,35,20,15
Hedbang,kiljaeden,1169,shaman,restoration,60,24,36
Restoramen,frostmourne,1166,shaman,restoration,24,13,11
Senzxlolxz,lightbringer,1165,shaman,restoration,45,29,16
Stahlman,blackhand,1160,shaman,restoration,48,17,31
Kaaying,tichondrius,1158,shaman,restoration,37,13,24
Drboidzerg,tichondrius,1154,shaman,restoration,32,20,12
Drfentanylx,emerald-dream,1152,shaman,restoration,18,12,6
Dbmx,tichondrius,1152,shaman,restoration,24,12,12
Rawdòggin,emerald-dream,1152,shaman,restoration,33,13,20
Ruupaul,kiljaeden,1151,shaman,restoration,18,12,6
Sunyang,tichondrius,1151,shaman,restoration,24,12,12
Mandinga,warsong,1151,shaman,restoration,59,26,33
Mitchestic,illidan,1151,shaman,restoration,30,12,18
Dawnyshock,arygos,1151,shaman,restoration,30,12,18
Stórmstruck,area-52,1150,shaman,restoration,18,12,6
Rynoh,dalaran,1149,shaman,restoration,24,12,12
Delayy,destromath,1149,shaman,restoration,53,23,30
Noolube,barthilas,1148,shaman,restoration,24,12,12
Jineluki,emerald-dream,1148,shaman,restoration,53,23,30
Mcwindyfists,zuljin,1148,shaman,restoration,30,12,18
Ricn,tichondrius,1147,shaman,restoration,24,12,12
Xiaoxiboy,tichondrius,1147,shaman,restoration,24,12,12
Wazöö,sargeras,1146,shaman,restoration,57,24,33
Boltadeez,tichondrius,1144,shaman,restoration,24,12,12
Szeav,tichondrius,1143,shaman,restoration,24,12,12
Lokhtar,zuljin,1138,shaman,restoration,30,14,16
Solaraa,proudmoore,1133,shaman,restoration,28,13,15
Shohzegky,azralon,1133,shaman,restoration,73,32,41
Gsync,tichondrius,1131,shaman,restoration,41,27,14
Pèpé,sargeras,1126,shaman,restoration,26,16,10
Dinaliia,lothar,1126,shaman,restoration,36,16,20
Truemooin,wyrmrest-accord,1122,shaman,restoration,130,60,70
Zetli,tichondrius,1120,shaman,restoration,36,12,24
Fencepost,bleeding-hollow,1118,shaman,restoration,18,12,6
Kunio,proudmoore,1117,shaman,restoration,24,12,12
Oomshamm,area-52,1114,shaman,restoration,118,61,57
Tartar,lightbringer,1112,shaman,restoration,29,18,11
Peanutto,illidan,1111,shaman,restoration,42,26,16
Taquitho,quelthalas,1110,shaman,restoration,57,24,33
Thräll,shuhalo,1109,shaman,restoration,42,15,27
Shammyguy,stormreaver,1103,shaman,restoration,50,23,27
Totemist,tichondrius,1100,shaman,restoration,36,12,24
Dahmerjr,area-52,1099,shaman,restoration,42,22,20
Saicey,zuljin,1092,shaman,restoration,36,16,20
Ðno,frostmourne,1086,shaman,restoration,17,12,5
Glocksitotem,malganis,1085,shaman,restoration,27,12,15
Unchaman,ragnaros,1083,shaman,restoration,38,14,24
Grimmzhul,daggerspine,1077,shaman,restoration,90,43,47
Turbluscious,frostmourne,1074,shaman,restoration,49,26,23
Elharm,ragnaros,1072,shaman,restoration,36,13,23
Reuxxe,area-52,1071,shaman,restoration,31,13,18
Grullander,hakkar,1063,shaman,restoration,36,20,16
Sekkuo,kiljaeden,1061,shaman,restoration,60,28,32
Conjunction,azjolnerub,1056,shaman,restoration,18,11,7
Biofly,thrall,1056,shaman,restoration,18,11,7
Lfgzookeeper,malganis,1056,shaman,restoration,18,11,7
Censyzz,tichondrius,1056,shaman,restoration,24,11,13
Pingatronx,ragnaros,1056,shaman,restoration,24,11,13
Brocules,aerie-peak,1056,shaman,restoration,24,11,13
Muscleyuan,tichondrius,1056,shaman,restoration,29,11,18
Jtrxs,tichondrius,1055,shaman,restoration,24,11,13
Sweetpotatoe,malganis,1055,shaman,restoration,24,11,13
Pericazo,sargeras,1055,shaman,restoration,24,11,13
Damoclez,jubeithos,1054,shaman,restoration,18,11,7
Bitruff,tichondrius,1054,shaman,restoration,18,11,7
Earthfirex,ragnaros,1054,shaman,restoration,18,11,7
Scroogz,emerald-dream,1054,shaman,restoration,24,11,13
Keybordternr,tichondrius,1054,shaman,restoration,24,11,13
Murm,burning-blade,1053,shaman,restoration,18,11,7
Elmonkeyloco,bleeding-hollow,1053,shaman,restoration,18,11,7
Fwwrs,illidan,1052,shaman,restoration,18,11,7
Velesa,kiljaeden,1052,shaman,restoration,30,11,19
Glark,tichondrius,1051,shaman,restoration,24,11,13
Bluebones,frostmane,1050,shaman,restoration,18,11,7
Dragum,blackrock,1050,shaman,restoration,30,11,19
Hazorele,nagrand,1049,shaman,restoration,36,17,19
Windfrenzy,thrall,1048,shaman,restoration,30,11,19
Ryuukas,illidan,1047,shaman,restoration,18,11,7
Tràuma,caelestrasz,1045,shaman,restoration,45,13,32
Gl,nordrassil,1043,shaman,restoration,18,11,7
Saraguthix,dalaran,1043,shaman,restoration,30,11,19
Zugzugthug,moon-guard,1040,shaman,restoration,84,33,51
Exportgold,barthilas,1039,shaman,restoration,24,11,13
Lechaman,hakkar,1038,shaman,restoration,36,11,25
Joocer,emerald-dream,1037,shaman,restoration,30,11,19
Satrixss,ragnaros,1036,shaman,restoration,40,17,23
Sploosh,norgannon,1031,shaman,restoration,30,15,15
Stormburst,sargeras,1030,shaman,restoration,24,12,12
Bóòchainz,tichondrius,1024,shaman,restoration,16,12,4
Mastrionilol,stormrage,1023,shaman,restoration,34,11,23
Jìmmybuckets,tichondrius,1022,shaman,restoration,17,11,6
Dextex,azralon,1022,shaman,restoration,47,26,21
Superchunk,shattered-hand,1021,shaman,restoration,54,31,23
Lavatotem,stormrage,1021,shaman,restoration,41,20,21
Littledream,quelthalas,1021,shaman,restoration,28,12,16
Nupi,thaurissan,1013,shaman,restoration,59,26,33
Illeh,illidan,1010,shaman,restoration,24,11,13
Volsdeep,illidan,1007,shaman,restoration,21,11,10
Speedranger,stormrage,1004,shaman,restoration,42,15,27
Hentaistorm,kiljaeden,998,shaman,restoration,80,41,39
Wâgu,moon-guard,992,shaman,restoration,28,11,17
Kencyzz,tichondrius,991,shaman,restoration,17,11,6
Nottrhall,azralon,990,shaman,restoration,14,11,3
Teardrinker,korgath,988,shaman,restoration,30,11,19
Faegle,area-52,984,shaman,restoration,24,11,13
Redbulls,azralon,983,shaman,restoration,73,39,34
Laterallus,nagrand,980,shaman,restoration,43,21,22
Banterx,emerald-dream,979,shaman,restoration,35,12,23
Andrastia,thrall,976,shaman,restoration,24,15,9
Shammystic,quelthalas,972,shaman,restoration,48,17,31
Shamadran,hyjal,971,shaman,restoration,23,11,12
Njjshamm,thrall,969,shaman,restoration,36,16,20
Twinkolava,nemesis,961,shaman,restoration,19,11,8
Yooseafood,tichondrius,960,shaman,restoration,12,10,2
Yunotho,sargeras,960,shaman,restoration,18,10,8
Naisayyds,tichondrius,960,shaman,restoration,18,10,8
Chocopuff,bleeding-hollow,960,shaman,restoration,18,10,8
Tisaa,illidan,960,shaman,restoration,18,10,8
Hst,barthilas,960,shaman,restoration,18,10,8
Patzog,area-52,960,shaman,restoration,18,10,8
Fluxxy,tichondrius,960,shaman,restoration,24,10,14
Farfar,tichondrius,959,shaman,restoration,12,10,2
Chenguanxi,tichondrius,959,shaman,restoration,12,10,2
Colterr,thunderhorn,959,shaman,restoration,18,10,8
Devastaterr,bleeding-hollow,959,shaman,restoration,18,10,8
Shoxx,wyrmrest-accord,959,shaman,restoration,18,10,8
Forcè,bleeding-hollow,959,shaman,restoration,24,10,14
Huroth,proudmoore,959,shaman,restoration,30,10,20
Ggoong,tichondrius,959,shaman,restoration,36,10,26
Belarix,emerald-dream,959,shaman,restoration,36,10,26
Vinceshamwow,lightbringer,958,shaman,restoration,12,10,2
Torric,kalecgos,958,shaman,restoration,18,10,8
Zechary,proudmoore,958,shaman,restoration,18,10,8
Shyva,frostmourne,958,shaman,restoration,18,10,8
Furiousnick,stormrage,958,shaman,restoration,18,10,8
Rugmat,tichondrius,958,shaman,restoration,24,10,14
Lawlsham,korgath,957,shaman,restoration,12,10,2
Athayis,malorne,957,shaman,restoration,59,31,28
Eggrollninja,illidan,956,shaman,restoration,12,10,2
Totemgoddess,nemesis,956,shaman,restoration,24,10,14
Maakasarg,tichondrius,956,shaman,restoration,24,10,14
Karaaka,ysera,956,shaman,restoration,30,10,20
Oohkillemm,silvermoon,955,shaman,restoration,18,10,8
Carltonbanks,aggramar,955,shaman,restoration,24,10,14
Jensenx,proudmoore,955,shaman,restoration,24,10,14
Fio,nerzhul,955,shaman,restoration,54,20,34
Mishalla,tichondrius,954,shaman,restoration,24,10,14
Tequíla,quelthalas,952,shaman,restoration,18,10,8
Mikeyodinson,area-52,952,shaman,restoration,24,10,14
Bruhh,stormscale,951,shaman,restoration,18,10,8
Soulmiracle,tichondrius,951,shaman,restoration,24,10,14
Kisimi,proudmoore,950,shaman,restoration,18,10,8
Aceshamm,kelthuzad,950,shaman,restoration,24,13,11
Haether,madoran,949,shaman,restoration,65,31,34
Problamatic,tichondrius,949,shaman,restoration,24,10,14
Shamankïng,proudmoore,938,shaman,restoration,29,11,18
Anttoekneeoh,thrall,933,shaman,restoration,18,10,8
Doomgodx,tichondrius,933,shaman,restoration,24,11,13
Boppshock,tichondrius,928,shaman,restoration,16,11,5
Mikeoxxgigg,kelthuzad,927,shaman,restoration,51,28,23
Roostershama,tichondrius,925,shaman,restoration,20,11,9
Psilocypher,nazjatar,923,shaman,restoration,18,11,7
Klev,frostmourne,921,shaman,restoration,33,12,21
Malløry,mugthol,917,shaman,restoration,30,12,18
Joyrex,spinebreaker,912,shaman,restoration,21,11,10
Flexexpress,stormrage,911,shaman,restoration,17,10,7
Privxd,bleeding-hollow,910,shaman,restoration,17,10,7
Synkrona,tichondrius,905,shaman,restoration,32,13,19
Alestorm,nemesis,899,shaman,restoration,28,12,16
Msooli,tichondrius,895,shaman,restoration,11,10,1
Holdmytotum,tichondrius,895,shaman,restoration,17,10,7
Swifteyy,area-52,883,shaman,restoration,22,10,12
Sàuron,tichondrius,874,shaman,restoration,19,10,9
Ixis,bleeding-hollow,864,shaman,restoration,12,9,3
Orochishaman,stormrage,864,shaman,restoration,12,9,3
Èmaxx,barthilas,864,shaman,restoration,12,9,3
ßonevoyage,malganis,864,shaman,restoration,12,9,3
Seiunsky,area-52,864,shaman,restoration,12,9,3
Owtyobwol,area-52,864,shaman,restoration,12,9,3
Bakenquake,tichondrius,864,shaman,restoration,12,9,3
Washedupty,illidan,864,shaman,restoration,12,9,3
Medullarum,suramar,864,shaman,restoration,18,9,9
Neviahz,illidan,864,shaman,restoration,18,9,9
Polarities,malganis,864,shaman,restoration,24,9,15
Dawny,arygos,864,shaman,restoration,24,9,15
Wildmaster,ragnaros,864,shaman,restoration,30,9,21
Køre,tichondrius,863,shaman,restoration,12,9,3
Snoff,burning-blade,863,shaman,restoration,18,9,9
Ryeqt,illidan,863,shaman,restoration,18,9,9
Jnzz,area-52,863,shaman,restoration,18,9,9
Murica,area-52,863,shaman,restoration,18,9,9
Darcheros,quelthalas,863,shaman,restoration,18,9,9
Tesle,illidan,863,shaman,restoration,24,9,15
Gangzmmsk,tichondrius,862,shaman,restoration,12,9,3
Obrahma,burning-legion,862,shaman,restoration,18,9,9
Drekkhal,area-52,862,shaman,restoration,18,9,9
Turtleinmud,frostmourne,862,shaman,restoration,18,9,9
Vywolf,frostmourne,862,shaman,restoration,27,11,16
Lildunny,tichondrius,862,shaman,restoration,24,9,15
Milkstress,whisperwind,861,shaman,restoration,24,9,15
Macdab,malganis,860,shaman,restoration,18,9,9
Esanim,tichondrius,860,shaman,restoration,18,9,9
Overcåst,barthilas,860,shaman,restoration,30,9,21
Wagesisdeath,illidan,859,shaman,restoration,24,9,15
Vibration,akama,858,shaman,restoration,18,9,9
Blois,thunderlord,857,shaman,restoration,18,9,9
Yakella,trollbane,854,shaman,restoration,12,9,3
Mtnju,eredar,852,shaman,restoration,18,9,9
Dabmarinø,tichondrius,850,shaman,restoration,18,9,9
Chablez,shattered-hand,849,shaman,restoration,18,9,9
Ayahuassca,illidan,847,shaman,restoration,44,19,25
Spampurge,blackwing-lair,841,shaman,restoration,25,11,14
Dreadxtotems,illidan,830,shaman,restoration,17,9,8
Deadlyshocks,gilneas,827,shaman,restoration,35,17,18
Sittingwolf,stormreaver,825,shaman,restoration,17,9,8
Rastablaze,darkspear,823,shaman,restoration,59,18,41
Angelbie,tichondrius,815,shaman,restoration,15,10,5
Kensyz,tichondrius,768,shaman,restoration,12,8,4
Ggdumpy,tichondrius,768,shaman,restoration,12,8,4
Xannysnapper,zuljin,768,shaman,restoration,12,8,4
Shxl,zuljin,768,shaman,restoration,12,8,4
Svondo,illidan,768,shaman,restoration,12,8,4
Naweiv,caelestrasz,768,shaman,restoration,12,8,4
Animus,dark-iron,768,shaman,restoration,12,8,4
Multran,stormscale,768,shaman,restoration,12,8,4
Touchmytotmm,tichondrius,768,shaman,restoration,12,8,4
Stormlashx,sargeras,768,shaman,restoration,12,8,4
Xiaoshaman,tichondrius,768,shaman,restoration,12,8,4
Hexistential,tichondrius,768,shaman,restoration,12,8,4
Coreygunz,illidan,768,shaman,restoration,12,8,4
Booramz,tichondrius,768,shaman,restoration,12,8,4
Vernzi,laughing-skull,768,shaman,restoration,12,8,4
Rookieshaman,tichondrius,768,shaman,restoration,12,8,4
Chairstain,kelthuzad,768,shaman,restoration,12,8,4
Freerath,tichondrius,768,shaman,restoration,16,8,8
Toastjr,frostmourne,768,shaman,restoration,18,8,10
Yoshìmìtsu,illidan,768,shaman,restoration,18,8,10
Wolvez,tichondrius,768,shaman,restoration,18,8,10
Evilabev,bonechewer,768,shaman,restoration,18,8,10
Taronì,zuljin,768,shaman,restoration,18,8,10
Songo,frostmane,768,shaman,restoration,18,8,10
Gorillox,chogall,768,shaman,restoration,18,8,10
Mistarklean,malganis,768,shaman,restoration,24,8,16
Klimax,tichondrius,767,shaman,restoration,12,8,4
Veeve,kelthuzad,767,shaman,restoration,12,8,4
Squirtrussel,boulderfist,767,shaman,restoration,12,8,4
Totemism,warsong,767,shaman,restoration,12,8,4
Flubydont,icecrown,767,shaman,restoration,18,8,10
Zombaschamy,ragnaros,767,shaman,restoration,18,8,10
Earthentotem,tichondrius,767,shaman,restoration,18,8,10
Improvize,malganis,767,shaman,restoration,24,8,16
Thunderfucj,tichondrius,767,shaman,restoration,24,8,16
Agrîm,tichondrius,767,shaman,restoration,24,8,16
Totembarx,illidan,766,shaman,restoration,12,8,4
Totemlord,lightnings-blade,766,shaman,restoration,18,8,10
Skylet,azralon,766,shaman,restoration,18,8,10
Rapwnzel,tichondrius,766,shaman,restoration,18,8,10
Santral,ragnaros,766,shaman,restoration,19,8,11
Magatotem,sargeras,766,shaman,restoration,24,8,16
Darrann,kiljaeden,765,shaman,restoration,12,8,4
Angron,barthilas,765,shaman,restoration,12,8,4
Alexustexas,tichondrius,765,shaman,restoration,18,8,10
Vulcanik,quelthalas,764,shaman,restoration,24,8,16
ßøn,altar-of-storms,762,shaman,restoration,12,8,4
Cremecheese,crushridge,760,shaman,restoration,12,8,4
Eleshortal,azuremyst,759,shaman,restoration,18,8,10
Amonamarth,tichondrius,753,shaman,restoration,18,8,10
Getpurged,thrall,751,shaman,restoration,17,8,9
Shubba,thrall,747,shaman,restoration,12,8,4
Treris,bleeding-hollow,719,shaman,restoration,11,8,3
Immabòt,tichondrius,719,shaman,restoration,17,8,9
Notragii,kelthuzad,719,shaman,restoration,17,8,9
Shocksauce,tichondrius,714,shaman,restoration,23,11,12
Kencysz,tichondrius,714,shaman,restoration,23,9,14
Luxiaa,tichondrius,714,shaman,restoration,23,9,14
Trouvaille,tichondrius,714,shaman,restoration,25,9,16
Zuescannon,kelthuzad,704,shaman,restoration,16,8,8
Xinz,guldan,703,shaman,restoration,11,8,3
Garbagedump,burning-legion,703,shaman,restoration,14,8,6
Elîas,tichondrius,672,shaman,restoration,12,7,5
Boltekka,tichondrius,672,shaman,restoration,12,7,5
Dadbar,tichondrius,672,shaman,restoration,12,7,5
Meskthemage,barthilas,672,shaman,restoration,12,7,5
Hexmix,muradin,672,shaman,restoration,12,7,5
Symbox,tichondrius,672,shaman,restoration,12,7,5
Restosêxual,tichondrius,672,shaman,restoration,12,7,5
Dizzyswift,tichondrius,672,shaman,restoration,12,7,5
Zerwyn,senjin,672,shaman,restoration,12,7,5
Specifyz,arathor,672,shaman,restoration,12,7,5
Miroen,tichondrius,672,shaman,restoration,12,7,5
Kencyi,tichondrius,672,shaman,restoration,12,7,5
Crakmane,kelthuzad,672,shaman,restoration,12,7,5
Girthquake,agamaggan,672,shaman,restoration,12,7,5
Gornu,nemesis,672,shaman,restoration,12,7,5
Sorgal,area-52,672,shaman,restoration,12,7,5
Chlckenx,tichondrius,672,shaman,restoration,18,7,11
Earthuncle,illidan,672,shaman,restoration,18,7,11
Mastrionilol,dragonmaw,672,shaman,restoration,18,7,11
Nosekandyz,chogall,672,shaman,restoration,18,7,11
Morphose,tichondrius,672,shaman,restoration,18,7,11
Cosmô,sargeras,672,shaman,restoration,24,7,17
Meanbetty,illidan,671,shaman,restoration,12,7,5
Lurue,tichondrius,671,shaman,restoration,12,7,5
Pakdis,sargeras,671,shaman,restoration,12,7,5
Ironfart,destromath,671,shaman,restoration,12,7,5
Flekzs,blackhand,671,shaman,restoration,12,7,5
Raininwishes,aegwynn,671,shaman,restoration,12,7,5
Chebbs,bleeding-hollow,671,shaman,restoration,12,7,5
Rokvahn,illidan,671,shaman,restoration,12,7,5
Otem,frostmourne,671,shaman,restoration,16,7,9
Hamshamwitch,shadowmoon,671,shaman,restoration,18,7,11
Lvcianrs,thrall,671,shaman,restoration,18,7,11
Caobuloso,azralon,671,shaman,restoration,18,7,11
Bethorá,suramar,670,shaman,restoration,12,7,5
Totori,stormscale,670,shaman,restoration,12,7,5
Shamanastic,tichondrius,670,shaman,restoration,12,7,5
Stormcallerr,sargeras,670,shaman,restoration,12,7,5
Mengemort,crushridge,670,shaman,restoration,12,7,5
Crynoobs,senjin,670,shaman,restoration,12,7,5
Grakkah,thrall,670,shaman,restoration,18,7,11
Víì,tichondrius,670,shaman,restoration,24,7,17
Vulkova,illidan,669,shaman,restoration,18,7,11
Evilraven,tichondrius,668,shaman,restoration,18,7,11
Detropolis,illidan,668,shaman,restoration,48,7,41
Kordir,kiljaeden,667,shaman,restoration,18,7,11
Cameltotêm,frostmourne,666,shaman,restoration,12,7,5
Lfhotmoms,moon-guard,665,shaman,restoration,11,9,2
Ruadhri,moon-guard,665,shaman,restoration,12,7,5
Tharapita,bleeding-hollow,665,shaman,restoration,21,8,13
Zoodoo,nagrand,663,shaman,restoration,30,7,23
Lamente,ragnaros,655,shaman,restoration,17,7,10
Stormsurgë,bleeding-hollow,640,shaman,restoration,10,8,2
Koomrog,frostmourne,638,shaman,restoration,14,8,6
Kayadee,stormrage,624,shaman,restoration,21,7,14
Deacoderz,area-52,618,shaman,restoration,14,8,6
Vogaz,ragnaros,608,shaman,restoration,22,7,15
Drfate,kargath,604,shaman,restoration,16,7,9
Matrìx,sargeras,594,shaman,restoration,26,8,18
Onpoint,frostmourne,591,shaman,restoration,11,7,4
Pangniu,illidan,576,shaman,restoration,6,6,0
Kassix,illidan,576,shaman,restoration,6,6,0
Gödöfbüdå,tichondrius,576,shaman,restoration,6,6,0
Jordnöt,moon-guard,576,shaman,restoration,9,6,3
Ajj,thrall,576,shaman,restoration,12,6,6
Trewlolz,sargeras,576,shaman,restoration,12,6,6
Abev,bonechewer,576,shaman,restoration,12,6,6
Caprise,tichondrius,576,shaman,restoration,12,6,6
Bakayarøu,tichondrius,576,shaman,restoration,12,6,6
Chrigshock,black-dragonflight,576,shaman,restoration,12,6,6
Nickwoper,emerald-dream,576,shaman,restoration,12,6,6
Pex,sargeras,576,shaman,restoration,12,6,6
Potf,illidan,576,shaman,restoration,12,6,6
Ggezlmao,bleeding-hollow,576,shaman,restoration,12,6,6
Icehole,kelthuzad,576,shaman,restoration,12,6,6
Shamfold,illidan,576,shaman,restoration,12,6,6
Burstekka,tichondrius,576,shaman,restoration,12,6,6
Aguinha,azralon,576,shaman,restoration,12,6,6
Nyf,khazgoroth,576,shaman,restoration,12,6,6
Motatos,malganis,576,shaman,restoration,12,6,6
Scadouche,korgath,576,shaman,restoration,12,6,6
Weqeqwqwqex,ragnaros,576,shaman,restoration,12,6,6
Littleshasha,tichondrius,576,shaman,restoration,12,6,6
Aespeon,stormrage,576,shaman,restoration,12,6,6
Lunds,tichondrius,576,shaman,restoration,12,6,6
Oppaswag,tichondrius,576,shaman,restoration,12,6,6
Ccmeifbald,moon-guard,576,shaman,restoration,12,6,6
Xenvale,illidan,576,shaman,restoration,12,6,6
Lindnerx,malganis,576,shaman,restoration,12,6,6
Atsukaia,tichondrius,576,shaman,restoration,12,6,6
Bombadil,korgath,576,shaman,restoration,12,6,6
Ataia,tichondrius,576,shaman,restoration,12,6,6
Cencyzz,tichondrius,576,shaman,restoration,12,6,6
Fevolution,dreadmaul,576,shaman,restoration,12,6,6
Urin,emerald-dream,576,shaman,restoration,15,6,9
Jukedlawl,illidan,576,shaman,restoration,18,6,12
Rubmytiki,skywall,576,shaman,restoration,18,6,12
Kÿlé,darkspear,576,shaman,restoration,18,6,12
Blck,malorne,576,shaman,restoration,23,7,16
Shampowl,jaedenar,576,shaman,restoration,20,6,14
Anußis,stormrage,576,shaman,restoration,24,6,18
Battleobobby,medivh,576,shaman,restoration,29,6,23
Klaital,boulderfist,575,shaman,restoration,6,6,0
Infsham,hyjal,575,shaman,restoration,12,6,6
Fallhazard,malganis,575,shaman,restoration,12,6,6
Donojo,zuljin,575,shaman,restoration,12,6,6
Lhost,tanaris,575,shaman,restoration,12,6,6
Redds,tichondrius,575,shaman,restoration,12,6,6
Toroph,azralon,575,shaman,restoration,12,6,6
Zqshaman,tichondrius,575,shaman,restoration,12,6,6
Shockburst,dalaran,575,shaman,restoration,12,6,6
Tagliatelle,kelthuzad,575,shaman,restoration,15,7,8
Numbreseven,frostmourne,575,shaman,restoration,14,6,8
Ragnarüz,ragnaros,575,shaman,restoration,19,7,12
Spiritwler,tichondrius,575,shaman,restoration,18,6,12
Killerphreak,mannoroth,574,shaman,restoration,12,6,6
Dodirt,laughing-skull,574,shaman,restoration,12,6,6
Kikahna,stormreaver,574,shaman,restoration,15,7,8
Kunshíí,bleeding-hollow,574,shaman,restoration,15,6,9
Tabby,emerald-dream,574,shaman,restoration,18,6,12
Twoflower,frostmourne,574,shaman,restoration,24,6,18
Gimlyman,madoran,567,shaman,restoration,12,6,6
Bloodmoôn,frostmourne,566,shaman,restoration,18,6,12
Earthnsky,bleeding-hollow,543,shaman,restoration,11,6,5
Desgarcon,zuljin,543,shaman,restoration,11,6,5
Hoghlinn,stormrage,541,shaman,restoration,8,7,1
Tsunamic,sargeras,528,shaman,restoration,15,6,9
Ttvfoxyllama,tichondrius,522,shaman,restoration,22,8,14
Lavamon,illidan,480,shaman,restoration,6,5,1
Blueclass,akama,480,shaman,restoration,6,5,1
Oprawinfuryy,thrall,480,shaman,restoration,6,5,1
Nymrose,stormrage,480,shaman,restoration,6,5,1
Spekgawd,emerald-dream,480,shaman,restoration,6,5,1
Dgshaman,tichondrius,480,shaman,restoration,6,5,1
Hexgodx,illidan,480,shaman,restoration,6,5,1
Blowurbubble,tichondrius,480,shaman,restoration,6,5,1
Çhïcagø,aegwynn,480,shaman,restoration,6,5,1
Goobie,crushridge,480,shaman,restoration,6,5,1
Dankestmemes,illidan,480,shaman,restoration,6,5,1
Nuggsfxce,frostmourne,480,shaman,restoration,6,5,1
Cantshear,zuljin,480,shaman,restoration,6,5,1
Slm,bleeding-hollow,480,shaman,restoration,6,5,1
Binishaman,tichondrius,480,shaman,restoration,6,5,1
Laodo,tichondrius,480,shaman,restoration,10,6,4
Devastian,quelthalas,480,shaman,restoration,12,5,7
Zingysham,tichondrius,480,shaman,restoration,12,5,7
Teftx,area-52,480,shaman,restoration,12,5,7
Kwesy,tichondrius,480,shaman,restoration,12,5,7
Ekss,tichondrius,480,shaman,restoration,12,5,7
Juicypork,moon-guard,480,shaman,restoration,12,5,7
Deathwards,frostmane,480,shaman,restoration,12,5,7
Weebzealot,kelthuzad,480,shaman,restoration,12,5,7
Shamankie,tichondrius,480,shaman,restoration,12,5,7
Shämpäin,moon-guard,480,shaman,restoration,12,5,7
Dókki,tichondrius,480,shaman,restoration,12,5,7
Nøir,drakkari,480,shaman,restoration,12,5,7
Edisto,darkspear,480,shaman,restoration,12,5,7
Enzÿte,tichondrius,480,shaman,restoration,12,5,7
Thundershade,deathwing,480,shaman,restoration,12,5,7
Huulu,blades-edge,480,shaman,restoration,12,5,7
Doop,kiljaeden,480,shaman,restoration,12,5,7
Traumateam,tichondrius,480,shaman,restoration,12,5,7
Sixtyninelol,thunderlord,480,shaman,restoration,12,5,7
Nagish,alexstrasza,480,shaman,restoration,12,5,7
Sâxman,stormreaver,480,shaman,restoration,12,5,7
Mvpstorm,darkspear,480,shaman,restoration,12,5,7
Drünk,hyjal,480,shaman,restoration,12,5,7
Krupto,tichondrius,480,shaman,restoration,12,5,7
Synkronaqt,tichondrius,480,shaman,restoration,12,5,7
Saviørkai,barthilas,480,shaman,restoration,12,5,7
Vegaslights,tichondrius,480,shaman,restoration,12,5,7
Dyllbat,illidan,480,shaman,restoration,12,5,7
Azrlol,illidan,480,shaman,restoration,12,5,7
Hijodelrayo,drakkari,480,shaman,restoration,12,5,7
Boryndor,stormrage,480,shaman,restoration,12,5,7
Goresx,tichondrius,480,shaman,restoration,12,5,7
Elementorx,stormrage,480,shaman,restoration,12,5,7
Fidelityfx,sargeras,480,shaman,restoration,12,5,7
Totemfizzle,spirestone,480,shaman,restoration,12,5,7
Baltarian,emerald-dream,480,shaman,restoration,12,5,7
Astotems,tichondrius,480,shaman,restoration,12,5,7
Derbain,caelestrasz,480,shaman,restoration,12,5,7
Jisthexx,senjin,480,shaman,restoration,12,5,7
Lazi,frostmourne,480,shaman,restoration,12,5,7
Elex,frostmourne,480,shaman,restoration,12,5,7
Deyodin,illidan,480,shaman,restoration,12,5,7
Improvedx,akama,480,shaman,restoration,12,5,7
Daintydan,illidan,480,shaman,restoration,12,5,7
Larvabust,azralon,480,shaman,restoration,12,5,7
Cherryboy,illidan,480,shaman,restoration,12,5,7
Elmoss,thrall,480,shaman,restoration,12,5,7
Dùffman,jubeithos,480,shaman,restoration,16,6,10
Krisu,kelthuzad,480,shaman,restoration,18,5,13
Animac,bleeding-hollow,480,shaman,restoration,18,5,13
Oilburner,malganis,480,shaman,restoration,18,5,13
Rekashaki,illidan,480,shaman,restoration,18,5,13
Thunderphury,proudmoore,480,shaman,restoration,18,5,13
Sâvage,zuljin,479,shaman,restoration,6,5,1
Derkx,thrall,479,shaman,restoration,6,5,1
Intress,moon-guard,479,shaman,restoration,6,5,1
Greenberry,bonechewer,479,shaman,restoration,10,6,4
Highmountain,tichondrius,479,shaman,restoration,12,5,7
Bobaflexqt,korgath,479,shaman,restoration,12,5,7
Fläkky,area-52,479,shaman,restoration,12,5,7
Turksham,tichondrius,479,shaman,restoration,12,5,7
Youngneal,sargeras,479,shaman,restoration,12,5,7
Tattoö,elune,479,shaman,restoration,12,5,7
Blkpowerfist,malganis,479,shaman,restoration,12,5,7
Beardedone,durotan,479,shaman,restoration,12,5,7
Nytestalker,sargeras,479,shaman,restoration,18,5,13
Alphamael,lightbringer,479,shaman,restoration,19,5,14
Dennwoop,sargeras,478,shaman,restoration,16,6,10
Vaginix,tichondrius,478,shaman,restoration,18,5,13
Stahlye,proudmoore,477,shaman,restoration,6,5,1
Timprecu,azralon,477,shaman,restoration,12,5,7
Pileef,thrall,473,shaman,restoration,13,7,6
Uderlol,tichondrius,448,shaman,restoration,10,5,5
Shamanceylol,barthilas,447,shaman,restoration,8,6,2
Akhae,duskwood,445,shaman,restoration,14,6,8
Lampstand,wildhammer,431,shaman,restoration,11,5,6
Mythruxx,sargeras,426,shaman,restoration,14,6,8
Zio,akama,425,shaman,restoration,14,6,8
Eloquent,emerald-dream,423,shaman,restoration,18,6,12
Lebs,barthilas,415,shaman,restoration,8,5,3
Shockjoy,malganis,415,shaman,restoration,11,5,6
Shamakazi,tichondrius,400,shaman,restoration,7,5,2
Chûnk,tichondrius,400,shaman,restoration,13,5,8
Clapton,darkspear,400,shaman,restoration,19,5,14
Xiaoya,tichondrius,384,shaman,restoration,6,4,2
Nepshock,stormrage,384,shaman,restoration,6,4,2
Jaegertotem,stormrage,384,shaman,restoration,6,4,2
Shamankofwa,tichondrius,384,shaman,restoration,6,4,2
Boonno,tichondrius,384,shaman,restoration,6,4,2
Balsonz,zuljin,384,shaman,restoration,6,4,2
Tarròò,bleeding-hollow,384,shaman,restoration,6,4,2
Kaîowas,malganis,384,shaman,restoration,6,4,2
Hoonjojjyans,tichondrius,384,shaman,restoration,6,4,2
Bhann,tichondrius,384,shaman,restoration,6,4,2
Kustum,tichondrius,384,shaman,restoration,6,4,2
Sweatshirtz,tanaris,384,shaman,restoration,6,4,2
Arkilios,tichondrius,384,shaman,restoration,6,4,2
Sagester,illidan,384,shaman,restoration,6,4,2
Skippe,hyjal,384,shaman,restoration,6,4,2
Ârtík,tichondrius,384,shaman,restoration,6,4,2
Awyiss,dreadmaul,384,shaman,restoration,6,4,2
Intravz,tichondrius,384,shaman,restoration,6,4,2
Viprus,nerzhul,384,shaman,restoration,6,4,2
Cháningtotem,frostmourne,384,shaman,restoration,6,4,2
Udungoofedd,the-underbog,384,shaman,restoration,6,4,2
Curador,nemesis,384,shaman,restoration,6,4,2
Badjojò,ragnaros,384,shaman,restoration,6,4,2
Humpvack,tichondrius,384,shaman,restoration,6,4,2
Smeeza,frostmourne,384,shaman,restoration,6,4,2
Gotmolk,illidan,384,shaman,restoration,6,4,2
Tpokes,sargeras,384,shaman,restoration,6,4,2
Bigboorst,kelthuzad,384,shaman,restoration,6,4,2
Tisaa,tichondrius,384,shaman,restoration,6,4,2
Thonty,sargeras,384,shaman,restoration,6,4,2
Xillicit,sargeras,384,shaman,restoration,6,4,2
Daxotv,sargeras,384,shaman,restoration,6,4,2
Shocknrot,maelstrom,384,shaman,restoration,6,4,2
Strykked,illidan,384,shaman,restoration,6,4,2
Totesmcgoatz,arthas,384,shaman,restoration,6,4,2
Aeølus,tichondrius,384,shaman,restoration,6,4,2
Weathersmell,sargeras,384,shaman,restoration,6,4,2
Aletcheoddox,sargeras,384,shaman,restoration,6,4,2
Castia,sargeras,384,shaman,restoration,6,4,2
Éarl,sargeras,384,shaman,restoration,6,4,2
Telnos,emerald-dream,384,shaman,restoration,6,4,2
Halloweenz,area-52,384,shaman,restoration,6,4,2
Thormodin,destromath,384,shaman,restoration,6,4,2
Galeswind,sargeras,384,shaman,restoration,12,4,8
Qitian,tichondrius,384,shaman,restoration,12,4,8
Healswin,sargeras,384,shaman,restoration,12,4,8
Krevsham,proudmoore,384,shaman,restoration,12,4,8
Nooch,malganis,384,shaman,restoration,12,4,8
Misakism,sargeras,384,shaman,restoration,12,4,8
Sittinn,malganis,384,shaman,restoration,12,4,8
Boyyo,maiev,384,shaman,restoration,12,4,8
Cgq,tichondrius,384,shaman,restoration,12,4,8
Shâmbulance,hyjal,384,shaman,restoration,12,4,8
Lollzerz,the-forgotten-coast,384,shaman,restoration,12,4,8
Fluiid,tichondrius,384,shaman,restoration,12,4,8
Naturasol,quelthalas,384,shaman,restoration,12,4,8
Bacnbitz,hellscream,384,shaman,restoration,12,4,8
Ayev,illidan,384,shaman,restoration,12,4,8
Petzah,barthilas,384,shaman,restoration,12,4,8
Romcomx,tichondrius,384,shaman,restoration,12,4,8
Pjtremblay,frostmourne,384,shaman,restoration,12,4,8
Kermut,frostmourne,384,shaman,restoration,18,4,14
Conductivity,frostmourne,384,shaman,restoration,18,4,14
Dukaman,malganis,384,shaman,restoration,18,4,14
Rockyisback,illidan,383,shaman,restoration,6,4,2
Syü,barthilas,383,shaman,restoration,6,4,2
Hexnation,frostmourne,383,shaman,restoration,6,4,2
Tandarin,burning-legion,383,shaman,restoration,12,4,8
Sndtome,stormrage,383,shaman,restoration,12,4,8
Huugsnkissez,sargeras,383,shaman,restoration,12,4,8
Rikswordfire,wyrmrest-accord,383,shaman,restoration,12,4,8
Turbö,hyjal,382,shaman,restoration,12,4,8
Shockshow,zuljin,382,shaman,restoration,12,4,8
Rainingheals,auchindoun,352,shaman,restoration,14,5,9
Shamanakin,emerald-dream,351,shaman,restoration,8,5,3
Moocatpie,illidan,351,shaman,restoration,11,4,7
Tineer,tichondrius,336,shaman,restoration,9,4,5
Avidas,malganis,331,shaman,restoration,15,4,11
Jammylol,frostmourne,330,shaman,restoration,17,5,12
Vanty,proudmoore,319,shaman,restoration,5,4,1
Elevatezxo,stormrage,304,shaman,restoration,7,4,3
Kawixxi,ysondre,301,shaman,restoration,7,4,3
Youngie,dathremar,288,shaman,restoration,6,3,3
Duregar,tichondrius,288,shaman,restoration,6,3,3
Rakkasham,blackrock,288,shaman,restoration,6,3,3
Fàlc,stormrage,288,shaman,restoration,6,3,3
Mudtide,tichondrius,288,shaman,restoration,6,3,3
Tigs,alleria,288,shaman,restoration,6,3,3
Curtrex,amanthul,288,shaman,restoration,6,3,3
Samac,ravencrest,288,shaman,restoration,6,3,3
Chacham,tichondrius,288,shaman,restoration,6,3,3
Phinoi,tichondrius,288,shaman,restoration,6,3,3
Uggerz,barthilas,288,shaman,restoration,6,3,3
Nanishock,area-52,288,shaman,restoration,6,3,3
Yamishka,dalaran,288,shaman,restoration,6,3,3
Smeagles,ragnaros,288,shaman,restoration,6,3,3
Cloudsh,silvermoon,288,shaman,restoration,6,3,3
Millionvoltz,tichondrius,288,shaman,restoration,6,3,3
Yunqboichay,kelthuzad,288,shaman,restoration,6,3,3
Bigbadpercy,frostmourne,288,shaman,restoration,6,3,3
Gunx,darkspear,288,shaman,restoration,6,3,3
Digglr,tichondrius,288,shaman,restoration,6,3,3
Shamjam,moon-guard,288,shaman,restoration,6,3,3
Spencêrf,illidan,288,shaman,restoration,6,3,3
Momolagbbit,tichondrius,288,shaman,restoration,6,3,3
Smooths,bloodscalp,288,shaman,restoration,6,3,3
Bovinefever,kiljaeden,288,shaman,restoration,6,3,3
Smackzs,sargeras,288,shaman,restoration,6,3,3
Massif,emerald-dream,288,shaman,restoration,6,3,3
Fruityrudyy,area-52,288,shaman,restoration,6,3,3
Apathcat,the-forgotten-coast,288,shaman,restoration,6,3,3
Shamanese,emerald-dream,288,shaman,restoration,6,3,3
Voron,kiljaeden,288,shaman,restoration,6,3,3
Spiritbb,area-52,288,shaman,restoration,6,3,3
Gucciblunts,sargeras,288,shaman,restoration,6,3,3
Akupapu,illidan,288,shaman,restoration,6,3,3
Totumstroker,thrall,288,shaman,restoration,6,3,3
Laucian,malganis,288,shaman,restoration,6,3,3
Zoltide,sargeras,288,shaman,restoration,6,3,3
Xueticsham,tichondrius,288,shaman,restoration,6,3,3
Skrubbles,bleeding-hollow,288,shaman,restoration,6,3,3
Ñoobshaman,tichondrius,288,shaman,restoration,6,3,3
Sreve,malganis,288,shaman,restoration,6,3,3
Eleresto,tichondrius,288,shaman,restoration,6,3,3
Maana,dragonmaw,288,shaman,restoration,6,3,3
Slimshämmy,area-52,288,shaman,restoration,6,3,3
Sonsii,tichondrius,288,shaman,restoration,6,3,3
Hiermy,tichondrius,288,shaman,restoration,6,3,3
Wastedlink,tichondrius,288,shaman,restoration,6,3,3
Wreckaholic,alterac-mountains,288,shaman,restoration,6,3,3
Taproots,ursin,288,shaman,restoration,6,3,3
Kanntok,quelthalas,288,shaman,restoration,6,3,3
Tehrani,winterhoof,288,shaman,restoration,6,3,3
Pressyocds,darkspear,288,shaman,restoration,6,3,3
Cloudycloud,tichondrius,288,shaman,restoration,6,3,3
Slëvin,frostmourne,288,shaman,restoration,6,3,3
Sumdumshaman,illidan,288,shaman,restoration,6,3,3
Restoele,tichondrius,288,shaman,restoration,6,3,3
Hannamayzing,arathor,288,shaman,restoration,6,3,3
Megadabs,malganis,288,shaman,restoration,6,3,3
Stitchez,illidan,288,shaman,restoration,6,3,3
Shearx,illidan,288,shaman,restoration,6,3,3
Totemtots,illidan,288,shaman,restoration,6,3,3
Htsu,quelthalas,288,shaman,restoration,6,3,3
Biased,sargeras,288,shaman,restoration,6,3,3
Catnïp,maelstrom,288,shaman,restoration,6,3,3
Daggonet,sargeras,288,shaman,restoration,6,3,3
Slimcube,illidan,288,shaman,restoration,6,3,3
Porkbrains,emerald-dream,288,shaman,restoration,10,4,6
Rebelutioni,lothar,288,shaman,restoration,11,3,8
Calliope,burning-legion,288,shaman,restoration,12,3,9
Meatyball,tichondrius,288,shaman,restoration,12,3,9
Oomme,area-52,288,shaman,restoration,12,3,9
Scion,thaurissan,288,shaman,restoration,12,3,9
Possessing,illidan,288,shaman,restoration,12,3,9
Sliccricc,doomhammer,288,shaman,restoration,12,3,9
Mondaymood,illidan,288,shaman,restoration,12,3,9
Sooweecide,tichondrius,288,shaman,restoration,12,3,9
Zéwel,tichondrius,288,shaman,restoration,12,3,9
Chocobomb,burning-blade,288,shaman,restoration,12,3,9
Trysts,wyrmrest-accord,288,shaman,restoration,12,3,9
Mochomò,ragnaros,288,shaman,restoration,12,3,9
Pootergash,shadowmoon,288,shaman,restoration,12,3,9
Showkinho,azralon,288,shaman,restoration,12,3,9
Greensween,thrall,288,shaman,restoration,13,3,10
Galarix,nerzhul,288,shaman,restoration,18,3,15
Trovac,azralon,287,shaman,restoration,6,3,3
Valien,kiljaeden,287,shaman,restoration,6,3,3
Nottoshammy,dalaran,287,shaman,restoration,12,3,9
Churgarm,zuljin,287,shaman,restoration,12,3,9
Garurt,daggerspine,286,shaman,restoration,12,6,6
Aureal,malganis,282,shaman,restoration,10,6,4
Tarlonygg,malganis,281,shaman,restoration,15,6,9
Shazikial,illidan,255,shaman,restoration,8,4,4
Hilung,lightnings-blade,255,shaman,restoration,11,3,8
Smniss,tichondrius,239,shaman,restoration,5,3,2
Lupog,illidan,239,shaman,restoration,5,3,2
Lickerman,stormreaver,239,shaman,restoration,5,3,2
Shamyshame,quelthalas,234,shaman,restoration,6,4,2
Circuits,malganis,234,shaman,restoration,11,5,6
Bigripnow,sargeras,234,shaman,restoration,20,4,16
Tokelahoma,stormrage,234,shaman,restoration,22,4,18
Mcstop,tanaris,192,shaman,restoration,18,6,12
Yoloswage,tichondrius,192,shaman,restoration,9,3,6
Sphaerus,tichondrius,192,shaman,restoration,6,2,4
Purpose,nerzhul,192,shaman,restoration,6,2,4
Relâx,icecrown,192,shaman,restoration,6,2,4
Tremór,frostmourne,192,shaman,restoration,6,2,4
Shäman,anetheron,192,shaman,restoration,6,2,4
Handzum,blades-edge,192,shaman,restoration,6,2,4
Zhangyider,illidan,192,shaman,restoration,6,2,4
Óompaloompa,frostmourne,192,shaman,restoration,6,2,4
Kupnicki,zuljin,192,shaman,restoration,6,2,4
Sid,frostmourne,192,shaman,restoration,6,2,4
Lequandarius,sargeras,192,shaman,restoration,6,2,4
Ioki,spirestone,192,shaman,restoration,6,2,4
Linkandwink,nerzhul,192,shaman,restoration,6,2,4
Sannyasin,azralon,192,shaman,restoration,6,2,4
Hefestos,nemesis,192,shaman,restoration,6,2,4
Karnnages,cenarion-circle,192,shaman,restoration,6,2,4
Shamiggels,sargeras,192,shaman,restoration,6,2,4
Chainandrain,frostmourne,192,shaman,restoration,6,2,4
Juraf,malganis,192,shaman,restoration,6,2,4
Oprawîndfury,tichondrius,192,shaman,restoration,6,2,4
Mazekheen,barthilas,192,shaman,restoration,6,2,4
Keldara,aerie-peak,192,shaman,restoration,6,2,4
Raxxom,tichondrius,192,shaman,restoration,6,2,4
Yngvii,tichondrius,192,shaman,restoration,6,2,4
Konga,korialstrasz,192,shaman,restoration,6,2,4
Duality,shattered-halls,192,shaman,restoration,6,2,4
Dallìa,tichondrius,192,shaman,restoration,6,2,4
Twistër,illidan,192,shaman,restoration,6,2,4
Waterspinach,tichondrius,192,shaman,restoration,6,2,4
Thundertusks,norgannon,192,shaman,restoration,6,2,4
Cpkzlol,tichondrius,192,shaman,restoration,6,2,4
Umadilia,area-52,192,shaman,restoration,6,2,4
Plutoshaker,tichondrius,192,shaman,restoration,6,2,4
Huukron,emerald-dream,192,shaman,restoration,6,2,4
Chonchastic,darkspear,192,shaman,restoration,6,2,4
Bloodlustxo,frostmourne,192,shaman,restoration,6,2,4
Notviscent,illidan,192,shaman,restoration,6,2,4
Cawlin,stormrage,192,shaman,restoration,6,2,4
Zâppý,stormrage,192,shaman,restoration,6,2,4
Ituma,tichondrius,192,shaman,restoration,6,2,4
Novoz,tichondrius,192,shaman,restoration,6,2,4
Nbax,tichondrius,192,shaman,restoration,6,2,4
Gwenstifani,sargeras,192,shaman,restoration,6,2,4
Jimmybutler,tichondrius,192,shaman,restoration,6,2,4
Aderra,garrosh,192,shaman,restoration,6,2,4
Rocksteddy,area-52,192,shaman,restoration,6,2,4
Dabrat,lightnings-blade,192,shaman,restoration,6,2,4
Lolcàt,tichondrius,192,shaman,restoration,6,2,4
Mauiiei,sargeras,192,shaman,restoration,6,2,4
Dhalishama,thrall,192,shaman,restoration,6,2,4
Ara,zuljin,192,shaman,restoration,6,2,4
Zugzugpurge,thrall,192,shaman,restoration,6,2,4
Xoweeknd,stormrage,192,shaman,restoration,6,2,4
Eccentrix,mannoroth,192,shaman,restoration,6,2,4
Chungxs,illidan,192,shaman,restoration,6,2,4
Mjxholland,aegwynn,192,shaman,restoration,6,2,4
Flamehorns,malganis,192,shaman,restoration,6,2,4
Timbosteve,thrall,192,shaman,restoration,6,2,4
Suspend,gorgonnash,192,shaman,restoration,9,2,7
Wasiri,illidan,192,shaman,restoration,12,2,10
Hugebrain,proudmoore,192,shaman,restoration,12,2,10
Kitanoo,kiljaeden,192,shaman,restoration,12,2,10
Slowpo,illidan,192,shaman,restoration,12,2,10
Soomer,frostmourne,192,shaman,restoration,12,2,10
Rhaksh,sargeras,192,shaman,restoration,12,2,10
Bizzy,black-dragonflight,192,shaman,restoration,12,2,10
Monchsham,area-52,192,shaman,restoration,13,2,11
Bootsix,area-52,192,shaman,restoration,18,2,16
Shockbot,stormscale,192,shaman,restoration,18,2,16
Kicksave,illidan,192,shaman,restoration,18,2,16
Fóurelements,malganis,191,shaman,restoration,6,2,4
Donix,destromath,191,shaman,restoration,6,2,4
Vazan,arthas,191,shaman,restoration,6,2,4
Malsturm,stormrage,191,shaman,restoration,6,2,4
Machalo,sargeras,191,shaman,restoration,6,2,4
Uggbootz,amanthul,191,shaman,restoration,7,2,5
Restomilk,tichondrius,159,shaman,restoration,5,2,3
Nolij,sargeras,159,shaman,restoration,5,2,3
Galaxiya,blackhand,144,shaman,restoration,9,3,6
Drowsbad,tichondrius,138,shaman,restoration,10,4,6
Bigdaddyion,thrall,138,shaman,restoration,9,3,6
Mikeisbadwow,tichondrius,128,shaman,restoration,4,2,2
Hueymagoo,firetree,112,shaman,restoration,13,2,11
Jbahr,hyjal,96,shaman,restoration,3,2,1
Teathin,ragnaros,96,shaman,restoration,6,1,5
Schmutz,emerald-dream,96,shaman,restoration,6,1,5
Hadèes,zuljin,96,shaman,restoration,6,1,5
Meshugga,scarlet-crusade,96,shaman,restoration,6,1,5
Shamnnoodlez,area-52,96,shaman,restoration,6,1,5
Galiffa,area-52,96,shaman,restoration,6,1,5
Iightning,frostwolf,96,shaman,restoration,6,1,5
Liltex,malganis,96,shaman,restoration,6,1,5
Wannabecdeww,kelthuzad,96,shaman,restoration,6,1,5
Shamoover,kelthuzad,96,shaman,restoration,6,1,5
Eleshamanz,tichondrius,96,shaman,restoration,6,1,5
Dodey,malganis,96,shaman,restoration,6,1,5
Scrototëm,azralon,96,shaman,restoration,6,1,5
Twizzhurp,bleeding-hollow,96,shaman,restoration,6,1,5
Billydreams,drakkari,96,shaman,restoration,6,1,5
Finnaburstt,tichondrius,96,shaman,restoration,6,1,5
Dasckisham,area-52,96,shaman,restoration,6,1,5
Shapaman,tichondrius,96,shaman,restoration,6,1,5
Tchamí,blackrock,96,shaman,restoration,6,1,5
Average,bonechewer,96,shaman,restoration,6,1,5
Sshhammann,tichondrius,96,shaman,restoration,6,1,5
Thenewsherek,maelstrom,96,shaman,restoration,6,1,5
Restorates,tichondrius,96,shaman,restoration,6,1,5
Restoz,thrall,96,shaman,restoration,6,1,5
Célty,moon-guard,96,shaman,restoration,6,1,5
Meramin,illidan,96,shaman,restoration,6,1,5
Cluffatty,tichondrius,96,shaman,restoration,6,1,5
Toyletpaper,mugthol,96,shaman,restoration,6,1,5
Ogeez,area-52,96,shaman,restoration,6,1,5
Finark,tichondrius,96,shaman,restoration,7,1,6
Calicø,durotan,96,shaman,restoration,7,1,6
Tinytiddies,chogall,96,shaman,restoration,12,1,11
Njolmir,khazgoroth,96,shaman,restoration,12,1,11
Hexpert,firetree,96,shaman,restoration,12,1,11
Tehbeast,khadgar,96,shaman,restoration,12,1,11
Meatlog,dalaran,96,shaman,restoration,12,1,11
Interwebzz,tichondrius,95,shaman,restoration,18,1,17
Dirtyshammy,mugthol,79,shaman,restoration,11,1,10
Totèm,tichondrius,64,shaman,restoration,4,1,3
Ryforges,frostmourne,63,shaman,restoration,2,2,0
Annöying,ysera,42,shaman,restoration,6,2,4
Applicable,tichondrius,42,shaman,restoration,9,2,7
Wragnus,tichondrius,42,shaman,restoration,9,2,7
Julíp,tichondrius,42,shaman,restoration,10,2,8
Darkn,cenarion-circle,31,shaman,restoration,2,1,1
Cashe,kiljaeden,2368,shaman,elemental,126,80,46
Ttvozzyxy,tichondrius,2295,shaman,elemental,88,54,34
Meatbeaterx,aggramar,2252,shaman,elemental,69,41,28
Bøøgaa,proudmoore,2240,shaman,elemental,89,51,38
Bronzer,tichondrius,2217,shaman,elemental,61,42,19
Crøwgød,tichondrius,2172,shaman,elemental,97,59,38
Thegloc,illidan,2168,shaman,elemental,59,36,23
Detonations,tichondrius,2153,shaman,elemental,68,43,25
Jimmysporty,malganis,2135,shaman,elemental,84,43,41
Jgmbs,dalaran,2134,shaman,elemental,106,64,42
Hitzz,malganis,2127,shaman,elemental,78,49,29
Iavalash,bleeding-hollow,2125,shaman,elemental,142,74,68
Lardaz,darkspear,2118,shaman,elemental,60,37,23
Hollowbaby,tichondrius,2101,shaman,elemental,73,48,25
Bujii,frostmourne,2090,shaman,elemental,95,54,41
Axelsteel,illidan,2074,shaman,elemental,60,40,20
Jeasham,malganis,2047,shaman,elemental,89,46,43
Yejinok,tichondrius,2040,shaman,elemental,66,39,27
Ranjeesh,frostmourne,2038,shaman,elemental,114,63,51
Manofsand,drenden,2027,shaman,elemental,149,79,70
Tisaa,tichondrius,2025,shaman,elemental,66,32,34
Bakenquake,tichondrius,1947,shaman,elemental,92,48,44
Itzgucci,illidan,1941,shaman,elemental,57,35,22
Kaandel,azralon,1934,shaman,elemental,96,44,52
Sasageyo,tichondrius,1923,shaman,elemental,76,44,32
Scaman,tichondrius,1903,shaman,elemental,36,23,13
Makazar,tichondrius,1901,shaman,elemental,42,26,16
Safeword,nesingwary,1891,shaman,elemental,62,35,27
Ultron,deathwing,1890,shaman,elemental,143,74,69
Matikz,boulderfist,1878,shaman,elemental,142,78,64
Powerdown,blackrock,1878,shaman,elemental,65,32,33
Reckfulq,proudmoore,1877,shaman,elemental,72,48,24
Tyar,area-52,1876,shaman,elemental,45,31,14
Juicébox,tichondrius,1874,shaman,elemental,62,35,27
Cùìó,barthilas,1868,shaman,elemental,54,25,29
Chunchünmaru,area-52,1852,shaman,elemental,59,32,27
Sleepysham,kelthuzad,1851,shaman,elemental,48,27,21
Johnsju,sargeras,1847,shaman,elemental,63,33,30
Chemjenn,korgath,1838,shaman,elemental,84,37,47
Skkarz,malganis,1834,shaman,elemental,65,40,25
Starmaker,malganis,1833,shaman,elemental,44,23,21
Mavz,moon-guard,1831,shaman,elemental,59,35,24
Gaymakaí,sargeras,1828,shaman,elemental,48,27,21
Hotdogwaterx,tichondrius,1817,shaman,elemental,62,42,20
Trenzix,sargeras,1815,shaman,elemental,136,64,72
Snookìe,sargeras,1813,shaman,elemental,58,28,30
Shockay,tichondrius,1807,shaman,elemental,50,26,24
Elefusion,sargeras,1806,shaman,elemental,36,22,14
Swigadee,tichondrius,1806,shaman,elemental,72,33,39
Drazziqt,malganis,1803,shaman,elemental,45,27,18
Nonomori,frostmourne,1802,shaman,elemental,48,30,18
Torchic,drakkari,1801,shaman,elemental,60,31,29
Monkeysham,dathremar,1800,shaman,elemental,48,30,18
Utilitytotem,moon-guard,1800,shaman,elemental,102,56,46
Foudre,malganis,1798,shaman,elemental,30,19,11
Emppege,tichondrius,1789,shaman,elemental,69,30,39
Vkzz,sargeras,1784,shaman,elemental,49,23,26
Ãmg,tichondrius,1779,shaman,elemental,36,24,12
Notbpage,burning-blade,1777,shaman,elemental,78,42,36
Molerat,illidan,1772,shaman,elemental,134,60,74
Zqsyyds,illidan,1770,shaman,elemental,35,19,16
Møp,spirestone,1766,shaman,elemental,66,39,27
Brezel,azralon,1740,shaman,elemental,42,27,15
Scherzer,frostwolf,1735,shaman,elemental,66,28,38
Hexistential,tichondrius,1731,shaman,elemental,34,26,8
Uglymuger,tichondrius,1730,shaman,elemental,62,30,32
Bronzers,tichondrius,1723,shaman,elemental,30,18,12
Mackq,tichondrius,1721,shaman,elemental,67,33,34
Apyôn,tichondrius,1719,shaman,elemental,42,24,18
Gangmembr,illidan,1717,shaman,elemental,30,18,12
Elementàlius,quelthalas,1713,shaman,elemental,65,35,30
Ayumihamasai,tichondrius,1710,shaman,elemental,60,33,27
Orksham,tichondrius,1709,shaman,elemental,42,21,21
Notahappyone,area-52,1703,shaman,elemental,48,34,14
Osev,stormrage,1703,shaman,elemental,36,21,15
Carondes,proudmoore,1703,shaman,elemental,57,29,28
Mytotemisbig,lothar,1694,shaman,elemental,59,38,21
Dxxlol,tichondrius,1692,shaman,elemental,24,20,4
Bismarks,frostmourne,1692,shaman,elemental,42,22,20
Soyboyxxo,barthilas,1691,shaman,elemental,83,40,43
Taranís,sargeras,1689,shaman,elemental,36,18,18
Shockyshock,emerald-dream,1683,shaman,elemental,46,29,17
Hedeadxs,illidan,1672,shaman,elemental,36,19,17
Jerkdaddy,aggramar,1668,shaman,elemental,30,19,11
Streetmeat,crushridge,1667,shaman,elemental,103,54,49
Dampenedxx,bleeding-hollow,1657,shaman,elemental,72,38,34
Joedna,tichondrius,1653,shaman,elemental,34,19,15
Kawj,eonar,1652,shaman,elemental,36,21,15
Dyxlol,tichondrius,1652,shaman,elemental,56,25,31
Thaelia,azgalor,1650,shaman,elemental,40,23,17
Gravygumdrop,tichondrius,1648,shaman,elemental,80,39,41
Hexzy,moon-guard,1645,shaman,elemental,47,23,24
Smoketide,stormrage,1644,shaman,elemental,47,21,26
Shockisha,sisters-of-elune,1644,shaman,elemental,52,23,29
Illmental,kelthuzad,1636,shaman,elemental,79,40,39
Triknolov,dalaran,1636,shaman,elemental,47,22,25
Zipzsham,maiev,1635,shaman,elemental,33,24,9
Billydreams,drakkari,1634,shaman,elemental,123,59,64
Imnumberl,sargeras,1630,shaman,elemental,78,51,27
Meatbeaterx,bleeding-hollow,1630,shaman,elemental,30,17,13
Deckìn,proudmoore,1630,shaman,elemental,106,57,49
Tenyks,tichondrius,1627,shaman,elemental,40,22,18
Fiftybeers,frostmourne,1627,shaman,elemental,35,19,16
Zoeytur,sargeras,1624,shaman,elemental,36,17,19
Squealer,sargeras,1619,shaman,elemental,62,31,31
Ssjgreen,illidan,1617,shaman,elemental,42,22,20
Mulak,frostmourne,1616,shaman,elemental,110,54,56
Donkeyteeth,bleeding-hollow,1612,shaman,elemental,24,17,7
Thündermoose,tichondrius,1608,shaman,elemental,42,21,21
Taxd,sargeras,1605,shaman,elemental,40,21,19
Jaimenohex,illidan,1603,shaman,elemental,36,19,17
Nutty,dentarg,1602,shaman,elemental,42,24,18
Tulol,tichondrius,1602,shaman,elemental,102,48,54
Opaltsing,tichondrius,1601,shaman,elemental,39,19,20
Daddykooll,tichondrius,1600,shaman,elemental,36,22,14
Loxshox,gnomeregan,1600,shaman,elemental,121,62,59
Sonire,tichondrius,1596,shaman,elemental,125,56,69
Igotu,tichondrius,1595,shaman,elemental,30,17,13
Datbigthing,frostmourne,1594,shaman,elemental,48,21,27
Zeylhe,proudmoore,1593,shaman,elemental,48,22,26
Setò,quelthalas,1591,shaman,elemental,42,22,20
Gangstà,stormrage,1589,shaman,elemental,60,26,34
Buju,bleeding-hollow,1580,shaman,elemental,66,38,28
ßævis,magtheridon,1572,shaman,elemental,24,17,7
Heavyboxer,tichondrius,1565,shaman,elemental,42,20,22
Chajaa,ragnaros,1562,shaman,elemental,106,57,49
Indika,stormrage,1560,shaman,elemental,30,18,12
Washedupty,illidan,1560,shaman,elemental,84,42,42
Climhazard,senjin,1555,shaman,elemental,36,18,18
Shellshocka,korgath,1554,shaman,elemental,38,20,18
Dtab,tichondrius,1552,shaman,elemental,36,18,18
Doodleburger,dathremar,1545,shaman,elemental,50,41,9
Thundermatt,aegwynn,1544,shaman,elemental,65,32,33
Univearth,emerald-dream,1542,shaman,elemental,66,34,32
Duality,shattered-halls,1541,shaman,elemental,30,21,9
Borheals,tichondrius,1538,shaman,elemental,32,18,14
Pikopiko,tichondrius,1535,shaman,elemental,24,16,8
Billycool,tichondrius,1535,shaman,elemental,24,16,8
Óompaloompa,frostmourne,1534,shaman,elemental,30,18,12
Caserguy,sargeras,1531,shaman,elemental,42,16,26
Harrypotqueu,zuljin,1527,shaman,elemental,30,16,14
Draghul,frostwolf,1520,shaman,elemental,43,24,19
Zap,wyrmrest-accord,1519,shaman,elemental,66,31,35
Hecstacy,dalaran,1517,shaman,elemental,24,16,8
Sweatshock,frostmourne,1515,shaman,elemental,42,27,15
Hadèes,zuljin,1508,shaman,elemental,102,49,53
Zugzugthug,moon-guard,1494,shaman,elemental,87,50,37
Geodude,executus,1490,shaman,elemental,29,16,13
Soulrak,tichondrius,1489,shaman,elemental,60,27,33
Cyhren,illidan,1487,shaman,elemental,30,16,14
Chandye,proudmoore,1485,shaman,elemental,36,16,20
Walabi,tichondrius,1485,shaman,elemental,44,16,28
Huskër,tichondrius,1483,shaman,elemental,64,38,26
Gloi,ragnaros,1481,shaman,elemental,31,19,12
Blmqt,stormrage,1473,shaman,elemental,23,16,7
Generators,area-52,1473,shaman,elemental,129,61,68
Tuntar,ragnaros,1465,shaman,elemental,74,39,35
Joehogan,stormrage,1463,shaman,elemental,67,40,27
Däbü,tichondrius,1440,shaman,elemental,24,15,9
Clapton,darkspear,1440,shaman,elemental,41,17,24
Stitchis,black-dragonflight,1439,shaman,elemental,39,22,17
Biberom,kelthuzad,1434,shaman,elemental,57,32,25
Isekai,alterac-mountains,1429,shaman,elemental,75,31,44
Hufflefluffs,kiljaeden,1418,shaman,elemental,38,23,15
Letronix,azralon,1418,shaman,elemental,36,15,21
Flüke,tichondrius,1417,shaman,elemental,30,15,15
Plotious,antonidas,1413,shaman,elemental,36,19,17
Dumpweed,stormscale,1413,shaman,elemental,42,21,21
Gumballin,sargeras,1412,shaman,elemental,85,41,44
Malosa,hyjal,1411,shaman,elemental,41,16,25
Ragnards,ragnaros,1410,shaman,elemental,38,18,20
Cgq,tichondrius,1408,shaman,elemental,42,21,21
Telain,quelthalas,1401,shaman,elemental,60,31,29
Zappynips,frostmourne,1399,shaman,elemental,39,20,19
Saraguthix,dalaran,1399,shaman,elemental,54,23,31
Evilraven,tichondrius,1395,shaman,elemental,143,67,76
Liloggie,illidan,1385,shaman,elemental,23,15,8
Shampainn,demon-soul,1383,shaman,elemental,65,33,32
Ceedlamb,kelthuzad,1381,shaman,elemental,66,34,32
Lenin,nathrezim,1375,shaman,elemental,56,23,33
Rss,barthilas,1373,shaman,elemental,29,15,14
Zechary,proudmoore,1372,shaman,elemental,48,19,29
Mhaal,wyrmrest-accord,1364,shaman,elemental,74,31,43
Morluné,tichondrius,1363,shaman,elemental,39,17,22
Ekstasiel,azralon,1362,shaman,elemental,42,23,19
Conductivity,frostmourne,1351,shaman,elemental,30,15,15
Malrom,kelthuzad,1350,shaman,elemental,181,95,86
Hexecute,tichondrius,1344,shaman,elemental,24,14,10
Spoonforkorc,thrall,1342,shaman,elemental,24,14,10
Hurky,sargeras,1340,shaman,elemental,85,43,42
Zugzugdogg,destromath,1339,shaman,elemental,24,14,10
Snapstr,illidan,1336,shaman,elemental,30,14,16
Illbuyurmom,tichondrius,1333,shaman,elemental,31,14,17
Totem,burning-legion,1327,shaman,elemental,24,14,10
Luvstospooj,thaurissan,1325,shaman,elemental,49,21,28
Sshaman,tichondrius,1308,shaman,elemental,34,14,20
Groundme,malganis,1295,shaman,elemental,23,14,9
Hueymagoo,firetree,1295,shaman,elemental,24,14,10
Jaapo,barthilas,1284,shaman,elemental,42,20,22
Orkuss,illidan,1281,shaman,elemental,23,14,9
Ffaísca,azralon,1279,shaman,elemental,38,19,19
Mittss,sargeras,1273,shaman,elemental,65,32,33
Shamanzinh,azralon,1262,shaman,elemental,36,19,17
Sugirukifuja,stormrage,1258,shaman,elemental,23,16,7
Luhz,tichondrius,1248,shaman,elemental,24,13,11
Robot,illidan,1248,shaman,elemental,24,13,11
Beyoncé,lethon,1248,shaman,elemental,24,13,11
Enkix,drakkari,1247,shaman,elemental,24,13,11
Clarix,quelthalas,1241,shaman,elemental,24,13,11
Edenorion,ragnaros,1238,shaman,elemental,40,20,20
Moacmathi,quelthalas,1232,shaman,elemental,48,20,28
Yasmiel,zuljin,1232,shaman,elemental,36,13,23
Cptnmagma,bleeding-hollow,1231,shaman,elemental,88,41,47
Zhokal,quelthalas,1225,shaman,elemental,77,43,34
Rolltìde,tichondrius,1223,shaman,elemental,69,38,31
Nøir,drakkari,1223,shaman,elemental,36,13,23
Engara,frostmane,1216,shaman,elemental,29,13,16
Øten,area-52,1214,shaman,elemental,30,20,10
Beerofdoom,proudmoore,1214,shaman,elemental,30,15,15
Yasuriyamile,illidan,1211,shaman,elemental,64,27,37
Grezzkall,malganis,1207,shaman,elemental,39,19,20
Omegaman,lightninghoof,1204,shaman,elemental,69,35,34
Faygodream,illidan,1203,shaman,elemental,30,13,17
Rafiki,haomarush,1198,shaman,elemental,48,19,29
Alphamael,lightbringer,1195,shaman,elemental,41,21,20
Forgediniron,stormrage,1195,shaman,elemental,36,17,19
Gorjun,stormrage,1175,shaman,elemental,33,16,17
Kumer,tichondrius,1171,shaman,elemental,22,13,9
Bazinguinha,azralon,1169,shaman,elemental,36,15,21
Srbski,emerald-dream,1167,shaman,elemental,26,13,13
Totemtown,darkspear,1167,shaman,elemental,36,14,22
Jaycobb,area-52,1159,shaman,elemental,30,13,17
Venekk,shattered-hand,1158,shaman,elemental,23,13,10
Kang,terenas,1150,shaman,elemental,18,12,6
Smiteums,sargeras,1150,shaman,elemental,24,12,12
Zugdabou,bonechewer,1150,shaman,elemental,36,16,20
Blacklm,tichondrius,1148,shaman,elemental,18,12,6
Electriik,kiljaeden,1146,shaman,elemental,18,12,6
Ratson,ragnaros,1144,shaman,elemental,24,12,12
Exoticz,barthilas,1131,shaman,elemental,38,12,26
Johnwilke,area-52,1123,shaman,elemental,43,17,26
Bravederp,kelthuzad,1120,shaman,elemental,63,31,32
Yodahh,daggerspine,1110,shaman,elemental,24,13,11
Shockazulu,vashj,1109,shaman,elemental,42,22,20
Gahaa,tichondrius,1099,shaman,elemental,17,12,5
Yunow,ragnaros,1096,shaman,elemental,48,20,28
Geladoo,gallywix,1087,shaman,elemental,30,14,16
Topax,vashj,1083,shaman,elemental,17,12,5
Omnath,zuluhed,1083,shaman,elemental,35,19,16
Zappz,thunderlord,1082,shaman,elemental,54,31,23
Shammpain,barthilas,1074,shaman,elemental,35,19,16
Semasham,khazgoroth,1068,shaman,elemental,25,12,13
Saanrixa,jubeithos,1061,shaman,elemental,48,15,33
Petrafk,illidan,1056,shaman,elemental,18,11,7
Bestshamus,sargeras,1056,shaman,elemental,18,11,7
Hazzathxy,tichondrius,1056,shaman,elemental,18,11,7
Miroen,tichondrius,1056,shaman,elemental,24,11,13
Highsteakss,tichondrius,1055,shaman,elemental,12,11,1
Kymo,tichondrius,1055,shaman,elemental,18,11,7
Smooths,bloodscalp,1055,shaman,elemental,18,11,7
Bootietootie,bleeding-hollow,1055,shaman,elemental,18,11,7
Hexxás,bloodscalp,1055,shaman,elemental,21,12,9
Thuntard,bleeding-hollow,1055,shaman,elemental,24,11,13
Zelthakaru,emerald-dream,1055,shaman,elemental,24,11,13
Buffele,tichondrius,1055,shaman,elemental,24,11,13
Kigoros,bleeding-hollow,1054,shaman,elemental,18,11,7
Sumnah,sargeras,1054,shaman,elemental,42,22,20
Snewboii,malganis,1053,shaman,elemental,18,11,7
Blastuh,kiljaeden,1053,shaman,elemental,18,11,7
Asanako,illidan,1051,shaman,elemental,28,14,14
Taeilendar,ragnaros,1050,shaman,elemental,24,11,13
Üchihamadarâ,tichondrius,1046,shaman,elemental,27,12,15
Skwiglz,tichondrius,1045,shaman,elemental,63,29,34
Minzysm,illidan,1045,shaman,elemental,24,11,13
Baltharzhard,saurfang,1040,shaman,elemental,24,11,13
Darkrock,echo-isles,1033,shaman,elemental,24,12,12
Afgoox,tichondrius,1025,shaman,elemental,24,15,9
Rollypolli,gnomeregan,1022,shaman,elemental,72,36,36
Treesntotemz,darkspear,1020,shaman,elemental,18,11,7
Firecracker,warsong,1003,shaman,elemental,52,29,23
Cheweydadawg,shandris,990,shaman,elemental,23,11,12
Soartotes,sargeras,987,shaman,elemental,22,11,11
Wälee,sargeras,976,shaman,elemental,71,33,38
Bronan,laughing-skull,976,shaman,elemental,48,17,31
Mistayl,bleeding-hollow,968,shaman,elemental,30,12,18
Smrtdeath,zuljin,960,shaman,elemental,12,10,2
Dewoverload,garithos,960,shaman,elemental,12,10,2
Àspect,aegwynn,960,shaman,elemental,18,10,8
Smeagles,ragnaros,960,shaman,elemental,18,10,8
Depression,baelgun,959,shaman,elemental,18,10,8
Ñîmåbè,tichondrius,959,shaman,elemental,18,10,8
Tidalstorm,thrall,959,shaman,elemental,18,10,8
Imense,sargeras,958,shaman,elemental,18,10,8
Korlog,tichondrius,957,shaman,elemental,12,10,2
Moartotems,kelthuzad,957,shaman,elemental,12,10,2
Charabon,ragnaros,957,shaman,elemental,18,10,8
Redlava,turalyon,956,shaman,elemental,12,10,2
Shockshammy,kiljaeden,956,shaman,elemental,18,10,8
Chonkymilk,illidan,956,shaman,elemental,24,10,14
Honeybean,tichondrius,956,shaman,elemental,24,10,14
Chaposz,tichondrius,955,shaman,elemental,24,10,14
Tinkd,stormrage,953,shaman,elemental,18,10,8
Izreborn,tichondrius,953,shaman,elemental,24,10,14
Yippeekiyay,zuluhed,953,shaman,elemental,27,11,16
Shamanic,dunemaul,953,shaman,elemental,77,27,50
Gorron,frostwolf,929,shaman,elemental,24,10,14
Golozok,zuljin,923,shaman,elemental,23,10,13
Bushdeedit,stormrage,910,shaman,elemental,23,10,13
Nooglee,malganis,907,shaman,elemental,21,10,11
Aragog,malygos,899,shaman,elemental,32,16,16
Threehandz,bleeding-hollow,886,shaman,elemental,55,20,35
Trilz,barthilas,880,shaman,elemental,19,10,9
Illchayqt,frostmourne,879,shaman,elemental,17,10,7
Koalatricks,shadow-council,864,shaman,elemental,12,9,3
Helga,hellscream,864,shaman,elemental,12,9,3
Planetwaves,malganis,864,shaman,elemental,12,9,3
Handzum,blades-edge,864,shaman,elemental,12,9,3
Notragii,kelthuzad,864,shaman,elemental,12,9,3
Tremordrfear,lightbringer,864,shaman,elemental,12,9,3
Jer,tichondrius,864,shaman,elemental,12,9,3
Owtyobwol,area-52,864,shaman,elemental,18,9,9
Zuescannon,kelthuzad,864,shaman,elemental,18,9,9
Earthclap,tichondrius,864,shaman,elemental,24,9,15
Ðomzy,tichondrius,863,shaman,elemental,12,9,3
Eimear,kelthuzad,863,shaman,elemental,18,9,9
Earthfirex,ragnaros,863,shaman,elemental,18,9,9
Poseidon,kiljaeden,863,shaman,elemental,18,9,9
Uglymugshock,tichondrius,863,shaman,elemental,24,9,15
Thaél,proudmoore,863,shaman,elemental,24,9,15
Xodeus,frostmourne,863,shaman,elemental,24,9,15
Luxenor,kelthuzad,862,shaman,elemental,12,9,3
Tottemic,blackrock,862,shaman,elemental,18,9,9
Grandwolf,ragnaros,861,shaman,elemental,18,9,9
Phagocytosis,illidan,861,shaman,elemental,18,9,9
Vulkuro,quelthalas,861,shaman,elemental,18,9,9
Drazzella,arthas,861,shaman,elemental,24,9,15
Jensenx,proudmoore,861,shaman,elemental,24,9,15
Grukall,galakrond,860,shaman,elemental,12,9,3
Ayahuaskah,illidan,860,shaman,elemental,18,9,9
Sanlu,tichondrius,860,shaman,elemental,23,10,13
Velekar,moon-guard,858,shaman,elemental,24,9,15
Gorakh,illidan,856,shaman,elemental,18,9,9
Dellnar,nagrand,847,shaman,elemental,18,9,9
Vegaslights,tichondrius,816,shaman,elemental,21,9,12
Thanwirn,ragnaros,809,shaman,elemental,24,9,15
Morabebi,tichondrius,768,shaman,elemental,12,8,4
Simada,tichondrius,768,shaman,elemental,12,8,4
Bagovs,tichondrius,768,shaman,elemental,12,8,4
Pasto,bleeding-hollow,768,shaman,elemental,12,8,4
Krupto,tichondrius,768,shaman,elemental,18,8,10
Cepheí,bleeding-hollow,768,shaman,elemental,18,8,10
Caninius,sargeras,768,shaman,elemental,18,8,10
Gambezee,kelthuzad,768,shaman,elemental,18,8,10
Olani,nesingwary,768,shaman,elemental,27,9,18
Momothewolf,malganis,767,shaman,elemental,12,8,4
Nazz,cenarion-circle,767,shaman,elemental,12,8,4
Endorovich,mannoroth,767,shaman,elemental,18,8,10
Cheddatotz,illidan,764,shaman,elemental,12,8,4
Maldini,tol-barad,764,shaman,elemental,18,8,10
Neebon,jubeithos,763,shaman,elemental,12,8,4
Shammany,stormrage,763,shaman,elemental,18,8,10
Teekona,tichondrius,763,shaman,elemental,18,8,10
Syile,stormrage,735,shaman,elemental,14,9,5
Hüsky,dalaran,735,shaman,elemental,17,8,9
Lowiqpleb,tichondrius,719,shaman,elemental,17,8,9
Dmt,exodar,704,shaman,elemental,22,8,14
Fwwrs,illidan,703,shaman,elemental,14,8,6
Makogo,earthen-ring,686,shaman,elemental,13,8,5
Mazadu,malganis,672,shaman,elemental,12,7,5
Cuban,kelthuzad,672,shaman,elemental,12,7,5
Willy,icecrown,672,shaman,elemental,12,7,5
Thoraq,bleeding-hollow,672,shaman,elemental,12,7,5
Shocksrus,arthas,672,shaman,elemental,12,7,5
Rahkarg,korgath,672,shaman,elemental,12,7,5
Tatespeech,barthilas,672,shaman,elemental,12,7,5
Pericazo,sargeras,672,shaman,elemental,12,7,5
Drmeatballmd,tichondrius,672,shaman,elemental,12,7,5
Fàlç,stormrage,672,shaman,elemental,12,7,5
Humorlava,tichondrius,672,shaman,elemental,12,7,5
Ayetex,kelthuzad,672,shaman,elemental,12,7,5
Ðøææøð,stormrage,672,shaman,elemental,12,7,5
Chazzwozza,area-52,672,shaman,elemental,12,7,5
Glizzyjamon,sargeras,672,shaman,elemental,12,7,5
Pipesable,ragnaros,672,shaman,elemental,12,7,5
Eravas,thrall,672,shaman,elemental,18,7,11
Hengler,emerald-dream,672,shaman,elemental,18,7,11
Neotrad,proudmoore,672,shaman,elemental,18,7,11
Kkangsiki,tichondrius,672,shaman,elemental,18,7,11
Desdìnova,tortheldrin,672,shaman,elemental,18,7,11
Dansham,zuljin,672,shaman,elemental,24,7,17
Ôprawindfury,mugthol,671,shaman,elemental,12,7,5
Jacori,malganis,671,shaman,elemental,12,7,5
Destroçadorx,azralon,671,shaman,elemental,12,7,5
Lenå,moon-guard,671,shaman,elemental,12,7,5
Hairyrichard,zuljin,671,shaman,elemental,12,7,5
Galabanjø,malganis,671,shaman,elemental,18,7,11
Vktr,drakkari,671,shaman,elemental,18,7,11
Synerggy,hakkar,670,shaman,elemental,12,7,5
Xoelement,borean-tundra,669,shaman,elemental,12,7,5
Grimlên,skullcrusher,669,shaman,elemental,18,7,11
Phuamya,dalaran,667,shaman,elemental,12,7,5
Jyster,area-52,664,shaman,elemental,24,7,17
Cheesewheelz,arthas,651,shaman,elemental,22,7,15
Megalithic,moon-guard,639,shaman,elemental,14,8,6
Stormsanta,emerald-dream,639,shaman,elemental,17,7,10
Koongram,area-52,623,shaman,elemental,11,7,4
Kasparøv,tichondrius,576,shaman,elemental,6,6,0
Adutchcowboy,tichondrius,576,shaman,elemental,6,6,0
Boltadeez,tichondrius,576,shaman,elemental,6,6,0
Doorti,area-52,576,shaman,elemental,12,6,6
Jnzz,area-52,576,shaman,elemental,12,6,6
Getwetand,quelthalas,576,shaman,elemental,12,6,6
Finark,tichondrius,576,shaman,elemental,12,6,6
Drogues,tichondrius,576,shaman,elemental,12,6,6
Hydroponicz,sargeras,576,shaman,elemental,12,6,6
Rubmytotêm,tichondrius,576,shaman,elemental,12,6,6
Innvious,sargeras,576,shaman,elemental,12,6,6
Hexoffend,zuljin,576,shaman,elemental,12,6,6
Bustinbooty,kiljaeden,576,shaman,elemental,12,6,6
Tairen,ragnaros,576,shaman,elemental,12,6,6
Doommjölnir,sargeras,576,shaman,elemental,12,6,6
Storminlorka,sargeras,576,shaman,elemental,12,6,6
Zzarit,tichondrius,576,shaman,elemental,13,6,7
Moctezumma,area-52,575,shaman,elemental,12,6,6
Apocalypsehb,quelthalas,575,shaman,elemental,12,6,6
Seinnome,azralon,575,shaman,elemental,12,6,6
Drewshammy,zuljin,575,shaman,elemental,12,6,6
Deggle,frostwolf,575,shaman,elemental,12,6,6
Pãníç,bladefist,575,shaman,elemental,12,6,6
Shøckolate,magtheridon,575,shaman,elemental,12,6,6
Nemei,zuljin,575,shaman,elemental,12,6,6
Procdepartme,area-52,575,shaman,elemental,12,6,6
Shachone,zuljin,575,shaman,elemental,12,6,6
Toho,ragnaros,575,shaman,elemental,12,6,6
Nuofu,illidan,575,shaman,elemental,12,6,6
Grimitt,suramar,575,shaman,elemental,18,6,12
Nomahuata,cenarion-circle,575,shaman,elemental,18,6,12
Shamarock,stonemaul,571,shaman,elemental,12,6,6
Justballs,stormscale,571,shaman,elemental,12,6,6
Totempaul,frostmourne,570,shaman,elemental,18,6,12
Asy,tichondrius,559,shaman,elemental,11,6,5
Aitex,kelthuzad,543,shaman,elemental,15,7,8
Thanen,the-scryers,541,shaman,elemental,16,6,10
Aseew,drakkari,522,shaman,elemental,21,9,12
Lfhotmoms,moon-guard,480,shaman,elemental,6,5,1
Vulcansh,azralon,480,shaman,elemental,6,5,1
Swiatek,ragnaros,480,shaman,elemental,6,5,1
Oldcregg,emerald-dream,480,shaman,elemental,6,5,1
Biggiechief,illidan,480,shaman,elemental,6,5,1
Lff,stormrage,480,shaman,elemental,6,5,1
Shamxrob,sargeras,480,shaman,elemental,6,5,1
Sxr,moon-guard,480,shaman,elemental,6,5,1
Totemzie,illidan,480,shaman,elemental,6,5,1
Farku,illidan,480,shaman,elemental,6,5,1
Kebboz,frostmourne,480,shaman,elemental,6,5,1
Meatballsx,tichondrius,480,shaman,elemental,6,5,1
Baddaboom,sargeras,480,shaman,elemental,12,5,7
Delement,ragnaros,480,shaman,elemental,12,5,7
Gjaj,tichondrius,480,shaman,elemental,12,5,7
Slumpinator,tichondrius,480,shaman,elemental,12,5,7
Daerönn,azralon,480,shaman,elemental,12,5,7
Vashidda,stormrage,480,shaman,elemental,12,5,7
Zajashuna,malganis,480,shaman,elemental,12,5,7
Waterground,tichondrius,480,shaman,elemental,12,5,7
Eluulne,silvermoon,480,shaman,elemental,12,5,7
Shamigo,tichondrius,480,shaman,elemental,12,5,7
Stayz,tichondrius,480,shaman,elemental,12,5,7
Wobbleshock,tichondrius,480,shaman,elemental,12,5,7
Richode,burning-legion,480,shaman,elemental,12,5,7
Jènova,whisperwind,480,shaman,elemental,12,5,7
Flamestrife,illidan,480,shaman,elemental,12,5,7
Sgorr,illidan,480,shaman,elemental,12,5,7
Kimkar,bleeding-hollow,480,shaman,elemental,12,5,7
Chomolungma,azralon,480,shaman,elemental,12,5,7
Kanasya,quelthalas,480,shaman,elemental,12,5,7
Kowabounga,ragnaros,480,shaman,elemental,12,5,7
Totemchucker,stormrage,480,shaman,elemental,15,6,9
Shiggenbasta,tichondrius,480,shaman,elemental,13,5,8
Helapoon,area-52,480,shaman,elemental,18,5,13
Advìl,area-52,480,shaman,elemental,18,5,13
Lugak,ragnaros,480,shaman,elemental,18,5,13
Nírnez,ragnaros,480,shaman,elemental,18,5,13
Arialial,hyjal,480,shaman,elemental,18,5,13
Shanão,nemesis,479,shaman,elemental,6,5,1
Killdeaderer,barthilas,479,shaman,elemental,6,5,1
Madeleines,goldrinn,479,shaman,elemental,6,5,1
Ðarkvolts,stormrage,479,shaman,elemental,12,5,7
Doughboy,khadgar,478,shaman,elemental,14,6,8
Dizzytotem,dalaran,478,shaman,elemental,12,5,7
Shàmpow,darkspear,446,shaman,elemental,11,5,6
Kinjin,dragonmaw,415,shaman,elemental,14,5,9
Seraøth,area-52,384,shaman,elemental,6,4,2
Stormflow,dalaran,384,shaman,elemental,6,4,2
Lukora,stonemaul,384,shaman,elemental,6,4,2
Shammyqua,tichondrius,384,shaman,elemental,6,4,2
Dgshaman,tichondrius,384,shaman,elemental,6,4,2
Bigdaddyion,thrall,384,shaman,elemental,6,4,2
Zenan,stormreaver,384,shaman,elemental,6,4,2
Kustys,tichondrius,384,shaman,elemental,6,4,2
Graveshocks,illidan,384,shaman,elemental,6,4,2
Brickzilla,dalaran,384,shaman,elemental,6,4,2
Weebdestroyr,illidan,384,shaman,elemental,6,4,2
Thandius,arygos,384,shaman,elemental,6,4,2
Blueku,tichondrius,384,shaman,elemental,6,4,2
Creativemind,ragnaros,384,shaman,elemental,6,4,2
Redpocket,zuluhed,384,shaman,elemental,6,4,2
Novoz,tichondrius,384,shaman,elemental,6,4,2
Dragaru,illidan,384,shaman,elemental,6,4,2
Greensween,thrall,384,shaman,elemental,6,4,2
Boogiefever,area-52,384,shaman,elemental,6,4,2
Aishel,area-52,384,shaman,elemental,6,4,2
Laelyk,kiljaeden,384,shaman,elemental,6,4,2
Shockerfist,thunderlord,384,shaman,elemental,6,4,2
Lovesthegear,blackrock,384,shaman,elemental,6,4,2
Borgmash,chogall,384,shaman,elemental,6,4,2
Bitamin,frostmourne,384,shaman,elemental,6,4,2
Pubechin,jubeithos,384,shaman,elemental,6,4,2
Dromus,dalvengyr,384,shaman,elemental,6,4,2
Munchies,madoran,384,shaman,elemental,6,4,2
Ktom,runetotem,384,shaman,elemental,6,4,2
Magtark,frostwolf,384,shaman,elemental,6,4,2
Vodord,arathor,384,shaman,elemental,6,4,2
Thorlottie,stormrage,384,shaman,elemental,6,4,2
Wodgodx,sargeras,384,shaman,elemental,6,4,2
Drakhe,proudmoore,384,shaman,elemental,6,4,2
Clamson,tichondrius,384,shaman,elemental,6,4,2
Cduck,zuljin,384,shaman,elemental,6,4,2
Super,azshara,384,shaman,elemental,14,5,9
Oohkillemm,silvermoon,384,shaman,elemental,12,4,8
Rudoboy,ragnaros,384,shaman,elemental,12,4,8
Lavasurge,area-52,384,shaman,elemental,12,4,8
Fatherrtime,illidan,384,shaman,elemental,12,4,8
Elryl,sargeras,384,shaman,elemental,12,4,8
Feetfungus,area-52,384,shaman,elemental,12,4,8
Sjostrom,proudmoore,384,shaman,elemental,12,4,8
Pozcaster,tichondrius,384,shaman,elemental,12,4,8
Popsoot,area-52,384,shaman,elemental,12,4,8
Krimz,executus,384,shaman,elemental,12,4,8
Kushnations,chogall,384,shaman,elemental,12,4,8
Zizö,barthilas,384,shaman,elemental,12,4,8
Shrektar,cenarius,384,shaman,elemental,12,4,8
Skyten,quelthalas,384,shaman,elemental,12,4,8
Hansolorz,tichondrius,384,shaman,elemental,18,4,14
Vjeze,frostmourne,384,shaman,elemental,18,4,14
Pepîllo,ragnaros,384,shaman,elemental,24,4,20
Nezzuk,quelthalas,383,shaman,elemental,6,4,2
Mîkâ,area-52,383,shaman,elemental,12,4,8
Machalo,sargeras,383,shaman,elemental,12,4,8
Coffeeblacc,magtheridon,379,shaman,elemental,12,4,8
Rythia,elune,352,shaman,elemental,16,4,12
Babyblake,malganis,351,shaman,elemental,8,5,3
Shk,illidan,351,shaman,elemental,11,4,7
Råys,turalyon,350,shaman,elemental,11,4,7
Stormfronts,kelthuzad,336,shaman,elemental,9,4,5
Nondracil,ragnaros,336,shaman,elemental,14,4,10
Taraneh,garrosh,325,shaman,elemental,15,5,10
Sweetbabyraé,bleeding-hollow,304,shaman,elemental,7,4,3
Zerium,nemesis,304,shaman,elemental,13,4,9
Tsunamibrew,moon-guard,302,shaman,elemental,9,4,5
Ggoong,tichondrius,288,shaman,elemental,6,3,3
Vanëssão,stormrage,288,shaman,elemental,6,3,3
Mønønøke,tichondrius,288,shaman,elemental,6,3,3
Éarl,sargeras,288,shaman,elemental,6,3,3
Beatryx,the-scryers,288,shaman,elemental,6,3,3
Tokelahoma,stormrage,288,shaman,elemental,6,3,3
Dràgoon,thrall,288,shaman,elemental,6,3,3
Rokogg,thrall,288,shaman,elemental,6,3,3
Adesaa,illidan,288,shaman,elemental,6,3,3
Ieeguen,tichondrius,288,shaman,elemental,6,3,3
Passion,sargeras,288,shaman,elemental,6,3,3
Trenhance,stormrage,288,shaman,elemental,6,3,3
Exceedër,ragnaros,288,shaman,elemental,6,3,3
Arckos,thrall,288,shaman,elemental,6,3,3
Ioki,spirestone,288,shaman,elemental,6,3,3
Shamtactic,thrall,288,shaman,elemental,6,3,3
Largerwang,sargeras,288,shaman,elemental,6,3,3
Fluffyhex,sargeras,288,shaman,elemental,6,3,3
Rampàge,ragnaros,288,shaman,elemental,6,3,3
Traindablue,illidan,288,shaman,elemental,6,3,3
Fruityrudyy,area-52,288,shaman,elemental,6,3,3
Malgrave,ragnaros,288,shaman,elemental,6,3,3
Groundfaults,bleeding-hollow,288,shaman,elemental,6,3,3
Deyodin,illidan,288,shaman,elemental,6,3,3
Zlateral,malganis,288,shaman,elemental,6,3,3
Doop,kiljaeden,288,shaman,elemental,6,3,3
Shajay,area-52,288,shaman,elemental,6,3,3
Shàman,durotan,288,shaman,elemental,6,3,3
Bolteon,malganis,288,shaman,elemental,6,3,3
Orkshammy,illidan,288,shaman,elemental,6,3,3
Sin,bleeding-hollow,288,shaman,elemental,6,3,3
Applicable,tichondrius,288,shaman,elemental,6,3,3
Shambergler,tichondrius,288,shaman,elemental,6,3,3
Improvize,malganis,288,shaman,elemental,6,3,3
Shambix,illidan,288,shaman,elemental,6,3,3
Autisty,sargeras,288,shaman,elemental,6,3,3
Sheriffbj,emerald-dream,288,shaman,elemental,6,3,3
Ragor,quelthalas,288,shaman,elemental,6,3,3
Gödöfbüdå,tichondrius,288,shaman,elemental,6,3,3
Groink,kiljaeden,288,shaman,elemental,6,3,3
Shizamm,hyjal,288,shaman,elemental,6,3,3
Scrymax,area-52,288,shaman,elemental,6,3,3
Noslol,bronzebeard,288,shaman,elemental,6,3,3
Bizle,jaedenar,288,shaman,elemental,6,3,3
Talfur,area-52,288,shaman,elemental,6,3,3
Blakki,barthilas,288,shaman,elemental,6,3,3
Blaydin,elune,288,shaman,elemental,6,3,3
Earthfurÿ,quelthalas,288,shaman,elemental,6,3,3
Mabite,frostmourne,288,shaman,elemental,6,3,3
Healingtime,nerzhul,288,shaman,elemental,6,3,3
Relâx,icecrown,288,shaman,elemental,6,3,3
Malito,ursin,288,shaman,elemental,6,3,3
Ryukims,tichondrius,288,shaman,elemental,6,3,3
Zon,laughing-skull,288,shaman,elemental,6,3,3
Häzel,nerzhul,288,shaman,elemental,6,3,3
Shadeele,cenarius,288,shaman,elemental,6,3,3
Statikrage,eonar,288,shaman,elemental,6,3,3
Grimnur,bleeding-hollow,288,shaman,elemental,11,3,8
Taquitho,quelthalas,288,shaman,elemental,12,3,9
Káládin,malganis,288,shaman,elemental,12,3,9
Emptee,area-52,288,shaman,elemental,12,3,9
Bloodytotemz,emerald-dream,288,shaman,elemental,12,3,9
Oznog,bleeding-hollow,288,shaman,elemental,12,3,9
Arakye,stormrage,287,shaman,elemental,6,3,3
Strikzjr,frostmourne,287,shaman,elemental,6,3,3
Potatopirate,burning-legion,287,shaman,elemental,12,3,9
Cropdustr,sargeras,286,shaman,elemental,6,3,3
Nuggitz,tichondrius,286,shaman,elemental,9,4,5
Cardanø,illidan,271,shaman,elemental,17,3,14
Hexytimexoqt,thrall,255,shaman,elemental,11,3,8
Hannibol,tichondrius,255,shaman,elemental,11,3,8
Oxxnabatko,amanthul,240,shaman,elemental,9,3,6
Liamus,amanthul,239,shaman,elemental,5,3,2
Sarahfe,wyrmrest-accord,239,shaman,elemental,5,3,2
Spunjie,frostmourne,239,shaman,elemental,5,3,2
Mercs,frostmourne,234,shaman,elemental,17,8,9
Firedchips,tichondrius,192,shaman,elemental,11,5,6
Bigbadbolt,malganis,192,shaman,elemental,6,2,4
Krilick,blackrock,192,shaman,elemental,6,2,4
Dadadabang,frostmourne,192,shaman,elemental,6,2,4
Alleys,tichondrius,192,shaman,elemental,6,2,4
Rokhnar,zuljin,192,shaman,elemental,6,2,4
Folus,azjolnerub,192,shaman,elemental,6,2,4
Zeldrys,emerald-dream,192,shaman,elemental,6,2,4
Sumyl,ragnaros,192,shaman,elemental,6,2,4
Tuksha,alleria,192,shaman,elemental,6,2,4
Shåmwowz,sargeras,192,shaman,elemental,6,2,4
Bitflip,jubeithos,192,shaman,elemental,6,2,4
Grandmaster,frostmourne,192,shaman,elemental,6,2,4
Gorillox,chogall,192,shaman,elemental,6,2,4
Dehsaw,illidan,192,shaman,elemental,6,2,4
Piffzorz,tichondrius,192,shaman,elemental,6,2,4
Tartar,lightbringer,192,shaman,elemental,6,2,4
Yangsangchu,tichondrius,192,shaman,elemental,6,2,4
Sid,frostmourne,192,shaman,elemental,6,2,4
Oppaswag,tichondrius,192,shaman,elemental,6,2,4
Killtotem,illidan,192,shaman,elemental,6,2,4
Shamsky,tichondrius,192,shaman,elemental,6,2,4
Blastj,tichondrius,192,shaman,elemental,6,2,4
Boodissy,tichondrius,192,shaman,elemental,6,2,4
Zugharder,illidan,192,shaman,elemental,6,2,4
Tawahka,hyjal,192,shaman,elemental,6,2,4
Pacapinchhit,azgalor,192,shaman,elemental,6,2,4
Beazel,moon-guard,192,shaman,elemental,6,2,4
Jbahr,hyjal,192,shaman,elemental,6,2,4
Kanbar,emerald-dream,192,shaman,elemental,6,2,4
Heniu,tichondrius,192,shaman,elemental,6,2,4
Ínfected,azralon,192,shaman,elemental,6,2,4
Praisegodx,stormrage,192,shaman,elemental,6,2,4
Lezzer,ragnaros,192,shaman,elemental,6,2,4
Manitbaggins,earthen-ring,192,shaman,elemental,6,2,4
Trizzeh,moon-guard,192,shaman,elemental,6,2,4
Twistedteas,tichondrius,192,shaman,elemental,6,2,4
Withinfinity,stormrage,192,shaman,elemental,6,2,4
Smellyogre,area-52,192,shaman,elemental,6,2,4
Zaxibow,area-52,192,shaman,elemental,6,2,4
Ayatsu,thrall,192,shaman,elemental,6,2,4
Kodyaj,illidan,192,shaman,elemental,6,2,4
Saltywap,proudmoore,192,shaman,elemental,6,2,4
Wempa,moon-guard,192,shaman,elemental,6,2,4
Hehew,kelthuzad,192,shaman,elemental,6,2,4
Ladash,ragnaros,192,shaman,elemental,6,2,4
Oriyani,sargeras,192,shaman,elemental,6,2,4
Funeropolis,stormrage,192,shaman,elemental,6,2,4
Britisy,stormrage,192,shaman,elemental,6,2,4
Matzahmeal,skywall,192,shaman,elemental,6,2,4
Ric,malganis,192,shaman,elemental,6,2,4
Naextramus,ragnaros,192,shaman,elemental,6,2,4
Yellowfev,thrall,192,shaman,elemental,6,2,4
Tampíco,ragnaros,192,shaman,elemental,6,2,4
Zuroster,kiljaeden,192,shaman,elemental,7,2,5
Fluffy,smolderthorn,192,shaman,elemental,12,2,10
Rìddles,malygos,192,shaman,elemental,12,2,10
Jedley,azshara,192,shaman,elemental,12,2,10
Jazzblast,tichondrius,192,shaman,elemental,12,2,10
Fulingyu,moon-guard,192,shaman,elemental,12,2,10
Dtrumpx,tichondrius,192,shaman,elemental,12,2,10
Harrìson,tichondrius,192,shaman,elemental,12,2,10
Eleveil,emerald-dream,191,shaman,elemental,6,2,4
Cavolt,stormrage,159,shaman,elemental,5,2,3
Hazzardttvz,illidan,159,shaman,elemental,5,2,3
Kidkovid,illidan,159,shaman,elemental,17,2,15
Uracemytotem,kiljaeden,138,shaman,elemental,10,3,7
Mynigabob,zuljin,128,shaman,elemental,4,2,2
Rahloo,sargeras,127,shaman,elemental,8,2,6
Obiwonsamdi,illidan,96,shaman,elemental,6,1,5
Succies,emerald-dream,96,shaman,elemental,6,1,5
Ludacrìtz,stormrage,96,shaman,elemental,6,1,5
Toxidizetkö,azralon,96,shaman,elemental,6,1,5
Ravaburst,sargeras,96,shaman,elemental,6,1,5
Drmn,frostmourne,96,shaman,elemental,6,1,5
Winiethepoöh,stormrage,96,shaman,elemental,6,1,5
Teathin,ragnaros,96,shaman,elemental,6,1,5
Whameradetu,suramar,96,shaman,elemental,6,1,5
Healsquish,area-52,96,shaman,elemental,6,1,5
Mugiwára,ragnaros,96,shaman,elemental,6,1,5
Bouje,frostmourne,96,shaman,elemental,6,1,5
Juicemcroose,zuljin,96,shaman,elemental,6,1,5
Zral,emerald-dream,96,shaman,elemental,6,1,5
Seanie,bleeding-hollow,96,shaman,elemental,6,1,5
Sparkyy,kelthuzad,96,shaman,elemental,6,1,5
Sinsar,illidan,96,shaman,elemental,6,1,5
Oldshammy,eldrethalas,96,shaman,elemental,6,1,5
Bullcowsby,darkspear,96,shaman,elemental,6,1,5
Shøckys,tichondrius,96,shaman,elemental,6,1,5
Stormklepter,fizzcrank,96,shaman,elemental,6,1,5
Ripklanian,blood-furnace,96,shaman,elemental,6,1,5
Gan,silvermoon,96,shaman,elemental,6,1,5
Sàuron,tichondrius,96,shaman,elemental,6,1,5
Jalgago,tichondrius,96,shaman,elemental,6,1,5
Azl,guldan,96,shaman,elemental,7,1,6
Ëìê,tichondrius,96,shaman,elemental,18,1,17
Camltotem,tichondrius,79,shaman,elemental,5,1,4
Eleshamanz,tichondrius,79,shaman,elemental,5,1,4
Esbet,echo-isles,79,shaman,elemental,11,1,10
Mcstop,tanaris,64,shaman,elemental,4,1,3
Gurdle,frostwolf,48,shaman,elemental,3,1,2
Hentaistorm,kiljaeden,48,shaman,elemental,3,1,2
Saul,tichondrius,2218,shaman,enhancement,66,42,24
Veggiess,emerald-dream,2194,shaman,enhancement,150,79,71
Alleys,tichondrius,2179,shaman,enhancement,171,88,83
Dopeysimida,illidan,2158,shaman,enhancement,88,57,31
Aýanokoji,tichondrius,2152,shaman,enhancement,119,63,56
Pizzashaman,illidan,2147,shaman,enhancement,82,52,30
Nopnopajnin,tichondrius,2135,shaman,enhancement,112,57,55
Mítsurí,tichondrius,2121,shaman,enhancement,70,36,34
Ftyue,area-52,2116,shaman,enhancement,112,59,53
Doomwìnds,stormrage,2111,shaman,enhancement,144,81,63
Stew,illidan,2111,shaman,enhancement,101,55,46
Opoy,sargeras,2106,shaman,enhancement,195,108,87
Rauthgar,dalaran,2091,shaman,enhancement,84,46,38
Baseballcap,sargeras,2070,shaman,enhancement,96,58,38
Jimmyjobs,tichondrius,2066,shaman,enhancement,96,60,36
Musclebrain,tichondrius,2066,shaman,enhancement,126,63,63
Lustingchery,area-52,2045,shaman,enhancement,57,38,19
Shakeys,tichondrius,2032,shaman,enhancement,71,45,26
Watergirl,thaurissan,2019,shaman,enhancement,104,57,47
Axegerd,quelthalas,2016,shaman,enhancement,129,71,58
Realypump,area-52,2015,shaman,enhancement,78,42,36
Zarktwo,azralon,2009,shaman,enhancement,108,54,54
Swrdfsh,tichondrius,2006,shaman,enhancement,132,74,58
Zarasvati,tichondrius,2004,shaman,enhancement,119,63,56
Futeuncle,tichondrius,1991,shaman,enhancement,54,28,26
Dano,tichondrius,1981,shaman,enhancement,72,42,30
Wetdraenei,moon-guard,1967,shaman,enhancement,229,127,102
Zootywild,tichondrius,1963,shaman,enhancement,123,69,54
Skydre,area-52,1960,shaman,enhancement,53,31,22
Musclebrainz,tichondrius,1952,shaman,enhancement,54,26,28
Balgron,emerald-dream,1949,shaman,enhancement,52,26,26
Rozboiclique,frostmourne,1929,shaman,enhancement,132,89,43
Heisna,stormrage,1927,shaman,enhancement,226,127,99
Superchief,altar-of-storms,1925,shaman,enhancement,80,46,34
Imchuckbass,tichondrius,1923,shaman,enhancement,98,51,47
Jayhastotems,area-52,1918,shaman,enhancement,90,67,23
Smxxn,tichondrius,1913,shaman,enhancement,66,31,35
Grommi,proudmoore,1906,shaman,enhancement,184,90,94
Scaman,tichondrius,1904,shaman,enhancement,24,20,4
Ohmálley,tichondrius,1901,shaman,enhancement,56,36,20
Keyturn,tichondrius,1899,shaman,enhancement,78,36,42
Oosheratchet,illidan,1896,shaman,enhancement,52,36,16
Kushnations,chogall,1896,shaman,enhancement,36,20,16
Doomberrie,thrall,1890,shaman,enhancement,66,42,24
Musclebrains,tichondrius,1889,shaman,enhancement,60,32,28
Ogeezkush,zuljin,1884,shaman,enhancement,77,50,27
Olxsixsm,illidan,1884,shaman,enhancement,74,48,26
Bestshamus,sargeras,1883,shaman,enhancement,71,42,29
Shk,illidan,1878,shaman,enhancement,54,32,22
Plsnerfret,stormrage,1876,shaman,enhancement,48,33,15
Stormrageman,tichondrius,1875,shaman,enhancement,81,49,32
Wonima,tichondrius,1858,shaman,enhancement,35,20,15
Turbowolf,sargeras,1858,shaman,enhancement,92,42,50
Zanderpla,kelthuzad,1856,shaman,enhancement,60,35,25
Proctopus,moon-guard,1855,shaman,enhancement,88,47,41
Lavitris,illidan,1854,shaman,enhancement,42,29,13
Eityhdz,tichondrius,1848,shaman,enhancement,311,160,151
Rawdòggin,emerald-dream,1844,shaman,enhancement,42,30,12
Xakaeri,hyjal,1844,shaman,enhancement,60,36,24
Cwippin,proudmoore,1842,shaman,enhancement,117,73,44
Vanhalestorm,frostmourne,1841,shaman,enhancement,58,30,28
Artenior,stormrage,1841,shaman,enhancement,89,44,45
Megalithic,moon-guard,1840,shaman,enhancement,62,44,18
Timzero,tichondrius,1839,shaman,enhancement,54,32,22
Ishano,area-52,1839,shaman,enhancement,48,23,25
Xibalba,khaz-modan,1836,shaman,enhancement,42,31,11
Kiddfurious,kelthuzad,1826,shaman,enhancement,42,21,21
Shamanabuser,illidan,1825,shaman,enhancement,60,27,33
Blueraccoon,tichondrius,1821,shaman,enhancement,57,35,22
Hooftoface,moon-guard,1821,shaman,enhancement,72,40,32
Gladdorta,azralon,1821,shaman,enhancement,54,30,24
Btruez,tichondrius,1819,shaman,enhancement,63,35,28
Beañ,barthilas,1819,shaman,enhancement,231,117,114
Whírlwínd,area-52,1818,shaman,enhancement,30,19,11
Undertów,area-52,1818,shaman,enhancement,42,24,18
Temar,sargeras,1817,shaman,enhancement,63,42,21
Harrypotqueu,zuljin,1817,shaman,enhancement,54,29,25
Léxar,sargeras,1817,shaman,enhancement,72,33,39
Thrallas,frostmourne,1814,shaman,enhancement,54,33,21
Louiev,bleeding-hollow,1812,shaman,enhancement,48,28,20
Legendslayar,area-52,1811,shaman,enhancement,42,27,15
Typhe,bleeding-hollow,1811,shaman,enhancement,30,19,11
Kltz,sargeras,1811,shaman,enhancement,35,21,14
Nygiants,tichondrius,1810,shaman,enhancement,24,19,5
Sassyx,steamwheedle-cartel,1810,shaman,enhancement,48,27,21
Bikboisteez,barthilas,1808,shaman,enhancement,92,47,45
Lashandtrash,tichondrius,1806,shaman,enhancement,30,19,11
Garai,emerald-dream,1805,shaman,enhancement,93,49,44
Niuniudada,illidan,1805,shaman,enhancement,84,39,45
Madonion,zuljin,1803,shaman,enhancement,60,31,29
Gìmli,tichondrius,1800,shaman,enhancement,59,32,27
Landlordxx,area-52,1795,shaman,enhancement,52,32,20
Mcshockturds,tichondrius,1791,shaman,enhancement,119,68,51
Windshearbøt,tichondrius,1785,shaman,enhancement,48,27,21
Windfury,chogall,1784,shaman,enhancement,60,29,31
Wautyriex,area-52,1783,shaman,enhancement,48,23,25
Stormnala,zuljin,1775,shaman,enhancement,30,21,9
Blakki,barthilas,1771,shaman,enhancement,60,36,24
Novedz,illidan,1767,shaman,enhancement,62,32,30
Wingshaman,illidan,1764,shaman,enhancement,166,92,74
Muisor,quelthalas,1763,shaman,enhancement,60,33,27
Xaltas,moon-guard,1754,shaman,enhancement,60,41,19
Darkcnight,stormrage,1754,shaman,enhancement,48,29,19
Nyckysh,illidan,1751,shaman,enhancement,58,34,24
Beaviis,frostmourne,1749,shaman,enhancement,48,29,19
Soshatsumi,tichondrius,1749,shaman,enhancement,76,42,34
Slapnarp,wyrmrest-accord,1747,shaman,enhancement,54,29,25
Kalvishdam,dalaran,1746,shaman,enhancement,36,25,11
Metako,sargeras,1742,shaman,enhancement,41,24,17
Cammeez,area-52,1742,shaman,enhancement,51,27,24
Rukagar,barthilas,1741,shaman,enhancement,42,25,17
Antek,quelthalas,1740,shaman,enhancement,126,74,52
Konfuzious,emerald-dream,1739,shaman,enhancement,105,59,46
Spippippin,illidan,1738,shaman,enhancement,56,26,30
Ballinhance,illidan,1735,shaman,enhancement,30,22,8
Thromjin,ragnaros,1728,shaman,enhancement,42,30,12
Bbshock,stormrage,1727,shaman,enhancement,78,48,30
Reflexsivx,malganis,1722,shaman,enhancement,48,29,19
Hecks,malorne,1718,shaman,enhancement,72,41,31
Ëxceeder,ragnaros,1718,shaman,enhancement,66,37,29
Hallofcost,illidan,1714,shaman,enhancement,48,31,17
Thunderlaw,area-52,1704,shaman,enhancement,64,31,33
Wrathics,emerald-dream,1702,shaman,enhancement,60,32,28
Tastydonut,blackrock,1699,shaman,enhancement,41,24,17
Tdlz,tichondrius,1698,shaman,enhancement,62,41,21
Bitsuey,frostmourne,1698,shaman,enhancement,48,28,20
Pla,tichondrius,1698,shaman,enhancement,138,80,58
Halfzugzug,sargeras,1697,shaman,enhancement,30,21,9
Axelsteel,illidan,1697,shaman,enhancement,48,21,27
Stonetrog,blackrock,1695,shaman,enhancement,24,19,5
Xiaoxiaoxi,tichondrius,1694,shaman,enhancement,42,23,19
Miketideson,proudmoore,1693,shaman,enhancement,72,38,34
Zappithorus,stormrage,1691,shaman,enhancement,36,24,12
Electricity,tichondrius,1691,shaman,enhancement,67,27,40
Krovn,stormrage,1689,shaman,enhancement,48,26,22
Shamezee,stormreaver,1689,shaman,enhancement,47,22,25
Jàro,thrall,1688,shaman,enhancement,42,20,22
Elryl,sargeras,1686,shaman,enhancement,116,64,52
Vortexfury,area-52,1682,shaman,enhancement,42,20,22
Turdfergesen,destromath,1681,shaman,enhancement,48,23,25
Ðr,earthen-ring,1680,shaman,enhancement,80,49,31
Biubiuz,tichondrius,1675,shaman,enhancement,36,27,9
Cowaii,illidan,1667,shaman,enhancement,42,23,19
Onlyshams,dalaran,1666,shaman,enhancement,36,22,14
Asumo,azralon,1665,shaman,enhancement,33,19,14
Plzbuffme,dalaran,1664,shaman,enhancement,50,31,19
Sonofabat,spirestone,1664,shaman,enhancement,64,36,28
Orkuss,illidan,1654,shaman,enhancement,42,23,19
Døømsdáy,thrall,1652,shaman,enhancement,78,43,35
Crowns,tichondrius,1649,shaman,enhancement,42,18,24
Haishoe,stormrage,1647,shaman,enhancement,46,28,18
Judgeesham,bleeding-hollow,1647,shaman,enhancement,45,23,22
Volkuul,zuljin,1641,shaman,enhancement,60,33,27
Dalianyen,bladefist,1638,shaman,enhancement,40,19,21
Ràntòn,bleeding-hollow,1637,shaman,enhancement,35,24,11
Askpuntee,sargeras,1635,shaman,enhancement,42,25,17
Drakhe,proudmoore,1633,shaman,enhancement,74,43,31
Lavamon,illidan,1631,shaman,enhancement,48,26,22
Tettnanger,azralon,1630,shaman,enhancement,31,19,12
Slashpity,stormrage,1630,shaman,enhancement,63,33,30
Hxzard,stormrage,1626,shaman,enhancement,36,17,19
Åvarice,shattered-halls,1626,shaman,enhancement,54,22,32
Alablast,malganis,1625,shaman,enhancement,36,21,15
Zapnclap,tichondrius,1623,shaman,enhancement,42,24,18
Smash,fenris,1623,shaman,enhancement,82,42,40
Ceasebelief,tichondrius,1619,shaman,enhancement,30,21,9
Deyodin,illidan,1619,shaman,enhancement,26,18,8
Shamgawd,illidan,1617,shaman,enhancement,36,20,16
Bòómz,stormrage,1616,shaman,enhancement,118,54,64
Keeba,wyrmrest-accord,1615,shaman,enhancement,48,27,21
Windflex,emerald-dream,1615,shaman,enhancement,73,35,38
Stýlébéñdér,kelthuzad,1613,shaman,enhancement,24,17,7
Yakora,stormrage,1613,shaman,enhancement,36,22,14
Robdaman,tichondrius,1607,shaman,enhancement,24,18,6
Iamashaman,malganis,1607,shaman,enhancement,278,135,143
Kindaretro,tichondrius,1605,shaman,enhancement,42,27,15
Shamom,silver-hand,1605,shaman,enhancement,94,54,40
Shámdemons,area-52,1604,shaman,enhancement,54,36,18
Zavar,tichondrius,1604,shaman,enhancement,59,32,27
Shamikazi,crushridge,1603,shaman,enhancement,104,61,43
Aibheit,area-52,1592,shaman,enhancement,24,22,2
Jerykco,drakkari,1591,shaman,enhancement,36,20,16
Thuntard,bleeding-hollow,1591,shaman,enhancement,42,19,23
Toobeastly,deathwing,1586,shaman,enhancement,36,21,15
Poizele,tichondrius,1580,shaman,enhancement,238,131,107
Venmoo,illidan,1576,shaman,enhancement,36,18,18
Harrìson,tichondrius,1575,shaman,enhancement,29,17,12
Flirstatic,nemesis,1573,shaman,enhancement,65,40,25
Gambazzlok,terokkar,1573,shaman,enhancement,42,25,17
Thunda,black-dragonflight,1572,shaman,enhancement,30,21,9
Zeroshocks,kelthuzad,1572,shaman,enhancement,30,19,11
Nÿh,quelthalas,1569,shaman,enhancement,48,27,21
Shamanees,area-52,1567,shaman,enhancement,100,49,51
Shmnsm,kiljaeden,1565,shaman,enhancement,42,18,24
Uracemytotem,kiljaeden,1562,shaman,enhancement,84,51,33
Cunkinator,stormrage,1555,shaman,enhancement,25,19,6
Dcg,hyjal,1555,shaman,enhancement,35,17,18
Cayed,stormscale,1553,shaman,enhancement,72,38,34
Elementin,kelthuzad,1553,shaman,enhancement,60,30,30
Ironaddictz,kiljaeden,1549,shaman,enhancement,39,21,18
Beaversniper,tichondrius,1549,shaman,enhancement,42,20,22
Montí,moon-guard,1547,shaman,enhancement,78,50,28
Speedrush,nagrand,1546,shaman,enhancement,38,25,13
Totemnikiel,stormrage,1544,shaman,enhancement,66,28,38
Thilv,ravenholdt,1543,shaman,enhancement,30,19,11
Grx,tichondrius,1539,shaman,enhancement,41,22,19
Soupi,illidan,1538,shaman,enhancement,54,31,23
Small,alleria,1538,shaman,enhancement,60,32,28
Gorillahazed,tichondrius,1535,shaman,enhancement,90,41,49
Derzwaz,draka,1532,shaman,enhancement,29,17,12
Larrylardazz,tichondrius,1529,shaman,enhancement,85,51,34
Loadiez,frostmourne,1527,shaman,enhancement,30,21,9
Hurrikaine,dalaran,1519,shaman,enhancement,62,31,31
Dankthunda,stormrage,1517,shaman,enhancement,66,37,29
Chalked,stormrage,1516,shaman,enhancement,90,46,44
Mindfields,barthilas,1511,shaman,enhancement,67,38,29
Rexoss,hyjal,1510,shaman,enhancement,99,54,45
Hehew,kelthuzad,1508,shaman,enhancement,42,26,16
Smartbunny,illidan,1507,shaman,enhancement,192,93,99
Deshamann,illidan,1507,shaman,enhancement,59,24,35
Mixn,frostmourne,1503,shaman,enhancement,63,39,24
Kronkxd,malganis,1501,shaman,enhancement,30,16,14
Eyecandi,barthilas,1496,shaman,enhancement,83,39,44
Justincasé,sargeras,1494,shaman,enhancement,66,31,35
Nøname,azshara,1493,shaman,enhancement,96,44,52
Hephron,area-52,1493,shaman,enhancement,72,32,40
Quakenbake,emerald-dream,1491,shaman,enhancement,33,20,13
Shockmehard,area-52,1486,shaman,enhancement,59,49,10
Scrototëm,azralon,1485,shaman,enhancement,45,24,21
Ragnarocck,sargeras,1479,shaman,enhancement,75,36,39
Dashmmy,dalaran,1478,shaman,enhancement,54,26,28
Thewindman,sargeras,1478,shaman,enhancement,42,18,24
Atthegates,illidan,1472,shaman,enhancement,90,37,53
Arlikai,arthas,1470,shaman,enhancement,59,20,39
Lakindrentv,gorefiend,1467,shaman,enhancement,30,17,13
Roysoy,stormrage,1466,shaman,enhancement,42,24,18
Khormac,moon-guard,1464,shaman,enhancement,46,31,15
Iamurfather,magtheridon,1459,shaman,enhancement,71,37,34
Konga,korialstrasz,1456,shaman,enhancement,32,19,13
Täcti,tichondrius,1456,shaman,enhancement,36,16,20
Earthfirex,ragnaros,1455,shaman,enhancement,30,16,14
Krûde,tichondrius,1452,shaman,enhancement,71,40,31
Clenlift,emerald-dream,1451,shaman,enhancement,54,31,23
Calich,kelthuzad,1445,shaman,enhancement,38,23,15
Zmogon,quelthalas,1445,shaman,enhancement,32,16,16
Scrötotem,saurfang,1440,shaman,enhancement,41,25,16
Jazzlightnin,tichondrius,1438,shaman,enhancement,24,15,9
Tamtam,gorefiend,1438,shaman,enhancement,24,15,9
Forksin,tichondrius,1437,shaman,enhancement,30,15,15
Algresh,muradin,1437,shaman,enhancement,30,15,15
Qvibin,tichondrius,1435,shaman,enhancement,30,21,9
Daddyzap,stormrage,1435,shaman,enhancement,98,54,44
Däbü,tichondrius,1435,shaman,enhancement,30,15,15
Shamwows,dalaran,1433,shaman,enhancement,82,36,46
Struck,emerald-dream,1430,shaman,enhancement,60,39,21
Riptiedx,barthilas,1430,shaman,enhancement,24,15,9
Whydead,sargeras,1430,shaman,enhancement,60,34,26
Tumble,frostmourne,1429,shaman,enhancement,42,22,20
Boboyaga,emerald-dream,1429,shaman,enhancement,30,15,15
Convolutedx,tichondrius,1427,shaman,enhancement,30,15,15
Ventus,thrall,1427,shaman,enhancement,54,25,29
Teeroll,frostmourne,1426,shaman,enhancement,36,22,14
Cowely,madoran,1423,shaman,enhancement,30,17,13
Silyshamshyt,stormrage,1421,shaman,enhancement,24,15,9
Shamann,azshara,1421,shaman,enhancement,51,27,24
Tootshock,illidan,1421,shaman,enhancement,30,15,15
ßurstmedaddy,bleeding-hollow,1420,shaman,enhancement,24,17,7
Mybadshawty,tichondrius,1419,shaman,enhancement,55,26,29
Neyavv,tichondrius,1418,shaman,enhancement,40,20,20
Stubbywayne,area-52,1415,shaman,enhancement,58,26,32
Tyven,tichondrius,1415,shaman,enhancement,42,17,25
Stormbash,ragnaros,1415,shaman,enhancement,42,15,27
Split,zuljin,1414,shaman,enhancement,124,65,59
Mudroller,moon-guard,1414,shaman,enhancement,52,24,28
Lavabone,dalaran,1412,shaman,enhancement,42,16,26
Armønixx,ragnaros,1410,shaman,enhancement,78,42,36
Getacho,stormrage,1410,shaman,enhancement,66,28,38
Trashfarmer,tichondrius,1409,shaman,enhancement,36,17,19
Fhenh,proudmoore,1408,shaman,enhancement,64,35,29
Makocc,tichondrius,1405,shaman,enhancement,38,16,22
Tizzl,kelthuzad,1403,shaman,enhancement,30,17,13
Surtel,tichondrius,1401,shaman,enhancement,66,28,38
Raazzasham,moon-guard,1398,shaman,enhancement,60,31,29
Amasaei,bleeding-hollow,1397,shaman,enhancement,48,21,27
Firevag,hakkar,1395,shaman,enhancement,54,31,23
Djelemental,darkspear,1394,shaman,enhancement,27,17,10
Shipmatekev,sargeras,1386,shaman,enhancement,54,29,25
Zktz,warsong,1385,shaman,enhancement,31,17,14
Rbmx,frostmourne,1384,shaman,enhancement,64,38,26
Wortwort,tichondrius,1384,shaman,enhancement,71,34,37
Lazugga,area-52,1378,shaman,enhancement,74,39,35
Gettatotem,frostmourne,1373,shaman,enhancement,30,17,13
Shamrockcawk,malganis,1372,shaman,enhancement,30,21,9
Mackandal,tichondrius,1372,shaman,enhancement,36,16,20
Prymalfury,illidan,1368,shaman,enhancement,78,36,42
Tyzek,illidan,1363,shaman,enhancement,36,22,14
Grohltusk,barthilas,1360,shaman,enhancement,42,24,18
Johnwilke,area-52,1356,shaman,enhancement,119,59,60
Hagass,tichondrius,1354,shaman,enhancement,55,26,29
Skyzik,area-52,1352,shaman,enhancement,30,18,12
Argrax,sargeras,1350,shaman,enhancement,36,24,12
Drumman,skullcrusher,1346,shaman,enhancement,70,39,31
Thiccsha,moon-guard,1343,shaman,enhancement,24,14,10
Keyturns,tichondrius,1342,shaman,enhancement,18,14,4
Heäven,malganis,1342,shaman,enhancement,86,42,44
Tsaheylu,barthilas,1342,shaman,enhancement,48,22,26
Kaediea,moon-guard,1341,shaman,enhancement,18,14,4
Dashinra,stormrage,1341,shaman,enhancement,26,15,11
Clumpen,thunderhorn,1341,shaman,enhancement,29,16,13
Crøwgød,tichondrius,1340,shaman,enhancement,24,14,10
Stickysham,illidan,1339,shaman,enhancement,24,16,8
Norlak,antonidas,1339,shaman,enhancement,30,14,16
Stormgraves,moon-guard,1337,shaman,enhancement,24,14,10
Dugomik,malganis,1336,shaman,enhancement,46,23,23
Tandrian,daggerspine,1336,shaman,enhancement,30,14,16
Thromir,blackwing-lair,1333,shaman,enhancement,30,17,13
Shearx,illidan,1332,shaman,enhancement,24,14,10
Zzar,daggerspine,1332,shaman,enhancement,30,16,14
Killavicious,area-52,1332,shaman,enhancement,30,14,16
Eliteshamann,tichondrius,1330,shaman,enhancement,24,14,10
Rongkhan,tichondrius,1326,shaman,enhancement,29,18,11
Leschaises,skullcrusher,1325,shaman,enhancement,27,18,9
Synivabyatch,eonar,1321,shaman,enhancement,30,14,16
Bessame,sargeras,1320,shaman,enhancement,82,41,41
Taò,tichondrius,1315,shaman,enhancement,51,27,24
Deemmorti,stormrage,1311,shaman,enhancement,28,15,13
Raylord,ragnaros,1311,shaman,enhancement,77,41,36
Shamorrhoids,frostmourne,1311,shaman,enhancement,118,62,56
Obeilius,illidan,1303,shaman,enhancement,49,25,24
Whichdoctah,proudmoore,1302,shaman,enhancement,30,14,16
Vapus,area-52,1294,shaman,enhancement,89,47,42
Murlook,sargeras,1292,shaman,enhancement,58,37,21
Rokogg,thrall,1289,shaman,enhancement,94,50,44
Isbabani,moon-guard,1287,shaman,enhancement,24,14,10
Sndhlp,tichondrius,1283,shaman,enhancement,22,14,8
Mairn,tichondrius,1282,shaman,enhancement,42,20,22
Boombigshaq,ysera,1279,shaman,enhancement,20,14,6
Deathjoker,icecrown,1279,shaman,enhancement,48,26,22
Midwestern,emerald-dream,1278,shaman,enhancement,26,14,12
Lavawreckage,malganis,1277,shaman,enhancement,36,15,21
Zechary,proudmoore,1273,shaman,enhancement,54,33,21
Lüca,wyrmrest-accord,1273,shaman,enhancement,124,61,63
Jäyp,thrall,1270,shaman,enhancement,30,14,16
Atroll,moonrunner,1268,shaman,enhancement,42,16,26
Datblueboi,dalaran,1263,shaman,enhancement,76,39,37
Gorebog,feathermoon,1259,shaman,enhancement,42,23,19
Borwald,dalaran,1259,shaman,enhancement,30,14,16
Obrahma,burning-legion,1258,shaman,enhancement,24,16,8
Robis,thrall,1254,shaman,enhancement,48,23,25
Holosoul,bleeding-hollow,1254,shaman,enhancement,67,27,40
Piffenstien,malganis,1252,shaman,enhancement,36,15,21
Mobi,tichondrius,1243,shaman,enhancement,24,13,11
Dalthragoz,tichondrius,1239,shaman,enhancement,24,13,11
Woof,agamaggan,1238,shaman,enhancement,24,13,11
Vozs,proudmoore,1233,shaman,enhancement,60,34,26
Willy,icecrown,1230,shaman,enhancement,23,13,10
Friednocap,kelthuzad,1229,shaman,enhancement,30,13,17
Djasura,blackhand,1228,shaman,enhancement,35,15,20
Lamagra,nemesis,1227,shaman,enhancement,18,13,5
Uglykunt,barthilas,1224,shaman,enhancement,111,62,49
Netherfury,illidan,1224,shaman,enhancement,51,28,23
Gdiafplox,thunderhorn,1213,shaman,enhancement,42,22,20
Hammeredd,hyjal,1212,shaman,enhancement,36,18,18
Sinsar,illidan,1200,shaman,enhancement,35,13,22
Stormwolf,emerald-dream,1196,shaman,enhancement,24,13,11
Killbro,blackrock,1194,shaman,enhancement,62,24,38
Djshammy,barthilas,1183,shaman,enhancement,28,15,13
Sinestario,illidan,1180,shaman,enhancement,27,14,13
Enhancementz,azralon,1174,shaman,enhancement,68,37,31
Finnaburstt,tichondrius,1162,shaman,enhancement,54,29,25
Parallels,blackrock,1161,shaman,enhancement,45,16,29
Splendapapi,stormrage,1155,shaman,enhancement,38,13,25
Anzet,ragnaros,1152,shaman,enhancement,18,12,6
Jyupaonaiwa,tichondrius,1152,shaman,enhancement,18,12,6
Gangmember,shadowmoon,1152,shaman,enhancement,18,12,6
Crownsx,tichondrius,1152,shaman,enhancement,24,12,12
Jinxicle,illidan,1151,shaman,enhancement,18,12,6
Stewtwo,illidan,1151,shaman,enhancement,21,12,9
Lutheran,dragonmaw,1151,shaman,enhancement,35,14,21
Hanhze,quelthalas,1150,shaman,enhancement,30,18,12
Anadal,kargath,1150,shaman,enhancement,30,12,18
Olíndo,tichondrius,1146,shaman,enhancement,18,12,6
Shoresy,kaelthas,1143,shaman,enhancement,24,12,12
Fourstorms,gundrak,1141,shaman,enhancement,37,19,18
Sydstorm,frostmourne,1137,shaman,enhancement,18,12,6
Popz,dark-iron,1128,shaman,enhancement,18,12,6
ßøn,altar-of-storms,1125,shaman,enhancement,33,16,17
Astroglyde,emerald-dream,1123,shaman,enhancement,24,12,12
Drokron,azralon,1118,shaman,enhancement,30,14,16
Schlemiel,barthilas,1112,shaman,enhancement,82,36,46
Cseril,bonechewer,1111,shaman,enhancement,71,41,30
Lassoway,illidan,1110,shaman,enhancement,30,12,18
Synshenrongt,thrall,1109,shaman,enhancement,160,65,95
Nîghtstalker,vashj,1109,shaman,enhancement,46,18,28
Hannibol,tichondrius,1108,shaman,enhancement,60,22,38
Ashida,stormrage,1086,shaman,enhancement,26,14,12
Shamgødx,dalaran,1056,shaman,enhancement,12,11,1
Gamergirlx,area-52,1056,shaman,enhancement,18,11,7
Pedaphil,frostmourne,1056,shaman,enhancement,18,11,7
Valkriie,tichondrius,1056,shaman,enhancement,18,11,7
Nomoreswap,zuljin,1055,shaman,enhancement,12,11,1
Leaning,wyrmrest-accord,1055,shaman,enhancement,18,11,7
Shampowl,jaedenar,1055,shaman,enhancement,30,11,19
Möuthbläster,malganis,1054,shaman,enhancement,12,11,1
Adalid,thrall,1054,shaman,enhancement,12,11,1
Balldo,stormrage,1054,shaman,enhancement,30,11,19
Peepingtotem,tichondrius,1052,shaman,enhancement,24,11,13
Elementalïst,durotan,1051,shaman,enhancement,18,11,7
Kungfuvoodoo,tichondrius,1050,shaman,enhancement,18,11,7
Dronesum,tichondrius,1050,shaman,enhancement,24,11,13
Vöödooranger,stormrage,1048,shaman,enhancement,18,11,7
Svddëndëath,sargeras,1046,shaman,enhancement,48,15,33
Jamblee,sargeras,1043,shaman,enhancement,18,11,7
Dirtyunique,tichondrius,1043,shaman,enhancement,24,11,13
Sigir,darrowmere,1042,shaman,enhancement,24,11,13
Onezap,trollbane,1042,shaman,enhancement,24,11,13
Trulos,stormrage,1041,shaman,enhancement,18,11,7
Bobaflexqt,korgath,1039,shaman,enhancement,18,11,7
Zalkran,area-52,1034,shaman,enhancement,24,15,9
Lovetides,area-52,1031,shaman,enhancement,24,14,10
Kasukaga,shadowmoon,1030,shaman,enhancement,36,11,25
Sevare,area-52,1023,shaman,enhancement,21,12,9
Tøtëm,tichondrius,1021,shaman,enhancement,28,12,16
Omaguap,tichondrius,1019,shaman,enhancement,20,12,8
Hordeymaori,jubeithos,1019,shaman,enhancement,62,32,30
Raxabico,nemesis,1017,shaman,enhancement,32,12,20
Stormwolf,azjolnerub,1011,shaman,enhancement,30,16,14
Pùffball,anvilmar,1011,shaman,enhancement,57,29,28
Bigbólts,emerald-dream,1001,shaman,enhancement,18,12,6
Stroheim,warsong,1000,shaman,enhancement,21,12,9
Poseidonxd,lightbringer,1000,shaman,enhancement,23,13,10
Nankdug,tichondrius,1000,shaman,enhancement,21,11,10
Slaughterdog,coilfang,995,shaman,enhancement,22,13,9
Prinkipíssa,tichondrius,994,shaman,enhancement,36,16,20
Pwnôgraphy,kelthuzad,989,shaman,enhancement,14,11,3
Shomani,madoran,983,shaman,enhancement,29,11,18
Shammybreakx,malganis,971,shaman,enhancement,35,20,15
Dä,tichondrius,960,shaman,enhancement,18,10,8
Enhance,sargeras,960,shaman,enhancement,18,10,8
Mcb,barthilas,960,shaman,enhancement,18,10,8
Beanerburst,frostwolf,960,shaman,enhancement,24,11,13
Zatchbell,lightnings-blade,960,shaman,enhancement,30,13,17
Syraak,elune,959,shaman,enhancement,12,10,2
Lokrath,zangarmarsh,959,shaman,enhancement,12,10,2
Vonnsmallpp,area-52,959,shaman,enhancement,18,10,8
Kumboi,frostmourne,959,shaman,enhancement,24,10,14
Unezx,tichondrius,958,shaman,enhancement,12,10,2
Clappadactyl,frostmourne,958,shaman,enhancement,18,10,8
Ggsggs,akama,958,shaman,enhancement,18,10,8
Leotis,tichondrius,957,shaman,enhancement,18,10,8
Kandin,icecrown,957,shaman,enhancement,24,10,14
Harvesting,azralon,956,shaman,enhancement,24,10,14
Súrtr,sargeras,955,shaman,enhancement,18,10,8
Aelpian,emerald-dream,954,shaman,enhancement,18,10,8
Beardcramps,tichondrius,954,shaman,enhancement,30,10,20
Jyster,area-52,949,shaman,enhancement,36,11,25
Iamegirl,moon-guard,935,shaman,enhancement,23,10,13
Hazak,nemesis,930,shaman,enhancement,24,10,14
Çhïcagø,aegwynn,928,shaman,enhancement,28,10,18
Thanwirn,ragnaros,924,shaman,enhancement,30,13,17
Oct,thrall,912,shaman,enhancement,36,18,18
Grimlên,skullcrusher,910,shaman,enhancement,32,12,20
Fwwrs,illidan,905,shaman,enhancement,20,11,9
Ongruge,hyjal,895,shaman,enhancement,60,22,38
Kamíhameha,stormrage,879,shaman,enhancement,32,11,21
Bjorengahr,emerald-dream,864,shaman,enhancement,12,9,3
Solbis,tichondrius,864,shaman,enhancement,12,9,3
Deixw,tichondrius,864,shaman,enhancement,12,9,3
Tkarfuno,exodar,864,shaman,enhancement,18,9,9
Lickerman,stormreaver,863,shaman,enhancement,12,9,3
Chaac,firetree,863,shaman,enhancement,18,9,9
Dalsun,turalyon,863,shaman,enhancement,18,9,9
Ephraalin,frostmourne,863,shaman,enhancement,18,9,9
Hellamental,malganis,863,shaman,enhancement,18,9,9
Rubious,cenarius,863,shaman,enhancement,19,9,10
Mercó,bleeding-hollow,863,shaman,enhancement,24,9,15
Shabenn,proudmoore,863,shaman,enhancement,24,9,15
Okkoto,malfurion,862,shaman,enhancement,12,9,3
Îvôry,bloodhoof,862,shaman,enhancement,18,9,9
Gorgrom,thunderlord,861,shaman,enhancement,12,9,3
Dilfmaster,tichondrius,861,shaman,enhancement,21,10,11
Mullten,sargeras,859,shaman,enhancement,18,9,9
Rikswordfire,wyrmrest-accord,859,shaman,enhancement,23,9,14
Hazorele,nagrand,857,shaman,enhancement,18,9,9
Bilbobaggenz,sargeras,854,shaman,enhancement,18,9,9
Windfuryshm,emerald-dream,853,shaman,enhancement,18,9,9
Trenbolone,maiev,852,shaman,enhancement,18,9,9
Spiderjohn,sargeras,851,shaman,enhancement,18,9,9
Pingatronx,ragnaros,849,shaman,enhancement,19,12,7
Googurt,barthilas,831,shaman,enhancement,17,9,8
Taowth,area-52,831,shaman,enhancement,29,9,20
Britisy,stormrage,825,shaman,enhancement,24,10,14
Poagrious,bonechewer,804,shaman,enhancement,34,11,23
Thorael,borean-tundra,798,shaman,enhancement,11,9,2
Earthlsflat,tichondrius,781,shaman,enhancement,13,9,4
Gorgonash,magtheridon,768,shaman,enhancement,12,8,4
Gatorwaves,bleeding-hollow,768,shaman,enhancement,12,8,4
Totemclass,bleeding-hollow,768,shaman,enhancement,12,8,4
Ennoku,khadgar,768,shaman,enhancement,12,8,4
Mobiediqônú,skywall,768,shaman,enhancement,12,8,4
Cinderfury,magtheridon,768,shaman,enhancement,12,8,4
Onamakawash,black-dragonflight,768,shaman,enhancement,12,8,4
Sethbrogen,vashj,768,shaman,enhancement,18,8,10
Arázi,wyrmrest-accord,768,shaman,enhancement,18,8,10
Pinechanga,ragnaros,768,shaman,enhancement,18,8,10
Dialtone,blackrock,768,shaman,enhancement,24,8,16
Sparkqt,sargeras,767,shaman,enhancement,12,8,4
Faultline,khadgar,767,shaman,enhancement,12,8,4
Keroh,blackrock,767,shaman,enhancement,12,8,4
Elevatezxo,stormrage,767,shaman,enhancement,12,8,4
Popsmoke,gnomeregan,767,shaman,enhancement,12,8,4
Finaplex,spirestone,767,shaman,enhancement,18,8,10
Cuban,kelthuzad,767,shaman,enhancement,18,8,10
Blasho,ragnaros,767,shaman,enhancement,18,8,10
Volrog,magtheridon,767,shaman,enhancement,18,8,10
Frëdstorm,kelthuzad,767,shaman,enhancement,24,8,16
Mcgraff,frostmourne,766,shaman,enhancement,12,8,4
Chamxz,ragnaros,766,shaman,enhancement,12,8,4
Shometrin,tichondrius,766,shaman,enhancement,18,8,10
Orendail,jubeithos,758,shaman,enhancement,24,8,16
Shimshak,destromath,756,shaman,enhancement,18,8,10
Dedlystorm,dalaran,754,shaman,enhancement,12,8,4
Kumu,stormscale,735,shaman,enhancement,11,8,3
Ryb,sargeras,735,shaman,enhancement,14,9,5
Radan,kelthuzad,735,shaman,enhancement,17,8,9
Jackofstorms,veknilash,734,shaman,enhancement,20,9,11
Dàfèng,wyrmrest-accord,719,shaman,enhancement,23,8,15
Blackshami,quelthalas,718,shaman,enhancement,18,8,10
Pwnskillz,area-52,712,shaman,enhancement,17,8,9
Àspec,aegwynn,704,shaman,enhancement,10,8,2
Psilocypher,nazjatar,700,shaman,enhancement,14,8,6
Lividelement,area-52,672,shaman,enhancement,12,7,5
Bodai,magtheridon,672,shaman,enhancement,12,7,5
Flukz,nazjatar,672,shaman,enhancement,12,7,5
Marginalized,tichondrius,672,shaman,enhancement,12,7,5
Shockshack,illidan,672,shaman,enhancement,12,7,5
Asy,tichondrius,672,shaman,enhancement,12,7,5
Napski,cenarius,672,shaman,enhancement,12,7,5
Yaytotems,sargeras,672,shaman,enhancement,12,7,5
Jofstrom,tichondrius,672,shaman,enhancement,12,7,5
Overpowered,korgath,672,shaman,enhancement,12,7,5
Peynful,shadowsong,672,shaman,enhancement,12,7,5
Goondruka,area-52,672,shaman,enhancement,12,7,5
Rtÿo,area-52,672,shaman,enhancement,12,7,5
Vlal,tichondrius,672,shaman,enhancement,12,7,5
Shokaria,frostwolf,672,shaman,enhancement,17,8,9
Tyranitaur,frostmourne,672,shaman,enhancement,18,7,11
Raywhiter,tichondrius,672,shaman,enhancement,22,8,14
Checkmâte,emerald-dream,671,shaman,enhancement,12,7,5
Hexondabeach,barthilas,671,shaman,enhancement,12,7,5
Gaelfury,malganis,671,shaman,enhancement,18,7,11
Gwyste,moon-guard,671,shaman,enhancement,18,7,11
Zald,shattered-halls,671,shaman,enhancement,18,7,11
Nondracil,ragnaros,671,shaman,enhancement,18,7,11
Dimitrio,azralon,671,shaman,enhancement,18,7,11
Velekar,moon-guard,671,shaman,enhancement,21,8,13
Slowgrath,burning-legion,670,shaman,enhancement,12,7,5
Drewshammy,zuljin,670,shaman,enhancement,12,7,5
Totesmagotes,scilla,670,shaman,enhancement,12,7,5
Morehammeerr,thunderlord,670,shaman,enhancement,12,7,5
Kigorami,nerzhul,670,shaman,enhancement,18,7,11
Orcgirth,kiljaeden,670,shaman,enhancement,21,8,13
Allmeatie,hyjal,669,shaman,enhancement,12,7,5
Vladd,hellscream,669,shaman,enhancement,18,7,11
Helljumper,illidan,669,shaman,enhancement,21,8,13
Blaçktide,thrall,665,shaman,enhancement,12,7,5
Scams,bleeding-hollow,664,shaman,enhancement,12,7,5
Facebooksux,sargeras,657,shaman,enhancement,12,7,5
Orfelix,nemesis,656,shaman,enhancement,24,7,17
Shammich,vashj,655,shaman,enhancement,11,7,4
Darshidarsh,emerald-dream,640,shaman,enhancement,16,7,9
Chapope,quelthalas,637,shaman,enhancement,10,8,2
Vonvulviln,emerald-dream,623,shaman,enhancement,11,7,4
Rhagnar,warsong,623,shaman,enhancement,11,7,4
Intress,moon-guard,607,shaman,enhancement,10,7,3
Eanne,moon-guard,592,shaman,enhancement,19,7,12
Ambevsulfr,deathwing,576,shaman,enhancement,6,6,0
Xiaoxiboy,tichondrius,576,shaman,enhancement,6,6,0
Pikoom,tichondrius,576,shaman,enhancement,6,6,0
Totegoat,nazjatar,576,shaman,enhancement,6,6,0
Ftierspec,frostmourne,576,shaman,enhancement,6,6,0
Eletastic,tichondrius,576,shaman,enhancement,6,6,0
Hammerdog,illidan,576,shaman,enhancement,12,6,6
Scarlo,bleeding-hollow,576,shaman,enhancement,12,6,6
Enhpower,area-52,576,shaman,enhancement,12,6,6
Kêtchpup,wyrmrest-accord,576,shaman,enhancement,12,6,6
Måståçåstå,bleeding-hollow,576,shaman,enhancement,12,6,6
Owtyobwol,area-52,576,shaman,enhancement,12,6,6
Uggoluga,dalaran,576,shaman,enhancement,12,6,6
Fischerman,barthilas,576,shaman,enhancement,12,6,6
Crucybletv,korgath,576,shaman,enhancement,12,6,6
Berxek,tichondrius,576,shaman,enhancement,12,6,6
ßigðåddy,ghostlands,576,shaman,enhancement,12,6,6
Kyzen,tichondrius,576,shaman,enhancement,12,6,6
Troxigan,ragnaros,576,shaman,enhancement,12,6,6
Ginjij,thrall,576,shaman,enhancement,12,6,6
Yâmz,area-52,576,shaman,enhancement,16,7,9
Groovesh,thrall,576,shaman,enhancement,14,6,8
Volsdeep,illidan,576,shaman,enhancement,18,6,12
Ferdashock,tichondrius,576,shaman,enhancement,18,6,12
Eternalife,khazgoroth,575,shaman,enhancement,12,6,6
Gingeroo,stonemaul,575,shaman,enhancement,12,6,6
Naextramus,ragnaros,575,shaman,enhancement,12,6,6
Fevolution,dreadmaul,575,shaman,enhancement,12,6,6
Somethingdop,sargeras,575,shaman,enhancement,12,6,6
Nuofu,illidan,575,shaman,enhancement,16,7,9
Møp,spirestone,575,shaman,enhancement,18,6,12
Talfur,area-52,575,shaman,enhancement,18,6,12
Gundar,chogall,575,shaman,enhancement,18,6,12
Zeebouzy,illidan,575,shaman,enhancement,18,6,12
Golkork,quelthalas,574,shaman,enhancement,12,6,6
Xapoxy,nemesis,574,shaman,enhancement,12,6,6
Bloodytotemz,emerald-dream,574,shaman,enhancement,12,6,6
Fadesrp,moon-guard,571,shaman,enhancement,12,6,6
Charr,nemesis,571,shaman,enhancement,12,6,6
Ðg,tichondrius,569,shaman,enhancement,18,6,12
Tukkutz,moon-guard,526,shaman,enhancement,15,6,9
Noveske,arthas,522,shaman,enhancement,15,7,8
Monadazs,ragnaros,511,shaman,enhancement,8,6,2
Zaxibow,area-52,496,shaman,enhancement,19,6,13
Fiercegoblin,drakkari,493,shaman,enhancement,19,6,13
Zappiiboii,malganis,480,shaman,enhancement,6,5,1
Tigtotem,malganis,480,shaman,enhancement,6,5,1
Geeblast,area-52,480,shaman,enhancement,6,5,1
Iava,dalaran,480,shaman,enhancement,6,5,1
Rokudo,dragonmaw,480,shaman,enhancement,6,5,1
Mynigabob,zuljin,480,shaman,enhancement,6,5,1
Raídyn,sargeras,480,shaman,enhancement,6,5,1
Nakamora,tichondrius,480,shaman,enhancement,6,5,1
Nibrax,moknathal,480,shaman,enhancement,6,5,1
Beatmán,blades-edge,480,shaman,enhancement,6,5,1
Daysub,crushridge,480,shaman,enhancement,6,5,1
Krunggar,azralon,480,shaman,enhancement,6,5,1
Nekorii,bleeding-hollow,480,shaman,enhancement,6,5,1
Tactíc,chromaggus,480,shaman,enhancement,6,5,1
Egirlshmu,stormrage,480,shaman,enhancement,6,5,1
Bofah,draktharon,480,shaman,enhancement,6,5,1
Gluestick,shadowmoon,480,shaman,enhancement,12,5,7
Stankydad,tichondrius,480,shaman,enhancement,12,5,7
Earthclap,tichondrius,480,shaman,enhancement,12,5,7
Loliqueenfae,illidan,480,shaman,enhancement,12,5,7
Kultirio,quelthalas,480,shaman,enhancement,12,5,7
Kidkovid,illidan,480,shaman,enhancement,12,5,7
Matzahmeal,skywall,480,shaman,enhancement,12,5,7
Aldinatir,ragnaros,480,shaman,enhancement,12,5,7
Macumbolo,nemesis,480,shaman,enhancement,12,5,7
Spencesham,sargeras,480,shaman,enhancement,12,5,7
Capivarãão,stormrage,480,shaman,enhancement,12,5,7
Tiostroke,stormrage,480,shaman,enhancement,12,5,7
Rngena,trollbane,480,shaman,enhancement,12,5,7
Scrototæm,area-52,480,shaman,enhancement,12,5,7
Adhdeeznuts,frostmourne,480,shaman,enhancement,12,5,7
Meatlog,dalaran,480,shaman,enhancement,12,5,7
Azzula,tichondrius,480,shaman,enhancement,13,5,8
Gyokuken,stormrage,480,shaman,enhancement,18,5,13
Fíren,area-52,480,shaman,enhancement,18,5,13
Dushkanar,barthilas,479,shaman,enhancement,12,5,7
Tugnar,ragnaros,479,shaman,enhancement,12,5,7
Pockethealer,emerald-dream,479,shaman,enhancement,18,5,13
Brorogan,aerie-peak,478,shaman,enhancement,12,5,7
Enkkiz,ragnaros,477,shaman,enhancement,12,5,7
Baloneyfiveo,kiljaeden,447,shaman,enhancement,14,6,8
Taowth,tichondrius,431,shaman,enhancement,11,5,6
Curtrex,amanthul,431,shaman,enhancement,11,5,6
Cbomberz,tichondrius,400,shaman,enhancement,13,5,8
Gammacide,sargeras,384,shaman,enhancement,6,4,2
Yildiri,area-52,384,shaman,enhancement,6,4,2
Indaka,kiljaeden,384,shaman,enhancement,6,4,2
Kylani,thrall,384,shaman,enhancement,6,4,2
Wools,frostmourne,384,shaman,enhancement,6,4,2
Hooluu,frostmourne,384,shaman,enhancement,6,4,2
Protoaster,tichondrius,384,shaman,enhancement,6,4,2
Agpx,tichondrius,384,shaman,enhancement,6,4,2
Electrikz,moonrunner,384,shaman,enhancement,6,4,2
Ayahuaska,darkspear,384,shaman,enhancement,6,4,2
Ryuuraix,area-52,384,shaman,enhancement,6,4,2
Sorgal,area-52,384,shaman,enhancement,6,4,2
Freyía,illidan,384,shaman,enhancement,6,4,2
Grìmlock,lightbringer,384,shaman,enhancement,6,4,2
Enhance,bleeding-hollow,384,shaman,enhancement,6,4,2
Katojune,tichondrius,384,shaman,enhancement,6,4,2
Shamcowhah,frostmourne,384,shaman,enhancement,6,4,2
Mastrionilol,dragonmaw,384,shaman,enhancement,6,4,2
Stormdancer,elune,384,shaman,enhancement,6,4,2
Utilitytotem,moon-guard,384,shaman,enhancement,6,4,2
Angrytotems,ragnaros,384,shaman,enhancement,6,4,2
Slurslinger,area-52,384,shaman,enhancement,6,4,2
Ezzroz,guldan,384,shaman,enhancement,6,4,2
Bioshocked,korgath,384,shaman,enhancement,6,4,2
Shomminn,tichondrius,384,shaman,enhancement,6,4,2
Meramin,illidan,384,shaman,enhancement,6,4,2
Aureal,malganis,384,shaman,enhancement,6,4,2
Lukora,stonemaul,384,shaman,enhancement,6,4,2
Lilpump,boulderfist,384,shaman,enhancement,6,4,2
Shalkahn,malganis,384,shaman,enhancement,6,4,2
Halajo,thrall,384,shaman,enhancement,6,4,2
Jènova,whisperwind,384,shaman,enhancement,6,4,2
Grimwind,tichondrius,384,shaman,enhancement,6,4,2
Shamantwo,windrunner,384,shaman,enhancement,12,4,8
Gaurudon,zuljin,384,shaman,enhancement,12,4,8
Niteshammy,lothar,384,shaman,enhancement,12,4,8
Durozu,tichondrius,384,shaman,enhancement,12,4,8
Tictactotem,lothar,384,shaman,enhancement,12,4,8
Wagar,dawnbringer,384,shaman,enhancement,12,4,8
Neeman,malganis,384,shaman,enhancement,12,4,8
Gangdan,emerald-dream,384,shaman,enhancement,12,4,8
Bloudabadee,emerald-dream,384,shaman,enhancement,12,4,8
Skizzymars,malganis,384,shaman,enhancement,12,4,8
Vertrág,malganis,384,shaman,enhancement,12,4,8
Greenydapooh,nerzhul,384,shaman,enhancement,12,4,8
Grimdil,moon-guard,384,shaman,enhancement,18,4,14
Jacniclstorm,frostmourne,383,shaman,enhancement,6,4,2
Rhal,ragnaros,383,shaman,enhancement,6,4,2
Rocktor,alleria,383,shaman,enhancement,6,4,2
Toeto,darrowmere,383,shaman,enhancement,6,4,2
Ghogann,bleeding-hollow,383,shaman,enhancement,6,4,2
Triní,ragnaros,383,shaman,enhancement,12,4,8
Shambostik,thrall,383,shaman,enhancement,12,4,8
Kalashnikov,maiev,383,shaman,enhancement,12,4,8
Speedmonster,hellscream,368,shaman,enhancement,13,5,8
Admetis,vashj,351,shaman,enhancement,17,4,13
Groundfaults,bleeding-hollow,335,shaman,enhancement,11,4,7
Thorsén,ursin,335,shaman,enhancement,17,4,13
Jeaunoo,darkspear,330,shaman,enhancement,14,5,9
Shamvandám,kiljaeden,329,shaman,enhancement,18,6,12
Sasageyo,tichondrius,319,shaman,enhancement,8,4,4
Tempestsmash,tichondrius,304,shaman,enhancement,7,4,3
Dreamers,anvilmar,288,shaman,enhancement,6,3,3
Botu,malorne,288,shaman,enhancement,6,3,3
Lightnessx,stormrage,288,shaman,enhancement,6,3,3
Freshoranges,blood-furnace,288,shaman,enhancement,6,3,3
Haititnahtou,kaelthas,288,shaman,enhancement,6,3,3
Dogcompany,tichondrius,288,shaman,enhancement,6,3,3
Plznostepmom,tichondrius,288,shaman,enhancement,6,3,3
Strønklesøn,drakthul,288,shaman,enhancement,6,3,3
Vanmaichet,azshara,288,shaman,enhancement,6,3,3
Earlainn,stormrage,288,shaman,enhancement,6,3,3
Gimpanzee,kiljaeden,288,shaman,enhancement,6,3,3
Jokerxksx,tichondrius,288,shaman,enhancement,6,3,3
Ulala,azshara,288,shaman,enhancement,6,3,3
Argues,tichondrius,288,shaman,enhancement,6,3,3
Lennylemons,stormrage,288,shaman,enhancement,6,3,3
Painfury,zuljin,288,shaman,enhancement,6,3,3
Aruçar,drakkari,288,shaman,enhancement,6,3,3
Shlongers,illidan,288,shaman,enhancement,6,3,3
Platanos,proudmoore,288,shaman,enhancement,6,3,3
Oaktar,bleeding-hollow,288,shaman,enhancement,6,3,3
Gorszu,proudmoore,288,shaman,enhancement,6,3,3
Gojiras,barthilas,288,shaman,enhancement,6,3,3
Sourcreamqtx,stormrage,288,shaman,enhancement,6,3,3
Cluffatty,tichondrius,288,shaman,enhancement,6,3,3
Nìke,nazgrel,288,shaman,enhancement,6,3,3
Zarrka,tichondrius,288,shaman,enhancement,6,3,3
Zoma,elune,288,shaman,enhancement,6,3,3
Stronghit,tichondrius,288,shaman,enhancement,6,3,3
Jibbajabber,laughing-skull,288,shaman,enhancement,6,3,3
Emppege,tichondrius,288,shaman,enhancement,6,3,3
Thiccwater,frostmourne,288,shaman,enhancement,6,3,3
Electabuzz,arygos,288,shaman,enhancement,6,3,3
Defiant,azgalor,288,shaman,enhancement,6,3,3
Nyknicks,tichondrius,288,shaman,enhancement,6,3,3
Torvi,saurfang,288,shaman,enhancement,6,3,3
Seltheran,tichondrius,288,shaman,enhancement,6,3,3
Argena,bonechewer,288,shaman,enhancement,6,3,3
Owiez,sargeras,288,shaman,enhancement,6,3,3
Mundi,madoran,288,shaman,enhancement,6,3,3
Bovinefony,blackrock,288,shaman,enhancement,6,3,3
Emtflakes,darkspear,288,shaman,enhancement,6,3,3
Luxenor,kelthuzad,288,shaman,enhancement,6,3,3
Sleepysham,kelthuzad,288,shaman,enhancement,6,3,3
Korgen,area-52,288,shaman,enhancement,6,3,3
Slowkeeper,azralon,288,shaman,enhancement,6,3,3
Getwetand,quelthalas,288,shaman,enhancement,6,3,3
Rockbass,sargeras,288,shaman,enhancement,6,3,3
Chavezlives,area-52,288,shaman,enhancement,6,3,3
Radiology,garithos,288,shaman,enhancement,6,3,3
Mavz,moon-guard,288,shaman,enhancement,6,3,3
Stoneseed,steamwheedle-cartel,288,shaman,enhancement,6,3,3
Arckos,thrall,288,shaman,enhancement,6,3,3
Murig,bladefist,288,shaman,enhancement,6,3,3
Ban,blackrock,288,shaman,enhancement,6,3,3
Rainjig,emerald-dream,288,shaman,enhancement,6,3,3
Shayymann,exodar,288,shaman,enhancement,6,3,3
Newele,thrall,288,shaman,enhancement,6,3,3
Slowdown,malganis,288,shaman,enhancement,6,3,3
Swifteyy,area-52,288,shaman,enhancement,6,3,3
Smeeza,frostmourne,288,shaman,enhancement,6,3,3
Shamaro,malganis,288,shaman,enhancement,6,3,3
Jumoma,thrall,288,shaman,enhancement,6,3,3
Corkrain,sargeras,288,shaman,enhancement,6,3,3
Kakiscala,proudmoore,288,shaman,enhancement,11,3,8
Azão,stormrage,288,shaman,enhancement,12,3,9
Gudac,tichondrius,288,shaman,enhancement,12,3,9
Wickyz,moon-guard,288,shaman,enhancement,12,3,9
Smeagðl,tichondrius,288,shaman,enhancement,12,3,9
Orcshamen,tichondrius,288,shaman,enhancement,12,3,9
Hammaam,illidan,288,shaman,enhancement,12,3,9
Regeneration,darkspear,288,shaman,enhancement,12,3,9
Aegaeonlol,tichondrius,288,shaman,enhancement,12,3,9
Jajxshammy,rivendare,288,shaman,enhancement,12,3,9
Malsturm,stormrage,288,shaman,enhancement,12,3,9
Jireñ,area-52,288,shaman,enhancement,12,3,9
Fishmoley,zuljin,288,shaman,enhancement,12,3,9
Drgiggleheim,tichondrius,288,shaman,enhancement,12,3,9
Størmbreäker,tichondrius,287,shaman,enhancement,6,3,3
Thanen,the-scryers,287,shaman,enhancement,8,3,5
Relyts,tichondrius,255,shaman,enhancement,11,5,6
Sølbi,tichondrius,239,shaman,enhancement,5,3,2
Caobuloso,azralon,239,shaman,enhancement,5,3,2
Smooths,bloodscalp,234,shaman,enhancement,19,5,14
Shamnick,malganis,192,shaman,enhancement,6,2,4
Böc,tichondrius,192,shaman,enhancement,6,2,4
Solka,illidan,192,shaman,enhancement,6,2,4
Ectomee,tichondrius,192,shaman,enhancement,6,2,4
Mishalla,tichondrius,192,shaman,enhancement,6,2,4
Thorlottie,stormrage,192,shaman,enhancement,6,2,4
Cutedraenei,destromath,192,shaman,enhancement,6,2,4
Sparklebunny,dark-iron,192,shaman,enhancement,6,2,4
Døømwinds,tichondrius,192,shaman,enhancement,6,2,4
Jbahr,hyjal,192,shaman,enhancement,6,2,4
Dadajuju,azralon,192,shaman,enhancement,6,2,4
Jasonnworb,tichondrius,192,shaman,enhancement,6,2,4
Skyten,quelthalas,192,shaman,enhancement,6,2,4
Zentius,thunderhorn,192,shaman,enhancement,6,2,4
Scarshamxn,frostmourne,192,shaman,enhancement,6,2,4
Emptyy,azralon,192,shaman,enhancement,6,2,4
Lenin,nathrezim,192,shaman,enhancement,6,2,4
Electrica,quelthalas,192,shaman,enhancement,6,2,4
Kinzle,tichondrius,192,shaman,enhancement,6,2,4
Meattoilet,tichondrius,192,shaman,enhancement,6,2,4
Ôprawindfury,mugthol,192,shaman,enhancement,6,2,4
Jammylol,frostmourne,192,shaman,enhancement,6,2,4
Bitxxnumber,tichondrius,192,shaman,enhancement,6,2,4
Girthquake,agamaggan,192,shaman,enhancement,6,2,4
Friedshammy,frostmourne,192,shaman,enhancement,6,2,4
Zeldrys,emerald-dream,192,shaman,enhancement,6,2,4
Denki,nesingwary,192,shaman,enhancement,6,2,4
Stormfronts,kelthuzad,192,shaman,enhancement,6,2,4
Ceedlamb,kelthuzad,192,shaman,enhancement,6,2,4
Sleepysham,anubarak,192,shaman,enhancement,6,2,4
Twistër,illidan,192,shaman,enhancement,6,2,4
Totemzie,illidan,192,shaman,enhancement,6,2,4
Vjeze,frostmourne,192,shaman,enhancement,6,2,4
Durogh,darkspear,192,shaman,enhancement,6,2,4
Bullcowsby,darkspear,192,shaman,enhancement,6,2,4
ßeesy,emerald-dream,192,shaman,enhancement,6,2,4
Vitaminc,garona,192,shaman,enhancement,6,2,4
Amärök,area-52,192,shaman,enhancement,6,2,4
Hothandxo,illidan,192,shaman,enhancement,6,2,4
Víì,tichondrius,192,shaman,enhancement,6,2,4
Killamanjaro,alterac-mountains,192,shaman,enhancement,6,2,4
Tamzlol,the-forgotten-coast,192,shaman,enhancement,6,2,4
Shocksrus,arthas,192,shaman,enhancement,6,2,4
Jahahahamon,arthas,192,shaman,enhancement,6,2,4
Brofessor,frostwolf,192,shaman,enhancement,6,2,4
Pericazo,sargeras,192,shaman,enhancement,6,2,4
Shamanakin,emerald-dream,192,shaman,enhancement,6,2,4
Shockszz,onyxia,192,shaman,enhancement,6,2,4
Shamflu,tichondrius,192,shaman,enhancement,6,2,4
Stallos,zuljin,192,shaman,enhancement,6,2,4
Canabal,eonar,192,shaman,enhancement,6,2,4
Díesel,azralon,192,shaman,enhancement,6,2,4
Kulnash,auchindoun,192,shaman,enhancement,6,2,4
Valcannos,area-52,192,shaman,enhancement,6,2,4
Dennwoop,sargeras,192,shaman,enhancement,6,2,4
Reptimus,sargeras,192,shaman,enhancement,6,2,4
Pissticles,bleeding-hollow,192,shaman,enhancement,6,2,4
Hoodfigga,tichondrius,192,shaman,enhancement,6,2,4
Bootsix,area-52,192,shaman,enhancement,6,2,4
Hèllzpyro,sargeras,192,shaman,enhancement,6,2,4
Soapmactavis,sargeras,192,shaman,enhancement,6,2,4
Thrallzballz,firetree,192,shaman,enhancement,6,2,4
Boj,magtheridon,192,shaman,enhancement,6,2,4
Stylebend,area-52,192,shaman,enhancement,12,2,10
Tarresh,azralon,192,shaman,enhancement,12,2,10
Zuljiba,illidan,192,shaman,enhancement,12,2,10
Legendmatic,illidan,192,shaman,enhancement,12,2,10
Calmconflict,daggerspine,191,shaman,enhancement,6,2,4
Dønßlack,thunderhorn,159,shaman,enhancement,5,2,3
Skuffedx,spirestone,159,shaman,enhancement,5,2,3
Nuggitz,tichondrius,159,shaman,enhancement,5,2,3
Shamto,zuljin,144,shaman,enhancement,3,3,0
Reavs,illidan,138,shaman,enhancement,16,3,13
Bogz,korgath,128,shaman,enhancement,4,2,2
Flashyjoe,tichondrius,128,shaman,enhancement,4,2,2
Badgeshock,area-52,128,shaman,enhancement,4,2,2
Ludacrìtz,stormrage,112,shaman,enhancement,7,2,5
Tekdar,kiljaeden,96,shaman,enhancement,3,2,1
Shamcakes,kilrogg,96,shaman,enhancement,17,3,14
Blackjackxx,frostmourne,96,shaman,enhancement,6,1,5
Hangellyca,azralon,96,shaman,enhancement,6,1,5
Drekkhal,area-52,96,shaman,enhancement,6,1,5
Shockfreak,stormrage,96,shaman,enhancement,6,1,5
Wangbangjr,mugthol,96,shaman,enhancement,6,1,5
Mawcus,zuljin,96,shaman,enhancement,6,1,5
Bigsquatzy,bleeding-hollow,96,shaman,enhancement,6,1,5
Beazel,moon-guard,96,shaman,enhancement,6,1,5
Esko,magtheridon,96,shaman,enhancement,6,1,5
Wälee,sargeras,96,shaman,enhancement,6,1,5
Geladoo,gallywix,96,shaman,enhancement,6,1,5
Paramecium,sargeras,96,shaman,enhancement,6,1,5
Sèktor,dalaran,96,shaman,enhancement,6,1,5
Zoeyzour,illidan,96,shaman,enhancement,6,1,5
Zapsquidzap,illidan,96,shaman,enhancement,6,1,5
Shamikkazee,illidan,96,shaman,enhancement,6,1,5
Succies,emerald-dream,96,shaman,enhancement,6,1,5
Sweettooth,area-52,96,shaman,enhancement,6,1,5
Axshaman,darkspear,96,shaman,enhancement,6,1,5
Kinjin,dragonmaw,96,shaman,enhancement,6,1,5
Sandmanatee,crushridge,96,shaman,enhancement,6,1,5
Tritun,proudmoore,96,shaman,enhancement,6,1,5
Karmar,proudmoore,96,shaman,enhancement,6,1,5
Alferian,moon-guard,96,shaman,enhancement,6,1,5
Ikora,crushridge,96,shaman,enhancement,6,1,5
Tictactotum,hyjal,96,shaman,enhancement,6,1,5
Thunderblood,nerzhul,96,shaman,enhancement,6,1,5
Acéz,korgath,96,shaman,enhancement,6,1,5
Nehrakgu,wyrmrest-accord,96,shaman,enhancement,6,1,5
Threehandz,bleeding-hollow,96,shaman,enhancement,8,1,7
Thallor,stormrage,96,shaman,enhancement,12,1,11
Icedogg,malganis,95,shaman,enhancement,6,1,5
Smokeymcpots,khazgoroth,95,shaman,enhancement,6,1,5
Dilldoughnut,sargeras,79,shaman,enhancement,5,1,4
Engorgdshock,tichondrius,63,shaman,enhancement,2,2,0
Totemlord,lightnings-blade,31,shaman,enhancement,2,1,1
Mlx,proudmoore,2345,warlock,demonology,113,66,47
Wildimp,aerie-peak,2307,warlock,demonology,102,62,40
Wzxx,tichondrius,2206,warlock,demonology,78,43,35
Beyourselff,tichondrius,2204,warlock,demonology,109,59,50
Mixtape,stormrage,2178,warlock,demonology,77,47,30
Btsfangirl,moon-guard,2161,warlock,demonology,77,46,31
Gentleq,tichondrius,2149,warlock,demonology,99,53,46
Fishorz,tichondrius,2128,warlock,demonology,89,47,42
Harambê,sargeras,2127,warlock,demonology,36,27,9
Ztlivid,area-52,2118,warlock,demonology,152,84,68
Awdam,tichondrius,2114,warlock,demonology,96,50,46
Zuelu,tichondrius,2113,warlock,demonology,61,39,22
Ensebado,azralon,2111,warlock,demonology,140,78,62
Falco,azshara,2110,warlock,demonology,66,38,28
Cosmosxx,illidan,2110,warlock,demonology,112,58,54
Ogchaos,tichondrius,2107,warlock,demonology,78,45,33
Bahamas,bleeding-hollow,2073,warlock,demonology,72,41,31
Etuskaa,tichondrius,2066,warlock,demonology,113,57,56
Sslock,sargeras,2008,warlock,demonology,71,37,34
Ziffy,emerald-dream,2008,warlock,demonology,66,34,32
Ediya,tichondrius,2008,warlock,demonology,72,36,36
Nocrackrocks,stormrage,2007,warlock,demonology,117,66,51
Xadge,tichondrius,2004,warlock,demonology,67,36,31
Elbrujon,sargeras,2004,warlock,demonology,89,46,43
Wesyane,anetheron,2004,warlock,demonology,79,39,40
Awangdemon,tichondrius,1997,warlock,demonology,54,27,27
Teivlol,mugthol,1982,warlock,demonology,72,39,33
Extreme,blackwing-lair,1978,warlock,demonology,78,53,25
Erlandesher,tichondrius,1974,warlock,demonology,65,33,32
Toiletghost,tichondrius,1973,warlock,demonology,44,29,15
Ihaveapowers,maiev,1973,warlock,demonology,114,58,56
Fatass,cairne,1972,warlock,demonology,54,30,24
Petattack,nerzhul,1968,warlock,demonology,107,54,53
Kaossqt,azralon,1968,warlock,demonology,78,38,40
Wildimpx,sargeras,1967,warlock,demonology,71,35,36
Miredö,tichondrius,1964,warlock,demonology,42,26,16
Bronzerl,tichondrius,1947,warlock,demonology,29,21,8
Amazingamez,sargeras,1940,warlock,demonology,137,66,71
Stopdot,lightnings-blade,1934,warlock,demonology,76,38,38
Devilman,darkspear,1933,warlock,demonology,69,41,28
Lrry,dalaran,1923,warlock,demonology,126,76,50
Erock,korgath,1922,warlock,demonology,36,29,7
Shadowmoonon,tichondrius,1921,warlock,demonology,43,21,22
Xygg,tichondrius,1920,warlock,demonology,42,27,15
Thranlock,area-52,1918,warlock,demonology,72,38,34
Naughtybolts,sargeras,1916,warlock,demonology,74,42,32
Lilballz,tichondrius,1909,warlock,demonology,36,20,16
Vexxes,malganis,1907,warlock,demonology,60,35,25
Persistencss,tichondrius,1903,warlock,demonology,30,20,10
Babydots,stormreaver,1903,warlock,demonology,112,59,53
Huajianmanwu,tichondrius,1901,warlock,demonology,154,82,72
Daerde,malganis,1900,warlock,demonology,47,27,20
Siphoned,darkspear,1900,warlock,demonology,53,27,26
Ofc,malganis,1899,warlock,demonology,42,26,16
Deadlpoo,stormscale,1899,warlock,demonology,81,41,40
Littlerod,tichondrius,1896,warlock,demonology,30,20,10
Lemmepvponu,illidan,1896,warlock,demonology,48,30,18
Alisa,moon-guard,1896,warlock,demonology,60,28,32
Gianni,chogall,1893,warlock,demonology,59,28,31
Zydiva,sargeras,1890,warlock,demonology,100,53,47
Bleachkk,tichondrius,1888,warlock,demonology,42,29,13
Baka,moon-guard,1884,warlock,demonology,42,23,19
Kimchiblast,tichondrius,1876,warlock,demonology,48,28,20
Sàill,tichondrius,1871,warlock,demonology,35,22,13
Demondisco,tichondrius,1864,warlock,demonology,73,34,39
Bwonsamdijin,tichondrius,1863,warlock,demonology,71,34,37
Ketahole,warsong,1855,warlock,demonology,70,37,33
Atheø,ragnaros,1854,warlock,demonology,42,23,19
Bigdaddylol,ragnaros,1849,warlock,demonology,53,30,23
Demyo,tichondrius,1849,warlock,demonology,38,21,17
Unhòólylck,ragnaros,1848,warlock,demonology,46,25,21
Phóbòs,tichondrius,1843,warlock,demonology,54,40,14
Debao,malganis,1843,warlock,demonology,54,27,27
Rakshama,chogall,1842,warlock,demonology,36,23,13
Patoquenn,azralon,1835,warlock,demonology,42,26,16
ßøßßÿßøûçhêr,tichondrius,1831,warlock,demonology,36,25,11
Drakatattwo,tichondrius,1831,warlock,demonology,42,23,19
Spicyfingers,illidan,1829,warlock,demonology,48,29,19
Evildeath,tichondrius,1829,warlock,demonology,48,26,22
Bic,thrall,1828,warlock,demonology,66,45,21
Lowrcase,zuljin,1828,warlock,demonology,42,24,18
Tarth,sargeras,1827,warlock,demonology,84,43,41
Ceeloftw,tichondrius,1827,warlock,demonology,78,39,39
Xoboroz,moon-guard,1827,warlock,demonology,60,29,31
Playtoy,moon-guard,1826,warlock,demonology,142,71,71
Castingfear,barthilas,1825,warlock,demonology,48,27,21
Sofan,dalaran,1819,warlock,demonology,46,29,17
Dapete,malorne,1818,warlock,demonology,53,30,23
Arcinian,kelthuzad,1817,warlock,demonology,66,39,27
Villaìn,moon-guard,1817,warlock,demonology,75,34,41
Boltqt,tichondrius,1815,warlock,demonology,36,22,14
Ltr,moon-guard,1811,warlock,demonology,30,22,8
Abrocket,alleria,1811,warlock,demonology,30,19,11
Voidxo,tichondrius,1811,warlock,demonology,36,22,14
Raegon,kiljaeden,1811,warlock,demonology,39,23,16
Maadhum,illidan,1811,warlock,demonology,51,27,24
Kerrigan,the-venture-co,1810,warlock,demonology,54,33,21
Errogant,area-52,1810,warlock,demonology,60,30,30
Dounutlock,area-52,1809,warlock,demonology,54,33,21
Chilipeppa,wyrmrest-accord,1808,warlock,demonology,60,34,26
Chaosthekid,malganis,1807,warlock,demonology,40,25,15
Tessarath,area-52,1807,warlock,demonology,36,22,14
Reneqtxo,jubeithos,1806,warlock,demonology,30,19,11
Xacayth,ragnaros,1804,warlock,demonology,80,47,33
Rakudemon,ragnaros,1804,warlock,demonology,147,77,70
Darkborkain,tichondrius,1803,warlock,demonology,30,19,11
Thelockzx,azralon,1801,warlock,demonology,60,28,32
Broccoleh,area-52,1799,warlock,demonology,41,25,16
Magë,ursin,1796,warlock,demonology,78,34,44
Paygo,tichondrius,1795,warlock,demonology,30,19,11
Hugebolt,tichondrius,1793,warlock,demonology,48,28,20
Búmchúm,frostmourne,1788,warlock,demonology,54,34,20
Keylloggz,sargeras,1786,warlock,demonology,48,26,22
Ccona,tichondrius,1770,warlock,demonology,36,20,16
Atheô,ragnaros,1769,warlock,demonology,53,28,25
Spreadlove,emerald-dream,1766,warlock,demonology,138,74,64
Åmön,zuljin,1766,warlock,demonology,54,28,26
Jaganshi,tichondrius,1764,warlock,demonology,46,26,20
Mälwaré,tichondrius,1764,warlock,demonology,52,26,26
Dowal,whisperwind,1764,warlock,demonology,48,24,24
Döremi,tichondrius,1760,warlock,demonology,35,21,14
Sharaßha,moon-guard,1759,warlock,demonology,45,27,18
Lockeslock,sargeras,1756,warlock,demonology,84,44,40
Axelrodx,tichondrius,1745,warlock,demonology,36,23,13
Mcpickls,illidan,1740,warlock,demonology,48,26,22
Chanigay,tichondrius,1737,warlock,demonology,35,20,15
Dreadlõck,malganis,1737,warlock,demonology,78,39,39
Overclocked,destromath,1726,warlock,demonology,24,18,6
Domenic,sentinels,1725,warlock,demonology,46,26,20
Playßøy,area-52,1724,warlock,demonology,30,18,12
Houdneeznuts,tichondrius,1723,warlock,demonology,132,73,59
Missalice,nesingwary,1719,warlock,demonology,36,22,14
Muchas,area-52,1717,warlock,demonology,30,18,12
Fadedemon,area-52,1716,warlock,demonology,42,32,10
Snuufels,area-52,1716,warlock,demonology,36,22,14
Aramith,tichondrius,1715,warlock,demonology,42,25,17
Toestye,lightbringer,1715,warlock,demonology,90,51,39
Notomorrow,tichondrius,1713,warlock,demonology,134,82,52
Larixpotanin,tichondrius,1709,warlock,demonology,42,23,19
Ðëâthløck,tichondrius,1708,warlock,demonology,41,24,17
Eastwitch,ragnaros,1707,warlock,demonology,48,22,26
Hulkyy,illidan,1706,warlock,demonology,89,53,36
Milkybøng,area-52,1705,warlock,demonology,99,61,38
Dìablo,area-52,1702,warlock,demonology,78,43,35
Dlchem,tichondrius,1700,warlock,demonology,52,30,22
Ourlegacy,tichondrius,1695,warlock,demonology,40,24,16
Altairo,illidan,1695,warlock,demonology,48,26,22
Beatinu,draenor,1693,warlock,demonology,36,24,12
Fksm,tichondrius,1692,warlock,demonology,36,20,16
Stopdottroll,zuljin,1690,warlock,demonology,30,18,12
Metrow,area-52,1688,warlock,demonology,30,18,12
Leeka,tichondrius,1687,warlock,demonology,48,23,25
Lockiator,moon-guard,1686,warlock,demonology,41,24,17
Eazyw,stormrage,1685,warlock,demonology,53,21,32
Jerclard,proudmoore,1684,warlock,demonology,60,31,29
Vcain,stormrage,1680,warlock,demonology,60,29,31
Säbrine,zuljin,1679,warlock,demonology,73,35,38
Shinyballz,tichondrius,1673,warlock,demonology,35,18,17
Aroug,aggramar,1665,warlock,demonology,78,38,40
Stonelocke,area-52,1661,warlock,demonology,59,32,27
Zver,drakkari,1659,warlock,demonology,42,25,17
Jyhoona,chromaggus,1658,warlock,demonology,160,81,79
Rathul,bonechewer,1657,warlock,demonology,37,21,16
Skanckqt,malganis,1654,warlock,demonology,48,26,22
Gihaewon,tichondrius,1650,warlock,demonology,30,20,10
Caesaros,quelthalas,1649,warlock,demonology,36,20,16
Eriebos,area-52,1647,warlock,demonology,48,27,21
Xaryl,stormrage,1646,warlock,demonology,48,25,23
Soreanus,illidan,1645,warlock,demonology,42,28,14
Amour,wyrmrest-accord,1644,warlock,demonology,52,25,27
Demonicsmoke,darrowmere,1643,warlock,demonology,98,54,44
Cinderwhip,moon-guard,1643,warlock,demonology,105,50,55
Juxsr,nerzhul,1642,warlock,demonology,42,22,20
Yükina,stormrage,1641,warlock,demonology,48,27,21
Blastfinger,tichondrius,1637,warlock,demonology,42,24,18
Suzüki,tichondrius,1635,warlock,demonology,36,19,17
Fearedu,thunderhorn,1633,warlock,demonology,101,47,54
Gørb,wyrmrest-accord,1630,warlock,demonology,30,19,11
Innocentius,illidan,1630,warlock,demonology,70,37,33
Amgs,frostmourne,1628,warlock,demonology,24,18,6
Juswannarock,tichondrius,1628,warlock,demonology,45,22,23
Spicyfingerx,illidan,1627,warlock,demonology,30,20,10
Sasaology,frostmourne,1627,warlock,demonology,32,21,11
Wrathh,stormscale,1625,warlock,demonology,39,18,21
Kreâtor,tichondrius,1622,warlock,demonology,71,40,31
Diabolock,proudmoore,1620,warlock,demonology,36,20,16
Bagn,tichondrius,1620,warlock,demonology,42,23,19
Mhael,lightninghoof,1618,warlock,demonology,30,20,10
Mcpickles,illidan,1618,warlock,demonology,30,19,11
Wls,frostmourne,1618,warlock,demonology,35,18,17
Dëvïl,ragnaros,1616,warlock,demonology,38,25,13
Buymymixtåpe,ursin,1615,warlock,demonology,33,21,12
Zantology,frostmourne,1615,warlock,demonology,54,31,23
Krýptizl,frostmourne,1615,warlock,demonology,81,45,36
Ministàff,ursin,1615,warlock,demonology,36,17,19
Xlilgee,kelthuzad,1614,warlock,demonology,30,17,13
Abismoarmdr,ragnaros,1613,warlock,demonology,115,66,49
Alndron,thrall,1613,warlock,demonology,36,17,19
Mcjoy,akama,1608,warlock,demonology,121,72,49
Aidadeshu,tichondrius,1608,warlock,demonology,36,17,19
Fullxd,quelthalas,1607,warlock,demonology,42,27,15
Ciprýan,azralon,1607,warlock,demonology,42,20,22
Cambolts,tichondrius,1604,warlock,demonology,36,20,16
Smallj,zuljin,1603,warlock,demonology,48,25,23
Archibalding,area-52,1600,warlock,demonology,36,21,15
Harrydotterr,bonechewer,1598,warlock,demonology,60,29,31
Zörkô,zuljin,1598,warlock,demonology,48,21,27
Dogegg,tichondrius,1596,warlock,demonology,42,20,22
Valkynaris,chogall,1594,warlock,demonology,30,20,10
Warlocklmao,malganis,1594,warlock,demonology,36,19,17
Feldren,wyrmrest-accord,1593,warlock,demonology,30,17,13
Funkminot,illidan,1589,warlock,demonology,187,96,91
Doombaby,zuljin,1588,warlock,demonology,48,30,18
Invisibles,barthilas,1586,warlock,demonology,29,17,12
Yanlexx,stormrage,1583,warlock,demonology,80,41,39
Hoana,azralon,1570,warlock,demonology,87,50,37
Raidspot,bleeding-hollow,1568,warlock,demonology,54,31,23
Xephostwo,area-52,1567,warlock,demonology,42,20,22
Fabriziø,ragnaros,1562,warlock,demonology,24,17,7
Lazymongoose,frostmourne,1560,warlock,demonology,84,45,39
Necronemesis,arthas,1559,warlock,demonology,36,19,17
Voltshot,tichondrius,1555,warlock,demonology,66,36,30
Redbullsz,bleeding-hollow,1549,warlock,demonology,62,30,32
Th,kiljaeden,1548,warlock,demonology,42,18,24
Spooknjuke,bleeding-hollow,1546,warlock,demonology,41,26,15
Wickdways,daggerspine,1546,warlock,demonology,54,32,22
Deathcyth,crushridge,1543,warlock,demonology,107,60,47
Bauchalain,area-52,1541,warlock,demonology,36,21,15
Darkzell,azralon,1534,warlock,demonology,24,16,8
Eriand,nordrassil,1534,warlock,demonology,42,23,19
Soulrulerxc,tichondrius,1534,warlock,demonology,30,16,14
Isometrics,barthilas,1534,warlock,demonology,30,16,14
Lockedinn,mannoroth,1533,warlock,demonology,33,18,15
Canobio,tichondrius,1531,warlock,demonology,18,16,2
Forsâken,tichondrius,1531,warlock,demonology,95,42,53
Cilium,illidan,1530,warlock,demonology,35,20,15
Almostoogood,illidan,1526,warlock,demonology,24,16,8
Silentfears,tichondrius,1523,warlock,demonology,25,18,7
Wollylock,dark-iron,1520,warlock,demonology,52,25,27
Curseifier,frostmourne,1514,warlock,demonology,38,19,19
Fãttyqt,sargeras,1513,warlock,demonology,52,35,17
Obséssèd,aggramar,1510,warlock,demonology,30,16,14
Ktlock,frostmourne,1506,warlock,demonology,49,29,20
Krolczdots,tichondrius,1505,warlock,demonology,30,18,12
Proletariat,moon-guard,1504,warlock,demonology,52,32,20
Parmenides,tichondrius,1502,warlock,demonology,112,56,56
Bigdotenergi,tichondrius,1501,warlock,demonology,24,16,8
Icemanliddel,area-52,1500,warlock,demonology,35,16,19
Goorock,area-52,1499,warlock,demonology,48,22,26
Narmazulnn,area-52,1498,warlock,demonology,29,17,12
Shigero,tichondrius,1494,warlock,demonology,30,19,11
Blavindy,illidan,1489,warlock,demonology,48,24,24
Dárklórd,dalaran,1482,warlock,demonology,114,60,54
Zhoull,thrall,1479,warlock,demonology,48,23,25
Sickmade,zuljin,1476,warlock,demonology,48,27,21
Guisls,azralon,1473,warlock,demonology,42,20,22
Rotsndotss,thrall,1469,warlock,demonology,42,19,23
Prägä,drakkari,1467,warlock,demonology,45,23,22
Khanaan,illidan,1466,warlock,demonology,30,16,14
Mindfulchimp,sargeras,1461,warlock,demonology,30,17,13
Sugarwaffles,area-52,1460,warlock,demonology,60,33,27
Iselltacos,dalaran,1451,warlock,demonology,25,16,9
Lemmewin,illidan,1440,warlock,demonology,18,15,3
Dreamsw,frostmourne,1439,warlock,demonology,24,15,9
Speakeasy,malygos,1439,warlock,demonology,24,15,9
Darkwîngduck,illidan,1439,warlock,demonology,24,15,9
Discordance,zuljin,1439,warlock,demonology,24,15,9
Sosahawk,stormrage,1437,warlock,demonology,30,15,15
Chaosboltlol,tichondrius,1436,warlock,demonology,30,15,15
Synisterlock,moon-guard,1432,warlock,demonology,36,18,18
Saevitar,area-52,1431,warlock,demonology,30,15,15
Kandrus,moon-guard,1430,warlock,demonology,80,36,44
Aomniloltv,zuljin,1426,warlock,demonology,24,15,9
Fearmebro,bleeding-hollow,1424,warlock,demonology,42,24,18
Empiratore,quelthalas,1423,warlock,demonology,30,15,15
Yuengling,illidan,1420,warlock,demonology,30,15,15
Immortallock,tichondrius,1417,warlock,demonology,48,23,25
Smartpimp,tichondrius,1414,warlock,demonology,24,15,9
Kuyog,illidan,1412,warlock,demonology,48,24,24
Lamo,dawnbringer,1408,warlock,demonology,76,35,41
Sadgellation,arthas,1402,warlock,demonology,24,15,9
Kìllèrgf,area-52,1401,warlock,demonology,36,15,21
Monstir,sargeras,1396,warlock,demonology,31,16,15
Suminl,tichondrius,1392,warlock,demonology,24,15,9
Dcpwns,arthas,1391,warlock,demonology,36,16,20
Lemongillo,stormrage,1378,warlock,demonology,35,20,15
Sû,stormrage,1373,warlock,demonology,70,36,34
Mysteryannie,tichondrius,1371,warlock,demonology,70,42,28
Narcan,arthas,1371,warlock,demonology,29,16,13
Voidxx,tichondrius,1343,warlock,demonology,18,14,4
Dlhmlock,tichondrius,1343,warlock,demonology,18,14,4
Ellynaria,nemesis,1343,warlock,demonology,18,14,4
Dotman,tichondrius,1343,warlock,demonology,24,14,10
Biubius,tichondrius,1343,warlock,demonology,24,14,10
Doomdm,zuljin,1342,warlock,demonology,24,14,10
Maral,kelthuzad,1341,warlock,demonology,27,15,12
Nethron,the-venture-co,1340,warlock,demonology,24,14,10
Demonalien,malganis,1339,warlock,demonology,18,14,4
Arlenna,sargeras,1330,warlock,demonology,86,36,50
Eldriptch,kelthuzad,1325,warlock,demonology,27,15,12
Superjuno,sargeras,1319,warlock,demonology,18,14,4
Kuroyt,drakkari,1311,warlock,demonology,30,14,16
Jokerks,tichondrius,1310,warlock,demonology,23,14,9
Gotfear,zuljin,1310,warlock,demonology,99,51,48
Avoidence,tanaris,1308,warlock,demonology,24,14,10
Shadowflame,skullcrusher,1299,warlock,demonology,91,48,43
Salacia,chogall,1297,warlock,demonology,60,29,31
Qp,thrall,1295,warlock,demonology,21,15,6
Gauul,illidan,1281,warlock,demonology,70,39,31
Heathncraig,illidan,1279,warlock,demonology,50,29,21
Screampied,sargeras,1279,warlock,demonology,53,24,29
Valerilma,azralon,1276,warlock,demonology,36,16,20
Cornboil,tichondrius,1274,warlock,demonology,57,27,30
Bluffzlock,boulderfist,1260,warlock,demonology,23,14,9
Wazog,jubeithos,1250,warlock,demonology,30,16,14
Oymmander,illidan,1248,warlock,demonology,18,13,5
Scalpelx,tichondrius,1248,warlock,demonology,18,13,5
Drakatat,tichondrius,1248,warlock,demonology,24,13,11
Adonege,tichondrius,1248,warlock,demonology,24,13,11
Deathboltx,zuljin,1248,warlock,demonology,24,13,11
Percadu,barthilas,1247,warlock,demonology,24,13,11
Feinnx,dalaran,1246,warlock,demonology,30,13,17
Bestwarlock,skywall,1241,warlock,demonology,24,13,11
Drain,proudmoore,1233,warlock,demonology,18,13,5
Lpharji,tichondrius,1231,warlock,demonology,24,13,11
Alaren,korgath,1231,warlock,demonology,36,13,23
Welendiock,malganis,1228,warlock,demonology,43,21,22
Laggyturbo,barthilas,1201,warlock,demonology,24,13,11
Tizzy,malganis,1192,warlock,demonology,26,19,7
Syndrielle,emerald-dream,1175,warlock,demonology,42,16,26
Artmaster,nordrassil,1174,warlock,demonology,30,20,10
Snuffer,detheroc,1164,warlock,demonology,30,13,17
Medzor,tichondrius,1152,warlock,demonology,24,12,12
Blliizz,aegwynn,1151,warlock,demonology,18,12,6
Mongobros,illidan,1151,warlock,demonology,24,12,12
Lentil,zuljin,1150,warlock,demonology,18,12,6
Felorc,wyrmrest-accord,1150,warlock,demonology,24,13,11
Edzeá,frostmourne,1150,warlock,demonology,24,12,12
Bbangtimo,tichondrius,1150,warlock,demonology,24,12,12
Eternalsmile,tichondrius,1149,warlock,demonology,18,12,6
Chipt,kelthuzad,1149,warlock,demonology,24,12,12
Tickleskin,windrunner,1146,warlock,demonology,25,13,12
Valerik,azralon,1143,warlock,demonology,24,12,12
Critthis,illidan,1141,warlock,demonology,24,12,12
Saltiernuts,malganis,1128,warlock,demonology,48,22,26
Arcaangell,sargeras,1127,warlock,demonology,42,19,23
Löksöflöve,sargeras,1101,warlock,demonology,60,25,35
Bigfatballz,tichondrius,1098,warlock,demonology,28,15,13
Gromy,lightnings-blade,1084,warlock,demonology,23,12,11
Politepvperx,kelthuzad,1070,warlock,demonology,17,12,5
Lilmollyboy,demon-soul,1068,warlock,demonology,13,12,1
Bøltqt,tichondrius,1056,warlock,demonology,12,11,1
Coèrce,tichondrius,1056,warlock,demonology,18,11,7
Bronzel,tichondrius,1056,warlock,demonology,18,11,7
Aoepump,tichondrius,1056,warlock,demonology,18,11,7
Michae,tichondrius,1056,warlock,demonology,24,11,13
Zzooxxqt,area-52,1056,warlock,demonology,24,11,13
Comina,kelthuzad,1055,warlock,demonology,24,11,13
Shooterg,tichondrius,1055,warlock,demonology,24,11,13
Rasildur,ragnaros,1051,warlock,demonology,31,12,19
Zinkro,quelthalas,1049,warlock,demonology,22,12,10
Tròll,moon-guard,1049,warlock,demonology,54,25,29
Tsunamibaby,anvilmar,1041,warlock,demonology,24,11,13
Tartamuda,ragnaros,1037,warlock,demonology,30,11,19
Rickrock,gnomeregan,1034,warlock,demonology,18,11,7
Tiná,tichondrius,1006,warlock,demonology,21,11,10
Meltlordqt,mannoroth,960,warlock,demonology,12,10,2
Hecataeus,stormrage,960,warlock,demonology,12,10,2
Tazerr,sargeras,960,warlock,demonology,18,10,8
Xiyangpvp,tichondrius,960,warlock,demonology,18,10,8
Vexice,firetree,960,warlock,demonology,18,10,8
Joung,tichondrius,960,warlock,demonology,18,10,8
Babyaga,illidan,960,warlock,demonology,18,10,8
Idiocy,stormrage,960,warlock,demonology,18,10,8
Millions,barthilas,960,warlock,demonology,24,10,14
Slothycrip,emerald-dream,960,warlock,demonology,30,10,20
Syraxi,illidan,959,warlock,demonology,18,10,8
Hâm,dalaran,959,warlock,demonology,36,10,26
Dawdrax,gallywix,958,warlock,demonology,12,10,2
Daesire,moon-guard,957,warlock,demonology,18,10,8
Zaintv,illidan,955,warlock,demonology,18,10,8
Leine,proudmoore,955,warlock,demonology,24,10,14
Methrocks,emerald-dream,953,warlock,demonology,24,10,14
Uzag,mugthol,949,warlock,demonology,24,10,14
Melisândre,kiljaeden,911,warlock,demonology,17,10,7
Jojofann,nemesis,911,warlock,demonology,17,10,7
Twinklockxx,mannoroth,895,warlock,demonology,23,10,13
Apples,ravencrest,894,warlock,demonology,17,10,7
Thekook,illidan,877,warlock,demonology,19,11,8
Impenjoyer,tichondrius,864,warlock,demonology,12,9,3
Dottcha,blackrock,864,warlock,demonology,12,9,3
Hellbraive,queldorei,864,warlock,demonology,12,9,3
Douzz,frostmourne,864,warlock,demonology,12,9,3
Paparoxy,illidan,864,warlock,demonology,18,9,9
Evanylock,proudmoore,864,warlock,demonology,18,9,9
Bewær,deathwing,864,warlock,demonology,18,9,9
Louu,emerald-dream,864,warlock,demonology,18,9,9
Juleno,quelthalas,864,warlock,demonology,21,10,11
Deboltzaru,ragnaros,864,warlock,demonology,19,9,10
Ezgamejr,tichondrius,863,warlock,demonology,12,9,3
Gulßad,tichondrius,863,warlock,demonology,12,9,3
Jorloz,ragnaros,863,warlock,demonology,12,9,3
Flocka,agamaggan,863,warlock,demonology,12,9,3
Criticalpets,stormrage,863,warlock,demonology,18,9,9
Skullsoul,arthas,863,warlock,demonology,18,9,9
Päpï,tichondrius,862,warlock,demonology,12,9,3
Warlockafk,darkspear,856,warlock,demonology,12,9,3
Braylon,azuremyst,856,warlock,demonology,18,9,9
Zeeref,stormrage,830,warlock,demonology,18,9,9
Demoniclily,kiljaeden,816,warlock,demonology,21,9,12
Haxtoss,stormrage,815,warlock,demonology,11,9,2
Yoyoling,illidan,794,warlock,demonology,19,10,9
Kotica,stormrage,781,warlock,demonology,16,9,7
Dätura,tichondrius,768,warlock,demonology,12,8,4
Kronii,jubeithos,768,warlock,demonology,12,8,4
Fotmspec,area-52,768,warlock,demonology,12,8,4
Pvtpotato,tichondrius,768,warlock,demonology,12,8,4
Gnumbnutz,blades-edge,768,warlock,demonology,12,8,4
Moramont,stormrage,768,warlock,demonology,12,8,4
Westhofs,sargeras,768,warlock,demonology,12,8,4
Bigboltkazar,tichondrius,768,warlock,demonology,12,8,4
Mukkamuk,shadowmoon,768,warlock,demonology,12,8,4
Asmion,earthen-ring,768,warlock,demonology,12,8,4
Marshyxd,tichondrius,768,warlock,demonology,12,8,4
Garcheros,ragnaros,768,warlock,demonology,15,9,6
Avery,mannoroth,768,warlock,demonology,18,8,10
Niava,tichondrius,768,warlock,demonology,18,8,10
Bïcho,queldorei,768,warlock,demonology,18,8,10
Joseph,draktharon,768,warlock,demonology,18,8,10
Nismo,trollbane,768,warlock,demonology,18,8,10
Neutrinowal,tichondrius,768,warlock,demonology,24,8,16
Spookyfurry,area-52,767,warlock,demonology,12,8,4
Rosacrutian,tichondrius,767,warlock,demonology,12,8,4
Krumlax,thrall,767,warlock,demonology,12,8,4
Regime,deathwing,767,warlock,demonology,12,8,4
Shâdowman,stormrage,767,warlock,demonology,12,8,4
Gibberishss,tichondrius,767,warlock,demonology,12,8,4
Fullmelt,azjolnerub,767,warlock,demonology,18,8,10
Boltsfordays,dalaran,767,warlock,demonology,24,8,16
Nezsarek,sargeras,766,warlock,demonology,12,8,4
Bojàck,stormrage,766,warlock,demonology,12,8,4
Elioknight,area-52,766,warlock,demonology,18,8,10
Cvntpvntcans,kelthuzad,764,warlock,demonology,18,8,10
Pulentinskin,quelthalas,764,warlock,demonology,24,8,16
Døtyou,area-52,735,warlock,demonology,17,8,9
Eklypso,kelthuzad,714,warlock,demonology,20,9,11
Redfish,tichondrius,704,warlock,demonology,16,8,8
Isömetrics,barthilas,672,warlock,demonology,12,7,5
Procalypse,stormrage,672,warlock,demonology,12,7,5
Djvetis,blackhand,672,warlock,demonology,12,7,5
Emperator,quelthalas,672,warlock,demonology,12,7,5
Agla,quelthalas,672,warlock,demonology,12,7,5
Lilgigs,stormrage,672,warlock,demonology,12,7,5
Homeschooler,darkspear,672,warlock,demonology,12,7,5
Betterone,azralon,672,warlock,demonology,12,7,5
Aruotnof,nemesis,672,warlock,demonology,12,7,5
Xyguoguo,tichondrius,672,warlock,demonology,12,7,5
Deammon,tichondrius,672,warlock,demonology,12,7,5
Sorenbjerga,zuljin,672,warlock,demonology,12,7,5
Dadtired,tichondrius,672,warlock,demonology,12,7,5
Løckyun,tichondrius,672,warlock,demonology,12,7,5
Daxxter,tichondrius,672,warlock,demonology,12,7,5
Demonmal,frostmourne,672,warlock,demonology,12,7,5
Protomán,agamaggan,672,warlock,demonology,12,7,5
Evarona,gorefiend,672,warlock,demonology,18,7,11
Matrriixx,proudmoore,672,warlock,demonology,18,7,11
Pollodelight,deathwing,671,warlock,demonology,12,7,5
Nëcrophil,area-52,671,warlock,demonology,12,7,5
Zorah,quelthalas,671,warlock,demonology,12,7,5
Guldorum,kiljaeden,671,warlock,demonology,12,7,5
Saldori,malganis,671,warlock,demonology,12,7,5
Glortheeb,spirestone,671,warlock,demonology,12,7,5
Celindeyn,stormrage,671,warlock,demonology,12,7,5
Voidwarlord,tichondrius,671,warlock,demonology,16,7,9
Dotsfired,crushridge,671,warlock,demonology,18,7,11
Menedemus,amanthul,671,warlock,demonology,18,7,11
Deanwarlock,sargeras,670,warlock,demonology,12,7,5
Lokiiee,azuremyst,664,warlock,demonology,12,7,5
Tsmcfker,tichondrius,654,warlock,demonology,17,7,10
Memon,frostmane,638,warlock,demonology,17,7,10
Chlomakï,azralon,622,warlock,demonology,11,7,4
Chaosboltex,tichondrius,618,warlock,demonology,14,8,6
Gløcked,area-52,576,warlock,demonology,6,6,0
Ritzhul,nordrassil,576,warlock,demonology,6,6,0
Synkz,blood-furnace,576,warlock,demonology,6,6,0
Phyxylock,stormrage,576,warlock,demonology,6,6,0
Zoerina,fizzcrank,576,warlock,demonology,12,6,6
Chaosblade,burning-blade,576,warlock,demonology,12,6,6
Seekma,gallywix,576,warlock,demonology,12,6,6
Muchopower,ragnaros,576,warlock,demonology,12,6,6
Theseance,dalaran,576,warlock,demonology,12,6,6
Jæja,wyrmrest-accord,576,warlock,demonology,12,6,6
Marothredd,nathrezim,576,warlock,demonology,12,6,6
Destructio,tichondrius,576,warlock,demonology,12,6,6
Scarletdemon,malganis,576,warlock,demonology,12,6,6
Praemonium,dalaran,576,warlock,demonology,12,6,6
Kyralena,stormrage,576,warlock,demonology,12,6,6
Projectpump,kelthuzad,576,warlock,demonology,12,6,6
Bellath,azralon,576,warlock,demonology,12,6,6
Sorath,blackrock,576,warlock,demonology,12,6,6
Yaldin,nemesis,576,warlock,demonology,12,6,6
Moryan,malfurion,576,warlock,demonology,12,6,6
Davidofbowie,burning-legion,576,warlock,demonology,12,6,6
Eddybigbolts,tichondrius,576,warlock,demonology,12,6,6
Hers,vashj,576,warlock,demonology,12,6,6
Dalah,illidan,576,warlock,demonology,12,6,6
Aboode,blackrock,576,warlock,demonology,12,6,6
Artzul,tichondrius,576,warlock,demonology,15,7,8
Dreadful,frostmourne,576,warlock,demonology,18,6,12
Shadowhax,area-52,576,warlock,demonology,18,6,12
Shadü,tichondrius,576,warlock,demonology,25,6,19
Voidgown,moon-guard,575,warlock,demonology,12,6,6
Sylvanes,emerald-dream,575,warlock,demonology,12,6,6
Canning,shuhalo,575,warlock,demonology,18,6,12
Undeadcurse,frostmourne,574,warlock,demonology,24,6,18
Sheara,silver-hand,572,warlock,demonology,12,6,6
Westhøf,sargeras,543,warlock,demonology,11,6,5
Voldamorte,tichondrius,543,warlock,demonology,11,6,5
Kronicdotz,bleeding-hollow,528,warlock,demonology,9,7,2
Penzer,stormrage,528,warlock,demonology,15,6,9
Lukelock,azralon,512,warlock,demonology,10,6,4
Gavvi,frostmourne,480,warlock,demonology,6,5,1
Gamecover,azralon,480,warlock,demonology,6,5,1
Xanetor,illidan,480,warlock,demonology,6,5,1
Symplicìty,area-52,480,warlock,demonology,6,5,1
Necrotko,malganis,480,warlock,demonology,6,5,1
Aînzooalgown,ragnaros,480,warlock,demonology,6,5,1
Drainedd,blades-edge,480,warlock,demonology,6,5,1
Voidxz,tichondrius,480,warlock,demonology,6,5,1
Zehzet,area-52,480,warlock,demonology,6,5,1
Igniz,tichondrius,480,warlock,demonology,6,5,1
Fatals,thrall,480,warlock,demonology,6,5,1
Sinixx,tichondrius,480,warlock,demonology,6,5,1
Tiatiatia,illidan,480,warlock,demonology,6,5,1
Zjxy,tichondrius,480,warlock,demonology,6,5,1
Ötì,altar-of-storms,480,warlock,demonology,6,5,1
Cidkagenou,sargeras,480,warlock,demonology,7,5,2
Liuh,tichondrius,480,warlock,demonology,12,5,7
Rumpology,illidan,480,warlock,demonology,12,5,7
Søcks,tichondrius,480,warlock,demonology,12,5,7
Mânuel,akama,480,warlock,demonology,12,5,7
Zarinista,veknilash,480,warlock,demonology,12,5,7
Dewandoritos,kelthuzad,480,warlock,demonology,12,5,7
Yungwilly,silvermoon,480,warlock,demonology,12,5,7
Grandpapapa,tichondrius,480,warlock,demonology,12,5,7
Dapperdanxy,tichondrius,480,warlock,demonology,12,5,7
Sinápsís,ragnaros,480,warlock,demonology,12,5,7
Tribulatiön,moon-guard,480,warlock,demonology,12,5,7
Pfhear,area-52,480,warlock,demonology,12,5,7
Wheremyshoes,area-52,480,warlock,demonology,12,5,7
Rooms,sargeras,480,warlock,demonology,12,5,7
Breeak,sargeras,480,warlock,demonology,12,5,7
Creepydotman,mannoroth,480,warlock,demonology,12,5,7
Grineed,emerald-dream,480,warlock,demonology,12,5,7
Adistril,bleeding-hollow,480,warlock,demonology,12,5,7
Alataar,sargeras,480,warlock,demonology,12,5,7
Paleontology,moon-guard,480,warlock,demonology,14,5,9
Stinkmeaner,chogall,479,warlock,demonology,12,5,7
Nécromonster,illidan,479,warlock,demonology,12,5,7
Omegawarlock,quelthalas,479,warlock,demonology,18,5,13
Kymochaos,sargeras,463,warlock,demonology,11,5,6
Sathorastus,spirestone,448,warlock,demonology,10,6,4
Agaros,zuljin,426,warlock,demonology,17,6,11
Evianne,skywall,384,warlock,demonology,6,4,2
Xenagos,antonidas,384,warlock,demonology,6,4,2
Curpt,the-scryers,384,warlock,demonology,6,4,2
Moräl,frostmourne,384,warlock,demonology,6,4,2
Kyrionn,azralon,384,warlock,demonology,6,4,2
Twototheone,illidan,384,warlock,demonology,6,4,2
Conjur,barthilas,384,warlock,demonology,6,4,2
Menemies,malganis,384,warlock,demonology,6,4,2
Hordefella,malganis,384,warlock,demonology,6,4,2
Devilin,drakkari,384,warlock,demonology,6,4,2
Hélà,sargeras,384,warlock,demonology,6,4,2
Kothoped,wyrmrest-accord,384,warlock,demonology,6,4,2
Dashaad,illidan,384,warlock,demonology,6,4,2
Nerolock,frostmourne,384,warlock,demonology,6,4,2
Celestialock,tichondrius,384,warlock,demonology,6,4,2
Deatthmoon,stormrage,384,warlock,demonology,6,4,2
Coomerdoomer,stormrage,384,warlock,demonology,6,4,2
Frustration,darkspear,384,warlock,demonology,6,4,2
Oniyooshi,kelthuzad,384,warlock,demonology,6,4,2
Antigotenent,sargeras,384,warlock,demonology,6,4,2
Fokâi,sargeras,384,warlock,demonology,6,4,2
Alchan,tichondrius,384,warlock,demonology,6,4,2
Lambe,tichondrius,384,warlock,demonology,6,4,2
Vesaloth,zuljin,384,warlock,demonology,6,4,2
Xekk,wyrmrest-accord,384,warlock,demonology,6,4,2
Ethero,emerald-dream,384,warlock,demonology,6,4,2
Kernlberton,tichondrius,384,warlock,demonology,6,4,2
Ardam,cenarion-circle,384,warlock,demonology,6,4,2
Rodneyjones,emerald-dream,384,warlock,demonology,6,4,2
Thefunk,tichondrius,384,warlock,demonology,6,4,2
Bellatriks,nemesis,384,warlock,demonology,6,4,2
Nüts,blackrock,384,warlock,demonology,6,4,2
Il,nerzhul,384,warlock,demonology,6,4,2
Meep,madoran,384,warlock,demonology,6,4,2
Mazzaleen,area-52,384,warlock,demonology,6,4,2
Brujever,ragnaros,384,warlock,demonology,6,4,2
Eflock,barthilas,384,warlock,demonology,6,4,2
Quonton,tichondrius,384,warlock,demonology,6,4,2
Logixo,sargeras,384,warlock,demonology,7,4,3
Warlooch,area-52,384,warlock,demonology,9,5,4
Woudini,malganis,384,warlock,demonology,10,5,5
Çheesestick,dalaran,384,warlock,demonology,12,4,8
Soulrman,tichondrius,384,warlock,demonology,12,4,8
Puchador,sargeras,384,warlock,demonology,12,4,8
Uarus,tichondrius,384,warlock,demonology,12,4,8
Ven,dalaran,384,warlock,demonology,12,4,8
Arsaurelica,blackrock,384,warlock,demonology,12,4,8
Dagadon,arathor,384,warlock,demonology,12,4,8
Vasqu,stormrage,384,warlock,demonology,12,4,8
Tahmrin,quelthalas,384,warlock,demonology,12,4,8
Dogcookie,moon-guard,384,warlock,demonology,12,4,8
Diekast,tichondrius,384,warlock,demonology,12,4,8
Ddorangmoon,tichondrius,384,warlock,demonology,12,4,8
Naz,shadowsong,384,warlock,demonology,12,4,8
Warlack,jubeithos,384,warlock,demonology,12,4,8
Ragnalock,laughing-skull,384,warlock,demonology,14,4,10
Tofulery,tichondrius,384,warlock,demonology,18,4,14
Agertis,frostmourne,384,warlock,demonology,18,4,14
Greems,tichondrius,383,warlock,demonology,6,4,2
Voodootidies,proudmoore,382,warlock,demonology,9,4,5
Freshimps,blood-furnace,367,warlock,demonology,11,4,7
Sharee,azuremyst,363,warlock,demonology,11,4,7
Ärminvßuurën,barthilas,351,warlock,demonology,11,4,7
Bâppo,antonidas,330,warlock,demonology,8,6,2
Minichompei,frostmourne,319,warlock,demonology,5,4,1
Drerrday,kelthuzad,288,warlock,demonology,6,3,3
Darthael,stormrage,288,warlock,demonology,6,3,3
Superbroly,area-52,288,warlock,demonology,6,3,3
Ðemented,bleeding-hollow,288,warlock,demonology,6,3,3
Locksoul,area-52,288,warlock,demonology,6,3,3
Naokishi,stormrage,288,warlock,demonology,6,3,3
Capslock,arthas,288,warlock,demonology,6,3,3
Psyløck,bleeding-hollow,288,warlock,demonology,6,3,3
Keezus,area-52,288,warlock,demonology,6,3,3
Sooshi,malganis,288,warlock,demonology,6,3,3
Epícburn,illidan,288,warlock,demonology,6,3,3
Zanlockos,dalaran,288,warlock,demonology,6,3,3
Sangala,malganis,288,warlock,demonology,6,3,3
Nyhn,bleeding-hollow,288,warlock,demonology,6,3,3
Areolaz,kelthuzad,288,warlock,demonology,6,3,3
Pikslol,bleeding-hollow,288,warlock,demonology,6,3,3
Pìnto,illidan,288,warlock,demonology,6,3,3
Asmodeun,malganis,288,warlock,demonology,6,3,3
Thelocker,stormrage,288,warlock,demonology,6,3,3
Tynks,mannoroth,288,warlock,demonology,6,3,3
Molguzano,ragnaros,288,warlock,demonology,6,3,3
Lhordeign,area-52,288,warlock,demonology,6,3,3
Lefteexd,tichondrius,288,warlock,demonology,6,3,3
Nockdreal,azralon,288,warlock,demonology,6,3,3
Lockinha,azralon,288,warlock,demonology,6,3,3
Elementzero,malorne,288,warlock,demonology,6,3,3
Hauntsin,hyjal,288,warlock,demonology,6,3,3
Graveland,frostwolf,288,warlock,demonology,6,3,3
Ðamndaddy,sargeras,288,warlock,demonology,6,3,3
Munick,spirestone,288,warlock,demonology,6,3,3
Drelgun,aerie-peak,288,warlock,demonology,6,3,3
Schrader,sargeras,288,warlock,demonology,6,3,3
Juankkii,bonechewer,288,warlock,demonology,6,3,3
Itzlandox,emerald-dream,288,warlock,demonology,6,3,3
Jennifear,sargeras,288,warlock,demonology,6,3,3
Whydemono,tichondrius,288,warlock,demonology,6,3,3
Nightterrour,frostmourne,288,warlock,demonology,6,3,3
Yury,scarlet-crusade,288,warlock,demonology,6,3,3
Cragalt,tichondrius,288,warlock,demonology,6,3,3
Fatuglyegirl,sargeras,288,warlock,demonology,6,3,3
Neruvian,tichondrius,288,warlock,demonology,6,3,3
Deadlylock,gilneas,288,warlock,demonology,6,3,3
Schofen,tichondrius,288,warlock,demonology,6,3,3
Nipz,korialstrasz,288,warlock,demonology,6,3,3
Diebydots,blackrock,288,warlock,demonology,6,3,3
Asiopdu,tichondrius,288,warlock,demonology,6,3,3
Demonia,dathremar,288,warlock,demonology,6,3,3
Zhul,nerzhul,288,warlock,demonology,6,3,3
Hgma,tichondrius,288,warlock,demonology,6,3,3
Bral,hyjal,288,warlock,demonology,6,3,3
Saffuky,frostmourne,288,warlock,demonology,6,3,3
Khatrat,azralon,288,warlock,demonology,6,3,3
Agonie,tichondrius,288,warlock,demonology,6,3,3
Soulruler,tichondrius,288,warlock,demonology,6,3,3
Guldylox,kiljaeden,288,warlock,demonology,6,3,3
Azland,proudmoore,288,warlock,demonology,6,3,3
Gandreleda,wyrmrest-accord,288,warlock,demonology,10,4,6
Wineburger,frostmourne,288,warlock,demonology,12,3,9
Strax,shattered-hand,288,warlock,demonology,12,3,9
Killvilock,kelthuzad,288,warlock,demonology,12,3,9
Dàmagicman,drakthul,288,warlock,demonology,12,3,9
Albbanoo,tichondrius,288,warlock,demonology,12,3,9
Crispee,azuremyst,288,warlock,demonology,12,3,9
Orbvoid,sargeras,287,warlock,demonology,12,3,9
Ijustsharded,area-52,255,warlock,demonology,11,3,8
Quetzâlcoâtl,sargeras,239,warlock,demonology,5,3,2
Uwantpeach,tichondrius,239,warlock,demonology,5,3,2
Slugworth,rivendare,239,warlock,demonology,5,3,2
Bänno,bleeding-hollow,239,warlock,demonology,5,3,2
Predictions,sargeras,234,warlock,demonology,10,5,5
Apøçàlÿpsè,firetree,234,warlock,demonology,11,5,6
Cocoabuttâ,stormrage,192,warlock,demonology,4,3,1
Javirr,ragnaros,192,warlock,demonology,15,5,10
Kaertis,emerald-dream,192,warlock,demonology,9,3,6
Heartpvp,tichondrius,192,warlock,demonology,6,2,4
Knobbynobbas,stormrage,192,warlock,demonology,6,2,4
Greenbeanzs,tichondrius,192,warlock,demonology,6,2,4
Geauxst,tichondrius,192,warlock,demonology,6,2,4
Warlockluo,tichondrius,192,warlock,demonology,6,2,4
Darkboltz,area-52,192,warlock,demonology,6,2,4
Buboñic,area-52,192,warlock,demonology,6,2,4
Xblessed,stormrage,192,warlock,demonology,6,2,4
Capïrota,nemesis,192,warlock,demonology,6,2,4
Watchmeport,onyxia,192,warlock,demonology,6,2,4
Xuker,tichondrius,192,warlock,demonology,6,2,4
Sakyameil,area-52,192,warlock,demonology,6,2,4
Rokdas,area-52,192,warlock,demonology,6,2,4
Demic,thrall,192,warlock,demonology,6,2,4
Boon,spirestone,192,warlock,demonology,6,2,4
Løcalplugxø,barthilas,192,warlock,demonology,6,2,4
Nanicide,kelthuzad,192,warlock,demonology,6,2,4
Anukh,emerald-dream,192,warlock,demonology,6,2,4
Promancer,drakkari,192,warlock,demonology,6,2,4
Wearelegionx,frostmourne,192,warlock,demonology,6,2,4
Zalissel,proudmoore,192,warlock,demonology,6,2,4
Lilbiackguy,stormrage,192,warlock,demonology,6,2,4
Infecçäo,stormrage,192,warlock,demonology,6,2,4
Feardr,frostmourne,192,warlock,demonology,6,2,4
Warfeen,malganis,192,warlock,demonology,6,2,4
Evilempire,sargeras,192,warlock,demonology,6,2,4
Irene,nagrand,192,warlock,demonology,6,2,4
Koffay,bleeding-hollow,192,warlock,demonology,6,2,4
Xoxoxu,frostmourne,192,warlock,demonology,6,2,4
Barbieelf,sargeras,192,warlock,demonology,6,2,4
Sheshð,stormrage,192,warlock,demonology,6,2,4
Easymac,thunderlord,192,warlock,demonology,6,2,4
Caesis,illidan,192,warlock,demonology,6,2,4
Ziroken,crushridge,192,warlock,demonology,6,2,4
Sinissa,ysondre,192,warlock,demonology,6,2,4
Doomtome,moon-guard,192,warlock,demonology,6,2,4
Damerus,illidan,192,warlock,demonology,6,2,4
Qic,runetotem,192,warlock,demonology,6,2,4
Soulbane,tol-barad,192,warlock,demonology,6,2,4
Yuckytoetoe,emerald-dream,192,warlock,demonology,6,2,4
Adlfcritler,emerald-dream,192,warlock,demonology,6,2,4
Sphîñx,sargeras,192,warlock,demonology,6,2,4
Trippednfel,stormrage,192,warlock,demonology,6,2,4
Rôsé,tichondrius,192,warlock,demonology,6,2,4
Felforyouu,illidan,192,warlock,demonology,6,2,4
Kaosqt,nemesis,192,warlock,demonology,6,2,4
Nefertarie,illidan,192,warlock,demonology,6,2,4
Vendareth,earthen-ring,192,warlock,demonology,6,2,4
Daliadark,sargeras,192,warlock,demonology,6,2,4
Constantine,exodar,192,warlock,demonology,6,2,4
Draino,tichondrius,192,warlock,demonology,6,2,4
Borudo,thrall,192,warlock,demonology,6,2,4
Griffoz,frostwolf,192,warlock,demonology,6,2,4
Stuffs,wyrmrest-accord,192,warlock,demonology,6,2,4
Zerowarlock,stormrage,192,warlock,demonology,6,2,4
Destructo,illidan,192,warlock,demonology,6,2,4
Drkdestro,boulderfist,192,warlock,demonology,12,2,10
Jafi,coilfang,159,warlock,demonology,5,2,3
Wårloçk,tichondrius,159,warlock,demonology,5,2,3
Gartlarrey,daggerspine,158,warlock,demonology,14,3,11
Cslice,magtheridon,128,warlock,demonology,4,2,2
Mocreia,azralon,128,warlock,demonology,4,2,2
Tazlock,blackrock,128,warlock,demonology,10,2,8
Osteogenesis,quelthalas,96,warlock,demonology,6,1,5
Ñinelyfe,frostmourne,96,warlock,demonology,6,1,5
Sinful,darkspear,96,warlock,demonology,6,1,5
Eriss,exodar,96,warlock,demonology,6,1,5
Overlard,illidan,96,warlock,demonology,6,1,5
Xalithra,moon-guard,96,warlock,demonology,6,1,5
Kwrhitom,zuljin,96,warlock,demonology,6,1,5
Nùts,frostmourne,96,warlock,demonology,6,1,5
Badstepbro,sargeras,96,warlock,demonology,6,1,5
Borthrel,moon-guard,96,warlock,demonology,6,1,5
Yora,illidan,96,warlock,demonology,6,1,5
Thugpenus,frostmane,96,warlock,demonology,6,1,5
Amauder,moon-guard,96,warlock,demonology,6,1,5
Hâunted,khazgoroth,96,warlock,demonology,6,1,5
Velondris,illidan,96,warlock,demonology,6,1,5
Halloweèn,kelthuzad,96,warlock,demonology,6,1,5
Bilidin,azralon,96,warlock,demonology,6,1,5
Rylal,illidan,96,warlock,demonology,6,1,5
Jazzycj,bleeding-hollow,96,warlock,demonology,6,1,5
Bmó,stormrage,96,warlock,demonology,6,1,5
Nameflagged,arathor,96,warlock,demonology,6,1,5
Oluluo,andorhal,96,warlock,demonology,6,1,5
Shortbuhz,tichondrius,96,warlock,demonology,6,1,5
Damdochael,bleeding-hollow,96,warlock,demonology,6,1,5
Sidiouss,dreadmaul,96,warlock,demonology,6,1,5
Flangy,kiljaeden,96,warlock,demonology,6,1,5
Laklin,stormscale,96,warlock,demonology,6,1,5
Skured,maiev,96,warlock,demonology,6,1,5
Malzahard,ragnaros,96,warlock,demonology,6,1,5
Tonyxx,tichondrius,96,warlock,demonology,6,1,5
Erimegara,ragnaros,96,warlock,demonology,6,1,5
Glizzÿ,thrall,96,warlock,demonology,6,1,5
Uggaboogga,malganis,96,warlock,demonology,6,1,5
Varvanta,proudmoore,96,warlock,demonology,6,1,5
Fashon,barthilas,96,warlock,demonology,6,1,5
Decrepticus,kargath,96,warlock,demonology,6,1,5
Fearedit,bleeding-hollow,96,warlock,demonology,6,1,5
Fluximilian,azralon,96,warlock,demonology,7,1,6
Kecca,azralon,96,warlock,demonology,15,1,14
Mamabolts,kelthuzad,79,warlock,demonology,5,1,4
Shaurial,zuljin,48,warlock,demonology,3,1,2
Warlow,mugthol,31,warlock,demonology,8,1,7
Reverence,tichondrius,2283,warlock,destruction,101,64,37
Singleaf,stormrage,2255,warlock,destruction,98,57,41
Mengqil,tichondrius,2246,warlock,destruction,102,58,44
Voidchaos,whisperwind,2229,warlock,destruction,130,70,60
Warzog,wyrmrest-accord,2186,warlock,destruction,78,49,29
Dannyl,tichondrius,2178,warlock,destruction,60,41,19
Nos,bleeding-hollow,2170,warlock,destruction,70,43,27
Søülætër,bleeding-hollow,2161,warlock,destruction,66,42,24
Mcdudebro,malganis,2160,warlock,destruction,60,40,20
Impenjoyer,tichondrius,2154,warlock,destruction,66,41,25
Playßøy,area-52,2154,warlock,destruction,78,45,33
Jonboyy,illidan,2154,warlock,destruction,96,51,45
Truetime,tichondrius,2147,warlock,destruction,84,46,38
Woahlock,thrall,2146,warlock,destruction,64,40,24
Ihatemyson,tichondrius,2144,warlock,destruction,59,33,26
Demonicxs,area-52,2143,warlock,destruction,89,48,41
Ellynaria,nemesis,2142,warlock,destruction,78,51,27
Kamohoalii,bleeding-hollow,2142,warlock,destruction,60,39,21
Sarcophagus,duskwood,2142,warlock,destruction,108,58,50
Mclovn,suramar,2141,warlock,destruction,83,48,35
Tomatobob,thrall,2136,warlock,destruction,84,44,40
Igortrikadva,zuljin,2135,warlock,destruction,72,43,29
Leredi,stormrage,2135,warlock,destruction,146,78,68
Deideimeow,illidan,2130,warlock,destruction,65,42,23
Ihavestds,tichondrius,2129,warlock,destruction,54,31,23
Drâkedog,illidan,2128,warlock,destruction,66,38,28
Darthael,stormrage,2127,warlock,destruction,170,103,67
Sockems,guldan,2125,warlock,destruction,90,51,39
Dodgeykun,khaz-modan,2123,warlock,destruction,83,53,30
Hahahahahha,stormrage,2123,warlock,destruction,65,40,25
Zyzx,malganis,2120,warlock,destruction,59,37,22
Hudwinx,illidan,2119,warlock,destruction,78,47,31
Drakedogee,illidan,2119,warlock,destruction,66,35,31
Dxxz,tichondrius,2117,warlock,destruction,79,45,34
Bananapan,tichondrius,2116,warlock,destruction,66,44,22
Drexia,tichondrius,2114,warlock,destruction,48,36,12
Usurpest,bleeding-hollow,2114,warlock,destruction,79,50,29
Dean,frostmourne,2111,warlock,destruction,66,33,33
Ghoul,demon-soul,2109,warlock,destruction,60,35,25
Mjn,tichondrius,2107,warlock,destruction,100,51,49
Stingzz,azralon,2106,warlock,destruction,61,38,23
Chaosboltex,tichondrius,2106,warlock,destruction,72,41,31
Babyaga,illidan,2106,warlock,destruction,85,42,43
Jcm,hyjal,2104,warlock,destruction,59,41,18
Dottle,frostmourne,2104,warlock,destruction,66,39,27
Dae,burning-legion,2103,warlock,destruction,59,38,21
Bufflockmore,tichondrius,2103,warlock,destruction,112,62,50
Kaytoxic,tichondrius,2103,warlock,destruction,72,39,33
Ohmend,thrall,2102,warlock,destruction,69,45,24
Disembolt,illidan,2102,warlock,destruction,66,41,25
Rainbowdate,tichondrius,2101,warlock,destruction,36,29,7
Implify,tichondrius,2101,warlock,destruction,142,73,69
Quinsnyder,zuljin,2083,warlock,destruction,121,61,60
Foresthills,sargeras,2082,warlock,destruction,66,38,28
Thugonomicz,demon-soul,2071,warlock,destruction,54,37,17
Thumperrz,frostmourne,2068,warlock,destruction,71,37,34
Brainless,tichondrius,2067,warlock,destruction,97,61,36
Diabolicalz,sargeras,2067,warlock,destruction,81,42,39
Luvana,kelthuzad,2066,warlock,destruction,65,42,23
Medzor,tichondrius,2064,warlock,destruction,81,45,36
Gimmeprecog,tichondrius,2061,warlock,destruction,56,36,20
Insanetroll,stormrage,2059,warlock,destruction,66,46,20
Pillçosby,bleeding-hollow,2056,warlock,destruction,90,45,45
Revenid,tichondrius,2049,warlock,destruction,72,42,30
Breeped,tichondrius,2044,warlock,destruction,108,68,40
Uwantpeach,tichondrius,2043,warlock,destruction,46,34,12
Hàrrydotter,darkspear,2041,warlock,destruction,58,36,22
Loopsy,stormrage,2041,warlock,destruction,79,43,36
Rizzard,lightnings-blade,2039,warlock,destruction,89,52,37
Sinápsís,ragnaros,2035,warlock,destruction,54,36,18
Kaidow,tichondrius,2033,warlock,destruction,72,47,25
Idotû,tichondrius,2032,warlock,destruction,119,65,54
Colombø,gallywix,2031,warlock,destruction,122,64,58
Instabilityx,tichondrius,2028,warlock,destruction,71,42,29
Audition,ragnaros,2026,warlock,destruction,90,47,43
Duukka,malganis,2015,warlock,destruction,96,53,43
Truenatestes,proudmoore,2012,warlock,destruction,59,33,26
Albbanoo,tichondrius,2012,warlock,destruction,131,71,60
Napiersdot,tichondrius,2009,warlock,destruction,72,39,33
Butteredbun,stormrage,1998,warlock,destruction,84,52,32
Epícburn,illidan,1996,warlock,destruction,30,21,9
Warlockwars,amanthul,1996,warlock,destruction,130,69,61
Darkmagicc,tichondrius,1995,warlock,destruction,96,48,48
Ðlrwêcïûj,stormrage,1994,warlock,destruction,36,28,8
Nvlnx,tichondrius,1993,warlock,destruction,72,40,32
Horror,moon-guard,1993,warlock,destruction,60,28,32
Kyranu,tichondrius,1990,warlock,destruction,85,46,39
Scørrgx,azralon,1990,warlock,destruction,66,34,32
Usainboltzz,tichondrius,1986,warlock,destruction,36,30,6
Panna,tichondrius,1986,warlock,destruction,137,73,64
Ztlivid,area-52,1984,warlock,destruction,48,36,12
Deadlpoo,stormscale,1984,warlock,destruction,154,81,73
Hrrpeuh,zuljin,1984,warlock,destruction,64,33,31
Tacobelf,magtheridon,1980,warlock,destruction,129,73,56
Cc,hellscream,1978,warlock,destruction,102,67,35
Demonman,kirin-tor,1978,warlock,destruction,54,33,21
Dazzuu,illidan,1972,warlock,destruction,95,51,44
Zeari,sargeras,1972,warlock,destruction,109,55,54
Lopenx,korgath,1970,warlock,destruction,86,46,40
Nðm,tichondrius,1968,warlock,destruction,96,48,48
Salanzø,bleeding-hollow,1965,warlock,destruction,54,31,23
Mizmagius,moon-guard,1965,warlock,destruction,65,31,34
Reneqtxo,frostmourne,1964,warlock,destruction,86,59,27
Boltsnhoes,illidan,1961,warlock,destruction,78,46,32
Blackyeonnam,tichondrius,1959,warlock,destruction,86,46,40
Pernicious,bladefist,1958,warlock,destruction,119,57,62
Kruxxqt,illidan,1955,warlock,destruction,198,103,95
Isodjdojk,sargeras,1938,warlock,destruction,58,34,24
Balveer,tichondrius,1937,warlock,destruction,35,21,14
Beegbeechy,nesingwary,1932,warlock,destruction,60,37,23
Abrocket,alleria,1931,warlock,destruction,59,33,26
Destroyy,greymane,1930,warlock,destruction,48,28,20
Sourslock,shadowsong,1929,warlock,destruction,72,44,28
Amgs,frostmourne,1929,warlock,destruction,89,52,37
Archimondee,rivendare,1928,warlock,destruction,84,42,42
Freddiewill,tichondrius,1926,warlock,destruction,90,56,34
Felfeels,area-52,1926,warlock,destruction,54,33,21
Fingerslock,malganis,1926,warlock,destruction,96,50,46
Yuoalx,tichondrius,1922,warlock,destruction,72,38,34
Kaelith,kelthuzad,1920,warlock,destruction,97,50,47
Mayelinvail,moon-guard,1917,warlock,destruction,72,41,31
Disgustingfk,illidan,1916,warlock,destruction,60,37,23
Chaosjedi,stormrage,1916,warlock,destruction,54,31,23
Cux,malganis,1913,warlock,destruction,60,33,27
Milkdrunk,blackrock,1913,warlock,destruction,107,57,50
Turiggyjr,tichondrius,1908,warlock,destruction,59,33,26
Dreadful,frostmourne,1907,warlock,destruction,81,49,32
Yoyoyosup,stormrage,1905,warlock,destruction,48,32,16
Hellsparks,malganis,1903,warlock,destruction,48,29,19
Ignorai,illidan,1903,warlock,destruction,106,61,45
Koitis,tichondrius,1901,warlock,destruction,38,25,13
Butterboyx,stormrage,1900,warlock,destruction,59,35,24
Laiquisha,zuljin,1900,warlock,destruction,49,29,20
Ozmat,spirestone,1900,warlock,destruction,36,20,16
Amez,grizzly-hills,1900,warlock,destruction,60,33,27
Tommybahama,velen,1897,warlock,destruction,58,38,20
Zaef,kelthuzad,1894,warlock,destruction,31,21,10
Maadhum,illidan,1894,warlock,destruction,72,32,40
Stilltrilly,tichondrius,1892,warlock,destruction,36,25,11
Sitomey,emerald-dream,1892,warlock,destruction,54,33,21
Sidgnosis,stormrage,1888,warlock,destruction,93,56,37
Madthelock,sargeras,1884,warlock,destruction,42,20,22
Warcalk,stormrage,1879,warlock,destruction,54,34,20
Xavier,wyrmrest-accord,1877,warlock,destruction,53,30,23
Roxmysox,darkspear,1875,warlock,destruction,84,43,41
Vapeboi,bleeding-hollow,1873,warlock,destruction,36,22,14
Zarinista,veknilash,1872,warlock,destruction,73,38,35
Twinklockxx,mannoroth,1872,warlock,destruction,143,66,77
Flattsl,tichondrius,1871,warlock,destruction,54,28,26
Nightmanx,sargeras,1870,warlock,destruction,47,27,20
Seangnong,tichondrius,1869,warlock,destruction,48,28,20
Alchandil,tichondrius,1868,warlock,destruction,36,26,10
Dustywlx,area-52,1865,warlock,destruction,74,45,29
Pheadas,deathwing,1865,warlock,destruction,42,20,22
Sweatystain,tichondrius,1862,warlock,destruction,52,33,19
Eggós,sargeras,1861,warlock,destruction,138,71,67
Drakwlya,tichondrius,1859,warlock,destruction,48,30,18
Calvarr,bleeding-hollow,1859,warlock,destruction,54,32,22
Luhgëek,tichondrius,1856,warlock,destruction,47,29,18
Soulrulerxc,tichondrius,1854,warlock,destruction,42,27,15
Darksummoner,kaelthas,1853,warlock,destruction,84,46,38
Drugmuffin,tichondrius,1852,warlock,destruction,48,28,20
Eqx,illidan,1851,warlock,destruction,54,31,23
Whodatman,illidan,1849,warlock,destruction,36,27,9
Synkz,blood-furnace,1849,warlock,destruction,42,24,18
Sosahawk,stormrage,1848,warlock,destruction,72,53,19
Mycelium,greymane,1848,warlock,destruction,34,20,14
Wwlock,area-52,1847,warlock,destruction,110,57,53
Genzy,tichondrius,1847,warlock,destruction,60,27,33
Verbzz,tichondrius,1846,warlock,destruction,36,23,13
Narila,firetree,1846,warlock,destruction,36,21,15
Magnetix,arthas,1846,warlock,destruction,157,85,72
Lemmepvponu,illidan,1846,warlock,destruction,59,28,31
Løcalplugxø,barthilas,1844,warlock,destruction,90,64,26
Ñpç,bleeding-hollow,1844,warlock,destruction,83,44,39
Tott,hellscream,1843,warlock,destruction,44,23,21
Chilipeppa,wyrmrest-accord,1842,warlock,destruction,36,27,9
Herpalock,illidan,1842,warlock,destruction,78,34,44
Benafflockzz,kelthuzad,1840,warlock,destruction,66,44,22
Millidots,bleeding-hollow,1840,warlock,destruction,54,31,23
Cosmosxx,illidan,1838,warlock,destruction,42,31,11
Enter,saurfang,1838,warlock,destruction,36,24,12
Dragonixs,ragnaros,1837,warlock,destruction,96,53,43
Wife,bleeding-hollow,1836,warlock,destruction,60,31,29
Nosw,bleeding-hollow,1835,warlock,destruction,42,26,16
Badstep,tichondrius,1835,warlock,destruction,51,30,21
Shadowhax,area-52,1835,warlock,destruction,78,38,40
Gigabiga,area-52,1834,warlock,destruction,24,20,4
Soragen,barthilas,1834,warlock,destruction,54,37,17
Farathos,ragnaros,1834,warlock,destruction,114,71,43
Puchador,sargeras,1834,warlock,destruction,120,64,56
Gotthmog,nerzhul,1833,warlock,destruction,48,30,18
Giantgobrin,zuljin,1832,warlock,destruction,36,24,12
Rhelialock,stormrage,1830,warlock,destruction,36,21,15
Suaveaye,tichondrius,1829,warlock,destruction,54,31,23
Nezlock,moon-guard,1829,warlock,destruction,92,45,47
Shequita,stormrage,1825,warlock,destruction,48,37,11
Doughnut,mugthol,1825,warlock,destruction,48,30,18
Agaros,zuljin,1825,warlock,destruction,49,30,19
Realgodlock,proudmoore,1825,warlock,destruction,69,34,35
Cróhns,bleeding-hollow,1824,warlock,destruction,121,78,43
Mazewl,illidan,1823,warlock,destruction,50,33,17
Dipicrowcaw,tichondrius,1822,warlock,destruction,24,19,5
Heckindoggø,tichondrius,1822,warlock,destruction,51,28,23
Drazh,area-52,1821,warlock,destruction,57,32,25
Róckroad,lightnings-blade,1820,warlock,destruction,42,26,16
Azaradx,sargeras,1819,warlock,destruction,84,54,30
Yipláw,stormrage,1819,warlock,destruction,36,23,13
Puginlock,illidan,1819,warlock,destruction,60,38,22
Latchlock,malganis,1818,warlock,destruction,84,51,33
Bumbleebolt,azralon,1817,warlock,destruction,24,19,5
Wraithlord,chogall,1816,warlock,destruction,51,32,19
Bismorc,frostmourne,1816,warlock,destruction,42,23,19
Dunnin,dalaran,1815,warlock,destruction,36,22,14
Kartharian,wyrmrest-accord,1815,warlock,destruction,53,27,26
Shinjuro,stormrage,1814,warlock,destruction,36,24,12
Slpxoxo,sargeras,1814,warlock,destruction,54,30,24
Famerap,tichondrius,1813,warlock,destruction,36,25,11
Wiredftw,illidan,1813,warlock,destruction,30,19,11
Sacalawia,drakkari,1813,warlock,destruction,45,27,18
Zauber,magtheridon,1812,warlock,destruction,44,29,15
Destructio,tichondrius,1812,warlock,destruction,54,31,23
Marshyw,tichondrius,1812,warlock,destruction,36,19,17
Fanzhiyi,illidan,1811,warlock,destruction,34,23,11
Naroy,malygos,1811,warlock,destruction,38,21,17
Thegodd,nemesis,1811,warlock,destruction,54,28,26
Darkwidow,sargeras,1811,warlock,destruction,90,45,45
Venticm,tichondrius,1810,warlock,destruction,42,26,16
Alchan,tichondrius,1810,warlock,destruction,65,38,27
Tonnon,stormrage,1810,warlock,destruction,72,42,30
Fartymårty,tichondrius,1810,warlock,destruction,36,21,15
Omnireaper,tichondrius,1810,warlock,destruction,54,29,25
Sonlyc,tichondrius,1810,warlock,destruction,60,29,31
Oof,dalaran,1809,warlock,destruction,30,22,8
Niava,tichondrius,1808,warlock,destruction,54,28,26
Payn,kiljaeden,1808,warlock,destruction,54,26,28
Drthiccbolts,malganis,1807,warlock,destruction,47,29,18
Aidadeshu,tichondrius,1807,warlock,destruction,60,32,28
Yeepzbytre,bleeding-hollow,1806,warlock,destruction,42,32,10
Almostoogood,illidan,1806,warlock,destruction,30,19,11
Vileröze,zuljin,1806,warlock,destruction,54,31,23
Nigthdeath,nemesis,1806,warlock,destruction,173,91,82
Döremi,tichondrius,1805,warlock,destruction,48,28,20
Vulcke,kelthuzad,1805,warlock,destruction,47,23,24
Expiredfood,stormreaver,1803,warlock,destruction,42,26,16
Scârecrow,stormrage,1802,warlock,destruction,72,46,26
Struggles,emerald-dream,1802,warlock,destruction,159,85,74
Mamosa,stormrage,1801,warlock,destruction,72,52,20
Leeroydots,area-52,1801,warlock,destruction,48,34,14
Geekmonster,tichondrius,1801,warlock,destruction,54,33,21
Rizzofsparta,stormrage,1801,warlock,destruction,42,25,17
Halloweèn,kelthuzad,1801,warlock,destruction,125,73,52
Xervas,frostmourne,1800,warlock,destruction,54,33,21
Soulbane,nemesis,1800,warlock,destruction,36,22,14
Twilson,moon-guard,1798,warlock,destruction,48,27,21
Sherlóck,duskwood,1798,warlock,destruction,54,28,26
Brazlem,blackrock,1796,warlock,destruction,43,30,13
Maggotworm,sargeras,1794,warlock,destruction,111,69,42
Chaosbolt,bloodhoof,1794,warlock,destruction,48,26,22
Feardotjpg,stormrage,1791,warlock,destruction,42,29,13
Shadøwy,nemesis,1791,warlock,destruction,184,102,82
Tonyxx,tichondrius,1789,warlock,destruction,34,23,11
Brujoalfa,ragnaros,1788,warlock,destruction,81,50,31
Salival,chogall,1786,warlock,destruction,24,19,5
Rotshtëin,tichondrius,1785,warlock,destruction,103,55,48
Wreyz,mannoroth,1783,warlock,destruction,72,39,33
Neghros,illidan,1783,warlock,destruction,77,39,38
Nevermindxd,barthilas,1783,warlock,destruction,66,32,34
Urukái,dalaran,1782,warlock,destruction,93,53,40
Ercaz,frostmourne,1781,warlock,destruction,42,20,22
Drdoom,sargeras,1777,warlock,destruction,30,19,11
Agni,gurubashi,1776,warlock,destruction,108,59,49
Deangood,tichondrius,1775,warlock,destruction,96,53,43
Alùcärd,tichondrius,1772,warlock,destruction,54,25,29
Reallymagic,malganis,1771,warlock,destruction,95,56,39
Karimbenzema,tichondrius,1770,warlock,destruction,48,28,20
Trundle,area-52,1766,warlock,destruction,29,21,8
Kogath,thunderlord,1763,warlock,destruction,86,50,36
Neverending,malganis,1763,warlock,destruction,37,21,16
Kakistocracy,kelthuzad,1761,warlock,destruction,30,23,7
Razzakka,stormrage,1759,warlock,destruction,111,60,51
Andelaylas,tichondrius,1758,warlock,destruction,48,33,15
Nick,llane,1757,warlock,destruction,36,23,13
Làsko,area-52,1756,warlock,destruction,66,36,30
Obliceress,crushridge,1754,warlock,destruction,42,26,16
Screampies,tichondrius,1754,warlock,destruction,46,27,19
Ibrroski,proudmoore,1753,warlock,destruction,24,20,4
Blackchinese,zuljin,1751,warlock,destruction,132,68,64
Iconicxo,thrall,1749,warlock,destruction,66,38,28
Punstable,tichondrius,1749,warlock,destruction,70,39,31
Locodwarf,frostmourne,1749,warlock,destruction,242,115,127
Etuskaa,tichondrius,1747,warlock,destruction,42,26,16
Buu,veknilash,1747,warlock,destruction,48,28,20
Barbieelf,sargeras,1746,warlock,destruction,97,52,45
Yifaruhún,illidan,1739,warlock,destruction,42,29,13
Hakai,bleeding-hollow,1736,warlock,destruction,44,30,14
Darkmagician,kelthuzad,1735,warlock,destruction,30,22,8
Hädes,frostwolf,1734,warlock,destruction,42,29,13
Benafflockz,kelthuzad,1734,warlock,destruction,29,19,10
Mânuel,akama,1731,warlock,destruction,30,22,8
Oblivious,firetree,1731,warlock,destruction,100,53,47
Firenzy,dalaran,1730,warlock,destruction,48,28,20
Antinurse,bleeding-hollow,1730,warlock,destruction,60,33,27
Scathey,area-52,1726,warlock,destruction,78,49,29
Nasn,black-dragonflight,1726,warlock,destruction,50,31,19
Fotmspec,area-52,1723,warlock,destruction,30,26,4
Daylyt,sargeras,1723,warlock,destruction,27,19,8
Popdotdropit,frostwolf,1723,warlock,destruction,66,39,27
Soiedentaire,illidan,1722,warlock,destruction,30,28,2
Ribman,stormrage,1722,warlock,destruction,36,18,18
Inmøtion,tichondrius,1721,warlock,destruction,36,18,18
Chaoticchaos,kelthuzad,1719,warlock,destruction,29,19,10
Pikslol,bleeding-hollow,1717,warlock,destruction,30,18,12
Bigulinhos,nemesis,1717,warlock,destruction,30,18,12
Meatmanxtrem,sargeras,1717,warlock,destruction,48,27,21
Yidhra,aerie-peak,1717,warlock,destruction,99,55,44
Spooked,khadgar,1716,warlock,destruction,36,24,12
Jierd,tichondrius,1716,warlock,destruction,34,20,14
Deathair,tichondrius,1714,warlock,destruction,36,21,15
Mistrnesbitt,malganis,1714,warlock,destruction,36,18,18
Podda,shuhalo,1713,warlock,destruction,47,29,18
Azlloa,tichondrius,1713,warlock,destruction,36,22,14
Hehimx,bleeding-hollow,1711,warlock,destruction,24,18,6
Symaitiel,azralon,1710,warlock,destruction,54,29,25
Åbyssal,stormrage,1709,warlock,destruction,69,45,24
Bod,bleeding-hollow,1709,warlock,destruction,30,18,12
Richãrd,area-52,1709,warlock,destruction,49,26,23
Eskyx,tichondrius,1709,warlock,destruction,36,18,18
Wårløck,stormrage,1707,warlock,destruction,24,18,6
Cocaineparty,tichondrius,1707,warlock,destruction,53,29,24
Fredwinsta,laughing-skull,1706,warlock,destruction,24,18,6
Drain,proudmoore,1706,warlock,destruction,54,36,18
Evatar,malganis,1705,warlock,destruction,30,19,11
Illinkin,illidan,1704,warlock,destruction,54,32,22
Eggpower,tichondrius,1703,warlock,destruction,40,23,17
Wzxx,tichondrius,1703,warlock,destruction,57,29,28
Jaspieno,illidan,1702,warlock,destruction,30,18,12
Grandmama,tichondrius,1702,warlock,destruction,36,21,15
Stormrift,sargeras,1701,warlock,destruction,68,39,29
Eav,area-52,1700,warlock,destruction,36,24,12
Wolfstein,tichondrius,1699,warlock,destruction,24,18,6
Feardadots,tichondrius,1699,warlock,destruction,57,41,16
Aryoc,ragnaros,1698,warlock,destruction,42,28,14
Daartaru,quelthalas,1698,warlock,destruction,90,48,42
Ashlet,kelthuzad,1697,warlock,destruction,36,24,12
Krikxy,tichondrius,1697,warlock,destruction,44,24,20
Feetsampler,stormrage,1697,warlock,destruction,46,21,25
Iskiplegday,illidan,1697,warlock,destruction,101,43,58
Sairic,azralon,1696,warlock,destruction,48,36,12
Mindrekt,azralon,1695,warlock,destruction,54,40,14
Philsbad,lightbringer,1692,warlock,destruction,41,24,17
Pk,azralon,1691,warlock,destruction,24,18,6
Dotandforget,tichondrius,1691,warlock,destruction,36,24,12
Dferreira,azralon,1691,warlock,destruction,96,56,40
Cbx,kelthuzad,1690,warlock,destruction,36,28,8
Aluaris,earthen-ring,1690,warlock,destruction,30,23,7
Chaosbeard,korgath,1690,warlock,destruction,62,36,26
Buboñic,area-52,1690,warlock,destruction,47,27,20
Demonicsnap,bleeding-hollow,1689,warlock,destruction,47,27,20
Bobbyshmurdå,frostmourne,1686,warlock,destruction,48,29,19
Koramoz,area-52,1686,warlock,destruction,87,42,45
Lapidate,malganis,1685,warlock,destruction,47,23,24
Fearmebro,bleeding-hollow,1684,warlock,destruction,130,69,61
Cvoaw,bonechewer,1683,warlock,destruction,36,23,13
Meep,madoran,1682,warlock,destruction,53,34,19
Vamprixlz,illidan,1680,warlock,destruction,37,25,12
Gavrhin,area-52,1678,warlock,destruction,41,26,15
Katrisse,aegwynn,1678,warlock,destruction,48,27,21
Breeak,sargeras,1676,warlock,destruction,48,31,17
Ðiêsel,malganis,1676,warlock,destruction,54,31,23
Dipixd,tichondrius,1675,warlock,destruction,24,22,2
Gianni,chogall,1675,warlock,destruction,42,24,18
Locean,tichondrius,1674,warlock,destruction,30,19,11
Savlonicsego,stormrage,1672,warlock,destruction,60,31,29
Pyatpree,bleeding-hollow,1671,warlock,destruction,30,19,11
Intentionz,sargeras,1671,warlock,destruction,41,24,17
Sîthfu,tichondrius,1671,warlock,destruction,151,83,68
Nocrackrocks,stormrage,1670,warlock,destruction,34,22,12
Derok,bleeding-hollow,1670,warlock,destruction,179,90,89
Grandpa,daggerspine,1669,warlock,destruction,37,23,14
Covidmaster,frostmourne,1668,warlock,destruction,53,29,24
Doclove,destromath,1668,warlock,destruction,76,40,36
Vasago,jubeithos,1667,warlock,destruction,37,23,14
Chaosbôlt,proudmoore,1667,warlock,destruction,60,30,30
Kissmybolts,frostmourne,1666,warlock,destruction,42,23,19
Zimer,moon-guard,1665,warlock,destruction,60,34,26
Curse,agamaggan,1665,warlock,destruction,48,27,21
Ardentia,malganis,1664,warlock,destruction,48,28,20
Babybolt,frostmourne,1664,warlock,destruction,48,22,26
Evilempire,sargeras,1663,warlock,destruction,36,22,14
Olgee,tortheldrin,1663,warlock,destruction,53,30,23
Warmstreak,blackrock,1658,warlock,destruction,30,19,11
Bytezlk,area-52,1657,warlock,destruction,30,20,10
Kâyn,area-52,1657,warlock,destruction,59,30,29
Warmandei,dalaran,1653,warlock,destruction,48,30,18
Hellwish,tichondrius,1653,warlock,destruction,42,20,22
Zoagen,ragnaros,1650,warlock,destruction,28,20,8
Lockforyou,frostmourne,1650,warlock,destruction,48,30,18
Razlock,moon-guard,1650,warlock,destruction,171,90,81
Nt,burning-legion,1646,warlock,destruction,37,30,7
Tahmrin,quelthalas,1646,warlock,destruction,34,20,14
Keylloggz,sargeras,1646,warlock,destruction,62,34,28
Terrorbytes,frostmourne,1646,warlock,destruction,62,34,28
Neverportx,kirin-tor,1645,warlock,destruction,36,21,15
Critthis,illidan,1644,warlock,destruction,35,25,10
Tribulatiön,moon-guard,1644,warlock,destruction,125,72,53
Kairiesmirk,illidan,1644,warlock,destruction,46,26,20
Krokusx,illidan,1643,warlock,destruction,78,41,37
Devilman,darkspear,1643,warlock,destruction,109,57,52
Debigbolt,area-52,1642,warlock,destruction,30,22,8
Josaith,moon-guard,1642,warlock,destruction,83,49,34
Barovir,tichondrius,1642,warlock,destruction,42,22,20
Degred,tichondrius,1640,warlock,destruction,33,27,6
Spaceghóst,bleeding-hollow,1640,warlock,destruction,87,46,41
Veleza,kiljaeden,1639,warlock,destruction,48,24,24
Demonclock,sargeras,1637,warlock,destruction,39,24,15
Xylâ,emerald-dream,1636,warlock,destruction,39,22,17
Dëstró,tichondrius,1636,warlock,destruction,41,23,18
Killabeesack,tichondrius,1635,warlock,destruction,43,25,18
Doombaby,zuljin,1632,warlock,destruction,70,45,25
Marcelium,greymane,1631,warlock,destruction,24,17,7
Sagatt,illidan,1631,warlock,destruction,68,37,31
Lafourche,tichondrius,1631,warlock,destruction,48,26,22
Ddorangmoon,tichondrius,1630,warlock,destruction,42,25,17
Dipixyz,tichondrius,1630,warlock,destruction,30,17,13
Holunging,illidan,1630,warlock,destruction,36,19,17
Deathhawkz,ravencrest,1629,warlock,destruction,24,17,7
Psyløck,bleeding-hollow,1629,warlock,destruction,48,29,19
Dewandoritos,kelthuzad,1629,warlock,destruction,30,17,13
Whitexzz,tichondrius,1629,warlock,destruction,30,17,13
Vallàx,area-52,1627,warlock,destruction,30,18,12
Positivity,thunderhorn,1627,warlock,destruction,30,18,12
Vvivienx,tichondrius,1625,warlock,destruction,30,17,13
Tìdals,zuljin,1624,warlock,destruction,27,18,9
Exilegd,proudmoore,1624,warlock,destruction,41,26,15
Matafé,kelthuzad,1623,warlock,destruction,30,20,10
Boxtrolls,ragnaros,1623,warlock,destruction,30,17,13
Thotblood,stormrage,1622,warlock,destruction,24,18,6
Rettek,bleeding-hollow,1622,warlock,destruction,24,17,7
Elmobolt,thrall,1620,warlock,destruction,37,27,10
Jarasseck,malganis,1620,warlock,destruction,48,25,23
Qualio,thrall,1619,warlock,destruction,39,21,18
Penzer,stormrage,1618,warlock,destruction,36,20,16
Scatz,sargeras,1617,warlock,destruction,18,17,1
Dolut,azralon,1617,warlock,destruction,54,31,23
Restolock,destromath,1617,warlock,destruction,60,34,26
Mephizar,moon-guard,1617,warlock,destruction,50,25,25
Infecçäo,stormrage,1616,warlock,destruction,72,43,29
Sithaholic,wildhammer,1616,warlock,destruction,30,17,13
Stocktonslap,saurfang,1615,warlock,destruction,91,53,38
Dxhusky,illidan,1614,warlock,destruction,36,20,16
Saltiez,sargeras,1613,warlock,destruction,24,18,6
Anujy,moon-guard,1613,warlock,destruction,48,32,16
Chaosage,sargeras,1613,warlock,destruction,36,24,12
Calidaze,tichondrius,1613,warlock,destruction,56,32,24
Rocketman,hydraxis,1612,warlock,destruction,30,20,10
Belzebud,area-52,1612,warlock,destruction,93,56,37
Absoluté,nemesis,1612,warlock,destruction,30,17,13
Hypnotikal,illidan,1611,warlock,destruction,30,22,8
Lilbiackguy,stormrage,1611,warlock,destruction,60,41,19
Brettmackson,area-52,1611,warlock,destruction,45,28,17
Bigjmmywiggl,illidan,1611,warlock,destruction,67,36,31
Apøçàlÿpsè,firetree,1610,warlock,destruction,60,32,28
Horloc,moon-guard,1609,warlock,destruction,68,38,30
Brickedx,malfurion,1609,warlock,destruction,71,35,36
Lostanubis,tichondrius,1607,warlock,destruction,39,24,15
Sakyameil,area-52,1607,warlock,destruction,36,21,15
Yaresly,kelthuzad,1605,warlock,destruction,32,20,12
Tanskeeh,sargeras,1604,warlock,destruction,52,28,24
Ðarkñess,burning-legion,1603,warlock,destruction,60,35,25
Mursay,tichondrius,1602,warlock,destruction,24,20,4
Nosferatu,arthas,1602,warlock,destruction,26,20,6
Daimonic,bronzebeard,1602,warlock,destruction,24,17,7
Hynnis,nemesis,1602,warlock,destruction,42,27,15
Sslock,sargeras,1602,warlock,destruction,46,26,20
Juswannarock,tichondrius,1601,warlock,destruction,33,22,11
Hâm,dalaran,1601,warlock,destruction,96,46,50
Hommer,tichondrius,1600,warlock,destruction,27,20,7
Dapete,malorne,1600,warlock,destruction,36,26,10
Manthos,sargeras,1600,warlock,destruction,57,23,34
Bellaswans,hyjal,1599,warlock,destruction,30,20,10
Warlockmf,sargeras,1599,warlock,destruction,79,47,32
Closetslut,moon-guard,1596,warlock,destruction,24,20,4
Gingery,the-underbog,1595,warlock,destruction,35,21,14
Muffîn,moon-guard,1594,warlock,destruction,68,42,26
Dotcoin,tichondrius,1594,warlock,destruction,30,17,13
Rotfull,burning-legion,1594,warlock,destruction,39,18,21
Wheremyshoes,area-52,1593,warlock,destruction,141,68,73
Omegapasta,illidan,1592,warlock,destruction,36,19,17
Kernlberton,tichondrius,1592,warlock,destruction,48,25,23
Yisuschríst,quelthalas,1591,warlock,destruction,41,21,20
Demonkiiller,kelthuzad,1591,warlock,destruction,48,19,29
Invaderzem,tichondrius,1589,warlock,destruction,54,29,25
Niked,sargeras,1587,warlock,destruction,102,62,40
Buffwarlocks,senjin,1587,warlock,destruction,48,26,22
Levantine,barthilas,1587,warlock,destruction,39,18,21
Parishiltoon,frostmourne,1586,warlock,destruction,46,19,27
Tothegrave,sargeras,1585,warlock,destruction,35,22,13
Mchawi,tichondrius,1585,warlock,destruction,30,17,13
Kuroyt,drakkari,1583,warlock,destruction,42,26,16
Gerthclas,aggramar,1579,warlock,destruction,35,24,11
Bbclover,thrall,1579,warlock,destruction,29,19,10
Nefandous,malganis,1578,warlock,destruction,54,36,18
Bénâfflock,area-52,1577,warlock,destruction,48,27,21
Charnoob,kelthuzad,1577,warlock,destruction,48,23,25
Derfflinger,tichondrius,1577,warlock,destruction,90,42,48
Soreanus,illidan,1576,warlock,destruction,28,20,8
Leônidos,ghostlands,1575,warlock,destruction,54,28,26
Isoldmysoul,stormrage,1574,warlock,destruction,48,21,27
Kurifodo,illidan,1573,warlock,destruction,53,29,24
Locknug,tichondrius,1572,warlock,destruction,114,64,50
Stølo,deathwing,1570,warlock,destruction,72,51,21
Carmelasin,moon-guard,1570,warlock,destruction,60,39,21
Melôck,area-52,1569,warlock,destruction,30,20,10
Korose,tichondrius,1569,warlock,destruction,130,66,64
Strykerliath,bleeding-hollow,1568,warlock,destruction,37,21,16
Khrom,illidan,1565,warlock,destruction,64,32,32
Meraz,zuljin,1564,warlock,destruction,28,17,11
Uow,stormrage,1564,warlock,destruction,42,20,22
Larryfisher,drenden,1561,warlock,destruction,24,17,7
Dartthvader,azralon,1561,warlock,destruction,38,18,20
Khurze,area-52,1558,warlock,destruction,57,29,28
Promethian,proudmoore,1556,warlock,destruction,53,23,30
Dynamó,tichondrius,1555,warlock,destruction,62,34,28
Pyralock,malfurion,1551,warlock,destruction,30,18,12
Wiildgoose,area-52,1550,warlock,destruction,30,21,9
Resuah,tichondrius,1549,warlock,destruction,51,25,26
Shadowxlock,misha,1548,warlock,destruction,77,45,32
Bayfayth,zuljin,1546,warlock,destruction,92,52,40
Jnxzlock,sargeras,1546,warlock,destruction,61,34,27
Dovahkini,stormrage,1545,warlock,destruction,29,17,12
Cairo,emerald-dream,1545,warlock,destruction,150,75,75
Galfear,malganis,1544,warlock,destruction,135,70,65
Notspeedy,tichondrius,1543,warlock,destruction,45,18,27
Yükina,stormrage,1542,warlock,destruction,47,26,21
Zhaphrax,frostmourne,1542,warlock,destruction,53,24,29
Fshi,frostmourne,1541,warlock,destruction,90,54,36
Remua,tichondrius,1540,warlock,destruction,29,18,11
Dragoska,kiljaeden,1540,warlock,destruction,30,17,13
Deboltzaru,ragnaros,1540,warlock,destruction,73,37,36
Gluestik,shadowmoon,1540,warlock,destruction,42,21,21
Jpepps,perenolde,1538,warlock,destruction,30,20,10
Cryptos,kalecgos,1538,warlock,destruction,38,22,16
Noggét,frostmourne,1538,warlock,destruction,84,48,36
Hadouh,stormrage,1537,warlock,destruction,29,17,12
Whathurts,tichondrius,1536,warlock,destruction,55,25,30
Conradlenoir,illidan,1535,warlock,destruction,24,16,8
Vugaddi,illidan,1535,warlock,destruction,24,16,8
Midoolock,proudmoore,1535,warlock,destruction,30,19,11
Chadica,malganis,1534,warlock,destruction,18,16,2
Bosongo,boulderfist,1534,warlock,destruction,59,35,24
Thinktank,tichondrius,1534,warlock,destruction,30,16,14
Slantsix,tichondrius,1534,warlock,destruction,30,16,14
Odiums,area-52,1532,warlock,destruction,71,42,29
Scarletdemon,malganis,1532,warlock,destruction,65,35,30
Hordeadlock,illidan,1532,warlock,destruction,48,22,26
Lyonesse,frostmourne,1531,warlock,destruction,28,17,11
Brucelock,proudmoore,1528,warlock,destruction,24,16,8
Ezdagor,quelthalas,1527,warlock,destruction,88,50,38
Somethingud,tichondrius,1527,warlock,destruction,77,31,46
Dàmagicman,drakthul,1526,warlock,destruction,24,16,8
Isarac,zuljin,1524,warlock,destruction,54,35,19
Kyoarnez,quelthalas,1523,warlock,destruction,36,19,17
Conspiration,sargeras,1522,warlock,destruction,24,19,5
Stankbigly,thrall,1519,warlock,destruction,32,19,13
Xêlsnåp,steamwheedle-cartel,1519,warlock,destruction,91,53,38
Bouldrlickr,dragonmaw,1517,warlock,destruction,24,16,8
Cheqmate,moon-guard,1516,warlock,destruction,31,17,14
Misolock,sargeras,1515,warlock,destruction,48,23,25
Austeeny,wyrmrest-accord,1513,warlock,destruction,31,21,10
Politex,malganis,1513,warlock,destruction,64,40,24
Lockybalboah,turalyon,1513,warlock,destruction,54,30,24
Trewlocke,sargeras,1511,warlock,destruction,24,16,8
Joseph,draktharon,1509,warlock,destruction,66,35,31
Goomgoom,doomhammer,1509,warlock,destruction,83,36,47
Kuoma,boulderfist,1507,warlock,destruction,85,41,44
Zetsu,zuljin,1506,warlock,destruction,193,99,94
Pigmahz,malganis,1505,warlock,destruction,35,17,18
Droptopp,malganis,1503,warlock,destruction,24,16,8
Dinglerdots,tichondrius,1502,warlock,destruction,27,21,6
Jugaa,arthas,1502,warlock,destruction,41,29,12
Deammon,tichondrius,1502,warlock,destruction,24,16,8
Jennifear,sargeras,1499,warlock,destruction,50,28,22
Nueleth,frostmourne,1494,warlock,destruction,41,24,17
Threeinches,kelthuzad,1492,warlock,destruction,45,28,17
Espyn,silvermoon,1491,warlock,destruction,76,32,44
Sidious,jubeithos,1490,warlock,destruction,32,21,11
Darkÿoda,malganis,1490,warlock,destruction,44,22,22
Nattydots,sargeras,1490,warlock,destruction,47,23,24
Jerearderedo,thrall,1487,warlock,destruction,30,16,14
Fearloom,tichondrius,1484,warlock,destruction,103,56,47
Yaldin,nemesis,1483,warlock,destruction,91,53,38
Humanreapers,malganis,1482,warlock,destruction,31,22,9
Dunbu,illidan,1481,warlock,destruction,91,52,39
Dercair,korgath,1480,warlock,destruction,30,18,12
Warsmock,tichondrius,1479,warlock,destruction,29,16,13
Beyourselff,tichondrius,1479,warlock,destruction,35,16,19
Borthrel,moon-guard,1478,warlock,destruction,72,42,30
Hellcon,area-52,1477,warlock,destruction,52,36,16
Chàõs,tichondrius,1477,warlock,destruction,54,27,27
Warlockgomes,azralon,1476,warlock,destruction,85,43,42
Tofulery,tichondrius,1475,warlock,destruction,50,23,27
Sickgurl,stormrage,1474,warlock,destruction,42,26,16
Bauchalain,area-52,1474,warlock,destruction,38,19,19
Gatewayoncd,frostmourne,1474,warlock,destruction,54,25,29
Glenfarclas,tichondrius,1471,warlock,destruction,43,19,24
Sauromann,sargeras,1470,warlock,destruction,48,27,21
Obscurity,tichondrius,1470,warlock,destruction,36,17,19
Demondots,sargeras,1469,warlock,destruction,54,31,23
Serveq,tichondrius,1468,warlock,destruction,38,18,20
Magy,deathwing,1467,warlock,destruction,48,30,18
Noxdolor,stormreaver,1465,warlock,destruction,36,20,16
Meatybolts,nagrand,1462,warlock,destruction,60,36,24
Darknessgodd,goldrinn,1459,warlock,destruction,37,23,14
Dotte,tichondrius,1453,warlock,destruction,30,17,13
Avae,frostmourne,1448,warlock,destruction,72,42,30
Mcjoy,akama,1445,warlock,destruction,224,114,110
Maleficmango,tichondrius,1444,warlock,destruction,36,23,13
Chachanoobx,sargeras,1443,warlock,destruction,66,43,23
Ðemented,bleeding-hollow,1442,warlock,destruction,27,16,11
Munar,quelthalas,1442,warlock,destruction,81,41,40
Jaboltz,tichondrius,1441,warlock,destruction,25,16,9
Mantis,proudmoore,1441,warlock,destruction,43,23,20
Atrofourth,tichondrius,1441,warlock,destruction,48,23,25
Discordant,trollbane,1439,warlock,destruction,36,23,13
Indelock,drenden,1439,warlock,destruction,24,15,9
Janeciap,tichondrius,1439,warlock,destruction,24,15,9
Heresucacok,frostmourne,1439,warlock,destruction,24,15,9
Xiyangpvp,tichondrius,1439,warlock,destruction,30,15,15
Äran,azralon,1439,warlock,destruction,30,15,15
Danaowns,spirestone,1439,warlock,destruction,30,15,15
Sâlâñzø,bleeding-hollow,1438,warlock,destruction,18,15,3
Immolate,eitrigg,1438,warlock,destruction,18,15,3
Spectro,laughing-skull,1438,warlock,destruction,18,15,3
Dewars,aggramar,1438,warlock,destruction,54,28,26
Goofycupcake,drakthul,1437,warlock,destruction,18,15,3
Deathmásk,ragnaros,1437,warlock,destruction,18,15,3
Imbooms,blackrock,1437,warlock,destruction,30,15,15
Blindingsun,kiljaeden,1437,warlock,destruction,66,27,39
Artzul,tichondrius,1436,warlock,destruction,60,25,35
Bourrasq,illidan,1435,warlock,destruction,18,15,3
Rakshama,chogall,1434,warlock,destruction,30,15,15
Felacid,tichondrius,1433,warlock,destruction,48,28,20
Badmagic,area-52,1433,warlock,destruction,48,24,24
Mcrfan,illidan,1432,warlock,destruction,18,15,3
Dance,sargeras,1431,warlock,destruction,18,15,3
Jakeyboii,frostmourne,1431,warlock,destruction,45,29,16
Dotorama,sargeras,1429,warlock,destruction,24,15,9
Conorloco,tichondrius,1429,warlock,destruction,36,15,21
Demontos,darkspear,1427,warlock,destruction,42,21,21
Cbolt,tichondrius,1426,warlock,destruction,25,16,9
Harmfuul,illidan,1425,warlock,destruction,27,16,11
Squishyboy,tichondrius,1425,warlock,destruction,30,15,15
Shadowfork,illidan,1424,warlock,destruction,24,15,9
Straightlock,sargeras,1424,warlock,destruction,47,19,28
Kanekiskid,mannoroth,1423,warlock,destruction,42,29,13
Laklin,stormscale,1423,warlock,destruction,62,29,33
Wackykid,azralon,1423,warlock,destruction,44,20,24
Demonicus,thunderlord,1423,warlock,destruction,42,18,24
Wizlox,illidan,1422,warlock,destruction,54,22,32
Tulu,muradin,1421,warlock,destruction,42,26,16
Yuh,moon-guard,1420,warlock,destruction,18,15,3
Vexedconvex,area-52,1420,warlock,destruction,201,97,104
Flor,khadgar,1420,warlock,destruction,92,44,48
Decrepticus,kargath,1419,warlock,destruction,44,26,18
Krokodiil,tichondrius,1418,warlock,destruction,36,24,12
Kascade,drakkari,1418,warlock,destruction,24,15,9
Dotsyu,frostmourne,1418,warlock,destruction,44,25,19
Booßiemiles,area-52,1417,warlock,destruction,25,19,6
Mordekhay,tichondrius,1415,warlock,destruction,36,23,13
Deatthmoon,stormrage,1415,warlock,destruction,24,15,9
Gorelami,tichondrius,1413,warlock,destruction,30,18,12
Jezwazerox,area-52,1413,warlock,destruction,69,36,33
Budgetkroozz,illidan,1413,warlock,destruction,30,15,15
Bilidin,azralon,1413,warlock,destruction,93,41,52
Nezsarek,sargeras,1413,warlock,destruction,104,42,62
Vindicated,azgalor,1412,warlock,destruction,25,20,5
Yorchziel,ragnaros,1412,warlock,destruction,88,47,41
Guula,alexstrasza,1412,warlock,destruction,30,15,15
Javirr,ragnaros,1411,warlock,destruction,24,15,9
Thicclöcc,tichondrius,1410,warlock,destruction,30,15,15
Parmenides,tichondrius,1410,warlock,destruction,42,19,23
Johnnybegood,frostmourne,1409,warlock,destruction,24,15,9
Kalellock,azralon,1407,warlock,destruction,66,33,33
Iongestpp,bleeding-hollow,1405,warlock,destruction,30,17,13
Lightname,arthas,1404,warlock,destruction,24,17,7
Bellanomikus,stormrage,1404,warlock,destruction,60,25,35
Drudotzz,hyjal,1403,warlock,destruction,30,16,14
Blockk,moknathal,1403,warlock,destruction,48,21,27
Adderall,altar-of-storms,1402,warlock,destruction,42,20,22
Lockssy,tichondrius,1398,warlock,destruction,95,56,39
Momshutup,sargeras,1397,warlock,destruction,23,15,8
Getpissed,emerald-dream,1395,warlock,destruction,59,30,29
Bobbygoulant,tichondrius,1394,warlock,destruction,192,92,100
Locker,lightnings-blade,1390,warlock,destruction,24,15,9
Adhauto,illidan,1390,warlock,destruction,113,62,51
Ralerhard,kelthuzad,1390,warlock,destruction,28,15,13
Jhop,sargeras,1388,warlock,destruction,42,26,16
Tergale,illidan,1388,warlock,destruction,66,28,38
Gnomlette,smolderthorn,1385,warlock,destruction,39,17,22
Falcorr,area-52,1380,warlock,destruction,31,17,14
Necrotic,antonidas,1379,warlock,destruction,66,33,33
Eldriptch,kelthuzad,1379,warlock,destruction,30,15,15
Dloq,azgalor,1378,warlock,destruction,93,54,39
Coreleron,proudmoore,1378,warlock,destruction,55,26,29
Siccwidit,area-52,1378,warlock,destruction,74,34,40
Loçk,zuljin,1376,warlock,destruction,30,15,15
Lockonthc,korgath,1375,warlock,destruction,32,16,16
Antistar,barthilas,1371,warlock,destruction,37,23,14
Connect,borean-tundra,1371,warlock,destruction,35,18,17
Birez,kelthuzad,1370,warlock,destruction,26,15,11
Lladyyheartt,nesingwary,1368,warlock,destruction,48,26,22
Év,azralon,1367,warlock,destruction,36,16,20
Extinção,azralon,1366,warlock,destruction,56,35,21
Picklepuller,arthas,1364,warlock,destruction,24,15,9
Luxenna,malganis,1363,warlock,destruction,84,40,44
Hurriicane,stormrage,1362,warlock,destruction,74,42,32
Spicywhite,tichondrius,1359,warlock,destruction,25,15,10
Freggen,shadowsong,1358,warlock,destruction,24,15,9
Matdamon,barthilas,1354,warlock,destruction,60,33,27
Xoxoxu,frostmourne,1352,warlock,destruction,26,15,11
Ptheven,area-52,1351,warlock,destruction,28,19,9
Pwz,azralon,1346,warlock,destruction,76,41,35
Odjure,zuljin,1344,warlock,destruction,23,14,9
Soulruler,tichondrius,1344,warlock,destruction,24,14,10
Spreadnhiv,thrall,1344,warlock,destruction,42,18,24
Kryl,kiljaeden,1343,warlock,destruction,24,14,10
Notprint,sargeras,1343,warlock,destruction,24,14,10
Súpersonic,tichondrius,1343,warlock,destruction,24,14,10
Gingerlocky,barthilas,1343,warlock,destruction,94,44,50
Çrayoneater,tichondrius,1343,warlock,destruction,34,15,19
Razizzles,malganis,1340,warlock,destruction,66,39,27
Shadowsloc,tichondrius,1340,warlock,destruction,24,14,10
Paparoxy,illidan,1340,warlock,destruction,30,14,16
Zírds,stormrage,1339,warlock,destruction,24,14,10
Kyrmax,malganis,1339,warlock,destruction,30,14,16
Aemma,proudmoore,1338,warlock,destruction,18,14,4
Pantypeeler,barthilas,1338,warlock,destruction,60,35,25
Lockfaceguy,agamaggan,1338,warlock,destruction,24,14,10
Scãryz,jubeithos,1338,warlock,destruction,50,29,21
Veerdz,area-52,1338,warlock,destruction,30,14,16
Éx,jubeithos,1337,warlock,destruction,18,14,4
Juicestarr,barthilas,1337,warlock,destruction,30,14,16
Bunnyhugs,gorefiend,1336,warlock,destruction,18,14,4
Memon,frostmane,1336,warlock,destruction,36,19,17
Tunacanthicc,moon-guard,1335,warlock,destruction,49,20,29
Swapsfour,area-52,1334,warlock,destruction,24,14,10
Majinbuû,malganis,1334,warlock,destruction,30,14,16
Omleaf,malganis,1334,warlock,destruction,30,14,16
Spongebobjrj,tichondrius,1331,warlock,destruction,36,20,16
Macdeezylock,sargeras,1330,warlock,destruction,24,14,10
Grandpapapa,tichondrius,1330,warlock,destruction,54,22,32
Darksolace,dalaran,1329,warlock,destruction,24,14,10
Agonie,tichondrius,1329,warlock,destruction,126,60,66
Freestyle,blackwater-raiders,1328,warlock,destruction,54,34,20
Felpsychosis,illidan,1328,warlock,destruction,36,21,15
Celeden,emerald-dream,1327,warlock,destruction,30,18,12
Arenis,stormrage,1327,warlock,destruction,24,14,10
Dots,haomarush,1327,warlock,destruction,30,14,16
Karadelice,stormrage,1325,warlock,destruction,48,25,23
Gukky,misha,1324,warlock,destruction,66,43,23
Drcameron,zuljin,1322,warlock,destruction,24,15,9
Gòtti,frostmourne,1320,warlock,destruction,24,14,10
Jugerdotz,sargeras,1320,warlock,destruction,30,14,16
Kelifan,sargeras,1319,warlock,destruction,39,22,17
Darthðotspam,mugthol,1317,warlock,destruction,18,14,4
Jeramie,darkspear,1317,warlock,destruction,38,17,21
Doublebolt,illidan,1315,warlock,destruction,51,31,20
Predictions,sargeras,1315,warlock,destruction,35,17,18
Lockerdoo,aegwynn,1313,warlock,destruction,24,14,10
Jecklez,tichondrius,1312,warlock,destruction,135,70,65
Evilyññ,tichondrius,1312,warlock,destruction,42,19,23
Verdoso,stormrage,1310,warlock,destruction,30,16,14
Bustednut,nerzhul,1308,warlock,destruction,34,21,13
Dotyoazz,tichondrius,1308,warlock,destruction,38,22,16
Dealcloud,tichondrius,1308,warlock,destruction,50,25,25
Thralord,blackrock,1305,warlock,destruction,24,14,10
Ehcsrop,doomhammer,1304,warlock,destruction,38,19,19
Azöd,tichondrius,1303,warlock,destruction,33,23,10
Gscar,area-52,1303,warlock,destruction,48,28,20
Felqueenn,windrunner,1301,warlock,destruction,30,19,11
Kecca,azralon,1301,warlock,destruction,54,27,27
Voidchaos,korgath,1300,warlock,destruction,18,14,4
Undies,demon-soul,1297,warlock,destruction,66,35,31
Kombat,amanthul,1292,warlock,destruction,71,32,39
Lolimalock,bleeding-hollow,1286,warlock,destruction,35,19,16
Zalord,mannoroth,1286,warlock,destruction,35,14,21
Chuwhee,sargeras,1282,warlock,destruction,48,14,34
Awfeelya,sargeras,1281,warlock,destruction,29,17,12
Ahrimus,area-52,1275,warlock,destruction,28,14,14
Lòthloria,mannoroth,1274,warlock,destruction,119,57,62
Woezz,tichondrius,1271,warlock,destruction,33,14,19
Beldiinlock,khazgoroth,1270,warlock,destruction,51,28,23
Prinzheinric,quelthalas,1267,warlock,destruction,33,21,12
Diabhlaí,tichondrius,1266,warlock,destruction,24,15,9
Magiaoscurax,quelthalas,1258,warlock,destruction,30,14,16
Ticktóck,ghostlands,1253,warlock,destruction,19,14,5
Mocreia,azralon,1253,warlock,destruction,47,22,25
Ltoplaylock,area-52,1248,warlock,destruction,18,13,5
Hiddentech,saurfang,1248,warlock,destruction,24,13,11
Forestfruit,tichondrius,1248,warlock,destruction,24,13,11
Amazingamez,sargeras,1247,warlock,destruction,18,13,5
Frightbright,sargeras,1247,warlock,destruction,18,13,5
Pressurë,tichondrius,1247,warlock,destruction,18,13,5
Rèdrùm,tichondrius,1247,warlock,destruction,24,13,11
Kimsoul,zuljin,1247,warlock,destruction,24,13,11
Bigdamege,tichondrius,1246,warlock,destruction,22,14,8
Inaane,thrall,1246,warlock,destruction,24,13,11
Hauntsin,hyjal,1246,warlock,destruction,30,13,17
Destructo,illidan,1245,warlock,destruction,30,13,17
Toastwl,tichondrius,1244,warlock,destruction,18,13,5
Lhandus,drakkari,1243,warlock,destruction,24,13,11
Uranusa,proudmoore,1243,warlock,destruction,30,13,17
Spòngwò,tichondrius,1242,warlock,destruction,24,13,11
Guldåniel,tichondrius,1242,warlock,destruction,24,13,11
Nigsy,nagrand,1242,warlock,destruction,24,13,11
Babydots,stormreaver,1240,warlock,destruction,24,13,11
Covírus,azralon,1237,warlock,destruction,18,13,5
Burnzul,bleeding-hollow,1237,warlock,destruction,24,13,11
Fiddlesticks,draka,1236,warlock,destruction,18,13,5
Felnightz,area-52,1236,warlock,destruction,30,13,17
Pruevolf,tichondrius,1236,warlock,destruction,68,29,39
Ganosh,aggramar,1235,warlock,destruction,30,18,12
Rainymood,frostmourne,1233,warlock,destruction,18,13,5
Munick,spirestone,1233,warlock,destruction,24,13,11
Chaotíc,zuljin,1231,warlock,destruction,24,13,11
Ellneggro,zuljin,1226,warlock,destruction,18,13,5
Rickyspanish,malygos,1226,warlock,destruction,30,13,17
Nhen,daggerspine,1225,warlock,destruction,89,52,37
Kyrionn,azralon,1225,warlock,destruction,24,13,11
Chaosmorty,tichondrius,1225,warlock,destruction,24,13,11
Kyle,shandris,1217,warlock,destruction,24,13,11
Zydaria,stormrage,1213,warlock,destruction,30,18,12
Prototyp,azralon,1212,warlock,destruction,18,13,5
Maldíta,quelthalas,1210,warlock,destruction,99,44,55
Daeykras,crushridge,1209,warlock,destruction,28,17,11
Felinå,hyjal,1206,warlock,destruction,39,24,15
Lockednloade,tichondrius,1197,warlock,destruction,30,16,14
Zaeloc,ragnaros,1195,warlock,destruction,42,13,29
Jussmollett,arygos,1193,warlock,destruction,23,13,10
Nanodingo,tichondrius,1192,warlock,destruction,30,16,14
Spookyfurry,area-52,1192,warlock,destruction,30,13,17
Bénn,moon-guard,1189,warlock,destruction,60,39,21
Cørruption,emerald-dream,1188,warlock,destruction,47,22,25
Sylestrio,feathermoon,1186,warlock,destruction,30,13,17
Kärên,proudmoore,1185,warlock,destruction,20,15,5
Sutra,tichondrius,1185,warlock,destruction,23,14,9
Sereniaa,sargeras,1182,warlock,destruction,26,13,13
Gwar,khazgoroth,1181,warlock,destruction,66,24,42
Chodetamer,lethon,1180,warlock,destruction,29,18,11
Necrodeath,malygos,1180,warlock,destruction,30,15,15
Kemchaos,illidan,1179,warlock,destruction,48,21,27
Iiferna,sargeras,1177,warlock,destruction,77,33,44
Thirdsol,stormrage,1176,warlock,destruction,23,13,10
Kidsoul,illidan,1176,warlock,destruction,55,25,30
Ilovedemons,aegwynn,1168,warlock,destruction,42,26,16
Zoluraan,proudmoore,1168,warlock,destruction,33,20,13
Bawldimort,stormrage,1165,warlock,destruction,89,46,43
Grq,stormrage,1164,warlock,destruction,17,13,4
Rotsndotss,thrall,1164,warlock,destruction,22,13,9
Guldoom,tichondrius,1152,warlock,destruction,12,12,0
Rightwaylovê,illidan,1152,warlock,destruction,18,12,6
Osmatz,area-52,1152,warlock,destruction,18,12,6
Nahz,tichondrius,1152,warlock,destruction,18,12,6
Hellparks,malganis,1152,warlock,destruction,18,12,6
Dxhusky,tichondrius,1151,warlock,destruction,18,12,6
Blastamastah,tichondrius,1151,warlock,destruction,18,12,6
Shutupthug,illidan,1151,warlock,destruction,18,12,6
Kossnen,shandris,1151,warlock,destruction,18,12,6
Oceangrownx,emerald-dream,1151,warlock,destruction,24,12,12
Flûké,tichondrius,1151,warlock,destruction,24,12,12
Lockdotsftw,illidan,1151,warlock,destruction,24,12,12
Gucciflops,bleeding-hollow,1151,warlock,destruction,24,12,12
Beetlejoos,stormreaver,1151,warlock,destruction,24,12,12
Asmit,firetree,1151,warlock,destruction,28,13,15
Dralok,area-52,1150,warlock,destruction,18,12,6
Cesily,frostmourne,1150,warlock,destruction,24,12,12
Brutalsummon,frostmourne,1149,warlock,destruction,24,12,12
Iggyiggy,sargeras,1149,warlock,destruction,24,12,12
Missmonday,tichondrius,1148,warlock,destruction,24,12,12
Omarlil,kelthuzad,1147,warlock,destruction,18,12,6
Nadirius,shadowmoon,1146,warlock,destruction,18,12,6
Screwed,tichondrius,1146,warlock,destruction,36,12,24
Zandõx,jubeithos,1145,warlock,destruction,18,12,6
Blackguldan,illidan,1145,warlock,destruction,18,12,6
Avelmi,daggerspine,1144,warlock,destruction,24,12,12
Thravis,tichondrius,1143,warlock,destruction,24,12,12
Handler,earthen-ring,1142,warlock,destruction,42,28,14
Gridwild,drakkari,1142,warlock,destruction,24,12,12
Cascades,icecrown,1142,warlock,destruction,48,19,29
Sunkuna,aerie-peak,1141,warlock,destruction,36,13,23
Nadek,tichondrius,1140,warlock,destruction,24,12,12
Eriess,burning-blade,1139,warlock,destruction,30,12,18
Lessance,dalaran,1138,warlock,destruction,24,12,12
Marcedlc,ragnaros,1136,warlock,destruction,24,12,12
Austen,tichondrius,1136,warlock,destruction,37,13,24
Eurygnomous,thrall,1135,warlock,destruction,24,12,12
Shadü,tichondrius,1134,warlock,destruction,30,12,18
Cælohin,tichondrius,1132,warlock,destruction,24,12,12
Erevas,area-52,1127,warlock,destruction,18,12,6
Terrival,illidan,1125,warlock,destruction,23,12,11
Dex,jubeithos,1124,warlock,destruction,42,12,30
Klatuu,stonemaul,1122,warlock,destruction,18,12,6
Nocchi,amanthul,1119,warlock,destruction,22,12,10
Demofire,tichondrius,1119,warlock,destruction,22,12,10
Aeonora,akama,1117,warlock,destruction,18,12,6
Covenslave,nemesis,1113,warlock,destruction,157,69,88
Ðeãdman,bleeding-hollow,1112,warlock,destruction,20,13,7
Rodimus,hyjal,1109,warlock,destruction,81,45,36
Anstik,area-52,1103,warlock,destruction,15,13,2
Josemb,ragnaros,1097,warlock,destruction,24,12,12
Madgettike,stormrage,1094,warlock,destruction,36,22,14
Varuuss,ragnaros,1092,warlock,destruction,21,12,9
Mindfulchimp,sargeras,1092,warlock,destruction,23,12,11
Cheiff,tichondrius,1092,warlock,destruction,42,16,26
Taìnted,lightbringer,1088,warlock,destruction,28,12,16
Pancakestack,stormrage,1082,warlock,destruction,54,25,29
Punishment,jubeithos,1080,warlock,destruction,17,12,5
Kracky,tichondrius,1076,warlock,destruction,80,45,35
Toby,azralon,1066,warlock,destruction,25,12,13
Davnport,frostmourne,1065,warlock,destruction,38,12,26
Luke,lightnings-blade,1062,warlock,destruction,18,12,6
Bumbleebolts,azralon,1056,warlock,destruction,12,11,1
Boltsnhoez,tichondrius,1056,warlock,destruction,16,12,4
Eyoeyo,tichondrius,1056,warlock,destruction,18,11,7
Lockfoxyy,tichondrius,1056,warlock,destruction,18,11,7
Thragèqt,sargeras,1056,warlock,destruction,18,11,7
Drböb,area-52,1056,warlock,destruction,18,11,7
Boodizz,frostmourne,1056,warlock,destruction,18,11,7
Lockonomicz,tichondrius,1056,warlock,destruction,18,11,7
Edeklock,frostmourne,1055,warlock,destruction,12,11,1
Xertling,sargeras,1055,warlock,destruction,12,11,1
Mindheist,stormrage,1055,warlock,destruction,18,11,7
Tuzadin,tichondrius,1055,warlock,destruction,18,11,7
Alktrz,azralon,1055,warlock,destruction,18,11,7
Sahdude,illidan,1055,warlock,destruction,18,11,7
Dreadxbolts,stormrage,1055,warlock,destruction,18,11,7
Ðòt,nagrand,1055,warlock,destruction,18,11,7
Feardotzrun,illidan,1055,warlock,destruction,18,11,7
Verminosa,nemesis,1055,warlock,destruction,18,11,7
Guldansbicep,illidan,1055,warlock,destruction,22,12,10
Ole,area-52,1055,warlock,destruction,24,11,13
Esså,jaedenar,1055,warlock,destruction,24,11,13
Vigius,dalaran,1054,warlock,destruction,18,11,7
Reficul,frostmourne,1054,warlock,destruction,30,11,19
Faënn,zuljin,1053,warlock,destruction,18,11,7
Evapilot,tichondrius,1053,warlock,destruction,18,11,7
Dipz,zuljin,1053,warlock,destruction,18,11,7
Belford,tichondrius,1053,warlock,destruction,24,11,13
Cenich,darkspear,1052,warlock,destruction,18,11,7
Baldandugly,illidan,1052,warlock,destruction,18,11,7
Unprønuncea,azralon,1050,warlock,destruction,25,11,14
Taylôr,proudmoore,1049,warlock,destruction,24,11,13
Tirp,illidan,1048,warlock,destruction,24,11,13
Pokemebutt,hydraxis,1046,warlock,destruction,18,11,7
Nazgal,tichondrius,1046,warlock,destruction,21,12,9
Ltr,moon-guard,1045,warlock,destruction,18,11,7
Wìckedelf,area-52,1045,warlock,destruction,45,22,23
Haloren,moon-guard,1044,warlock,destruction,18,11,7
Valval,moon-guard,1044,warlock,destruction,30,11,19
Foxfoxfel,thrall,1043,warlock,destruction,18,11,7
Xenagos,antonidas,1043,warlock,destruction,30,11,19
Locksoul,area-52,1042,warlock,destruction,30,14,16
Nathalyâ,drakkari,1041,warlock,destruction,42,20,22
Seeword,sargeras,1039,warlock,destruction,18,11,7
Impdad,destromath,1036,warlock,destruction,18,11,7
Tharki,darkspear,1035,warlock,destruction,25,14,11
Hawkstalker,thaurissan,1035,warlock,destruction,24,12,12
Mysophobia,frostmourne,1032,warlock,destruction,53,22,31
Baiss,tichondrius,1030,warlock,destruction,18,11,7
Noriaeradra,illidan,1025,warlock,destruction,24,13,11
Shedara,ragnaros,1023,warlock,destruction,17,11,6
Getsmoked,moknathal,1023,warlock,destruction,23,11,12
Evanylock,proudmoore,1022,warlock,destruction,23,11,12
Alfaflux,tol-barad,1006,warlock,destruction,23,11,12
Faliceu,sargeras,1006,warlock,destruction,26,11,15
Panyc,tichondrius,1002,warlock,destruction,23,11,12
Ticklebolts,tichondrius,1001,warlock,destruction,34,12,22
Valerilma,azralon,998,warlock,destruction,23,11,12
Luulloo,proudmoore,997,warlock,destruction,24,11,13
Aerozyn,wyrmrest-accord,995,warlock,destruction,24,11,13
Rauwërrs,azralon,992,warlock,destruction,33,12,21
Wingzerø,tichondrius,988,warlock,destruction,23,11,12
Nevermorde,area-52,986,warlock,destruction,23,11,12
Notchinese,kiljaeden,986,warlock,destruction,23,11,12
Mickylock,tichondrius,983,warlock,destruction,21,11,10
Escro,azgalor,979,warlock,destruction,30,17,13
Wafflezcb,frostmourne,976,warlock,destruction,19,11,8
Hanoaa,tichondrius,975,warlock,destruction,11,11,0
Nikôlas,stormrage,975,warlock,destruction,48,21,27
Zíppen,proudmoore,970,warlock,destruction,61,30,31
Plagueis,zuluhed,969,warlock,destruction,25,11,14
Aomniloltv,zuljin,964,warlock,destruction,23,11,12
Kimis,azralon,963,warlock,destruction,24,14,10
Lockbtw,altar-of-storms,960,warlock,destruction,12,10,2
Wanglock,blackrock,960,warlock,destruction,12,10,2
Lilshedon,kelthuzad,960,warlock,destruction,12,10,2
Kammuany,sargeras,960,warlock,destruction,12,10,2
Retwarr,tichondrius,960,warlock,destruction,12,10,2
Jaboy,dragonmaw,960,warlock,destruction,12,10,2
Pigii,tichondrius,960,warlock,destruction,12,10,2
Drwongmd,sargeras,960,warlock,destruction,12,10,2
Letmecastpls,tichondrius,960,warlock,destruction,12,10,2
Maldivà,tichondrius,960,warlock,destruction,12,10,2
Metamòrph,malganis,960,warlock,destruction,12,10,2
Nino,barthilas,960,warlock,destruction,12,10,2
Fxckyuo,tichondrius,960,warlock,destruction,12,10,2
Revérence,sargeras,960,warlock,destruction,18,10,8
Tacticalderp,bleeding-hollow,960,warlock,destruction,18,10,8
Areufearious,sargeras,960,warlock,destruction,18,10,8
Crayonchewer,alleria,960,warlock,destruction,18,10,8
Teivlol,mugthol,960,warlock,destruction,18,10,8
Veryezgame,tichondrius,960,warlock,destruction,18,10,8
Dupapad,stormrage,960,warlock,destruction,24,10,14
Contägion,bleeding-hollow,960,warlock,destruction,24,10,14
Foxar,stormrage,959,warlock,destruction,12,10,2
Percaddict,illidan,959,warlock,destruction,12,10,2
Dkdakìng,dalaran,959,warlock,destruction,12,10,2
Vexe,tichondrius,959,warlock,destruction,14,10,4
Years,moon-guard,959,warlock,destruction,18,10,8
Thânàtös,malganis,959,warlock,destruction,18,10,8
Wickedry,antonidas,959,warlock,destruction,18,10,8
Sixonenine,boulderfist,959,warlock,destruction,18,10,8
Maral,kelthuzad,959,warlock,destruction,18,10,8
Notatryhard,emerald-dream,959,warlock,destruction,18,10,8
Kylaria,emerald-dream,959,warlock,destruction,18,10,8
Spudzies,bleeding-hollow,959,warlock,destruction,18,10,8
Soulicit,kelthuzad,959,warlock,destruction,18,10,8
Lemonfire,area-52,959,warlock,destruction,18,10,8
Knockknock,llane,959,warlock,destruction,18,10,8
Pykorrg,ragnaros,959,warlock,destruction,24,10,14
Trobgol,bleeding-hollow,958,warlock,destruction,12,10,2
Helraz,darkspear,958,warlock,destruction,12,10,2
Mørgoth,thrall,958,warlock,destruction,18,10,8
Xerozus,tichondrius,957,warlock,destruction,18,10,8
Dialalock,frostmourne,957,warlock,destruction,18,10,8
Greasymario,area-52,957,warlock,destruction,22,11,11
Løvesick,zuljin,957,warlock,destruction,24,10,14
Dippidydot,illidan,957,warlock,destruction,24,10,14
Graced,dalaran,956,warlock,destruction,18,10,8
Ragnalock,laughing-skull,956,warlock,destruction,18,10,8
Muchoprecogo,tichondrius,956,warlock,destruction,18,10,8
Flxmin,area-52,956,warlock,destruction,24,10,14
Zaintv,illidan,955,warlock,destruction,18,10,8
Chaoticstorm,area-52,955,warlock,destruction,18,10,8
Friendd,frostmourne,955,warlock,destruction,18,10,8
Dvorakk,frostmourne,954,warlock,destruction,15,11,4
Wadoom,tichondrius,954,warlock,destruction,18,10,8
Harleyjames,ravenholdt,953,warlock,destruction,18,10,8
Downbad,ysera,953,warlock,destruction,31,10,21
Siliconsnipe,tichondrius,952,warlock,destruction,12,10,2
Punjj,jubeithos,952,warlock,destruction,18,10,8
Huuchie,moon-guard,951,warlock,destruction,18,10,8
Puscifear,azralon,951,warlock,destruction,30,10,20
Sojupain,kaelthas,950,warlock,destruction,12,10,2
Felryssa,kiljaeden,948,warlock,destruction,24,10,14
Hamadan,azralon,946,warlock,destruction,24,10,14
Cursé,stormrage,944,warlock,destruction,18,10,8
Mogran,twisting-nether,934,warlock,destruction,18,10,8
Marlett,destromath,929,warlock,destruction,107,56,51
Neph,malganis,927,warlock,destruction,20,11,9
Goal,malganis,927,warlock,destruction,20,11,9
Astarõth,zuljin,926,warlock,destruction,26,11,15
Twohandedkil,stormrage,920,warlock,destruction,26,11,15
Xekk,wyrmrest-accord,910,warlock,destruction,23,10,13
Glôck,lightbringer,906,warlock,destruction,26,12,14
Lockyy,khaz-modan,904,warlock,destruction,26,11,15
Ppoonlock,tichondrius,896,warlock,destruction,22,10,12
Funnysoxx,caelestrasz,895,warlock,destruction,16,10,6
Luckehlock,firetree,895,warlock,destruction,17,10,7
Fiennx,dalaran,894,warlock,destruction,17,10,7
Katsby,moon-guard,894,warlock,destruction,17,10,7
Rakudemon,ragnaros,894,warlock,destruction,20,10,10
Rnicu,bonechewer,889,warlock,destruction,36,13,23
Lafuke,tichondrius,880,warlock,destruction,13,10,3
Pyria,boulderfist,877,warlock,destruction,13,10,3
Caesaros,quelthalas,875,warlock,destruction,19,10,9
Matthewx,stormrage,864,warlock,destruction,12,9,3
Lysitheä,moon-guard,864,warlock,destruction,12,9,3
Pengliyuaner,illidan,864,warlock,destruction,12,9,3
Alucarduo,emerald-dream,864,warlock,destruction,12,9,3
Lokiy,ragnaros,864,warlock,destruction,12,9,3
Loksoflove,tichondrius,864,warlock,destruction,12,9,3
Raxxis,moon-guard,864,warlock,destruction,12,9,3
Whaad,tichondrius,864,warlock,destruction,12,9,3
Wenotcoo,tichondrius,864,warlock,destruction,12,9,3
Gottawiz,illidan,864,warlock,destruction,12,9,3
Fearem,tichondrius,864,warlock,destruction,12,9,3
Sëcond,azralon,864,warlock,destruction,12,9,3
Liuh,tichondrius,864,warlock,destruction,12,9,3
Snerp,frostmourne,864,warlock,destruction,12,9,3
Pauldiesel,ragnaros,864,warlock,destruction,12,9,3
Necroboi,alterac-mountains,864,warlock,destruction,16,10,6
Reflexlock,malganis,864,warlock,destruction,18,9,9
Woopie,malfurion,864,warlock,destruction,18,9,9
Starta,tichondrius,864,warlock,destruction,18,9,9
Bigolehogger,area-52,864,warlock,destruction,18,9,9
Miroir,illidan,864,warlock,destruction,18,9,9
Oymmander,illidan,864,warlock,destruction,18,9,9
Voidxo,tichondrius,864,warlock,destruction,18,9,9
Stuffs,wyrmrest-accord,864,warlock,destruction,18,9,9
Scarified,illidan,864,warlock,destruction,18,9,9
Azrezzael,area-52,863,warlock,destruction,12,9,3
Greedy,garrosh,863,warlock,destruction,12,9,3
Ahrimaan,illidan,863,warlock,destruction,12,9,3
Pacopico,illidan,863,warlock,destruction,12,9,3
Mateekabr,malganis,863,warlock,destruction,12,9,3
Buffwarlockz,stormrage,863,warlock,destruction,12,9,3
Glergarby,stormscale,863,warlock,destruction,15,10,5
Byndedlock,dragonmaw,863,warlock,destruction,18,9,9
Minzyw,illidan,863,warlock,destruction,18,9,9
Ruknài,barthilas,863,warlock,destruction,18,9,9
Wåbi,tichondrius,863,warlock,destruction,18,9,9
Rothmar,bleeding-hollow,863,warlock,destruction,18,9,9
Nethron,the-venture-co,863,warlock,destruction,18,9,9
Cyio,zuljin,863,warlock,destruction,18,9,9
Dmox,darkspear,863,warlock,destruction,18,9,9
Goarage,tichondrius,863,warlock,destruction,22,10,12
Rokdas,area-52,863,warlock,destruction,24,9,15
Gingerspise,nathrezim,863,warlock,destruction,24,9,15
Zehoc,thrall,863,warlock,destruction,30,9,21
Cvntpvntcans,kelthuzad,862,warlock,destruction,12,9,3
Çhåos,destromath,862,warlock,destruction,12,9,3
Cogitoergo,stormrage,862,warlock,destruction,12,9,3
Locklockdead,earthen-ring,862,warlock,destruction,12,9,3
Namig,aerie-peak,862,warlock,destruction,12,9,3
Pyresworn,wyrmrest-accord,862,warlock,destruction,12,9,3
Artheás,azralon,862,warlock,destruction,18,9,9
Nmelock,malganis,862,warlock,destruction,18,9,9
Perples,dalaran,862,warlock,destruction,18,9,9
Aksness,stormrage,862,warlock,destruction,18,9,9
Breaad,tichondrius,862,warlock,destruction,24,9,15
Tanathoz,thrall,862,warlock,destruction,28,10,18
Methandmmkay,illidan,861,warlock,destruction,15,10,5
Sugmabone,zuluhed,860,warlock,destruction,12,9,3
Griget,runetotem,860,warlock,destruction,18,9,9
Damdochael,bleeding-hollow,860,warlock,destruction,24,9,15
Githany,hyjal,859,warlock,destruction,18,9,9
Gorskij,frostwolf,859,warlock,destruction,19,9,10
Impieties,emerald-dream,859,warlock,destruction,24,9,15
Cynwise,arathor,858,warlock,destruction,18,9,9
Hookslinger,barthilas,856,warlock,destruction,18,9,9
Boltsfordays,dalaran,856,warlock,destruction,18,9,9
Shadohz,lightnings-blade,855,warlock,destruction,12,9,3
Theporkchunk,nordrassil,855,warlock,destruction,12,9,3
Timmerstar,tichondrius,853,warlock,destruction,18,9,9
Klummzy,tichondrius,850,warlock,destruction,18,9,9
Rustý,illidan,834,warlock,destruction,17,9,8
Freakdoa,blades-edge,834,warlock,destruction,53,20,33
Wasrenai,tichondrius,829,warlock,destruction,23,9,14
Ovosound,tichondrius,815,warlock,destruction,11,9,2
Rockzilatour,tichondrius,815,warlock,destruction,17,9,8
Medeia,tichondrius,799,warlock,destruction,17,9,8
Memnøch,emerald-dream,798,warlock,destruction,17,9,8
Felancholy,illidan,788,warlock,destruction,14,10,4
Tempestzone,barthilas,775,warlock,destruction,19,10,9
Clorvenna,zuljin,768,warlock,destruction,12,8,4
Munje,bleeding-hollow,768,warlock,destruction,12,8,4
Smeezles,frostmourne,768,warlock,destruction,12,8,4
Pandasrlegit,burning-blade,768,warlock,destruction,12,8,4
Palumorl,deathwing,768,warlock,destruction,12,8,4
Diznei,nemesis,768,warlock,destruction,12,8,4
Fearsponce,dragonmaw,768,warlock,destruction,12,8,4
Bopplock,tichondrius,768,warlock,destruction,12,8,4
Blodrain,tichondrius,768,warlock,destruction,12,8,4
Xidothewitch,stormrage,768,warlock,destruction,12,8,4
Zunexx,malganis,768,warlock,destruction,12,8,4
Identiti,tichondrius,768,warlock,destruction,12,8,4
Belandyr,stormrage,768,warlock,destruction,12,8,4
Searinox,scilla,768,warlock,destruction,12,8,4
Frappucino,wyrmrest-accord,768,warlock,destruction,12,8,4
Esolock,malganis,768,warlock,destruction,12,8,4
Manapouli,area-52,768,warlock,destruction,12,8,4
Kápz,darkspear,768,warlock,destruction,12,8,4
Slackjaww,kiljaeden,768,warlock,destruction,12,8,4
Devi,executus,768,warlock,destruction,12,8,4
Dëception,ragnaros,768,warlock,destruction,12,8,4
Xivra,thrall,768,warlock,destruction,12,8,4
Flackory,tichondrius,768,warlock,destruction,12,8,4
Feinnx,dalaran,768,warlock,destruction,12,8,4
Narzhul,drakkari,768,warlock,destruction,12,8,4
Skanckqt,malganis,768,warlock,destruction,12,8,4
Flavakid,malganis,768,warlock,destruction,12,8,4
Roblockz,illidan,768,warlock,destruction,12,8,4
Shinagae,tichondrius,768,warlock,destruction,12,8,4
Aptukk,archimonde,768,warlock,destruction,12,8,4
Nyhn,bleeding-hollow,768,warlock,destruction,13,8,5
Radicalz,ragnaros,768,warlock,destruction,14,8,6
Elfwarlock,aerie-peak,768,warlock,destruction,16,9,7
Chrishasnen,moon-guard,768,warlock,destruction,18,8,10
Gneçro,area-52,768,warlock,destruction,18,8,10
Leruss,zangarmarsh,768,warlock,destruction,18,8,10
Homeboyardee,the-venture-co,768,warlock,destruction,18,8,10
Chazzlock,area-52,768,warlock,destruction,18,8,10
Theredwoman,emerald-dream,768,warlock,destruction,18,8,10
Iniboltquity,tichondrius,768,warlock,destruction,18,8,10
Westhofxx,sargeras,768,warlock,destruction,18,8,10
Laylowl,tichondrius,767,warlock,destruction,12,8,4
Diabolous,malganis,767,warlock,destruction,12,8,4
Yonz,area-52,767,warlock,destruction,12,8,4
Accentuate,tichondrius,767,warlock,destruction,12,8,4
Lilibe,tichondrius,767,warlock,destruction,12,8,4
Egirlgamer,sargeras,767,warlock,destruction,12,8,4
Coil,kiljaeden,767,warlock,destruction,12,8,4
Vilebeing,frostmourne,767,warlock,destruction,12,8,4
Malagas,tichondrius,767,warlock,destruction,12,8,4
Gharlock,tichondrius,767,warlock,destruction,12,8,4
Lynnilock,area-52,767,warlock,destruction,12,8,4
Esteedees,moon-guard,767,warlock,destruction,18,8,10
Exofilth,thrall,767,warlock,destruction,18,8,10
Windwolff,dalvengyr,767,warlock,destruction,18,8,10
Hargol,azralon,767,warlock,destruction,18,8,10
Hellbòund,mugthol,767,warlock,destruction,18,8,10
Barathron,tichondrius,767,warlock,destruction,18,8,10
Aldaill,moon-guard,767,warlock,destruction,18,8,10
Shikyo,lightnings-blade,767,warlock,destruction,18,8,10
Síkaría,malganis,767,warlock,destruction,18,8,10
Staudt,mugthol,766,warlock,destruction,12,8,4
Faldoras,kalecgos,766,warlock,destruction,12,8,4
Doomers,frostmourne,766,warlock,destruction,12,8,4
Raglans,amanthul,766,warlock,destruction,12,8,4
Titusvorenus,runetotem,766,warlock,destruction,18,8,10
Mandley,nazgrel,766,warlock,destruction,18,8,10
Stinkychef,hyjal,765,warlock,destruction,12,8,4
Telvanni,sargeras,765,warlock,destruction,12,8,4
Saraphina,maiev,764,warlock,destruction,27,9,18
Esoo,kul-tiras,763,warlock,destruction,12,8,4
Caryn,dalaran,763,warlock,destruction,18,8,10
Vampir,hellscream,762,warlock,destruction,18,8,10
Superbroly,area-52,762,warlock,destruction,18,8,10
Disrespex,kelthuzad,762,warlock,destruction,18,8,10
Shooterg,tichondrius,761,warlock,destruction,18,8,10
Mshyde,gurubashi,760,warlock,destruction,12,8,4
Rageraff,trollbane,758,warlock,destruction,12,8,4
Oldwing,illidan,735,warlock,destruction,23,8,15
Sotera,bleeding-hollow,719,warlock,destruction,11,8,3
Castngcouch,tichondrius,711,warlock,destruction,21,10,11
Tinyjo,sargeras,703,warlock,destruction,11,8,3
Bäbz,barthilas,703,warlock,destruction,11,8,3
Ihaveapowers,maiev,703,warlock,destruction,11,8,3
Demotional,wyrmrest-accord,703,warlock,destruction,14,8,6
Liljamie,stormrage,703,warlock,destruction,17,8,9
Screampied,sargeras,699,warlock,destruction,20,8,12
Getfeared,emerald-dream,672,warlock,destruction,10,8,2
Kountdrakula,tichondrius,672,warlock,destruction,12,7,5
Mokfernal,tichondrius,672,warlock,destruction,12,7,5
Ðòm,tichondrius,672,warlock,destruction,12,7,5
Poock,goldrinn,672,warlock,destruction,12,7,5
Thewkama,tichondrius,672,warlock,destruction,12,7,5
Ashoraya,area-52,672,warlock,destruction,12,7,5
Tatordotzz,tichondrius,672,warlock,destruction,12,7,5
Dötkill,illidan,672,warlock,destruction,12,7,5
Hellfires,ragnaros,672,warlock,destruction,12,7,5
Busterbob,tichondrius,672,warlock,destruction,12,7,5
Sendnudez,nemesis,672,warlock,destruction,12,7,5
Glizzÿ,thrall,672,warlock,destruction,12,7,5
Suminl,tichondrius,672,warlock,destruction,12,7,5
Uggaboogga,malganis,672,warlock,destruction,12,7,5
Rothslock,tichondrius,672,warlock,destruction,12,7,5
Tamzin,kelthuzad,672,warlock,destruction,12,7,5
Trastham,malganis,672,warlock,destruction,12,7,5
Blair,wildhammer,672,warlock,destruction,12,7,5
Says,gorefiend,672,warlock,destruction,12,7,5
Cragalt,tichondrius,672,warlock,destruction,12,7,5
Insànity,bleeding-hollow,672,warlock,destruction,12,7,5
Dplexs,jubeithos,672,warlock,destruction,12,7,5
Dipgodx,bleeding-hollow,672,warlock,destruction,12,7,5
Salties,magtheridon,672,warlock,destruction,12,7,5
Sonovabeech,winterhoof,672,warlock,destruction,12,7,5
Lokintots,darkspear,672,warlock,destruction,12,7,5
Zelophobiaz,crushridge,672,warlock,destruction,12,7,5
Matilla,tichondrius,672,warlock,destruction,12,7,5
Clingrita,tichondrius,672,warlock,destruction,12,7,5
Snikpan,silver-hand,672,warlock,destruction,12,7,5
Lockdogg,mannoroth,672,warlock,destruction,12,7,5
Mattypatty,the-forgotten-coast,672,warlock,destruction,12,7,5
Ztc,dalaran,672,warlock,destruction,12,7,5
Sylvarri,stormrage,672,warlock,destruction,12,7,5
Nooko,frostmourne,672,warlock,destruction,12,7,5
Furryfears,gurubashi,672,warlock,destruction,12,7,5
Luciusvrenus,tichondrius,672,warlock,destruction,12,7,5
Flicks,arthas,672,warlock,destruction,12,7,5
Balepyre,moon-guard,672,warlock,destruction,12,7,5
Annereyn,stormrage,672,warlock,destruction,12,7,5
Westhofz,sargeras,672,warlock,destruction,12,7,5
Bosswarlock,tichondrius,672,warlock,destruction,13,7,6
Necrófear,tichondrius,672,warlock,destruction,18,7,11
Sladez,tichondrius,672,warlock,destruction,18,7,11
Dmacxl,tichondrius,672,warlock,destruction,18,7,11
Zantology,frostmourne,672,warlock,destruction,18,7,11
Anasúi,quelthalas,672,warlock,destruction,18,7,11
Manã,wyrmrest-accord,671,warlock,destruction,12,7,5
Watchmegate,darkspear,671,warlock,destruction,12,7,5
Irunaways,stormrage,671,warlock,destruction,12,7,5
Boltondahoes,sargeras,671,warlock,destruction,12,7,5
Zyraxx,moon-guard,671,warlock,destruction,12,7,5
Aroris,silver-hand,671,warlock,destruction,12,7,5
Naba,malorne,671,warlock,destruction,12,7,5
Demosthenes,nazjatar,671,warlock,destruction,12,7,5
Grimzo,mugthol,671,warlock,destruction,12,7,5
Kachauwoo,kiljaeden,671,warlock,destruction,18,7,11
Hellslayer,frostmourne,671,warlock,destruction,18,7,11
Wollylock,dark-iron,671,warlock,destruction,18,7,11
Fearlord,shattered-hand,671,warlock,destruction,24,7,17
Altazor,thunderlord,671,warlock,destruction,24,7,17
Doomtome,moon-guard,671,warlock,destruction,26,7,19
Mèrlin,aerie-peak,670,warlock,destruction,12,7,5
Tørturë,tichondrius,670,warlock,destruction,12,7,5
Moreedotss,malganis,670,warlock,destruction,24,7,17
Kristenßell,senjin,669,warlock,destruction,12,7,5
Revenancer,smolderthorn,669,warlock,destruction,12,7,5
Otus,echo-isles,669,warlock,destruction,12,7,5
Gambel,duskwood,669,warlock,destruction,18,7,11
Sumonníng,tichondrius,669,warlock,destruction,18,7,11
Juan,borean-tundra,668,warlock,destruction,18,7,11
Sneakywarlok,dalaran,668,warlock,destruction,19,7,12
Deathjerky,thrall,667,warlock,destruction,12,7,5
Keleiron,velen,663,warlock,destruction,12,7,5
Saltboi,azjolnerub,640,warlock,destruction,16,7,9
Voidxx,tichondrius,639,warlock,destruction,11,7,4
Demondan,magtheridon,638,warlock,destruction,23,7,16
Buildsuccess,tichondrius,623,warlock,destruction,17,7,10
Perfsx,bleeding-hollow,607,warlock,destruction,14,7,7
Furrlokc,tichondrius,607,warlock,destruction,16,7,9
Djvetis,blackhand,592,warlock,destruction,13,7,6
Studathlete,tichondrius,592,warlock,destruction,13,7,6
Redsolojdc,tichondrius,576,warlock,destruction,6,6,0
Notstingz,azralon,576,warlock,destruction,6,6,0
Bbangtimo,tichondrius,576,warlock,destruction,6,6,0
Malevolent,velen,576,warlock,destruction,6,6,0
Naughtybolts,sargeras,576,warlock,destruction,6,6,0
Dudda,sargeras,576,warlock,destruction,6,6,0
Ebølarot,tichondrius,576,warlock,destruction,6,6,0
Mitchosx,frostmourne,576,warlock,destruction,6,6,0
Kòngal,tichondrius,576,warlock,destruction,6,6,0
Schrader,sargeras,576,warlock,destruction,6,6,0
Menggoth,tichondrius,576,warlock,destruction,6,6,0
Winipuhmalo,quelthalas,576,warlock,destruction,6,6,0
Bronzel,tichondrius,576,warlock,destruction,6,6,0
Qp,thrall,576,warlock,destruction,6,6,0
Gabbagoul,sargeras,576,warlock,destruction,6,6,0
Sixv,barthilas,576,warlock,destruction,6,6,0
Chaoscoach,sargeras,576,warlock,destruction,6,6,0
Blanklee,tichondrius,576,warlock,destruction,6,6,0
Naughtybôlts,sargeras,576,warlock,destruction,9,6,3
Broovid,tichondrius,576,warlock,destruction,13,7,6
Celash,barthilas,576,warlock,destruction,12,6,6
Maèlstrom,area-52,576,warlock,destruction,12,6,6
Zedonius,dragonmaw,576,warlock,destruction,12,6,6
Sumrule,dreadmaul,576,warlock,destruction,12,6,6
Kmüz,drakkari,576,warlock,destruction,12,6,6
Wolfib,tichondrius,576,warlock,destruction,12,6,6
Asamsbinladn,illidan,576,warlock,destruction,12,6,6
Sauzith,area-52,576,warlock,destruction,12,6,6
Draxxus,barthilas,576,warlock,destruction,12,6,6
Plutö,thrall,576,warlock,destruction,12,6,6
Mothmayhem,moon-guard,576,warlock,destruction,12,6,6
Twototheone,illidan,576,warlock,destruction,12,6,6
Árkadiano,drakkari,576,warlock,destruction,12,6,6
Canobio,tichondrius,576,warlock,destruction,12,6,6
Tonifortnite,emerald-dream,576,warlock,destruction,12,6,6
Shigero,tichondrius,576,warlock,destruction,12,6,6
Dessoft,ragnaros,576,warlock,destruction,12,6,6
Ronnietherat,tichondrius,576,warlock,destruction,12,6,6
Kulgar,aerie-peak,576,warlock,destruction,12,6,6
Vravras,kelthuzad,576,warlock,destruction,12,6,6
Flu,darkspear,576,warlock,destruction,12,6,6
Ïmpdance,tichondrius,576,warlock,destruction,12,6,6
Footyl,stormrage,576,warlock,destruction,12,6,6
Charmandfarm,nerzhul,576,warlock,destruction,12,6,6
Emptysoul,illidan,576,warlock,destruction,12,6,6
Itsmeagain,area-52,576,warlock,destruction,12,6,6
Crimsonela,emerald-dream,576,warlock,destruction,12,6,6
Betrili,tichondrius,576,warlock,destruction,12,6,6
Soulripped,area-52,576,warlock,destruction,12,6,6
Graingrippin,malganis,576,warlock,destruction,12,6,6
Andrewpg,zuljin,576,warlock,destruction,12,6,6
Kreemy,ysera,576,warlock,destruction,12,6,6
Dauntx,proudmoore,576,warlock,destruction,12,6,6
Coffeezx,malganis,576,warlock,destruction,12,6,6
Beamin,dentarg,576,warlock,destruction,12,6,6
Sepültüra,quelthalas,576,warlock,destruction,12,6,6
Daenon,kiljaeden,576,warlock,destruction,12,6,6
Hiro,steamwheedle-cartel,576,warlock,destruction,12,6,6
Morcegø,azralon,576,warlock,destruction,12,6,6
Girthlock,tichondrius,576,warlock,destruction,12,6,6
Plaintive,moon-guard,576,warlock,destruction,12,6,6
Manalis,zuljin,576,warlock,destruction,12,6,6
Alizondemdik,azralon,576,warlock,destruction,12,6,6
Manethail,aegwynn,576,warlock,destruction,12,6,6
Liability,zuljin,576,warlock,destruction,12,6,6
Marware,quelthalas,576,warlock,destruction,12,6,6
Ritua,dragonmaw,576,warlock,destruction,12,6,6
Potatostew,dalaran,576,warlock,destruction,18,6,12
Lenestus,stormrage,576,warlock,destruction,18,6,12
Tenletters,kirin-tor,576,warlock,destruction,18,6,12
Bêlthazor,kelthuzad,576,warlock,destruction,18,6,12
Plutheros,stormrage,576,warlock,destruction,18,6,12
Feoona,hyjal,576,warlock,destruction,18,6,12
Azracore,illidan,575,warlock,destruction,12,6,6
Rathianna,sargeras,575,warlock,destruction,12,6,6
Naparima,stormreaver,575,warlock,destruction,12,6,6
Baphomët,tichondrius,575,warlock,destruction,12,6,6
Bobthedoc,sargeras,575,warlock,destruction,12,6,6
Skullsoul,arthas,575,warlock,destruction,12,6,6
Crankshaft,nordrassil,575,warlock,destruction,12,6,6
Méhoe,bleeding-hollow,575,warlock,destruction,12,6,6
Beelzibub,firetree,575,warlock,destruction,12,6,6
Daimon,kaelthas,575,warlock,destruction,12,6,6
Oluluo,andorhal,575,warlock,destruction,18,6,12
Nttslock,tichondrius,575,warlock,destruction,18,6,12
Trayga,illidan,574,warlock,destruction,6,6,0
Hungovermate,barthilas,574,warlock,destruction,12,6,6
Tesdeez,tichondrius,574,warlock,destruction,12,6,6
Persephoné,blackrock,574,warlock,destruction,12,6,6
Supercracker,bleeding-hollow,572,warlock,destruction,18,6,12
Friend,frostmourne,559,warlock,destruction,17,6,11
Drdotngo,tichondrius,543,warlock,destruction,8,7,1
Loadybigbolt,dalaran,543,warlock,destruction,11,6,5
Thizzmaa,area-52,527,warlock,destruction,11,6,5
Loch,destromath,527,warlock,destruction,11,6,5
Tm,dalaran,527,warlock,destruction,11,6,5
Exillis,barthilas,527,warlock,destruction,17,6,11
Tesowenn,tichondrius,522,warlock,destruction,15,7,8
Ràistlin,madoran,494,warlock,destruction,11,6,5
Jfet,sargeras,480,warlock,destruction,6,5,1
Unicornspit,tichondrius,480,warlock,destruction,6,5,1
Fabiusbilex,tichondrius,480,warlock,destruction,6,5,1
Leîa,tichondrius,480,warlock,destruction,6,5,1
Jalean,illidan,480,warlock,destruction,6,5,1
Humblegodd,illidan,480,warlock,destruction,6,5,1
Limeriax,emerald-dream,480,warlock,destruction,6,5,1
Kallym,azralon,480,warlock,destruction,6,5,1
Mørøs,tichondrius,480,warlock,destruction,6,5,1
Rebolting,tichondrius,480,warlock,destruction,6,5,1
Efuc,tichondrius,480,warlock,destruction,6,5,1
Malékíth,ragnaros,480,warlock,destruction,6,5,1
Xiáoyan,tichondrius,480,warlock,destruction,6,5,1
Wodwarlock,thrall,480,warlock,destruction,6,5,1
Yuckytoetoe,emerald-dream,480,warlock,destruction,6,5,1
Sibëria,quelthalas,480,warlock,destruction,6,5,1
Khaozx,ragnaros,480,warlock,destruction,6,5,1
Selwitch,dalaran,480,warlock,destruction,6,5,1
Neruvian,tichondrius,480,warlock,destruction,6,5,1
Rentblod,azralon,480,warlock,destruction,6,5,1
Babyvet,stormreaver,480,warlock,destruction,6,5,1
Ascendant,amanthul,480,warlock,destruction,6,5,1
Kubera,mannoroth,480,warlock,destruction,6,5,1
Felegance,proudmoore,480,warlock,destruction,6,5,1
Virûs,vashj,480,warlock,destruction,6,5,1
Destructium,stormrage,480,warlock,destruction,6,5,1
Dippindotz,scilla,480,warlock,destruction,6,5,1
Addonic,hyjal,480,warlock,destruction,6,5,1
Reportmenerd,tichondrius,480,warlock,destruction,6,5,1
Karmalock,malganis,480,warlock,destruction,6,5,1
Beranflakes,darkspear,480,warlock,destruction,6,5,1
Zycas,tichondrius,480,warlock,destruction,6,5,1
Darkboltz,area-52,480,warlock,destruction,6,5,1
Arnan,korgath,480,warlock,destruction,6,5,1
Oreganow,icecrown,480,warlock,destruction,6,5,1
Phyxylock,stormrage,480,warlock,destruction,6,5,1
Idoovoodoo,burning-legion,480,warlock,destruction,6,5,1
Cloperry,area-52,480,warlock,destruction,6,5,1
Ikite,zuljin,480,warlock,destruction,6,5,1
Shadowlifts,kelthuzad,480,warlock,destruction,6,5,1
Richãrdjr,area-52,480,warlock,destruction,6,5,1
Pugnatwo,kelthuzad,480,warlock,destruction,6,5,1
Blorgaflob,thaurissan,480,warlock,destruction,6,5,1
Shïrõ,tichondrius,480,warlock,destruction,6,5,1
Elprup,tichondrius,480,warlock,destruction,6,5,1
Balencinaga,frostmourne,480,warlock,destruction,6,5,1
Spiritofodin,grizzly-hills,480,warlock,destruction,6,5,1
Gritzixx,frostmourne,480,warlock,destruction,6,5,1
Delarae,frostmourne,480,warlock,destruction,6,5,1
Wineburger,frostmourne,480,warlock,destruction,6,5,1
Novah,balnazzar,480,warlock,destruction,6,5,1
Corruptblxck,tichondrius,480,warlock,destruction,9,6,3
Souljäboy,bleeding-hollow,480,warlock,destruction,12,5,7
Daemonixx,vashj,480,warlock,destruction,12,5,7
Lockwell,tichondrius,480,warlock,destruction,12,5,7
Macnab,malganis,480,warlock,destruction,12,5,7
Pontoontim,mugthol,480,warlock,destruction,12,5,7
Pveisboring,tichondrius,480,warlock,destruction,12,5,7
Rhabdo,ravenholdt,480,warlock,destruction,12,5,7
Grenswood,arathor,480,warlock,destruction,12,5,7
Archleon,smolderthorn,480,warlock,destruction,12,5,7
Bellgrande,shadowmoon,480,warlock,destruction,12,5,7
Daremyth,azralon,480,warlock,destruction,12,5,7
Seraphserius,laughing-skull,480,warlock,destruction,12,5,7
Cloudynightz,tichondrius,480,warlock,destruction,12,5,7
Mitryc,illidan,480,warlock,destruction,12,5,7
Errogant,area-52,480,warlock,destruction,12,5,7
Asetiks,tichondrius,480,warlock,destruction,12,5,7
Jankity,kelthuzad,480,warlock,destruction,12,5,7
Døomsday,hyjal,480,warlock,destruction,12,5,7
Topboypepito,tichondrius,480,warlock,destruction,12,5,7
Lockandload,malfurion,480,warlock,destruction,12,5,7
Rytaint,emerald-dream,480,warlock,destruction,12,5,7
Gameface,garrosh,480,warlock,destruction,12,5,7
Contagion,dragonmaw,480,warlock,destruction,12,5,7
Rainali,tichondrius,480,warlock,destruction,12,5,7
Totsdots,blackrock,480,warlock,destruction,12,5,7
Necrotic,mannoroth,480,warlock,destruction,12,5,7
Dommön,ragnaros,480,warlock,destruction,12,5,7
Dautenit,illidan,480,warlock,destruction,12,5,7
Gallynna,moon-guard,480,warlock,destruction,12,5,7
Justganmore,tichondrius,480,warlock,destruction,12,5,7
Snapp,kelthuzad,480,warlock,destruction,12,5,7
Shadowflame,skullcrusher,480,warlock,destruction,12,5,7
Yurick,frostmourne,480,warlock,destruction,12,5,7
Gnimms,sargeras,480,warlock,destruction,12,5,7
Richards,thrall,480,warlock,destruction,12,5,7
Rangmar,ragnaros,480,warlock,destruction,12,5,7
Sylvine,korgath,480,warlock,destruction,12,5,7
Lildottythot,malganis,480,warlock,destruction,12,5,7
Sukmalock,proudmoore,480,warlock,destruction,15,6,9
Dottcha,blackrock,480,warlock,destruction,18,5,13
Ëliphas,tichondrius,480,warlock,destruction,18,5,13
Cursedtool,quelthalas,479,warlock,destruction,9,6,3
Loccdawg,laughing-skull,479,warlock,destruction,12,5,7
Osteogenesis,quelthalas,479,warlock,destruction,12,5,7
Vordz,amanthul,479,warlock,destruction,12,5,7
Grix,uldaman,479,warlock,destruction,12,5,7
Aboode,blackrock,479,warlock,destruction,12,5,7
Daemonddred,hakkar,479,warlock,destruction,18,5,13
Superbvious,lothar,478,warlock,destruction,18,5,13
Marvolö,darkspear,476,warlock,destruction,12,5,7
Casusita,area-52,472,warlock,destruction,12,5,7
Klapincheeks,malganis,468,warlock,destruction,38,8,30
Mordror,azralon,462,warlock,destruction,11,5,6
Viejitaa,quelthalas,447,warlock,destruction,10,6,4
Døtbomb,stormrage,447,warlock,destruction,11,5,6
Britnyfears,korgath,447,warlock,destruction,16,5,11
Umdur,zuljin,432,warlock,destruction,9,5,4
Notoriusmma,illidan,432,warlock,destruction,13,7,6
Heizx,area-52,432,warlock,destruction,15,5,10
Brútek,moon-guard,431,warlock,destruction,11,5,6
Revenus,tichondrius,431,warlock,destruction,11,5,6
Skynflute,tichondrius,416,warlock,destruction,10,5,5
Empowerdlock,garrosh,416,warlock,destruction,10,5,5
Extreme,blackwing-lair,384,warlock,destruction,6,4,2
Saicinxd,darkspear,384,warlock,destruction,6,4,2
Dottzie,malganis,384,warlock,destruction,6,4,2
Smallj,zuljin,384,warlock,destruction,6,4,2
Deathcoill,frostmourne,384,warlock,destruction,6,4,2
Bhris,wildhammer,384,warlock,destruction,6,4,2
Kály,azralon,384,warlock,destruction,6,4,2
Fatherbolt,tichondrius,384,warlock,destruction,6,4,2
Ardamelech,quelthalas,384,warlock,destruction,6,4,2
Stizzy,eredar,384,warlock,destruction,6,4,2
Drezx,frostmourne,384,warlock,destruction,6,4,2
Rendori,the-scryers,384,warlock,destruction,6,4,2
Starwitch,darkspear,384,warlock,destruction,6,4,2
Tsmcfker,tichondrius,384,warlock,destruction,6,4,2
Galtur,azralon,384,warlock,destruction,6,4,2
Calcadius,zuljin,384,warlock,destruction,6,4,2
Thelynx,chogall,384,warlock,destruction,6,4,2
Elldiablo,darkspear,384,warlock,destruction,6,4,2
Warfeen,malganis,384,warlock,destruction,6,4,2
Locksolo,tichondrius,384,warlock,destruction,6,4,2
Agla,quelthalas,384,warlock,destruction,6,4,2
Donttouchme,azralon,384,warlock,destruction,6,4,2
Cowboydann,malganis,384,warlock,destruction,6,4,2
Mérli,quelthalas,384,warlock,destruction,6,4,2
Jakjub,kelthuzad,384,warlock,destruction,6,4,2
Yury,scarlet-crusade,384,warlock,destruction,6,4,2
Jxstinl,tichondrius,384,warlock,destruction,6,4,2
Leroybrown,alterac-mountains,384,warlock,destruction,6,4,2
Honne,sargeras,384,warlock,destruction,6,4,2
Norastrum,area-52,384,warlock,destruction,6,4,2
Shivalx,tichondrius,384,warlock,destruction,6,4,2
Aegywn,gorgonnash,384,warlock,destruction,6,4,2
Roota,dalaran,384,warlock,destruction,6,4,2
Dadtired,tichondrius,384,warlock,destruction,6,4,2
Laytome,stormreaver,384,warlock,destruction,6,4,2
Eatmybeef,ravencrest,384,warlock,destruction,6,4,2
Gladyr,frostmourne,384,warlock,destruction,6,4,2
Fearoshimá,thrall,384,warlock,destruction,6,4,2
Zonss,tichondrius,384,warlock,destruction,6,4,2
Superspreadr,silvermoon,384,warlock,destruction,6,4,2
Beastsuper,tichondrius,384,warlock,destruction,6,4,2
Hawtchili,illidan,384,warlock,destruction,6,4,2
Sprenn,bleeding-hollow,384,warlock,destruction,6,4,2
Drgiggles,tichondrius,384,warlock,destruction,6,4,2
Aikus,quelthalas,384,warlock,destruction,6,4,2
Menedemus,amanthul,384,warlock,destruction,6,4,2
Lockiana,zuljin,384,warlock,destruction,6,4,2
Ozidus,tichondrius,384,warlock,destruction,6,4,2
Souwantwar,kiljaeden,384,warlock,destruction,6,4,2
Ñever,winterhoof,384,warlock,destruction,6,4,2
Moóndust,bleeding-hollow,384,warlock,destruction,6,4,2
Vyrecks,hyjal,384,warlock,destruction,6,4,2
Chumbing,sargeras,384,warlock,destruction,6,4,2
Asalaviik,illidan,384,warlock,destruction,6,4,2
Khaos,norgannon,384,warlock,destruction,6,4,2
Iamfear,shuhalo,384,warlock,destruction,6,4,2
Arredivh,blackhand,384,warlock,destruction,6,4,2
Slappndemons,mugthol,384,warlock,destruction,6,4,2
Danoinfelizz,nemesis,384,warlock,destruction,6,4,2
Hollowl,tichondrius,384,warlock,destruction,6,4,2
Sdiaz,illidan,384,warlock,destruction,6,4,2
Newty,zuljin,384,warlock,destruction,6,4,2
Afflackxl,sargeras,384,warlock,destruction,6,4,2
Eboknight,area-52,384,warlock,destruction,6,4,2
Quetzâlcoâtl,sargeras,384,warlock,destruction,6,4,2
Smnslock,emerald-dream,384,warlock,destruction,6,4,2
Kongal,tichondrius,384,warlock,destruction,6,4,2
Baka,moon-guard,384,warlock,destruction,6,4,2
Litemeatlary,kelthuzad,384,warlock,destruction,6,4,2
Soulbane,jubeithos,384,warlock,destruction,6,4,2
Cursebolt,tichondrius,384,warlock,destruction,6,4,2
Dazedl,stormrage,384,warlock,destruction,6,4,2
Deebeel,sargeras,384,warlock,destruction,6,4,2
Méphisto,emerald-dream,384,warlock,destruction,6,4,2
Pegorn,illidan,384,warlock,destruction,6,4,2
Rodneyjones,emerald-dream,384,warlock,destruction,6,4,2
Damienn,wyrmrest-accord,384,warlock,destruction,6,4,2
Saruon,proudmoore,384,warlock,destruction,6,4,2
Crackhammer,sargeras,384,warlock,destruction,6,4,2
Amilkman,area-52,384,warlock,destruction,6,4,2
Rhelialock,icecrown,384,warlock,destruction,6,4,2
Necrotko,malganis,384,warlock,destruction,6,4,2
Grammapatty,tichondrius,384,warlock,destruction,6,4,2
Synisterlock,moon-guard,384,warlock,destruction,6,4,2
Asiopdu,tichondrius,384,warlock,destruction,6,4,2
Wreckquiem,burning-blade,384,warlock,destruction,6,4,2
Underchicken,blackrock,384,warlock,destruction,6,4,2
Mastasnipah,illidan,384,warlock,destruction,6,4,2
Hadit,malganis,384,warlock,destruction,6,4,2
Adøràßøltz,tichondrius,384,warlock,destruction,6,4,2
Cønsfèáracy,sargeras,384,warlock,destruction,6,4,2
Qfear,tichondrius,384,warlock,destruction,6,4,2
Sonnagalook,sargeras,384,warlock,destruction,6,4,2
Gordoxin,area-52,384,warlock,destruction,6,4,2
Riptyler,illidan,384,warlock,destruction,6,4,2
Frem,eonar,384,warlock,destruction,6,4,2
Honchoe,illidan,384,warlock,destruction,6,4,2
Wiredftwx,illidan,384,warlock,destruction,6,4,2
Thinkchair,sargeras,384,warlock,destruction,6,4,2
Sheetzlock,azgalor,384,warlock,destruction,6,4,2
Outkãst,illidan,384,warlock,destruction,6,4,2
Doubledigit,tichondrius,384,warlock,destruction,6,4,2
Syraxi,illidan,384,warlock,destruction,6,4,2
Zver,drakkari,384,warlock,destruction,6,4,2
Deathtones,moon-guard,384,warlock,destruction,6,4,2
Fullmelt,azjolnerub,384,warlock,destruction,6,4,2
Moramont,stormrage,384,warlock,destruction,6,4,2
Eazyw,stormrage,384,warlock,destruction,6,4,2
Zzat,area-52,384,warlock,destruction,6,4,2
Ahp,stormrage,384,warlock,destruction,9,5,4
Renatis,malganis,384,warlock,destruction,9,5,4
Praemonium,dalaran,384,warlock,destruction,12,4,8
Locdup,sargeras,384,warlock,destruction,12,4,8
Darksòúl,stormrage,384,warlock,destruction,12,4,8
Tarth,sargeras,384,warlock,destruction,12,4,8
Hateslocks,bladefist,384,warlock,destruction,12,4,8
Rumpology,illidan,384,warlock,destruction,12,4,8
Destructing,hyjal,384,warlock,destruction,12,4,8
Pãni,area-52,384,warlock,destruction,12,4,8
Giggideez,bleeding-hollow,384,warlock,destruction,12,4,8
Mokushiroku,trollbane,384,warlock,destruction,12,4,8
Perfidien,tichondrius,384,warlock,destruction,12,4,8
Fearsntears,stormrage,384,warlock,destruction,12,4,8
Overlard,illidan,384,warlock,destruction,12,4,8
Evarona,gorefiend,384,warlock,destruction,12,4,8
Oxylock,magtheridon,384,warlock,destruction,12,4,8
Jáws,zuljin,384,warlock,destruction,12,4,8
Offendor,stormrage,384,warlock,destruction,12,4,8
Awangdemon,tichondrius,384,warlock,destruction,12,4,8
Fowll,frostwolf,384,warlock,destruction,12,4,8
Daedayus,frostwolf,384,warlock,destruction,12,4,8
Flocka,agamaggan,384,warlock,destruction,12,4,8
Soulinite,fizzcrank,384,warlock,destruction,12,4,8
Poisondeepnu,malganis,384,warlock,destruction,12,4,8
Cursedoll,ragnaros,384,warlock,destruction,12,4,8
Pitou,akama,384,warlock,destruction,12,4,8
Kholdstarev,thunderlord,384,warlock,destruction,12,4,8
Nazrakin,malganis,384,warlock,destruction,12,4,8
Dotington,frostmourne,384,warlock,destruction,12,4,8
Catastrophk,malganis,384,warlock,destruction,12,4,8
Ktlock,frostmourne,384,warlock,destruction,12,4,8
Stepmommie,moon-guard,384,warlock,destruction,12,4,8
Medraut,wyrmrest-accord,384,warlock,destruction,12,4,8
Mostlyundead,darkspear,384,warlock,destruction,12,4,8
Letsfckingo,tichondrius,384,warlock,destruction,12,4,8
Threk,quelthalas,384,warlock,destruction,12,4,8
Syileria,frostmourne,384,warlock,destruction,12,4,8
Carcine,frostwolf,384,warlock,destruction,12,4,8
Capslockfury,frostmourne,384,warlock,destruction,12,4,8
Mozbet,kiljaeden,384,warlock,destruction,13,4,9
Ravikk,dalaran,384,warlock,destruction,18,4,14
Pvman,onyxia,384,warlock,destruction,18,4,14
Halkroz,nathrezim,383,warlock,destruction,6,4,2
Destroyaz,stormreaver,383,warlock,destruction,6,4,2
Fearanddots,moon-guard,383,warlock,destruction,12,4,8
Downing,drakkari,383,warlock,destruction,12,4,8
Spicý,sargeras,383,warlock,destruction,12,4,8
Asheräh,stormrage,383,warlock,destruction,12,4,8
Kurmenos,uldum,382,warlock,destruction,6,4,2
Mageline,thrall,382,warlock,destruction,18,4,14
Fartonomus,illidan,381,warlock,destruction,12,4,8
Valintine,khadgar,367,warlock,destruction,9,5,4
Vanvídd,ragnaros,351,warlock,destruction,11,4,7
Shendotigans,illidan,351,warlock,destruction,11,4,7
Gobbledeez,moknathal,349,warlock,destruction,19,5,14
Lökdown,dalaran,330,warlock,destruction,9,7,2
Lockazo,quelthalas,330,warlock,destruction,11,6,5
Sooshi,malganis,330,warlock,destruction,11,6,5
Wayce,burning-blade,320,warlock,destruction,10,4,6
Sojulord,sargeras,320,warlock,destruction,10,4,6
Seltzi,illidan,319,warlock,destruction,5,4,1
Saintläurent,bleeding-hollow,319,warlock,destruction,5,4,1
Lockedyaup,skullcrusher,319,warlock,destruction,8,4,4
Romminus,zuljin,304,warlock,destruction,7,4,3
Crucifieds,tichondrius,288,warlock,destruction,6,3,3
Massivebolts,area-52,288,warlock,destruction,6,3,3
Xblessed,stormrage,288,warlock,destruction,6,3,3
Trainwreck,sargeras,288,warlock,destruction,6,3,3
Fungiforest,kelthuzad,288,warlock,destruction,6,3,3
Pheríe,sargeras,288,warlock,destruction,6,3,3
Papablasty,nagrand,288,warlock,destruction,6,3,3
Ratedtorgast,illidan,288,warlock,destruction,6,3,3
Ceeloftw,tichondrius,288,warlock,destruction,6,3,3
Embraces,tichondrius,288,warlock,destruction,6,3,3
Metaphors,stormrage,288,warlock,destruction,6,3,3
Quadrillion,stormrage,288,warlock,destruction,6,3,3
Vxms,barthilas,288,warlock,destruction,6,3,3
Ijustsharded,area-52,288,warlock,destruction,6,3,3
Felsgoodman,illidan,288,warlock,destruction,6,3,3
Tjdotter,stormrage,288,warlock,destruction,6,3,3
Søulswap,tichondrius,288,warlock,destruction,6,3,3
Cocoabuttâ,stormrage,288,warlock,destruction,6,3,3
Poggyjones,tichondrius,288,warlock,destruction,6,3,3
Xephostwo,area-52,288,warlock,destruction,6,3,3
Siellisele,illidan,288,warlock,destruction,6,3,3
Warlocknroll,frostmourne,288,warlock,destruction,6,3,3
Damerus,illidan,288,warlock,destruction,6,3,3
Borudo,thrall,288,warlock,destruction,6,3,3
Dashaad,illidan,288,warlock,destruction,6,3,3
Uwubolt,moon-guard,288,warlock,destruction,6,3,3
Markov,goldrinn,288,warlock,destruction,6,3,3
Nutzosaurus,darkspear,288,warlock,destruction,6,3,3
Deejaye,frostmourne,288,warlock,destruction,6,3,3
Tomathus,moon-guard,288,warlock,destruction,6,3,3
Joung,tichondrius,288,warlock,destruction,6,3,3
Lamdyn,moon-guard,288,warlock,destruction,6,3,3
Destruction,frostmourne,288,warlock,destruction,6,3,3
Nismo,trollbane,288,warlock,destruction,6,3,3
Djfear,tichondrius,288,warlock,destruction,6,3,3
Shadowmoonon,tichondrius,288,warlock,destruction,6,3,3
Amuros,illidan,288,warlock,destruction,6,3,3
Shatteroidz,darkspear,288,warlock,destruction,6,3,3
Vafa,kelthuzad,288,warlock,destruction,6,3,3
Darthzugzug,gorefiend,288,warlock,destruction,6,3,3
Blastindotz,frostmane,288,warlock,destruction,6,3,3
Phénom,tichondrius,288,warlock,destruction,6,3,3
Tamzlock,the-forgotten-coast,288,warlock,destruction,6,3,3
Yikës,stormrage,288,warlock,destruction,6,3,3
Jishtructo,frostmourne,288,warlock,destruction,6,3,3
Hamdulla,tichondrius,288,warlock,destruction,6,3,3
Avadakedavra,warsong,288,warlock,destruction,6,3,3
Sweetjezuz,barthilas,288,warlock,destruction,6,3,3
Dotbot,blades-edge,288,warlock,destruction,6,3,3
Siphoned,darkspear,288,warlock,destruction,6,3,3
Zephee,queldorei,288,warlock,destruction,6,3,3
Nihilus,anvilmar,288,warlock,destruction,6,3,3
Yuvirayz,illidan,288,warlock,destruction,6,3,3
Ragnorök,medivh,288,warlock,destruction,6,3,3
Pikvas,darkspear,288,warlock,destruction,6,3,3
Cancer,bloodscalp,288,warlock,destruction,6,3,3
Pocserlock,drakkari,288,warlock,destruction,6,3,3
Unquit,frostmourne,288,warlock,destruction,6,3,3
Hauntgød,tichondrius,288,warlock,destruction,6,3,3
Milkybøng,area-52,288,warlock,destruction,6,3,3
Jerclard,proudmoore,288,warlock,destruction,6,3,3
Pennÿ,quelthalas,288,warlock,destruction,6,3,3
Vampydark,quelthalas,288,warlock,destruction,6,3,3
Warlooch,area-52,288,warlock,destruction,6,3,3
Atheô,ragnaros,288,warlock,destruction,6,3,3
Iemonv,vashj,288,warlock,destruction,6,3,3
Gurlock,illidan,288,warlock,destruction,6,3,3
Lillpfudd,area-52,288,warlock,destruction,6,3,3
Feartool,stormrage,288,warlock,destruction,6,3,3
Crashcrash,area-52,288,warlock,destruction,6,3,3
Nytefels,skullcrusher,288,warlock,destruction,6,3,3
Gotfear,zuljin,288,warlock,destruction,6,3,3
Youkeyoh,illidan,288,warlock,destruction,6,3,3
Ganondolph,sargeras,288,warlock,destruction,6,3,3
Drelgun,aerie-peak,288,warlock,destruction,6,3,3
Eiram,ragnaros,288,warlock,destruction,6,3,3
Famelol,tichondrius,288,warlock,destruction,6,3,3
Zuelu,tichondrius,288,warlock,destruction,6,3,3
Pillçosby,tichondrius,288,warlock,destruction,6,3,3
Lockabeesha,chogall,288,warlock,destruction,6,3,3
Lübelock,illidan,288,warlock,destruction,6,3,3
Hairydottr,malganis,288,warlock,destruction,6,3,3
Dìpndots,wyrmrest-accord,288,warlock,destruction,6,3,3
Ärminvßuurën,barthilas,288,warlock,destruction,6,3,3
Meltingface,bleeding-hollow,288,warlock,destruction,6,3,3
Devi,destromath,288,warlock,destruction,6,3,3
Saffuky,frostmourne,288,warlock,destruction,6,3,3
Demfearslol,terokkar,288,warlock,destruction,6,3,3
Sauronne,illidan,288,warlock,destruction,6,3,3
Enmama,malganis,288,warlock,destruction,6,3,3
Zalurk,emerald-dream,288,warlock,destruction,6,3,3
Dluttysots,emerald-dream,288,warlock,destruction,6,3,3
Dohmie,argent-dawn,288,warlock,destruction,6,3,3
Ciprýan,azralon,288,warlock,destruction,6,3,3
Fatals,thrall,288,warlock,destruction,6,3,3
Aruotnof,nemesis,288,warlock,destruction,6,3,3
Ÿoucantwin,kiljaeden,288,warlock,destruction,6,3,3
Oleg,bleeding-hollow,288,warlock,destruction,6,3,3
Dogcookie,moon-guard,288,warlock,destruction,6,3,3
Neversoft,bleeding-hollow,288,warlock,destruction,6,3,3
Jhivtwo,tichondrius,288,warlock,destruction,6,3,3
Amauder,moon-guard,288,warlock,destruction,6,3,3
Anastadora,proudmoore,288,warlock,destruction,6,3,3
Merlinsbeard,zuluhed,288,warlock,destruction,6,3,3
Bunami,kiljaeden,288,warlock,destruction,6,3,3
Wondon,tichondrius,288,warlock,destruction,6,3,3
Háydn,azuremyst,288,warlock,destruction,6,3,3
Creedmore,sargeras,288,warlock,destruction,6,3,3
Carpedemon,malganis,288,warlock,destruction,6,3,3
Gattsonn,kiljaeden,288,warlock,destruction,6,3,3
Geofar,bleeding-hollow,288,warlock,destruction,6,3,3
Muchopower,ragnaros,288,warlock,destruction,6,3,3
Bhalthazar,staghelm,288,warlock,destruction,6,3,3
Shadow,frostwolf,288,warlock,destruction,6,3,3
Souldotz,proudmoore,288,warlock,destruction,6,3,3
Maleficist,bleeding-hollow,288,warlock,destruction,6,3,3
Shâdowman,stormrage,288,warlock,destruction,6,3,3
Ðëâthløck,tichondrius,288,warlock,destruction,6,3,3
Ägnar,nemesis,288,warlock,destruction,6,3,3
Speakeasy,malygos,288,warlock,destruction,6,3,3
Blaxzlock,stormscale,288,warlock,destruction,6,3,3
Necrotiá,tichondrius,288,warlock,destruction,6,3,3
Westtung,tichondrius,288,warlock,destruction,7,3,4
Taldaroth,moon-guard,288,warlock,destruction,7,3,4
Hachiui,galakrond,288,warlock,destruction,12,3,9
Wyrelock,hyjal,288,warlock,destruction,12,3,9
Shendù,stormrage,288,warlock,destruction,12,3,9
Drsmegmaz,dreadmaul,288,warlock,destruction,12,3,9
Drwolfman,bonechewer,288,warlock,destruction,12,3,9
Gdpx,malganis,288,warlock,destruction,12,3,9
Prelick,illidan,288,warlock,destruction,12,3,9
Darkhadouken,sargeras,288,warlock,destruction,12,3,9
Gorgaron,zuljin,288,warlock,destruction,12,3,9
Reluxify,dalaran,288,warlock,destruction,12,3,9
Xdta,frostmourne,288,warlock,destruction,12,3,9
Rabiesdot,tichondrius,288,warlock,destruction,12,3,9
Shaddaj,illidan,288,warlock,destruction,12,3,9
Valkynaris,chogall,288,warlock,destruction,12,3,9
Trotndot,dragonmaw,288,warlock,destruction,12,3,9
Fazzlock,nagrand,288,warlock,destruction,12,3,9
Mireffect,auchindoun,288,warlock,destruction,12,3,9
Gulliftonan,zuljin,288,warlock,destruction,18,3,15
Infortunium,sargeras,287,warlock,destruction,6,3,3
Izmadara,frostmane,287,warlock,destruction,6,3,3
Verybaked,sargeras,287,warlock,destruction,6,3,3
Kklock,frostmourne,287,warlock,destruction,6,3,3
Trrolling,jubeithos,287,warlock,destruction,12,5,7
Alvatio,tichondrius,287,warlock,destruction,12,3,9
Evilbacon,stormrage,287,warlock,destruction,12,3,9
Myshadow,gorefiend,287,warlock,destruction,18,3,15
Elyzier,gallywix,286,warlock,destruction,12,3,9
Drunklockdot,tichondrius,271,warlock,destruction,11,3,8
Ainzeal,nagrand,256,warlock,destruction,4,4,0
Sophia,wildhammer,255,warlock,destruction,8,4,4
Nobuyori,tichondrius,255,warlock,destruction,11,3,8
Draisien,moon-guard,250,warlock,destruction,7,5,2
Blightbeast,area-52,239,warlock,destruction,5,3,2
Nawtychannel,aegwynn,239,warlock,destruction,5,3,2
Nozixx,thrall,224,warlock,destruction,10,3,7
Perfidious,altar-of-storms,192,warlock,destruction,4,3,1
Portalgun,tichondrius,192,warlock,destruction,4,3,1
Mldxd,undermine,192,warlock,destruction,4,3,1
Particles,proudmoore,192,warlock,destruction,4,3,1
Qbl,wyrmrest-accord,192,warlock,destruction,6,2,4
Savemykoalas,tichondrius,192,warlock,destruction,6,2,4
Innerforce,tichondrius,192,warlock,destruction,6,2,4
Deiformis,malganis,192,warlock,destruction,6,2,4
Shanelle,korgath,192,warlock,destruction,6,2,4
Fluffylockk,bloodscalp,192,warlock,destruction,6,2,4
Sinissa,ysondre,192,warlock,destruction,6,2,4
Gløcked,area-52,192,warlock,destruction,6,2,4
Cityswimmer,malganis,192,warlock,destruction,6,2,4
Ðuckworth,azralon,192,warlock,destruction,6,2,4
Royalmace,dethecus,192,warlock,destruction,6,2,4
Medusablood,area-52,192,warlock,destruction,6,2,4
Darkbaron,khadgar,192,warlock,destruction,6,2,4
Sulívan,azralon,192,warlock,destruction,6,2,4
Morganith,ravenholdt,192,warlock,destruction,6,2,4
Fjklock,nemesis,192,warlock,destruction,6,2,4
Reckzet,stormrage,192,warlock,destruction,6,2,4
Lazzie,thrall,192,warlock,destruction,6,2,4
Mothapucka,thrall,192,warlock,destruction,6,2,4
Cynnd,tichondrius,192,warlock,destruction,6,2,4
Nazug,dark-iron,192,warlock,destruction,6,2,4
Ibanez,bleeding-hollow,192,warlock,destruction,6,2,4
Dach,moon-guard,192,warlock,destruction,6,2,4
Tlock,azjolnerub,192,warlock,destruction,6,2,4
Daesire,moon-guard,192,warlock,destruction,6,2,4
Guisls,azralon,192,warlock,destruction,6,2,4
Dêmonique,azralon,192,warlock,destruction,6,2,4
Aededa,proudmoore,192,warlock,destruction,6,2,4
Gihaewon,tichondrius,192,warlock,destruction,6,2,4
Sugarfire,nemesis,192,warlock,destruction,6,2,4
Edielyth,proudmoore,192,warlock,destruction,6,2,4
Leine,proudmoore,192,warlock,destruction,6,2,4
Shadowy,dragonblight,192,warlock,destruction,6,2,4
Mutexlock,whisperwind,192,warlock,destruction,6,2,4
Diabolock,proudmoore,192,warlock,destruction,6,2,4
Disapoin,stormrage,192,warlock,destruction,6,2,4
Ricklock,aggramar,192,warlock,destruction,6,2,4
Imindanger,frostmourne,192,warlock,destruction,6,2,4
Marshyxd,tichondrius,192,warlock,destruction,6,2,4
Iadminl,moon-guard,192,warlock,destruction,6,2,4
Itzlandox,emerald-dream,192,warlock,destruction,6,2,4
Voltshot,tichondrius,192,warlock,destruction,6,2,4
Biznam,tichondrius,192,warlock,destruction,6,2,4
Adalaya,emerald-dream,192,warlock,destruction,6,2,4
Jinxdacat,shandris,192,warlock,destruction,6,2,4
Njunx,queldorei,192,warlock,destruction,6,2,4
Dotcòm,illidan,192,warlock,destruction,6,2,4
Sorenbjerga,zuljin,192,warlock,destruction,6,2,4
Muffinlol,frostmourne,192,warlock,destruction,6,2,4
Bludlock,illidan,192,warlock,destruction,6,2,4
Zoboo,zuljin,192,warlock,destruction,6,2,4
Albuuss,daggerspine,192,warlock,destruction,6,2,4
Theredwolf,zuljin,192,warlock,destruction,6,2,4
Terminall,quelthalas,192,warlock,destruction,6,2,4
Omegawarlock,quelthalas,192,warlock,destruction,6,2,4
Peeberson,tichondrius,192,warlock,destruction,6,2,4
Sinsky,darkspear,192,warlock,destruction,6,2,4
Ourlegacy,tichondrius,192,warlock,destruction,6,2,4
Falsaqt,area-52,192,warlock,destruction,6,2,4
Gvz,tichondrius,192,warlock,destruction,6,2,4
Apokálipse,frostmourne,192,warlock,destruction,6,2,4
Nameflagged,arathor,192,warlock,destruction,6,2,4
Fstndantilus,moonrunner,192,warlock,destruction,6,2,4
Cthuga,frostmourne,192,warlock,destruction,6,2,4
Aliciayd,andorhal,192,warlock,destruction,6,2,4
Spicyfingers,illidan,192,warlock,destruction,6,2,4
Outlanderr,tichondrius,192,warlock,destruction,6,2,4
Hollows,burning-blade,192,warlock,destruction,6,2,4
Dotsfired,crushridge,192,warlock,destruction,6,2,4
Cholock,anubarak,192,warlock,destruction,6,2,4
Donutd,stormrage,192,warlock,destruction,6,2,4
Gadalann,area-52,192,warlock,destruction,6,2,4
Yordich,kelthuzad,192,warlock,destruction,6,2,4
Demonia,dathremar,192,warlock,destruction,6,2,4
Hadeys,amanthul,192,warlock,destruction,6,2,4
Squatchamp,sargeras,192,warlock,destruction,6,2,4
Lhorgainz,area-52,192,warlock,destruction,6,2,4
Phreaky,area-52,192,warlock,destruction,6,2,4
Locksama,area-52,192,warlock,destruction,6,2,4
Abbyshapiro,kelthuzad,192,warlock,destruction,6,2,4
Asaveyous,wyrmrest-accord,192,warlock,destruction,6,2,4
Ramone,turalyon,192,warlock,destruction,6,2,4
Sinnâcle,illidan,192,warlock,destruction,6,2,4
Oopsíe,nagrand,192,warlock,destruction,6,2,4
Loçkshow,hyjal,192,warlock,destruction,6,2,4
Theboss,arygos,192,warlock,destruction,6,2,4
Fantumz,illidan,192,warlock,destruction,6,2,4
Nuradzec,illidan,192,warlock,destruction,6,2,4
Funnelcakies,area-52,192,warlock,destruction,6,2,4
Æonas,bladefist,192,warlock,destruction,6,2,4
Kelici,borean-tundra,192,warlock,destruction,6,2,4
Bowltz,chogall,192,warlock,destruction,6,2,4
Yungwilly,silvermoon,192,warlock,destruction,6,2,4
Infant,agamaggan,192,warlock,destruction,6,2,4
Rxjr,sargeras,192,warlock,destruction,6,2,4
Harambê,sargeras,192,warlock,destruction,6,2,4
Ozgwad,thunderhorn,192,warlock,destruction,6,2,4
Ðamndaddy,sargeras,192,warlock,destruction,6,2,4
Deanwarlock,sargeras,192,warlock,destruction,6,2,4
Sathorastus,spirestone,192,warlock,destruction,6,2,4
Dedremus,korialstrasz,192,warlock,destruction,6,2,4
Dotdoctor,thrall,192,warlock,destruction,9,2,7
Wizie,arthas,192,warlock,destruction,12,2,10
Brough,illidan,192,warlock,destruction,12,2,10
Dapperdanxy,tichondrius,192,warlock,destruction,12,2,10
Yetiaids,tichondrius,192,warlock,destruction,12,2,10
Luntrazz,arthas,192,warlock,destruction,12,2,10
Kandrus,moon-guard,192,warlock,destruction,12,2,10
Corezach,proudmoore,192,warlock,destruction,12,2,10
Abramerlin,tichondrius,192,warlock,destruction,12,2,10
Asumi,nemesis,192,warlock,destruction,12,2,10
Eldrien,spirestone,191,warlock,destruction,6,2,4
Fidobiu,stormrage,191,warlock,destruction,6,2,4
Mystickittie,aerie-peak,191,warlock,destruction,6,2,4
Eatmyboltz,hyjal,159,warlock,destruction,5,2,3
Fearfeaster,tichondrius,159,warlock,destruction,5,2,3
Prds,illidan,159,warlock,destruction,5,2,3
Hayhatchie,nagrand,159,warlock,destruction,5,2,3
Dotyoazz,stormrage,159,warlock,destruction,5,2,3
Rosacrutian,tichondrius,128,warlock,destruction,4,2,2
Miggazzizle,senjin,128,warlock,destruction,4,2,2
Deathboltx,zuljin,96,warlock,destruction,3,2,1
Crankak,zuljin,96,warlock,destruction,3,2,1
Goodforyou,stormscale,96,warlock,destruction,3,2,1
Bigdoinks,nagrand,96,warlock,destruction,6,1,5
Xaryus,barthilas,96,warlock,destruction,6,1,5
Blastyboat,terenas,96,warlock,destruction,6,1,5
Lizlock,stormrage,96,warlock,destruction,6,1,5
Fearndot,draenor,96,warlock,destruction,6,1,5
Lockedinn,mannoroth,96,warlock,destruction,6,1,5
Resima,stormscale,96,warlock,destruction,6,1,5
Esoteríc,sargeras,96,warlock,destruction,6,1,5
Sheara,silver-hand,96,warlock,destruction,6,1,5
Charlîe,vashj,96,warlock,destruction,6,1,5
Lazymongoose,frostmourne,96,warlock,destruction,6,1,5
Koillock,bleeding-hollow,96,warlock,destruction,6,1,5
Plaguedoctor,stormrage,96,warlock,destruction,6,1,5
Darkmatter,frostmourne,96,warlock,destruction,6,1,5
Amour,wyrmrest-accord,96,warlock,destruction,6,1,5
Gsr,bleeding-hollow,96,warlock,destruction,6,1,5
Gamecobra,greymane,96,warlock,destruction,6,1,5
Demonist,moon-guard,96,warlock,destruction,6,1,5
Lawkdown,dark-iron,96,warlock,destruction,6,1,5
Lokiiee,azuremyst,96,warlock,destruction,6,1,5
Chilevael,sargeras,96,warlock,destruction,6,1,5
Mílkduds,zuljin,96,warlock,destruction,6,1,5
Wesyane,anetheron,96,warlock,destruction,6,1,5
Fearfactory,lethon,96,warlock,destruction,6,1,5
Badufin,azralon,96,warlock,destruction,6,1,5
Ensanaty,dalaran,96,warlock,destruction,6,1,5
Alcorick,moon-guard,96,warlock,destruction,6,1,5
Proletariat,moon-guard,96,warlock,destruction,6,1,5
Basticor,moon-guard,96,warlock,destruction,6,1,5
Yuengling,illidan,96,warlock,destruction,6,1,5
Mcpickl,illidan,96,warlock,destruction,6,1,5
Adlfcritler,emerald-dream,96,warlock,destruction,6,1,5
Monstir,sargeras,96,warlock,destruction,6,1,5
Siinistuh,tichondrius,96,warlock,destruction,6,1,5
Teefgap,sargeras,96,warlock,destruction,6,1,5
Wickedicky,alleria,96,warlock,destruction,6,1,5
Pspot,kiljaeden,96,warlock,destruction,6,1,5
Juniorsalanu,quelthalas,96,warlock,destruction,6,1,5
Vendareth,earthen-ring,96,warlock,destruction,6,1,5
Voky,whisperwind,96,warlock,destruction,6,1,5
Kurtcodrain,blackhand,96,warlock,destruction,6,1,5
Imbadatpvp,tichondrius,96,warlock,destruction,6,1,5
Ezgamejr,tichondrius,96,warlock,destruction,6,1,5
Elaïla,area-52,96,warlock,destruction,6,1,5
Katastrophïk,area-52,96,warlock,destruction,6,1,5
Saytiri,tichondrius,96,warlock,destruction,6,1,5
Infear,area-52,96,warlock,destruction,6,1,5
Slipnslide,malganis,96,warlock,destruction,6,1,5
Kaotiq,area-52,96,warlock,destruction,6,1,5
Biigdaddyy,kelthuzad,96,warlock,destruction,6,1,5
Darezs,frostmourne,96,warlock,destruction,6,1,5
Cornboil,tichondrius,96,warlock,destruction,6,1,5
Vexxes,malganis,96,warlock,destruction,6,1,5
Acribal,quelthalas,96,warlock,destruction,6,1,5
Shadococo,tichondrius,96,warlock,destruction,6,1,5
Jill,thunderhorn,96,warlock,destruction,6,1,5
Karpawarlock,ragnaros,96,warlock,destruction,6,1,5
Kraguenöth,drakkari,96,warlock,destruction,6,1,5
Tartamuda,ragnaros,96,warlock,destruction,6,1,5
Gulgrin,eldrethalas,96,warlock,destruction,6,1,5
Wherelock,area-52,96,warlock,destruction,7,1,6
Beamac,cenarius,96,warlock,destruction,8,1,7
Anubís,vashj,79,warlock,destruction,5,1,4
Chéztér,proudmoore,79,warlock,destruction,11,1,10
Felse,stormrage,64,warlock,destruction,10,1,9
Fellraiser,bleeding-hollow,48,warlock,destruction,3,1,2
Kosugi,kelthuzad,42,warlock,destruction,8,2,6
Humanwarlock,spirestone,42,warlock,destruction,9,2,7
Amarexd,stormrage,31,warlock,destruction,2,1,1
Moräl,frostmourne,31,warlock,destruction,2,1,1
Heathncraig,illidan,31,warlock,destruction,2,1,1
Americanbull,moon-guard,2157,warrior,fury,247,133,114
Grimgrip,frostmane,2131,warrior,fury,92,53,39
Cabelastwo,tichondrius,2124,warrior,fury,87,46,41
Cabelas,tichondrius,2121,warrior,fury,77,41,36
Thrator,wyrmrest-accord,2110,warrior,fury,108,55,53
Riproarin,stormrage,2105,warrior,fury,92,53,39
Joshiman,area-52,2075,warrior,fury,72,39,33
Sworda,sargeras,2017,warrior,fury,77,48,29
Gazzef,thrall,1980,warrior,fury,66,38,28
Eno,ragnaros,1967,warrior,fury,63,44,19
Ragwreck,bleeding-hollow,1959,warrior,fury,68,35,33
Furrytakeda,kelthuzad,1925,warrior,fury,72,39,33
Damonadrann,proudmoore,1859,warrior,fury,66,34,32
Lahired,drakkari,1857,warrior,fury,113,51,62
Warqt,kelthuzad,1851,warrior,fury,59,32,27
Melifehorde,tichondrius,1848,warrior,fury,216,110,106
Cannabiddies,illidan,1845,warrior,fury,42,22,20
Badvelic,tichondrius,1839,warrior,fury,40,24,16
Hlt,tichondrius,1839,warrior,fury,48,28,20
Jenjang,proudmoore,1834,warrior,fury,83,52,31
Zanzaa,sargeras,1830,warrior,fury,67,37,30
Ragwreckz,bleeding-hollow,1826,warrior,fury,52,32,20
Soymong,frostmourne,1825,warrior,fury,116,74,42
Mty,tichondrius,1824,warrior,fury,54,35,19
Szauren,stormrage,1824,warrior,fury,63,31,32
Apocalyptist,stormrage,1821,warrior,fury,99,58,41
Bosswin,tichondrius,1820,warrior,fury,53,28,25
Skyja,quelthalas,1820,warrior,fury,42,22,20
Dowser,goldrinn,1820,warrior,fury,119,62,57
Wienertoes,tichondrius,1820,warrior,fury,78,40,38
Veyrin,stormrage,1818,warrior,fury,138,81,57
Isahri,moon-guard,1818,warrior,fury,110,64,46
Brodestar,sargeras,1816,warrior,fury,30,20,10
Zujuzo,moon-guard,1815,warrior,fury,111,64,47
Neôn,frostmourne,1815,warrior,fury,66,37,29
Darkduke,tichondrius,1813,warrior,fury,33,21,12
Donutwar,proudmoore,1813,warrior,fury,54,30,24
Barafang,wyrmrest-accord,1811,warrior,fury,234,125,109
Kennäy,azralon,1810,warrior,fury,46,28,18
Psychogenic,barthilas,1810,warrior,fury,102,60,42
Zyzz,scarlet-crusade,1807,warrior,fury,72,41,31
Killuall,sargeras,1807,warrior,fury,42,23,19
Yawdamper,illidan,1805,warrior,fury,51,32,19
Starshattr,bleeding-hollow,1805,warrior,fury,108,64,44
Seoní,wyrmrest-accord,1805,warrior,fury,76,43,33
Franticlol,tichondrius,1802,warrior,fury,90,59,31
Cubie,malganis,1802,warrior,fury,75,40,35
Tøpg,sargeras,1801,warrior,fury,55,32,23
Ágsdóùblémàú,bleeding-hollow,1794,warrior,fury,108,60,48
Rekatron,area-52,1783,warrior,fury,49,25,24
Sandronb,illidan,1781,warrior,fury,60,28,32
Sàndman,malganis,1775,warrior,fury,39,23,16
Rôxi,malganis,1771,warrior,fury,59,29,30
Jimjinjin,tichondrius,1770,warrior,fury,54,29,25
Vèév,proudmoore,1765,warrior,fury,38,25,13
Choppiechop,area-52,1763,warrior,fury,42,26,16
Shibaraku,tichondrius,1743,warrior,fury,136,69,67
Bigfatork,area-52,1741,warrior,fury,76,38,38
Dripgodx,malganis,1736,warrior,fury,54,30,24
Gooberbear,frostmourne,1732,warrior,fury,115,64,51
Shadax,bleeding-hollow,1730,warrior,fury,128,69,59
Beanstrom,tichondrius,1729,warrior,fury,77,39,38
Escånor,moon-guard,1728,warrior,fury,25,19,6
Onionsauce,frostmourne,1718,warrior,fury,90,51,39
Duochuanjun,illidan,1710,warrior,fury,42,25,17
Zangetsy,sargeras,1697,warrior,fury,57,35,22
Mochigome,moon-guard,1696,warrior,fury,97,49,48
Scolpi,stormrage,1695,warrior,fury,76,42,34
Slughorn,moon-guard,1694,warrior,fury,54,26,28
Chopped,wyrmrest-accord,1694,warrior,fury,75,32,43
Onîkudakì,sargeras,1689,warrior,fury,85,52,33
Jírky,ragnaros,1684,warrior,fury,174,95,79
Scrotedog,area-52,1680,warrior,fury,55,24,31
Tyroe,thunderhorn,1679,warrior,fury,36,22,14
Torbajhorn,moon-guard,1676,warrior,fury,60,31,29
Fearless,moon-guard,1675,warrior,fury,126,68,58
Thugdorr,sargeras,1675,warrior,fury,102,53,49
Morfoggore,ragnaros,1673,warrior,fury,55,25,30
Moistt,nesingwary,1660,warrior,fury,32,22,10
Drashi,nazjatar,1657,warrior,fury,36,25,11
Ruuthless,sargeras,1653,warrior,fury,46,29,17
Wampzug,azshara,1653,warrior,fury,72,36,36
Flexid,tichondrius,1651,warrior,fury,42,23,19
Kholusia,kul-tiras,1650,warrior,fury,83,39,44
Faren,agamaggan,1648,warrior,fury,113,64,49
Brutality,kirin-tor,1647,warrior,fury,83,46,37
Keltanas,quelthalas,1647,warrior,fury,53,28,25
Larrybiscuit,moon-guard,1644,warrior,fury,84,52,32
Alteryx,sargeras,1640,warrior,fury,112,66,46
Daedrion,dalaran,1638,warrior,fury,48,25,23
Budgetclap,nordrassil,1636,warrior,fury,36,18,18
Festergrin,area-52,1633,warrior,fury,48,25,23
Wolfcultist,moon-guard,1630,warrior,fury,111,53,58
Damiansuv,moon-guard,1629,warrior,fury,48,29,19
Darkbunny,thaurissan,1625,warrior,fury,72,38,34
Ðåddý,stormrage,1625,warrior,fury,107,52,55
Ediann,elune,1619,warrior,fury,77,45,32
Gnomageddon,anetheron,1615,warrior,fury,53,23,30
Illaedan,quelthalas,1611,warrior,fury,42,18,24
Khrull,khazgoroth,1609,warrior,fury,74,40,34
Damburga,tichondrius,1608,warrior,fury,42,27,15
Eggroll,emerald-dream,1605,warrior,fury,60,35,25
Youaredafeds,moon-guard,1604,warrior,fury,89,52,37
Lilgucci,stonemaul,1602,warrior,fury,36,20,16
Bulgrim,moon-guard,1601,warrior,fury,42,21,21
Soulfang,stormscale,1600,warrior,fury,36,20,16
Gaazhel,quelthalas,1598,warrior,fury,97,49,48
Tádakatsu,sargeras,1594,warrior,fury,91,49,42
Gigatroll,tichondrius,1592,warrior,fury,59,30,29
Zuggrok,zuljin,1590,warrior,fury,84,39,45
Kellyboitv,frostmourne,1588,warrior,fury,36,17,19
Igoboom,bleeding-hollow,1585,warrior,fury,46,25,21
Rendwarchief,garrosh,1583,warrior,fury,97,49,48
Ragnararagor,ragnaros,1581,warrior,fury,198,101,97
Sithlõrd,moon-guard,1580,warrior,fury,54,27,27
Furíous,thunderhorn,1580,warrior,fury,42,20,22
Ohdang,dark-iron,1577,warrior,fury,66,40,26
Colorx,sargeras,1569,warrior,fury,40,22,18
Wöûlöû,trollbane,1567,warrior,fury,73,40,33
Romus,spirestone,1562,warrior,fury,42,26,16
Gûard,stormrage,1558,warrior,fury,52,27,25
Rikbielo,dragonmaw,1554,warrior,fury,67,37,30
Garobber,stormrage,1552,warrior,fury,36,17,19
Zareshi,sargeras,1546,warrior,fury,116,64,52
Sugmad,area-52,1545,warrior,fury,48,22,26
Bigßiceps,tichondrius,1544,warrior,fury,30,18,12
Raggnarsøøn,ragnaros,1543,warrior,fury,99,46,53
Trôca,ragnaros,1541,warrior,fury,42,22,20
Blgjb,tichondrius,1541,warrior,fury,54,23,31
Jorked,drakkari,1536,warrior,fury,62,33,29
Ragemane,illidan,1528,warrior,fury,24,16,8
Machomanran,zuljin,1526,warrior,fury,72,39,33
Warrmachine,mannoroth,1520,warrior,fury,132,75,57
Chounshiryu,drakkari,1520,warrior,fury,135,71,64
Påpi,sargeras,1519,warrior,fury,60,34,26
Crohdey,madoran,1519,warrior,fury,120,65,55
Zitfrlt,wildhammer,1515,warrior,fury,87,39,48
Playbox,area-52,1514,warrior,fury,83,37,46
Hairygrundel,area-52,1512,warrior,fury,24,16,8
Mytharion,sargeras,1511,warrior,fury,30,18,12
Linker,ragnaros,1511,warrior,fury,42,25,17
Tanorai,area-52,1510,warrior,fury,36,21,15
Khargrok,ragnaros,1509,warrior,fury,57,33,24
Anandamide,frostwolf,1503,warrior,fury,51,27,24
Grômm,tichondrius,1500,warrior,fury,63,33,30
Brøsk,azralon,1500,warrior,fury,48,24,24
Nimna,moon-guard,1499,warrior,fury,59,29,30
Jubeithos,draktharon,1494,warrior,fury,42,20,22
Morguez,tichondrius,1492,warrior,fury,54,29,25
Splasch,kelthuzad,1492,warrior,fury,35,16,19
Albinosword,azralon,1488,warrior,fury,74,37,37
Tenger,velen,1485,warrior,fury,76,41,35
Dwarlan,stormrage,1481,warrior,fury,48,30,18
Ronok,ghostlands,1481,warrior,fury,42,26,16
Know,anetheron,1480,warrior,fury,39,25,14
Ikoré,saurfang,1480,warrior,fury,81,44,37
Rhann,kelthuzad,1473,warrior,fury,36,20,16
Karusuke,stormrage,1472,warrior,fury,36,21,15
Hammerock,ragnaros,1469,warrior,fury,29,16,13
Dcashmoney,moon-guard,1468,warrior,fury,29,17,12
Hôdû,tichondrius,1466,warrior,fury,58,32,26
Nixe,caelestrasz,1465,warrior,fury,80,38,42
Jimseung,tichondrius,1459,warrior,fury,36,16,20
Celere,azralon,1453,warrior,fury,36,16,20
Dann,ragnaros,1448,warrior,fury,30,17,13
Mikejustice,kelthuzad,1441,warrior,fury,39,19,20
Varith,sargeras,1439,warrior,fury,48,21,27
Venirith,moon-guard,1438,warrior,fury,70,35,35
Elken,haomarush,1434,warrior,fury,48,26,22
Apeal,skullcrusher,1432,warrior,fury,78,42,36
Mankus,tichondrius,1432,warrior,fury,90,45,45
Éomer,eitrigg,1428,warrior,fury,42,27,15
Iskandr,amanthul,1428,warrior,fury,39,19,20
Alarìon,malganis,1426,warrior,fury,24,15,9
Errejota,illidan,1424,warrior,fury,36,18,18
Attractive,silvermoon,1420,warrior,fury,103,57,46
Heenguer,azralon,1420,warrior,fury,60,31,29
Majindoom,illidan,1418,warrior,fury,47,27,20
Commandó,proudmoore,1417,warrior,fury,29,20,9
Burtiera,wyrmrest-accord,1411,warrior,fury,42,27,15
Zombad,azralon,1411,warrior,fury,24,15,9
Fendimonster,tichondrius,1409,warrior,fury,92,53,39
Warsongwolf,tichondrius,1409,warrior,fury,78,36,42
Aarmii,ragnaros,1408,warrior,fury,36,18,18
Eatmyblade,wyrmrest-accord,1407,warrior,fury,142,64,78
Exëqt,area-52,1404,warrior,fury,60,25,35
Braxtön,moon-guard,1401,warrior,fury,45,20,25
Xurug,zuljin,1400,warrior,fury,30,15,15
Gorrtog,stormrage,1395,warrior,fury,84,36,48
Slaggdad,illidan,1395,warrior,fury,62,26,36
Ourhero,malganis,1392,warrior,fury,27,16,11
Zekken,blades-edge,1392,warrior,fury,77,39,38
Fearlessxq,tichondrius,1390,warrior,fury,72,38,34
Velarrine,illidan,1386,warrior,fury,29,15,14
Swiftslaýer,vashj,1383,warrior,fury,35,16,19
Lyonele,moon-guard,1380,warrior,fury,33,19,14
Fearlessly,moon-guard,1378,warrior,fury,64,32,32
Swiffy,stormrage,1375,warrior,fury,46,29,17
Kaladbolg,tichondrius,1369,warrior,fury,24,15,9
Wuushang,area-52,1369,warrior,fury,36,21,15
Firmware,illidan,1368,warrior,fury,34,15,19
Crushanater,tichondrius,1364,warrior,fury,33,17,16
Spaceguybro,whisperwind,1364,warrior,fury,36,18,18
Weesten,aerie-peak,1361,warrior,fury,90,54,36
Assaulttank,drenden,1361,warrior,fury,30,15,15
Nebgleb,bleeding-hollow,1360,warrior,fury,24,16,8
Emotionaldps,malygos,1360,warrior,fury,141,74,67
Matthegreat,area-52,1354,warrior,fury,51,25,26
Rageinc,jubeithos,1347,warrior,fury,56,24,32
Oddyseey,moon-guard,1341,warrior,fury,24,14,10
Gorehardt,illidan,1338,warrior,fury,36,14,22
Lighttaker,proudmoore,1335,warrior,fury,54,31,23
Ensïs,moon-guard,1335,warrior,fury,54,22,32
Rsage,lightbringer,1328,warrior,fury,86,47,39
Bondeye,stormrage,1325,warrior,fury,83,38,45
Dhaemom,azralon,1324,warrior,fury,47,23,24
Mandremin,moon-guard,1322,warrior,fury,18,14,4
Sálieri,ragnaros,1321,warrior,fury,24,14,10
Ivanzaytsev,ragnaros,1321,warrior,fury,66,32,34
Galaxarr,bonechewer,1319,warrior,fury,65,32,33
Cohëëd,kelthuzad,1318,warrior,fury,36,16,20
Hellframe,ysondre,1315,warrior,fury,42,17,25
Ciellë,proudmoore,1312,warrior,fury,24,15,9
Varlekt,frostmourne,1308,warrior,fury,47,24,23
Impalle,nazjatar,1307,warrior,fury,48,27,21
Tüssèll,khazgoroth,1306,warrior,fury,97,48,49
Screwz,blackrock,1300,warrior,fury,42,24,18
Wurrukattezz,tichondrius,1299,warrior,fury,32,19,13
Youserg,khazgoroth,1298,warrior,fury,70,32,38
Xeto,ragnaros,1296,warrior,fury,34,20,14
Sperow,malygos,1296,warrior,fury,26,15,11
Fabian,kelthuzad,1296,warrior,fury,76,40,36
Osannd,tichondrius,1294,warrior,fury,36,16,20
Kelandrin,illidan,1292,warrior,fury,24,15,9
Vapyr,moon-guard,1291,warrior,fury,23,14,9
Savikk,earthen-ring,1287,warrior,fury,36,21,15
Thywub,proudmoore,1284,warrior,fury,30,14,16
Tdaddy,lightbringer,1280,warrior,fury,91,47,44
Orrof,antonidas,1280,warrior,fury,39,15,24
Grumok,tichondrius,1267,warrior,fury,26,14,12
Ivoryana,kelthuzad,1266,warrior,fury,48,25,23
Paí,nemesis,1265,warrior,fury,24,15,9
Garce,aerie-peak,1253,warrior,fury,31,16,15
Wariorphilip,moon-guard,1250,warrior,fury,30,18,12
Wakkawar,stormrage,1248,warrior,fury,48,24,24
Ttvdjrio,area-52,1247,warrior,fury,18,13,5
Braxxínn,tichondrius,1247,warrior,fury,18,13,5
Carnemontana,shadowsong,1246,warrior,fury,24,17,7
Ssamba,shattered-hand,1244,warrior,fury,24,13,11
Torkscreww,bleeding-hollow,1243,warrior,fury,24,13,11
Buckleboot,illidan,1242,warrior,fury,24,13,11
Moriax,azralon,1240,warrior,fury,35,15,20
Shádo,darkspear,1237,warrior,fury,18,13,5
Skipowawa,area-52,1237,warrior,fury,30,16,14
Atracasöl,ragnaros,1236,warrior,fury,24,13,11
Zephyron,moonrunner,1231,warrior,fury,38,18,20
Renseven,frostmourne,1230,warrior,fury,36,19,17
Cjay,bleeding-hollow,1229,warrior,fury,30,13,17
Groggam,illidan,1226,warrior,fury,24,13,11
Furiousangel,area-52,1223,warrior,fury,36,19,17
Vornicar,moon-guard,1221,warrior,fury,32,14,18
Elonownesme,zuljin,1216,warrior,fury,24,13,11
Koraciá,illidan,1215,warrior,fury,36,17,19
Grosjambes,turalyon,1214,warrior,fury,30,18,12
Tenebrocity,stormrage,1213,warrior,fury,42,19,23
Cougaloo,sargeras,1211,warrior,fury,30,13,17
Vandrad,stormrage,1207,warrior,fury,111,48,63
Breinan,ragnaros,1205,warrior,fury,51,26,25
Kaíroz,quelthalas,1203,warrior,fury,42,24,18
Rendus,hyjal,1198,warrior,fury,54,21,33
Kurishjadar,tichondrius,1192,warrior,fury,60,26,34
Tinycutty,frostmourne,1189,warrior,fury,23,13,10
Nemesioh,tichondrius,1184,warrior,fury,59,25,34
Zorhn,skywall,1161,warrior,fury,24,18,6
Benchpress,bleeding-hollow,1159,warrior,fury,25,13,12
Darthwarr,bleeding-hollow,1156,warrior,fury,35,23,12
Philsbbqnow,dark-iron,1151,warrior,fury,18,12,6
Líliúm,ragnaros,1151,warrior,fury,31,19,12
Stavsie,tichondrius,1150,warrior,fury,18,12,6
Ganzism,tichondrius,1150,warrior,fury,24,12,12
Brainhaze,tichondrius,1150,warrior,fury,24,12,12
Notcoverage,tichondrius,1150,warrior,fury,24,12,12
Ganzi,tichondrius,1150,warrior,fury,24,12,12
Ganzar,nesingwary,1148,warrior,fury,24,12,12
Zuggyboi,moon-guard,1147,warrior,fury,18,12,6
Zarxc,quelthalas,1147,warrior,fury,24,12,12
Synalia,sargeras,1147,warrior,fury,24,12,12
Ianprime,the-scryers,1146,warrior,fury,24,12,12
Daelganis,blood-furnace,1146,warrior,fury,24,12,12
Honduranhary,sargeras,1145,warrior,fury,22,13,9
Setseno,stormrage,1145,warrior,fury,24,12,12
Kanekhy,ragnaros,1143,warrior,fury,28,13,15
Casmier,tichondrius,1141,warrior,fury,18,12,6
Balbyo,shattered-hand,1139,warrior,fury,24,12,12
Originalkhan,stormrage,1138,warrior,fury,30,12,18
Talismantate,quelthalas,1135,warrior,fury,18,12,6
Makcumba,ragnaros,1132,warrior,fury,24,12,12
Noten,thunderlord,1129,warrior,fury,24,12,12
Chahta,shadowsong,1125,warrior,fury,18,12,6
Zèldris,gallywix,1120,warrior,fury,76,43,33
Rekitralph,tichondrius,1116,warrior,fury,30,13,17
Sphílly,thrall,1107,warrior,fury,36,19,17
Chillawigs,kelthuzad,1103,warrior,fury,21,13,8
Tyraelius,kiljaeden,1103,warrior,fury,39,24,15
Smallestwar,zuljin,1093,warrior,fury,41,16,25
Brodîn,tichondrius,1092,warrior,fury,30,18,12
Xfootman,quelthalas,1092,warrior,fury,42,25,17
Undmyaxe,shattered-halls,1078,warrior,fury,24,13,11
Fatguy,tichondrius,1076,warrior,fury,60,29,31
Badoosh,kaelthas,1075,warrior,fury,17,12,5
Lucymay,kelthuzad,1072,warrior,fury,36,19,17
Roxon,hellscream,1070,warrior,fury,76,36,40
Veevz,proudmoore,1056,warrior,fury,24,11,13
Nicfury,alterac-mountains,1055,warrior,fury,18,11,7
Ragingboner,aggramar,1055,warrior,fury,18,11,7
Rekill,emerald-dream,1055,warrior,fury,18,11,7
Xcuses,area-52,1055,warrior,fury,18,11,7
Tctc,emerald-dream,1055,warrior,fury,18,11,7
Flaco,tichondrius,1055,warrior,fury,21,12,9
Gorbagglúk,azralon,1055,warrior,fury,30,15,15
Robocöp,quelthalas,1054,warrior,fury,18,11,7
Zerkxi,kelthuzad,1053,warrior,fury,18,11,7
Radisa,sargeras,1051,warrior,fury,30,11,19
Mäjka,dalaran,1050,warrior,fury,24,11,13
Viagraliker,tichondrius,1048,warrior,fury,18,11,7
Trco,quelthalas,1047,warrior,fury,18,11,7
Kratøz,tichondrius,1045,warrior,fury,24,11,13
Marcuss,bonechewer,1043,warrior,fury,18,11,7
Garmeg,nemesis,1041,warrior,fury,42,16,26
Rerollrogue,thrall,1038,warrior,fury,36,11,25
Lilcha,stormrage,1037,warrior,fury,30,11,19
Owwycowwy,area-52,1032,warrior,fury,36,15,21
Rumka,draktharon,1015,warrior,fury,65,26,39
Wyrmscream,moon-guard,1011,warrior,fury,84,40,44
Zweihänder,nemesis,1005,warrior,fury,17,11,6
Crazysharpz,thaurissan,1001,warrior,fury,29,12,17
Yêawen,tichondrius,990,warrior,fury,20,11,9
Curacao,dark-iron,987,warrior,fury,26,11,15
Darkarus,drakkari,979,warrior,fury,30,13,17
Pulp,sargeras,976,warrior,fury,19,11,8
Mphx,tichondrius,960,warrior,fury,18,10,8
Smexxin,tichondrius,960,warrior,fury,18,10,8
Gladheateher,bonechewer,960,warrior,fury,18,10,8
Dawx,thrall,960,warrior,fury,18,10,8
Éeu,anubarak,960,warrior,fury,90,45,45
Ymìr,moon-guard,959,warrior,fury,18,10,8
Sigiswald,cenarion-circle,959,warrior,fury,18,10,8
Quuavo,tichondrius,957,warrior,fury,18,10,8
Farklesnarf,tichondrius,957,warrior,fury,18,10,8
Rafurk,area-52,957,warrior,fury,18,10,8
Limpninny,dalaran,957,warrior,fury,21,10,11
Arfzz,zangarmarsh,957,warrior,fury,24,10,14
Violençe,malganis,956,warrior,fury,24,10,14
Harlow,spirestone,955,warrior,fury,24,10,14
Serviettski,zuljin,943,warrior,fury,18,10,8
Jonÿ,sargeras,931,warrior,fury,39,19,20
Hùlksmâsh,zuljin,924,warrior,fury,23,13,10
Ghostlyedge,turalyon,918,warrior,fury,72,25,47
Samdarkblade,kilrogg,898,warrior,fury,33,10,23
Grievouz,nemesis,894,warrior,fury,17,10,7
Warroiser,quelthalas,879,warrior,fury,19,10,9
Hasbullaa,proudmoore,864,warrior,fury,12,9,3
Michaela,moon-guard,864,warrior,fury,12,9,3
Agragar,zuljin,864,warrior,fury,12,9,3
Baylîfe,illidan,864,warrior,fury,18,9,9
Ggull,tichondrius,864,warrior,fury,18,9,9
Astrëa,quelthalas,864,warrior,fury,18,9,9
Okkin,cairne,863,warrior,fury,12,9,3
Likelygood,tichondrius,863,warrior,fury,12,9,3
Squonks,kelthuzad,863,warrior,fury,12,9,3
Hoodlark,lightbringer,863,warrior,fury,12,9,3
Kombatwombat,kaelthas,863,warrior,fury,12,9,3
Coldshots,stormreaver,863,warrior,fury,12,9,3
Noramed,moon-guard,863,warrior,fury,18,9,9
Liltom,sargeras,863,warrior,fury,18,9,9
Zastrow,dalaran,863,warrior,fury,18,9,9
Gzilla,queldorei,863,warrior,fury,24,9,15
Nowarriororc,thrall,862,warrior,fury,18,9,9
Wazy,ragnaros,862,warrior,fury,24,9,15
Rediger,aggramar,861,warrior,fury,34,15,19
Rageraz,trollbane,860,warrior,fury,12,9,3
Maddzspin,tichondrius,860,warrior,fury,18,9,9
Asuna,burning-blade,860,warrior,fury,18,9,9
Stunninchaos,shattered-hand,859,warrior,fury,24,9,15
Lovehandlez,proudmoore,858,warrior,fury,18,9,9
Rücküs,tichondrius,858,warrior,fury,18,9,9
Goinberserk,tichondrius,854,warrior,fury,22,9,13
Rocketcayton,veknilash,845,warrior,fury,18,9,9
Trufsoturi,bleeding-hollow,845,warrior,fury,23,9,14
Kajing,boulderfist,836,warrior,fury,19,10,9
Machâ,illidan,830,warrior,fury,17,9,8
Jellyjamz,zuljin,825,warrior,fury,24,9,15
Bigjier,proudmoore,798,warrior,fury,20,9,11
Bargorengar,skullcrusher,797,warrior,fury,108,48,60
Klim,grizzly-hills,781,warrior,fury,25,9,16
Cüba,nemesis,770,warrior,fury,24,9,15
Rimshotts,sargeras,768,warrior,fury,12,8,4
ßdm,illidan,768,warrior,fury,12,8,4
Bamag,dethecus,768,warrior,fury,12,8,4
Bigglyjoobs,tichondrius,768,warrior,fury,12,8,4
Beforever,kiljaeden,768,warrior,fury,12,8,4
Sonyanalogue,frostmourne,768,warrior,fury,12,8,4
Sulze,tichondrius,768,warrior,fury,15,9,6
Asstastic,bonechewer,768,warrior,fury,18,8,10
Shimizuken,tichondrius,768,warrior,fury,18,8,10
Oohsht,tichondrius,768,warrior,fury,18,8,10
Okme,tichondrius,768,warrior,fury,18,8,10
Icebringer,frostmourne,768,warrior,fury,24,8,16
Kortera,malganis,767,warrior,fury,12,8,4
Shîzu,moon-guard,767,warrior,fury,12,8,4
Moggos,firetree,767,warrior,fury,12,8,4
Galigiggs,emerald-dream,767,warrior,fury,12,8,4
Rodahn,emerald-dream,767,warrior,fury,12,8,4
Aotha,moon-guard,767,warrior,fury,14,8,6
Mulish,frostmourne,767,warrior,fury,19,10,9
Wíldcat,illidan,767,warrior,fury,18,8,10
Zêtt,drakkari,767,warrior,fury,18,8,10
Droggo,cenarius,766,warrior,fury,12,8,4
Theßull,frostmourne,766,warrior,fury,12,8,4
Corbray,frostmourne,766,warrior,fury,24,8,16
Akusenshi,dragonblight,764,warrior,fury,15,9,6
Trendxx,stormrage,763,warrior,fury,24,8,16
Irontarkus,garrosh,762,warrior,fury,12,8,4
Creedz,dreadmaul,761,warrior,fury,18,8,10
Alandris,icecrown,760,warrior,fury,18,10,8
Uhtred,moonrunner,757,warrior,fury,18,8,10
Kilp,thrall,751,warrior,fury,17,8,9
Marleau,bleeding-hollow,742,warrior,fury,21,9,12
Onionlord,wyrmrest-accord,719,warrior,fury,11,8,3
Pigonhae,zuljin,713,warrior,fury,19,10,9
Zaraki,moon-guard,704,warrior,fury,16,8,8
Eleronogoth,draka,704,warrior,fury,16,8,8
Kolosaltwo,tichondrius,703,warrior,fury,11,8,3
Koffray,malfurion,687,warrior,fury,11,8,3
Sypii,malganis,672,warrior,fury,12,7,5
Dardash,ragnaros,672,warrior,fury,12,7,5
Wishayzka,drakkari,672,warrior,fury,12,7,5
Canduin,queldorei,672,warrior,fury,12,7,5
Lòrdnasher,tichondrius,672,warrior,fury,12,7,5
Maar,lightbringer,672,warrior,fury,12,7,5
Eino,llane,672,warrior,fury,12,7,5
Ðow,burning-blade,672,warrior,fury,12,7,5
Xårren,stormrage,672,warrior,fury,12,7,5
Ðrëäd,area-52,672,warrior,fury,12,7,5
Krunas,quelthalas,672,warrior,fury,12,7,5
Ciege,illidan,672,warrior,fury,12,7,5
Whitetaure,arthas,672,warrior,fury,12,7,5
Funsyze,garona,672,warrior,fury,12,7,5
Ruckw,stormrage,672,warrior,fury,12,7,5
Dós,emerald-dream,672,warrior,fury,12,7,5
Giannï,chogall,672,warrior,fury,12,7,5
Youjumpijump,frostmourne,672,warrior,fury,18,7,11
Warhand,frostmourne,672,warrior,fury,18,7,11
Mardrex,korgath,672,warrior,fury,18,7,11
Endlesskilla,destromath,672,warrior,fury,18,7,11
Pelikanesis,arthas,671,warrior,fury,12,7,5
Abomlnatlon,tichondrius,671,warrior,fury,12,7,5
Zikeno,dalaran,671,warrior,fury,12,7,5
Mullf,stormrage,671,warrior,fury,12,7,5
Sensho,azralon,671,warrior,fury,12,7,5
Calzonez,bloodscalp,671,warrior,fury,12,7,5
Nokak,borean-tundra,671,warrior,fury,12,7,5
Tayne,ragnaros,671,warrior,fury,12,7,5
Iorak,queldorei,671,warrior,fury,12,7,5
Ragnir,kelthuzad,671,warrior,fury,18,7,11
Remudan,tichondrius,671,warrior,fury,18,7,11
Ganon,garrosh,670,warrior,fury,12,7,5
Tiqokz,sargeras,670,warrior,fury,12,7,5
Judessi,kiljaeden,670,warrior,fury,12,7,5
Kræzee,kelthuzad,670,warrior,fury,18,7,11
Shadowtitanx,korgath,669,warrior,fury,30,7,23
Siiss,stormrage,665,warrior,fury,21,9,12
Crashacorn,stormrage,659,warrior,fury,18,7,11
Zoldian,tichondrius,655,warrior,fury,17,9,8
Ashwalker,malganis,639,warrior,fury,14,8,6
Naughtytwat,tichondrius,639,warrior,fury,14,8,6
Zovudo,area-52,638,warrior,fury,14,8,6
Wintz,dreadmaul,638,warrior,fury,14,8,6
Donjuan,skullcrusher,637,warrior,fury,20,8,12
Harkeigh,wyrmrest-accord,623,warrior,fury,11,7,4
Warchine,malganis,618,warrior,fury,15,8,7
Furryhorv,frostmourne,608,warrior,fury,22,7,15
Vorthax,korgath,607,warrior,fury,14,7,7
Noktyn,haomarush,591,warrior,fury,11,7,4
Akenox,area-52,576,warrior,fury,6,6,0
Taiine,moon-guard,576,warrior,fury,6,6,0
Yükana,quelthalas,576,warrior,fury,12,6,6
Jcßot,exodar,576,warrior,fury,12,6,6
Tacrolimus,thrall,576,warrior,fury,12,6,6
Venóm,moon-guard,576,warrior,fury,12,6,6
Ggludan,area-52,576,warrior,fury,12,6,6
Snowflakee,jaedenar,576,warrior,fury,12,6,6
Disarmed,proudmoore,576,warrior,fury,12,6,6
Alysson,moon-guard,576,warrior,fury,12,6,6
Vinvivenna,emerald-dream,576,warrior,fury,12,6,6
Endurefen,sargeras,576,warrior,fury,12,6,6
Prestico,ragnaros,576,warrior,fury,12,6,6
Rohkvan,illidan,576,warrior,fury,12,6,6
Mers,garrosh,576,warrior,fury,12,6,6
Eazyc,tichondrius,576,warrior,fury,12,6,6
Progesterone,bleeding-hollow,576,warrior,fury,12,6,6
Orchilles,illidan,576,warrior,fury,12,6,6
Ðrënch,tichondrius,576,warrior,fury,12,6,6
Dëåth,azgalor,576,warrior,fury,12,6,6
Carnemølida,thrall,576,warrior,fury,12,6,6
Strongerjaw,tichondrius,576,warrior,fury,12,6,6
Lurtras,exodar,576,warrior,fury,12,6,6
Kaivax,tichondrius,576,warrior,fury,12,6,6
Arågòrn,stormrage,576,warrior,fury,12,6,6
Whittyxc,tichondrius,576,warrior,fury,12,6,6
Whateverzhan,tichondrius,576,warrior,fury,12,6,6
Digitaldj,frostmourne,576,warrior,fury,18,6,12
Eregor,sargeras,576,warrior,fury,18,6,12
Murderwalk,shadowmoon,576,warrior,fury,18,6,12
Joxer,nordrassil,575,warrior,fury,12,6,6
Xenyn,malganis,575,warrior,fury,12,6,6
Uggtrick,zuljin,575,warrior,fury,12,6,6
Isitorganic,nesingwary,575,warrior,fury,12,6,6
Gamoosh,illidan,575,warrior,fury,12,6,6
Burninated,tichondrius,575,warrior,fury,12,6,6
Metalstorms,firetree,575,warrior,fury,12,6,6
Trackhawk,moon-guard,575,warrior,fury,12,6,6
Luckychaos,bleeding-hollow,575,warrior,fury,12,6,6
Elleaux,bloodscalp,575,warrior,fury,12,6,6
Deáthwing,steamwheedle-cartel,575,warrior,fury,18,6,12
Redblade,bleeding-hollow,575,warrior,fury,18,6,12
Badairplane,gilneas,574,warrior,fury,12,6,6
Siegeshatter,moon-guard,574,warrior,fury,24,6,18
Cannan,the-underbog,573,warrior,fury,27,7,20
Alexthar,drakkari,560,warrior,fury,24,6,18
Freakin,ragnaros,543,warrior,fury,16,6,10
Ghonad,windrunner,541,warrior,fury,17,6,11
Thorkéll,proudmoore,541,warrior,fury,23,6,17
Sinbãd,sargeras,527,warrior,fury,11,6,5
Leturen,emerald-dream,527,warrior,fury,19,7,12
Agarto,illidan,526,warrior,fury,11,6,5
Futtmebuck,emerald-dream,522,warrior,fury,12,7,5
Nïckböï,misha,519,warrior,fury,11,6,5
Zenrrei,ragnaros,512,warrior,fury,10,6,4
Antei,thunderlord,511,warrior,fury,11,6,5
Deseroth,illidan,480,warrior,fury,6,5,1
Ironpanzer,thrall,480,warrior,fury,6,5,1
Orkussw,illidan,480,warrior,fury,6,5,1
Groguu,windrunner,480,warrior,fury,6,5,1
Yepkorean,tichondrius,480,warrior,fury,6,5,1
Tryhardr,sargeras,480,warrior,fury,6,5,1
Bornclueless,illidan,480,warrior,fury,6,5,1
Tinyexcute,tichondrius,480,warrior,fury,6,5,1
Hydrolisk,area-52,480,warrior,fury,6,5,1
Finnin,nathrezim,480,warrior,fury,6,5,1
Azázyel,quelthalas,480,warrior,fury,6,5,1
Gahenk,chogall,480,warrior,fury,6,5,1
Onyx,auchindoun,480,warrior,fury,6,5,1
Goon,frostmourne,480,warrior,fury,6,5,1
Invinciblé,tichondrius,480,warrior,fury,6,5,1
Cliveswife,frostmourne,480,warrior,fury,6,5,1
Ramseyx,dalaran,480,warrior,fury,6,5,1
Leviqt,moon-guard,480,warrior,fury,12,5,7
Zootonius,bloodscalp,480,warrior,fury,12,5,7
Nukemdown,darkspear,480,warrior,fury,12,5,7
Rinima,tichondrius,480,warrior,fury,12,5,7
Yzoth,sargeras,480,warrior,fury,12,5,7
Chainsa,stormrage,480,warrior,fury,12,5,7
Funk,illidan,480,warrior,fury,12,5,7
Buhurt,sargeras,480,warrior,fury,12,5,7
Clansy,moon-guard,480,warrior,fury,12,5,7
Warkaiser,ragnaros,480,warrior,fury,12,5,7
Axesomebody,tichondrius,480,warrior,fury,12,5,7
Chop,khadgar,480,warrior,fury,12,5,7
Conflíct,illidan,480,warrior,fury,12,5,7
Pápý,ragnaros,480,warrior,fury,12,5,7
Iwillcrushyo,darkspear,480,warrior,fury,12,5,7
Trekk,azralon,480,warrior,fury,12,5,7
Wrniss,tichondrius,480,warrior,fury,12,5,7
Slamuëladams,bleeding-hollow,480,warrior,fury,12,5,7
Wangjianguo,illidan,480,warrior,fury,12,5,7
Gurukakko,ragnaros,480,warrior,fury,12,5,7
Izhansheni,illidan,480,warrior,fury,12,5,7
Coalpit,emerald-dream,480,warrior,fury,12,5,7
Marimadelene,aegwynn,480,warrior,fury,12,5,7
Maltrate,hyjal,480,warrior,fury,12,5,7
Spinspin,borean-tundra,480,warrior,fury,18,5,13
Dragonrage,tanaris,480,warrior,fury,18,5,13
Honorloxo,bleeding-hollow,480,warrior,fury,18,5,13
Vonkinky,sargeras,479,warrior,fury,6,5,1
Zirtag,proudmoore,479,warrior,fury,6,5,1
Olegg,laughing-skull,479,warrior,fury,12,5,7
Warbane,barthilas,479,warrior,fury,12,5,7
Warsero,tichondrius,479,warrior,fury,12,5,7
Rodorn,frostmourne,479,warrior,fury,16,6,10
Arrad,sargeras,479,warrior,fury,18,5,13
Supersquish,moon-guard,479,warrior,fury,18,5,13
Keateane,frostmourne,478,warrior,fury,6,5,1
Fabszord,nemesis,476,warrior,fury,12,5,7
Veganwarrior,quelthalas,469,warrior,fury,18,5,13
Azmael,sargeras,447,warrior,fury,11,5,6
Rageverd,malganis,432,warrior,fury,9,5,4
Avatarl,ragnaros,432,warrior,fury,15,5,10
Thalloom,thaurissan,432,warrior,fury,15,5,10
Hugz,thrall,431,warrior,fury,11,5,6
Glaros,blood-furnace,431,warrior,fury,11,5,6
Panterra,azralon,426,warrior,fury,16,7,9
Israelelel,azralon,416,warrior,fury,10,5,5
Forerunner,tichondrius,416,warrior,fury,10,5,5
Stompgnomes,malganis,414,warrior,fury,14,5,9
Brugo,area-52,413,warrior,fury,16,9,7
Cenanuandra,gnomeregan,400,warrior,fury,7,5,2
Chippurrz,illidan,399,warrior,fury,5,5,0
Youdumbaut,tichondrius,384,warrior,fury,6,4,2
Breké,moon-guard,384,warrior,fury,6,4,2
Inocencius,ragnaros,384,warrior,fury,6,4,2
Affeine,malganis,384,warrior,fury,6,4,2
Phandrosa,ragnaros,384,warrior,fury,6,4,2
Tylerdurdenx,dalaran,384,warrior,fury,6,4,2
Sarachnis,area-52,384,warrior,fury,6,4,2
Tyranatusk,malganis,384,warrior,fury,6,4,2
Brogdar,moon-guard,384,warrior,fury,6,4,2
Chash,frostmourne,384,warrior,fury,6,4,2
Nikomasked,kelthuzad,384,warrior,fury,6,4,2
Drengarusk,area-52,384,warrior,fury,6,4,2
Kamidaren,tichondrius,384,warrior,fury,6,4,2
Samuluo,tichondrius,384,warrior,fury,6,4,2
Cidrick,stormrage,384,warrior,fury,6,4,2
Hellsinga,stormrage,384,warrior,fury,6,4,2
Akaínu,area-52,384,warrior,fury,6,4,2
Youngmoneyd,illidan,384,warrior,fury,6,4,2
Xiosè,ragnaros,384,warrior,fury,6,4,2
Benieswar,frostmourne,384,warrior,fury,6,4,2
Dagrone,drakkari,384,warrior,fury,6,4,2
Techanina,aerie-peak,384,warrior,fury,6,4,2
Slamurai,moon-guard,384,warrior,fury,6,4,2
Copinhodagua,azralon,384,warrior,fury,6,4,2
Angryexe,zuljin,384,warrior,fury,6,4,2
Varkiren,moon-guard,384,warrior,fury,6,4,2
Ymirock,area-52,384,warrior,fury,6,4,2
Midweststuna,kul-tiras,384,warrior,fury,6,4,2
Gtrain,barthilas,384,warrior,fury,6,4,2
Hjomura,quelthalas,384,warrior,fury,6,4,2
Willcharge,tichondrius,384,warrior,fury,6,4,2
Unpaused,kelthuzad,384,warrior,fury,6,4,2
Cannonballz,sargeras,384,warrior,fury,6,4,2
Neurötic,ragnaros,384,warrior,fury,6,4,2
Murghol,malganis,384,warrior,fury,6,4,2
Jàmiè,wyrmrest-accord,384,warrior,fury,6,4,2
Zerríck,moon-guard,384,warrior,fury,6,4,2
Hasbullá,ragnaros,384,warrior,fury,6,4,2
Slashen,sargeras,384,warrior,fury,6,4,2
Alerish,quelthalas,384,warrior,fury,6,4,2
Blackbaba,illidan,384,warrior,fury,6,4,2
Testees,senjin,384,warrior,fury,6,4,2
Zartren,khazgoroth,384,warrior,fury,6,4,2
Verigan,barthilas,384,warrior,fury,6,4,2
Tomatogodx,sargeras,384,warrior,fury,6,4,2
Braxxinn,tichondrius,384,warrior,fury,6,4,2
Suzushi,tichondrius,384,warrior,fury,6,4,2
Ankhxiety,sargeras,384,warrior,fury,6,4,2
Heyzulnut,whisperwind,384,warrior,fury,6,4,2
Negrus,sargeras,384,warrior,fury,11,4,7
Arágorn,sargeras,384,warrior,fury,11,4,7
Skrot,stormrage,384,warrior,fury,12,4,8
Bladetko,tichondrius,384,warrior,fury,12,4,8
Easons,tichondrius,384,warrior,fury,12,4,8
Cryposlice,malganis,384,warrior,fury,12,4,8
Muradinpica,stormrage,384,warrior,fury,12,4,8
Rägnarök,stormrage,384,warrior,fury,12,4,8
Starplatinum,aerie-peak,384,warrior,fury,12,4,8
Goremack,hellscream,384,warrior,fury,12,4,8
Gorm,greymane,384,warrior,fury,12,4,8
Corazondleón,ragnaros,384,warrior,fury,12,4,8
Rezzett,wyrmrest-accord,384,warrior,fury,12,4,8
Xauce,queldorei,384,warrior,fury,12,4,8
Xochicotzin,mugthol,384,warrior,fury,12,4,8
Ráionshin,quelthalas,384,warrior,fury,12,4,8
Dotlom,wyrmrest-accord,384,warrior,fury,12,4,8
Eamonvalda,dalaran,384,warrior,fury,12,4,8
Goatmanee,tichondrius,384,warrior,fury,12,4,8
Hukzula,illidan,384,warrior,fury,12,4,8
Ghurrk,hyjal,384,warrior,fury,12,4,8
Çampbêll,area-52,384,warrior,fury,12,4,8
Lsays,tichondrius,384,warrior,fury,18,4,14
Awell,azralon,383,warrior,fury,6,4,2
Nelissa,runetotem,383,warrior,fury,6,4,2
Madaroy,stormrage,383,warrior,fury,6,4,2
Assmut,stormrage,383,warrior,fury,12,4,8
Drovik,malygos,383,warrior,fury,12,4,8
Hæmomancy,moon-guard,383,warrior,fury,12,4,8
Rahmholz,bonechewer,383,warrior,fury,12,4,8
Anger,zuljin,383,warrior,fury,24,4,20
Painfulangel,nesingwary,382,warrior,fury,6,4,2
Zambonibob,eonar,382,warrior,fury,6,4,2
Bonebreakr,tichondrius,381,warrior,fury,24,4,20
Glennyballs,dalaran,379,warrior,fury,12,4,8
Baxel,arthas,367,warrior,fury,11,4,7
Ghazzghkull,illidan,351,warrior,fury,11,4,7
Gotrekson,azralon,351,warrior,fury,11,4,7
Darkrevel,dalvengyr,335,warrior,fury,11,4,7
Kíngkaisér,azralon,330,warrior,fury,15,6,9
Huleo,tichondrius,330,warrior,fury,14,5,9
Gryl,stormrage,288,warrior,fury,6,3,3
Rohde,nemesis,288,warrior,fury,6,3,3
Nginx,queldorei,288,warrior,fury,6,3,3
Connero,stormrage,288,warrior,fury,6,3,3
Rowdyanders,area-52,288,warrior,fury,6,3,3
Demøletiøn,stormrage,288,warrior,fury,6,3,3
Xragnar,area-52,288,warrior,fury,6,3,3
Slãmpiece,stormrage,288,warrior,fury,6,3,3
Carborr,frostmourne,288,warrior,fury,6,3,3
Kénblock,tichondrius,288,warrior,fury,6,3,3
Riggs,stonemaul,288,warrior,fury,6,3,3
Guillotinè,area-52,288,warrior,fury,6,3,3
Lightswords,stormrage,288,warrior,fury,6,3,3
Vengxdor,stormrage,288,warrior,fury,6,3,3
Wårrior,kelthuzad,288,warrior,fury,6,3,3
Sayjaki,stormrage,288,warrior,fury,6,3,3
Executie,duskwood,288,warrior,fury,6,3,3
Sixtydolla,kelthuzad,288,warrior,fury,6,3,3
Kàli,kiljaeden,288,warrior,fury,6,3,3
Colössal,moon-guard,288,warrior,fury,6,3,3
Taywar,sargeras,288,warrior,fury,6,3,3
Liljon,windrunner,288,warrior,fury,6,3,3
Kåyotix,proudmoore,288,warrior,fury,6,3,3
Cupper,tichondrius,288,warrior,fury,6,3,3
Glexecute,sargeras,288,warrior,fury,6,3,3
Hithen,quelthalas,288,warrior,fury,6,3,3
Lodog,proudmoore,288,warrior,fury,6,3,3
Tâlos,magtheridon,288,warrior,fury,6,3,3
Ironbark,elune,288,warrior,fury,6,3,3
Razzik,emerald-dream,288,warrior,fury,6,3,3
Archibaldo,darkspear,288,warrior,fury,6,3,3
Aeros,winterhoof,288,warrior,fury,6,3,3
Agonistes,emerald-dream,288,warrior,fury,6,3,3
Barbarìan,bleeding-hollow,288,warrior,fury,6,3,3
Decimateme,tichondrius,288,warrior,fury,6,3,3
Zerrekarr,wyrmrest-accord,288,warrior,fury,6,3,3
Maarilayne,wyrmrest-accord,288,warrior,fury,6,3,3
Corvesio,wyrmrest-accord,288,warrior,fury,6,3,3
Aggravation,bleeding-hollow,288,warrior,fury,6,3,3
Zangre,stormrage,288,warrior,fury,6,3,3
Ruffless,skullcrusher,288,warrior,fury,6,3,3
Madblackcat,illidan,288,warrior,fury,6,3,3
Jethrix,kelthuzad,288,warrior,fury,6,3,3
Wwesheamus,frostmourne,288,warrior,fury,6,3,3
Kreamyumyums,tichondrius,288,warrior,fury,6,3,3
Instakill,garrosh,288,warrior,fury,6,3,3
Beârz,the-underbog,288,warrior,fury,6,3,3
Pongk,tichondrius,288,warrior,fury,6,3,3
Oprampage,illidan,288,warrior,fury,6,3,3
Skoll,illidan,288,warrior,fury,6,3,3
Bothar,sargeras,288,warrior,fury,6,3,3
Corgii,khaz-modan,288,warrior,fury,6,3,3
Dolsorae,malganis,288,warrior,fury,6,3,3
Vongrave,moonrunner,288,warrior,fury,6,3,3
Kimed,nordrassil,288,warrior,fury,6,3,3
Doczz,malganis,288,warrior,fury,6,3,3
Arthurston,tichondrius,288,warrior,fury,6,3,3
Pancárcho,quelthalas,288,warrior,fury,6,3,3
Aùstin,moon-guard,288,warrior,fury,6,3,3
Riechst,quelthalas,288,warrior,fury,6,3,3
Lechee,silvermoon,288,warrior,fury,6,3,3
Nertharul,zuljin,288,warrior,fury,6,3,3
Painfulsin,tichondrius,288,warrior,fury,6,3,3
Ragemarley,dalaran,288,warrior,fury,6,3,3
Swiftÿ,gurubashi,288,warrior,fury,6,3,3
Vodak,daggerspine,288,warrior,fury,6,3,3
Johnnysnowx,sargeras,288,warrior,fury,6,3,3
Rynkae,moon-guard,288,warrior,fury,6,3,3
Drumann,hyjal,288,warrior,fury,6,3,3
Orcveinz,tichondrius,288,warrior,fury,11,5,6
Rólex,tichondrius,288,warrior,fury,12,3,9
Lootacris,illidan,288,warrior,fury,12,3,9
Flexìn,tichondrius,288,warrior,fury,12,3,9
Blackscale,grizzly-hills,288,warrior,fury,12,3,9
Kuragdem,trollbane,288,warrior,fury,12,3,9
Leonz,undermine,288,warrior,fury,12,3,9
Kimuraa,hyjal,288,warrior,fury,12,3,9
Zelekron,emerald-dream,288,warrior,fury,12,3,9
Axekill,bleeding-hollow,288,warrior,fury,12,3,9
Ratface,frostmourne,288,warrior,fury,12,3,9
Krimmjðw,sargeras,288,warrior,fury,12,3,9
Warseed,ragnaros,288,warrior,fury,12,3,9
Tríxman,moon-guard,288,warrior,fury,12,3,9
Blxckbeard,hyjal,288,warrior,fury,12,3,9
Banggo,frostmourne,288,warrior,fury,12,3,9
Goaco,drakkari,288,warrior,fury,12,3,9
Apolio,magtheridon,288,warrior,fury,12,3,9
Goleus,emerald-dream,288,warrior,fury,12,3,9
Barcëlð,frostmourne,288,warrior,fury,12,3,9
Lourdadmiwal,aegwynn,287,warrior,fury,6,3,3
Eadsmasher,jubeithos,287,warrior,fury,6,3,3
Disclone,tichondrius,287,warrior,fury,6,3,3
Shiddoshi,ragnaros,287,warrior,fury,6,3,3
Monsterpepe,tichondrius,287,warrior,fury,12,3,9
Boothtowolf,the-forgotten-coast,286,warrior,fury,6,3,3
Dodiru,azralon,255,warrior,fury,11,3,8
Bigdaddyzees,bleeding-hollow,255,warrior,fury,11,3,8
Offthecharts,mannoroth,254,warrior,fury,11,3,8
Leónard,moon-guard,239,warrior,fury,5,3,2
Chupelo,tichondrius,239,warrior,fury,5,3,2
Shapur,tichondrius,239,warrior,fury,5,3,2
Moelolita,illidan,239,warrior,fury,5,3,2
Sukstofuk,frostmourne,239,warrior,fury,5,3,2
Reagzy,stormrage,234,warrior,fury,10,4,6
Schlosh,laughing-skull,223,warrior,fury,8,3,5
Heirel,kelthuzad,208,warrior,fury,7,3,4
Çórý,area-52,192,warrior,fury,4,3,1
Shaøkahn,azralon,192,warrior,fury,9,3,6
Tortag,malganis,192,warrior,fury,6,2,4
Hughmungús,frostmourne,192,warrior,fury,6,2,4
Krodah,quelthalas,192,warrior,fury,6,2,4
Ragetide,illidan,192,warrior,fury,6,2,4
Bobisyourmom,tichondrius,192,warrior,fury,6,2,4
Blademaw,stormreaver,192,warrior,fury,6,2,4
Drugdilla,zuljin,192,warrior,fury,6,2,4
Wariorwang,tichondrius,192,warrior,fury,6,2,4
Axesage,tichondrius,192,warrior,fury,6,2,4
Good,garona,192,warrior,fury,6,2,4
Lokiullr,tichondrius,192,warrior,fury,6,2,4
Gangelx,illidan,192,warrior,fury,6,2,4
Wqnmlgbd,tichondrius,192,warrior,fury,6,2,4
Cellyndia,area-52,192,warrior,fury,6,2,4
Therealflex,zuljin,192,warrior,fury,6,2,4
Gromkhor,tichondrius,192,warrior,fury,6,2,4
Basedaf,frostmourne,192,warrior,fury,6,2,4
Jägernaught,stormrage,192,warrior,fury,6,2,4
Plidan,shuhalo,192,warrior,fury,6,2,4
Furyknight,velen,192,warrior,fury,6,2,4
Stoopkid,uldum,192,warrior,fury,6,2,4
Cartmain,illidan,192,warrior,fury,6,2,4
Kaniks,dalaran,192,warrior,fury,6,2,4
Beatmeat,frostmourne,192,warrior,fury,6,2,4
Amberlym,ragnaros,192,warrior,fury,6,2,4
Horahloux,ragnaros,192,warrior,fury,6,2,4
Xorjak,tichondrius,192,warrior,fury,6,2,4
Noor,tichondrius,192,warrior,fury,6,2,4
Kokixz,tichondrius,192,warrior,fury,6,2,4
Iapologiz,illidan,192,warrior,fury,6,2,4
Hadowar,thrall,192,warrior,fury,6,2,4
Mfgodofwar,kelthuzad,192,warrior,fury,6,2,4
Boombop,zuljin,192,warrior,fury,6,2,4
Clerond,tichondrius,192,warrior,fury,6,2,4
Mortaldznuts,tichondrius,192,warrior,fury,6,2,4
Munanio,stormrage,192,warrior,fury,6,2,4
Sveenn,area-52,192,warrior,fury,6,2,4
Nordrages,stormrage,192,warrior,fury,6,2,4
Erikx,ragnaros,192,warrior,fury,6,2,4
Tempusbane,proudmoore,192,warrior,fury,6,2,4
Maintarget,malganis,192,warrior,fury,6,2,4
Bighamm,tichondrius,192,warrior,fury,6,2,4
Zareos,azralon,192,warrior,fury,6,2,4
Ghostkin,ragnaros,192,warrior,fury,6,2,4
Ultraa,lightbringer,192,warrior,fury,6,2,4
Aboveaverage,arthas,192,warrior,fury,6,2,4
Halò,thrall,192,warrior,fury,6,2,4
Riftgar,hyjal,192,warrior,fury,6,2,4
Outo,stormrage,192,warrior,fury,6,2,4
ßoris,grizzly-hills,192,warrior,fury,6,2,4
Galadon,amanthul,192,warrior,fury,6,2,4
Reäl,dalaran,192,warrior,fury,6,2,4
Peekyblinder,kiljaeden,192,warrior,fury,6,2,4
Shrexecute,tichondrius,192,warrior,fury,6,2,4
Rundai,zuljin,192,warrior,fury,6,2,4
Itzyourmom,nazjatar,192,warrior,fury,6,2,4
Sabers,mannoroth,192,warrior,fury,6,2,4
Kromgrall,tichondrius,192,warrior,fury,6,2,4
Melithiae,barthilas,192,warrior,fury,6,2,4
Tigas,icecrown,192,warrior,fury,6,2,4
Mandragorn,kelthuzad,192,warrior,fury,6,2,4
Assamith,nemesis,192,warrior,fury,6,2,4
Druckerz,lightnings-blade,192,warrior,fury,6,2,4
Painstake,illidan,192,warrior,fury,6,2,4
Twilightzza,sargeras,192,warrior,fury,6,2,4
Illicitiri,sargeras,192,warrior,fury,6,2,4
Zdokk,sargeras,192,warrior,fury,6,2,4
Còlòssal,moknathal,192,warrior,fury,6,2,4
Sîn,sargeras,192,warrior,fury,6,2,4
Kachigas,sargeras,192,warrior,fury,6,2,4
Jäëgër,moon-guard,192,warrior,fury,6,2,4
Eîghtysîx,sargeras,192,warrior,fury,6,2,4
Gromtalin,sargeras,192,warrior,fury,6,2,4
Lox,blades-edge,192,warrior,fury,6,2,4
Ëdwärd,moon-guard,192,warrior,fury,6,2,4
Stugwar,moon-guard,192,warrior,fury,6,2,4
Tankieone,aggramar,192,warrior,fury,8,2,6
Bonesheild,ursin,192,warrior,fury,11,2,9
Norru,moon-guard,192,warrior,fury,12,2,10
Queterompo,ragnaros,192,warrior,fury,12,2,10
Doappy,darkspear,192,warrior,fury,12,2,10
Baeowar,area-52,192,warrior,fury,18,2,16
Naabii,moon-guard,191,warrior,fury,6,2,4
Werrewolf,kul-tiras,191,warrior,fury,6,2,4
Shoteiotoshi,ragnaros,191,warrior,fury,6,2,4
Wayne,kargath,160,warrior,fury,16,2,14
Crankyhorn,stormrage,159,warrior,fury,5,2,3
Duxor,sargeras,128,warrior,fury,4,2,2
Chiffonade,kelthuzad,128,warrior,fury,4,2,2
Rhohan,ysera,128,warrior,fury,4,2,2
Bootskrapp,azgalor,112,warrior,fury,7,2,5
Bradockqt,azralon,96,warrior,fury,3,2,1
Neotico,quelthalas,96,warrior,fury,6,1,5
Sansãocore,nemesis,96,warrior,fury,6,1,5
Choppin,sargeras,96,warrior,fury,6,1,5
Hìm,tichondrius,96,warrior,fury,6,1,5
Draann,kirin-tor,96,warrior,fury,6,1,5
Lifaen,zangarmarsh,96,warrior,fury,6,1,5
Trollchopo,kiljaeden,96,warrior,fury,6,1,5
Freanor,azralon,96,warrior,fury,6,1,5
Xiaohuzi,tichondrius,96,warrior,fury,6,1,5
Warföx,stormrage,96,warrior,fury,6,1,5
Murrdock,nesingwary,96,warrior,fury,6,1,5
Grândmâ,zuljin,96,warrior,fury,6,1,5
Icon,tichondrius,96,warrior,fury,6,1,5
Augutra,moon-guard,96,warrior,fury,6,1,5
Dokoba,bleeding-hollow,96,warrior,fury,6,1,5
Aftershóck,daggerspine,96,warrior,fury,6,1,5
Orsex,ragnaros,96,warrior,fury,6,1,5
Andro,arthas,96,warrior,fury,6,1,5
ßallinjr,illidan,96,warrior,fury,6,1,5
Pingolona,nemesis,96,warrior,fury,6,1,5
Gymnopolar,barthilas,96,warrior,fury,6,1,5
Genesisxp,barthilas,96,warrior,fury,6,1,5
Spartacam,frostmourne,96,warrior,fury,6,1,5
Kevinersaa,frostmourne,96,warrior,fury,6,1,5
Warriorlee,jubeithos,96,warrior,fury,6,1,5
Aladarith,moon-guard,96,warrior,fury,6,1,5
Carnagè,area-52,96,warrior,fury,6,1,5
Décapitator,area-52,96,warrior,fury,6,1,5
Dabdaddyy,dawnbringer,96,warrior,fury,6,1,5
Magarrior,shadowsong,96,warrior,fury,6,1,5
Flabergaster,skullcrusher,96,warrior,fury,6,1,5
Srze,azralon,96,warrior,fury,6,1,5
Broxar,area-52,96,warrior,fury,6,1,5
Arkayla,moon-guard,96,warrior,fury,6,1,5
Horabad,terenas,96,warrior,fury,6,1,5
Trén,hydraxis,96,warrior,fury,6,1,5
Kaikah,aegwynn,96,warrior,fury,6,1,5
Polox,ragnaros,96,warrior,fury,6,1,5
Ustadbaba,area-52,96,warrior,fury,6,1,5
Bumrushed,tichondrius,96,warrior,fury,6,1,5
Smashkuntz,lightnings-blade,96,warrior,fury,6,1,5
Warrbull,spirestone,96,warrior,fury,6,1,5
Tamagoshi,kiljaeden,96,warrior,fury,6,1,5
Nasrôth,korialstrasz,96,warrior,fury,6,1,5
Vvengencezz,the-underbog,96,warrior,fury,6,1,5
Jujuassgeter,darkspear,96,warrior,fury,12,1,11
Gigglamesh,muradin,64,warrior,fury,4,1,3
Cremosö,azralon,64,warrior,fury,4,1,3
Coverage,frostmourne,63,warrior,fury,2,2,0
Ztg,tichondrius,42,warrior,fury,11,2,9
Vioar,hyjal,31,warrior,fury,2,1,1
Thiccbiscuit,area-52,2168,warrior,arms,133,67,66
Zhanwudix,tichondrius,2162,warrior,arms,111,62,49
Killbørn,azralon,2156,warrior,arms,90,47,43
Turtleboy,feathermoon,2141,warrior,arms,79,45,34
Todory,moon-guard,2137,warrior,arms,155,78,77
Ðêed,area-52,2133,warrior,arms,81,46,35
Río,area-52,2133,warrior,arms,124,63,61
Huzha,tichondrius,2114,warrior,arms,117,64,53
Warried,sargeras,2113,warrior,arms,66,37,29
Strife,sargeras,2112,warrior,arms,56,32,24
Edgarllama,sargeras,2103,warrior,arms,87,48,39
ßallinjr,illidan,2103,warrior,arms,90,46,44
Récksus,tichondrius,2101,warrior,arms,74,43,31
Schonkopf,moon-guard,2100,warrior,arms,90,46,44
Vø,agamaggan,2097,warrior,arms,141,73,68
Exespamtwo,area-52,2052,warrior,arms,150,85,65
Leans,sargeras,2048,warrior,arms,143,78,65
Vituu,sargeras,2044,warrior,arms,98,49,49
Dpoy,tichondrius,2039,warrior,arms,86,42,44
Orclog,illidan,2033,warrior,arms,72,37,35
Perfs,bleeding-hollow,2031,warrior,arms,90,48,42
Exzistance,area-52,2026,warrior,arms,71,40,31
Gyracide,area-52,2016,warrior,arms,101,49,52
Ironbad,sargeras,1996,warrior,arms,76,42,34
Executeqt,azralon,1981,warrior,arms,113,68,45
Sziw,tichondrius,1981,warrior,arms,138,76,62
Nikomasked,kelthuzad,1974,warrior,arms,48,28,20
Lyrics,tichondrius,1969,warrior,arms,62,32,30
Icarryrats,tichondrius,1967,warrior,arms,81,39,42
Massacretko,area-52,1962,warrior,arms,88,50,38
Salgadoryan,stormrage,1949,warrior,arms,125,62,63
Foraken,dragonmaw,1948,warrior,arms,59,36,23
Yermalx,tichondrius,1941,warrior,arms,54,30,24
Hapigirl,tichondrius,1929,warrior,arms,42,30,12
Trezturbo,tichondrius,1929,warrior,arms,99,55,44
Kalpok,tichondrius,1928,warrior,arms,58,30,28
Zankets,area-52,1925,warrior,arms,114,57,57
Ricorecklezz,korgath,1925,warrior,arms,66,32,34
Icanfixher,moon-guard,1921,warrior,arms,272,136,136
Gormag,sargeras,1917,warrior,arms,54,32,22
Tryhardr,sargeras,1914,warrior,arms,84,49,35
Masumura,kaelthas,1909,warrior,arms,56,29,27
Cosmicsteel,tichondrius,1908,warrior,arms,88,51,37
Destrey,emerald-dream,1905,warrior,arms,71,41,30
Yermalt,tichondrius,1905,warrior,arms,80,41,39
Ælilblessedñ,azralon,1904,warrior,arms,148,76,72
Solastro,malganis,1903,warrior,arms,68,32,36
Madblackcat,illidan,1902,warrior,arms,58,34,24
Foxxfighter,thrall,1902,warrior,arms,53,31,22
Islonely,tichondrius,1902,warrior,arms,72,34,38
Marfas,hyjal,1901,warrior,arms,147,80,67
Og,shattered-hand,1900,warrior,arms,41,25,16
Kimchikick,tichondrius,1899,warrior,arms,132,67,65
Ignid,tichondrius,1893,warrior,arms,60,26,34
Ssamök,ragnaros,1891,warrior,arms,209,100,109
Paoxiaolol,tichondrius,1890,warrior,arms,73,47,26
Bhaldur,sargeras,1889,warrior,arms,74,43,31
Joshiguy,area-52,1889,warrior,arms,78,36,42
Etchiasoko,gurubashi,1888,warrior,arms,42,30,12
Pezy,frostmourne,1887,warrior,arms,114,57,57
Buckwar,zuljin,1886,warrior,arms,48,26,22
Mítos,quelthalas,1880,warrior,arms,120,61,59
Xîonorc,ragnaros,1873,warrior,arms,120,62,58
Belàriá,tichondrius,1872,warrior,arms,54,31,23
Ikkyuo,proudmoore,1872,warrior,arms,54,27,27
Huugg,skullcrusher,1869,warrior,arms,81,43,38
Kawakamigens,azralon,1866,warrior,arms,84,41,43
Bacchanal,illidan,1864,warrior,arms,66,32,34
Grantlol,illidan,1862,warrior,arms,48,28,20
Dawx,thrall,1862,warrior,arms,65,32,33
Cushman,tichondrius,1860,warrior,arms,90,55,35
Smorc,stormrage,1860,warrior,arms,54,28,26
Spìke,thrall,1856,warrior,arms,149,75,74
Szw,tichondrius,1855,warrior,arms,89,59,30
Arivok,hyjal,1855,warrior,arms,71,35,36
Pooshshi,illidan,1855,warrior,arms,60,29,31
Betterthanu,azralon,1854,warrior,arms,138,72,66
Archosaurs,illidan,1854,warrior,arms,48,23,25
Evnine,illidan,1853,warrior,arms,39,29,10
Ksharer,tichondrius,1853,warrior,arms,65,31,34
Boblennon,tichondrius,1852,warrior,arms,60,25,35
Zacharyx,tichondrius,1851,warrior,arms,179,88,91
Ruzoc,frostmourne,1851,warrior,arms,112,50,62
Nightheller,stormrage,1850,warrior,arms,48,22,26
Comehnrfce,illidan,1850,warrior,arms,80,36,44
Rageroidz,area-52,1848,warrior,arms,48,27,21
Stáclin,ragnaros,1847,warrior,arms,294,170,124
Icon,tichondrius,1846,warrior,arms,46,35,11
Blozar,illidan,1846,warrior,arms,60,30,30
Blackpînk,tichondrius,1845,warrior,arms,54,32,22
Pdbq,tichondrius,1845,warrior,arms,48,28,20
Battousai,kiljaeden,1844,warrior,arms,54,27,27
Sukonamí,draka,1842,warrior,arms,60,33,27
Veilsidewar,kelthuzad,1841,warrior,arms,102,60,42
Krunnknator,azralon,1840,warrior,arms,41,26,15
Kigame,tichondrius,1840,warrior,arms,96,53,43
Narwhål,tichondrius,1840,warrior,arms,90,44,46
Uzza,stormrage,1838,warrior,arms,60,34,26
Kylewalker,tichondrius,1838,warrior,arms,71,32,39
Kydrav,khadgar,1837,warrior,arms,46,25,21
Ânticide,darkspear,1836,warrior,arms,72,37,35
Croc,frostmourne,1834,warrior,arms,32,21,11
Azaks,drakkari,1834,warrior,arms,42,24,18
Fleegugeegu,malganis,1834,warrior,arms,90,45,45
Bigbait,hyjal,1833,warrior,arms,60,31,29
Arthurjlol,tichondrius,1833,warrior,arms,54,24,30
Brilliance,suramar,1832,warrior,arms,60,30,30
Darrowshire,moon-guard,1831,warrior,arms,41,23,18
Frëdsmite,kelthuzad,1831,warrior,arms,144,77,67
Damage,malganis,1829,warrior,arms,48,23,25
Ruinenlust,zuljin,1828,warrior,arms,60,28,32
Elpappa,tichondrius,1827,warrior,arms,48,42,6
Recksus,tichondrius,1827,warrior,arms,42,31,11
Undefied,moon-guard,1827,warrior,arms,39,25,14
Sanquelme,ragnaros,1827,warrior,arms,63,32,31
Jonathann,suramar,1827,warrior,arms,132,65,67
Samuluo,tichondrius,1827,warrior,arms,66,30,36
Blaíze,ragnaros,1826,warrior,arms,44,24,20
Grayview,sargeras,1826,warrior,arms,77,41,36
Seblleddo,drakkari,1826,warrior,arms,60,31,29
Rebied,ragnaros,1826,warrior,arms,90,40,50
Warriorbloo,sargeras,1825,warrior,arms,72,39,33
Lebanesemvp,tichondrius,1825,warrior,arms,85,45,40
Granzelion,tichondrius,1825,warrior,arms,72,34,38
Coby,wildhammer,1823,warrior,arms,65,36,29
Kiggs,tichondrius,1822,warrior,arms,48,27,21
Cloudxxy,kiljaeden,1821,warrior,arms,51,27,24
Soloqandy,moon-guard,1821,warrior,arms,60,29,31
Meccsecute,tichondrius,1820,warrior,arms,102,54,48
Anautumnday,tichondrius,1820,warrior,arms,48,24,24
Honock,ragnaros,1820,warrior,arms,72,34,38
Yeawen,tichondrius,1818,warrior,arms,42,23,19
Beanbags,zangarmarsh,1818,warrior,arms,66,34,32
Nozmok,proudmoore,1818,warrior,arms,65,33,32
Barrbarossa,stormrage,1818,warrior,arms,92,46,46
Thugdorr,sargeras,1818,warrior,arms,70,33,37
Berzek,area-52,1816,warrior,arms,59,23,36
Destram,kelthuzad,1815,warrior,arms,107,57,50
Anti,nerzhul,1814,warrior,arms,57,30,27
Dissector,ragnaros,1814,warrior,arms,54,28,26
Zapatín,quelthalas,1814,warrior,arms,67,32,35
Mäddôx,tichondrius,1814,warrior,arms,126,60,66
Ðìbs,moon-guard,1813,warrior,arms,59,31,28
Knuklez,tichondrius,1811,warrior,arms,64,33,31
Dangerousd,kiljaeden,1811,warrior,arms,60,30,30
Kaimedran,moon-guard,1810,warrior,arms,48,30,18
Jadeemerald,kelthuzad,1810,warrior,arms,54,31,23
Ürürææae,sargeras,1810,warrior,arms,189,94,95
Melifehorde,tichondrius,1809,warrior,arms,42,25,17
Møcat,illidan,1809,warrior,arms,90,52,38
Gryffith,bleeding-hollow,1809,warrior,arms,81,36,45
Ciz,emerald-dream,1808,warrior,arms,64,34,30
Crøm,tichondrius,1807,warrior,arms,48,29,19
Darkduet,tichondrius,1806,warrior,arms,64,30,34
Sickwidit,kiljaeden,1805,warrior,arms,49,28,21
Bigdaddyxo,whisperwind,1805,warrior,arms,41,23,18
Noblewinter,sargeras,1805,warrior,arms,36,19,17
Menethíl,tichondrius,1805,warrior,arms,52,27,25
Tankypandazd,stormrage,1805,warrior,arms,174,81,93
Mildlol,tichondrius,1804,warrior,arms,42,25,17
Peinx,ragnaros,1804,warrior,arms,59,31,28
Blackpinkx,tichondrius,1804,warrior,arms,42,19,23
Vascoes,alleria,1803,warrior,arms,168,92,76
Chakø,tichondrius,1803,warrior,arms,66,36,30
Ariést,bleeding-hollow,1803,warrior,arms,42,20,22
Cgelangdula,tichondrius,1802,warrior,arms,54,28,26
Matesan,jubeithos,1801,warrior,arms,48,28,20
Hìm,tichondrius,1801,warrior,arms,54,28,26
Strongbaby,tichondrius,1800,warrior,arms,42,23,19
Dogmar,staghelm,1800,warrior,arms,68,35,33
Zira,thrall,1800,warrior,arms,115,59,56
Këther,tichondrius,1800,warrior,arms,66,33,33
Kustybuckets,korgath,1798,warrior,arms,46,27,19
Sponsored,argent-dawn,1792,warrior,arms,59,26,33
Zindawg,frostmourne,1786,warrior,arms,168,80,88
Missrend,hyjal,1785,warrior,arms,108,53,55
Aggnilia,proudmoore,1783,warrior,arms,85,40,45
Ígnatius,malganis,1781,warrior,arms,48,31,17
Mecc,tichondrius,1780,warrior,arms,48,23,25
Slaten,barthilas,1779,warrior,arms,65,35,30
Nanchobo,tichondrius,1778,warrior,arms,66,28,38
Hoboedd,area-52,1776,warrior,arms,40,22,18
Exëqt,nemesis,1776,warrior,arms,48,26,22
Orçaos,ragnaros,1772,warrior,arms,114,65,49
Støne,draktharon,1770,warrior,arms,59,34,25
Draus,nemesis,1766,warrior,arms,113,61,52
Rólex,tichondrius,1766,warrior,arms,54,25,29
Heater,stormrage,1765,warrior,arms,53,28,25
Tùngrâu,frostmourne,1764,warrior,arms,124,65,59
Krbigcow,tichondrius,1764,warrior,arms,96,49,47
Dawxw,thrall,1759,warrior,arms,41,24,17
Yonkerss,garrosh,1756,warrior,arms,95,51,44
Wootzu,zuljin,1754,warrior,arms,48,24,24
Wartrue,tichondrius,1753,warrior,arms,84,40,44
Wartruë,tichondrius,1752,warrior,arms,214,115,99
Goonassassin,tichondrius,1748,warrior,arms,48,24,24
Hoodrch,azralon,1747,warrior,arms,59,31,28
Soultarius,area-52,1744,warrior,arms,54,26,28
Ogrelurd,malygos,1743,warrior,arms,42,22,20
Ollena,wyrmrest-accord,1743,warrior,arms,66,32,34
Iwillcrushyo,darkspear,1743,warrior,arms,54,26,28
Madwolf,tichondrius,1742,warrior,arms,67,29,38
Picarus,thunderhorn,1740,warrior,arms,48,25,23
Franziskaner,frostmourne,1738,warrior,arms,90,43,47
Stonesoup,kelthuzad,1737,warrior,arms,77,32,45
Goodlikeplay,ragnaros,1735,warrior,arms,42,22,20
Bbyè,tichondrius,1734,warrior,arms,120,65,55
Afrikunt,tichondrius,1733,warrior,arms,54,30,24
Hoobaz,area-52,1732,warrior,arms,34,19,15
Mantistabogn,zuluhed,1730,warrior,arms,43,26,17
Dramalas,lightbringer,1730,warrior,arms,227,117,110
Wulouzhan,tichondrius,1727,warrior,arms,71,41,30
Krakatóa,kelthuzad,1726,warrior,arms,48,30,18
Rocta,tichondrius,1726,warrior,arms,62,36,26
Isnlonely,tichondrius,1725,warrior,arms,30,18,12
Genghiz,azralon,1725,warrior,arms,42,25,17
Athalen,nemesis,1724,warrior,arms,67,33,34
Adaana,kargath,1723,warrior,arms,71,42,29
Bigglyjoobs,tichondrius,1723,warrior,arms,48,21,27
Swordborne,moon-guard,1722,warrior,arms,94,43,51
Itsfall,tichondrius,1721,warrior,arms,42,21,21
Noodlezz,moon-guard,1719,warrior,arms,53,23,30
Hanadaddy,frostmourne,1718,warrior,arms,66,38,28
Slaught,kelthuzad,1717,warrior,arms,59,30,29
Raveve,area-52,1716,warrior,arms,47,27,20
Cåfe,tichondrius,1715,warrior,arms,119,66,53
Polydopam,tichondrius,1715,warrior,arms,41,21,20
Kraftyx,bleeding-hollow,1714,warrior,arms,30,21,9
Asstastic,bonechewer,1714,warrior,arms,125,56,69
Bigladmike,sargeras,1714,warrior,arms,48,21,27
Basedaf,frostmourne,1713,warrior,arms,78,42,36
Stick,tichondrius,1711,warrior,arms,83,48,35
Rafheeki,tichondrius,1711,warrior,arms,54,28,26
Murderbell,tichondrius,1711,warrior,arms,66,33,33
Lindsanv,illidan,1710,warrior,arms,80,47,33
Warginger,malygos,1710,warrior,arms,41,23,18
Illing,tichondrius,1710,warrior,arms,130,71,59
Boomergodx,stormrage,1708,warrior,arms,78,43,35
Pachacutecxx,ragnaros,1708,warrior,arms,69,37,32
Smashies,kelthuzad,1708,warrior,arms,47,24,23
Míasma,ragnaros,1703,warrior,arms,54,24,30
Maddawgg,mugthol,1702,warrior,arms,46,23,23
Glocç,sargeras,1701,warrior,arms,64,31,33
Kromgrall,tichondrius,1701,warrior,arms,149,71,78
Zarrdune,darkspear,1700,warrior,arms,30,21,9
Coldlòve,akama,1699,warrior,arms,30,20,10
Thrator,wyrmrest-accord,1699,warrior,arms,42,23,19
Randydanger,illidan,1698,warrior,arms,54,24,30
Debbie,bleeding-hollow,1696,warrior,arms,48,25,23
Wolfsbanne,khadgar,1693,warrior,arms,96,55,41
Rookìe,illidan,1691,warrior,arms,89,48,41
Mezdrì,quelthalas,1690,warrior,arms,36,23,13
Kâdé,malganis,1689,warrior,arms,30,18,12
Lostsummer,frostmourne,1689,warrior,arms,58,31,27
Kurodia,quelthalas,1689,warrior,arms,60,25,35
Crushedlol,bleeding-hollow,1686,warrior,arms,36,20,16
Thlam,muradin,1686,warrior,arms,54,27,27
Spartus,kelthuzad,1686,warrior,arms,60,24,36
Meowdaa,proudmoore,1686,warrior,arms,72,24,48
Eqztw,tichondrius,1684,warrior,arms,42,31,11
Bebob,tichondrius,1684,warrior,arms,62,33,29
Bmo,chogall,1684,warrior,arms,87,44,43
Chimbrila,azralon,1684,warrior,arms,102,44,58
Zastrow,dalaran,1684,warrior,arms,48,18,30
Nazraill,aggramar,1683,warrior,arms,75,42,33
Ragefused,illidan,1683,warrior,arms,102,49,53
Bakadoom,illidan,1682,warrior,arms,42,23,19
Trágus,azralon,1680,warrior,arms,77,47,30
Gtr,illidan,1679,warrior,arms,48,31,17
Morioso,boulderfist,1677,warrior,arms,48,22,26
Hildemir,tichondrius,1675,warrior,arms,42,23,19
Tiredkev,tichondrius,1674,warrior,arms,42,23,19
Bussupshut,kelthuzad,1673,warrior,arms,47,24,23
Partyx,tichondrius,1673,warrior,arms,170,86,84
Bigbrick,stormrage,1672,warrior,arms,48,25,23
Urdem,moon-guard,1671,warrior,arms,66,35,31
Doublezuglol,tichondrius,1671,warrior,arms,77,38,39
Smokes,sargeras,1670,warrior,arms,90,41,49
Qingmei,illidan,1670,warrior,arms,60,26,34
Winota,frostmourne,1669,warrior,arms,30,22,8
Brøly,sargeras,1669,warrior,arms,78,35,43
Trackstarz,llane,1668,warrior,arms,78,46,32
Amlahj,stormrage,1668,warrior,arms,53,30,23
Razw,frostmourne,1666,warrior,arms,30,19,11
Legoyoda,zuljin,1663,warrior,arms,54,29,25
Edgárllama,sargeras,1663,warrior,arms,38,20,18
Colössal,moon-guard,1663,warrior,arms,94,48,46
Ystkk,tichondrius,1662,warrior,arms,42,25,17
Bozzy,illidan,1662,warrior,arms,47,22,25
Khørnë,ragnaros,1661,warrior,arms,54,30,24
Killbórn,azralon,1660,warrior,arms,30,19,11
Bugsberserk,tichondrius,1658,warrior,arms,101,54,47
Hbrandy,tichondrius,1658,warrior,arms,35,18,17
Axazel,drakkari,1657,warrior,arms,56,27,29
Kames,garrosh,1655,warrior,arms,95,43,52
Sineatér,frostmourne,1654,warrior,arms,61,30,31
Maktarax,zuljin,1654,warrior,arms,40,18,22
Rynrak,tichondrius,1653,warrior,arms,41,19,22
Kilgorath,area-52,1652,warrior,arms,54,23,31
Zenrrei,ragnaros,1648,warrior,arms,78,44,34
Dalan,korgath,1647,warrior,arms,36,22,14
Bøek,area-52,1646,warrior,arms,86,39,47
Blodreìna,hyjal,1645,warrior,arms,76,38,38
Rainingblooð,blackrock,1644,warrior,arms,97,50,47
Twshizgd,proudmoore,1644,warrior,arms,108,52,56
Pipedoctor,kelthuzad,1642,warrior,arms,30,21,9
Stickybladez,frostmourne,1641,warrior,arms,96,53,43
Pepétí,azralon,1641,warrior,arms,101,50,51
Sonjeba,malganis,1640,warrior,arms,70,32,38
Fulaixiong,illidan,1639,warrior,arms,51,34,17
Hickorie,sargeras,1638,warrior,arms,54,28,26
Wargasmx,tichondrius,1638,warrior,arms,46,22,24
Sakutarou,lightbringer,1637,warrior,arms,130,62,68
Ngu,eldrethalas,1636,warrior,arms,53,26,27
Jottman,tichondrius,1635,warrior,arms,72,31,41
Ciskokido,illidan,1634,warrior,arms,42,23,19
Xiaoheihei,tichondrius,1634,warrior,arms,99,45,54
Droguernaut,tichondrius,1633,warrior,arms,47,25,22
Malerick,illidan,1631,warrior,arms,57,25,32
Delakos,frostmourne,1630,warrior,arms,66,37,29
Furykets,proudmoore,1629,warrior,arms,38,19,19
Hõdõnsin,tichondrius,1628,warrior,arms,57,26,31
Zeroskill,cenarius,1626,warrior,arms,60,28,32
Kazecap,proudmoore,1626,warrior,arms,66,29,37
Orgnosh,tichondrius,1625,warrior,arms,96,52,44
Gutting,moon-guard,1625,warrior,arms,36,18,18
Jgillz,sargeras,1624,warrior,arms,30,17,13
Bddg,tichondrius,1623,warrior,arms,30,18,12
Pkkcrisis,archimonde,1623,warrior,arms,30,17,13
Testflight,tichondrius,1623,warrior,arms,54,30,24
Bwandøn,moon-guard,1623,warrior,arms,76,38,38
Ðrex,nagrand,1621,warrior,arms,45,27,18
Mynameyaff,tichondrius,1621,warrior,arms,75,44,31
Crowsfall,aggramar,1621,warrior,arms,166,83,83
Jdubzr,frostmourne,1621,warrior,arms,48,22,26
Stooklol,tichondrius,1621,warrior,arms,54,22,32
Brendanshwab,bleeding-hollow,1618,warrior,arms,24,17,7
Invalidoath,tichondrius,1618,warrior,arms,36,20,16
Achilex,sargeras,1617,warrior,arms,127,66,61
Ryängosling,azralon,1616,warrior,arms,150,83,67
Bromro,tichondrius,1616,warrior,arms,80,39,41
Necroticism,bleeding-hollow,1616,warrior,arms,36,17,19
Timbermack,moon-guard,1615,warrior,arms,78,43,35
Ichirisw,tichondrius,1615,warrior,arms,47,23,24
Hônor,ragnaros,1615,warrior,arms,42,20,22
Anukhar,emerald-dream,1614,warrior,arms,60,33,27
Rittylord,frostmourne,1614,warrior,arms,66,36,30
Fluffyarm,sargeras,1614,warrior,arms,108,53,55
Metalchileno,ragnaros,1614,warrior,arms,48,20,28
Willcharge,tichondrius,1614,warrior,arms,49,17,32
Myndon,area-52,1613,warrior,arms,37,27,10
Tastý,moon-guard,1612,warrior,arms,42,17,25
Hofukumizuki,tichondrius,1612,warrior,arms,54,21,33
Xwarz,drakkari,1610,warrior,arms,36,17,19
Sindevelor,tichondrius,1609,warrior,arms,43,25,18
Sosimi,tichondrius,1609,warrior,arms,60,34,26
Thebigsmash,tichondrius,1609,warrior,arms,42,23,19
Tatsuu,tichondrius,1608,warrior,arms,222,109,113
Marvachi,moon-guard,1608,warrior,arms,50,23,27
Fartazz,zuljin,1608,warrior,arms,48,22,26
Furydudz,tichondrius,1607,warrior,arms,42,21,21
Dokgö,tichondrius,1607,warrior,arms,54,24,30
Brainhaze,tichondrius,1606,warrior,arms,48,21,27
Maraudertko,area-52,1605,warrior,arms,30,17,13
Mitigated,bleeding-hollow,1605,warrior,arms,42,22,20
Bìgpoppapump,tichondrius,1605,warrior,arms,72,36,36
Myxz,barthilas,1605,warrior,arms,120,59,61
Ethuil,azshara,1605,warrior,arms,53,23,30
Hookahboss,area-52,1604,warrior,arms,34,20,14
Zaràki,area-52,1604,warrior,arms,174,89,85
Bleedx,bleeding-hollow,1603,warrior,arms,51,30,21
Yamadaflash,tichondrius,1603,warrior,arms,37,21,16
Sinbãd,sargeras,1603,warrior,arms,59,27,32
Sheriff,eldrethalas,1600,warrior,arms,54,31,23
Yabahdabah,stormrage,1600,warrior,arms,75,41,34
Soupwar,moon-guard,1599,warrior,arms,46,22,24
Arx,frostwolf,1598,warrior,arms,87,46,41
Patwong,frostmourne,1597,warrior,arms,66,36,30
Lôwkeyfix,illidan,1597,warrior,arms,42,20,22
Raph,barthilas,1595,warrior,arms,36,20,16
Riggragg,tichondrius,1594,warrior,arms,42,26,16
Rapcherawr,illidan,1593,warrior,arms,33,20,13
Elchacál,ragnaros,1592,warrior,arms,60,27,33
Bigdude,frostwolf,1590,warrior,arms,30,20,10
Matrias,tichondrius,1589,warrior,arms,64,39,25
Meatbone,emerald-dream,1589,warrior,arms,84,48,36
Mistrpower,bleeding-hollow,1589,warrior,arms,78,44,34
Wutains,tichondrius,1589,warrior,arms,36,19,17
Cutgirl,quelthalas,1589,warrior,arms,44,19,25
Dewbae,whisperwind,1586,warrior,arms,72,37,35
Groundpound,sargeras,1586,warrior,arms,54,26,28
Arkkaine,sargeras,1586,warrior,arms,48,23,25
Indominate,tichondrius,1586,warrior,arms,68,27,41
Homebody,uldaman,1585,warrior,arms,38,25,13
Sheetss,tichondrius,1585,warrior,arms,48,23,25
Dukà,hyjal,1582,warrior,arms,42,24,18
Swagramarr,area-52,1582,warrior,arms,63,33,30
Jrod,boulderfist,1582,warrior,arms,168,87,81
Gannïcûs,drakkari,1582,warrior,arms,53,20,33
Hydrolisk,area-52,1581,warrior,arms,108,54,54
Ragetodef,illidan,1579,warrior,arms,90,45,45
Ottø,area-52,1578,warrior,arms,66,36,30
Bobu,area-52,1578,warrior,arms,40,21,19
Garrmash,hyjal,1578,warrior,arms,151,75,76
Slitt,azralon,1577,warrior,arms,48,28,20
Därkzh,stormrage,1576,warrior,arms,30,20,10
Delphont,stormrage,1576,warrior,arms,65,34,31
Juuz,frostmourne,1575,warrior,arms,114,56,58
Rukittenme,area-52,1575,warrior,arms,42,20,22
Lunartime,sargeras,1575,warrior,arms,42,20,22
Theokos,dalaran,1575,warrior,arms,54,25,29
Aumni,illidan,1574,warrior,arms,86,39,47
Johnnysmizle,kelthuzad,1573,warrior,arms,53,23,30
Cokeroom,tichondrius,1572,warrior,arms,37,21,16
Yarock,malganis,1571,warrior,arms,84,38,46
Creøn,silvermoon,1570,warrior,arms,42,20,22
Sulze,tichondrius,1570,warrior,arms,129,59,70
Ÿüñí,tichondrius,1570,warrior,arms,42,19,23
Mahoogler,hakkar,1570,warrior,arms,48,21,27
Rongor,drakkari,1569,warrior,arms,36,18,18
Shadderaz,sargeras,1568,warrior,arms,30,18,12
Raahjz,sargeras,1568,warrior,arms,36,18,18
Zenchi,nerzhul,1568,warrior,arms,47,19,28
PlayerRNKMRN,korgath,1567,warrior,arms,55,35,20
Twilightrain,tichondrius,1565,warrior,arms,231,121,110
Pigzig,nagrand,1564,warrior,arms,36,18,18
Chogar,proudmoore,1562,warrior,arms,64,34,30
Executie,duskwood,1562,warrior,arms,73,36,37
Nerdstompêr,illidan,1561,warrior,arms,54,23,31
Kakamallo,black-dragonflight,1560,warrior,arms,171,92,79
Oppressor,darkspear,1560,warrior,arms,58,30,28
Shadowstingg,tichondrius,1560,warrior,arms,40,17,23
Naejwar,ragnaros,1559,warrior,arms,149,79,70
Monstersynde,nemesis,1556,warrior,arms,84,43,41
Ôn,tichondrius,1555,warrior,arms,96,44,52
Destructör,nagrand,1554,warrior,arms,81,42,39
Rockstedy,area-52,1552,warrior,arms,44,22,22
Crystaríum,stormrage,1552,warrior,arms,42,20,22
Traumaj,bleeding-hollow,1551,warrior,arms,97,53,44
Larrylurker,proudmoore,1551,warrior,arms,42,22,20
Ghóstx,alleria,1550,warrior,arms,53,37,16
Titanzz,quelthalas,1550,warrior,arms,71,35,36
Itskel,stormreaver,1546,warrior,arms,44,23,21
Roidraging,thunderlord,1545,warrior,arms,137,62,75
Warriordanim,tichondrius,1545,warrior,arms,126,56,70
Abbastanza,tichondrius,1544,warrior,arms,51,18,33
Zyppz,sargeras,1543,warrior,arms,38,26,12
Fyruz,sargeras,1542,warrior,arms,74,41,33
Know,anetheron,1542,warrior,arms,98,45,53
Smokedaperc,illidan,1540,warrior,arms,78,44,34
Danceylol,barthilas,1537,warrior,arms,42,17,25
Warrgawd,illidan,1535,warrior,arms,53,26,27
Rohta,kiljaeden,1535,warrior,arms,47,21,26
Dotlom,wyrmrest-accord,1534,warrior,arms,92,44,48
Kirown,quelthalas,1533,warrior,arms,56,21,35
Ashantia,stormrage,1532,warrior,arms,55,29,26
Yunnkel,ragnaros,1532,warrior,arms,58,30,28
Ashtonx,sargeras,1531,warrior,arms,24,16,8
Rokgral,tichondrius,1531,warrior,arms,56,29,27
Wingedknight,malganis,1531,warrior,arms,94,45,49
Gravewurm,twisting-nether,1527,warrior,arms,24,16,8
Lehzera,frostmourne,1526,warrior,arms,44,20,24
Flynnstone,tichondrius,1524,warrior,arms,30,19,11
Magicalol,tichondrius,1523,warrior,arms,30,16,14
Heylol,blackhand,1523,warrior,arms,36,16,20
Stinkyw,tichondrius,1522,warrior,arms,37,21,16
Chaytin,bleeding-hollow,1521,warrior,arms,26,16,10
Kimed,nordrassil,1520,warrior,arms,30,16,14
Flexìn,tichondrius,1520,warrior,arms,36,16,20
Hoodlark,lightbringer,1520,warrior,arms,48,19,29
Randysnapper,zuljin,1519,warrior,arms,24,16,8
Wouili,zuljin,1519,warrior,arms,85,54,31
Ichigö,gundrak,1519,warrior,arms,51,25,26
Ramzeé,kelthuzad,1518,warrior,arms,67,38,29
Krimgar,quelthalas,1518,warrior,arms,52,21,31
Damiansuv,moon-guard,1516,warrior,arms,153,73,80
Jimjinjin,tichondrius,1515,warrior,arms,30,16,14
Brayitann,illidan,1514,warrior,arms,49,27,22
Dtrumpo,moon-guard,1513,warrior,arms,52,27,25
Firesx,tichondrius,1512,warrior,arms,30,17,13
Tuvia,malganis,1511,warrior,arms,177,89,88
Raala,cenarius,1510,warrior,arms,45,31,14
Cathillex,eonar,1510,warrior,arms,24,16,8
Tríxman,moon-guard,1510,warrior,arms,104,60,44
Duxor,sargeras,1509,warrior,arms,42,16,26
Línfert,stormrage,1508,warrior,arms,77,39,38
Flexeçute,moon-guard,1508,warrior,arms,66,30,36
Lyliumn,frostmourne,1508,warrior,arms,42,19,23
Lionbuster,ragnaros,1507,warrior,arms,30,19,11
Machete,nemesis,1507,warrior,arms,76,40,36
Punknicanor,quelthalas,1507,warrior,arms,54,27,27
Bâlthor,quelthalas,1507,warrior,arms,50,22,28
Alator,gorgonnash,1501,warrior,arms,30,17,13
Stormlørd,frostmourne,1501,warrior,arms,40,20,20
Skronkar,illidan,1501,warrior,arms,78,37,41
Duroxzee,area-52,1500,warrior,arms,132,74,58
Swólepetrol,tichondrius,1499,warrior,arms,30,16,14
Rampage,azralon,1498,warrior,arms,89,46,43
Zalakan,malganis,1497,warrior,arms,24,16,8
Tcchmm,akama,1497,warrior,arms,64,28,36
Spartiguss,emerald-dream,1496,warrior,arms,29,16,13
Gorenay,nemesis,1496,warrior,arms,30,16,14
Utgarde,stormrage,1496,warrior,arms,176,92,84
Scrümp,illidan,1496,warrior,arms,49,24,25
Chinamonk,tichondrius,1496,warrior,arms,77,36,41
Hotdadparty,frostmourne,1496,warrior,arms,54,25,29
Danield,illidan,1496,warrior,arms,42,16,26
Flintish,moon-guard,1495,warrior,arms,48,30,18
Xunxie,tichondrius,1494,warrior,arms,41,20,21
Beaerboy,darkspear,1494,warrior,arms,90,41,49
Datneck,tichondrius,1493,warrior,arms,30,16,14
Lsays,tichondrius,1492,warrior,arms,68,34,34
Torimzor,nemesis,1490,warrior,arms,120,66,54
Ihadnochoice,barthilas,1490,warrior,arms,124,60,64
Garadiels,tichondrius,1490,warrior,arms,73,31,42
Sinsinatra,azralon,1489,warrior,arms,168,82,86
Karrok,zuluhed,1489,warrior,arms,144,67,77
Ôxluck,ragnaros,1489,warrior,arms,74,27,47
Spartacam,frostmourne,1488,warrior,arms,114,56,58
Taywar,sargeras,1488,warrior,arms,60,29,31
Metalwarr,illidan,1487,warrior,arms,30,16,14
Blightscream,bleeding-hollow,1487,warrior,arms,60,28,32
Zänn,dalaran,1486,warrior,arms,60,38,22
Relerocker,area-52,1486,warrior,arms,38,22,16
Wmf,frostmourne,1486,warrior,arms,78,35,43
Muskratz,tichondrius,1485,warrior,arms,30,16,14
Karnakk,thrall,1485,warrior,arms,41,16,25
Ogeezus,crushridge,1484,warrior,arms,36,17,19
Dorianfrost,ravenholdt,1483,warrior,arms,54,20,34
Frankoiz,quelthalas,1482,warrior,arms,42,19,23
Tern,emerald-dream,1481,warrior,arms,58,33,25
Xenogears,boulderfist,1480,warrior,arms,90,49,41
Aloregorey,malganis,1480,warrior,arms,78,34,44
Kissmyaxê,tichondrius,1480,warrior,arms,51,21,30
Brutallicus,kelthuzad,1479,warrior,arms,33,17,16
Michaelrossx,bloodhoof,1479,warrior,arms,138,66,72
Volstraya,frostmourne,1478,warrior,arms,36,18,18
Slyith,shadow-council,1477,warrior,arms,60,30,30
Rainzy,stormrage,1476,warrior,arms,36,16,20
Weedow,proudmoore,1474,warrior,arms,29,16,13
Calmaah,frostmourne,1473,warrior,arms,40,22,18
Naughtytwat,tichondrius,1472,warrior,arms,183,90,93
Dann,ragnaros,1472,warrior,arms,84,39,45
Lòrdnasher,tichondrius,1471,warrior,arms,53,29,24
Lisande,sargeras,1470,warrior,arms,52,32,20
Kolosal,tichondrius,1469,warrior,arms,33,16,17
Mardrex,korgath,1469,warrior,arms,36,16,20
Thurman,spirestone,1467,warrior,arms,44,26,18
Luosifen,tichondrius,1467,warrior,arms,131,66,65
Shiv,illidan,1467,warrior,arms,69,31,38
Morfoggore,ragnaros,1467,warrior,arms,36,16,20
Slamix,area-52,1465,warrior,arms,57,31,26
Eggroll,emerald-dream,1465,warrior,arms,47,17,30
Gwendolynl,hyjal,1464,warrior,arms,55,29,26
Toughguts,saurfang,1464,warrior,arms,60,29,31
Legbreaker,tichondrius,1463,warrior,arms,30,16,14
Torzzen,azralon,1462,warrior,arms,35,18,17
Unstàble,frostmourne,1462,warrior,arms,42,20,22
Pelonna,drakkari,1462,warrior,arms,108,50,58
Nyle,zuljin,1462,warrior,arms,42,19,23
Sertss,proudmoore,1462,warrior,arms,71,30,41
Furyass,bleeding-hollow,1460,warrior,arms,78,43,35
Shortgoofy,sargeras,1460,warrior,arms,116,54,62
Nabiouscx,malganis,1460,warrior,arms,101,47,54
Themudcrab,frostmourne,1459,warrior,arms,109,46,63
Warlow,korgath,1458,warrior,arms,58,26,32
Mommysharky,illidan,1457,warrior,arms,36,26,10
Rads,stormscale,1457,warrior,arms,57,31,26
Zeerohkool,malganis,1457,warrior,arms,68,31,37
Dji,tichondrius,1456,warrior,arms,161,80,81
Bullmastic,deathwing,1456,warrior,arms,46,21,25
Pongk,tichondrius,1456,warrior,arms,57,17,40
Amaragos,tichondrius,1455,warrior,arms,62,37,25
Jotto,zuljin,1455,warrior,arms,36,18,18
Banhaezzi,tichondrius,1455,warrior,arms,106,49,57
Xaka,tichondrius,1455,warrior,arms,42,19,23
Draganovich,aerie-peak,1454,warrior,arms,36,19,17
Zhânshen,tichondrius,1454,warrior,arms,48,24,24
Alexitwo,ragnaros,1453,warrior,arms,42,25,17
Doves,tichondrius,1453,warrior,arms,33,16,17
Arot,bloodhoof,1453,warrior,arms,93,42,51
Mailløche,bleeding-hollow,1452,warrior,arms,60,32,28
Dualip,tichondrius,1451,warrior,arms,72,38,34
Biznizwar,sargeras,1450,warrior,arms,124,61,63
Ewenki,tichondrius,1449,warrior,arms,93,47,46
Wellowarr,moon-guard,1448,warrior,arms,78,34,44
Fraannky,windrunner,1447,warrior,arms,48,24,24
Rárict,moon-guard,1445,warrior,arms,46,26,20
Shawnemd,proudmoore,1445,warrior,arms,54,29,25
Saleem,tichondrius,1445,warrior,arms,109,54,55
Arctures,stormrage,1442,warrior,arms,60,35,25
Ashbringera,proudmoore,1442,warrior,arms,120,57,63
Frashes,darkspear,1442,warrior,arms,49,22,27
Riskydevil,azralon,1441,warrior,arms,40,23,17
Muertededios,quelthalas,1441,warrior,arms,123,62,61
Yirko,quelthalas,1440,warrior,arms,56,24,32
Bigjbs,tichondrius,1439,warrior,arms,24,15,9
Ðêad,area-52,1439,warrior,arms,24,15,9
Unkultom,stormrage,1439,warrior,arms,51,26,25
Crownzz,tichondrius,1439,warrior,arms,30,15,15
Arthwarf,proudmoore,1439,warrior,arms,48,22,26
Darkfang,icecrown,1438,warrior,arms,48,26,22
Jichelei,tichondrius,1438,warrior,arms,72,35,37
Kowboy,stormrage,1438,warrior,arms,72,34,38
Loosz,stormrage,1438,warrior,arms,36,15,21
Graelus,terenas,1437,warrior,arms,43,24,19
Nikon,bleeding-hollow,1435,warrior,arms,42,16,26
Grumtak,azralon,1434,warrior,arms,29,16,13
Bozwar,tichondrius,1434,warrior,arms,30,16,14
Vatix,sargeras,1434,warrior,arms,30,15,15
Xenowar,alleria,1434,warrior,arms,66,29,37
Samwolok,tichondrius,1433,warrior,arms,30,15,15
Tenchuu,azralon,1433,warrior,arms,53,22,31
Badguys,illidan,1431,warrior,arms,36,15,21
Golkän,goldrinn,1430,warrior,arms,42,21,21
Powerhard,area-52,1430,warrior,arms,51,25,26
Naxxiki,wyrmrest-accord,1429,warrior,arms,42,25,17
Klouddraft,tichondrius,1428,warrior,arms,39,22,17
Orahard,illidan,1428,warrior,arms,128,57,71
Shiiftybuga,frostmourne,1427,warrior,arms,50,27,23
Excaliburz,frostmourne,1427,warrior,arms,83,44,39
Machineofwar,zuluhed,1427,warrior,arms,102,49,53
Hulkbuster,ragnaros,1427,warrior,arms,42,18,24
Slamuëladams,bleeding-hollow,1427,warrior,arms,36,15,21
Kadira,stormrage,1427,warrior,arms,90,37,53
Creepi,sargeras,1426,warrior,arms,32,17,15
Warsaínt,area-52,1425,warrior,arms,53,27,26
Dinogc,barthilas,1424,warrior,arms,32,17,15
Rèckit,thrall,1424,warrior,arms,36,15,21
Milough,nesingwary,1423,warrior,arms,36,17,19
Disarmiea,cairne,1423,warrior,arms,57,26,31
Tergll,illidan,1423,warrior,arms,51,23,28
Cjz,tichondrius,1422,warrior,arms,42,25,17
Automator,proudmoore,1422,warrior,arms,36,15,21
Wapistun,thrall,1421,warrior,arms,36,19,17
Kralo,moon-guard,1421,warrior,arms,33,16,17
Typhön,tichondrius,1421,warrior,arms,44,17,27
Braxin,dalaran,1420,warrior,arms,60,31,29
Mahkrash,quelthalas,1420,warrior,arms,47,22,25
Noyel,tichondrius,1419,warrior,arms,31,15,16
Overswing,tichondrius,1418,warrior,arms,60,22,38
Saîyanroyce,barthilas,1417,warrior,arms,131,64,67
Iigotu,tichondrius,1417,warrior,arms,130,61,69
Enilaw,proudmoore,1416,warrior,arms,38,21,17
Kilrosao,nordrassil,1416,warrior,arms,59,32,27
Aaryn,caelestrasz,1415,warrior,arms,104,56,48
Ártorius,sargeras,1415,warrior,arms,36,17,19
Auzery,emerald-dream,1415,warrior,arms,36,15,21
Ukris,area-52,1414,warrior,arms,83,45,38
Kahuwuna,tichondrius,1414,warrior,arms,30,15,15
Scumrat,frostmourne,1414,warrior,arms,66,32,34
Korboc,malganis,1413,warrior,arms,60,29,31
Slickpapi,area-52,1413,warrior,arms,81,38,43
Babyguns,tichondrius,1412,warrior,arms,30,17,13
Visenyä,mannoroth,1412,warrior,arms,42,16,26
Armsprotfury,tichondrius,1411,warrior,arms,36,21,15
Atróx,quelthalas,1409,warrior,arms,30,15,15
Ðarkstar,zuljin,1409,warrior,arms,135,61,74
Dcashmoney,moon-guard,1409,warrior,arms,54,20,34
Warthorns,malganis,1408,warrior,arms,49,17,32
Bigdingus,frostwolf,1406,warrior,arms,54,23,31
Kréix,sargeras,1405,warrior,arms,36,15,21
Killborn,tichondrius,1405,warrior,arms,42,16,26
Yummysushi,gorgonnash,1404,warrior,arms,76,31,45
Allgas,barthilas,1403,warrior,arms,53,31,22
Dúmßlòwn,tichondrius,1403,warrior,arms,138,66,72
Aloloco,ragnaros,1403,warrior,arms,66,30,36
Ohanaglad,illidan,1403,warrior,arms,42,19,23
Gusbus,malganis,1402,warrior,arms,30,19,11
Nightshauyia,kelthuzad,1401,warrior,arms,33,19,14
Armamortal,kelthuzad,1401,warrior,arms,107,52,55
Brocky,malorne,1401,warrior,arms,285,134,151
Horsekok,tichondrius,1399,warrior,arms,24,15,9
Peeb,tichondrius,1399,warrior,arms,30,15,15
Doomreaper,hellscream,1398,warrior,arms,35,18,17
Tenebrous,nemesis,1397,warrior,arms,48,20,28
Shishokun,quelthalas,1394,warrior,arms,46,20,26
Zaexx,stormrage,1393,warrior,arms,35,18,17
Magnar,zuljin,1392,warrior,arms,42,25,17
Vanglorio,azralon,1392,warrior,arms,81,44,37
Neozsmash,thrall,1392,warrior,arms,42,22,20
Sludgthwaps,stormrage,1392,warrior,arms,48,24,24
Mjorn,sargeras,1392,warrior,arms,58,28,30
Fatnfurious,dunemaul,1392,warrior,arms,44,21,23
Belldor,barthilas,1392,warrior,arms,66,23,43
Bigster,malganis,1391,warrior,arms,30,16,14
Nicegirl,sargeras,1391,warrior,arms,69,36,33
Azog,bleeding-hollow,1389,warrior,arms,42,24,18
Khargrok,ragnaros,1389,warrior,arms,30,15,15
Apallô,tichondrius,1388,warrior,arms,89,40,49
Ëssex,tichondrius,1388,warrior,arms,65,28,37
Momojojo,daggerspine,1385,warrior,arms,26,18,8
Zaurka,sargeras,1385,warrior,arms,24,15,9
Irix,tichondrius,1385,warrior,arms,68,36,32
Tzumugi,ragnaros,1383,warrior,arms,177,84,93
Ghostss,tichondrius,1382,warrior,arms,67,29,38
Eîghtysîx,sargeras,1382,warrior,arms,100,43,57
Verain,thrall,1381,warrior,arms,36,17,19
Druckerz,lightnings-blade,1379,warrior,arms,42,15,27
Solano,illidan,1378,warrior,arms,36,23,13
Jeffe,khadgar,1378,warrior,arms,68,28,40
Luckyw,draktharon,1375,warrior,arms,42,23,19
Aesom,wyrmrest-accord,1375,warrior,arms,103,56,47
Kannzox,quelthalas,1375,warrior,arms,67,33,34
Dolkal,tichondrius,1375,warrior,arms,57,21,36
Nagaboner,frostmourne,1371,warrior,arms,47,25,22
Tusktrollmon,illidan,1369,warrior,arms,55,27,28
Asc,barthilas,1365,warrior,arms,87,47,40
Jalaskâ,azralon,1364,warrior,arms,40,21,19
Sevala,spinebreaker,1363,warrior,arms,58,32,26
Chanchoswar,ragnaros,1362,warrior,arms,63,25,38
Mervyn,aegwynn,1360,warrior,arms,48,29,19
Gwlade,sargeras,1359,warrior,arms,39,19,20
Davidorco,drakkari,1359,warrior,arms,35,17,18
Saltyundies,tichondrius,1359,warrior,arms,105,47,58
Lègèndáry,dark-iron,1359,warrior,arms,48,21,27
Korsarro,frostmourne,1357,warrior,arms,68,32,36
Chawp,emerald-dream,1355,warrior,arms,41,23,18
Bùlk,barthilas,1355,warrior,arms,77,33,44
Dishonorkill,dentarg,1354,warrior,arms,25,15,10
Lowlow,lightbringer,1354,warrior,arms,36,16,20
Dropopen,tichondrius,1354,warrior,arms,48,15,33
Morhgath,bonechewer,1352,warrior,arms,43,22,21
Guitter,nazjatar,1352,warrior,arms,36,16,20
Cheeriozz,thrall,1351,warrior,arms,36,18,18
Nviv,proudmoore,1351,warrior,arms,90,40,50
Rokó,illidan,1351,warrior,arms,48,20,28
Swordmasters,icecrown,1350,warrior,arms,42,18,24
Brotu,nemesis,1349,warrior,arms,93,53,40
Thegoochgoon,malorne,1347,warrior,arms,57,31,26
Dimus,area-52,1347,warrior,arms,36,15,21
Rasgriz,moon-guard,1346,warrior,arms,43,20,23
Xufoxpikmin,gurubashi,1345,warrior,arms,64,26,38
Radamäntthys,nemesis,1345,warrior,arms,54,16,38
ßaldbornë,stormrage,1344,warrior,arms,94,47,47
Nosfuratuzod,frostmourne,1343,warrior,arms,30,17,13
Aldérmach,zuljin,1343,warrior,arms,92,44,48
Notmagnusz,zuljin,1343,warrior,arms,30,14,16
Legday,stormrage,1343,warrior,arms,30,14,16
Falindrah,moon-guard,1342,warrior,arms,30,14,16
Coolade,thunderhorn,1342,warrior,arms,58,25,33
Ddaÿ,tichondrius,1342,warrior,arms,36,14,22
Kinzi,quelthalas,1342,warrior,arms,40,15,25
Hyperdevil,ragnaros,1341,warrior,arms,24,14,10
Niudazhuang,tichondrius,1341,warrior,arms,76,43,33
Bahlahkay,proudmoore,1341,warrior,arms,30,14,16
Jikith,proudmoore,1341,warrior,arms,30,14,16
Chargeback,zuljin,1340,warrior,arms,57,32,25
Bagur,ragnaros,1340,warrior,arms,41,23,18
Sunamys,illidan,1340,warrior,arms,36,14,22
Erple,eldrethalas,1340,warrior,arms,60,22,38
Dubstoob,illidan,1339,warrior,arms,106,54,52
Warbeshar,area-52,1339,warrior,arms,30,14,16
Kelidar,kaelthas,1338,warrior,arms,42,22,20
Sharer,tichondrius,1338,warrior,arms,30,14,16
Swiftui,nemesis,1338,warrior,arms,48,21,27
Gohrgroc,quelthalas,1337,warrior,arms,24,14,10
Loothar,goldrinn,1337,warrior,arms,66,33,33
Ikrad,quelthalas,1337,warrior,arms,42,18,24
Thorado,nemesis,1337,warrior,arms,45,19,26
Govosh,thrall,1336,warrior,arms,24,14,10
Swamis,stormreaver,1336,warrior,arms,36,19,17
Viagraliker,tichondrius,1336,warrior,arms,44,19,25
Zeerohkool,tichondrius,1336,warrior,arms,72,29,43
Dabdaddyy,dawnbringer,1336,warrior,arms,39,15,24
Xampuu,ragnaros,1335,warrior,arms,28,17,11
Nervoxztwo,ragnaros,1335,warrior,arms,36,18,18
Qetimporta,quelthalas,1334,warrior,arms,36,20,16
Geñeralguap,tichondrius,1334,warrior,arms,60,29,31
Ybo,illidan,1333,warrior,arms,63,39,24
Aranacn,tichondrius,1331,warrior,arms,18,14,4
Varekai,frostmourne,1331,warrior,arms,62,32,30
Lexxsteele,mugthol,1330,warrior,arms,24,14,10
Gooshin,sargeras,1330,warrior,arms,37,19,18
Himer,tichondrius,1330,warrior,arms,30,14,16
Papaming,tichondrius,1330,warrior,arms,48,21,27
Ralphy,lightnings-blade,1329,warrior,arms,58,27,31
Fuknazum,gundrak,1328,warrior,arms,84,38,46
Kalnor,dark-iron,1327,warrior,arms,50,26,24
Retros,kelthuzad,1327,warrior,arms,66,32,34
Ketasshi,kelthuzad,1327,warrior,arms,30,14,16
Deamonkiller,kelthuzad,1327,warrior,arms,79,36,43
Twistwarr,area-52,1326,warrior,arms,24,14,10
Soez,tichondrius,1325,warrior,arms,22,15,7
Aoste,tichondrius,1324,warrior,arms,31,16,15
Dre,anubarak,1323,warrior,arms,30,14,16
Rockystyle,proudmoore,1321,warrior,arms,48,28,20
Waraze,tichondrius,1320,warrior,arms,30,14,16
Rekem,malganis,1320,warrior,arms,60,27,33
Ønì,tichondrius,1319,warrior,arms,42,33,9
Macsen,zuljin,1319,warrior,arms,36,18,18
Supremegalek,tichondrius,1319,warrior,arms,45,22,23
Warthok,turalyon,1319,warrior,arms,36,14,22
Zroz,ragnaros,1318,warrior,arms,54,28,26
Jellybomb,sargeras,1318,warrior,arms,60,25,35
Coisini,tichondrius,1317,warrior,arms,44,20,24
Buntpunt,mannoroth,1316,warrior,arms,27,15,12
Orcaine,ursin,1315,warrior,arms,41,27,14
Valder,akama,1315,warrior,arms,30,15,15
Storkos,moon-guard,1313,warrior,arms,95,49,46
Qtcrow,frostmourne,1310,warrior,arms,78,39,39
Brontok,darkspear,1310,warrior,arms,41,20,21
Dysensor,illidan,1310,warrior,arms,30,14,16
Ujumpijump,andorhal,1310,warrior,arms,42,19,23
Doomtree,zuljin,1309,warrior,arms,18,14,4
Dhaemom,azralon,1308,warrior,arms,94,48,46
Loucha,nagrand,1308,warrior,arms,48,20,28
Zuggarnaught,tichondrius,1307,warrior,arms,52,29,23
Mickyplate,tichondrius,1307,warrior,arms,78,39,39
Brynjah,azralon,1306,warrior,arms,84,39,45
Velarrine,illidan,1306,warrior,arms,89,39,50
Raekor,tichondrius,1305,warrior,arms,30,19,11
Varith,sargeras,1305,warrior,arms,24,14,10
Knghtofseven,nemesis,1305,warrior,arms,72,39,33
Ivanovh,quelthalas,1304,warrior,arms,81,42,39
Calynn,frostmourne,1304,warrior,arms,90,46,44
Aleniá,tichondrius,1304,warrior,arms,62,31,31
Killtarget,tichondrius,1303,warrior,arms,61,32,29
Ludicrous,dreadmaul,1302,warrior,arms,85,36,49
Tikkò,tichondrius,1301,warrior,arms,38,19,19
Legolant,uther,1301,warrior,arms,30,14,16
Hopar,illidan,1299,warrior,arms,27,17,10
Pvpheart,tichondrius,1299,warrior,arms,47,27,20
Deadee,aerie-peak,1299,warrior,arms,88,42,46
Forakenna,dragonmaw,1295,warrior,arms,17,14,3
Bajheera,sargeras,1295,warrior,arms,23,14,9
Kagerou,ragnaros,1295,warrior,arms,44,19,25
Beeny,tichondrius,1295,warrior,arms,33,14,19
Superpot,bleeding-hollow,1294,warrior,arms,42,19,23
Avoraçado,nemesis,1294,warrior,arms,61,22,39
Crú,stormrage,1293,warrior,arms,30,14,16
Gromkhor,tichondrius,1292,warrior,arms,29,14,15
Noobslayr,wyrmrest-accord,1290,warrior,arms,30,18,12
Tasesino,quelthalas,1289,warrior,arms,34,16,18
Grumok,tichondrius,1289,warrior,arms,57,24,33
Warnick,illidan,1288,warrior,arms,30,15,15
Hôdû,tichondrius,1286,warrior,arms,75,36,39
Aràthor,stormrage,1284,warrior,arms,48,22,26
Putong,tichondrius,1282,warrior,arms,41,23,18
Bfrenzy,dalaran,1278,warrior,arms,42,18,24
Helandas,moknathal,1277,warrior,arms,77,43,34
Tkazo,tichondrius,1275,warrior,arms,23,14,9
Krostyx,ragnaros,1274,warrior,arms,48,27,21
Destoryhamer,illidan,1274,warrior,arms,42,18,24
Rikuduo,quelthalas,1272,warrior,arms,42,15,27
Gorez,ragnaros,1270,warrior,arms,30,15,15
Thorablade,barthilas,1266,warrior,arms,84,38,46
Krimmjðw,sargeras,1263,warrior,arms,36,14,22
ßloodshed,frostmourne,1261,warrior,arms,19,14,5
Laynarri,hyjal,1260,warrior,arms,60,28,32
Rayks,tichondrius,1259,warrior,arms,30,16,14
Juff,hakkar,1258,warrior,arms,30,14,16
Rhohan,ysera,1258,warrior,arms,47,18,29
Superdah,kiljaeden,1257,warrior,arms,60,26,34
Gritrog,thrall,1255,warrior,arms,38,27,11
Queterompo,ragnaros,1255,warrior,arms,66,36,30
Pangpou,tichondrius,1255,warrior,arms,90,46,44
Áres,malganis,1251,warrior,arms,128,68,60
Lagzistance,area-52,1248,warrior,arms,24,13,11
Anticiðe,zuljin,1247,warrior,arms,18,13,5
Paoxiaoevs,tichondrius,1247,warrior,arms,24,13,11
Areaves,moon-guard,1247,warrior,arms,24,13,11
Kamoo,bonechewer,1247,warrior,arms,24,13,11
Kruma,stormscale,1247,warrior,arms,25,13,12
Barricade,velen,1247,warrior,arms,101,47,54
Überwältigen,thrall,1247,warrior,arms,30,13,17
Scotteh,eredar,1247,warrior,arms,30,13,17
Ggtk,tichondrius,1247,warrior,arms,30,13,17
Szeo,tichondrius,1246,warrior,arms,18,13,5
Xvett,drakkari,1246,warrior,arms,36,20,16
Jdubz,frostmourne,1246,warrior,arms,24,13,11
Schizogeist,malganis,1246,warrior,arms,40,18,22
Yossarrion,frostwolf,1246,warrior,arms,30,13,17
Qookymonster,zuljin,1245,warrior,arms,42,21,21
Blaiize,ragnaros,1245,warrior,arms,36,13,23
Flexinbooty,kelthuzad,1243,warrior,arms,36,13,23
Blíding,ragnaros,1243,warrior,arms,39,14,25
Ystk,tichondrius,1242,warrior,arms,24,13,11
Wilric,ragnaros,1242,warrior,arms,30,13,17
Koberos,queldorei,1242,warrior,arms,36,13,23
Hydranoid,ragnaros,1241,warrior,arms,30,13,17
Chadblade,tichondrius,1240,warrior,arms,24,13,11
Grimjouw,sargeras,1240,warrior,arms,24,13,11
Methwitch,moon-guard,1240,warrior,arms,24,13,11
Qtxd,malganis,1240,warrior,arms,24,13,11
Kourny,frostmourne,1240,warrior,arms,69,35,34
Tamagoshi,kiljaeden,1240,warrior,arms,30,15,15
Chillimus,tichondrius,1240,warrior,arms,30,13,17
Amputate,akama,1240,warrior,arms,36,13,23
Ðhrâgøn,ragnaros,1239,warrior,arms,18,15,3
Balroge,illidan,1239,warrior,arms,24,13,11
Mitigation,hyjal,1239,warrior,arms,34,15,19
Datsongz,proudmoore,1239,warrior,arms,60,26,34
Noitrak,azralon,1239,warrior,arms,33,14,19
Kiddoe,rivendare,1238,warrior,arms,66,31,35
Aggorak,illidan,1238,warrior,arms,30,13,17
Flavor,aegwynn,1238,warrior,arms,30,13,17
Squeekzz,frostmane,1236,warrior,arms,50,24,26
Chupelo,tichondrius,1235,warrior,arms,18,13,5
Arkayko,quelthalas,1234,warrior,arms,24,13,11
Hoodlord,tichondrius,1234,warrior,arms,54,24,30
Crustyfella,stormrage,1233,warrior,arms,24,13,11
Standsonkegs,illidan,1233,warrior,arms,30,13,17
Pandaniela,area-52,1232,warrior,arms,30,18,12
Goldbêrg,malganis,1232,warrior,arms,24,13,11
Wankcelot,kiljaeden,1231,warrior,arms,48,21,27
Gorash,gundrak,1230,warrior,arms,69,33,36
Fatty,mugthol,1229,warrior,arms,18,13,5
Mussashí,stormrage,1226,warrior,arms,20,14,6
Tunchi,runetotem,1224,warrior,arms,90,47,43
Tommytimbo,destromath,1224,warrior,arms,31,13,18
Armorlancer,stormrage,1223,warrior,arms,24,13,11
Kenshín,ragnaros,1222,warrior,arms,41,14,27
Diamict,wyrmrest-accord,1221,warrior,arms,18,13,5
Colosal,drakkari,1218,warrior,arms,18,13,5
Rekcd,sargeras,1217,warrior,arms,18,13,5
Vemue,tichondrius,1216,warrior,arms,112,51,61
Thelgrath,quelthalas,1216,warrior,arms,72,32,40
Odrath,tichondrius,1214,warrior,arms,45,16,29
Dippindabz,area-52,1213,warrior,arms,47,26,21
Titanika,wyrmrest-accord,1213,warrior,arms,60,21,39
Franc,kiljaeden,1212,warrior,arms,29,14,15
Thebruce,nemesis,1211,warrior,arms,52,26,26
Deomer,quelthalas,1211,warrior,arms,30,14,16
Rageloading,amanthul,1208,warrior,arms,36,18,18
Baadomishram,ragnaros,1208,warrior,arms,30,14,16
Fkndog,tichondrius,1203,warrior,arms,60,28,32
Tigo,khaz-modan,1201,warrior,arms,25,16,9
Vapòr,frostmourne,1201,warrior,arms,24,14,10
Aclipse,nagrand,1197,warrior,arms,65,34,31
Nosetackle,area-52,1197,warrior,arms,58,29,29
Sherway,quelthalas,1191,warrior,arms,159,78,81
Devilsbane,khaz-modan,1191,warrior,arms,42,17,25
Bazironbeard,ravencrest,1190,warrior,arms,17,13,4
Annaliyah,wyrmrest-accord,1190,warrior,arms,66,36,30
Perrin,burning-blade,1190,warrior,arms,29,13,16
Gohawn,hyjal,1186,warrior,arms,37,20,17
Lazyclap,nagrand,1184,warrior,arms,35,18,17
Iyamii,hyjal,1183,warrior,arms,23,13,10
Hadesz,nazjatar,1183,warrior,arms,71,34,37
Lícketysplít,ysondre,1182,warrior,arms,22,13,9
Cowbøycrytoo,azralon,1182,warrior,arms,88,46,42
Kannerhus,quelthalas,1182,warrior,arms,41,18,23
Evilkorean,tichondrius,1181,warrior,arms,23,13,10
Tunasurprize,stormrage,1180,warrior,arms,27,13,14
Shingeki,wyrmrest-accord,1179,warrior,arms,108,51,57
Akj,sargeras,1178,warrior,arms,31,13,18
Archonian,stormscale,1177,warrior,arms,34,21,13
Orsex,ragnaros,1176,warrior,arms,26,13,13
Zarrock,emerald-dream,1174,warrior,arms,26,14,12
Süspicious,malfurion,1174,warrior,arms,35,14,21
Ãleister,stormrage,1174,warrior,arms,45,17,28
Bigolpeen,sargeras,1173,warrior,arms,30,17,13
Tÿ,haomarush,1172,warrior,arms,25,14,11
Droogust,tichondrius,1172,warrior,arms,30,15,15
Rauh,emerald-dream,1171,warrior,arms,22,13,9
Golîath,mannoroth,1169,warrior,arms,36,13,23
Medusaann,proudmoore,1166,warrior,arms,33,15,18
Adunken,ragnaros,1165,warrior,arms,30,17,13
Soltrain,stormrage,1165,warrior,arms,32,14,18
Daddymoist,moon-guard,1163,warrior,arms,54,24,30
Kitonic,proudmoore,1161,warrior,arms,23,13,10
Groxxigore,chogall,1161,warrior,arms,42,20,22
Mortilant,perenolde,1160,warrior,arms,75,34,41
Bigsvit,trollbane,1159,warrior,arms,48,24,24
Gongos,doomhammer,1158,warrior,arms,123,66,57
Ambiss,azjolnerub,1157,warrior,arms,35,16,19
Xyazhiro,ragnaros,1156,warrior,arms,60,27,33
Jaminos,frostmourne,1154,warrior,arms,39,18,21
Bùbbájr,emerald-dream,1152,warrior,arms,18,12,6
Magnuszx,zuljin,1152,warrior,arms,18,12,6
Aelrog,malganis,1152,warrior,arms,94,48,46
Demetor,skywall,1152,warrior,arms,24,12,12
Bighamm,tichondrius,1151,warrior,arms,18,12,6
Cammerz,area-52,1151,warrior,arms,30,12,18
Rogôsh,tichondrius,1151,warrior,arms,30,12,18
Hàru,illidan,1150,warrior,arms,18,12,6
Einnarr,tichondrius,1150,warrior,arms,19,12,7
Pocserwar,drakkari,1150,warrior,arms,24,12,12
Malakaimapk,korgath,1150,warrior,arms,24,12,12
Mokron,moon-guard,1150,warrior,arms,27,13,14
Jarheadz,bleeding-hollow,1150,warrior,arms,35,12,23
Gordofofo,azralon,1149,warrior,arms,18,12,6
Montibello,moon-guard,1149,warrior,arms,24,12,12
Lvlthreemage,fizzcrank,1149,warrior,arms,30,12,18
Woth,deathwing,1148,warrior,arms,24,12,12
Suicider,stormrage,1148,warrior,arms,30,12,18
Dragvovar,thrall,1148,warrior,arms,30,12,18
Dajva,ragnaros,1147,warrior,arms,24,12,12
Vodkagoblin,sargeras,1147,warrior,arms,24,12,12
Misclickëd,dalaran,1147,warrior,arms,24,12,12
Virillius,wyrmrest-accord,1147,warrior,arms,28,13,15
Stompyocouch,mugthol,1146,warrior,arms,21,13,8
Furryhorv,frostmourne,1146,warrior,arms,24,12,12
Painfulsin,tichondrius,1145,warrior,arms,30,12,18
Kénjar,tichondrius,1144,warrior,arms,18,12,6
Skittlesxo,bleeding-hollow,1144,warrior,arms,24,12,12
Morboo,illidan,1144,warrior,arms,24,12,12
Casablancas,azralon,1144,warrior,arms,36,12,24
Invared,stormrage,1143,warrior,arms,18,12,6
Lilmerman,laughing-skull,1143,warrior,arms,24,12,12
Radagøn,drakkari,1143,warrior,arms,30,12,18
Nibbzy,sargeras,1142,warrior,arms,18,12,6
Lucidx,malfurion,1142,warrior,arms,18,12,6
Sigfir,ragnaros,1142,warrior,arms,24,12,12
Haldeer,shadow-council,1142,warrior,arms,24,12,12
Philbert,alexstrasza,1141,warrior,arms,33,17,16
Elmosmash,thrall,1141,warrior,arms,24,12,12
Yisunshin,azralon,1141,warrior,arms,24,12,12
Hblock,barthilas,1140,warrior,arms,24,12,12
Brocc,tichondrius,1139,warrior,arms,24,12,12
Brownman,saurfang,1139,warrior,arms,30,12,18
Sloppyglucks,moon-guard,1138,warrior,arms,24,12,12
Tappia,quelthalas,1138,warrior,arms,36,12,24
Warrimon,nemesis,1138,warrior,arms,36,12,24
Dizgraceful,malganis,1137,warrior,arms,18,12,6
Soggynapkin,proudmoore,1136,warrior,arms,30,17,13
Theregulator,area-52,1135,warrior,arms,58,29,29
Anotee,kelthuzad,1134,warrior,arms,93,48,45
Shattering,fizzcrank,1134,warrior,arms,24,12,12
Drahconian,aggramar,1134,warrior,arms,24,12,12
Demðnslayer,kelthuzad,1134,warrior,arms,54,24,30
Tripleblack,mugthol,1132,warrior,arms,18,12,6
Isildur,nerzhul,1132,warrior,arms,36,20,16
Âmânthul,alexstrasza,1131,warrior,arms,80,43,37
Spritez,malganis,1131,warrior,arms,70,27,43
Stoul,illidan,1129,warrior,arms,24,18,6
Lunks,kelthuzad,1128,warrior,arms,18,12,6
Dsz,nemesis,1128,warrior,arms,29,13,16
Yuccaleaptus,area-52,1128,warrior,arms,71,30,41
Bulletfodder,tichondrius,1127,warrior,arms,24,12,12
Cocainiouz,dalaran,1125,warrior,arms,30,13,17
Vâìn,tichondrius,1125,warrior,arms,30,12,18
Beowúlf,burning-blade,1122,warrior,arms,35,13,22
Kempachii,ragnaros,1120,warrior,arms,30,15,15
Clovê,ragnaros,1118,warrior,arms,36,21,15
Roughknuckle,kelthuzad,1118,warrior,arms,23,12,11
Tyránny,stormrage,1118,warrior,arms,35,12,23
Kuchikilla,borean-tundra,1117,warrior,arms,34,16,18
Carriney,illidan,1115,warrior,arms,53,26,27
Thunderclapz,stormscale,1114,warrior,arms,24,12,12
Looffy,saurfang,1114,warrior,arms,30,12,18
Alejandros,azgalor,1111,warrior,arms,23,12,11
Bersorcker,ragnaros,1111,warrior,arms,26,13,13
Warriorlee,jubeithos,1111,warrior,arms,44,19,25
Jhave,ragnaros,1111,warrior,arms,30,12,18
Sudavis,alleria,1109,warrior,arms,23,16,7
Târtàrûs,tichondrius,1108,warrior,arms,24,15,9
Robotríp,illidan,1108,warrior,arms,30,13,17
Thedargz,trollbane,1106,warrior,arms,66,34,32
Youtank,kiljaeden,1105,warrior,arms,72,33,39
Dvhwec,tichondrius,1105,warrior,arms,28,12,16
Ragebladë,tichondrius,1103,warrior,arms,48,28,20
Thebeastwar,area-52,1101,warrior,arms,36,19,17
Kappis,illidan,1101,warrior,arms,23,12,11
Tipincider,perenolde,1100,warrior,arms,21,12,9
Tyrantwolf,ragnaros,1097,warrior,arms,45,17,28
Knocks,blackrock,1094,warrior,arms,21,13,8
Melankoma,sargeras,1094,warrior,arms,30,12,18
Theøcritus,korgath,1093,warrior,arms,30,19,11
Arrogated,emerald-dream,1093,warrior,arms,90,44,46
Ugrundan,zuljin,1090,warrior,arms,30,13,17
Deathengine,area-52,1089,warrior,arms,23,12,11
Bloodbath,kiljaeden,1086,warrior,arms,23,12,11
Bløødy,lethon,1084,warrior,arms,14,12,2
Babybears,tichondrius,1084,warrior,arms,26,12,14
Aquannas,bloodscalp,1082,warrior,arms,24,14,10
Malok,deathwing,1082,warrior,arms,57,20,37
Odinsglory,mugthol,1081,warrior,arms,36,12,24
Flexakute,malganis,1080,warrior,arms,20,12,8
Riuk,goldrinn,1080,warrior,arms,29,16,13
Scaredwarr,stormrage,1079,warrior,arms,27,13,14
Pingorosho,quelthalas,1078,warrior,arms,30,13,17
Purefury,whisperwind,1076,warrior,arms,93,41,52
Rockedanger,stormrage,1075,warrior,arms,25,14,11
Ooze,darkspear,1075,warrior,arms,30,12,18
Ødïñ,sargeras,1071,warrior,arms,75,37,38
Selathiel,burning-blade,1070,warrior,arms,28,12,16
Úmarth,azralon,1062,warrior,arms,36,15,21
Imcute,senjin,1058,warrior,arms,60,21,39
Midorikwa,area-52,1056,warrior,arms,18,11,7
Nànchobo,tichondrius,1056,warrior,arms,18,11,7
Wizcleavuh,area-52,1056,warrior,arms,24,11,13
Nuqipq,tichondrius,1056,warrior,arms,24,11,13
Pkgd,tichondrius,1055,warrior,arms,12,11,1
Gladiator,azshara,1055,warrior,arms,18,11,7
Dutchyy,frostmourne,1055,warrior,arms,18,11,7
Shaõkahn,nemesis,1055,warrior,arms,18,11,7
Deathsteelw,zuljin,1055,warrior,arms,18,11,7
Turtlestorm,tichondrius,1055,warrior,arms,18,11,7
Omnïslash,tichondrius,1055,warrior,arms,24,11,13
Wheyprotein,illidan,1055,warrior,arms,24,11,13
Duckyuwu,tichondrius,1055,warrior,arms,24,11,13
Abomlnatlon,tichondrius,1055,warrior,arms,24,11,13
Laddèrx,area-52,1055,warrior,arms,24,11,13
Feedzz,area-52,1055,warrior,arms,24,11,13
Zaÿne,moon-guard,1055,warrior,arms,24,11,13
Kpc,tichondrius,1055,warrior,arms,36,11,25
Joebo,thrall,1054,warrior,arms,12,11,1
Allyer,darkspear,1054,warrior,arms,18,11,7
Vooné,tichondrius,1054,warrior,arms,18,11,7
Chopped,wyrmrest-accord,1054,warrior,arms,18,11,7
Leoneceo,azralon,1054,warrior,arms,18,11,7
Jianhung,tichondrius,1054,warrior,arms,24,11,13
Okita,bleeding-hollow,1054,warrior,arms,30,11,19
Wolfsrage,frostmourne,1054,warrior,arms,30,11,19
Ttl,dalaran,1053,warrior,arms,18,11,7
Awm,wyrmrest-accord,1053,warrior,arms,24,11,13
Môrôdin,area-52,1053,warrior,arms,30,11,19
Theisius,tichondrius,1052,warrior,arms,27,11,16
Sharpen,terokkar,1051,warrior,arms,18,11,7
Dáinsleif,frostmourne,1051,warrior,arms,24,11,13
Sleazedog,kelthuzad,1051,warrior,arms,24,11,13
Drillbit,wyrmrest-accord,1051,warrior,arms,30,11,19
Grimreáper,bleeding-hollow,1051,warrior,arms,36,11,25
Athin,azralon,1050,warrior,arms,24,11,13
Thecolor,tichondrius,1050,warrior,arms,30,11,19
Wesih,ragnaros,1050,warrior,arms,30,11,19
Myceliumlog,frostmourne,1049,warrior,arms,18,11,7
Týrodar,moon-guard,1049,warrior,arms,24,11,13
Holddapoop,area-52,1048,warrior,arms,18,11,7
Silverkiller,drakkari,1048,warrior,arms,18,11,7
Snewdawg,malganis,1048,warrior,arms,22,12,10
Rathty,shadowsong,1048,warrior,arms,24,11,13
Zareos,azralon,1048,warrior,arms,30,11,19
Bouk,bloodscalp,1047,warrior,arms,18,11,7
Dwarfanage,tichondrius,1047,warrior,arms,28,12,16
Browneyed,area-52,1047,warrior,arms,30,11,19
Blaxst,gorgonnash,1046,warrior,arms,30,16,14
Njjszn,thrall,1046,warrior,arms,78,33,45
Nirax,burning-legion,1046,warrior,arms,26,11,15
Warb,aggramar,1045,warrior,arms,24,11,13
Midge,proudmoore,1044,warrior,arms,59,30,29
Vyndronor,illidan,1044,warrior,arms,24,11,13
Orphasmic,moon-guard,1044,warrior,arms,36,11,25
Homicideted,frostmourne,1043,warrior,arms,18,11,7
Thedin,gorefiend,1043,warrior,arms,42,11,31
Blokz,arthas,1042,warrior,arms,18,11,7
Fòntaine,shandris,1042,warrior,arms,24,11,13
Areiden,sargeras,1042,warrior,arms,30,11,19
Carrito,perenolde,1041,warrior,arms,20,13,7
Creator,dalaran,1041,warrior,arms,24,11,13
Raserei,moonrunner,1041,warrior,arms,69,30,39
Marcolatus,ragnaros,1041,warrior,arms,36,15,21
Stolz,dragonmaw,1040,warrior,arms,24,11,13
Catastrophie,mugthol,1040,warrior,arms,30,11,19
Grömäash,ragnaros,1039,warrior,arms,26,11,15
Dylaiin,kelthuzad,1038,warrior,arms,30,11,19
Wrekkshop,tichondrius,1037,warrior,arms,27,13,14
Bifilar,frostmourne,1037,warrior,arms,24,11,13
Wrrx,frostmourne,1037,warrior,arms,24,11,13
Dëkm,quelthalas,1035,warrior,arms,30,11,19
Indoondabeat,azgalor,1034,warrior,arms,32,15,17
Nobowar,tichondrius,1032,warrior,arms,24,11,13
Potan,thrall,1030,warrior,arms,60,25,35
Märiä,ragnaros,1028,warrior,arms,52,27,25
Mfmuggz,thunderlord,1028,warrior,arms,24,11,13
Skumwarr,moon-guard,1028,warrior,arms,34,11,23
Cronie,steamwheedle-cartel,1027,warrior,arms,36,16,20
Nøzerker,kelthuzad,1020,warrior,arms,26,12,14
Monowarx,frostmourne,1017,warrior,arms,28,11,17
Stygïàn,draenor,1016,warrior,arms,80,45,35
Northhill,tichondrius,1014,warrior,arms,17,11,6
Galuf,malygos,1014,warrior,arms,18,11,7
Tucô,skullcrusher,1010,warrior,arms,43,20,23
Halis,illidan,1006,warrior,arms,21,13,8
Blackstamp,tichondrius,1006,warrior,arms,35,18,17
Hexenbæne,tichondrius,1006,warrior,arms,23,11,12
Danzohh,dalaran,1006,warrior,arms,27,11,16
Starplatinum,aerie-peak,1004,warrior,arms,32,11,21
Gorepig,sargeras,1002,warrior,arms,29,11,18
Kreeper,farstriders,1001,warrior,arms,23,11,12
Elpish,ragnaros,1000,warrior,arms,30,11,19
Jamil,illidan,999,warrior,arms,48,19,29
Tribbally,silver-hand,998,warrior,arms,17,11,6
Goofyahwok,doomhammer,998,warrior,arms,33,12,21
Lokityr,tichondrius,995,warrior,arms,42,16,26
Estivador,kelthuzad,995,warrior,arms,32,12,20
Kyritto,azralon,994,warrior,arms,35,18,17
Altruiel,sargeras,994,warrior,arms,39,19,20
Hagud,tichondrius,993,warrior,arms,23,11,12
Szee,tichondrius,991,warrior,arms,17,11,6
Elsamok,ragnaros,991,warrior,arms,17,11,6
Neekka,tichondrius,990,warrior,arms,28,12,16
Kalaxe,quelthalas,990,warrior,arms,36,11,25
Jindyn,boulderfist,989,warrior,arms,34,17,17
Lootacris,illidan,989,warrior,arms,23,11,12
Coollelex,proudmoore,988,warrior,arms,26,11,15
Gargameld,stormrage,984,warrior,arms,27,15,12
Budzie,frostwolf,984,warrior,arms,22,11,11
Sneaknyoface,sargeras,982,warrior,arms,26,11,15
Thråsh,area-52,977,warrior,arms,36,16,20
Bloodfx,darkspear,977,warrior,arms,35,14,21
Sudokubrain,tichondrius,974,warrior,arms,19,11,8
Djfredsd,tichondrius,972,warrior,arms,13,11,2
Nitechaos,thrall,972,warrior,arms,19,12,7
Wewladdie,malganis,960,warrior,arms,12,10,2
Szew,tichondrius,960,warrior,arms,18,10,8
Sowavey,korgath,960,warrior,arms,18,10,8
Adios,tichondrius,960,warrior,arms,18,10,8
Wtssap,ragnaros,960,warrior,arms,18,10,8
Kaÿip,tichondrius,960,warrior,arms,18,10,8
Codyjones,illidan,960,warrior,arms,18,10,8
Swifty,anvilmar,960,warrior,arms,18,10,8
Varrior,wyrmrest-accord,960,warrior,arms,18,10,8
Escanòr,malganis,960,warrior,arms,18,10,8
Facefïster,malganis,960,warrior,arms,18,10,8
ßdm,illidan,960,warrior,arms,24,10,14
Choppin,sargeras,960,warrior,arms,24,10,14
Iløveaysla,azralon,960,warrior,arms,30,10,20
Cúdi,darkspear,959,warrior,arms,12,10,2
Ragedump,shadowsong,959,warrior,arms,18,10,8
Bamxz,sargeras,959,warrior,arms,18,10,8
Powerbucks,tichondrius,959,warrior,arms,18,10,8
Retrospex,black-dragonflight,959,warrior,arms,18,10,8
Kaìju,dragonmaw,959,warrior,arms,18,10,8
Shinigamix,steamwheedle-cartel,959,warrior,arms,18,10,8
Tantei,moon-guard,959,warrior,arms,18,10,8
Drdelicious,tichondrius,959,warrior,arms,24,10,14
Kekbyemmr,illidan,959,warrior,arms,24,10,14
Jiszle,sargeras,959,warrior,arms,30,10,20
Boypartz,onyxia,959,warrior,arms,30,10,20
Macray,proudmoore,958,warrior,arms,18,10,8
Dennlss,quelthalas,958,warrior,arms,18,10,8
Glacierrsz,sargeras,958,warrior,arms,18,10,8
Icrìtmypants,dragonmaw,958,warrior,arms,18,10,8
Fixafflock,bleeding-hollow,958,warrior,arms,18,10,8
Achillescool,tichondrius,958,warrior,arms,18,10,8
Icestormray,illidan,958,warrior,arms,24,10,14
Ryank,bonechewer,958,warrior,arms,24,10,14
Ghianna,quelthalas,958,warrior,arms,24,10,14
Moozz,dreadmaul,958,warrior,arms,24,10,14
Leapsalp,proudmoore,957,warrior,arms,18,10,8
Bryk,korgath,957,warrior,arms,18,10,8
Bionikus,nemesis,957,warrior,arms,78,33,45
Pootybeef,daggerspine,957,warrior,arms,24,10,14
Devildriver,malganis,956,warrior,arms,18,10,8
Ángron,ragnaros,956,warrior,arms,18,10,8
Wydstepwar,malganis,956,warrior,arms,18,10,8
Mcluffin,proudmoore,956,warrior,arms,18,10,8
Baul,area-52,956,warrior,arms,18,10,8
Numb,moon-guard,956,warrior,arms,26,11,15
Sayyaf,moon-guard,956,warrior,arms,39,11,28
Pocketaxe,blackwater-raiders,955,warrior,arms,66,32,34
Starshattr,bleeding-hollow,954,warrior,arms,30,10,20
Coffeebottom,wyrmrest-accord,953,warrior,arms,18,10,8
Carken,kiljaeden,952,warrior,arms,18,10,8
Toky,malganis,952,warrior,arms,18,10,8
Aaltara,barthilas,951,warrior,arms,18,10,8
Rageinice,tichondrius,951,warrior,arms,24,10,14
Helaume,arathor,950,warrior,arms,18,10,8
Marvél,quelthalas,950,warrior,arms,21,11,10
Discopogo,nemesis,950,warrior,arms,24,10,14
Royye,blood-furnace,949,warrior,arms,18,10,8
Waabi,emerald-dream,949,warrior,arms,18,10,8
Digitalpsyko,hyjal,946,warrior,arms,18,10,8
Småckin,frostmourne,945,warrior,arms,18,10,8
Deathsmirk,illidan,945,warrior,arms,37,17,20
Panzerian,area-52,942,warrior,arms,25,11,14
Lozakuran,tichondrius,942,warrior,arms,24,10,14
Meatdrps,frostmane,941,warrior,arms,26,11,15
Vezixx,dragonmaw,939,warrior,arms,18,10,8
Tramplehaste,barthilas,931,warrior,arms,18,10,8
Lieutemajor,nemesis,931,warrior,arms,25,11,14
Sseobeon,tichondrius,928,warrior,arms,22,10,12
Darkthok,drakkari,918,warrior,arms,28,12,16
Brutallypwnd,tichondrius,917,warrior,arms,18,11,7
Shazbøt,tichondrius,911,warrior,arms,27,10,17
Skarkla,thrall,911,warrior,arms,29,10,19
Jägernaught,stormrage,910,warrior,arms,23,10,13
Joed,quelthalas,910,warrior,arms,23,10,13
Tandiko,wyrmrest-accord,908,warrior,arms,17,10,7
Krokgoldmane,drakkari,906,warrior,arms,24,12,12
Jeffo,amanthul,905,warrior,arms,20,11,9
Swiftynifty,area-52,905,warrior,arms,24,11,13
Spitts,frostmourne,904,warrior,arms,21,10,11
Lionssong,bleeding-hollow,903,warrior,arms,35,13,22
Jragonmaster,borean-tundra,900,warrior,arms,30,10,20
Atrocithy,ragnaros,896,warrior,arms,16,10,6
Vanexx,tichondrius,894,warrior,arms,14,10,4
Malathire,illidan,893,warrior,arms,22,10,12
Vamtoro,illidan,888,warrior,arms,16,10,6
Wallzar,sargeras,887,warrior,arms,20,10,10
Stufit,emerald-dream,876,warrior,arms,16,11,5
Breyns,garrosh,875,warrior,arms,19,10,9
Sígmar,dreadmaul,869,warrior,arms,18,10,8
Whiteclouds,blood-furnace,867,warrior,arms,36,15,21
Dripgodx,malganis,864,warrior,arms,12,9,3
Dedgamesucks,darkspear,864,warrior,arms,12,9,3
Moonyxx,frostmourne,864,warrior,arms,12,9,3
Youngmoneyd,illidan,864,warrior,arms,12,9,3
Alchera,fizzcrank,864,warrior,arms,18,9,9
Ârmstrong,quelthalas,864,warrior,arms,18,9,9
Stÿgian,blood-furnace,864,warrior,arms,18,9,9
Moxxyy,tichondrius,864,warrior,arms,18,9,9
Scoopdog,stormrage,864,warrior,arms,18,9,9
Wtbfriends,malganis,864,warrior,arms,18,9,9
Sejac,moon-guard,864,warrior,arms,24,9,15
Tehfury,area-52,864,warrior,arms,24,9,15
Warrmoose,tichondrius,864,warrior,arms,24,9,15
Reave,wyrmrest-accord,863,warrior,arms,12,9,3
Terneitor,ragnaros,863,warrior,arms,18,9,9
Chañ,tichondrius,863,warrior,arms,18,9,9
Jsolucky,thrall,863,warrior,arms,18,9,9
Realthiccbbw,tichondrius,863,warrior,arms,18,9,9
Moonär,emerald-dream,863,warrior,arms,18,9,9
Konraad,amanthul,863,warrior,arms,18,9,9
Zaynafein,emerald-dream,863,warrior,arms,18,9,9
Aragorn,mannoroth,863,warrior,arms,18,9,9
Chrom,illidan,863,warrior,arms,18,9,9
Suntore,malganis,863,warrior,arms,18,9,9
Erradic,sargeras,863,warrior,arms,18,9,9
Brewstrike,dalaran,863,warrior,arms,18,9,9
Ygucheng,emerald-dream,863,warrior,arms,19,9,10
Ävdol,emerald-dream,863,warrior,arms,24,9,15
Wrecktang,tichondrius,863,warrior,arms,24,9,15
Urscrewed,frostmane,863,warrior,arms,24,9,15
Kelmor,thunderhorn,863,warrior,arms,24,9,15
Asgér,quelthalas,863,warrior,arms,24,9,15
Warwslayer,tichondrius,863,warrior,arms,30,9,21
Dreweth,altar-of-storms,862,warrior,arms,12,9,3
Tdestroy,ragnaros,862,warrior,arms,15,9,6
Xargosh,magtheridon,862,warrior,arms,18,9,9
Wargorin,bleeding-hollow,862,warrior,arms,18,9,9
Um,moon-guard,862,warrior,arms,18,9,9
Hazew,kelthuzad,862,warrior,arms,18,9,9
Lögän,azralon,862,warrior,arms,24,9,15
Topmeoff,bleeding-hollow,862,warrior,arms,24,9,15
Eiendira,proudmoore,862,warrior,arms,24,9,15
Ghostmourne,ragnaros,862,warrior,arms,24,9,15
Volkz,ragnaros,862,warrior,arms,24,9,15
Kolossux,ragnaros,862,warrior,arms,24,9,15
Kror,garona,861,warrior,arms,18,9,9
Overfury,azralon,861,warrior,arms,18,9,9
Jodoro,malfurion,861,warrior,arms,18,9,9
Greywo,tichondrius,860,warrior,arms,12,9,3
Torkus,ragnaros,860,warrior,arms,18,9,9
Gunnaoffxans,sargeras,860,warrior,arms,18,9,9
Durtmcsmash,stormrage,860,warrior,arms,18,9,9
Stormit,illidan,860,warrior,arms,19,9,10
Layllassa,moon-guard,860,warrior,arms,24,9,15
Depthsii,lightbringer,859,warrior,arms,18,9,9
Nishtana,quelthalas,859,warrior,arms,18,9,9
Grimus,bleeding-hollow,859,warrior,arms,18,9,9
Vio,mannoroth,859,warrior,arms,18,9,9
Lujzika,stormreaver,859,warrior,arms,27,10,17
Tolette,quelthalas,858,warrior,arms,18,9,9
Féril,ragnaros,858,warrior,arms,18,9,9
Arthknight,ragnaros,857,warrior,arms,18,9,9
Kapalua,darkspear,857,warrior,arms,19,9,10
Joshums,warsong,857,warrior,arms,26,10,16
Karusuke,stormrage,857,warrior,arms,24,9,15
Rebelzudo,azralon,856,warrior,arms,12,9,3
Eorik,stormrage,856,warrior,arms,36,9,27
Preschool,sargeras,854,warrior,arms,12,9,3
Garusok,thrall,853,warrior,arms,12,9,3
Asiyurekhans,borean-tundra,851,warrior,arms,12,9,3
Riga,tichondrius,851,warrior,arms,18,9,9
Puertorc,ragnaros,850,warrior,arms,24,9,15
Hemone,frostmourne,849,warrior,arms,18,9,9
Jaimey,malganis,845,warrior,arms,23,9,14
Rainiki,stormrage,845,warrior,arms,24,9,15
Macdollibee,barthilas,834,warrior,arms,18,9,9
Soulcalibur,zuljin,830,warrior,arms,23,9,14
Psýchótic,tichondrius,827,warrior,arms,17,9,8
Verigislena,moon-guard,827,warrior,arms,20,10,10
Eskama,hyjal,823,warrior,arms,23,9,14
Hjoz,illidan,822,warrior,arms,16,9,7
Bargorengar,skullcrusher,821,warrior,arms,72,32,40
Pusspeepers,kelthuzad,816,warrior,arms,21,9,12
Ginormous,rivendare,815,warrior,arms,15,9,6
Paí,nemesis,808,warrior,arms,17,9,8
Gigazug,stormrage,799,warrior,arms,20,9,11
Rahj,saurfang,799,warrior,arms,20,9,11
Fatmân,tichondrius,798,warrior,arms,22,9,13
Murrdock,nesingwary,794,warrior,arms,14,9,5
Vandalizer,sargeras,788,warrior,arms,20,10,10
Saucebussin,emerald-dream,768,warrior,arms,12,8,4
Executiepie,hyjal,768,warrior,arms,12,8,4
Spinspin,borean-tundra,768,warrior,arms,12,8,4
Chestbrook,icecrown,768,warrior,arms,12,8,4
Slvrback,stormrage,768,warrior,arms,12,8,4
Dadslapper,illidan,768,warrior,arms,12,8,4
Erdnase,ragnaros,768,warrior,arms,12,8,4
Exorbit,sargeras,768,warrior,arms,12,8,4
Selarila,illidan,768,warrior,arms,12,8,4
Dreadedbeef,area-52,768,warrior,arms,12,8,4
Patékphilípe,area-52,768,warrior,arms,12,8,4
Gabv,shadowmoon,768,warrior,arms,12,8,4
Janjannodie,tichondrius,768,warrior,arms,12,8,4
Niubzs,tichondrius,768,warrior,arms,12,8,4
Smallbrainx,tichondrius,768,warrior,arms,12,8,4
Msallsunday,nerzhul,768,warrior,arms,12,8,4
Radox,tichondrius,768,warrior,arms,12,8,4
Bigdad,whisperwind,768,warrior,arms,12,8,4
Zleam,area-52,768,warrior,arms,12,8,4
Hashwar,area-52,768,warrior,arms,12,8,4
Wârtorn,darkspear,768,warrior,arms,18,8,10
Thulsan,emerald-dream,768,warrior,arms,18,8,10
Betterwar,zuljin,768,warrior,arms,18,8,10
Jehocc,tichondrius,768,warrior,arms,18,8,10
Chronek,sargeras,768,warrior,arms,18,8,10
Tuggernaut,khadgar,768,warrior,arms,18,8,10
Elky,area-52,768,warrior,arms,18,8,10
Tankomode,area-52,768,warrior,arms,18,8,10
Leunitas,shadow-council,768,warrior,arms,18,8,10
Toxxel,wyrmrest-accord,768,warrior,arms,18,8,10
Kanamechan,area-52,768,warrior,arms,18,8,10
Claymation,tichondrius,768,warrior,arms,18,8,10
Easylel,stormrage,768,warrior,arms,18,8,10
Elitistx,bleeding-hollow,768,warrior,arms,18,8,10
Supermieo,illidan,768,warrior,arms,18,8,10
Cyster,proudmoore,768,warrior,arms,18,8,10
Dreadtøøth,tichondrius,768,warrior,arms,18,8,10
Tyranitar,proudmoore,768,warrior,arms,18,8,10
Nyloras,illidan,768,warrior,arms,22,9,13
Nïcowo,ragnaros,768,warrior,arms,32,11,21
Longzhan,tichondrius,768,warrior,arms,24,8,16
Ochinching,tichondrius,768,warrior,arms,24,8,16
Yueren,tichondrius,768,warrior,arms,24,8,16
Dirkdallas,tichondrius,768,warrior,arms,24,8,16
Bornne,doomhammer,768,warrior,arms,30,8,22
Kixxel,sargeras,767,warrior,arms,12,8,4
Kàkarot,illidan,767,warrior,arms,12,8,4
Vecira,moon-guard,767,warrior,arms,12,8,4
Angrybulky,illidan,767,warrior,arms,12,8,4
Theragar,kilrogg,767,warrior,arms,12,8,4
Drjuicce,tichondrius,767,warrior,arms,12,8,4
Executefreak,illidan,767,warrior,arms,12,8,4
Wantor,lightnings-blade,767,warrior,arms,12,8,4
Letsgosmokes,stormrage,767,warrior,arms,12,8,4
Akkar,gilneas,767,warrior,arms,12,8,4
Bricksquad,mannoroth,767,warrior,arms,15,9,6
Itskinggrizz,thrall,767,warrior,arms,16,9,7
Iwillcrushu,tichondrius,767,warrior,arms,18,8,10
Drusillaa,deathwing,767,warrior,arms,18,8,10
Nanor,zuljin,767,warrior,arms,18,8,10
Onionion,stormrage,767,warrior,arms,18,8,10
Logsplitter,stormrage,767,warrior,arms,18,8,10
Cagrekk,wyrmrest-accord,767,warrior,arms,18,8,10
Carnith,arthas,767,warrior,arms,18,8,10
Moarbrainz,mannoroth,767,warrior,arms,18,8,10
Pum,bleeding-hollow,767,warrior,arms,18,8,10
Croxxs,aegwynn,767,warrior,arms,18,8,10
Cevadix,azralon,767,warrior,arms,18,8,10
Vayper,illidan,767,warrior,arms,18,8,10
Empriux,quelthalas,767,warrior,arms,18,8,10
Noktyn,haomarush,767,warrior,arms,18,8,10
Islik,stormrage,767,warrior,arms,18,8,10
Ihazlolstorm,area-52,767,warrior,arms,18,8,10
Orgreshin,area-52,767,warrior,arms,21,9,12
Joran,dathremar,767,warrior,arms,21,9,12
Saskouach,stormrage,767,warrior,arms,20,8,12
Brawnforce,shadowsong,767,warrior,arms,24,8,16
Techanina,aerie-peak,767,warrior,arms,24,8,16
Xenoblade,wildhammer,767,warrior,arms,24,8,16
Raves,quelthalas,767,warrior,arms,30,8,22
Ragarok,jubeithos,766,warrior,arms,12,8,4
Warriorc,laughing-skull,766,warrior,arms,12,8,4
Warrdawg,tichondrius,766,warrior,arms,12,8,4
Jackhanma,kelthuzad,766,warrior,arms,12,8,4
Awkagar,hyjal,766,warrior,arms,17,8,9
Sálieri,ragnaros,766,warrior,arms,18,8,10
Hemmyroidz,tichondrius,766,warrior,arms,18,8,10
Rineer,tichondrius,766,warrior,arms,18,8,10
Beatmeat,frostmourne,766,warrior,arms,24,8,16
Ligerii,quelthalas,765,warrior,arms,18,8,10
Loktarrogar,illidan,765,warrior,arms,24,8,16
Jijiyeya,tichondrius,765,warrior,arms,24,8,16
Pangean,sargeras,764,warrior,arms,18,8,10
Arox,ghostlands,764,warrior,arms,18,8,10
Alexarchos,chogall,764,warrior,arms,18,8,10
Garìk,moon-guard,764,warrior,arms,24,10,14
Plssaveme,ysera,764,warrior,arms,24,8,16
Thing,gorgonnash,763,warrior,arms,18,8,10
Friends,azjolnerub,763,warrior,arms,18,8,10
Sllvrbck,tichondrius,762,warrior,arms,16,9,7
Tarmer,moon-guard,762,warrior,arms,18,8,10
Revenn,greymane,761,warrior,arms,12,8,4
Hunchless,detheroc,761,warrior,arms,22,8,14
Rágnárr,ragnaros,759,warrior,arms,18,8,10
Trapwar,malganis,755,warrior,arms,12,8,4
Tankdatt,frostmourne,755,warrior,arms,18,8,10
Gladiattor,tol-barad,749,warrior,arms,18,8,10
Everchosen,proudmoore,736,warrior,arms,16,8,8
Vetinari,nazjatar,735,warrior,arms,11,8,3
Outo,stormrage,735,warrior,arms,17,8,9
Casmier,tichondrius,734,warrior,arms,17,8,9
Gorakis,barthilas,733,warrior,arms,20,9,11
Mêlo,area-52,719,warrior,arms,17,8,9
Wreckthis,area-52,718,warrior,arms,17,8,9
Layoon,azralon,718,warrior,arms,17,8,9
Juggerboo,frostmourne,712,warrior,arms,18,9,9
Fraccx,area-52,704,warrior,arms,16,8,8
Bluthammer,wyrmrest-accord,701,warrior,arms,20,8,12
Elfmonger,proudmoore,687,warrior,arms,13,8,5
Wreckerr,area-52,680,warrior,arms,20,10,10
Dashballer,sargeras,672,warrior,arms,12,7,5
Titanrage,tichondrius,672,warrior,arms,12,7,5
Reichbeast,area-52,672,warrior,arms,12,7,5
Mõgorrin,area-52,672,warrior,arms,12,7,5
Turtleofhope,barthilas,672,warrior,arms,12,7,5
Draugus,azralon,672,warrior,arms,12,7,5
Battousäi,kiljaeden,672,warrior,arms,12,7,5
Skolltonxoxo,tichondrius,672,warrior,arms,12,7,5
Jahrakál,thunderlord,672,warrior,arms,12,7,5
Alemão,bleeding-hollow,672,warrior,arms,12,7,5
Okayge,proudmoore,672,warrior,arms,12,7,5
Xdoombringer,area-52,672,warrior,arms,12,7,5
Bloodshêdz,stormrage,672,warrior,arms,12,7,5
Grounyl,azralon,672,warrior,arms,12,7,5
Kevy,arygos,672,warrior,arms,12,7,5
Turecw,illidan,672,warrior,arms,12,7,5
Yrz,malganis,672,warrior,arms,12,7,5
Faronstompz,sargeras,672,warrior,arms,12,7,5
Salthouse,sargeras,672,warrior,arms,12,7,5
Studdythejet,zuljin,672,warrior,arms,12,7,5
Ryalaeth,moon-guard,672,warrior,arms,12,7,5
Havocsmash,tichondrius,672,warrior,arms,12,7,5
Tatërs,zuljin,672,warrior,arms,12,7,5
Hannibalkng,zangarmarsh,672,warrior,arms,12,7,5
Zzchocolate,illidan,672,warrior,arms,12,7,5
Heojae,tichondrius,672,warrior,arms,12,7,5
Magnusz,zuljin,672,warrior,arms,12,7,5
Scran,sargeras,672,warrior,arms,12,7,5
Vids,aegwynn,672,warrior,arms,12,7,5
Roiboy,stormrage,672,warrior,arms,12,7,5
Miniraccoon,tichondrius,672,warrior,arms,12,7,5
Jaysmom,tichondrius,672,warrior,arms,12,7,5
Arsis,whisperwind,672,warrior,arms,12,7,5
Cugij,frostmourne,672,warrior,arms,12,7,5
Nerdstorm,tichondrius,672,warrior,arms,12,7,5
Gbrz,stormrage,672,warrior,arms,12,7,5
Donivan,illidan,672,warrior,arms,12,7,5
Imyourdaddy,chogall,672,warrior,arms,16,8,8
Goyqqw,illidan,672,warrior,arms,18,7,11
Thètrùth,duskwood,672,warrior,arms,18,7,11
Sayjaki,stormrage,672,warrior,arms,18,7,11
Mavrus,malganis,672,warrior,arms,18,7,11
Timotheapple,stormrage,672,warrior,arms,18,7,11
Bigbadbaka,thaurissan,672,warrior,arms,18,7,11
Tbagg,area-52,672,warrior,arms,18,7,11
Ryänlord,mugthol,672,warrior,arms,18,7,11
Xkickaxes,tichondrius,672,warrior,arms,18,7,11
Yamzprime,stormrage,672,warrior,arms,18,7,11
Ivory,emerald-dream,672,warrior,arms,18,7,11
Pathelsonsus,stormrage,672,warrior,arms,18,7,11
Warhji,malganis,672,warrior,arms,18,7,11
Galehna,ragnaros,672,warrior,arms,23,7,16
Festerclaws,wyrmrest-accord,672,warrior,arms,24,7,17
Swamphell,barthilas,672,warrior,arms,26,7,19
Gunnëy,malganis,671,warrior,arms,12,7,5
Qtrpndwcheez,area-52,671,warrior,arms,12,7,5
Seshømaru,quelthalas,671,warrior,arms,12,7,5
Jedeva,stormrage,671,warrior,arms,12,7,5
Maddzspin,tichondrius,671,warrior,arms,12,7,5
Pipeman,blackhand,671,warrior,arms,12,7,5
Makcumba,ragnaros,671,warrior,arms,12,7,5
Dunkindots,tichondrius,671,warrior,arms,12,7,5
Sneakyhand,draktharon,671,warrior,arms,12,7,5
Aión,nemesis,671,warrior,arms,12,7,5
Furiousangel,area-52,671,warrior,arms,12,7,5
Irongummy,frostmourne,671,warrior,arms,12,7,5
Nehpets,akama,671,warrior,arms,12,7,5
Vodkalol,bleeding-hollow,671,warrior,arms,12,7,5
Cecchino,zuluhed,671,warrior,arms,12,7,5
Bøgz,kelthuzad,671,warrior,arms,12,7,5
Crnogorac,hakkar,671,warrior,arms,12,7,5
Glizzarms,dalaran,671,warrior,arms,12,7,5
Rägar,quelthalas,671,warrior,arms,12,7,5
Menestz,dreadmaul,671,warrior,arms,17,9,8
Ironhide,malorne,671,warrior,arms,18,7,11
Elíte,kelthuzad,671,warrior,arms,18,7,11
Chumbinhu,stormrage,671,warrior,arms,18,7,11
Aisinbro,illidan,671,warrior,arms,18,7,11
Layøut,azralon,671,warrior,arms,18,7,11
Paratech,thrall,671,warrior,arms,18,7,11
Isarat,illidan,671,warrior,arms,18,7,11
Asgaurdius,thunderlord,671,warrior,arms,18,7,11
Vauquelin,tichondrius,671,warrior,arms,18,7,11
Kasheeka,spirestone,671,warrior,arms,18,7,11
Stepzugger,illidan,671,warrior,arms,18,7,11
Genesisxp,barthilas,671,warrior,arms,18,7,11
Josephcrazy,tichondrius,671,warrior,arms,18,7,11
Deadhawk,wyrmrest-accord,671,warrior,arms,24,7,17
Danzael,quelthalas,671,warrior,arms,24,7,17
Dathalidus,area-52,670,warrior,arms,12,7,5
Nraged,illidan,670,warrior,arms,12,7,5
Gìraffe,illidan,670,warrior,arms,18,7,11
Dizzygal,hyjal,670,warrior,arms,18,7,11
Dhano,drakkari,670,warrior,arms,18,7,11
Sygw,area-52,670,warrior,arms,18,7,11
Reidahn,zuljin,670,warrior,arms,24,7,17
Gíal,ragnaros,670,warrior,arms,24,7,17
Dissx,illidan,669,warrior,arms,16,8,8
Regthar,illidan,669,warrior,arms,17,7,10
Harnor,garrosh,669,warrior,arms,18,7,11
Teyliemond,amanthul,668,warrior,arms,12,7,5
Raharon,chogall,668,warrior,arms,24,7,17
Yanïka,barthilas,667,warrior,arms,13,7,6
Rogkhan,tichondrius,667,warrior,arms,18,7,11
Kevasaurr,sargeras,667,warrior,arms,24,7,17
Prunebery,area-52,666,warrior,arms,12,7,5
Terribletom,stormrage,665,warrior,arms,18,7,11
Tanatos,the-venture-co,664,warrior,arms,18,7,11
Jötunn,dalaran,663,warrior,arms,12,7,5
Dierdris,gnomeregan,659,warrior,arms,13,7,6
Guanyúu,tichondrius,639,warrior,arms,11,7,4
Parmizan,hydraxis,639,warrior,arms,16,7,9
Casteleiro,azralon,639,warrior,arms,20,8,12
Fewfingers,sargeras,638,warrior,arms,16,7,9
Twinxin,thrall,637,warrior,arms,17,7,10
Irishhammer,malfurion,637,warrior,arms,17,7,10
Valde,stormrage,624,warrior,arms,15,7,8
Kratosxx,quelthalas,623,warrior,arms,11,7,4
Allenwalker,dreadmaul,623,warrior,arms,13,7,6
Warney,tichondrius,623,warrior,arms,17,7,10
Bigboycandy,malganis,621,warrior,arms,11,7,4
Xandrak,barthilas,618,warrior,arms,11,7,4
Justfair,barthilas,607,warrior,arms,14,7,7
Exxic,zuljin,606,warrior,arms,14,7,7
Bullkathoss,bleeding-hollow,605,warrior,arms,22,7,15
Tyférious,tichondrius,602,warrior,arms,32,7,25
Mortalchop,tichondrius,592,warrior,arms,13,7,6
Stoneshield,senjin,576,warrior,arms,6,6,0
Bean,ragnaros,576,warrior,arms,6,6,0
Khalwar,ragnaros,576,warrior,arms,6,6,0
Dóminus,malfurion,576,warrior,arms,6,6,0
Baltusrol,hydraxis,576,warrior,arms,6,6,0
Griftustle,moon-guard,576,warrior,arms,6,6,0
Elpresador,dragonmaw,576,warrior,arms,6,6,0
Amortens,area-52,576,warrior,arms,12,6,6
Truecarnage,emerald-dream,576,warrior,arms,12,6,6
Ratherfull,ragnaros,576,warrior,arms,12,6,6
Rembrand,blackhand,576,warrior,arms,12,6,6
Robodad,illidan,576,warrior,arms,12,6,6
Vxjohnson,proudmoore,576,warrior,arms,12,6,6
Aùstin,moon-guard,576,warrior,arms,12,6,6
Jaybers,malganis,576,warrior,arms,12,6,6
Rexquando,barthilas,576,warrior,arms,12,6,6
Marîn,stormrage,576,warrior,arms,12,6,6
Bagginses,quelthalas,576,warrior,arms,12,6,6
Glourfindel,quelthalas,576,warrior,arms,12,6,6
Inkurushio,suramar,576,warrior,arms,12,6,6
Benkenobi,khaz-modan,576,warrior,arms,12,6,6
Toegap,illidan,576,warrior,arms,12,6,6
Tmjakeful,area-52,576,warrior,arms,12,6,6
Raahj,sargeras,576,warrior,arms,12,6,6
Venecus,stormrage,576,warrior,arms,12,6,6
Jerebeloz,proudmoore,576,warrior,arms,12,6,6
Oxia,quelthalas,576,warrior,arms,12,6,6
Kilrok,thunderlord,576,warrior,arms,12,6,6
Joesbàr,tichondrius,576,warrior,arms,12,6,6
Headsour,thunderhorn,576,warrior,arms,12,6,6
Doucherocket,kelthuzad,576,warrior,arms,12,6,6
Assamith,nemesis,576,warrior,arms,12,6,6
Linios,tichondrius,576,warrior,arms,12,6,6
Fatpoos,barthilas,576,warrior,arms,12,6,6
Gladdz,moon-guard,576,warrior,arms,12,6,6
Rargou,illidan,576,warrior,arms,12,6,6
Musclehead,moon-guard,576,warrior,arms,12,6,6
Bamlin,sargeras,576,warrior,arms,12,6,6
Areiana,stormrage,576,warrior,arms,12,6,6
Flidumpling,tichondrius,576,warrior,arms,12,6,6
Barbatenaz,ragnaros,576,warrior,arms,12,6,6
Arozay,illidan,576,warrior,arms,12,6,6
Lacorte,ragnaros,576,warrior,arms,12,6,6
Ermeji,ragnaros,576,warrior,arms,12,6,6
Luckychaos,bleeding-hollow,576,warrior,arms,12,6,6
Cassetto,icecrown,576,warrior,arms,12,6,6
Maleap,moon-guard,576,warrior,arms,12,6,6
Tàlent,thrall,576,warrior,arms,12,6,6
Blazight,dunemaul,576,warrior,arms,12,6,6
Kilgrah,emerald-dream,576,warrior,arms,12,6,6
Gorek,illidan,576,warrior,arms,12,6,6
Luminiere,sargeras,576,warrior,arms,12,6,6
Dreamwarr,tichondrius,576,warrior,arms,12,6,6
Bonclay,nerzhul,576,warrior,arms,12,6,6
Bailu,ragnaros,576,warrior,arms,12,6,6
Monkeystrike,barthilas,576,warrior,arms,12,6,6
Atuey,area-52,576,warrior,arms,12,6,6
Wurua,tichondrius,576,warrior,arms,12,6,6
Maywarro,ragnaros,576,warrior,arms,12,6,6
Auxthas,tichondrius,576,warrior,arms,12,6,6
Zuans,azralon,576,warrior,arms,12,6,6
Fûry,barthilas,576,warrior,arms,12,6,6
Biorhn,area-52,576,warrior,arms,12,6,6
Hülkamanïa,sargeras,576,warrior,arms,12,6,6
Natalieftm,tichondrius,576,warrior,arms,12,6,6
Breaker,undermine,576,warrior,arms,12,6,6
Roflcombo,illidan,576,warrior,arms,12,6,6
Sunderstruck,boulderfist,576,warrior,arms,12,6,6
Geubsalx,tichondrius,576,warrior,arms,12,6,6
Zizwe,proudmoore,576,warrior,arms,12,6,6
Stÿgían,kelthuzad,576,warrior,arms,12,6,6
Aladarith,moon-guard,576,warrior,arms,12,6,6
Tooto,kelthuzad,576,warrior,arms,12,6,6
Sigrik,moon-guard,576,warrior,arms,12,6,6
Illmindofboo,tichondrius,576,warrior,arms,12,6,6
Adryina,zuljin,576,warrior,arms,12,6,6
Róngor,ragnaros,576,warrior,arms,12,6,6
Hololeave,tichondrius,576,warrior,arms,12,6,6
Ganzism,tichondrius,576,warrior,arms,13,6,7
Warsongwolf,tichondrius,576,warrior,arms,15,6,9
Maintarget,malganis,576,warrior,arms,17,6,11
Ontull,emerald-dream,576,warrior,arms,18,6,12
Egoist,malganis,576,warrior,arms,18,6,12
Gentlehugs,illidan,576,warrior,arms,18,6,12
Kennäy,azralon,576,warrior,arms,18,6,12
Hariban,shuhalo,576,warrior,arms,18,6,12
Ezgamelol,azralon,576,warrior,arms,18,6,12
Nillor,emerald-dream,576,warrior,arms,18,6,12
Xgraves,sargeras,576,warrior,arms,18,6,12
Benw,dawnbringer,576,warrior,arms,18,6,12
Monardaid,uldum,576,warrior,arms,18,6,12
Májorrobot,area-52,576,warrior,arms,18,6,12
Hugz,thrall,576,warrior,arms,18,6,12
Winso,blood-furnace,576,warrior,arms,18,6,12
Swìll,illidan,576,warrior,arms,18,6,12
Eabywarrs,tichondrius,576,warrior,arms,18,6,12
Brokthard,ragnaros,576,warrior,arms,18,6,12
Cowboybeast,tanaris,576,warrior,arms,18,6,12
Toutie,tichondrius,576,warrior,arms,18,6,12
Lieofa,tichondrius,576,warrior,arms,19,6,13
Contentious,moon-guard,576,warrior,arms,24,6,18
Fenømenoide,ragnaros,575,warrior,arms,6,6,0
Desul,tichondrius,575,warrior,arms,12,6,6
Pandatrue,azralon,575,warrior,arms,12,6,6
Ereborh,ragnaros,575,warrior,arms,12,6,6
Teyrn,stormrage,575,warrior,arms,12,6,6
Xarlon,stormrage,575,warrior,arms,12,6,6
Thornakh,stormrage,575,warrior,arms,12,6,6
Bkdorbandit,illidan,575,warrior,arms,12,6,6
Vioar,hyjal,575,warrior,arms,12,6,6
Balthazãr,quelthalas,575,warrior,arms,12,6,6
Amrap,dentarg,575,warrior,arms,12,6,6
Gahii,barthilas,575,warrior,arms,12,6,6
Redneckk,emerald-dream,575,warrior,arms,12,6,6
Ragefested,tichondrius,575,warrior,arms,12,6,6
Banggo,frostmourne,575,warrior,arms,12,6,6
Percthirty,blackrock,575,warrior,arms,12,6,6
Uragiri,shadowsong,575,warrior,arms,12,6,6
Nospace,tichondrius,575,warrior,arms,12,6,6
Bolx,archimonde,575,warrior,arms,12,6,6
Broxhar,ragnaros,575,warrior,arms,12,6,6
Maltrate,hyjal,575,warrior,arms,15,7,8
Bärdock,ragnaros,575,warrior,arms,16,7,9
Filthyrandy,proudmoore,575,warrior,arms,18,6,12
Umogarmac,draktharon,575,warrior,arms,18,6,12
Dragmös,nemesis,574,warrior,arms,6,6,0
Kenroc,illidan,574,warrior,arms,12,6,6
Iblowloads,illidan,574,warrior,arms,12,6,6
Darkshrek,quelthalas,574,warrior,arms,12,6,6
Masami,moon-guard,574,warrior,arms,18,6,12
Môgwai,kelthuzad,573,warrior,arms,12,6,6
Rafaelwar,drakkari,573,warrior,arms,12,6,6
Tatsher,turalyon,571,warrior,arms,12,6,6
Ironwarr,hyjal,556,warrior,arms,17,6,11
Ecopolis,azshara,544,warrior,arms,16,6,10
Ballzindeep,tichondrius,543,warrior,arms,8,7,1
Tastyskeet,illidan,543,warrior,arms,11,6,5
Battlestance,shadowsong,543,warrior,arms,17,6,11
Uneasyw,tichondrius,543,warrior,arms,17,6,11
Randywar,tichondrius,528,warrior,arms,15,6,9
Vikkz,frostmourne,527,warrior,arms,11,6,5
Beyblade,jubeithos,527,warrior,arms,11,6,5
Warwik,stormscale,527,warrior,arms,17,6,11
Meadsweats,tichondrius,522,warrior,arms,17,10,7
Tomcruz,bloodscalp,522,warrior,arms,16,7,9
Hrókr,kiljaeden,522,warrior,arms,19,8,11
Orz,sargeras,522,warrior,arms,25,7,18
Warrage,kiljaeden,519,warrior,arms,21,9,12
Sáítámá,tichondrius,512,warrior,arms,16,6,10
Kvobash,area-52,511,warrior,arms,11,6,5
Jackjaeger,area-52,511,warrior,arms,16,6,10
Ruiend,bonechewer,510,warrior,arms,14,6,8
Ripstorm,emerald-dream,510,warrior,arms,14,6,8
Tyraelius,kiljaeden,510,warrior,arms,17,6,11
Lishajr,malganis,507,warrior,arms,8,6,2
Magarrior,shadowsong,495,warrior,arms,13,7,6
Pigblind,azralon,480,warrior,arms,6,5,1
Grehk,sargeras,480,warrior,arms,6,5,1
Armsupx,tichondrius,480,warrior,arms,6,5,1
Millywhopz,thrall,480,warrior,arms,6,5,1
Dtitanzz,quelthalas,480,warrior,arms,6,5,1
Ashrah,emerald-dream,480,warrior,arms,6,5,1
Geàrbreaker,tichondrius,480,warrior,arms,6,5,1
Jarlaix,dragonmaw,480,warrior,arms,6,5,1
Domminux,darkspear,480,warrior,arms,6,5,1
Onefourfifty,tichondrius,480,warrior,arms,6,5,1
Xaenne,zuljin,480,warrior,arms,6,5,1
Iskandr,amanthul,480,warrior,arms,6,5,1
Painqt,area-52,480,warrior,arms,6,5,1
Billythunda,tichondrius,480,warrior,arms,6,5,1
Ousetadoidao,nemesis,480,warrior,arms,6,5,1
Vainamóinen,kelthuzad,480,warrior,arms,6,5,1
Ightdoex,zuljin,480,warrior,arms,6,5,1
Hotshótz,kelthuzad,480,warrior,arms,6,5,1
Houk,frostmourne,480,warrior,arms,6,5,1
Biggesttoees,tichondrius,480,warrior,arms,6,5,1
Noor,tichondrius,480,warrior,arms,6,5,1
Roadglide,korgath,480,warrior,arms,6,5,1
Saladin,gnomeregan,480,warrior,arms,6,5,1
Tigris,nesingwary,480,warrior,arms,6,5,1
Jenkin,korgath,480,warrior,arms,6,5,1
Bootypound,sargeras,480,warrior,arms,6,5,1
Noreaga,tichondrius,480,warrior,arms,6,5,1
Gízzmo,tichondrius,480,warrior,arms,6,5,1
Bûm,sargeras,480,warrior,arms,6,5,1
Tâlos,magtheridon,480,warrior,arms,6,5,1
Rickywarx,illidan,480,warrior,arms,6,5,1
Vanlur,khaz-modan,480,warrior,arms,6,5,1
Ryü,khaz-modan,480,warrior,arms,6,5,1
Orctiddy,emerald-dream,480,warrior,arms,6,5,1
Juicylumpia,moon-guard,480,warrior,arms,6,5,1
Lexíbelle,korgath,480,warrior,arms,6,5,1
Thombelina,malganis,480,warrior,arms,6,5,1
Himurinha,nemesis,480,warrior,arms,6,5,1
Jackox,sargeras,480,warrior,arms,6,5,1
Dukagã,tichondrius,480,warrior,arms,6,5,1
Whittyxc,tichondrius,480,warrior,arms,9,5,4
Nyuk,tichondrius,480,warrior,arms,9,5,4
Sideon,frostmourne,480,warrior,arms,12,5,7
Wargasms,alterac-mountains,480,warrior,arms,12,5,7
Unitsven,barthilas,480,warrior,arms,12,5,7
Gulgosh,stormscale,480,warrior,arms,12,5,7
Blackwulff,korgath,480,warrior,arms,12,5,7
Fracked,sargeras,480,warrior,arms,12,5,7
Kð,zuljin,480,warrior,arms,12,5,7
Toddlovesu,kelthuzad,480,warrior,arms,12,5,7
Skornnd,malganis,480,warrior,arms,12,5,7
Clamjammed,thrall,480,warrior,arms,12,5,7
Purrava,tichondrius,480,warrior,arms,12,5,7
Zewl,barthilas,480,warrior,arms,12,5,7
Axellent,gilneas,480,warrior,arms,12,5,7
Izârâk,frostmourne,480,warrior,arms,12,5,7
Tepaste,ragnaros,480,warrior,arms,12,5,7
Takenotez,sargeras,480,warrior,arms,12,5,7
Spredforbred,area-52,480,warrior,arms,12,5,7
Peters,malfurion,480,warrior,arms,12,5,7
Cuddlechamp,barthilas,480,warrior,arms,12,5,7
Huleo,tichondrius,480,warrior,arms,12,5,7
Mirado,tichondrius,480,warrior,arms,12,5,7
Fayttful,area-52,480,warrior,arms,12,5,7
Martydom,proudmoore,480,warrior,arms,12,5,7
Deadhate,sargeras,480,warrior,arms,12,5,7
Maniel,greymane,480,warrior,arms,12,5,7
Wcb,sargeras,480,warrior,arms,12,5,7
Ericthegreat,azuremyst,480,warrior,arms,12,5,7
Arcâdio,cairne,480,warrior,arms,12,5,7
Felorelea,moon-guard,480,warrior,arms,12,5,7
Targos,frostwolf,480,warrior,arms,12,5,7
Shwip,tichondrius,480,warrior,arms,12,5,7
Brostormftw,shattered-halls,480,warrior,arms,12,5,7
Buffwar,tichondrius,480,warrior,arms,12,5,7
Igoon,dentarg,480,warrior,arms,12,5,7
Kaikah,aegwynn,480,warrior,arms,12,5,7
Bladeblade,burning-blade,480,warrior,arms,12,5,7
Nuccî,azralon,480,warrior,arms,12,5,7
Psilly,sargeras,480,warrior,arms,12,5,7
Spincycle,khadgar,480,warrior,arms,12,5,7
Hemkcus,zuluhed,480,warrior,arms,12,5,7
Mondëgo,stormrage,480,warrior,arms,12,5,7
Loveføx,stormrage,480,warrior,arms,12,5,7
Sylvanos,arthas,480,warrior,arms,12,5,7
Rivenz,moon-guard,480,warrior,arms,12,5,7
Kriegsheer,bleeding-hollow,480,warrior,arms,12,5,7
Dillý,area-52,480,warrior,arms,12,5,7
Hatedßyßlízz,area-52,480,warrior,arms,12,5,7
Thalfor,emerald-dream,480,warrior,arms,12,5,7
Beerstorm,stormrage,480,warrior,arms,12,5,7
Dalinare,area-52,480,warrior,arms,12,5,7
Angertooth,tichondrius,480,warrior,arms,12,5,7
Haowar,tichondrius,480,warrior,arms,12,5,7
Sabers,mannoroth,480,warrior,arms,12,5,7
Blakeb,area-52,480,warrior,arms,12,5,7
Mustachelove,bleeding-hollow,480,warrior,arms,12,5,7
Andrexion,moon-guard,480,warrior,arms,12,5,7
Cabi,frostmourne,480,warrior,arms,12,5,7
Gonzwold,drenden,480,warrior,arms,12,5,7
Mayshowgunmo,tichondrius,480,warrior,arms,12,5,7
Mantrà,skullcrusher,480,warrior,arms,12,5,7
Colnar,stormrage,480,warrior,arms,12,5,7
Ahkimih,ragnaros,480,warrior,arms,12,5,7
Warfeno,malganis,480,warrior,arms,12,5,7
Dynamiite,bleeding-hollow,480,warrior,arms,12,5,7
Crushingnews,sargeras,480,warrior,arms,12,5,7
Ccmeharder,kiljaeden,480,warrior,arms,12,5,7
Excalibruh,frostmourne,480,warrior,arms,12,5,7
Baaltica,ragnaros,480,warrior,arms,12,5,7
Durres,tichondrius,480,warrior,arms,12,5,7
Schoolbuhs,tichondrius,480,warrior,arms,12,5,7
Lanco,kiljaeden,480,warrior,arms,12,5,7
Empyrius,exodar,480,warrior,arms,12,5,7
Karik,proudmoore,480,warrior,arms,12,5,7
Rushour,quelthalas,480,warrior,arms,12,5,7
Slamoholic,turalyon,480,warrior,arms,12,5,7
Ricksanches,shadowmoon,480,warrior,arms,12,5,7
Dondà,illidan,480,warrior,arms,12,5,7
Kàli,kiljaeden,480,warrior,arms,12,5,7
Rezzett,wyrmrest-accord,480,warrior,arms,12,5,7
Grandtank,veknilash,480,warrior,arms,15,6,9
Peacemake,tichondrius,480,warrior,arms,15,6,9
Mág,burning-legion,480,warrior,arms,13,5,8
Siegfriéd,bleeding-hollow,480,warrior,arms,14,5,9
Tigershárk,tichondrius,480,warrior,arms,16,5,11
Lorinzer,zuljin,480,warrior,arms,18,5,13
Calto,tichondrius,480,warrior,arms,18,5,13
Odrak,ragnaros,480,warrior,arms,18,5,13
Modzilla,aerie-peak,480,warrior,arms,18,5,13
Goaco,drakkari,480,warrior,arms,18,5,13
Tsathoggua,kiljaeden,480,warrior,arms,18,5,13
Shîzu,moon-guard,480,warrior,arms,18,5,13
Cyllyzie,emerald-dream,480,warrior,arms,18,5,13
Imprw,stormrage,480,warrior,arms,18,5,13
Omlas,azralon,480,warrior,arms,18,5,13
Bruttallis,frostmane,480,warrior,arms,18,5,13
Elsee,drakkari,480,warrior,arms,30,5,25
Rinngo,proudmoore,479,warrior,arms,6,5,1
Carralee,azralon,479,warrior,arms,6,5,1
Tanger,korgath,479,warrior,arms,6,5,1
Arrozkonlech,proudmoore,479,warrior,arms,10,6,4
Têzeret,shadowmoon,479,warrior,arms,12,5,7
Trufsoturi,bleeding-hollow,479,warrior,arms,12,5,7
Orcbreaker,quelthalas,479,warrior,arms,12,5,7
Synestira,frostmourne,479,warrior,arms,12,5,7
Alderr,frostmourne,479,warrior,arms,12,5,7
Loaksz,tichondrius,479,warrior,arms,12,5,7
Dirtyrandy,zuluhed,479,warrior,arms,12,5,7
Baloraj,barthilas,479,warrior,arms,12,5,7
Vynfull,area-52,479,warrior,arms,12,5,7
Mezi,tichondrius,479,warrior,arms,12,5,7
Märx,barthilas,479,warrior,arms,12,5,7
Celt,uldum,479,warrior,arms,12,5,7
Qqmachine,tichondrius,479,warrior,arms,12,5,7
Azaeil,tanaris,479,warrior,arms,12,5,7
Sweetdeé,zuljin,479,warrior,arms,12,5,7
Rücküs,tichondrius,479,warrior,arms,12,5,7
Cueromodel,ragnaros,479,warrior,arms,12,5,7
Borgee,tichondrius,479,warrior,arms,12,5,7
Spàcetìme,stormrage,479,warrior,arms,12,5,7
Wondaimon,drakkari,479,warrior,arms,12,5,7
Zeldrissx,quelthalas,479,warrior,arms,18,5,13
Helscreem,hyjal,479,warrior,arms,18,5,13
Gorrthrax,area-52,479,warrior,arms,24,5,19
Wastenott,area-52,478,warrior,arms,6,5,1
Fleshtuxedo,stormrage,478,warrior,arms,6,5,1
Otyek,proudmoore,478,warrior,arms,12,5,7
Tmible,ragnaros,477,warrior,arms,6,5,1
Pumpuup,bleeding-hollow,476,warrior,arms,12,5,7
Acanof,azjolnerub,474,warrior,arms,9,6,3
Orkuduro,azralon,474,warrior,arms,18,5,13
Lòvex,alterac-mountains,473,warrior,arms,12,5,7
Raktrazbirt,dalaran,472,warrior,arms,12,5,7
Kastenz,frostmourne,463,warrior,arms,11,5,6
Conchalover,illidan,463,warrior,arms,11,5,6
Evoltoad,illidan,463,warrior,arms,17,5,12
Sick,azralon,448,warrior,arms,10,6,4
Danalle,area-52,448,warrior,arms,10,6,4
Gbar,azralon,448,warrior,arms,10,6,4
Thistleberry,aegwynn,447,warrior,arms,11,5,6
Notcoverage,tichondrius,447,warrior,arms,11,5,6
Brysontiller,frostmourne,447,warrior,arms,11,5,6
Dontkiteme,frostmourne,447,warrior,arms,17,5,12
Cyllå,frostmourne,446,warrior,arms,9,6,3
Bingchilly,aegwynn,432,warrior,arms,9,6,3
Jrodrick,nemesis,432,warrior,arms,9,6,3
Llewellenar,stormrage,431,warrior,arms,11,5,6
Gurgak,illidan,431,warrior,arms,11,5,6
Bloodbottle,darkspear,426,warrior,arms,14,7,7
Boombasta,shuhalo,426,warrior,arms,15,6,9
Yarocktoo,kelthuzad,415,warrior,arms,8,5,3
Thano,kiljaeden,415,warrior,arms,10,5,5
Edwiddin,frostmourne,415,warrior,arms,14,5,9
Alzuga,quelthalas,415,warrior,arms,14,5,9
Gushyguts,tichondrius,399,warrior,arms,19,5,14
Traglos,ragnaros,384,warrior,arms,6,4,2
Marsoc,burning-legion,384,warrior,arms,6,4,2
Abswar,tichondrius,384,warrior,arms,6,4,2
Blazie,barthilas,384,warrior,arms,6,4,2
Malgoth,illidan,384,warrior,arms,6,4,2
Sygurd,drakkari,384,warrior,arms,6,4,2
Raime,sargeras,384,warrior,arms,6,4,2
Invinciblé,tichondrius,384,warrior,arms,6,4,2
Kimbö,quelthalas,384,warrior,arms,6,4,2
Bajheeraz,tichondrius,384,warrior,arms,6,4,2
Nickfurie,emerald-dream,384,warrior,arms,6,4,2
Hipower,lethon,384,warrior,arms,6,4,2
Hamur,azralon,384,warrior,arms,6,4,2
Elbelgon,ragnaros,384,warrior,arms,6,4,2
Fancysin,malganis,384,warrior,arms,6,4,2
Bütch,stormrage,384,warrior,arms,6,4,2
Toungy,kelthuzad,384,warrior,arms,6,4,2
Balakay,drenden,384,warrior,arms,6,4,2
Karrosh,agamaggan,384,warrior,arms,6,4,2
Kilroywar,tichondrius,384,warrior,arms,6,4,2
Itsaustinn,sargeras,384,warrior,arms,6,4,2
Gurneyhalec,proudmoore,384,warrior,arms,6,4,2
Ummso,nerzhul,384,warrior,arms,6,4,2
Hamburgezo,quelthalas,384,warrior,arms,6,4,2
Gtatewarr,azjolnerub,384,warrior,arms,6,4,2
Yivicus,sargeras,384,warrior,arms,6,4,2
Painsoul,illidan,384,warrior,arms,6,4,2
Dysazter,ravencrest,384,warrior,arms,6,4,2
Zarttorius,quelthalas,384,warrior,arms,6,4,2
Swillzz,illidan,384,warrior,arms,6,4,2
Hordrek,moon-guard,384,warrior,arms,6,4,2
Amérus,moon-guard,384,warrior,arms,6,4,2
Silac,drenden,384,warrior,arms,6,4,2
Thottprot,blackhand,384,warrior,arms,6,4,2
Bottlecaps,shadowmoon,384,warrior,arms,6,4,2
Tsutsana,lightninghoof,384,warrior,arms,6,4,2
Airhood,frostmourne,384,warrior,arms,6,4,2
Dazfury,barthilas,384,warrior,arms,6,4,2
Míaguiulfo,ragnaros,384,warrior,arms,6,4,2
Gnasty,hyjal,384,warrior,arms,6,4,2
Kushhy,illidan,384,warrior,arms,6,4,2
Donhoolio,illidan,384,warrior,arms,6,4,2
Kriloth,frostmourne,384,warrior,arms,6,4,2
Houdinix,stormrage,384,warrior,arms,6,4,2
Swordfighter,moon-guard,384,warrior,arms,6,4,2
Vâlôr,tichondrius,384,warrior,arms,6,4,2
Sìkarío,illidan,384,warrior,arms,6,4,2
Jakslasfa,aegwynn,384,warrior,arms,6,4,2
Còlòssal,moknathal,384,warrior,arms,6,4,2
Odalp,tichondrius,384,warrior,arms,6,4,2
Fazeo,madoran,384,warrior,arms,6,4,2
Gáren,quelthalas,384,warrior,arms,6,4,2
Slaughtér,tichondrius,384,warrior,arms,6,4,2
Pineapplezz,kelthuzad,384,warrior,arms,6,4,2
Mòrgo,agamaggan,384,warrior,arms,6,4,2
Bajheeraz,sargeras,384,warrior,arms,6,4,2
Ziggeraut,cenarion-circle,384,warrior,arms,6,4,2
Babyreap,frostmourne,384,warrior,arms,6,4,2
Krokü,area-52,384,warrior,arms,6,4,2
Slapywar,illidan,384,warrior,arms,6,4,2
Ninefingers,madoran,384,warrior,arms,6,4,2
Sakuraya,tichondrius,384,warrior,arms,6,4,2
Boomtacular,moon-guard,384,warrior,arms,6,4,2
Styiex,ragnaros,384,warrior,arms,6,4,2
Swaystko,sargeras,384,warrior,arms,6,4,2
Keffdog,laughing-skull,384,warrior,arms,6,4,2
Blazingguard,stormrage,384,warrior,arms,6,4,2
Trevmo,bloodscalp,384,warrior,arms,6,4,2
Appolyonn,hyjal,384,warrior,arms,6,4,2
Fulreck,tichondrius,384,warrior,arms,6,4,2
Draggo,tortheldrin,384,warrior,arms,6,4,2
Irascible,stormrage,384,warrior,arms,6,4,2
Diãbel,azralon,384,warrior,arms,6,4,2
Wariorwang,tichondrius,384,warrior,arms,6,4,2
Rúz,illidan,384,warrior,arms,6,4,2
Daddydomtop,moon-guard,384,warrior,arms,6,4,2
Varyanguard,quelthalas,384,warrior,arms,6,4,2
Pharan,malganis,384,warrior,arms,6,4,2
Larrythelob,kelthuzad,384,warrior,arms,6,4,2
Whórm,kelthuzad,384,warrior,arms,6,4,2
Brøxigár,quelthalas,384,warrior,arms,6,4,2
Bigdumborc,tichondrius,384,warrior,arms,6,4,2
Flëët,tichondrius,384,warrior,arms,6,4,2
Koalabear,shadow-council,384,warrior,arms,6,4,2
Aægekaz,proudmoore,384,warrior,arms,6,4,2
Thiccyb,area-52,384,warrior,arms,6,4,2
Mortalhandx,tichondrius,384,warrior,arms,6,4,2
Bruisebanner,area-52,384,warrior,arms,6,4,2
Ragingboner,aggramar,384,warrior,arms,6,4,2
Gamörä,illidan,384,warrior,arms,6,4,2
Tickej,dragonmaw,384,warrior,arms,6,4,2
Yêawen,tichondrius,384,warrior,arms,6,4,2
Littlegengar,tichondrius,384,warrior,arms,6,4,2
Báhamut,area-52,384,warrior,arms,6,4,2
Gorfin,spirestone,384,warrior,arms,6,4,2
Hèphæstús,sargeras,384,warrior,arms,6,4,2
Neon,wildhammer,384,warrior,arms,6,4,2
Bailo,dathremar,384,warrior,arms,6,4,2
Tinyguysmall,eredar,384,warrior,arms,6,4,2
Oddyseey,moon-guard,384,warrior,arms,6,4,2
Killaen,thrall,384,warrior,arms,6,4,2
Rinima,tichondrius,384,warrior,arms,6,4,2
Frakt,illidan,384,warrior,arms,6,4,2
Crackersmack,stormrage,384,warrior,arms,9,5,4
Greenishfox,illidan,384,warrior,arms,9,5,4
Rimz,sargeras,384,warrior,arms,9,5,4
Kalisandra,undermine,384,warrior,arms,10,5,5
Omnismash,stormrage,384,warrior,arms,8,4,4
Maxprotein,area-52,384,warrior,arms,8,4,4
Ailes,hakkar,384,warrior,arms,11,4,7
Cupper,tichondrius,384,warrior,arms,12,4,8
Flexyx,arthas,384,warrior,arms,12,4,8
Lundyswung,silver-hand,384,warrior,arms,12,4,8
Torbajhorn,moon-guard,384,warrior,arms,12,4,8
Daymiian,blackrock,384,warrior,arms,12,4,8
Durango,duskwood,384,warrior,arms,12,4,8
Handikap,stormrage,384,warrior,arms,12,4,8
Twoshoutz,stormrage,384,warrior,arms,12,4,8
Käggai,khadgar,384,warrior,arms,12,4,8
Fatherkelso,tichondrius,384,warrior,arms,12,4,8
Xårren,stormrage,384,warrior,arms,12,4,8
Nginx,queldorei,384,warrior,arms,12,4,8
Exist,kaelthas,384,warrior,arms,12,4,8
Naelynh,quelthalas,384,warrior,arms,12,4,8
Totenhammer,nathrezim,384,warrior,arms,12,4,8
Joekenshield,stonemaul,384,warrior,arms,12,4,8
Ðirtyboy,tichondrius,384,warrior,arms,12,4,8
Steelfist,grizzly-hills,384,warrior,arms,12,4,8
Kantorowicz,goldrinn,384,warrior,arms,12,4,8
Guerra,goldrinn,384,warrior,arms,12,4,8
Rekatron,area-52,384,warrior,arms,12,4,8
Hameey,sargeras,384,warrior,arms,12,4,8
Angrybrog,malfurion,384,warrior,arms,12,4,8
Renclave,wyrmrest-accord,384,warrior,arms,12,4,8
Warriormikey,tichondrius,384,warrior,arms,12,4,8
Dâvo,area-52,384,warrior,arms,12,4,8
Snack,stormreaver,384,warrior,arms,12,4,8
Lui,the-forgotten-coast,384,warrior,arms,12,4,8
Dessindir,quelthalas,384,warrior,arms,12,4,8
Moseshrute,zuljin,384,warrior,arms,12,4,8
Licona,wyrmrest-accord,384,warrior,arms,12,4,8
Filth,tichondrius,384,warrior,arms,12,4,8
Metalhit,tichondrius,384,warrior,arms,12,4,8
Mindgoblin,bleeding-hollow,384,warrior,arms,12,4,8
Sako,amanthul,384,warrior,arms,12,4,8
Mefus,wyrmrest-accord,384,warrior,arms,12,4,8
Grândmâ,zuljin,384,warrior,arms,12,4,8
Rawlur,zuljin,384,warrior,arms,12,4,8
Stoneball,kiljaeden,384,warrior,arms,12,4,8
Tappyc,tichondrius,384,warrior,arms,12,4,8
Ballsy,fenris,384,warrior,arms,12,4,8
Hârambe,kiljaeden,384,warrior,arms,12,4,8
Sandrine,fizzcrank,384,warrior,arms,12,4,8
Iargestpp,bleeding-hollow,384,warrior,arms,12,4,8
Palumorw,deathwing,384,warrior,arms,12,4,8
Broodthorne,tichondrius,384,warrior,arms,12,4,8
Amaus,queldorei,384,warrior,arms,12,4,8
Rocketbom,tichondrius,384,warrior,arms,12,4,8
Marsshine,tichondrius,384,warrior,arms,12,4,8
Còsmico,trollbane,384,warrior,arms,12,4,8
Rexxous,hyjal,384,warrior,arms,12,4,8
Koei,illidan,384,warrior,arms,12,4,8
Furyofrage,dalaran,384,warrior,arms,12,4,8
Iridikron,dalaran,384,warrior,arms,12,4,8
Draiken,dalaran,384,warrior,arms,12,4,8
Narduk,emerald-dream,384,warrior,arms,12,4,8
Izhansheni,illidan,384,warrior,arms,12,4,8
Heliza,ragnaros,384,warrior,arms,12,4,8
Wárriór,tichondrius,384,warrior,arms,12,4,8
Jaclksparrow,azralon,384,warrior,arms,12,4,8
Gangaa,barthilas,384,warrior,arms,12,4,8
Laokan,illidan,384,warrior,arms,12,4,8
Franticlol,tichondrius,384,warrior,arms,12,4,8
Stewwar,wyrmrest-accord,384,warrior,arms,12,4,8
Fuller,kelthuzad,384,warrior,arms,12,4,8
Kenedy,moon-guard,384,warrior,arms,12,4,8
Jasonsdady,illidan,384,warrior,arms,12,4,8
Donnacha,garona,384,warrior,arms,12,4,8
Zugface,tichondrius,384,warrior,arms,12,4,8
Turkin,proudmoore,384,warrior,arms,12,4,8
Barrocops,kiljaeden,384,warrior,arms,12,4,8
Hunnam,illidan,384,warrior,arms,12,4,8
Ronak,vashj,384,warrior,arms,12,4,8
Gfree,kiljaeden,384,warrior,arms,12,4,8
Misakizs,illidan,384,warrior,arms,12,4,8
Koraciá,illidan,384,warrior,arms,12,4,8
Grullhamer,ragnaros,384,warrior,arms,12,4,8
Magmaheart,lightbringer,384,warrior,arms,12,4,8
Demonsláyer,illidan,384,warrior,arms,12,4,8
Xunaco,quelthalas,384,warrior,arms,17,4,13
Asphyxiating,illidan,384,warrior,arms,18,4,14
Sartin,boulderfist,384,warrior,arms,18,4,14
Gladicus,zuljin,384,warrior,arms,18,4,14
Cowsgomerr,tichondrius,384,warrior,arms,18,4,14
Noppô,tichondrius,384,warrior,arms,18,4,14
Retiarius,tichondrius,384,warrior,arms,18,4,14
Tookbeki,tichondrius,383,warrior,arms,6,4,2
Yeit,tichondrius,383,warrior,arms,6,4,2
Chisum,gnomeregan,383,warrior,arms,6,4,2
Dieselsauce,stormscale,383,warrior,arms,6,4,2
Shìromìzù,eredar,383,warrior,arms,6,4,2
Bitiatus,scilla,383,warrior,arms,12,4,8
Pandamoanman,moon-guard,383,warrior,arms,12,4,8
Chilicezo,durotan,383,warrior,arms,12,4,8
Spitbeard,kargath,383,warrior,arms,12,4,8
Shabus,moon-guard,383,warrior,arms,12,4,8
Christellà,dalaran,383,warrior,arms,18,4,14
Gadderhammer,azgalor,383,warrior,arms,18,4,14
Tsebaoth,quelthalas,382,warrior,arms,12,4,8
Tankadin,dragonmaw,381,warrior,arms,12,4,8
Såmmÿ,moon-guard,379,warrior,arms,12,4,8
Dingoe,wyrmrest-accord,379,warrior,arms,12,4,8
Warsins,bonechewer,367,warrior,arms,17,4,13
Vaetren,area-52,351,warrior,arms,11,4,7
Thøros,moon-guard,351,warrior,arms,11,4,7
Förkz,ragnaros,351,warrior,arms,11,4,7
Caynos,stormrage,335,warrior,arms,11,4,7
Toir,bladefist,335,warrior,arms,11,4,7
Ålbedo,malganis,330,warrior,arms,17,5,12
Macray,zuljin,330,warrior,arms,18,5,13
Machatlan,stormrage,324,warrior,arms,16,7,9
Lildumptruck,emerald-dream,320,warrior,arms,10,4,6
Berzerc,stormrage,320,warrior,arms,12,4,8
Painstake,illidan,320,warrior,arms,19,5,14
Toetoeto,darrowmere,319,warrior,arms,5,4,1
Rauwers,azralon,319,warrior,arms,8,4,4
Cptdrako,alterac-mountains,319,warrior,arms,8,4,4
Handkerchief,bleeding-hollow,304,warrior,arms,7,4,3
Kleavage,korgath,304,warrior,arms,13,4,9
Execute,kirin-tor,288,warrior,arms,6,3,3
Hukzula,illidan,288,warrior,arms,6,3,3
Demetrïus,moon-guard,288,warrior,arms,6,3,3
Pummels,area-52,288,warrior,arms,6,3,3
Yawdamper,illidan,288,warrior,arms,6,3,3
Theestallion,kiljaeden,288,warrior,arms,6,3,3
Struka,drakkari,288,warrior,arms,6,3,3
Robio,tichondrius,288,warrior,arms,6,3,3
Mesw,illidan,288,warrior,arms,6,3,3
Zåzriel,tichondrius,288,warrior,arms,6,3,3
Girthstick,eredar,288,warrior,arms,6,3,3
Drakr,ragnaros,288,warrior,arms,6,3,3
Fakktwo,blackhand,288,warrior,arms,6,3,3
Outterspace,illidan,288,warrior,arms,6,3,3
Inunotaysho,quelthalas,288,warrior,arms,6,3,3
Badboyjan,tichondrius,288,warrior,arms,6,3,3
Sweetmojito,vashj,288,warrior,arms,6,3,3
Twoone,illidan,288,warrior,arms,6,3,3
Ragemelon,icecrown,288,warrior,arms,6,3,3
Hanginaround,zuluhed,288,warrior,arms,6,3,3
Unwarmas,ragnaros,288,warrior,arms,6,3,3
Kushe,moon-guard,288,warrior,arms,6,3,3
Philipjoo,illidan,288,warrior,arms,6,3,3
Rockybâlboa,illidan,288,warrior,arms,6,3,3
Seymourbot,illidan,288,warrior,arms,6,3,3
Kénblock,tichondrius,288,warrior,arms,6,3,3
Swizzly,tichondrius,288,warrior,arms,6,3,3
Matasimio,drakkari,288,warrior,arms,6,3,3
Êraser,tichondrius,288,warrior,arms,6,3,3
Pneumasmash,tichondrius,288,warrior,arms,6,3,3
Andorane,bleeding-hollow,288,warrior,arms,6,3,3
Warnuk,lightnings-blade,288,warrior,arms,6,3,3
Warreeper,area-52,288,warrior,arms,6,3,3
Éten,drakkari,288,warrior,arms,6,3,3
Trackhawk,moon-guard,288,warrior,arms,6,3,3
Rhorix,korialstrasz,288,warrior,arms,6,3,3
Soyu,tichondrius,288,warrior,arms,6,3,3
Bachyr,stormrage,288,warrior,arms,6,3,3
Mandofl,ragnaros,288,warrior,arms,6,3,3
Readytoflee,moon-guard,288,warrior,arms,6,3,3
Solembuumm,illidan,288,warrior,arms,6,3,3
Jabakas,tichondrius,288,warrior,arms,6,3,3
Ushouldnome,tichondrius,288,warrior,arms,6,3,3
Skullsplittr,illidan,288,warrior,arms,6,3,3
Uzy,proudmoore,288,warrior,arms,6,3,3
Wqnmlgbd,tichondrius,288,warrior,arms,6,3,3
Fyle,stormrage,288,warrior,arms,6,3,3
Aztecvil,drakkari,288,warrior,arms,6,3,3
Mortaryon,malganis,288,warrior,arms,6,3,3
Thunderess,illidan,288,warrior,arms,6,3,3
Ladderx,area-52,288,warrior,arms,6,3,3
Orryn,proudmoore,288,warrior,arms,6,3,3
Croton,moon-guard,288,warrior,arms,6,3,3
Vistacleave,maiev,288,warrior,arms,6,3,3
Larosfan,tichondrius,288,warrior,arms,6,3,3
Yiplaw,stormrage,288,warrior,arms,6,3,3
Az,malorne,288,warrior,arms,6,3,3
Huffzo,tichondrius,288,warrior,arms,6,3,3
Huuzha,tichondrius,288,warrior,arms,6,3,3
Spartanfury,tichondrius,288,warrior,arms,6,3,3
Cheekclapps,tichondrius,288,warrior,arms,6,3,3
Cbum,quelthalas,288,warrior,arms,6,3,3
Jerveen,quelthalas,288,warrior,arms,6,3,3
Warpenguin,kelthuzad,288,warrior,arms,6,3,3
Assmut,stormrage,288,warrior,arms,6,3,3
Imperiial,stormrage,288,warrior,arms,6,3,3
Akilosh,illidan,288,warrior,arms,6,3,3
Rubbers,thrall,288,warrior,arms,6,3,3
Bornclueless,illidan,288,warrior,arms,6,3,3
Hopefulki,duskwood,288,warrior,arms,6,3,3
Caalypso,stormrage,288,warrior,arms,6,3,3
Axeslaps,illidan,288,warrior,arms,6,3,3
Zugsok,thrall,288,warrior,arms,6,3,3
Orkussw,illidan,288,warrior,arms,6,3,3
Daduké,stormrage,288,warrior,arms,6,3,3
Swifty,tichondrius,288,warrior,arms,6,3,3
Kzw,illidan,288,warrior,arms,6,3,3
Pípe,nemesis,288,warrior,arms,6,3,3
Potero,ragnaros,288,warrior,arms,6,3,3
Tread,mugthol,288,warrior,arms,6,3,3
Robostergler,tichondrius,288,warrior,arms,6,3,3
Valför,ysera,288,warrior,arms,6,3,3
Shiromiya,tichondrius,288,warrior,arms,6,3,3
Sambojüjü,stormrage,288,warrior,arms,6,3,3
Estiria,kelthuzad,288,warrior,arms,6,3,3
Retrô,uldum,288,warrior,arms,6,3,3
Kryptïç,moon-guard,288,warrior,arms,6,3,3
Erzawälkër,quelthalas,288,warrior,arms,6,3,3
Glowstick,tichondrius,288,warrior,arms,6,3,3
Tommygunns,area-52,288,warrior,arms,6,3,3
Idarkshakra,illidan,288,warrior,arms,6,3,3
Rockhardt,tichondrius,288,warrior,arms,6,3,3
Buddhahood,tichondrius,288,warrior,arms,6,3,3
Humanlog,illidan,288,warrior,arms,6,3,3
Elessarr,moon-guard,288,warrior,arms,6,3,3
Schlosh,laughing-skull,288,warrior,arms,6,3,3
Vexwar,bleeding-hollow,288,warrior,arms,6,3,3
Qutuz,illidan,288,warrior,arms,6,3,3
Aggor,trollbane,288,warrior,arms,6,3,3
Smash,frostmane,288,warrior,arms,6,3,3
Ghomory,quelthalas,288,warrior,arms,6,3,3
Deadlypsycho,moonrunner,288,warrior,arms,6,3,3
Tokugawaieya,nemesis,288,warrior,arms,6,3,3
Dazuu,illidan,288,warrior,arms,6,3,3
Marraneitor,quelthalas,288,warrior,arms,6,3,3
Zenmore,illidan,288,warrior,arms,6,3,3
Salveknight,ragnaros,288,warrior,arms,6,3,3
Grognäk,malganis,288,warrior,arms,6,3,3
Vinetic,kiljaeden,288,warrior,arms,6,3,3
Jamajuicedx,thrall,288,warrior,arms,6,3,3
Spirìt,illidan,288,warrior,arms,6,3,3
Hìtchslap,tichondrius,288,warrior,arms,6,3,3
Papazugs,kelthuzad,288,warrior,arms,6,3,3
Magthor,warsong,288,warrior,arms,6,3,3
Onebraincell,stormrage,288,warrior,arms,6,3,3
Gale,kelthuzad,288,warrior,arms,6,3,3
Warrgodlol,illidan,288,warrior,arms,6,3,3
Dublinn,llane,288,warrior,arms,6,3,3
Cryptex,illidan,288,warrior,arms,6,3,3
Grapegush,bleeding-hollow,288,warrior,arms,6,3,3
Moonsworn,moon-guard,288,warrior,arms,6,3,3
Agresvnapkin,dalaran,288,warrior,arms,6,3,3
Udmwarrior,zuljin,288,warrior,arms,6,3,3
Tothepain,thrall,288,warrior,arms,6,3,3
Tiitlefight,bleeding-hollow,288,warrior,arms,6,3,3
Maddorlon,thrall,288,warrior,arms,6,3,3
Fregory,moon-guard,288,warrior,arms,6,3,3
Clerond,tichondrius,288,warrior,arms,6,3,3
Mikero,terenas,288,warrior,arms,6,3,3
Kuntahkintah,tichondrius,288,warrior,arms,6,3,3
Geubsal,tichondrius,288,warrior,arms,6,3,3
Polox,ragnaros,288,warrior,arms,6,3,3
Painremaìns,dunemaul,288,warrior,arms,6,3,3
Notawar,stormrage,288,warrior,arms,6,3,3
Chadwarr,tichondrius,288,warrior,arms,6,3,3
Husyuzhi,tichondrius,288,warrior,arms,6,3,3
Faywarsong,area-52,288,warrior,arms,6,3,3
Gläedr,dalaran,288,warrior,arms,6,3,3
Daedrion,dalaran,288,warrior,arms,6,3,3
Drugdilla,zuljin,288,warrior,arms,6,3,3
Allmotor,zuljin,288,warrior,arms,6,3,3
Kazabare,tichondrius,288,warrior,arms,6,3,3
Davien,tichondrius,288,warrior,arms,6,3,3
Exiledwarz,area-52,288,warrior,arms,6,3,3
Evôlutiôn,kelthuzad,288,warrior,arms,6,3,3
Zulataza,zuljin,288,warrior,arms,6,3,3
Osselan,moon-guard,288,warrior,arms,6,3,3
Johnburns,tichondrius,288,warrior,arms,6,3,3
Bëowulf,malganis,288,warrior,arms,6,3,3
Milbën,tichondrius,288,warrior,arms,6,3,3
Fivewarrior,tichondrius,288,warrior,arms,6,3,3
Nukehazard,bleeding-hollow,288,warrior,arms,6,3,3
Duglug,malganis,288,warrior,arms,6,3,3
Thuggyfresh,malganis,288,warrior,arms,6,3,3
Biggiesmash,bleeding-hollow,288,warrior,arms,6,3,3
Nazakeen,tichondrius,288,warrior,arms,6,3,3
Exdilla,zuljin,288,warrior,arms,6,3,3
Taürok,azralon,288,warrior,arms,6,3,3
Leonidas,barthilas,288,warrior,arms,6,3,3
Zemi,sargeras,288,warrior,arms,6,3,3
Ei,darrowmere,288,warrior,arms,6,3,3
Rapralph,barthilas,288,warrior,arms,6,3,3
Trén,hydraxis,288,warrior,arms,6,3,3
Jutank,sargeras,288,warrior,arms,6,3,3
Helrise,sargeras,288,warrior,arms,6,3,3
Scanlan,dalvengyr,288,warrior,arms,6,3,3
Smashndspin,sargeras,288,warrior,arms,6,3,3
Ellx,sargeras,288,warrior,arms,6,3,3
Buffalobob,bronzebeard,288,warrior,arms,6,3,3
Redrumman,demon-soul,288,warrior,arms,6,3,3
Endurefen,sargeras,288,warrior,arms,6,3,3
Tomatogodx,sargeras,288,warrior,arms,6,3,3
Bigshett,sargeras,288,warrior,arms,6,3,3
Críxus,sargeras,288,warrior,arms,6,3,3
Aalrua,moon-guard,288,warrior,arms,6,3,3
Tharsìs,emerald-dream,288,warrior,arms,6,3,3
Liltotey,frostmourne,288,warrior,arms,6,3,3
Iwishiknew,kargath,288,warrior,arms,6,3,3
Faelzerá,azralon,288,warrior,arms,6,3,3
Carborr,frostmourne,288,warrior,arms,6,3,3
Gaydin,eldrethalas,288,warrior,arms,6,3,3
Kokurawr,burning-legion,288,warrior,arms,6,3,3
Biggieswords,madoran,288,warrior,arms,6,3,3
Telynne,frostmourne,288,warrior,arms,6,3,3
Sandycrack,blackrock,288,warrior,arms,6,3,3
Tinylimbs,frostmourne,288,warrior,arms,6,3,3
Sodarzok,thaurissan,288,warrior,arms,6,3,3
Madhouse,tanaris,288,warrior,arms,6,3,3
Ðuffman,jubeithos,288,warrior,arms,6,3,3
Supersquish,moon-guard,288,warrior,arms,6,3,3
Rendron,frostmourne,288,warrior,arms,6,3,3
Baye,kargath,288,warrior,arms,6,3,3
Tnytank,burning-legion,288,warrior,arms,6,3,3
Sauceslinga,frostmourne,288,warrior,arms,6,3,3
Bilboswagins,agamaggan,288,warrior,arms,6,3,3
Slamedi,frostmourne,288,warrior,arms,6,3,3
Batchat,frostmourne,288,warrior,arms,6,3,3
Kwelve,proudmoore,288,warrior,arms,7,3,4
Ohdang,dark-iron,288,warrior,arms,8,3,5
Shewar,ragnaros,288,warrior,arms,9,3,6
Extremist,nagrand,288,warrior,arms,12,3,9
Scrubzwarr,barthilas,288,warrior,arms,12,3,9
Neltar,nagrand,288,warrior,arms,12,3,9
Pretending,dalaran,288,warrior,arms,12,3,9
Notoxzy,tichondrius,288,warrior,arms,12,3,9
Zerosends,kelthuzad,288,warrior,arms,12,3,9
Porori,proudmoore,288,warrior,arms,12,3,9
Minnysota,area-52,288,warrior,arms,12,3,9
Huacai,tichondrius,288,warrior,arms,12,3,9
Kkuzo,bleeding-hollow,288,warrior,arms,12,3,9
Spartaner,shadowsong,288,warrior,arms,12,3,9
Wxxz,tichondrius,288,warrior,arms,12,3,9
Kregnar,gundrak,288,warrior,arms,12,3,9
Callad,tichondrius,288,warrior,arms,12,3,9
Chardz,ragnaros,288,warrior,arms,12,3,9
Smallraccoon,tichondrius,288,warrior,arms,12,3,9
Greenmachine,twisting-nether,288,warrior,arms,12,3,9
Fupatwo,moon-guard,288,warrior,arms,12,3,9
Gnomas,destromath,288,warrior,arms,12,3,9
Edmaghar,ragnaros,288,warrior,arms,12,3,9
Basingsei,area-52,288,warrior,arms,12,3,9
Hrl,tichondrius,288,warrior,arms,12,3,9
Brütalize,wyrmrest-accord,288,warrior,arms,12,3,9
Gorgan,ragnaros,288,warrior,arms,12,3,9
Flexecute,senjin,288,warrior,arms,12,3,9
Wasabiz,tichondrius,288,warrior,arms,12,3,9
Legnar,malganis,288,warrior,arms,12,3,9
Warrbull,spirestone,288,warrior,arms,12,3,9
Jethrix,kelthuzad,288,warrior,arms,12,3,9
Friendnoodle,frostmourne,288,warrior,arms,12,3,9
Kero,malganis,288,warrior,arms,12,3,9
Morgithia,suramar,288,warrior,arms,12,3,9
Xdragonfirex,terenas,288,warrior,arms,12,3,9
Kiillwar,smolderthorn,288,warrior,arms,12,3,9
Slamspam,the-underbog,288,warrior,arms,13,3,10
Khallell,illidan,288,warrior,arms,18,3,15
Boardslide,proudmoore,288,warrior,arms,18,3,15
Macbride,blackrock,288,warrior,arms,24,3,21
Yomaaln,blackrock,287,warrior,arms,6,3,3
Magtharas,dunemaul,287,warrior,arms,6,3,3
Kì,moon-guard,287,warrior,arms,6,3,3
Smashthings,area-52,287,warrior,arms,6,3,3
Saintgeorge,thorium-brotherhood,287,warrior,arms,6,3,3
Tyrantt,malganis,287,warrior,arms,6,3,3
Leosax,drakthul,287,warrior,arms,12,3,9
Clayske,gurubashi,287,warrior,arms,12,3,9
Brutekush,barthilas,287,warrior,arms,12,3,9
Borgosa,wyrmrest-accord,287,warrior,arms,18,3,15
Rhok,elune,286,warrior,arms,6,3,3
Dazanor,moon-guard,271,warrior,arms,11,3,8
Azindar,gilneas,256,warrior,arms,4,4,0
Thorsën,sargeras,256,warrior,arms,8,4,4
Winjerrywin,frostwolf,255,warrior,arms,4,4,0
Nècroxious,hellscream,255,warrior,arms,11,3,8
Spicywagyu,tichondrius,255,warrior,arms,11,3,8
Ogpapabear,stormscale,240,warrior,arms,9,3,6
Jÿp,tichondrius,239,warrior,arms,5,3,2
Omicripto,tichondrius,239,warrior,arms,5,3,2
Likearock,thrall,239,warrior,arms,5,3,2
ßlitzxkreig,tichondrius,239,warrior,arms,5,3,2
Kalphok,tichondrius,239,warrior,arms,5,3,2
Bersérk,area-52,234,warrior,arms,8,5,3
Benchpress,bleeding-hollow,223,warrior,arms,8,3,5
Nayaqt,tichondrius,223,warrior,arms,8,3,5
Sugarpanties,moon-guard,223,warrior,arms,14,3,11
Condemnd,area-52,207,warrior,arms,8,3,5
Elyn,tichondrius,192,warrior,arms,4,3,1
Ragnarlbrok,goldrinn,192,warrior,arms,4,3,1
Wonderjack,akama,192,warrior,arms,4,3,1
Berru,bleeding-hollow,192,warrior,arms,9,3,6
Cugino,tichondrius,192,warrior,arms,9,3,6
Wooglinx,stormrage,192,warrior,arms,6,2,4
Tallix,smolderthorn,192,warrior,arms,6,2,4
Frankal,aegwynn,192,warrior,arms,6,2,4
Ðåddý,stormrage,192,warrior,arms,6,2,4
Icebringer,frostmourne,192,warrior,arms,6,2,4
Nogèt,frostmourne,192,warrior,arms,6,2,4
Pippysmallz,tichondrius,192,warrior,arms,6,2,4
Agoge,stormrage,192,warrior,arms,6,2,4
Braxxinn,tichondrius,192,warrior,arms,6,2,4
Rendus,hyjal,192,warrior,arms,6,2,4
Anabolicjim,frostmourne,192,warrior,arms,6,2,4
Bladebuster,stormrage,192,warrior,arms,6,2,4
Hbbaboy,nagrand,192,warrior,arms,6,2,4
Dalmor,stormrage,192,warrior,arms,6,2,4
Lazarenthus,stormrage,192,warrior,arms,6,2,4
Trigon,chromaggus,192,warrior,arms,6,2,4
Àyo,frostmourne,192,warrior,arms,6,2,4
Helminth,kirin-tor,192,warrior,arms,6,2,4
Kimuraa,hyjal,192,warrior,arms,6,2,4
Maxalyss,stormrage,192,warrior,arms,6,2,4
Nordrages,stormrage,192,warrior,arms,6,2,4
Etothed,stormrage,192,warrior,arms,6,2,4
Endlesskilla,destromath,192,warrior,arms,6,2,4
Wakkawar,stormrage,192,warrior,arms,6,2,4
Relaxnerdlol,antonidas,192,warrior,arms,6,2,4
Esko,tichondrius,192,warrior,arms,6,2,4
Bigdickgomez,frostmourne,192,warrior,arms,6,2,4
Lhariza,stormrage,192,warrior,arms,6,2,4
Negrolas,nemesis,192,warrior,arms,6,2,4
Snikkles,frostmourne,192,warrior,arms,6,2,4
Wolfcultist,moon-guard,192,warrior,arms,6,2,4
Tsurik,malfurion,192,warrior,arms,6,2,4
Gigglamesh,muradin,192,warrior,arms,6,2,4
Kirikash,illidan,192,warrior,arms,6,2,4
Fabszord,nemesis,192,warrior,arms,6,2,4
Annihilataur,blackhand,192,warrior,arms,6,2,4
Aistine,alterac-mountains,192,warrior,arms,6,2,4
Slamzftw,stormreaver,192,warrior,arms,6,2,4
Wargázm,thrall,192,warrior,arms,6,2,4
Huri,nemesis,192,warrior,arms,6,2,4
Karlsabad,medivh,192,warrior,arms,6,2,4
Verwischen,zuljin,192,warrior,arms,6,2,4
Enzoh,zuljin,192,warrior,arms,6,2,4
Chuck,zangarmarsh,192,warrior,arms,6,2,4
Tinykong,zuljin,192,warrior,arms,6,2,4
Åmowarr,illidan,192,warrior,arms,6,2,4
Valestrike,moon-guard,192,warrior,arms,6,2,4
Bearlornan,frostmourne,192,warrior,arms,6,2,4
Tüssèll,khazgoroth,192,warrior,arms,6,2,4
Uldrath,hyjal,192,warrior,arms,6,2,4
Xurug,zuljin,192,warrior,arms,6,2,4
Irondefense,thrall,192,warrior,arms,6,2,4
Bloren,thrall,192,warrior,arms,6,2,4
Düde,whisperwind,192,warrior,arms,6,2,4
Brenrainn,thrall,192,warrior,arms,6,2,4
Orphenkaos,bleeding-hollow,192,warrior,arms,6,2,4
Bennybrock,crushridge,192,warrior,arms,6,2,4
Zekken,blades-edge,192,warrior,arms,6,2,4
Bradockqt,azralon,192,warrior,arms,6,2,4
Mixx,bleeding-hollow,192,warrior,arms,6,2,4
Jírky,ragnaros,192,warrior,arms,6,2,4
Uprisèn,illidan,192,warrior,arms,6,2,4
Fùzzy,zuluhed,192,warrior,arms,6,2,4
Dreadworld,bleeding-hollow,192,warrior,arms,6,2,4
Derr,tichondrius,192,warrior,arms,6,2,4
Eurthx,lightbringer,192,warrior,arms,6,2,4
Jäëgër,moon-guard,192,warrior,arms,6,2,4
Hugezs,tichondrius,192,warrior,arms,6,2,4
Sosaalmigh,tichondrius,192,warrior,arms,6,2,4
Hellabandz,bleeding-hollow,192,warrior,arms,6,2,4
Burstful,bleeding-hollow,192,warrior,arms,6,2,4
Superbest,tichondrius,192,warrior,arms,6,2,4
Passionjar,bleeding-hollow,192,warrior,arms,6,2,4
Fugmaface,sargeras,192,warrior,arms,6,2,4
Rekshor,wyrmrest-accord,192,warrior,arms,6,2,4
Primørdíal,tichondrius,192,warrior,arms,6,2,4
Ningz,tichondrius,192,warrior,arms,6,2,4
Bradic,bladefist,192,warrior,arms,6,2,4
Osannd,tichondrius,192,warrior,arms,6,2,4
Draenøk,tichondrius,192,warrior,arms,6,2,4
Rraw,demon-soul,192,warrior,arms,6,2,4
Loveliuna,illidan,192,warrior,arms,6,2,4
Flexo,moon-guard,192,warrior,arms,6,2,4
Shiestyzug,tichondrius,192,warrior,arms,6,2,4
Lopotron,sargeras,192,warrior,arms,6,2,4
Drtbag,tichondrius,192,warrior,arms,6,2,4
Kinaed,durotan,192,warrior,arms,6,2,4
Skalvi,moon-guard,192,warrior,arms,6,2,4
Swolthelas,tichondrius,192,warrior,arms,6,2,4
Rí,moon-guard,192,warrior,arms,6,2,4
Angryskeever,garona,192,warrior,arms,6,2,4
Tâte,sargeras,192,warrior,arms,6,2,4
Annubiis,tichondrius,192,warrior,arms,6,2,4
Playbox,area-52,192,warrior,arms,6,2,4
Sezariùs,darkspear,192,warrior,arms,6,2,4
Lgnasty,area-52,192,warrior,arms,6,2,4
Deloum,tichondrius,192,warrior,arms,6,2,4
Befòx,tichondrius,192,warrior,arms,6,2,4
Berserkchow,sargeras,192,warrior,arms,6,2,4
Bogii,area-52,192,warrior,arms,6,2,4
Noblêsix,dalaran,192,warrior,arms,6,2,4
Jakelope,proudmoore,192,warrior,arms,6,2,4
Danskmand,tichondrius,192,warrior,arms,6,2,4
Gtrain,barthilas,192,warrior,arms,6,2,4
Trenbopanda,tichondrius,192,warrior,arms,6,2,4
Iden,vashj,192,warrior,arms,6,2,4
Èxecutè,area-52,192,warrior,arms,6,2,4
Elimination,tichondrius,192,warrior,arms,6,2,4
Flexid,tichondrius,192,warrior,arms,6,2,4
Kostikk,tichondrius,192,warrior,arms,6,2,4
Deldramor,proudmoore,192,warrior,arms,6,2,4
Airolol,tichondrius,192,warrior,arms,6,2,4
Shrëkslovaki,tichondrius,192,warrior,arms,6,2,4
Akaínu,area-52,192,warrior,arms,6,2,4
Guanabacoa,area-52,192,warrior,arms,6,2,4
Sylvannlee,tichondrius,192,warrior,arms,6,2,4
Nanaru,tichondrius,192,warrior,arms,6,2,4
Rageslayer,area-52,192,warrior,arms,6,2,4
Pollere,firetree,192,warrior,arms,6,2,4
Åres,wyrmrest-accord,192,warrior,arms,6,2,4
Hamslamm,area-52,192,warrior,arms,6,2,4
Riggs,stonemaul,192,warrior,arms,6,2,4
Guroku,tichondrius,192,warrior,arms,6,2,4
Aventajadu,ragnaros,192,warrior,arms,6,2,4
Moosoka,malorne,192,warrior,arms,6,2,4
Soldiër,proudmoore,192,warrior,arms,6,2,4
Stormbadge,tichondrius,192,warrior,arms,6,2,4
Hkbdynamus,black-dragonflight,192,warrior,arms,6,2,4
Aliminar,zuluhed,192,warrior,arms,6,2,4
Scrubwarrior,black-dragonflight,192,warrior,arms,6,2,4
Hawaiianko,guldan,192,warrior,arms,6,2,4
Valky,sargeras,192,warrior,arms,6,2,4
Elkz,tichondrius,192,warrior,arms,6,2,4
Memorylane,proudmoore,192,warrior,arms,6,2,4
Daechoochoo,frostwolf,192,warrior,arms,6,2,4
Xavíerus,tichondrius,192,warrior,arms,6,2,4
Bonetotem,azralon,192,warrior,arms,6,2,4
Ronipastrami,kelthuzad,192,warrior,arms,6,2,4
Rahgnarson,kelthuzad,192,warrior,arms,6,2,4
Flakesskillz,darkspear,192,warrior,arms,6,2,4
Bbyzugga,kelthuzad,192,warrior,arms,6,2,4
Reignwolf,azralon,192,warrior,arms,6,2,4
Squonks,kelthuzad,192,warrior,arms,6,2,4
Kratøz,tichondrius,192,warrior,arms,6,2,4
Benjiprice,sargeras,192,warrior,arms,6,2,4
Eleenoor,drakkari,192,warrior,arms,6,2,4
Vegr,queldorei,192,warrior,arms,6,2,4
Oneeyewille,sargeras,192,warrior,arms,6,2,4
Donpepe,sargeras,192,warrior,arms,6,2,4
Bilmuuri,illidan,192,warrior,arms,6,2,4
Taigola,aggramar,192,warrior,arms,6,2,4
Donni,kelthuzad,192,warrior,arms,6,2,4
Trôca,ragnaros,192,warrior,arms,6,2,4
Trouz,ragnaros,192,warrior,arms,6,2,4
Deseroth,sargeras,192,warrior,arms,6,2,4
Rudakoff,ragnaros,192,warrior,arms,6,2,4
Ghostkin,ragnaros,192,warrior,arms,6,2,4
Morphexo,quelthalas,192,warrior,arms,6,2,4
Lawyer,quelthalas,192,warrior,arms,6,2,4
Shrexecute,tichondrius,192,warrior,arms,6,2,4
Mongofiera,quelthalas,192,warrior,arms,6,2,4
Gnizzmo,sargeras,192,warrior,arms,6,2,4
Ponchetas,quelthalas,192,warrior,arms,6,2,4
Orcbum,kiljaeden,192,warrior,arms,6,2,4
Iapologiz,illidan,192,warrior,arms,6,2,4
Hagger,quelthalas,192,warrior,arms,6,2,4
Warkaiser,ragnaros,192,warrior,arms,6,2,4
Ggrone,ragnaros,192,warrior,arms,6,2,4
Chura,kiljaeden,192,warrior,arms,6,2,4
Kamuwarr,azralon,192,warrior,arms,6,2,4
Tobiwan,ragnaros,192,warrior,arms,6,2,4
Oðín,emerald-dream,192,warrior,arms,6,2,4
Wl,ragnaros,192,warrior,arms,6,2,4
Corazondleón,ragnaros,192,warrior,arms,6,2,4
Drashka,ragnaros,192,warrior,arms,6,2,4
Pép,malganis,192,warrior,arms,6,2,4
Locotto,ragnaros,192,warrior,arms,6,2,4
Sypii,malganis,192,warrior,arms,6,2,4
Thresdan,emerald-dream,192,warrior,arms,6,2,4
Dahakawar,malganis,192,warrior,arms,6,2,4
Blacksmiff,malganis,192,warrior,arms,6,2,4
Gátzú,ragnaros,192,warrior,arms,6,2,4
Greyknights,kiljaeden,192,warrior,arms,6,2,4
Mahknut,moon-guard,192,warrior,arms,6,2,4
Suhwoosh,bleeding-hollow,192,warrior,arms,10,3,7
Bondadoso,stormrage,192,warrior,arms,7,2,5
Sinenrs,tichondrius,192,warrior,arms,8,2,6
Hiddensquids,laughing-skull,192,warrior,arms,11,2,9
Malvadin,stormrage,192,warrior,arms,12,2,10
Sõnics,tichondrius,192,warrior,arms,12,2,10
Erwin,kiljaeden,192,warrior,arms,12,2,10
Rios,jubeithos,192,warrior,arms,12,2,10
Haruq,tichondrius,192,warrior,arms,12,2,10
Abidis,tichondrius,192,warrior,arms,12,2,10
Containerbox,korgath,192,warrior,arms,12,2,10
Kurzix,crushridge,192,warrior,arms,12,2,10
Loktaromoose,frostmourne,192,warrior,arms,12,2,10
Item,nerzhul,192,warrior,arms,12,2,10
Gornal,sargeras,192,warrior,arms,12,2,10
Arthurston,tichondrius,192,warrior,arms,12,2,10
Warhoofz,malganis,192,warrior,arms,12,2,10
Léonwow,tichondrius,192,warrior,arms,12,2,10
Aymadommy,illidan,192,warrior,arms,12,2,10
Kaimera,echo-isles,192,warrior,arms,12,2,10
Kittybang,quelthalas,192,warrior,arms,12,2,10
Humminity,quelthalas,192,warrior,arms,14,2,12
Blackkcow,zuljin,191,warrior,arms,6,2,4
Deathhit,barthilas,191,warrior,arms,6,2,4
Hazell,gundrak,191,warrior,arms,6,2,4
Krátös,farstriders,191,warrior,arms,6,2,4
Edrelang,bronzebeard,191,warrior,arms,6,2,4
Ybsorc,kelthuzad,160,warrior,arms,10,2,8
Kellsbro,hyjal,159,warrior,arms,5,2,3
Ediict,illidan,159,warrior,arms,5,2,3
Notoriousmmà,illidan,159,warrior,arms,5,2,3
Gontore,thrall,159,warrior,arms,5,2,3
Vapyr,moon-guard,159,warrior,arms,5,2,3
Chrosis,norgannon,159,warrior,arms,5,2,3
Swordblood,ragnaros,159,warrior,arms,5,2,3
Eatscrayons,barthilas,159,warrior,arms,11,2,9
Czartacus,dalaran,144,warrior,arms,3,3,0
Strongtall,tichondrius,138,warrior,arms,12,3,9
Scottie,cairne,136,warrior,arms,7,3,4
Clarityw,illidan,128,warrior,arms,4,2,2
Illicitiri,sargeras,128,warrior,arms,4,2,2
Nosors,kelthuzad,128,warrior,arms,4,2,2
Eatmyblade,wyrmrest-accord,128,warrior,arms,10,2,8
Syradar,ragnaros,112,warrior,arms,7,2,5
Berserko,gurubashi,112,warrior,arms,7,2,5
Battosaì,bonechewer,96,warrior,arms,3,2,1
Ragemane,illidan,96,warrior,arms,3,2,1
Ryuulion,proudmoore,96,warrior,arms,3,2,1
Kevs,sargeras,96,warrior,arms,3,2,1
Azyxia,emerald-dream,96,warrior,arms,3,2,1
Eihn,quelthalas,96,warrior,arms,15,3,12
Beenbag,aerie-peak,96,warrior,arms,6,1,5
Kåyotix,proudmoore,96,warrior,arms,6,1,5
Soymong,frostmourne,96,warrior,arms,6,1,5
Fatalian,proudmoore,96,warrior,arms,6,1,5
Alvitr,kelthuzad,96,warrior,arms,6,1,5
Betsisword,stormrage,96,warrior,arms,6,1,5
Raokao,senjin,96,warrior,arms,6,1,5
Drdrip,shuhalo,96,warrior,arms,6,1,5
Tangö,barthilas,96,warrior,arms,6,1,5
Darkromel,quelthalas,96,warrior,arms,6,1,5
Gromhell,azralon,96,warrior,arms,6,1,5
Killimanjaro,aggramar,96,warrior,arms,6,1,5
Bootstraps,hyjal,96,warrior,arms,6,1,5
Notacop,malygos,96,warrior,arms,6,1,5
Faintswar,stormrage,96,warrior,arms,6,1,5
Kboyrage,sargeras,96,warrior,arms,6,1,5
Doully,proudmoore,96,warrior,arms,6,1,5
Blitzkrieegz,drakkari,96,warrior,arms,6,1,5
Flabergaster,skullcrusher,96,warrior,arms,6,1,5
Alëwar,quelthalas,96,warrior,arms,6,1,5
Kanekhy,ragnaros,96,warrior,arms,6,1,5
Striphex,trollbane,96,warrior,arms,6,1,5
Grosjambes,turalyon,96,warrior,arms,6,1,5
Beatstickz,malganis,96,warrior,arms,6,1,5
Uub,malganis,96,warrior,arms,6,1,5
Hadrum,turalyon,96,warrior,arms,6,1,5
Brendan,llane,96,warrior,arms,6,1,5
Dogmar,moon-guard,96,warrior,arms,6,1,5
Amberlym,ragnaros,96,warrior,arms,6,1,5
Rahj,caelestrasz,96,warrior,arms,6,1,5
Skärz,azshara,96,warrior,arms,6,1,5
Eightballerz,barthilas,96,warrior,arms,6,1,5
Klobnslob,mannoroth,96,warrior,arms,6,1,5
Kluster,kelthuzad,96,warrior,arms,6,1,5
Dámöuse,stormrage,96,warrior,arms,6,1,5
Deathislovê,moonrunner,96,warrior,arms,6,1,5
Arantxa,destromath,96,warrior,arms,6,1,5
Gordurin,akama,96,warrior,arms,6,1,5
Ohhgeekush,proudmoore,96,warrior,arms,6,1,5
Bigwarrior,stonemaul,96,warrior,arms,6,1,5
Bootysmelly,mannoroth,96,warrior,arms,6,1,5
Roxesc,area-52,96,warrior,arms,6,1,5
Nelfmoehawk,barthilas,96,warrior,arms,6,1,5
Jennatolls,boulderfist,96,warrior,arms,6,1,5
Fréäkk,ragnaros,96,warrior,arms,6,1,5
Ghostierip,illidan,96,warrior,arms,6,1,5
Kintownhero,aegwynn,96,warrior,arms,6,1,5
Xalë,tichondrius,96,warrior,arms,6,1,5
Pachacutec,area-52,96,warrior,arms,6,1,5
Aidenwr,area-52,96,warrior,arms,6,1,5
Nerolanast,wyrmrest-accord,96,warrior,arms,6,1,5
Wàrrðèémzý,frostmourne,96,warrior,arms,6,1,5
Atomicboxer,tichondrius,96,warrior,arms,6,1,5
Khâi,tichondrius,96,warrior,arms,6,1,5
Bhuppzz,barthilas,96,warrior,arms,6,1,5
Däger,ragnaros,96,warrior,arms,6,1,5
Silverdeadl,ragnaros,96,warrior,arms,6,1,5
Draann,kirin-tor,96,warrior,arms,6,1,5
Aræn,sargeras,96,warrior,arms,6,1,5
Facekilla,nordrassil,96,warrior,arms,6,1,5
Durseyturm,area-52,96,warrior,arms,6,1,5
Doriax,sentinels,96,warrior,arms,6,1,5
Hergo,spirestone,96,warrior,arms,6,1,5
Sneeze,kul-tiras,96,warrior,arms,6,1,5
Augutra,moon-guard,96,warrior,arms,6,1,5
Meleth,darkspear,96,warrior,arms,6,1,5
Smoogzz,tichondrius,96,warrior,arms,6,1,5
Wolurog,emerald-dream,96,warrior,arms,6,1,5
Xeno,steamwheedle-cartel,96,warrior,arms,6,1,5
Adav,arthas,96,warrior,arms,6,1,5
Neotico,quelthalas,96,warrior,arms,6,1,5
Vhagaar,emerald-dream,96,warrior,arms,6,1,5
Heyzulnut,whisperwind,96,warrior,arms,6,1,5
Droggo,cenarius,96,warrior,arms,6,1,5
Codey,stormrage,96,warrior,arms,6,1,5
Erhue,sargeras,96,warrior,arms,6,1,5
Berzerk,dentarg,96,warrior,arms,6,1,5
Draxxarlol,zuljin,96,warrior,arms,6,1,5
Wienertoes,tichondrius,96,warrior,arms,6,1,5
Jimhoffa,bonechewer,96,warrior,arms,6,1,5
Beastro,rexxar,96,warrior,arms,6,1,5
Meytuglin,stormrage,96,warrior,arms,6,1,5
Dokoba,bleeding-hollow,96,warrior,arms,6,1,5
Zépileque,azralon,96,warrior,arms,6,1,5
Gizzmo,bonechewer,96,warrior,arms,6,1,5
Tfd,tichondrius,96,warrior,arms,6,1,5
Flexxinpapi,exodar,96,warrior,arms,6,1,5
Zørg,bleeding-hollow,96,warrior,arms,6,1,5
Sosaw,moon-guard,96,warrior,arms,6,1,5
Kargan,thrall,96,warrior,arms,6,1,5
Weechubber,bleeding-hollow,96,warrior,arms,6,1,5
Rasazghal,darrowmere,96,warrior,arms,6,1,5
Mauler,medivh,96,warrior,arms,6,1,5
Shagstrike,azralon,96,warrior,arms,6,1,5
Cindabotica,sargeras,96,warrior,arms,6,1,5
Wartrué,tichondrius,96,warrior,arms,6,1,5
Paralyzed,malganis,96,warrior,arms,6,1,5
Kevinersaa,frostmourne,96,warrior,arms,6,1,5
Rollz,amanthul,96,warrior,arms,6,1,5
Goywarr,illidan,96,warrior,arms,6,1,5
Maxtavius,baelgun,96,warrior,arms,6,1,5
Regax,thrall,96,warrior,arms,6,1,5
Immortal,icecrown,96,warrior,arms,6,1,5
Æwarrìor,tichondrius,96,warrior,arms,6,1,5
Warrmachine,scarlet-crusade,96,warrior,arms,6,1,5
Jazz,frostwolf,96,warrior,arms,6,1,5
Berawar,tichondrius,96,warrior,arms,6,1,5
Crul,gurubashi,96,warrior,arms,7,1,6
Sangettsu,stormrage,96,warrior,arms,8,1,7
Geoorg,ragnaros,96,warrior,arms,11,1,10
Ragnarloðbró,tichondrius,96,warrior,arms,12,1,11
Dicedup,stormrage,96,warrior,arms,12,1,11
Georgedubya,illidan,96,warrior,arms,12,1,11
Akunaswar,dalaran,96,warrior,arms,12,1,11
Bushwook,emerald-dream,96,warrior,arms,12,1,11
Wmuuzh,quelthalas,96,warrior,arms,12,1,11
Cartou,stormscale,96,warrior,arms,12,1,11
Falkur,amanthul,96,warrior,arms,12,1,11
Drdalidou,zuljin,96,warrior,arms,12,1,11
Odyssey,vashj,96,warrior,arms,12,1,11
Integrâl,tichondrius,96,warrior,arms,12,1,11
Møønnlight,quelthalas,79,warrior,arms,5,1,4
Naindejardin,sargeras,79,warrior,arms,5,1,4
Loomine,illidan,79,warrior,arms,5,1,4
Keringan,stormrage,79,warrior,arms,5,1,4
Savagetko,illidan,79,warrior,arms,5,1,4
Roxon,hellscream,79,warrior,arms,5,1,4
Psykd,arathor,79,warrior,arms,5,1,4
Rokmok,frostmane,79,warrior,arms,5,1,4
Garrossh,thunderhorn,64,warrior,arms,4,1,3
Warriorba,tichondrius,48,warrior,arms,3,1,2
Haveya,ghostlands,48,warrior,arms,3,1,2
Thewarrior,tichondrius,48,warrior,arms,3,1,2
Rumka,draktharon,42,warrior,arms,6,2,4
Zulgadark,ragnaros,42,warrior,arms,8,2,6
Flycosmos,tichondrius,42,warrior,arms,11,2,9
Armada,sargeras,31,warrior,arms,2,1,1
Billy,area-52,31,warrior,arms,2,1,1
Bruze,hellscream,31,warrior,arms,2,1,1
Zachw,stormrage,16,warrior,arms,1,1,0
Shwutty,stormrage,16,warrior,arms,1,1,0
Goodidea,mannoroth,16,warrior,arms,1,1,0
Psyrush,area-52,16,warrior,arms,7,1,6
Americanbull,moon-guard,1455,warrior,protection,62,34,28
Graventhal,tichondrius,1192,warrior,protection,53,25,28
Appolyonn,hyjal,855,warrior,protection,30,12,18
Thororan,whisperwind,845,warrior,protection,27,10,17
Logan,twisting-nether,727,warrior,protection,26,9,17
Mileigh,kelthuzad,668,warrior,protection,24,7,17
Stophitingme,bloodscalp,469,warrior,protection,18,5,13
Ksubîî,frostmourne,448,warrior,protection,16,5,11
Dabdaddyy,dawnbringer,384,warrior,protection,6,4,2
Percaderp,barthilas,384,warrior,protection,6,4,2
Kidkolby,moon-guard,384,warrior,protection,12,4,8
Ghostoffury,thrall,288,warrior,protection,6,3,3
Toothnnailz,destromath,284,warrior,protection,12,3,9
Rhuk,drakkari,192,warrior,protection,6,2,4
Executespam,madoran,192,warrior,protection,6,2,4
Littlefatman,terokkar,192,warrior,protection,12,2,10
Varith,sargeras,96,warrior,protection,12,1,11
Jindyn,boulderfist,95,warrior,protection,6,1,5
