,name,realm,rating,cls,spec,play,win,lose
0,Phearbunny,bleeding-hollow,1523,deathknight,blood,60,31,29
1,Bloodbukkaky,bleeding-hollow,1201,deathknight,blood,36,13,23
2,Pagumon,moon-guard,1144,deathknight,blood,60,23,37
3,Tragül,sargeras,1012,deathknight,blood,36,16,20
4,Valind,eredar,854,deathknight,blood,18,9,9
5,Insonne,dalaran,837,deathknight,blood,18,9,9
6,Blasphemus,malganis,575,deathknight,blood,12,6,6
7,Tristam,area-52,384,deathknight,blood,6,4,2
8,ßläzë,baelgun,288,deathknight,blood,15,4,11
9,Kimbøslîce,area-52,288,deathknight,blood,12,3,9
10,Cerbeefquake,wyrmrest-accord,192,deathknight,blood,6,2,4
11,Unhølydøøm,misha,191,deathknight,blood,12,2,10
12,Lunatick,darkspear,96,deathknight,blood,6,1,5
13,Nbayoungboy,kiljaeden,96,deathknight,blood,6,1,5
14,Gnargnarr,firetree,96,deathknight,blood,6,1,5
15,Pride,ragnaros,96,deathknight,blood,6,1,5
16,Cozzasad,barthilas,96,deathknight,blood,6,1,5
17,Zerhistran,proudmoore,64,deathknight,blood,4,1,3
18,Hulmorr,bleeding-hollow,64,deathknight,blood,4,1,3
19,Pwaff,illidan,2125,deathknight,unholy,89,45,44
20,Neroxz,area-52,2105,deathknight,unholy,83,43,40
21,Níngjìng,tichondrius,2041,deathknight,unholy,78,41,37
22,Spaidzz,malganis,2032,deathknight,unholy,175,87,88
23,Juelzjerk,tichondrius,2010,deathknight,unholy,60,36,24
24,Qipara,zuljin,1984,deathknight,unholy,104,53,51
25,Graphics,moon-guard,1980,deathknight,unholy,358,177,181
26,Achílles,sargeras,1979,deathknight,unholy,175,85,90
27,Scriptløl,sargeras,1975,deathknight,unholy,138,66,72
28,Partywaffles,illidan,1973,deathknight,unholy,134,66,68
29,Toxicwaste,malganis,1942,deathknight,unholy,76,36,40
30,Brutos,thrall,1939,deathknight,unholy,80,47,33
31,Vineyard,area-52,1921,deathknight,unholy,195,96,99
32,Roidboy,illidan,1917,deathknight,unholy,91,44,47
33,Mårlbørø,tichondrius,1915,deathknight,unholy,41,21,20
34,Darkdj,kelthuzad,1914,deathknight,unholy,73,34,39
35,Éternalnight,tichondrius,1913,deathknight,unholy,76,32,44
36,Zynyzter,malganis,1912,deathknight,unholy,72,41,31
37,Wøund,black-dragonflight,1911,deathknight,unholy,148,79,69
38,Veilsidé,kelthuzad,1910,deathknight,unholy,250,125,125
39,Plagueflavor,tichondrius,1903,deathknight,unholy,187,96,91
40,Geomdae,tichondrius,1901,deathknight,unholy,71,31,40
41,Barelyviable,tichondrius,1898,deathknight,unholy,72,32,40
42,Bruceleedk,tichondrius,1896,deathknight,unholy,82,44,38
43,Chillb,deathwing,1873,deathknight,unholy,101,55,46
44,Ilceses,area-52,1870,deathknight,unholy,66,29,37
45,Iato,sargeras,1868,deathknight,unholy,60,39,21
46,Flarkness,area-52,1864,deathknight,unholy,60,28,32
47,Drauguss,azralon,1860,deathknight,unholy,106,53,53
48,Cavaliers,ragnaros,1860,deathknight,unholy,66,32,34
49,Lattè,area-52,1859,deathknight,unholy,55,30,25
50,Bloodbruh,blackrock,1854,deathknight,unholy,60,34,26
51,Daoniancc,tichondrius,1854,deathknight,unholy,151,85,66
52,Morbiddesire,stormrage,1849,deathknight,unholy,87,49,38
53,Didri,quelthalas,1846,deathknight,unholy,72,34,38
54,Starshopping,proudmoore,1845,deathknight,unholy,43,23,20
55,Tokyotimxx,malganis,1842,deathknight,unholy,48,30,18
56,Sinell,kargath,1841,deathknight,unholy,103,60,43
57,Riddles,maiev,1837,deathknight,unholy,119,64,55
58,Blackfyré,sargeras,1837,deathknight,unholy,62,32,30
59,Haldevarik,doomhammer,1834,deathknight,unholy,78,43,35
60,Hrsb,tichondrius,1833,deathknight,unholy,66,40,26
61,Kilohotel,stormrage,1832,deathknight,unholy,36,22,14
62,Orphanmakerx,area-52,1832,deathknight,unholy,123,60,63
63,Aurious,lightnings-blade,1830,deathknight,unholy,84,47,37
64,Kortingert,nagrand,1830,deathknight,unholy,59,33,26
65,Anatøly,ragnaros,1827,deathknight,unholy,42,21,21
66,Sadboy,grizzly-hills,1822,deathknight,unholy,65,27,38
67,Milleh,bleeding-hollow,1821,deathknight,unholy,48,21,27
68,Serwestley,stormrage,1820,deathknight,unholy,59,31,28
69,Kciktep,tichondrius,1819,deathknight,unholy,36,19,17
70,Nabbiby,tichondrius,1816,deathknight,unholy,48,27,21
71,Flizzycash,malganis,1816,deathknight,unholy,56,27,29
72,Dahnga,frostmourne,1811,deathknight,unholy,54,32,22
73,Warrcc,steamwheedle-cartel,1809,deathknight,unholy,48,24,24
74,Infectik,tichondrius,1807,deathknight,unholy,59,35,24
75,Necrôtic,area-52,1806,deathknight,unholy,76,35,41
76,Twindleroot,aggramar,1804,deathknight,unholy,77,45,32
77,Kaeligh,ragnaros,1803,deathknight,unholy,66,29,37
78,Zìlêán,tichondrius,1800,deathknight,unholy,70,39,31
79,Harókz,azralon,1800,deathknight,unholy,65,31,34
80,Dkya,tichondrius,1798,deathknight,unholy,136,65,71
81,Azre,tichondrius,1798,deathknight,unholy,148,68,80
82,Brandonsdk,tichondrius,1793,deathknight,unholy,101,50,51
83,Goonà,tichondrius,1791,deathknight,unholy,48,23,25
84,Nevmic,emerald-dream,1783,deathknight,unholy,68,34,34
85,Avengering,tichondrius,1781,deathknight,unholy,51,29,22
86,Áethros,malganis,1778,deathknight,unholy,96,44,52
87,Mûs,tichondrius,1777,deathknight,unholy,60,32,28
88,Thorediks,stormrage,1777,deathknight,unholy,54,27,27
89,Cesaroo,aegwynn,1776,deathknight,unholy,76,38,38
90,Skippee,tichondrius,1775,deathknight,unholy,54,24,30
91,Grimiz,tichondrius,1774,deathknight,unholy,145,71,74
92,Bedstains,thunderlord,1772,deathknight,unholy,60,35,25
93,Demonboyjr,tichondrius,1766,deathknight,unholy,75,31,44
94,Ziskon,illidan,1764,deathknight,unholy,72,37,35
95,Jakeboyswag,shandris,1763,deathknight,unholy,99,49,50
96,Apøçálýpsé,firetree,1761,deathknight,unholy,67,35,32
97,Boneyards,bleeding-hollow,1758,deathknight,unholy,84,36,48
98,Nixonxx,tichondrius,1755,deathknight,unholy,64,40,24
99,Catarïa,tichondrius,1752,deathknight,unholy,60,28,32
100,Xiaodabaolol,tichondrius,1751,deathknight,unholy,48,26,22
101,Standalizer,gilneas,1745,deathknight,unholy,72,40,32
102,Carryme,quelthalas,1742,deathknight,unholy,92,45,47
103,Aerd,sargeras,1738,deathknight,unholy,150,73,77
104,Poesoul,tichondrius,1735,deathknight,unholy,123,59,64
105,Hwml,barthilas,1729,deathknight,unholy,81,45,36
106,Xebane,frostmourne,1728,deathknight,unholy,276,143,133
107,Õdin,area-52,1726,deathknight,unholy,143,70,73
108,Arroyo,borean-tundra,1724,deathknight,unholy,54,29,25
109,Azhid,tichondrius,1719,deathknight,unholy,106,54,52
110,Tkyo,tichondrius,1712,deathknight,unholy,47,22,25
111,Huuzzha,tichondrius,1709,deathknight,unholy,112,63,49
112,Dâki,blades-edge,1707,deathknight,unholy,36,25,11
113,Noik,azralon,1707,deathknight,unholy,75,36,39
114,Komplex,kelthuzad,1704,deathknight,unholy,54,31,23
115,Justafkdk,gorefiend,1700,deathknight,unholy,84,43,41
116,Ermanotruta,azralon,1698,deathknight,unholy,66,30,36
117,Krargosh,quelthalas,1696,deathknight,unholy,126,68,58
118,Kinkysgnome,tichondrius,1696,deathknight,unholy,119,55,64
119,Imadkloldie,frostmourne,1690,deathknight,unholy,84,44,40
120,Aldebamuu,ragnaros,1687,deathknight,unholy,30,19,11
121,Blacklabel,andorhal,1675,deathknight,unholy,72,31,41
122,Dialysis,emerald-dream,1673,deathknight,unholy,119,64,55
123,Dunduner,tichondrius,1672,deathknight,unholy,90,44,46
124,Ludgan,stormrage,1669,deathknight,unholy,126,60,66
125,Zìlêáns,tichondrius,1668,deathknight,unholy,42,27,15
126,Kurnoth,barthilas,1668,deathknight,unholy,56,27,29
127,Spacealien,malganis,1667,deathknight,unholy,42,23,19
128,Slty,tichondrius,1664,deathknight,unholy,42,18,24
129,Soulhand,tichondrius,1662,deathknight,unholy,46,23,23
130,Azynks,azralon,1660,deathknight,unholy,102,47,55
131,Døømhøund,tichondrius,1657,deathknight,unholy,42,22,20
132,Mephostophel,sargeras,1656,deathknight,unholy,66,35,31
133,Ståtìc,tichondrius,1656,deathknight,unholy,54,28,26
134,Zerøimperial,quelthalas,1656,deathknight,unholy,142,71,71
135,Lazarise,area-52,1647,deathknight,unholy,53,25,28
136,Merados,quelthalas,1646,deathknight,unholy,79,30,49
137,Vexxan,thrall,1644,deathknight,unholy,41,23,18
138,Krätos,zuljin,1642,deathknight,unholy,30,19,11
139,Yubell,barthilas,1642,deathknight,unholy,215,107,108
140,Nalz,drakkari,1641,deathknight,unholy,108,55,53
141,Rhaeisxalnym,sargeras,1637,deathknight,unholy,63,35,28
142,Vynox,frostmourne,1637,deathknight,unholy,56,27,29
143,Grimmdreamer,stormrage,1634,deathknight,unholy,76,37,39
144,Muspellheim,azralon,1633,deathknight,unholy,42,21,21
145,Mortarîon,moon-guard,1631,deathknight,unholy,78,42,36
146,Kakarotó,azralon,1629,deathknight,unholy,53,30,23
147,Properterps,bonechewer,1629,deathknight,unholy,110,60,50
148,Søad,quelthalas,1628,deathknight,unholy,40,25,15
149,Ðomìnus,moon-guard,1626,deathknight,unholy,66,39,27
150,Búddy,zuljin,1625,deathknight,unholy,34,19,15
151,Paratekdk,thrall,1625,deathknight,unholy,71,39,32
152,Megatroun,stormreaver,1625,deathknight,unholy,42,23,19
153,Typhøn,illidan,1625,deathknight,unholy,94,51,43
154,Bladê,tichondrius,1624,deathknight,unholy,61,26,35
155,Xhoul,sargeras,1621,deathknight,unholy,87,51,36
156,Asheravon,moon-guard,1621,deathknight,unholy,200,98,102
157,Kjarnda,malganis,1620,deathknight,unholy,42,18,24
158,Kwolve,proudmoore,1619,deathknight,unholy,195,97,98
159,Wheatasil,garona,1618,deathknight,unholy,64,33,31
160,Nevermore,hyjal,1617,deathknight,unholy,71,32,39
161,Altareon,ragnaros,1615,deathknight,unholy,96,45,51
162,Orkky,jubeithos,1614,deathknight,unholy,98,48,50
163,Boofcigars,sargeras,1612,deathknight,unholy,42,21,21
164,Rezøk,ragnaros,1612,deathknight,unholy,54,20,34
165,Ðogmá,vashj,1610,deathknight,unholy,35,22,13
166,Mikoaa,bladefist,1610,deathknight,unholy,30,17,13
167,Daethiel,demon-soul,1610,deathknight,unholy,53,25,28
168,Ousted,daggerspine,1608,deathknight,unholy,36,20,16
169,Unholykevin,sargeras,1604,deathknight,unholy,42,21,21
170,Dominos,tichondrius,1604,deathknight,unholy,42,20,22
171,Idodamn,tichondrius,1603,deathknight,unholy,84,45,39
172,Wednesdæ,moon-guard,1603,deathknight,unholy,54,28,26
173,Voncleaver,tichondrius,1603,deathknight,unholy,64,20,44
174,Drpepp,bleeding-hollow,1602,deathknight,unholy,107,59,48
175,Nofoamlattes,thrall,1602,deathknight,unholy,42,19,23
176,Puppykisses,perenolde,1602,deathknight,unholy,83,35,48
177,Giznator,malganis,1598,deathknight,unholy,108,50,58
178,Khaíne,wyrmrest-accord,1597,deathknight,unholy,103,52,51
179,Zerhistran,proudmoore,1597,deathknight,unholy,203,102,101
180,Kellydean,moon-guard,1596,deathknight,unholy,54,29,25
181,Telrenaur,proudmoore,1587,deathknight,unholy,42,22,20
182,Boofcigars,kelthuzad,1583,deathknight,unholy,53,27,26
183,Ligmagooch,tichondrius,1583,deathknight,unholy,75,37,38
184,Originalcimm,stormrage,1581,deathknight,unholy,48,19,29
185,Nøsfferatus,azralon,1580,deathknight,unholy,41,22,19
186,Frostbite,the-venture-co,1577,deathknight,unholy,84,48,36
187,Landez,ragnaros,1575,deathknight,unholy,54,29,25
188,Ravindrannor,saurfang,1574,deathknight,unholy,41,20,21
189,Kenishii,kiljaeden,1572,deathknight,unholy,30,19,11
190,Kaaizer,azralon,1572,deathknight,unholy,120,68,52
191,Hooterzqt,tichondrius,1571,deathknight,unholy,80,36,44
192,Obedient,firetree,1568,deathknight,unholy,84,52,32
193,Onlyfunss,moon-guard,1564,deathknight,unholy,42,20,22
194,Lichtborne,illidan,1564,deathknight,unholy,61,24,37
195,Wastethis,sargeras,1556,deathknight,unholy,65,34,31
196,Thenin,crushridge,1552,deathknight,unholy,30,22,8
197,Siphilusxo,dalaran,1551,deathknight,unholy,36,20,16
198,Nokenoke,illidan,1551,deathknight,unholy,57,29,28
199,Demonnation,illidan,1550,deathknight,unholy,54,20,34
200,Kuwarerubana,proudmoore,1549,deathknight,unholy,62,35,27
201,Ulísés,ragnaros,1549,deathknight,unholy,46,17,29
202,Fasterjake,sargeras,1547,deathknight,unholy,74,38,36
203,Kalgor,illidan,1544,deathknight,unholy,90,46,44
204,Catena,blood-furnace,1542,deathknight,unholy,35,18,17
205,Nymppho,kelthuzad,1541,deathknight,unholy,60,19,41
206,Raps,frostmourne,1538,deathknight,unholy,44,17,27
207,Fadedlight,zuljin,1534,deathknight,unholy,84,42,42
208,Attack,grizzly-hills,1534,deathknight,unholy,36,16,20
209,Släke,azralon,1533,deathknight,unholy,90,45,45
210,Chachio,kiljaeden,1532,deathknight,unholy,30,16,14
211,Hhasaki,area-52,1532,deathknight,unholy,123,62,61
212,Arktoz,tichondrius,1531,deathknight,unholy,30,16,14
213,Xibbas,illidan,1530,deathknight,unholy,24,16,8
214,Deuter,quelthalas,1529,deathknight,unholy,117,58,59
215,Kindaholy,malganis,1528,deathknight,unholy,23,17,6
216,Lùcius,garrosh,1527,deathknight,unholy,79,40,39
217,Biefeile,tichondrius,1526,deathknight,unholy,40,18,22
218,Toophus,sargeras,1523,deathknight,unholy,68,31,37
219,Tigs,proudmoore,1522,deathknight,unholy,120,62,58
220,Ullísés,ragnaros,1521,deathknight,unholy,33,17,16
221,Takeoverr,ragnaros,1518,deathknight,unholy,42,29,13
222,Bellum,moon-guard,1518,deathknight,unholy,51,27,24
223,Dóm,proudmoore,1516,deathknight,unholy,66,29,37
224,Promotheseis,sargeras,1515,deathknight,unholy,48,29,19
225,Zedsdead,mannoroth,1514,deathknight,unholy,24,16,8
226,Deathzpeckt,tichondrius,1513,deathknight,unholy,36,17,19
227,Loongdk,kiljaeden,1512,deathknight,unholy,30,16,14
228,Devillele,proudmoore,1509,deathknight,unholy,78,36,42
229,Evilbot,tichondrius,1507,deathknight,unholy,48,32,16
230,Dexarax,norgannon,1505,deathknight,unholy,87,49,38
231,Urieen,gorefiend,1505,deathknight,unholy,77,43,34
232,Arc,maiev,1504,deathknight,unholy,81,31,50
233,Apocxo,lightnings-blade,1500,deathknight,unholy,95,46,49
234,Axeldrion,tichondrius,1499,deathknight,unholy,35,17,18
235,Abroham,arthas,1498,deathknight,unholy,59,30,29
236,Câpîrota,nemesis,1498,deathknight,unholy,46,23,23
237,Gottajuice,moonrunner,1494,deathknight,unholy,51,28,23
238,Starms,ragnaros,1492,deathknight,unholy,54,25,29
239,Gankstagrip,anvilmar,1491,deathknight,unholy,49,26,23
240,Aradorn,azralon,1490,deathknight,unholy,113,54,59
241,Ghoulslasher,bleeding-hollow,1490,deathknight,unholy,56,25,31
242,Buttrfingrz,cenarius,1490,deathknight,unholy,42,18,24
243,Kcorides,tichondrius,1488,deathknight,unholy,49,28,21
244,Dkdanim,tichondrius,1485,deathknight,unholy,36,19,17
245,Jaxxftw,azralon,1482,deathknight,unholy,42,25,17
246,Saighast,illidan,1482,deathknight,unholy,66,36,30
247,Corrpsse,tichondrius,1481,deathknight,unholy,145,77,68
248,Zaluster,malganis,1479,deathknight,unholy,143,72,71
249,Nialich,kelthuzad,1476,deathknight,unholy,41,16,25
250,Zuly,moon-guard,1474,deathknight,unholy,101,52,49
251,Stoicïsm,tichondrius,1469,deathknight,unholy,36,23,13
252,Brisblade,shattered-hand,1468,deathknight,unholy,42,23,19
253,Redbr,tichondrius,1466,deathknight,unholy,36,18,18
254,Tronnie,kelthuzad,1463,deathknight,unholy,66,34,32
255,Risottonero,kelthuzad,1462,deathknight,unholy,48,25,23
256,Takeurcheeks,tichondrius,1458,deathknight,unholy,83,35,48
257,Rk,blackhand,1457,deathknight,unholy,97,58,39
258,Allhejluya,illidan,1449,deathknight,unholy,199,101,98
259,Balboskina,shattered-hand,1448,deathknight,unholy,70,36,34
260,Volcolm,kelthuzad,1445,deathknight,unholy,48,26,22
261,Gilden,malfurion,1445,deathknight,unholy,62,28,34
262,Tracyminaj,tichondrius,1445,deathknight,unholy,60,27,33
263,Breadtruck,area-52,1445,deathknight,unholy,70,29,41
264,Zaxrree,malganis,1442,deathknight,unholy,42,26,16
265,Grimnuts,thrall,1441,deathknight,unholy,36,17,19
266,Sammåel,malganis,1438,deathknight,unholy,30,17,13
267,Emopalli,tichondrius,1435,deathknight,unholy,72,32,40
268,Ningjinglol,tichondrius,1434,deathknight,unholy,30,15,15
269,Mèrc,ragnaros,1433,deathknight,unholy,83,37,46
270,Exin,cenarion-circle,1432,deathknight,unholy,24,15,9
271,Fatzilla,tichondrius,1430,deathknight,unholy,48,15,33
272,Cardii,area-52,1429,deathknight,unholy,40,16,24
273,Darknessice,tichondrius,1427,deathknight,unholy,54,32,22
274,Genjírou,frostwolf,1427,deathknight,unholy,118,56,62
275,Anexdk,korgath,1423,deathknight,unholy,24,15,9
276,Sannistus,ysera,1420,deathknight,unholy,97,43,54
277,Fellenn,stormrage,1417,deathknight,unholy,144,78,66
278,Subparatbest,chogall,1414,deathknight,unholy,30,15,15
279,Fuzzknight,ravenholdt,1414,deathknight,unholy,30,15,15
280,Beeftip,area-52,1413,deathknight,unholy,66,30,36
281,Reinhartlol,sargeras,1411,deathknight,unholy,81,38,43
282,Burbash,moon-guard,1410,deathknight,unholy,30,15,15
283,Fugs,ghostlands,1406,deathknight,unholy,56,30,26
284,Läskö,area-52,1404,deathknight,unholy,31,21,10
285,Hatreon,sargeras,1401,deathknight,unholy,30,20,10
286,Halvôr,moon-guard,1401,deathknight,unholy,94,50,44
287,Sgtdead,thrall,1400,deathknight,unholy,36,21,15
288,Unholyfish,malganis,1398,deathknight,unholy,85,40,45
289,Vazarus,darrowmere,1397,deathknight,unholy,66,30,36
290,Pmpfrmdwntwn,stormrage,1395,deathknight,unholy,36,15,21
291,Deathofchaos,smolderthorn,1389,deathknight,unholy,53,18,35
292,Bloodramen,dalaran,1387,deathknight,unholy,247,126,121
293,Paíín,illidan,1387,deathknight,unholy,48,21,27
294,Plagueghoul,wyrmrest-accord,1384,deathknight,unholy,74,38,36
295,Shélly,ragnaros,1381,deathknight,unholy,53,27,26
296,Lichkong,dalaran,1380,deathknight,unholy,36,16,20
297,Deezwaz,draka,1379,deathknight,unholy,34,16,18
298,Knownkilla,hyjal,1378,deathknight,unholy,42,25,17
299,Alexeous,wyrmrest-accord,1375,deathknight,unholy,96,50,46
300,Banjingquan,tichondrius,1375,deathknight,unholy,42,21,21
301,Sparklekitty,illidan,1374,deathknight,unholy,24,16,8
302,Greeasy,bleeding-hollow,1374,deathknight,unholy,41,23,18
303,Darkunral,stormrage,1365,deathknight,unholy,80,33,47
304,Hornpipe,borean-tundra,1364,deathknight,unholy,72,32,40
305,Warstompgød,tichondrius,1364,deathknight,unholy,36,16,20
306,Waremoto,ragnaros,1361,deathknight,unholy,81,47,34
307,Belegos,quelthalas,1357,deathknight,unholy,67,31,36
308,Bumbleton,blackrock,1349,deathknight,unholy,45,24,21
309,Dethcro,shandris,1343,deathknight,unholy,93,47,46
310,Skideroth,kelthuzad,1342,deathknight,unholy,36,14,22
311,Tduggylolz,tichondrius,1342,deathknight,unholy,36,14,22
312,Brß,tichondrius,1340,deathknight,unholy,24,14,10
313,Tailm,ragnaros,1339,deathknight,unholy,24,14,10
314,Tötenkaiser,quelthalas,1337,deathknight,unholy,30,14,16
315,Ântipaladin,arthas,1335,deathknight,unholy,46,19,27
316,Zeban,area-52,1334,deathknight,unholy,78,36,42
317,Bannedforevr,dalaran,1334,deathknight,unholy,36,14,22
318,Fiddleop,thrall,1333,deathknight,unholy,24,14,10
319,Negril,tichondrius,1332,deathknight,unholy,78,38,40
320,Regiknight,stormrage,1330,deathknight,unholy,47,29,18
321,Deliriioh,ragnaros,1327,deathknight,unholy,71,39,32
322,Rekbari,sargeras,1325,deathknight,unholy,24,15,9
323,Stangz,bonechewer,1322,deathknight,unholy,36,14,22
324,Earador,dalaran,1321,deathknight,unholy,30,15,15
325,Mords,area-52,1321,deathknight,unholy,30,14,16
326,Maligned,uldum,1312,deathknight,unholy,49,18,31
327,Putrefactive,frostmourne,1308,deathknight,unholy,127,60,67
328,Ñovacaine,moon-guard,1304,deathknight,unholy,56,26,30
329,Gwiffhm,tichondrius,1304,deathknight,unholy,40,14,26
330,Kallgìn,emerald-dream,1299,deathknight,unholy,36,15,21
331,Mazey,moon-guard,1298,deathknight,unholy,187,95,92
332,Bloodyloco,malganis,1295,deathknight,unholy,47,26,21
333,Soulhuntress,doomhammer,1292,deathknight,unholy,85,46,39
334,Wndypefrcorn,sargeras,1290,deathknight,unholy,25,16,9
335,Enjal,stormrage,1284,deathknight,unholy,47,21,26
336,Harlthas,ragnaros,1279,deathknight,unholy,24,15,9
337,Wryu,malganis,1277,deathknight,unholy,23,14,9
338,Ometecuhtli,kelthuzad,1273,deathknight,unholy,60,35,25
339,Kromgarath,stormrage,1271,deathknight,unholy,60,28,32
340,Asylïthcc,sargeras,1268,deathknight,unholy,24,15,9
341,Tenóry,nemesis,1263,deathknight,unholy,42,14,28
342,Unleud,tichondrius,1260,deathknight,unholy,36,21,15
343,Nukydoe,azralon,1260,deathknight,unholy,42,19,23
344,Unhølydøøm,misha,1258,deathknight,unholy,72,37,35
345,Ownaron,moon-guard,1249,deathknight,unholy,45,24,21
346,Magipierrot,ragnaros,1249,deathknight,unholy,50,25,25
347,Unrealzrotz,tichondrius,1248,deathknight,unholy,30,19,11
348,Pettyk,tichondrius,1248,deathknight,unholy,24,13,11
349,Clowngodx,illidan,1247,deathknight,unholy,24,13,11
350,Howdoulose,illidan,1247,deathknight,unholy,30,13,17
351,Buldrokastee,tichondrius,1247,deathknight,unholy,36,13,23
352,Lickblood,sargeras,1246,deathknight,unholy,24,13,11
353,Möchi,ragnaros,1246,deathknight,unholy,63,32,31
354,Lovedaddy,frostmourne,1242,deathknight,unholy,30,13,17
355,Youngmoneyyd,illidan,1241,deathknight,unholy,18,13,5
356,Flavorchops,kelthuzad,1238,deathknight,unholy,36,13,23
357,Seranta,wyrmrest-accord,1238,deathknight,unholy,36,13,23
358,Coffïnfeeder,dalaran,1237,deathknight,unholy,60,24,36
359,Neipum,stormrage,1234,deathknight,unholy,18,13,5
360,Madmaxxy,barthilas,1234,deathknight,unholy,69,30,39
361,Deathpool,shadowmoon,1231,deathknight,unholy,36,13,23
362,Lorð,malganis,1223,deathknight,unholy,36,19,17
363,Nevarro,lightbringer,1223,deathknight,unholy,188,92,96
364,Potatobob,dalaran,1222,deathknight,unholy,30,13,17
365,Killerundead,area-52,1221,deathknight,unholy,33,14,19
366,Gatrars,sargeras,1220,deathknight,unholy,66,30,36
367,Drowhd,nemesis,1207,deathknight,unholy,54,25,29
368,Shargan,tichondrius,1204,deathknight,unholy,60,29,31
369,Golurun,tichondrius,1197,deathknight,unholy,25,15,10
370,Heärt,bleeding-hollow,1192,deathknight,unholy,38,15,23
371,Vampirecarti,tichondrius,1190,deathknight,unholy,26,15,11
372,Sne,dragonmaw,1180,deathknight,unholy,30,17,13
373,Treikorh,quelthalas,1174,deathknight,unholy,130,55,75
374,Darktrinnity,nemesis,1173,deathknight,unholy,35,20,15
375,Mmrhostage,kelthuzad,1165,deathknight,unholy,30,14,16
376,Druncker,blackrock,1161,deathknight,unholy,42,16,26
377,Oql,tichondrius,1152,deathknight,unholy,24,12,12
378,Diviniumx,bleeding-hollow,1152,deathknight,unholy,27,13,14
379,Divinium,bleeding-hollow,1152,deathknight,unholy,30,12,18
380,Libitina,tichondrius,1151,deathknight,unholy,18,12,6
381,Bukum,zuljin,1151,deathknight,unholy,36,12,24
382,Kryptikkyt,blackrock,1150,deathknight,unholy,30,12,18
383,Auniel,gorefiend,1150,deathknight,unholy,30,12,18
384,Vesel,tichondrius,1149,deathknight,unholy,36,12,24
385,Arcticc,area-52,1148,deathknight,unholy,30,12,18
386,Oldskul,sargeras,1146,deathknight,unholy,34,17,17
387,Chalamander,tichondrius,1146,deathknight,unholy,24,12,12
388,Kehin,azralon,1144,deathknight,unholy,70,29,41
389,Tiansama,ragnaros,1143,deathknight,unholy,18,12,6
390,Nightskull,malganis,1143,deathknight,unholy,24,12,12
391,Skeleton,lightnings-blade,1141,deathknight,unholy,33,13,20
392,Rognarash,emerald-dream,1139,deathknight,unholy,24,12,12
393,Luckyson,tichondrius,1137,deathknight,unholy,24,12,12
394,Shinici,kelthuzad,1132,deathknight,unholy,24,12,12
395,Wrothgarr,stormreaver,1125,deathknight,unholy,24,12,12
396,Toroandmoi,area-52,1121,deathknight,unholy,24,12,12
397,Darktone,tichondrius,1118,deathknight,unholy,23,12,11
398,Unhøøly,nemesis,1116,deathknight,unholy,24,12,12
399,Frostcleave,emerald-dream,1115,deathknight,unholy,24,16,8
400,Mercysparx,thrall,1115,deathknight,unholy,24,13,11
401,Carecaa,azralon,1112,deathknight,unholy,32,14,18
402,Exequias,zuljin,1111,deathknight,unholy,30,17,13
403,Alphabro,zuluhed,1108,deathknight,unholy,36,19,17
404,Ddibb,tichondrius,1102,deathknight,unholy,23,12,11
405,Plaguebreak,darrowmere,1095,deathknight,unholy,42,28,14
406,Polydeuces,queldorei,1091,deathknight,unholy,66,26,40
407,Anonymousix,kelthuzad,1090,deathknight,unholy,23,12,11
408,Rhaenyrà,tichondrius,1089,deathknight,unholy,27,15,12
409,Beanboyx,tichondrius,1085,deathknight,unholy,22,12,10
410,Kanthrix,illidan,1084,deathknight,unholy,32,12,20
411,Kayzark,tichondrius,1069,deathknight,unholy,24,16,8
412,Zaelize,sargeras,1065,deathknight,unholy,48,21,27
413,Steamerboy,stormrage,1056,deathknight,unholy,18,11,7
414,Sagadk,hyjal,1056,deathknight,unholy,18,11,7
415,Ragsec,bleeding-hollow,1056,deathknight,unholy,18,11,7
416,Barakhenaku,illidan,1056,deathknight,unholy,18,11,7
417,Koda,thrall,1055,deathknight,unholy,24,11,13
418,Pooseunpoose,velen,1055,deathknight,unholy,24,11,13
419,Unholycube,zuljin,1055,deathknight,unholy,30,11,19
420,Bhyrnam,ragnaros,1054,deathknight,unholy,36,11,25
421,Sommeliergg,stormrage,1053,deathknight,unholy,18,11,7
422,Coffeebagel,bleeding-hollow,1053,deathknight,unholy,31,11,20
423,Deathboost,stormrage,1053,deathknight,unholy,36,11,25
424,Happynaru,tichondrius,1052,deathknight,unholy,24,11,13
425,Omegaseven,gorgonnash,1050,deathknight,unholy,84,42,42
426,Any,the-venture-co,1050,deathknight,unholy,24,11,13
427,Draenor,shadowmoon,1049,deathknight,unholy,18,11,7
428,Fallen,nazjatar,1048,deathknight,unholy,18,11,7
429,Bazzingaxd,hyjal,1044,deathknight,unholy,36,21,15
430,Lazta,azralon,1044,deathknight,unholy,40,17,23
431,Raíndrop,tichondrius,1043,deathknight,unholy,30,11,19
432,Sniperlord,uldaman,1039,deathknight,unholy,18,11,7
433,Bubblesdk,whisperwind,1039,deathknight,unholy,30,11,19
434,Edhral,ragnaros,1033,deathknight,unholy,24,11,13
435,Deathcometh,tichondrius,1027,deathknight,unholy,30,11,19
436,Deathnorris,zuljin,1026,deathknight,unholy,80,38,42
437,Cloüd,wyrmrest-accord,1022,deathknight,unholy,35,11,24
438,Mordekaiseer,azralon,1016,deathknight,unholy,124,60,64
439,Azibar,moon-guard,990,deathknight,unholy,17,11,6
440,Vaske,azjolnerub,963,deathknight,unholy,55,20,35
441,Vaizard,malganis,960,deathknight,unholy,18,10,8
442,Ragrek,bleeding-hollow,960,deathknight,unholy,24,10,14
443,Rängi,caelestrasz,960,deathknight,unholy,78,26,52
444,Hotdk,thrall,960,deathknight,unholy,30,10,20
445,Moonjae,illidan,959,deathknight,unholy,18,10,8
446,Deathbloss,illidan,959,deathknight,unholy,20,11,9
447,Emarose,illidan,959,deathknight,unholy,24,10,14
448,Galaxyboom,tichondrius,958,deathknight,unholy,12,10,2
449,Reapsouls,stormrage,958,deathknight,unholy,13,10,3
450,Shezoe,drakkari,958,deathknight,unholy,18,10,8
451,Drfauci,boulderfist,958,deathknight,unholy,18,10,8
452,Althamon,tanaris,958,deathknight,unholy,30,10,20
453,Aldoraenna,illidan,957,deathknight,unholy,24,10,14
454,Yamanji,wyrmrest-accord,956,deathknight,unholy,18,10,8
455,Arthyius,kiljaeden,956,deathknight,unholy,30,10,20
456,Gobaiakun,proudmoore,955,deathknight,unholy,18,10,8
457,Mëlødy,quelthalas,955,deathknight,unholy,18,10,8
458,Lieyanyanwan,tichondrius,952,deathknight,unholy,24,10,14
459,Daixks,proudmoore,951,deathknight,unholy,18,10,8
460,Deathafter,tichondrius,948,deathknight,unholy,24,10,14
461,Thaylenaar,eredar,947,deathknight,unholy,18,10,8
462,Mandrágor,quelthalas,946,deathknight,unholy,24,10,14
463,Annerito,area-52,927,deathknight,unholy,23,10,13
464,Muffinstomp,eredar,927,deathknight,unholy,24,10,14
465,Dûsk,thunderlord,924,deathknight,unholy,29,10,19
466,Grayfoxx,twisting-nether,909,deathknight,unholy,23,10,13
467,Rottenwiener,sargeras,900,deathknight,unholy,17,10,7
468,Zareon,zuluhed,876,deathknight,unholy,24,12,12
469,Dandandor,muradin,876,deathknight,unholy,38,17,21
470,Earthican,bleeding-hollow,864,deathknight,unholy,12,9,3
471,Nerfdklul,illidan,864,deathknight,unholy,12,9,3
472,Deathstrikex,tichondrius,864,deathknight,unholy,12,9,3
473,Arthez,frostmourne,864,deathknight,unholy,18,9,9
474,Rxzo,frostmourne,864,deathknight,unholy,18,9,9
475,Brocigar,tichondrius,864,deathknight,unholy,18,9,9
476,Linyive,malganis,864,deathknight,unholy,18,9,9
477,Dill,madoran,864,deathknight,unholy,24,9,15
478,Datnai,barthilas,864,deathknight,unholy,24,9,15
479,Fortissax,area-52,864,deathknight,unholy,30,9,21
480,Marixoxo,kelthuzad,863,deathknight,unholy,12,9,3
481,Onefire,illidan,863,deathknight,unholy,24,9,15
482,Vynlerran,skullcrusher,862,deathknight,unholy,18,9,9
483,Gerometal,ragnaros,862,deathknight,unholy,24,9,15
484,Unknowndk,kul-tiras,862,deathknight,unholy,24,9,15
485,Sílthree,barthilas,862,deathknight,unholy,24,9,15
486,Runeswanson,area-52,861,deathknight,unholy,18,9,9
487,Cosanostrá,malganis,860,deathknight,unholy,12,9,3
488,Rinthosaka,ragnaros,860,deathknight,unholy,18,9,9
489,Orphnoch,illidan,860,deathknight,unholy,24,9,15
490,Abruptdk,bonechewer,859,deathknight,unholy,18,9,9
491,Cripticknigt,spinebreaker,859,deathknight,unholy,21,10,11
492,Sidbane,kalecgos,859,deathknight,unholy,19,9,10
493,Tugs,nathrezim,858,deathknight,unholy,18,9,9
494,Leviiathan,tichondrius,857,deathknight,unholy,18,9,9
495,Sabotdk,tichondrius,857,deathknight,unholy,18,9,9
496,Tinytanx,aerie-peak,856,deathknight,unholy,24,9,15
497,Nicrack,malganis,853,deathknight,unholy,18,9,9
498,Zathog,lightbringer,853,deathknight,unholy,30,9,21
499,Ulerin,illidan,850,deathknight,unholy,18,9,9
500,Rixin,agamaggan,845,deathknight,unholy,33,10,23
501,Plaza,thorium-brotherhood,844,deathknight,unholy,18,9,9
502,Deadspellz,bleeding-hollow,832,deathknight,unholy,34,9,25
503,Hansmclroy,trollbane,828,deathknight,unholy,18,9,9
504,Grimmtidings,dentarg,812,deathknight,unholy,36,14,22
505,Littlekims,emerald-dream,799,deathknight,unholy,16,9,7
506,Brounlyii,drakkari,796,deathknight,unholy,14,9,5
507,Azgaroth,dathremar,792,deathknight,unholy,14,9,5
508,Cishei,quelthalas,792,deathknight,unholy,15,9,6
509,Mainxx,stormrage,768,deathknight,unholy,12,8,4
510,Mesx,illidan,768,deathknight,unholy,12,8,4
511,Gasani,bonechewer,768,deathknight,unholy,12,8,4
512,Dicromick,illidan,768,deathknight,unholy,15,9,6
513,Böffa,dalaran,768,deathknight,unholy,18,8,10
514,Novädk,ragnaros,768,deathknight,unholy,18,8,10
515,Darktonelol,tichondrius,768,deathknight,unholy,18,8,10
516,Puppykiss,perenolde,768,deathknight,unholy,18,8,10
517,Anhedonía,illidan,768,deathknight,unholy,18,8,10
518,Shadowsdk,tichondrius,768,deathknight,unholy,18,8,10
519,Fydedk,stormrage,768,deathknight,unholy,18,8,10
520,Muspel,sargeras,768,deathknight,unholy,18,8,10
521,Piratehookah,sargeras,768,deathknight,unholy,18,8,10
522,Immadkx,area-52,768,deathknight,unholy,24,8,16
523,Loomoros,sargeras,768,deathknight,unholy,24,8,16
524,Lagmasterx,sargeras,768,deathknight,unholy,24,8,16
525,Rongkhun,proudmoore,768,deathknight,unholy,30,8,22
526,Rarum,bleeding-hollow,767,deathknight,unholy,12,8,4
527,Allianknight,windrunner,767,deathknight,unholy,18,8,10
528,Rulord,wyrmrest-accord,767,deathknight,unholy,18,8,10
529,Demona,ragnaros,767,deathknight,unholy,18,8,10
530,Traitre,onyxia,767,deathknight,unholy,18,8,10
531,Hædës,area-52,767,deathknight,unholy,18,8,10
532,Mordumi,stormrage,767,deathknight,unholy,24,8,16
533,Redcancer,tichondrius,766,deathknight,unholy,12,8,4
534,Ðerion,stormrage,766,deathknight,unholy,12,8,4
535,Vynkys,shadow-council,766,deathknight,unholy,12,8,4
536,Olblueyes,hyjal,766,deathknight,unholy,18,8,10
537,Riparonii,illidan,766,deathknight,unholy,21,8,13
538,Shadowghast,saurfang,765,deathknight,unholy,12,8,4
539,Bloodydebt,malganis,765,deathknight,unholy,18,8,10
540,Midway,drakkari,765,deathknight,unholy,18,8,10
541,Leiry,darkspear,762,deathknight,unholy,12,8,4
542,Kowell,drakkari,762,deathknight,unholy,18,8,10
543,Dankbro,tichondrius,761,deathknight,unholy,24,10,14
544,Iamlrr,maelstrom,761,deathknight,unholy,24,8,16
545,Starset,burning-legion,728,deathknight,unholy,24,9,15
546,Exaar,tichondrius,720,deathknight,unholy,27,8,19
547,Hatrèd,quelthalas,719,deathknight,unholy,17,8,9
548,Ålastor,stormrage,714,deathknight,unholy,22,11,11
549,Jaydkx,tichondrius,714,deathknight,unholy,22,9,13
550,Gêralt,darkspear,712,deathknight,unholy,18,9,9
551,Somethingdum,sargeras,703,deathknight,unholy,16,8,8
552,Froznorbs,tichondrius,700,deathknight,unholy,14,8,6
553,Gurnok,barthilas,672,deathknight,unholy,12,7,5
554,Falkorn,korgath,672,deathknight,unholy,12,7,5
555,Jbert,sargeras,672,deathknight,unholy,12,7,5
556,Joeyxdk,tichondrius,672,deathknight,unholy,12,7,5
557,Plag,bleeding-hollow,672,deathknight,unholy,12,7,5
558,Unfórgíven,arthas,672,deathknight,unholy,12,7,5
559,Donrhythmic,ysera,672,deathknight,unholy,12,7,5
560,Cgg,tichondrius,672,deathknight,unholy,12,7,5
561,Vleryan,ragnaros,672,deathknight,unholy,12,7,5
562,Bryku,tichondrius,672,deathknight,unholy,18,7,11
563,Mmaximus,darkspear,672,deathknight,unholy,18,7,11
564,Bellybuster,malganis,672,deathknight,unholy,18,7,11
565,Kûri,runetotem,672,deathknight,unholy,18,7,11
566,Ebolaxd,area-52,672,deathknight,unholy,18,7,11
567,Laxatives,tichondrius,672,deathknight,unholy,21,8,13
568,Wittlewanka,zuljin,672,deathknight,unholy,21,7,14
569,Darione,twisting-nether,672,deathknight,unholy,24,7,17
570,Xenocrates,illidan,672,deathknight,unholy,24,7,17
571,Ceedog,crushridge,672,deathknight,unholy,30,7,23
572,Gâbriel,cairne,671,deathknight,unholy,12,7,5
573,Polpop,zuljin,671,deathknight,unholy,12,7,5
574,Deatheey,area-52,671,deathknight,unholy,12,7,5
575,Fligdeath,llane,671,deathknight,unholy,12,7,5
576,Sevexi,moon-guard,671,deathknight,unholy,12,7,5
577,Ganancïa,nemesis,671,deathknight,unholy,15,8,7
578,Dalrin,emerald-dream,671,deathknight,unholy,18,7,11
579,Agohnim,moon-guard,671,deathknight,unholy,18,7,11
580,Mfknight,archimonde,671,deathknight,unholy,18,7,11
581,Kidek,proudmoore,671,deathknight,unholy,18,7,11
582,Afterdeath,frostmourne,671,deathknight,unholy,18,7,11
583,Feorlar,dalaran,671,deathknight,unholy,18,7,11
584,Coldrhelx,quelthalas,671,deathknight,unholy,30,7,23
585,Emberwarden,stormrage,670,deathknight,unholy,18,7,11
586,Irokthefrost,frostmourne,669,deathknight,unholy,12,7,5
587,Terracundo,quelthalas,667,deathknight,unholy,18,9,9
588,Grtmisdirect,illidan,666,deathknight,unholy,21,8,13
589,Zàkgor,moon-guard,665,deathknight,unholy,12,7,5
590,Garshna,ragnaros,658,deathknight,unholy,12,7,5
591,Trumps,stormrage,639,deathknight,unholy,14,8,6
592,Bonalumë,azralon,620,deathknight,unholy,17,7,10
593,Bingoez,frostmourne,607,deathknight,unholy,11,7,4
594,Hadianton,stormrage,599,deathknight,unholy,11,7,4
595,Xtador,quelthalas,591,deathknight,unholy,11,7,4
596,Jonahdk,sargeras,576,deathknight,unholy,12,6,6
597,Lemuriön,nemesis,576,deathknight,unholy,12,6,6
598,Desen,arthas,576,deathknight,unholy,12,6,6
599,Friezen,illidan,576,deathknight,unholy,12,6,6
600,Umbramane,tichondrius,576,deathknight,unholy,12,6,6
601,Utthrity,ysera,576,deathknight,unholy,12,6,6
602,Svlla,doomhammer,576,deathknight,unholy,12,6,6
603,Ridesatenspd,caelestrasz,576,deathknight,unholy,12,6,6
604,Orcsexual,azralon,576,deathknight,unholy,12,6,6
605,Tragdore,thrall,576,deathknight,unholy,12,6,6
606,Kaórii,stormrage,576,deathknight,unholy,12,6,6
607,Delwrath,proudmoore,576,deathknight,unholy,12,6,6
608,Garù,ragnaros,576,deathknight,unholy,12,6,6
609,Bébøp,malganis,576,deathknight,unholy,12,6,6
610,Bopalop,malganis,576,deathknight,unholy,12,6,6
611,Malhandir,azgalor,576,deathknight,unholy,12,6,6
612,Zifandel,bleeding-hollow,576,deathknight,unholy,12,6,6
613,Surkk,tichondrius,576,deathknight,unholy,12,6,6
614,Cali,bladefist,576,deathknight,unholy,12,6,6
615,Meisterdeath,stormrage,576,deathknight,unholy,12,6,6
616,Jarah,destromath,576,deathknight,unholy,12,6,6
617,Bøoth,area-52,576,deathknight,unholy,12,6,6
618,Raaizz,ragnaros,576,deathknight,unholy,12,6,6
619,Justtaki,zuljin,576,deathknight,unholy,12,6,6
620,Lagérthâ,ragnaros,576,deathknight,unholy,12,6,6
621,Hickish,tichondrius,576,deathknight,unholy,12,6,6
622,Iðûnn,barthilas,576,deathknight,unholy,12,6,6
623,Cirillan,bleeding-hollow,576,deathknight,unholy,18,6,12
624,Lainmortal,ragnaros,576,deathknight,unholy,18,6,12
625,Maripaula,ragnaros,576,deathknight,unholy,18,6,12
626,Joystickwrld,silvermoon,576,deathknight,unholy,18,6,12
627,Conquest,drenden,576,deathknight,unholy,24,6,18
628,Baldlord,tichondrius,576,deathknight,unholy,24,6,18
629,Frðst,executus,575,deathknight,unholy,12,6,6
630,Åkatsukii,uther,575,deathknight,unholy,12,6,6
631,Zevrynn,barthilas,575,deathknight,unholy,12,6,6
632,Aretos,dreadmaul,575,deathknight,unholy,12,6,6
633,Acidirin,tichondrius,575,deathknight,unholy,12,6,6
634,Vërmilliøn,ragnaros,575,deathknight,unholy,12,6,6
635,Christophe,skullcrusher,575,deathknight,unholy,12,6,6
636,Pántera,darkspear,575,deathknight,unholy,12,6,6
637,Corpsepetal,muradin,575,deathknight,unholy,18,6,12
638,Heldwynd,bonechewer,574,deathknight,unholy,12,6,6
639,Fraänrisco,ragnaros,574,deathknight,unholy,18,6,12
640,Vapelounge,darkspear,574,deathknight,unholy,18,6,12
641,Darthblade,darkspear,573,deathknight,unholy,6,6,0
642,Tormentsoul,ragnaros,572,deathknight,unholy,12,6,6
643,Juggérnaút,bonechewer,572,deathknight,unholy,12,6,6
644,Hentaideath,kiljaeden,572,deathknight,unholy,18,6,12
645,Bahtman,hakkar,571,deathknight,unholy,12,6,6
646,Kel,stormreaver,559,deathknight,unholy,23,6,17
647,Syzurp,barthilas,558,deathknight,unholy,13,7,6
648,Poonen,area-52,543,deathknight,unholy,11,6,5
649,Galarick,area-52,527,deathknight,unholy,11,6,5
650,Herstôry,kelthuzad,527,deathknight,unholy,11,6,5
651,Volardan,trollbane,525,deathknight,unholy,9,7,2
652,Gkdm,tichondrius,522,deathknight,unholy,21,8,13
653,Chës,tichondrius,522,deathknight,unholy,22,7,15
654,Nekrosys,eitrigg,512,deathknight,unholy,16,6,10
655,Malsedius,kelthuzad,511,deathknight,unholy,21,7,14
656,Kalëndar,drakkari,503,deathknight,unholy,25,12,13
657,Ulyssess,jubeithos,501,deathknight,unholy,16,6,10
658,Bawlsauce,area-52,496,deathknight,unholy,13,6,7
659,Depthknight,barthilas,480,deathknight,unholy,6,5,1
660,Solø,proudmoore,480,deathknight,unholy,6,5,1
661,Bànished,moon-guard,480,deathknight,unholy,6,5,1
662,Andariel,ragnaros,480,deathknight,unholy,6,5,1
663,Tharegorn,azralon,480,deathknight,unholy,12,5,7
664,Darkwraith,illidan,480,deathknight,unholy,12,5,7
665,Zaratose,area-52,480,deathknight,unholy,12,5,7
666,Initiative,moon-guard,480,deathknight,unholy,12,5,7
667,Keomdae,tichondrius,480,deathknight,unholy,12,5,7
668,Gorillagrip,sargeras,480,deathknight,unholy,12,5,7
669,Defekaite,kiljaeden,480,deathknight,unholy,12,5,7
670,Billieeilish,sargeras,480,deathknight,unholy,12,5,7
671,Noitrox,azralon,480,deathknight,unholy,12,5,7
672,Hardtoplaydk,chogall,480,deathknight,unholy,12,5,7
673,Velyssiah,stormrage,480,deathknight,unholy,12,5,7
674,Römney,stormrage,480,deathknight,unholy,12,5,7
675,Darkfög,sargeras,480,deathknight,unholy,12,5,7
676,Serathai,tichondrius,480,deathknight,unholy,12,5,7
677,Naxn,tichondrius,480,deathknight,unholy,12,5,7
678,Laboön,stormrage,480,deathknight,unholy,12,5,7
679,Swänsz,stormrage,480,deathknight,unholy,12,5,7
680,Shinukishin,stormrage,480,deathknight,unholy,12,5,7
681,Raull,ragnaros,480,deathknight,unholy,12,5,7
682,Andem,elune,480,deathknight,unholy,12,5,7
683,Cosmicrune,turalyon,480,deathknight,unholy,12,5,7
684,Kasteny,frostmourne,480,deathknight,unholy,12,5,7
685,Defaultz,turalyon,480,deathknight,unholy,12,5,7
686,Ghrat,bleeding-hollow,480,deathknight,unholy,12,5,7
687,Iamthedanger,aerie-peak,480,deathknight,unholy,12,5,7
688,Deathpair,bleeding-hollow,480,deathknight,unholy,12,5,7
689,Yeahgood,frostmourne,480,deathknight,unholy,12,5,7
690,Arkhän,ragnaros,480,deathknight,unholy,18,5,13
691,Rytex,moon-guard,480,deathknight,unholy,18,5,13
692,Araris,stormrage,480,deathknight,unholy,18,5,13
693,Sylèss,tichondrius,480,deathknight,unholy,18,5,13
694,Dementrius,zuljin,480,deathknight,unholy,25,5,20
695,Extremepvp,aegwynn,479,deathknight,unholy,6,5,1
696,Yosemithe,quelthalas,479,deathknight,unholy,12,5,7
697,Mëgazørd,nemesis,479,deathknight,unholy,12,5,7
698,Itired,tichondrius,479,deathknight,unholy,12,5,7
699,Primoverdino,azralon,479,deathknight,unholy,12,5,7
700,Jojomcdeath,senjin,479,deathknight,unholy,12,5,7
701,Caqw,akama,479,deathknight,unholy,12,5,7
702,Amaethyst,kelthuzad,479,deathknight,unholy,12,5,7
703,Deathfearsme,kiljaeden,479,deathknight,unholy,12,5,7
704,Aborter,arthas,478,deathknight,unholy,12,5,7
705,Dreekon,bleeding-hollow,468,deathknight,unholy,19,9,10
706,Megatrôn,malganis,463,deathknight,unholy,17,5,12
707,Mordeo,bleeding-hollow,463,deathknight,unholy,17,5,12
708,Cammy,frostmourne,447,deathknight,unholy,11,5,6
709,Faelmo,malganis,447,deathknight,unholy,11,5,6
710,Sorry,ysera,432,deathknight,unholy,9,6,3
711,Spôôn,aggramar,430,deathknight,unholy,11,5,6
712,Jhiv,tichondrius,426,deathknight,unholy,16,6,10
713,Dtrayn,tichondrius,416,deathknight,unholy,10,5,5
714,Reighart,kiljaeden,415,deathknight,unholy,8,5,3
715,Testifier,illidan,415,deathknight,unholy,8,5,3
716,Shiminy,chogall,415,deathknight,unholy,10,5,5
717,Festers,burning-legion,415,deathknight,unholy,20,5,15
718,Frostology,echo-isles,399,deathknight,unholy,5,5,0
719,Soulkiti,blackwater-raiders,384,deathknight,unholy,6,4,2
720,Vampygeizt,zuljin,384,deathknight,unholy,6,4,2
721,Chillbruh,garrosh,384,deathknight,unholy,6,4,2
722,Methyldk,frostmourne,384,deathknight,unholy,6,4,2
723,Vläad,ragnaros,384,deathknight,unholy,6,4,2
724,Xhamstr,frostmourne,384,deathknight,unholy,6,4,2
725,Koltíra,azralon,384,deathknight,unholy,6,4,2
726,Nøzawkolypse,area-52,384,deathknight,unholy,6,4,2
727,Higeki,area-52,384,deathknight,unholy,6,4,2
728,Claudio,tichondrius,384,deathknight,unholy,6,4,2
729,Sephirott,boulderfist,384,deathknight,unholy,6,4,2
730,Càsshêrn,lightbringer,384,deathknight,unholy,6,4,2
731,Deadsamurai,illidan,384,deathknight,unholy,6,4,2
732,Rompeimën,ragnaros,384,deathknight,unholy,6,4,2
733,Futruth,khaz-modan,384,deathknight,unholy,6,4,2
734,Supblood,tichondrius,384,deathknight,unholy,6,4,2
735,Deathsloot,sargeras,384,deathknight,unholy,6,4,2
736,Mistmoorex,stormscale,384,deathknight,unholy,6,4,2
737,Darkswar,barthilas,384,deathknight,unholy,6,4,2
738,Zeathial,moon-guard,384,deathknight,unholy,6,4,2
739,Murphu,stormrage,384,deathknight,unholy,6,4,2
740,Sleezyfbaby,sargeras,384,deathknight,unholy,6,4,2
741,Ørcrist,area-52,384,deathknight,unholy,6,4,2
742,Zzdk,thrall,384,deathknight,unholy,6,4,2
743,Metinchaff,shadowmoon,384,deathknight,unholy,6,4,2
744,Blackary,emerald-dream,384,deathknight,unholy,6,4,2
745,Raynorr,dawnbringer,384,deathknight,unholy,6,4,2
746,Tonylin,tichondrius,384,deathknight,unholy,6,4,2
747,Atrahazis,quelthalas,384,deathknight,unholy,6,4,2
748,Koreandk,tichondrius,384,deathknight,unholy,6,4,2
749,Pleasecakes,blood-furnace,384,deathknight,unholy,9,5,4
750,Sussybakadk,sargeras,384,deathknight,unholy,10,5,5
751,Hounura,dathremar,384,deathknight,unholy,12,4,8
752,Xlive,tichondrius,384,deathknight,unholy,12,4,8
753,Asana,illidan,384,deathknight,unholy,12,4,8
754,Eightamdk,tichondrius,384,deathknight,unholy,12,4,8
755,Coronä,malfurion,384,deathknight,unholy,12,4,8
756,Maalevolent,thunderlord,384,deathknight,unholy,12,4,8
757,Bjorstad,moon-guard,384,deathknight,unholy,12,4,8
758,Killinois,tichondrius,384,deathknight,unholy,12,4,8
759,Bealzabub,sargeras,384,deathknight,unholy,12,4,8
760,Bøngripx,tichondrius,384,deathknight,unholy,12,4,8
761,Ambagrips,frostmourne,384,deathknight,unholy,12,4,8
762,Testamentxx,thunderlord,384,deathknight,unholy,12,4,8
763,Noiksnow,azralon,384,deathknight,unholy,12,4,8
764,Daellius,ragnaros,384,deathknight,unholy,12,4,8
765,Zoomoth,illidan,384,deathknight,unholy,12,4,8
766,Annuvyz,darkspear,384,deathknight,unholy,12,4,8
767,Ghorzul,thrall,384,deathknight,unholy,12,4,8
768,Threehunned,frostmourne,384,deathknight,unholy,12,4,8
769,Deephideblue,proudmoore,384,deathknight,unholy,12,4,8
770,Çorn,sargeras,384,deathknight,unholy,12,4,8
771,Nolderosdk,nemesis,384,deathknight,unholy,12,4,8
772,Tyrien,frostmane,384,deathknight,unholy,12,4,8
773,Cokedrip,bleeding-hollow,384,deathknight,unholy,12,4,8
774,Tinylich,arthas,384,deathknight,unholy,12,4,8
775,Avengis,bleeding-hollow,384,deathknight,unholy,18,4,14
776,Cptsäveähöe,tichondrius,384,deathknight,unholy,18,4,14
777,Sahaile,moon-guard,384,deathknight,unholy,18,4,14
778,Lho,caelestrasz,384,deathknight,unholy,18,4,14
779,Keralius,stormrage,384,deathknight,unholy,18,4,14
780,Hitsüyi,quelthalas,383,deathknight,unholy,11,6,5
781,Mëllowhypë,sargeras,383,deathknight,unholy,12,4,8
782,Plaguedoctor,moon-guard,383,deathknight,unholy,12,4,8
783,Optics,bleeding-hollow,383,deathknight,unholy,12,4,8
784,Demher,ragnaros,383,deathknight,unholy,12,4,8
785,Jinxtar,wyrmrest-accord,382,deathknight,unholy,6,4,2
786,Hobyrt,bleeding-hollow,382,deathknight,unholy,6,4,2
787,Azupo,aerie-peak,351,deathknight,unholy,14,5,9
788,Ghostdeath,blackhand,336,deathknight,unholy,9,4,5
789,Zygon,thrall,336,deathknight,unholy,9,4,5
790,Ahirek,quelthalas,320,deathknight,unholy,10,4,6
791,Ekaj,azuremyst,319,deathknight,unholy,5,4,1
792,Honustustere,emerald-dream,288,deathknight,unholy,6,3,3
793,Tråuma,uther,288,deathknight,unholy,6,3,3
794,Marash,moon-guard,288,deathknight,unholy,6,3,3
795,Nifftybear,tichondrius,288,deathknight,unholy,6,3,3
796,Ariacy,sargeras,288,deathknight,unholy,6,3,3
797,Viscerus,stormrage,288,deathknight,unholy,6,3,3
798,Bosleigor,elune,288,deathknight,unholy,6,3,3
799,Nh,malganis,288,deathknight,unholy,6,3,3
800,Fearfull,hyjal,288,deathknight,unholy,6,3,3
801,Petkick,tichondrius,288,deathknight,unholy,6,3,3
802,Jorich,ragnaros,288,deathknight,unholy,6,3,3
803,Jerkin,area-52,288,deathknight,unholy,6,3,3
804,Blitzcreig,sargeras,288,deathknight,unholy,6,3,3
805,Handler,nemesis,288,deathknight,unholy,6,3,3
806,Vexmaw,twisting-nether,288,deathknight,unholy,6,3,3
807,Anderius,tichondrius,288,deathknight,unholy,6,3,3
808,Kossero,thunderlord,288,deathknight,unholy,6,3,3
809,Lilwayne,archimonde,288,deathknight,unholy,6,3,3
810,Remõrse,moon-guard,288,deathknight,unholy,6,3,3
811,Supermane,jubeithos,288,deathknight,unholy,6,3,3
812,Coldsleeps,saurfang,288,deathknight,unholy,6,3,3
813,Deathwardenn,ghostlands,288,deathknight,unholy,6,3,3
814,Lafourche,sargeras,288,deathknight,unholy,6,3,3
815,Drippedout,illidan,288,deathknight,unholy,6,3,3
816,Monglord,arthas,288,deathknight,unholy,6,3,3
817,Chrønnøz,nemesis,288,deathknight,unholy,6,3,3
818,Yeetmaster,area-52,288,deathknight,unholy,6,3,3
819,Malairia,area-52,288,deathknight,unholy,6,3,3
820,Mýrrh,wyrmrest-accord,288,deathknight,unholy,6,3,3
821,Holsey,moon-guard,288,deathknight,unholy,6,3,3
822,Birnolan,proudmoore,288,deathknight,unholy,6,3,3
823,Chibalaloca,quelthalas,288,deathknight,unholy,6,3,3
824,Frostdest,kiljaeden,288,deathknight,unholy,6,3,3
825,Válak,stormrage,288,deathknight,unholy,6,3,3
826,Laeroth,zuluhed,288,deathknight,unholy,6,3,3
827,Trant,tichondrius,288,deathknight,unholy,6,3,3
828,Akilol,tichondrius,288,deathknight,unholy,6,3,3
829,Adavynn,darkspear,288,deathknight,unholy,6,3,3
830,Vinaroth,kiljaeden,288,deathknight,unholy,6,3,3
831,Pepecoomer,frostmourne,288,deathknight,unholy,6,3,3
832,Clearlol,bleeding-hollow,288,deathknight,unholy,6,3,3
833,Azombie,burning-blade,288,deathknight,unholy,6,3,3
834,Lepanda,skywall,288,deathknight,unholy,6,3,3
835,Ödens,dalaran,288,deathknight,unholy,6,3,3
836,Smokeyjoe,aegwynn,288,deathknight,unholy,6,3,3
837,Wúhan,moon-guard,288,deathknight,unholy,6,3,3
838,Mawvac,quelthalas,288,deathknight,unholy,6,3,3
839,Mendoh,tichondrius,288,deathknight,unholy,6,3,3
840,Schreit,zuljin,288,deathknight,unholy,6,3,3
841,Frenzza,frostmourne,288,deathknight,unholy,6,3,3
842,Mightyfails,frostmourne,288,deathknight,unholy,6,3,3
843,Renaming,area-52,288,deathknight,unholy,9,4,5
844,Oroborus,korgath,288,deathknight,unholy,8,3,5
845,Boomxic,shuhalo,288,deathknight,unholy,11,4,7
846,Chosenrune,stormrage,288,deathknight,unholy,12,3,9
847,Fokit,barthilas,288,deathknight,unholy,12,3,9
848,Danlorinis,moon-guard,288,deathknight,unholy,12,3,9
849,Techneeq,tichondrius,288,deathknight,unholy,12,3,9
850,Wisdôm,frostmourne,288,deathknight,unholy,12,3,9
851,Mongomongo,malganis,288,deathknight,unholy,12,3,9
852,Rottenqunt,tichondrius,288,deathknight,unholy,12,3,9
853,Abømination,zuljin,288,deathknight,unholy,12,3,9
854,Torsophuk,stormrage,288,deathknight,unholy,12,3,9
855,Aidsbenedict,malganis,288,deathknight,unholy,12,3,9
856,Dkjs,anetheron,288,deathknight,unholy,12,3,9
857,Coldmilk,wyrmrest-accord,288,deathknight,unholy,12,3,9
858,Garonse,wyrmrest-accord,288,deathknight,unholy,12,3,9
859,Chosenhero,stormrage,288,deathknight,unholy,12,3,9
860,Balakk,tichondrius,288,deathknight,unholy,12,3,9
861,Coffeemilk,kiljaeden,288,deathknight,unholy,13,3,10
862,Deathsent,malganis,288,deathknight,unholy,18,3,15
863,Fendos,turalyon,287,deathknight,unholy,6,3,3
864,Morthul,tol-barad,287,deathknight,unholy,6,3,3
865,Chanskey,stormrage,287,deathknight,unholy,9,3,6
866,Zedknight,emerald-dream,287,deathknight,unholy,15,4,11
867,Draxsos,quelthalas,287,deathknight,unholy,12,3,9
868,Papparoach,ysera,286,deathknight,unholy,6,3,3
869,Orthason,moon-guard,286,deathknight,unholy,6,3,3
870,Lowan,stormrage,286,deathknight,unholy,6,3,3
871,Copy,suramar,271,deathknight,unholy,11,3,8
872,Milkdrugs,daggerspine,256,deathknight,unholy,10,3,7
873,Baskel,frostmane,255,deathknight,unholy,11,3,8
874,Deathrowe,blackhand,240,deathknight,unholy,9,3,6
875,Originalsin,tichondrius,239,deathknight,unholy,5,3,2
876,Dairboi,sargeras,239,deathknight,unholy,5,3,2
877,Pradas,area-52,239,deathknight,unholy,11,3,8
878,Charabone,ragnaros,192,deathknight,unholy,4,3,1
879,Mefistô,quelthalas,192,deathknight,unholy,4,3,1
880,Doombeast,area-52,192,deathknight,unholy,9,4,5
881,Teedk,drakthul,192,deathknight,unholy,6,2,4
882,Tbop,ragnaros,192,deathknight,unholy,6,2,4
883,Dxssxe,tichondrius,192,deathknight,unholy,6,2,4
884,Orbo,elune,192,deathknight,unholy,6,2,4
885,Ams,moon-guard,192,deathknight,unholy,6,2,4
886,Twocolors,gilneas,192,deathknight,unholy,6,2,4
887,Nurglet,proudmoore,192,deathknight,unholy,6,2,4
888,Saraphdk,area-52,192,deathknight,unholy,6,2,4
889,Kranaz,barthilas,192,deathknight,unholy,6,2,4
890,Lunatick,darkspear,192,deathknight,unholy,6,2,4
891,Fanggrief,proudmoore,192,deathknight,unholy,6,2,4
892,Onsslaught,sargeras,192,deathknight,unholy,6,2,4
893,Moonkhink,stormrage,192,deathknight,unholy,6,2,4
894,Orcazmic,area-52,192,deathknight,unholy,6,2,4
895,Tristam,area-52,192,deathknight,unholy,6,2,4
896,Válhállá,ragnaros,192,deathknight,unholy,6,2,4
897,Menalise,moon-guard,192,deathknight,unholy,6,2,4
898,Hastë,proudmoore,192,deathknight,unholy,6,2,4
899,Zilli,blackrock,192,deathknight,unholy,6,2,4
900,Blooddisease,frostmourne,192,deathknight,unholy,6,2,4
901,Gusabio,drakkari,192,deathknight,unholy,6,2,4
902,Lìlith,dreadmaul,192,deathknight,unholy,6,2,4
903,Zebastion,amanthul,192,deathknight,unholy,6,2,4
904,Kookx,tichondrius,192,deathknight,unholy,6,2,4
905,Raakaa,ghostlands,192,deathknight,unholy,6,2,4
906,Runíc,demon-soul,192,deathknight,unholy,6,2,4
907,Gooré,ragnaros,192,deathknight,unholy,6,2,4
908,Chandsformer,tichondrius,192,deathknight,unholy,6,2,4
909,Grimreminder,zuljin,192,deathknight,unholy,6,2,4
910,Supfam,tichondrius,192,deathknight,unholy,6,2,4
911,Dustknight,sargeras,192,deathknight,unholy,6,2,4
912,Fizzease,illidan,192,deathknight,unholy,6,2,4
913,Båñglàdëshì,tichondrius,192,deathknight,unholy,6,2,4
914,Spaxz,illidan,192,deathknight,unholy,6,2,4
915,Seiyokú,ragnaros,192,deathknight,unholy,6,2,4
916,Ahmisu,tichondrius,192,deathknight,unholy,6,2,4
917,Deathhimself,moonrunner,192,deathknight,unholy,6,2,4
918,Junepí,stormrage,192,deathknight,unholy,6,2,4
919,Sieg,goldrinn,192,deathknight,unholy,6,2,4
920,Cäin,dreadmaul,192,deathknight,unholy,6,2,4
921,Afkftwok,illidan,192,deathknight,unholy,6,2,4
922,Uncoachablex,illidan,192,deathknight,unholy,6,2,4
923,Mesx,tichondrius,192,deathknight,unholy,6,2,4
924,Zerodk,kelthuzad,192,deathknight,unholy,6,2,4
925,Mako,garithos,192,deathknight,unholy,6,2,4
926,Kmardk,area-52,192,deathknight,unholy,6,2,4
927,Maliceborn,stormrage,192,deathknight,unholy,12,2,10
928,Tacofoxlol,tichondrius,192,deathknight,unholy,12,2,10
929,Giraldus,stormrage,192,deathknight,unholy,12,2,10
930,Scythê,barthilas,192,deathknight,unholy,12,2,10
931,Longlnus,malganis,192,deathknight,unholy,12,2,10
932,Rykard,hyjal,192,deathknight,unholy,12,2,10
933,Kterrorblade,sargeras,192,deathknight,unholy,12,2,10
934,Ðìvíne,illidan,192,deathknight,unholy,12,2,10
935,Larrisey,illidan,191,deathknight,unholy,6,2,4
936,Vynjonc,drenden,191,deathknight,unholy,6,2,4
937,Zeeroo,moon-guard,160,deathknight,unholy,10,2,8
938,Gankhiss,emerald-dream,159,deathknight,unholy,5,2,3
939,Hooker,dragonmaw,138,deathknight,unholy,8,4,4
940,Glacíuss,ragnaros,138,deathknight,unholy,9,4,5
941,Hobdk,malganis,128,deathknight,unholy,9,2,7
942,Ðëthbringër,jubeithos,127,deathknight,unholy,8,2,6
943,Lunaxx,ragnaros,96,deathknight,unholy,6,1,5
944,Gröxxigor,azralon,96,deathknight,unholy,6,1,5
945,Bealzabbub,sargeras,96,deathknight,unholy,6,1,5
946,Amö,emerald-dream,96,deathknight,unholy,6,1,5
947,Otarin,tichondrius,96,deathknight,unholy,6,1,5
948,Vicesquad,tichondrius,96,deathknight,unholy,6,1,5
949,Zenin,emerald-dream,96,deathknight,unholy,6,1,5
950,Dethklòk,tichondrius,96,deathknight,unholy,6,1,5
951,Tìtø,ragnaros,96,deathknight,unholy,6,1,5
952,Deathscyythe,illidan,96,deathknight,unholy,6,1,5
953,Dknightor,dalaran,96,deathknight,unholy,6,1,5
954,Worgenracist,tichondrius,96,deathknight,unholy,6,1,5
955,Alexanderz,quelthalas,96,deathknight,unholy,6,1,5
956,Rgn,deathwing,96,deathknight,unholy,6,1,5
957,Grimorra,bleeding-hollow,96,deathknight,unholy,6,1,5
958,Rotfang,elune,96,deathknight,unholy,6,1,5
959,Lichhbanne,doomhammer,96,deathknight,unholy,6,1,5
960,Andivh,hydraxis,96,deathknight,unholy,6,1,5
961,Almostdead,proudmoore,96,deathknight,unholy,6,1,5
962,Sandolorian,area-52,96,deathknight,unholy,6,1,5
963,Bein,frostmourne,96,deathknight,unholy,6,1,5
964,Abake,illidan,96,deathknight,unholy,6,1,5
965,Moldremover,frostmourne,96,deathknight,unholy,6,1,5
966,Gnargnarr,firetree,96,deathknight,unholy,6,1,5
967,Artyboy,icecrown,96,deathknight,unholy,6,1,5
968,Iluvbooty,blackrock,96,deathknight,unholy,6,1,5
969,Istery,thrall,96,deathknight,unholy,6,1,5
970,Tuicca,frostmane,96,deathknight,unholy,6,1,5
971,Kìrìtó,malygos,96,deathknight,unholy,6,1,5
972,Dontbanmepls,zuljin,96,deathknight,unholy,6,1,5
973,Percy,thaurissan,96,deathknight,unholy,6,1,5
974,Report,dathremar,96,deathknight,unholy,6,1,5
975,Apocalypsis,uldum,96,deathknight,unholy,6,1,5
976,Papalich,stormrage,96,deathknight,unholy,6,1,5
977,Tarone,zuljin,96,deathknight,unholy,6,1,5
978,Einherjiar,tichondrius,96,deathknight,unholy,6,1,5
979,Argy,zuljin,96,deathknight,unholy,6,1,5
980,Ellipsoro,onyxia,96,deathknight,unholy,6,1,5
981,Requísition,barthilas,96,deathknight,unholy,6,1,5
982,Azryull,perenolde,96,deathknight,unholy,6,1,5
983,Jessefur,undermine,96,deathknight,unholy,6,1,5
984,Perculës,sargeras,96,deathknight,unholy,7,1,6
985,Níce,tichondrius,96,deathknight,unholy,12,1,11
986,Skadattle,emerald-dream,96,deathknight,unholy,12,1,11
987,Darnkiller,kelthuzad,96,deathknight,unholy,18,1,17
988,Funerall,azralon,95,deathknight,unholy,12,1,11
989,Frostbytez,barthilas,79,deathknight,unholy,5,1,4
990,Deanz,stormrage,63,deathknight,unholy,2,2,0
991,Asfaq,frostmourne,63,deathknight,unholy,2,2,0
992,Spleem,stormrage,48,deathknight,unholy,3,1,2
993,Lördd,moon-guard,42,deathknight,unholy,11,3,8
994,Harrypottr,darrowmere,42,deathknight,unholy,8,2,6
995,Resumen,steamwheedle-cartel,42,deathknight,unholy,14,2,12
996,Pookr,area-52,2075,deathknight,frost,301,149,152
997,Yoinkzz,illidan,2025,deathknight,frost,71,33,38
998,Sylèss,tichondrius,1949,deathknight,frost,78,43,35
999,Duranteh,illidan,1881,deathknight,frost,60,32,28
1000,Saco,malganis,1874,deathknight,frost,104,60,44
1001,Thânätos,nemesis,1861,deathknight,frost,54,29,25
1002,Deaddubya,illidan,1815,deathknight,frost,63,40,23
1003,Dkyeico,ragnaros,1792,deathknight,frost,84,42,42
1004,Fastapi,tichondrius,1774,deathknight,frost,54,24,30
1005,Ksmc,tichondrius,1740,deathknight,frost,54,27,27
1006,Scareth,proudmoore,1734,deathknight,frost,40,21,19
1007,Sober,destromath,1712,deathknight,frost,95,48,47
1008,Mikepinkdk,illidan,1700,deathknight,frost,75,40,35
1009,Chillb,deathwing,1696,deathknight,frost,24,18,6
1010,Børeas,quelthalas,1645,deathknight,frost,96,43,53
1011,Worgenracist,tichondrius,1628,deathknight,frost,47,20,27
1012,Tzepesci,hyjal,1626,deathknight,frost,58,26,32
1013,Raiekko,dalaran,1617,deathknight,frost,36,17,19
1014,Ebolaxd,area-52,1614,deathknight,frost,42,21,21
1015,Rekktless,aerie-peak,1613,deathknight,frost,60,31,29
1016,Zemzil,tichondrius,1581,deathknight,frost,44,20,24
1017,Gkdm,tichondrius,1532,deathknight,frost,30,16,14
1018,Grakth,quelthalas,1527,deathknight,frost,66,37,29
1019,Lho,caelestrasz,1522,deathknight,frost,77,41,36
1020,Venvicta,tichondrius,1496,deathknight,frost,20,17,3
1021,Report,dathremar,1494,deathknight,frost,75,38,37
1022,Percy,thaurissan,1473,deathknight,frost,103,42,61
1023,Eldavò,quelthalas,1464,deathknight,frost,48,22,26
1024,Jazh,tichondrius,1441,deathknight,frost,59,23,36
1025,Jimmyjohnson,illidan,1415,deathknight,frost,53,29,24
1026,Uzgard,zuljin,1412,deathknight,frost,47,25,22
1027,Khalid,azgalor,1376,deathknight,frost,54,23,31
1028,Clongeus,tichondrius,1374,deathknight,frost,54,25,29
1029,Ellipsoro,onyxia,1374,deathknight,frost,60,26,34
1030,Tangarang,dalaran,1372,deathknight,frost,36,16,20
1031,Barrodir,tichondrius,1358,deathknight,frost,51,31,20
1032,Gwab,stormrage,1354,deathknight,frost,48,20,28
1033,Sandooñ,tichondrius,1353,deathknight,frost,42,19,23
1034,Thetalis,moon-guard,1346,deathknight,frost,78,38,40
1035,Kryptikkyt,blackrock,1341,deathknight,frost,18,14,4
1036,Ðerion,stormrage,1339,deathknight,frost,116,52,64
1037,Clapdat,malganis,1335,deathknight,frost,114,56,58
1038,Dontbanmepls,zuljin,1318,deathknight,frost,30,14,16
1039,Tekc,nemesis,1317,deathknight,frost,132,64,68
1040,Alexeous,wyrmrest-accord,1302,deathknight,frost,85,35,50
1041,Lichborn,azralon,1279,deathknight,frost,60,24,36
1042,Nevermor,malganis,1274,deathknight,frost,66,31,35
1043,Abake,illidan,1267,deathknight,frost,62,30,32
1044,Alexanderz,quelthalas,1264,deathknight,frost,36,15,21
1045,Rylas,destromath,1250,deathknight,frost,57,25,32
1046,Estali,kelthuzad,1244,deathknight,frost,69,29,40
1047,Bâttalion,illidan,1237,deathknight,frost,30,13,17
1048,Rayden,frostmourne,1235,deathknight,frost,24,13,11
1049,Yödä,barthilas,1235,deathknight,frost,36,14,22
1050,Sinyay,tichondrius,1233,deathknight,frost,30,18,12
1051,Darketvam,illidan,1230,deathknight,frost,38,23,15
1052,Spoon,sargeras,1225,deathknight,frost,63,30,33
1053,Vuldy,blackhand,1224,deathknight,frost,24,13,11
1054,Darfik,sargeras,1210,deathknight,frost,84,49,35
1055,Jackofblades,veknilash,1204,deathknight,frost,66,32,34
1056,Zefdk,illidan,1186,deathknight,frost,48,27,21
1057,Tambaknight,nemesis,1146,deathknight,frost,44,15,29
1058,Flins,nemesis,1144,deathknight,frost,233,116,117
1059,Janco,runetotem,1141,deathknight,frost,24,12,12
1060,Jordankg,tanaris,1137,deathknight,frost,30,12,18
1061,Laumuelden,ragnaros,1135,deathknight,frost,42,14,28
1062,Pembadk,tichondrius,1110,deathknight,frost,33,14,19
1063,Bridenbrad,quelthalas,1104,deathknight,frost,21,13,8
1064,Dkptador,azralon,1090,deathknight,frost,57,24,33
1065,Moonnwater,frostmourne,1087,deathknight,frost,84,43,41
1066,Sephirott,boulderfist,1086,deathknight,frost,35,19,16
1067,Garryxz,quelthalas,1077,deathknight,frost,22,12,10
1068,Mawvac,quelthalas,1069,deathknight,frost,72,33,39
1069,Zephyx,lightbringer,1056,deathknight,frost,18,11,7
1070,Grippygarý,illidan,1056,deathknight,frost,24,11,13
1071,Puppykisses,perenolde,1055,deathknight,frost,24,11,13
1072,Jhonnsnow,frostmourne,1051,deathknight,frost,24,11,13
1073,Malovv,nemesis,1042,deathknight,frost,18,12,6
1074,Kruspy,area-52,1042,deathknight,frost,24,11,13
1075,Vanyor,wyrmrest-accord,1025,deathknight,frost,44,14,30
1076,Zarathraz,ragnaros,1004,deathknight,frost,23,11,12
1077,Vorlakesh,boulderfist,979,deathknight,frost,22,11,11
1078,Ciputra,blood-furnace,967,deathknight,frost,24,13,11
1079,Skittsdk,thrall,966,deathknight,frost,24,12,12
1080,Xhín,bleeding-hollow,959,deathknight,frost,18,10,8
1081,Frosthana,illidan,959,deathknight,frost,24,10,14
1082,Tokyotimxx,malganis,958,deathknight,frost,18,10,8
1083,Toothstick,stormrage,957,deathknight,frost,18,10,8
1084,Sécret,tichondrius,953,deathknight,frost,18,10,8
1085,Darkreígn,tichondrius,952,deathknight,frost,18,10,8
1086,Eliagianluca,caelestrasz,949,deathknight,frost,60,25,35
1087,Úndead,barthilas,943,deathknight,frost,18,10,8
1088,Kraige,tichondrius,933,deathknight,frost,30,10,20
1089,Kallugrax,kelthuzad,919,deathknight,frost,30,12,18
1090,Ârtas,uldum,913,deathknight,frost,30,10,20
1091,Fokit,barthilas,897,deathknight,frost,58,28,30
1092,Sandolorian,area-52,892,deathknight,frost,24,10,14
1093,Lokitabeso,ragnaros,864,deathknight,frost,12,9,3
1094,Devcoil,sargeras,864,deathknight,frost,18,9,9
1095,Toxismall,zuljin,864,deathknight,frost,18,9,9
1096,Lazenca,malganis,863,deathknight,frost,18,9,9
1097,Bossk,emerald-dream,863,deathknight,frost,18,9,9
1098,Zarakas,sargeras,863,deathknight,frost,24,9,15
1099,Kekkijutsu,bleeding-hollow,862,deathknight,frost,12,9,3
1100,Thesseo,quelthalas,862,deathknight,frost,18,9,9
1101,Frostunholy,tichondrius,862,deathknight,frost,18,9,9
1102,Chicnchsteak,tichondrius,862,deathknight,frost,30,9,21
1103,Jasmíne,vashj,861,deathknight,frost,12,9,3
1104,Urieen,gorefiend,861,deathknight,frost,18,9,9
1105,Seeyoudiebr,gallywix,856,deathknight,frost,24,9,15
1106,Metaphysicsx,amanthul,839,deathknight,frost,20,9,11
1107,Uncfester,onyxia,823,deathknight,frost,18,9,9
1108,Lokítabesos,ragnaros,768,deathknight,frost,12,8,4
1109,Crink,sargeras,768,deathknight,frost,24,8,16
1110,Dregdar,emerald-dream,767,deathknight,frost,12,8,4
1111,Incanis,moon-guard,767,deathknight,frost,18,8,10
1112,Gypo,scilla,766,deathknight,frost,12,8,4
1113,Artourias,wyrmrest-accord,766,deathknight,frost,12,8,4
1114,Freemoney,wyrmrest-accord,766,deathknight,frost,12,8,4
1115,Verhangnis,azjolnerub,765,deathknight,frost,12,8,4
1116,Dhrogar,moon-guard,762,deathknight,frost,12,8,4
1117,Dyingwolf,ragnaros,761,deathknight,frost,18,8,10
1118,Nagaizao,nemesis,757,deathknight,frost,18,8,10
1119,Soulfang,nemesis,751,deathknight,frost,30,8,22
1120,Icedmilk,zuluhed,747,deathknight,frost,19,10,9
1121,Hansmclroy,trollbane,738,deathknight,frost,24,8,16
1122,Monglord,arthas,733,deathknight,frost,27,9,18
1123,Larrisey,illidan,727,deathknight,frost,21,8,13
1124,Tarone,zuljin,688,deathknight,frost,21,10,11
1125,Russkivolk,frostmourne,688,deathknight,frost,19,8,11
1126,Griswold,windrunner,680,deathknight,frost,24,9,15
1127,Iskandàr,ragnaros,672,deathknight,frost,12,7,5
1128,Dumbledore,deathwing,672,deathknight,frost,12,7,5
1129,Deadspellz,bleeding-hollow,672,deathknight,frost,12,7,5
1130,Iccyhottie,stormrage,672,deathknight,frost,18,7,11
1131,Mikeycal,stormrage,672,deathknight,frost,18,7,11
1132,Chillpills,stormrage,672,deathknight,frost,18,7,11
1133,Anexdk,korgath,672,deathknight,frost,18,7,11
1134,Iriwa,tichondrius,672,deathknight,frost,24,7,17
1135,Necrósy,azralon,671,deathknight,frost,12,7,5
1136,Emanuels,quelthalas,671,deathknight,frost,18,7,11
1137,Unholycube,zuljin,671,deathknight,frost,30,7,23
1138,Cryptgore,moon-guard,665,deathknight,frost,18,7,11
1139,Iiedown,stormrage,623,deathknight,frost,11,7,4
1140,Plaw,kiljaeden,607,deathknight,frost,11,7,4
1141,Rennoc,emerald-dream,576,deathknight,frost,12,6,6
1142,Darkxavros,stormrage,576,deathknight,frost,12,6,6
1143,Wap,bloodhoof,576,deathknight,frost,12,6,6
1144,Cozzasad,barthilas,576,deathknight,frost,12,6,6
1145,Axiomqt,tichondrius,576,deathknight,frost,12,6,6
1146,Riglros,tichondrius,576,deathknight,frost,12,6,6
1147,Otarin,tichondrius,576,deathknight,frost,12,6,6
1148,Soulbone,wyrmrest-accord,576,deathknight,frost,12,6,6
1149,Dementrius,zuljin,576,deathknight,frost,12,6,6
1150,Dkbunny,thaurissan,576,deathknight,frost,18,6,12
1151,Ariacy,sargeras,576,deathknight,frost,18,6,12
1152,Dairboi,sargeras,576,deathknight,frost,18,6,12
1153,Winterstone,moon-guard,575,deathknight,frost,12,6,6
1154,Ântipaladin,arthas,575,deathknight,frost,12,6,6
1155,Nezareth,sargeras,574,deathknight,frost,12,6,6
1156,Bloodbanne,darkspear,573,deathknight,frost,12,6,6
1157,Darkdevilvii,tichondrius,572,deathknight,frost,12,6,6
1158,Ikaris,wildhammer,569,deathknight,frost,12,6,6
1159,Loverianed,aerie-peak,569,deathknight,frost,24,6,18
1160,Madorderog,stormrage,567,deathknight,frost,12,6,6
1161,Werebuddy,lightnings-blade,528,deathknight,frost,15,6,9
1162,Abrahams,tichondrius,522,deathknight,frost,22,8,14
1163,Bellum,moon-guard,511,deathknight,frost,20,6,14
1164,Sathanazz,ragnaros,480,deathknight,frost,6,5,1
1165,Dreekon,bleeding-hollow,480,deathknight,frost,6,5,1
1166,Martinnash,emerald-dream,480,deathknight,frost,12,5,7
1167,Onsslaught,sargeras,480,deathknight,frost,12,5,7
1168,Sinizster,kelthuzad,480,deathknight,frost,12,5,7
1169,Neaz,moon-guard,480,deathknight,frost,12,5,7
1170,Subparatbest,chogall,480,deathknight,frost,12,5,7
1171,Deadbeards,zuluhed,480,deathknight,frost,12,5,7
1172,Sporkdk,illidan,480,deathknight,frost,12,5,7
1173,Frozenhawk,lothar,480,deathknight,frost,12,5,7
1174,Saighast,illidan,480,deathknight,frost,18,5,13
1175,Moovement,illidan,479,deathknight,frost,6,5,1
1176,Bëlzëbü,stormrage,479,deathknight,frost,6,5,1
1177,Caravante,azralon,479,deathknight,frost,12,5,7
1178,Janzano,deathwing,479,deathknight,frost,14,5,9
1179,Adjudicated,darkspear,477,deathknight,frost,12,5,7
1180,Eloton,daggerspine,431,deathknight,frost,11,5,6
1181,Xelonith,sargeras,384,deathknight,frost,6,4,2
1182,Laxatives,tichondrius,384,deathknight,frost,6,4,2
1183,Nabreus,ragnaros,384,deathknight,frost,6,4,2
1184,Vãl,sargeras,384,deathknight,frost,6,4,2
1185,Lókhä,thrall,384,deathknight,frost,6,4,2
1186,Orbo,elune,384,deathknight,frost,6,4,2
1187,Bigdooks,area-52,384,deathknight,frost,6,4,2
1188,Anatøly,ragnaros,384,deathknight,frost,6,4,2
1189,Insanity,boulderfist,384,deathknight,frost,6,4,2
1190,Hooterzqt,tichondrius,384,deathknight,frost,12,4,8
1191,Zenin,emerald-dream,384,deathknight,frost,12,4,8
1192,Deathrowe,blackhand,384,deathknight,frost,12,4,8
1193,Xhoul,sargeras,384,deathknight,frost,12,4,8
1194,Unintended,barthilas,384,deathknight,frost,12,4,8
1195,Silanvia,wyrmrest-accord,384,deathknight,frost,12,4,8
1196,Algeross,dalaran,384,deathknight,frost,12,4,8
1197,Almostdead,proudmoore,384,deathknight,frost,12,4,8
1198,Nefarion,nathrezim,384,deathknight,frost,12,4,8
1199,Rembrandtdk,gorefiend,384,deathknight,frost,12,4,8
1200,Lichhbanne,doomhammer,384,deathknight,frost,12,4,8
1201,Shinici,kelthuzad,383,deathknight,frost,9,5,4
1202,Vithael,stormrage,383,deathknight,frost,12,4,8
1203,Cailras,argent-dawn,382,deathknight,frost,6,4,2
1204,Sindragos,stormrage,382,deathknight,frost,12,4,8
1205,Deathvortex,nemesis,379,deathknight,frost,12,4,8
1206,Greeasy,bleeding-hollow,351,deathknight,frost,11,4,7
1207,Umbramane,tichondrius,336,deathknight,frost,9,4,5
1208,Amarlana,mannoroth,288,deathknight,frost,6,3,3
1209,Laboön,stormrage,288,deathknight,frost,6,3,3
1210,Yungdooks,area-52,288,deathknight,frost,6,3,3
1211,Saraphdk,area-52,288,deathknight,frost,6,3,3
1212,Davenn,stormrage,288,deathknight,frost,6,3,3
1213,Jughéad,thrall,288,deathknight,frost,6,3,3
1214,Egirlgripper,area-52,288,deathknight,frost,6,3,3
1215,Ghouldruis,barthilas,288,deathknight,frost,6,3,3
1216,Nalec,tichondrius,288,deathknight,frost,6,3,3
1217,Zygon,thrall,288,deathknight,frost,6,3,3
1218,Fåîrÿdûst,skullcrusher,288,deathknight,frost,6,3,3
1219,Doomdk,azralon,288,deathknight,frost,6,3,3
1220,Achilleo,quelthalas,288,deathknight,frost,6,3,3
1221,Kalevesicant,nesingwary,288,deathknight,frost,6,3,3
1222,Sllice,aegwynn,288,deathknight,frost,6,3,3
1223,Tofurious,barthilas,288,deathknight,frost,6,3,3
1224,Zügzug,chogall,288,deathknight,frost,6,3,3
1225,Gorsz,tichondrius,288,deathknight,frost,6,3,3
1226,Plaugedone,lightbringer,288,deathknight,frost,6,3,3
1227,Brumaks,quelthalas,288,deathknight,frost,6,3,3
1228,Fearfull,hyjal,288,deathknight,frost,10,4,6
1229,Darkwraith,illidan,288,deathknight,frost,12,3,9
1230,Freyjani,moon-guard,288,deathknight,frost,12,3,9
1231,Bloodmourne,barthilas,288,deathknight,frost,12,3,9
1232,Flarkness,area-52,288,deathknight,frost,12,3,9
1233,Janus,illidan,288,deathknight,frost,12,3,9
1234,ßlazedkush,kelthuzad,287,deathknight,frost,6,3,3
1235,Dèadpool,blackhand,287,deathknight,frost,6,3,3
1236,Elwoodblooz,stormrage,287,deathknight,frost,9,4,5
1237,Páthøgen,ravencrest,287,deathknight,frost,12,3,9
1238,Ergoth,darkspear,287,deathknight,frost,12,3,9
1239,Gnomey,area-52,255,deathknight,frost,8,4,4
1240,Hamze,stormrage,239,deathknight,frost,5,3,2
1241,Unwantedgrab,sargeras,239,deathknight,frost,5,3,2
1242,Bbcobliterat,proudmoore,234,deathknight,frost,22,4,18
1243,Surcäfauces,ragnaros,192,deathknight,frost,9,3,6
1244,Corrpsse,tichondrius,192,deathknight,frost,6,2,4
1245,Crakdos,illidan,192,deathknight,frost,6,2,4
1246,Aldrey,bonechewer,192,deathknight,frost,6,2,4
1247,Yourunigrip,tichondrius,192,deathknight,frost,6,2,4
1248,Alderollar,stormrage,192,deathknight,frost,6,2,4
1249,Rotfang,elune,192,deathknight,frost,6,2,4
1250,Nenó,illidan,192,deathknight,frost,6,2,4
1251,Fraýja,tichondrius,192,deathknight,frost,6,2,4
1252,Envisage,kelthuzad,192,deathknight,frost,6,2,4
1253,Toxicant,zuljin,192,deathknight,frost,6,2,4
1254,Amauqsun,bleeding-hollow,192,deathknight,frost,6,2,4
1255,Lichkong,dalaran,192,deathknight,frost,6,2,4
1256,Shmacmiller,stormrage,192,deathknight,frost,6,2,4
1257,Chilivibes,boulderfist,192,deathknight,frost,6,2,4
1258,Khørne,area-52,192,deathknight,frost,6,2,4
1259,Sayâ,frostmane,192,deathknight,frost,6,2,4
1260,Rulord,wyrmrest-accord,192,deathknight,frost,6,2,4
1261,Demise,stormrage,192,deathknight,frost,6,2,4
1262,Jykupajr,proudmoore,192,deathknight,frost,6,2,4
1263,Tooe,darrowmere,192,deathknight,frost,6,2,4
1264,Frozenjuice,sargeras,192,deathknight,frost,6,2,4
1265,Aradorn,azralon,192,deathknight,frost,6,2,4
1266,Nebuchadnezz,darkspear,192,deathknight,frost,6,2,4
1267,Piratehookah,sargeras,192,deathknight,frost,6,2,4
1268,Oreodeath,sargeras,192,deathknight,frost,6,2,4
1269,Edek,frostmourne,192,deathknight,frost,6,2,4
1270,Tarknok,moon-guard,192,deathknight,frost,6,2,4
1271,Blooddisease,frostmourne,192,deathknight,frost,6,2,4
1272,Bonusman,sargeras,192,deathknight,frost,6,2,4
1273,Soutennizase,azralon,192,deathknight,frost,6,2,4
1274,Neofrank,drakkari,192,deathknight,frost,12,2,10
1275,Záiiko,quelthalas,192,deathknight,frost,12,2,10
1276,Melyrc,quelthalas,192,deathknight,frost,12,2,10
1277,Lillylilly,bleeding-hollow,192,deathknight,frost,12,2,10
1278,Evangelina,antonidas,192,deathknight,frost,12,2,10
1279,Sübzerö,quelthalas,191,deathknight,frost,6,2,4
1280,Killa,maiev,191,deathknight,frost,6,2,4
1281,Edhral,ragnaros,191,deathknight,frost,6,2,4
1282,Rogoroth,stormrage,191,deathknight,frost,6,2,4
1283,Nickolas,dalvengyr,159,deathknight,frost,5,2,3
1284,Oilasslover,illidan,128,deathknight,frost,4,2,2
1285,Xaldeth,moon-guard,127,deathknight,frost,8,2,6
1286,Kookx,tichondrius,110,deathknight,frost,7,2,5
1287,Telrenaur,proudmoore,96,deathknight,frost,3,2,1
1288,Raegywn,blood-furnace,96,deathknight,frost,6,1,5
1289,Grayfoxx,twisting-nether,96,deathknight,frost,6,1,5
1290,Bubblesdk,whisperwind,96,deathknight,frost,6,1,5
1291,Siphilusxo,dalaran,96,deathknight,frost,6,1,5
1292,Skadattle,emerald-dream,96,deathknight,frost,6,1,5
1293,Himanshu,emerald-dream,96,deathknight,frost,6,1,5
1294,Hadianton,stormrage,96,deathknight,frost,6,1,5
1295,Grimorra,bleeding-hollow,96,deathknight,frost,6,1,5
1296,Bingoez,frostmourne,96,deathknight,frost,6,1,5
1297,Einherjiar,tichondrius,96,deathknight,frost,6,1,5
1298,Paíín,illidan,96,deathknight,frost,6,1,5
1299,Mako,garithos,96,deathknight,frost,6,1,5
1300,Kodokuna,bleeding-hollow,96,deathknight,frost,6,1,5
1301,Xakri,kelthuzad,96,deathknight,frost,6,1,5
1302,Vrolock,quelthalas,96,deathknight,frost,6,1,5
1303,Thwap,sargeras,96,deathknight,frost,6,1,5
1304,Shadar,muradin,96,deathknight,frost,6,1,5
1305,Mordekeiser,wyrmrest-accord,96,deathknight,frost,6,1,5
1306,Frostpanda,dalaran,96,deathknight,frost,6,1,5
1307,Denkot,stormrage,96,deathknight,frost,6,1,5
1308,Sakaarr,bleeding-hollow,96,deathknight,frost,6,1,5
1309,Válhállá,ragnaros,96,deathknight,frost,6,1,5
1310,Gooré,ragnaros,96,deathknight,frost,6,1,5
1311,Xninjakiller,korgath,95,deathknight,frost,12,1,11
1312,Agasuko,ghostlands,48,deathknight,frost,3,1,2
1313,Villåin,hyjal,42,deathknight,frost,9,2,7
1314,Twindleroot,aggramar,31,deathknight,frost,2,1,1
1315,Sharnathos,stormrage,16,deathknight,frost,1,1,0
1316,Jerric,skullcrusher,16,deathknight,frost,7,1,6
1317,Xiaosu,tichondrius,2145,demonhunter,havoc,276,137,139
1318,Ehtend,sargeras,2106,demonhunter,havoc,78,42,36
1319,Insomniaq,sargeras,2102,demonhunter,havoc,115,62,53
1320,Ehtend,malganis,2101,demonhunter,havoc,103,51,52
1321,Demoncouch,malganis,2088,demonhunter,havoc,78,41,37
1322,Nézuko,eldrethalas,2077,demonhunter,havoc,105,57,48
1323,Ordorll,area-52,2060,demonhunter,havoc,108,58,50
1324,Taegos,tichondrius,2027,demonhunter,havoc,311,152,159
1325,Lademon,tichondrius,1997,demonhunter,havoc,84,46,38
1326,Reps,hydraxis,1979,demonhunter,havoc,114,63,51
1327,Lighost,tichondrius,1975,demonhunter,havoc,240,117,123
1328,Terrorsong,tichondrius,1970,demonhunter,havoc,71,45,26
1329,Lifting,illidan,1960,demonhunter,havoc,84,40,44
1330,Jøsem,ragnaros,1957,demonhunter,havoc,82,43,39
1331,Boos,moon-guard,1946,demonhunter,havoc,82,41,41
1332,Blode,tichondrius,1943,demonhunter,havoc,78,46,32
1333,Xtickles,frostmourne,1937,demonhunter,havoc,148,74,74
1334,Xch,aegwynn,1932,demonhunter,havoc,136,74,62
1335,Felz,illidan,1931,demonhunter,havoc,86,42,44
1336,Cyrøcryphä,quelthalas,1928,demonhunter,havoc,78,39,39
1337,Ìke,quelthalas,1925,demonhunter,havoc,67,35,32
1338,Kohî,sargeras,1924,demonhunter,havoc,53,27,26
1339,Mvpdh,area-52,1914,demonhunter,havoc,65,36,29
1340,Càrnagex,tichondrius,1912,demonhunter,havoc,132,68,64
1341,Cromega,malganis,1906,demonhunter,havoc,108,50,58
1342,Lemilion,wyrmrest-accord,1903,demonhunter,havoc,53,27,26
1343,Solit,illidan,1901,demonhunter,havoc,66,33,33
1344,Winsforgold,area-52,1899,demonhunter,havoc,54,32,22
1345,Ouru,area-52,1896,demonhunter,havoc,96,48,48
1346,Seorae,tichondrius,1892,demonhunter,havoc,54,32,22
1347,Medrathis,wyrmrest-accord,1891,demonhunter,havoc,42,26,16
1348,Stellitas,ragnaros,1881,demonhunter,havoc,72,38,34
1349,Junma,tichondrius,1874,demonhunter,havoc,84,47,37
1350,Badhábits,sargeras,1873,demonhunter,havoc,36,23,13
1351,Mvqqdh,tichondrius,1872,demonhunter,havoc,42,20,22
1352,Nasadh,tichondrius,1868,demonhunter,havoc,60,30,30
1353,Leothero,area-52,1863,demonhunter,havoc,54,28,26
1354,Azrethec,wyrmrest-accord,1855,demonhunter,havoc,108,62,46
1355,Nb,silvermoon,1853,demonhunter,havoc,59,32,27
1356,Boonchu,frostmourne,1853,demonhunter,havoc,62,31,31
1357,Bippy,durotan,1853,demonhunter,havoc,90,44,46
1358,Dwilk,sargeras,1850,demonhunter,havoc,102,46,56
1359,Mizaru,moon-guard,1849,demonhunter,havoc,35,24,11
1360,Doejah,stormrage,1838,demonhunter,havoc,50,28,22
1361,Asdazanis,nemesis,1838,demonhunter,havoc,56,30,26
1362,Andthrx,area-52,1837,demonhunter,havoc,125,64,61
1363,Ökìtycoón,proudmoore,1833,demonhunter,havoc,78,45,33
1364,Calpoot,stormscale,1831,demonhunter,havoc,41,23,18
1365,Raiinier,sargeras,1830,demonhunter,havoc,72,45,27
1366,Divide,tichondrius,1830,demonhunter,havoc,106,58,48
1367,Maverzz,area-52,1828,demonhunter,havoc,35,20,15
1368,Takagi,kirin-tor,1828,demonhunter,havoc,221,120,101
1369,Mevadow,bleeding-hollow,1827,demonhunter,havoc,96,44,52
1370,Migey,thrall,1825,demonhunter,havoc,112,65,47
1371,Vanarion,area-52,1825,demonhunter,havoc,84,36,48
1372,Beerdash,area-52,1825,demonhunter,havoc,66,28,38
1373,Dhcn,tichondrius,1823,demonhunter,havoc,35,20,15
1374,Darkrai,area-52,1823,demonhunter,havoc,132,73,59
1375,Potspoon,tichondrius,1822,demonhunter,havoc,114,59,55
1376,Monfel,dalaran,1821,demonhunter,havoc,84,54,30
1377,Gesture,malganis,1820,demonhunter,havoc,112,72,40
1378,Karonisam,dalaran,1820,demonhunter,havoc,61,32,29
1379,ßöb,aggramar,1820,demonhunter,havoc,48,22,26
1380,Rosinanta,malygos,1818,demonhunter,havoc,86,46,40
1381,Axalark,nemesis,1817,demonhunter,havoc,42,23,19
1382,Busting,tichondrius,1814,demonhunter,havoc,42,20,22
1383,Rufio,nesingwary,1813,demonhunter,havoc,54,25,29
1384,Eldiablaso,malganis,1812,demonhunter,havoc,36,19,17
1385,Lucifèr,uther,1812,demonhunter,havoc,59,28,31
1386,Failtimeboat,terenas,1811,demonhunter,havoc,56,32,24
1387,Joshallen,malganis,1811,demonhunter,havoc,90,46,44
1388,Tømåtøgøðx,sargeras,1811,demonhunter,havoc,138,69,69
1389,Tyskeram,bleeding-hollow,1810,demonhunter,havoc,81,47,34
1390,Griphunt,tichondrius,1810,demonhunter,havoc,112,59,53
1391,Feldarath,sargeras,1807,demonhunter,havoc,133,76,57
1392,Bitcoingodx,tichondrius,1804,demonhunter,havoc,78,47,31
1393,Fruitbatx,tichondrius,1802,demonhunter,havoc,90,44,46
1394,Dewk,ghostlands,1801,demonhunter,havoc,57,29,28
1395,Thânatøs,nemesis,1801,demonhunter,havoc,69,35,34
1396,Icecokelime,black-dragonflight,1800,demonhunter,havoc,38,20,18
1397,Deathbladezx,tichondrius,1800,demonhunter,havoc,47,23,24
1398,Ruffolina,azralon,1799,demonhunter,havoc,145,83,62
1399,Donaldjr,area-52,1798,demonhunter,havoc,69,42,27
1400,Nuktukdh,moon-guard,1791,demonhunter,havoc,68,30,38
1401,Ystkz,tichondrius,1790,demonhunter,havoc,69,36,33
1402,Bigbadmad,stormrage,1785,demonhunter,havoc,96,48,48
1403,Oddblindguy,area-52,1777,demonhunter,havoc,30,22,8
1404,Helenquinn,kelthuzad,1773,demonhunter,havoc,60,39,21
1405,Brotherz,tichondrius,1771,demonhunter,havoc,83,39,44
1406,Stellartv,tichondrius,1765,demonhunter,havoc,68,33,35
1407,Crittic,thrall,1764,demonhunter,havoc,54,25,29
1408,Garbage,illidan,1762,demonhunter,havoc,72,36,36
1409,Skyez,moon-guard,1757,demonhunter,havoc,97,43,54
1410,Sadgirlx,area-52,1756,demonhunter,havoc,54,28,26
1411,Kázeshini,frostmourne,1756,demonhunter,havoc,125,60,65
1412,Raahjxz,sargeras,1753,demonhunter,havoc,48,32,16
1413,Zoenin,illidan,1747,demonhunter,havoc,60,26,34
1414,Immortalsinz,dalaran,1747,demonhunter,havoc,112,48,64
1415,Noobstaa,area-52,1745,demonhunter,havoc,48,34,14
1416,Ðavid,firetree,1745,demonhunter,havoc,96,48,48
1417,Lazydeamon,frostmourne,1740,demonhunter,havoc,60,26,34
1418,Zatharas,stormrage,1738,demonhunter,havoc,86,44,42
1419,Devotio,emerald-dream,1737,demonhunter,havoc,54,33,21
1420,Furious,tichondrius,1737,demonhunter,havoc,48,23,25
1421,Hoochee,lightnings-blade,1735,demonhunter,havoc,73,39,34
1422,Firstsol,stormrage,1734,demonhunter,havoc,54,33,21
1423,Harríson,tichondrius,1734,demonhunter,havoc,96,47,49
1424,Wildh,stormrage,1732,demonhunter,havoc,60,33,27
1425,Wickbeams,barthilas,1731,demonhunter,havoc,47,25,22
1426,Thundiir,area-52,1726,demonhunter,havoc,51,26,25
1427,Ahsref,stormrage,1726,demonhunter,havoc,48,24,24
1428,Netherbane,azgalor,1723,demonhunter,havoc,42,22,20
1429,Xcf,area-52,1722,demonhunter,havoc,36,18,18
1430,Zetara,malganis,1718,demonhunter,havoc,24,18,6
1431,Ubetterun,azralon,1718,demonhunter,havoc,99,52,47
1432,Çhan,tichondrius,1717,demonhunter,havoc,153,79,74
1433,Theprodigy,malganis,1715,demonhunter,havoc,48,25,23
1434,Dayvenie,area-52,1714,demonhunter,havoc,77,40,37
1435,Thehonor,tichondrius,1713,demonhunter,havoc,65,36,29
1436,Airmax,tichondrius,1713,demonhunter,havoc,48,23,25
1437,Dawgzo,thunderhorn,1711,demonhunter,havoc,48,29,19
1438,Aetheris,bleeding-hollow,1709,demonhunter,havoc,78,34,44
1439,Demabrak,azralon,1707,demonhunter,havoc,47,23,24
1440,Xeylin,sargeras,1703,demonhunter,havoc,54,34,20
1441,Gamernation,area-52,1703,demonhunter,havoc,57,29,28
1442,Nopohunter,burning-blade,1699,demonhunter,havoc,47,31,16
1443,Junmà,tichondrius,1699,demonhunter,havoc,60,38,22
1444,Anihilum,zuljin,1699,demonhunter,havoc,54,34,20
1445,Remh,bleeding-hollow,1696,demonhunter,havoc,194,99,95
1446,Chiesa,sargeras,1695,demonhunter,havoc,34,27,7
1447,Tendiës,tichondrius,1695,demonhunter,havoc,44,23,21
1448,Flyudzhin,azgalor,1695,demonhunter,havoc,104,51,53
1449,Jcosta,tichondrius,1692,demonhunter,havoc,43,20,23
1450,Munyanyô,moon-guard,1691,demonhunter,havoc,41,26,15
1451,Tubaki,tichondrius,1691,demonhunter,havoc,35,19,16
1452,Speedh,area-52,1691,demonhunter,havoc,36,18,18
1453,Deaforalive,malganis,1690,demonhunter,havoc,96,54,42
1454,Cöcainë,stormrage,1689,demonhunter,havoc,36,24,12
1455,Deathlex,sargeras,1688,demonhunter,havoc,48,26,22
1456,Sicknizzle,area-52,1679,demonhunter,havoc,60,32,28
1457,Rôsè,tichondrius,1675,demonhunter,havoc,52,30,22
1458,Kìed,kiljaeden,1675,demonhunter,havoc,36,18,18
1459,Hogmandh,illidan,1675,demonhunter,havoc,42,20,22
1460,Buddyyguy,illidan,1675,demonhunter,havoc,102,45,57
1461,Folkmagic,proudmoore,1673,demonhunter,havoc,30,18,12
1462,Glaivediggar,barthilas,1672,demonhunter,havoc,76,34,42
1463,Bloodhunter,exodar,1668,demonhunter,havoc,92,53,39
1464,Lilise,kiljaeden,1665,demonhunter,havoc,51,25,26
1465,Azinoht,ragnaros,1664,demonhunter,havoc,90,42,48
1466,Boagz,area-52,1660,demonhunter,havoc,84,48,36
1467,Vapegodxqt,aegwynn,1660,demonhunter,havoc,45,23,22
1468,Nolabb,tichondrius,1659,demonhunter,havoc,72,38,34
1469,Nadlli,bleeding-hollow,1659,demonhunter,havoc,67,32,35
1470,Demonfarter,tichondrius,1658,demonhunter,havoc,86,47,39
1471,Ilìdarì,zuljin,1657,demonhunter,havoc,33,20,13
1472,Ethhunter,proudmoore,1656,demonhunter,havoc,66,31,35
1473,Scylus,tichondrius,1655,demonhunter,havoc,42,27,15
1474,Sáìto,arthas,1654,demonhunter,havoc,30,19,11
1475,Azexion,malganis,1653,demonhunter,havoc,70,34,36
1476,Ðaredevil,azralon,1650,demonhunter,havoc,36,22,14
1477,Chîsäki,quelthalas,1649,demonhunter,havoc,75,40,35
1478,Sarynrae,malganis,1647,demonhunter,havoc,40,21,19
1479,Asheng,cairne,1646,demonhunter,havoc,45,22,23
1480,Xanthalos,wyrmrest-accord,1646,demonhunter,havoc,102,48,54
1481,Tichóndrius,tichondrius,1643,demonhunter,havoc,83,47,36
1482,Karmakula,tichondrius,1642,demonhunter,havoc,65,34,31
1483,Biognosis,ragnaros,1642,demonhunter,havoc,66,28,38
1484,Sivà,tichondrius,1640,demonhunter,havoc,66,35,31
1485,Bitskii,kelthuzad,1640,demonhunter,havoc,41,19,22
1486,Vândel,kelthuzad,1639,demonhunter,havoc,47,22,25
1487,Khaõs,tichondrius,1636,demonhunter,havoc,78,34,44
1488,Needlepoint,illidan,1635,demonhunter,havoc,35,22,13
1489,Dyllen,tichondrius,1635,demonhunter,havoc,51,30,21
1490,Synthwäve,area-52,1634,demonhunter,havoc,36,23,13
1491,Joric,dalaran,1634,demonhunter,havoc,48,30,18
1492,Demoncastx,tichondrius,1632,demonhunter,havoc,83,47,36
1493,Accidcleaves,sargeras,1632,demonhunter,havoc,48,26,22
1494,Seraphïel,khaz-modan,1631,demonhunter,havoc,36,23,13
1495,Mvqdh,illidan,1630,demonhunter,havoc,30,17,13
1496,Smqkepvrpp,zuljin,1629,demonhunter,havoc,34,22,12
1497,Cezkia,hyjal,1629,demonhunter,havoc,72,36,36
1498,Stefdh,tichondrius,1627,demonhunter,havoc,51,23,28
1499,Cuper,tichondrius,1623,demonhunter,havoc,72,41,31
1500,Randomdh,zuljin,1623,demonhunter,havoc,40,21,19
1501,Zeroheaven,stormrage,1621,demonhunter,havoc,48,19,29
1502,Hehehaha,wyrmrest-accord,1620,demonhunter,havoc,30,20,10
1503,Warlasher,zuljin,1615,demonhunter,havoc,114,60,54
1504,Dingowango,illidan,1615,demonhunter,havoc,42,19,23
1505,Bbteaa,frostmourne,1614,demonhunter,havoc,74,36,38
1506,Taszyn,blackrock,1613,demonhunter,havoc,92,51,41
1507,Sypï,malganis,1613,demonhunter,havoc,36,17,19
1508,Anathørn,ragnaros,1612,demonhunter,havoc,42,23,19
1509,Dammitbôbby,tichondrius,1609,demonhunter,havoc,103,58,45
1510,Crixxus,zuljin,1609,demonhunter,havoc,48,20,28
1511,Yiptaw,area-52,1608,demonhunter,havoc,55,29,26
1512,Ferano,frostmourne,1606,demonhunter,havoc,108,50,58
1513,Mavrush,malganis,1604,demonhunter,havoc,54,31,23
1514,Nándÿ,tichondrius,1603,demonhunter,havoc,39,23,16
1515,Tendies,tichondrius,1603,demonhunter,havoc,36,19,17
1516,Ptsdh,bloodhoof,1602,demonhunter,havoc,44,25,19
1517,Shale,gilneas,1602,demonhunter,havoc,70,35,35
1518,Phaintx,tichondrius,1602,demonhunter,havoc,36,18,18
1519,Ariodh,area-52,1602,demonhunter,havoc,36,17,19
1520,Syrio,frostmourne,1601,demonhunter,havoc,101,54,47
1521,Gjoat,tichondrius,1600,demonhunter,havoc,42,19,23
1522,Tenthslayer,frostmourne,1598,demonhunter,havoc,30,17,13
1523,Rekttx,area-52,1596,demonhunter,havoc,36,21,15
1524,Vendeem,moonrunner,1594,demonhunter,havoc,62,32,30
1525,Fellhamer,malganis,1594,demonhunter,havoc,39,18,21
1526,Sikarnix,stormrage,1591,demonhunter,havoc,42,17,25
1527,Reito,ragnaros,1589,demonhunter,havoc,53,29,24
1528,Progenji,azralon,1585,demonhunter,havoc,36,21,15
1529,ßlurr,moon-guard,1582,demonhunter,havoc,80,46,34
1530,Jk,dreadmaul,1581,demonhunter,havoc,64,36,28
1531,Oshinoko,area-52,1581,demonhunter,havoc,51,26,25
1532,Supadupä,stormrage,1580,demonhunter,havoc,30,17,13
1533,Kaelclaira,dalvengyr,1580,demonhunter,havoc,60,29,31
1534,Jaybeezy,balnazzar,1580,demonhunter,havoc,42,18,24
1535,Mcspicyy,tichondrius,1578,demonhunter,havoc,42,22,20
1536,Corngodx,sargeras,1578,demonhunter,havoc,96,47,49
1537,Ironsightsdh,dalaran,1577,demonhunter,havoc,35,19,16
1538,Abigëil,quelthalas,1575,demonhunter,havoc,44,24,20
1539,Mamif,korgath,1575,demonhunter,havoc,56,29,27
1540,Kaedri,burning-blade,1575,demonhunter,havoc,80,37,43
1541,Wsickformula,gilneas,1574,demonhunter,havoc,86,49,37
1542,Perspirant,malganis,1571,demonhunter,havoc,35,19,16
1543,Askvivian,sargeras,1569,demonhunter,havoc,37,21,16
1544,Baalböski,tichondrius,1567,demonhunter,havoc,46,20,26
1545,Kssmee,korgath,1565,demonhunter,havoc,42,23,19
1546,Vynthar,wyrmrest-accord,1565,demonhunter,havoc,124,59,65
1547,Sheepone,tichondrius,1564,demonhunter,havoc,24,19,5
1548,Daymanhunter,bleeding-hollow,1562,demonhunter,havoc,53,26,27
1549,Darkrasta,ragnaros,1562,demonhunter,havoc,78,34,44
1550,Enfirok,duskwood,1560,demonhunter,havoc,125,67,58
1551,Dèmonhuntèr,tichondrius,1555,demonhunter,havoc,66,34,32
1552,Gorillidan,kelthuzad,1553,demonhunter,havoc,30,18,12
1553,Yqpro,tichondrius,1549,demonhunter,havoc,119,62,57
1554,Cäldo,tichondrius,1537,demonhunter,havoc,36,21,15
1555,Xday,tichondrius,1536,demonhunter,havoc,141,70,71
1556,Scoplyn,malfurion,1535,demonhunter,havoc,60,30,30
1557,Thêdràïñgáñg,jubeithos,1530,demonhunter,havoc,30,16,14
1558,Landorus,barthilas,1530,demonhunter,havoc,65,29,36
1559,Emopidgeon,dalaran,1525,demonhunter,havoc,30,16,14
1560,Mattdizzle,illidan,1524,demonhunter,havoc,24,17,7
1561,Iim,tichondrius,1522,demonhunter,havoc,53,22,31
1562,Knuckifubuck,frostwolf,1521,demonhunter,havoc,76,41,35
1563,Ossivil,ragnaros,1516,demonhunter,havoc,72,30,42
1564,Brútalgore,area-52,1515,demonhunter,havoc,74,39,35
1565,Dadoftheyear,destromath,1514,demonhunter,havoc,30,18,12
1566,Deadpixellz,illidan,1511,demonhunter,havoc,76,39,37
1567,Obsidians,korgath,1508,demonhunter,havoc,25,17,8
1568,Crayoz,tichondrius,1502,demonhunter,havoc,71,42,29
1569,Jaysavage,eitrigg,1488,demonhunter,havoc,51,27,24
1570,Varthalos,thrall,1485,demonhunter,havoc,60,38,22
1571,Demontrue,tichondrius,1483,demonhunter,havoc,56,29,27
1572,Dhyzz,proudmoore,1479,demonhunter,havoc,36,18,18
1573,Feelmybush,barthilas,1478,demonhunter,havoc,60,24,36
1574,Shyisback,area-52,1477,demonhunter,havoc,78,41,37
1575,Gubydal,frostmourne,1473,demonhunter,havoc,29,16,13
1576,Nooksuh,bleeding-hollow,1473,demonhunter,havoc,29,16,13
1577,Falachio,tichondrius,1472,demonhunter,havoc,31,19,12
1578,Zackfair,burning-legion,1470,demonhunter,havoc,81,42,39
1579,Kegu,stormrage,1469,demonhunter,havoc,54,20,34
1580,Gomesdhunter,azralon,1466,demonhunter,havoc,88,47,41
1581,Mazakein,tichondrius,1462,demonhunter,havoc,30,16,14
1582,Gohamx,illidan,1462,demonhunter,havoc,92,45,47
1583,Eery,tichondrius,1461,demonhunter,havoc,71,35,36
1584,Hellnkeller,tichondrius,1459,demonhunter,havoc,36,16,20
1585,Somethingstu,sargeras,1458,demonhunter,havoc,28,18,10
1586,Darknezzl,ragnaros,1457,demonhunter,havoc,75,33,42
1587,Felseal,frostmourne,1456,demonhunter,havoc,53,34,19
1588,Coohiyan,tichondrius,1455,demonhunter,havoc,30,18,12
1589,Alli,bleeding-hollow,1454,demonhunter,havoc,49,28,21
1590,Aiapaec,wyrmrest-accord,1454,demonhunter,havoc,101,50,51
1591,Sciatic,area-52,1454,demonhunter,havoc,68,33,35
1592,Grizzop,sargeras,1453,demonhunter,havoc,60,31,29
1593,Eyecandyxo,grizzly-hills,1452,demonhunter,havoc,37,20,17
1594,Órph,sargeras,1452,demonhunter,havoc,42,22,20
1595,Wangasaurus,emerald-dream,1452,demonhunter,havoc,54,26,28
1596,Bucx,barthilas,1445,demonhunter,havoc,60,36,24
1597,Nicodine,tichondrius,1445,demonhunter,havoc,57,31,26
1598,Macacøbrr,azralon,1445,demonhunter,havoc,47,21,26
1599,Faphunter,illidan,1441,demonhunter,havoc,87,50,37
1600,Ilydos,emerald-dream,1441,demonhunter,havoc,60,29,31
1601,Henry,tichondrius,1439,demonhunter,havoc,51,31,20
1602,Molchamp,kelthuzad,1438,demonhunter,havoc,60,27,33
1603,Lravanal,quelthalas,1435,demonhunter,havoc,24,17,7
1604,Fametrap,tichondrius,1435,demonhunter,havoc,24,15,9
1605,Soyboycuck,emerald-dream,1435,demonhunter,havoc,30,15,15
1606,Demonicfish,malganis,1432,demonhunter,havoc,36,23,13
1607,Tharzadan,quelthalas,1431,demonhunter,havoc,33,19,14
1608,Dridri,quelthalas,1430,demonhunter,havoc,44,21,23
1609,Mybus,tichondrius,1429,demonhunter,havoc,72,32,40
1610,Vlääd,ragnaros,1425,demonhunter,havoc,83,38,45
1611,Yåkuza,daggerspine,1422,demonhunter,havoc,60,27,33
1612,Irisand,ragnaros,1422,demonhunter,havoc,36,15,21
1613,Moylecrumbs,stormrage,1420,demonhunter,havoc,72,35,37
1614,Valka,emerald-dream,1417,demonhunter,havoc,88,47,41
1615,Bremdh,thrall,1413,demonhunter,havoc,30,15,15
1616,Genruis,area-52,1410,demonhunter,havoc,61,30,31
1617,Softkyll,area-52,1404,demonhunter,havoc,253,133,120
1618,Ergzydh,frostmourne,1404,demonhunter,havoc,66,29,37
1619,Nekrosdaeva,zuljin,1402,demonhunter,havoc,37,19,18
1620,Radamanthysi,azralon,1401,demonhunter,havoc,54,34,20
1621,Exequion,ragnaros,1401,demonhunter,havoc,51,31,20
1622,Yodiegang,nazgrel,1400,demonhunter,havoc,24,15,9
1623,Nolights,area-52,1399,demonhunter,havoc,74,32,42
1624,Tychondrius,earthen-ring,1398,demonhunter,havoc,83,39,44
1625,Skace,jubeithos,1397,demonhunter,havoc,102,56,46
1626,Torments,area-52,1397,demonhunter,havoc,30,15,15
1627,Alganoth,malfurion,1396,demonhunter,havoc,54,30,24
1628,Miroir,silvermoon,1390,demonhunter,havoc,87,43,44
1629,Saaldh,zuljin,1389,demonhunter,havoc,29,15,14
1630,Ranir,doomhammer,1384,demonhunter,havoc,54,23,31
1631,Lostsoulzz,tichondrius,1383,demonhunter,havoc,45,28,17
1632,Chromatïc,jubeithos,1382,demonhunter,havoc,54,23,31
1633,Onewhoknox,mannoroth,1375,demonhunter,havoc,36,20,16
1634,Petty,moon-guard,1371,demonhunter,havoc,48,28,20
1635,Gaìjîn,barthilas,1370,demonhunter,havoc,54,28,26
1636,Kazdh,sargeras,1367,demonhunter,havoc,48,25,23
1637,Jellous,rivendare,1366,demonhunter,havoc,42,17,25
1638,Furiel,quelthalas,1364,demonhunter,havoc,33,17,16
1639,Methany,saurfang,1364,demonhunter,havoc,57,24,33
1640,Kakster,tichondrius,1362,demonhunter,havoc,54,29,25
1641,Ronkasprince,thunderlord,1361,demonhunter,havoc,92,41,51
1642,Gittgudd,area-52,1359,demonhunter,havoc,22,15,7
1643,Kúrama,tichondrius,1358,demonhunter,havoc,60,36,24
1644,Inkubuz,sargeras,1356,demonhunter,havoc,102,53,49
1645,Gwendanzig,zangarmarsh,1355,demonhunter,havoc,60,28,32
1646,Hornedelf,frostmourne,1353,demonhunter,havoc,35,19,16
1647,Metagoblin,tichondrius,1352,demonhunter,havoc,30,15,15
1648,Sacredtree,tichondrius,1350,demonhunter,havoc,26,15,11
1649,Krizo,frostmourne,1346,demonhunter,havoc,36,18,18
1650,Vegan,magtheridon,1345,demonhunter,havoc,24,16,8
1651,Exzyo,area-52,1344,demonhunter,havoc,18,14,4
1652,Rem,stormrage,1344,demonhunter,havoc,69,37,32
1653,Kaelidan,kelthuzad,1342,demonhunter,havoc,83,45,38
1654,Theflurry,tichondrius,1342,demonhunter,havoc,36,14,22
1655,Thêpunisher,ragnaros,1339,demonhunter,havoc,112,56,56
1656,Malviciouss,tichondrius,1339,demonhunter,havoc,42,19,23
1657,Illusiondh,tichondrius,1338,demonhunter,havoc,41,27,14
1658,Dealer,frostmourne,1338,demonhunter,havoc,24,14,10
1659,Rânkle,darkspear,1338,demonhunter,havoc,44,23,21
1660,Silvs,illidan,1336,demonhunter,havoc,178,100,78
1661,Layli,azralon,1332,demonhunter,havoc,36,21,15
1662,Violegrace,area-52,1332,demonhunter,havoc,83,38,45
1663,Ikilldemonz,thrall,1331,demonhunter,havoc,24,14,10
1664,Duhan,tichondrius,1330,demonhunter,havoc,96,51,45
1665,Kalmor,barthilas,1327,demonhunter,havoc,45,20,25
1666,Loreney,quelthalas,1327,demonhunter,havoc,90,37,53
1667,Xillidan,area-52,1326,demonhunter,havoc,72,46,26
1668,Elevateztko,stormrage,1326,demonhunter,havoc,36,16,20
1669,Ralløszek,illidan,1325,demonhunter,havoc,24,14,10
1670,Dejay,thunderhorn,1323,demonhunter,havoc,24,16,8
1671,Kuramou,area-52,1322,demonhunter,havoc,24,14,10
1672,Villumninati,tichondrius,1322,demonhunter,havoc,42,22,20
1673,Gigavlad,area-52,1317,demonhunter,havoc,30,14,16
1674,Thechaz,bleeding-hollow,1316,demonhunter,havoc,48,32,16
1675,Nepzz,stormrage,1315,demonhunter,havoc,36,18,18
1676,Litzilla,thrall,1315,demonhunter,havoc,42,20,22
1677,Ovèrrated,area-52,1315,demonhunter,havoc,70,32,38
1678,Bjj,bonechewer,1314,demonhunter,havoc,52,29,23
1679,Sicklyslick,frostmourne,1313,demonhunter,havoc,25,15,10
1680,Sillyslayadk,moon-guard,1309,demonhunter,havoc,112,63,49
1681,Alaron,wildhammer,1301,demonhunter,havoc,75,41,34
1682,Yønkou,stormrage,1300,demonhunter,havoc,96,47,49
1683,Belial,haomarush,1299,demonhunter,havoc,54,28,26
1684,Rizzaarrdd,tichondrius,1296,demonhunter,havoc,104,53,51
1685,Revvup,tichondrius,1294,demonhunter,havoc,71,33,38
1686,Johnconnor,tichondrius,1292,demonhunter,havoc,41,14,27
1687,Draenkz,ragnaros,1287,demonhunter,havoc,46,15,31
1688,Swoffordsr,tichondrius,1283,demonhunter,havoc,36,17,19
1689,Kereses,bonechewer,1282,demonhunter,havoc,36,21,15
1690,Roughins,chogall,1278,demonhunter,havoc,51,28,23
1691,Telrindyl,moon-guard,1269,demonhunter,havoc,69,40,29
1692,Whataboutbob,korgath,1268,demonhunter,havoc,36,14,22
1693,Mortiria,dalaran,1267,demonhunter,havoc,42,18,24
1694,Tattedandfab,stormrage,1265,demonhunter,havoc,102,44,58
1695,Diversityabc,bleeding-hollow,1262,demonhunter,havoc,66,27,39
1696,Powertaco,tichondrius,1259,demonhunter,havoc,60,26,34
1697,Eullz,skullcrusher,1257,demonhunter,havoc,31,14,17
1698,Xà,sargeras,1256,demonhunter,havoc,36,14,22
1699,Ilovenina,sargeras,1247,demonhunter,havoc,24,13,11
1700,Wowcoldcold,barthilas,1247,demonhunter,havoc,24,13,11
1701,Gènji,tichondrius,1246,demonhunter,havoc,24,13,11
1702,Madepp,tichondrius,1246,demonhunter,havoc,30,13,17
1703,Onlypain,korgath,1246,demonhunter,havoc,36,15,21
1704,Deathsweep,tichondrius,1244,demonhunter,havoc,24,13,11
1705,Alizqt,ragnaros,1244,demonhunter,havoc,24,13,11
1706,Baejuhyun,kiljaeden,1243,demonhunter,havoc,24,16,8
1707,Pythongodx,azralon,1243,demonhunter,havoc,24,13,11
1708,Nichousha,tichondrius,1243,demonhunter,havoc,24,13,11
1709,Skilla,frostmourne,1242,demonhunter,havoc,70,34,36
1710,Halftruth,stormrage,1242,demonhunter,havoc,34,15,19
1711,Decoi,tichondrius,1241,demonhunter,havoc,24,13,11
1712,Dashxo,tichondrius,1240,demonhunter,havoc,24,13,11
1713,Xein,khazgoroth,1240,demonhunter,havoc,54,21,33
1714,Tydriedian,dalaran,1239,demonhunter,havoc,18,13,5
1715,Narandra,malganis,1239,demonhunter,havoc,36,13,23
1716,Scriptyscrip,dark-iron,1238,demonhunter,havoc,42,13,29
1717,Alast,emerald-dream,1237,demonhunter,havoc,30,13,17
1718,Zétta,area-52,1236,demonhunter,havoc,24,13,11
1719,Sikäria,malganis,1229,demonhunter,havoc,24,13,11
1720,Demonbane,moon-guard,1227,demonhunter,havoc,42,21,21
1721,Creamboi,stormrage,1226,demonhunter,havoc,24,13,11
1722,Tyredris,kelthuzad,1226,demonhunter,havoc,24,13,11
1723,Hawkowicz,tichondrius,1226,demonhunter,havoc,139,67,72
1724,Tezrian,earthen-ring,1221,demonhunter,havoc,24,13,11
1725,Mårth,caelestrasz,1219,demonhunter,havoc,42,21,21
1726,Devwillhuntu,barthilas,1216,demonhunter,havoc,80,42,38
1727,Pilyn,ragnaros,1215,demonhunter,havoc,48,23,25
1728,Soulsteall,tichondrius,1213,demonhunter,havoc,24,14,10
1729,Tekkamanevil,tichondrius,1212,demonhunter,havoc,144,67,77
1730,Keelin,ragnaros,1212,demonhunter,havoc,28,13,15
1731,Eraticdh,illidan,1211,demonhunter,havoc,30,13,17
1732,Bzrp,stormrage,1210,demonhunter,havoc,40,23,17
1733,Spicywings,arthas,1209,demonhunter,havoc,42,18,24
1734,Nomfries,malganis,1205,demonhunter,havoc,28,13,15
1735,Raradane,illidan,1203,demonhunter,havoc,18,13,5
1736,Superbug,quelthalas,1201,demonhunter,havoc,36,16,20
1737,Hellspawnn,malganis,1200,demonhunter,havoc,44,24,20
1738,Etherëäl,stormrage,1194,demonhunter,havoc,53,32,21
1739,Fellight,bonechewer,1193,demonhunter,havoc,42,27,15
1740,Lory,eldrethalas,1192,demonhunter,havoc,30,18,12
1741,Ixix,proudmoore,1192,demonhunter,havoc,62,30,32
1742,Mavèrick,thrall,1188,demonhunter,havoc,27,13,14
1743,Erazuz,stormrage,1188,demonhunter,havoc,30,13,17
1744,Cyberpsycho,illidan,1184,demonhunter,havoc,30,14,16
1745,Sleepyjobe,sargeras,1183,demonhunter,havoc,16,13,3
1746,Zématador,azralon,1183,demonhunter,havoc,72,37,35
1747,Fenomeno,tichondrius,1182,demonhunter,havoc,28,13,15
1748,Thedaz,frostmourne,1180,demonhunter,havoc,131,60,71
1749,Tyrelara,durotan,1179,demonhunter,havoc,23,13,10
1750,Glayve,emerald-dream,1178,demonhunter,havoc,85,41,44
1751,Revean,darkspear,1176,demonhunter,havoc,42,22,20
1752,Emeress,illidan,1174,demonhunter,havoc,29,13,16
1753,Buzzmezaddy,bleeding-hollow,1170,demonhunter,havoc,63,28,35
1754,Blazed,thrall,1164,demonhunter,havoc,94,46,48
1755,Zoruv,quelthalas,1160,demonhunter,havoc,27,14,13
1756,Xragii,kelthuzad,1152,demonhunter,havoc,24,12,12
1757,Frostchaos,ragnaros,1151,demonhunter,havoc,18,12,6
1758,Kioka,khaz-modan,1151,demonhunter,havoc,18,12,6
1759,Wompo,wyrmrest-accord,1151,demonhunter,havoc,24,12,12
1760,Nixsa,area-52,1151,demonhunter,havoc,55,25,30
1761,Orgasmia,tichondrius,1151,demonhunter,havoc,46,13,33
1762,Fasnk,tichondrius,1150,demonhunter,havoc,24,12,12
1763,Kenmu,ragnaros,1150,demonhunter,havoc,24,12,12
1764,Qixoni,emerald-dream,1150,demonhunter,havoc,30,12,18
1765,Flirtyscythe,illidan,1149,demonhunter,havoc,24,12,12
1766,Asmoday,warsong,1147,demonhunter,havoc,75,42,33
1767,Littlewolfie,illidan,1146,demonhunter,havoc,24,12,12
1768,Kaelthys,nordrassil,1145,demonhunter,havoc,18,12,6
1769,Skinnrd,malganis,1142,demonhunter,havoc,24,12,12
1770,Vandeste,tichondrius,1142,demonhunter,havoc,30,12,18
1771,Kagraxxis,stormrage,1141,demonhunter,havoc,21,13,8
1772,Torophz,azralon,1139,demonhunter,havoc,30,12,18
1773,Pupupoo,tichondrius,1138,demonhunter,havoc,18,12,6
1774,Gouge,hakkar,1138,demonhunter,havoc,37,20,17
1775,Elidani,area-52,1138,demonhunter,havoc,30,12,18
1776,Endyr,area-52,1136,demonhunter,havoc,25,12,13
1777,Wormli,moon-guard,1133,demonhunter,havoc,24,12,12
1778,Zévron,area-52,1132,demonhunter,havoc,24,12,12
1779,Dyingslow,stormrage,1131,demonhunter,havoc,30,12,18
1780,Aeonys,stormrage,1130,demonhunter,havoc,18,12,6
1781,Ozark,barthilas,1129,demonhunter,havoc,42,25,17
1782,Siicknote,frostmourne,1127,demonhunter,havoc,23,12,11
1783,Ibeatrix,malorne,1124,demonhunter,havoc,24,18,6
1784,Attritionx,sargeras,1118,demonhunter,havoc,23,13,10
1785,Drachyn,darkspear,1118,demonhunter,havoc,29,12,17
1786,Lilliåna,kiljaeden,1115,demonhunter,havoc,50,22,28
1787,Ghostzface,sargeras,1114,demonhunter,havoc,36,21,15
1788,Imjustbad,malganis,1095,demonhunter,havoc,30,18,12
1789,Jennesis,tichondrius,1092,demonhunter,havoc,54,23,31
1790,Spamsamich,stormscale,1087,demonhunter,havoc,47,26,21
1791,Kelmar,stormreaver,1084,demonhunter,havoc,32,12,20
1792,Talyethsam,shadowsong,1077,demonhunter,havoc,26,12,14
1793,Bhuppz,frostmourne,1076,demonhunter,havoc,22,12,10
1794,Misfortune,bloodscalp,1076,demonhunter,havoc,36,15,21
1795,Dirtyvitus,gorefiend,1072,demonhunter,havoc,36,24,12
1796,Esomet,stormrage,1070,demonhunter,havoc,27,15,12
1797,Swarlee,kiljaeden,1068,demonhunter,havoc,53,25,28
1798,Faalleen,quelthalas,1059,demonhunter,havoc,18,12,6
1799,Syrine,veknilash,1059,demonhunter,havoc,72,41,31
1800,Illadra,fizzcrank,1058,demonhunter,havoc,23,12,11
1801,Mamazboy,area-52,1056,demonhunter,havoc,18,11,7
1802,Deviljane,illidan,1056,demonhunter,havoc,18,11,7
1803,Yaboiswift,stormrage,1056,demonhunter,havoc,24,11,13
1804,Brbpetmycat,zuljin,1056,demonhunter,havoc,24,11,13
1805,Thegoph,bleeding-hollow,1056,demonhunter,havoc,24,11,13
1806,Fëlla,tanaris,1055,demonhunter,havoc,18,11,7
1807,Larandaa,sargeras,1055,demonhunter,havoc,18,11,7
1808,Dãnishroll,illidan,1055,demonhunter,havoc,30,11,19
1809,Thumôss,malganis,1054,demonhunter,havoc,18,11,7
1810,Balancedtoon,tichondrius,1054,demonhunter,havoc,18,11,7
1811,Spicyblades,stormrage,1054,demonhunter,havoc,47,21,26
1812,Mudßutt,malganis,1054,demonhunter,havoc,30,11,19
1813,Häruun,quelthalas,1053,demonhunter,havoc,18,11,7
1814,Pubelice,draenor,1053,demonhunter,havoc,18,11,7
1815,Xavid,bleeding-hollow,1053,demonhunter,havoc,24,11,13
1816,Naelaksa,tichondrius,1051,demonhunter,havoc,24,11,13
1817,Messenoire,area-52,1051,demonhunter,havoc,26,11,15
1818,Mood,stonemaul,1050,demonhunter,havoc,18,11,7
1819,Ønsen,tichondrius,1049,demonhunter,havoc,29,11,18
1820,Vuse,moon-guard,1048,demonhunter,havoc,24,11,13
1821,Creamin,thrall,1047,demonhunter,havoc,18,11,7
1822,Legäult,bleeding-hollow,1047,demonhunter,havoc,33,17,16
1823,Callux,black-dragonflight,1047,demonhunter,havoc,30,11,19
1824,Kellytgt,perenolde,1045,demonhunter,havoc,18,11,7
1825,Demonslaier,dragonblight,1043,demonhunter,havoc,20,12,8
1826,Xanthee,drakkari,1043,demonhunter,havoc,81,41,40
1827,Cherlas,blood-furnace,1042,demonhunter,havoc,24,11,13
1828,Rickinmorty,lightnings-blade,1041,demonhunter,havoc,18,11,7
1829,Mursiless,drenden,1041,demonhunter,havoc,18,11,7
1830,Blinddh,bleeding-hollow,1041,demonhunter,havoc,26,11,15
1831,Dameon,wildhammer,1027,demonhunter,havoc,48,24,24
1832,Chinadh,tichondrius,1022,demonhunter,havoc,23,11,12
1833,Jënesis,illidan,1022,demonhunter,havoc,62,26,36
1834,Demonkratoz,ragnaros,1012,demonhunter,havoc,28,11,17
1835,Eikichi,bleeding-hollow,1009,demonhunter,havoc,54,26,28
1836,Aryapudding,tichondrius,1007,demonhunter,havoc,23,11,12
1837,Demonhunter,kirin-tor,1005,demonhunter,havoc,23,12,11
1838,Seamenhunter,garrosh,1004,demonhunter,havoc,24,12,12
1839,Brunoqt,azralon,1004,demonhunter,havoc,23,11,12
1840,Annabow,moon-guard,993,demonhunter,havoc,48,27,21
1841,Xxann,tichondrius,991,demonhunter,havoc,26,11,15
1842,Churchpls,stormrage,990,demonhunter,havoc,28,11,17
1843,Lüky,malganis,986,demonhunter,havoc,22,11,11
1844,Kitnix,proudmoore,964,demonhunter,havoc,25,11,14
1845,Kslicedevil,dalaran,964,demonhunter,havoc,36,15,21
1846,Felswamp,zuljin,960,demonhunter,havoc,18,10,8
1847,Postodesaúde,azralon,960,demonhunter,havoc,18,10,8
1848,Lancee,zuljin,960,demonhunter,havoc,24,10,14
1849,Ntts,tichondrius,960,demonhunter,havoc,24,10,14
1850,Purplekuush,bleeding-hollow,959,demonhunter,havoc,18,10,8
1851,Velravyn,moon-guard,959,demonhunter,havoc,18,10,8
1852,Nips,lightnings-blade,959,demonhunter,havoc,18,10,8
1853,Valerrias,area-52,959,demonhunter,havoc,18,10,8
1854,Sourapple,barthilas,959,demonhunter,havoc,18,10,8
1855,Apõz,tichondrius,959,demonhunter,havoc,18,10,8
1856,Dirtbag,tichondrius,959,demonhunter,havoc,18,10,8
1857,Sätän,malganis,959,demonhunter,havoc,18,10,8
1858,Hoguriders,tichondrius,959,demonhunter,havoc,24,10,14
1859,Yaety,tichondrius,958,demonhunter,havoc,18,10,8
1860,Planeinsky,malganis,958,demonhunter,havoc,18,10,8
1861,Zunfooki,stormrage,957,demonhunter,havoc,18,10,8
1862,Alwaysin,zuljin,957,demonhunter,havoc,18,10,8
1863,Randôm,kelthuzad,957,demonhunter,havoc,21,11,10
1864,Gilberte,stormrage,957,demonhunter,havoc,24,10,14
1865,Eugenyackle,bleeding-hollow,956,demonhunter,havoc,12,10,2
1866,Valdiran,duskwood,956,demonhunter,havoc,24,10,14
1867,Træt,emerald-dream,955,demonhunter,havoc,24,10,14
1868,Jagidan,area-52,955,demonhunter,havoc,24,10,14
1869,Xibir,amanthul,953,demonhunter,havoc,24,10,14
1870,Larnol,moon-guard,952,demonhunter,havoc,18,10,8
1871,Salomesalvi,proudmoore,951,demonhunter,havoc,18,10,8
1872,Mázoku,shuhalo,951,demonhunter,havoc,20,11,9
1873,Omgshesocute,hyjal,951,demonhunter,havoc,24,10,14
1874,Greent,stormrage,950,demonhunter,havoc,18,10,8
1875,Ghótam,quelthalas,950,demonhunter,havoc,24,10,14
1876,Letzgobrandn,silvermoon,948,demonhunter,havoc,18,10,8
1877,Demonizhe,thrall,944,demonhunter,havoc,43,22,21
1878,Shawnchad,blood-furnace,937,demonhunter,havoc,109,54,55
1879,Evros,tichondrius,933,demonhunter,havoc,21,11,10
1880,Deegsdh,sargeras,932,demonhunter,havoc,27,10,17
1881,Gozer,korialstrasz,929,demonhunter,havoc,36,12,24
1882,Lillidum,azralon,927,demonhunter,havoc,45,21,24
1883,Keeblerself,tichondrius,925,demonhunter,havoc,24,11,13
1884,Imwhack,frostmane,924,demonhunter,havoc,22,10,12
1885,Clorhídrico,quelthalas,918,demonhunter,havoc,42,18,24
1886,Andyhunter,emerald-dream,915,demonhunter,havoc,30,16,14
1887,Troigh,thunderlord,912,demonhunter,havoc,60,29,31
1888,Redkin,moon-guard,908,demonhunter,havoc,17,10,7
1889,Raenorion,kelthuzad,895,demonhunter,havoc,14,10,4
1890,Malthazaan,stormrage,895,demonhunter,havoc,14,10,4
1891,Rissélys,thrall,894,demonhunter,havoc,30,15,15
1892,Vladdtepes,cairne,886,demonhunter,havoc,45,23,22
1893,Mikiller,thrall,880,demonhunter,havoc,37,18,19
1894,Ripchimmii,illidan,880,demonhunter,havoc,25,10,15
1895,Blacktocki,barthilas,878,demonhunter,havoc,22,10,12
1896,Blops,emerald-dream,877,demonhunter,havoc,24,11,13
1897,Faarkyou,barthilas,868,demonhunter,havoc,26,10,16
1898,Ragiixoxo,tichondrius,864,demonhunter,havoc,12,9,3
1899,Pennyx,barthilas,864,demonhunter,havoc,12,9,3
1900,Souliz,tichondrius,864,demonhunter,havoc,12,9,3
1901,Ravevê,area-52,864,demonhunter,havoc,12,9,3
1902,Brackmagik,barthilas,864,demonhunter,havoc,12,9,3
1903,Tarro,whisperwind,864,demonhunter,havoc,18,9,9
1904,Kalikanzar,sargeras,864,demonhunter,havoc,18,9,9
1905,Remuko,tichondrius,864,demonhunter,havoc,18,9,9
1906,Beerbreak,area-52,864,demonhunter,havoc,24,9,15
1907,Giselah,malganis,864,demonhunter,havoc,24,9,15
1908,Ripidan,stormrage,864,demonhunter,havoc,30,9,21
1909,Subieshift,sargeras,863,demonhunter,havoc,15,10,5
1910,Creãtuss,area-52,863,demonhunter,havoc,15,10,5
1911,Rothdh,tichondrius,863,demonhunter,havoc,15,10,5
1912,Orosz,bleeding-hollow,863,demonhunter,havoc,18,9,9
1913,Jpdh,frostmourne,863,demonhunter,havoc,20,9,11
1914,Checkmate,bleeding-hollow,863,demonhunter,havoc,24,9,15
1915,Colinn,illidan,862,demonhunter,havoc,12,9,3
1916,Vida,winterhoof,862,demonhunter,havoc,18,9,9
1917,Hugehogger,boulderfist,862,demonhunter,havoc,18,9,9
1918,Allenqt,azralon,861,demonhunter,havoc,18,9,9
1919,Foxdie,bonechewer,861,demonhunter,havoc,18,9,9
1920,Throniren,stormrage,861,demonhunter,havoc,18,9,9
1921,Hellboss,dalaran,860,demonhunter,havoc,12,9,3
1922,Bodemön,stormrage,860,demonhunter,havoc,18,9,9
1923,Cleår,kelthuzad,859,demonhunter,havoc,18,9,9
1924,Tickelfist,zuljin,859,demonhunter,havoc,24,9,15
1925,Beastbringer,proudmoore,858,demonhunter,havoc,18,9,9
1926,Flyingsky,tichondrius,855,demonhunter,havoc,12,9,3
1927,Adryr,eredar,855,demonhunter,havoc,18,9,9
1928,Aflex,zuljin,855,demonhunter,havoc,18,9,9
1929,Miltonpickle,tichondrius,855,demonhunter,havoc,24,9,15
1930,Dartanyn,tichondrius,853,demonhunter,havoc,24,9,15
1931,Dennfear,skullcrusher,852,demonhunter,havoc,12,9,3
1932,Drackista,stormrage,852,demonhunter,havoc,18,9,9
1933,Hasbeen,tichondrius,847,demonhunter,havoc,15,10,5
1934,Aussiepleb,nagrand,846,demonhunter,havoc,87,37,50
1935,Chronicsmoke,blood-furnace,842,demonhunter,havoc,18,9,9
1936,Wut,nemesis,824,demonhunter,havoc,36,16,20
1937,Zachfortnite,emerald-dream,816,demonhunter,havoc,15,10,5
1938,Antistar,emerald-dream,799,demonhunter,havoc,26,9,17
1939,Gwîlym,area-52,794,demonhunter,havoc,14,9,5
1940,Surkkdh,tichondrius,768,demonhunter,havoc,12,8,4
1941,Behemod,thrall,768,demonhunter,havoc,12,8,4
1942,Çópê,sargeras,768,demonhunter,havoc,12,8,4
1943,Viio,proudmoore,768,demonhunter,havoc,12,8,4
1944,Cegocruel,sargeras,768,demonhunter,havoc,13,8,5
1945,Veilmaya,arthas,768,demonhunter,havoc,18,8,10
1946,Raylêy,tichondrius,768,demonhunter,havoc,18,8,10
1947,Mcgurty,illidan,768,demonhunter,havoc,18,8,10
1948,Hoonjojjyana,tichondrius,768,demonhunter,havoc,18,8,10
1949,Ohanadh,ragnaros,768,demonhunter,havoc,18,8,10
1950,Rlycoolclass,zuljin,768,demonhunter,havoc,18,8,10
1951,Killuaqt,frostmourne,768,demonhunter,havoc,18,8,10
1952,Doomantwo,sargeras,768,demonhunter,havoc,24,8,16
1953,Blackmvp,tichondrius,767,demonhunter,havoc,12,8,4
1954,Xonu,sargeras,767,demonhunter,havoc,12,8,4
1955,Ehrapist,kelthuzad,767,demonhunter,havoc,12,8,4
1956,Sìlençe,illidan,767,demonhunter,havoc,12,8,4
1957,Netherbird,malganis,767,demonhunter,havoc,12,8,4
1958,Anatema,illidan,767,demonhunter,havoc,12,8,4
1959,Hellrazer,area-52,767,demonhunter,havoc,12,8,4
1960,Lethalblows,darkspear,767,demonhunter,havoc,15,9,6
1961,Loadedtruck,frostmourne,766,demonhunter,havoc,12,8,4
1962,Aedice,gurubashi,766,demonhunter,havoc,18,8,10
1963,Lû,arthas,765,demonhunter,havoc,24,8,16
1964,Dömönic,illidan,764,demonhunter,havoc,18,8,10
1965,Chungg,laughing-skull,764,demonhunter,havoc,18,8,10
1966,Cursesoul,area-52,763,demonhunter,havoc,12,8,4
1967,Syrena,mugthol,763,demonhunter,havoc,18,8,10
1968,Sodiaksd,quelthalas,762,demonhunter,havoc,18,8,10
1969,Illhuntya,bonechewer,758,demonhunter,havoc,18,8,10
1970,Covidneitor,drakkari,752,demonhunter,havoc,18,8,10
1971,Catfood,icecrown,720,demonhunter,havoc,21,8,13
1972,Lrianna,senjin,706,demonhunter,havoc,17,8,9
1973,Bukwheat,thunderhorn,699,demonhunter,havoc,42,16,26
1974,Memoryleaky,proudmoore,696,demonhunter,havoc,11,8,3
1975,Nephxz,tichondrius,672,demonhunter,havoc,12,7,5
1976,Sucio,khaz-modan,672,demonhunter,havoc,12,7,5
1977,Warassassin,stormrage,672,demonhunter,havoc,12,7,5
1978,Ariaxy,sargeras,672,demonhunter,havoc,12,7,5
1979,Broneill,blood-furnace,672,demonhunter,havoc,12,7,5
1980,Demonthorne,illidan,672,demonhunter,havoc,12,7,5
1981,Smilingbomb,tichondrius,672,demonhunter,havoc,12,7,5
1982,Dabsfordayz,zuluhed,672,demonhunter,havoc,12,7,5
1983,Croches,tichondrius,672,demonhunter,havoc,12,7,5
1984,Reddh,bleeding-hollow,672,demonhunter,havoc,12,7,5
1985,Dæl,quelthalas,672,demonhunter,havoc,12,7,5
1986,Darthwhorë,frostmane,672,demonhunter,havoc,12,7,5
1987,Mèw,bleeding-hollow,672,demonhunter,havoc,12,7,5
1988,Missjotab,tichondrius,672,demonhunter,havoc,12,7,5
1989,Evelynee,illidan,672,demonhunter,havoc,12,7,5
1990,Mustardtigër,bleeding-hollow,672,demonhunter,havoc,12,7,5
1991,Mamadorx,azralon,672,demonhunter,havoc,12,7,5
1992,Igotdc,tichondrius,672,demonhunter,havoc,13,7,6
1993,Flamehunter,durotan,672,demonhunter,havoc,13,7,6
1994,Sëlene,antonidas,672,demonhunter,havoc,15,8,7
1995,Faceurdemons,frostmourne,672,demonhunter,havoc,18,7,11
1996,Ídunno,kiljaeden,672,demonhunter,havoc,18,7,11
1997,Yasuo,moon-guard,672,demonhunter,havoc,18,7,11
1998,Billmcawsom,proudmoore,672,demonhunter,havoc,18,7,11
1999,Dumbledor,stonemaul,672,demonhunter,havoc,18,7,11
2000,Getpoodon,sargeras,672,demonhunter,havoc,18,7,11
2001,Moistybreeze,frostmourne,672,demonhunter,havoc,18,7,11
2002,Xøtourlife,malganis,672,demonhunter,havoc,24,7,17
2003,Skyfly,stormscale,672,demonhunter,havoc,24,7,17
2004,Gtåte,azjolnerub,672,demonhunter,havoc,24,7,17
2005,Kwoop,tichondrius,671,demonhunter,havoc,12,7,5
2006,Cascadingeye,emerald-dream,671,demonhunter,havoc,12,7,5
2007,Felraven,scarlet-crusade,671,demonhunter,havoc,12,7,5
2008,Unóhana,drakkari,671,demonhunter,havoc,12,7,5
2009,Ogmon,tichondrius,671,demonhunter,havoc,12,7,5
2010,Fiebzz,queldorei,671,demonhunter,havoc,12,7,5
2011,Weedeaterr,arthas,671,demonhunter,havoc,18,7,11
2012,Felbreak,stormrage,671,demonhunter,havoc,18,7,11
2013,Hyphonìc,area-52,671,demonhunter,havoc,18,7,11
2014,Ðarkone,ragnaros,671,demonhunter,havoc,24,7,17
2015,Darthmah,illidan,670,demonhunter,havoc,12,7,5
2016,Renshear,cenarius,670,demonhunter,havoc,12,7,5
2017,Báléríón,area-52,670,demonhunter,havoc,12,7,5
2018,Bijix,area-52,670,demonhunter,havoc,12,7,5
2019,Vivas,tichondrius,670,demonhunter,havoc,18,7,11
2020,Sylenah,hyjal,670,demonhunter,havoc,18,7,11
2021,Endoshiva,icecrown,666,demonhunter,havoc,18,7,11
2022,Cuint,barthilas,662,demonhunter,havoc,12,7,5
2023,Doomhead,burning-legion,658,demonhunter,havoc,12,7,5
2024,Luzev,thrall,657,demonhunter,havoc,12,7,5
2025,Ripperxx,zuljin,653,demonhunter,havoc,18,7,11
2026,Purpsquirter,stormscale,653,demonhunter,havoc,21,8,13
2027,Lëif,stormrage,652,demonhunter,havoc,18,7,11
2028,Pegásus,kiljaeden,639,demonhunter,havoc,10,7,3
2029,Wuya,thrall,639,demonhunter,havoc,16,7,9
2030,Bliqué,emerald-dream,633,demonhunter,havoc,17,7,10
2031,Bofxo,sargeras,624,demonhunter,havoc,15,7,8
2032,Bigtitiemilk,tichondrius,623,demonhunter,havoc,11,7,4
2033,Gebblemon,aerie-peak,623,demonhunter,havoc,17,7,10
2034,Thelada,illidan,621,demonhunter,havoc,15,7,8
2035,Mqvdh,area-52,618,demonhunter,havoc,39,8,31
2036,Galaxezz,bonechewer,612,demonhunter,havoc,15,8,7
2037,Røllnautløw,aegwynn,607,demonhunter,havoc,8,7,1
2038,Turecdh,illidan,607,demonhunter,havoc,14,7,7
2039,Xiaochicken,tichondrius,607,demonhunter,havoc,14,7,7
2040,Ashtyr,emerald-dream,576,demonhunter,havoc,6,6,0
2041,Absinith,jubeithos,576,demonhunter,havoc,6,6,0
2042,Cyånan,bleeding-hollow,576,demonhunter,havoc,17,10,7
2043,Weskerz,illidan,576,demonhunter,havoc,12,6,6
2044,Deathschosen,malganis,576,demonhunter,havoc,12,6,6
2045,Stalkdemon,azralon,576,demonhunter,havoc,12,6,6
2046,Trenbolognie,illidan,576,demonhunter,havoc,12,6,6
2047,Basdminority,bleeding-hollow,576,demonhunter,havoc,12,6,6
2048,Slapxy,illidan,576,demonhunter,havoc,12,6,6
2049,Thunderlor,malganis,576,demonhunter,havoc,12,6,6
2050,Moranah,tichondrius,576,demonhunter,havoc,12,6,6
2051,Manmilker,bleeding-hollow,576,demonhunter,havoc,12,6,6
2052,Everdh,barthilas,576,demonhunter,havoc,12,6,6
2053,Majnun,moon-guard,576,demonhunter,havoc,12,6,6
2054,Promitto,tichondrius,576,demonhunter,havoc,12,6,6
2055,Niteclawla,illidan,576,demonhunter,havoc,12,6,6
2056,Kyuno,eitrigg,576,demonhunter,havoc,12,6,6
2057,Whatdagoof,tichondrius,576,demonhunter,havoc,12,6,6
2058,Trillidan,mugthol,576,demonhunter,havoc,12,6,6
2059,Pabloh,trollbane,576,demonhunter,havoc,12,6,6
2060,Qualitycaulk,tichondrius,576,demonhunter,havoc,12,6,6
2061,Audara,sargeras,576,demonhunter,havoc,12,6,6
2062,Metakigai,ghostlands,576,demonhunter,havoc,12,6,6
2063,Abadina,illidan,576,demonhunter,havoc,12,6,6
2064,Dgj,kelthuzad,576,demonhunter,havoc,12,6,6
2065,Solriel,malganis,576,demonhunter,havoc,12,6,6
2066,Felontis,sargeras,576,demonhunter,havoc,12,6,6
2067,Zyer,mannoroth,576,demonhunter,havoc,12,6,6
2068,Ahsoka,arygos,576,demonhunter,havoc,15,7,8
2069,Jaauk,ragnaros,576,demonhunter,havoc,16,7,9
2070,Imaginedmg,illidan,576,demonhunter,havoc,18,6,12
2071,Vyrai,lightbringer,576,demonhunter,havoc,18,6,12
2072,Busta,dethecus,576,demonhunter,havoc,18,6,12
2073,Kelan,borean-tundra,576,demonhunter,havoc,18,6,12
2074,Abscarnage,ragnaros,576,demonhunter,havoc,18,6,12
2075,Chabashira,tichondrius,576,demonhunter,havoc,19,6,13
2076,Scarshine,frostmourne,576,demonhunter,havoc,24,6,18
2077,Diizy,illidan,575,demonhunter,havoc,12,6,6
2078,Rèlentless,moon-guard,575,demonhunter,havoc,12,6,6
2079,Elenamarth,kiljaeden,575,demonhunter,havoc,12,6,6
2080,Illidice,tichondrius,575,demonhunter,havoc,12,6,6
2081,Hootyeahbou,shattered-hand,575,demonhunter,havoc,12,6,6
2082,Durello,stormrage,575,demonhunter,havoc,12,6,6
2083,Dandreb,draenor,575,demonhunter,havoc,12,6,6
2084,Liquidblaze,elune,575,demonhunter,havoc,12,6,6
2085,Veladoria,malorne,575,demonhunter,havoc,12,6,6
2086,Smoothtaco,azshara,575,demonhunter,havoc,12,6,6
2087,Lysol,darrowmere,575,demonhunter,havoc,12,6,6
2088,Daiks,proudmoore,575,demonhunter,havoc,12,6,6
2089,Felbòy,korgath,575,demonhunter,havoc,12,6,6
2090,Tyindorin,gurubashi,575,demonhunter,havoc,12,6,6
2091,Falaszun,aegwynn,575,demonhunter,havoc,12,6,6
2092,Nerco,bleeding-hollow,575,demonhunter,havoc,12,6,6
2093,Salveya,stormrage,575,demonhunter,havoc,20,6,14
2094,Ðruh,kelthuzad,574,demonhunter,havoc,18,6,12
2095,Lanistus,bloodhoof,570,demonhunter,havoc,18,6,12
2096,Rampyr,terokkar,569,demonhunter,havoc,12,6,6
2097,Kreel,ghostlands,568,demonhunter,havoc,12,6,6
2098,Aleymar,tichondrius,568,demonhunter,havoc,12,6,6
2099,Thjoannys,illidan,567,demonhunter,havoc,12,6,6
2100,Riicardo,ragnaros,566,demonhunter,havoc,12,6,6
2101,Dalmandra,arthas,559,demonhunter,havoc,11,6,5
2102,Howller,azralon,542,demonhunter,havoc,11,6,5
2103,Kêydën,ragnaros,541,demonhunter,havoc,10,7,3
2104,Dhwhat,stormrage,527,demonhunter,havoc,11,6,5
2105,Wokeaf,malganis,527,demonhunter,havoc,11,6,5
2106,Shizune,boulderfist,525,demonhunter,havoc,11,6,5
2107,Wickedlurker,sargeras,519,demonhunter,havoc,17,9,8
2108,Soure,azralon,511,demonhunter,havoc,14,6,8
2109,Neecro,frostmourne,510,demonhunter,havoc,14,6,8
2110,Ceried,moon-guard,491,demonhunter,havoc,13,6,7
2111,Lumh,quelthalas,480,demonhunter,havoc,6,5,1
2112,Ottie,kelthuzad,480,demonhunter,havoc,6,5,1
2113,Prazethesun,emerald-dream,480,demonhunter,havoc,6,5,1
2114,Ljevilin,gilneas,480,demonhunter,havoc,6,5,1
2115,Milfhuñter,sargeras,480,demonhunter,havoc,6,5,1
2116,Cynthadra,frostmourne,480,demonhunter,havoc,6,5,1
2117,Doomanone,sargeras,480,demonhunter,havoc,6,5,1
2118,Delaían,drakkari,480,demonhunter,havoc,12,5,7
2119,Darkglaive,ragnaros,480,demonhunter,havoc,12,5,7
2120,Untouchèd,bleeding-hollow,480,demonhunter,havoc,12,5,7
2121,Paypaldh,malganis,480,demonhunter,havoc,12,5,7
2122,Roughcut,blackrock,480,demonhunter,havoc,12,5,7
2123,Zuppashi,area-52,480,demonhunter,havoc,12,5,7
2124,Bllackclover,zuljin,480,demonhunter,havoc,12,5,7
2125,Bátmañ,stormrage,480,demonhunter,havoc,12,5,7
2126,Chaosfienddh,bleeding-hollow,480,demonhunter,havoc,12,5,7
2127,Ahurock,ragnaros,480,demonhunter,havoc,12,5,7
2128,Chupillidan,tichondrius,480,demonhunter,havoc,12,5,7
2129,Karmadh,malganis,480,demonhunter,havoc,12,5,7
2130,Onbloodfam,kelthuzad,480,demonhunter,havoc,12,5,7
2131,Harahmbae,moon-guard,480,demonhunter,havoc,12,5,7
2132,Dontplanahea,tichondrius,480,demonhunter,havoc,12,5,7
2133,Zlr,bleeding-hollow,480,demonhunter,havoc,12,5,7
2134,Domeemommy,moon-guard,480,demonhunter,havoc,12,5,7
2135,Cococat,tichondrius,480,demonhunter,havoc,12,5,7
2136,Demondurk,illidan,480,demonhunter,havoc,12,5,7
2137,Hippygamer,frostmourne,480,demonhunter,havoc,12,5,7
2138,Haades,proudmoore,480,demonhunter,havoc,12,5,7
2139,Gogungho,tichondrius,480,demonhunter,havoc,12,5,7
2140,Køugami,azralon,480,demonhunter,havoc,12,5,7
2141,Haax,azralon,480,demonhunter,havoc,12,5,7
2142,Maddummy,tichondrius,480,demonhunter,havoc,12,5,7
2143,Hyptonique,queldorei,480,demonhunter,havoc,12,5,7
2144,Faster,tichondrius,480,demonhunter,havoc,12,5,7
2145,Uneasydh,tichondrius,480,demonhunter,havoc,12,5,7
2146,Oddlysimple,korgath,480,demonhunter,havoc,12,5,7
2147,Besoween,tichondrius,480,demonhunter,havoc,12,5,7
2148,Elchapotko,tichondrius,480,demonhunter,havoc,12,5,7
2149,Finagel,destromath,480,demonhunter,havoc,12,5,7
2150,Sailtheskies,tichondrius,480,demonhunter,havoc,12,5,7
2151,Lachesix,tichondrius,480,demonhunter,havoc,12,5,7
2152,Dàrk,zuljin,480,demonhunter,havoc,23,7,16
2153,Soulrending,stormrage,480,demonhunter,havoc,18,5,13
2154,Dracxus,sargeras,480,demonhunter,havoc,18,5,13
2155,Barael,tichondrius,480,demonhunter,havoc,18,5,13
2156,Turbochadbro,spirestone,479,demonhunter,havoc,6,5,1
2157,Breezoo,tichondrius,479,demonhunter,havoc,6,5,1
2158,Rytesx,moon-guard,479,demonhunter,havoc,6,5,1
2159,Andarïel,bleeding-hollow,479,demonhunter,havoc,6,5,1
2160,ßoobiemiles,area-52,479,demonhunter,havoc,12,5,7
2161,Kushidari,tichondrius,479,demonhunter,havoc,12,5,7
2162,Ënky,ragnaros,479,demonhunter,havoc,12,5,7
2163,Fliar,black-dragonflight,479,demonhunter,havoc,12,5,7
2164,Moxí,ragnaros,478,demonhunter,havoc,12,5,7
2165,Kritik,goldrinn,478,demonhunter,havoc,12,5,7
2166,Midnightlord,tichondrius,477,demonhunter,havoc,6,5,1
2167,Mentoes,tichondrius,473,demonhunter,havoc,12,5,7
2168,Leg,scilla,448,demonhunter,havoc,10,5,5
2169,Mewmewkitty,tichondrius,447,demonhunter,havoc,11,5,6
2170,Raith,khazgoroth,447,demonhunter,havoc,11,5,6
2171,Fugabag,thrall,447,demonhunter,havoc,11,5,6
2172,Raum,elune,443,demonhunter,havoc,8,6,2
2173,Bogged,emerald-dream,432,demonhunter,havoc,9,5,4
2174,Bituhvic,stormrage,431,demonhunter,havoc,11,5,6
2175,Rhaast,executus,430,demonhunter,havoc,15,6,9
2176,Funky,draenor,420,demonhunter,havoc,22,8,14
2177,Wheredyougo,proudmoore,416,demonhunter,havoc,10,5,5
2178,Blinddude,sargeras,415,demonhunter,havoc,14,5,9
2179,Bladezues,tichondrius,415,demonhunter,havoc,14,5,9
2180,Teenis,malygos,412,demonhunter,havoc,14,5,9
2181,Neshaan,stormreaver,401,demonhunter,havoc,32,17,15
2182,Theownz,stormrage,384,demonhunter,havoc,6,4,2
2183,Tragedydh,sargeras,384,demonhunter,havoc,6,4,2
2184,Kasseater,stormrage,384,demonhunter,havoc,6,4,2
2185,Cloudzzy,illidan,384,demonhunter,havoc,6,4,2
2186,Whudaz,tichondrius,384,demonhunter,havoc,6,4,2
2187,Yågåmist,dalaran,384,demonhunter,havoc,6,4,2
2188,Surå,tichondrius,384,demonhunter,havoc,6,4,2
2189,Danloesh,silver-hand,384,demonhunter,havoc,6,4,2
2190,Yukisyn,proudmoore,384,demonhunter,havoc,6,4,2
2191,Extínctíon,moon-guard,384,demonhunter,havoc,6,4,2
2192,Nicòrobin,dalaran,384,demonhunter,havoc,6,4,2
2193,Nihilist,kaelthas,384,demonhunter,havoc,6,4,2
2194,Hellmetal,quelthalas,384,demonhunter,havoc,6,4,2
2195,Darkrëaper,azralon,384,demonhunter,havoc,6,4,2
2196,Khaito,illidan,384,demonhunter,havoc,6,4,2
2197,Bigdingding,area-52,384,demonhunter,havoc,6,4,2
2198,Cupernacus,tichondrius,384,demonhunter,havoc,6,4,2
2199,Gommademon,illidan,384,demonhunter,havoc,6,4,2
2200,Heygriffin,proudmoore,384,demonhunter,havoc,6,4,2
2201,Rizzle,malganis,384,demonhunter,havoc,6,4,2
2202,Ãstoreth,quelthalas,384,demonhunter,havoc,6,4,2
2203,Stormville,illidan,384,demonhunter,havoc,6,4,2
2204,Spasmodiic,illidan,384,demonhunter,havoc,6,4,2
2205,Wogarg,sargeras,384,demonhunter,havoc,6,4,2
2206,Yuppx,tichondrius,384,demonhunter,havoc,6,4,2
2207,Diëgo,gallywix,384,demonhunter,havoc,6,4,2
2208,Khaosx,ragnaros,384,demonhunter,havoc,6,4,2
2209,Déörwine,quelthalas,384,demonhunter,havoc,6,4,2
2210,Äòégämîñg,stormrage,384,demonhunter,havoc,6,4,2
2211,Doras,kelthuzad,384,demonhunter,havoc,6,4,2
2212,Verasu,kiljaeden,384,demonhunter,havoc,6,4,2
2213,Bopersdh,drakkari,384,demonhunter,havoc,6,4,2
2214,Cromosh,quelthalas,384,demonhunter,havoc,6,4,2
2215,Sleepyjoeb,illidan,384,demonhunter,havoc,6,4,2
2216,Deezhuntz,anvilmar,384,demonhunter,havoc,6,4,2
2217,Crankbaz,malganis,384,demonhunter,havoc,6,4,2
2218,Ineptbb,frostmourne,384,demonhunter,havoc,6,4,2
2219,Jellehx,frostmourne,384,demonhunter,havoc,6,4,2
2220,Hypetraindh,kelthuzad,384,demonhunter,havoc,6,4,2
2221,Intrusive,kelthuzad,384,demonhunter,havoc,6,4,2
2222,Kêrbydh,frostmourne,384,demonhunter,havoc,6,4,2
2223,Hordesback,illidan,384,demonhunter,havoc,6,4,2
2224,Parabolicc,illidan,384,demonhunter,havoc,6,4,2
2225,Kruptikos,tichondrius,384,demonhunter,havoc,12,4,8
2226,Fenthras,thrall,384,demonhunter,havoc,12,4,8
2227,Älönë,thrall,384,demonhunter,havoc,12,4,8
2228,Sinhful,darkspear,384,demonhunter,havoc,12,4,8
2229,Separate,stormrage,384,demonhunter,havoc,12,4,8
2230,Vorlimornd,illidan,384,demonhunter,havoc,12,4,8
2231,Contactfront,whisperwind,384,demonhunter,havoc,12,4,8
2232,Fraxxured,proudmoore,384,demonhunter,havoc,12,4,8
2233,Allidox,tichondrius,384,demonhunter,havoc,12,4,8
2234,Zzatmikaze,area-52,384,demonhunter,havoc,12,4,8
2235,Mommafingers,illidan,384,demonhunter,havoc,12,4,8
2236,Sathsong,tichondrius,384,demonhunter,havoc,12,4,8
2237,Felhunt,ragnaros,384,demonhunter,havoc,12,4,8
2238,Sektõr,dalaran,384,demonhunter,havoc,12,4,8
2239,Babahorns,dalaran,384,demonhunter,havoc,12,4,8
2240,Temporarý,bleeding-hollow,384,demonhunter,havoc,12,4,8
2241,Heallscrean,drakkari,384,demonhunter,havoc,12,4,8
2242,Maisus,illidan,384,demonhunter,havoc,12,4,8
2243,Dhsoop,tichondrius,384,demonhunter,havoc,12,4,8
2244,Xylëm,tichondrius,384,demonhunter,havoc,12,4,8
2245,Mikemyoffice,illidan,384,demonhunter,havoc,12,4,8
2246,Noliaclap,sargeras,384,demonhunter,havoc,12,4,8
2247,Rolecheck,tichondrius,384,demonhunter,havoc,12,4,8
2248,Wherwelandin,zuljin,384,demonhunter,havoc,12,4,8
2249,Drîp,moon-guard,384,demonhunter,havoc,12,4,8
2250,Blackclóver,drakkari,384,demonhunter,havoc,12,4,8
2251,Uchulu,quelthalas,384,demonhunter,havoc,12,4,8
2252,Hàuntress,saurfang,384,demonhunter,havoc,12,4,8
2253,Siksix,bleeding-hollow,384,demonhunter,havoc,12,4,8
2254,Alphatoo,area-52,384,demonhunter,havoc,15,4,11
2255,Fuujiin,tol-barad,384,demonhunter,havoc,18,4,14
2256,Roodblurz,zuljin,384,demonhunter,havoc,18,4,14
2257,Noobender,malganis,384,demonhunter,havoc,18,4,14
2258,Severon,stormrage,383,demonhunter,havoc,6,4,2
2259,Gretadumberg,area-52,383,demonhunter,havoc,6,4,2
2260,Rarespawnjon,tichondrius,383,demonhunter,havoc,6,4,2
2261,Demondrëad,lightbringer,383,demonhunter,havoc,9,5,4
2262,Døffy,area-52,383,demonhunter,havoc,12,4,8
2263,Vellinaris,zuljin,383,demonhunter,havoc,12,4,8
2264,Slaytan,darkspear,383,demonhunter,havoc,12,4,8
2265,Çherrii,moon-guard,382,demonhunter,havoc,6,4,2
2266,Xiin,cenarion-circle,382,demonhunter,havoc,12,4,8
2267,Saladuoduo,illidan,382,demonhunter,havoc,12,4,8
2268,Bckzy,sargeras,381,demonhunter,havoc,12,4,8
2269,Grolschen,proudmoore,379,demonhunter,havoc,12,4,8
2270,Findoratoqc,darrowmere,351,demonhunter,havoc,11,4,7
2271,Backtolumby,bleeding-hollow,336,demonhunter,havoc,9,4,5
2272,Xiruu,area-52,336,demonhunter,havoc,15,5,10
2273,Deadlysin,dragonmaw,336,demonhunter,havoc,15,4,11
2274,Fingerjamsx,area-52,335,demonhunter,havoc,11,4,7
2275,Criyn,kelthuzad,330,demonhunter,havoc,17,5,12
2276,Rivent,dethecus,319,demonhunter,havoc,14,4,10
2277,Gibbz,wyrmrest-accord,304,demonhunter,havoc,11,5,6
2278,Baka,grizzly-hills,288,demonhunter,havoc,6,3,3
2279,Xxsozin,skullcrusher,288,demonhunter,havoc,6,3,3
2280,Thunderrbolt,illidan,288,demonhunter,havoc,6,3,3
2281,Dzdh,stormrage,288,demonhunter,havoc,6,3,3
2282,Ragiidh,tichondrius,288,demonhunter,havoc,6,3,3
2283,Feldumper,illidan,288,demonhunter,havoc,6,3,3
2284,Bogdan,azjolnerub,288,demonhunter,havoc,6,3,3
2285,Asukaxox,illidan,288,demonhunter,havoc,6,3,3
2286,Touched,guldan,288,demonhunter,havoc,6,3,3
2287,Ziyutomioka,moon-guard,288,demonhunter,havoc,6,3,3
2288,Thickgary,illidan,288,demonhunter,havoc,6,3,3
2289,Ylydary,ragnaros,288,demonhunter,havoc,6,3,3
2290,Bammski,tichondrius,288,demonhunter,havoc,6,3,3
2291,Ravack,stormrage,288,demonhunter,havoc,6,3,3
2292,Sloôtybag,tichondrius,288,demonhunter,havoc,6,3,3
2293,Smokepurppx,zuljin,288,demonhunter,havoc,6,3,3
2294,Dettlaff,sentinels,288,demonhunter,havoc,6,3,3
2295,Cassadega,sargeras,288,demonhunter,havoc,6,3,3
2296,Verå,tichondrius,288,demonhunter,havoc,6,3,3
2297,Inva,stormrage,288,demonhunter,havoc,6,3,3
2298,Rhynóe,illidan,288,demonhunter,havoc,6,3,3
2299,Adycatt,illidan,288,demonhunter,havoc,6,3,3
2300,Slodeath,zuljin,288,demonhunter,havoc,6,3,3
2301,Zalenn,whisperwind,288,demonhunter,havoc,6,3,3
2302,Aslowbust,tichondrius,288,demonhunter,havoc,6,3,3
2303,Mèrlyn,sargeras,288,demonhunter,havoc,6,3,3
2304,Onií,bleeding-hollow,288,demonhunter,havoc,6,3,3
2305,Rákdos,illidan,288,demonhunter,havoc,6,3,3
2306,Shacco,bleeding-hollow,288,demonhunter,havoc,6,3,3
2307,Treyydh,illidan,288,demonhunter,havoc,6,3,3
2308,Cocomeld,tichondrius,288,demonhunter,havoc,6,3,3
2309,Feltini,whisperwind,288,demonhunter,havoc,6,3,3
2310,Bossdh,zuljin,288,demonhunter,havoc,6,3,3
2311,Gnatman,skywall,288,demonhunter,havoc,6,3,3
2312,Orsova,area-52,288,demonhunter,havoc,6,3,3
2313,Eyesyk,bonechewer,288,demonhunter,havoc,6,3,3
2314,Arlequhin,ragnaros,288,demonhunter,havoc,6,3,3
2315,Talsaris,drakthul,288,demonhunter,havoc,6,3,3
2316,Darkstein,nathrezim,288,demonhunter,havoc,6,3,3
2317,Kylíejennêr,gilneas,288,demonhunter,havoc,6,3,3
2318,Gurthbrookz,tichondrius,288,demonhunter,havoc,6,3,3
2319,Ocão,azralon,288,demonhunter,havoc,6,3,3
2320,Blurblurblur,frostmourne,288,demonhunter,havoc,6,3,3
2321,Gôôseberry,malganis,288,demonhunter,havoc,6,3,3
2322,Sxzure,frostmourne,288,demonhunter,havoc,6,3,3
2323,Derperhunter,kiljaeden,288,demonhunter,havoc,6,3,3
2324,Bkeight,dalaran,288,demonhunter,havoc,6,3,3
2325,Demonbanter,emerald-dream,288,demonhunter,havoc,6,3,3
2326,Fracxures,area-52,288,demonhunter,havoc,6,3,3
2327,Demønical,dalaran,288,demonhunter,havoc,6,3,3
2328,Zurg,wyrmrest-accord,288,demonhunter,havoc,6,3,3
2329,Wingsofhavoc,darkspear,288,demonhunter,havoc,6,3,3
2330,Cðnstantine,barthilas,288,demonhunter,havoc,6,3,3
2331,Kamakhasi,bleeding-hollow,288,demonhunter,havoc,6,3,3
2332,Tink,kilrogg,288,demonhunter,havoc,6,3,3
2333,Seabisciut,silvermoon,288,demonhunter,havoc,6,3,3
2334,Riodh,area-52,288,demonhunter,havoc,6,3,3
2335,Catastrophis,tichondrius,288,demonhunter,havoc,6,3,3
2336,Rauwèrs,azralon,288,demonhunter,havoc,6,3,3
2337,Beyondjerky,malganis,288,demonhunter,havoc,6,3,3
2338,Zoomie,durotan,288,demonhunter,havoc,6,3,3
2339,Fiveiq,malganis,288,demonhunter,havoc,6,3,3
2340,Smokahontas,eredar,288,demonhunter,havoc,6,3,3
2341,Dogcleave,area-52,288,demonhunter,havoc,6,3,3
2342,Noóve,area-52,288,demonhunter,havoc,6,3,3
2343,Walluped,malganis,288,demonhunter,havoc,6,3,3
2344,Mavrii,executus,288,demonhunter,havoc,6,3,3
2345,Velerolas,area-52,288,demonhunter,havoc,6,3,3
2346,Darkterrôr,sargeras,288,demonhunter,havoc,9,4,5
2347,Dhuck,nemesis,288,demonhunter,havoc,15,4,11
2348,Trekt,blades-edge,288,demonhunter,havoc,12,3,9
2349,Lawimmortal,tichondrius,288,demonhunter,havoc,12,3,9
2350,Dmfeetpics,dalaran,288,demonhunter,havoc,12,3,9
2351,Denadiirx,area-52,288,demonhunter,havoc,12,3,9
2352,Çløûdïx,tichondrius,288,demonhunter,havoc,12,3,9
2353,Elflerri,area-52,288,demonhunter,havoc,12,3,9
2354,Zudo,amanthul,288,demonhunter,havoc,12,3,9
2355,Hemmerdainz,kelthuzad,288,demonhunter,havoc,12,3,9
2356,Atriax,kelthuzad,288,demonhunter,havoc,12,3,9
2357,Poogzzig,tichondrius,288,demonhunter,havoc,12,3,9
2358,Vellassa,stormscale,288,demonhunter,havoc,18,3,15
2359,Eggandpotato,saurfang,287,demonhunter,havoc,6,3,3
2360,Magoroth,ragnaros,287,demonhunter,havoc,6,3,3
2361,Aliniron,illidan,287,demonhunter,havoc,6,3,3
2362,Devilina,khadgar,287,demonhunter,havoc,6,3,3
2363,Haydet,stormrage,287,demonhunter,havoc,6,3,3
2364,Devc,stormrage,287,demonhunter,havoc,6,3,3
2365,Holescrewer,tichondrius,287,demonhunter,havoc,6,3,3
2366,Slixxk,sargeras,287,demonhunter,havoc,9,4,5
2367,Cheriste,malganis,287,demonhunter,havoc,14,4,10
2368,Villoria,kul-tiras,287,demonhunter,havoc,12,3,9
2369,Rahgoul,garrosh,287,demonhunter,havoc,12,3,9
2370,Nikator,emerald-dream,255,demonhunter,havoc,11,3,8
2371,Vickyvette,illidan,239,demonhunter,havoc,5,3,2
2372,Hiresol,emerald-dream,239,demonhunter,havoc,5,3,2
2373,Vespherie,moon-guard,234,demonhunter,havoc,8,5,3
2374,Bushwacker,azralon,223,demonhunter,havoc,8,3,5
2375,Vessarin,madoran,223,demonhunter,havoc,8,3,5
2376,Cobra,quelthalas,208,demonhunter,havoc,7,3,4
2377,Onihunter,zangarmarsh,208,demonhunter,havoc,7,3,4
2378,Critxclutch,tichondrius,192,demonhunter,havoc,4,3,1
2379,Syrendris,moon-guard,192,demonhunter,havoc,8,3,5
2380,Reapersauce,illidan,192,demonhunter,havoc,6,2,4
2381,Xanthrodril,illidan,192,demonhunter,havoc,6,2,4
2382,Zethh,drakkari,192,demonhunter,havoc,6,2,4
2383,Spacéphoenix,stormrage,192,demonhunter,havoc,6,2,4
2384,Sarithos,frostmourne,192,demonhunter,havoc,6,2,4
2385,Frøppy,illidan,192,demonhunter,havoc,6,2,4
2386,Sparklepunch,stormrage,192,demonhunter,havoc,6,2,4
2387,Annmílls,quelthalas,192,demonhunter,havoc,6,2,4
2388,Krador,wyrmrest-accord,192,demonhunter,havoc,6,2,4
2389,Ossariss,moon-guard,192,demonhunter,havoc,6,2,4
2390,Blynx,destromath,192,demonhunter,havoc,6,2,4
2391,Mileze,area-52,192,demonhunter,havoc,6,2,4
2392,Jozeez,emerald-dream,192,demonhunter,havoc,6,2,4
2393,Ambitiòn,moon-guard,192,demonhunter,havoc,6,2,4
2394,Daso,the-forgotten-coast,192,demonhunter,havoc,6,2,4
2395,Carlibeth,illidan,192,demonhunter,havoc,6,2,4
2396,Lillidanss,the-forgotten-coast,192,demonhunter,havoc,6,2,4
2397,Yhell,darkspear,192,demonhunter,havoc,6,2,4
2398,Atsudadh,illidan,192,demonhunter,havoc,6,2,4
2399,Berquondh,tichondrius,192,demonhunter,havoc,6,2,4
2400,Daabsdh,thrall,192,demonhunter,havoc,6,2,4
2401,Zergedh,kiljaeden,192,demonhunter,havoc,6,2,4
2402,Swagidan,khaz-modan,192,demonhunter,havoc,6,2,4
2403,Renatha,ragnaros,192,demonhunter,havoc,6,2,4
2404,Jadyne,frostmourne,192,demonhunter,havoc,6,2,4
2405,Lilvetis,thrall,192,demonhunter,havoc,6,2,4
2406,Ratcnt,barthilas,192,demonhunter,havoc,6,2,4
2407,Alphmega,malganis,192,demonhunter,havoc,6,2,4
2408,Felmilk,demon-soul,192,demonhunter,havoc,6,2,4
2409,Freddiedread,bladefist,192,demonhunter,havoc,6,2,4
2410,Pokoloko,twisting-nether,192,demonhunter,havoc,6,2,4
2411,Kraazi,thrall,192,demonhunter,havoc,6,2,4
2412,Bastaghor,stormrage,192,demonhunter,havoc,6,2,4
2413,Gopump,area-52,192,demonhunter,havoc,6,2,4
2414,Dkdakìng,thrall,192,demonhunter,havoc,6,2,4
2415,Gravelot,quelthalas,192,demonhunter,havoc,6,2,4
2416,Dirtydone,area-52,192,demonhunter,havoc,6,2,4
2417,Xannaa,illidan,192,demonhunter,havoc,6,2,4
2418,Sodí,moon-guard,192,demonhunter,havoc,6,2,4
2419,Daracu,aerie-peak,192,demonhunter,havoc,6,2,4
2420,Wartornx,tichondrius,192,demonhunter,havoc,6,2,4
2421,Wreckforce,blades-edge,192,demonhunter,havoc,6,2,4
2422,Badservice,frostwolf,192,demonhunter,havoc,6,2,4
2423,Firesworn,zuljin,192,demonhunter,havoc,6,2,4
2424,Pariah,saurfang,192,demonhunter,havoc,6,2,4
2425,Falan,drakthul,192,demonhunter,havoc,6,2,4
2426,Tdmturbo,zuluhed,192,demonhunter,havoc,6,2,4
2427,Morgoph,burning-legion,192,demonhunter,havoc,6,2,4
2428,Lilyanie,stormrage,192,demonhunter,havoc,6,2,4
2429,Itachiix,sargeras,192,demonhunter,havoc,6,2,4
2430,Ragath,bonechewer,192,demonhunter,havoc,6,2,4
2431,Telmordrin,azralon,192,demonhunter,havoc,6,2,4
2432,Kayanson,azralon,192,demonhunter,havoc,6,2,4
2433,Azuki,lightbringer,192,demonhunter,havoc,6,2,4
2434,Cryolite,sargeras,192,demonhunter,havoc,6,2,4
2435,Devilweef,whisperwind,192,demonhunter,havoc,6,2,4
2436,Frino,steamwheedle-cartel,192,demonhunter,havoc,6,2,4
2437,Texts,norgannon,192,demonhunter,havoc,6,2,4
2438,Arkynth,dalaran,192,demonhunter,havoc,6,2,4
2439,Rykko,borean-tundra,192,demonhunter,havoc,6,2,4
2440,Aleta,firetree,192,demonhunter,havoc,6,2,4
2441,Mäläk,zuluhed,192,demonhunter,havoc,6,2,4
2442,Wowomg,tichondrius,192,demonhunter,havoc,6,2,4
2443,Demonwaffle,draka,192,demonhunter,havoc,6,2,4
2444,Lovekills,tichondrius,192,demonhunter,havoc,6,2,4
2445,Ivexia,blackrock,192,demonhunter,havoc,6,2,4
2446,Luana,stormscale,192,demonhunter,havoc,6,2,4
2447,Dhibjorf,destromath,192,demonhunter,havoc,6,2,4
2448,Qlmm,stormrage,192,demonhunter,havoc,7,2,5
2449,Hávok,sargeras,192,demonhunter,havoc,7,2,5
2450,Tiristra,cenarion-circle,192,demonhunter,havoc,8,2,6
2451,Harû,tichondrius,192,demonhunter,havoc,12,2,10
2452,Pragma,thrall,192,demonhunter,havoc,12,2,10
2453,Âduka,illidan,192,demonhunter,havoc,12,2,10
2454,Dangerspud,frostmourne,192,demonhunter,havoc,12,2,10
2455,Hueylucifer,ravencrest,192,demonhunter,havoc,12,2,10
2456,Catastroz,ragnaros,192,demonhunter,havoc,12,2,10
2457,Hollownight,area-52,192,demonhunter,havoc,12,2,10
2458,Sadpepe,bleeding-hollow,192,demonhunter,havoc,12,2,10
2459,Kyska,tichondrius,192,demonhunter,havoc,12,2,10
2460,Amdusias,darkspear,192,demonhunter,havoc,12,2,10
2461,Anguloke,wyrmrest-accord,191,demonhunter,havoc,6,2,4
2462,Abusedchild,dalaran,191,demonhunter,havoc,6,2,4
2463,Wualicho,ragnaros,191,demonhunter,havoc,12,2,10
2464,Tarasam,burning-blade,191,demonhunter,havoc,12,2,10
2465,Feilixx,moon-guard,190,demonhunter,havoc,12,2,10
2466,Ryoga,malganis,159,demonhunter,havoc,5,2,3
2467,Hròðvitnir,quelthalas,138,demonhunter,havoc,8,4,4
2468,Refused,nesingwary,138,demonhunter,havoc,11,4,7
2469,Shanjara,sargeras,138,demonhunter,havoc,15,3,12
2470,Xeil,zuljin,128,demonhunter,havoc,4,2,2
2471,Elfofura,azralon,127,demonhunter,havoc,14,2,12
2472,Painqtxo,area-52,96,demonhunter,havoc,6,1,5
2473,Scarolol,malganis,96,demonhunter,havoc,6,1,5
2474,Jerry,emerald-dream,96,demonhunter,havoc,6,1,5
2475,Bümb,moon-guard,96,demonhunter,havoc,6,1,5
2476,Mazïkeen,uther,96,demonhunter,havoc,6,1,5
2477,Demonleàf,area-52,96,demonhunter,havoc,6,1,5
2478,Jalet,azralon,96,demonhunter,havoc,6,1,5
2479,Elillidan,emerald-dream,96,demonhunter,havoc,6,1,5
2480,Chirøn,darkspear,96,demonhunter,havoc,6,1,5
2481,Eibizoudh,sargeras,96,demonhunter,havoc,6,1,5
2482,Kraky,nemesis,96,demonhunter,havoc,6,1,5
2483,Ðemonhunterx,frostmourne,96,demonhunter,havoc,6,1,5
2484,Occula,moon-guard,96,demonhunter,havoc,6,1,5
2485,Theysuffer,scilla,96,demonhunter,havoc,6,1,5
2486,Asharian,wyrmrest-accord,96,demonhunter,havoc,6,1,5
2487,Doeja,illidan,96,demonhunter,havoc,6,1,5
2488,Cidolem,area-52,96,demonhunter,havoc,6,1,5
2489,Thedh,ragnaros,96,demonhunter,havoc,6,1,5
2490,Illidunk,tichondrius,96,demonhunter,havoc,6,1,5
2491,Unjusthunt,magtheridon,96,demonhunter,havoc,6,1,5
2492,Ðemonix,tichondrius,96,demonhunter,havoc,6,1,5
2493,Treblig,nerzhul,96,demonhunter,havoc,6,1,5
2494,Slycerr,illidan,96,demonhunter,havoc,6,1,5
2495,Dirtyd,dragonmaw,96,demonhunter,havoc,6,1,5
2496,Devî,ragnaros,96,demonhunter,havoc,6,1,5
2497,Frenchtoast,bonechewer,96,demonhunter,havoc,6,1,5
2498,Nightsatan,stormrage,96,demonhunter,havoc,6,1,5
2499,Itsplague,tichondrius,96,demonhunter,havoc,6,1,5
2500,Siegfridemon,ragnaros,96,demonhunter,havoc,6,1,5
2501,Foxzz,tichondrius,96,demonhunter,havoc,6,1,5
2502,Angelawhite,illidan,96,demonhunter,havoc,6,1,5
2503,Izruul,tichondrius,96,demonhunter,havoc,6,1,5
2504,Elrr,drakkari,96,demonhunter,havoc,6,1,5
2505,Pupariuh,illidan,96,demonhunter,havoc,6,1,5
2506,Memslaw,tichondrius,96,demonhunter,havoc,6,1,5
2507,Vëngêåncé,tichondrius,96,demonhunter,havoc,6,1,5
2508,Boatsnhoze,tichondrius,96,demonhunter,havoc,6,1,5
2509,Chris,nordrassil,96,demonhunter,havoc,6,1,5
2510,Dhrongor,drakkari,96,demonhunter,havoc,6,1,5
2511,Safikins,tichondrius,96,demonhunter,havoc,6,1,5
2512,Jhinskui,drakkari,96,demonhunter,havoc,6,1,5
2513,Finnanutt,tichondrius,96,demonhunter,havoc,6,1,5
2514,Gil,moonrunner,96,demonhunter,havoc,6,1,5
2515,Cantreborn,destromath,96,demonhunter,havoc,6,1,5
2516,Irìs,blood-furnace,96,demonhunter,havoc,6,1,5
2517,Icanmove,area-52,96,demonhunter,havoc,6,1,5
2518,Chakan,burning-legion,96,demonhunter,havoc,6,1,5
2519,Skylinetime,sargeras,96,demonhunter,havoc,6,1,5
2520,Gosrend,durotan,96,demonhunter,havoc,7,1,6
2521,Gnocchis,thrall,96,demonhunter,havoc,12,1,11
2522,Moonsocks,proudmoore,96,demonhunter,havoc,12,1,11
2523,Pekkora,illidan,95,demonhunter,havoc,6,1,5
2524,Demonbluntzz,tichondrius,79,demonhunter,havoc,5,1,4
2525,Miskiiv,malganis,79,demonhunter,havoc,5,1,4
2526,Fellchapo,illidan,79,demonhunter,havoc,5,1,4
2527,Polunochnaya,area-52,64,demonhunter,havoc,4,1,3
2528,Mcthiccyy,moon-guard,64,demonhunter,havoc,4,1,3
2529,Shadevon,wyrmrest-accord,64,demonhunter,havoc,4,1,3
2530,Knshy,azralon,63,demonhunter,havoc,2,2,0
2531,Aryía,stormrage,48,demonhunter,havoc,3,1,2
2532,Unjust,darkspear,48,demonhunter,havoc,3,1,2
2533,Raptorjèsus,azjolnerub,48,demonhunter,havoc,3,1,2
2534,Xaryic,stormrage,42,demonhunter,havoc,16,5,11
2535,Worcraf,ragnaros,42,demonhunter,havoc,8,2,6
2536,Pooterjuice,shadowmoon,31,demonhunter,havoc,2,1,1
2537,Aríes,dreadmaul,31,demonhunter,havoc,2,1,1
2538,Lathazar,darkspear,16,demonhunter,havoc,1,1,0
2539,Iwasright,stonemaul,1457,demonhunter,vengeance,66,31,35
2540,Jersey,proudmoore,1091,demonhunter,vengeance,29,17,12
2541,Agricornia,tichondrius,475,demonhunter,vengeance,12,5,7
2542,Irisand,ragnaros,288,demonhunter,vengeance,6,3,3
2543,Ferano,frostmourne,288,demonhunter,vengeance,6,3,3
2544,Çherrii,moon-guard,286,demonhunter,vengeance,6,3,3
2545,Tilltheend,illidan,239,demonhunter,vengeance,5,3,2
2546,Asderel,zuljin,192,demonhunter,vengeance,6,2,4
2547,Aleymar,tichondrius,96,demonhunter,vengeance,6,1,5
2548,Grovetenderx,tichondrius,2238,druid,restoration,86,53,33
2549,Kobaishome,tichondrius,2148,druid,restoration,119,70,49
2550,Flóp,dalaran,2141,druid,restoration,78,43,35
2551,Linful,tichondrius,2141,druid,restoration,179,92,87
2552,Omkin,tichondrius,2137,druid,restoration,120,62,58
2553,Couragé,ragnaros,2108,druid,restoration,135,68,67
2554,Andrwceo,stormrage,2104,druid,restoration,60,37,23
2555,Renner,zuljin,2082,druid,restoration,96,47,49
2556,Angrygochux,tichondrius,2065,druid,restoration,131,67,64
2557,Vers,dathremar,2037,druid,restoration,90,43,47
2558,Shaylyne,moonrunner,2026,druid,restoration,69,41,28
2559,Dannycarry,tichondrius,2025,druid,restoration,59,32,27
2560,Racialmotive,illidan,2000,druid,restoration,123,70,53
2561,Hchls,tichondrius,1996,druid,restoration,140,71,69
2562,Liangpibro,illidan,1983,druid,restoration,61,37,24
2563,Mengniulol,tichondrius,1966,druid,restoration,120,70,50
2564,Pornkkimi,tichondrius,1952,druid,restoration,48,29,19
2565,Plorenz,zuljin,1952,druid,restoration,89,51,38
2566,Rorae,tichondrius,1950,druid,restoration,137,68,69
2567,Sanlunainiu,tichondrius,1935,druid,restoration,172,77,95
2568,Tizzyy,eredar,1921,druid,restoration,78,43,35
2569,Brenden,area-52,1921,druid,restoration,72,38,34
2570,Bestrun,tichondrius,1920,druid,restoration,66,35,31
2571,Szwlol,tichondrius,1920,druid,restoration,274,144,130
2572,Shiftýx,tichondrius,1905,druid,restoration,77,38,39
2573,Davidqx,zuljin,1882,druid,restoration,42,30,12
2574,Saxhouse,illidan,1881,druid,restoration,60,34,26
2575,Darkenëd,dalaran,1880,druid,restoration,68,41,27
2576,Eddí,illidan,1872,druid,restoration,64,32,32
2577,Rindy,rexxar,1869,druid,restoration,72,37,35
2578,Ksz,stormrage,1867,druid,restoration,42,25,17
2579,Guqingshuang,tichondrius,1855,druid,restoration,73,35,38
2580,Rèmix,bleeding-hollow,1847,druid,restoration,42,23,19
2581,Oinkme,kiljaeden,1846,druid,restoration,60,30,30
2582,Creamcow,tichondrius,1843,druid,restoration,52,28,24
2583,Mimidelol,tichondrius,1839,druid,restoration,66,36,30
2584,Gluesmoka,icecrown,1836,druid,restoration,54,31,23
2585,Taiwanzz,tichondrius,1836,druid,restoration,49,25,24
2586,Gankstanerdz,tichondrius,1835,druid,restoration,113,55,58
2587,Reehz,stormrage,1834,druid,restoration,53,25,28
2588,Tokesh,malganis,1830,druid,restoration,48,22,26
2589,Bodytwisting,tichondrius,1828,druid,restoration,48,29,19
2590,Lotiononmyd,illidan,1828,druid,restoration,135,74,61
2591,Pvpgold,illidan,1827,druid,restoration,71,39,32
2592,Rerolldr,firetree,1826,druid,restoration,42,24,18
2593,Heymeow,tichondrius,1825,druid,restoration,60,24,36
2594,Lenya,bleeding-hollow,1821,druid,restoration,63,34,29
2595,Brendenjr,area-52,1819,druid,restoration,45,32,13
2596,Leafowl,tichondrius,1817,druid,restoration,36,22,14
2597,Currants,lightbringer,1815,druid,restoration,132,61,71
2598,Taaienberg,sargeras,1814,druid,restoration,42,23,19
2599,Geddoff,stormrage,1813,druid,restoration,81,38,43
2600,Tunnaris,ragnaros,1811,druid,restoration,71,33,38
2601,Kenái,nemesis,1810,druid,restoration,30,19,11
2602,Hlchs,tichondrius,1810,druid,restoration,36,22,14
2603,Corcovado,bleeding-hollow,1809,druid,restoration,66,31,35
2604,Yggdrasil,ravencrest,1805,druid,restoration,65,31,34
2605,Kayorva,gurubashi,1804,druid,restoration,47,24,23
2606,Playstyle,stormrage,1801,druid,restoration,49,25,24
2607,Nayko,sargeras,1801,druid,restoration,72,30,42
2608,Ivý,shadowsong,1800,druid,restoration,41,28,13
2609,Mengyu,tichondrius,1800,druid,restoration,64,41,23
2610,Héisénbérg,sargeras,1800,druid,restoration,81,44,37
2611,Jegara,auchindoun,1800,druid,restoration,137,74,63
2612,Reizzy,sargeras,1793,druid,restoration,72,35,37
2613,Jdown,dalaran,1772,druid,restoration,76,43,33
2614,Kruisberg,sargeras,1769,druid,restoration,29,19,10
2615,Sùlyvahn,tichondrius,1761,druid,restoration,57,30,27
2616,Corbind,arthas,1739,druid,restoration,185,95,90
2617,Surefacts,dathremar,1738,druid,restoration,40,21,19
2618,Branchmanagr,dark-iron,1736,druid,restoration,54,23,31
2619,Janzak,thrall,1735,druid,restoration,36,20,16
2620,Ekr,tichondrius,1733,druid,restoration,48,24,24
2621,Thundercast,quelthalas,1730,druid,restoration,50,28,22
2622,Airmeodaddy,barthilas,1730,druid,restoration,44,24,20
2623,Fattdiabetic,tichondrius,1726,druid,restoration,42,24,18
2624,Dirtdog,uther,1719,druid,restoration,53,25,28
2625,Drjelly,tichondrius,1707,druid,restoration,76,32,44
2626,Zyhsul,emerald-dream,1704,druid,restoration,30,19,11
2627,Hideurkidz,tichondrius,1699,druid,restoration,39,23,16
2628,Facegotrake,stormrage,1698,druid,restoration,66,39,27
2629,Pizzatimex,zuluhed,1698,druid,restoration,72,38,34
2630,Remus,hydraxis,1696,druid,restoration,48,23,25
2631,Socialyst,area-52,1688,druid,restoration,35,21,14
2632,Gotheels,illidan,1685,druid,restoration,29,18,11
2633,Flowen,spinebreaker,1684,druid,restoration,42,20,22
2634,Treenleaves,stormrage,1675,druid,restoration,300,154,146
2635,Thasta,blackrock,1674,druid,restoration,100,52,48
2636,Boonsogan,tichondrius,1672,druid,restoration,36,18,18
2637,Woshiyigede,frostmourne,1669,druid,restoration,42,19,23
2638,Legitonedge,zuljin,1662,druid,restoration,55,30,25
2639,Anaps,frostmourne,1656,druid,restoration,42,25,17
2640,Zoteqt,kelthuzad,1653,druid,restoration,36,21,15
2641,Dendrix,area-52,1653,druid,restoration,48,26,22
2642,Addiedru,zuljin,1650,druid,restoration,45,23,22
2643,Druidstin,tichondrius,1649,druid,restoration,162,84,78
2644,Defteras,illidan,1647,druid,restoration,42,21,21
2645,Animalge,sargeras,1643,druid,restoration,60,25,35
2646,Gonimydear,proudmoore,1639,druid,restoration,108,54,54
2647,Images,kilrogg,1638,druid,restoration,54,37,17
2648,Birdfromtree,dalaran,1636,druid,restoration,48,26,22
2649,Pootyleaf,daggerspine,1636,druid,restoration,60,28,32
2650,Légz,area-52,1634,druid,restoration,94,49,45
2651,Pawsbutton,stormrage,1629,druid,restoration,30,20,10
2652,Nikdruidne,tichondrius,1628,druid,restoration,30,17,13
2653,Ymy,tichondrius,1627,druid,restoration,30,17,13
2654,Cienza,proudmoore,1625,druid,restoration,54,26,28
2655,Acdru,tichondrius,1624,druid,restoration,54,26,28
2656,Wolfis,malganis,1622,druid,restoration,36,20,16
2657,Lifeboomer,ragnaros,1621,druid,restoration,37,26,11
2658,Notpodruida,tichondrius,1621,druid,restoration,36,21,15
2659,Kaperij,sargeras,1617,druid,restoration,30,17,13
2660,Holydruid,tichondrius,1617,druid,restoration,36,17,19
2661,Errane,eonar,1616,druid,restoration,85,53,32
2662,Asmitar,illidan,1616,druid,restoration,36,22,14
2663,Bexdru,area-52,1616,druid,restoration,206,102,104
2664,Muhu,frostmourne,1615,druid,restoration,60,35,25
2665,Shinjis,tichondrius,1615,druid,restoration,36,18,18
2666,Gødriç,tichondrius,1614,druid,restoration,221,112,109
2667,Gulperberg,sargeras,1612,druid,restoration,30,25,5
2668,Hxm,tichondrius,1611,druid,restoration,35,17,18
2669,Hideurchickn,tichondrius,1609,druid,restoration,36,23,13
2670,Sanitizer,tichondrius,1607,druid,restoration,36,20,16
2671,Fhiziod,kelthuzad,1606,druid,restoration,74,44,30
2672,Kurrious,frostmourne,1605,druid,restoration,40,18,22
2673,Yavannita,quelthalas,1600,druid,restoration,57,36,21
2674,Commercii,tichondrius,1600,druid,restoration,36,19,17
2675,Erral,malganis,1597,druid,restoration,57,26,31
2676,Hdruid,tichondrius,1596,druid,restoration,43,25,18
2677,Kaleaky,thrall,1595,druid,restoration,93,50,43
2678,Naturae,spirestone,1595,druid,restoration,82,42,40
2679,Sixthsex,tichondrius,1593,druid,restoration,83,43,40
2680,Riiccflaiir,stormrage,1584,druid,restoration,45,28,17
2681,Poscow,tichondrius,1583,druid,restoration,45,25,20
2682,Cheddy,tichondrius,1582,druid,restoration,59,33,26
2683,Ellystarry,stormrage,1578,druid,restoration,36,19,17
2684,Meruemoo,tichondrius,1575,druid,restoration,216,113,103
2685,Methyld,frostmourne,1574,druid,restoration,90,36,54
2686,Duragx,bleeding-hollow,1567,druid,restoration,100,62,38
2687,Douwantoplay,tichondrius,1567,druid,restoration,36,19,17
2688,Arwëna,tichondrius,1566,druid,restoration,60,34,26
2689,Zyzzema,frostmourne,1559,druid,restoration,174,82,92
2690,Relbedo,sargeras,1558,druid,restoration,75,39,36
2691,Manycyclones,zuluhed,1556,druid,restoration,54,27,27
2692,Ursiiday,sargeras,1553,druid,restoration,42,19,23
2693,Aberdare,tichondrius,1546,druid,restoration,58,37,21
2694,Psyqobloom,dalaran,1546,druid,restoration,58,33,25
2695,Silentbeer,frostmourne,1545,druid,restoration,144,72,72
2696,Rizzit,wyrmrest-accord,1544,druid,restoration,170,94,76
2697,Hayase,tichondrius,1542,druid,restoration,36,22,14
2698,Lubbeck,stormrage,1538,druid,restoration,98,53,45
2699,Morphiq,tichondrius,1537,druid,restoration,93,51,42
2700,Dbk,suramar,1534,druid,restoration,72,49,23
2701,Hravan,dentarg,1534,druid,restoration,49,26,23
2702,Nikotser,dreadmaul,1531,druid,restoration,39,18,21
2703,Clameo,barthilas,1529,druid,restoration,30,16,14
2704,Selling,moon-guard,1525,druid,restoration,48,23,25
2705,Mortqt,tichondrius,1524,druid,restoration,96,44,52
2706,Lobsterdruid,area-52,1521,druid,restoration,24,16,8
2707,Widescreen,burning-blade,1509,druid,restoration,209,109,100
2708,Terkpla,ragnaros,1508,druid,restoration,53,28,25
2709,Kimnim,tichondrius,1500,druid,restoration,106,57,49
2710,Redpigo,tichondrius,1497,druid,restoration,36,18,18
2711,Pëndulum,illidan,1497,druid,restoration,66,29,37
2712,Akeven,illidan,1491,druid,restoration,66,30,36
2713,Poliage,moon-guard,1489,druid,restoration,99,44,55
2714,Sarrati,emerald-dream,1488,druid,restoration,158,81,77
2715,Lilbigcow,gnomeregan,1484,druid,restoration,123,49,74
2716,Rowlex,moon-guard,1483,druid,restoration,22,17,5
2717,Venomgtz,laughing-skull,1477,druid,restoration,63,37,26
2718,Cndistance,tichondrius,1476,druid,restoration,59,29,30
2719,Growl,jubeithos,1476,druid,restoration,48,19,29
2720,Lutein,tichondrius,1474,druid,restoration,77,31,46
2721,Shapedance,sargeras,1469,druid,restoration,36,16,20
2722,Bobx,kelthuzad,1467,druid,restoration,66,26,40
2723,Unpeelable,stormrage,1460,druid,restoration,24,16,8
2724,Volktots,bleeding-hollow,1459,druid,restoration,60,34,26
2725,Elliar,akama,1459,druid,restoration,72,35,37
2726,Staraborn,stormrage,1458,druid,restoration,249,135,114
2727,Faramar,sargeras,1456,druid,restoration,35,16,19
2728,Berzz,frostmourne,1455,druid,restoration,217,105,112
2729,Lauramavra,azralon,1453,druid,restoration,125,70,55
2730,Cutely,tichondrius,1452,druid,restoration,153,77,76
2731,Verkara,stormrage,1452,druid,restoration,76,35,41
2732,Meepø,mugthol,1451,druid,restoration,103,56,47
2733,Busanmilk,tichondrius,1445,druid,restoration,60,29,31
2734,Rikishi,executus,1441,druid,restoration,46,24,22
2735,Rwi,tichondrius,1439,druid,restoration,90,46,44
2736,Prevail,nazgrel,1438,druid,restoration,60,34,26
2737,Jathy,area-52,1437,druid,restoration,36,15,21
2738,Drøgbä,tichondrius,1436,druid,restoration,24,15,9
2739,Vuru,azralon,1432,druid,restoration,72,33,39
2740,Zrobloom,stormrage,1432,druid,restoration,36,15,21
2741,Swiftydel,frostmourne,1431,druid,restoration,46,24,22
2742,Sakpase,area-52,1428,druid,restoration,30,15,15
2743,Strokingmyd,illidan,1427,druid,restoration,63,31,32
2744,Hyne,emerald-dream,1425,druid,restoration,114,62,52
2745,Horymory,darkspear,1423,druid,restoration,96,51,45
2746,Haymade,sargeras,1423,druid,restoration,54,25,29
2747,Approx,tichondrius,1423,druid,restoration,109,50,59
2748,Dkfm,thrall,1419,druid,restoration,253,132,121
2749,Xhoz,tichondrius,1418,druid,restoration,126,69,57
2750,Komaner,frostmourne,1414,druid,restoration,48,21,27
2751,Kaerrort,sargeras,1412,druid,restoration,26,15,11
2752,Petmydeadcow,illidan,1403,druid,restoration,93,49,44
2753,Seamandeman,sargeras,1403,druid,restoration,56,27,29
2754,Bruujz,moon-guard,1402,druid,restoration,36,22,14
2755,Sxlanderx,malganis,1402,druid,restoration,75,37,38
2756,Biggucci,stonemaul,1399,druid,restoration,30,18,12
2757,Caipirinha,tichondrius,1399,druid,restoration,29,15,14
2758,Seizuressld,stormrage,1395,druid,restoration,81,46,35
2759,Greylyth,moon-guard,1392,druid,restoration,42,18,24
2760,Evokade,dalaran,1390,druid,restoration,24,15,9
2761,Nanniel,tichondrius,1383,druid,restoration,54,24,30
2762,Icastsmells,tichondrius,1381,druid,restoration,57,36,21
2763,Kuwä,proudmoore,1381,druid,restoration,40,20,20
2764,Rlzdruid,tichondrius,1380,druid,restoration,36,15,21
2765,Okiesmokied,proudmoore,1378,druid,restoration,30,17,13
2766,Maaui,sargeras,1374,druid,restoration,48,24,24
2767,Farmageddon,thunderhorn,1372,druid,restoration,44,27,17
2768,Yoshí,emerald-dream,1372,druid,restoration,39,19,20
2769,Oobuck,kilrogg,1371,druid,restoration,75,41,34
2770,Azshunara,moon-guard,1369,druid,restoration,84,43,41
2771,Deamondruidz,kaelthas,1367,druid,restoration,78,31,47
2772,Lorern,eldrethalas,1363,druid,restoration,42,20,22
2773,Vondutch,tichondrius,1362,druid,restoration,60,24,36
2774,Shifftycent,trollbane,1359,druid,restoration,54,26,28
2775,Amandi,magtheridon,1358,druid,restoration,36,20,16
2776,Meniscus,arthas,1357,druid,restoration,47,15,32
2777,Kergai,emerald-dream,1355,druid,restoration,102,53,49
2778,Edraen,zuljin,1355,druid,restoration,113,55,58
2779,Onblue,tichondrius,1347,druid,restoration,38,22,16
2780,Melbian,tichondrius,1345,druid,restoration,118,69,49
2781,Classydruid,spinebreaker,1344,druid,restoration,116,56,60
2782,Delody,tichondrius,1343,druid,restoration,38,23,15
2783,Bemelerberg,sargeras,1343,druid,restoration,24,14,10
2784,Germlol,sargeras,1342,druid,restoration,24,14,10
2785,Soreze,kelthuzad,1341,druid,restoration,18,14,4
2786,Qdeb,akama,1340,druid,restoration,30,14,16
2787,Groschats,area-52,1339,druid,restoration,42,14,28
2788,Ripberg,chogall,1338,druid,restoration,30,14,16
2789,Cznfik,area-52,1338,druid,restoration,78,32,46
2790,Lusam,korialstrasz,1337,druid,restoration,28,15,13
2791,Jimjab,stormreaver,1334,druid,restoration,48,29,19
2792,Anchunlol,tichondrius,1332,druid,restoration,36,18,18
2793,Mudpi,illidan,1332,druid,restoration,71,34,37
2794,Kevarcen,dalaran,1331,druid,restoration,42,20,22
2795,Izzabelle,deathwing,1330,druid,restoration,25,16,9
2796,Pilcosbie,stormrage,1327,druid,restoration,24,14,10
2797,Hynz,barthilas,1327,druid,restoration,36,15,21
2798,Vakimumu,anubarak,1322,druid,restoration,30,14,16
2799,Joopsy,tichondrius,1321,druid,restoration,130,71,59
2800,Youngteezy,barthilas,1319,druid,restoration,142,53,89
2801,Zelyvia,moon-guard,1313,druid,restoration,24,14,10
2802,Freehealjob,lightnings-blade,1313,druid,restoration,30,14,16
2803,Kzinti,zuluhed,1312,druid,restoration,30,14,16
2804,Girthture,tichondrius,1311,druid,restoration,59,27,32
2805,Donnà,tichondrius,1310,druid,restoration,43,21,22
2806,Speaks,moon-guard,1309,druid,restoration,29,15,14
2807,Nestaballo,illidan,1308,druid,restoration,87,45,42
2808,Arkenix,velen,1307,druid,restoration,30,14,16
2809,Ghirox,stormrage,1306,druid,restoration,54,26,28
2810,Skotty,hyjal,1306,druid,restoration,48,23,25
2811,Gaawdx,illidan,1303,druid,restoration,54,25,29
2812,Purpleleaves,stormrage,1299,druid,restoration,119,51,68
2813,Haneulso,tichondrius,1298,druid,restoration,48,27,21
2814,Kerrzo,frostmourne,1297,druid,restoration,24,14,10
2815,Aaughh,sargeras,1297,druid,restoration,70,33,37
2816,Concordya,tichondrius,1296,druid,restoration,35,23,12
2817,Plagiarist,stormrage,1295,druid,restoration,44,20,24
2818,Nxghtfall,tichondrius,1294,druid,restoration,116,61,55
2819,Caustìk,malganis,1291,druid,restoration,70,38,32
2820,Standee,sargeras,1290,druid,restoration,48,18,30
2821,Magicrock,moon-guard,1285,druid,restoration,42,23,19
2822,Romcom,demon-soul,1282,druid,restoration,42,25,17
2823,Ananan,burning-blade,1282,druid,restoration,101,49,52
2824,Hehaw,kelthuzad,1281,druid,restoration,24,14,10
2825,Rawbacon,blackrock,1281,druid,restoration,40,15,25
2826,Nogàrd,arygos,1279,druid,restoration,23,14,9
2827,Amatxu,ragnaros,1278,druid,restoration,102,52,50
2828,Zambyr,azralon,1278,druid,restoration,66,28,38
2829,Entydruid,khazgoroth,1276,druid,restoration,29,17,12
2830,Nanate,sargeras,1273,druid,restoration,29,17,12
2831,Thericebags,illidan,1272,druid,restoration,161,86,75
2832,Druinin,archimonde,1272,druid,restoration,32,14,18
2833,Odcerberus,azralon,1267,druid,restoration,36,18,18
2834,Tallenzz,lightninghoof,1265,druid,restoration,96,53,43
2835,Slév,frostmourne,1263,druid,restoration,35,17,18
2836,Lindi,kelthuzad,1257,druid,restoration,78,42,36
2837,Longisland,quelthalas,1257,druid,restoration,65,34,31
2838,Jacknit,illidan,1250,druid,restoration,28,15,13
2839,Phåtkid,darkspear,1250,druid,restoration,36,15,21
2840,Gorillagloo,area-52,1249,druid,restoration,49,25,24
2841,Tìssuebox,malganis,1249,druid,restoration,57,25,32
2842,Druidnim,tichondrius,1249,druid,restoration,48,15,33
2843,Ninzor,tichondrius,1247,druid,restoration,30,13,17
2844,Ziegey,tichondrius,1246,druid,restoration,24,13,11
2845,Jonculler,korgath,1246,druid,restoration,54,26,28
2846,Goosebümps,stormrage,1242,druid,restoration,24,13,11
2847,Roen,tichondrius,1242,druid,restoration,28,14,14
2848,Leleoceo,azralon,1239,druid,restoration,18,13,5
2849,Healingcute,tichondrius,1239,druid,restoration,131,70,61
2850,Kybecruz,stormrage,1239,druid,restoration,42,16,26
2851,Feldstarx,stormrage,1238,druid,restoration,24,13,11
2852,Moonyy,emerald-dream,1235,druid,restoration,30,13,17
2853,Shanê,proudmoore,1233,druid,restoration,36,18,18
2854,Veganz,moon-guard,1233,druid,restoration,145,71,74
2855,Anotherstar,frostmourne,1233,druid,restoration,48,18,30
2856,Svarne,kiljaeden,1232,druid,restoration,59,29,30
2857,Whispurrz,tichondrius,1231,druid,restoration,129,70,59
2858,Shekelsnätch,area-52,1231,druid,restoration,42,21,21
2859,Smilax,eonar,1231,druid,restoration,71,29,42
2860,Morphios,barthilas,1231,druid,restoration,42,17,25
2861,Slev,frostmourne,1229,druid,restoration,24,13,11
2862,Gladelf,sargeras,1229,druid,restoration,194,95,99
2863,Groõt,barthilas,1228,druid,restoration,81,32,49
2864,Clubroot,sargeras,1228,druid,restoration,36,13,23
2865,Imakitty,aerie-peak,1226,druid,restoration,121,62,59
2866,Carneluna,area-52,1226,druid,restoration,66,31,35
2867,Wildwhisper,moon-guard,1225,druid,restoration,96,50,46
2868,Druidkingdk,stormrage,1218,druid,restoration,29,18,11
2869,Dokasaurus,lightbringer,1218,druid,restoration,30,13,17
2870,Ännä,moon-guard,1217,druid,restoration,30,13,17
2871,Würzel,nemesis,1210,druid,restoration,72,38,34
2872,Ulfaren,frostmourne,1209,druid,restoration,24,15,9
2873,Fatshift,chogall,1207,druid,restoration,60,31,29
2874,Santiagowski,ragnaros,1207,druid,restoration,30,13,17
2875,Suye,tichondrius,1206,druid,restoration,60,26,34
2876,Gryel,area-52,1205,druid,restoration,72,40,32
2877,Driftwood,bonechewer,1203,druid,restoration,42,16,26
2878,Meôwmix,stormrage,1202,druid,restoration,24,13,11
2879,Cuddles,moon-guard,1201,druid,restoration,137,67,70
2880,Bikacat,kelthuzad,1200,druid,restoration,24,13,11
2881,Katherine,moon-guard,1199,druid,restoration,108,48,60
2882,Yakuho,proudmoore,1195,druid,restoration,26,16,10
2883,Sweetcorn,malganis,1192,druid,restoration,40,16,24
2884,Gossìpgoat,frostmourne,1191,druid,restoration,80,38,42
2885,Ahylen,quelthalas,1188,druid,restoration,48,22,26
2886,Greenvibes,drakkari,1187,druid,restoration,36,20,16
2887,Adarindre,aerie-peak,1185,druid,restoration,93,46,47
2888,Pawpurrazzi,moon-guard,1183,druid,restoration,17,13,4
2889,Valeñtine,dalaran,1179,druid,restoration,78,39,39
2890,Samerax,vashj,1177,druid,restoration,39,20,19
2891,Hruke,illidan,1173,druid,restoration,42,17,25
2892,Dankcentral,frostwolf,1171,druid,restoration,76,41,35
2893,Schlotzsky,skullcrusher,1171,druid,restoration,69,37,32
2894,Mf,stormscale,1171,druid,restoration,30,14,16
2895,Matpd,norgannon,1165,druid,restoration,124,61,63
2896,Sinseir,stormscale,1164,druid,restoration,58,22,36
2897,Dobidas,tichondrius,1163,druid,restoration,30,17,13
2898,Travys,sargeras,1163,druid,restoration,30,13,17
2899,Yellowstone,drakthul,1162,druid,restoration,30,15,15
2900,Cowtox,moon-guard,1160,druid,restoration,39,19,20
2901,Lenori,vashj,1159,druid,restoration,48,24,24
2902,Smhyle,frostmourne,1158,druid,restoration,41,21,20
2903,Kasannaommi,sargeras,1157,druid,restoration,42,22,20
2904,Alphalemon,ragnaros,1156,druid,restoration,51,25,26
2905,Dchizzle,tichondrius,1156,druid,restoration,33,15,18
2906,Xzerhos,area-52,1154,druid,restoration,139,67,72
2907,Darksteak,tichondrius,1153,druid,restoration,39,17,22
2908,Doah,kelthuzad,1152,druid,restoration,24,12,12
2909,Spiritot,tichondrius,1152,druid,restoration,24,12,12
2910,Rekelberg,sargeras,1151,druid,restoration,18,12,6
2911,Floofi,kelthuzad,1151,druid,restoration,24,12,12
2912,Dancesdru,area-52,1151,druid,restoration,24,12,12
2913,Jonnygg,illidan,1151,druid,restoration,30,12,18
2914,Vesoween,tichondrius,1150,druid,restoration,22,13,9
2915,Enrÿu,nemesis,1149,druid,restoration,30,12,18
2916,Mommymilkers,jubeithos,1149,druid,restoration,54,14,40
2917,Æpex,lightnings-blade,1148,druid,restoration,30,16,14
2918,Tondrai,malganis,1147,druid,restoration,24,12,12
2919,Luckyslot,frostmourne,1146,druid,restoration,24,12,12
2920,Junglefists,frostmourne,1145,druid,restoration,60,28,32
2921,Skibbidy,boulderfist,1145,druid,restoration,33,14,19
2922,Iambeefy,hyjal,1143,druid,restoration,153,72,81
2923,Tyrs,aggramar,1140,druid,restoration,35,15,20
2924,Jijunss,tichondrius,1137,druid,restoration,23,13,10
2925,Pumma,darkspear,1134,druid,restoration,28,13,15
2926,Foxbear,garona,1127,druid,restoration,51,33,18
2927,Sloptoucher,barthilas,1126,druid,restoration,24,12,12
2928,Volgoro,thrall,1124,druid,restoration,42,17,25
2929,Hotkage,tichondrius,1120,druid,restoration,18,12,6
2930,Höneyfang,moon-guard,1120,druid,restoration,35,23,12
2931,Aryawilliams,area-52,1119,druid,restoration,23,12,11
2932,Hðthead,area-52,1118,druid,restoration,54,26,28
2933,Dimzim,lightbringer,1117,druid,restoration,24,12,12
2934,Careless,destromath,1116,druid,restoration,24,12,12
2935,Iheartpvp,tichondrius,1114,druid,restoration,30,15,15
2936,Toslick,kelthuzad,1114,druid,restoration,57,23,34
2937,Jruids,stormrage,1111,druid,restoration,36,12,24
2938,Clawriander,barthilas,1110,druid,restoration,71,37,34
2939,Katdog,warsong,1109,druid,restoration,33,22,11
2940,Pmsprone,tichondrius,1109,druid,restoration,30,17,13
2941,Chowyunfats,proudmoore,1106,druid,restoration,301,155,146
2942,Müfasä,azralon,1106,druid,restoration,54,25,29
2943,Maddoxi,stormrage,1106,druid,restoration,30,12,18
2944,Sharinna,andorhal,1106,druid,restoration,38,14,24
2945,Furfu,illidan,1104,druid,restoration,74,33,41
2946,Elylaylalar,moon-guard,1104,druid,restoration,30,13,17
2947,Skymund,tichondrius,1095,druid,restoration,38,19,19
2948,Jabina,detheroc,1093,druid,restoration,54,16,38
2949,Mcriblet,illidan,1091,druid,restoration,24,12,12
2950,Kittne,hellscream,1089,druid,restoration,48,24,24
2951,Rhatir,stormrage,1081,druid,restoration,47,16,31
2952,Vollzar,sargeras,1072,druid,restoration,38,14,24
2953,Slleep,tichondrius,1069,druid,restoration,48,25,23
2954,Baduret,dalaran,1067,druid,restoration,19,12,7
2955,Gimborion,stormrage,1066,druid,restoration,48,23,25
2956,Nöches,quelthalas,1065,druid,restoration,32,12,20
2957,Macdonah,tichondrius,1064,druid,restoration,18,13,5
2958,Buffalobillz,lethon,1062,druid,restoration,40,25,15
2959,Creamjr,tichondrius,1056,druid,restoration,18,11,7
2960,Bobd,proudmoore,1056,druid,restoration,18,11,7
2961,Whhm,burning-blade,1056,druid,restoration,24,11,13
2962,Bigtimers,illidan,1056,druid,restoration,24,11,13
2963,Udoyu,barthilas,1056,druid,restoration,24,11,13
2964,Poscod,tichondrius,1055,druid,restoration,18,11,7
2965,Vecuronium,tichondrius,1055,druid,restoration,18,11,7
2966,Boomtastik,frostmourne,1055,druid,restoration,24,11,13
2967,Goodhealer,akama,1054,druid,restoration,42,26,16
2968,Áçxpërt,jubeithos,1052,druid,restoration,18,11,7
2969,Israh,malygos,1052,druid,restoration,26,15,11
2970,Yorch,stormrage,1052,druid,restoration,60,28,32
2971,Chevy,onyxia,1052,druid,restoration,48,11,37
2972,Undaunted,bloodhoof,1051,druid,restoration,24,11,13
2973,Agranock,nazgrel,1050,druid,restoration,52,26,26
2974,Eraticdruid,illidan,1050,druid,restoration,24,11,13
2975,Phxburn,illidan,1050,druid,restoration,30,11,19
2976,Eredorn,darkspear,1049,druid,restoration,24,18,6
2977,Sodury,tichondrius,1049,druid,restoration,48,25,23
2978,Funnydruid,frostmourne,1047,druid,restoration,36,18,18
2979,Anothersalad,stormrage,1047,druid,restoration,48,23,25
2980,Cratose,runetotem,1047,druid,restoration,41,17,24
2981,Yimii,stormrage,1046,druid,restoration,18,11,7
2982,Zadayos,aerie-peak,1044,druid,restoration,30,16,14
2983,Druilicious,ghostlands,1043,druid,restoration,55,27,28
2984,Feaveldin,moon-guard,1041,druid,restoration,18,11,7
2985,Jimmycooks,tichondrius,1039,druid,restoration,18,11,7
2986,Beladrexx,stormrage,1035,druid,restoration,30,11,19
2987,Beefcurtâins,aggramar,1032,druid,restoration,18,11,7
2988,Fionnbharr,ragnaros,1031,druid,restoration,76,35,41
2989,Bindudream,frostmane,1026,druid,restoration,48,24,24
2990,Janaki,malygos,1024,druid,restoration,30,13,17
2991,Imcop,tichondrius,1020,druid,restoration,18,11,7
2992,Quarantinia,arathor,1020,druid,restoration,30,16,14
2993,Xarressian,moon-guard,1019,druid,restoration,24,11,13
2994,Sonrius,proudmoore,1017,druid,restoration,52,25,27
2995,Feanah,tichondrius,1017,druid,restoration,26,12,14
2996,Rivetrix,azralon,1007,druid,restoration,103,49,54
2997,Duducows,tichondrius,1007,druid,restoration,35,12,23
2998,Katochi,area-52,1006,druid,restoration,30,16,14
2999,Keladria,bleeding-hollow,1002,druid,restoration,102,55,47
3000,Yeahhots,frostmourne,1000,druid,restoration,15,12,3
3001,Guron,aegwynn,1000,druid,restoration,53,28,25
3002,Mainera,sargeras,1000,druid,restoration,26,12,14
3003,Bethemarble,sargeras,996,druid,restoration,29,16,13
3004,Alfurr,tichondrius,994,druid,restoration,85,43,42
3005,Ourse,frostmourne,987,druid,restoration,17,11,6
3006,Canche,arthas,986,druid,restoration,34,19,15
3007,Feralgød,tichondrius,985,druid,restoration,30,11,19
3008,Lutzenberger,nemesis,984,druid,restoration,41,15,26
3009,Lawlz,aegwynn,976,druid,restoration,24,13,11
3010,Santicow,ragnaros,975,druid,restoration,20,11,9
3011,Boomshorts,blackrock,968,druid,restoration,29,14,15
3012,Chopleaf,khadgar,964,druid,restoration,78,39,39
3013,Wiggle,stormscale,962,druid,restoration,44,21,23
3014,Treewik,emerald-dream,961,druid,restoration,79,44,35
3015,Salzadruid,aggramar,960,druid,restoration,12,10,2
3016,Moldragon,crushridge,960,druid,restoration,18,10,8
3017,Rbavny,tichondrius,960,druid,restoration,18,10,8
3018,Hoonjojjyanx,tichondrius,959,druid,restoration,18,10,8
3019,Garbagebutt,burning-legion,959,druid,restoration,18,10,8
3020,Oblackbetty,illidan,959,druid,restoration,39,18,21
3021,Bedlam,zuljin,959,druid,restoration,24,10,14
3022,Blueclàssxx,akama,958,druid,restoration,12,10,2
3023,Uggadruid,malganis,958,druid,restoration,18,10,8
3024,Magzally,stormrage,958,druid,restoration,24,10,14
3025,Lovenug,shadowsong,957,druid,restoration,24,10,14
3026,Ñoobdruid,tichondrius,956,druid,restoration,18,10,8
3027,Cranbérry,sargeras,956,druid,restoration,18,10,8
3028,Vêzpêr,kelthuzad,956,druid,restoration,24,10,14
3029,Lorca,stormrage,955,druid,restoration,12,10,2
3030,Iheartmushu,mannoroth,955,druid,restoration,85,45,40
3031,Pronewb,frostmourne,952,druid,restoration,12,10,2
3032,Trolbearpig,malganis,952,druid,restoration,18,10,8
3033,Dietmilk,sargeras,952,druid,restoration,24,11,13
3034,Bovindickus,tichondrius,952,druid,restoration,24,10,14
3035,Erisya,moon-guard,951,druid,restoration,18,10,8
3036,Fortnitburgr,tichondrius,951,druid,restoration,18,10,8
3037,Wintarz,sargeras,951,druid,restoration,30,10,20
3038,Honeymead,wyrmrest-accord,950,druid,restoration,65,36,29
3039,Yourka,uther,946,druid,restoration,29,15,14
3040,Fatjoints,tichondrius,943,druid,restoration,54,18,36
3041,Maxobviously,stormrage,942,druid,restoration,18,10,8
3042,Kg,cenarion-circle,941,druid,restoration,28,13,15
3043,Shiftaholic,azgalor,940,druid,restoration,33,17,16
3044,Kitnip,proudmoore,939,druid,restoration,18,11,7
3045,Drucaicer,quelthalas,939,druid,restoration,71,38,33
3046,Seceru,proudmoore,938,druid,restoration,52,26,26
3047,Kataless,sargeras,936,druid,restoration,71,37,34
3048,Beecammy,frostmourne,930,druid,restoration,18,10,8
3049,Cloudbreaker,duskwood,923,druid,restoration,18,10,8
3050,Minokawa,kargath,917,druid,restoration,23,10,13
3051,Lazypandas,silvermoon,914,druid,restoration,35,14,21
3052,Diaks,proudmoore,900,druid,restoration,24,12,12
3053,Hentaiboom,kiljaeden,893,druid,restoration,36,16,20
3054,Vengaul,amanthul,892,druid,restoration,24,10,14
3055,Theboy,dalaran,876,druid,restoration,42,13,29
3056,Bunrÿl,thorium-brotherhood,874,druid,restoration,54,24,30
3057,Spikeleaf,tichondrius,864,druid,restoration,12,9,3
3058,Restokinaja,dreadmaul,864,druid,restoration,12,9,3
3059,Hoeba,tichondrius,864,druid,restoration,12,9,3
3060,Bridgerén,tichondrius,864,druid,restoration,12,9,3
3061,Duo,demon-soul,864,druid,restoration,12,9,3
3062,Ppb,illidan,864,druid,restoration,18,9,9
3063,Mmrborrower,icecrown,864,druid,restoration,18,9,9
3064,Ilovejuli,illidan,863,druid,restoration,12,9,3
3065,Dabloleu,illidan,863,druid,restoration,12,9,3
3066,Rejuvenation,kaelthas,863,druid,restoration,12,9,3
3067,Vernaar,laughing-skull,863,druid,restoration,18,9,9
3068,Tugginudders,illidan,863,druid,restoration,30,9,21
3069,Pawsh,tichondrius,862,druid,restoration,12,9,3
3070,Jentzull,tichondrius,862,druid,restoration,12,9,3
3071,Shuffleqlol,stormrage,862,druid,restoration,12,9,3
3072,Chocoo,thaurissan,862,druid,restoration,18,9,9
3073,Dummedruid,illidan,862,druid,restoration,24,9,15
3074,Alindrä,moon-guard,861,druid,restoration,18,9,9
3075,Stetile,azralon,859,druid,restoration,18,9,9
3076,Torofarmeon,quelthalas,854,druid,restoration,18,9,9
3077,Faroo,azralon,854,druid,restoration,24,9,15
3078,Moolan,bleeding-hollow,852,druid,restoration,20,11,9
3079,Barugaf,drakkari,846,druid,restoration,19,10,9
3080,Kanadae,thrall,846,druid,restoration,24,9,15
3081,Uwupollo,ragnaros,846,druid,restoration,42,13,29
3082,Draycø,tichondrius,841,druid,restoration,18,9,9
3083,Fronkysilva,illidan,838,druid,restoration,48,19,29
3084,Gromdruid,azralon,833,druid,restoration,54,26,28
3085,Kittyz,wyrmrest-accord,817,druid,restoration,18,9,9
3086,Elauria,stormreaver,804,druid,restoration,42,17,25
3087,Xxuan,tichondrius,803,druid,restoration,56,13,43
3088,Merawr,arygos,800,druid,restoration,16,9,7
3089,Gypsysoul,barthilas,798,druid,restoration,17,9,8
3090,Mcy,nerzhul,798,druid,restoration,20,9,11
3091,Cannabull,echo-isles,794,druid,restoration,21,10,11
3092,Stamynn,kelthuzad,789,druid,restoration,75,23,52
3093,Sweetgreen,blackrock,783,druid,restoration,11,9,2
3094,Redharp,proudmoore,776,druid,restoration,43,17,26
3095,Ppbdru,tichondrius,768,druid,restoration,12,8,4
3096,Ppm,illidan,768,druid,restoration,12,8,4
3097,Quss,tichondrius,768,druid,restoration,12,8,4
3098,Aljalladtv,bleeding-hollow,768,druid,restoration,12,8,4
3099,Chinadruids,tichondrius,768,druid,restoration,12,8,4
3100,Chinadruides,tichondrius,768,druid,restoration,12,8,4
3101,Ayalia,saurfang,768,druid,restoration,12,8,4
3102,Albafic,illidan,768,druid,restoration,12,8,4
3103,Gsex,nemesis,768,druid,restoration,18,8,10
3104,Restobaby,tichondrius,768,druid,restoration,18,8,10
3105,Alend,alexstrasza,767,druid,restoration,12,8,4
3106,Nerfthedruid,blackrock,767,druid,restoration,12,8,4
3107,Maeo,drenden,767,druid,restoration,12,8,4
3108,Înfamous,thrall,767,druid,restoration,12,8,4
3109,Thetakeout,tichondrius,767,druid,restoration,18,8,10
3110,Durintor,nemesis,767,druid,restoration,18,8,10
3111,Hughcockman,tichondrius,766,druid,restoration,12,8,4
3112,Ohhshiift,tichondrius,766,druid,restoration,18,8,10
3113,Hedwíg,ragnaros,766,druid,restoration,24,8,16
3114,Louisvuittón,area-52,765,druid,restoration,12,8,4
3115,Imnotinhuman,tichondrius,765,druid,restoration,12,8,4
3116,Slee,eredar,764,druid,restoration,12,8,4
3117,Needabandaid,arthas,764,druid,restoration,24,8,16
3118,Tuskdaddie,sargeras,763,druid,restoration,12,8,4
3119,Afonso,frostmourne,763,druid,restoration,18,8,10
3120,Studioghibli,bleeding-hollow,762,druid,restoration,12,8,4
3121,Panacaea,windrunner,762,druid,restoration,12,8,4
3122,Wp,proudmoore,762,druid,restoration,18,8,10
3123,Atalìa,moon-guard,762,druid,restoration,18,8,10
3124,Glenkair,lightnings-blade,762,druid,restoration,18,8,10
3125,Blitzÿ,lothar,761,druid,restoration,12,8,4
3126,Lunkz,tichondrius,760,druid,restoration,24,8,16
3127,Aarandiel,borean-tundra,756,druid,restoration,12,8,4
3128,Rhondarootsy,zuljin,756,druid,restoration,18,8,10
3129,Marrana,altar-of-storms,754,druid,restoration,12,8,4
3130,Friarpuck,nerzhul,747,druid,restoration,12,8,4
3131,Akanx,tichondrius,735,druid,restoration,16,9,7
3132,Ojdidnt,bleeding-hollow,720,druid,restoration,15,9,6
3133,Rdruidchump,the-forgotten-coast,719,druid,restoration,15,9,6
3134,Xîstance,barthilas,717,druid,restoration,23,8,15
3135,Zoeyx,tichondrius,712,druid,restoration,13,9,4
3136,Whiskeyblues,ursin,706,druid,restoration,24,8,16
3137,Sharkhotzlol,frostmourne,688,druid,restoration,19,8,11
3138,Importedalc,zuljin,678,druid,restoration,36,8,28
3139,Treeofangels,nathrezim,672,druid,restoration,12,7,5
3140,Crusch,shattered-halls,672,druid,restoration,12,7,5
3141,Manzar,illidan,672,druid,restoration,12,7,5
3142,Motate,malganis,672,druid,restoration,12,7,5
3143,Bigdockepoch,sargeras,672,druid,restoration,12,7,5
3144,Skitzo,akama,672,druid,restoration,12,7,5
3145,Waxedchest,emerald-dream,672,druid,restoration,12,7,5
3146,Hmoobforshoz,wildhammer,672,druid,restoration,12,7,5
3147,Cameltail,kelthuzad,672,druid,restoration,12,7,5
3148,Yungdoinkski,icecrown,672,druid,restoration,12,7,5
3149,Razberriesz,stormrage,672,druid,restoration,12,7,5
3150,Ddi,frostmourne,672,druid,restoration,12,7,5
3151,Calimei,bladefist,672,druid,restoration,18,7,11
3152,Zblmystic,tichondrius,672,druid,restoration,18,7,11
3153,Binionsolboy,illidan,672,druid,restoration,18,7,11
3154,Kobrah,twisting-nether,672,druid,restoration,18,7,11
3155,Dotsbots,barthilas,672,druid,restoration,18,7,11
3156,Tweeguy,malganis,672,druid,restoration,18,7,11
3157,Wùúkìí,bleeding-hollow,672,druid,restoration,24,7,17
3158,Hugharection,illidan,671,druid,restoration,12,7,5
3159,Zthatchx,shadowmoon,671,druid,restoration,12,7,5
3160,Treelomilo,stormrage,671,druid,restoration,12,7,5
3161,Iâmkyle,darkspear,671,druid,restoration,12,7,5
3162,Chixao,tichondrius,671,druid,restoration,12,7,5
3163,Lilgee,kelthuzad,671,druid,restoration,18,7,11
3164,Wildarumqt,tichondrius,671,druid,restoration,18,7,11
3165,Airmíd,illidan,671,druid,restoration,30,7,23
3166,Kyndel,kiljaeden,670,druid,restoration,12,7,5
3167,Hellahots,spinebreaker,670,druid,restoration,12,7,5
3168,Wreckked,sargeras,670,druid,restoration,18,7,11
3169,Frave,dentarg,670,druid,restoration,24,7,17
3170,Hotpocketz,kiljaeden,670,druid,restoration,28,8,20
3171,Nayelina,stormrage,669,druid,restoration,12,7,5
3172,Dylonomancer,tichondrius,669,druid,restoration,12,7,5
3173,Battiatus,malganis,669,druid,restoration,18,7,11
3174,Rockmeifucan,greymane,669,druid,restoration,24,7,17
3175,Maggiee,arthas,669,druid,restoration,24,7,17
3176,Sneakysoren,kelthuzad,668,druid,restoration,18,7,11
3177,Esyiix,tichondrius,668,druid,restoration,24,7,17
3178,Mïms,area-52,667,druid,restoration,12,7,5
3179,Fovoss,dalaran,663,druid,restoration,12,7,5
3180,Killari,malganis,662,druid,restoration,12,7,5
3181,Chenxguang,tichondrius,660,druid,restoration,12,7,5
3182,Ikova,frostmourne,650,druid,restoration,18,7,11
3183,Gotdruid,sargeras,639,druid,restoration,14,8,6
3184,Riddickd,malfurion,639,druid,restoration,14,8,6
3185,Warmkitteh,kiljaeden,639,druid,restoration,17,7,10
3186,Breathe,ysera,639,druid,restoration,28,7,21
3187,Rígo,frostmourne,622,druid,restoration,15,8,7
3188,Midoriiro,dentarg,612,druid,restoration,25,8,17
3189,Milkz,zuljin,607,druid,restoration,26,7,19
3190,Dinglebops,stormrage,604,druid,restoration,10,7,3
3191,Treesonn,kelthuzad,584,druid,restoration,11,7,4
3192,Dexlol,area-52,576,druid,restoration,6,6,0
3193,Xiaoyi,tichondrius,576,druid,restoration,6,6,0
3194,Moonpaws,frostmourne,576,druid,restoration,12,6,6
3195,Krunks,frostmourne,576,druid,restoration,12,6,6
3196,Kurohîme,illidan,576,druid,restoration,12,6,6
3197,Sawajirii,tichondrius,576,druid,restoration,12,6,6
3198,Admoney,sargeras,576,druid,restoration,12,6,6
3199,Nodeathz,sargeras,576,druid,restoration,12,6,6
3200,Côunsyl,silvermoon,576,druid,restoration,12,6,6
3201,Fryy,balnazzar,576,druid,restoration,12,6,6
3202,Dmxx,kiljaeden,576,druid,restoration,12,6,6
3203,Afkifuthrow,ysera,576,druid,restoration,12,6,6
3204,Acerolita,azralon,576,druid,restoration,12,6,6
3205,Forèst,sargeras,576,druid,restoration,12,6,6
3206,Naturenugget,sargeras,576,druid,restoration,12,6,6
3207,Chinadruidss,tichondrius,576,druid,restoration,12,6,6
3208,Torbock,zuljin,576,druid,restoration,12,6,6
3209,Larryjones,alleria,576,druid,restoration,12,6,6
3210,Daddypompum,tichondrius,576,druid,restoration,12,6,6
3211,Bearys,area-52,576,druid,restoration,12,6,6
3212,Asaphelps,stormrage,576,druid,restoration,12,6,6
3213,Dirtydrood,mugthol,576,druid,restoration,12,6,6
3214,Smeekqtwo,tichondrius,576,druid,restoration,12,6,6
3215,Monkeyxo,kelthuzad,576,druid,restoration,12,6,6
3216,Nomilk,illidan,576,druid,restoration,12,6,6
3217,Xingyejingmi,tichondrius,576,druid,restoration,12,6,6
3218,Gemo,tichondrius,576,druid,restoration,12,6,6
3219,Hawtyforever,tichondrius,576,druid,restoration,18,6,12
3220,Lolomas,proudmoore,576,druid,restoration,18,6,12
3221,Cres,moon-guard,576,druid,restoration,18,6,12
3222,Suublime,ragnaros,576,druid,restoration,18,6,12
3223,Opim,sargeras,576,druid,restoration,18,6,12
3224,Nerglet,aerie-peak,576,druid,restoration,24,6,18
3225,Gosch,stormrage,575,druid,restoration,12,6,6
3226,Clawandørder,tichondrius,575,druid,restoration,12,6,6
3227,Noonoo,frostwolf,575,druid,restoration,12,6,6
3228,Nrp,stormrage,575,druid,restoration,12,6,6
3229,Flôkey,tichondrius,575,druid,restoration,12,6,6
3230,Velauris,sargeras,575,druid,restoration,12,6,6
3231,Kokushe,burning-legion,575,druid,restoration,12,6,6
3232,Cinderellax,illidan,575,druid,restoration,12,6,6
3233,Skullchief,barthilas,575,druid,restoration,16,7,9
3234,Treynî,tichondrius,575,druid,restoration,18,6,12
3235,Tworax,frostmourne,575,druid,restoration,18,6,12
3236,Mithaelar,moon-guard,575,druid,restoration,18,6,12
3237,Poutyface,sargeras,575,druid,restoration,39,7,32
3238,Elpako,ragnaros,574,druid,restoration,6,6,0
3239,Meonk,frostmourne,574,druid,restoration,12,6,6
3240,Carther,korgath,574,druid,restoration,12,6,6
3241,Astraelas,tichondrius,574,druid,restoration,12,6,6
3242,Larc,frostwolf,574,druid,restoration,12,6,6
3243,Aranuir,emerald-dream,574,druid,restoration,18,6,12
3244,Brisketmre,dalaran,574,druid,restoration,36,6,30
3245,Dhannar,proudmoore,573,druid,restoration,6,6,0
3246,Saltyzz,tichondrius,573,druid,restoration,18,6,12
3247,Persiancoco,area-52,572,druid,restoration,12,6,6
3248,Modification,eonar,572,druid,restoration,12,6,6
3249,Nightshiver,bleeding-hollow,572,druid,restoration,12,6,6
3250,Sunneater,azuremyst,571,druid,restoration,12,6,6
3251,Kupaloidzki,proudmoore,571,druid,restoration,12,6,6
3252,Vdubz,blackrock,570,druid,restoration,12,6,6
3253,Aokseer,azralon,570,druid,restoration,12,6,6
3254,Nordway,alexstrasza,569,druid,restoration,12,6,6
3255,Kawanishi,stormrage,567,druid,restoration,12,6,6
3256,Lililililil,stormrage,552,druid,restoration,36,6,30
3257,Qidzerker,arathor,544,druid,restoration,16,6,10
3258,Cudbacrakhed,tichondrius,541,druid,restoration,20,7,13
3259,Maen,kelthuzad,522,druid,restoration,22,7,15
3260,Arthemisgodx,azralon,520,druid,restoration,17,10,7
3261,Lâvazza,tichondrius,510,druid,restoration,16,6,10
3262,Windù,azralon,488,druid,restoration,16,9,7
3263,Bramii,illidan,480,druid,restoration,6,5,1
3264,Nersepha,gurubashi,480,druid,restoration,6,5,1
3265,Baruc,illidan,480,druid,restoration,6,5,1
3266,Bopplejr,tichondrius,480,druid,restoration,6,5,1
3267,Lucked,tichondrius,480,druid,restoration,6,5,1
3268,Justforgame,sargeras,480,druid,restoration,6,5,1
3269,Sevend,tichondrius,480,druid,restoration,6,5,1
3270,Kascatm,area-52,480,druid,restoration,6,5,1
3271,Chaníng,frostmourne,480,druid,restoration,6,5,1
3272,Floray,tichondrius,480,druid,restoration,6,5,1
3273,Dëmoníc,ragnaros,480,druid,restoration,6,5,1
3274,Bigmoran,tichondrius,480,druid,restoration,6,5,1
3275,Brëed,tichondrius,480,druid,restoration,6,5,1
3276,Fanboy,magtheridon,480,druid,restoration,6,5,1
3277,Teslabeam,illidan,480,druid,restoration,12,5,7
3278,Omelet,tichondrius,480,druid,restoration,12,5,7
3279,Jaydog,emerald-dream,480,druid,restoration,12,5,7
3280,Washedgodx,mugthol,480,druid,restoration,12,5,7
3281,Hotgoal,frostmourne,480,druid,restoration,12,5,7
3282,Greeneguy,thrall,480,druid,restoration,12,5,7
3283,Rapttors,zuljin,480,druid,restoration,12,5,7
3284,Judar,barthilas,480,druid,restoration,12,5,7
3285,Wildsïde,tichondrius,480,druid,restoration,12,5,7
3286,Ppbtw,illidan,480,druid,restoration,12,5,7
3287,Zemul,ragnaros,480,druid,restoration,12,5,7
3288,Shartah,zuljin,480,druid,restoration,12,5,7
3289,Moonfannia,malganis,480,druid,restoration,12,5,7
3290,Mâckdâddy,kul-tiras,480,druid,restoration,12,5,7
3291,Lukass,tichondrius,480,druid,restoration,12,5,7
3292,Twentyfour,laughing-skull,480,druid,restoration,12,5,7
3293,Hudada,emerald-dream,480,druid,restoration,12,5,7
3294,Lissette,thrall,480,druid,restoration,12,5,7
3295,Lookhowirun,emerald-dream,480,druid,restoration,12,5,7
3296,Guavajuice,stormrage,480,druid,restoration,16,5,11
3297,Bumbleebee,azralon,480,druid,restoration,18,5,13
3298,Hgoo,tichondrius,480,druid,restoration,18,5,13
3299,Djimbo,kelthuzad,480,druid,restoration,18,5,13
3300,Queiq,malganis,479,druid,restoration,6,5,1
3301,Forest,frostmourne,479,druid,restoration,12,5,7
3302,Dunedaddy,silvermoon,479,druid,restoration,12,5,7
3303,Murkkd,tichondrius,479,druid,restoration,12,5,7
3304,Tyrantha,emerald-dream,479,druid,restoration,12,5,7
3305,Jamona,cenarius,479,druid,restoration,12,5,7
3306,Olegoatjames,darkspear,478,druid,restoration,13,6,7
3307,Natruid,sargeras,478,druid,restoration,12,5,7
3308,Rònaldò,drakthul,478,druid,restoration,12,5,7
3309,Bloodyhoofs,malganis,478,druid,restoration,12,5,7
3310,Pachacamac,dragonmaw,478,druid,restoration,12,5,7
3311,Bäñgarang,tichondrius,478,druid,restoration,12,5,7
3312,Nugren,thrall,478,druid,restoration,24,5,19
3313,Scheppke,bleeding-hollow,477,druid,restoration,12,5,7
3314,Baha,azralon,477,druid,restoration,18,5,13
3315,Wraiven,elune,477,druid,restoration,18,5,13
3316,Kaldrago,detheroc,476,druid,restoration,12,5,7
3317,Phlap,zuljin,476,druid,restoration,12,5,7
3318,Judwen,grizzly-hills,475,druid,restoration,18,5,13
3319,Bobruid,nagrand,469,druid,restoration,19,9,10
3320,Xiaoddi,tichondrius,463,druid,restoration,11,5,6
3321,Semangarbage,tichondrius,457,druid,restoration,15,8,7
3322,Ekj,tichondrius,447,druid,restoration,8,6,2
3323,Movom,tichondrius,447,druid,restoration,11,5,6
3324,Kellogs,malganis,447,druid,restoration,11,5,6
3325,Bigelbows,area-52,432,druid,restoration,15,6,9
3326,Qij,eonar,431,druid,restoration,11,5,6
3327,Gankstababy,tichondrius,426,druid,restoration,20,6,14
3328,Indicahigh,moon-guard,424,druid,restoration,16,7,9
3329,Elvishchamp,mugthol,415,druid,restoration,12,5,7
3330,Oongadunga,tichondrius,415,druid,restoration,14,5,9
3331,Doomky,area-52,384,druid,restoration,6,4,2
3332,Armorkits,area-52,384,druid,restoration,6,4,2
3333,Shroomdealer,kelthuzad,384,druid,restoration,6,4,2
3334,Èmax,barthilas,384,druid,restoration,6,4,2
3335,Dzone,tichondrius,384,druid,restoration,6,4,2
3336,Joeyshiftz,blackrock,384,druid,restoration,6,4,2
3337,Heniuhojia,tichondrius,384,druid,restoration,6,4,2
3338,Kushkilla,malganis,384,druid,restoration,6,4,2
3339,Nøbuchi,kelthuzad,384,druid,restoration,6,4,2
3340,Drazibaz,thrall,384,druid,restoration,6,4,2
3341,Memoryleaks,proudmoore,384,druid,restoration,6,4,2
3342,Cheddastov,illidan,384,druid,restoration,6,4,2
3343,Zbh,tichondrius,384,druid,restoration,6,4,2
3344,Yoona,kiljaeden,384,druid,restoration,6,4,2
3345,Terokky,azralon,384,druid,restoration,6,4,2
3346,Druidlstrudl,moon-guard,384,druid,restoration,6,4,2
3347,Tigranesia,proudmoore,384,druid,restoration,6,4,2
3348,Someshta,sargeras,384,druid,restoration,6,4,2
3349,Lylek,azshara,384,druid,restoration,6,4,2
3350,Treesh,kelthuzad,384,druid,restoration,6,4,2
3351,Bearkîng,stormrage,384,druid,restoration,6,4,2
3352,Erû,ragnaros,384,druid,restoration,6,4,2
3353,Metaindexqt,quelthalas,384,druid,restoration,6,4,2
3354,Êhurricane,dalaran,384,druid,restoration,6,4,2
3355,Bwaccowi,sargeras,384,druid,restoration,12,4,8
3356,Spacaa,kelthuzad,384,druid,restoration,12,4,8
3357,Mkat,illidan,384,druid,restoration,12,4,8
3358,Nocup,illidan,384,druid,restoration,12,4,8
3359,Bumbally,illidan,384,druid,restoration,12,4,8
3360,Hotrecki,kelthuzad,384,druid,restoration,12,4,8
3361,Tofumation,gorgonnash,384,druid,restoration,12,4,8
3362,Momorabbitd,tichondrius,384,druid,restoration,12,4,8
3363,Guybranch,illidan,384,druid,restoration,12,4,8
3364,Kaboomy,moon-guard,384,druid,restoration,12,4,8
3365,Mastahskills,illidan,384,druid,restoration,12,4,8
3366,Flompstomper,skullcrusher,384,druid,restoration,12,4,8
3367,Weedmunchies,kelthuzad,384,druid,restoration,12,4,8
3368,Brittanychan,sargeras,384,druid,restoration,12,4,8
3369,Mastabtw,illidan,384,druid,restoration,12,4,8
3370,Lifebloomlol,area-52,384,druid,restoration,12,4,8
3371,Leatherpig,proudmoore,384,druid,restoration,12,4,8
3372,Polyester,frostmourne,384,druid,restoration,12,4,8
3373,Metaphysìcs,kelthuzad,384,druid,restoration,12,4,8
3374,Thebutterboy,stormrage,384,druid,restoration,12,4,8
3375,Flyshles,frostmourne,384,druid,restoration,12,4,8
3376,Sleepypaws,silvermoon,384,druid,restoration,12,4,8
3377,Chickenwings,ragnaros,384,druid,restoration,12,4,8
3378,Lillenan,illidan,384,druid,restoration,12,4,8
3379,Diglit,malganis,384,druid,restoration,12,4,8
3380,Ohioman,bleeding-hollow,384,druid,restoration,12,4,8
3381,Tarvosx,thrall,384,druid,restoration,18,4,14
3382,Theboyz,zuljin,383,druid,restoration,6,4,2
3383,Bryle,kiljaeden,383,druid,restoration,6,4,2
3384,Zelara,kilrogg,383,druid,restoration,12,4,8
3385,Pahrump,stormrage,383,druid,restoration,12,4,8
3386,Nightflow,emerald-dream,383,druid,restoration,12,4,8
3387,Xay,runetotem,383,druid,restoration,12,4,8
3388,Jonnyutaa,emerald-dream,383,druid,restoration,12,4,8
3389,Markóla,stormrage,383,druid,restoration,12,4,8
3390,Vantorsydmel,proudmoore,383,druid,restoration,12,4,8
3391,Migdrail,nemesis,383,druid,restoration,12,4,8
3392,Gentlesoapp,blackrock,383,druid,restoration,12,4,8
3393,Hazbekbek,area-52,383,druid,restoration,12,4,8
3394,Kvacco,kiljaeden,383,druid,restoration,12,4,8
3395,Posmard,ragnaros,383,druid,restoration,12,4,8
3396,Rikey,thaurissan,383,druid,restoration,18,4,14
3397,Madmandan,moon-guard,383,druid,restoration,18,4,14
3398,Puzzlè,thrall,382,druid,restoration,12,4,8
3399,Guojue,tichondrius,382,druid,restoration,12,4,8
3400,Maldrake,quelthalas,381,druid,restoration,12,4,8
3401,Certzu,moon-guard,381,druid,restoration,18,4,14
3402,Bigbadcow,sargeras,380,druid,restoration,12,4,8
3403,Breakthemm,bonechewer,379,druid,restoration,12,4,8
3404,Metamooseowl,crushridge,379,druid,restoration,12,4,8
3405,Møøncry,ragnaros,377,druid,restoration,22,10,12
3406,Nerfmesoon,sargeras,367,druid,restoration,11,4,7
3407,Reyvin,illidan,362,druid,restoration,20,6,14
3408,Dashíng,proudmoore,348,druid,restoration,11,4,7
3409,Felinedreams,sargeras,330,druid,restoration,8,5,3
3410,Gairen,the-venture-co,318,druid,restoration,8,4,4
3411,Disembles,illidan,288,druid,restoration,6,3,3
3412,Bobobear,proudmoore,288,druid,restoration,6,3,3
3413,Ganizote,ragnaros,288,druid,restoration,6,3,3
3414,Pekingcuckoo,illidan,288,druid,restoration,6,3,3
3415,Antonniel,azralon,288,druid,restoration,6,3,3
3416,Kcazz,thorium-brotherhood,288,druid,restoration,6,3,3
3417,Wythrim,quelthalas,288,druid,restoration,6,3,3
3418,Yllercia,quelthalas,288,druid,restoration,6,3,3
3419,Wâggles,moon-guard,288,druid,restoration,6,3,3
3420,Cutefeetz,moon-guard,288,druid,restoration,6,3,3
3421,Sonicphantom,kelthuzad,288,druid,restoration,6,3,3
3422,Ømí,quelthalas,288,druid,restoration,6,3,3
3423,Erykk,dalaran,288,druid,restoration,6,3,3
3424,Gizho,dark-iron,288,druid,restoration,6,3,3
3425,Sarojna,malganis,288,druid,restoration,6,3,3
3426,Spinach,moon-guard,288,druid,restoration,6,3,3
3427,Lðhnar,malganis,288,druid,restoration,6,3,3
3428,Nokash,tichondrius,288,druid,restoration,6,3,3
3429,Azaran,bleeding-hollow,288,druid,restoration,6,3,3
3430,Ateoate,stormscale,288,druid,restoration,6,3,3
3431,Kollective,sargeras,288,druid,restoration,6,3,3
3432,Mythicdruid,ragnaros,288,druid,restoration,6,3,3
3433,Ayra,sargeras,288,druid,restoration,6,3,3
3434,Owaru,stormrage,288,druid,restoration,6,3,3
3435,Gloomster,tichondrius,288,druid,restoration,6,3,3
3436,Ðeepsixx,burning-legion,288,druid,restoration,6,3,3
3437,Càlthar,sargeras,288,druid,restoration,6,3,3
3438,Hashdxm,tichondrius,288,druid,restoration,6,3,3
3439,Wiskees,sargeras,288,druid,restoration,6,3,3
3440,Druxe,zuljin,288,druid,restoration,6,3,3
3441,Vìdá,tichondrius,288,druid,restoration,6,3,3
3442,Vadroid,dalaran,288,druid,restoration,6,3,3
3443,Ulfvur,nagrand,288,druid,restoration,6,3,3
3444,Tricklein,tichondrius,288,druid,restoration,6,3,3
3445,Reptile,terenas,288,druid,restoration,6,3,3
3446,Eryon,nemesis,288,druid,restoration,6,3,3
3447,Koratan,frostmourne,288,druid,restoration,6,3,3
3448,Mädnhairy,zuljin,288,druid,restoration,6,3,3
3449,Unis,tichondrius,288,druid,restoration,6,3,3
3450,Tarlis,khazgoroth,288,druid,restoration,6,3,3
3451,Noah,altar-of-storms,288,druid,restoration,6,3,3
3452,Naturetazer,sargeras,288,druid,restoration,6,3,3
3453,Sorrinn,tichondrius,288,druid,restoration,6,3,3
3454,Flexxfurion,thrall,288,druid,restoration,6,3,3
3455,Creamsoda,frostmane,288,druid,restoration,6,3,3
3456,Buffjungle,tichondrius,288,druid,restoration,6,3,3
3457,Demitassie,wyrmrest-accord,288,druid,restoration,8,3,5
3458,Overgrowth,zuljin,288,druid,restoration,9,3,6
3459,Arútam,ragnaros,288,druid,restoration,12,3,9
3460,Garrodan,aerie-peak,288,druid,restoration,12,3,9
3461,Quadrivium,stormrage,288,druid,restoration,12,3,9
3462,Sbc,anvilmar,288,druid,restoration,12,3,9
3463,Aurajin,spinebreaker,288,druid,restoration,12,3,9
3464,Monicaduan,frostmourne,288,druid,restoration,12,3,9
3465,Theømega,stormrage,288,druid,restoration,12,3,9
3466,Dipset,khadgar,288,druid,restoration,12,3,9
3467,Blacksimba,area-52,288,druid,restoration,12,3,9
3468,Mattiu,area-52,288,druid,restoration,12,3,9
3469,Cybeé,sargeras,288,druid,restoration,12,3,9
3470,Raptormotoo,lothar,288,druid,restoration,12,3,9
3471,Ayadel,moon-guard,288,druid,restoration,12,3,9
3472,Hoedrufroza,tichondrius,288,druid,restoration,12,3,9
3473,Kanokoho,wyrmrest-accord,288,druid,restoration,12,3,9
3474,Qdrui,tichondrius,288,druid,restoration,12,3,9
3475,Nemoo,tichondrius,288,druid,restoration,12,3,9
3476,Deyz,ysera,288,druid,restoration,12,3,9
3477,Bøo,frostmourne,288,druid,restoration,12,3,9
3478,Silasel,sargeras,288,druid,restoration,12,3,9
3479,Wwkd,illidan,288,druid,restoration,12,3,9
3480,Borbys,sargeras,288,druid,restoration,12,3,9
3481,Martymoo,bleeding-hollow,288,druid,restoration,18,3,15
3482,Giddeonv,draenor,288,druid,restoration,18,3,15
3483,Sefestria,senjin,287,druid,restoration,6,3,3
3484,Budsmoke,stormrage,287,druid,restoration,6,3,3
3485,Harderplease,emerald-dream,287,druid,restoration,6,3,3
3486,Xkcc,perenolde,287,druid,restoration,6,3,3
3487,Bullshifftt,kelthuzad,287,druid,restoration,6,3,3
3488,Breakertime,illidan,287,druid,restoration,6,3,3
3489,Bonemaul,bonechewer,287,druid,restoration,6,3,3
3490,Iamanoob,sargeras,287,druid,restoration,10,4,6
3491,Vulgär,kiljaeden,287,druid,restoration,12,3,9
3492,Cieran,senjin,287,druid,restoration,18,3,15
3493,Drexldrood,cenarius,286,druid,restoration,6,3,3
3494,Bullshiftter,ursin,286,druid,restoration,6,3,3
3495,Fortunecat,illidan,286,druid,restoration,12,3,9
3496,Atim,moon-guard,285,druid,restoration,30,3,27
3497,Anastasyiar,illidan,256,druid,restoration,10,3,7
3498,Gloomy,andorhal,256,druid,restoration,10,3,7
3499,Worgbearpig,destromath,239,druid,restoration,5,3,2
3500,Awkwarder,emerald-dream,239,druid,restoration,11,3,8
3501,Restyblazed,sargeras,234,druid,restoration,8,4,4
3502,Opiumheals,sargeras,234,druid,restoration,8,4,4
3503,Kymopexy,sargeras,234,druid,restoration,17,5,12
3504,Stèvén,tichondrius,233,druid,restoration,13,4,9
3505,Gavdru,tichondrius,223,druid,restoration,8,3,5
3506,Blackmoomba,kiljaeden,192,druid,restoration,4,3,1
3507,Faentz,stormrage,192,druid,restoration,9,3,6
3508,Akinetic,illidan,192,druid,restoration,6,2,4
3509,Tadoo,tichondrius,192,druid,restoration,6,2,4
3510,Goorybud,tichondrius,192,druid,restoration,6,2,4
3511,Owlgz,barthilas,192,druid,restoration,6,2,4
3512,Mcbeef,tichondrius,192,druid,restoration,6,2,4
3513,Fixn,tichondrius,192,druid,restoration,6,2,4
3514,Greentoë,sargeras,192,druid,restoration,6,2,4
3515,Sharialawl,stormreaver,192,druid,restoration,6,2,4
3516,Theblind,korgath,192,druid,restoration,6,2,4
3517,Imlordgumper,illidan,192,druid,restoration,6,2,4
3518,Tempesd,stormrage,192,druid,restoration,6,2,4
3519,Cultnelf,illidan,192,druid,restoration,6,2,4
3520,Megasteak,lightninghoof,192,druid,restoration,6,2,4
3521,Esqueue,stormrage,192,druid,restoration,6,2,4
3522,Duxz,tichondrius,192,druid,restoration,6,2,4
3523,Violyte,tichondrius,192,druid,restoration,6,2,4
3524,Levincy,thrall,192,druid,restoration,6,2,4
3525,Lilcocoxoxo,shadowmoon,192,druid,restoration,6,2,4
3526,Crazywoodowl,tichondrius,192,druid,restoration,6,2,4
3527,Cauroth,azralon,192,druid,restoration,6,2,4
3528,Clonkzy,area-52,192,druid,restoration,6,2,4
3529,Bullbuddy,wyrmrest-accord,192,druid,restoration,6,2,4
3530,Chopotron,ragnaros,192,druid,restoration,6,2,4
3531,Tropikana,burning-legion,192,druid,restoration,6,2,4
3532,Kagekuma,bleeding-hollow,192,druid,restoration,6,2,4
3533,Bomp,malganis,192,druid,restoration,6,2,4
3534,Loganski,korialstrasz,192,druid,restoration,6,2,4
3535,Tickman,altar-of-storms,192,druid,restoration,6,2,4
3536,Awguseon,proudmoore,192,druid,restoration,6,2,4
3537,Acexten,tichondrius,192,druid,restoration,6,2,4
3538,Bigtonkatruk,tichondrius,192,druid,restoration,6,2,4
3539,Psycloned,magtheridon,192,druid,restoration,6,2,4
3540,Loved,stormrage,192,druid,restoration,6,2,4
3541,Droody,earthen-ring,192,druid,restoration,6,2,4
3542,Ghostti,stormrage,192,druid,restoration,6,2,4
3543,Kroshape,stormrage,192,druid,restoration,6,2,4
3544,Hydruidponic,aegwynn,192,druid,restoration,6,2,4
3545,Zils,bleeding-hollow,192,druid,restoration,6,2,4
3546,Bekroh,crushridge,192,druid,restoration,6,2,4
3547,Hawtzi,stormrage,192,druid,restoration,6,2,4
3548,Gretatunberg,skywall,192,druid,restoration,6,2,4
3549,Fastyhands,illidan,192,druid,restoration,6,2,4
3550,Ambassador,kelthuzad,192,druid,restoration,6,2,4
3551,Kaisuckslol,stormrage,192,druid,restoration,6,2,4
3552,Barkcheeks,area-52,192,druid,restoration,6,2,4
3553,Augus,hyjal,192,druid,restoration,6,2,4
3554,Miyeonly,dalaran,192,druid,restoration,6,2,4
3555,Krisdu,kelthuzad,192,druid,restoration,6,2,4
3556,Snugglin,kelthuzad,192,druid,restoration,6,2,4
3557,Nightwinter,area-52,192,druid,restoration,6,2,4
3558,Fracxx,area-52,192,druid,restoration,6,2,4
3559,Haful,emerald-dream,192,druid,restoration,6,2,4
3560,Feeoria,lothar,192,druid,restoration,6,2,4
3561,Hotsx,frostmourne,192,druid,restoration,9,2,7
3562,Sleepyheals,tichondrius,192,druid,restoration,14,3,11
3563,Moonkay,tichondrius,192,druid,restoration,12,2,10
3564,Kittysnuggle,emerald-dream,192,druid,restoration,12,2,10
3565,Aelena,whisperwind,192,druid,restoration,12,2,10
3566,Moocka,ragnaros,192,druid,restoration,12,2,10
3567,Wonderhood,quelthalas,192,druid,restoration,12,2,10
3568,Grullandur,hakkar,192,druid,restoration,12,2,10
3569,Bboikha,quelthalas,192,druid,restoration,12,2,10
3570,Elven,frostmourne,192,druid,restoration,12,2,10
3571,Lunmoon,thrall,192,druid,restoration,12,2,10
3572,Cpksdru,tichondrius,192,druid,restoration,12,2,10
3573,Rootslayer,tichondrius,192,druid,restoration,12,2,10
3574,Morphiius,archimonde,192,druid,restoration,12,2,10
3575,Urhero,sargeras,192,druid,restoration,12,2,10
3576,Kymolyia,sargeras,192,druid,restoration,12,2,10
3577,Ddizz,cairne,192,druid,restoration,12,2,10
3578,Trèè,frostmane,192,druid,restoration,12,2,10
3579,Brutalhealz,aegwynn,192,druid,restoration,18,2,16
3580,Irontree,dunemaul,192,druid,restoration,18,2,16
3581,Clonemunster,frostmourne,192,druid,restoration,18,2,16
3582,Treeoleo,stormrage,191,druid,restoration,6,2,4
3583,Daweed,zuluhed,191,druid,restoration,12,2,10
3584,Äbÿss,tichondrius,191,druid,restoration,12,2,10
3585,Voodooshiftz,emerald-dream,191,druid,restoration,12,2,10
3586,Garritass,moon-guard,189,druid,restoration,29,2,27
3587,Dreamwalk,stormrage,175,druid,restoration,17,3,14
3588,Brbcatsonfir,malganis,175,druid,restoration,22,3,19
3589,Pvptactician,tichondrius,159,druid,restoration,11,4,7
3590,Jeppcat,tichondrius,159,druid,restoration,14,3,11
3591,Frenzymoon,zuljin,144,druid,restoration,3,3,0
3592,Astharon,drakkari,143,druid,restoration,3,3,0
3593,Galind,rexxar,128,druid,restoration,4,2,2
3594,Crunkk,thunderlord,127,druid,restoration,14,2,12
3595,Mollytonasty,demon-soul,96,druid,restoration,6,1,5
3596,Madowl,tichondrius,96,druid,restoration,6,1,5
3597,Carlosd,tichondrius,96,druid,restoration,6,1,5
3598,Feralgo,tichondrius,96,druid,restoration,6,1,5
3599,Tensuen,boulderfist,96,druid,restoration,6,1,5
3600,Fadingfast,frostmourne,96,druid,restoration,6,1,5
3601,Chomperz,tichondrius,96,druid,restoration,6,1,5
3602,Arthridas,wyrmrest-accord,96,druid,restoration,6,1,5
3603,Hellshifterr,tichondrius,96,druid,restoration,6,1,5
3604,Atagoo,tichondrius,96,druid,restoration,6,1,5
3605,Frydaze,tichondrius,96,druid,restoration,6,1,5
3606,Jayto,frostmourne,96,druid,restoration,6,1,5
3607,Devilzown,fenris,96,druid,restoration,6,1,5
3608,Kuaite,azralon,96,druid,restoration,6,1,5
3609,Beldiin,khazgoroth,96,druid,restoration,6,1,5
3610,Macfluff,emerald-dream,96,druid,restoration,6,1,5
3611,Dotdmage,tichondrius,96,druid,restoration,6,1,5
3612,Ttaure,ragnaros,96,druid,restoration,6,1,5
3613,Wotermelon,moon-guard,96,druid,restoration,6,1,5
3614,Ðjx,stormrage,96,druid,restoration,6,1,5
3615,Suncintus,aggramar,96,druid,restoration,6,1,5
3616,Moonfart,zuljin,96,druid,restoration,6,1,5
3617,Rastakant,malganis,96,druid,restoration,6,1,5
3618,Soloqmenace,malganis,96,druid,restoration,6,1,5
3619,Ånxiety,skullcrusher,96,druid,restoration,6,1,5
3620,Istishiã,tichondrius,96,druid,restoration,6,1,5
3621,Nìck,the-scryers,96,druid,restoration,6,1,5
3622,Kurzul,area-52,96,druid,restoration,6,1,5
3623,Caminanube,quelthalas,96,druid,restoration,6,1,5
3624,Hadoriss,kelthuzad,96,druid,restoration,6,1,5
3625,Afrogx,dalaran,96,druid,restoration,6,1,5
3626,Arienne,kelthuzad,96,druid,restoration,6,1,5
3627,Solá,skywall,96,druid,restoration,6,1,5
3628,Natürëblÿät,illidan,96,druid,restoration,6,1,5
3629,Fartsicle,lightnings-blade,96,druid,restoration,6,1,5
3630,Guap,bleeding-hollow,96,druid,restoration,6,1,5
3631,Moocowbear,illidan,96,druid,restoration,6,1,5
3632,Atillah,stormscale,96,druid,restoration,6,1,5
3633,Mandingodam,auchindoun,96,druid,restoration,6,1,5
3634,Starkraven,firetree,96,druid,restoration,6,1,5
3635,Stephonxd,area-52,96,druid,restoration,6,1,5
3636,Nyanncat,frostmourne,96,druid,restoration,7,1,6
3637,Lirilith,shadowsong,96,druid,restoration,16,2,14
3638,Shebleeder,aegwynn,96,druid,restoration,11,1,10
3639,Foracus,sargeras,96,druid,restoration,11,1,10
3640,Krevy,nazgrel,96,druid,restoration,12,1,11
3641,Kaeliah,stormrage,96,druid,restoration,12,1,11
3642,Sinigang,duskwood,96,druid,restoration,12,1,11
3643,Grakzul,blood-furnace,95,druid,restoration,9,2,7
3644,Eliteshift,frostmourne,64,druid,restoration,4,1,3
3645,Pownage,kelthuzad,64,druid,restoration,16,1,15
3646,Smorak,area-52,63,druid,restoration,2,2,0
3647,Neferpitou,fenris,16,druid,restoration,6,1,5
3648,Landro,tichondrius,1577,druid,guardian,41,25,16
3649,Haalls,gallywix,1107,druid,guardian,36,12,24
3650,Crashägásm,proudmoore,1062,druid,guardian,30,15,15
3651,Koan,proudmoore,671,druid,guardian,24,7,17
3652,Multivar,burning-legion,669,druid,guardian,12,7,5
3653,Mordu,rivendare,665,druid,guardian,18,7,11
3654,Kesagake,feathermoon,664,druid,guardian,12,7,5
3655,Agmukar,wyrmrest-accord,659,druid,guardian,12,7,5
3656,Ishiftalot,bleeding-hollow,573,druid,guardian,15,7,8
3657,Giddeonv,draenor,570,druid,guardian,12,6,6
3658,Maraliss,shadowsong,566,druid,guardian,12,6,6
3659,Chärmin,area-52,479,druid,guardian,12,5,7
3660,Balanah,quelthalas,472,druid,guardian,15,6,9
3661,Wraithman,madoran,383,druid,guardian,6,4,2
3662,Sleepyvitals,zuljin,382,druid,guardian,6,4,2
3663,Tankbareass,aerie-peak,382,druid,guardian,18,4,14
3664,Dalidielor,dalaran,288,druid,guardian,6,3,3
3665,Read,boulderfist,288,druid,guardian,12,3,9
3666,Woozydruid,anetheron,288,druid,guardian,12,3,9
3667,Deutschland,whisperwind,288,druid,guardian,12,3,9
3668,Cayinna,altar-of-storms,288,druid,guardian,12,3,9
3669,Manwool,illidan,288,druid,guardian,12,3,9
3670,Mavren,uldaman,286,druid,guardian,6,3,3
3671,Mommyh,duskwood,192,druid,guardian,6,2,4
3672,Battlecát,stormscale,192,druid,guardian,6,2,4
3673,Skrimshaw,burning-legion,192,druid,guardian,6,2,4
3674,Athious,moon-guard,192,druid,guardian,6,2,4
3675,Gornish,azralon,190,druid,guardian,12,2,10
3676,Sixfeetunder,shattered-halls,96,druid,guardian,6,1,5
3677,Bigxworm,gurubashi,96,druid,guardian,6,1,5
3678,Vindecca,kelthuzad,96,druid,guardian,6,1,5
3679,Aurno,queldorei,96,druid,guardian,6,1,5
3680,Wintarz,sargeras,96,druid,guardian,6,1,5
3681,Kylysea,dalaran,96,druid,guardian,12,1,11
3682,Vineclaw,emerald-dream,96,druid,guardian,12,1,11
3683,Lakroz,zuljin,95,druid,guardian,6,1,5
3684,Marvin,stormreaver,2168,druid,feral,89,46,43
3685,Auntsusie,stormrage,2128,druid,feral,95,61,34
3686,Iinkinbio,alleria,2124,druid,feral,84,50,34
3687,Crunchyroll,sargeras,2107,druid,feral,126,69,57
3688,Nyç,sargeras,2073,druid,feral,198,104,94
3689,Bawbe,lightbringer,2059,druid,feral,71,41,30
3690,Abstractf,sargeras,2007,druid,feral,50,34,16
3691,Loser,stormrage,1985,druid,feral,69,35,34
3692,Formrage,jubeithos,1974,druid,feral,131,67,64
3693,Boomboombom,tichondrius,1969,druid,feral,89,54,35
3694,Beomjun,tichondrius,1951,druid,feral,89,49,40
3695,Pdfilewatch,stormrage,1943,druid,feral,42,30,12
3696,Feeg,sargeras,1937,druid,feral,65,33,32
3697,Babekisser,stormrage,1930,druid,feral,118,62,56
3698,Cliodhna,kelthuzad,1928,druid,feral,55,29,26
3699,Trìckyz,tichondrius,1913,druid,feral,80,41,39
3700,Samuel,ravencrest,1897,druid,feral,60,33,27
3701,Amellies,quelthalas,1895,druid,feral,148,77,71
3702,Angryalyu,tichondrius,1893,druid,feral,48,23,25
3703,Fappywapple,kiljaeden,1886,druid,feral,82,43,39
3704,Killuf,quelthalas,1878,druid,feral,71,30,41
3705,Alleae,stormrage,1875,druid,feral,48,30,18
3706,Russiaguy,area-52,1869,druid,feral,259,137,122
3707,Darmari,quelthalas,1852,druid,feral,60,27,33
3708,Rwhatkr,tichondrius,1847,druid,feral,47,20,27
3709,Sammy,scilla,1842,druid,feral,84,40,44
3710,Yukjr,stormrage,1839,druid,feral,131,63,68
3711,Stellar,steamwheedle-cartel,1835,druid,feral,108,52,56
3712,Sappora,illidan,1824,druid,feral,178,92,86
3713,Feignxd,emerald-dream,1823,druid,feral,60,43,17
3714,Nuadris,azralon,1822,druid,feral,168,86,82
3715,Floorz,firetree,1814,druid,feral,36,19,17
3716,Hugecat,tichondrius,1812,druid,feral,60,26,34
3717,Duhfective,proudmoore,1810,druid,feral,41,23,18
3718,Bassy,whisperwind,1810,druid,feral,58,27,31
3719,Henikbite,zuljin,1806,druid,feral,54,29,25
3720,Yayue,tichondrius,1799,druid,feral,60,30,30
3721,Icespicè,tichondrius,1794,druid,feral,66,30,36
3722,Porkonmyfork,frostmourne,1786,druid,feral,28,20,8
3723,Notapn,tichondrius,1786,druid,feral,78,40,38
3724,Proudfurryxo,dragonmaw,1765,druid,feral,50,27,23
3725,Skrambles,mugthol,1756,druid,feral,51,25,26
3726,Jaguar,whisperwind,1745,druid,feral,42,25,17
3727,Lemön,frostmourne,1745,druid,feral,42,21,21
3728,Chrye,tichondrius,1743,druid,feral,45,27,18
3729,Kobez,bleeding-hollow,1732,druid,feral,48,27,21
3730,Extic,sargeras,1730,druid,feral,60,35,25
3731,Blrr,sargeras,1730,druid,feral,54,25,29
3732,Lucky,destromath,1724,druid,feral,102,50,52
3733,Nrp,stormrage,1716,druid,feral,78,30,48
3734,Duzis,tichondrius,1713,druid,feral,30,18,12
3735,Addymeow,drenden,1709,druid,feral,54,30,24
3736,Thycamore,cenarius,1708,druid,feral,60,23,37
3737,Porkloafed,illidan,1705,druid,feral,72,38,34
3738,Tyx,bleeding-hollow,1702,druid,feral,56,26,30
3739,Yavà,tichondrius,1700,druid,feral,48,30,18
3740,Wildfire,nesingwary,1686,druid,feral,105,55,50
3741,Raincloud,mannoroth,1680,druid,feral,36,22,14
3742,Nitetree,thrall,1679,druid,feral,60,31,29
3743,Akanx,tichondrius,1677,druid,feral,36,21,15
3744,Hriiya,tichondrius,1676,druid,feral,47,18,29
3745,Bpdferal,stormrage,1673,druid,feral,145,75,70
3746,Dewfuss,tichondrius,1670,druid,feral,30,19,11
3747,Tenavï,stormrage,1668,druid,feral,42,20,22
3748,Kdrumania,tichondrius,1666,druid,feral,116,67,49
3749,Flowkie,illidan,1663,druid,feral,83,41,42
3750,Fliip,barthilas,1662,druid,feral,47,24,23
3751,Brewdock,boulderfist,1656,druid,feral,45,21,24
3752,Jonio,tichondrius,1654,druid,feral,41,20,21
3753,Atrumn,emerald-dream,1654,druid,feral,60,25,35
3754,Mocfernando,sargeras,1652,druid,feral,36,21,15
3755,Chasertv,tichondrius,1650,druid,feral,36,19,17
3756,Zlegacy,anvilmar,1650,druid,feral,54,21,33
3757,Nicó,darkspear,1648,druid,feral,84,37,47
3758,Kyoski,moon-guard,1645,druid,feral,34,19,15
3759,Nobruh,sargeras,1644,druid,feral,59,29,30
3760,Ferar,frostmourne,1638,druid,feral,47,22,25
3761,Bigbite,tichondrius,1637,druid,feral,48,27,21
3762,Xyphor,bladefist,1637,druid,feral,40,22,18
3763,Yavann,tichondrius,1636,druid,feral,60,35,25
3764,Anxietyburns,stormrage,1630,druid,feral,60,36,24
3765,Stêff,zuljin,1630,druid,feral,60,31,29
3766,Skyde,sargeras,1621,druid,feral,61,28,33
3767,Zyhsul,emerald-dream,1620,druid,feral,42,21,21
3768,Durwyn,sargeras,1619,druid,feral,87,38,49
3769,Sïmba,andorhal,1619,druid,feral,65,26,39
3770,Enya,stormreaver,1618,druid,feral,66,31,35
3771,Hiddenfur,ragnaros,1617,druid,feral,36,19,17
3772,Kakaroot,tichondrius,1617,druid,feral,40,18,22
3773,Rank,nerzhul,1616,druid,feral,90,42,48
3774,Wøs,area-52,1615,druid,feral,92,47,45
3775,Chococrispis,quelthalas,1606,druid,feral,48,21,27
3776,Kolbie,emerald-dream,1604,druid,feral,72,38,34
3777,Yüxy,sargeras,1602,druid,feral,42,19,23
3778,Oldtomcat,moon-guard,1601,druid,feral,90,42,48
3779,Irontree,dunemaul,1598,druid,feral,48,23,25
3780,Luvgames,area-52,1585,druid,feral,44,22,22
3781,Ursarius,skullcrusher,1583,druid,feral,39,19,20
3782,Azrethyu,emerald-dream,1578,druid,feral,66,28,38
3783,Hellodan,proudmoore,1576,druid,feral,42,20,22
3784,Prêdator,ragnaros,1571,druid,feral,47,29,18
3785,Franksuba,windrunner,1568,druid,feral,108,53,55
3786,Idiotferal,tortheldrin,1564,druid,feral,30,19,11
3787,Vebee,frostmourne,1563,druid,feral,30,18,12
3788,Rahxay,quelthalas,1556,druid,feral,54,24,30
3789,Slanue,tichondrius,1556,druid,feral,64,26,38
3790,Jurasico,ragnaros,1551,druid,feral,138,71,67
3791,Darkombra,frostmourne,1548,druid,feral,54,27,27
3792,Kaisuckslol,stormrage,1547,druid,feral,138,70,68
3793,Off,ravencrest,1545,druid,feral,160,77,83
3794,Bênî,emerald-dream,1541,druid,feral,78,41,37
3795,Swolareclips,eitrigg,1540,druid,feral,144,70,74
3796,Poosnickety,kelthuzad,1539,druid,feral,43,17,26
3797,Fendiy,barthilas,1538,druid,feral,60,34,26
3798,Fangry,queldorei,1538,druid,feral,76,35,41
3799,Delorík,illidan,1534,druid,feral,66,32,34
3800,Melez,kelthuzad,1531,druid,feral,97,49,48
3801,Cawkaw,frostwolf,1528,druid,feral,122,62,60
3802,Plux,illidan,1521,druid,feral,114,59,55
3803,Ulcera,nemesis,1520,druid,feral,48,30,18
3804,Ikkarus,nemesis,1511,druid,feral,71,39,32
3805,Mhdd,tichondrius,1510,druid,feral,25,17,8
3806,Gabdruid,kiljaeden,1509,druid,feral,30,16,14
3807,Kushtiger,ragnaros,1508,druid,feral,102,52,50
3808,Prowli,tichondrius,1505,druid,feral,128,69,59
3809,Kibbens,area-52,1500,druid,feral,132,60,72
3810,Jizzie,tichondrius,1499,druid,feral,54,33,21
3811,Feond,illidan,1496,druid,feral,46,27,19
3812,Dustin,moon-guard,1493,druid,feral,82,39,43
3813,Sheeyts,tichondrius,1485,druid,feral,48,26,22
3814,Ozex,crushridge,1484,druid,feral,42,17,25
3815,Revcow,malganis,1477,druid,feral,42,21,21
3816,Faelonk,frostmourne,1476,druid,feral,66,32,34
3817,Bullcritzz,saurfang,1475,druid,feral,58,38,20
3818,Dillywadz,tichondrius,1463,druid,feral,158,72,86
3819,Kwilli,tichondrius,1459,druid,feral,38,18,20
3820,Blut,stormrage,1458,druid,feral,186,89,97
3821,Bossdru,sargeras,1447,druid,feral,47,28,19
3822,Hoffhoff,area-52,1444,druid,feral,30,19,11
3823,Chomperz,tichondrius,1442,druid,feral,85,45,40
3824,Malthen,quelthalas,1431,druid,feral,36,21,15
3825,Classydruid,spinebreaker,1431,druid,feral,84,39,45
3826,Zenlonn,emerald-dream,1427,druid,feral,30,15,15
3827,Weedsmuggler,burning-legion,1427,druid,feral,119,59,60
3828,Badferal,blackhand,1427,druid,feral,60,28,32
3829,Fastcat,moon-guard,1424,druid,feral,36,18,18
3830,Fugekî,zuljin,1420,druid,feral,35,21,14
3831,Prille,tichondrius,1415,druid,feral,30,15,15
3832,Gairen,the-venture-co,1413,druid,feral,48,25,23
3833,Jaspurr,illidan,1412,druid,feral,24,15,9
3834,Clarice,shattered-halls,1409,druid,feral,24,15,9
3835,Snowfaerie,moon-guard,1403,druid,feral,286,151,135
3836,Freinnar,kiljaeden,1393,druid,feral,36,15,21
3837,Cheshiire,moon-guard,1391,druid,feral,66,31,35
3838,Ytgamezoned,darkspear,1390,druid,feral,30,16,14
3839,Swappy,korgath,1388,druid,feral,60,28,32
3840,Treeweed,tichondrius,1386,druid,feral,81,42,39
3841,Gonjatusk,ravencrest,1384,druid,feral,48,26,22
3842,Vaniedron,zuljin,1384,druid,feral,105,41,64
3843,Silvshifter,frostmourne,1382,druid,feral,29,22,7
3844,Craak,tichondrius,1376,druid,feral,41,19,22
3845,Frostelles,stormrage,1369,druid,feral,60,29,31
3846,Nojiling,quelthalas,1366,druid,feral,36,17,19
3847,Dahmu,malygos,1365,druid,feral,90,42,48
3848,Sweetxtooth,area-52,1364,druid,feral,66,34,32
3849,Erwelz,quelthalas,1363,druid,feral,29,15,14
3850,Tardcakes,tichondrius,1362,druid,feral,62,31,31
3851,Oreganic,barthilas,1360,druid,feral,40,18,22
3852,Hjerim,quelthalas,1357,druid,feral,44,20,24
3853,Fugg,frostmourne,1350,druid,feral,84,34,50
3854,Käïïjü,tichondrius,1348,druid,feral,64,23,41
3855,Senex,stormrage,1344,druid,feral,47,27,20
3856,Floorz,bleeding-hollow,1343,druid,feral,24,14,10
3857,Kynvi,moon-guard,1343,druid,feral,30,14,16
3858,Azoth,hyjal,1342,druid,feral,24,14,10
3859,Senorcholo,malganis,1342,druid,feral,36,18,18
3860,Turow,firetree,1340,druid,feral,24,14,10
3861,Darkdragoonz,barthilas,1340,druid,feral,37,17,20
3862,Zuljor,sargeras,1339,druid,feral,18,14,4
3863,Fuqet,kelthuzad,1339,druid,feral,30,14,16
3864,Smeow,zuljin,1339,druid,feral,39,16,23
3865,Lesliewj,proudmoore,1338,druid,feral,29,14,15
3866,Bigmolii,quelthalas,1338,druid,feral,68,26,42
3867,Brawleyx,tichondrius,1337,druid,feral,36,14,22
3868,Dimsump,zuljin,1336,druid,feral,36,14,22
3869,Khyzan,illidan,1329,druid,feral,78,41,37
3870,Jpegcollectr,tichondrius,1329,druid,feral,54,14,40
3871,Iamnature,dalaran,1325,druid,feral,43,17,26
3872,Treespec,stormrage,1324,druid,feral,23,15,8
3873,Bullboy,frostmourne,1320,druid,feral,30,17,13
3874,Panyot,kiljaeden,1318,druid,feral,60,31,29
3875,Kyrô,sargeras,1317,druid,feral,29,14,15
3876,Nazdaq,stormrage,1313,druid,feral,62,33,29
3877,Hööper,illidan,1313,druid,feral,42,14,28
3878,Suedle,kelthuzad,1309,druid,feral,29,14,15
3879,Riemannzeta,azgalor,1306,druid,feral,38,20,18
3880,Oneinchclaw,malganis,1305,druid,feral,30,14,16
3881,Asteriel,stormrage,1303,druid,feral,40,19,21
3882,Nyanncat,frostmourne,1302,druid,feral,30,14,16
3883,Azuredreams,bleeding-hollow,1301,druid,feral,36,15,21
3884,Chitára,ragnaros,1300,druid,feral,76,37,39
3885,Percefhone,azralon,1298,druid,feral,56,23,33
3886,Raebies,dalaran,1297,druid,feral,93,50,43
3887,Sahksi,lothar,1297,druid,feral,60,30,30
3888,Ðreadfang,tichondrius,1295,druid,feral,47,28,19
3889,Mbarakaja,malganis,1295,druid,feral,47,18,29
3890,Jasminonmars,zuluhed,1293,druid,feral,42,24,18
3891,Feanah,tichondrius,1284,druid,feral,48,22,26
3892,Erahar,illidan,1281,druid,feral,46,24,22
3893,Glockitty,tichondrius,1281,druid,feral,42,19,23
3894,Gnairda,sargeras,1280,druid,feral,144,72,72
3895,Súse,sargeras,1272,druid,feral,41,20,21
3896,Gotroadrash,azuremyst,1268,druid,feral,23,14,9
3897,Dätto,thrall,1261,druid,feral,48,22,26
3898,Hadox,azralon,1259,druid,feral,59,26,33
3899,Ninefeet,argent-dawn,1249,druid,feral,54,26,28
3900,Scruffywolf,tichondrius,1248,druid,feral,125,55,70
3901,Zelyvia,moon-guard,1247,druid,feral,30,14,16
3902,Sporadiclive,sargeras,1247,druid,feral,30,13,17
3903,Mariko,area-52,1245,druid,feral,59,26,33
3904,Conker,frostmourne,1241,druid,feral,24,13,11
3905,Kellydacat,azuremyst,1241,druid,feral,24,13,11
3906,Duckystryker,tichondrius,1239,druid,feral,36,13,23
3907,Theømega,stormrage,1237,druid,feral,24,13,11
3908,Hektuk,barthilas,1235,druid,feral,34,19,15
3909,Kleanxx,tichondrius,1232,druid,feral,223,111,112
3910,Matpd,norgannon,1228,druid,feral,66,28,38
3911,Xanbàr,hyjal,1222,druid,feral,35,22,13
3912,Yobibit,terenas,1221,druid,feral,36,14,22
3913,Xdkittyrawr,tichondrius,1216,druid,feral,76,39,37
3914,Dehltax,stormrage,1215,druid,feral,24,16,8
3915,Midnitex,illidan,1214,druid,feral,37,16,21
3916,Ourse,aegwynn,1210,druid,feral,59,36,23
3917,Hermbott,proudmoore,1206,druid,feral,48,23,25
3918,Beargodx,stormrage,1199,druid,feral,36,18,18
3919,Orthognathic,emerald-dream,1198,druid,feral,39,25,14
3920,Aahx,thrall,1185,druid,feral,57,32,25
3921,Haneulso,tichondrius,1171,druid,feral,33,14,19
3922,Nomnomnomn,chogall,1168,druid,feral,22,13,9
3923,Twigz,illidan,1166,druid,feral,18,13,5
3924,Foxmeowz,blackwater-raiders,1152,druid,feral,24,12,12
3925,Ryecoke,stormrage,1151,druid,feral,24,12,12
3926,Lakunahof,ragnaros,1149,druid,feral,27,13,14
3927,Mxdi,tichondrius,1148,druid,feral,24,12,12
3928,Awarz,drakkari,1144,druid,feral,30,12,18
3929,Kyrona,frostmourne,1141,druid,feral,24,16,8
3930,Khione,dreadmaul,1141,druid,feral,56,31,25
3931,Styli,tichondrius,1130,druid,feral,18,12,6
3932,Chëësëbürgër,illidan,1128,druid,feral,97,45,52
3933,Chambz,tichondrius,1122,druid,feral,54,20,34
3934,Tonoshapepai,azralon,1122,druid,feral,36,13,23
3935,Shahahrazad,queldorei,1118,druid,feral,36,12,24
3936,Eyzie,stormrage,1115,druid,feral,36,13,23
3937,Strikinina,azralon,1108,druid,feral,37,15,22
3938,Ðementia,stormrage,1104,druid,feral,66,38,28
3939,Pusswhisperr,bleeding-hollow,1104,druid,feral,36,12,24
3940,Vintera,sargeras,1103,druid,feral,87,42,45
3941,Surmise,tichondrius,1100,druid,feral,24,12,12
3942,Azakana,sargeras,1094,druid,feral,23,12,11
3943,Leight,whisperwind,1093,druid,feral,24,14,10
3944,Pokémon,grizzly-hills,1064,druid,feral,33,15,18
3945,Astrozxy,sargeras,1056,druid,feral,18,11,7
3946,Birdy,proudmoore,1056,druid,feral,18,11,7
3947,Glenn,norgannon,1056,druid,feral,18,11,7
3948,Switchform,kiljaeden,1056,druid,feral,18,11,7
3949,Lelobull,ragnaros,1056,druid,feral,48,19,29
3950,Dangersweg,frostmourne,1056,druid,feral,30,11,19
3951,Bhen,tichondrius,1055,druid,feral,18,11,7
3952,Orekinya,area-52,1055,druid,feral,24,11,13
3953,Akamu,nemesis,1055,druid,feral,30,11,19
3954,Shmayba,malganis,1054,druid,feral,18,11,7
3955,Kellydabear,azuremyst,1054,druid,feral,24,11,13
3956,Anastasyiar,illidan,1053,druid,feral,24,11,13
3957,Myeow,illidan,1052,druid,feral,24,11,13
3958,Corv,drenden,1051,druid,feral,16,12,4
3959,Swindlestan,zuljin,1051,druid,feral,24,11,13
3960,Traxxo,tichondrius,1051,druid,feral,24,11,13
3961,Kongquest,emerald-dream,1049,druid,feral,36,11,25
3962,Vykarux,suramar,1048,druid,feral,24,11,13
3963,Eletto,stormrage,1048,druid,feral,24,11,13
3964,Yám,tichondrius,1048,druid,feral,30,11,19
3965,Wildbeasts,proudmoore,1042,druid,feral,34,16,18
3966,Kilohanno,alexstrasza,1040,druid,feral,30,11,19
3967,Buhooki,tichondrius,1035,druid,feral,77,37,40
3968,Yobolsun,sargeras,1030,druid,feral,30,12,18
3969,Bloodriot,wyrmrest-accord,1026,druid,feral,36,11,25
3970,Screwdrivers,moon-guard,1022,druid,feral,29,11,18
3971,Pavel,aerie-peak,1018,druid,feral,47,14,33
3972,Fennel,korgath,1017,druid,feral,23,11,12
3973,Lyndonww,frostmourne,1006,druid,feral,26,12,14
3974,Ruzkit,illidan,996,druid,feral,30,14,16
3975,Werebruin,bleeding-hollow,982,druid,feral,25,12,13
3976,Semveta,alleria,960,druid,feral,12,10,2
3977,Catzetzan,tichondrius,960,druid,feral,24,10,14
3978,Waggs,illidan,960,druid,feral,24,10,14
3979,Buffjungle,tichondrius,960,druid,feral,26,10,16
3980,Feralgo,tichondrius,959,druid,feral,18,10,8
3981,Naturestouch,tichondrius,959,druid,feral,18,10,8
3982,Tyxi,bleeding-hollow,959,druid,feral,18,10,8
3983,Kuzigothigh,thunderhorn,959,druid,feral,48,25,23
3984,Anarad,dalaran,959,druid,feral,24,11,13
3985,Yaboidakota,stormrage,959,druid,feral,24,10,14
3986,Kekepöp,illidan,959,druid,feral,24,10,14
3987,Amishal,stormrage,959,druid,feral,27,10,17
3988,Luluid,tichondrius,958,druid,feral,24,10,14
3989,Nearkoo,tichondrius,958,druid,feral,24,10,14
3990,Doubledówn,sargeras,957,druid,feral,72,33,39
3991,Hoofin,blackwing-lair,957,druid,feral,24,10,14
3992,Zazieraiel,moon-guard,957,druid,feral,27,11,16
3993,Swornenemy,mugthol,956,druid,feral,18,10,8
3994,Shiftingdean,sargeras,956,druid,feral,30,10,20
3995,Hoppus,icecrown,956,druid,feral,36,10,26
3996,Moonbow,frostmourne,954,druid,feral,18,10,8
3997,Dorio,quelthalas,952,druid,feral,18,10,8
3998,Datkittydoe,kiljaeden,952,druid,feral,24,10,14
3999,Daniin,azralon,950,druid,feral,18,10,8
4000,Feraluwu,illidan,938,druid,feral,18,10,8
4001,Téddybéar,smolderthorn,929,druid,feral,12,10,2
4002,Greasemonkey,trollbane,919,druid,feral,22,12,10
4003,Àspên,moon-guard,916,druid,feral,24,12,12
4004,Skrillin,thrall,914,druid,feral,23,11,12
4005,Zeroshift,sargeras,911,druid,feral,34,10,24
4006,Superwrath,khaz-modan,908,druid,feral,17,10,7
4007,Lusk,blades-edge,908,druid,feral,53,22,31
4008,Blêêd,stormscale,904,druid,feral,13,12,1
4009,Taurenaught,aegwynn,881,druid,feral,37,17,20
4010,Hatergodx,ravencrest,864,druid,feral,18,9,9
4011,Phøënîx,tichondrius,864,druid,feral,18,9,9
4012,Beastbaby,eldrethalas,864,druid,feral,24,9,15
4013,Jazzxs,proudmoore,863,druid,feral,18,9,9
4014,Tt,akama,863,druid,feral,18,9,9
4015,Zirrie,stormrage,863,druid,feral,18,9,9
4016,Gz,icecrown,863,druid,feral,18,9,9
4017,Féèd,stormrage,863,druid,feral,18,9,9
4018,Zwaski,thrall,863,druid,feral,24,9,15
4019,Kaissara,nemesis,862,druid,feral,18,9,9
4020,Duckieheit,sargeras,861,druid,feral,18,9,9
4021,Catten,barthilas,860,druid,feral,12,9,3
4022,Beygatti,sargeras,860,druid,feral,24,9,15
4023,Behrhart,stormrage,859,druid,feral,12,9,3
4024,Malu,muradin,857,druid,feral,18,9,9
4025,Rum,the-venture-co,857,druid,feral,36,14,22
4026,Borybuilder,azralon,852,druid,feral,26,9,17
4027,Trevvor,thrall,852,druid,feral,30,9,21
4028,Koag,dalaran,851,druid,feral,23,11,12
4029,Sosd,kelthuzad,837,druid,feral,17,9,8
4030,Shartasm,anetheron,822,druid,feral,30,12,18
4031,Gapingloli,tichondrius,813,druid,feral,15,9,6
4032,Feorelm,proudmoore,810,druid,feral,17,9,8
4033,Nephdruid,stormrage,804,druid,feral,30,9,21
4034,Jason,vashj,768,druid,feral,12,8,4
4035,Anìmorph,sargeras,768,druid,feral,12,8,4
4036,Gillidd,bleeding-hollow,768,druid,feral,15,9,6
4037,Hypérion,dalaran,768,druid,feral,18,8,10
4038,Férállgødx,area-52,768,druid,feral,18,8,10
4039,Mooncatbear,malganis,768,druid,feral,18,8,10
4040,Vinjo,ragnaros,768,druid,feral,18,8,10
4041,Jentzull,tichondrius,767,druid,feral,12,8,4
4042,Nahelae,tichondrius,767,druid,feral,12,8,4
4043,Udderchaos,dark-iron,767,druid,feral,18,8,10
4044,Fullmoon,greymane,767,druid,feral,22,9,13
4045,Oroskii,bleeding-hollow,767,druid,feral,24,8,16
4046,Xanybarz,stormrage,767,druid,feral,24,8,16
4047,Angulus,darkspear,766,druid,feral,18,8,10
4048,Herbx,sargeras,765,druid,feral,18,8,10
4049,Zimah,illidan,764,druid,feral,18,8,10
4050,Raknary,kelthuzad,764,druid,feral,30,8,22
4051,Weedleaf,wyrmrest-accord,760,druid,feral,18,8,10
4052,Gamble,the-underbog,760,druid,feral,24,8,16
4053,Sjana,bleeding-hollow,752,druid,feral,12,8,4
4054,Mychi,ragnaros,748,druid,feral,20,9,11
4055,Reallysauce,zuljin,748,druid,feral,18,8,10
4056,Tolldruid,chogall,748,druid,feral,18,8,10
4057,Amdruid,bloodhoof,735,druid,feral,14,9,5
4058,Ursuur,drakkari,731,druid,feral,23,8,15
4059,Spinach,moon-guard,720,druid,feral,21,8,13
4060,Ashmila,ragnaros,716,druid,feral,17,8,9
4061,Mazoak,sargeras,703,druid,feral,28,8,20
4062,Byson,bleeding-hollow,702,druid,feral,17,8,9
4063,Shakedru,stormrage,684,druid,feral,19,8,11
4064,Scuffedx,tichondrius,672,druid,feral,12,7,5
4065,Zðzð,zuljin,672,druid,feral,12,7,5
4066,Tnvï,stormrage,672,druid,feral,12,7,5
4067,Elyveen,proudmoore,672,druid,feral,12,7,5
4068,Fyrkax,sargeras,672,druid,feral,12,7,5
4069,Primalxd,area-52,672,druid,feral,12,7,5
4070,Kiwidru,frostmourne,672,druid,feral,12,7,5
4071,Susruth,area-52,672,druid,feral,12,7,5
4072,Muffbfloppn,zuljin,672,druid,feral,18,7,11
4073,Saltydru,illidan,672,druid,feral,18,7,11
4074,Faithxo,stormrage,672,druid,feral,18,7,11
4075,Lunacore,illidan,672,druid,feral,18,7,11
4076,Selendis,tichondrius,672,druid,feral,18,7,11
4077,Meowny,area-52,672,druid,feral,18,7,11
4078,Bearlyviable,stormrage,672,druid,feral,21,8,13
4079,Malfurionsto,moon-guard,672,druid,feral,24,7,17
4080,Roots,anubarak,671,druid,feral,12,7,5
4081,Tree,lothar,671,druid,feral,12,7,5
4082,Boofings,sargeras,671,druid,feral,12,7,5
4083,Druidydruid,blackrock,671,druid,feral,18,7,11
4084,Momoxchan,quelthalas,671,druid,feral,18,7,11
4085,Ruckiz,stormrage,671,druid,feral,18,7,11
4086,Bearmuda,trollbane,671,druid,feral,18,7,11
4087,Servax,illidan,670,druid,feral,18,7,11
4088,Skufty,illidan,670,druid,feral,30,7,23
4089,Curainfeliz,nemesis,669,druid,feral,12,7,5
4090,Bullshiftin,area-52,669,druid,feral,12,7,5
4091,Redness,daggerspine,669,druid,feral,18,7,11
4092,Elunaya,illidan,669,druid,feral,18,7,11
4093,Yokimo,amanthul,668,druid,feral,18,7,11
4094,Jordiët,dalaran,667,druid,feral,12,7,5
4095,Predatõr,malorne,663,druid,feral,12,7,5
4096,Oxvxo,senjin,648,druid,feral,18,7,11
4097,Hyperlite,bonechewer,643,druid,feral,18,7,11
4098,Injail,tichondrius,640,druid,feral,16,7,9
4099,Arntu,malganis,639,druid,feral,11,7,4
4100,Ekkoh,sargeras,638,druid,feral,17,7,10
4101,Jeanz,bonechewer,632,druid,feral,19,9,10
4102,Meowzetzan,tichondrius,623,druid,feral,11,7,4
4103,Ërebüs,emerald-dream,623,druid,feral,11,7,4
4104,Puzzykat,uldum,621,druid,feral,27,7,20
4105,Gutzzu,area-52,619,druid,feral,15,7,8
4106,Berd,whisperwind,606,druid,feral,16,7,9
4107,Beaker,uldum,605,druid,feral,11,7,4
4108,Earlgrayl,kelthuzad,591,druid,feral,13,7,6
4109,Bigherbo,zuljin,585,druid,feral,20,8,12
4110,Duuj,illidan,576,druid,feral,6,6,0
4111,Lïberty,ragnaros,576,druid,feral,6,6,0
4112,Hybridxo,kelthuzad,576,druid,feral,6,6,0
4113,Retzerbil,sargeras,576,druid,feral,6,6,0
4114,Thontt,sargeras,576,druid,feral,12,6,6
4115,Grizzlepaw,tichondrius,576,druid,feral,12,6,6
4116,Funkattack,tichondrius,576,druid,feral,12,6,6
4117,Cíphenz,illidan,576,druid,feral,12,6,6
4118,Hashmall,ragnaros,576,druid,feral,12,6,6
4119,Ännä,moon-guard,576,druid,feral,12,6,6
4120,Kìttykat,stormrage,576,druid,feral,12,6,6
4121,Bloodynine,cairne,576,druid,feral,12,6,6
4122,Wowgamer,sargeras,576,druid,feral,12,6,6
4123,Nelfwaifú,area-52,576,druid,feral,12,6,6
4124,Daniverse,sargeras,576,druid,feral,12,6,6
4125,Sooey,wyrmrest-accord,576,druid,feral,12,6,6
4126,Kittysnuggle,emerald-dream,576,druid,feral,15,7,8
4127,Welshblack,tichondrius,576,druid,feral,16,7,9
4128,Jinhova,stormrage,576,druid,feral,15,6,9
4129,Feorb,azuremyst,576,druid,feral,18,6,12
4130,Thaherb,korgath,576,druid,feral,18,6,12
4131,Kittendev,tichondrius,576,druid,feral,18,6,12
4132,Zivak,azshara,576,druid,feral,18,6,12
4133,Tabbsy,frostmourne,576,druid,feral,18,6,12
4134,Wabbehkus,barthilas,576,druid,feral,24,6,18
4135,Fireeloot,tichondrius,575,druid,feral,12,6,6
4136,Amoru,moon-guard,575,druid,feral,12,6,6
4137,Wulfjack,emerald-dream,575,druid,feral,12,6,6
4138,Omnilul,zuljin,575,druid,feral,12,6,6
4139,Gorim,area-52,575,druid,feral,12,6,6
4140,Allenjunior,ragnaros,575,druid,feral,12,6,6
4141,Stríðsmaður,area-52,575,druid,feral,12,6,6
4142,Yukcyducky,tichondrius,575,druid,feral,18,6,12
4143,Kotau,azralon,574,druid,feral,6,6,0
4144,Beelzehog,whisperwind,574,druid,feral,12,6,6
4145,Zelazia,area-52,574,druid,feral,12,6,6
4146,Nikozho,sargeras,573,druid,feral,18,6,12
4147,Soldadito,zuljin,572,druid,feral,15,7,8
4148,Seraphim,lightnings-blade,571,druid,feral,12,6,6
4149,Snowlion,the-forgotten-coast,570,druid,feral,12,6,6
4150,Expells,nemesis,569,druid,feral,18,6,12
4151,Pawprika,tichondrius,562,druid,feral,24,6,18
4152,Fogboom,area-52,543,druid,feral,14,7,7
4153,Druidcyber,stormrage,543,druid,feral,16,6,10
4154,Dreamfyre,kiljaeden,543,druid,feral,17,6,11
4155,Lémons,tichondrius,542,druid,feral,17,6,11
4156,Tatiannaa,stormreaver,528,druid,feral,9,7,2
4157,Wtfimacat,area-52,527,druid,feral,11,6,5
4158,Ðjangø,goldrinn,525,druid,feral,11,6,5
4159,Shadalor,frostmourne,512,druid,feral,16,6,10
4160,Kilbys,nemesis,510,druid,feral,8,6,2
4161,Iamatomic,illidan,509,druid,feral,20,6,14
4162,Druski,lightbringer,508,druid,feral,11,6,5
4163,Bearjoo,kelthuzad,495,druid,feral,18,6,12
4164,Exxh,tichondrius,480,druid,feral,6,5,1
4165,Féralis,sargeras,480,druid,feral,6,5,1
4166,Carboz,jubeithos,480,druid,feral,6,5,1
4167,Enchiladacat,stormrage,480,druid,feral,6,5,1
4168,Sweetnippies,elune,480,druid,feral,6,5,1
4169,Gloomcat,illidan,480,druid,feral,6,5,1
4170,Nbnbnb,proudmoore,480,druid,feral,6,5,1
4171,Kattles,frostmourne,480,druid,feral,6,5,1
4172,Karizikat,tichondrius,480,druid,feral,12,5,7
4173,Calikonger,spirestone,480,druid,feral,12,5,7
4174,Choolah,area-52,480,druid,feral,12,5,7
4175,Softshirtxo,ragnaros,480,druid,feral,12,5,7
4176,Linkinbiox,alleria,480,druid,feral,12,5,7
4177,Yizhiyuren,aegwynn,480,druid,feral,12,5,7
4178,Neetform,zuljin,480,druid,feral,12,5,7
4179,Honeybeam,moon-guard,480,druid,feral,12,5,7
4180,Mythienair,stormrage,480,druid,feral,12,5,7
4181,Pfheral,area-52,480,druid,feral,12,5,7
4182,Topangâ,lightninghoof,480,druid,feral,12,5,7
4183,Loamie,proudmoore,480,druid,feral,12,5,7
4184,Gunnymad,tichondrius,480,druid,feral,12,5,7
4185,Feralhearted,kelthuzad,480,druid,feral,12,5,7
4186,Zeratull,cenarius,480,druid,feral,12,5,7
4187,Bloodyugly,area-52,480,druid,feral,12,5,7
4188,Csinii,bleeding-hollow,480,druid,feral,12,5,7
4189,Kobebeef,malganis,480,druid,feral,18,5,13
4190,Doblun,nemesis,480,druid,feral,18,5,13
4191,Oneninesix,frostmourne,480,druid,feral,18,5,13
4192,Erykk,dalaran,480,druid,feral,18,5,13
4193,Sylvaster,stormrage,480,druid,feral,18,5,13
4194,Anessan,silvermoon,479,druid,feral,12,5,7
4195,Aeonás,tichondrius,479,druid,feral,12,5,7
4196,Animalcade,area-52,479,druid,feral,12,5,7
4197,Balthøs,moon-guard,479,druid,feral,12,5,7
4198,Snugglin,kelthuzad,479,druid,feral,12,5,7
4199,Calani,lightnings-blade,479,druid,feral,12,5,7
4200,Ysemia,drakkari,479,druid,feral,14,5,9
4201,Jonoa,nagrand,479,druid,feral,18,5,13
4202,Drewiid,stormrage,478,druid,feral,12,5,7
4203,Ediiann,cenarius,477,druid,feral,12,5,7
4204,Mavren,uldaman,477,druid,feral,13,5,8
4205,Wokoom,windrunner,474,druid,feral,24,5,19
4206,Moonrg,stormrage,431,druid,feral,11,5,6
4207,Ruhgen,deathwing,431,druid,feral,11,5,6
4208,Yunekai,stormrage,415,druid,feral,11,5,6
4209,Vaelthunis,sargeras,400,druid,feral,13,5,8
4210,Hroney,area-52,384,druid,feral,6,4,2
4211,Olhosdlua,azralon,384,druid,feral,6,4,2
4212,Srwow,elune,384,druid,feral,6,4,2
4213,Notinsanity,proudmoore,384,druid,feral,6,4,2
4214,Mameseph,lightnings-blade,384,druid,feral,6,4,2
4215,Nâturê,dalaran,384,druid,feral,6,4,2
4216,Jaegerbombx,sargeras,384,druid,feral,6,4,2
4217,Oobuck,kilrogg,384,druid,feral,6,4,2
4218,Krobz,bleeding-hollow,384,druid,feral,6,4,2
4219,Vecuronium,tichondrius,384,druid,feral,6,4,2
4220,Unfunnyferal,kelthuzad,384,druid,feral,6,4,2
4221,Hótlife,fizzcrank,384,druid,feral,6,4,2
4222,Bearcathawk,sargeras,384,druid,feral,6,4,2
4223,Aldr,tichondrius,384,druid,feral,6,4,2
4224,Zzkitty,stormreaver,384,druid,feral,6,4,2
4225,Pressuretd,frostmourne,384,druid,feral,6,4,2
4226,Eliteshift,frostmourne,384,druid,feral,6,4,2
4227,Drywatter,tichondrius,384,druid,feral,6,4,2
4228,Curet,lightbringer,384,druid,feral,6,4,2
4229,Orizane,moon-guard,384,druid,feral,6,4,2
4230,Kittycudi,hyjal,384,druid,feral,6,4,2
4231,Cfab,tichondrius,384,druid,feral,6,4,2
4232,Menapäws,area-52,384,druid,feral,6,4,2
4233,Genuine,guldan,384,druid,feral,6,4,2
4234,Kistormx,tichondrius,384,druid,feral,6,4,2
4235,Concordya,tichondrius,384,druid,feral,6,4,2
4236,Toiiz,malganis,384,druid,feral,9,4,5
4237,Barbary,tichondrius,384,druid,feral,12,4,8
4238,Sellîas,senjin,384,druid,feral,12,4,8
4239,Ewok,vashj,384,druid,feral,12,4,8
4240,Pollykush,sargeras,384,druid,feral,12,4,8
4241,Auxl,tichondrius,384,druid,feral,12,4,8
4242,Unfriendly,bleeding-hollow,384,druid,feral,12,4,8
4243,Moohok,bleeding-hollow,384,druid,feral,12,4,8
4244,Carnumoose,zuljin,384,druid,feral,12,4,8
4245,Weeñor,tichondrius,384,druid,feral,12,4,8
4246,Feralgød,tichondrius,384,druid,feral,12,4,8
4247,Alaillais,moon-guard,384,druid,feral,12,4,8
4248,Quiziato,burning-legion,384,druid,feral,12,4,8
4249,Carlosd,tichondrius,384,druid,feral,12,4,8
4250,Toetoetoete,darrowmere,384,druid,feral,12,4,8
4251,Kajla,sargeras,384,druid,feral,12,4,8
4252,Bearlylegalz,kelthuzad,384,druid,feral,12,4,8
4253,Startalons,area-52,384,druid,feral,18,4,14
4254,Udala,durotan,383,druid,feral,6,4,2
4255,Mfgs,kelthuzad,383,druid,feral,12,4,8
4256,Sansao,sargeras,383,druid,feral,12,4,8
4257,Shoboski,quelthalas,383,druid,feral,12,4,8
4258,Porrosman,quelthalas,383,druid,feral,12,4,8
4259,Topguncarl,illidan,383,druid,feral,12,4,8
4260,Bramth,quelthalas,383,druid,feral,12,4,8
4261,Mogli,perenolde,383,druid,feral,30,4,26
4262,Ssimbaa,area-52,382,druid,feral,12,4,8
4263,Jabiso,smolderthorn,382,druid,feral,12,4,8
4264,Eightyhd,ravencrest,351,druid,feral,11,4,7
4265,Defku,quelthalas,330,druid,feral,28,6,22
4266,Riddickd,malfurion,288,druid,feral,6,3,3
4267,Sugarbawls,area-52,288,druid,feral,6,3,3
4268,Chopleaf,khadgar,288,druid,feral,6,3,3
4269,Jeperty,tichondrius,288,druid,feral,6,3,3
4270,Whitetigeris,tichondrius,288,druid,feral,6,3,3
4271,Riverthorne,moon-guard,288,druid,feral,6,3,3
4272,Øvernight,azralon,288,druid,feral,6,3,3
4273,Lilrichdmg,sargeras,288,druid,feral,6,3,3
4274,Parallax,shadowsong,288,druid,feral,6,3,3
4275,Bubbleshiftz,area-52,288,druid,feral,6,3,3
4276,Datlogan,tichondrius,288,druid,feral,6,3,3
4277,Plantdaddy,bladefist,288,druid,feral,6,3,3
4278,Frrest,proudmoore,288,druid,feral,6,3,3
4279,Ogversaucey,skullcrusher,288,druid,feral,6,3,3
4280,Tommyjimmy,andorhal,288,druid,feral,6,3,3
4281,Thecolortwoo,tichondrius,288,druid,feral,6,3,3
4282,Kurokyy,frostmourne,288,druid,feral,6,3,3
4283,Celetra,kiljaeden,288,druid,feral,6,3,3
4284,Griefs,emerald-dream,288,druid,feral,6,3,3
4285,Aligantor,thrall,288,druid,feral,6,3,3
4286,Zadayos,aerie-peak,288,druid,feral,6,3,3
4287,Rígél,ragnaros,288,druid,feral,6,3,3
4288,Ripbot,sargeras,288,druid,feral,6,3,3
4289,Elythria,hellscream,288,druid,feral,6,3,3
4290,Tasselhoof,hyjal,288,druid,feral,6,3,3
4291,Chowxx,tichondrius,288,druid,feral,6,3,3
4292,Bere,kul-tiras,288,druid,feral,6,3,3
4293,Steakjr,senjin,288,druid,feral,6,3,3
4294,Arienne,kelthuzad,288,druid,feral,6,3,3
4295,Destrez,ragnaros,288,druid,feral,6,3,3
4296,Noet,ragnaros,288,druid,feral,6,3,3
4297,Owlcapwn,stormreaver,288,druid,feral,6,3,3
4298,Opconvoke,illidan,288,druid,feral,6,3,3
4299,Pokeyouryolk,sargeras,288,druid,feral,6,3,3
4300,Shiftex,arthas,288,druid,feral,6,3,3
4301,Bootayclappa,sargeras,288,druid,feral,6,3,3
4302,Nofeets,azshara,288,druid,feral,6,3,3
4303,Bables,tichondrius,288,druid,feral,6,3,3
4304,Deaddpool,ragnaros,288,druid,feral,6,3,3
4305,Ahhpalu,tichondrius,288,druid,feral,6,3,3
4306,Hitchslaps,tichondrius,288,druid,feral,6,3,3
4307,Espoir,azuremyst,288,druid,feral,6,3,3
4308,Yesqt,dalaran,288,druid,feral,6,3,3
4309,Posmard,ragnaros,288,druid,feral,6,3,3
4310,Katatafish,azralon,288,druid,feral,6,3,3
4311,Druidsling,mugthol,288,druid,feral,6,3,3
4312,Deadlykept,ragnaros,288,druid,feral,6,3,3
4313,Rotclaws,stormrage,288,druid,feral,6,3,3
4314,Worgbearpig,destromath,288,druid,feral,6,3,3
4315,Afrogx,dalaran,288,druid,feral,6,3,3
4316,Dkkng,dalaran,288,druid,feral,6,3,3
4317,Tchallå,tichondrius,288,druid,feral,12,3,9
4318,Hobbles,emerald-dream,288,druid,feral,12,3,9
4319,Zauska,cenarion-circle,288,druid,feral,12,3,9
4320,Lilnippy,stormscale,288,druid,feral,12,3,9
4321,Flushi,nagrand,288,druid,feral,12,3,9
4322,Ráhilk,quelthalas,288,druid,feral,12,3,9
4323,Vorare,tichondrius,288,druid,feral,12,3,9
4324,Drailyo,ravenholdt,288,druid,feral,12,3,9
4325,Tenedoors,ragnaros,288,druid,feral,12,3,9
4326,Hídde,quelthalas,288,druid,feral,12,3,9
4327,Solstice,frostmourne,288,druid,feral,12,3,9
4328,Näna,dalaran,288,druid,feral,12,3,9
4329,Uniquex,zuljin,288,druid,feral,12,3,9
4330,Oo,grizzly-hills,288,druid,feral,12,3,9
4331,Rivetrix,azralon,288,druid,feral,12,3,9
4332,Catorcow,aegwynn,288,druid,feral,13,3,10
4333,Iamthewambo,bloodhoof,288,druid,feral,30,3,27
4334,Extremeshift,dalaran,287,druid,feral,8,4,4
4335,Kurodash,tichondrius,287,druid,feral,6,3,3
4336,Slymar,darkspear,287,druid,feral,6,3,3
4337,Rawrii,nemesis,287,druid,feral,6,3,3
4338,Schwiftea,skullcrusher,287,druid,feral,12,3,9
4339,Eglania,stormrage,286,druid,feral,6,3,3
4340,Slapymilf,dentarg,239,druid,feral,5,3,2
4341,Yámï,stormrage,239,druid,feral,5,3,2
4342,Rosalba,zuljin,221,druid,feral,29,8,21
4343,Ebrìthil,hyjal,208,druid,feral,7,3,4
4344,Puiltraxs,ragnaros,192,druid,feral,4,3,1
4345,Gouzz,frostmourne,192,druid,feral,6,2,4
4346,Taztoc,stormrage,192,druid,feral,6,2,4
4347,Taiga,moon-guard,192,druid,feral,6,2,4
4348,Kurakai,runetotem,192,druid,feral,6,2,4
4349,Corym,frostmourne,192,druid,feral,6,2,4
4350,Loserceo,stormrage,192,druid,feral,6,2,4
4351,Bronaarr,nordrassil,192,druid,feral,6,2,4
4352,Athious,moon-guard,192,druid,feral,6,2,4
4353,Augus,hyjal,192,druid,feral,6,2,4
4354,Shiftalk,nerzhul,192,druid,feral,6,2,4
4355,Maplesyrup,moonrunner,192,druid,feral,6,2,4
4356,Hupod,proudmoore,192,druid,feral,6,2,4
4357,Dawsonxo,proudmoore,192,druid,feral,6,2,4
4358,Onewitnature,nordrassil,192,druid,feral,6,2,4
4359,Bullbuddy,wyrmrest-accord,192,druid,feral,6,2,4
4360,Yakir,kiljaeden,192,druid,feral,6,2,4
4361,Hännibal,hydraxis,192,druid,feral,6,2,4
4362,Shiftwork,korgath,192,druid,feral,6,2,4
4363,Imass,draka,192,druid,feral,6,2,4
4364,Unclebolty,frostmourne,192,druid,feral,6,2,4
4365,Barrah,barthilas,192,druid,feral,6,2,4
4366,Prosperz,dalaran,192,druid,feral,6,2,4
4367,Dreadonly,tichondrius,192,druid,feral,6,2,4
4368,Dinnerbone,echo-isles,192,druid,feral,6,2,4
4369,Manwool,illidan,192,druid,feral,6,2,4
4370,Haegur,tichondrius,192,druid,feral,6,2,4
4371,Milkmoneymeo,illidan,192,druid,feral,6,2,4
4372,Binjuicex,frostmourne,192,druid,feral,6,2,4
4373,Owd,tichondrius,192,druid,feral,6,2,4
4374,Vivinara,moon-guard,192,druid,feral,6,2,4
4375,Dankbite,doomhammer,192,druid,feral,6,2,4
4376,Bdsurges,illidan,192,druid,feral,6,2,4
4377,Kanadae,thrall,192,druid,feral,6,2,4
4378,Klawzy,thrall,192,druid,feral,6,2,4
4379,Catmóm,tichondrius,192,druid,feral,6,2,4
4380,Samsaralol,tichondrius,192,druid,feral,6,2,4
4381,Worldly,medivh,192,druid,feral,6,2,4
4382,Tootiebootie,bleeding-hollow,192,druid,feral,6,2,4
4383,Asmondruud,tichondrius,192,druid,feral,6,2,4
4384,Stolenrims,tichondrius,192,druid,feral,6,2,4
4385,Ikova,frostmourne,192,druid,feral,6,2,4
4386,Sosorry,blackhand,192,druid,feral,6,2,4
4387,Uphine,area-52,192,druid,feral,6,2,4
4388,Snupy,area-52,192,druid,feral,6,2,4
4389,Qouro,area-52,192,druid,feral,6,2,4
4390,Veryhighrn,area-52,192,druid,feral,6,2,4
4391,Bigthirty,area-52,192,druid,feral,6,2,4
4392,Illr,laughing-skull,192,druid,feral,6,2,4
4393,Varietypack,antonidas,192,druid,feral,6,2,4
4394,Theliono,lightnings-blade,192,druid,feral,6,2,4
4395,Nabious,malganis,192,druid,feral,6,2,4
4396,Atreis,malganis,192,druid,feral,6,2,4
4397,Milezy,area-52,192,druid,feral,6,2,4
4398,Lavanca,azralon,192,druid,feral,6,2,4
4399,Tysandra,sargeras,192,druid,feral,6,2,4
4400,Pawblems,sargeras,192,druid,feral,6,2,4
4401,Juiceonlips,sargeras,192,druid,feral,6,2,4
4402,Evolute,sargeras,192,druid,feral,6,2,4
4403,Katskratch,sargeras,192,druid,feral,6,2,4
4404,Apothe,emerald-dream,192,druid,feral,6,2,4
4405,Wreckked,sargeras,192,druid,feral,6,2,4
4406,Àcid,stormreaver,192,druid,feral,12,2,10
4407,Faroo,azralon,192,druid,feral,12,2,10
4408,Seyala,moon-guard,192,druid,feral,12,2,10
4409,Shiftyounot,shattered-hand,192,druid,feral,12,2,10
4410,Codieneme,blades-edge,192,druid,feral,12,2,10
4411,Drabo,boulderfist,192,druid,feral,12,2,10
4412,Nerfdemo,kiljaeden,192,druid,feral,12,2,10
4413,Igneël,ragnaros,192,druid,feral,12,2,10
4414,Meudayr,crushridge,192,druid,feral,12,2,10
4415,Happyc,bleeding-hollow,192,druid,feral,12,2,10
4416,Sisilo,bonechewer,192,druid,feral,12,2,10
4417,Shadedmika,zuljin,192,druid,feral,12,2,10
4418,Nokther,muradin,192,druid,feral,18,2,16
4419,Feralhearted,tichondrius,175,druid,feral,11,2,9
4420,Bowbaggins,bleeding-hollow,159,druid,feral,5,2,3
4421,Jdoozie,bleeding-hollow,159,druid,feral,5,2,3
4422,Jihadibleeds,stormrage,138,druid,feral,7,3,4
4423,Kipsmiffly,darkspear,128,druid,feral,4,2,2
4424,Mawnster,drenden,96,druid,feral,3,2,1
4425,Jawsbee,emerald-dream,96,druid,feral,6,1,5
4426,Polyproof,emerald-dream,96,druid,feral,6,1,5
4427,Ghostboy,zuljin,96,druid,feral,6,1,5
4428,Lakroz,zuljin,96,druid,feral,6,1,5
4429,Krawnk,zuljin,96,druid,feral,6,1,5
4430,Importedalc,zuljin,96,druid,feral,6,1,5
4431,Frëýá,bleeding-hollow,96,druid,feral,6,1,5
4432,Purpyo,bleeding-hollow,96,druid,feral,6,1,5
4433,Ban,chogall,96,druid,feral,6,1,5
4434,Wreckingcrew,emerald-dream,96,druid,feral,6,1,5
4435,Healthy,auchindoun,96,druid,feral,6,1,5
4436,Vernaar,laughing-skull,96,druid,feral,6,1,5
4437,Samedo,sargeras,96,druid,feral,6,1,5
4438,Valdr,stormrage,96,druid,feral,6,1,5
4439,Furrycon,ysera,96,druid,feral,6,1,5
4440,Ticømia,stormrage,96,druid,feral,6,1,5
4441,Ymirgore,zuljin,96,druid,feral,6,1,5
4442,Feralhefty,stormrage,96,druid,feral,6,1,5
4443,Fortunecat,illidan,96,druid,feral,6,1,5
4444,Dééz,illidan,96,druid,feral,6,1,5
4445,Naztekk,dalaran,96,druid,feral,6,1,5
4446,Liightbite,illidan,96,druid,feral,6,1,5
4447,Raigor,azralon,96,druid,feral,6,1,5
4448,Hynz,barthilas,96,druid,feral,6,1,5
4449,Acórn,frostmourne,96,druid,feral,6,1,5
4450,Édzar,area-52,96,druid,feral,6,1,5
4451,Kollective,sargeras,96,druid,feral,6,1,5
4452,Caelüm,area-52,96,druid,feral,6,1,5
4453,Thebigcat,deathwing,96,druid,feral,6,1,5
4454,Barnabie,black-dragonflight,96,druid,feral,6,1,5
4455,Ausbie,garona,96,druid,feral,6,1,5
4456,Bootzs,kelthuzad,96,druid,feral,6,1,5
4457,Crazypaddy,dark-iron,96,druid,feral,6,1,5
4458,Pibily,sargeras,96,druid,feral,6,1,5
4459,Aquahektik,malganis,96,druid,feral,6,1,5
4460,Chumdrumrum,malganis,96,druid,feral,6,1,5
4461,Jamesbailey,sargeras,96,druid,feral,6,1,5
4462,Ashmíla,ragnaros,96,druid,feral,6,1,5
4463,Houseboat,hellscream,96,druid,feral,6,1,5
4464,Droody,earthen-ring,96,druid,feral,6,1,5
4465,Purrcat,tichondrius,96,druid,feral,6,1,5
4466,Cattdog,tichondrius,96,druid,feral,6,1,5
4467,Gretatunberg,skywall,96,druid,feral,6,1,5
4468,Glorp,blackwater-raiders,96,druid,feral,6,1,5
4469,Shlümp,tichondrius,96,druid,feral,6,1,5
4470,Ojira,moon-guard,96,druid,feral,6,1,5
4471,Deelark,skywall,96,druid,feral,6,1,5
4472,Yungle,tichondrius,96,druid,feral,6,1,5
4473,Terminated,tichondrius,96,druid,feral,6,1,5
4474,Makonis,tichondrius,96,druid,feral,6,1,5
4475,Captclaws,tichondrius,96,druid,feral,6,1,5
4476,Lunarboy,tichondrius,96,druid,feral,6,1,5
4477,Absoles,agamaggan,96,druid,feral,6,1,5
4478,Capson,darkspear,96,druid,feral,6,1,5
4479,Alope,blades-edge,96,druid,feral,6,1,5
4480,Crowaar,moon-guard,96,druid,feral,6,1,5
4481,Byefren,darkspear,96,druid,feral,7,1,6
4482,Lonewolfdrd,illidan,96,druid,feral,12,1,11
4483,Owlcapwn,tichondrius,96,druid,feral,12,1,11
4484,Versipex,emerald-dream,96,druid,feral,12,1,11
4485,Grovestalker,nemesis,96,druid,feral,12,1,11
4486,Habras,alterac-mountains,96,druid,feral,12,1,11
4487,Rorhenn,moon-guard,96,druid,feral,12,1,11
4488,Ballsnack,zuljin,96,druid,feral,12,1,11
4489,Furiøsä,quelthalas,95,druid,feral,6,1,5
4490,Gitsnshigles,frostmourne,79,druid,feral,5,1,4
4491,Pixyls,bleeding-hollow,48,druid,feral,3,1,2
4492,Trippykitty,tichondrius,48,druid,feral,3,1,2
4493,Wierdosaur,azralon,48,druid,feral,3,1,2
4494,Ânhur,tichondrius,42,druid,feral,11,2,9
4495,Enderhero,illidan,42,druid,feral,14,2,12
4496,Psynix,zuljin,16,druid,feral,1,1,0
4497,Laryfsherman,tichondrius,2324,druid,balance,83,54,29
4498,Fredagn,illidan,2306,druid,balance,90,55,35
4499,Legionsucks,tanaris,2277,druid,balance,126,71,55
4500,Jbz,balnazzar,2269,druid,balance,183,118,65
4501,Owl,shadowsong,2263,druid,balance,102,60,42
4502,Supatease,tichondrius,2231,druid,balance,105,60,45
4503,Cti,tichondrius,2204,druid,balance,59,42,17
4504,Tanerno,illidan,2201,druid,balance,108,65,43
4505,Theforeigner,arathor,2194,druid,balance,59,46,13
4506,Bkqtpie,tichondrius,2176,druid,balance,106,59,47
4507,Flapz,illidan,2164,druid,balance,66,38,28
4508,Kidcudi,dentarg,2160,druid,balance,174,91,83
4509,Notes,farstriders,2147,druid,balance,98,51,47
4510,Pushpop,frostmourne,2141,druid,balance,66,44,22
4511,Impëria,quelthalas,2137,druid,balance,89,58,31
4512,Houli,tichondrius,2134,druid,balance,96,50,46
4513,Peterßigßeam,malganis,2131,druid,balance,88,47,41
4514,Nbadizzyboy,illidan,2130,druid,balance,53,43,10
4515,Lavlol,frostmourne,2130,druid,balance,203,114,89
4516,Xijînping,tichondrius,2125,druid,balance,69,41,28
4517,Flowerboï,azralon,2123,druid,balance,90,64,26
4518,Brose,malganis,2115,druid,balance,66,43,23
4519,Altoberano,azralon,2111,druid,balance,89,49,40
4520,Fergh,tichondrius,2109,druid,balance,83,45,38
4521,Gritzxv,stormrage,2105,druid,balance,83,48,35
4522,Ertuzi,tichondrius,2102,druid,balance,72,49,23
4523,Sqwippyd,tichondrius,2102,druid,balance,78,49,29
4524,Dízzen,bleeding-hollow,2092,druid,balance,84,53,31
4525,Trusyrusty,stormrage,2084,druid,balance,127,71,56
4526,Soggykfc,illidan,2078,druid,balance,140,76,64
4527,Snöwghost,aerie-peak,2067,druid,balance,185,99,86
4528,Gugukuaipao,tichondrius,2066,druid,balance,96,50,46
4529,Lazershartz,cenarion-circle,2064,druid,balance,66,36,30
4530,Riskies,tichondrius,2054,druid,balance,150,80,70
4531,Jimmypop,malganis,2049,druid,balance,62,44,18
4532,Balancex,tichondrius,2049,druid,balance,120,58,62
4533,Murruk,darkspear,2044,druid,balance,147,84,63
4534,Smëagol,zuljin,2042,druid,balance,60,36,24
4535,Fhormations,area-52,2038,druid,balance,84,52,32
4536,Omends,thrall,2034,druid,balance,104,58,46
4537,Dilondru,area-52,2023,druid,balance,99,65,34
4538,Hayase,tichondrius,2022,druid,balance,82,50,32
4539,Biophilic,moon-guard,2020,druid,balance,94,48,46
4540,Houlix,stormrage,2017,druid,balance,122,59,63
4541,Soulz,quelthalas,2012,druid,balance,72,43,29
4542,Murkeÿ,frostmourne,2004,druid,balance,108,50,58
4543,Cultnelf,illidan,2001,druid,balance,68,42,26
4544,Enøsh,tichondrius,2000,druid,balance,60,38,22
4545,Zneb,darkspear,1987,druid,balance,36,29,7
4546,Dogwáter,tichondrius,1984,druid,balance,40,29,11
4547,Foekinghobo,sargeras,1984,druid,balance,96,59,37
4548,Tranquilo,stormrage,1984,druid,balance,102,58,44
4549,Tòmathy,tichondrius,1982,druid,balance,65,38,27
4550,Fracxx,area-52,1981,druid,balance,30,21,9
4551,Nokomanida,zuljin,1977,druid,balance,69,42,27
4552,Bigdiablo,frostmourne,1971,druid,balance,124,67,57
4553,Treirus,sargeras,1965,druid,balance,82,64,18
4554,Gspx,dalaran,1965,druid,balance,48,26,22
4555,Compléx,tichondrius,1961,druid,balance,66,33,33
4556,Pønchø,quelthalas,1960,druid,balance,56,33,23
4557,Mewfasa,duskwood,1959,druid,balance,111,70,41
4558,Boomçhicken,tichondrius,1959,druid,balance,58,31,27
4559,Flatass,cairne,1958,druid,balance,68,44,24
4560,Daspdruid,nagrand,1957,druid,balance,212,109,103
4561,Vertderferk,tichondrius,1954,druid,balance,68,40,28
4562,Ezgamed,tichondrius,1950,druid,balance,69,46,23
4563,Psychotycxd,tichondrius,1949,druid,balance,96,57,39
4564,Sebastian,tichondrius,1937,druid,balance,59,36,23
4565,Toughshift,zuljin,1936,druid,balance,66,28,38
4566,John,azralon,1930,druid,balance,108,50,58
4567,Lovemakitty,sargeras,1922,druid,balance,78,46,32
4568,Komacine,emerald-dream,1922,druid,balance,277,157,120
4569,Bubalolz,quelthalas,1919,druid,balance,161,86,75
4570,Acdru,tichondrius,1911,druid,balance,67,37,30
4571,Vengex,sargeras,1904,druid,balance,48,30,18
4572,Swaggu,kelthuzad,1899,druid,balance,60,40,20
4573,Knotgiver,moon-guard,1899,druid,balance,52,31,21
4574,Thugrose,blackrock,1899,druid,balance,42,23,19
4575,Astraldank,tichondrius,1897,druid,balance,82,49,33
4576,Vernaar,laughing-skull,1888,druid,balance,84,47,37
4577,Oakwalker,moon-guard,1887,druid,balance,90,49,41
4578,Wereocelot,firetree,1886,druid,balance,78,50,28
4579,Druidstin,tichondrius,1883,druid,balance,66,33,33
4580,Hefkerd,tichondrius,1881,druid,balance,30,20,10
4581,Lazersnewch,kelthuzad,1877,druid,balance,60,35,25
4582,Sonicphantom,kelthuzad,1876,druid,balance,41,28,13
4583,Pisces,emerald-dream,1873,druid,balance,56,34,22
4584,Jakob,arygos,1873,druid,balance,102,60,42
4585,Möshinòõb,proudmoore,1865,druid,balance,58,40,18
4586,Sarvi,zuljin,1864,druid,balance,33,24,9
4587,Elythria,hellscream,1863,druid,balance,30,26,4
4588,Vuru,azralon,1860,druid,balance,41,29,12
4589,Wnxmomthicc,tichondrius,1860,druid,balance,36,24,12
4590,Lilbeam,sargeras,1855,druid,balance,42,27,15
4591,Solareclipse,tichondrius,1855,druid,balance,54,30,24
4592,Herpadruid,illidan,1855,druid,balance,96,43,53
4593,Thundoon,tichondrius,1854,druid,balance,36,23,13
4594,Hogd,illidan,1854,druid,balance,60,35,25
4595,Johnieboy,azralon,1850,druid,balance,45,32,13
4596,Beefnudlsoup,tichondrius,1850,druid,balance,54,31,23
4597,Pennytrate,barthilas,1847,druid,balance,66,44,22
4598,Cousa,zuljin,1846,druid,balance,46,32,14
4599,Jayelljaÿ,thrall,1844,druid,balance,105,64,41
4600,Swayjizz,tichondrius,1841,druid,balance,84,52,32
4601,Basedcatx,tichondrius,1838,druid,balance,47,31,16
4602,Gèb,dalaran,1835,druid,balance,116,71,45
4603,Sawsaw,bleeding-hollow,1832,druid,balance,74,42,32
4604,Ilovediegoxo,kelthuzad,1830,druid,balance,48,32,16
4605,Deloria,nemesis,1829,druid,balance,42,25,17
4606,Dontnerfmore,queldorei,1829,druid,balance,66,31,35
4607,Moozzash,azralon,1828,druid,balance,54,32,22
4608,Spamclonewin,tichondrius,1828,druid,balance,93,54,39
4609,Chernovax,kelthuzad,1828,druid,balance,87,47,40
4610,Harukai,azralon,1826,druid,balance,78,50,28
4611,Dorlingus,tichondrius,1825,druid,balance,42,28,14
4612,Ericzzdd,tichondrius,1823,druid,balance,54,40,14
4613,Poliage,moon-guard,1823,druid,balance,125,73,52
4614,Etherêal,stormrage,1822,druid,balance,78,44,34
4615,Clonemunster,frostmourne,1821,druid,balance,66,38,28
4616,Resorange,malganis,1818,druid,balance,48,29,19
4617,Rìniroo,area-52,1816,druid,balance,48,30,18
4618,Xenny,chogall,1815,druid,balance,48,34,14
4619,Laser,bonechewer,1815,druid,balance,36,25,11
4620,Raïsin,moon-guard,1814,druid,balance,45,26,19
4621,Animatronixz,area-52,1813,druid,balance,66,34,32
4622,Moonkay,tichondrius,1810,druid,balance,42,26,16
4623,Spacedruidx,illidan,1810,druid,balance,72,42,30
4624,Byk,tichondrius,1810,druid,balance,54,30,24
4625,Bables,tichondrius,1809,druid,balance,54,35,19
4626,Cocainebeär,tichondrius,1808,druid,balance,54,30,24
4627,Halenson,illidan,1803,druid,balance,40,26,14
4628,Starbränd,azralon,1803,druid,balance,60,38,22
4629,Itachi,dragonmaw,1803,druid,balance,65,38,27
4630,Vengexd,sargeras,1802,druid,balance,24,19,5
4631,Mythleaf,ragnaros,1802,druid,balance,120,70,50
4632,Zoteqt,kelthuzad,1802,druid,balance,102,57,45
4633,Buffjungle,tichondrius,1801,druid,balance,36,20,16
4634,Jaxer,illidan,1799,druid,balance,93,61,32
4635,Metroboomy,magtheridon,1795,druid,balance,68,40,28
4636,Lekick,tichondrius,1795,druid,balance,66,36,30
4637,Chal,illidan,1791,druid,balance,53,32,21
4638,Alpine,eldrethalas,1790,druid,balance,54,35,19
4639,Sueycide,tichondrius,1788,druid,balance,65,30,35
4640,Yepz,tichondrius,1786,druid,balance,51,27,24
4641,Dànkness,frostwolf,1784,druid,balance,36,23,13
4642,Faerie,kaelthas,1781,druid,balance,46,29,17
4643,Ataraxie,illidan,1780,druid,balance,78,47,31
4644,Orollå,tichondrius,1771,druid,balance,50,29,21
4645,Boomybro,thrall,1768,druid,balance,140,84,56
4646,Petruccius,nordrassil,1768,druid,balance,130,67,63
4647,Dôcteurowl,zuljin,1767,druid,balance,47,25,22
4648,Maligoz,nemesis,1759,druid,balance,89,48,41
4649,Sommerrays,kelthuzad,1753,druid,balance,54,27,27
4650,Thottiie,hyjal,1750,druid,balance,48,28,20
4651,Nyloke,kelthuzad,1747,druid,balance,54,39,15
4652,Dextructive,tichondrius,1745,druid,balance,101,49,52
4653,Fleasy,wyrmrest-accord,1744,druid,balance,68,41,27
4654,Readt,malganis,1738,druid,balance,198,108,90
4655,Ebrìthil,hyjal,1737,druid,balance,54,27,27
4656,Lilkitty,tichondrius,1735,druid,balance,136,74,62
4657,Nxf,sargeras,1734,druid,balance,35,21,14
4658,Druidwhat,stormrage,1734,druid,balance,153,81,72
4659,Druidk,tichondrius,1728,druid,balance,60,28,32
4660,Dipii,proudmoore,1726,druid,balance,24,18,6
4661,Auras,kelthuzad,1726,druid,balance,102,68,34
4662,Bunnykiss,tichondrius,1726,druid,balance,64,30,34
4663,Equinøxx,malganis,1724,druid,balance,35,25,10
4664,Bentøbøx,barthilas,1721,druid,balance,35,19,16
4665,Glazinator,sargeras,1721,druid,balance,148,72,76
4666,Wecksox,area-52,1721,druid,balance,246,119,127
4667,Xantastic,area-52,1719,druid,balance,42,24,18
4668,Deviperdruid,frostmourne,1718,druid,balance,39,28,11
4669,Swiftydel,frostmourne,1718,druid,balance,42,27,15
4670,Starsucceed,illidan,1718,druid,balance,42,21,21
4671,Oungan,illidan,1716,druid,balance,92,51,41
4672,Convokeopp,tichondrius,1713,druid,balance,24,21,3
4673,Gillidd,bleeding-hollow,1713,druid,balance,24,18,6
4674,Jojo,ysera,1713,druid,balance,66,34,32
4675,Showmanship,tichondrius,1711,druid,balance,30,23,7
4676,Sadboy,moon-guard,1711,druid,balance,113,58,55
4677,Líu,area-52,1705,druid,balance,84,52,32
4678,Lunalai,bloodhoof,1705,druid,balance,78,42,36
4679,Kyura,sargeras,1705,druid,balance,130,62,68
4680,Melloj,kelthuzad,1704,druid,balance,54,31,23
4681,Mädnhairy,zuljin,1703,druid,balance,45,28,17
4682,Rerob,aerie-peak,1702,druid,balance,50,26,24
4683,Spinach,moon-guard,1702,druid,balance,93,48,45
4684,Naakx,tichondrius,1701,druid,balance,47,28,19
4685,Kamero,tichondrius,1697,druid,balance,45,26,19
4686,Tunaren,wyrmrest-accord,1696,druid,balance,42,21,21
4687,Raquelitá,ragnaros,1694,druid,balance,28,19,9
4688,Drcuy,ragnaros,1694,druid,balance,62,34,28
4689,Moonflora,stormrage,1694,druid,balance,105,56,49
4690,Nickyü,ragnaros,1689,druid,balance,36,18,18
4691,Bloomqt,tichondrius,1688,druid,balance,90,54,36
4692,Pipiwiwi,stormrage,1688,druid,balance,87,48,39
4693,Aule,frostmourne,1687,druid,balance,36,18,18
4694,Nophysique,zuljin,1686,druid,balance,70,40,30
4695,Rizzit,wyrmrest-accord,1684,druid,balance,40,21,19
4696,Kletys,azralon,1682,druid,balance,42,25,17
4697,Treeheehee,frostmourne,1680,druid,balance,39,31,8
4698,Çørrúptíøñzx,tichondrius,1679,druid,balance,30,20,10
4699,Harryhotter,blackrock,1679,druid,balance,97,50,47
4700,Daddyshift,proudmoore,1677,druid,balance,56,30,26
4701,Ruthlessbro,sargeras,1677,druid,balance,85,45,40
4702,Pizzaparties,tichondrius,1676,druid,balance,35,28,7
4703,Geezbutt,tichondrius,1675,druid,balance,85,37,48
4704,Ànìmàl,stormrage,1674,druid,balance,36,27,9
4705,Wallower,malganis,1667,druid,balance,54,24,30
4706,Yipëë,moon-guard,1666,druid,balance,64,34,30
4707,Trapdoorboom,illidan,1666,druid,balance,84,43,41
4708,Jacusias,stormrage,1664,druid,balance,105,56,49
4709,Seilah,lightbringer,1660,druid,balance,36,20,16
4710,Foafoa,illidan,1657,druid,balance,31,19,12
4711,Pannaxx,tichondrius,1653,druid,balance,30,21,9
4712,Aull,kelthuzad,1653,druid,balance,36,19,17
4713,Cobal,goldrinn,1653,druid,balance,347,177,170
4714,Roar,moon-guard,1652,druid,balance,45,31,14
4715,Înfamous,thrall,1652,druid,balance,36,24,12
4716,Starlyxo,malganis,1652,druid,balance,59,37,22
4717,Droodaphobé,sargeras,1652,druid,balance,35,20,15
4718,Druentia,tichondrius,1650,druid,balance,30,20,10
4719,Davione,tichondrius,1644,druid,balance,36,23,13
4720,Josepha,tichondrius,1643,druid,balance,30,20,10
4721,Panansy,stormrage,1643,druid,balance,227,110,117
4722,Partylord,malganis,1641,druid,balance,96,51,45
4723,Grapeful,frostmourne,1640,druid,balance,66,37,29
4724,Chøpstixs,bleeding-hollow,1639,druid,balance,48,28,20
4725,Sodapooping,azjolnerub,1638,druid,balance,42,33,9
4726,Goochies,aerie-peak,1638,druid,balance,29,18,11
4727,Ailari,moon-guard,1637,druid,balance,52,28,24
4728,Jillferal,proudmoore,1636,druid,balance,48,32,16
4729,Killiamp,tichondrius,1636,druid,balance,41,27,14
4730,Thamoonsbak,aggramar,1635,druid,balance,35,18,17
4731,Lostnsauce,tichondrius,1630,druid,balance,48,36,12
4732,Beretta,rexxar,1630,druid,balance,72,44,28
4733,Djsummer,tichondrius,1629,druid,balance,77,42,35
4734,Kekepöp,illidan,1628,druid,balance,36,25,11
4735,Bearyhallsjr,sargeras,1627,druid,balance,24,17,7
4736,Pils,nemesis,1624,druid,balance,60,39,21
4737,Ablackdruid,moon-guard,1624,druid,balance,35,21,14
4738,Khryllx,tichondrius,1623,druid,balance,30,20,10
4739,Soonntkgo,ragnaros,1623,druid,balance,56,29,27
4740,Form,bleeding-hollow,1622,druid,balance,36,23,13
4741,Reàsons,stormrage,1622,druid,balance,60,27,33
4742,Jeanz,bonechewer,1621,druid,balance,30,21,9
4743,Realmehji,wyrmrest-accord,1619,druid,balance,30,23,7
4744,Mûû,tichondrius,1619,druid,balance,80,46,34
4745,Cyclone,darkspear,1618,druid,balance,36,17,19
4746,Wildslash,proudmoore,1617,druid,balance,75,37,38
4747,Frames,area-52,1617,druid,balance,53,24,29
4748,Yaboidakota,stormrage,1616,druid,balance,81,50,31
4749,Yazmawma,tichondrius,1616,druid,balance,30,18,12
4750,Mastabtw,illidan,1616,druid,balance,30,17,13
4751,Oppose,akama,1613,druid,balance,30,19,11
4752,Jemima,auchindoun,1613,druid,balance,82,49,33
4753,Hxzard,dalaran,1612,druid,balance,24,17,7
4754,Duglas,illidan,1612,druid,balance,91,55,36
4755,Ellguin,malganis,1611,druid,balance,60,44,16
4756,Skeevz,darkspear,1611,druid,balance,32,20,12
4757,Meatbender,frostmourne,1611,druid,balance,30,17,13
4758,Sibby,barthilas,1611,druid,balance,42,21,21
4759,Boomchickens,area-52,1610,druid,balance,36,22,14
4760,Pänzerkin,sargeras,1609,druid,balance,30,21,9
4761,Druiddruid,daggerspine,1608,druid,balance,41,28,13
4762,Zeromoon,frostmourne,1608,druid,balance,41,20,21
4763,Boys,bleeding-hollow,1606,druid,balance,42,24,18
4764,Braviel,stormrage,1605,druid,balance,54,32,22
4765,Wòót,stormreaver,1604,druid,balance,60,42,18
4766,Lyshani,thrall,1604,druid,balance,46,27,19
4767,Bathrobe,bloodscalp,1604,druid,balance,36,19,17
4768,Formhub,malganis,1604,druid,balance,48,22,26
4769,Softkiller,chogall,1603,druid,balance,36,23,13
4770,Brokenomega,area-52,1603,druid,balance,78,49,29
4771,Anchunlol,tichondrius,1603,druid,balance,36,19,17
4772,Gordzak,illidan,1602,druid,balance,42,22,20
4773,Hessenmèow,tichondrius,1601,druid,balance,42,19,23
4774,Brodda,sargeras,1600,druid,balance,192,100,92
4775,Doomdawn,sargeras,1600,druid,balance,83,41,42
4776,Mortqt,tichondrius,1598,druid,balance,36,19,17
4777,Gatø,area-52,1598,druid,balance,54,23,31
4778,Soupbeandru,zuljin,1593,druid,balance,48,28,20
4779,Maviç,hyjal,1593,druid,balance,72,40,32
4780,Aethisra,moon-guard,1587,druid,balance,101,58,43
4781,Beamrooster,silvermoon,1586,druid,balance,36,23,13
4782,Quelarre,velen,1582,druid,balance,40,24,16
4783,Snugglin,kelthuzad,1582,druid,balance,48,23,25
4784,Bukkwild,stormrage,1580,druid,balance,27,22,5
4785,Shîfty,ysondre,1580,druid,balance,65,35,30
4786,Zettka,tichondrius,1575,druid,balance,38,25,13
4787,Hoagiecannon,moon-guard,1575,druid,balance,131,72,59
4788,Angryjo,tichondrius,1574,druid,balance,23,17,6
4789,Sombrien,stormrage,1573,druid,balance,90,46,44
4790,Odirtytshirt,malganis,1572,druid,balance,37,20,17
4791,Catpoop,frostmourne,1568,druid,balance,24,17,7
4792,Ðøomkinz,azjolnerub,1565,druid,balance,36,23,13
4793,Swoopy,stormrage,1563,druid,balance,79,44,35
4794,Fìlø,bleeding-hollow,1562,druid,balance,74,49,25
4795,Xiaoshuaigê,illidan,1562,druid,balance,30,18,12
4796,Convokeula,tichondrius,1559,druid,balance,60,37,23
4797,Animaldoctor,illidan,1558,druid,balance,39,27,12
4798,Polánd,area-52,1558,druid,balance,57,32,25
4799,Fancynut,kiljaeden,1558,druid,balance,42,19,23
4800,Venkin,gnomeregan,1557,druid,balance,36,18,18
4801,Elyveen,proudmoore,1556,druid,balance,51,38,13
4802,Alaillais,moon-guard,1554,druid,balance,30,17,13
4803,Syclonez,stormrage,1554,druid,balance,42,21,21
4804,Drdrulittle,darkspear,1553,druid,balance,78,40,38
4805,Wiiee,darkspear,1551,druid,balance,72,44,28
4806,Nodadpullout,tichondrius,1550,druid,balance,30,17,13
4807,Krahz,lightnings-blade,1549,druid,balance,199,102,97
4808,Thespían,tichondrius,1548,druid,balance,269,142,127
4809,Hagatta,stormrage,1546,druid,balance,133,69,64
4810,Boome,blackrock,1542,druid,balance,48,27,21
4811,Ihavehothots,kiljaeden,1540,druid,balance,38,26,12
4812,Montrá,stormrage,1537,druid,balance,84,38,46
4813,Hikoro,sargeras,1536,druid,balance,126,74,52
4814,Kzinti,zuluhed,1536,druid,balance,65,26,39
4815,Midoo,proudmoore,1535,druid,balance,44,22,22
4816,Umadornahh,malganis,1534,druid,balance,36,21,15
4817,Moonra,malganis,1533,druid,balance,30,18,12
4818,Nightstalkr,kelthuzad,1532,druid,balance,130,75,55
4819,Stellar,steamwheedle-cartel,1531,druid,balance,18,16,2
4820,Hasteley,khadgar,1531,druid,balance,53,24,29
4821,November,wyrmrest-accord,1530,druid,balance,92,52,40
4822,Kg,cenarion-circle,1529,druid,balance,143,83,60
4823,Komaner,frostmourne,1529,druid,balance,36,16,20
4824,Lavanis,stormrage,1528,druid,balance,179,95,84
4825,Cyeq,blackrock,1526,druid,balance,243,127,116
4826,Bcup,sargeras,1524,druid,balance,30,16,14
4827,Sweatydruidx,tichondrius,1523,druid,balance,24,16,8
4828,Smeepy,bleeding-hollow,1523,druid,balance,30,16,14
4829,Rayzer,bleeding-hollow,1523,druid,balance,78,41,37
4830,Druidlolwtf,area-52,1520,druid,balance,108,52,56
4831,Myeow,illidan,1520,druid,balance,74,35,39
4832,Swooped,emerald-dream,1519,druid,balance,53,29,24
4833,Musha,tichondrius,1517,druid,balance,57,30,27
4834,Skyde,sargeras,1517,druid,balance,36,17,19
4835,Pirira,quelthalas,1516,druid,balance,36,21,15
4836,Groovyroom,tichondrius,1516,druid,balance,42,23,19
4837,Treeshift,tichondrius,1515,druid,balance,35,19,16
4838,Lunarbalance,veknilash,1515,druid,balance,60,27,33
4839,Blazeikin,tichondrius,1512,druid,balance,36,16,20
4840,Seyedo,sargeras,1510,druid,balance,30,18,12
4841,Atagoo,tichondrius,1510,druid,balance,144,74,70
4842,Clarice,shattered-halls,1510,druid,balance,53,26,27
4843,Wasabilol,tichondrius,1509,druid,balance,31,18,13
4844,Verbz,arthas,1509,druid,balance,36,16,20
4845,Thatscute,moon-guard,1506,druid,balance,275,144,131
4846,Clense,tichondrius,1505,druid,balance,55,34,21
4847,Sadsex,illidan,1505,druid,balance,71,42,29
4848,Woog,moon-guard,1504,druid,balance,60,34,26
4849,Eseldra,area-52,1504,druid,balance,40,21,19
4850,Awkwarder,emerald-dream,1504,druid,balance,84,43,41
4851,Haneulso,tichondrius,1503,druid,balance,110,63,47
4852,Jxrx,malganis,1501,druid,balance,24,16,8
4853,Niroxic,frostmourne,1500,druid,balance,24,16,8
4854,Nuubmurph,stormrage,1499,druid,balance,33,20,13
4855,Pawpurrazzi,darkspear,1497,druid,balance,24,16,8
4856,Cauroth,azralon,1496,druid,balance,91,49,42
4857,Tak,garrosh,1496,druid,balance,36,17,19
4858,Cabek,malganis,1488,druid,balance,60,32,28
4859,Boxtops,bleeding-hollow,1486,druid,balance,30,20,10
4860,Stepbro,malorne,1484,druid,balance,95,53,42
4861,Tahunne,tichondrius,1482,druid,balance,54,38,16
4862,Byte,ragnaros,1482,druid,balance,29,16,13
4863,Syntheris,kaelthas,1481,druid,balance,81,49,32
4864,Blackjésüs,kelthuzad,1481,druid,balance,117,64,53
4865,Druuyid,jubeithos,1480,druid,balance,66,39,27
4866,Offthezaza,tichondrius,1480,druid,balance,64,32,32
4867,Trapkin,tichondrius,1477,druid,balance,65,46,19
4868,Starsurgê,tichondrius,1477,druid,balance,54,33,21
4869,Fahnir,ragnaros,1477,druid,balance,66,37,29
4870,Aralix,zuljin,1477,druid,balance,33,18,15
4871,Âzn,tichondrius,1475,druid,balance,42,31,11
4872,Loudpax,zuljin,1475,druid,balance,23,16,7
4873,Kuwä,proudmoore,1474,druid,balance,72,36,36
4874,Neytîrî,tichondrius,1468,druid,balance,53,28,25
4875,Kawshuhn,bleeding-hollow,1463,druid,balance,78,47,31
4876,Unclenya,barthilas,1463,druid,balance,72,32,40
4877,Canek,ghostlands,1462,druid,balance,83,44,39
4878,Sofereir,frostmourne,1461,druid,balance,126,64,62
4879,Rakex,tichondrius,1461,druid,balance,38,17,21
4880,Bruddahderpp,tichondrius,1459,druid,balance,30,22,8
4881,Axiomisop,tichondrius,1459,druid,balance,47,30,17
4882,Thunderhox,tichondrius,1459,druid,balance,54,30,24
4883,Gwiffurry,tichondrius,1459,druid,balance,30,16,14
4884,Seyon,tichondrius,1459,druid,balance,33,17,16
4885,Astrals,runetotem,1457,druid,balance,29,16,13
4886,Torrox,tichondrius,1455,druid,balance,69,38,31
4887,Dreamkin,tichondrius,1455,druid,balance,42,21,21
4888,Cowody,moon-guard,1454,druid,balance,29,22,7
4889,Vergota,emerald-dream,1453,druid,balance,39,26,13
4890,Rezlur,tichondrius,1452,druid,balance,35,16,19
4891,Repanda,proudmoore,1451,druid,balance,71,37,34
4892,Lãzy,tichondrius,1450,druid,balance,42,26,16
4893,Paddywhacked,tichondrius,1449,druid,balance,36,22,14
4894,Jruids,stormrage,1449,druid,balance,54,32,22
4895,Maplêleaf,moon-guard,1448,druid,balance,54,24,30
4896,Groggs,frostwolf,1447,druid,balance,27,16,11
4897,Instanodle,proudmoore,1447,druid,balance,36,20,16
4898,Rdruidchump,the-forgotten-coast,1445,druid,balance,32,19,13
4899,Bighomïe,emerald-dream,1445,druid,balance,48,27,21
4900,Rootchan,azralon,1442,druid,balance,46,30,16
4901,Saeval,korgath,1441,druid,balance,54,32,22
4902,Nicotinefien,sargeras,1439,druid,balance,24,15,9
4903,Ripdimebag,frostmourne,1438,druid,balance,34,18,16
4904,Lazygaga,zuljin,1437,druid,balance,27,16,11
4905,Cottonpaw,sargeras,1437,druid,balance,106,62,44
4906,Nebulose,moon-guard,1437,druid,balance,55,25,30
4907,Envoy,sargeras,1435,druid,balance,60,33,27
4908,Falkond,tichondrius,1433,druid,balance,35,18,17
4909,Arealdruid,moon-guard,1433,druid,balance,42,18,24
4910,Hypefull,tichondrius,1432,druid,balance,30,15,15
4911,Raddosaurus,area-52,1432,druid,balance,41,18,23
4912,Djayolo,illidan,1431,druid,balance,18,15,3
4913,Evsn,tichondrius,1431,druid,balance,18,15,3
4914,Olongjonsson,wyrmrest-accord,1431,druid,balance,30,15,15
4915,Zhinger,tichondrius,1431,druid,balance,61,29,32
4916,Shapedance,sargeras,1431,druid,balance,35,16,19
4917,Owlyfans,frostmourne,1430,druid,balance,24,15,9
4918,Mcv,tichondrius,1430,druid,balance,30,15,15
4919,Suncintus,aggramar,1425,druid,balance,48,20,28
4920,Nokash,tichondrius,1425,druid,balance,43,17,26
4921,Squidrific,tichondrius,1424,druid,balance,71,47,24
4922,Ghaal,tichondrius,1424,druid,balance,36,20,16
4923,Gaawdx,illidan,1424,druid,balance,90,39,51
4924,Mèowcenaary,chogall,1423,druid,balance,60,35,25
4925,Padavore,wyrmrest-accord,1422,druid,balance,53,31,22
4926,Gummoo,tichondrius,1420,druid,balance,30,22,8
4927,Monsin,illidan,1420,druid,balance,84,43,41
4928,Relaeh,andorhal,1420,druid,balance,30,15,15
4929,Dontfloodit,tichondrius,1419,druid,balance,57,25,32
4930,Maxspeed,tichondrius,1417,druid,balance,24,15,9
4931,Alliess,aerie-peak,1417,druid,balance,99,50,49
4932,Jentlegiant,tichondrius,1416,druid,balance,24,15,9
4933,Crocface,tichondrius,1415,druid,balance,66,38,28
4934,Brockolini,tichondrius,1414,druid,balance,70,38,32
4935,Gullmock,quelthalas,1412,druid,balance,78,35,43
4936,Feroz,frostmourne,1409,druid,balance,24,15,9
4937,Imnotinhuman,tichondrius,1405,druid,balance,35,22,13
4938,Wizdùm,frostmourne,1405,druid,balance,24,15,9
4939,Huskars,tichondrius,1404,druid,balance,42,24,18
4940,Slyfoxx,stonemaul,1403,druid,balance,92,53,39
4941,Nephdruid,stormrage,1402,druid,balance,30,19,11
4942,Surfingbird,tichondrius,1400,druid,balance,45,32,13
4943,Ghostowl,thrall,1399,druid,balance,24,17,7
4944,Cudbacrakhed,tichondrius,1399,druid,balance,48,27,21
4945,Zuice,thrall,1398,druid,balance,69,32,37
4946,Deathkahn,lightninghoof,1397,druid,balance,60,31,29
4947,Drunknoodles,stormrage,1396,druid,balance,29,16,13
4948,Ulcera,nemesis,1396,druid,balance,33,17,16
4949,Tinkeress,stormrage,1396,druid,balance,84,43,41
4950,Justinheras,area-52,1394,druid,balance,52,30,22
4951,Rashmi,kiljaeden,1389,druid,balance,30,15,15
4952,Seneshy,azralon,1387,druid,balance,30,22,8
4953,Thorothir,ragnaros,1385,druid,balance,42,23,19
4954,Indoee,mannoroth,1385,druid,balance,70,33,37
4955,Driftwood,bonechewer,1382,druid,balance,30,18,12
4956,Drufasa,tichondrius,1378,druid,balance,29,15,14
4957,Nanashi,tichondrius,1378,druid,balance,30,15,15
4958,Shemeus,malganis,1374,druid,balance,54,27,27
4959,Kittiepurry,blackrock,1374,druid,balance,54,25,29
4960,Wildsïde,tichondrius,1373,druid,balance,24,15,9
4961,Starsaber,dalaran,1370,druid,balance,36,21,15
4962,Chonkykitty,frostmourne,1364,druid,balance,24,16,8
4963,Raximus,moon-guard,1363,druid,balance,48,22,26
4964,Skagakr,moon-guard,1362,druid,balance,36,17,19
4965,Druiddreams,frostmourne,1358,druid,balance,24,17,7
4966,Gitsnshigles,frostmourne,1352,druid,balance,43,23,20
4967,Theirs,tichondrius,1351,druid,balance,121,71,50
4968,Tahnu,deathwing,1350,druid,balance,23,15,8
4969,Mythelian,icecrown,1348,druid,balance,60,34,26
4970,Jonoa,nagrand,1344,druid,balance,55,34,21
4971,Muscelmilk,tichondrius,1344,druid,balance,33,19,14
4972,Furu,bonechewer,1344,druid,balance,66,33,33
4973,Scene,frostmourne,1340,druid,balance,18,14,4
4974,Ernest,goldrinn,1340,druid,balance,63,31,32
4975,Boomchí,tichondrius,1337,druid,balance,18,14,4
4976,Boomsquanch,emerald-dream,1337,druid,balance,24,14,10
4977,Cynhawts,emerald-dream,1337,druid,balance,24,14,10
4978,Druizzy,illidan,1336,druid,balance,36,14,22
4979,Midnitetoker,hyjal,1335,druid,balance,24,14,10
4980,Skrimshaw,burning-legion,1335,druid,balance,30,15,15
4981,Brawndiboom,stormrage,1335,druid,balance,59,27,32
4982,Treezús,thrall,1333,druid,balance,36,19,17
4983,Droody,earthen-ring,1333,druid,balance,40,20,20
4984,Breynna,draenor,1333,druid,balance,41,20,21
4985,Yungterp,zuljin,1332,druid,balance,18,14,4
4986,Xvenusaur,bleeding-hollow,1329,druid,balance,21,15,6
4987,Noteff,illidan,1327,druid,balance,30,19,11
4988,Yaboydave,stonemaul,1327,druid,balance,24,14,10
4989,Moohok,bleeding-hollow,1321,druid,balance,30,14,16
4990,Thickmoo,tichondrius,1319,druid,balance,81,38,43
4991,Còyot,stormrage,1318,druid,balance,26,15,11
4992,Winekoolers,malganis,1317,druid,balance,42,21,21
4993,Shuxz,sargeras,1313,druid,balance,30,20,10
4994,Réko,sargeras,1311,druid,balance,40,23,17
4995,Evilakali,tichondrius,1311,druid,balance,49,27,22
4996,Flôkey,tichondrius,1311,druid,balance,42,21,21
4997,Bigbeugs,frostmourne,1310,druid,balance,24,14,10
4998,Solarcannon,shuhalo,1310,druid,balance,106,57,49
4999,Stepdru,sargeras,1308,druid,balance,24,14,10
5000,Annef,tichondrius,1307,druid,balance,42,21,21
5001,Ðjx,stormrage,1306,druid,balance,19,15,4
5002,Lønewolf,sargeras,1304,druid,balance,59,30,29
5003,Treemendous,nemesis,1303,druid,balance,30,14,16
5004,Sergat,stormreaver,1302,druid,balance,54,28,26
5005,Hawkk,azralon,1296,druid,balance,44,22,22
5006,Lightconvoke,norgannon,1296,druid,balance,32,15,17
5007,Slumpxaddy,illidan,1289,druid,balance,23,14,9
5008,Stupidranga,barthilas,1286,druid,balance,54,29,25
5009,Snailbeam,shattered-hand,1286,druid,balance,36,14,22
5010,Minusdruid,dalaran,1285,druid,balance,105,51,54
5011,Lavenderowl,arthas,1284,druid,balance,46,25,21
5012,Lokdu,area-52,1284,druid,balance,30,15,15
5013,Redbbull,tichondrius,1283,druid,balance,36,24,12
5014,Barrah,barthilas,1280,druid,balance,64,31,33
5015,Barekat,emerald-dream,1279,druid,balance,28,16,12
5016,Strallà,illidan,1276,druid,balance,90,48,42
5017,Kuroshizen,tichondrius,1273,druid,balance,79,33,46
5018,Softshirtxo,ragnaros,1271,druid,balance,24,14,10
5019,Formmaster,malganis,1269,druid,balance,52,24,28
5020,Sileda,nemesis,1266,druid,balance,20,14,6
5021,Kallabaluwa,azralon,1265,druid,balance,29,14,15
5022,Shivlary,stormrage,1262,druid,balance,30,20,10
5023,Quaras,frostmourne,1258,druid,balance,163,83,80
5024,Sochin,nemesis,1253,druid,balance,42,24,18
5025,Styless,azjolnerub,1251,druid,balance,28,16,12
5026,Juicywap,proudmoore,1251,druid,balance,30,14,16
5027,Nimfaa,nemesis,1249,druid,balance,30,17,13
5028,Instar,tichondrius,1248,druid,balance,24,13,11
5029,Starfail,illidan,1248,druid,balance,24,13,11
5030,Gatorskin,sargeras,1247,druid,balance,15,14,1
5031,Destromz,zuljin,1247,druid,balance,18,13,5
5032,Lawlz,aegwynn,1246,druid,balance,51,28,23
5033,Dirtdog,uther,1246,druid,balance,24,13,11
5034,Mntra,emerald-dream,1245,druid,balance,18,13,5
5035,Antiherø,sargeras,1245,druid,balance,18,13,5
5036,Phurr,area-52,1245,druid,balance,18,13,5
5037,Judar,barthilas,1244,druid,balance,36,13,23
5038,Darkombra,frostmourne,1241,druid,balance,24,13,11
5039,Kyabe,ragnaros,1241,druid,balance,55,20,35
5040,Starcastic,tichondrius,1240,druid,balance,18,13,5
5041,Tummycummy,thrall,1240,druid,balance,18,13,5
5042,Lindzy,moon-guard,1240,druid,balance,66,38,28
5043,Héisénbérg,sargeras,1239,druid,balance,24,13,11
5044,Boõsty,bleeding-hollow,1238,druid,balance,24,13,11
5045,Guojue,tichondrius,1237,druid,balance,46,25,21
5046,Roundtummy,area-52,1234,druid,balance,24,13,11
5047,Eldenis,drakkari,1233,druid,balance,42,20,22
5048,Édzar,area-52,1230,druid,balance,70,35,35
5049,Dudur,zuljin,1229,druid,balance,30,13,17
5050,Vicorin,illidan,1226,druid,balance,24,13,11
5051,Limikeen,bleeding-hollow,1225,druid,balance,24,13,11
5052,Beal,azgalor,1224,druid,balance,54,21,33
5053,Sunboy,tichondrius,1221,druid,balance,73,36,37
5054,Deths,frostmourne,1219,druid,balance,18,13,5
5055,Acidmoon,tichondrius,1219,druid,balance,46,19,27
5056,Pokémon,grizzly-hills,1218,druid,balance,24,13,11
5057,Vuginas,bleeding-hollow,1215,druid,balance,62,33,29
5058,Drßoom,stormrage,1211,druid,balance,69,30,39
5059,Møønscar,tichondrius,1204,druid,balance,48,22,26
5060,Trollsmind,tichondrius,1202,druid,balance,28,14,14
5061,Thehooligan,stormrage,1200,druid,balance,75,41,34
5062,Elpako,ragnaros,1200,druid,balance,30,13,17
5063,Nolifer,sargeras,1192,druid,balance,30,17,13
5064,Dumdumdugan,korgath,1191,druid,balance,83,41,42
5065,Audacities,bloodhoof,1188,druid,balance,29,14,15
5066,Knoxella,moon-guard,1188,druid,balance,47,21,26
5067,Dampnr,tichondrius,1186,druid,balance,30,14,16
5068,Maxable,alleria,1184,druid,balance,27,14,13
5069,Quincunx,tichondrius,1181,druid,balance,70,39,31
5070,Odweaven,thunderlord,1175,druid,balance,23,13,10
5071,Blackmoons,thunderlord,1173,druid,balance,36,14,22
5072,Aberdare,tichondrius,1169,druid,balance,29,13,16
5073,Kattel,blackrock,1168,druid,balance,36,18,18
5074,Mooing,azralon,1167,druid,balance,18,13,5
5075,Dodid,laughing-skull,1166,druid,balance,24,13,11
5076,Baboongodx,frostmourne,1164,druid,balance,23,13,10
5077,Mambuz,tichondrius,1156,druid,balance,30,18,12
5078,Levincy,thrall,1156,druid,balance,60,33,27
5079,Dojacow,mannoroth,1154,druid,balance,34,16,18
5080,Locose,black-dragonflight,1151,druid,balance,18,12,6
5081,Katbriel,zuljin,1151,druid,balance,18,12,6
5082,Comidru,tichondrius,1150,druid,balance,24,12,12
5083,Hefe,terenas,1149,druid,balance,18,12,6
5084,Ehleven,tichondrius,1148,druid,balance,18,12,6
5085,Mk,caelestrasz,1148,druid,balance,18,12,6
5086,Yoona,kiljaeden,1148,druid,balance,24,12,12
5087,Yehaw,bloodhoof,1146,druid,balance,18,12,6
5088,Skurts,tichondrius,1145,druid,balance,18,12,6
5089,Asteriel,stormrage,1145,druid,balance,24,12,12
5090,Morphkow,sargeras,1145,druid,balance,33,16,17
5091,Zesto,nazjatar,1144,druid,balance,18,12,6
5092,Roots,boulderfist,1144,druid,balance,30,13,17
5093,Gravshift,zuljin,1143,druid,balance,18,12,6
5094,Pleasepime,stormrage,1143,druid,balance,66,24,42
5095,Dkat,malganis,1140,druid,balance,30,13,17
5096,Saturday,frostmourne,1137,druid,balance,18,12,6
5097,Aozeh,kiljaeden,1136,druid,balance,18,12,6
5098,Ûñø,frostmourne,1130,druid,balance,30,19,11
5099,Prismo,ravencrest,1129,druid,balance,24,12,12
5100,Treeteej,kelthuzad,1128,druid,balance,36,16,20
5101,Gepardéx,ragnaros,1127,druid,balance,64,26,38
5102,Kuthian,moon-guard,1126,druid,balance,39,17,22
5103,Coppersnout,moon-guard,1118,druid,balance,48,27,21
5104,Burninmôön,tichondrius,1118,druid,balance,35,12,23
5105,Mercz,illidan,1111,druid,balance,18,12,6
5106,Ilgalsard,frostmourne,1109,druid,balance,36,16,20
5107,Zorn,lightnings-blade,1108,druid,balance,26,13,13
5108,Crazystorm,ragnaros,1096,druid,balance,42,21,21
5109,Floridajoe,blackrock,1094,druid,balance,24,15,9
5110,Alucardxd,ragnaros,1094,druid,balance,29,12,17
5111,Krazykritz,illidan,1090,druid,balance,27,13,14
5112,Gorgoncity,illidan,1088,druid,balance,22,12,10
5113,Moistcream,tichondrius,1087,druid,balance,21,12,9
5114,Bethemarble,sargeras,1087,druid,balance,33,14,19
5115,Zeromeme,frostmourne,1086,druid,balance,20,12,8
5116,Råstafart,tichondrius,1080,druid,balance,30,12,18
5117,Thèbearjèw,tichondrius,1057,druid,balance,41,17,24
5118,Qelthalas,sargeras,1057,druid,balance,55,21,34
5119,Drdoomerkin,area-52,1056,druid,balance,12,11,1
5120,Slickitty,kelthuzad,1056,druid,balance,18,11,7
5121,Chanimal,tichondrius,1055,druid,balance,12,11,1
5122,Mooseknukel,zuljin,1055,druid,balance,18,11,7
5123,Coldkill,burning-legion,1055,druid,balance,18,11,7
5124,Purkins,barthilas,1055,druid,balance,18,11,7
5125,Sahksi,lothar,1055,druid,balance,18,11,7
5126,Docleave,tichondrius,1055,druid,balance,18,11,7
5127,Mastahskills,illidan,1055,druid,balance,18,11,7
5128,Moonrg,stormrage,1055,druid,balance,18,11,7
5129,Kydro,sargeras,1055,druid,balance,18,11,7
5130,Likorit,azralon,1055,druid,balance,18,11,7
5131,Shibbith,nordrassil,1054,druid,balance,18,11,7
5132,Flappyjacks,elune,1054,druid,balance,18,11,7
5133,Theboomkin,kelthuzad,1054,druid,balance,18,11,7
5134,Buffclyde,blackrock,1054,druid,balance,18,11,7
5135,Pankecito,ragnaros,1054,druid,balance,18,11,7
5136,Erealana,tichondrius,1054,druid,balance,18,11,7
5137,Qs,rivendare,1054,druid,balance,30,11,19
5138,Astrixx,frostmourne,1053,druid,balance,12,11,1
5139,Quefemme,kelthuzad,1053,druid,balance,18,11,7
5140,Fätål,ysera,1053,druid,balance,18,11,7
5141,Bigherbo,zuljin,1053,druid,balance,18,11,7
5142,Crashägásm,proudmoore,1053,druid,balance,25,12,13
5143,Pavati,bleeding-hollow,1052,druid,balance,18,11,7
5144,Cerest,kaelthas,1051,druid,balance,16,12,4
5145,Fjblol,sargeras,1051,druid,balance,24,11,13
5146,Wildbloom,draenor,1050,druid,balance,18,11,7
5147,Boostgu,illidan,1050,druid,balance,18,11,7
5148,Davo,tichondrius,1050,druid,balance,18,11,7
5149,Nozgöth,quelthalas,1050,druid,balance,45,23,22
5150,Spicydurid,tichondrius,1050,druid,balance,24,11,13
5151,Jainzar,dreadmaul,1049,druid,balance,24,11,13
5152,Daddymaple,tichondrius,1049,druid,balance,24,11,13
5153,Balverixqt,tichondrius,1048,druid,balance,24,11,13
5154,Chikenflu,tichondrius,1047,druid,balance,22,11,11
5155,Bâzinga,bleeding-hollow,1046,druid,balance,18,11,7
5156,Kogiid,moon-guard,1046,druid,balance,18,11,7
5157,Tankbareass,aerie-peak,1042,druid,balance,24,11,13
5158,Jinglebells,kiljaeden,1038,druid,balance,18,11,7
5159,Alagoano,azralon,1036,druid,balance,18,13,5
5160,Alphakatt,area-52,1034,druid,balance,24,11,13
5161,Miggzii,draka,1030,druid,balance,40,17,23
5162,Hosehead,malganis,1023,druid,balance,24,14,10
5163,Catrene,mannoroth,1017,druid,balance,38,24,14
5164,Malamew,antonidas,1016,druid,balance,18,12,6
5165,Lumipawz,frostmourne,1014,druid,balance,19,12,7
5166,Riprip,tichondrius,1012,druid,balance,27,12,15
5167,Araminka,drakkari,1011,druid,balance,12,11,1
5168,Rslm,tichondrius,1001,druid,balance,21,12,9
5169,Finntröll,area-52,993,druid,balance,29,11,18
5170,Velaana,tichondrius,989,druid,balance,26,11,15
5171,Xevão,nemesis,987,druid,balance,26,11,15
5172,Indy,rivendare,980,druid,balance,22,11,11
5173,Vapeculture,lightbringer,977,druid,balance,36,21,15
5174,Smashthatbox,illidan,977,druid,balance,32,12,20
5175,Jubi,bleeding-hollow,960,druid,balance,12,10,2
5176,Elvishrage,zuljin,960,druid,balance,12,10,2
5177,Irl,frostmane,960,druid,balance,12,10,2
5178,Keylae,sargeras,960,druid,balance,18,10,8
5179,Roben,tichondrius,960,druid,balance,18,10,8
5180,Mcy,nerzhul,960,druid,balance,18,10,8
5181,Borrdru,arthas,960,druid,balance,18,10,8
5182,Jshwills,sargeras,959,druid,balance,12,10,2
5183,Furryswipe,proudmoore,959,druid,balance,12,10,2
5184,Trippyshift,hyjal,959,druid,balance,18,10,8
5185,Renamebdsm,cenarius,959,druid,balance,18,10,8
5186,Kohru,moon-guard,959,druid,balance,18,10,8
5187,Frostig,tichondrius,959,druid,balance,18,10,8
5188,Glickbear,illidan,959,druid,balance,18,10,8
5189,Buckwhêât,illidan,959,druid,balance,24,10,14
5190,Biggieclawz,tichondrius,958,druid,balance,12,10,2
5191,Meatcat,sargeras,958,druid,balance,18,10,8
5192,Tyapet,area-52,958,druid,balance,18,10,8
5193,Kushidabs,tichondrius,958,druid,balance,34,11,23
5194,Messyboom,illidan,957,druid,balance,12,10,2
5195,Starsurgeon,thrall,956,druid,balance,18,10,8
5196,Drewpg,zuljin,955,druid,balance,18,10,8
5197,Nasuu,bleeding-hollow,955,druid,balance,18,10,8
5198,Ðementia,stormrage,954,druid,balance,24,10,14
5199,Huggerino,stormrage,953,druid,balance,24,10,14
5200,Drubuzz,tichondrius,952,druid,balance,18,10,8
5201,Veraciouss,sargeras,952,druid,balance,18,10,8
5202,Crunkk,thunderlord,952,druid,balance,18,10,8
5203,Bouffecul,zuljin,952,druid,balance,18,10,8
5204,Zentabra,proudmoore,952,druid,balance,24,10,14
5205,Barrahjr,frostmourne,951,druid,balance,21,11,10
5206,Milksquirts,thrall,951,druid,balance,24,10,14
5207,Ðarkscar,laughing-skull,943,druid,balance,50,18,32
5208,Rakelan,tichondrius,930,druid,balance,104,53,51
5209,Cirranis,moon-guard,910,druid,balance,15,10,5
5210,Athious,moon-guard,909,druid,balance,29,13,16
5211,Bellä,nazjatar,900,druid,balance,37,11,26
5212,Nalarin,kaelthas,878,druid,balance,72,35,37
5213,Bäñgarang,tichondrius,878,druid,balance,25,10,15
5214,Cowel,tichondrius,877,druid,balance,19,10,9
5215,Skum,bloodscalp,864,druid,balance,12,9,3
5216,Gerrt,bleeding-hollow,864,druid,balance,12,9,3
5217,Zebyn,tichondrius,864,druid,balance,12,9,3
5218,Hydrahl,thrall,864,druid,balance,12,9,3
5219,Scurse,tichondrius,864,druid,balance,12,9,3
5220,Elunegoddess,tichondrius,864,druid,balance,18,9,9
5221,Kûramä,dalaran,864,druid,balance,18,9,9
5222,Jssy,tichondrius,864,druid,balance,18,9,9
5223,Mõoõoõoõoõoõ,tichondrius,864,druid,balance,18,9,9
5224,Aqulaíssaela,sargeras,864,druid,balance,18,9,9
5225,Mvpps,thrall,864,druid,balance,18,9,9
5226,Tôpdadwôrld,sargeras,864,druid,balance,18,9,9
5227,Renithen,trollbane,863,druid,balance,12,9,3
5228,Cthulhuqt,kelthuzad,863,druid,balance,12,9,3
5229,Gwub,illidan,863,druid,balance,12,9,3
5230,Drmf,frostmourne,863,druid,balance,12,9,3
5231,Verelyris,nordrassil,863,druid,balance,12,9,3
5232,Columpio,area-52,863,druid,balance,18,9,9
5233,Cheezaygx,arthas,863,druid,balance,18,9,9
5234,Amookelia,tichondrius,863,druid,balance,18,9,9
5235,Milkshift,demon-soul,863,druid,balance,18,9,9
5236,Môônkîn,chogall,863,druid,balance,18,9,9
5237,Rootslayer,tichondrius,862,druid,balance,12,9,3
5238,Faroo,azralon,862,druid,balance,12,9,3
5239,Oreoshift,illidan,862,druid,balance,12,9,3
5240,Zugdruid,tichondrius,862,druid,balance,13,9,4
5241,Felløwship,nemesis,862,druid,balance,18,9,9
5242,Muagor,tichondrius,862,druid,balance,18,9,9
5243,Hitchslaps,tichondrius,862,druid,balance,18,9,9
5244,Furrmissile,area-52,862,druid,balance,18,9,9
5245,Seyala,moon-guard,862,druid,balance,21,10,11
5246,Pooöòôp,kiljaeden,861,druid,balance,12,9,3
5247,Katobe,tichondrius,861,druid,balance,18,9,9
5248,Blizdontcuur,area-52,860,druid,balance,12,9,3
5249,Sanleba,tichondrius,860,druid,balance,18,9,9
5250,Bigboðm,tichondrius,860,druid,balance,18,9,9
5251,Vorare,tichondrius,859,druid,balance,18,9,9
5252,Amandi,magtheridon,858,druid,balance,24,9,15
5253,Dèmønblâckev,malganis,842,druid,balance,24,11,13
5254,Imshiftastic,area-52,831,druid,balance,28,12,16
5255,Ssïp,tichondrius,814,druid,balance,21,9,12
5256,Shifterx,illidan,810,druid,balance,22,13,9
5257,Yoloboomkin,tichondrius,799,druid,balance,22,9,13
5258,Leeteracola,malganis,798,druid,balance,20,9,11
5259,Grgcostanza,bleeding-hollow,793,druid,balance,14,9,5
5260,Spazz,firetree,783,druid,balance,11,9,2
5261,Thallid,hydraxis,768,druid,balance,12,8,4
5262,Laserxo,tichondrius,768,druid,balance,12,8,4
5263,Catmoomoo,tichondrius,768,druid,balance,12,8,4
5264,Mikelovin,nemesis,768,druid,balance,12,8,4
5265,Elyiaida,emerald-dream,768,druid,balance,12,8,4
5266,Argento,frostmourne,768,druid,balance,12,8,4
5267,Ralphrawr,barthilas,768,druid,balance,12,8,4
5268,Azakai,sargeras,768,druid,balance,12,8,4
5269,Chayten,bleeding-hollow,768,druid,balance,12,8,4
5270,Nyzear,bleeding-hollow,768,druid,balance,12,8,4
5271,Shiftytom,spirestone,768,druid,balance,12,8,4
5272,Chococrispis,quelthalas,768,druid,balance,12,8,4
5273,Ryanspeed,mugthol,768,druid,balance,12,8,4
5274,Slowreverb,silver-hand,768,druid,balance,12,8,4
5275,Shaney,zuljin,768,druid,balance,12,8,4
5276,Hayop,illidan,768,druid,balance,12,8,4
5277,Yøpìèrre,zuljin,768,druid,balance,12,8,4
5278,Chickenwings,ragnaros,768,druid,balance,12,8,4
5279,Boomfold,tichondrius,768,druid,balance,18,8,10
5280,Onsen,tichondrius,768,druid,balance,18,8,10
5281,Binnchook,barthilas,767,druid,balance,12,8,4
5282,Entakkt,cenarius,767,druid,balance,12,8,4
5283,Arntu,malganis,767,druid,balance,12,8,4
5284,Starbender,arygos,767,druid,balance,12,8,4
5285,Nøzopium,kelthuzad,767,druid,balance,12,8,4
5286,Harddeenball,area-52,767,druid,balance,15,9,6
5287,Ruckiz,stormrage,767,druid,balance,18,8,10
5288,Ebonclaw,malganis,767,druid,balance,18,8,10
5289,Jiya,zuljin,767,druid,balance,18,8,10
5290,Dárách,malganis,767,druid,balance,18,8,10
5291,Khristine,spinebreaker,767,druid,balance,24,8,16
5292,Narthurs,ragnaros,767,druid,balance,24,8,16
5293,Aolus,kaelthas,766,druid,balance,12,8,4
5294,Onidudu,frostmourne,766,druid,balance,12,8,4
5295,Sweatypapa,tichondrius,766,druid,balance,12,8,4
5296,Mornis,zuljin,766,druid,balance,12,8,4
5297,Serega,skywall,766,druid,balance,18,8,10
5298,Chaossdruid,bleeding-hollow,766,druid,balance,18,8,10
5299,Nxghtfall,tichondrius,766,druid,balance,18,8,10
5300,Jashrus,korgath,765,druid,balance,12,8,4
5301,Lunapuma,stonemaul,765,druid,balance,12,8,4
5302,Whitekongg,blackhand,765,druid,balance,15,9,6
5303,Sefestria,senjin,765,druid,balance,18,8,10
5304,Crépes,bleeding-hollow,764,druid,balance,18,8,10
5305,Hootie,arygos,764,druid,balance,24,8,16
5306,Slingin,illidan,764,druid,balance,24,8,16
5307,Kudro,garithos,764,druid,balance,24,8,16
5308,Wabbehkus,barthilas,764,druid,balance,26,8,18
5309,Psnárf,area-52,763,druid,balance,12,8,4
5310,Dirtydot,ragnaros,762,druid,balance,12,8,4
5311,Astromyles,tichondrius,762,druid,balance,25,8,17
5312,Dennyyd,illidan,759,druid,balance,12,8,4
5313,Meliódás,area-52,758,druid,balance,150,60,90
5314,Volddy,tichondrius,755,druid,balance,18,8,10
5315,Nokther,muradin,735,druid,balance,22,8,14
5316,Outclone,tichondrius,734,druid,balance,10,9,1
5317,Beleraine,moon-guard,732,druid,balance,17,8,9
5318,Roofty,illidan,703,druid,balance,11,8,3
5319,Buyadoge,area-52,703,druid,balance,16,8,8
5320,Jaduss,thrall,702,druid,balance,14,8,6
5321,Lakermagik,moknathal,688,druid,balance,13,8,5
5322,Meowmixx,frostmane,687,druid,balance,19,8,11
5323,Seannybhoy,emerald-dream,672,druid,balance,12,7,5
5324,Sym,zuljin,672,druid,balance,12,7,5
5325,Omegablasted,tichondrius,672,druid,balance,12,7,5
5326,Bobthehefty,area-52,672,druid,balance,12,7,5
5327,Suedou,moon-guard,672,druid,balance,12,7,5
5328,Ottovonbird,tichondrius,672,druid,balance,12,7,5
5329,Junaleska,lightbringer,672,druid,balance,12,7,5
5330,Flapping,illidan,672,druid,balance,12,7,5
5331,Kitinglol,alexstrasza,672,druid,balance,12,7,5
5332,Justsidious,sargeras,672,druid,balance,12,7,5
5333,Fastlife,drakkari,672,druid,balance,12,7,5
5334,Donaldsr,area-52,672,druid,balance,12,7,5
5335,Floofi,kelthuzad,672,druid,balance,12,7,5
5336,Psilo,kelthuzad,672,druid,balance,12,7,5
5337,Covidcarrier,thrall,672,druid,balance,12,7,5
5338,Xioqt,chogall,672,druid,balance,12,7,5
5339,Slickthick,sargeras,672,druid,balance,12,7,5
5340,Martians,laughing-skull,672,druid,balance,12,7,5
5341,Kittycatman,tichondrius,672,druid,balance,12,7,5
5342,Megadruidx,stormrage,672,druid,balance,15,8,7
5343,Dooruid,tichondrius,672,druid,balance,18,7,11
5344,Trashytrash,bleeding-hollow,672,druid,balance,18,7,11
5345,Dreveron,bleeding-hollow,672,druid,balance,18,7,11
5346,Jubeam,area-52,671,druid,balance,12,7,5
5347,Jeezelouise,kelthuzad,671,druid,balance,12,7,5
5348,Myex,illidan,671,druid,balance,12,7,5
5349,Dgas,tichondrius,671,druid,balance,12,7,5
5350,Catahoula,lothar,671,druid,balance,12,7,5
5351,Chakrabeam,kelthuzad,671,druid,balance,18,7,11
5352,Barkcheeks,area-52,671,druid,balance,18,7,11
5353,Dashio,lightnings-blade,671,druid,balance,18,7,11
5354,Illilydan,tichondrius,671,druid,balance,18,7,11
5355,Wyldthangz,stormrage,671,druid,balance,18,7,11
5356,Flatnose,agamaggan,671,druid,balance,18,7,11
5357,Shebleeder,aegwynn,671,druid,balance,18,7,11
5358,Deez,korgath,671,druid,balance,18,7,11
5359,Donresantis,stormreaver,671,druid,balance,24,7,17
5360,Chukksz,nerzhul,670,druid,balance,12,7,5
5361,Oâk,farstriders,670,druid,balance,12,7,5
5362,Hootyhoot,illidan,670,druid,balance,12,7,5
5363,Eurotrance,frostmourne,669,druid,balance,12,7,5
5364,Vicvc,tichondrius,669,druid,balance,12,7,5
5365,Onecalf,tichondrius,668,druid,balance,12,7,5
5366,Muhana,runetotem,667,druid,balance,18,7,11
5367,Coqeh,frostwolf,664,druid,balance,12,7,5
5368,Beammz,stormrage,664,druid,balance,15,8,7
5369,Pao,nordrassil,664,druid,balance,18,7,11
5370,Kångåwalafox,sargeras,663,druid,balance,12,7,5
5371,Azevedoo,nemesis,660,druid,balance,31,7,24
5372,Meiling,spirestone,659,druid,balance,12,7,5
5373,Abzuri,kiljaeden,655,druid,balance,15,8,7
5374,Doomkiñ,darkspear,639,druid,balance,17,7,10
5375,Spacéchicken,stormrage,638,druid,balance,10,8,2
5376,Tumblr,terenas,624,druid,balance,9,7,2
5377,Chankletta,quelthalas,618,druid,balance,18,8,10
5378,Warberton,moon-guard,616,druid,balance,15,7,8
5379,Zalothianx,thrall,608,druid,balance,16,7,9
5380,Aranuir,emerald-dream,607,druid,balance,11,7,4
5381,Feldstarx,stormrage,607,druid,balance,14,7,7
5382,Goofyfoot,wyrmrest-accord,605,druid,balance,14,7,7
5383,Dorizio,illidan,576,druid,balance,6,6,0
5384,Starship,frostmourne,576,druid,balance,6,6,0
5385,Boyoboy,thrall,576,druid,balance,6,6,0
5386,Ory,illidan,576,druid,balance,6,6,0
5387,Nardwaur,tichondrius,576,druid,balance,6,6,0
5388,Abomasnow,turalyon,576,druid,balance,6,6,0
5389,Dreamwalker,bleeding-hollow,576,druid,balance,6,6,0
5390,Prev,arathor,576,druid,balance,6,6,0
5391,Jmackd,frostmourne,576,druid,balance,12,6,6
5392,Faletra,eitrigg,576,druid,balance,12,6,6
5393,Côheed,bleeding-hollow,576,druid,balance,12,6,6
5394,Dalaverrunis,tichondrius,576,druid,balance,12,6,6
5395,Yggdrasil,ravencrest,576,druid,balance,12,6,6
5396,Starboy,garona,576,druid,balance,12,6,6
5397,Celetra,kiljaeden,576,druid,balance,12,6,6
5398,Ssantirap,quelthalas,576,druid,balance,12,6,6
5399,Doomky,area-52,576,druid,balance,12,6,6
5400,Lunartiç,kelthuzad,576,druid,balance,12,6,6
5401,Treehard,malganis,576,druid,balance,12,6,6
5402,Nerfdemo,kiljaeden,576,druid,balance,12,6,6
5403,Rikishi,executus,576,druid,balance,12,6,6
5404,Skydín,stormrage,576,druid,balance,12,6,6
5405,Hugodruid,frostmourne,576,druid,balance,12,6,6
5406,Scykin,stormrage,576,druid,balance,12,6,6
5407,Contrololol,hyjal,576,druid,balance,12,6,6
5408,Medibull,tichondrius,576,druid,balance,12,6,6
5409,Beomjun,tichondrius,576,druid,balance,12,6,6
5410,Gâlaxy,sargeras,576,druid,balance,12,6,6
5411,Jacknit,illidan,576,druid,balance,12,6,6
5412,Gigathicc,malganis,576,druid,balance,12,6,6
5413,Bugbugz,tichondrius,576,druid,balance,12,6,6
5414,Fironous,nerzhul,576,druid,balance,12,6,6
5415,Peteybears,stormrage,576,druid,balance,12,6,6
5416,Ggae,tichondrius,576,druid,balance,12,6,6
5417,Skaie,ragnaros,576,druid,balance,12,6,6
5418,Runforest,tichondrius,576,druid,balance,12,6,6
5419,Wondercat,illidan,576,druid,balance,12,6,6
5420,Slaÿr,malganis,576,druid,balance,12,6,6
5421,Notpodruida,tichondrius,576,druid,balance,13,6,7
5422,Drphilsmith,moon-guard,576,druid,balance,18,6,12
5423,Yorch,stormrage,576,druid,balance,18,6,12
5424,Metal,jaedenar,576,druid,balance,18,6,12
5425,Droodad,mannoroth,576,druid,balance,18,6,12
5426,Longnus,stormrage,576,druid,balance,18,6,12
5427,Jherrak,area-52,575,druid,balance,6,6,0
5428,Runarok,ragnaros,575,druid,balance,12,6,6
5429,Chodkiewicz,echo-isles,575,druid,balance,12,6,6
5430,Zeanasfaratu,spinebreaker,575,druid,balance,12,6,6
5431,Zetii,emerald-dream,575,druid,balance,12,6,6
5432,Rígél,ragnaros,575,druid,balance,12,6,6
5433,Tariksha,sargeras,575,druid,balance,12,6,6
5434,Guybranch,illidan,575,druid,balance,12,6,6
5435,Jal,khazgoroth,575,druid,balance,12,6,6
5436,Xodz,sargeras,575,druid,balance,12,6,6
5437,Sleek,illidan,575,druid,balance,12,6,6
5438,Lacroix,wildhammer,574,druid,balance,6,6,0
5439,Uuli,area-52,574,druid,balance,12,6,6
5440,Quagsire,moon-guard,574,druid,balance,18,6,12
5441,Tinyypuppyy,sargeras,573,druid,balance,12,6,6
5442,Mufaasa,boulderfist,573,druid,balance,12,6,6
5443,Mctree,cenarius,572,druid,balance,12,6,6
5444,Suist,moonrunner,544,druid,balance,10,6,4
5445,Casaran,anetheron,543,druid,balance,11,6,5
5446,Liñk,sargeras,543,druid,balance,17,8,9
5447,Velais,exodar,512,druid,balance,22,6,16
5448,Gemineye,stormrage,511,druid,balance,11,6,5
5449,Cattdog,tichondrius,496,druid,balance,13,6,7
5450,Aoewynn,nerzhul,480,druid,balance,6,5,1
5451,Miçangak,azralon,480,druid,balance,6,5,1
5452,Dtefy,ragnaros,480,druid,balance,6,5,1
5453,Fakechower,stormreaver,480,druid,balance,6,5,1
5454,Rastakant,malganis,480,druid,balance,6,5,1
5455,Stacker,malganis,480,druid,balance,6,5,1
5456,Bumbleebee,azralon,480,druid,balance,6,5,1
5457,Dojacat,tichondrius,480,druid,balance,6,5,1
5458,Msparker,illidan,480,druid,balance,6,5,1
5459,Omnigrind,frostmourne,480,druid,balance,6,5,1
5460,Oo,grizzly-hills,480,druid,balance,6,5,1
5461,Yokux,thunderlord,480,druid,balance,6,5,1
5462,Ratspot,stormrage,480,druid,balance,6,5,1
5463,Bearyhalls,sargeras,480,druid,balance,6,5,1
5464,Babekisser,stormrage,480,druid,balance,6,5,1
5465,Hännibal,hydraxis,480,druid,balance,6,5,1
5466,Canuatemyrat,tichondrius,480,druid,balance,6,5,1
5467,Arwëna,tichondrius,480,druid,balance,6,5,1
5468,Dahts,destromath,480,druid,balance,6,5,1
5469,Dustydrx,area-52,480,druid,balance,6,5,1
5470,Hooffy,emerald-dream,480,druid,balance,6,5,1
5471,Chernlyssayo,stormrage,480,druid,balance,6,5,1
5472,Prøspect,moon-guard,480,druid,balance,6,5,1
5473,Cdroo,burning-blade,480,druid,balance,6,5,1
5474,Charnlok,thunderlord,480,druid,balance,6,5,1
5475,Volgoro,thrall,480,druid,balance,6,5,1
5476,Nephsis,kelthuzad,480,druid,balance,6,5,1
5477,Mayanardz,bleeding-hollow,480,druid,balance,6,5,1
5478,Mithroi,tichondrius,480,druid,balance,6,5,1
5479,Daroot,spinebreaker,480,druid,balance,6,5,1
5480,Rowdie,area-52,480,druid,balance,6,5,1
5481,Ragiix,tichondrius,480,druid,balance,6,5,1
5482,Awguseon,proudmoore,480,druid,balance,6,5,1
5483,Pecopeco,sargeras,480,druid,balance,6,5,1
5484,Fattdiabetic,tichondrius,480,druid,balance,6,5,1
5485,Numbkin,stormrage,480,druid,balance,6,5,1
5486,Floote,thrall,480,druid,balance,12,5,7
5487,Nöches,quelthalas,480,druid,balance,12,5,7
5488,Sodacream,illidan,480,druid,balance,12,5,7
5489,Zimah,illidan,480,druid,balance,12,5,7
5490,Cynderellaa,proudmoore,480,druid,balance,12,5,7
5491,Lickmypaws,sargeras,480,druid,balance,12,5,7
5492,Paintlicker,emerald-dream,480,druid,balance,12,5,7
5493,Zuga,the-venture-co,480,druid,balance,12,5,7
5494,Bearwithit,sargeras,480,druid,balance,12,5,7
5495,Ztraws,tichondrius,480,druid,balance,12,5,7
5496,Jokerdks,tichondrius,480,druid,balance,12,5,7
5497,Ragerag,trollbane,480,druid,balance,12,5,7
5498,Swappy,korgath,480,druid,balance,12,5,7
5499,Bullquenepas,dalaran,480,druid,balance,12,5,7
5500,Bigdaddyferg,illidan,480,druid,balance,12,5,7
5501,Dotdmage,tichondrius,480,druid,balance,12,5,7
5502,Indicamicah,tichondrius,480,druid,balance,12,5,7
5503,Fluff,gurubashi,480,druid,balance,12,5,7
5504,Haymade,sargeras,480,druid,balance,12,5,7
5505,Havócdh,tichondrius,480,druid,balance,12,5,7
5506,Spudpatikins,barthilas,480,druid,balance,12,5,7
5507,Livilla,sargeras,480,druid,balance,12,5,7
5508,Bigtammy,moon-guard,480,druid,balance,12,5,7
5509,Samelthios,proudmoore,480,druid,balance,14,5,9
5510,Tuppyboom,barthilas,480,druid,balance,18,5,13
5511,Ghoouul,tichondrius,480,druid,balance,18,5,13
5512,Durdern,barthilas,479,druid,balance,6,5,1
5513,Wtfiisthis,tichondrius,479,druid,balance,6,5,1
5514,Fourthkind,illidan,479,druid,balance,12,5,7
5515,Smhyle,frostmourne,479,druid,balance,12,5,7
5516,Damallis,anubarak,479,druid,balance,12,5,7
5517,Boneheir,proudmoore,479,druid,balance,12,5,7
5518,Raknary,kelthuzad,479,druid,balance,12,5,7
5519,Boatox,jubeithos,479,druid,balance,18,5,13
5520,Astroshift,emerald-dream,478,druid,balance,12,5,7
5521,Bloomsong,emerald-dream,478,druid,balance,12,5,7
5522,Santogrial,blood-furnace,477,druid,balance,6,5,1
5523,Caminanube,quelthalas,477,druid,balance,12,5,7
5524,Convoken,tichondrius,447,druid,balance,11,5,6
5525,Charmandxr,hyjal,447,druid,balance,14,6,8
5526,Arescarriess,shuhalo,431,druid,balance,11,5,6
5527,Xenöchrist,ragnaros,425,druid,balance,14,6,8
5528,Krispz,area-52,415,druid,balance,11,5,6
5529,Dokasaurus,lightbringer,384,druid,balance,6,4,2
5530,Trickatreyy,kelthuzad,384,druid,balance,6,4,2
5531,Somarythe,moon-guard,384,druid,balance,6,4,2
5532,Bäldir,dalaran,384,druid,balance,6,4,2
5533,Bearlylegál,sargeras,384,druid,balance,6,4,2
5534,Abelladañger,area-52,384,druid,balance,6,4,2
5535,Anamoorphicc,kelthuzad,384,druid,balance,6,4,2
5536,Rennar,stormrage,384,druid,balance,6,4,2
5537,Nicklul,llane,384,druid,balance,6,4,2
5538,Themustafa,tichondrius,384,druid,balance,6,4,2
5539,Fondra,sargeras,384,druid,balance,6,4,2
5540,Yevenbother,tichondrius,384,druid,balance,6,4,2
5541,Armorkits,area-52,384,druid,balance,6,4,2
5542,Kiwidru,frostmourne,384,druid,balance,6,4,2
5543,Rokk,baelgun,384,druid,balance,6,4,2
5544,Withwind,dalaran,384,druid,balance,6,4,2
5545,Zxve,stormrage,384,druid,balance,6,4,2
5546,Luvgames,area-52,384,druid,balance,6,4,2
5547,Boomypower,dalaran,384,druid,balance,6,4,2
5548,Lukass,tichondrius,384,druid,balance,6,4,2
5549,Harlisu,stormrage,384,druid,balance,6,4,2
5550,Redscyclone,dalaran,384,druid,balance,6,4,2
5551,Beamerboy,bleeding-hollow,384,druid,balance,6,4,2
5552,Partybeast,malganis,384,druid,balance,6,4,2
5553,Cashgame,malganis,384,druid,balance,6,4,2
5554,Tinishaker,ragnaros,384,druid,balance,6,4,2
5555,Feathergun,ragnaros,384,druid,balance,6,4,2
5556,Sñìp,zuljin,384,druid,balance,6,4,2
5557,Tinkker,zuljin,384,druid,balance,6,4,2
5558,Seekamp,khazgoroth,384,druid,balance,6,4,2
5559,Joiczar,maelstrom,384,druid,balance,6,4,2
5560,Nevershiftx,kirin-tor,384,druid,balance,6,4,2
5561,Matock,malganis,384,druid,balance,6,4,2
5562,Druz,spirestone,384,druid,balance,6,4,2
5563,Elonmuskirl,illidan,384,druid,balance,6,4,2
5564,Çoach,tichondrius,384,druid,balance,6,4,2
5565,Sàbrè,darkspear,384,druid,balance,6,4,2
5566,Daddyfresh,ursin,384,druid,balance,6,4,2
5567,Aton,frostwolf,384,druid,balance,6,4,2
5568,Hëllchaos,sargeras,384,druid,balance,6,4,2
5569,Twostars,thrall,384,druid,balance,6,4,2
5570,Matinee,tichondrius,384,druid,balance,6,4,2
5571,Maulinyou,whisperwind,384,druid,balance,6,4,2
5572,Söökie,tichondrius,384,druid,balance,6,4,2
5573,Selfplay,barthilas,384,druid,balance,6,4,2
5574,Melizaa,stormrage,384,druid,balance,6,4,2
5575,Elithyra,area-52,384,druid,balance,6,4,2
5576,Watchugonndo,tichondrius,384,druid,balance,6,4,2
5577,Balancz,thrall,384,druid,balance,10,5,5
5578,Vashida,stormrage,384,druid,balance,12,4,8
5579,Sorh,stormrage,384,druid,balance,12,4,8
5580,Madisonivyx,area-52,384,druid,balance,12,4,8
5581,Immortalwild,tichondrius,384,druid,balance,12,4,8
5582,Jakermans,area-52,384,druid,balance,12,4,8
5583,Veyrønn,stormrage,384,druid,balance,12,4,8
5584,Velaar,arthas,384,druid,balance,12,4,8
5585,Datdruidrod,illidan,384,druid,balance,12,4,8
5586,Astraelas,tichondrius,384,druid,balance,12,4,8
5587,Omnipaw,kelthuzad,384,druid,balance,12,4,8
5588,Lutein,tichondrius,384,druid,balance,12,4,8
5589,Sinistuhd,tichondrius,384,druid,balance,12,4,8
5590,Einraedon,dalaran,384,druid,balance,12,4,8
5591,Worldbullguy,area-52,384,druid,balance,12,4,8
5592,Maldobear,stormrage,384,druid,balance,12,4,8
5593,Wintarz,sargeras,384,druid,balance,12,4,8
5594,Jâykeup,lightbringer,384,druid,balance,12,4,8
5595,Tasselhoof,hyjal,384,druid,balance,12,4,8
5596,Inuyasha,sargeras,384,druid,balance,12,4,8
5597,Guitarsolos,nagrand,384,druid,balance,12,4,8
5598,Mihnt,sargeras,384,druid,balance,12,4,8
5599,Dolwizz,tichondrius,384,druid,balance,12,4,8
5600,Katdog,warsong,384,druid,balance,18,4,14
5601,Balthøs,moon-guard,383,druid,balance,6,4,2
5602,Xisloko,azralon,383,druid,balance,6,4,2
5603,Kamionero,drakkari,383,druid,balance,6,4,2
5604,Aessinawisp,frostmourne,383,druid,balance,6,4,2
5605,Rahkaaga,kiljaeden,383,druid,balance,6,4,2
5606,Krunge,frostwolf,383,druid,balance,6,4,2
5607,Balantina,tichondrius,383,druid,balance,12,4,8
5608,Skiouros,emerald-dream,383,druid,balance,18,4,14
5609,Sever,ysera,382,druid,balance,12,4,8
5610,Meowfacebby,stormrage,367,druid,balance,11,4,7
5611,Seytu,sargeras,351,druid,balance,8,5,3
5612,Thecovid,illidan,351,druid,balance,17,4,13
5613,Rahdek,azgalor,330,druid,balance,7,5,2
5614,Kimnim,tichondrius,330,druid,balance,9,6,3
5615,Ihjx,sargeras,330,druid,balance,11,6,5
5616,Istayfrawsty,darkspear,319,druid,balance,8,4,4
5617,Bhíkkhu,stormrage,288,druid,balance,6,3,3
5618,Taztoc,stormrage,288,druid,balance,6,3,3
5619,Budtender,moon-guard,288,druid,balance,6,3,3
5620,Silkyroad,tichondrius,288,druid,balance,6,3,3
5621,Piping,thunderlord,288,druid,balance,6,3,3
5622,Shumarina,mannoroth,288,druid,balance,6,3,3
5623,Blipshift,tichondrius,288,druid,balance,6,3,3
5624,Ðeepsixx,burning-legion,288,druid,balance,6,3,3
5625,Icastsmells,tichondrius,288,druid,balance,6,3,3
5626,Painsbrook,thrall,288,druid,balance,6,3,3
5627,Pergutory,frostmourne,288,druid,balance,6,3,3
5628,Nýla,stormrage,288,druid,balance,6,3,3
5629,Wiredxd,illidan,288,druid,balance,6,3,3
5630,Targareyen,sargeras,288,druid,balance,6,3,3
5631,Sodah,tichondrius,288,druid,balance,6,3,3
5632,Jgb,dalaran,288,druid,balance,6,3,3
5633,Coompie,frostmourne,288,druid,balance,6,3,3
5634,Coochi,sargeras,288,druid,balance,6,3,3
5635,Catastrophic,whisperwind,288,druid,balance,6,3,3
5636,Smokeheaters,dalaran,288,druid,balance,6,3,3
5637,Jpylm,ysera,288,druid,balance,6,3,3
5638,Staystrongox,tichondrius,288,druid,balance,6,3,3
5639,Goldentaint,tichondrius,288,druid,balance,6,3,3
5640,Cbark,ravencrest,288,druid,balance,6,3,3
5641,Thumpb,bronzebeard,288,druid,balance,6,3,3
5642,Bar,stormrage,288,druid,balance,6,3,3
5643,Samsshifter,tichondrius,288,druid,balance,6,3,3
5644,Luuxia,tichondrius,288,druid,balance,6,3,3
5645,Shaftomatic,tichondrius,288,druid,balance,6,3,3
5646,Çãñçèr,frostmourne,288,druid,balance,6,3,3
5647,Hottiecake,bronzebeard,288,druid,balance,6,3,3
5648,Wrathmighty,frostmourne,288,druid,balance,6,3,3
5649,Jxred,illidan,288,druid,balance,6,3,3
5650,Aconcat,bleeding-hollow,288,druid,balance,6,3,3
5651,Slottpocket,malganis,288,druid,balance,6,3,3
5652,Antagonist,burning-blade,288,druid,balance,6,3,3
5653,Vykarux,suramar,288,druid,balance,6,3,3
5654,Celestialife,frostmourne,288,druid,balance,6,3,3
5655,Ularda,bleeding-hollow,288,druid,balance,6,3,3
5656,Kaldelar,emerald-dream,288,druid,balance,6,3,3
5657,Shalaz,magtheridon,288,druid,balance,6,3,3
5658,Bamfferal,tichondrius,288,druid,balance,6,3,3
5659,Ephwürd,malganis,288,druid,balance,6,3,3
5660,Mådge,frostmourne,288,druid,balance,6,3,3
5661,Haaha,area-52,288,druid,balance,6,3,3
5662,Pepperpawz,emerald-dream,288,druid,balance,6,3,3
5663,Alcorria,area-52,288,druid,balance,6,3,3
5664,Azoth,hyjal,288,druid,balance,6,3,3
5665,Hchhi,ragnaros,288,druid,balance,6,3,3
5666,Hootiepie,hyjal,288,druid,balance,6,3,3
5667,Simo,kaelthas,288,druid,balance,6,3,3
5668,Spooser,proudmoore,288,druid,balance,6,3,3
5669,Silynce,tichondrius,288,druid,balance,6,3,3
5670,Stretchhxd,tichondrius,288,druid,balance,6,3,3
5671,Sawachicky,frostmourne,288,druid,balance,6,3,3
5672,Rabbismang,area-52,288,druid,balance,6,3,3
5673,Waiv,area-52,288,druid,balance,6,3,3
5674,Bearys,area-52,288,druid,balance,6,3,3
5675,Boiledfrogs,zuljin,288,druid,balance,6,3,3
5676,Arnlu,malganis,288,druid,balance,6,3,3
5677,Hpcorrection,bleeding-hollow,288,druid,balance,6,3,3
5678,Boattastic,terenas,288,druid,balance,6,3,3
5679,Kalalana,illidan,288,druid,balance,6,3,3
5680,Polyproof,emerald-dream,288,druid,balance,6,3,3
5681,Moonowl,crushridge,288,druid,balance,6,3,3
5682,Iploopedyogf,bleeding-hollow,288,druid,balance,6,3,3
5683,Runhe,zuljin,288,druid,balance,6,3,3
5684,Snartx,illidan,288,druid,balance,6,3,3
5685,Ornaaga,blackrock,288,druid,balance,6,3,3
5686,Jabawockdeez,area-52,288,druid,balance,6,3,3
5687,Retsarehard,illidan,288,druid,balance,8,3,5
5688,Wreckingcrew,emerald-dream,288,druid,balance,8,3,5
5689,Mulgorer,tichondrius,288,druid,balance,12,3,9
5690,Davelombardo,tichondrius,288,druid,balance,12,3,9
5691,Koan,proudmoore,288,druid,balance,12,3,9
5692,Xalstarrot,sargeras,288,druid,balance,12,3,9
5693,Teyollocuani,sargeras,288,druid,balance,12,3,9
5694,Feyrien,dalaran,288,druid,balance,12,3,9
5695,Jalapenoz,wyrmrest-accord,288,druid,balance,12,3,9
5696,Mørphea,darkspear,288,druid,balance,12,3,9
5697,Evarene,vashj,288,druid,balance,12,3,9
5698,Uezzon,tol-barad,288,druid,balance,12,3,9
5699,Loathe,korialstrasz,288,druid,balance,12,3,9
5700,Monicaduan,frostmourne,288,druid,balance,12,3,9
5701,Cêania,moon-guard,288,druid,balance,12,3,9
5702,Scythé,stormrage,288,druid,balance,12,3,9
5703,Furrycringe,stormrage,288,druid,balance,12,3,9
5704,Plye,korgath,288,druid,balance,12,3,9
5705,Wresty,frostmourne,287,druid,balance,6,3,3
5706,Elydaria,destromath,286,druid,balance,6,3,3
5707,Wiseoldman,jubeithos,286,druid,balance,6,3,3
5708,Jokey,quelthalas,286,druid,balance,6,3,3
5709,Vollzar,sargeras,255,druid,balance,11,3,8
5710,Orkinetvx,frostmourne,239,druid,balance,5,3,2
5711,Gutanamo,stormrage,239,druid,balance,5,3,2
5712,Ranokaliki,area-52,239,druid,balance,5,3,2
5713,Bigtoeess,tichondrius,239,druid,balance,5,3,2
5714,Tanawak,tichondrius,239,druid,balance,5,3,2
5715,Oddclaw,stormrage,239,druid,balance,5,3,2
5716,Clawandørder,tichondrius,223,druid,balance,8,3,5
5717,Jazzman,jubeithos,223,druid,balance,14,3,11
5718,Koratan,frostmourne,208,druid,balance,7,3,4
5719,Niwßor,azralon,192,druid,balance,10,4,6
5720,Hawgs,bleeding-hollow,192,druid,balance,6,2,4
5721,Bullwïnkle,uther,192,druid,balance,6,2,4
5722,Maimz,tichondrius,192,druid,balance,6,2,4
5723,Zigh,azralon,192,druid,balance,6,2,4
5724,Trippykitty,tichondrius,192,druid,balance,6,2,4
5725,Injeckx,tichondrius,192,druid,balance,6,2,4
5726,Guap,bleeding-hollow,192,druid,balance,6,2,4
5727,Maidah,malganis,192,druid,balance,6,2,4
5728,Hagenws,azralon,192,druid,balance,6,2,4
5729,Pawswap,tichondrius,192,druid,balance,6,2,4
5730,Espoir,azuremyst,192,druid,balance,6,2,4
5731,Hoptimus,zuljin,192,druid,balance,6,2,4
5732,Mäûled,fizzcrank,192,druid,balance,6,2,4
5733,Ascension,emerald-dream,192,druid,balance,6,2,4
5734,Palermo,aerie-peak,192,druid,balance,6,2,4
5735,Laymonath,elune,192,druid,balance,6,2,4
5736,Edinhalfhorn,bonechewer,192,druid,balance,6,2,4
5737,Isunami,emerald-dream,192,druid,balance,6,2,4
5738,Gallianö,frostmourne,192,druid,balance,6,2,4
5739,Lilherb,azralon,192,druid,balance,6,2,4
5740,Gazwazluz,lothar,192,druid,balance,6,2,4
5741,Srbestias,quelthalas,192,druid,balance,6,2,4
5742,Tanguanota,quelthalas,192,druid,balance,6,2,4
5743,Absentteeth,stormrage,192,druid,balance,6,2,4
5744,Octacer,malfurion,192,druid,balance,6,2,4
5745,Skke,barthilas,192,druid,balance,6,2,4
5746,Elatheris,stormrage,192,druid,balance,6,2,4
5747,Totorostard,tichondrius,192,druid,balance,6,2,4
5748,Kittycleave,tichondrius,192,druid,balance,6,2,4
5749,Arienne,kelthuzad,192,druid,balance,6,2,4
5750,Variandruid,kelthuzad,192,druid,balance,6,2,4
5751,Moistism,tichondrius,192,druid,balance,6,2,4
5752,Crycloné,stormrage,192,druid,balance,6,2,4
5753,Cbreezyy,tichondrius,192,druid,balance,6,2,4
5754,Trìckyz,tichondrius,192,druid,balance,6,2,4
5755,Hellabanx,tichondrius,192,druid,balance,6,2,4
5756,Dobidas,tichondrius,192,druid,balance,6,2,4
5757,Sharkfighter,sargeras,192,druid,balance,6,2,4
5758,Explicít,sargeras,192,druid,balance,6,2,4
5759,Ginunaga,tichondrius,192,druid,balance,6,2,4
5760,Ohzú,ragnaros,192,druid,balance,6,2,4
5761,Markóla,stormrage,192,druid,balance,6,2,4
5762,Moonhorn,kelthuzad,192,druid,balance,6,2,4
5763,Mythicdruid,ragnaros,192,druid,balance,6,2,4
5764,Zukru,malganis,192,druid,balance,6,2,4
5765,Potus,illidan,192,druid,balance,6,2,4
5766,Bignosecow,illidan,192,druid,balance,6,2,4
5767,Gidam,moon-guard,192,druid,balance,6,2,4
5768,Chèétøhz,moon-guard,192,druid,balance,6,2,4
5769,Razzldazzle,thrall,192,druid,balance,6,2,4
5770,Mòónwhisper,moon-guard,192,druid,balance,6,2,4
5771,Mantis,the-underbog,192,druid,balance,6,2,4
5772,Hancalimon,nemesis,192,druid,balance,6,2,4
5773,Nobullshift,icecrown,192,druid,balance,6,2,4
5774,Adonalsium,area-52,192,druid,balance,6,2,4
5775,Sloppysheila,sargeras,192,druid,balance,6,2,4
5776,Hream,echo-isles,192,druid,balance,6,2,4
5777,Treezyn,sargeras,192,druid,balance,6,2,4
5778,Tp,dragonblight,192,druid,balance,6,2,4
5779,Spicyorange,dalaran,192,druid,balance,6,2,4
5780,Katherine,moon-guard,192,druid,balance,6,2,4
5781,Speaks,moon-guard,192,druid,balance,6,2,4
5782,Azshunara,moon-guard,192,druid,balance,6,2,4
5783,Thundyrcat,tichondrius,192,druid,balance,12,2,10
5784,Everglim,azralon,192,druid,balance,12,2,10
5785,Loggoruk,illidan,192,druid,balance,12,2,10
5786,Visûcius,moon-guard,192,druid,balance,12,2,10
5787,Thicchicken,emerald-dream,191,druid,balance,12,2,10
5788,Stealthhero,lightbringer,159,druid,balance,5,2,3
5789,Bearcathawk,sargeras,159,druid,balance,5,2,3
5790,Formality,kalecgos,159,druid,balance,5,2,3
5791,Xylemcow,malganis,159,druid,balance,5,2,3
5792,Theriomorph,barthilas,138,druid,balance,10,3,7
5793,Yøpièrre,bleeding-hollow,96,druid,balance,3,2,1
5794,Alistar,scilla,96,druid,balance,3,2,1
5795,Daydaygo,illidan,96,druid,balance,6,1,5
5796,Zazinium,illidan,96,druid,balance,6,1,5
5797,Tsaß,bleeding-hollow,96,druid,balance,6,1,5
5798,Shmooglite,emerald-dream,96,druid,balance,6,1,5
5799,Grimmb,emerald-dream,96,druid,balance,6,1,5
5800,Breedable,elune,96,druid,balance,6,1,5
5801,Chalupà,illidan,96,druid,balance,6,1,5
5802,Zils,bleeding-hollow,96,druid,balance,6,1,5
5803,Alandria,kelthuzad,96,druid,balance,6,1,5
5804,Stinkycrotch,malganis,96,druid,balance,6,1,5
5805,Appitrap,emerald-dream,96,druid,balance,6,1,5
5806,Dendríta,ragnaros,96,druid,balance,6,1,5
5807,Oatmeals,fizzcrank,96,druid,balance,6,1,5
5808,Travys,sargeras,96,druid,balance,6,1,5
5809,Idontknowbro,bonechewer,96,druid,balance,6,1,5
5810,Youlived,aegwynn,96,druid,balance,6,1,5
5811,Walkdown,turalyon,96,druid,balance,6,1,5
5812,Thissaene,sargeras,96,druid,balance,6,1,5
5813,Salanzô,bleeding-hollow,96,druid,balance,6,1,5
5814,Elivacheth,zuljin,96,druid,balance,6,1,5
5815,Sinapticc,proudmoore,96,druid,balance,6,1,5
5816,Furryluvr,tichondrius,96,druid,balance,6,1,5
5817,Goodhealer,akama,96,druid,balance,6,1,5
5818,Brucey,khadgar,96,druid,balance,6,1,5
5819,Proudmom,barthilas,96,druid,balance,6,1,5
5820,Chickenaeg,stormrage,96,druid,balance,6,1,5
5821,Cloyer,stormrage,96,druid,balance,6,1,5
5822,Caponetonejr,steamwheedle-cartel,96,druid,balance,6,1,5
5823,Schlaankeyy,stormrage,96,druid,balance,6,1,5
5824,Aelena,whisperwind,96,druid,balance,6,1,5
5825,Kirrel,frostmourne,96,druid,balance,6,1,5
5826,Dèrpin,thrall,96,druid,balance,6,1,5
5827,Omegabeast,frostmourne,96,druid,balance,6,1,5
5828,Simbaa,blades-edge,96,druid,balance,10,1,9
5829,Kodrän,stormrage,96,druid,balance,12,1,11
5830,Drewcarriesu,arthas,79,druid,balance,5,2,3
5831,Foggie,spirestone,79,druid,balance,5,1,4
5832,Lutzenberger,nemesis,79,druid,balance,5,1,4
5833,Raahmirtah,illidan,79,druid,balance,5,1,4
5834,Zephiee,kelthuzad,79,druid,balance,5,1,4
5835,Hughhefferr,illidan,63,druid,balance,2,2,0
5836,Desiration,area-52,48,druid,balance,3,1,2
5837,Policë,skullcrusher,42,druid,balance,8,2,6
5838,Thullian,stormrage,31,druid,balance,2,1,1
5839,Highs,sargeras,16,druid,balance,1,1,0
5840,Äbÿss,tichondrius,16,druid,balance,1,1,0
5841,Garbagevoker,scilla,2242,evoker,preservation,192,99,93
5842,Sleepiihead,stormrage,2130,evoker,preservation,96,50,46
5843,Meraxes,moonrunner,2125,evoker,preservation,71,39,32
5844,Dragocula,tichondrius,2039,evoker,preservation,97,46,51
5845,Didy,tichondrius,2022,evoker,preservation,90,48,42
5846,Jakedrake,stormrage,2017,evoker,preservation,85,41,44
5847,Jdbthyr,malganis,1992,evoker,preservation,132,60,72
5848,Eskrizzle,thrall,1991,evoker,preservation,78,38,40
5849,Kiry,emerald-dream,1972,evoker,preservation,78,36,42
5850,Storeypagoda,tichondrius,1970,evoker,preservation,56,34,22
5851,Walf,stormrage,1950,evoker,preservation,251,131,120
5852,Idrinkurine,tichondrius,1918,evoker,preservation,88,45,43
5853,Kallie,whisperwind,1902,evoker,preservation,293,140,153
5854,Sloane,dunemaul,1899,evoker,preservation,51,32,19
5855,Lieferant,area-52,1867,evoker,preservation,48,25,23
5856,Bimbus,illidan,1865,evoker,preservation,148,81,67
5857,Thnake,zuljin,1839,evoker,preservation,72,38,34
5858,Selkisaurus,area-52,1834,evoker,preservation,60,29,31
5859,Ancalagøn,ragnaros,1833,evoker,preservation,70,35,35
5860,Ojigi,sargeras,1833,evoker,preservation,69,28,41
5861,Stønemonkey,sargeras,1831,evoker,preservation,123,66,57
5862,Iba,tichondrius,1828,evoker,preservation,96,54,42
5863,Neskor,moon-guard,1827,evoker,preservation,101,58,43
5864,Livesey,thunderhorn,1821,evoker,preservation,66,43,23
5865,Eyjes,stormrage,1819,evoker,preservation,72,38,34
5866,Drupy,tichondrius,1816,evoker,preservation,54,28,26
5867,Dragongunz,illidan,1815,evoker,preservation,42,19,23
5868,Benym,tichondrius,1810,evoker,preservation,54,28,26
5869,Furegos,zuljin,1807,evoker,preservation,48,23,25
5870,Mngxaltx,ragnaros,1807,evoker,preservation,66,31,35
5871,Lodekiim,malganis,1806,evoker,preservation,66,30,36
5872,Idk,proudmoore,1801,evoker,preservation,48,22,26
5873,Novustrasza,lightbringer,1800,evoker,preservation,66,43,23
5874,Petezra,ragnaros,1800,evoker,preservation,70,33,37
5875,Ugg,stormrage,1789,evoker,preservation,153,69,84
5876,Dragontrees,illidan,1765,evoker,preservation,54,28,26
5877,Berquone,tichondrius,1747,evoker,preservation,72,31,41
5878,Cerevok,area-52,1745,evoker,preservation,60,37,23
5879,Lucardeht,illidan,1740,evoker,preservation,38,19,19
5880,Hlaargh,illidan,1739,evoker,preservation,48,22,26
5881,Phooby,sargeras,1736,evoker,preservation,72,37,35
5882,Driceses,area-52,1735,evoker,preservation,50,29,21
5883,Rosestrasza,silvermoon,1734,evoker,preservation,132,63,69
5884,Dirtydragon,uther,1724,evoker,preservation,54,22,32
5885,Dunkinonem,black-dragonflight,1702,evoker,preservation,391,194,197
5886,Basherm,moon-guard,1702,evoker,preservation,78,38,40
5887,Dragboy,stormrage,1696,evoker,preservation,92,53,39
5888,Whethersmell,tichondrius,1692,evoker,preservation,44,21,23
5889,Dragondikz,tichondrius,1689,evoker,preservation,36,22,14
5890,Elimi,tichondrius,1687,evoker,preservation,30,18,12
5891,Lodedragon,tichondrius,1685,evoker,preservation,90,38,52
5892,Evokethisdik,tichondrius,1684,evoker,preservation,37,20,17
5893,Schmitty,hellscream,1684,evoker,preservation,94,45,49
5894,Mirandaxo,tichondrius,1684,evoker,preservation,161,73,88
5895,Quickshootin,tichondrius,1666,evoker,preservation,66,32,34
5896,Judra,barthilas,1665,evoker,preservation,74,38,36
5897,Dupastrasza,illidan,1664,evoker,preservation,60,25,35
5898,Drerick,illidan,1663,evoker,preservation,62,28,34
5899,Deathdrake,jubeithos,1661,evoker,preservation,78,37,41
5900,Daegonz,lightbringer,1657,evoker,preservation,116,57,59
5901,Dripdrop,stormscale,1655,evoker,preservation,88,47,41
5902,Dracthyrfang,elune,1641,evoker,preservation,36,18,18
5903,Flamedramon,bleeding-hollow,1641,evoker,preservation,223,103,120
5904,Grousegamer,barthilas,1637,evoker,preservation,44,20,24
5905,Trákanon,mugthol,1634,evoker,preservation,67,37,30
5906,Ðrac,bleeding-hollow,1633,evoker,preservation,53,30,23
5907,Modenzu,malganis,1629,evoker,preservation,66,33,33
5908,Révoked,magtheridon,1628,evoker,preservation,229,125,104
5909,Twizzthyr,bleeding-hollow,1628,evoker,preservation,78,37,41
5910,Courtvoke,turalyon,1612,evoker,preservation,69,36,33
5911,Leonilxd,tichondrius,1610,evoker,preservation,97,51,46
5912,Velstrasza,stormrage,1608,evoker,preservation,30,17,13
5913,Bigdwagon,stormrage,1608,evoker,preservation,36,17,19
5914,Triarcs,sargeras,1606,evoker,preservation,40,21,19
5915,Deadlybx,bleeding-hollow,1603,evoker,preservation,70,32,38
5916,Provokker,drakkari,1600,evoker,preservation,30,21,9
5917,Jlucks,wyrmrest-accord,1600,evoker,preservation,166,94,72
5918,Veraxsys,wyrmrest-accord,1600,evoker,preservation,52,20,32
5919,Emperör,quelthalas,1598,evoker,preservation,79,43,36
5920,Vulkerr,stormrage,1591,evoker,preservation,54,29,25
5921,Adragon,garithos,1585,evoker,preservation,77,30,47
5922,Redseal,tichondrius,1579,evoker,preservation,42,17,25
5923,Junkstam,malganis,1574,evoker,preservation,51,25,26
5924,Kainalaz,moon-guard,1570,evoker,preservation,43,19,24
5925,Cyndragosa,dalvengyr,1565,evoker,preservation,59,27,32
5926,Buttcrease,emerald-dream,1562,evoker,preservation,42,22,20
5927,Møritz,stormrage,1562,evoker,preservation,86,40,46
5928,Stinkler,stormscale,1553,evoker,preservation,43,18,25
5929,Dracore,firetree,1549,evoker,preservation,215,112,103
5930,Kwitty,illidan,1535,evoker,preservation,48,27,21
5931,Fláppÿbírd,bleeding-hollow,1533,evoker,preservation,24,16,8
5932,Runawayslave,frostmane,1530,evoker,preservation,204,99,105
5933,Cokobra,haomarush,1529,evoker,preservation,24,16,8
5934,Gogmagog,korgath,1526,evoker,preservation,54,29,25
5935,Vhaegart,area-52,1525,evoker,preservation,54,21,33
5936,Velocîraptor,bleeding-hollow,1524,evoker,preservation,92,53,39
5937,Bigbaojian,tichondrius,1522,evoker,preservation,24,16,8
5938,Trembulos,malganis,1522,evoker,preservation,36,18,18
5939,Thevochr,area-52,1514,evoker,preservation,42,27,15
5940,Dragonkink,sargeras,1513,evoker,preservation,36,18,18
5941,Dragonsteppz,aegwynn,1512,evoker,preservation,30,16,14
5942,Suffler,warsong,1511,evoker,preservation,60,34,26
5943,Dragoncods,velen,1509,evoker,preservation,42,24,18
5944,Eyolker,kelthuzad,1508,evoker,preservation,50,26,24
5945,Madegood,tichondrius,1508,evoker,preservation,42,20,22
5946,Voithyr,moon-guard,1507,evoker,preservation,125,56,69
5947,Ffaarrvv,illidan,1504,evoker,preservation,61,39,22
5948,Jacm,fizzcrank,1502,evoker,preservation,48,23,25
5949,Emoker,magtheridon,1490,evoker,preservation,84,46,38
5950,Macismighty,emerald-dream,1488,evoker,preservation,48,31,17
5951,Ycnpass,tichondrius,1486,evoker,preservation,128,75,53
5952,Ponnukii,tichondrius,1486,evoker,preservation,84,44,40
5953,Virtualcrush,sisters-of-elune,1486,evoker,preservation,94,49,45
5954,Zenot,malganis,1483,evoker,preservation,28,22,6
5955,Nikholatrus,malganis,1483,evoker,preservation,106,52,54
5956,Sineexe,illidan,1476,evoker,preservation,78,46,32
5957,Yotus,illidan,1474,evoker,preservation,60,35,25
5958,Nazatra,wyrmrest-accord,1473,evoker,preservation,71,34,37
5959,Buttfinger,bladefist,1471,evoker,preservation,57,25,32
5960,Qiblii,moon-guard,1470,evoker,preservation,48,24,24
5961,Spyrodadrago,malganis,1469,evoker,preservation,59,23,36
5962,Monavoker,bleeding-hollow,1466,evoker,preservation,36,20,16
5963,Suedeshoes,bleeding-hollow,1466,evoker,preservation,138,76,62
5964,Weagle,zuljin,1465,evoker,preservation,45,18,27
5965,Lifewing,bleeding-hollow,1461,evoker,preservation,55,24,31
5966,Enazen,kiljaeden,1460,evoker,preservation,83,45,38
5967,Lalargata,azralon,1450,evoker,preservation,59,28,31
5968,Egglayer,tichondrius,1448,evoker,preservation,114,42,72
5969,Nyxtari,ragnaros,1447,evoker,preservation,108,57,51
5970,Spyrox,zuluhed,1445,evoker,preservation,30,16,14
5971,Dragisha,gnomeregan,1441,evoker,preservation,48,28,20
5972,Sovietønion,tichondrius,1441,evoker,preservation,42,18,24
5973,Neffiie,dalaran,1440,evoker,preservation,72,37,35
5974,Vormontis,azralon,1440,evoker,preservation,64,28,36
5975,Derazar,malganis,1438,evoker,preservation,249,111,138
5976,Xurota,proudmoore,1438,evoker,preservation,74,32,42
5977,Squarter,kiljaeden,1437,evoker,preservation,48,28,20
5978,Bucket,wyrmrest-accord,1437,evoker,preservation,38,16,22
5979,Kjerne,stormrage,1430,evoker,preservation,52,28,24
5980,Ráigon,ragnaros,1428,evoker,preservation,75,31,44
5981,Neocellx,frostwolf,1427,evoker,preservation,30,15,15
5982,Handeezol,malganis,1426,evoker,preservation,48,27,21
5983,Roogye,illidan,1420,evoker,preservation,54,28,26
5984,Xerroh,area-52,1417,evoker,preservation,71,38,33
5985,Ralzital,auchindoun,1416,evoker,preservation,36,15,21
5986,Kephii,eonar,1415,evoker,preservation,42,22,20
5987,Elcigala,ragnaros,1410,evoker,preservation,186,91,95
5988,Vyndormu,moon-guard,1410,evoker,preservation,46,22,24
5989,Kigglypuff,illidan,1406,evoker,preservation,36,15,21
5990,Delivv,hyjal,1400,evoker,preservation,42,21,21
5991,Dylôn,tichondrius,1398,evoker,preservation,58,27,31
5992,Jmir,tichondrius,1389,evoker,preservation,59,24,35
5993,Otsira,frostmourne,1383,evoker,preservation,48,32,16
5994,Darthjarjar,bloodscalp,1380,evoker,preservation,65,34,31
5995,Fuoco,kiljaeden,1374,evoker,preservation,50,28,22
5996,Mfka,dalaran,1373,evoker,preservation,29,15,14
5997,Mythsvoker,barthilas,1370,evoker,preservation,42,23,19
5998,Healmeta,sargeras,1369,evoker,preservation,308,154,154
5999,Fusrodude,shuhalo,1368,evoker,preservation,33,18,15
6000,Pootylizard,daggerspine,1367,evoker,preservation,44,16,28
6001,Friedwings,wyrmrest-accord,1359,evoker,preservation,27,16,11
6002,Chessyk,ragnaros,1357,evoker,preservation,23,15,8
6003,Giratina,area-52,1357,evoker,preservation,72,37,35
6004,Thepplschamp,bloodhoof,1354,evoker,preservation,48,23,25
6005,Dawitchvoker,illidan,1345,evoker,preservation,108,60,48
6006,Kîñggïgàçhäð,stormrage,1343,evoker,preservation,24,14,10
6007,Dragonkok,stormrage,1343,evoker,preservation,24,14,10
6008,Kikokosta,tichondrius,1338,evoker,preservation,94,49,45
6009,Enalen,azjolnerub,1338,evoker,preservation,62,29,33
6010,Glizzurd,proudmoore,1336,evoker,preservation,161,80,81
6011,Moralies,area-52,1336,evoker,preservation,30,14,16
6012,Naykir,khazgoroth,1335,evoker,preservation,24,16,8
6013,Primshin,illidan,1334,evoker,preservation,57,27,30
6014,Sanninv,barthilas,1334,evoker,preservation,30,14,16
6015,Actïoncat,emerald-dream,1334,evoker,preservation,57,20,37
6016,Forsakentime,sargeras,1333,evoker,preservation,60,32,28
6017,Chunkè,moon-guard,1331,evoker,preservation,57,23,34
6018,Growthyy,malganis,1328,evoker,preservation,23,16,7
6019,Mäverick,kelthuzad,1327,evoker,preservation,35,23,12
6020,Bigdrag,blackhand,1325,evoker,preservation,85,45,40
6021,Crowqt,frostmourne,1325,evoker,preservation,72,28,44
6022,Caphe,nerzhul,1323,evoker,preservation,54,24,30
6023,Vodkasauce,tichondrius,1321,evoker,preservation,24,14,10
6024,Dendywings,zuljin,1321,evoker,preservation,30,14,16
6025,Tazarke,dawnbringer,1317,evoker,preservation,48,26,22
6026,Lizzardload,stormreaver,1307,evoker,preservation,69,28,41
6027,Bryagh,executus,1304,evoker,preservation,36,18,18
6028,Wangasaur,emerald-dream,1302,evoker,preservation,55,26,29
6029,Aoibae,frostmourne,1300,evoker,preservation,60,27,33
6030,Lebronjmz,kiljaeden,1299,evoker,preservation,30,16,14
6031,Cynderrellaa,proudmoore,1299,evoker,preservation,146,70,76
6032,Cringilisk,kelthuzad,1295,evoker,preservation,46,34,12
6033,Feelzz,illidan,1295,evoker,preservation,31,17,14
6034,Cronós,tichondrius,1293,evoker,preservation,36,14,22
6035,Feijiwang,aegwynn,1292,evoker,preservation,63,36,27
6036,Radragão,azralon,1291,evoker,preservation,42,24,18
6037,Meiron,azralon,1289,evoker,preservation,30,14,16
6038,Earthshatter,lightbringer,1286,evoker,preservation,100,55,45
6039,Nitalash,moon-guard,1286,evoker,preservation,29,14,15
6040,Selfhealzer,korgath,1285,evoker,preservation,62,29,33
6041,Dracniel,illidan,1278,evoker,preservation,53,29,24
6042,Evokas,tichondrius,1274,evoker,preservation,156,83,73
6043,Miliolievo,azralon,1268,evoker,preservation,136,61,75
6044,Lickndragons,sargeras,1265,evoker,preservation,36,14,22
6045,Hydrrax,dalaran,1261,evoker,preservation,53,28,25
6046,Nêwt,darkspear,1259,evoker,preservation,88,44,44
6047,Thereptile,frostmourne,1258,evoker,preservation,84,37,47
6048,Vgt,nemesis,1253,evoker,preservation,84,35,49
6049,Lamentation,area-52,1252,evoker,preservation,42,23,19
6050,Bayvoker,area-52,1252,evoker,preservation,53,28,25
6051,Agony,emerald-dream,1252,evoker,preservation,249,121,128
6052,Döublepenn,tichondrius,1248,evoker,preservation,63,35,28
6053,Gotbreath,dalaran,1247,evoker,preservation,37,18,19
6054,Mikoriivoker,tichondrius,1247,evoker,preservation,30,13,17
6055,Verk,deathwing,1246,evoker,preservation,42,24,18
6056,Stableboy,bleeding-hollow,1244,evoker,preservation,18,13,5
6057,Valarakuu,illidan,1242,evoker,preservation,24,13,11
6058,Allaston,tichondrius,1240,evoker,preservation,45,28,17
6059,Zandragosa,dalaran,1240,evoker,preservation,24,13,11
6060,Splendadaddy,kiljaeden,1238,evoker,preservation,24,13,11
6061,Corncrake,sargeras,1238,evoker,preservation,30,13,17
6062,Zippityzoom,barthilas,1237,evoker,preservation,29,16,13
6063,Dkvastate,tichondrius,1236,evoker,preservation,112,56,56
6064,Xhamon,quelthalas,1236,evoker,preservation,38,19,19
6065,Zerath,frostmane,1236,evoker,preservation,30,13,17
6066,Lavagurl,stormscale,1235,evoker,preservation,30,13,17
6067,Necrathma,tichondrius,1234,evoker,preservation,24,13,11
6068,Astoragosa,moon-guard,1231,evoker,preservation,61,38,23
6069,Nyzara,emerald-dream,1231,evoker,preservation,30,13,17
6070,Onornun,magtheridon,1229,evoker,preservation,66,32,34
6071,Kycaka,area-52,1228,evoker,preservation,46,14,32
6072,Bendover,proudmoore,1227,evoker,preservation,24,13,11
6073,Lilithlittle,daggerspine,1227,evoker,preservation,112,52,60
6074,Riz,blackhand,1221,evoker,preservation,71,35,36
6075,Mãttyy,malganis,1220,evoker,preservation,36,19,17
6076,Ultis,tichondrius,1220,evoker,preservation,179,93,86
6077,Milfwizard,tichondrius,1219,evoker,preservation,24,13,11
6078,Nulldd,tichondrius,1219,evoker,preservation,41,13,28
6079,Doogiehowser,azshara,1217,evoker,preservation,96,49,47
6080,Brantley,stormscale,1217,evoker,preservation,64,29,35
6081,Shenlong,malganis,1215,evoker,preservation,41,22,19
6082,Dunkelzahn,gorgonnash,1214,evoker,preservation,30,15,15
6083,Zmaj,jubeithos,1213,evoker,preservation,18,13,5
6084,Zindrozarath,area-52,1213,evoker,preservation,79,36,43
6085,Greenscales,frostmourne,1213,evoker,preservation,93,37,56
6086,Amniotic,hyjal,1212,evoker,preservation,54,31,23
6087,Ysondrius,durotan,1212,evoker,preservation,48,26,22
6088,Frozanat,kelthuzad,1205,evoker,preservation,75,34,41
6089,Sanaz,stormreaver,1204,evoker,preservation,48,25,23
6090,Allaker,kargath,1204,evoker,preservation,39,16,23
6091,Hamanv,tichondrius,1202,evoker,preservation,30,13,17
6092,Lilacstrasza,moon-guard,1201,evoker,preservation,59,25,34
6093,Partysnaxx,thrall,1199,evoker,preservation,72,35,37
6094,Çhara,illidan,1198,evoker,preservation,126,65,61
6095,Shênlong,sargeras,1193,evoker,preservation,54,22,32
6096,Emozoomer,malganis,1189,evoker,preservation,54,21,33
6097,Shudo,moon-guard,1188,evoker,preservation,59,26,33
6098,Tryhard,wyrmrest-accord,1185,evoker,preservation,54,28,26
6099,Bahamut,magtheridon,1183,evoker,preservation,54,22,32
6100,Masquemeto,illidan,1181,evoker,preservation,25,14,11
6101,Deralan,khaz-modan,1179,evoker,preservation,108,40,68
6102,Héllfire,ghostlands,1171,evoker,preservation,36,17,19
6103,Draginnuts,illidan,1167,evoker,preservation,41,20,21
6104,Kaguax,tichondrius,1167,evoker,preservation,84,32,52
6105,Worldx,illidan,1166,evoker,preservation,24,13,11
6106,Chambea,kelthuzad,1166,evoker,preservation,29,15,14
6107,Mazalagon,trollbane,1165,evoker,preservation,29,15,14
6108,Dandera,stormrage,1164,evoker,preservation,88,40,48
6109,Gloamdream,cenarius,1162,evoker,preservation,67,31,36
6110,Vermitor,sargeras,1155,evoker,preservation,24,13,11
6111,Fatsu,executus,1152,evoker,preservation,30,12,18
6112,Mikoribreath,moknathal,1151,evoker,preservation,18,12,6
6113,Raundur,ragnaros,1150,evoker,preservation,24,12,12
6114,Mysticenergy,tichondrius,1150,evoker,preservation,60,28,32
6115,Alitasbbq,malganis,1147,evoker,preservation,30,12,18
6116,Nitalzith,area-52,1133,evoker,preservation,24,12,12
6117,Vermax,akama,1133,evoker,preservation,45,17,28
6118,Brôcôlînî,zuljin,1131,evoker,preservation,18,14,4
6119,Blay,elune,1130,evoker,preservation,36,15,21
6120,Detreshan,stormreaver,1120,evoker,preservation,74,41,33
6121,Endroz,tichondrius,1119,evoker,preservation,24,12,12
6122,Drathron,tichondrius,1118,evoker,preservation,28,13,15
6123,Dragonwench,sargeras,1101,evoker,preservation,22,13,9
6124,Careflight,barthilas,1101,evoker,preservation,36,21,15
6125,Geico,spinebreaker,1100,evoker,preservation,15,13,2
6126,Ilithiphobia,ghostlands,1100,evoker,preservation,38,16,22
6127,Thegrinchh,malganis,1097,evoker,preservation,81,39,42
6128,Krossbones,cenarion-circle,1096,evoker,preservation,80,47,33
6129,Draconian,frostmourne,1087,evoker,preservation,28,12,16
6130,Dragonknght,tichondrius,1085,evoker,preservation,24,14,10
6131,Emyhr,sargeras,1084,evoker,preservation,24,13,11
6132,Draisin,zuljin,1083,evoker,preservation,24,13,11
6133,Solryp,terokkar,1081,evoker,preservation,71,36,35
6134,Lilithà,kelthuzad,1075,evoker,preservation,30,20,10
6135,Balmoze,tichondrius,1071,evoker,preservation,49,26,23
6136,Maxyz,khadgar,1071,evoker,preservation,42,13,29
6137,Draganoche,zuljin,1066,evoker,preservation,30,14,16
6138,Zackxo,moon-guard,1064,evoker,preservation,17,12,5
6139,Balèrion,illidan,1064,evoker,preservation,24,12,12
6140,Yozhz,ragnaros,1059,evoker,preservation,29,13,16
6141,Tallcanman,kelthuzad,1055,evoker,preservation,24,11,13
6142,Ajiz,mannoroth,1053,evoker,preservation,18,11,7
6143,Imugee,sargeras,1051,evoker,preservation,24,11,13
6144,Annum,moon-guard,1050,evoker,preservation,36,11,25
6145,Sacrementus,tichondrius,1047,evoker,preservation,36,12,24
6146,Drittles,illidan,1043,evoker,preservation,62,28,34
6147,Rubellite,azralon,1042,evoker,preservation,39,18,21
6148,Lahfly,tichondrius,1040,evoker,preservation,42,26,16
6149,Rynntynn,blood-furnace,1039,evoker,preservation,24,11,13
6150,Charadrius,zuljin,1038,evoker,preservation,41,23,18
6151,Myxter,tichondrius,1035,evoker,preservation,49,25,24
6152,Carloxd,tichondrius,1035,evoker,preservation,34,12,22
6153,Abigaile,illidan,1034,evoker,preservation,18,13,5
6154,Blankebr,gallywix,1032,evoker,preservation,36,24,12
6155,Azuril,wyrmrest-accord,1028,evoker,preservation,78,27,51
6156,Bumbledragn,moon-guard,1026,evoker,preservation,31,18,13
6157,Evoke,boulderfist,1025,evoker,preservation,28,12,16
6158,Karmakulax,wildhammer,1024,evoker,preservation,31,12,19
6159,Vandinus,stormrage,1023,evoker,preservation,38,17,21
6160,Gemis,anvilmar,1016,evoker,preservation,49,23,26
6161,Richviewrd,illidan,1007,evoker,preservation,30,15,15
6162,Shook,baelgun,1007,evoker,preservation,30,11,19
6163,Dragonsand,area-52,1002,evoker,preservation,56,29,27
6164,Brahown,altar-of-storms,998,evoker,preservation,36,11,25
6165,Bizzstrasza,tichondrius,996,evoker,preservation,24,12,12
6166,Mightywings,skywall,992,evoker,preservation,132,66,66
6167,Hover,vashj,989,evoker,preservation,27,13,14
6168,Vyreth,sargeras,987,evoker,preservation,81,38,43
6169,Gidury,tichondrius,982,evoker,preservation,84,39,45
6170,Sïgrìd,tichondrius,973,evoker,preservation,18,13,5
6171,Mesamune,bonechewer,969,evoker,preservation,61,23,38
6172,Rubyzz,illidan,960,evoker,preservation,18,10,8
6173,Uncleìroh,tichondrius,960,evoker,preservation,24,10,14
6174,Wingsoflyfe,frostmourne,959,evoker,preservation,18,10,8
6175,Gobananas,sargeras,959,evoker,preservation,18,10,8
6176,Cripcuhz,tichondrius,959,evoker,preservation,48,21,27
6177,Puffthemagic,lightnings-blade,958,evoker,preservation,18,10,8
6178,Drakthussey,illidan,957,evoker,preservation,18,10,8
6179,Dokthyr,lightbringer,956,evoker,preservation,12,10,2
6180,Goonguy,gnomeregan,955,evoker,preservation,12,10,2
6181,Drepz,dalaran,955,evoker,preservation,12,10,2
6182,Holdherhorn,area-52,955,evoker,preservation,18,10,8
6183,Skailyx,zuljin,955,evoker,preservation,18,10,8
6184,Soziin,skullcrusher,953,evoker,preservation,18,10,8
6185,Proevoker,illidan,951,evoker,preservation,18,10,8
6186,Goonwing,frostmourne,950,evoker,preservation,18,10,8
6187,Barneydragon,stormrage,949,evoker,preservation,18,10,8
6188,Ayavi,illidan,942,evoker,preservation,18,10,8
6189,Djdavi,azralon,939,evoker,preservation,30,18,12
6190,Zitasanazen,tichondrius,935,evoker,preservation,134,63,71
6191,Daikis,proudmoore,930,evoker,preservation,24,10,14
6192,Raptormoto,lothar,926,evoker,preservation,26,11,15
6193,Milkspurt,tichondrius,926,evoker,preservation,42,16,26
6194,Dragonbro,spirestone,923,evoker,preservation,18,10,8
6195,Justbreathe,sargeras,911,evoker,preservation,17,10,7
6196,Lightbeing,nazjatar,904,evoker,preservation,30,16,14
6197,Badvoker,area-52,902,evoker,preservation,71,26,45
6198,Cransvoker,illidan,902,evoker,preservation,30,10,20
6199,Kalikani,moon-guard,900,evoker,preservation,28,11,17
6200,Kerlaan,illidan,895,evoker,preservation,18,10,8
6201,Purrlynn,tichondrius,893,evoker,preservation,20,10,10
6202,Kivoke,proudmoore,888,evoker,preservation,24,10,14
6203,Dmuzh,drakkari,884,evoker,preservation,24,13,11
6204,Mugenyan,ragnaros,879,evoker,preservation,41,21,20
6205,Draczod,proudmoore,878,evoker,preservation,41,10,31
6206,Willowflight,illidan,867,evoker,preservation,50,23,27
6207,Moxa,doomhammer,866,evoker,preservation,30,15,15
6208,Mikorivoker,illidan,864,evoker,preservation,12,9,3
6209,Calvoker,moon-guard,864,evoker,preservation,18,9,9
6210,Kaldobar,stormrage,863,evoker,preservation,12,9,3
6211,Unknowndrago,kul-tiras,863,evoker,preservation,18,9,9
6212,Grunkthyr,moon-guard,863,evoker,preservation,18,9,9
6213,Wonderk,frostmourne,863,evoker,preservation,18,9,9
6214,Nuubvoker,stormrage,863,evoker,preservation,18,9,9
6215,Tonymanitoba,whisperwind,863,evoker,preservation,18,9,9
6216,Hepzibah,kelthuzad,863,evoker,preservation,24,9,15
6217,Sandragon,ragnaros,863,evoker,preservation,27,10,17
6218,Velocivraull,malganis,862,evoker,preservation,12,9,3
6219,Kakanjutan,azralon,861,evoker,preservation,16,10,6
6220,Macdrag,malganis,861,evoker,preservation,18,9,9
6221,Jesstrasza,quelthalas,861,evoker,preservation,42,18,24
6222,Tigdragon,proudmoore,861,evoker,preservation,24,9,15
6223,Gravityblast,tichondrius,861,evoker,preservation,24,9,15
6224,Treadcinder,tichondrius,857,evoker,preservation,18,9,9
6225,Kaeszandrus,azralon,855,evoker,preservation,18,9,9
6226,Bjason,tichondrius,855,evoker,preservation,18,9,9
6227,Setash,hyjal,853,evoker,preservation,18,9,9
6228,Moiraine,kargath,850,evoker,preservation,24,9,15
6229,Hentaizilla,kiljaeden,850,evoker,preservation,55,19,36
6230,Dragndeez,garrosh,824,evoker,preservation,40,9,31
6231,Sandrozeria,wyrmrest-accord,822,evoker,preservation,14,10,4
6232,Drakthuul,icecrown,819,evoker,preservation,24,11,13
6233,Saintpablox,illidan,810,evoker,preservation,34,10,24
6234,Bandel,tichondrius,805,evoker,preservation,16,11,5
6235,Darkspyro,area-52,799,evoker,preservation,11,9,2
6236,Drackaras,stormrage,790,evoker,preservation,18,9,9
6237,Ninereeds,malganis,768,evoker,preservation,12,8,4
6238,Rvrbzv,stormrage,768,evoker,preservation,12,8,4
6239,Chañïng,frostmourne,768,evoker,preservation,18,8,10
6240,Sheepdoll,icecrown,768,evoker,preservation,18,8,10
6241,Dracadukez,illidan,768,evoker,preservation,24,8,16
6242,Walloper,malganis,767,evoker,preservation,12,8,4
6243,Cadwaladr,frostmourne,767,evoker,preservation,12,8,4
6244,Slèv,frostmourne,767,evoker,preservation,18,8,10
6245,Vokr,area-52,767,evoker,preservation,18,8,10
6246,Zakaraki,bloodscalp,766,evoker,preservation,12,8,4
6247,Chue,quelthalas,766,evoker,preservation,18,8,10
6248,Kathendrov,sargeras,764,evoker,preservation,12,8,4
6249,Everglow,the-forgotten-coast,763,evoker,preservation,12,8,4
6250,Nutsdragon,tichondrius,763,evoker,preservation,18,8,10
6251,Spitdafire,tichondrius,763,evoker,preservation,18,8,10
6252,Wrathiøn,sargeras,763,evoker,preservation,24,8,16
6253,Rorie,farstriders,762,evoker,preservation,12,8,4
6254,Matsutake,kelthuzad,762,evoker,preservation,18,8,10
6255,Crumbflaps,kelthuzad,758,evoker,preservation,18,8,10
6256,Criteria,burning-legion,748,evoker,preservation,18,8,10
6257,Durtyvoker,illidan,735,evoker,preservation,22,8,14
6258,Butta,darkspear,734,evoker,preservation,17,8,9
6259,Whinks,zangarmarsh,732,evoker,preservation,17,8,9
6260,Polland,area-52,731,evoker,preservation,17,8,9
6261,Icthelestron,black-dragonflight,729,evoker,preservation,14,9,5
6262,Geicovoker,tichondrius,714,evoker,preservation,28,9,19
6263,Shardsnorta,chogall,708,evoker,preservation,17,8,9
6264,Velaryonhero,arthas,700,evoker,preservation,20,8,12
6265,Philmcracken,proudmoore,687,evoker,preservation,11,8,3
6266,Syraxiez,sargeras,672,evoker,preservation,12,7,5
6267,Cycircle,tichondrius,672,evoker,preservation,12,7,5
6268,Vroomby,area-52,672,evoker,preservation,12,7,5
6269,Vrondiss,trollbane,672,evoker,preservation,12,7,5
6270,Beatxqt,area-52,672,evoker,preservation,12,7,5
6271,Truffleßutta,tichondrius,672,evoker,preservation,12,7,5
6272,Skrimbles,tichondrius,672,evoker,preservation,12,7,5
6273,Goursaud,malganis,672,evoker,preservation,12,7,5
6274,Versezz,tichondrius,672,evoker,preservation,12,7,5
6275,Hamine,tichondrius,672,evoker,preservation,18,7,11
6276,Orncen,emerald-dream,672,evoker,preservation,18,7,11
6277,Kwebab,tichondrius,672,evoker,preservation,18,7,11
6278,Darchomp,illidan,672,evoker,preservation,18,7,11
6279,Draikia,zuljin,672,evoker,preservation,18,7,11
6280,Gaslightqt,tichondrius,672,evoker,preservation,19,7,12
6281,Advancedonly,tichondrius,672,evoker,preservation,24,7,17
6282,Matchamjölk,tichondrius,671,evoker,preservation,12,7,5
6283,Vertorgon,proudmoore,671,evoker,preservation,12,7,5
6284,Boomlvx,frostmourne,671,evoker,preservation,12,7,5
6285,Forlornomens,area-52,671,evoker,preservation,12,7,5
6286,Reskue,burning-legion,671,evoker,preservation,12,7,5
6287,Arûmat,tichondrius,671,evoker,preservation,18,7,11
6288,Longxx,dalaran,671,evoker,preservation,18,7,11
6289,Bookkoo,burning-legion,671,evoker,preservation,24,7,17
6290,Wethotgarbee,tichondrius,670,evoker,preservation,12,7,5
6291,Rayvoker,elune,670,evoker,preservation,12,7,5
6292,Mad,aerie-peak,670,evoker,preservation,19,9,10
6293,Woozul,malganis,670,evoker,preservation,30,7,23
6294,Dragonballer,trollbane,669,evoker,preservation,18,7,11
6295,Retcondragon,sargeras,669,evoker,preservation,18,7,11
6296,Hakuroyime,ragnaros,667,evoker,preservation,12,7,5
6297,Azulnova,tichondrius,665,evoker,preservation,18,7,11
6298,Acidbreath,tichondrius,661,evoker,preservation,18,7,11
6299,Wheyvern,malganis,660,evoker,preservation,33,7,26
6300,Itsac,daggerspine,656,evoker,preservation,12,7,5
6301,Yiptondabs,emerald-dream,650,evoker,preservation,29,7,22
6302,Thenasath,sargeras,640,evoker,preservation,17,7,10
6303,Ravebae,frostmourne,639,evoker,preservation,17,7,10
6304,Mokkdala,blackrock,637,evoker,preservation,17,7,10
6305,Elderdragon,nerzhul,629,evoker,preservation,16,8,8
6306,Kixxely,sargeras,623,evoker,preservation,12,8,4
6307,Kilawatt,barthilas,620,evoker,preservation,11,7,4
6308,Terpsy,area-52,620,evoker,preservation,11,7,4
6309,Tsuruda,illidan,618,evoker,preservation,21,8,13
6310,Wilbog,moon-guard,604,evoker,preservation,36,7,29
6311,Ambadragon,frostmourne,591,evoker,preservation,11,7,4
6312,Hwansu,tichondrius,576,evoker,preservation,6,6,0
6313,Cheesedragon,tichondrius,576,evoker,preservation,6,6,0
6314,Tatsurai,tichondrius,576,evoker,preservation,10,7,3
6315,Quesodillas,stormreaver,576,evoker,preservation,12,6,6
6316,Bookwyrm,khadgar,576,evoker,preservation,12,6,6
6317,Teëst,malganis,576,evoker,preservation,12,6,6
6318,Azarke,rivendare,576,evoker,preservation,12,6,6
6319,Ozvoker,area-52,576,evoker,preservation,12,6,6
6320,Diregon,kelthuzad,576,evoker,preservation,12,6,6
6321,Innervoker,tichondrius,576,evoker,preservation,12,6,6
6322,Localfemboy,area-52,576,evoker,preservation,12,6,6
6323,Flybro,malganis,576,evoker,preservation,12,6,6
6324,Verosria,area-52,576,evoker,preservation,12,6,6
6325,Daylenx,thrall,576,evoker,preservation,12,6,6
6326,Wtfhappen,tichondrius,576,evoker,preservation,12,6,6
6327,Thegoone,bleeding-hollow,576,evoker,preservation,12,6,6
6328,Sleepiiheadx,stormrage,576,evoker,preservation,12,6,6
6329,Xiaolongmei,frostmourne,576,evoker,preservation,12,6,6
6330,Datinysmaug,stormrage,576,evoker,preservation,12,6,6
6331,Yaaj,black-dragonflight,576,evoker,preservation,14,6,8
6332,Teddydarg,tichondrius,576,evoker,preservation,14,6,8
6333,Youngyongdie,tichondrius,576,evoker,preservation,22,8,14
6334,Dragonk,dragonblight,576,evoker,preservation,18,6,12
6335,Murphymonsta,stormscale,576,evoker,preservation,18,6,12
6336,Toodllesz,stormrage,575,evoker,preservation,6,6,0
6337,Magnito,thorium-brotherhood,575,evoker,preservation,12,6,6
6338,Bhfflove,area-52,575,evoker,preservation,12,6,6
6339,Shinryuu,warsong,575,evoker,preservation,12,6,6
6340,Dragûn,stormrage,575,evoker,preservation,12,6,6
6341,Tokeandvoke,haomarush,575,evoker,preservation,12,6,6
6342,Flameschosen,malganis,575,evoker,preservation,12,6,6
6343,Dragy,bonechewer,575,evoker,preservation,18,6,12
6344,Naùghtygames,area-52,575,evoker,preservation,18,6,12
6345,Kyloflight,thrall,575,evoker,preservation,24,6,18
6346,Toothless,garithos,574,evoker,preservation,6,6,0
6347,Amun,frostwolf,574,evoker,preservation,12,6,6
6348,Cinderazerat,moon-guard,574,evoker,preservation,18,6,12
6349,Azalana,thrall,574,evoker,preservation,24,6,18
6350,Moraise,bonechewer,573,evoker,preservation,12,6,6
6351,Rhaeynes,moon-guard,568,evoker,preservation,12,6,6
6352,Spliffdragon,sargeras,528,evoker,preservation,17,6,11
6353,Imperialist,proudmoore,522,evoker,preservation,29,7,22
6354,Shenlòng,drakkari,521,evoker,preservation,15,7,8
6355,Akavoker,sargeras,521,evoker,preservation,20,7,13
6356,Supernovax,illidan,512,evoker,preservation,16,6,10
6357,Imaginedrgn,tichondrius,511,evoker,preservation,11,6,5
6358,Errier,tichondrius,511,evoker,preservation,14,6,8
6359,Nwo,shattered-hand,494,evoker,preservation,11,6,5
6360,Brindletail,proudmoore,494,evoker,preservation,19,6,13
6361,Binidragon,tichondrius,480,evoker,preservation,6,5,1
6362,Shellessturt,kelthuzad,480,evoker,preservation,6,5,1
6363,Chinadragon,balnazzar,480,evoker,preservation,6,5,1
6364,Evvookkeerr,tichondrius,480,evoker,preservation,6,5,1
6365,Drgndeeznüts,tichondrius,480,evoker,preservation,9,5,4
6366,Imwoker,illidan,480,evoker,preservation,12,5,7
6367,Draggin,barthilas,480,evoker,preservation,12,5,7
6368,Draktharl,tichondrius,480,evoker,preservation,12,5,7
6369,Hageiz,tichondrius,480,evoker,preservation,12,5,7
6370,Oldmandrake,mannoroth,480,evoker,preservation,12,5,7
6371,Cirroaltos,aerie-peak,480,evoker,preservation,12,5,7
6372,Gumbåll,bleeding-hollow,480,evoker,preservation,12,5,7
6373,Salusx,proudmoore,480,evoker,preservation,12,5,7
6374,Chronocolter,thunderhorn,480,evoker,preservation,12,5,7
6375,Evizzar,zuljin,480,evoker,preservation,12,5,7
6376,Kratheu,azralon,480,evoker,preservation,12,5,7
6377,Neewhad,malganis,480,evoker,preservation,12,5,7
6378,Spyrotime,tichondrius,480,evoker,preservation,15,5,10
6379,Seeyn,tichondrius,480,evoker,preservation,18,5,13
6380,Cruv,boulderfist,480,evoker,preservation,18,5,13
6381,Bronyflexy,sargeras,480,evoker,preservation,24,5,19
6382,Bvo,stormrage,479,evoker,preservation,6,5,1
6383,Prevoker,kirin-tor,479,evoker,preservation,6,5,1
6384,Lickyertits,tichondrius,479,evoker,preservation,12,5,7
6385,Dracdeez,dreadmaul,479,evoker,preservation,12,5,7
6386,Álln,sargeras,479,evoker,preservation,12,5,7
6387,Drizzydrag,jubeithos,479,evoker,preservation,12,5,7
6388,Kratostrasz,moon-guard,479,evoker,preservation,12,5,7
6389,Cootietooter,icecrown,479,evoker,preservation,12,5,7
6390,Rhaènyra,sargeras,479,evoker,preservation,12,5,7
6391,Paladinex,tichondrius,479,evoker,preservation,12,5,7
6392,Cindermint,mugthol,479,evoker,preservation,14,5,9
6393,Bitkoinz,tichondrius,479,evoker,preservation,18,5,13
6394,Dragown,sargeras,478,evoker,preservation,12,5,7
6395,Draehgor,hyjal,478,evoker,preservation,12,5,7
6396,Ashandshadow,area-52,478,evoker,preservation,19,5,14
6397,Scaryðragon,akama,477,evoker,preservation,12,5,7
6398,Interracial,stormscale,475,evoker,preservation,10,6,4
6399,Falsedaze,sargeras,475,evoker,preservation,12,5,7
6400,Gaserick,quelthalas,426,evoker,preservation,17,6,11
6401,Items,frostmourne,416,evoker,preservation,10,5,5
6402,Monzydrake,emerald-dream,408,evoker,preservation,20,5,15
6403,Exrtj,stormrage,384,evoker,preservation,6,4,2
6404,Ygnizem,ysera,384,evoker,preservation,6,4,2
6405,Docevoker,tichondrius,384,evoker,preservation,6,4,2
6406,Tygor,arthas,384,evoker,preservation,6,4,2
6407,Bassblasterr,dalaran,384,evoker,preservation,6,4,2
6408,Venitsu,malganis,384,evoker,preservation,6,4,2
6409,Jëthrø,illidan,384,evoker,preservation,6,4,2
6410,Mtndewboy,illidan,384,evoker,preservation,6,4,2
6411,Dreamfuego,tichondrius,384,evoker,preservation,6,4,2
6412,Baradad,frostmourne,384,evoker,preservation,6,4,2
6413,Murloc,shadowsong,384,evoker,preservation,6,4,2
6414,Treysongz,area-52,384,evoker,preservation,6,4,2
6415,Babylons,area-52,384,evoker,preservation,6,4,2
6416,Azurgos,proudmoore,384,evoker,preservation,6,4,2
6417,Whelp,shadow-council,384,evoker,preservation,6,4,2
6418,Taegon,area-52,384,evoker,preservation,6,4,2
6419,Darksmoke,spirestone,384,evoker,preservation,6,4,2
6420,Atraxian,tichondrius,384,evoker,preservation,6,4,2
6421,Gavstarz,frostmourne,384,evoker,preservation,6,4,2
6422,Ancalagðn,quelthalas,384,evoker,preservation,6,4,2
6423,Whitesnow,korgath,384,evoker,preservation,6,4,2
6424,Zaedor,stormrage,384,evoker,preservation,10,5,5
6425,Shoestrings,tichondrius,384,evoker,preservation,12,4,8
6426,Bryágh,wyrmrest-accord,384,evoker,preservation,12,4,8
6427,Williamjong,tichondrius,384,evoker,preservation,12,4,8
6428,Olindoe,tichondrius,384,evoker,preservation,12,4,8
6429,Yujirohanma,frostmourne,384,evoker,preservation,12,4,8
6430,Soyum,sargeras,384,evoker,preservation,12,4,8
6431,Galrend,firetree,384,evoker,preservation,12,4,8
6432,Crumbsock,thrall,384,evoker,preservation,12,4,8
6433,Pensini,illidan,384,evoker,preservation,12,4,8
6434,Raphdragon,stormrage,384,evoker,preservation,12,4,8
6435,Satratren,moon-guard,384,evoker,preservation,12,4,8
6436,Upsdriver,dentarg,384,evoker,preservation,18,4,14
6437,Lervish,durotan,383,evoker,preservation,6,4,2
6438,Misico,illidan,383,evoker,preservation,6,4,2
6439,Shintrax,ragnaros,383,evoker,preservation,10,4,6
6440,Tihkal,spinebreaker,383,evoker,preservation,12,4,8
6441,Flymuch,illidan,383,evoker,preservation,12,4,8
6442,Xdragon,lightbringer,383,evoker,preservation,12,4,8
6443,Dombi,moon-guard,383,evoker,preservation,12,4,8
6444,Bigtoots,illidan,382,evoker,preservation,12,4,8
6445,Saintetoile,tichondrius,382,evoker,preservation,12,4,8
6446,Danatreseth,moon-guard,380,evoker,preservation,12,4,8
6447,Nyxstrasza,moknathal,366,evoker,preservation,11,4,7
6448,Clubmetro,boulderfist,365,evoker,preservation,9,6,3
6449,Zathasar,tichondrius,333,evoker,preservation,28,4,24
6450,Corlys,thunderhorn,330,evoker,preservation,17,5,12
6451,Dragginhealz,stormrage,323,evoker,preservation,15,5,10
6452,Tealik,frostmourne,320,evoker,preservation,10,4,6
6453,Jolynne,illidan,320,evoker,preservation,14,4,10
6454,Lantur,perenolde,319,evoker,preservation,16,4,12
6455,Polyrhythmic,ysera,304,evoker,preservation,7,4,3
6456,Dragocser,drakkari,288,evoker,preservation,6,3,3
6457,Vaeghar,anvilmar,288,evoker,preservation,6,3,3
6458,Heidibibe,tichondrius,288,evoker,preservation,6,3,3
6459,Paradïsso,tichondrius,288,evoker,preservation,6,3,3
6460,Spicypnuts,zuljin,288,evoker,preservation,6,3,3
6461,Annazara,stormrage,288,evoker,preservation,6,3,3
6462,Flexlong,tichondrius,288,evoker,preservation,6,3,3
6463,Vygrax,nerzhul,288,evoker,preservation,6,3,3
6464,Jakburnon,stormrage,288,evoker,preservation,6,3,3
6465,Icallthecops,tichondrius,288,evoker,preservation,6,3,3
6466,Jamörant,tichondrius,288,evoker,preservation,6,3,3
6467,Knowragretz,tichondrius,288,evoker,preservation,6,3,3
6468,Bootymágic,tichondrius,288,evoker,preservation,6,3,3
6469,Swagdriver,moon-guard,288,evoker,preservation,6,3,3
6470,Draseew,drakkari,288,evoker,preservation,6,3,3
6471,Dracritzzx,ragnaros,288,evoker,preservation,6,3,3
6472,Bigtitsdrag,illidan,288,evoker,preservation,6,3,3
6473,Evoketage,malganis,288,evoker,preservation,6,3,3
6474,Kreutzhauser,tichondrius,288,evoker,preservation,6,3,3
6475,Gvoker,nemesis,288,evoker,preservation,6,3,3
6476,Saxthyr,stormreaver,288,evoker,preservation,6,3,3
6477,Chawp,tichondrius,288,evoker,preservation,6,3,3
6478,Sylf,kiljaeden,288,evoker,preservation,6,3,3
6479,Golden,area-52,288,evoker,preservation,6,3,3
6480,Selden,boulderfist,288,evoker,preservation,6,3,3
6481,Ðçßñÿåæéîùøð,tichondrius,288,evoker,preservation,6,3,3
6482,Vokefuu,illidan,288,evoker,preservation,6,3,3
6483,Rangä,caelestrasz,288,evoker,preservation,6,3,3
6484,Raxdragon,sargeras,288,evoker,preservation,6,3,3
6485,Kalsit,emerald-dream,288,evoker,preservation,6,3,3
6486,Dracoon,madoran,288,evoker,preservation,6,3,3
6487,Mignificent,sargeras,288,evoker,preservation,6,3,3
6488,Flyingmooie,frostmourne,288,evoker,preservation,6,3,3
6489,Visserion,sargeras,288,evoker,preservation,6,3,3
6490,Garrgle,sargeras,288,evoker,preservation,6,3,3
6491,Kymoxien,sargeras,288,evoker,preservation,6,3,3
6492,Redhorn,frostmourne,288,evoker,preservation,6,3,3
6493,Setren,antonidas,288,evoker,preservation,6,3,3
6494,Aspecto,area-52,288,evoker,preservation,12,3,9
6495,Discussion,area-52,288,evoker,preservation,12,3,9
6496,Pauly,suramar,288,evoker,preservation,12,3,9
6497,Tinine,frostmourne,288,evoker,preservation,12,3,9
6498,Ahahaa,frostmourne,288,evoker,preservation,12,3,9
6499,Simmnyxia,area-52,288,evoker,preservation,12,3,9
6500,Explosives,blades-edge,288,evoker,preservation,12,3,9
6501,Galfiore,malganis,288,evoker,preservation,12,3,9
6502,Reflexd,malganis,288,evoker,preservation,12,3,9
6503,Dwacawys,zuljin,288,evoker,preservation,12,3,9
6504,Drakkar,elune,288,evoker,preservation,12,3,9
6505,Dragonbabu,area-52,288,evoker,preservation,12,3,9
6506,Stormdagger,proudmoore,288,evoker,preservation,12,3,9
6507,Mouthgorawr,tichondrius,288,evoker,preservation,13,3,10
6508,Wapowthion,blades-edge,288,evoker,preservation,18,3,15
6509,Killerdragon,darkspear,287,evoker,preservation,6,3,3
6510,Ownlyfans,silvermoon,287,evoker,preservation,6,3,3
6511,Saphfire,burning-legion,287,evoker,preservation,6,3,3
6512,Supereragon,area-52,287,evoker,preservation,6,3,3
6513,Chenrong,sargeras,287,evoker,preservation,12,3,9
6514,Tazen,bleeding-hollow,287,evoker,preservation,12,3,9
6515,Toothlesz,draka,287,evoker,preservation,18,3,15
6516,Arazarion,mugthol,285,evoker,preservation,12,3,9
6517,Ragendragon,hellscream,285,evoker,preservation,12,3,9
6518,Drakonyx,mugthol,285,evoker,preservation,12,3,9
6519,Stíckyj,tichondrius,255,evoker,preservation,11,3,8
6520,Tailia,sargeras,239,evoker,preservation,5,3,2
6521,Rápturé,tichondrius,234,evoker,preservation,10,6,4
6522,Daddyrp,tichondrius,234,evoker,preservation,15,5,10
6523,Tugmapvpean,kelthuzad,208,evoker,preservation,7,3,4
6524,Ndr,proudmoore,192,evoker,preservation,6,2,4
6525,Drugdoer,illidan,192,evoker,preservation,6,2,4
6526,Surasi,frostmourne,192,evoker,preservation,6,2,4
6527,Dwagonwage,zuljin,192,evoker,preservation,6,2,4
6528,Racovoker,zuljin,192,evoker,preservation,6,2,4
6529,Nunez,frostmourne,192,evoker,preservation,6,2,4
6530,Inkdsy,detheroc,192,evoker,preservation,6,2,4
6531,Saviorkai,barthilas,192,evoker,preservation,6,2,4
6532,Xerithious,bleeding-hollow,192,evoker,preservation,6,2,4
6533,Dscim,zuljin,192,evoker,preservation,6,2,4
6534,Dragonpel,azralon,192,evoker,preservation,6,2,4
6535,Drakhaz,azralon,192,evoker,preservation,6,2,4
6536,Invdkill,azralon,192,evoker,preservation,6,2,4
6537,Droggerdrago,stormreaver,192,evoker,preservation,6,2,4
6538,Daemon,terokkar,192,evoker,preservation,6,2,4
6539,Nite,lothar,192,evoker,preservation,6,2,4
6540,Slaymedaddy,proudmoore,192,evoker,preservation,6,2,4
6541,Smurgma,frostmane,192,evoker,preservation,6,2,4
6542,Aetherz,illidan,192,evoker,preservation,6,2,4
6543,Wse,illidan,192,evoker,preservation,6,2,4
6544,Preserveluke,moon-guard,192,evoker,preservation,6,2,4
6545,Carrnedge,area-52,192,evoker,preservation,6,2,4
6546,Drakthyrmonk,hyjal,192,evoker,preservation,6,2,4
6547,Scyyterr,azralon,192,evoker,preservation,6,2,4
6548,Ceraxxes,tichondrius,192,evoker,preservation,6,2,4
6549,Linguistic,tichondrius,192,evoker,preservation,6,2,4
6550,Sketchybum,tichondrius,192,evoker,preservation,6,2,4
6551,Kalrid,sargeras,192,evoker,preservation,6,2,4
6552,Sekidrac,ragnaros,192,evoker,preservation,6,2,4
6553,Ellafortnite,emerald-dream,192,evoker,preservation,6,2,4
6554,Nil,malganis,192,evoker,preservation,6,2,4
6555,Syfen,burning-blade,192,evoker,preservation,6,2,4
6556,Ignicion,quelthalas,192,evoker,preservation,6,2,4
6557,Koopa,malygos,192,evoker,preservation,6,2,4
6558,Tagritash,kelthuzad,192,evoker,preservation,6,2,4
6559,Tightp,malganis,192,evoker,preservation,12,2,10
6560,Draghyon,tichondrius,192,evoker,preservation,12,2,10
6561,Djornmustman,sargeras,192,evoker,preservation,12,2,10
6562,Hotblower,tichondrius,192,evoker,preservation,12,2,10
6563,Lampizard,bonechewer,192,evoker,preservation,12,2,10
6564,Takasaki,dalaran,192,evoker,preservation,12,2,10
6565,Arkaan,malganis,192,evoker,preservation,12,2,10
6566,Arazerazer,thrall,192,evoker,preservation,12,2,10
6567,Thendroz,aerie-peak,191,evoker,preservation,4,3,1
6568,Dracalis,thrall,191,evoker,preservation,6,2,4
6569,Valethal,ragnaros,191,evoker,preservation,6,2,4
6570,Spyrð,emerald-dream,191,evoker,preservation,6,2,4
6571,Frozonic,tichondrius,191,evoker,preservation,6,2,4
6572,Shadowyasuke,area-52,191,evoker,preservation,12,2,10
6573,Sodre,illidan,191,evoker,preservation,12,2,10
6574,Evooern,frostmourne,175,evoker,preservation,11,2,9
6575,Hexavalent,tichondrius,159,evoker,preservation,5,2,3
6576,Temporal,mannoroth,144,evoker,preservation,3,3,0
6577,Dragonbush,sargeras,138,evoker,preservation,10,3,7
6578,Shíkyo,stormrage,138,evoker,preservation,20,3,17
6579,Amnemís,tichondrius,128,evoker,preservation,4,2,2
6580,Patrdorasz,zuljin,96,evoker,preservation,6,1,5
6581,Simarity,thrall,96,evoker,preservation,6,1,5
6582,Shockragosa,chogall,96,evoker,preservation,6,1,5
6583,Roastdrake,tichondrius,96,evoker,preservation,6,1,5
6584,Tasdarallar,frostmourne,96,evoker,preservation,6,1,5
6585,Atreign,blackwing-lair,96,evoker,preservation,6,1,5
6586,Keedrori,thrall,96,evoker,preservation,6,1,5
6587,Vvhip,tichondrius,96,evoker,preservation,6,1,5
6588,Omars,sargeras,96,evoker,preservation,6,1,5
6589,Trrxx,tichondrius,96,evoker,preservation,6,1,5
6590,Uwuspit,tichondrius,96,evoker,preservation,6,1,5
6591,Caelïn,malganis,96,evoker,preservation,6,1,5
6592,Charbothyr,gorgonnash,96,evoker,preservation,6,1,5
6593,Ðräco,quelthalas,96,evoker,preservation,6,1,5
6594,Olesmokey,tichondrius,96,evoker,preservation,6,1,5
6595,Daraz,tichondrius,96,evoker,preservation,6,1,5
6596,Ohmylanta,stormrage,96,evoker,preservation,6,1,5
6597,Yoyke,tichondrius,96,evoker,preservation,6,1,5
6598,Talzindera,sargeras,96,evoker,preservation,6,1,5
6599,Deviantart,emerald-dream,96,evoker,preservation,6,1,5
6600,Mungwings,area-52,96,evoker,preservation,6,1,5
6601,Spyroh,crushridge,96,evoker,preservation,6,1,5
6602,Gamerwords,barthilas,96,evoker,preservation,6,1,5
6603,Vermax,spirestone,96,evoker,preservation,6,1,5
6604,Dragondoh,frostmourne,96,evoker,preservation,6,1,5
6605,Mookthyr,area-52,96,evoker,preservation,6,1,5
6606,Dracomedicus,frostmourne,96,evoker,preservation,10,1,9
6607,Tidehunter,chogall,96,evoker,preservation,12,1,11
6608,Diavai,area-52,96,evoker,preservation,12,1,11
6609,Morkite,moon-guard,96,evoker,preservation,12,1,11
6610,Derath,maelstrom,96,evoker,preservation,12,1,11
6611,Bobstrasz,tichondrius,96,evoker,preservation,12,1,11
6612,Khorvin,proudmoore,96,evoker,preservation,12,1,11
6613,Jsb,moon-guard,96,evoker,preservation,18,1,17
6614,Blowmiê,area-52,79,evoker,preservation,5,1,4
6615,Thiqc,zuluhed,9,evoker,preservation,9,3,6
6616,Nikthevoker,area-52,2120,evoker,devastation,111,58,53
6617,Dametra,proudmoore,2100,evoker,devastation,102,59,43
6618,Nikthevoker,tichondrius,2079,evoker,devastation,96,51,45
6619,Breathalizer,sargeras,2056,evoker,devastation,84,49,35
6620,Caedalade,proudmoore,2014,evoker,devastation,159,80,79
6621,Somyr,area-52,2003,evoker,devastation,78,43,35
6622,Quadude,illidan,1985,evoker,devastation,131,67,64
6623,Evokemedaddy,bleeding-hollow,1965,evoker,devastation,84,44,40
6624,Koalaman,area-52,1946,evoker,devastation,150,80,70
6625,Dzrn,moon-guard,1943,evoker,devastation,102,52,50
6626,Trogdør,illidan,1942,evoker,devastation,141,72,69
6627,Wazgon,emerald-dream,1940,evoker,devastation,194,94,100
6628,Rothvoker,tichondrius,1934,evoker,devastation,80,46,34
6629,Arzaria,stormrage,1904,evoker,devastation,126,72,54
6630,Ayavi,illidan,1890,evoker,devastation,96,61,35
6631,Ocdgamer,malganis,1889,evoker,devastation,55,27,28
6632,Juicyjom,staghelm,1886,evoker,devastation,48,25,23
6633,Ethalem,thrall,1877,evoker,devastation,132,80,52
6634,Draxarys,tichondrius,1877,evoker,devastation,178,88,90
6635,Saryuja,thunderhorn,1860,evoker,devastation,46,31,15
6636,Eastwubz,norgannon,1856,evoker,devastation,60,30,30
6637,Bugberry,illidan,1854,evoker,devastation,96,51,45
6638,Fores,tichondrius,1852,evoker,devastation,122,63,59
6639,Royquaza,illidan,1850,evoker,devastation,60,33,27
6640,Wheezee,emerald-dream,1850,evoker,devastation,46,25,21
6641,Rescued,wyrmrest-accord,1848,evoker,devastation,54,31,23
6642,Tatsurai,tichondrius,1845,evoker,devastation,43,24,19
6643,Eshen,ragnaros,1843,evoker,devastation,298,158,140
6644,Draxarys,area-52,1843,evoker,devastation,185,95,90
6645,Hutaothighs,illidan,1837,evoker,devastation,60,32,28
6646,Lizzimcguire,zuljin,1827,evoker,devastation,42,27,15
6647,Venarys,dalaran,1826,evoker,devastation,42,30,12
6648,Raxdragon,sargeras,1826,evoker,devastation,36,22,14
6649,Anachronormu,mannoroth,1826,evoker,devastation,71,40,31
6650,Thrawn,arygos,1825,evoker,devastation,53,33,20
6651,Azradormu,zuljin,1823,evoker,devastation,85,37,48
6652,Azazél,borean-tundra,1822,evoker,devastation,89,51,38
6653,Evokes,moon-guard,1818,evoker,devastation,80,41,39
6654,Drakori,azralon,1812,evoker,devastation,80,49,31
6655,Drogu,kelthuzad,1810,evoker,devastation,30,19,11
6656,Gojirastraza,stormrage,1810,evoker,devastation,53,32,21
6657,Laneva,moon-guard,1809,evoker,devastation,122,82,40
6658,Pykan,skullcrusher,1809,evoker,devastation,47,24,23
6659,Ragedizzle,twisting-nether,1808,evoker,devastation,91,49,42
6660,Geicovoker,tichondrius,1806,evoker,devastation,52,30,22
6661,Tazriak,tichondrius,1803,evoker,devastation,83,52,31
6662,Fractalz,alterac-mountains,1800,evoker,devastation,169,92,77
6663,Whilefalse,stormrage,1793,evoker,devastation,65,28,37
6664,Yrue,moon-guard,1779,evoker,devastation,36,19,17
6665,Nørbert,frostmourne,1769,evoker,devastation,48,29,19
6666,Dooklord,shuhalo,1763,evoker,devastation,54,24,30
6667,Bigdrag,blackhand,1761,evoker,devastation,90,45,45
6668,Kyloflight,thrall,1747,evoker,devastation,38,25,13
6669,Oldxdrake,sargeras,1747,evoker,devastation,138,70,68
6670,Emiriss,thrall,1744,evoker,devastation,88,45,43
6671,Plep,wyrmrest-accord,1741,evoker,devastation,39,22,17
6672,Srb,chogall,1730,evoker,devastation,44,26,18
6673,Rá,drenden,1728,evoker,devastation,78,34,44
6674,Thordak,drakkari,1722,evoker,devastation,54,30,24
6675,Psynister,illidan,1711,evoker,devastation,108,48,60
6676,Meltharian,frostmourne,1708,evoker,devastation,68,33,35
6677,Ævoker,tichondrius,1703,evoker,devastation,99,53,46
6678,Shoestrings,tichondrius,1703,evoker,devastation,90,43,47
6679,Puf,magtheridon,1698,evoker,devastation,141,79,62
6680,Rðsè,tichondrius,1697,evoker,devastation,114,56,58
6681,Jase,gilneas,1691,evoker,devastation,74,45,29
6682,Krúnsh,ragnaros,1687,evoker,devastation,125,66,59
6683,Betasoldier,kelthuzad,1684,evoker,devastation,42,29,13
6684,Darkwingz,icecrown,1680,evoker,devastation,44,25,19
6685,Zenithria,thrall,1680,evoker,devastation,82,45,37
6686,Eszel,thunderlord,1679,evoker,devastation,184,98,86
6687,Catvoker,area-52,1678,evoker,devastation,114,58,56
6688,Dwagonwage,zuljin,1672,evoker,devastation,54,25,29
6689,Garlicbreth,stormrage,1671,evoker,devastation,76,40,36
6690,Fizzlevoker,malganis,1670,evoker,devastation,48,23,25
6691,Nunez,frostmourne,1663,evoker,devastation,35,19,16
6692,Caelïn,malganis,1661,evoker,devastation,114,62,52
6693,Balrôg,malganis,1656,evoker,devastation,63,29,34
6694,Dovàhkin,moon-guard,1655,evoker,devastation,60,32,28
6695,Wingdeadly,tichondrius,1650,evoker,devastation,66,35,31
6696,Beatdownbill,sargeras,1647,evoker,devastation,75,35,40
6697,Deralan,khaz-modan,1645,evoker,devastation,36,20,16
6698,Blackdragôn,stormrage,1641,evoker,devastation,43,22,21
6699,Izzythelizzy,tichondrius,1629,evoker,devastation,102,55,47
6700,Arkeryte,moon-guard,1629,evoker,devastation,96,49,47
6701,Xxkimura,tichondrius,1626,evoker,devastation,84,40,44
6702,Ðeepßreath,sargeras,1625,evoker,devastation,48,24,24
6703,Galakrønd,illidan,1622,evoker,devastation,104,57,47
6704,Scaleychad,zuljin,1621,evoker,devastation,47,22,25
6705,Theredmenace,barthilas,1618,evoker,devastation,30,20,10
6706,Æthyr,anubarak,1616,evoker,devastation,30,21,9
6707,Alekoslol,area-52,1615,evoker,devastation,40,23,17
6708,Shalander,proudmoore,1615,evoker,devastation,108,60,48
6709,Endoveire,tichondrius,1613,evoker,devastation,54,23,31
6710,Evòker,tichondrius,1610,evoker,devastation,48,25,23
6711,Eshaybruh,barthilas,1605,evoker,devastation,34,20,14
6712,Flysokan,tichondrius,1604,evoker,devastation,48,25,23
6713,Akajills,tichondrius,1603,evoker,devastation,94,54,40
6714,Dubskis,area-52,1603,evoker,devastation,122,63,59
6715,Jereico,stonemaul,1603,evoker,devastation,78,39,39
6716,Mfquietus,illidan,1598,evoker,devastation,48,25,23
6717,Evokez,barthilas,1596,evoker,devastation,30,22,8
6718,Bombs,shattered-hand,1594,evoker,devastation,126,66,60
6719,Juicylizard,stormrage,1594,evoker,devastation,111,54,57
6720,Chànge,lothar,1587,evoker,devastation,41,23,18
6721,Juooun,tichondrius,1583,evoker,devastation,71,31,40
6722,Algonir,wyrmrest-accord,1581,evoker,devastation,30,17,13
6723,Xhamon,quelthalas,1571,evoker,devastation,40,18,22
6724,Aarax,tichondrius,1570,evoker,devastation,89,45,44
6725,Rinstraza,thrall,1569,evoker,devastation,77,39,38
6726,Polyrhythmic,ysera,1567,evoker,devastation,55,28,27
6727,Narissian,wyrmrest-accord,1566,evoker,devastation,68,39,29
6728,Mmrglmrglmr,stormrage,1565,evoker,devastation,41,23,18
6729,Linguistic,tichondrius,1557,evoker,devastation,48,25,23
6730,Bréáth,tichondrius,1551,evoker,devastation,42,28,14
6731,Mcglizzy,stormrage,1551,evoker,devastation,36,17,19
6732,Imugee,sargeras,1549,evoker,devastation,36,19,17
6733,Agheel,firetree,1543,evoker,devastation,44,23,21
6734,Valthenax,frostmourne,1537,evoker,devastation,42,18,24
6735,Hydrogenbomb,sargeras,1534,evoker,devastation,66,37,29
6736,Lorb,icecrown,1533,evoker,devastation,120,65,55
6737,Monkeydrake,tichondrius,1532,evoker,devastation,48,22,26
6738,Strepo,proudmoore,1529,evoker,devastation,30,16,14
6739,Hotdragon,zuljin,1526,evoker,devastation,78,43,35
6740,Drgua,tichondrius,1522,evoker,devastation,30,16,14
6741,Xhaal,tichondrius,1518,evoker,devastation,144,68,76
6742,Bryágh,wyrmrest-accord,1517,evoker,devastation,147,76,71
6743,Sintholo,sargeras,1515,evoker,devastation,62,30,32
6744,Ùwüdragon,tichondrius,1514,evoker,devastation,82,54,28
6745,Galrend,firetree,1511,evoker,devastation,78,41,37
6746,Gôdzevoker,area-52,1507,evoker,devastation,30,16,14
6747,Jurokiel,sargeras,1504,evoker,devastation,69,42,27
6748,Xplode,area-52,1504,evoker,devastation,176,89,87
6749,Tinine,frostmourne,1503,evoker,devastation,60,33,27
6750,Haramcad,tichondrius,1501,evoker,devastation,93,48,45
6751,Tezzyl,kiljaeden,1498,evoker,devastation,30,16,14
6752,Voithyr,moon-guard,1490,evoker,devastation,24,16,8
6753,Jiminsgf,tichondrius,1489,evoker,devastation,36,25,11
6754,Amlug,illidan,1482,evoker,devastation,52,21,31
6755,Eternabeam,gilneas,1478,evoker,devastation,35,16,19
6756,Dragonvore,moon-guard,1475,evoker,devastation,23,17,6
6757,Quadarius,tichondrius,1466,evoker,devastation,105,55,50
6758,Dekux,elune,1459,evoker,devastation,36,16,20
6759,Olesmokey,tichondrius,1455,evoker,devastation,68,34,34
6760,Mindme,tichondrius,1452,evoker,devastation,23,16,7
6761,Dragontrees,illidan,1450,evoker,devastation,36,19,17
6762,Bellerion,proudmoore,1450,evoker,devastation,48,22,26
6763,Karox,moon-guard,1450,evoker,devastation,42,17,25
6764,Xaeradroz,area-52,1448,evoker,devastation,48,25,23
6765,Midi,boulderfist,1446,evoker,devastation,42,21,21
6766,Lilfootmommy,emerald-dream,1446,evoker,devastation,36,16,20
6767,Elurb,illidan,1443,evoker,devastation,30,19,11
6768,Peef,tichondrius,1439,evoker,devastation,24,15,9
6769,Toastragosa,cenarius,1437,evoker,devastation,143,64,79
6770,Zalzin,agamaggan,1435,evoker,devastation,86,45,41
6771,Thechadwasgr,bleeding-hollow,1434,evoker,devastation,48,26,22
6772,Sylnathaire,wyrmrest-accord,1430,evoker,devastation,66,35,31
6773,Devonstation,zuljin,1429,evoker,devastation,42,24,18
6774,Envisioned,kelthuzad,1426,evoker,devastation,30,17,13
6775,Dragonbic,illidan,1423,evoker,devastation,36,16,20
6776,Evoqz,stormrage,1422,evoker,devastation,30,18,12
6777,Grapthar,korgath,1418,evoker,devastation,78,41,37
6778,Trenash,illidan,1418,evoker,devastation,76,32,44
6779,Aoxila,proudmoore,1405,evoker,devastation,105,48,57
6780,Firkrag,bleeding-hollow,1402,evoker,devastation,60,28,32
6781,Valkalas,moon-guard,1400,evoker,devastation,63,30,33
6782,Bumbledragn,moon-guard,1398,evoker,devastation,89,45,44
6783,Dillss,tichondrius,1397,evoker,devastation,66,31,35
6784,Veserion,azralon,1396,evoker,devastation,78,44,34
6785,Tyrvin,kiljaeden,1396,evoker,devastation,51,25,26
6786,Itwasntthis,tichondrius,1394,evoker,devastation,57,33,24
6787,Rodgoesinya,blackrock,1392,evoker,devastation,48,27,21
6788,Blittlle,bleeding-hollow,1391,evoker,devastation,66,39,27
6789,Frequevoker,tichondrius,1390,evoker,devastation,35,15,20
6790,Puffthemagiq,mugthol,1373,evoker,devastation,30,16,14
6791,Curtis,shadowmoon,1371,evoker,devastation,28,17,11
6792,Dragneel,wyrmrest-accord,1367,evoker,devastation,39,17,22
6793,Drakoris,malganis,1365,evoker,devastation,93,50,43
6794,Bvo,stormrage,1364,evoker,devastation,77,41,36
6795,Navaji,tichondrius,1362,evoker,devastation,55,30,25
6796,Zayllaerth,illidan,1360,evoker,devastation,82,42,40
6797,Thendroz,moon-guard,1357,evoker,devastation,30,18,12
6798,Grendalevo,tichondrius,1357,evoker,devastation,57,28,29
6799,Kêristrasza,wyrmrest-accord,1352,evoker,devastation,54,27,27
6800,Monyz,emerald-dream,1342,evoker,devastation,34,26,8
6801,Brounno,area-52,1342,evoker,devastation,52,33,19
6802,Seldantria,dalaran,1342,evoker,devastation,24,14,10
6803,Marccuss,bleeding-hollow,1339,evoker,devastation,18,14,4
6804,Airgordan,area-52,1339,evoker,devastation,33,15,18
6805,Yuukee,thrall,1338,evoker,devastation,43,23,20
6806,Blowmiê,area-52,1334,evoker,devastation,24,14,10
6807,Epollyon,sargeras,1328,evoker,devastation,24,14,10
6808,Tealetaz,area-52,1320,evoker,devastation,31,18,13
6809,Talanoth,skullcrusher,1320,evoker,devastation,36,19,17
6810,Drachenatem,skywall,1319,evoker,devastation,24,14,10
6811,Emikothyr,thrall,1319,evoker,devastation,74,41,33
6812,Jabbawockeëz,drakkari,1315,evoker,devastation,94,50,44
6813,Nazanazar,wyrmrest-accord,1315,evoker,devastation,64,32,32
6814,Devdjinn,tichondrius,1311,evoker,devastation,94,45,49
6815,Favoredson,area-52,1307,evoker,devastation,24,14,10
6816,Skykeeper,quelthalas,1300,evoker,devastation,112,58,54
6817,Vahaerys,stormrage,1296,evoker,devastation,48,21,27
6818,Sidrasza,norgannon,1292,evoker,devastation,43,22,21
6819,Vokeero,ysera,1284,evoker,devastation,72,36,36
6820,Mønster,zuljin,1279,evoker,devastation,91,43,48
6821,Sylverion,thrall,1277,evoker,devastation,70,35,35
6822,Golden,area-52,1274,evoker,devastation,28,14,14
6823,Wrecketz,tichondrius,1266,evoker,devastation,47,26,21
6824,Dragnmÿballs,blackrock,1263,evoker,devastation,23,14,9
6825,Evokjoe,tortheldrin,1262,evoker,devastation,58,29,29
6826,Raghnard,illidan,1260,evoker,devastation,40,20,20
6827,Sindraxx,stormrage,1255,evoker,devastation,30,17,13
6828,Ezgamedeez,tichondrius,1247,evoker,devastation,24,13,11
6829,Dracomalfoyy,caelestrasz,1246,evoker,devastation,21,14,7
6830,Marknormand,area-52,1246,evoker,devastation,24,13,11
6831,Shanegillis,emerald-dream,1244,evoker,devastation,18,13,5
6832,Rotscale,proudmoore,1243,evoker,devastation,24,13,11
6833,Nazaral,mannoroth,1241,evoker,devastation,24,13,11
6834,Dracfire,saurfang,1239,evoker,devastation,24,13,11
6835,Valyrik,illidan,1239,evoker,devastation,54,22,32
6836,Longxx,dalaran,1235,evoker,devastation,24,13,11
6837,Galakraas,proudmoore,1235,evoker,devastation,75,34,41
6838,Bigbadfred,tichondrius,1234,evoker,devastation,24,13,11
6839,Phlegython,eredar,1226,evoker,devastation,30,13,17
6840,Valakaztower,area-52,1225,evoker,devastation,36,19,17
6841,Nathx,drakkari,1222,evoker,devastation,24,18,6
6842,Cheaterz,area-52,1222,evoker,devastation,36,22,14
6843,Dingermun,bleeding-hollow,1221,evoker,devastation,19,14,5
6844,Layothyr,stormrage,1201,evoker,devastation,24,14,10
6845,Shamblewing,arthas,1199,evoker,devastation,29,13,16
6846,Dragoceleste,ragnaros,1190,evoker,devastation,36,19,17
6847,Evooern,frostmourne,1181,evoker,devastation,84,39,45
6848,Kaikisen,malganis,1178,evoker,devastation,41,19,22
6849,Climax,stormrage,1177,evoker,devastation,28,13,15
6850,Paean,moon-guard,1171,evoker,devastation,20,13,7
6851,Teritwo,stormrage,1166,evoker,devastation,28,13,15
6852,Midnights,scarlet-crusade,1153,evoker,devastation,30,18,12
6853,Crappysmellz,tichondrius,1152,evoker,devastation,18,12,6
6854,Asham,azralon,1152,evoker,devastation,63,36,27
6855,Tërminus,quelthalas,1151,evoker,devastation,18,12,6
6856,Shwaydbz,zuljin,1151,evoker,devastation,24,12,12
6857,Hmong,proudmoore,1151,evoker,devastation,30,12,18
6858,Mushugon,wyrmrest-accord,1150,evoker,devastation,18,12,6
6859,Tekath,altar-of-storms,1150,evoker,devastation,25,13,12
6860,Trenot,draenor,1149,evoker,devastation,30,14,16
6861,Rengöku,skullcrusher,1148,evoker,devastation,24,12,12
6862,Aentharion,argent-dawn,1147,evoker,devastation,24,12,12
6863,Zona,moon-guard,1147,evoker,devastation,24,12,12
6864,Zervis,arthas,1147,evoker,devastation,30,12,18
6865,Azorian,vashj,1146,evoker,devastation,24,13,11
6866,Drozul,stormrage,1145,evoker,devastation,30,12,18
6867,Unseenzblack,tichondrius,1141,evoker,devastation,18,12,6
6868,Zippityzoom,barthilas,1139,evoker,devastation,36,15,21
6869,Dinnkyion,dalaran,1138,evoker,devastation,24,12,12
6870,Midyr,nemesis,1137,evoker,devastation,24,15,9
6871,Dragonbranch,area-52,1133,evoker,devastation,24,12,12
6872,Loginplease,frostmourne,1123,evoker,devastation,50,20,30
6873,Yiserion,sargeras,1114,evoker,devastation,30,15,15
6874,Draconicus,bonechewer,1107,evoker,devastation,50,20,30
6875,Zitasanazen,tichondrius,1107,evoker,devastation,64,25,39
6876,Crymor,lethon,1099,evoker,devastation,30,16,14
6877,Madelines,tichondrius,1097,evoker,devastation,24,13,11
6878,Byäkuyá,azralon,1091,evoker,devastation,41,21,20
6879,Drogan,demon-soul,1090,evoker,devastation,48,25,23
6880,Zhannecgos,moon-guard,1087,evoker,devastation,28,12,16
6881,Prevocker,sargeras,1082,evoker,devastation,26,12,14
6882,Erizcdraa,tichondrius,1069,evoker,devastation,19,12,7
6883,Aktas,illidan,1063,evoker,devastation,28,12,16
6884,Yousurper,thunderlord,1058,evoker,devastation,24,13,11
6885,Devokèr,tichondrius,1056,evoker,devastation,24,11,13
6886,Hydroponicsz,bloodscalp,1055,evoker,devastation,24,11,13
6887,Kubus,emerald-dream,1054,evoker,devastation,18,11,7
6888,Tagzy,tichondrius,1050,evoker,devastation,18,11,7
6889,Warhammerxx,tichondrius,1050,evoker,devastation,42,14,28
6890,Eìdolon,sargeras,1049,evoker,devastation,18,11,7
6891,Howtew,jubeithos,1048,evoker,devastation,18,11,7
6892,Kjerne,stormrage,1046,evoker,devastation,18,11,7
6893,Sübjugador,azralon,1042,evoker,devastation,30,20,10
6894,Bhalaria,ragnaros,1042,evoker,devastation,30,11,19
6895,Valentis,bleeding-hollow,1041,evoker,devastation,24,11,13
6896,Visron,stormrage,1039,evoker,devastation,41,25,16
6897,Drögón,stormrage,1038,evoker,devastation,24,16,8
6898,Aydetal,eonar,1037,evoker,devastation,30,11,19
6899,Herikas,tichondrius,1028,evoker,devastation,60,32,28
6900,Zenasatral,sargeras,1007,evoker,devastation,17,11,6
6901,Culture,khazgoroth,1006,evoker,devastation,15,11,4
6902,Dragongrim,silvermoon,986,evoker,devastation,30,14,16
6903,Zlolykcir,malganis,962,evoker,devastation,22,12,10
6904,Kazrekan,moon-guard,960,evoker,devastation,18,10,8
6905,Cmiygl,proudmoore,959,evoker,devastation,12,10,2
6906,Ackreshanaz,nagrand,959,evoker,devastation,18,10,8
6907,Xeerus,stormreaver,959,evoker,devastation,18,10,8
6908,Spicyrooster,area-52,959,evoker,devastation,18,10,8
6909,Runescape,altar-of-storms,959,evoker,devastation,24,10,14
6910,Flapples,stormrage,958,evoker,devastation,24,10,14
6911,Vokezuì,sargeras,958,evoker,devastation,30,10,20
6912,Youdig,nazjatar,957,evoker,devastation,18,10,8
6913,Dragocser,drakkari,957,evoker,devastation,18,10,8
6914,Hochenblume,proudmoore,957,evoker,devastation,24,10,14
6915,Embarasi,moon-guard,956,evoker,devastation,24,10,14
6916,Malygoz,frostmourne,956,evoker,devastation,24,10,14
6917,Sinepbreath,bleeding-hollow,954,evoker,devastation,18,10,8
6918,Stolesom,emerald-dream,952,evoker,devastation,38,17,21
6919,Erling,duskwood,952,evoker,devastation,24,10,14
6920,Wizadsa,amanthul,951,evoker,devastation,12,10,2
6921,Loganvkr,illidan,950,evoker,devastation,18,10,8
6922,Fìg,wyrmrest-accord,948,evoker,devastation,18,10,8
6923,Jorlozthyr,ragnaros,948,evoker,devastation,24,10,14
6924,Escanorr,ghostlands,936,evoker,devastation,20,11,9
6925,Abaddragon,dalaran,926,evoker,devastation,23,10,13
6926,Salakhar,drakkari,924,evoker,devastation,14,11,3
6927,Alnuin,stormrage,918,evoker,devastation,72,25,47
6928,Drahconne,illidan,912,evoker,devastation,23,10,13
6929,Zyzzy,icecrown,910,evoker,devastation,15,10,5
6930,Ciana,black-dragonflight,902,evoker,devastation,38,19,19
6931,Lexgrossman,kelthuzad,874,evoker,devastation,25,10,15
6932,Kiserys,suramar,864,evoker,devastation,12,9,3
6933,Áspect,aegwynn,864,evoker,devastation,12,9,3
6934,Oracle,duskwood,864,evoker,devastation,12,9,3
6935,Gobananas,sargeras,864,evoker,devastation,12,9,3
6936,Orncen,emerald-dream,864,evoker,devastation,16,10,6
6937,Bumbaclot,illidan,864,evoker,devastation,18,9,9
6938,Todorøki,hyjal,864,evoker,devastation,18,9,9
6939,Dracaryz,blackhand,864,evoker,devastation,18,9,9
6940,Puffthemagic,lightnings-blade,864,evoker,devastation,18,9,9
6941,Nxnevo,tichondrius,863,evoker,devastation,18,9,9
6942,Siatrend,moon-guard,863,evoker,devastation,18,9,9
6943,Misik,frostwolf,863,evoker,devastation,18,9,9
6944,Thyatera,ragnaros,863,evoker,devastation,18,9,9
6945,Oatmealneil,bleeding-hollow,862,evoker,devastation,18,9,9
6946,Dailon,stormreaver,862,evoker,devastation,21,10,11
6947,Arath,zangarmarsh,862,evoker,devastation,30,14,16
6948,Teanie,tichondrius,861,evoker,devastation,18,9,9
6949,Nasath,arthas,861,evoker,devastation,18,9,9
6950,Zorashal,kiljaeden,860,evoker,devastation,12,9,3
6951,Keedrori,thrall,859,evoker,devastation,19,9,10
6952,Aelvina,moon-guard,857,evoker,devastation,24,9,15
6953,Furyíon,stormrage,855,evoker,devastation,12,9,3
6954,Tïtäm,area-52,846,evoker,devastation,17,9,8
6955,Neith,aerie-peak,846,evoker,devastation,23,9,14
6956,Rasec,moon-guard,843,evoker,devastation,20,9,11
6957,Zandrov,greymane,814,evoker,devastation,15,9,6
6958,Dvrk,frostmourne,812,evoker,devastation,17,9,8
6959,Gutterskank,illidan,793,evoker,devastation,17,9,8
6960,Chun,malganis,768,evoker,devastation,12,8,4
6961,Zeetash,illidan,768,evoker,devastation,12,8,4
6962,Dragonfarts,frostmourne,768,evoker,devastation,12,8,4
6963,Milkymike,uldum,768,evoker,devastation,12,8,4
6964,Crosis,azralon,768,evoker,devastation,18,8,10
6965,Taeloc,frostmourne,768,evoker,devastation,18,8,10
6966,Drsgme,dentarg,768,evoker,devastation,18,8,10
6967,Bently,bloodhoof,768,evoker,devastation,18,8,10
6968,Kiry,emerald-dream,768,evoker,devastation,18,8,10
6969,Pewpowdragon,malganis,767,evoker,devastation,12,8,4
6970,Dragontales,stormrage,767,evoker,devastation,12,8,4
6971,Growthyy,malganis,767,evoker,devastation,12,8,4
6972,Vermax,akama,767,evoker,devastation,18,8,10
6973,Crogosa,quelthalas,767,evoker,devastation,18,8,10
6974,Kozara,trollbane,767,evoker,devastation,18,8,10
6975,Rïvé,tichondrius,767,evoker,devastation,24,8,16
6976,Dawitchvoker,illidan,766,evoker,devastation,18,8,10
6977,Zlandicaar,area-52,766,evoker,devastation,18,8,10
6978,Zendrov,skywall,766,evoker,devastation,18,8,10
6979,Aaztra,whisperwind,765,evoker,devastation,12,8,4
6980,Skrillerv,frostmourne,765,evoker,devastation,18,8,10
6981,Archion,azgalor,764,evoker,devastation,24,8,16
6982,Redeyés,area-52,761,evoker,devastation,12,8,4
6983,Seletgos,quelthalas,761,evoker,devastation,24,8,16
6984,Detraa,illidan,754,evoker,devastation,12,8,4
6985,Onornun,magtheridon,718,evoker,devastation,17,8,9
6986,Raygos,nemesis,700,evoker,devastation,26,8,18
6987,Zhyrouvion,stormrage,699,evoker,devastation,17,8,9
6988,Rizzanomics,zuljin,672,evoker,devastation,12,7,5
6989,Koralia,wyrmrest-accord,672,evoker,devastation,12,7,5
6990,Axiomoixa,tichondrius,672,evoker,devastation,12,7,5
6991,Bryiona,proudmoore,672,evoker,devastation,12,7,5
6992,Vokr,area-52,672,evoker,devastation,12,7,5
6993,Dudeofdragon,illidan,672,evoker,devastation,12,7,5
6994,Lacadabeef,tichondrius,672,evoker,devastation,12,7,5
6995,Dragonherb,zuljin,672,evoker,devastation,12,7,5
6996,Serathrine,smolderthorn,672,evoker,devastation,12,7,5
6997,Écaille,dalaran,672,evoker,devastation,15,8,7
6998,Komodolong,tichondrius,672,evoker,devastation,16,8,8
6999,Kinto,stormrage,672,evoker,devastation,24,7,17
7000,Razistzegrlz,illidan,672,evoker,devastation,24,7,17
7001,Xeretas,bleeding-hollow,671,evoker,devastation,12,7,5
7002,Glaurungr,ragnaros,671,evoker,devastation,12,7,5
7003,Mayhemvoker,rexxar,671,evoker,devastation,12,7,5
7004,Vexosza,moon-guard,671,evoker,devastation,12,7,5
7005,Krokuzan,ragnaros,671,evoker,devastation,12,7,5
7006,Gôdswrath,tichondrius,671,evoker,devastation,12,7,5
7007,Evokedx,area-52,671,evoker,devastation,12,7,5
7008,Whiegrath,azralon,671,evoker,devastation,12,7,5
7009,Karaxes,gorefiend,671,evoker,devastation,18,7,11
7010,Phatë,nerzhul,671,evoker,devastation,18,7,11
7011,Beastlysoul,tichondrius,670,evoker,devastation,12,7,5
7012,Setchagos,emerald-dream,670,evoker,devastation,12,7,5
7013,Nikeze,kiljaeden,670,evoker,devastation,18,7,11
7014,Lamperr,illidan,670,evoker,devastation,54,10,44
7015,Sleepeasy,blackrock,667,evoker,devastation,18,7,11
7016,Evilsquirel,area-52,666,evoker,devastation,12,7,5
7017,Popgoesurmom,tichondrius,662,evoker,devastation,12,7,5
7018,Rikfreedom,ragnaros,661,evoker,devastation,12,7,5
7019,Littleripper,tichondrius,658,evoker,devastation,12,7,5
7020,Drahkoo,azralon,623,evoker,devastation,15,7,8
7021,Neofarian,lightbringer,607,evoker,devastation,8,7,1
7022,Fuecoco,proudmoore,576,evoker,devastation,6,6,0
7023,Ilovepolpot,tichondrius,576,evoker,devastation,6,6,0
7024,Yellowker,thrall,576,evoker,devastation,6,6,0
7025,Dovå,moon-guard,576,evoker,devastation,6,6,0
7026,Coltist,elune,576,evoker,devastation,6,6,0
7027,Dracthyrius,thunderlord,576,evoker,devastation,12,6,6
7028,Dimatis,ragnaros,576,evoker,devastation,12,6,6
7029,Uncleìroh,tichondrius,576,evoker,devastation,12,6,6
7030,Glizard,firetree,576,evoker,devastation,12,6,6
7031,Sathregos,emerald-dream,576,evoker,devastation,12,6,6
7032,Zoomi,whisperwind,576,evoker,devastation,12,6,6
7033,Xm,emerald-dream,576,evoker,devastation,12,6,6
7034,Lardicønn,thrall,576,evoker,devastation,12,6,6
7035,Comepancito,quelthalas,576,evoker,devastation,12,6,6
7036,Chinesedragn,tichondrius,576,evoker,devastation,12,6,6
7037,Dragønbørne,blackrock,576,evoker,devastation,12,6,6
7038,Brakkarion,wyrmrest-accord,576,evoker,devastation,12,6,6
7039,Dafiya,thrall,576,evoker,devastation,12,6,6
7040,Iamtrash,daggerspine,576,evoker,devastation,12,6,6
7041,Dragonsteppz,aegwynn,576,evoker,devastation,12,6,6
7042,Bhanethyr,illidan,576,evoker,devastation,18,6,12
7043,Jwoker,malganis,576,evoker,devastation,18,6,12
7044,Krashbandico,zangarmarsh,576,evoker,devastation,18,6,12
7045,Azuria,lothar,575,evoker,devastation,6,6,0
7046,Dragonair,spinebreaker,575,evoker,devastation,12,6,6
7047,Nathenezital,frostmourne,575,evoker,devastation,12,6,6
7048,Avithori,borean-tundra,575,evoker,devastation,12,6,6
7049,Avastri,moon-guard,575,evoker,devastation,12,6,6
7050,Doombreath,ragnaros,575,evoker,devastation,12,6,6
7051,Børedom,burning-legion,575,evoker,devastation,12,6,6
7052,Rykuvokr,azuremyst,575,evoker,devastation,12,6,6
7053,Lòrdope,illidan,575,evoker,devastation,12,6,6
7054,Kozukimomo,area-52,575,evoker,devastation,21,7,14
7055,Vermáx,caelestrasz,574,evoker,devastation,12,6,6
7056,Dragonpete,whisperwind,574,evoker,devastation,12,6,6
7057,Snowdragon,azralon,574,evoker,devastation,12,6,6
7058,Acnøløgia,azralon,574,evoker,devastation,18,6,12
7059,Carloxd,tichondrius,574,evoker,devastation,24,6,18
7060,Noodleslut,stormrage,573,evoker,devastation,12,6,6
7061,Syndue,malganis,573,evoker,devastation,12,6,6
7062,Azuril,wyrmrest-accord,572,evoker,devastation,12,6,6
7063,Toephotos,tichondrius,558,evoker,devastation,17,6,11
7064,Lightaurae,thunderlord,556,evoker,devastation,30,6,24
7065,Blazor,sisters-of-elune,542,evoker,devastation,11,6,5
7066,Dragonbreaf,emerald-dream,527,evoker,devastation,11,6,5
7067,Zartolas,moon-guard,495,evoker,devastation,21,6,15
7068,Drakedrift,malganis,480,evoker,devastation,6,5,1
7069,Kharibdis,kul-tiras,480,evoker,devastation,6,5,1
7070,Gangbânk,tichondrius,480,evoker,devastation,6,5,1
7071,Khalt,quelthalas,480,evoker,devastation,6,5,1
7072,Vaelikai,korgath,480,evoker,devastation,6,5,1
7073,Iantern,dalaran,480,evoker,devastation,6,5,1
7074,Deezdragon,stormrage,480,evoker,devastation,12,5,7
7075,Meleyx,saurfang,480,evoker,devastation,12,5,7
7076,Nelthendros,moon-guard,480,evoker,devastation,12,5,7
7077,You,deathwing,480,evoker,devastation,12,5,7
7078,Kinndyvoker,sargeras,480,evoker,devastation,12,5,7
7079,Draehgor,hyjal,480,evoker,devastation,12,5,7
7080,Trillvoker,illidan,480,evoker,devastation,12,5,7
7081,Bazelgos,moon-guard,480,evoker,devastation,12,5,7
7082,Darkscale,haomarush,480,evoker,devastation,12,5,7
7083,Moltqt,tichondrius,480,evoker,devastation,12,5,7
7084,Nardleberry,wyrmrest-accord,480,evoker,devastation,12,5,7
7085,Kheeleesi,illidan,480,evoker,devastation,12,5,7
7086,Ryhu,sargeras,480,evoker,devastation,12,5,7
7087,Stælthßømbèr,baelgun,480,evoker,devastation,12,5,7
7088,Purplerocket,illidan,480,evoker,devastation,12,5,7
7089,Ackresh,executus,480,evoker,devastation,12,5,7
7090,Nethenezoth,auchindoun,480,evoker,devastation,12,5,7
7091,Dhcb,tichondrius,480,evoker,devastation,12,5,7
7092,Hemipenes,tichondrius,480,evoker,devastation,12,5,7
7093,Asatrat,greymane,480,evoker,devastation,12,5,7
7094,Glideoure,stonemaul,480,evoker,devastation,18,5,13
7095,Jugzxs,frostmourne,480,evoker,devastation,18,5,13
7096,Emsli,moon-guard,479,evoker,devastation,6,5,1
7097,Dedderion,zuljin,479,evoker,devastation,12,5,7
7098,Krefugee,tichondrius,479,evoker,devastation,12,5,7
7099,Historius,proudmoore,479,evoker,devastation,12,5,7
7100,Scalesun,azralon,479,evoker,devastation,12,5,7
7101,Lorathyr,lothar,479,evoker,devastation,12,5,7
7102,Drakonyx,mugthol,479,evoker,devastation,18,5,13
7103,Nathrach,wyrmrest-accord,477,evoker,devastation,6,5,1
7104,Sandrov,kaelthas,477,evoker,devastation,12,5,7
7105,Pouncer,proudmoore,473,evoker,devastation,14,5,9
7106,Zzae,tichondrius,432,evoker,devastation,15,5,10
7107,Vhagarius,tichondrius,432,evoker,devastation,15,5,10
7108,Durijus,tichondrius,426,evoker,devastation,17,7,10
7109,Kosstro,thunderlord,398,evoker,devastation,10,5,5
7110,Bodytypetwo,area-52,384,evoker,devastation,6,4,2
7111,Machaflux,winterhoof,384,evoker,devastation,6,4,2
7112,Lizardgodtko,tichondrius,384,evoker,devastation,6,4,2
7113,Seaserpent,kelthuzad,384,evoker,devastation,6,4,2
7114,Jarzilla,illidan,384,evoker,devastation,6,4,2
7115,Draisin,zuljin,384,evoker,devastation,6,4,2
7116,Shenròn,kelthuzad,384,evoker,devastation,6,4,2
7117,Whinks,zangarmarsh,384,evoker,devastation,6,4,2
7118,Docevoker,tichondrius,384,evoker,devastation,6,4,2
7119,Deathraux,tichondrius,384,evoker,devastation,6,4,2
7120,Biscotti,illidan,384,evoker,devastation,6,4,2
7121,Testzvoker,dalaran,384,evoker,devastation,6,4,2
7122,Bmbo,illidan,384,evoker,devastation,6,4,2
7123,Nishalethen,moon-guard,384,evoker,devastation,6,4,2
7124,Qfyre,frostmourne,384,evoker,devastation,6,4,2
7125,Jgdragon,sargeras,384,evoker,devastation,6,4,2
7126,Atraxian,tichondrius,384,evoker,devastation,6,4,2
7127,Dragonsbgay,stormrage,384,evoker,devastation,6,4,2
7128,Kaidoxuchihv,ragnaros,384,evoker,devastation,6,4,2
7129,Mushú,archimonde,384,evoker,devastation,6,4,2
7130,Nysian,wyrmrest-accord,384,evoker,devastation,6,4,2
7131,Raikori,ragnaros,384,evoker,devastation,6,4,2
7132,Jenovi,tichondrius,384,evoker,devastation,6,4,2
7133,Dukä,dalaran,384,evoker,devastation,9,5,4
7134,Lindrak,azralon,384,evoker,devastation,12,4,8
7135,Nitalzith,area-52,384,evoker,devastation,12,4,8
7136,Baddrakthyr,moon-guard,384,evoker,devastation,12,4,8
7137,Dragonballer,trollbane,384,evoker,devastation,12,4,8
7138,Rizzlordx,bleeding-hollow,384,evoker,devastation,12,4,8
7139,Muppetgronk,frostmourne,384,evoker,devastation,12,4,8
7140,Tinà,tichondrius,384,evoker,devastation,12,4,8
7141,Idiotlizard,stormrage,384,evoker,devastation,12,4,8
7142,Lukamagik,boulderfist,384,evoker,devastation,12,4,8
7143,Thnake,zuljin,384,evoker,devastation,12,4,8
7144,Dragostephen,nazjatar,384,evoker,devastation,12,4,8
7145,Alragos,ragnaros,384,evoker,devastation,12,4,8
7146,Taylordra,tichondrius,384,evoker,devastation,12,4,8
7147,Slitherin,dalaran,384,evoker,devastation,12,4,8
7148,Butta,darkspear,384,evoker,devastation,12,4,8
7149,Alligatorz,sargeras,384,evoker,devastation,12,4,8
7150,Smacktoch,sargeras,384,evoker,devastation,12,4,8
7151,Kendrac,wyrmrest-accord,384,evoker,devastation,12,4,8
7152,Devåståtion,tichondrius,384,evoker,devastation,12,4,8
7153,Dragonstonks,moon-guard,384,evoker,devastation,12,4,8
7154,Munichho,spirestone,384,evoker,devastation,18,4,14
7155,Paycussy,sargeras,383,evoker,devastation,6,4,2
7156,Pläid,azuremyst,383,evoker,devastation,6,4,2
7157,Rysonda,tichondrius,383,evoker,devastation,6,4,2
7158,Dinossauro,stormrage,383,evoker,devastation,6,4,2
7159,Mmanigoldo,quelthalas,383,evoker,devastation,12,4,8
7160,Ezath,zuljin,383,evoker,devastation,12,4,8
7161,Bagelsaurus,tichondrius,383,evoker,devastation,12,4,8
7162,Dragkon,azuremyst,383,evoker,devastation,16,5,11
7163,Pyrepapi,thrall,352,evoker,devastation,10,4,6
7164,Serazenoth,area-52,336,evoker,devastation,9,4,5
7165,Acindor,stormrage,335,evoker,devastation,11,4,7
7166,Carrnedge,area-52,319,evoker,devastation,5,4,1
7167,Inferna,ysera,288,evoker,devastation,6,3,3
7168,Saintpablox,illidan,288,evoker,devastation,6,3,3
7169,Galakrond,black-dragonflight,288,evoker,devastation,6,3,3
7170,Drussyboy,illidan,288,evoker,devastation,6,3,3
7171,Nuttutted,emerald-dream,288,evoker,devastation,6,3,3
7172,Yousmokemids,frostwolf,288,evoker,devastation,6,3,3
7173,Avasd,area-52,288,evoker,devastation,6,3,3
7174,Lamdyn,wyrmrest-accord,288,evoker,devastation,6,3,3
7175,Platypus,tichondrius,288,evoker,devastation,6,3,3
7176,Dragbod,korgath,288,evoker,devastation,6,3,3
7177,Liekki,illidan,288,evoker,devastation,6,3,3
7178,Shennron,darkspear,288,evoker,devastation,6,3,3
7179,Deewey,sargeras,288,evoker,devastation,6,3,3
7180,Kettor,kelthuzad,288,evoker,devastation,6,3,3
7181,Skeye,malganis,288,evoker,devastation,6,3,3
7182,Rhÿu,quelthalas,288,evoker,devastation,6,3,3
7183,Kulrainor,drakkari,288,evoker,devastation,6,3,3
7184,Vallath,zuljin,288,evoker,devastation,6,3,3
7185,Torakk,ravencrest,288,evoker,devastation,6,3,3
7186,Acnølogia,stormrage,288,evoker,devastation,6,3,3
7187,Aomend,stormrage,288,evoker,devastation,6,3,3
7188,Dreamfyrexi,thrall,288,evoker,devastation,6,3,3
7189,Hausebat,aegwynn,288,evoker,devastation,6,3,3
7190,Madjeckyl,dalaran,288,evoker,devastation,6,3,3
7191,Drakhaz,azralon,288,evoker,devastation,6,3,3
7192,Granolajin,ragnaros,288,evoker,devastation,6,3,3
7193,Êsh,lightbringer,288,evoker,devastation,6,3,3
7194,Scyyterr,azralon,288,evoker,devastation,6,3,3
7195,Jakarn,moon-guard,288,evoker,devastation,6,3,3
7196,Baddrake,moon-guard,288,evoker,devastation,6,3,3
7197,Aegontargary,azralon,288,evoker,devastation,6,3,3
7198,Dragoom,saurfang,288,evoker,devastation,6,3,3
7199,Viverion,dalaran,288,evoker,devastation,10,4,6
7200,Taegon,area-52,288,evoker,devastation,10,4,6
7201,Nyldra,area-52,288,evoker,devastation,8,3,5
7202,Ashenoth,antonidas,288,evoker,devastation,12,3,9
7203,Healmeta,sargeras,288,evoker,devastation,12,3,9
7204,Talonsong,wyrmrest-accord,288,evoker,devastation,12,3,9
7205,Enserio,stormrage,288,evoker,devastation,12,3,9
7206,Fukhur,ragnaros,287,evoker,devastation,6,3,3
7207,Zeralzin,aerie-peak,287,evoker,devastation,6,3,3
7208,Fortwonty,thrall,287,evoker,devastation,6,3,3
7209,Pzyko,ragnaros,287,evoker,devastation,6,3,3
7210,Myvrth,windrunner,287,evoker,devastation,12,3,9
7211,Kilnarx,uldaman,286,evoker,devastation,6,3,3
7212,Aratre,daggerspine,285,evoker,devastation,24,3,21
7213,Ghorin,akama,240,evoker,devastation,9,3,6
7214,Panicnodisco,zuljin,239,evoker,devastation,5,3,2
7215,Cowboyydann,malganis,239,evoker,devastation,5,3,2
7216,Trrxx,tichondrius,224,evoker,devastation,10,3,7
7217,Ralzital,auchindoun,192,evoker,devastation,6,2,4
7218,Desdinova,tortheldrin,192,evoker,devastation,6,2,4
7219,Magnito,thorium-brotherhood,192,evoker,devastation,6,2,4
7220,Usulamili,stormrage,192,evoker,devastation,6,2,4
7221,Ilithiphobia,ghostlands,192,evoker,devastation,6,2,4
7222,Slydawg,amanthul,192,evoker,devastation,6,2,4
7223,Mtndewboy,illidan,192,evoker,devastation,6,2,4
7224,Freddragon,illidan,192,evoker,devastation,6,2,4
7225,Lightbeing,nazjatar,192,evoker,devastation,6,2,4
7226,Dixb,illidan,192,evoker,devastation,6,2,4
7227,Dokthyr,lightbringer,192,evoker,devastation,6,2,4
7228,Racovoker,zuljin,192,evoker,devastation,6,2,4
7229,Puffed,frostmourne,192,evoker,devastation,6,2,4
7230,Kazervish,wyrmrest-accord,192,evoker,devastation,6,2,4
7231,Nyaraoorun,uther,192,evoker,devastation,6,2,4
7232,Saxthyr,stormreaver,192,evoker,devastation,6,2,4
7233,Tasdaral,tichondrius,192,evoker,devastation,6,2,4
7234,Selocky,bleeding-hollow,192,evoker,devastation,6,2,4
7235,Analogies,stormrage,192,evoker,devastation,6,2,4
7236,Grawlix,stormreaver,192,evoker,devastation,6,2,4
7237,Acade,tichondrius,192,evoker,devastation,6,2,4
7238,Genderboy,tichondrius,192,evoker,devastation,6,2,4
7239,Aralzit,tichondrius,192,evoker,devastation,6,2,4
7240,Rebuk,area-52,192,evoker,devastation,6,2,4
7241,Chriszilla,tichondrius,192,evoker,devastation,6,2,4
7242,Vikings,madoran,192,evoker,devastation,6,2,4
7243,Paindragon,tol-barad,192,evoker,devastation,6,2,4
7244,Wse,illidan,192,evoker,devastation,6,2,4
7245,Siatren,shadowmoon,192,evoker,devastation,6,2,4
7246,Atreign,blackwing-lair,192,evoker,devastation,6,2,4
7247,Dragonkings,tichondrius,192,evoker,devastation,6,2,4
7248,Draketyr,area-52,192,evoker,devastation,6,2,4
7249,Darazen,scarlet-crusade,192,evoker,devastation,6,2,4
7250,Mattykanish,illidan,192,evoker,devastation,6,2,4
7251,Dragonsand,area-52,192,evoker,devastation,6,2,4
7252,Yalena,illidan,192,evoker,devastation,6,2,4
7253,Broconian,zuljin,192,evoker,devastation,6,2,4
7254,Daraz,tichondrius,192,evoker,devastation,6,2,4
7255,Dunkinonem,black-dragonflight,192,evoker,devastation,6,2,4
7256,Takhysis,frostmourne,192,evoker,devastation,6,2,4
7257,Parachutes,kelthuzad,192,evoker,devastation,6,2,4
7258,Theyevokbuda,kelthuzad,192,evoker,devastation,6,2,4
7259,Faahrad,azralon,192,evoker,devastation,6,2,4
7260,Ytq,tichondrius,192,evoker,devastation,6,2,4
7261,Lostplanet,drakkari,192,evoker,devastation,6,2,4
7262,Vermithõr,ragnaros,192,evoker,devastation,6,2,4
7263,Tylexstranza,malganis,192,evoker,devastation,6,2,4
7264,Daemon,terokkar,192,evoker,devastation,6,2,4
7265,Doldorrii,terenas,192,evoker,devastation,6,2,4
7266,Joesount,frostmourne,192,evoker,devastation,6,2,4
7267,Actïoncat,emerald-dream,192,evoker,devastation,6,2,4
7268,Noxidian,moon-guard,192,evoker,devastation,6,2,4
7269,Nitalash,moon-guard,192,evoker,devastation,6,2,4
7270,Kímbah,emerald-dream,192,evoker,devastation,6,2,4
7271,Cyromancerr,illidan,192,evoker,devastation,8,2,6
7272,Sørrøw,blades-edge,192,evoker,devastation,18,2,16
7273,Dracalis,thrall,191,evoker,devastation,6,2,4
7274,Fearmybreath,stormrage,179,evoker,devastation,16,5,11
7275,Batwig,tichondrius,159,evoker,devastation,5,2,3
7276,Goongdi,tichondrius,159,evoker,devastation,5,2,3
7277,Tevvez,moon-guard,159,evoker,devastation,5,2,3
7278,Deathflamee,emerald-dream,138,evoker,devastation,12,3,9
7279,Shunkagosa,frostmourne,128,evoker,devastation,4,2,2
7280,Vïtmercon,frostmourne,128,evoker,devastation,4,2,2
7281,Booniejimbob,illidan,128,evoker,devastation,4,2,2
7282,Eleechee,magtheridon,128,evoker,devastation,4,2,2
7283,Vormontis,azralon,112,evoker,devastation,7,2,5
7284,Emoker,magtheridon,112,evoker,devastation,7,2,5
7285,Gavstarz,frostmourne,96,evoker,devastation,3,2,1
7286,Tugmapvpean,kelthuzad,96,evoker,devastation,3,2,1
7287,Grafixx,sargeras,96,evoker,devastation,3,2,1
7288,Batterypowa,frostmourne,96,evoker,devastation,6,1,5
7289,Zinderaz,runetotem,96,evoker,devastation,6,1,5
7290,Lucià,thrall,96,evoker,devastation,6,1,5
7291,Erathiss,wyrmrest-accord,96,evoker,devastation,6,1,5
7292,Gamerwords,barthilas,96,evoker,devastation,6,1,5
7293,Charrio,illidan,96,evoker,devastation,6,1,5
7294,Asui,senjin,96,evoker,devastation,6,1,5
7295,Squirtmcgoo,stormrage,96,evoker,devastation,6,1,5
7296,Aoibae,frostmourne,96,evoker,devastation,6,1,5
7297,Ackonstraza,frostmourne,96,evoker,devastation,6,1,5
7298,Ðrac,bleeding-hollow,96,evoker,devastation,6,1,5
7299,Dracoi,illidan,96,evoker,devastation,6,1,5
7300,Warchad,stormrage,96,evoker,devastation,6,1,5
7301,Koopa,malygos,96,evoker,devastation,6,1,5
7302,Ojigi,sargeras,96,evoker,devastation,6,1,5
7303,Shintrax,ragnaros,96,evoker,devastation,6,1,5
7304,Yongyang,tichondrius,96,evoker,devastation,6,1,5
7305,Zealagon,ragnaros,96,evoker,devastation,6,1,5
7306,Fígment,tichondrius,96,evoker,devastation,6,1,5
7307,Terraxkhan,quelthalas,96,evoker,devastation,6,1,5
7308,Modenzu,malganis,96,evoker,devastation,6,1,5
7309,Cuarta,drakkari,96,evoker,devastation,6,1,5
7310,Carnosaur,lightbringer,96,evoker,devastation,12,1,11
7311,Ysondrius,durotan,96,evoker,devastation,12,1,11
7312,Drapybaras,bleeding-hollow,96,evoker,devastation,12,1,11
7313,Bàkèd,illidan,79,evoker,devastation,5,1,4
7314,Zindrozarath,area-52,64,evoker,devastation,4,1,3
7315,Cerevok,area-52,64,evoker,devastation,4,1,3
7316,Nwo,shattered-hand,64,evoker,devastation,4,1,3
7317,Charlestrasz,hyjal,42,evoker,devastation,11,3,8
7318,Remisha,emerald-dream,2136,hunter,marksmanship,82,44,38
7319,Darkshady,tichondrius,2050,hunter,marksmanship,78,40,38
7320,Fuknhunter,kiljaeden,1980,hunter,marksmanship,95,51,44
7321,Dobarantu,tichondrius,1972,hunter,marksmanship,98,49,49
7322,Abolick,area-52,1965,hunter,marksmanship,108,55,53
7323,Globalcake,illidan,1902,hunter,marksmanship,79,43,36
7324,Iconvoked,sargeras,1898,hunter,marksmanship,124,68,56
7325,Rakan,spinebreaker,1884,hunter,marksmanship,54,33,21
7326,Bøl,ragnaros,1882,hunter,marksmanship,30,20,10
7327,Hokutox,tichondrius,1870,hunter,marksmanship,68,31,37
7328,Blackjesu,blackrock,1868,hunter,marksmanship,72,33,39
7329,Renaître,tichondrius,1866,hunter,marksmanship,120,57,63
7330,Squawkers,sargeras,1855,hunter,marksmanship,48,30,18
7331,Notnick,tichondrius,1833,hunter,marksmanship,72,34,38
7332,Hâwkêyê,thrall,1827,hunter,marksmanship,48,22,26
7333,Hrafn,illidan,1813,hunter,marksmanship,54,28,26
7334,Colada,malganis,1813,hunter,marksmanship,72,34,38
7335,Bosshunter,tichondrius,1810,hunter,marksmanship,86,43,43
7336,Nishinos,tichondrius,1808,hunter,marksmanship,183,88,95
7337,Undeadroach,tichondrius,1806,hunter,marksmanship,107,51,56
7338,Deutêr,quelthalas,1801,hunter,marksmanship,60,32,28
7339,Drasen,deathwing,1778,hunter,marksmanship,48,27,21
7340,Hagadinn,frostmourne,1765,hunter,marksmanship,48,21,27
7341,Rendel,drakkari,1765,hunter,marksmanship,60,25,35
7342,Boquiinha,stormrage,1730,hunter,marksmanship,84,42,42
7343,Kristemis,thrall,1727,hunter,marksmanship,42,23,19
7344,Somethinggo,tichondrius,1720,hunter,marksmanship,83,47,36
7345,Papiskrill,staghelm,1719,hunter,marksmanship,58,31,27
7346,Kkoduckk,tichondrius,1715,hunter,marksmanship,30,19,11
7347,Dolcece,tichondrius,1713,hunter,marksmanship,48,24,24
7348,Shawtytraps,tichondrius,1710,hunter,marksmanship,119,49,70
7349,Kensho,illidan,1699,hunter,marksmanship,24,18,6
7350,Alyywn,tichondrius,1695,hunter,marksmanship,94,43,51
7351,Onemøreshot,bleeding-hollow,1691,hunter,marksmanship,54,31,23
7352,Easynightjr,bleeding-hollow,1680,hunter,marksmanship,213,113,100
7353,Killatrap,malganis,1677,hunter,marksmanship,42,23,19
7354,Preze,moon-guard,1674,hunter,marksmanship,45,25,20
7355,Ingrutamig,tichondrius,1672,hunter,marksmanship,48,23,25
7356,Heädshöt,malorne,1672,hunter,marksmanship,66,31,35
7357,Tassili,illidan,1666,hunter,marksmanship,60,23,37
7358,Blungo,azralon,1657,hunter,marksmanship,42,20,22
7359,Tropic,proudmoore,1655,hunter,marksmanship,62,24,38
7360,Quickitty,proudmoore,1648,hunter,marksmanship,54,25,29
7361,Dummorogh,stormrage,1634,hunter,marksmanship,84,41,43
7362,Bigpie,daggerspine,1628,hunter,marksmanship,59,37,22
7363,Taylormadae,frostmourne,1627,hunter,marksmanship,66,37,29
7364,Hmh,burning-legion,1627,hunter,marksmanship,113,58,55
7365,Onemoreshot,bleeding-hollow,1625,hunter,marksmanship,98,44,54
7366,Arjunå,sargeras,1621,hunter,marksmanship,101,56,45
7367,Alansho,tichondrius,1618,hunter,marksmanship,53,20,33
7368,Johaylon,sargeras,1616,hunter,marksmanship,42,19,23
7369,Dezertpower,sargeras,1613,hunter,marksmanship,36,20,16
7370,Shotashot,area-52,1612,hunter,marksmanship,36,17,19
7371,Wildder,area-52,1609,hunter,marksmanship,56,31,25
7372,Latesummer,tichondrius,1609,hunter,marksmanship,42,21,21
7373,Jubiscleudo,azralon,1609,hunter,marksmanship,53,23,30
7374,Evaelfi,illidan,1605,hunter,marksmanship,40,17,23
7375,Dienasty,zuljin,1601,hunter,marksmanship,30,21,9
7376,Aymas,sargeras,1598,hunter,marksmanship,77,39,38
7377,Snìpershot,sargeras,1596,hunter,marksmanship,31,19,12
7378,Odin,goldrinn,1588,hunter,marksmanship,57,27,30
7379,Crounzz,sargeras,1579,hunter,marksmanship,39,20,19
7380,Mambothehunt,stormrage,1566,hunter,marksmanship,36,21,15
7381,Stimpblimp,jubeithos,1563,hunter,marksmanship,48,19,29
7382,Amyrkvothe,ragnaros,1561,hunter,marksmanship,42,19,23
7383,Shotsphodays,sargeras,1558,hunter,marksmanship,72,37,35
7384,Rampagez,tichondrius,1555,hunter,marksmanship,36,19,17
7385,Luchadoris,malganis,1552,hunter,marksmanship,60,30,30
7386,Insanedabz,tichondrius,1540,hunter,marksmanship,66,33,33
7387,Cyrsmen,ragnaros,1537,hunter,marksmanship,57,28,29
7388,Arrowslol,stormrage,1537,hunter,marksmanship,48,23,25
7389,Huntncheekz,kelthuzad,1534,hunter,marksmanship,76,38,38
7390,Metalgear,icecrown,1533,hunter,marksmanship,66,34,32
7391,Hitts,barthilas,1531,hunter,marksmanship,53,27,26
7392,Lixniqua,tichondrius,1529,hunter,marksmanship,51,27,24
7393,Lilbang,thrall,1529,hunter,marksmanship,42,19,23
7394,Acelol,proudmoore,1524,hunter,marksmanship,136,77,59
7395,Elfymcelf,arthas,1520,hunter,marksmanship,84,39,45
7396,Lsily,tichondrius,1519,hunter,marksmanship,36,16,20
7397,Undien,area-52,1509,hunter,marksmanship,30,16,14
7398,Rïve,tichondrius,1504,hunter,marksmanship,36,17,19
7399,Marshen,zuljin,1503,hunter,marksmanship,36,17,19
7400,Baixiaochu,area-52,1502,hunter,marksmanship,69,32,37
7401,Kronicbeast,bleeding-hollow,1498,hunter,marksmanship,66,32,34
7402,Bertimus,sargeras,1498,hunter,marksmanship,42,17,25
7403,Braxigarr,area-52,1496,hunter,marksmanship,167,85,82
7404,Xcisiion,nagrand,1495,hunter,marksmanship,40,23,17
7405,Chï,zuljin,1495,hunter,marksmanship,91,48,43
7406,Papacohen,stormrage,1495,hunter,marksmanship,45,22,23
7407,Lildex,demon-soul,1494,hunter,marksmanship,30,18,12
7408,Jotosalsa,blackrock,1494,hunter,marksmanship,48,26,22
7409,Esler,quelthalas,1489,hunter,marksmanship,42,22,20
7410,Windrein,ysondre,1475,hunter,marksmanship,48,20,28
7411,Scourgesurge,kiljaeden,1470,hunter,marksmanship,42,21,21
7412,Sagadegêmeos,stormrage,1465,hunter,marksmanship,48,16,32
7413,Joshmckin,area-52,1464,hunter,marksmanship,76,35,41
7414,Gretress,azralon,1461,hunter,marksmanship,54,20,34
7415,Vibøra,stormrage,1447,hunter,marksmanship,72,30,42
7416,Hemathios,drakkari,1442,hunter,marksmanship,50,21,29
7417,Imvalence,area-52,1437,hunter,marksmanship,36,15,21
7418,Hurstt,kelthuzad,1434,hunter,marksmanship,44,24,20
7419,Adive,drakkari,1433,hunter,marksmanship,54,22,32
7420,Lewanker,zuljin,1429,hunter,marksmanship,36,20,16
7421,Lokuhzmarcus,goldrinn,1423,hunter,marksmanship,54,30,24
7422,Nelosi,shadowmoon,1423,hunter,marksmanship,36,16,20
7423,Leucis,cenarius,1420,hunter,marksmanship,18,15,3
7424,Hämhunter,stormrage,1415,hunter,marksmanship,24,16,8
7425,Boombob,sargeras,1415,hunter,marksmanship,47,21,26
7426,Aimz,zuluhed,1411,hunter,marksmanship,67,26,41
7427,Klannis,quelthalas,1409,hunter,marksmanship,42,19,23
7428,Malebolick,ragnaros,1409,hunter,marksmanship,59,25,34
7429,Ryukuzen,tichondrius,1409,hunter,marksmanship,36,15,21
7430,Pwnagraphic,barthilas,1407,hunter,marksmanship,64,25,39
7431,Voidmarksman,whisperwind,1404,hunter,marksmanship,49,30,19
7432,Pokcmvmxckm,senjin,1403,hunter,marksmanship,60,31,29
7433,Automatic,illidan,1402,hunter,marksmanship,42,19,23
7434,Gnomorecum,kiljaeden,1394,hunter,marksmanship,21,16,5
7435,Ashx,khazgoroth,1392,hunter,marksmanship,30,15,15
7436,Insulin,moonrunner,1390,hunter,marksmanship,36,17,19
7437,Rockenrique,nemesis,1390,hunter,marksmanship,36,16,20
7438,Mèseeks,bleeding-hollow,1388,hunter,marksmanship,24,15,9
7439,ßeãst,bladefist,1387,hunter,marksmanship,24,16,8
7440,Maia,frostwolf,1387,hunter,marksmanship,36,15,21
7441,Dynith,sargeras,1385,hunter,marksmanship,29,15,14
7442,Lowlore,moon-guard,1376,hunter,marksmanship,74,38,36
7443,Húntingarrow,area-52,1373,hunter,marksmanship,72,36,36
7444,Leshwi,ragnaros,1370,hunter,marksmanship,47,23,24
7445,Chokemescara,stormrage,1364,hunter,marksmanship,36,16,20
7446,Jumaanji,gurubashi,1362,hunter,marksmanship,70,36,34
7447,Bowinc,greymane,1357,hunter,marksmanship,24,15,9
7448,Benme,illidan,1357,hunter,marksmanship,162,73,89
7449,Pleyadez,drakkari,1356,hunter,marksmanship,42,24,18
7450,Cashhapp,zuljin,1355,hunter,marksmanship,102,51,51
7451,Staticarrow,norgannon,1354,hunter,marksmanship,36,15,21
7452,Watchmanjoe,grizzly-hills,1350,hunter,marksmanship,54,30,24
7453,Kyukon,illidan,1345,hunter,marksmanship,36,18,18
7454,Diisdik,tichondrius,1344,hunter,marksmanship,51,23,28
7455,Explosief,area-52,1341,hunter,marksmanship,30,16,14
7456,Zumago,tichondrius,1338,hunter,marksmanship,30,14,16
7457,Toniic,moon-guard,1337,hunter,marksmanship,54,33,21
7458,Orgpopeyes,illidan,1336,hunter,marksmanship,24,14,10
7459,Dvei,silvermoon,1336,hunter,marksmanship,57,25,32
7460,Thebweh,ragnaros,1331,hunter,marksmanship,30,14,16
7461,Hukkx,kalecgos,1325,hunter,marksmanship,38,16,22
7462,Grands,tortheldrin,1321,hunter,marksmanship,30,14,16
7463,Gstring,kelthuzad,1320,hunter,marksmanship,66,28,38
7464,Tristiae,stormrage,1319,hunter,marksmanship,65,35,30
7465,Dracõ,proudmoore,1319,hunter,marksmanship,36,14,22
7466,Péppérmínt,korgath,1318,hunter,marksmanship,22,15,7
7467,Blackhuntr,garona,1318,hunter,marksmanship,48,26,22
7468,Dogezandalar,illidan,1317,hunter,marksmanship,40,18,22
7469,Ripmytoast,chogall,1315,hunter,marksmanship,74,46,28
7470,Hötdôg,kiljaeden,1315,hunter,marksmanship,30,14,16
7471,Ricas,malganis,1315,hunter,marksmanship,98,44,54
7472,Bojob,azgalor,1314,hunter,marksmanship,40,22,18
7473,Gromtheponch,area-52,1310,hunter,marksmanship,35,19,16
7474,Lukhas,moon-guard,1310,hunter,marksmanship,54,19,35
7475,Condorexe,illidan,1307,hunter,marksmanship,72,28,44
7476,Glediator,tichondrius,1299,hunter,marksmanship,48,21,27
7477,Celph,moon-guard,1299,hunter,marksmanship,48,20,28
7478,Markymarc,tichondrius,1294,hunter,marksmanship,35,14,21
7479,Duruainn,zuljin,1292,hunter,marksmanship,67,32,35
7480,Swolfp,tichondrius,1291,hunter,marksmanship,40,16,24
7481,Dnicee,stormrage,1288,hunter,marksmanship,24,18,6
7482,Shadowhokage,zuljin,1286,hunter,marksmanship,30,14,16
7483,Xephert,ragnaros,1280,hunter,marksmanship,36,17,19
7484,Rawrzy,sargeras,1278,hunter,marksmanship,29,14,15
7485,Sniperarmy,dalaran,1274,hunter,marksmanship,103,52,51
7486,Darylovejr,destromath,1274,hunter,marksmanship,38,16,22
7487,Sukr,korgath,1271,hunter,marksmanship,92,36,56
7488,Idiiot,sargeras,1268,hunter,marksmanship,38,19,19
7489,Seenobody,stormrage,1267,hunter,marksmanship,47,26,21
7490,Apaweclover,stormrage,1264,hunter,marksmanship,149,73,76
7491,Ëzy,frostmourne,1263,hunter,marksmanship,36,22,14
7492,Ssdslol,bleeding-hollow,1260,hunter,marksmanship,36,20,16
7493,Cloudbuck,aegwynn,1258,hunter,marksmanship,52,18,34
7494,Lightweight,kelthuzad,1257,hunter,marksmanship,47,22,25
7495,Jerybery,gundrak,1253,hunter,marksmanship,29,18,11
7496,Ärtémisa,quelthalas,1251,hunter,marksmanship,24,14,10
7497,Tánsøxøxø,tichondrius,1246,hunter,marksmanship,30,13,17
7498,Imperatrix,emerald-dream,1244,hunter,marksmanship,64,23,41
7499,Hoeswannafuk,stormrage,1243,hunter,marksmanship,24,13,11
7500,Vipermaster,azralon,1243,hunter,marksmanship,46,24,22
7501,Mizhu,ragnaros,1242,hunter,marksmanship,36,17,19
7502,Artemyzz,tichondrius,1241,hunter,marksmanship,24,13,11
7503,Mensrea,illidan,1240,hunter,marksmanship,35,22,13
7504,Rudekeef,illidan,1240,hunter,marksmanship,24,13,11
7505,Softhunter,tichondrius,1240,hunter,marksmanship,30,13,17
7506,Vergillx,ragnaros,1239,hunter,marksmanship,38,21,17
7507,Albe,azralon,1238,hunter,marksmanship,54,24,30
7508,Sootgarbage,sargeras,1235,hunter,marksmanship,18,13,5
7509,Pokeyourbutt,hydraxis,1235,hunter,marksmanship,24,13,11
7510,Killz,skullcrusher,1234,hunter,marksmanship,44,21,23
7511,Rocroc,gurubashi,1233,hunter,marksmanship,36,19,17
7512,Tóri,emerald-dream,1229,hunter,marksmanship,24,13,11
7513,Chikkynuggy,destromath,1228,hunter,marksmanship,33,14,19
7514,Realskinhead,terenas,1226,hunter,marksmanship,30,13,17
7515,Fuzzypjs,stormrage,1226,hunter,marksmanship,33,14,19
7516,Mezmore,thrall,1223,hunter,marksmanship,48,23,25
7517,Raneldar,proudmoore,1223,hunter,marksmanship,42,14,28
7518,Zock,lothar,1220,hunter,marksmanship,58,28,30
7519,Targetreaper,proudmoore,1215,hunter,marksmanship,24,13,11
7520,Puresport,hyjal,1212,hunter,marksmanship,24,13,11
7521,Azaz,khaz-modan,1211,hunter,marksmanship,30,13,17
7522,Mathund,gurubashi,1210,hunter,marksmanship,36,16,20
7523,Kritsu,tichondrius,1209,hunter,marksmanship,41,20,21
7524,Kalibah,azralon,1203,hunter,marksmanship,66,24,42
7525,Rekshot,amanthul,1202,hunter,marksmanship,96,42,54
7526,Valieev,black-dragonflight,1200,hunter,marksmanship,24,17,7
7527,Chainmaster,misha,1198,hunter,marksmanship,78,37,41
7528,Vinranya,sargeras,1194,hunter,marksmanship,75,34,41
7529,Cßo,tichondrius,1191,hunter,marksmanship,54,26,28
7530,Chaðs,amanthul,1190,hunter,marksmanship,39,21,18
7531,Kayzia,lightninghoof,1190,hunter,marksmanship,29,13,16
7532,Forthethrill,area-52,1187,hunter,marksmanship,45,24,21
7533,Oopsurtrappd,darkspear,1186,hunter,marksmanship,29,16,13
7534,Udietofast,illidan,1177,hunter,marksmanship,47,19,28
7535,Chïnchïlla,zuljin,1176,hunter,marksmanship,21,14,7
7536,Silverweaver,illidan,1174,hunter,marksmanship,30,15,15
7537,Aftërlyfe,tichondrius,1170,hunter,marksmanship,29,14,15
7538,Calî,stormscale,1167,hunter,marksmanship,24,13,11
7539,Ackzar,ragnaros,1166,hunter,marksmanship,51,27,24
7540,Cocobread,stormreaver,1161,hunter,marksmanship,36,13,23
7541,Oqqo,tichondrius,1158,hunter,marksmanship,39,17,22
7542,Ilovehippos,laughing-skull,1155,hunter,marksmanship,121,55,66
7543,Negãn,tichondrius,1151,hunter,marksmanship,24,12,12
7544,Hunterlist,frostmourne,1151,hunter,marksmanship,24,12,12
7545,Floozyfairy,daggerspine,1148,hunter,marksmanship,24,14,10
7546,Wìkkihx,emerald-dream,1148,hunter,marksmanship,24,12,12
7547,Gotchã,area-52,1146,hunter,marksmanship,18,12,6
7548,Rubinaldo,azralon,1145,hunter,marksmanship,24,12,12
7549,Gunther,korgath,1144,hunter,marksmanship,24,12,12
7550,Plopslopper,frostmourne,1142,hunter,marksmanship,24,12,12
7551,Inability,emerald-dream,1142,hunter,marksmanship,30,12,18
7552,Vhan,azralon,1133,hunter,marksmanship,44,19,25
7553,Uwuessy,illidan,1131,hunter,marksmanship,30,12,18
7554,Bigolhippy,frostmourne,1129,hunter,marksmanship,24,12,12
7555,Táká,quelthalas,1129,hunter,marksmanship,30,13,17
7556,Malkuri,medivh,1127,hunter,marksmanship,29,12,17
7557,Maxwel,sargeras,1125,hunter,marksmanship,127,64,63
7558,Banshee,frostmourne,1119,hunter,marksmanship,16,13,3
7559,Linedalina,wyrmrest-accord,1119,hunter,marksmanship,30,14,16
7560,Moüserat,moon-guard,1117,hunter,marksmanship,90,41,49
7561,Alindra,zuluhed,1116,hunter,marksmanship,42,15,27
7562,Wixyy,aegwynn,1114,hunter,marksmanship,58,23,35
7563,Gor,hyjal,1113,hunter,marksmanship,29,12,17
7564,Dathunterr,azralon,1111,hunter,marksmanship,23,12,11
7565,Grimbleneep,emerald-dream,1111,hunter,marksmanship,40,16,24
7566,Halibut,quelthalas,1106,hunter,marksmanship,47,25,22
7567,Bemaa,frostmourne,1106,hunter,marksmanship,42,21,21
7568,Rykár,kiljaeden,1106,hunter,marksmanship,24,12,12
7569,Veranir,nemesis,1091,hunter,marksmanship,98,49,49
7570,Malo,dragonmaw,1090,hunter,marksmanship,30,16,14
7571,Yadír,quelthalas,1088,hunter,marksmanship,42,17,25
7572,Angelacross,azralon,1087,hunter,marksmanship,48,23,25
7573,Lezzbow,tichondrius,1081,hunter,marksmanship,61,32,29
7574,Jamzlol,frostmourne,1080,hunter,marksmanship,21,13,8
7575,Bluecoral,frostmourne,1072,hunter,marksmanship,33,13,20
7576,Katebishop,nemesis,1071,hunter,marksmanship,22,12,10
7577,Hoboh,illidan,1064,hunter,marksmanship,28,13,15
7578,Thoopered,korgath,1062,hunter,marksmanship,65,33,32
7579,Baldor,stormrage,1061,hunter,marksmanship,48,19,29
7580,Piloks,gallywix,1058,hunter,marksmanship,36,17,19
7581,Gvjellybeans,tichondrius,1056,hunter,marksmanship,18,11,7
7582,Tren,blackrock,1056,hunter,marksmanship,18,11,7
7583,Ryutiz,fizzcrank,1056,hunter,marksmanship,30,11,19
7584,Surprisemfkr,emerald-dream,1055,hunter,marksmanship,18,11,7
7585,Silenciozzo,azralon,1055,hunter,marksmanship,36,15,21
7586,Redzic,tichondrius,1054,hunter,marksmanship,18,11,7
7587,Landon,lightnings-blade,1054,hunter,marksmanship,24,11,13
7588,Inktray,durotan,1054,hunter,marksmanship,30,11,19
7589,Zasnar,malganis,1053,hunter,marksmanship,24,11,13
7590,Longshánks,stormrage,1052,hunter,marksmanship,24,11,13
7591,Blimpbooty,stormrage,1050,hunter,marksmanship,24,11,13
7592,Ahegoface,frostmourne,1050,hunter,marksmanship,30,11,19
7593,Kalinor,cenarius,1049,hunter,marksmanship,36,17,19
7594,Balun,sargeras,1049,hunter,marksmanship,24,11,13
7595,Urtthel,stormrage,1047,hunter,marksmanship,18,11,7
7596,Torturekilla,bleeding-hollow,1047,hunter,marksmanship,42,22,20
7597,Vansatih,azralon,1047,hunter,marksmanship,66,27,39
7598,Reanivan,kiljaeden,1046,hunter,marksmanship,42,15,27
7599,Madogite,azralon,1041,hunter,marksmanship,48,29,19
7600,Corruptid,moon-guard,1039,hunter,marksmanship,18,11,7
7601,Porkerr,black-dragonflight,1038,hunter,marksmanship,42,22,20
7602,Yoimiya,thunderlord,1036,hunter,marksmanship,41,18,23
7603,Jetlinx,thrall,1031,hunter,marksmanship,18,11,7
7604,Clemenlemon,illidan,1029,hunter,marksmanship,18,11,7
7605,Vendortrash,aggramar,1029,hunter,marksmanship,24,12,12
7606,Wwing,frostwolf,1026,hunter,marksmanship,156,76,80
7607,Sugarboyy,darkspear,1026,hunter,marksmanship,24,11,13
7608,Kánnah,ragnaros,1025,hunter,marksmanship,95,47,48
7609,Balgair,hakkar,1019,hunter,marksmanship,40,22,18
7610,Shukucingjr,illidan,1015,hunter,marksmanship,39,23,16
7611,Triggaplease,jubeithos,1008,hunter,marksmanship,67,37,30
7612,Brenri,boulderfist,1006,hunter,marksmanship,24,13,11
7613,Smokabombom,eredar,1001,hunter,marksmanship,22,12,10
7614,Koonorc,dalaran,998,hunter,marksmanship,46,22,24
7615,Scottcrume,area-52,990,hunter,marksmanship,60,27,33
7616,Nelay,ragnaros,988,hunter,marksmanship,23,11,12
7617,Ritler,frostmourne,987,hunter,marksmanship,21,11,10
7618,Sumom,darrowmere,973,hunter,marksmanship,48,18,30
7619,Fourkayiv,azgalor,971,hunter,marksmanship,29,16,13
7620,Tiidkloul,illidan,968,hunter,marksmanship,18,12,6
7621,Ontarget,cairne,968,hunter,marksmanship,52,24,28
7622,Katnie,azralon,963,hunter,marksmanship,35,17,18
7623,Hanabanana,wyrmrest-accord,960,hunter,marksmanship,12,10,2
7624,Nainit,sargeras,960,hunter,marksmanship,18,10,8
7625,Goonsh,tichondrius,960,hunter,marksmanship,18,10,8
7626,Zota,frostmourne,960,hunter,marksmanship,18,10,8
7627,Taumelz,sargeras,960,hunter,marksmanship,24,10,14
7628,Supersaiyan,antonidas,960,hunter,marksmanship,24,10,14
7629,Sylvaa,tichondrius,960,hunter,marksmanship,30,10,20
7630,Bowflexen,illidan,959,hunter,marksmanship,18,10,8
7631,Drivebymac,tichondrius,958,hunter,marksmanship,24,10,14
7632,Lilnatty,area-52,958,hunter,marksmanship,27,11,16
7633,Dartháne,moon-guard,956,hunter,marksmanship,29,11,18
7634,Snewboy,malganis,954,hunter,marksmanship,18,10,8
7635,Hawkeyë,ragnaros,954,hunter,marksmanship,18,10,8
7636,Twist,burning-legion,953,hunter,marksmanship,12,10,2
7637,Skelyeelegno,perenolde,953,hunter,marksmanship,18,10,8
7638,Zettl,eredar,953,hunter,marksmanship,33,13,20
7639,Verdao,stormrage,952,hunter,marksmanship,30,10,20
7640,Birgite,stormrage,951,hunter,marksmanship,30,10,20
7641,Moonet,amanthul,948,hunter,marksmanship,18,10,8
7642,Vanhe,quelthalas,947,hunter,marksmanship,18,10,8
7643,Milktoker,tichondrius,947,hunter,marksmanship,24,10,14
7644,Yamanashi,black-dragonflight,945,hunter,marksmanship,96,48,48
7645,Lauannÿ,gallywix,944,hunter,marksmanship,106,49,57
7646,Zarely,frostmourne,932,hunter,marksmanship,24,10,14
7647,Kødran,stormrage,928,hunter,marksmanship,18,10,8
7648,Galaxxis,bonechewer,927,hunter,marksmanship,18,10,8
7649,Thundershots,tichondrius,927,hunter,marksmanship,62,23,39
7650,Huntercotoco,azralon,923,hunter,marksmanship,41,22,19
7651,Wael,perenolde,920,hunter,marksmanship,29,10,19
7652,Onehitrip,illidan,915,hunter,marksmanship,78,33,45
7653,Sunnimuffens,deathwing,906,hunter,marksmanship,23,10,13
7654,Nachtcloverr,stormrage,906,hunter,marksmanship,57,23,34
7655,Blaws,tichondrius,906,hunter,marksmanship,27,10,17
7656,Déadlyshot,tichondrius,900,hunter,marksmanship,77,36,41
7657,Brenogam,azralon,884,hunter,marksmanship,33,16,17
7658,Rödrigö,azralon,876,hunter,marksmanship,30,14,16
7659,Karazuba,ragnaros,865,hunter,marksmanship,89,33,56
7660,Comebacks,ragnaros,864,hunter,marksmanship,18,9,9
7661,Lely,tichondrius,864,hunter,marksmanship,18,9,9
7662,Eratichunt,illidan,864,hunter,marksmanship,18,9,9
7663,Oattes,daggerspine,864,hunter,marksmanship,18,9,9
7664,Drãgenox,quelthalas,864,hunter,marksmanship,24,9,15
7665,Keenz,frostmourne,864,hunter,marksmanship,24,9,15
7666,Ñðñdêsçrípt,frostmourne,864,hunter,marksmanship,24,9,15
7667,Hunghang,frostmourne,864,hunter,marksmanship,24,9,15
7668,Rambot,bleeding-hollow,863,hunter,marksmanship,12,9,3
7669,Topshotx,tichondrius,863,hunter,marksmanship,12,9,3
7670,Dayanier,ragnaros,863,hunter,marksmanship,18,9,9
7671,Dôntlosmebro,stormrage,863,hunter,marksmanship,18,9,9
7672,Ultrasj,malfurion,863,hunter,marksmanship,18,9,9
7673,Toowizeë,barthilas,863,hunter,marksmanship,18,9,9
7674,Torrthack,area-52,863,hunter,marksmanship,18,9,9
7675,Trapshawty,darkspear,863,hunter,marksmanship,18,9,9
7676,Nosmoke,kargath,863,hunter,marksmanship,24,9,15
7677,Crazyeasy,azshara,863,hunter,marksmanship,24,9,15
7678,Junglejam,elune,863,hunter,marksmanship,24,9,15
7679,Airpodpro,emerald-dream,862,hunter,marksmanship,12,9,3
7680,Syrach,area-52,862,hunter,marksmanship,18,9,9
7681,Audioannie,thrall,862,hunter,marksmanship,18,9,9
7682,Varrinda,wyrmrest-accord,862,hunter,marksmanship,24,9,15
7683,Junka,bleeding-hollow,860,hunter,marksmanship,18,9,9
7684,Loyalrely,tichondrius,859,hunter,marksmanship,18,9,9
7685,Tazent,moon-guard,859,hunter,marksmanship,18,9,9
7686,Coldhunger,uldum,857,hunter,marksmanship,12,9,3
7687,Lazygnome,azshara,856,hunter,marksmanship,14,9,5
7688,Trikshot,magtheridon,855,hunter,marksmanship,18,10,8
7689,Repotro,drakkari,851,hunter,marksmanship,30,9,21
7690,Avindal,greymane,850,hunter,marksmanship,18,9,9
7691,Nelandris,tichondrius,844,hunter,marksmanship,48,20,28
7692,Kazzanval,sargeras,843,hunter,marksmanship,18,9,9
7693,Zelanst,illidan,838,hunter,marksmanship,18,9,9
7694,Jzander,ragnaros,827,hunter,marksmanship,16,10,6
7695,Muggzzy,malygos,824,hunter,marksmanship,18,9,9
7696,Grànd,tortheldrin,814,hunter,marksmanship,17,9,8
7697,Kuramax,senjin,810,hunter,marksmanship,59,23,36
7698,Iamtotoro,area-52,809,hunter,marksmanship,28,9,19
7699,Desolateone,nazgrel,807,hunter,marksmanship,24,10,14
7700,Fian,lightnings-blade,797,hunter,marksmanship,22,9,13
7701,Myrfes,ragnaros,797,hunter,marksmanship,22,9,13
7702,Skyloss,illidan,775,hunter,marksmanship,42,12,30
7703,Ragshunt,stormrage,768,hunter,marksmanship,12,8,4
7704,Doves,wyrmrest-accord,768,hunter,marksmanship,12,8,4
7705,Ashx,nemesis,768,hunter,marksmanship,12,8,4
7706,Ladderpolice,tichondrius,768,hunter,marksmanship,15,9,6
7707,Achillez,bleeding-hollow,768,hunter,marksmanship,18,8,10
7708,Muerteaterry,ragnaros,768,hunter,marksmanship,18,8,10
7709,Czeroenjoyer,malganis,768,hunter,marksmanship,18,8,10
7710,Civvo,dalaran,768,hunter,marksmanship,24,8,16
7711,Soul,sargeras,768,hunter,marksmanship,24,8,16
7712,Woeisyou,stormrage,768,hunter,marksmanship,24,8,16
7713,Barrohunt,proudmoore,767,hunter,marksmanship,12,8,4
7714,Cimotsw,stormrage,767,hunter,marksmanship,12,8,4
7715,Booyakah,hyjal,767,hunter,marksmanship,12,8,4
7716,Gorîlla,sargeras,767,hunter,marksmanship,18,8,10
7717,Mensita,quelthalas,767,hunter,marksmanship,18,8,10
7718,Yory,tol-barad,767,hunter,marksmanship,18,8,10
7719,Vileplumè,stormrage,767,hunter,marksmanship,18,8,10
7720,Mariaassjx,ragnaros,767,hunter,marksmanship,18,8,10
7721,Cufless,proudmoore,767,hunter,marksmanship,18,8,10
7722,Grimcask,ragnaros,767,hunter,marksmanship,18,8,10
7723,Xtina,drakkari,767,hunter,marksmanship,18,8,10
7724,Ravanskull,burning-blade,767,hunter,marksmanship,18,8,10
7725,Saltz,tichondrius,766,hunter,marksmanship,12,8,4
7726,Juicyjams,moon-guard,766,hunter,marksmanship,12,8,4
7727,Ghudi,moon-guard,766,hunter,marksmanship,12,8,4
7728,Zèd,azralon,766,hunter,marksmanship,18,8,10
7729,Fëanora,quelthalas,766,hunter,marksmanship,18,8,10
7730,Raiku,aggramar,766,hunter,marksmanship,18,8,10
7731,Trochillidae,dragonmaw,766,hunter,marksmanship,18,8,10
7732,Ladright,altar-of-storms,766,hunter,marksmanship,18,8,10
7733,Picaubica,kiljaeden,766,hunter,marksmanship,24,8,16
7734,Deadalot,dalaran,765,hunter,marksmanship,12,8,4
7735,Silhouettes,barthilas,765,hunter,marksmanship,21,10,11
7736,Daahm,malganis,765,hunter,marksmanship,25,8,17
7737,Taynen,azralon,764,hunter,marksmanship,18,8,10
7738,Myciri,proudmoore,764,hunter,marksmanship,18,8,10
7739,Rattrap,proudmoore,763,hunter,marksmanship,24,8,16
7740,Buckethole,doomhammer,762,hunter,marksmanship,18,8,10
7741,Thisguÿ,arthas,762,hunter,marksmanship,18,8,10
7742,Enonoa,thunderlord,760,hunter,marksmanship,12,8,4
7743,Nightwatch,kelthuzad,753,hunter,marksmanship,12,8,4
7744,Huntercry,ragnaros,751,hunter,marksmanship,12,8,4
7745,Niceshotboi,azgalor,751,hunter,marksmanship,24,8,16
7746,Lynnì,khadgar,750,hunter,marksmanship,18,8,10
7747,Arshuntica,blackrock,750,hunter,marksmanship,18,8,10
7748,Xshadowdemon,korgath,749,hunter,marksmanship,12,8,4
7749,Alleessa,goldrinn,740,hunter,marksmanship,24,8,16
7750,Mackin,maelstrom,740,hunter,marksmanship,24,8,16
7751,Mikeangel,hydraxis,718,hunter,marksmanship,21,8,13
7752,Lookøut,moon-guard,713,hunter,marksmanship,32,10,22
7753,Andalora,malganis,703,hunter,marksmanship,11,8,3
7754,Llachiip,zuljin,702,hunter,marksmanship,17,9,8
7755,Fizzleshot,malganis,699,hunter,marksmanship,17,8,9
7756,Ehnub,stormrage,672,hunter,marksmanship,12,7,5
7757,Timmee,bleeding-hollow,672,hunter,marksmanship,12,7,5
7758,Enty,khazgoroth,672,hunter,marksmanship,12,7,5
7759,Kaznik,ragnaros,672,hunter,marksmanship,12,7,5
7760,Mms,frostmourne,672,hunter,marksmanship,12,7,5
7761,Hyrus,shadowmoon,672,hunter,marksmanship,12,7,5
7762,Mörgoth,quelthalas,672,hunter,marksmanship,12,7,5
7763,Keboks,alleria,672,hunter,marksmanship,12,7,5
7764,Kookh,area-52,672,hunter,marksmanship,12,7,5
7765,Shotmaster,tichondrius,672,hunter,marksmanship,12,7,5
7766,Mochaxd,stormrage,672,hunter,marksmanship,14,7,7
7767,Focusfire,khazgoroth,672,hunter,marksmanship,18,7,11
7768,Datbigbowdoe,illidan,672,hunter,marksmanship,24,7,17
7769,Twistedtawl,area-52,671,hunter,marksmanship,12,7,5
7770,Texploto,area-52,671,hunter,marksmanship,12,7,5
7771,Neoxbow,wyrmrest-accord,671,hunter,marksmanship,12,7,5
7772,Sáns,sargeras,671,hunter,marksmanship,12,7,5
7773,Dest,azralon,671,hunter,marksmanship,12,7,5
7774,Tup,guldan,671,hunter,marksmanship,12,7,5
7775,Krattøs,bleeding-hollow,671,hunter,marksmanship,12,7,5
7776,Stupidgodx,tichondrius,671,hunter,marksmanship,12,7,5
7777,Geraldson,proudmoore,671,hunter,marksmanship,12,7,5
7778,Xhare,stormrage,671,hunter,marksmanship,12,7,5
7779,Solomine,jubeithos,671,hunter,marksmanship,12,7,5
7780,Getnukedbud,emerald-dream,671,hunter,marksmanship,12,7,5
7781,Zhions,ragnaros,671,hunter,marksmanship,12,7,5
7782,Sunyourmom,proudmoore,671,hunter,marksmanship,12,7,5
7783,Hannover,ragnaros,671,hunter,marksmanship,12,7,5
7784,Larree,kelthuzad,671,hunter,marksmanship,12,7,5
7785,Kalizra,quelthalas,671,hunter,marksmanship,18,7,11
7786,Jackrandall,frostmourne,671,hunter,marksmanship,18,7,11
7787,Glittergun,sargeras,671,hunter,marksmanship,18,7,11
7788,Kaeuljua,tichondrius,671,hunter,marksmanship,18,7,11
7789,Chuvug,quelthalas,671,hunter,marksmanship,18,7,11
7790,Cullowhee,proudmoore,671,hunter,marksmanship,18,7,11
7791,Navagee,tichondrius,671,hunter,marksmanship,18,7,11
7792,Såvagehunter,malganis,671,hunter,marksmanship,18,7,11
7793,Toesgoes,thrall,671,hunter,marksmanship,18,7,11
7794,Temara,icecrown,671,hunter,marksmanship,24,7,17
7795,Spyhunter,malganis,671,hunter,marksmanship,24,7,17
7796,Flechá,illidan,670,hunter,marksmanship,12,7,5
7797,Joogeenda,kaelthas,670,hunter,marksmanship,12,7,5
7798,Elendïr,tichondrius,670,hunter,marksmanship,18,7,11
7799,Wolfyyxx,stormrage,670,hunter,marksmanship,18,7,11
7800,Gagau,stormrage,670,hunter,marksmanship,18,7,11
7801,Huntkiller,tichondrius,669,hunter,marksmanship,16,9,7
7802,Lilzoomer,barthilas,668,hunter,marksmanship,12,7,5
7803,Emeri,winterhoof,667,hunter,marksmanship,12,7,5
7804,Mahty,stormrage,665,hunter,marksmanship,12,7,5
7805,Konar,nemesis,656,hunter,marksmanship,30,7,23
7806,Righthole,area-52,640,hunter,marksmanship,22,7,15
7807,Mawlotov,barthilas,639,hunter,marksmanship,23,7,16
7808,Mesiauzx,stormrage,618,hunter,marksmanship,22,9,13
7809,Typh,saurfang,607,hunter,marksmanship,11,7,4
7810,Hokutoxx,tichondrius,607,hunter,marksmanship,20,7,13
7811,Krossx,thrall,591,hunter,marksmanship,12,7,5
7812,Summerrain,illidan,576,hunter,marksmanship,6,6,0
7813,Lostfaith,tichondrius,576,hunter,marksmanship,12,6,6
7814,Gugubird,proudmoore,576,hunter,marksmanship,12,6,6
7815,Gq,garona,576,hunter,marksmanship,12,6,6
7816,Ssds,sargeras,576,hunter,marksmanship,12,6,6
7817,Blaðe,kelthuzad,576,hunter,marksmanship,12,6,6
7818,Kimbaa,tichondrius,576,hunter,marksmanship,12,6,6
7819,Aoti,nerzhul,576,hunter,marksmanship,12,6,6
7820,Êlautismo,wyrmrest-accord,576,hunter,marksmanship,12,6,6
7821,Throre,bleeding-hollow,576,hunter,marksmanship,12,6,6
7822,Mehontar,area-52,576,hunter,marksmanship,12,6,6
7823,Spanerd,moon-guard,576,hunter,marksmanship,12,6,6
7824,Smoothbrain,khadgar,576,hunter,marksmanship,12,6,6
7825,Murderone,undermine,576,hunter,marksmanship,12,6,6
7826,Jeezyxxii,shadowmoon,576,hunter,marksmanship,12,6,6
7827,Elmozz,thrall,576,hunter,marksmanship,12,6,6
7828,Kyudo,moon-guard,576,hunter,marksmanship,12,6,6
7829,Pulso,illidan,576,hunter,marksmanship,12,6,6
7830,Flämma,azralon,576,hunter,marksmanship,12,6,6
7831,Groomme,area-52,576,hunter,marksmanship,12,6,6
7832,Gritzix,frostmourne,576,hunter,marksmanship,12,6,6
7833,Bootywhop,dalaran,576,hunter,marksmanship,12,6,6
7834,Laurenx,illidan,576,hunter,marksmanship,12,6,6
7835,Telånnas,illidan,576,hunter,marksmanship,12,6,6
7836,Tokez,moon-guard,576,hunter,marksmanship,14,6,8
7837,Gnometoprace,illidan,576,hunter,marksmanship,18,6,12
7838,Qúin,frostmourne,576,hunter,marksmanship,18,6,12
7839,Tandope,sargeras,576,hunter,marksmanship,18,6,12
7840,Jônathan,tichondrius,576,hunter,marksmanship,24,6,18
7841,Smoeky,aerie-peak,575,hunter,marksmanship,12,6,6
7842,Cobrag,tichondrius,575,hunter,marksmanship,12,6,6
7843,Hobbës,kelthuzad,575,hunter,marksmanship,12,6,6
7844,Onlyfeìgns,frostmourne,575,hunter,marksmanship,12,6,6
7845,Dirtbagchaz,illidan,575,hunter,marksmanship,12,6,6
7846,Projectilez,sargeras,575,hunter,marksmanship,12,6,6
7847,Aragörnn,azralon,575,hunter,marksmanship,12,6,6
7848,Brosk,drakthul,575,hunter,marksmanship,12,6,6
7849,Silentzkill,tichondrius,575,hunter,marksmanship,12,6,6
7850,Littlespike,queldorei,575,hunter,marksmanship,12,6,6
7851,Lagginwaggin,azgalor,575,hunter,marksmanship,12,6,6
7852,Westbrooke,illidan,575,hunter,marksmanship,12,6,6
7853,Sylvaethas,lightninghoof,575,hunter,marksmanship,12,6,6
7854,Xhartanis,magtheridon,575,hunter,marksmanship,12,6,6
7855,Herroo,thrall,575,hunter,marksmanship,18,6,12
7856,Salsa,hakkar,575,hunter,marksmanship,30,6,24
7857,Zeddunn,stormrage,574,hunter,marksmanship,12,6,6
7858,Hildihunt,stormrage,574,hunter,marksmanship,12,6,6
7859,Marcusrarnis,zuljin,574,hunter,marksmanship,12,6,6
7860,Àbyss,shandris,574,hunter,marksmanship,12,6,6
7861,Foxhe,hyjal,574,hunter,marksmanship,12,6,6
7862,Killincrew,scilla,574,hunter,marksmanship,14,6,8
7863,Flacidhunter,kelthuzad,573,hunter,marksmanship,18,6,12
7864,Blåckhat,frostmourne,573,hunter,marksmanship,30,6,24
7865,Recebaa,barthilas,572,hunter,marksmanship,12,6,6
7866,Returners,emerald-dream,571,hunter,marksmanship,12,6,6
7867,Lennfear,frostmourne,568,hunter,marksmanship,18,6,12
7868,Beastmodeqt,blood-furnace,566,hunter,marksmanship,18,6,12
7869,Neef,mannoroth,564,hunter,marksmanship,24,6,18
7870,Ratspit,chogall,557,hunter,marksmanship,11,6,5
7871,Gymli,destromath,543,hunter,marksmanship,11,6,5
7872,Aïmïng,tichondrius,542,hunter,marksmanship,11,6,5
7873,Jvmr,azralon,534,hunter,marksmanship,14,7,7
7874,Jaydemo,thunderhorn,527,hunter,marksmanship,17,6,11
7875,Remixjy,burning-blade,522,hunter,marksmanship,16,7,9
7876,Drjingajanga,zuluhed,522,hunter,marksmanship,22,8,14
7877,Cns,tichondrius,521,hunter,marksmanship,20,7,13
7878,Cplski,kelthuzad,511,hunter,marksmanship,16,6,10
7879,Stepbroski,moon-guard,510,hunter,marksmanship,14,6,8
7880,Brainzz,emerald-dream,509,hunter,marksmanship,16,7,9
7881,Chasseür,quelthalas,480,hunter,marksmanship,6,5,1
7882,Headshoot,tichondrius,480,hunter,marksmanship,6,5,1
7883,Primalus,tichondrius,480,hunter,marksmanship,6,5,1
7884,Qthunterr,dalaran,480,hunter,marksmanship,6,5,1
7885,Austelos,moon-guard,480,hunter,marksmanship,6,5,1
7886,Shootandloot,zuljin,480,hunter,marksmanship,6,5,1
7887,Moktarg,archimonde,480,hunter,marksmanship,6,5,1
7888,Thrandrial,smolderthorn,480,hunter,marksmanship,6,5,1
7889,Shootipie,hyjal,480,hunter,marksmanship,6,5,1
7890,Chickenzzack,tichondrius,480,hunter,marksmanship,6,5,1
7891,Bendotexe,stormrage,480,hunter,marksmanship,6,5,1
7892,Guacmec,tichondrius,480,hunter,marksmanship,6,5,1
7893,Zucarita,tichondrius,480,hunter,marksmanship,7,5,2
7894,Idtrapthat,nordrassil,480,hunter,marksmanship,9,5,4
7895,Aloa,nagrand,480,hunter,marksmanship,12,5,7
7896,Déadshot,thaurissan,480,hunter,marksmanship,12,5,7
7897,Xísa,proudmoore,480,hunter,marksmanship,12,5,7
7898,Damadar,tichondrius,480,hunter,marksmanship,12,5,7
7899,Connora,stormrage,480,hunter,marksmanship,12,5,7
7900,Kyujin,ragnaros,480,hunter,marksmanship,12,5,7
7901,Tânsøxøxø,tichondrius,480,hunter,marksmanship,12,5,7
7902,Lagshots,kelthuzad,480,hunter,marksmanship,12,5,7
7903,Thewïld,tichondrius,480,hunter,marksmanship,12,5,7
7904,Thejessiah,tichondrius,480,hunter,marksmanship,12,5,7
7905,Duckpow,frostmourne,480,hunter,marksmanship,12,5,7
7906,Bullzeyê,kelthuzad,480,hunter,marksmanship,12,5,7
7907,Mídnîght,azralon,480,hunter,marksmanship,12,5,7
7908,Jaywuz,tichondrius,480,hunter,marksmanship,12,5,7
7909,Lianm,stormrage,480,hunter,marksmanship,12,5,7
7910,Teaks,aggramar,480,hunter,marksmanship,12,5,7
7911,Fjdominador,azralon,480,hunter,marksmanship,12,5,7
7912,Hunt,the-underbog,480,hunter,marksmanship,12,5,7
7913,Omniquiver,sargeras,480,hunter,marksmanship,12,5,7
7914,Snoplow,illidan,480,hunter,marksmanship,12,5,7
7915,Arraza,ragnaros,480,hunter,marksmanship,12,5,7
7916,Insgesicht,proudmoore,480,hunter,marksmanship,18,5,13
7917,Ownyoufast,darkspear,480,hunter,marksmanship,18,5,13
7918,Tarah,lightbringer,480,hunter,marksmanship,18,5,13
7919,Blickys,area-52,480,hunter,marksmanship,18,5,13
7920,Absinther,emerald-dream,480,hunter,marksmanship,18,5,13
7921,Ikiteforfood,zuljin,480,hunter,marksmanship,18,5,13
7922,Eurekasl,ragnaros,480,hunter,marksmanship,18,5,13
7923,Hishamo,aggramar,479,hunter,marksmanship,6,5,1
7924,Runimurder,zuljin,479,hunter,marksmanship,6,5,1
7925,Patmypet,terenas,479,hunter,marksmanship,12,5,7
7926,Ohhsnaapp,blood-furnace,479,hunter,marksmanship,12,5,7
7927,Peitowyn,illidan,479,hunter,marksmanship,12,5,7
7928,Critaclyzm,moon-guard,479,hunter,marksmanship,12,5,7
7929,Týrak,illidan,479,hunter,marksmanship,12,5,7
7930,Papiquezo,nagrand,479,hunter,marksmanship,12,5,7
7931,Pathius,uldaman,479,hunter,marksmanship,12,5,7
7932,Globalhunter,emerald-dream,479,hunter,marksmanship,12,5,7
7933,Akomata,emerald-dream,479,hunter,marksmanship,12,5,7
7934,Blurrí,area-52,479,hunter,marksmanship,12,5,7
7935,Rykbad,area-52,479,hunter,marksmanship,12,5,7
7936,Ashaelyn,wyrmrest-accord,479,hunter,marksmanship,18,5,13
7937,Enzym,archimonde,479,hunter,marksmanship,18,5,13
7938,Seyd,barthilas,479,hunter,marksmanship,18,5,13
7939,Johar,nerzhul,479,hunter,marksmanship,18,5,13
7940,Cócaine,tichondrius,478,hunter,marksmanship,13,6,7
7941,Ozzoty,tol-barad,478,hunter,marksmanship,12,5,7
7942,Azx,tichondrius,478,hunter,marksmanship,12,5,7
7943,Tungles,tichondrius,478,hunter,marksmanship,18,5,13
7944,Tularac,sentinels,477,hunter,marksmanship,12,5,7
7945,Survival,dentarg,477,hunter,marksmanship,12,5,7
7946,Darkmaximus,echo-isles,477,hunter,marksmanship,18,5,13
7947,Damnnicebutt,borean-tundra,476,hunter,marksmanship,12,5,7
7948,Jonsnow,lightnings-blade,474,hunter,marksmanship,12,5,7
7949,Diavál,area-52,447,hunter,marksmanship,11,5,6
7950,Pikochon,illidan,447,hunter,marksmanship,17,5,12
7951,Mukeru,stormrage,432,hunter,marksmanship,9,5,4
7952,Noriee,destromath,431,hunter,marksmanship,15,5,10
7953,Nirika,moon-guard,416,hunter,marksmanship,10,5,5
7954,Póra,stormrage,396,hunter,marksmanship,13,5,8
7955,Swagprince,skullcrusher,384,hunter,marksmanship,6,4,2
7956,Moyria,quelthalas,384,hunter,marksmanship,6,4,2
7957,Shootbert,malganis,384,hunter,marksmanship,6,4,2
7958,Huumpoutine,burning-blade,384,hunter,marksmanship,6,4,2
7959,Llhopital,ragnaros,384,hunter,marksmanship,6,4,2
7960,Blamethenaga,sargeras,384,hunter,marksmanship,6,4,2
7961,Thirià,garona,384,hunter,marksmanship,6,4,2
7962,Stfd,illidan,384,hunter,marksmanship,6,4,2
7963,Swish,burning-legion,384,hunter,marksmanship,6,4,2
7964,Swoljashotxp,area-52,384,hunter,marksmanship,6,4,2
7965,Ocromiun,illidan,384,hunter,marksmanship,6,4,2
7966,Zugbrained,illidan,384,hunter,marksmanship,6,4,2
7967,Raevon,kelthuzad,384,hunter,marksmanship,6,4,2
7968,Goosejuicer,emerald-dream,384,hunter,marksmanship,6,4,2
7969,Sï,anubarak,384,hunter,marksmanship,6,4,2
7970,Balaria,tichondrius,384,hunter,marksmanship,6,4,2
7971,Côckblocked,tichondrius,384,hunter,marksmanship,6,4,2
7972,Malcab,tichondrius,384,hunter,marksmanship,6,4,2
7973,Coolwhip,demon-soul,384,hunter,marksmanship,6,4,2
7974,Arteene,illidan,384,hunter,marksmanship,6,4,2
7975,Netorip,azralon,384,hunter,marksmanship,6,4,2
7976,Huataran,stormrage,384,hunter,marksmanship,6,4,2
7977,Infatuatedx,moon-guard,384,hunter,marksmanship,6,4,2
7978,Clutchxx,tichondrius,384,hunter,marksmanship,6,4,2
7979,Junmuxiao,ragnaros,384,hunter,marksmanship,6,4,2
7980,Saloran,akama,384,hunter,marksmanship,6,4,2
7981,Minzuki,drakkari,384,hunter,marksmanship,6,4,2
7982,Amanazàra,tichondrius,384,hunter,marksmanship,6,4,2
7983,Zeenuts,sargeras,384,hunter,marksmanship,6,4,2
7984,Wellerman,firetree,384,hunter,marksmanship,6,4,2
7985,Zendarae,tichondrius,384,hunter,marksmanship,6,4,2
7986,Oromís,dalaran,384,hunter,marksmanship,6,4,2
7987,Spiketurtle,queldorei,384,hunter,marksmanship,6,4,2
7988,Obsol,hyjal,384,hunter,marksmanship,6,4,2
7989,Silvertokay,ragnaros,384,hunter,marksmanship,6,4,2
7990,Anecko,zuljin,384,hunter,marksmanship,6,4,2
7991,Maidán,azralon,384,hunter,marksmanship,6,4,2
7992,Emilysamuels,tichondrius,384,hunter,marksmanship,6,4,2
7993,Frîck,bleeding-hollow,384,hunter,marksmanship,6,4,2
7994,Subdue,tichondrius,384,hunter,marksmanship,6,4,2
7995,Relapse,dreadmaul,384,hunter,marksmanship,6,4,2
7996,Aimbôt,frostmourne,384,hunter,marksmanship,6,4,2
7997,Vatits,dalaran,384,hunter,marksmanship,6,4,2
7998,Regretful,kelthuzad,384,hunter,marksmanship,7,4,3
7999,Malthiz,antonidas,384,hunter,marksmanship,8,4,4
8000,Photos,moon-guard,384,hunter,marksmanship,8,4,4
8001,Grukar,tichondrius,384,hunter,marksmanship,12,4,8
8002,Revö,area-52,384,hunter,marksmanship,12,4,8
8003,Ðïanä,azralon,384,hunter,marksmanship,12,4,8
8004,Ojmo,arthas,384,hunter,marksmanship,12,4,8
8005,Patroclo,azralon,384,hunter,marksmanship,12,4,8
8006,Boggartt,ragnaros,384,hunter,marksmanship,12,4,8
8007,Samsin,sargeras,384,hunter,marksmanship,12,4,8
8008,Soljer,kiljaeden,384,hunter,marksmanship,12,4,8
8009,Braindeadorc,illidan,384,hunter,marksmanship,12,4,8
8010,Junglar,eitrigg,384,hunter,marksmanship,12,4,8
8011,Lyricly,lightbringer,384,hunter,marksmanship,12,4,8
8012,Emérr,drakkari,384,hunter,marksmanship,12,4,8
8013,Dropflag,stormrage,384,hunter,marksmanship,12,4,8
8014,Kä,blackhand,384,hunter,marksmanship,12,4,8
8015,Pâl,quelthalas,384,hunter,marksmanship,12,4,8
8016,Crimsonmm,ragnaros,384,hunter,marksmanship,12,4,8
8017,Sabo,nemesis,384,hunter,marksmanship,12,4,8
8018,Karev,area-52,384,hunter,marksmanship,12,4,8
8019,Ididntdoit,blackhand,384,hunter,marksmanship,12,4,8
8020,Sylvanâs,bleeding-hollow,384,hunter,marksmanship,12,4,8
8021,Abloodelf,zuljin,384,hunter,marksmanship,12,4,8
8022,Bleedwolf,tichondrius,384,hunter,marksmanship,12,4,8
8023,Trippyhunter,akama,384,hunter,marksmanship,12,4,8
8024,Robobop,stormrage,384,hunter,marksmanship,12,4,8
8025,Vion,mannoroth,384,hunter,marksmanship,12,4,8
8026,Aewyn,malganis,384,hunter,marksmanship,12,4,8
8027,Limpnoodle,nerzhul,384,hunter,marksmanship,12,4,8
8028,Saralli,thrall,384,hunter,marksmanship,12,4,8
8029,Enchantras,jaedenar,384,hunter,marksmanship,12,4,8
8030,Xeriife,stormrage,384,hunter,marksmanship,12,4,8
8031,Kumari,lothar,384,hunter,marksmanship,12,4,8
8032,Dmasterbiter,zuljin,384,hunter,marksmanship,12,4,8
8033,Shotfromhell,sargeras,384,hunter,marksmanship,12,4,8
8034,Bowtech,kelthuzad,384,hunter,marksmanship,12,4,8
8035,Vélos,illidan,384,hunter,marksmanship,12,4,8
8036,Shottz,blackhand,384,hunter,marksmanship,12,4,8
8037,Bigzane,darkspear,384,hunter,marksmanship,12,4,8
8038,Astolenis,quelthalas,384,hunter,marksmanship,16,4,12
8039,Give,draktharon,384,hunter,marksmanship,18,4,14
8040,Peashooter,sargeras,384,hunter,marksmanship,19,4,15
8041,Arzant,quelthalas,383,hunter,marksmanship,6,4,2
8042,Essya,frostmourne,383,hunter,marksmanship,6,4,2
8043,Soulbutter,malganis,383,hunter,marksmanship,6,4,2
8044,Jogoran,thunderlord,383,hunter,marksmanship,6,4,2
8045,Snäpträp,stormrage,383,hunter,marksmanship,6,4,2
8046,Renzô,sargeras,383,hunter,marksmanship,9,5,4
8047,Euphylesz,garrosh,383,hunter,marksmanship,10,4,6
8048,Diacachimbaa,ragnaros,383,hunter,marksmanship,12,4,8
8049,Rottinghood,hyjal,383,hunter,marksmanship,12,4,8
8050,Minibrö,tichondrius,383,hunter,marksmanship,12,4,8
8051,Brody,eitrigg,383,hunter,marksmanship,12,4,8
8052,Shootingjaem,tichondrius,383,hunter,marksmanship,12,4,8
8053,Juanita,laughing-skull,383,hunter,marksmanship,12,4,8
8054,Aridan,area-52,383,hunter,marksmanship,12,4,8
8055,Nevon,azralon,383,hunter,marksmanship,18,4,14
8056,Delukzin,azralon,383,hunter,marksmanship,18,4,14
8057,Apochuntz,greymane,382,hunter,marksmanship,6,4,2
8058,Oohuntsoo,emerald-dream,382,hunter,marksmanship,6,4,2
8059,Föcker,emerald-dream,382,hunter,marksmanship,10,6,4
8060,Thyraza,proudmoore,382,hunter,marksmanship,12,4,8
8061,Eaudelune,vashj,382,hunter,marksmanship,12,4,8
8062,Twofeathers,wyrmrest-accord,381,hunter,marksmanship,12,4,8
8063,Venessie,moon-guard,379,hunter,marksmanship,12,4,8
8064,Zievieda,hellscream,379,hunter,marksmanship,12,4,8
8065,Aksalaz,area-52,367,hunter,marksmanship,11,4,7
8066,Raun,anvilmar,363,hunter,marksmanship,11,4,7
8067,Hyesik,tichondrius,362,hunter,marksmanship,21,7,14
8068,Bloodarrow,tichondrius,351,hunter,marksmanship,11,4,7
8069,Iililillilii,tichondrius,330,hunter,marksmanship,14,5,9
8070,Nubcaks,nerzhul,330,hunter,marksmanship,21,5,16
8071,Stupïd,tichondrius,319,hunter,marksmanship,5,4,1
8072,Aimian,frostmourne,319,hunter,marksmanship,8,4,4
8073,Kazug,destromath,319,hunter,marksmanship,12,5,7
8074,Berkhof,tichondrius,319,hunter,marksmanship,14,4,10
8075,Kushminion,zuljin,304,hunter,marksmanship,7,5,2
8076,Dagre,the-forgotten-coast,304,hunter,marksmanship,13,4,9
8077,Khasu,ragnaros,288,hunter,marksmanship,6,3,3
8078,Eforas,ragnaros,288,hunter,marksmanship,6,3,3
8079,Muffhuntér,blackrock,288,hunter,marksmanship,6,3,3
8080,Wolfmilkers,illidan,288,hunter,marksmanship,6,3,3
8081,Halosucks,sargeras,288,hunter,marksmanship,6,3,3
8082,Candîce,moon-guard,288,hunter,marksmanship,6,3,3
8083,Shooterzz,illidan,288,hunter,marksmanship,6,3,3
8084,Zym,the-forgotten-coast,288,hunter,marksmanship,6,3,3
8085,Trænquility,tichondrius,288,hunter,marksmanship,6,3,3
8086,Kormas,illidan,288,hunter,marksmanship,6,3,3
8087,Cloakedninja,illidan,288,hunter,marksmanship,6,3,3
8088,Madjango,illidan,288,hunter,marksmanship,6,3,3
8089,Stupedhunter,tichondrius,288,hunter,marksmanship,6,3,3
8090,Tìnker,stormrage,288,hunter,marksmanship,6,3,3
8091,Playnogames,moon-guard,288,hunter,marksmanship,6,3,3
8092,Mtuanwm,tichondrius,288,hunter,marksmanship,6,3,3
8093,Azairxd,tichondrius,288,hunter,marksmanship,6,3,3
8094,Racoon,spinebreaker,288,hunter,marksmanship,6,3,3
8095,Hogshanks,moon-guard,288,hunter,marksmanship,6,3,3
8096,Carot,dalaran,288,hunter,marksmanship,6,3,3
8097,Ÿöskë,tichondrius,288,hunter,marksmanship,6,3,3
8098,Starsabov,emerald-dream,288,hunter,marksmanship,6,3,3
8099,Kynigi,bleeding-hollow,288,hunter,marksmanship,6,3,3
8100,Tonnyfab,ragnaros,288,hunter,marksmanship,6,3,3
8101,Exabyssus,bleeding-hollow,288,hunter,marksmanship,6,3,3
8102,Ropivacaine,illidan,288,hunter,marksmanship,6,3,3
8103,Javoj,drakkari,288,hunter,marksmanship,6,3,3
8104,Daggétt,zuljin,288,hunter,marksmanship,6,3,3
8105,Lilbic,bleeding-hollow,288,hunter,marksmanship,6,3,3
8106,Eatmybow,nemesis,288,hunter,marksmanship,6,3,3
8107,Arithrawn,area-52,288,hunter,marksmanship,6,3,3
8108,Juwannaaim,lethon,288,hunter,marksmanship,6,3,3
8109,Tugh,maiev,288,hunter,marksmanship,6,3,3
8110,Kansolly,tichondrius,288,hunter,marksmanship,6,3,3
8111,Silvershot,emerald-dream,288,hunter,marksmanship,6,3,3
8112,Quondo,boulderfist,288,hunter,marksmanship,6,3,3
8113,Casadora,dark-iron,288,hunter,marksmanship,6,3,3
8114,Keliara,dunemaul,288,hunter,marksmanship,6,3,3
8115,Ud,eldrethalas,288,hunter,marksmanship,6,3,3
8116,Buzzkiller,sargeras,288,hunter,marksmanship,6,3,3
8117,Humiliation,mugthol,288,hunter,marksmanship,6,3,3
8118,Fruitenveg,frostmourne,288,hunter,marksmanship,6,3,3
8119,Sosaho,sargeras,288,hunter,marksmanship,6,3,3
8120,Ekzoo,tichondrius,288,hunter,marksmanship,6,3,3
8121,Wannakill,stormrage,288,hunter,marksmanship,6,3,3
8122,Cù,frostmourne,288,hunter,marksmanship,6,3,3
8123,Vashra,stormrage,288,hunter,marksmanship,6,3,3
8124,Waqz,tichondrius,288,hunter,marksmanship,6,3,3
8125,Vivaswan,tichondrius,288,hunter,marksmanship,6,3,3
8126,Gorhound,tichondrius,288,hunter,marksmanship,6,3,3
8127,Sereom,frostmourne,288,hunter,marksmanship,6,3,3
8128,Xcw,stormrage,288,hunter,marksmanship,6,3,3
8129,Neverhunter,azralon,288,hunter,marksmanship,6,3,3
8130,Triggamikê,tichondrius,288,hunter,marksmanship,6,3,3
8131,Weegnomie,wyrmrest-accord,288,hunter,marksmanship,6,3,3
8132,Baehydra,frostmourne,288,hunter,marksmanship,6,3,3
8133,Booffmeister,area-52,288,hunter,marksmanship,6,3,3
8134,Antily,kelthuzad,288,hunter,marksmanship,6,3,3
8135,Thugbeast,tichondrius,288,hunter,marksmanship,6,3,3
8136,Vinksy,sargeras,288,hunter,marksmanship,6,3,3
8137,Xtremesnipez,frostmourne,288,hunter,marksmanship,6,3,3
8138,Zzackchicken,tichondrius,288,hunter,marksmanship,6,3,3
8139,Innerhunt,aegwynn,288,hunter,marksmanship,6,3,3
8140,Luckynoodlle,frostmourne,288,hunter,marksmanship,6,3,3
8141,Krelas,eldrethalas,288,hunter,marksmanship,6,3,3
8142,Kong,tichondrius,288,hunter,marksmanship,6,3,3
8143,Untermench,tichondrius,288,hunter,marksmanship,6,3,3
8144,Blakespace,area-52,288,hunter,marksmanship,6,3,3
8145,Zengrin,quelthalas,288,hunter,marksmanship,6,3,3
8146,Boomphaque,ravencrest,288,hunter,marksmanship,6,3,3
8147,Auset,aegwynn,288,hunter,marksmanship,6,3,3
8148,Madsniper,thunderlord,288,hunter,marksmanship,6,3,3
8149,Physical,destromath,288,hunter,marksmanship,6,3,3
8150,Zindula,malganis,288,hunter,marksmanship,7,3,4
8151,Mojopojo,tichondrius,288,hunter,marksmanship,12,4,8
8152,Prpl,sargeras,288,hunter,marksmanship,15,4,11
8153,Alyzza,sargeras,288,hunter,marksmanship,12,3,9
8154,Zeedii,dalaran,288,hunter,marksmanship,12,3,9
8155,Arbclimbs,frostmane,288,hunter,marksmanship,12,3,9
8156,Bwaa,illidan,288,hunter,marksmanship,12,3,9
8157,Hatara,quelthalas,288,hunter,marksmanship,12,3,9
8158,Wadadly,malganis,288,hunter,marksmanship,12,3,9
8159,Sliperysaly,tichondrius,288,hunter,marksmanship,12,3,9
8160,Exiun,sargeras,288,hunter,marksmanship,12,3,9
8161,Peña,trollbane,288,hunter,marksmanship,12,3,9
8162,Princssdaizy,zuljin,288,hunter,marksmanship,12,3,9
8163,Oua,queldorei,288,hunter,marksmanship,12,3,9
8164,Fatehunter,bleeding-hollow,288,hunter,marksmanship,12,3,9
8165,Angelickon,tichondrius,288,hunter,marksmanship,12,3,9
8166,Blarck,shattered-halls,288,hunter,marksmanship,12,3,9
8167,Kòng,quelthalas,288,hunter,marksmanship,12,3,9
8168,Lumbygoblin,illidan,288,hunter,marksmanship,13,3,10
8169,Guntrïx,stormrage,288,hunter,marksmanship,18,3,15
8170,Snipastyle,twisting-nether,288,hunter,marksmanship,18,3,15
8171,Ghazzghkuull,ragnaros,287,hunter,marksmanship,6,3,3
8172,Killerxzxz,stormrage,287,hunter,marksmanship,6,3,3
8173,Multicereal,quelthalas,287,hunter,marksmanship,6,3,3
8174,Drâgônâr,stormrage,287,hunter,marksmanship,6,3,3
8175,Lapelada,ragnaros,287,hunter,marksmanship,6,3,3
8176,Downtimes,illidan,287,hunter,marksmanship,6,3,3
8177,Tarbabies,mannoroth,287,hunter,marksmanship,12,3,9
8178,Bumbow,tichondrius,287,hunter,marksmanship,12,3,9
8179,Irishnia,bleeding-hollow,286,hunter,marksmanship,6,3,3
8180,Lorelåii,tichondrius,286,hunter,marksmanship,6,3,3
8181,Wij,turalyon,284,hunter,marksmanship,12,3,9
8182,Zuuvuya,nemesis,255,hunter,marksmanship,8,4,4
8183,Brorc,kul-tiras,239,hunter,marksmanship,5,3,2
8184,Wook,hyjal,239,hunter,marksmanship,5,3,2
8185,Setepalms,azralon,239,hunter,marksmanship,5,3,2
8186,Knowtraps,area-52,234,hunter,marksmanship,7,4,3
8187,Druskritag,moon-guard,234,hunter,marksmanship,10,4,6
8188,Hunimi,elune,223,hunter,marksmanship,14,3,11
8189,Andrømeda,frostmourne,208,hunter,marksmanship,7,3,4
8190,Lamb,undermine,202,hunter,marksmanship,11,4,7
8191,Kekkww,hyjal,192,hunter,marksmanship,4,3,1
8192,Sevitham,dalaran,192,hunter,marksmanship,6,2,4
8193,Firskin,frostmourne,192,hunter,marksmanship,6,2,4
8194,Huntgar,earthen-ring,192,hunter,marksmanship,6,2,4
8195,Bôdon,illidan,192,hunter,marksmanship,6,2,4
8196,Tyraelias,kaelthas,192,hunter,marksmanship,6,2,4
8197,Fleshfeast,tichondrius,192,hunter,marksmanship,6,2,4
8198,Huntingyou,destromath,192,hunter,marksmanship,6,2,4
8199,Shootybooty,arygos,192,hunter,marksmanship,6,2,4
8200,Magvez,tichondrius,192,hunter,marksmanship,6,2,4
8201,Yonzo,area-52,192,hunter,marksmanship,6,2,4
8202,Ilîiìîìiilil,bleeding-hollow,192,hunter,marksmanship,6,2,4
8203,Dikbender,tichondrius,192,hunter,marksmanship,6,2,4
8204,Bowzørx,tichondrius,192,hunter,marksmanship,6,2,4
8205,Yortrox,ragnaros,192,hunter,marksmanship,6,2,4
8206,Voodoohunter,blood-furnace,192,hunter,marksmanship,6,2,4
8207,Sogeki,kelthuzad,192,hunter,marksmanship,6,2,4
8208,Dreezzy,bleeding-hollow,192,hunter,marksmanship,6,2,4
8209,Namøscä,nemesis,192,hunter,marksmanship,6,2,4
8210,Pumpydumpy,malganis,192,hunter,marksmanship,6,2,4
8211,Ayrana,tichondrius,192,hunter,marksmanship,6,2,4
8212,Jebote,frostmourne,192,hunter,marksmanship,6,2,4
8213,Kahtniss,quelthalas,192,hunter,marksmanship,6,2,4
8214,Muscletooth,moon-guard,192,hunter,marksmanship,6,2,4
8215,Tus,tichondrius,192,hunter,marksmanship,6,2,4
8216,Latherel,bleeding-hollow,192,hunter,marksmanship,6,2,4
8217,Kimghak,tichondrius,192,hunter,marksmanship,6,2,4
8218,Arighthunt,frostmourne,192,hunter,marksmanship,6,2,4
8219,Desdee,icecrown,192,hunter,marksmanship,6,2,4
8220,Momomomo,draka,192,hunter,marksmanship,6,2,4
8221,Áppóló,spinebreaker,192,hunter,marksmanship,6,2,4
8222,Léfty,nagrand,192,hunter,marksmanship,6,2,4
8223,Leeshaarrow,moon-guard,192,hunter,marksmanship,6,2,4
8224,Huntugz,frostmourne,192,hunter,marksmanship,6,2,4
8225,Córnell,tichondrius,192,hunter,marksmanship,6,2,4
8226,Amptx,tichondrius,192,hunter,marksmanship,6,2,4
8227,Boomheadshot,blood-furnace,192,hunter,marksmanship,6,2,4
8228,Bloodrainia,ravencrest,192,hunter,marksmanship,6,2,4
8229,Benryats,area-52,192,hunter,marksmanship,6,2,4
8230,Kïwwï,tichondrius,192,hunter,marksmanship,6,2,4
8231,Ramchi,burning-blade,192,hunter,marksmanship,6,2,4
8232,Whitemàne,dalaran,192,hunter,marksmanship,6,2,4
8233,Erebor,malganis,192,hunter,marksmanship,6,2,4
8234,Cuchulláin,area-52,192,hunter,marksmanship,6,2,4
8235,Blury,tichondrius,192,hunter,marksmanship,6,2,4
8236,Commonbuck,area-52,192,hunter,marksmanship,6,2,4
8237,Cazaaires,quelthalas,192,hunter,marksmanship,6,2,4
8238,Mayhunter,ragnaros,192,hunter,marksmanship,6,2,4
8239,Yembohi,queldorei,192,hunter,marksmanship,6,2,4
8240,Crownchild,illidan,192,hunter,marksmanship,6,2,4
8241,Fermra,dunemaul,192,hunter,marksmanship,6,2,4
8242,Gadorim,kelthuzad,192,hunter,marksmanship,6,2,4
8243,Drysst,tichondrius,192,hunter,marksmanship,6,2,4
8244,Ðevil,ragnaros,192,hunter,marksmanship,6,2,4
8245,Vitae,shattered-halls,192,hunter,marksmanship,6,2,4
8246,Petmydog,aegwynn,192,hunter,marksmanship,6,2,4
8247,Penelòpe,wyrmrest-accord,192,hunter,marksmanship,6,2,4
8248,Xxunderoath,frostwolf,192,hunter,marksmanship,6,2,4
8249,Wartoz,dragonblight,192,hunter,marksmanship,6,2,4
8250,Sinsix,akama,192,hunter,marksmanship,6,2,4
8251,Nes,azuremyst,192,hunter,marksmanship,6,2,4
8252,Lolknocked,alexstrasza,192,hunter,marksmanship,6,2,4
8253,Anilora,wyrmrest-accord,192,hunter,marksmanship,6,2,4
8254,Cornbreadfed,gorgonnash,192,hunter,marksmanship,6,2,4
8255,Symz,ragnaros,192,hunter,marksmanship,6,2,4
8256,Xpyroshot,area-52,192,hunter,marksmanship,6,2,4
8257,Geeshot,area-52,192,hunter,marksmanship,6,2,4
8258,Inurah,malganis,192,hunter,marksmanship,6,2,4
8259,Stingyshot,thrall,192,hunter,marksmanship,6,2,4
8260,Wockqt,kiljaeden,192,hunter,marksmanship,6,2,4
8261,Rëxx,moon-guard,192,hunter,marksmanship,6,2,4
8262,Kanta,bleeding-hollow,192,hunter,marksmanship,6,2,4
8263,Sobala,azralon,192,hunter,marksmanship,6,2,4
8264,Knator,area-52,192,hunter,marksmanship,6,2,4
8265,Gangstashot,burning-legion,192,hunter,marksmanship,6,2,4
8266,Bendoon,sargeras,192,hunter,marksmanship,6,2,4
8267,Ðecarlis,azralon,192,hunter,marksmanship,6,2,4
8268,Hunchback,emerald-dream,192,hunter,marksmanship,6,2,4
8269,Taurenseason,sargeras,192,hunter,marksmanship,6,2,4
8270,Kreaytion,sargeras,192,hunter,marksmanship,6,2,4
8271,Bionix,sargeras,192,hunter,marksmanship,6,2,4
8272,Diur,ragnaros,192,hunter,marksmanship,9,2,7
8273,Dojaqat,frostmourne,192,hunter,marksmanship,12,2,10
8274,Sharpzy,jubeithos,192,hunter,marksmanship,12,2,10
8275,Zarknoth,cenarius,192,hunter,marksmanship,12,2,10
8276,Àlëxx,aegwynn,192,hunter,marksmanship,12,2,10
8277,Larts,fenris,192,hunter,marksmanship,12,2,10
8278,Stïinck,azralon,192,hunter,marksmanship,12,2,10
8279,Seekem,destromath,192,hunter,marksmanship,12,2,10
8280,Lahyanhou,azjolnerub,192,hunter,marksmanship,12,2,10
8281,Littleagu,proudmoore,192,hunter,marksmanship,12,2,10
8282,Xulag,tichondrius,192,hunter,marksmanship,12,2,10
8283,Shafttrapper,queldorei,192,hunter,marksmanship,12,2,10
8284,Lederniertra,gorefiend,192,hunter,marksmanship,12,2,10
8285,Thunderox,tichondrius,192,hunter,marksmanship,12,2,10
8286,Mayohater,sargeras,192,hunter,marksmanship,12,2,10
8287,Eaglesx,skullcrusher,192,hunter,marksmanship,12,2,10
8288,Findbind,altar-of-storms,192,hunter,marksmanship,12,2,10
8289,Tyrmaakk,emerald-dream,192,hunter,marksmanship,12,2,10
8290,Hunterish,area-52,192,hunter,marksmanship,12,2,10
8291,Warrioress,illidan,192,hunter,marksmanship,12,2,10
8292,Maximos,lightnings-blade,192,hunter,marksmanship,12,2,10
8293,Warpedshots,malganis,192,hunter,marksmanship,12,2,10
8294,Demolitions,kelthuzad,192,hunter,marksmanship,12,2,10
8295,Chinchompas,bleeding-hollow,192,hunter,marksmanship,18,2,16
8296,Chetta,ragnaros,192,hunter,marksmanship,18,2,16
8297,Sylviannas,frostmourne,191,hunter,marksmanship,6,2,4
8298,Erudraugdin,quelthalas,191,hunter,marksmanship,6,2,4
8299,ßonßon,stormrage,160,hunter,marksmanship,10,2,8
8300,Clintbartun,shadowsong,159,hunter,marksmanship,5,2,3
8301,Hunntard,veknilash,159,hunter,marksmanship,5,2,3
8302,Thesloott,azshara,159,hunter,marksmanship,5,2,3
8303,Ryonel,moon-guard,159,hunter,marksmanship,11,2,9
8304,Overgnome,ragnaros,144,hunter,marksmanship,6,3,3
8305,Dusle,azralon,138,hunter,marksmanship,8,3,5
8306,Darthski,drenden,138,hunter,marksmanship,12,4,8
8307,Plsnobanmee,frostmourne,137,hunter,marksmanship,9,5,4
8308,Demongirl,arathor,137,hunter,marksmanship,13,3,10
8309,Almighty,trollbane,134,hunter,marksmanship,16,3,13
8310,Dainsleif,perenolde,128,hunter,marksmanship,4,2,2
8311,Lúthiel,azralon,127,hunter,marksmanship,8,2,6
8312,Razer,anvilmar,96,hunter,marksmanship,3,2,1
8313,Shootr,darkspear,96,hunter,marksmanship,3,2,1
8314,Felkrozzul,kalecgos,96,hunter,marksmanship,3,2,1
8315,Ïmprîsôñ,dalaran,96,hunter,marksmanship,3,2,1
8316,Ashner,illidan,96,hunter,marksmanship,6,1,5
8317,Siimmplicitz,area-52,96,hunter,marksmanship,6,1,5
8318,Arawnz,emerald-dream,96,hunter,marksmanship,6,1,5
8319,Spunky,zuluhed,96,hunter,marksmanship,6,1,5
8320,Vilguz,illidan,96,hunter,marksmanship,6,1,5
8321,Hellcry,khadgar,96,hunter,marksmanship,6,1,5
8322,Puppyghoul,malganis,96,hunter,marksmanship,6,1,5
8323,Cowboytroy,exodar,96,hunter,marksmanship,6,1,5
8324,Boongtokes,illidan,96,hunter,marksmanship,6,1,5
8325,Hyena,kelthuzad,96,hunter,marksmanship,6,1,5
8326,Zaamsa,ragnaros,96,hunter,marksmanship,6,1,5
8327,Jaidev,nemesis,96,hunter,marksmanship,6,1,5
8328,Keelif,arthas,96,hunter,marksmanship,6,1,5
8329,Artilleria,quelthalas,96,hunter,marksmanship,6,1,5
8330,Shablagoosh,zuljin,96,hunter,marksmanship,6,1,5
8331,Biehuixin,tichondrius,96,hunter,marksmanship,6,1,5
8332,Crazyshot,drakkari,96,hunter,marksmanship,6,1,5
8333,Faceshots,tichondrius,96,hunter,marksmanship,6,1,5
8334,Htcrazykofwa,tichondrius,96,hunter,marksmanship,6,1,5
8335,Narukín,tichondrius,96,hunter,marksmanship,6,1,5
8336,Anndaria,tichondrius,96,hunter,marksmanship,6,1,5
8337,Gabitoqt,gallywix,96,hunter,marksmanship,6,1,5
8338,Killshøtß,tichondrius,96,hunter,marksmanship,6,1,5
8339,Zral,dragonmaw,96,hunter,marksmanship,6,1,5
8340,Jumeog,stormscale,96,hunter,marksmanship,6,1,5
8341,Zirstorm,altar-of-storms,96,hunter,marksmanship,6,1,5
8342,Zipzyup,tichondrius,96,hunter,marksmanship,6,1,5
8343,Ruhak,windrunner,96,hunter,marksmanship,6,1,5
8344,Terezhunt,tichondrius,96,hunter,marksmanship,6,1,5
8345,Smackadoodlé,illidan,96,hunter,marksmanship,6,1,5
8346,Ikiteforgold,zuljin,96,hunter,marksmanship,6,1,5
8347,Hovahdo,proudmoore,96,hunter,marksmanship,6,1,5
8348,Elknut,sargeras,96,hunter,marksmanship,6,1,5
8349,Gunwalk,azjolnerub,96,hunter,marksmanship,6,1,5
8350,Solderboi,tichondrius,96,hunter,marksmanship,6,1,5
8351,Arin,suramar,96,hunter,marksmanship,6,1,5
8352,Maquire,tichondrius,96,hunter,marksmanship,6,1,5
8353,Zünma,tichondrius,96,hunter,marksmanship,6,1,5
8354,Desarus,archimonde,96,hunter,marksmanship,6,1,5
8355,Coppersnout,wyrmrest-accord,96,hunter,marksmanship,6,1,5
8356,Longshott,azralon,96,hunter,marksmanship,6,1,5
8357,Blaptz,wyrmrest-accord,96,hunter,marksmanship,6,1,5
8358,Shootermgavn,frostmourne,96,hunter,marksmanship,6,1,5
8359,Kiatus,nesingwary,96,hunter,marksmanship,6,1,5
8360,Samanta,blood-furnace,96,hunter,marksmanship,6,1,5
8361,Insönnia,azralon,96,hunter,marksmanship,6,1,5
8362,Rockehm,frostmourne,96,hunter,marksmanship,6,1,5
8363,Exitwoundz,hyjal,96,hunter,marksmanship,6,1,5
8364,Necroshotz,kul-tiras,96,hunter,marksmanship,6,1,5
8365,Deadlyattack,barthilas,96,hunter,marksmanship,6,1,5
8366,Xalmoinmybow,illidan,96,hunter,marksmanship,12,1,11
8367,Bophadeaz,sargeras,96,hunter,marksmanship,12,1,11
8368,Tarapandas,kilrogg,96,hunter,marksmanship,12,1,11
8369,Jacobsladder,illidan,96,hunter,marksmanship,12,1,11
8370,Cerébro,illidan,96,hunter,marksmanship,12,1,11
8371,Hawneyduo,skullcrusher,96,hunter,marksmanship,12,1,11
8372,Strixis,blood-furnace,95,hunter,marksmanship,6,1,5
8373,Setbackhunt,illidan,79,hunter,marksmanship,5,1,4
8374,Belieli,ragnaros,79,hunter,marksmanship,8,1,7
8375,Raymose,tichondrius,64,hunter,marksmanship,4,1,3
8376,Volga,haomarush,64,hunter,marksmanship,4,1,3
8377,Nyloc,dalvengyr,64,hunter,marksmanship,4,1,3
8378,Huntsmate,tichondrius,64,hunter,marksmanship,4,1,3
8379,Maveraxx,executus,48,hunter,marksmanship,3,1,2
8380,Dsizzle,tichondrius,42,hunter,marksmanship,14,2,12
8381,Downworlder,darkspear,31,hunter,marksmanship,2,1,1
8382,Dapoosyx,tichondrius,31,hunter,marksmanship,2,1,1
8383,Tracershot,malganis,31,hunter,marksmanship,2,1,1
8384,Rnger,aerie-peak,31,hunter,marksmanship,2,1,1
8385,Suntail,dalaran,2208,hunter,survival,111,58,53
8386,Cëb,stormrage,2168,hunter,survival,126,64,62
8387,Disciple,darkspear,2152,hunter,survival,74,43,31
8388,Hotmuscleman,tichondrius,2127,hunter,survival,74,45,29
8389,Cadencex,stormrage,2123,hunter,survival,117,60,57
8390,Capncams,emerald-dream,2120,hunter,survival,130,68,62
8391,Dijhoni,moon-guard,2105,hunter,survival,90,53,37
8392,Djtraphouse,stormrage,2100,hunter,survival,120,64,56
8393,Malukaca,azralon,2100,hunter,survival,125,62,63
8394,Kansolly,tichondrius,2040,hunter,survival,105,54,51
8395,Noimnotokay,tichondrius,2029,hunter,survival,77,40,37
8396,Pridefulz,stormrage,2026,hunter,survival,157,77,80
8397,Legoelass,emerald-dream,2010,hunter,survival,96,57,39
8398,Hamslapper,shattered-hand,2004,hunter,survival,129,64,65
8399,Hwslol,tichondrius,2001,hunter,survival,113,64,49
8400,Maxiam,frostmourne,1989,hunter,survival,71,37,34
8401,Nearly,wyrmrest-accord,1987,hunter,survival,79,40,39
8402,Koupon,tichondrius,1987,hunter,survival,95,48,47
8403,Veyronnx,stormrage,1982,hunter,survival,96,56,40
8404,Bicmex,sargeras,1970,hunter,survival,42,29,13
8405,Lèkïnhø,azralon,1953,hunter,survival,72,36,36
8406,Otii,tichondrius,1939,hunter,survival,72,34,38
8407,Galavant,frostmourne,1930,hunter,survival,74,40,34
8408,Effyh,emerald-dream,1928,hunter,survival,123,66,57
8409,Runecrossbow,barthilas,1928,hunter,survival,84,43,41
8410,Gloomy,dark-iron,1925,hunter,survival,36,29,7
8411,Aurelx,tichondrius,1920,hunter,survival,42,30,12
8412,Dwx,bleeding-hollow,1911,hunter,survival,66,35,31
8413,Sikhunt,frostmourne,1908,hunter,survival,54,33,21
8414,Leonilc,tichondrius,1907,hunter,survival,78,36,42
8415,Finito,bladefist,1897,hunter,survival,121,62,59
8416,Foxyhood,ragnaros,1893,hunter,survival,96,51,45
8417,Buffmm,kelthuzad,1888,hunter,survival,54,29,25
8418,Carnidon,area-52,1881,hunter,survival,181,94,87
8419,Drasen,deathwing,1874,hunter,survival,54,30,24
8420,Dyucol,tichondrius,1855,hunter,survival,65,40,25
8421,Destrumz,zuljin,1855,hunter,survival,66,31,35
8422,Jalinhabbei,azralon,1846,hunter,survival,47,27,20
8423,Kelarcia,moon-guard,1846,hunter,survival,65,29,36
8424,Gabiña,tichondrius,1843,hunter,survival,141,70,71
8425,Pylorih,area-52,1842,hunter,survival,51,35,16
8426,Sartel,tichondrius,1837,hunter,survival,178,92,86
8427,Ssds,sargeras,1834,hunter,survival,42,26,16
8428,Gvoo,tichondrius,1829,hunter,survival,30,24,6
8429,Queríde,emerald-dream,1822,hunter,survival,54,36,18
8430,Angrybow,ragnaros,1821,hunter,survival,36,25,11
8431,Thoromel,wyrmrest-accord,1820,hunter,survival,66,33,33
8432,Ynoit,sargeras,1818,hunter,survival,40,23,17
8433,Kisuke,khaz-modan,1815,hunter,survival,54,34,20
8434,Trapula,tichondrius,1814,hunter,survival,84,46,38
8435,Kubu,emerald-dream,1810,hunter,survival,63,41,22
8436,Joón,moon-guard,1808,hunter,survival,43,26,17
8437,Raef,azralon,1804,hunter,survival,60,32,28
8438,Wmsgs,tichondrius,1802,hunter,survival,58,29,29
8439,Huntmon,nemesis,1800,hunter,survival,48,31,17
8440,Jîñßæçhïñæ,sargeras,1800,hunter,survival,66,29,37
8441,Jagaerz,emerald-dream,1790,hunter,survival,36,22,14
8442,Fizzleegear,area-52,1785,hunter,survival,136,64,72
8443,Truckrsaurus,tichondrius,1781,hunter,survival,66,33,33
8444,Róckzero,quelthalas,1780,hunter,survival,145,74,71
8445,Percival,firetree,1770,hunter,survival,36,19,17
8446,Bergy,thrall,1766,hunter,survival,36,24,12
8447,Woriath,quelthalas,1761,hunter,survival,96,50,46
8448,Vlf,tichondrius,1753,hunter,survival,60,30,30
8449,Queride,area-52,1753,hunter,survival,48,23,25
8450,Leaku,illidan,1744,hunter,survival,36,25,11
8451,Endsnear,stormrage,1740,hunter,survival,54,26,28
8452,Pathed,azralon,1734,hunter,survival,36,22,14
8453,Hibyexo,illidan,1728,hunter,survival,36,22,14
8454,Peppancini,wyrmrest-accord,1725,hunter,survival,53,34,19
8455,Fictìon,kelthuzad,1712,hunter,survival,35,21,14
8456,Stevemonday,stormrage,1711,hunter,survival,96,53,43
8457,Blåker,bleeding-hollow,1709,hunter,survival,66,35,31
8458,Sylvanne,sargeras,1706,hunter,survival,30,18,12
8459,Názzul,area-52,1705,hunter,survival,30,18,12
8460,Samcro,rivendare,1700,hunter,survival,65,33,32
8461,Concur,frostmourne,1699,hunter,survival,48,23,25
8462,Yip,moon-guard,1698,hunter,survival,39,20,19
8463,Gnarwallz,stormrage,1691,hunter,survival,60,32,28
8464,Noxtis,kiljaeden,1689,hunter,survival,36,18,18
8465,Knewbee,emerald-dream,1688,hunter,survival,41,23,18
8466,Arrów,duskwood,1688,hunter,survival,36,18,18
8467,Budgetben,stormrage,1682,hunter,survival,33,19,14
8468,Shablagoosh,zuljin,1672,hunter,survival,45,23,22
8469,Réxon,quelthalas,1671,hunter,survival,99,48,51
8470,Crypy,illidan,1664,hunter,survival,48,24,24
8471,Fleche,aggramar,1658,hunter,survival,30,20,10
8472,Swordshot,moon-guard,1656,hunter,survival,66,33,33
8473,Bjornwald,thrall,1653,hunter,survival,190,98,92
8474,Ganemdar,sargeras,1653,hunter,survival,57,22,35
8475,Ajacs,zuljin,1647,hunter,survival,35,24,11
8476,Undien,area-52,1647,hunter,survival,60,35,25
8477,Liekis,darkspear,1645,hunter,survival,54,24,30
8478,Ryukotsu,tichondrius,1641,hunter,survival,49,24,25
8479,Bendotexe,stormrage,1638,hunter,survival,36,21,15
8480,Xebbec,sargeras,1633,hunter,survival,69,40,29
8481,Snzzl,bleeding-hollow,1623,hunter,survival,30,17,13
8482,Bigbillx,tichondrius,1623,hunter,survival,30,17,13
8483,Bbaronsamedi,darkspear,1615,hunter,survival,39,22,17
8484,Cuddlestomp,magtheridon,1614,hunter,survival,46,24,22
8485,Chimeralol,area-52,1602,hunter,survival,48,30,18
8486,Mckennagrace,tichondrius,1601,hunter,survival,36,23,13
8487,Imapacifist,barthilas,1600,hunter,survival,69,37,32
8488,Nicochan,senjin,1593,hunter,survival,60,26,34
8489,Killshøtß,tichondrius,1589,hunter,survival,66,32,34
8490,Noxickk,sargeras,1587,hunter,survival,30,19,11
8491,Nimeer,tichondrius,1585,hunter,survival,48,26,22
8492,Nandorius,proudmoore,1582,hunter,survival,36,18,18
8493,Anisphia,tichondrius,1579,hunter,survival,46,20,26
8494,Ratonh,ragnaros,1578,hunter,survival,66,35,31
8495,Dorkins,azralon,1577,hunter,survival,51,25,26
8496,Mxabyycc,tichondrius,1571,hunter,survival,42,22,20
8497,Drifting,bleeding-hollow,1569,hunter,survival,54,31,23
8498,Lenacraft,frostmourne,1568,hunter,survival,30,18,12
8499,Køjo,emerald-dream,1564,hunter,survival,38,23,15
8500,Partz,darkspear,1558,hunter,survival,30,18,12
8501,Exh,tichondrius,1556,hunter,survival,59,29,30
8502,Huntasaurus,saurfang,1554,hunter,survival,30,17,13
8503,Berenal,moon-guard,1554,hunter,survival,144,69,75
8504,Limpingspoon,kelthuzad,1553,hunter,survival,85,48,37
8505,Hunterdemond,ragnaros,1544,hunter,survival,47,27,20
8506,Saiiph,bleeding-hollow,1534,hunter,survival,30,16,14
8507,Garfieldbb,tichondrius,1531,hunter,survival,36,16,20
8508,Shooting,sargeras,1527,hunter,survival,52,28,24
8509,Nishinos,tichondrius,1527,hunter,survival,41,17,24
8510,Snowynightt,proudmoore,1527,hunter,survival,42,17,25
8511,Pfizershot,tichondrius,1526,hunter,survival,42,23,19
8512,Sativ,moknathal,1524,hunter,survival,54,27,27
8513,Legalt,tichondrius,1523,hunter,survival,36,20,16
8514,Alby,deathwing,1521,hunter,survival,54,29,25
8515,Pivott,wyrmrest-accord,1521,hunter,survival,136,71,65
8516,Meowtard,kaelthas,1520,hunter,survival,66,31,35
8517,Hildebald,moon-guard,1514,hunter,survival,42,25,17
8518,Tuohnosaj,sargeras,1512,hunter,survival,60,29,31
8519,Dju,stormrage,1510,hunter,survival,36,16,20
8520,Viòlenc,tichondrius,1505,hunter,survival,30,16,14
8521,Xenonviper,bleeding-hollow,1504,hunter,survival,54,25,29
8522,Xtina,drakkari,1498,hunter,survival,53,28,25
8523,Kukulkan,haomarush,1494,hunter,survival,75,39,36
8524,Trap,vashj,1490,hunter,survival,24,16,8
8525,Uhm,laughing-skull,1490,hunter,survival,52,28,24
8526,Pdg,ragnaros,1480,hunter,survival,30,21,9
8527,Rooman,ragnaros,1477,hunter,survival,48,24,24
8528,Hrywnn,azralon,1475,hunter,survival,153,80,73
8529,Nussyo,tichondrius,1474,hunter,survival,30,17,13
8530,Hawkethorn,moon-guard,1468,hunter,survival,48,23,25
8531,Gadorim,kelthuzad,1465,hunter,survival,115,54,61
8532,Lyler,tichondrius,1461,hunter,survival,28,17,11
8533,Dversive,nagrand,1452,hunter,survival,33,18,15
8534,Shadeckz,stormrage,1451,hunter,survival,56,24,32
8535,Altarare,ragnaros,1449,hunter,survival,167,78,89
8536,Ryonel,moon-guard,1446,hunter,survival,95,48,47
8537,Fkurrules,frostmourne,1446,hunter,survival,57,28,29
8538,Jarhar,nesingwary,1445,hunter,survival,66,30,36
8539,Shtealo,ragnaros,1443,hunter,survival,60,31,29
8540,Titanaxis,tichondrius,1438,hunter,survival,83,37,46
8541,Seanpennis,barthilas,1437,hunter,survival,24,15,9
8542,Kensho,illidan,1432,hunter,survival,36,15,21
8543,Caiodluffy,malganis,1428,hunter,survival,30,15,15
8544,Moartraps,zuljin,1425,hunter,survival,24,15,9
8545,Evilfury,tichondrius,1425,hunter,survival,134,65,69
8546,Kula,haomarush,1424,hunter,survival,46,21,25
8547,Axezul,tichondrius,1422,hunter,survival,30,15,15
8548,Grizzlydeath,stormrage,1421,hunter,survival,48,30,18
8549,Exxonerous,sargeras,1414,hunter,survival,72,37,35
8550,Mayamia,ragnaros,1413,hunter,survival,54,24,30
8551,Ivansotes,quelthalas,1409,hunter,survival,39,18,21
8552,Toross,stormscale,1407,hunter,survival,67,27,40
8553,Weedhoof,barthilas,1406,hunter,survival,54,30,24
8554,Aimbotmir,zuljin,1406,hunter,survival,32,16,16
8555,Dudemanyeah,black-dragonflight,1403,hunter,survival,70,32,38
8556,Volkr,bleeding-hollow,1397,hunter,survival,78,37,41
8557,Killconfirm,sargeras,1397,hunter,survival,53,22,31
8558,Fìebs,queldorei,1396,hunter,survival,47,23,24
8559,Luckboy,tichondrius,1390,hunter,survival,73,38,35
8560,Fallacies,moon-guard,1387,hunter,survival,72,35,37
8561,Arsk,ragnaros,1385,hunter,survival,33,15,18
8562,Equilibrium,tol-barad,1367,hunter,survival,38,17,21
8563,Navagee,tichondrius,1364,hunter,survival,47,25,22
8564,Thalrae,quelthalas,1363,hunter,survival,30,16,14
8565,Audiofly,tichondrius,1357,hunter,survival,36,20,16
8566,Darkèlfo,azralon,1356,hunter,survival,42,23,19
8567,Arazian,stormrage,1344,hunter,survival,23,15,8
8568,Lamerpvp,tichondrius,1343,hunter,survival,18,14,4
8569,Ikiteforfood,zuljin,1343,hunter,survival,24,14,10
8570,Covlol,illidan,1343,hunter,survival,30,14,16
8571,Tumerok,barthilas,1342,hunter,survival,24,14,10
8572,Cocobread,stormreaver,1342,hunter,survival,78,32,46
8573,Soyos,sargeras,1342,hunter,survival,41,16,25
8574,Sobit,tichondrius,1339,hunter,survival,24,14,10
8575,Apokryph,stormrage,1338,hunter,survival,42,30,12
8576,Wetpeach,frostmourne,1337,hunter,survival,36,18,18
8577,Sniffler,barthilas,1337,hunter,survival,36,14,22
8578,Vhelkan,senjin,1335,hunter,survival,18,14,4
8579,Pedropete,barthilas,1331,hunter,survival,36,14,22
8580,Bigsexi,kiljaeden,1329,hunter,survival,62,27,35
8581,Asarden,jubeithos,1328,hunter,survival,24,14,10
8582,Bigiesmalls,moon-guard,1320,hunter,survival,30,14,16
8583,Taiberianrex,khazgoroth,1317,hunter,survival,48,28,20
8584,Gildthorn,frostmourne,1314,hunter,survival,24,14,10
8585,Rirand,dalaran,1314,hunter,survival,41,18,23
8586,Dirtysoap,tichondrius,1310,hunter,survival,28,14,14
8587,Gichiwalrus,emerald-dream,1303,hunter,survival,36,20,16
8588,Dreebizz,gorefiend,1294,hunter,survival,62,25,37
8589,Félíx,ragnaros,1292,hunter,survival,36,15,21
8590,Chiad,kargath,1283,hunter,survival,30,18,12
8591,Triplethreat,bleeding-hollow,1282,hunter,survival,36,14,22
8592,Duckpow,frostmourne,1280,hunter,survival,42,16,26
8593,Orgpopeyes,illidan,1275,hunter,survival,37,15,22
8594,Zorht,ragnaros,1270,hunter,survival,76,38,38
8595,Gxswow,tichondrius,1268,hunter,survival,66,30,36
8596,Ghuntcassh,quelthalas,1262,hunter,survival,30,18,12
8597,Chopsley,feathermoon,1261,hunter,survival,41,20,21
8598,Eliandriss,quelthalas,1251,hunter,survival,35,14,21
8599,Briggsx,sargeras,1248,hunter,survival,24,13,11
8600,Fancyox,frostmourne,1247,hunter,survival,18,13,5
8601,Budika,ragnaros,1247,hunter,survival,18,13,5
8602,Hawkem,illidan,1246,hunter,survival,24,13,11
8603,Mlemily,stormrage,1245,hunter,survival,18,13,5
8604,Kurnos,hyjal,1236,hunter,survival,18,13,5
8605,Laralodge,stormrage,1235,hunter,survival,60,26,34
8606,Rogaldornn,thrall,1231,hunter,survival,29,15,14
8607,Rojpube,frostmourne,1215,hunter,survival,29,13,16
8608,Arkeryn,azralon,1203,hunter,survival,18,13,5
8609,Bangerzx,stormrage,1185,hunter,survival,24,13,11
8610,Rairin,tichondrius,1185,hunter,survival,37,16,21
8611,Nigthunt,quelthalas,1176,hunter,survival,27,13,14
8612,Gruì,malganis,1168,hunter,survival,26,13,13
8613,Gigabigly,wyrmrest-accord,1152,hunter,survival,18,12,6
8614,Xyzv,tichondrius,1152,hunter,survival,24,12,12
8615,Henhøuse,illidan,1151,hunter,survival,30,12,18
8616,Åpe,illidan,1150,hunter,survival,18,12,6
8617,Crimsoncoast,tichondrius,1149,hunter,survival,18,12,6
8618,Bolognã,tichondrius,1149,hunter,survival,24,12,12
8619,Giraffetrap,zuljin,1147,hunter,survival,18,12,6
8620,Tharoks,tichondrius,1147,hunter,survival,18,12,6
8621,Freebeë,area-52,1147,hunter,survival,24,12,12
8622,Kyujin,ragnaros,1147,hunter,survival,24,12,12
8623,Vinnieone,kiljaeden,1144,hunter,survival,18,12,6
8624,Ronnïn,proudmoore,1144,hunter,survival,24,12,12
8625,Henesis,sargeras,1139,hunter,survival,24,12,12
8626,Arcos,emerald-dream,1138,hunter,survival,18,12,6
8627,Xitara,stormrage,1137,hunter,survival,24,12,12
8628,Huntardadoo,nemesis,1135,hunter,survival,23,12,11
8629,Eastera,tichondrius,1119,hunter,survival,68,30,38
8630,Poston,ragnaros,1116,hunter,survival,29,12,17
8631,Allahakbar,ragnaros,1110,hunter,survival,24,12,12
8632,Nanotorque,moon-guard,1104,hunter,survival,55,23,32
8633,Wartoz,dragonblight,1056,hunter,survival,35,23,12
8634,Scythedom,tichondrius,1056,hunter,survival,18,11,7
8635,Tøkÿöghøül,agamaggan,1056,hunter,survival,18,11,7
8636,Saltstream,tichondrius,1056,hunter,survival,24,11,13
8637,Shootin,frostmourne,1055,hunter,survival,18,11,7
8638,Viólenc,tichondrius,1055,hunter,survival,18,11,7
8639,Plsbepatient,wyrmrest-accord,1054,hunter,survival,18,11,7
8640,Kenjipoo,tichondrius,1054,hunter,survival,18,11,7
8641,Skàdii,tichondrius,1054,hunter,survival,24,11,13
8642,Expskippy,darkspear,1053,hunter,survival,18,12,6
8643,Jaw,hakkar,1053,hunter,survival,18,11,7
8644,Reignwolf,nemesis,1053,hunter,survival,18,11,7
8645,Schurk,illidan,1051,hunter,survival,24,11,13
8646,Helïos,drakkari,1051,hunter,survival,24,11,13
8647,Panm,runetotem,1034,hunter,survival,27,12,15
8648,Vansatih,azralon,1020,hunter,survival,30,17,13
8649,Gairkill,area-52,1013,hunter,survival,60,33,27
8650,Aniraza,ragnaros,999,hunter,survival,21,11,10
8651,Lucarcher,stormrage,988,hunter,survival,17,11,6
8652,Thrandrial,smolderthorn,985,hunter,survival,20,11,9
8653,Hellrayserr,azralon,970,hunter,survival,24,11,13
8654,Vanthel,ragnaros,966,hunter,survival,27,12,15
8655,Ickstab,illidan,960,hunter,survival,12,10,2
8656,Boogiemas,akama,960,hunter,survival,12,10,2
8657,Dirtysoap,sargeras,960,hunter,survival,24,10,14
8658,Corpo,area-52,960,hunter,survival,24,10,14
8659,Zipzyo,tichondrius,960,hunter,survival,24,10,14
8660,Exhausted,blackrock,960,hunter,survival,36,10,26
8661,Kêdokî,sargeras,959,hunter,survival,12,10,2
8662,Ifoxs,bleeding-hollow,959,hunter,survival,18,10,8
8663,Plainrain,tichondrius,959,hunter,survival,18,10,8
8664,Svhunt,frostmourne,959,hunter,survival,20,10,10
8665,Pathofsexile,tichondrius,959,hunter,survival,24,10,14
8666,Downer,antonidas,958,hunter,survival,24,10,14
8667,Daréz,blackrock,956,hunter,survival,16,11,5
8668,Ariädne,sargeras,956,hunter,survival,30,10,20
8669,Viró,sargeras,955,hunter,survival,18,10,8
8670,Syvarris,medivh,943,hunter,survival,17,10,7
8671,Demtings,dark-iron,925,hunter,survival,32,11,21
8672,Lavo,borean-tundra,923,hunter,survival,25,10,15
8673,Survïvalïst,bleeding-hollow,911,hunter,survival,17,10,7
8674,Liñcoln,sargeras,895,hunter,survival,16,10,6
8675,Khaoskills,thunderlord,884,hunter,survival,24,11,13
8676,Tigglyjits,tichondrius,864,hunter,survival,12,9,3
8677,Weedzy,tichondrius,864,hunter,survival,12,9,3
8678,Puffcopeak,illidan,864,hunter,survival,12,9,3
8679,Krømatik,tichondrius,864,hunter,survival,12,9,3
8680,Ferex,tichondrius,864,hunter,survival,18,9,9
8681,Drunknachos,bleeding-hollow,864,hunter,survival,18,9,9
8682,Desari,thunderhorn,864,hunter,survival,18,9,9
8683,Scottmeyers,proudmoore,864,hunter,survival,24,9,15
8684,Rhyzen,drenden,863,hunter,survival,12,9,3
8685,Randël,nemesis,863,hunter,survival,12,9,3
8686,Wingclippin,stormrage,863,hunter,survival,15,10,5
8687,Sarvaxagar,tichondrius,863,hunter,survival,18,9,9
8688,Dooper,malfurion,863,hunter,survival,18,9,9
8689,Kimbaa,tichondrius,863,hunter,survival,18,9,9
8690,Vulkru,azralon,862,hunter,survival,18,9,9
8691,Civvo,dalaran,862,hunter,survival,21,10,11
8692,Dephobius,azralon,861,hunter,survival,24,9,15
8693,Zotahunterx,ragnaros,859,hunter,survival,24,9,15
8694,Obsididan,aerie-peak,855,hunter,survival,24,9,15
8695,Prettysure,nesingwary,851,hunter,survival,25,12,13
8696,Shukucingjr,illidan,842,hunter,survival,18,9,9
8697,Trapgodxo,moon-guard,816,hunter,survival,15,10,5
8698,Iizerd,illidan,768,hunter,survival,12,8,4
8699,Scytsbow,illidan,768,hunter,survival,12,8,4
8700,Toozz,frostmourne,768,hunter,survival,12,8,4
8701,Tyjes,stormrage,768,hunter,survival,12,8,4
8702,Pokìmane,tichondrius,768,hunter,survival,12,8,4
8703,Hazzeth,thrall,768,hunter,survival,12,8,4
8704,Landscape,kiljaeden,768,hunter,survival,12,8,4
8705,Fineye,illidan,768,hunter,survival,14,8,6
8706,Covlolzz,illidan,768,hunter,survival,18,8,10
8707,Diddycombe,stormrage,768,hunter,survival,18,8,10
8708,Kimssis,tichondrius,768,hunter,survival,18,8,10
8709,Krouno,ragnaros,768,hunter,survival,18,8,10
8710,Buttercocoa,kelthuzad,768,hunter,survival,18,8,10
8711,Ripsurvival,area-52,767,hunter,survival,12,8,4
8712,Bicflop,azralon,767,hunter,survival,12,8,4
8713,Packlead,sargeras,767,hunter,survival,12,8,4
8714,Chokemescara,stormrage,767,hunter,survival,30,8,22
8715,Greyh,madoran,766,hunter,survival,12,8,4
8716,Lashga,wyrmrest-accord,766,hunter,survival,30,8,22
8717,Lohse,emerald-dream,765,hunter,survival,18,8,10
8718,Chicall,kalecgos,765,hunter,survival,18,8,10
8719,Sterge,maiev,764,hunter,survival,18,8,10
8720,Haumer,wyrmrest-accord,763,hunter,survival,12,8,4
8721,Iraxium,illidan,735,hunter,survival,14,9,5
8722,Dirtypolee,bleeding-hollow,719,hunter,survival,17,8,9
8723,Thrakgor,wyrmrest-accord,713,hunter,survival,23,10,13
8724,Notnunca,tichondrius,688,hunter,survival,19,8,11
8725,Shinhyez,tichondrius,672,hunter,survival,12,7,5
8726,Mattyhuntz,tichondrius,672,hunter,survival,12,7,5
8727,Rickybobby,warsong,672,hunter,survival,12,7,5
8728,Magvez,tichondrius,672,hunter,survival,12,7,5
8729,Ozzsimp,stormrage,672,hunter,survival,12,7,5
8730,Twodoobies,ghostlands,672,hunter,survival,12,7,5
8731,Oronir,frostmourne,672,hunter,survival,12,7,5
8732,Arcobaleno,tichondrius,672,hunter,survival,12,7,5
8733,Lovevv,frostmourne,672,hunter,survival,12,7,5
8734,Fannypacks,dragonmaw,672,hunter,survival,12,7,5
8735,Arraza,ragnaros,672,hunter,survival,12,7,5
8736,Pfheign,area-52,672,hunter,survival,12,7,5
8737,Bombbot,zuljin,672,hunter,survival,18,7,11
8738,Snoopinator,malganis,672,hunter,survival,18,7,11
8739,Venoc,bleeding-hollow,672,hunter,survival,18,7,11
8740,Trumpmerica,illidan,672,hunter,survival,18,7,11
8741,Porrainga,auchindoun,672,hunter,survival,18,7,11
8742,Mmchode,zuljin,672,hunter,survival,18,7,11
8743,Acres,emerald-dream,672,hunter,survival,24,7,17
8744,Genocell,thunderlord,671,hunter,survival,12,7,5
8745,Gunka,illidan,671,hunter,survival,12,7,5
8746,Kyoü,drakkari,670,hunter,survival,12,7,5
8747,Catboikilla,ravencrest,639,hunter,survival,17,7,10
8748,Rotthem,ragnaros,638,hunter,survival,20,8,12
8749,Trappin,malganis,623,hunter,survival,11,7,4
8750,Arrebol,tichondrius,608,hunter,survival,16,7,9
8751,Odynshowl,stormrage,605,hunter,survival,11,7,4
8752,Virindi,barthilas,576,hunter,survival,6,6,0
8753,Ðevil,ragnaros,576,hunter,survival,6,6,0
8754,Ÿöskë,tichondrius,576,hunter,survival,6,6,0
8755,Ivanjackenov,illidan,576,hunter,survival,10,7,3
8756,Maxlol,stormrage,576,hunter,survival,12,6,6
8757,Turkshot,area-52,576,hunter,survival,12,6,6
8758,Frêäkk,ragnaros,576,hunter,survival,12,6,6
8759,Traponomics,stormrage,576,hunter,survival,12,6,6
8760,Jésús,dalaran,576,hunter,survival,12,6,6
8761,Raiku,aggramar,576,hunter,survival,12,6,6
8762,Moroally,sargeras,576,hunter,survival,12,6,6
8763,Töxic,dalaran,576,hunter,survival,12,6,6
8764,Htniss,tichondrius,576,hunter,survival,12,6,6
8765,Crumpit,moon-guard,576,hunter,survival,12,6,6
8766,Haemøphilus,area-52,576,hunter,survival,12,6,6
8767,Jubulba,frostwolf,576,hunter,survival,12,6,6
8768,Piñg,tichondrius,576,hunter,survival,12,6,6
8769,Rúdrá,area-52,576,hunter,survival,18,6,12
8770,Emart,bloodhoof,576,hunter,survival,18,6,12
8771,Týrak,illidan,575,hunter,survival,12,6,6
8772,Xeiana,proudmoore,575,hunter,survival,12,6,6
8773,Xfo,bleeding-hollow,575,hunter,survival,12,6,6
8774,Animityx,illidan,575,hunter,survival,12,6,6
8775,Rayuwa,azralon,575,hunter,survival,16,7,9
8776,Bushytails,illidan,573,hunter,survival,18,6,12
8777,Blaymorrd,senjin,571,hunter,survival,12,6,6
8778,Zhafiro,drakkari,570,hunter,survival,12,6,6
8779,Opsi,ragnaros,559,hunter,survival,11,6,5
8780,Tyrokk,barthilas,543,hunter,survival,18,6,12
8781,Warhog,wyrmrest-accord,527,hunter,survival,11,6,5
8782,Dräkö,tichondrius,527,hunter,survival,15,7,8
8783,Pxry,drenden,511,hunter,survival,11,6,5
8784,Jäger,zuljin,480,hunter,survival,6,5,1
8785,Vânillaice,stormrage,480,hunter,survival,6,5,1
8786,Kekkww,hyjal,480,hunter,survival,6,5,1
8787,Met,dentarg,480,hunter,survival,6,5,1
8788,Gufanyaun,tichondrius,480,hunter,survival,6,5,1
8789,Tmzsteezy,tichondrius,480,hunter,survival,6,5,1
8790,Selenis,khadgar,480,hunter,survival,6,5,1
8791,Jonah,sargeras,480,hunter,survival,6,5,1
8792,Narukín,tichondrius,480,hunter,survival,6,5,1
8793,Neverturtlex,tichondrius,480,hunter,survival,6,5,1
8794,Mìtáng,moon-guard,480,hunter,survival,12,5,7
8795,Shytshot,dalaran,480,hunter,survival,12,5,7
8796,Downrange,stonemaul,480,hunter,survival,12,5,7
8797,Firskin,frostmourne,480,hunter,survival,12,5,7
8798,Mambothehunt,stormrage,480,hunter,survival,12,5,7
8799,Minxed,sargeras,480,hunter,survival,12,5,7
8800,Shootnoscore,vashj,480,hunter,survival,15,6,9
8801,Snipin,ragnaros,480,hunter,survival,18,5,13
8802,Belvhar,skullcrusher,479,hunter,survival,12,5,7
8803,Sealteamrick,frostmourne,479,hunter,survival,12,5,7
8804,Querosushi,ragnaros,479,hunter,survival,12,5,7
8805,Mypeach,frostmourne,479,hunter,survival,18,5,13
8806,Lesseneth,aegwynn,479,hunter,survival,18,5,13
8807,Thoriden,amanthul,479,hunter,survival,24,5,19
8808,Darkarrow,hyjal,400,hunter,survival,7,5,2
8809,Jawbreakër,tichondrius,400,hunter,survival,13,5,8
8810,Æßç,ragnaros,384,hunter,survival,6,4,2
8811,Mokuraak,emerald-dream,384,hunter,survival,6,4,2
8812,Petstun,moon-guard,384,hunter,survival,6,4,2
8813,Bendoon,sargeras,384,hunter,survival,6,4,2
8814,Sarqis,lightbringer,384,hunter,survival,6,4,2
8815,Bigpets,azralon,384,hunter,survival,6,4,2
8816,Ziaxel,bleeding-hollow,384,hunter,survival,6,4,2
8817,Draban,stormrage,384,hunter,survival,6,4,2
8818,Trapdaddyx,thrall,384,hunter,survival,6,4,2
8819,Terapista,area-52,384,hunter,survival,6,4,2
8820,Huntardxo,moon-guard,384,hunter,survival,6,4,2
8821,Broskina,stormrage,384,hunter,survival,6,4,2
8822,Ehhee,twisting-nether,384,hunter,survival,6,4,2
8823,Rankonee,area-52,384,hunter,survival,6,4,2
8824,Chasseür,quelthalas,384,hunter,survival,6,4,2
8825,Alfaan,moon-guard,384,hunter,survival,6,4,2
8826,Ðfac,moon-guard,384,hunter,survival,6,4,2
8827,Equalizér,sargeras,384,hunter,survival,6,4,2
8828,Ikitefordmt,zuljin,384,hunter,survival,6,4,2
8829,Swagprince,skullcrusher,384,hunter,survival,6,4,2
8830,Thefanbus,tichondrius,384,hunter,survival,6,4,2
8831,Nastoid,area-52,384,hunter,survival,6,4,2
8832,Sensator,barthilas,384,hunter,survival,6,4,2
8833,Boomseed,nagrand,384,hunter,survival,6,4,2
8834,Ruskö,tichondrius,384,hunter,survival,7,4,3
8835,Hyena,kelthuzad,384,hunter,survival,9,5,4
8836,Oatmeallover,stormrage,384,hunter,survival,12,4,8
8837,Éygon,sargeras,384,hunter,survival,12,4,8
8838,Camfeed,illidan,384,hunter,survival,12,4,8
8839,Zänich,tichondrius,384,hunter,survival,12,4,8
8840,Ariran,illidan,384,hunter,survival,12,4,8
8841,Gunicks,illidan,384,hunter,survival,12,4,8
8842,Stupidgodx,tichondrius,384,hunter,survival,12,4,8
8843,Eforas,ragnaros,384,hunter,survival,12,4,8
8844,Fâpple,stormrage,384,hunter,survival,12,4,8
8845,Lahinch,darkspear,384,hunter,survival,12,4,8
8846,Braindeadorc,illidan,384,hunter,survival,12,4,8
8847,Wkx,tichondrius,384,hunter,survival,12,4,8
8848,Violénc,tichondrius,384,hunter,survival,12,4,8
8849,Aaggros,sargeras,384,hunter,survival,12,4,8
8850,Keenz,frostmourne,384,hunter,survival,12,4,8
8851,Wolfsok,norgannon,384,hunter,survival,12,4,8
8852,Skriill,tichondrius,384,hunter,survival,12,4,8
8853,Cakeislife,kelthuzad,384,hunter,survival,18,4,14
8854,Tydee,nagrand,383,hunter,survival,18,4,14
8855,Embaçado,bleeding-hollow,288,hunter,survival,6,3,3
8856,Whitemàne,dalaran,288,hunter,survival,6,3,3
8857,Inheart,khazgoroth,288,hunter,survival,6,3,3
8858,Wooftoof,frostmourne,288,hunter,survival,6,3,3
8859,Ünitedi,nemesis,288,hunter,survival,6,3,3
8860,Pistolon,quelthalas,288,hunter,survival,6,3,3
8861,Makeastinky,malfurion,288,hunter,survival,6,3,3
8862,Yoonsukyeol,tichondrius,288,hunter,survival,6,3,3
8863,Trapmasterx,tichondrius,288,hunter,survival,6,3,3
8864,Dirtymongrel,barthilas,288,hunter,survival,6,3,3
8865,Onécare,bleeding-hollow,288,hunter,survival,6,3,3
8866,Petkd,frostmourne,288,hunter,survival,6,3,3
8867,Anêmos,ragnaros,288,hunter,survival,6,3,3
8868,Hazzersk,ragnaros,288,hunter,survival,6,3,3
8869,Trenbolone,frostmourne,288,hunter,survival,6,3,3
8870,Yøske,tichondrius,288,hunter,survival,6,3,3
8871,Mistrj,frostmourne,288,hunter,survival,6,3,3
8872,Furipoon,stormrage,288,hunter,survival,6,3,3
8873,Slowhunterr,tichondrius,288,hunter,survival,6,3,3
8874,Fälke,stormrage,288,hunter,survival,6,3,3
8875,Gorgrokk,area-52,288,hunter,survival,6,3,3
8876,Calidian,moon-guard,288,hunter,survival,6,3,3
8877,Kukulkán,muradin,288,hunter,survival,6,3,3
8878,Pridefulzjr,stormrage,288,hunter,survival,6,3,3
8879,Meowimadog,spinebreaker,288,hunter,survival,6,3,3
8880,Gaahl,aggramar,288,hunter,survival,6,3,3
8881,Turquesaa,wyrmrest-accord,288,hunter,survival,6,3,3
8882,Cantantie,tichondrius,288,hunter,survival,6,3,3
8883,Twom,area-52,288,hunter,survival,6,3,3
8884,Zà,sargeras,288,hunter,survival,6,3,3
8885,Moistbooger,emerald-dream,288,hunter,survival,6,3,3
8886,Soul,sargeras,288,hunter,survival,6,3,3
8887,Hediilyan,azralon,288,hunter,survival,6,3,3
8888,Thesniperx,sargeras,288,hunter,survival,6,3,3
8889,Soulwarden,haomarush,288,hunter,survival,6,3,3
8890,Loogan,sargeras,288,hunter,survival,6,3,3
8891,Calvarîam,korgath,288,hunter,survival,12,3,9
8892,Cndavyjones,akama,288,hunter,survival,12,3,9
8893,Iol,blades-edge,288,hunter,survival,12,3,9
8894,Aiyanafox,moon-guard,288,hunter,survival,12,3,9
8895,Daxar,ragnaros,288,hunter,survival,12,3,9
8896,Kharñe,tichondrius,288,hunter,survival,12,3,9
8897,Lixniqua,tichondrius,288,hunter,survival,12,3,9
8898,Gutshott,tichondrius,288,hunter,survival,12,3,9
8899,Drunkbunny,tichondrius,271,hunter,survival,11,3,8
8900,Mokaonly,wildhammer,256,hunter,survival,8,4,4
8901,Yogurtti,zuljin,239,hunter,survival,5,3,2
8902,Hovahdo,proudmoore,239,hunter,survival,5,3,2
8903,Ungrella,malganis,239,hunter,survival,5,3,2
8904,Raeshots,area-52,233,hunter,survival,15,5,10
8905,Moscato,cenarion-circle,232,hunter,survival,14,4,10
8906,Rinehart,dalaran,223,hunter,survival,8,3,5
8907,Casadega,sargeras,192,hunter,survival,4,3,1
8908,Sebastian,blackhand,192,hunter,survival,6,2,4
8909,Gobygobbs,magtheridon,192,hunter,survival,6,2,4
8910,Rimbar,ysera,192,hunter,survival,6,2,4
8911,Shaftgravy,area-52,192,hunter,survival,6,2,4
8912,Zackèse,area-52,192,hunter,survival,6,2,4
8913,Zèd,azralon,192,hunter,survival,6,2,4
8914,Pedropete,frostmourne,192,hunter,survival,6,2,4
8915,Linova,stormrage,192,hunter,survival,6,2,4
8916,Rainzs,stormrage,192,hunter,survival,6,2,4
8917,Splewsh,area-52,192,hunter,survival,6,2,4
8918,Nahzah,stormrage,192,hunter,survival,6,2,4
8919,Achilles,twisting-nether,192,hunter,survival,6,2,4
8920,Trígger,azshara,192,hunter,survival,6,2,4
8921,Gaim,dalaran,192,hunter,survival,6,2,4
8922,Gswag,malganis,192,hunter,survival,6,2,4
8923,Buggyhuntz,stormrage,192,hunter,survival,6,2,4
8924,Comebacks,ragnaros,192,hunter,survival,6,2,4
8925,Dfnhdft,stormrage,192,hunter,survival,6,2,4
8926,Eclipsie,aerie-peak,192,hunter,survival,6,2,4
8927,Mckim,tichondrius,192,hunter,survival,6,2,4
8928,Sunchea,arygos,192,hunter,survival,6,2,4
8929,Vietnrg,doomhammer,192,hunter,survival,6,2,4
8930,Bboo,bonechewer,192,hunter,survival,6,2,4
8931,Araghrn,draktharon,192,hunter,survival,6,2,4
8932,Zellor,wyrmrest-accord,192,hunter,survival,6,2,4
8933,Blackjesu,blackrock,192,hunter,survival,6,2,4
8934,Slipox,sargeras,192,hunter,survival,6,2,4
8935,Côckblocked,tichondrius,192,hunter,survival,6,2,4
8936,Sukr,korgath,192,hunter,survival,6,2,4
8937,Cosmodome,daggerspine,192,hunter,survival,6,2,4
8938,Stylebende,tichondrius,192,hunter,survival,6,2,4
8939,Acidhunt,tichondrius,192,hunter,survival,6,2,4
8940,Egurl,firetree,192,hunter,survival,6,2,4
8941,Loochlin,sargeras,192,hunter,survival,6,2,4
8942,Shakeasaurus,sargeras,192,hunter,survival,6,2,4
8943,Imraghorn,sargeras,192,hunter,survival,6,2,4
8944,Nelandris,tichondrius,192,hunter,survival,6,2,4
8945,Kaldrool,frostmourne,192,hunter,survival,12,2,10
8946,Skrìms,tichondrius,192,hunter,survival,12,2,10
8947,Lawafla,area-52,138,hunter,survival,8,3,5
8948,Xradû,dawnbringer,138,hunter,survival,9,3,6
8949,Bránn,quelthalas,128,hunter,survival,4,2,2
8950,Narakara,stormreaver,128,hunter,survival,5,2,3
8951,Wakkå,mugthol,96,hunter,survival,3,2,1
8952,Whitecake,area-52,96,hunter,survival,3,2,1
8953,Esser,mannoroth,96,hunter,survival,6,1,5
8954,Sobala,azralon,96,hunter,survival,6,1,5
8955,Lammy,bleeding-hollow,96,hunter,survival,6,1,5
8956,Dusle,azralon,96,hunter,survival,6,1,5
8957,Nevertraps,tichondrius,96,hunter,survival,6,1,5
8958,Jîlt,aerie-peak,96,hunter,survival,6,1,5
8959,Bloodarrow,tichondrius,96,hunter,survival,6,1,5
8960,Firesail,kelthuzad,96,hunter,survival,6,1,5
8961,Weegnomie,wyrmrest-accord,96,hunter,survival,6,1,5
8962,Survbot,malganis,96,hunter,survival,6,1,5
8963,Fearlesarrow,suramar,96,hunter,survival,6,1,5
8964,Lance,darrowmere,96,hunter,survival,6,1,5
8965,Legosshi,darrowmere,96,hunter,survival,6,1,5
8966,Morganson,moon-guard,96,hunter,survival,6,1,5
8967,Waylòn,moon-guard,96,hunter,survival,6,1,5
8968,Tejodite,thrall,96,hunter,survival,6,1,5
8969,Taofang,emerald-dream,96,hunter,survival,6,1,5
8970,Feorbxl,proudmoore,96,hunter,survival,6,1,5
8971,Montakka,illidan,79,hunter,survival,5,1,4
8972,Luangg,tichondrius,31,hunter,survival,2,1,1
8973,Therealpafo,tichondrius,31,hunter,survival,8,1,7
8974,Saiiph,bleeding-hollow,2274,hunter,beastmastery,136,76,60
8975,Sphericsnow,shuhalo,2210,hunter,beastmastery,95,51,44
8976,Missedmytrap,agamaggan,2149,hunter,beastmastery,80,46,34
8977,Maiyev,quelthalas,2127,hunter,beastmastery,83,48,35
8978,Eref,sargeras,2085,hunter,beastmastery,66,35,31
8979,Wmsgs,tichondrius,2077,hunter,beastmastery,118,58,60
8980,Fish,darkspear,2070,hunter,beastmastery,90,45,45
8981,Antø,tichondrius,2059,hunter,beastmastery,99,50,49
8982,Hfn,stormrage,2058,hunter,beastmastery,70,37,33
8983,Warpath,ursin,2057,hunter,beastmastery,102,56,46
8984,Manyu,tichondrius,2035,hunter,beastmastery,69,34,35
8985,Axlee,tichondrius,2003,hunter,beastmastery,72,36,36
8986,Cannondale,tichondrius,1993,hunter,beastmastery,36,21,15
8987,Hazzersk,ragnaros,1986,hunter,beastmastery,125,59,66
8988,Beastmunster,frostmourne,1984,hunter,beastmastery,72,34,38
8989,Pokìmane,tichondrius,1980,hunter,beastmastery,74,44,30
8990,Kensho,illidan,1968,hunter,beastmastery,86,45,41
8991,Zujo,emerald-dream,1958,hunter,beastmastery,143,68,75
8992,Arcobaleno,tichondrius,1952,hunter,beastmastery,89,44,45
8993,Orber,stormrage,1946,hunter,beastmastery,188,99,89
8994,Øverdose,ragnaros,1935,hunter,beastmastery,54,28,26
8995,Zugbrained,illidan,1925,hunter,beastmastery,142,78,64
8996,Blackathena,tichondrius,1924,hunter,beastmastery,90,47,43
8997,Arsk,ragnaros,1923,hunter,beastmastery,101,52,49
8998,Wodhunterxdd,sargeras,1915,hunter,beastmastery,70,34,36
8999,Ashenga,cairne,1910,hunter,beastmastery,114,64,50
9000,Nollzey,frostmourne,1903,hunter,beastmastery,39,21,18
9001,Outz,anvilmar,1901,hunter,beastmastery,162,79,83
9002,Pãrzival,tichondrius,1896,hunter,beastmastery,42,20,22
9003,Nyxus,tichondrius,1887,hunter,beastmastery,125,63,62
9004,Lamerpvp,tichondrius,1885,hunter,beastmastery,50,31,19
9005,Headshotzplz,tichondrius,1885,hunter,beastmastery,56,30,26
9006,Edarkness,gurubashi,1885,hunter,beastmastery,71,35,36
9007,Perawantua,frostmourne,1878,hunter,beastmastery,61,35,26
9008,Ñotorious,frostmane,1878,hunter,beastmastery,42,24,18
9009,Genom,tichondrius,1874,hunter,beastmastery,172,85,87
9010,Argryta,azralon,1872,hunter,beastmastery,47,22,25
9011,Graar,tichondrius,1871,hunter,beastmastery,48,25,23
9012,Illweedx,kiljaeden,1870,hunter,beastmastery,71,36,35
9013,Hogx,sargeras,1862,hunter,beastmastery,72,32,40
9014,Bogen,nemesis,1861,hunter,beastmastery,40,25,15
9015,Lkw,tichondrius,1859,hunter,beastmastery,50,23,27
9016,Nelay,ragnaros,1856,hunter,beastmastery,94,53,41
9017,Koridelse,nemesis,1854,hunter,beastmastery,126,62,64
9018,Faniquitinha,stormrage,1854,hunter,beastmastery,54,25,29
9019,Trappxy,sargeras,1851,hunter,beastmastery,48,27,21
9020,Inktray,durotan,1844,hunter,beastmastery,37,22,15
9021,Ðeatheater,tichondrius,1843,hunter,beastmastery,41,21,20
9022,Ucl,tichondrius,1843,hunter,beastmastery,54,27,27
9023,Aqq,moon-guard,1842,hunter,beastmastery,98,58,40
9024,Nutellacrepe,kelthuzad,1842,hunter,beastmastery,134,67,67
9025,Monffbe,tichondrius,1842,hunter,beastmastery,60,28,32
9026,Mørodox,sargeras,1834,hunter,beastmastery,54,24,30
9027,Absinther,emerald-dream,1829,hunter,beastmastery,66,41,25
9028,Negãn,tichondrius,1826,hunter,beastmastery,80,41,39
9029,Sosaho,sargeras,1825,hunter,beastmastery,41,21,20
9030,Phatshiet,anvilmar,1823,hunter,beastmastery,50,31,19
9031,Zefbaby,quelthalas,1822,hunter,beastmastery,66,31,35
9032,Zeddead,magtheridon,1821,hunter,beastmastery,117,58,59
9033,Tyreu,tichondrius,1820,hunter,beastmastery,59,30,29
9034,Torolol,tichondrius,1819,hunter,beastmastery,126,73,53
9035,Grimrokk,malganis,1819,hunter,beastmastery,78,40,38
9036,Scuffedshots,tichondrius,1817,hunter,beastmastery,74,43,31
9037,Flitt,zuljin,1815,hunter,beastmastery,36,19,17
9038,Audeline,tichondrius,1815,hunter,beastmastery,69,33,36
9039,Goonsh,tichondrius,1813,hunter,beastmastery,40,25,15
9040,Asukaw,barthilas,1813,hunter,beastmastery,57,28,29
9041,Tracershot,malganis,1812,hunter,beastmastery,77,48,29
9042,Pathofsexile,tichondrius,1812,hunter,beastmastery,87,41,46
9043,Kybelís,dalaran,1810,hunter,beastmastery,110,61,49
9044,Fockewulf,dragonmaw,1807,hunter,beastmastery,84,39,45
9045,Zumago,tichondrius,1806,hunter,beastmastery,95,42,53
9046,Swang,kiljaeden,1805,hunter,beastmastery,49,24,25
9047,Phayzd,sargeras,1804,hunter,beastmastery,48,28,20
9048,Warcher,azralon,1802,hunter,beastmastery,60,32,28
9049,Veevx,proudmoore,1801,hunter,beastmastery,53,35,18
9050,Jsgun,illidan,1800,hunter,beastmastery,38,25,13
9051,Shafttrapper,queldorei,1800,hunter,beastmastery,119,64,55
9052,Funkyjunk,arthas,1799,hunter,beastmastery,66,32,34
9053,Kwinoah,zuljin,1796,hunter,beastmastery,90,47,43
9054,Vëëv,proudmoore,1783,hunter,beastmastery,65,29,36
9055,Easonl,tichondrius,1783,hunter,beastmastery,72,27,45
9056,Xgoh,sargeras,1782,hunter,beastmastery,42,22,20
9057,Liarael,illidan,1779,hunter,beastmastery,95,46,49
9058,Hunterphil,hyjal,1775,hunter,beastmastery,48,30,18
9059,Kabalaku,moon-guard,1771,hunter,beastmastery,112,62,50
9060,Quietqt,ragnaros,1770,hunter,beastmastery,106,54,52
9061,Kangarookyle,illidan,1768,hunter,beastmastery,66,42,24
9062,Jeffersan,illidan,1767,hunter,beastmastery,143,67,76
9063,Tytonic,bleeding-hollow,1766,hunter,beastmastery,36,22,14
9064,Auwstin,tichondrius,1765,hunter,beastmastery,49,27,22
9065,Songhammer,tichondrius,1755,hunter,beastmastery,71,39,32
9066,Zå,dalaran,1750,hunter,beastmastery,40,22,18
9067,Madbéê,tichondrius,1741,hunter,beastmastery,41,19,22
9068,Mauklindaufe,fenris,1737,hunter,beastmastery,69,38,31
9069,Sobewan,staghelm,1737,hunter,beastmastery,56,25,31
9070,Livelovelaff,tichondrius,1736,hunter,beastmastery,48,26,22
9071,Shablagoosh,zuljin,1733,hunter,beastmastery,31,23,8
9072,Dahmer,greymane,1732,hunter,beastmastery,62,29,33
9073,Melov,frostmourne,1730,hunter,beastmastery,64,30,34
9074,Sniper,area-52,1727,hunter,beastmastery,71,35,36
9075,Drektorath,bleeding-hollow,1725,hunter,beastmastery,54,25,29
9076,Krunkz,frostmourne,1724,hunter,beastmastery,53,33,20
9077,Mugiwara,frostwolf,1723,hunter,beastmastery,30,18,12
9078,Reparcero,quelthalas,1723,hunter,beastmastery,42,20,22
9079,Bootydoo,illidan,1721,hunter,beastmastery,124,64,60
9080,Kytan,shadowmoon,1720,hunter,beastmastery,150,70,80
9081,Twixzorz,boulderfist,1716,hunter,beastmastery,60,28,32
9082,Edelyysa,arthas,1711,hunter,beastmastery,180,89,91
9083,Kushaddict,lightnings-blade,1711,hunter,beastmastery,96,43,53
9084,Lenacraft,frostmourne,1708,hunter,beastmastery,24,18,6
9085,Cuchulláin,area-52,1707,hunter,beastmastery,108,55,53
9086,Facerolled,area-52,1699,hunter,beastmastery,63,40,23
9087,Sindragostra,tichondrius,1697,hunter,beastmastery,72,38,34
9088,Bolanite,illidan,1696,hunter,beastmastery,36,20,16
9089,Koalahunter,area-52,1696,hunter,beastmastery,62,25,37
9090,Kyló,sargeras,1695,hunter,beastmastery,42,21,21
9091,Jfkd,sargeras,1694,hunter,beastmastery,52,21,31
9092,Dju,stormrage,1693,hunter,beastmastery,65,31,34
9093,Hogd,sargeras,1691,hunter,beastmastery,36,20,16
9094,Raymose,tichondrius,1691,hunter,beastmastery,36,18,18
9095,Sissleto,tichondrius,1691,hunter,beastmastery,130,64,66
9096,Turtlegirl,tichondrius,1687,hunter,beastmastery,35,18,17
9097,Biehuixin,tichondrius,1685,hunter,beastmastery,50,27,23
9098,Hollymarie,nazjatar,1684,hunter,beastmastery,30,21,9
9099,Nerfthepet,blackrock,1682,hunter,beastmastery,42,25,17
9100,Lucki,blades-edge,1682,hunter,beastmastery,48,27,21
9101,Silverbite,garona,1678,hunter,beastmastery,92,51,41
9102,Coopshot,darkspear,1675,hunter,beastmastery,69,40,29
9103,Saiiphz,bleeding-hollow,1675,hunter,beastmastery,40,22,18
9104,Comebacks,ragnaros,1675,hunter,beastmastery,42,21,21
9105,Tuân,azgalor,1674,hunter,beastmastery,36,23,13
9106,Alaurys,moon-guard,1674,hunter,beastmastery,35,18,17
9107,Toxarch,aggramar,1672,hunter,beastmastery,60,33,27
9108,Bowrockobama,illidan,1665,hunter,beastmastery,45,25,20
9109,Dreygar,dawnbringer,1664,hunter,beastmastery,72,39,33
9110,Cresselia,drakkari,1664,hunter,beastmastery,48,26,22
9111,Illsugoi,frostwolf,1663,hunter,beastmastery,51,25,26
9112,Hokutoxx,tichondrius,1663,hunter,beastmastery,61,25,36
9113,Sniperælite,korgath,1657,hunter,beastmastery,37,22,15
9114,Dpdóugh,illidan,1655,hunter,beastmastery,100,53,47
9115,Rndx,sargeras,1653,hunter,beastmastery,46,20,26
9116,Skywvlker,illidan,1652,hunter,beastmastery,41,18,23
9117,Ipickmynose,tichondrius,1645,hunter,beastmastery,45,27,18
9118,Mlemily,stormrage,1643,hunter,beastmastery,63,36,27
9119,Mythxplosive,ragnaros,1636,hunter,beastmastery,47,19,28
9120,Drakarth,khazgoroth,1635,hunter,beastmastery,47,22,25
9121,Parnicyon,frostmourne,1634,hunter,beastmastery,115,63,52
9122,Eastwood,tichondrius,1634,hunter,beastmastery,74,32,42
9123,Mambothehunt,stormrage,1633,hunter,beastmastery,41,19,22
9124,Asurvivor,suramar,1630,hunter,beastmastery,90,48,42
9125,Nobito,quelthalas,1629,hunter,beastmastery,79,43,36
9126,Cocoapuffs,cenarius,1627,hunter,beastmastery,36,17,19
9127,Vox,tichondrius,1626,hunter,beastmastery,30,20,10
9128,Realskinhead,terenas,1622,hunter,beastmastery,54,29,25
9129,Trapful,illidan,1620,hunter,beastmastery,36,17,19
9130,Skytrooper,boulderfist,1620,hunter,beastmastery,47,22,25
9131,Apøllö,kilrogg,1620,hunter,beastmastery,167,75,92
9132,Consanguin,sargeras,1618,hunter,beastmastery,36,22,14
9133,Cachín,ragnaros,1618,hunter,beastmastery,36,21,15
9134,Sambucca,daggerspine,1617,hunter,beastmastery,42,21,21
9135,Terpa,nemesis,1616,hunter,beastmastery,161,83,78
9136,Telånnas,illidan,1616,hunter,beastmastery,42,21,21
9137,Killshøtß,tichondrius,1613,hunter,beastmastery,36,20,16
9138,Casperonni,illidan,1611,hunter,beastmastery,48,27,21
9139,Revalay,emerald-dream,1611,hunter,beastmastery,42,23,19
9140,Lenalena,tichondrius,1610,hunter,beastmastery,35,21,14
9141,Cobrakhan,tichondrius,1608,hunter,beastmastery,66,42,24
9142,Bertimus,sargeras,1608,hunter,beastmastery,132,61,71
9143,Skysmile,tichondrius,1607,hunter,beastmastery,30,17,13
9144,Focusfire,khazgoroth,1607,hunter,beastmastery,66,32,34
9145,Lexandr,tichondrius,1606,hunter,beastmastery,78,44,34
9146,Shootnoscore,vashj,1606,hunter,beastmastery,83,46,37
9147,Kahll,azralon,1606,hunter,beastmastery,42,18,24
9148,Legacyhunter,nazgrel,1605,hunter,beastmastery,30,17,13
9149,Ðfac,moon-guard,1604,hunter,beastmastery,60,26,34
9150,Aazua,frostmourne,1601,hunter,beastmastery,45,22,23
9151,Shadowfangs,tichondrius,1599,hunter,beastmastery,36,17,19
9152,Sñïpêr,tichondrius,1595,hunter,beastmastery,36,19,17
9153,Svsnipe,tichondrius,1593,hunter,beastmastery,52,29,23
9154,Trickshotss,illidan,1592,hunter,beastmastery,52,35,17
9155,Spídër,maiev,1591,hunter,beastmastery,38,20,18
9156,Killwill,illidan,1586,hunter,beastmastery,48,25,23
9157,Robinhooz,illidan,1582,hunter,beastmastery,58,30,28
9158,Teneightt,tichondrius,1578,hunter,beastmastery,62,30,32
9159,Wilmaßallfit,malganis,1578,hunter,beastmastery,42,18,24
9160,Razor,destromath,1576,hunter,beastmastery,48,20,28
9161,Fkkroglash,barthilas,1573,hunter,beastmastery,36,23,13
9162,Zennifi,bleeding-hollow,1573,hunter,beastmastery,73,36,37
9163,Hyjax,darkspear,1569,hunter,beastmastery,31,18,13
9164,Kopula,illidan,1569,hunter,beastmastery,55,30,25
9165,Velhokoira,illidan,1563,hunter,beastmastery,42,27,15
9166,Onemoreshot,bleeding-hollow,1562,hunter,beastmastery,54,26,28
9167,Assbow,kiljaeden,1561,hunter,beastmastery,36,18,18
9168,Lasix,burning-blade,1559,hunter,beastmastery,107,52,55
9169,Kript,dragonmaw,1557,hunter,beastmastery,263,126,137
9170,Reay,frostmourne,1551,hunter,beastmastery,36,19,17
9171,Sungoro,tichondrius,1546,hunter,beastmastery,60,30,30
9172,Snewfly,tichondrius,1544,hunter,beastmastery,36,25,11
9173,Limcross,drakkari,1543,hunter,beastmastery,48,26,22
9174,Icecaffemoca,tichondrius,1542,hunter,beastmastery,41,17,24
9175,Ungoliánt,cairne,1541,hunter,beastmastery,54,28,26
9176,Despairius,moon-guard,1540,hunter,beastmastery,42,24,18
9177,Varka,area-52,1539,hunter,beastmastery,36,20,16
9178,Selhort,quelthalas,1539,hunter,beastmastery,66,29,37
9179,Petkd,frostmourne,1538,hunter,beastmastery,42,23,19
9180,Laurenx,illidan,1537,hunter,beastmastery,33,20,13
9181,Mournebow,tichondrius,1535,hunter,beastmastery,171,93,78
9182,Freebeë,area-52,1531,hunter,beastmastery,85,49,36
9183,Pankyrangs,kelthuzad,1531,hunter,beastmastery,42,22,20
9184,Rektarrow,area-52,1530,hunter,beastmastery,35,17,18
9185,Teaks,aggramar,1527,hunter,beastmastery,30,16,14
9186,Robnhunt,tichondrius,1526,hunter,beastmastery,30,16,14
9187,Phindo,agamaggan,1525,hunter,beastmastery,30,17,13
9188,Diavál,area-52,1524,hunter,beastmastery,24,17,7
9189,Uzpak,tichondrius,1524,hunter,beastmastery,59,34,25
9190,Sonichunterr,illidan,1523,hunter,beastmastery,41,25,16
9191,Dlabio,emerald-dream,1518,hunter,beastmastery,84,45,39
9192,Venrod,ragnaros,1517,hunter,beastmastery,42,18,24
9193,Hazzeth,thrall,1516,hunter,beastmastery,30,21,9
9194,Grimbrew,garona,1514,hunter,beastmastery,29,17,12
9195,Gamestopceo,tichondrius,1511,hunter,beastmastery,84,41,43
9196,Cerébro,illidan,1510,hunter,beastmastery,66,24,42
9197,Internade,frostmourne,1509,hunter,beastmastery,54,25,29
9198,Legoflaiz,drakkari,1506,hunter,beastmastery,36,16,20
9199,Emilysamuels,tichondrius,1503,hunter,beastmastery,24,16,8
9200,Stalkstride,destromath,1503,hunter,beastmastery,72,35,37
9201,Outfazed,tichondrius,1502,hunter,beastmastery,58,32,26
9202,Camhaanes,area-52,1502,hunter,beastmastery,68,37,31
9203,Whitecake,area-52,1499,hunter,beastmastery,28,17,11
9204,Wøden,draka,1499,hunter,beastmastery,54,25,29
9205,Irøneye,sargeras,1499,hunter,beastmastery,55,20,35
9206,Reloadz,shattered-hand,1494,hunter,beastmastery,34,18,16
9207,Seatback,arathor,1491,hunter,beastmastery,66,30,36
9208,Scirfreez,ragnaros,1491,hunter,beastmastery,42,18,24
9209,Chizhi,tichondrius,1489,hunter,beastmastery,72,36,36
9210,Wredd,nemesis,1488,hunter,beastmastery,35,20,15
9211,Laras,blades-edge,1484,hunter,beastmastery,36,22,14
9212,Mortalz,barthilas,1483,hunter,beastmastery,113,54,59
9213,Chowyunfatss,proudmoore,1481,hunter,beastmastery,112,53,59
9214,Grànd,tortheldrin,1480,hunter,beastmastery,66,33,33
9215,Bamfhunt,darkspear,1478,hunter,beastmastery,28,17,11
9216,Scourgesurge,kiljaeden,1478,hunter,beastmastery,145,71,74
9217,Garzb,area-52,1476,hunter,beastmastery,42,22,20
9218,Fernn,illidan,1474,hunter,beastmastery,40,16,24
9219,Aguntur,ragnaros,1471,hunter,beastmastery,93,56,37
9220,Virolac,tichondrius,1469,hunter,beastmastery,32,16,16
9221,Sootgarbage,sargeras,1464,hunter,beastmastery,72,42,30
9222,Shadowtensai,stormrage,1463,hunter,beastmastery,48,17,31
9223,Sereom,frostmourne,1462,hunter,beastmastery,89,51,38
9224,Daarrk,thrall,1462,hunter,beastmastery,40,19,21
9225,Danncer,alexstrasza,1459,hunter,beastmastery,66,38,28
9226,Jjack,muradin,1454,hunter,beastmastery,48,25,23
9227,Limpnoodle,nerzhul,1452,hunter,beastmastery,75,36,39
9228,Morganson,moon-guard,1448,hunter,beastmastery,78,36,42
9229,Axis,mugthol,1448,hunter,beastmastery,58,25,33
9230,Araghrn,draktharon,1447,hunter,beastmastery,66,33,33
9231,Cyrsmen,ragnaros,1447,hunter,beastmastery,72,33,39
9232,Andalora,malganis,1444,hunter,beastmastery,31,16,15
9233,Ramchi,burning-blade,1443,hunter,beastmastery,37,19,18
9234,Recha,emerald-dream,1442,hunter,beastmastery,30,17,13
9235,Logjohn,frostmourne,1438,hunter,beastmastery,34,16,18
9236,Taterballs,illidan,1437,hunter,beastmastery,24,15,9
9237,Jyttrg,tichondrius,1437,hunter,beastmastery,53,29,24
9238,Cyboreg,stormrage,1436,hunter,beastmastery,35,21,14
9239,Aristæos,kelthuzad,1436,hunter,beastmastery,77,40,37
9240,Gernon,frostmourne,1434,hunter,beastmastery,27,16,11
9241,Kkoner,illidan,1431,hunter,beastmastery,24,15,9
9242,Fames,shuhalo,1431,hunter,beastmastery,49,22,27
9243,Lilpoots,warsong,1430,hunter,beastmastery,53,26,27
9244,Dôntlosmebro,stormrage,1427,hunter,beastmastery,48,24,24
9245,Munyshotz,tichondrius,1426,hunter,beastmastery,86,50,36
9246,Cigâro,thrall,1426,hunter,beastmastery,65,32,33
9247,Sashagreen,frostmourne,1420,hunter,beastmastery,30,15,15
9248,Shockwave,velen,1420,hunter,beastmastery,131,65,66
9249,Yaisk,tichondrius,1418,hunter,beastmastery,42,22,20
9250,Eldlichi,proudmoore,1416,hunter,beastmastery,48,20,28
9251,Terminatôr,malganis,1415,hunter,beastmastery,36,15,21
9252,Drunkhunter,malygos,1414,hunter,beastmastery,24,15,9
9253,Partz,darkspear,1413,hunter,beastmastery,24,15,9
9254,Spèedbump,stormrage,1413,hunter,beastmastery,41,21,20
9255,Sioul,bleeding-hollow,1403,hunter,beastmastery,30,15,15
9256,Darthski,drenden,1402,hunter,beastmastery,51,24,27
9257,Thezeus,barthilas,1402,hunter,beastmastery,41,15,26
9258,Rcman,tichondrius,1399,hunter,beastmastery,24,17,7
9259,Borudin,stormrage,1397,hunter,beastmastery,131,57,74
9260,Timmee,bleeding-hollow,1392,hunter,beastmastery,36,15,21
9261,Oblivîon,illidan,1383,hunter,beastmastery,35,19,16
9262,Viperstng,area-52,1380,hunter,beastmastery,70,40,30
9263,Yandralen,kiljaeden,1379,hunter,beastmastery,30,15,15
9264,Fruitenveg,frostmourne,1374,hunter,beastmastery,36,18,18
9265,Boward,illidan,1371,hunter,beastmastery,43,24,19
9266,Omegalulzxd,kelthuzad,1370,hunter,beastmastery,36,16,20
9267,Phaction,tichondrius,1369,hunter,beastmastery,60,26,34
9268,Datbigbowdoe,illidan,1366,hunter,beastmastery,24,16,8
9269,Revbubs,darkspear,1360,hunter,beastmastery,54,26,28
9270,Ryukuzen,tichondrius,1359,hunter,beastmastery,35,15,20
9271,Kouandjio,area-52,1357,hunter,beastmastery,30,15,15
9272,Shlandy,frostmourne,1356,hunter,beastmastery,32,18,14
9273,Sliturthroat,barthilas,1354,hunter,beastmastery,44,17,27
9274,Huukend,azjolnerub,1349,hunter,beastmastery,36,20,16
9275,Bro,malorne,1341,hunter,beastmastery,72,34,38
9276,Tergls,illidan,1341,hunter,beastmastery,73,33,40
9277,Airtight,area-52,1340,hunter,beastmastery,41,20,21
9278,Mitulla,wyrmrest-accord,1339,hunter,beastmastery,32,16,16
9279,Oatmeallover,stormrage,1339,hunter,beastmastery,30,14,16
9280,Rëxx,moon-guard,1338,hunter,beastmastery,18,14,4
9281,Pingaamarela,nemesis,1338,hunter,beastmastery,54,28,26
9282,Aiollus,stormreaver,1338,hunter,beastmastery,30,14,16
9283,Kapukapu,illidan,1337,hunter,beastmastery,24,14,10
9284,Lilskill,lightnings-blade,1337,hunter,beastmastery,24,14,10
9285,Kniightjayyx,kelthuzad,1337,hunter,beastmastery,30,14,16
9286,Cw,gorefiend,1336,hunter,beastmastery,24,14,10
9287,Crownchild,illidan,1336,hunter,beastmastery,24,14,10
9288,Skulgor,zuljin,1336,hunter,beastmastery,66,34,32
9289,Psychiatry,bonechewer,1336,hunter,beastmastery,70,35,35
9290,Jangle,mannoroth,1333,hunter,beastmastery,30,16,14
9291,Bluebow,tichondrius,1331,hunter,beastmastery,60,29,31
9292,Keknine,gnomeregan,1331,hunter,beastmastery,48,19,29
9293,Daken,ysera,1330,hunter,beastmastery,24,14,10
9294,Luprikus,maelstrom,1328,hunter,beastmastery,29,14,15
9295,Frostyarrow,moon-guard,1325,hunter,beastmastery,55,28,27
9296,Gumbro,malganis,1324,hunter,beastmastery,24,14,10
9297,Peterming,tichondrius,1323,hunter,beastmastery,102,45,57
9298,Lastanar,amanthul,1322,hunter,beastmastery,60,32,28
9299,Vruul,sargeras,1321,hunter,beastmastery,52,23,29
9300,Jesticles,zuljin,1320,hunter,beastmastery,60,30,30
9301,Ñðñdêsçrípt,frostmourne,1317,hunter,beastmastery,33,15,18
9302,Oceandoom,tichondrius,1313,hunter,beastmastery,30,16,14
9303,Lashga,wyrmrest-accord,1312,hunter,beastmastery,30,14,16
9304,Mhter,tichondrius,1310,hunter,beastmastery,23,14,9
9305,Narus,whisperwind,1310,hunter,beastmastery,48,26,22
9306,Hoboh,illidan,1310,hunter,beastmastery,66,32,34
9307,Lizymcguire,malganis,1308,hunter,beastmastery,42,23,19
9308,Alitharia,nerzhul,1307,hunter,beastmastery,75,28,47
9309,Maquire,tichondrius,1303,hunter,beastmastery,30,16,14
9310,Javoz,drakkari,1302,hunter,beastmastery,36,14,22
9311,Bacatran,darkspear,1301,hunter,beastmastery,58,32,26
9312,Wulfgeng,azgalor,1301,hunter,beastmastery,68,33,35
9313,Sunchea,arygos,1300,hunter,beastmastery,30,14,16
9314,Tentoontrey,emerald-dream,1299,hunter,beastmastery,30,14,16
9315,Rengarok,emerald-dream,1295,hunter,beastmastery,30,14,16
9316,Fallenfates,stormrage,1295,hunter,beastmastery,54,25,29
9317,Jacobsladder,illidan,1293,hunter,beastmastery,113,51,62
9318,Hairyhype,malganis,1291,hunter,beastmastery,30,16,14
9319,Voodoohunter,blood-furnace,1286,hunter,beastmastery,30,15,15
9320,Vaettai,barthilas,1286,hunter,beastmastery,72,32,40
9321,Showmakerc,proudmoore,1284,hunter,beastmastery,35,15,20
9322,Glediator,tichondrius,1283,hunter,beastmastery,33,16,17
9323,Vesity,tichondrius,1277,hunter,beastmastery,44,21,23
9324,Kârân,tichondrius,1274,hunter,beastmastery,34,15,19
9325,Iar,tichondrius,1270,hunter,beastmastery,30,18,12
9326,Femonemos,nemesis,1266,hunter,beastmastery,24,14,10
9327,Caetomon,kiljaeden,1263,hunter,beastmastery,22,14,8
9328,Trapz,hellscream,1259,hunter,beastmastery,54,26,28
9329,Acres,emerald-dream,1247,hunter,beastmastery,21,14,7
9330,Alexxspewpew,ragnaros,1247,hunter,beastmastery,23,13,10
9331,Kenshaunter,azralon,1247,hunter,beastmastery,24,13,11
9332,Frankabingle,area-52,1247,hunter,beastmastery,30,13,17
9333,Slowhunterr,tichondrius,1247,hunter,beastmastery,36,13,23
9334,Sarutobi,black-dragonflight,1247,hunter,beastmastery,36,13,23
9335,Junglefever,skywall,1246,hunter,beastmastery,22,14,8
9336,Gabulmenina,nemesis,1245,hunter,beastmastery,24,13,11
9337,Reeload,tichondrius,1244,hunter,beastmastery,24,13,11
9338,Shotmieye,thunderhorn,1244,hunter,beastmastery,60,30,30
9339,Jillypoo,azralon,1243,hunter,beastmastery,18,13,5
9340,Craftarrow,tichondrius,1243,hunter,beastmastery,41,21,20
9341,Hurak,elune,1243,hunter,beastmastery,30,13,17
9342,Wadadly,malganis,1239,hunter,beastmastery,138,66,72
9343,Ioioi,tichondrius,1238,hunter,beastmastery,34,16,18
9344,Breezekeeper,area-52,1236,hunter,beastmastery,24,13,11
9345,Timogen,illidan,1236,hunter,beastmastery,36,16,20
9346,Trailbreaker,trollbane,1235,hunter,beastmastery,48,30,18
9347,Nogaro,nemesis,1235,hunter,beastmastery,36,17,19
9348,Xtop,draktharon,1231,hunter,beastmastery,23,15,8
9349,Urzoth,tichondrius,1228,hunter,beastmastery,24,13,11
9350,Luoca,shuhalo,1227,hunter,beastmastery,24,13,11
9351,Angdre,tichondrius,1227,hunter,beastmastery,30,13,17
9352,Shneedle,illidan,1226,hunter,beastmastery,30,14,16
9353,Hughneutron,kirin-tor,1224,hunter,beastmastery,147,76,71
9354,Bromance,kaelthas,1221,hunter,beastmastery,36,18,18
9355,Grands,tortheldrin,1219,hunter,beastmastery,29,14,15
9356,Havymetal,andorhal,1219,hunter,beastmastery,48,20,28
9357,Honeygold,tichondrius,1217,hunter,beastmastery,45,16,29
9358,Belime,korgath,1214,hunter,beastmastery,78,42,36
9359,Bepee,auchindoun,1214,hunter,beastmastery,36,19,17
9360,Alaranel,kiljaeden,1208,hunter,beastmastery,36,15,21
9361,Fusionrpg,quelthalas,1207,hunter,beastmastery,24,13,11
9362,Artilleria,quelthalas,1207,hunter,beastmastery,42,18,24
9363,Desydn,draenor,1206,hunter,beastmastery,143,72,71
9364,Ydaine,alexstrasza,1206,hunter,beastmastery,75,33,42
9365,Ascer,gurubashi,1204,hunter,beastmastery,59,27,32
9366,Gejagt,sargeras,1201,hunter,beastmastery,25,14,11
9367,Rypunzul,proudmoore,1196,hunter,beastmastery,24,13,11
9368,Zzsocrateszz,dragonmaw,1189,hunter,beastmastery,80,37,43
9369,Genx,frostmane,1182,hunter,beastmastery,35,15,20
9370,Thetrickyone,area-52,1180,hunter,beastmastery,52,20,32
9371,Kaizong,hyjal,1178,hunter,beastmastery,23,13,10
9372,Brokenstars,illidan,1169,hunter,beastmastery,91,44,47
9373,Frenzyfire,whisperwind,1162,hunter,beastmastery,39,16,23
9374,Iffy,dentarg,1161,hunter,beastmastery,24,14,10
9375,Arucedd,frostmourne,1156,hunter,beastmastery,53,22,31
9376,Chrønic,khadgar,1155,hunter,beastmastery,24,13,11
9377,Lustblitz,illidan,1152,hunter,beastmastery,18,12,6
9378,Wodhunterxdd,tichondrius,1151,hunter,beastmastery,18,12,6
9379,Mckim,tichondrius,1151,hunter,beastmastery,18,12,6
9380,Yucca,drenden,1151,hunter,beastmastery,24,12,12
9381,Tus,tichondrius,1151,hunter,beastmastery,30,12,18
9382,Iyne,stormrage,1150,hunter,beastmastery,30,12,18
9383,Kroozeh,illidan,1149,hunter,beastmastery,24,12,12
9384,Squishasf,tichondrius,1148,hunter,beastmastery,18,12,6
9385,Montakka,illidan,1147,hunter,beastmastery,24,12,12
9386,Szone,tichondrius,1147,hunter,beastmastery,35,14,21
9387,Yembohi,queldorei,1145,hunter,beastmastery,18,12,6
9388,Doug,illidan,1145,hunter,beastmastery,24,12,12
9389,Drig,korgath,1144,hunter,beastmastery,24,12,12
9390,Häm,dalaran,1143,hunter,beastmastery,24,12,12
9391,Chrise,darkspear,1142,hunter,beastmastery,12,12,0
9392,Dyz,ragnaros,1137,hunter,beastmastery,28,13,15
9393,Fleetfox,tichondrius,1131,hunter,beastmastery,30,12,18
9394,Blimpbooty,stormrage,1130,hunter,beastmastery,41,20,21
9395,Riivali,quelthalas,1128,hunter,beastmastery,30,13,17
9396,Huñté,stormrage,1127,hunter,beastmastery,24,12,12
9397,Kälec,quelthalas,1127,hunter,beastmastery,66,32,34
9398,Faldran,earthen-ring,1123,hunter,beastmastery,70,30,40
9399,Qpoc,tichondrius,1120,hunter,beastmastery,44,20,24
9400,Liillilliil,tichondrius,1117,hunter,beastmastery,22,12,10
9401,Montano,area-52,1114,hunter,beastmastery,20,13,7
9402,Argent,altar-of-storms,1113,hunter,beastmastery,24,12,12
9403,Eithelleta,frostmourne,1109,hunter,beastmastery,36,13,23
9404,Merkidy,illidan,1099,hunter,beastmastery,17,12,5
9405,Ukamau,ragnaros,1097,hunter,beastmastery,24,14,10
9406,Topshunter,sargeras,1095,hunter,beastmastery,58,31,27
9407,Funwell,dalaran,1090,hunter,beastmastery,29,14,15
9408,Taedulos,azralon,1090,hunter,beastmastery,30,14,16
9409,Tmac,winterhoof,1087,hunter,beastmastery,35,15,20
9410,Zalyssavara,aerie-peak,1085,hunter,beastmastery,27,12,15
9411,Fixnoone,moon-guard,1083,hunter,beastmastery,26,13,13
9412,Håwkeye,hyjal,1081,hunter,beastmastery,69,36,33
9413,Buyaga,stormreaver,1073,hunter,beastmastery,72,37,35
9414,Dracð,malganis,1071,hunter,beastmastery,30,14,16
9415,Brendie,thrall,1063,hunter,beastmastery,72,30,42
9416,Traptations,sargeras,1056,hunter,beastmastery,18,11,7
9417,Ragnarlobkk,ragnaros,1056,hunter,beastmastery,112,49,63
9418,Unicom,malganis,1056,hunter,beastmastery,30,11,19
9419,Ryutiz,fizzcrank,1055,hunter,beastmastery,18,11,7
9420,Spizsnipes,malganis,1055,hunter,beastmastery,24,11,13
9421,Flanzo,illidan,1055,hunter,beastmastery,30,11,19
9422,Datadyne,stormrage,1054,hunter,beastmastery,12,11,1
9423,Ispamtraps,emerald-dream,1054,hunter,beastmastery,18,11,7
9424,Jungleboy,gorgonnash,1053,hunter,beastmastery,19,11,8
9425,Anastasia,gorgonnash,1052,hunter,beastmastery,18,11,7
9426,Cummis,skullcrusher,1051,hunter,beastmastery,18,11,7
9427,Tinyted,nathrezim,1051,hunter,beastmastery,24,11,13
9428,Lunarlunar,khadgar,1051,hunter,beastmastery,30,11,19
9429,Varthurg,ragnaros,1050,hunter,beastmastery,18,11,7
9430,Gølin,aerie-peak,1049,hunter,beastmastery,30,11,19
9431,Freeside,emerald-dream,1048,hunter,beastmastery,18,11,7
9432,ßaelon,malganis,1047,hunter,beastmastery,12,11,1
9433,Aggargh,baelgun,1047,hunter,beastmastery,18,11,7
9434,Kynagidas,korgath,1047,hunter,beastmastery,24,11,13
9435,Vord,frostmourne,1046,hunter,beastmastery,24,11,13
9436,Cilnolm,moon-guard,1045,hunter,beastmastery,24,11,13
9437,Wogolas,barthilas,1044,hunter,beastmastery,18,11,7
9438,Rotokrim,emerald-dream,1044,hunter,beastmastery,136,69,67
9439,Ketulirantle,azralon,1041,hunter,beastmastery,42,11,31
9440,Bobbysmurica,cenarion-circle,1032,hunter,beastmastery,30,11,19
9441,Kathoey,wyrmrest-accord,1031,hunter,beastmastery,30,11,19
9442,Robingear,baelgun,1029,hunter,beastmastery,93,43,50
9443,Huntercry,ragnaros,1026,hunter,beastmastery,18,11,7
9444,Urimiel,daggerspine,1025,hunter,beastmastery,30,11,19
9445,Hetaya,haomarush,1024,hunter,beastmastery,74,28,46
9446,Vegamax,illidan,1020,hunter,beastmastery,18,11,7
9447,Sumom,darrowmere,1019,hunter,beastmastery,38,17,21
9448,Puhpsy,azralon,1016,hunter,beastmastery,24,15,9
9449,Fifie,azgalor,1011,hunter,beastmastery,31,12,19
9450,Rairin,tichondrius,1004,hunter,beastmastery,65,33,32
9451,Antihero,norgannon,1001,hunter,beastmastery,20,12,8
9452,Eddyholiday,tichondrius,1001,hunter,beastmastery,26,13,13
9453,Falesta,sargeras,999,hunter,beastmastery,28,12,16
9454,Flexxbow,thrall,994,hunter,beastmastery,23,13,10
9455,Tembaktytyd,barthilas,976,hunter,beastmastery,25,11,14
9456,Erovianoria,silver-hand,968,hunter,beastmastery,57,29,28
9457,Ahhpash,tichondrius,960,hunter,beastmastery,16,11,5
9458,Worsthunt,tichondrius,960,hunter,beastmastery,18,10,8
9459,Emmihunt,tichondrius,960,hunter,beastmastery,18,10,8
9460,Wovow,tichondrius,960,hunter,beastmastery,18,10,8
9461,Shinhyez,tichondrius,960,hunter,beastmastery,18,10,8
9462,Pumplum,kiljaeden,960,hunter,beastmastery,18,10,8
9463,Tashio,aerie-peak,960,hunter,beastmastery,18,10,8
9464,Huntinpuss,tichondrius,960,hunter,beastmastery,18,10,8
9465,Gööber,hyjal,960,hunter,beastmastery,18,10,8
9466,Prêd,malganis,960,hunter,beastmastery,21,11,10
9467,Willdey,frostmourne,960,hunter,beastmastery,24,10,14
9468,Tmnarcanttv,tichondrius,959,hunter,beastmastery,18,10,8
9469,Shootiepie,hyjal,959,hunter,beastmastery,18,10,8
9470,Rosebullets,bleeding-hollow,959,hunter,beastmastery,18,10,8
9471,Volbz,barthilas,959,hunter,beastmastery,24,10,14
9472,Vigon,stormrage,959,hunter,beastmastery,24,10,14
9473,Sagadegêmeos,stormrage,959,hunter,beastmastery,24,10,14
9474,Orgpopeyes,illidan,959,hunter,beastmastery,24,10,14
9475,Sanchode,tichondrius,959,hunter,beastmastery,24,10,14
9476,Kimbaa,tichondrius,959,hunter,beastmastery,30,10,20
9477,Aquabat,wildhammer,958,hunter,beastmastery,18,10,8
9478,Yager,kalecgos,958,hunter,beastmastery,18,10,8
9479,Bonnèy,zuljin,957,hunter,beastmastery,12,10,2
9480,Alwaysblazed,hyjal,957,hunter,beastmastery,18,10,8
9481,Mikly,ragnaros,957,hunter,beastmastery,24,10,14
9482,Hynathios,azralon,957,hunter,beastmastery,24,10,14
9483,Hyena,kelthuzad,955,hunter,beastmastery,24,10,14
9484,Murdaugh,icecrown,954,hunter,beastmastery,18,10,8
9485,Juicedhunter,tichondrius,954,hunter,beastmastery,18,10,8
9486,Rocchettâ,kirin-tor,954,hunter,beastmastery,18,10,8
9487,Deepcarver,tichondrius,954,hunter,beastmastery,24,10,14
9488,Gïzmo,malganis,953,hunter,beastmastery,18,10,8
9489,Rezkiin,tichondrius,953,hunter,beastmastery,18,10,8
9490,Lilien,khazgoroth,951,hunter,beastmastery,18,10,8
9491,Jetzy,illidan,951,hunter,beastmastery,24,10,14
9492,Steelaeon,moon-guard,951,hunter,beastmastery,24,10,14
9493,Flacidhunter,kelthuzad,948,hunter,beastmastery,24,10,14
9494,Böuntyhuntêr,area-52,948,hunter,beastmastery,24,10,14
9495,ßaeløn,malganis,947,hunter,beastmastery,15,11,4
9496,Glizzys,cairne,943,hunter,beastmastery,24,11,13
9497,Caytano,quelthalas,940,hunter,beastmastery,18,11,7
9498,Shootyurshot,stormrage,927,hunter,beastmastery,20,11,9
9499,Shootsb,tichondrius,926,hunter,beastmastery,34,10,24
9500,Dekestei,bleeding-hollow,911,hunter,beastmastery,29,10,19
9501,Çhexmix,kiljaeden,910,hunter,beastmastery,15,10,5
9502,Coyner,tichondrius,907,hunter,beastmastery,21,10,11
9503,Wael,perenolde,905,hunter,beastmastery,17,10,7
9504,Arrowae,sargeras,899,hunter,beastmastery,23,10,13
9505,Hillside,frostmourne,895,hunter,beastmastery,11,10,1
9506,Gandson,fizzcrank,892,hunter,beastmastery,23,10,13
9507,Foh,kelthuzad,888,hunter,beastmastery,17,10,7
9508,Raikuu,skullcrusher,883,hunter,beastmastery,24,10,14
9509,Pvrisxoxo,frostmourne,878,hunter,beastmastery,19,10,9
9510,Lubze,bleeding-hollow,864,hunter,beastmastery,12,9,3
9511,Bmhuntlol,illidan,864,hunter,beastmastery,12,9,3
9512,Slipox,sargeras,864,hunter,beastmastery,12,9,3
9513,Xbloody,tichondrius,864,hunter,beastmastery,18,9,9
9514,Perffect,sargeras,864,hunter,beastmastery,18,9,9
9515,Déwi,tichondrius,864,hunter,beastmastery,18,9,9
9516,Wildlifezoo,tichondrius,864,hunter,beastmastery,18,9,9
9517,Hagadinn,frostmourne,864,hunter,beastmastery,18,9,9
9518,Lilsynchfyb,sargeras,864,hunter,beastmastery,18,9,9
9519,Dirtyytroll,area-52,864,hunter,beastmastery,24,9,15
9520,Deathtomyfoe,sargeras,864,hunter,beastmastery,24,9,15
9521,Heparinqt,area-52,864,hunter,beastmastery,24,9,15
9522,Balrröt,malganis,864,hunter,beastmastery,24,9,15
9523,Mvpwonder,frostmourne,864,hunter,beastmastery,30,9,21
9524,Readtitle,malganis,863,hunter,beastmastery,12,9,3
9525,Cloxygen,moon-guard,863,hunter,beastmastery,12,9,3
9526,Jamzlol,frostmourne,863,hunter,beastmastery,18,9,9
9527,Drivebyjuju,dentarg,863,hunter,beastmastery,18,9,9
9528,Çute,moon-guard,863,hunter,beastmastery,18,9,9
9529,Energiser,stormrage,863,hunter,beastmastery,18,9,9
9530,Nikronos,quelthalas,863,hunter,beastmastery,18,9,9
9531,Nubberton,sargeras,863,hunter,beastmastery,24,9,15
9532,Myladyy,zuljin,863,hunter,beastmastery,30,9,21
9533,Seáhawk,kiljaeden,862,hunter,beastmastery,12,9,3
9534,Loriandel,proudmoore,862,hunter,beastmastery,14,9,5
9535,Toross,stormscale,862,hunter,beastmastery,18,9,9
9536,Orcanjo,azralon,862,hunter,beastmastery,18,9,9
9537,Qúin,frostmourne,862,hunter,beastmastery,18,9,9
9538,Kinete,proudmoore,862,hunter,beastmastery,18,9,9
9539,Bootylickin,tichondrius,862,hunter,beastmastery,18,9,9
9540,Unrealpewpew,lightbringer,862,hunter,beastmastery,24,9,15
9541,Korasaurus,tichondrius,861,hunter,beastmastery,12,9,3
9542,Cottonshots,dalaran,861,hunter,beastmastery,24,9,15
9543,Dontmissz,tichondrius,860,hunter,beastmastery,18,9,9
9544,Kamikazey,tichondrius,859,hunter,beastmastery,18,9,9
9545,Thiccit,illidan,858,hunter,beastmastery,18,9,9
9546,Xeriife,stormrage,858,hunter,beastmastery,19,9,10
9547,More,khadgar,858,hunter,beastmastery,24,9,15
9548,Vexxør,bleeding-hollow,856,hunter,beastmastery,18,9,9
9549,Shiztec,malganis,854,hunter,beastmastery,24,9,15
9550,Bubbz,bloodscalp,852,hunter,beastmastery,24,9,15
9551,Aztrappin,illidan,852,hunter,beastmastery,30,9,21
9552,Eggsquatch,emerald-dream,844,hunter,beastmastery,12,9,3
9553,Entrapment,emerald-dream,830,hunter,beastmastery,17,9,8
9554,Boomseed,nagrand,828,hunter,beastmastery,23,9,14
9555,Sharpster,zuljin,815,hunter,beastmastery,15,9,6
9556,Rawspits,kiljaeden,814,hunter,beastmastery,29,9,20
9557,Zullypewpew,alexstrasza,811,hunter,beastmastery,11,9,2
9558,Mvpbunny,tichondrius,785,hunter,beastmastery,28,11,17
9559,Chaw,nathrezim,783,hunter,beastmastery,13,9,4
9560,Bowzørx,tichondrius,768,hunter,beastmastery,12,8,4
9561,Jsrhuntz,sargeras,768,hunter,beastmastery,12,8,4
9562,Sax,stormreaver,768,hunter,beastmastery,12,8,4
9563,Chippendales,illidan,768,hunter,beastmastery,12,8,4
9564,Diegoshotz,zuljin,768,hunter,beastmastery,18,8,10
9565,Tigglyjits,tichondrius,768,hunter,beastmastery,18,8,10
9566,Ddukgue,tichondrius,768,hunter,beastmastery,18,8,10
9567,Oblitus,zuljin,768,hunter,beastmastery,18,8,10
9568,Seongnam,tichondrius,768,hunter,beastmastery,18,8,10
9569,Jawnhunter,tichondrius,768,hunter,beastmastery,18,8,10
9570,Huntfaceguy,agamaggan,768,hunter,beastmastery,18,8,10
9571,Heädshöt,malorne,768,hunter,beastmastery,18,8,10
9572,Yonzo,area-52,768,hunter,beastmastery,18,8,10
9573,Monatre,fizzcrank,768,hunter,beastmastery,18,8,10
9574,Katherìnelol,tichondrius,768,hunter,beastmastery,21,9,12
9575,Flacidpasta,sargeras,767,hunter,beastmastery,12,8,4
9576,Setepalms,azralon,767,hunter,beastmastery,12,8,4
9577,Remièl,frostmourne,767,hunter,beastmastery,12,8,4
9578,Azx,tichondrius,767,hunter,beastmastery,12,8,4
9579,Bulleitrye,illidan,767,hunter,beastmastery,12,8,4
9580,Trim,tichondrius,767,hunter,beastmastery,12,8,4
9581,Cxnt,saurfang,767,hunter,beastmastery,15,9,6
9582,Morbow,proudmoore,767,hunter,beastmastery,18,8,10
9583,Suetyic,tichondrius,767,hunter,beastmastery,18,8,10
9584,Computer,darkspear,767,hunter,beastmastery,18,8,10
9585,Zephanno,sargeras,767,hunter,beastmastery,18,8,10
9586,Bowjingles,blackrock,767,hunter,beastmastery,18,8,10
9587,Jímmycorn,sargeras,767,hunter,beastmastery,18,8,10
9588,Picapaul,stormrage,767,hunter,beastmastery,18,8,10
9589,Flîp,daggerspine,767,hunter,beastmastery,18,8,10
9590,Puffcopeak,illidan,767,hunter,beastmastery,18,8,10
9591,Jesselos,stormrage,767,hunter,beastmastery,18,8,10
9592,Camperbill,borean-tundra,766,hunter,beastmastery,19,9,10
9593,Traps,deathwing,766,hunter,beastmastery,18,8,10
9594,Satours,quelthalas,766,hunter,beastmastery,18,8,10
9595,Londen,tichondrius,765,hunter,beastmastery,12,8,4
9596,Frenzygirl,azralon,765,hunter,beastmastery,12,8,4
9597,Ivix,sargeras,765,hunter,beastmastery,12,8,4
9598,Handicrap,tichondrius,765,hunter,beastmastery,16,9,7
9599,Legolasbow,tichondrius,765,hunter,beastmastery,24,8,16
9600,Hunt,akama,765,hunter,beastmastery,24,8,16
9601,Grøøves,dalaran,763,hunter,beastmastery,18,8,10
9602,Halberick,quelthalas,762,hunter,beastmastery,12,8,4
9603,Blury,tichondrius,762,hunter,beastmastery,18,8,10
9604,Ophiela,shuhalo,759,hunter,beastmastery,36,8,28
9605,Massivattack,skullcrusher,758,hunter,beastmastery,24,8,16
9606,Blankshot,doomhammer,757,hunter,beastmastery,18,8,10
9607,Androki,stormrage,752,hunter,beastmastery,12,8,4
9608,Raevenah,dalaran,747,hunter,beastmastery,12,8,4
9609,Studiosx,tichondrius,735,hunter,beastmastery,17,8,9
9610,Vendortrash,aggramar,733,hunter,beastmastery,17,8,9
9611,Kleankilla,malganis,718,hunter,beastmastery,14,8,6
9612,Timberex,drenden,715,hunter,beastmastery,15,8,7
9613,Kysii,burning-blade,714,hunter,beastmastery,15,8,7
9614,Elad,tichondrius,703,hunter,beastmastery,11,8,3
9615,Yozomoto,nordrassil,703,hunter,beastmastery,14,8,6
9616,Wellerman,firetree,672,hunter,beastmastery,12,7,5
9617,Starkhaven,firetree,672,hunter,beastmastery,12,7,5
9618,Jsr,tichondrius,672,hunter,beastmastery,12,7,5
9619,Mcclintock,executus,672,hunter,beastmastery,12,7,5
9620,Flamenco,arthas,672,hunter,beastmastery,12,7,5
9621,Hollowhunt,sentinels,672,hunter,beastmastery,12,7,5
9622,Twopumphunt,tichondrius,672,hunter,beastmastery,12,7,5
9623,Alfentanil,thrall,672,hunter,beastmastery,12,7,5
9624,Gotrap,saurfang,672,hunter,beastmastery,12,7,5
9625,Gentledream,dalaran,672,hunter,beastmastery,12,7,5
9626,Mehontar,area-52,672,hunter,beastmastery,12,7,5
9627,Mmeep,illidan,672,hunter,beastmastery,12,7,5
9628,Litchi,illidan,672,hunter,beastmastery,12,7,5
9629,Pmø,sargeras,672,hunter,beastmastery,12,7,5
9630,Csantana,sargeras,672,hunter,beastmastery,12,7,5
9631,Crimsoncoast,tichondrius,672,hunter,beastmastery,12,7,5
9632,Sakedji,area-52,672,hunter,beastmastery,12,7,5
9633,Tusxx,tichondrius,672,hunter,beastmastery,12,7,5
9634,Cinnybunz,malganis,672,hunter,beastmastery,12,7,5
9635,Xerosa,emerald-dream,672,hunter,beastmastery,12,7,5
9636,Airhunt,thrall,672,hunter,beastmastery,12,7,5
9637,Downor,malganis,672,hunter,beastmastery,12,7,5
9638,Wastdpenguin,area-52,672,hunter,beastmastery,12,7,5
9639,Skippyh,zuluhed,672,hunter,beastmastery,12,7,5
9640,Barainto,tichondrius,672,hunter,beastmastery,12,7,5
9641,Broydiesnipe,illidan,672,hunter,beastmastery,12,7,5
9642,Handmemygun,aggramar,672,hunter,beastmastery,12,7,5
9643,Trápngap,barthilas,672,hunter,beastmastery,12,7,5
9644,Ehnó,illidan,672,hunter,beastmastery,12,7,5
9645,Imthaböss,nazjatar,672,hunter,beastmastery,12,7,5
9646,Buzzkilla,mannoroth,672,hunter,beastmastery,12,7,5
9647,Keboks,alleria,672,hunter,beastmastery,15,8,7
9648,Savagerko,illidan,672,hunter,beastmastery,15,8,7
9649,Zemphoths,eredar,672,hunter,beastmastery,15,7,8
9650,Dreagneal,ragnaros,672,hunter,beastmastery,18,7,11
9651,Clowntown,illidan,672,hunter,beastmastery,18,7,11
9652,Geeshot,area-52,672,hunter,beastmastery,18,7,11
9653,Memënto,barthilas,672,hunter,beastmastery,18,7,11
9654,Ðevil,ragnaros,672,hunter,beastmastery,18,7,11
9655,Wickyz,malganis,672,hunter,beastmastery,18,7,11
9656,Liadrelle,proudmoore,672,hunter,beastmastery,21,8,13
9657,Titanaxis,tichondrius,672,hunter,beastmastery,24,7,17
9658,Crounzz,sargeras,672,hunter,beastmastery,30,7,23
9659,Eightbeers,bleeding-hollow,671,hunter,beastmastery,12,7,5
9660,Wingclipped,kelthuzad,671,hunter,beastmastery,12,7,5
9661,Spunkked,tichondrius,671,hunter,beastmastery,12,7,5
9662,Anaiset,hyjal,671,hunter,beastmastery,12,7,5
9663,Melinda,kilrogg,671,hunter,beastmastery,12,7,5
9664,Mannypew,kelthuzad,671,hunter,beastmastery,12,7,5
9665,Lavo,borean-tundra,671,hunter,beastmastery,12,7,5
9666,Exploits,stormrage,671,hunter,beastmastery,12,7,5
9667,Anniefuchsia,stormrage,671,hunter,beastmastery,12,7,5
9668,Scrubmastery,emerald-dream,671,hunter,beastmastery,12,7,5
9669,Thirtyeight,blades-edge,671,hunter,beastmastery,12,7,5
9670,Hunterjim,tichondrius,671,hunter,beastmastery,12,7,5
9671,Amortiz,illidan,671,hunter,beastmastery,18,7,11
9672,Paganfinn,tichondrius,671,hunter,beastmastery,18,7,11
9673,Mooséhunt,wyrmrest-accord,671,hunter,beastmastery,18,7,11
9674,Genowin,sargeras,671,hunter,beastmastery,18,7,11
9675,Threethirty,thrall,671,hunter,beastmastery,18,7,11
9676,Ratfood,tichondrius,671,hunter,beastmastery,23,7,16
9677,Ddänz,kiljaeden,671,hunter,beastmastery,27,8,19
9678,Yanzz,spinebreaker,670,hunter,beastmastery,12,7,5
9679,Spaeth,borean-tundra,670,hunter,beastmastery,24,7,17
9680,Neurosurgery,azralon,669,hunter,beastmastery,18,7,11
9681,Morenarösa,nemesis,669,hunter,beastmastery,24,7,17
9682,Strafenshoot,darkspear,666,hunter,beastmastery,12,7,5
9683,Shootaids,illidan,666,hunter,beastmastery,18,7,11
9684,Euclase,bleeding-hollow,664,hunter,beastmastery,17,9,8
9685,Eastera,tichondrius,663,hunter,beastmastery,27,8,19
9686,Theprovider,burning-blade,659,hunter,beastmastery,12,7,5
9687,Benryats,area-52,657,hunter,beastmastery,21,8,13
9688,Zooker,tichondrius,655,hunter,beastmastery,23,7,16
9689,Hawkkeye,thunderlord,639,hunter,beastmastery,17,7,10
9690,Scaredcrow,azshara,639,hunter,beastmastery,28,7,21
9691,Hunbatz,dalaran,634,hunter,beastmastery,19,9,10
9692,Gufanyaun,tichondrius,608,hunter,beastmastery,16,7,9
9693,Loktarnum,illidan,607,hunter,beastmastery,14,7,7
9694,Shanghunt,cenarius,604,hunter,beastmastery,14,7,7
9695,Oshosiwar,ragnaros,588,hunter,beastmastery,21,7,14
9696,Shootnskoot,icecrown,576,hunter,beastmastery,6,6,0
9697,Píps,maelstrom,576,hunter,beastmastery,6,6,0
9698,Gassmask,area-52,576,hunter,beastmastery,6,6,0
9699,Rekkis,area-52,576,hunter,beastmastery,6,6,0
9700,Igotapvpness,tichondrius,576,hunter,beastmastery,6,6,0
9701,Cashisabeast,zuljin,576,hunter,beastmastery,6,6,0
9702,Rbtz,illidan,576,hunter,beastmastery,6,6,0
9703,Khanittus,area-52,576,hunter,beastmastery,12,6,6
9704,Deutêr,quelthalas,576,hunter,beastmastery,12,6,6
9705,Zizilio,kelthuzad,576,hunter,beastmastery,12,6,6
9706,Marexx,tichondrius,576,hunter,beastmastery,12,6,6
9707,Digitizoid,tichondrius,576,hunter,beastmastery,12,6,6
9708,Nytefell,skullcrusher,576,hunter,beastmastery,12,6,6
9709,Jboogie,malganis,576,hunter,beastmastery,12,6,6
9710,Thoridhal,quelthalas,576,hunter,beastmastery,12,6,6
9711,Somethinglit,sargeras,576,hunter,beastmastery,12,6,6
9712,Wongy,tichondrius,576,hunter,beastmastery,12,6,6
9713,Pikabow,tichondrius,576,hunter,beastmastery,12,6,6
9714,Zeedii,dalaran,576,hunter,beastmastery,12,6,6
9715,Dbrickashaw,proudmoore,576,hunter,beastmastery,12,6,6
9716,Ecl,azralon,576,hunter,beastmastery,12,6,6
9717,Conizle,sargeras,576,hunter,beastmastery,12,6,6
9718,Hawkeye,boulderfist,576,hunter,beastmastery,12,6,6
9719,Alochol,vashj,576,hunter,beastmastery,12,6,6
9720,Antares,dalaran,576,hunter,beastmastery,12,6,6
9721,Raadun,terokkar,576,hunter,beastmastery,12,6,6
9722,Daylilycoast,emerald-dream,576,hunter,beastmastery,12,6,6
9723,Joerogan,hydraxis,576,hunter,beastmastery,12,6,6
9724,Smullik,wyrmrest-accord,576,hunter,beastmastery,12,6,6
9725,Spottedoger,burning-legion,576,hunter,beastmastery,12,6,6
9726,Xernen,thrall,576,hunter,beastmastery,12,6,6
9727,Geregaux,sargeras,576,hunter,beastmastery,12,6,6
9728,Peregrin,burning-legion,576,hunter,beastmastery,12,6,6
9729,Huntard,stormrage,576,hunter,beastmastery,12,6,6
9730,Elyssandrá,thrall,576,hunter,beastmastery,12,6,6
9731,Toniic,moon-guard,576,hunter,beastmastery,12,6,6
9732,Austelos,moon-guard,576,hunter,beastmastery,12,6,6
9733,Despise,frostmourne,576,hunter,beastmastery,12,6,6
9734,Hunterpk,lightbringer,576,hunter,beastmastery,12,6,6
9735,Hxnry,barthilas,576,hunter,beastmastery,12,6,6
9736,Lûrtz,aegwynn,576,hunter,beastmastery,12,6,6
9737,Fma,stormrage,576,hunter,beastmastery,12,6,6
9738,Gennaro,ragnaros,576,hunter,beastmastery,12,6,6
9739,Jonah,sargeras,576,hunter,beastmastery,12,6,6
9740,Raerdun,bonechewer,576,hunter,beastmastery,12,6,6
9741,Evilblammo,thorium-brotherhood,576,hunter,beastmastery,12,6,6
9742,Gravshot,zuljin,576,hunter,beastmastery,12,6,6
9743,Shøz,wyrmrest-accord,576,hunter,beastmastery,12,6,6
9744,Thehunturd,dalaran,576,hunter,beastmastery,12,6,6
9745,Balboa,tortheldrin,576,hunter,beastmastery,12,6,6
9746,Celarla,tichondrius,576,hunter,beastmastery,15,7,8
9747,Arraza,ragnaros,576,hunter,beastmastery,16,7,9
9748,Mojopotato,stormrage,576,hunter,beastmastery,17,6,11
9749,Kanta,bleeding-hollow,576,hunter,beastmastery,18,6,12
9750,Infinit,onyxia,576,hunter,beastmastery,18,6,12
9751,Bowreckage,malganis,576,hunter,beastmastery,18,6,12
9752,Nishinos,tichondrius,576,hunter,beastmastery,18,6,12
9753,Bleedwish,tichondrius,576,hunter,beastmastery,19,6,13
9754,Beastbaal,sargeras,576,hunter,beastmastery,24,6,18
9755,Yolloswag,tichondrius,576,hunter,beastmastery,24,6,18
9756,Lulafourdedo,stormrage,575,hunter,beastmastery,7,6,1
9757,Asuryakha,darkspear,575,hunter,beastmastery,12,6,6
9758,Fireshots,tichondrius,575,hunter,beastmastery,12,6,6
9759,Gwarnar,stormrage,575,hunter,beastmastery,12,6,6
9760,Yobby,area-52,575,hunter,beastmastery,12,6,6
9761,Gammaraven,dalaran,575,hunter,beastmastery,12,6,6
9762,Revö,area-52,575,hunter,beastmastery,18,6,12
9763,Tozier,destromath,575,hunter,beastmastery,18,6,12
9764,Nekrongar,agamaggan,574,hunter,beastmastery,12,6,6
9765,Arcticuz,aegwynn,574,hunter,beastmastery,12,6,6
9766,Kalibah,azralon,574,hunter,beastmastery,18,6,12
9767,Chetta,ragnaros,574,hunter,beastmastery,18,6,12
9768,Bolbathefett,shadowsong,574,hunter,beastmastery,18,6,12
9769,Sapphie,frostmourne,574,hunter,beastmastery,24,6,18
9770,Rikitiki,bleeding-hollow,573,hunter,beastmastery,12,6,6
9771,Foffy,darkspear,573,hunter,beastmastery,12,6,6
9772,Pewpew,gallywix,573,hunter,beastmastery,18,6,12
9773,Pewpewd,tichondrius,572,hunter,beastmastery,12,6,6
9774,Kargathx,ragnaros,569,hunter,beastmastery,20,8,12
9775,Vastiks,dalaran,568,hunter,beastmastery,20,6,14
9776,Bluehead,emerald-dream,566,hunter,beastmastery,12,6,6
9777,Squeeb,frostmourne,543,hunter,beastmastery,14,7,7
9778,Socrato,tichondrius,526,hunter,beastmastery,11,6,5
9779,Saltz,tichondrius,521,hunter,beastmastery,15,7,8
9780,Ataxyus,area-52,512,hunter,beastmastery,10,6,4
9781,Aluminumfoil,kelthuzad,510,hunter,beastmastery,11,6,5
9782,Bagodonuts,malganis,510,hunter,beastmastery,17,7,10
9783,Tèrrabite,sargeras,480,hunter,beastmastery,6,5,1
9784,Chimeralol,area-52,480,hunter,beastmastery,6,5,1
9785,Oeoeoeoeoeoe,alterac-mountains,480,hunter,beastmastery,6,5,1
9786,Clydebarro,sargeras,480,hunter,beastmastery,6,5,1
9787,Traptrinket,sargeras,480,hunter,beastmastery,6,5,1
9788,Tukki,quelthalas,480,hunter,beastmastery,6,5,1
9789,Linkolnn,sargeras,480,hunter,beastmastery,6,5,1
9790,Plsnobanmee,frostmourne,480,hunter,beastmastery,6,5,1
9791,Megahuntard,bleeding-hollow,480,hunter,beastmastery,6,5,1
9792,Wopper,moon-guard,480,hunter,beastmastery,6,5,1
9793,Unloaded,illidan,480,hunter,beastmastery,6,5,1
9794,Slêv,frostmourne,480,hunter,beastmastery,6,5,1
9795,Cojáx,dalaran,480,hunter,beastmastery,6,5,1
9796,Dankshunt,arthas,480,hunter,beastmastery,6,5,1
9797,Bluez,tichondrius,480,hunter,beastmastery,6,5,1
9798,Kånade,ragnaros,480,hunter,beastmastery,6,5,1
9799,Teammatescba,tichondrius,480,hunter,beastmastery,6,5,1
9800,Brokensnipez,area-52,480,hunter,beastmastery,6,5,1
9801,Berkhof,tichondrius,480,hunter,beastmastery,6,5,1
9802,Sniperfx,lightbringer,480,hunter,beastmastery,6,5,1
9803,Beasting,moon-guard,480,hunter,beastmastery,6,5,1
9804,Laoai,tichondrius,480,hunter,beastmastery,6,5,1
9805,Kkoduckk,tichondrius,480,hunter,beastmastery,6,5,1
9806,Yajr,black-dragonflight,480,hunter,beastmastery,6,5,1
9807,Hediilyan,azralon,480,hunter,beastmastery,7,5,2
9808,Wønky,stormrage,480,hunter,beastmastery,12,5,7
9809,Powdersoak,area-52,480,hunter,beastmastery,12,5,7
9810,Getrekt,azralon,480,hunter,beastmastery,12,5,7
9811,Raphgun,stormrage,480,hunter,beastmastery,12,5,7
9812,Camorcaist,stormrage,480,hunter,beastmastery,12,5,7
9813,Køk,agamaggan,480,hunter,beastmastery,12,5,7
9814,Valeous,azjolnerub,480,hunter,beastmastery,12,5,7
9815,Mojopojo,tichondrius,480,hunter,beastmastery,12,5,7
9816,Leyliann,quelthalas,480,hunter,beastmastery,12,5,7
9817,Kurmojo,hyjal,480,hunter,beastmastery,12,5,7
9818,Sunflwerdawn,emerald-dream,480,hunter,beastmastery,12,5,7
9819,Stonehard,mugthol,480,hunter,beastmastery,12,5,7
9820,Snowjin,stormrage,480,hunter,beastmastery,12,5,7
9821,Viral,grizzly-hills,480,hunter,beastmastery,12,5,7
9822,Twoshotz,stormrage,480,hunter,beastmastery,12,5,7
9823,Clinteastwoo,ragnaros,480,hunter,beastmastery,12,5,7
9824,Luckshot,destromath,480,hunter,beastmastery,12,5,7
9825,Dj,arygos,480,hunter,beastmastery,12,5,7
9826,Snoozee,emerald-dream,480,hunter,beastmastery,12,5,7
9827,Sinvat,tichondrius,480,hunter,beastmastery,12,5,7
9828,Ariais,zangarmarsh,480,hunter,beastmastery,12,5,7
9829,Yatyegatchun,illidan,480,hunter,beastmastery,12,5,7
9830,Lrnb,tichondrius,480,hunter,beastmastery,12,5,7
9831,Nj,kiljaeden,480,hunter,beastmastery,12,5,7
9832,Àthenaa,malygos,480,hunter,beastmastery,12,5,7
9833,Drakku,zuljin,480,hunter,beastmastery,12,5,7
9834,Fallacies,moon-guard,480,hunter,beastmastery,12,5,7
9835,Ferex,tichondrius,480,hunter,beastmastery,12,5,7
9836,Peiching,proudmoore,480,hunter,beastmastery,12,5,7
9837,Smexyhunter,moon-guard,480,hunter,beastmastery,12,5,7
9838,Mav,dragonmaw,480,hunter,beastmastery,14,5,9
9839,Bøl,ragnaros,480,hunter,beastmastery,16,5,11
9840,Grindal,drakkari,480,hunter,beastmastery,18,5,13
9841,Chetxs,bleeding-hollow,480,hunter,beastmastery,18,5,13
9842,Darksector,nemesis,480,hunter,beastmastery,18,5,13
9843,Shamtus,bladefist,479,hunter,beastmastery,6,5,1
9844,Mafghine,malganis,479,hunter,beastmastery,6,5,1
9845,Zpax,area-52,479,hunter,beastmastery,6,5,1
9846,Trianthel,azralon,479,hunter,beastmastery,12,5,7
9847,Deadlyattack,barthilas,479,hunter,beastmastery,12,5,7
9848,Kairoke,azralon,479,hunter,beastmastery,12,5,7
9849,Shoya,nerzhul,479,hunter,beastmastery,12,5,7
9850,Mecatrón,quelthalas,479,hunter,beastmastery,12,5,7
9851,Namikawa,stormrage,479,hunter,beastmastery,12,5,7
9852,Jijiyoyo,tichondrius,479,hunter,beastmastery,23,7,16
9853,Trushôtz,tichondrius,479,hunter,beastmastery,17,5,12
9854,Smider,magtheridon,479,hunter,beastmastery,18,5,13
9855,Hunterdps,gurubashi,478,hunter,beastmastery,12,5,7
9856,Feralhuntard,muradin,477,hunter,beastmastery,12,5,7
9857,Jîa,tichondrius,448,hunter,beastmastery,10,5,5
9858,Gunther,korgath,447,hunter,beastmastery,11,5,6
9859,Verzatyle,frostwolf,447,hunter,beastmastery,11,5,6
9860,Spunky,zuluhed,447,hunter,beastmastery,11,5,6
9861,Taelen,aegwynn,447,hunter,beastmastery,11,5,6
9862,Travisshot,tichondrius,447,hunter,beastmastery,11,5,6
9863,Vuur,korialstrasz,447,hunter,beastmastery,19,6,13
9864,Rástakhan,ragnaros,431,hunter,beastmastery,11,5,6
9865,Mordriva,azjolnerub,431,hunter,beastmastery,11,5,6
9866,Malgar,zuljin,415,hunter,beastmastery,11,5,6
9867,Mexishots,tichondrius,384,hunter,beastmastery,6,4,2
9868,Skytah,darkspear,384,hunter,beastmastery,6,4,2
9869,Chikkynuggy,destromath,384,hunter,beastmastery,6,4,2
9870,Redzic,tichondrius,384,hunter,beastmastery,6,4,2
9871,Ziêg,eonar,384,hunter,beastmastery,6,4,2
9872,Infatuatedx,moon-guard,384,hunter,beastmastery,6,4,2
9873,Houdan,frostmourne,384,hunter,beastmastery,6,4,2
9874,Petmayo,tichondrius,384,hunter,beastmastery,6,4,2
9875,Tezcâtlipocâ,sargeras,384,hunter,beastmastery,6,4,2
9876,Snipingmilfs,zuluhed,384,hunter,beastmastery,6,4,2
9877,Nodougaelark,dalaran,384,hunter,beastmastery,6,4,2
9878,Sindshai,onyxia,384,hunter,beastmastery,6,4,2
9879,Dexh,frostmourne,384,hunter,beastmastery,6,4,2
9880,Naxhunter,stormrage,384,hunter,beastmastery,6,4,2
9881,Yeaheh,area-52,384,hunter,beastmastery,6,4,2
9882,Coppersnout,wyrmrest-accord,384,hunter,beastmastery,6,4,2
9883,Quickfyre,stormrage,384,hunter,beastmastery,6,4,2
9884,Malcab,tichondrius,384,hunter,beastmastery,6,4,2
9885,Fizzpow,blackrock,384,hunter,beastmastery,6,4,2
9886,Reilerhunt,stormrage,384,hunter,beastmastery,6,4,2
9887,Pillarington,tichondrius,384,hunter,beastmastery,6,4,2
9888,Vindication,ysera,384,hunter,beastmastery,6,4,2
9889,Actioh,stormrage,384,hunter,beastmastery,6,4,2
9890,Kyoü,drakkari,384,hunter,beastmastery,6,4,2
9891,Sôuleater,moon-guard,384,hunter,beastmastery,6,4,2
9892,Gorillafart,spirestone,384,hunter,beastmastery,6,4,2
9893,Tangoda,tichondrius,384,hunter,beastmastery,6,4,2
9894,Huntations,sargeras,384,hunter,beastmastery,6,4,2
9895,Petpenguin,kelthuzad,384,hunter,beastmastery,6,4,2
9896,Silvershot,emerald-dream,384,hunter,beastmastery,6,4,2
9897,Puns,stormreaver,384,hunter,beastmastery,6,4,2
9898,Ragerab,trollbane,384,hunter,beastmastery,6,4,2
9899,Yolotraps,thrall,384,hunter,beastmastery,6,4,2
9900,Zarnick,frostwolf,384,hunter,beastmastery,6,4,2
9901,Kong,tichondrius,384,hunter,beastmastery,6,4,2
9902,Finol,azralon,384,hunter,beastmastery,6,4,2
9903,Yná,azralon,384,hunter,beastmastery,6,4,2
9904,Hovahdo,proudmoore,384,hunter,beastmastery,6,4,2
9905,Shiki,icecrown,384,hunter,beastmastery,6,4,2
9906,Probo,aegwynn,384,hunter,beastmastery,6,4,2
9907,Ithanna,quelthalas,384,hunter,beastmastery,6,4,2
9908,Naestrá,bleeding-hollow,384,hunter,beastmastery,6,4,2
9909,Bufluu,bleeding-hollow,384,hunter,beastmastery,6,4,2
9910,Chokemescara,stormrage,384,hunter,beastmastery,6,4,2
9911,Mhters,tichondrius,384,hunter,beastmastery,6,4,2
9912,Chichi,korgath,384,hunter,beastmastery,6,4,2
9913,Jerso,zuljin,384,hunter,beastmastery,6,4,2
9914,Exitwoundz,hyjal,384,hunter,beastmastery,6,4,2
9915,Booffmeister,area-52,384,hunter,beastmastery,6,4,2
9916,Moash,spinebreaker,384,hunter,beastmastery,6,4,2
9917,Heylenny,area-52,384,hunter,beastmastery,6,4,2
9918,Bodangel,galakrond,384,hunter,beastmastery,6,4,2
9919,Trapandclap,tichondrius,384,hunter,beastmastery,6,4,2
9920,Dooper,malfurion,384,hunter,beastmastery,6,4,2
9921,Shedowhunter,azralon,384,hunter,beastmastery,6,4,2
9922,Dcousins,tichondrius,384,hunter,beastmastery,6,4,2
9923,Funnk,tichondrius,384,hunter,beastmastery,6,4,2
9924,Jeonghun,tichondrius,384,hunter,beastmastery,9,5,4
9925,Anteróz,tichondrius,384,hunter,beastmastery,9,4,5
9926,Rycksanches,quelthalas,384,hunter,beastmastery,10,4,6
9927,Päinal,area-52,384,hunter,beastmastery,12,4,8
9928,Noxura,illidan,384,hunter,beastmastery,12,4,8
9929,Saharä,illidan,384,hunter,beastmastery,12,4,8
9930,Arteene,illidan,384,hunter,beastmastery,12,4,8
9931,Devastavi,proudmoore,384,hunter,beastmastery,12,4,8
9932,Kaliaraan,bleeding-hollow,384,hunter,beastmastery,12,4,8
9933,Galerius,illidan,384,hunter,beastmastery,12,4,8
9934,Teddybowschi,sargeras,384,hunter,beastmastery,12,4,8
9935,Grimshot,boulderfist,384,hunter,beastmastery,12,4,8
9936,Bowsauce,khadgar,384,hunter,beastmastery,12,4,8
9937,Seanpaì,tichondrius,384,hunter,beastmastery,12,4,8
9938,Odb,kelthuzad,384,hunter,beastmastery,12,4,8
9939,Blockbusters,sargeras,384,hunter,beastmastery,12,4,8
9940,Bangerzx,stormrage,384,hunter,beastmastery,12,4,8
9941,Killatrap,malganis,384,hunter,beastmastery,12,4,8
9942,Iililillilii,tichondrius,384,hunter,beastmastery,12,4,8
9943,Inetpub,stormrage,384,hunter,beastmastery,12,4,8
9944,Rogshunt,sargeras,384,hunter,beastmastery,12,4,8
9945,Bówjòb,nordrassil,384,hunter,beastmastery,12,4,8
9946,Calypso,chromaggus,384,hunter,beastmastery,12,4,8
9947,Xcisiion,nagrand,384,hunter,beastmastery,12,4,8
9948,Amoreiene,stormrage,384,hunter,beastmastery,12,4,8
9949,Elywen,alexstrasza,384,hunter,beastmastery,12,4,8
9950,Throwadox,malganis,384,hunter,beastmastery,12,4,8
9951,Moùrningwood,stormrage,384,hunter,beastmastery,12,4,8
9952,Bazanguita,tichondrius,384,hunter,beastmastery,12,4,8
9953,Skycaptaín,lightbringer,384,hunter,beastmastery,12,4,8
9954,Twopawshunta,tichondrius,384,hunter,beastmastery,12,4,8
9955,Cndavyjones,akama,384,hunter,beastmastery,12,4,8
9956,Atheranni,azralon,384,hunter,beastmastery,12,4,8
9957,Shaevie,lothar,384,hunter,beastmastery,12,4,8
9958,Oztroza,grizzly-hills,384,hunter,beastmastery,12,4,8
9959,Grumaku,area-52,384,hunter,beastmastery,12,4,8
9960,Sèasons,tichondrius,384,hunter,beastmastery,15,4,11
9961,Katiepie,frostmourne,384,hunter,beastmastery,18,4,14
9962,Atheos,gallywix,384,hunter,beastmastery,18,4,14
9963,Ruffini,tichondrius,384,hunter,beastmastery,18,4,14
9964,Löö,arthas,384,hunter,beastmastery,23,4,19
9965,Gichiwalrus,emerald-dream,383,hunter,beastmastery,6,4,2
9966,Bboo,bonechewer,383,hunter,beastmastery,6,4,2
9967,Eeremm,drakkari,383,hunter,beastmastery,6,4,2
9968,Beatnyou,tichondrius,383,hunter,beastmastery,12,4,8
9969,Noahxkhalel,azralon,383,hunter,beastmastery,12,4,8
9970,Lazygnome,azshara,383,hunter,beastmastery,12,4,8
9971,Böwjøb,illidan,383,hunter,beastmastery,12,4,8
9972,Àléç,mannoroth,383,hunter,beastmastery,12,4,8
9973,Paulayork,drakthul,383,hunter,beastmastery,12,4,8
9974,Survival,dentarg,383,hunter,beastmastery,18,4,14
9975,Terusa,ragnaros,383,hunter,beastmastery,18,4,14
9976,Etb,bleeding-hollow,382,hunter,beastmastery,12,4,8
9977,Vicluvv,stormrage,367,hunter,beastmastery,11,4,7
9978,Clinkz,chogall,351,hunter,beastmastery,11,4,7
9979,Vínçent,blood-furnace,351,hunter,beastmastery,17,4,13
9980,Vyalaris,emerald-dream,336,hunter,beastmastery,9,4,5
9981,Sadarrow,frostmourne,334,hunter,beastmastery,11,4,7
9982,Bugsßunny,sargeras,330,hunter,beastmastery,16,5,11
9983,Somethinggo,tichondrius,330,hunter,beastmastery,22,6,16
9984,Dayneryz,quelthalas,319,hunter,beastmastery,14,4,10
9985,Díllý,area-52,288,hunter,beastmastery,6,3,3
9986,Exabyssus,bleeding-hollow,288,hunter,beastmastery,6,3,3
9987,Moyria,quelthalas,288,hunter,beastmastery,6,3,3
9988,Thiccphat,sargeras,288,hunter,beastmastery,6,3,3
9989,Billcsbyswtr,sargeras,288,hunter,beastmastery,6,3,3
9990,Ironova,illidan,288,hunter,beastmastery,6,3,3
9991,Wanshöt,tichondrius,288,hunter,beastmastery,6,3,3
9992,Redthedeer,warsong,288,hunter,beastmastery,6,3,3
9993,Bmsurvmm,tichondrius,288,hunter,beastmastery,6,3,3
9994,Fakerz,stormrage,288,hunter,beastmastery,6,3,3
9995,Soberish,bleeding-hollow,288,hunter,beastmastery,6,3,3
9996,Latrampoza,quelthalas,288,hunter,beastmastery,6,3,3
9997,Rachetbutt,tichondrius,288,hunter,beastmastery,6,3,3
9998,Makeastinky,malfurion,288,hunter,beastmastery,6,3,3
9999,Shyck,ragnaros,288,hunter,beastmastery,6,3,3
10000,Sylpheous,bleeding-hollow,288,hunter,beastmastery,6,3,3
10001,Sbplayshunt,akama,288,hunter,beastmastery,6,3,3
10002,Hikkupz,tichondrius,288,hunter,beastmastery,6,3,3
10003,Saynice,warsong,288,hunter,beastmastery,6,3,3
10004,Braxigarr,area-52,288,hunter,beastmastery,6,3,3
10005,Nyloc,dalvengyr,288,hunter,beastmastery,6,3,3
10006,Burguir,ragnaros,288,hunter,beastmastery,6,3,3
10007,Urukah,gallywix,288,hunter,beastmastery,6,3,3
10008,Raainha,stormrage,288,hunter,beastmastery,6,3,3
10009,Beastmodex,quelthalas,288,hunter,beastmastery,6,3,3
10010,Chouklak,zuljin,288,hunter,beastmastery,6,3,3
10011,Mynds,stormrage,288,hunter,beastmastery,6,3,3
10012,Guacmec,tichondrius,288,hunter,beastmastery,6,3,3
10013,Jungling,kelthuzad,288,hunter,beastmastery,6,3,3
10014,Onahai,tichondrius,288,hunter,beastmastery,6,3,3
10015,Wiittig,hyjal,288,hunter,beastmastery,6,3,3
10016,Wook,hyjal,288,hunter,beastmastery,6,3,3
10017,Jellyleg,bleeding-hollow,288,hunter,beastmastery,6,3,3
10018,Jwzz,tichondrius,288,hunter,beastmastery,6,3,3
10019,Stimpblimp,jubeithos,288,hunter,beastmastery,6,3,3
10020,Vinksy,sargeras,288,hunter,beastmastery,6,3,3
10021,Daréz,blackrock,288,hunter,beastmastery,6,3,3
10022,Mastasnipa,illidan,288,hunter,beastmastery,6,3,3
10023,Hrodvitnir,quelthalas,288,hunter,beastmastery,6,3,3
10024,Mogradme,shadowsong,288,hunter,beastmastery,6,3,3
10025,Relaxnerd,antonidas,288,hunter,beastmastery,6,3,3
10026,Mostmanly,tichondrius,288,hunter,beastmastery,6,3,3
10027,Cluhaywood,zuljin,288,hunter,beastmastery,6,3,3
10028,Wannakill,stormrage,288,hunter,beastmastery,6,3,3
10029,Ljai,gilneas,288,hunter,beastmastery,6,3,3
10030,Cantcatchtin,tichondrius,288,hunter,beastmastery,6,3,3
10031,Nexxa,muradin,288,hunter,beastmastery,6,3,3
10032,Siimmplicitz,area-52,288,hunter,beastmastery,6,3,3
10033,Shatterwax,area-52,288,hunter,beastmastery,6,3,3
10034,Chrisp,bloodhoof,288,hunter,beastmastery,6,3,3
10035,Dualp,tichondrius,288,hunter,beastmastery,6,3,3
10036,Vikshen,illidan,288,hunter,beastmastery,6,3,3
10037,Emart,bloodhoof,288,hunter,beastmastery,6,3,3
10038,Tibineids,stormrage,288,hunter,beastmastery,6,3,3
10039,Valintine,the-scryers,288,hunter,beastmastery,6,3,3
10040,Bountybud,kiljaeden,288,hunter,beastmastery,6,3,3
10041,Sabanna,proudmoore,288,hunter,beastmastery,6,3,3
10042,Yoyoletsgo,malganis,288,hunter,beastmastery,6,3,3
10043,Playnogames,moon-guard,288,hunter,beastmastery,6,3,3
10044,Tacos,kelthuzad,288,hunter,beastmastery,6,3,3
10045,Bagofsnit,frostmourne,288,hunter,beastmastery,6,3,3
10046,Míbu,lightbringer,288,hunter,beastmastery,6,3,3
10047,Orqism,tichondrius,288,hunter,beastmastery,6,3,3
10048,Lyler,tichondrius,288,hunter,beastmastery,6,3,3
10049,Trixex,darkspear,288,hunter,beastmastery,6,3,3
10050,Bloodymalik,tichondrius,288,hunter,beastmastery,6,3,3
10051,Gudlukk,stormrage,288,hunter,beastmastery,6,3,3
10052,Zeroday,emerald-dream,288,hunter,beastmastery,6,3,3
10053,Shallwe,frostmourne,288,hunter,beastmastery,6,3,3
10054,Oblio,silvermoon,288,hunter,beastmastery,6,3,3
10055,Britannian,moon-guard,288,hunter,beastmastery,6,3,3
10056,Reallybroke,stormrage,288,hunter,beastmastery,6,3,3
10057,Cotó,stormrage,288,hunter,beastmastery,6,3,3
10058,Teaa,dalaran,288,hunter,beastmastery,6,3,3
10059,Tazer,area-52,288,hunter,beastmastery,6,3,3
10060,Perfectcrit,area-52,288,hunter,beastmastery,6,3,3
10061,Therealgam,the-underbog,288,hunter,beastmastery,6,3,3
10062,Tetzuo,illidan,288,hunter,beastmastery,6,3,3
10063,Aldurion,wyrmrest-accord,288,hunter,beastmastery,6,3,3
10064,Cefla,illidan,288,hunter,beastmastery,6,3,3
10065,Enonoa,thunderlord,288,hunter,beastmastery,6,3,3
10066,Tyrokk,barthilas,288,hunter,beastmastery,6,3,3
10067,Scolhunter,scarlet-crusade,288,hunter,beastmastery,6,3,3
10068,Recoyl,proudmoore,288,hunter,beastmastery,6,3,3
10069,Norgalys,proudmoore,288,hunter,beastmastery,6,3,3
10070,Akirarika,wyrmrest-accord,288,hunter,beastmastery,6,3,3
10071,Trailed,dalaran,288,hunter,beastmastery,6,3,3
10072,Goraku,dalaran,288,hunter,beastmastery,6,3,3
10073,Vicarnam,uldum,288,hunter,beastmastery,6,3,3
10074,Firskin,frostmourne,288,hunter,beastmastery,6,3,3
10075,Kalekros,tichondrius,288,hunter,beastmastery,6,3,3
10076,Syldris,proudmoore,288,hunter,beastmastery,6,3,3
10077,Deahtgab,ragnaros,288,hunter,beastmastery,6,3,3
10078,Popshotz,khazgoroth,288,hunter,beastmastery,6,3,3
10079,Adapted,proudmoore,288,hunter,beastmastery,6,3,3
10080,Puppe,sargeras,288,hunter,beastmastery,9,4,5
10081,Llachiip,zuljin,288,hunter,beastmastery,10,4,6
10082,Xxo,frostmourne,288,hunter,beastmastery,11,3,8
10083,Rinasonline,sargeras,288,hunter,beastmastery,12,3,9
10084,Aamoody,bloodhoof,288,hunter,beastmastery,12,3,9
10085,Dunkam,quelthalas,288,hunter,beastmastery,12,3,9
10086,Tanrith,dark-iron,288,hunter,beastmastery,12,3,9
10087,Nikå,ragnaros,288,hunter,beastmastery,12,3,9
10088,Rooman,ragnaros,288,hunter,beastmastery,12,3,9
10089,Jgalth,chogall,288,hunter,beastmastery,12,3,9
10090,Fiznits,nerzhul,288,hunter,beastmastery,12,3,9
10091,Dodirty,laughing-skull,288,hunter,beastmastery,12,3,9
10092,Dieplox,thunderhorn,288,hunter,beastmastery,12,3,9
10093,Hohohohahah,gallywix,288,hunter,beastmastery,12,3,9
10094,Malvnfresh,tichondrius,288,hunter,beastmastery,12,3,9
10095,Kharthorin,moon-guard,288,hunter,beastmastery,12,3,9
10096,Leggodex,caelestrasz,288,hunter,beastmastery,12,3,9
10097,Toozz,frostmourne,288,hunter,beastmastery,12,3,9
10098,Tarah,lightbringer,288,hunter,beastmastery,12,3,9
10099,Neríne,drakkari,288,hunter,beastmastery,12,3,9
10100,Harÿn,nemesis,288,hunter,beastmastery,12,3,9
10101,Thiande,zuljin,288,hunter,beastmastery,12,3,9
10102,Rice,veknilash,288,hunter,beastmastery,12,3,9
10103,Gunwalk,azjolnerub,288,hunter,beastmastery,12,3,9
10104,Digsites,emerald-dream,288,hunter,beastmastery,12,3,9
10105,Natnat,sargeras,288,hunter,beastmastery,12,3,9
10106,Terrygross,sargeras,288,hunter,beastmastery,12,3,9
10107,Scythedom,tichondrius,288,hunter,beastmastery,12,3,9
10108,Kango,azgalor,288,hunter,beastmastery,18,3,15
10109,Chuphunts,tichondrius,287,hunter,beastmastery,6,3,3
10110,Ledan,lightnings-blade,287,hunter,beastmastery,6,3,3
10111,Pureguava,gorefiend,287,hunter,beastmastery,6,3,3
10112,Wolftracer,sargeras,287,hunter,beastmastery,6,3,3
10113,Arin,suramar,287,hunter,beastmastery,12,3,9
10114,Acotas,blades-edge,286,hunter,beastmastery,6,3,3
10115,Darkally,blades-edge,285,hunter,beastmastery,12,3,9
10116,Twatshót,burning-legion,281,hunter,beastmastery,15,5,10
10117,Salurian,destromath,271,hunter,beastmastery,11,3,8
10118,Bulszeye,azgalor,255,hunter,beastmastery,8,4,4
10119,Tearsofnoobs,tichondrius,255,hunter,beastmastery,9,4,5
10120,Pokeyourbutt,hydraxis,240,hunter,beastmastery,15,3,12
10121,Diisdik,tichondrius,239,hunter,beastmastery,5,3,2
10122,Ashx,nemesis,239,hunter,beastmastery,5,3,2
10123,Trycen,bleeding-hollow,239,hunter,beastmastery,5,3,2
10124,Djcummyfeet,stormrage,234,hunter,beastmastery,17,6,11
10125,Punjisticks,tichondrius,223,hunter,beastmastery,8,3,5
10126,Dadhatesme,stormrage,223,hunter,beastmastery,10,3,7
10127,Onihanzo,thrall,222,hunter,beastmastery,7,4,3
10128,Jackcoügh,frostmourne,208,hunter,beastmastery,7,3,4
10129,Cufless,proudmoore,192,hunter,beastmastery,6,2,4
10130,Clütch,darkspear,192,hunter,beastmastery,6,2,4
10131,Expskippy,darkspear,192,hunter,beastmastery,6,2,4
10132,Survbot,malganis,192,hunter,beastmastery,6,2,4
10133,Caligar,tichondrius,192,hunter,beastmastery,6,2,4
10134,Autoshotxprt,frostmourne,192,hunter,beastmastery,6,2,4
10135,Mojito,frostmourne,192,hunter,beastmastery,6,2,4
10136,Ownyoufast,darkspear,192,hunter,beastmastery,6,2,4
10137,Ratbasterrd,darkspear,192,hunter,beastmastery,6,2,4
10138,Madsniper,thunderlord,192,hunter,beastmastery,6,2,4
10139,Snoogen,illidan,192,hunter,beastmastery,6,2,4
10140,Frìtz,barthilas,192,hunter,beastmastery,6,2,4
10141,Xavííer,tichondrius,192,hunter,beastmastery,6,2,4
10142,Wrècked,kiljaeden,192,hunter,beastmastery,6,2,4
10143,Ivanjackenov,illidan,192,hunter,beastmastery,6,2,4
10144,Hötdôg,kiljaeden,192,hunter,beastmastery,6,2,4
10145,Wooftoof,frostmourne,192,hunter,beastmastery,6,2,4
10146,Verzoz,illidan,192,hunter,beastmastery,6,2,4
10147,Zoopdapoop,dalaran,192,hunter,beastmastery,6,2,4
10148,Nanotorque,moon-guard,192,hunter,beastmastery,6,2,4
10149,Blickymon,wyrmrest-accord,192,hunter,beastmastery,6,2,4
10150,Dirtymongrel,barthilas,192,hunter,beastmastery,6,2,4
10151,Åî,tichondrius,192,hunter,beastmastery,6,2,4
10152,Nahzah,stormrage,192,hunter,beastmastery,6,2,4
10153,Purpreynolds,tichondrius,192,hunter,beastmastery,6,2,4
10154,Shootermgavn,frostmourne,192,hunter,beastmastery,6,2,4
10155,Doves,wyrmrest-accord,192,hunter,beastmastery,6,2,4
10156,Zellor,wyrmrest-accord,192,hunter,beastmastery,6,2,4
10157,Harrowin,area-52,192,hunter,beastmastery,6,2,4
10158,Varianhunter,kelthuzad,192,hunter,beastmastery,6,2,4
10159,Csadark,nemesis,192,hunter,beastmastery,6,2,4
10160,Bloodstark,dreadmaul,192,hunter,beastmastery,6,2,4
10161,Alikay,ragnaros,192,hunter,beastmastery,6,2,4
10162,Barrelsofrum,illidan,192,hunter,beastmastery,6,2,4
10163,Hollee,turalyon,192,hunter,beastmastery,6,2,4
10164,Nflmaster,malganis,192,hunter,beastmastery,6,2,4
10165,Graatata,shandris,192,hunter,beastmastery,6,2,4
10166,Vanpeltz,illidan,192,hunter,beastmastery,6,2,4
10167,Neverwipes,frostmourne,192,hunter,beastmastery,6,2,4
10168,Skillhunter,tichondrius,192,hunter,beastmastery,6,2,4
10169,Kansolly,tichondrius,192,hunter,beastmastery,6,2,4
10170,Lissavi,tichondrius,192,hunter,beastmastery,6,2,4
10171,Ussy,area-52,192,hunter,beastmastery,6,2,4
10172,Solderboi,tichondrius,192,hunter,beastmastery,6,2,4
10173,Hüh,area-52,192,hunter,beastmastery,6,2,4
10174,Hìrcine,nesingwary,192,hunter,beastmastery,6,2,4
10175,Skillvanas,stormrage,192,hunter,beastmastery,6,2,4
10176,Virgim,kelthuzad,192,hunter,beastmastery,6,2,4
10177,Dnicee,stormrage,192,hunter,beastmastery,6,2,4
10178,Monffbc,tichondrius,192,hunter,beastmastery,6,2,4
10179,Drimhuzzah,velen,192,hunter,beastmastery,6,2,4
10180,Sativ,moknathal,192,hunter,beastmastery,6,2,4
10181,Illrannevian,garrosh,192,hunter,beastmastery,6,2,4
10182,Jumeog,stormscale,192,hunter,beastmastery,6,2,4
10183,Dreadrahl,deathwing,192,hunter,beastmastery,6,2,4
10184,Equipmunk,arthas,192,hunter,beastmastery,6,2,4
10185,Pfheign,area-52,192,hunter,beastmastery,6,2,4
10186,Zarknoth,cenarius,192,hunter,beastmastery,6,2,4
10187,Seenobody,stormrage,192,hunter,beastmastery,6,2,4
10188,Smallsouljah,demon-soul,192,hunter,beastmastery,6,2,4
10189,Habanero,anetheron,192,hunter,beastmastery,6,2,4
10190,Viracha,stormrage,192,hunter,beastmastery,6,2,4
10191,Prowd,staghelm,192,hunter,beastmastery,6,2,4
10192,Aliciaomg,andorhal,192,hunter,beastmastery,6,2,4
10193,Shådé,stormrage,192,hunter,beastmastery,6,2,4
10194,Diacachimbaa,ragnaros,192,hunter,beastmastery,6,2,4
10195,Flor,boulderfist,192,hunter,beastmastery,6,2,4
10196,Camfeed,illidan,192,hunter,beastmastery,6,2,4
10197,Elfinballz,khadgar,192,hunter,beastmastery,6,2,4
10198,Totolol,trollbane,192,hunter,beastmastery,6,2,4
10199,Kudzue,illidan,192,hunter,beastmastery,6,2,4
10200,Munrrack,ragnaros,192,hunter,beastmastery,6,2,4
10201,Nubcaks,nerzhul,192,hunter,beastmastery,6,2,4
10202,Nevon,azralon,192,hunter,beastmastery,6,2,4
10203,Singer,lothar,192,hunter,beastmastery,6,2,4
10204,Artemisa,warsong,192,hunter,beastmastery,6,2,4
10205,Jbahh,hyjal,192,hunter,beastmastery,6,2,4
10206,Capnjack,hyjal,192,hunter,beastmastery,6,2,4
10207,Pressbro,tichondrius,192,hunter,beastmastery,6,2,4
10208,Zertkal,undermine,192,hunter,beastmastery,6,2,4
10209,Fjdominador,azralon,192,hunter,beastmastery,6,2,4
10210,Survenant,zuljin,192,hunter,beastmastery,6,2,4
10211,Juicyfruit,bleeding-hollow,192,hunter,beastmastery,6,2,4
10212,Shikago,wyrmrest-accord,192,hunter,beastmastery,6,2,4
10213,Chaseurnoir,exodar,192,hunter,beastmastery,6,2,4
10214,Warplaquee,zuljin,192,hunter,beastmastery,6,2,4
10215,Chømp,tichondrius,192,hunter,beastmastery,6,2,4
10216,Mídnîght,azralon,192,hunter,beastmastery,6,2,4
10217,Twocranes,tichondrius,192,hunter,beastmastery,6,2,4
10218,Ikiteforfood,zuljin,192,hunter,beastmastery,6,2,4
10219,Blakespace,area-52,192,hunter,beastmastery,6,2,4
10220,Urukkz,goldrinn,192,hunter,beastmastery,6,2,4
10221,Zhanzu,quelthalas,192,hunter,beastmastery,6,2,4
10222,Plastera,zuljin,192,hunter,beastmastery,6,2,4
10223,Rostter,azralon,192,hunter,beastmastery,6,2,4
10224,Rhyzen,drenden,192,hunter,beastmastery,6,2,4
10225,Impërïum,zuljin,192,hunter,beastmastery,6,2,4
10226,Magvez,tichondrius,192,hunter,beastmastery,6,2,4
10227,Etarie,malganis,192,hunter,beastmastery,6,2,4
10228,Snaken,the-forgotten-coast,192,hunter,beastmastery,6,2,4
10229,Rúdrá,area-52,192,hunter,beastmastery,6,2,4
10230,Notoffended,sargeras,192,hunter,beastmastery,6,2,4
10231,Aaggros,sargeras,192,hunter,beastmastery,6,2,4
10232,Ganderion,sargeras,192,hunter,beastmastery,6,2,4
10233,Gorgoon,sargeras,192,hunter,beastmastery,6,2,4
10234,Equalizér,sargeras,192,hunter,beastmastery,6,2,4
10235,Jämmëdclïp,emerald-dream,192,hunter,beastmastery,6,2,4
10236,Dynith,sargeras,192,hunter,beastmastery,6,2,4
10237,Thyladaern,kiljaeden,192,hunter,beastmastery,12,2,10
10238,Ullr,gurubashi,192,hunter,beastmastery,12,2,10
10239,Arrowzpeckt,tichondrius,192,hunter,beastmastery,12,2,10
10240,Ijii,tichondrius,192,hunter,beastmastery,12,2,10
10241,Carloslaun,drakkari,192,hunter,beastmastery,12,2,10
10242,Tânsøxøxø,tichondrius,192,hunter,beastmastery,12,2,10
10243,Jezoo,frostmourne,192,hunter,beastmastery,12,2,10
10244,Tánsøxøxø,tichondrius,192,hunter,beastmastery,12,2,10
10245,Bjj,eonar,192,hunter,beastmastery,12,2,10
10246,Meetdmonster,illidan,192,hunter,beastmastery,12,2,10
10247,Khabul,area-52,192,hunter,beastmastery,12,2,10
10248,Sniffler,barthilas,192,hunter,beastmastery,12,2,10
10249,Lhax,stormrage,192,hunter,beastmastery,12,2,10
10250,Tuvasa,blood-furnace,191,hunter,beastmastery,6,2,4
10251,Stoneforged,ragnaros,191,hunter,beastmastery,6,2,4
10252,Recebaa,barthilas,191,hunter,beastmastery,6,2,4
10253,Moapax,azralon,191,hunter,beastmastery,6,2,4
10254,Malthiz,antonidas,191,hunter,beastmastery,6,2,4
10255,Aiilton,gallywix,191,hunter,beastmastery,6,2,4
10256,Drakarÿs,drakkari,191,hunter,beastmastery,12,2,10
10257,Neverhunter,azralon,175,hunter,beastmastery,6,3,3
10258,Linszsz,nemesis,169,hunter,beastmastery,11,4,7
10259,Zock,lothar,160,hunter,beastmastery,10,2,8
10260,Helikaon,deathwing,159,hunter,beastmastery,5,2,3
10261,Viserysll,azralon,159,hunter,beastmastery,5,2,3
10262,Sleepywrld,area-52,159,hunter,beastmastery,5,2,3
10263,Maximum,tichondrius,159,hunter,beastmastery,5,2,3
10264,Skrìms,tichondrius,159,hunter,beastmastery,5,2,3
10265,Lele,stormrage,138,hunter,beastmastery,8,4,4
10266,Hazzlôk,cairne,138,hunter,beastmastery,14,4,10
10267,Piñg,tichondrius,128,hunter,beastmastery,4,2,2
10268,Laviè,tichondrius,112,hunter,beastmastery,4,3,1
10269,Nakyash,ragnaros,96,hunter,beastmastery,3,2,1
10270,Ghostone,sargeras,96,hunter,beastmastery,6,1,5
10271,Ilîiìîìiilil,bleeding-hollow,96,hunter,beastmastery,6,1,5
10272,Jabbar,bleeding-hollow,96,hunter,beastmastery,6,1,5
10273,Wamion,zuljin,96,hunter,beastmastery,6,1,5
10274,Bertiebott,zuljin,96,hunter,beastmastery,6,1,5
10275,Nachtcloverr,stormrage,96,hunter,beastmastery,6,1,5
10276,Carot,dalaran,96,hunter,beastmastery,6,1,5
10277,Oldmandave,stormrage,96,hunter,beastmastery,6,1,5
10278,Henhøuse,illidan,96,hunter,beastmastery,6,1,5
10279,Skeetslinger,illidan,96,hunter,beastmastery,6,1,5
10280,Foakus,zuljin,96,hunter,beastmastery,6,1,5
10281,Frenchhtoast,sargeras,96,hunter,beastmastery,6,1,5
10282,Bellaphonte,stormrage,96,hunter,beastmastery,6,1,5
10283,Spitballa,emerald-dream,96,hunter,beastmastery,6,1,5
10284,Physical,destromath,96,hunter,beastmastery,6,1,5
10285,Vencc,tichondrius,96,hunter,beastmastery,6,1,5
10286,Bosshunt,whisperwind,96,hunter,beastmastery,6,1,5
10287,Cocobread,stormreaver,96,hunter,beastmastery,6,1,5
10288,Nearsightedd,area-52,96,hunter,beastmastery,6,1,5
10289,Dampteeth,sargeras,96,hunter,beastmastery,6,1,5
10290,Sóggybóxers,tichondrius,96,hunter,beastmastery,6,1,5
10291,Varag,amanthul,96,hunter,beastmastery,6,1,5
10292,Boyarsky,area-52,96,hunter,beastmastery,6,1,5
10293,Kok,andorhal,96,hunter,beastmastery,6,1,5
10294,Muckenfoose,frostmourne,96,hunter,beastmastery,6,1,5
10295,Appä,lightnings-blade,96,hunter,beastmastery,6,1,5
10296,Tiraa,kelthuzad,96,hunter,beastmastery,6,1,5
10297,Mtuanwm,tichondrius,96,hunter,beastmastery,6,1,5
10298,Allgasnocap,kelthuzad,96,hunter,beastmastery,6,1,5
10299,Bithiáh,quelthalas,96,hunter,beastmastery,6,1,5
10300,Warpedshots,malganis,96,hunter,beastmastery,6,1,5
10301,Baehydra,frostmourne,96,hunter,beastmastery,6,1,5
10302,Opsi,ragnaros,96,hunter,beastmastery,6,1,5
10303,Panm,runetotem,96,hunter,beastmastery,6,1,5
10304,Murk,spirestone,96,hunter,beastmastery,6,1,5
10305,Elisen,frostmourne,96,hunter,beastmastery,6,1,5
10306,Boido,ghostlands,96,hunter,beastmastery,6,1,5
10307,Xclaw,llane,96,hunter,beastmastery,6,1,5
10308,Fadingtrapz,jubeithos,96,hunter,beastmastery,6,1,5
10309,Justforfunxx,tichondrius,96,hunter,beastmastery,6,1,5
10310,Birggitte,the-venture-co,96,hunter,beastmastery,6,1,5
10311,Speirs,tichondrius,96,hunter,beastmastery,6,1,5
10312,Cophunter,tichondrius,96,hunter,beastmastery,6,1,5
10313,Dusle,azralon,96,hunter,beastmastery,6,1,5
10314,Xcopel,azralon,96,hunter,beastmastery,6,1,5
10315,Penelòpe,wyrmrest-accord,96,hunter,beastmastery,6,1,5
10316,Huntardness,moon-guard,96,hunter,beastmastery,6,1,5
10317,Bigpie,daggerspine,96,hunter,beastmastery,6,1,5
10318,Auset,aegwynn,96,hunter,beastmastery,6,1,5
10319,Percival,firetree,96,hunter,beastmastery,6,1,5
10320,Ballinpotato,tichondrius,96,hunter,beastmastery,6,1,5
10321,Cynasia,maelstrom,96,hunter,beastmastery,6,1,5
10322,Espaada,tichondrius,96,hunter,beastmastery,6,1,5
10323,Robious,tichondrius,96,hunter,beastmastery,6,1,5
10324,Darkhunterr,tichondrius,96,hunter,beastmastery,6,1,5
10325,Rexxiga,kiljaeden,96,hunter,beastmastery,6,1,5
10326,Wixyy,aegwynn,96,hunter,beastmastery,6,1,5
10327,Patcherson,kargath,96,hunter,beastmastery,6,1,5
10328,Poonbaddy,kiljaeden,96,hunter,beastmastery,6,1,5
10329,Sobala,azralon,96,hunter,beastmastery,6,1,5
10330,Ãmi,moon-guard,96,hunter,beastmastery,6,1,5
10331,Båttousai,kiljaeden,96,hunter,beastmastery,6,1,5
10332,Nimbioth,proudmoore,96,hunter,beastmastery,6,1,5
10333,Bendotexe,stormrage,96,hunter,beastmastery,7,1,6
10334,Divineseraph,dentarg,96,hunter,beastmastery,12,1,11
10335,Desoh,kelthuzad,96,hunter,beastmastery,12,1,11
10336,Boomup,tichondrius,96,hunter,beastmastery,12,1,11
10337,Tydee,nagrand,96,hunter,beastmastery,12,1,11
10338,Coletrickle,chogall,96,hunter,beastmastery,12,1,11
10339,Leaii,thrall,95,hunter,beastmastery,6,1,5
10340,Kölhberg,azralon,64,hunter,beastmastery,10,1,9
10341,Jonyvi,stormrage,63,hunter,beastmastery,2,2,0
10342,Triggamikê,tichondrius,63,hunter,beastmastery,2,2,0
10343,Falsifier,ragnaros,48,hunter,beastmastery,3,1,2
10344,Yory,tol-barad,48,hunter,beastmastery,3,1,2
10345,Memorypet,proudmoore,48,hunter,beastmastery,3,1,2
10346,Bowjoblul,stormrage,42,hunter,beastmastery,9,2,7
10347,Khillin,destromath,31,hunter,beastmastery,2,1,1
10348,Voladren,moon-guard,31,hunter,beastmastery,2,1,1
10349,Numbing,sargeras,2233,mage,arcane,100,54,46
10350,Venruki,tichondrius,2137,mage,arcane,78,44,34
10351,Cvark,sargeras,2123,mage,arcane,76,45,31
10352,Ktp,tichondrius,2067,mage,arcane,72,42,30
10353,Junglejape,tichondrius,1967,mage,arcane,54,35,19
10354,Bambambilly,kelthuzad,1864,mage,arcane,78,43,35
10355,Bíscuít,illidan,1864,mage,arcane,139,76,63
10356,Whiterice,zuljin,1862,mage,arcane,44,28,16
10357,Sestren,zuljin,1813,mage,arcane,54,28,26
10358,Vampìrelolz,tichondrius,1809,mage,arcane,48,26,22
10359,Oneschool,sargeras,1781,mage,arcane,48,24,24
10360,Elfmage,tichondrius,1777,mage,arcane,30,19,11
10361,Mokelovin,sargeras,1757,mage,arcane,47,26,21
10362,Hallat,archimonde,1743,mage,arcane,189,92,97
10363,Juicemage,tichondrius,1736,mage,arcane,48,25,23
10364,Snortmeth,area-52,1721,mage,arcane,54,36,18
10365,Lmaginedying,illidan,1715,mage,arcane,30,24,6
10366,Birdfather,tichondrius,1695,mage,arcane,30,23,7
10367,Clutchy,gorefiend,1672,mage,arcane,42,29,13
10368,Ligmmah,stormrage,1672,mage,arcane,36,21,15
10369,Nyj,tichondrius,1666,mage,arcane,41,24,17
10370,Zps,illidan,1662,mage,arcane,48,27,21
10371,Shwaysted,burning-blade,1657,mage,arcane,42,22,20
10372,Xialing,tichondrius,1631,mage,arcane,40,24,16
10373,Magecombe,thrall,1617,mage,arcane,30,17,13
10374,Proximalol,tichondrius,1610,mage,arcane,36,20,16
10375,Spitemage,tichondrius,1608,mage,arcane,54,23,31
10376,Hööva,illidan,1604,mage,arcane,30,17,13
10377,Agoniey,illidan,1603,mage,arcane,95,50,45
10378,Rhythmdog,tichondrius,1603,mage,arcane,45,21,24
10379,Delibro,tichondrius,1602,mage,arcane,34,21,13
10380,Primearcanis,tol-barad,1601,mage,arcane,48,22,26
10381,Arianark,sargeras,1592,mage,arcane,30,21,9
10382,Felsparkles,area-52,1589,mage,arcane,54,30,24
10383,Dmgperseç,tichondrius,1575,mage,arcane,24,17,7
10384,Dbox,stormscale,1549,mage,arcane,58,32,26
10385,Prosperoh,burning-legion,1545,mage,arcane,36,20,16
10386,Zhanna,nazjatar,1535,mage,arcane,96,47,49
10387,Lucidaze,daggerspine,1520,mage,arcane,98,49,49
10388,Hustle,frostmourne,1516,mage,arcane,78,42,36
10389,Exterminatüs,tichondrius,1508,mage,arcane,45,19,26
10390,Sáron,quelthalas,1488,mage,arcane,42,25,17
10391,Missile,frostmourne,1454,mage,arcane,36,17,19
10392,Ject,ragnaros,1438,mage,arcane,42,20,22
10393,Linkolni,azralon,1432,mage,arcane,79,43,36
10394,Höövalt,illidan,1417,mage,arcane,24,15,9
10395,Hennimage,sargeras,1410,mage,arcane,102,59,43
10396,Somariais,illidan,1399,mage,arcane,42,20,22
10397,Söngs,goldrinn,1387,mage,arcane,24,15,9
10398,Perrc,area-52,1376,mage,arcane,102,46,56
10399,Wizzyx,illidan,1373,mage,arcane,40,21,19
10400,Castarcane,nordrassil,1370,mage,arcane,36,17,19
10401,Melkdud,wyrmrest-accord,1341,mage,arcane,24,14,10
10402,Coôler,illidan,1313,mage,arcane,39,16,23
10403,Szrp,stormrage,1306,mage,arcane,45,20,25
10404,Avandal,proudmoore,1304,mage,arcane,53,18,35
10405,Ruzam,area-52,1303,mage,arcane,180,88,92
10406,Draell,drakkari,1301,mage,arcane,54,30,24
10407,Véyda,emerald-dream,1300,mage,arcane,54,27,27
10408,Airbnb,area-52,1298,mage,arcane,34,20,14
10409,Valrendor,nazjatar,1294,mage,arcane,37,25,12
10410,Chezzmasterx,misha,1289,mage,arcane,63,31,32
10411,Thewizârd,stormrage,1274,mage,arcane,156,84,72
10412,Jedamere,proudmoore,1260,mage,arcane,36,17,19
10413,Strêss,kelthuzad,1255,mage,arcane,123,60,63
10414,Gessin,area-52,1245,mage,arcane,100,50,50
10415,Bananappeal,kelthuzad,1243,mage,arcane,30,13,17
10416,Unlike,sargeras,1235,mage,arcane,71,29,42
10417,Antifreezex,tichondrius,1227,mage,arcane,41,25,16
10418,Skywalkerino,azralon,1215,mage,arcane,107,55,52
10419,Gryd,area-52,1193,mage,arcane,78,42,36
10420,Greenwise,illidan,1183,mage,arcane,30,16,14
10421,Yonzho,area-52,1160,mage,arcane,20,13,7
10422,Fearhades,drakkari,1159,mage,arcane,24,13,11
10423,Cyphen,proudmoore,1146,mage,arcane,24,12,12
10424,Oyagi,moon-guard,1129,mage,arcane,77,37,40
10425,Cokézero,frostmourne,1128,mage,arcane,45,22,23
10426,Chëryl,proudmoore,1119,mage,arcane,94,40,54
10427,Badwoman,tichondrius,1111,mage,arcane,36,13,23
10428,Kittikk,tichondrius,1107,mage,arcane,96,45,51
10429,Klausgc,sargeras,1084,mage,arcane,20,12,8
10430,Holbrook,greymane,1081,mage,arcane,48,17,31
10431,Arcanemagek,tichondrius,1056,mage,arcane,12,11,1
10432,Spellsteål,malganis,1055,mage,arcane,12,11,1
10433,Ezchallenger,undermine,1055,mage,arcane,24,11,13
10434,Dawitchery,illidan,1055,mage,arcane,24,11,13
10435,Tommagic,tichondrius,1055,mage,arcane,30,11,19
10436,Wïzarduous,mannoroth,1053,mage,arcane,18,11,7
10437,Enthy,frostmourne,1052,mage,arcane,24,11,13
10438,Astrojrue,sargeras,1049,mage,arcane,23,11,12
10439,Alode,moon-guard,1048,mage,arcane,18,11,7
10440,Tsarevich,fizzcrank,1008,mage,arcane,36,14,22
10441,Smoks,stormrage,973,mage,arcane,26,12,14
10442,Raeign,frostmourne,972,mage,arcane,117,55,62
10443,Nightsaber,blackrock,960,mage,arcane,12,10,2
10444,Windwìtch,quelthalas,960,mage,arcane,18,10,8
10445,Tbkz,amanthul,960,mage,arcane,24,10,14
10446,Zerathremar,proudmoore,958,mage,arcane,18,10,8
10447,Balencii,kiljaeden,957,mage,arcane,18,10,8
10448,Haze,hyjal,955,mage,arcane,18,10,8
10449,Themagicman,whisperwind,954,mage,arcane,24,10,14
10450,Tagere,moon-guard,954,mage,arcane,24,10,14
10451,Orderlight,alexstrasza,954,mage,arcane,24,10,14
10452,Lünå,onyxia,948,mage,arcane,18,10,8
10453,Morkleen,korgath,943,mage,arcane,30,10,20
10454,Shadows,exodar,934,mage,arcane,24,10,14
10455,Dietdeww,borean-tundra,913,mage,arcane,18,10,8
10456,Khierlana,hellscream,903,mage,arcane,66,27,39
10457,Mastablastar,windrunner,899,mage,arcane,23,10,13
10458,Jazzgroyper,sargeras,864,mage,arcane,18,9,9
10459,Allýria,stormrage,863,mage,arcane,18,9,9
10460,Pandazed,proudmoore,863,mage,arcane,18,9,9
10461,Sherian,queldorei,832,mage,arcane,18,9,9
10462,Jööz,deathwing,768,mage,arcane,18,8,10
10463,Eludin,aegwynn,768,mage,arcane,18,8,10
10464,Shmage,dragonmaw,767,mage,arcane,12,8,4
10465,Watchmepog,tichondrius,767,mage,arcane,12,8,4
10466,Gin,nemesis,767,mage,arcane,12,8,4
10467,Fakebusiness,area-52,767,mage,arcane,18,8,10
10468,Boredmoomoo,thunderlord,765,mage,arcane,12,8,4
10469,Archtype,azralon,764,mage,arcane,24,8,16
10470,Sceledrus,quelthalas,760,mage,arcane,18,8,10
10471,Aycc,tichondrius,735,mage,arcane,17,8,9
10472,Clernlol,emerald-dream,672,mage,arcane,24,7,17
10473,Zezima,spirestone,671,mage,arcane,12,7,5
10474,Ankidar,quelthalas,671,mage,arcane,18,7,11
10475,Warthormage,stormrage,670,mage,arcane,12,7,5
10476,Derkrìeger,turalyon,670,mage,arcane,18,7,11
10477,Zimzum,bladefist,666,mage,arcane,12,7,5
10478,Jackson,altar-of-storms,664,mage,arcane,24,7,17
10479,Waisted,kelthuzad,654,mage,arcane,13,8,5
10480,Zukoprince,azralon,576,mage,arcane,6,6,0
10481,Astroner,frostmourne,576,mage,arcane,12,6,6
10482,Vênsêr,emerald-dream,576,mage,arcane,12,6,6
10483,Harshx,bleeding-hollow,576,mage,arcane,12,6,6
10484,Fryry,dalaran,576,mage,arcane,12,6,6
10485,Aeghis,stormrage,576,mage,arcane,12,6,6
10486,Spart,runetotem,576,mage,arcane,17,6,11
10487,Moond,drakkari,575,mage,arcane,12,6,6
10488,Mageyoulooks,kelthuzad,575,mage,arcane,18,6,12
10489,Wizfajita,malganis,575,mage,arcane,18,6,12
10490,Cassanara,moon-guard,574,mage,arcane,18,6,12
10491,Bobalama,tichondrius,573,mage,arcane,24,6,18
10492,Waef,quelthalas,571,mage,arcane,12,6,6
10493,Enfuegoe,tichondrius,571,mage,arcane,12,6,6
10494,Esien,tichondrius,522,mage,arcane,20,7,13
10495,Unmix,tichondrius,510,mage,arcane,14,6,8
10496,Skillsbro,arthas,480,mage,arcane,6,5,1
10497,Austere,boulderfist,480,mage,arcane,6,5,1
10498,Wauzcrol,quelthalas,480,mage,arcane,12,5,7
10499,Shäräpova,zuljin,480,mage,arcane,12,5,7
10500,Dagreatone,malganis,480,mage,arcane,12,5,7
10501,Diamondx,ragnaros,480,mage,arcane,12,5,7
10502,Beerbelly,tichondrius,480,mage,arcane,12,5,7
10503,Étel,nemesis,480,mage,arcane,12,5,7
10504,Kevymarts,tichondrius,480,mage,arcane,18,5,13
10505,Kosiris,tichondrius,480,mage,arcane,18,5,13
10506,Softbody,barthilas,479,mage,arcane,12,5,7
10507,Drainbamage,coilfang,479,mage,arcane,18,5,13
10508,Humpadumplin,wyrmrest-accord,478,mage,arcane,24,5,19
10509,Merlon,dalaran,476,mage,arcane,12,5,7
10510,Kirayu,gilneas,416,mage,arcane,10,5,5
10511,Larouse,quelthalas,415,mage,arcane,8,5,3
10512,Dogmagetw,tichondrius,384,mage,arcane,6,4,2
10513,Magicos,frostmourne,384,mage,arcane,6,4,2
10514,Cømbust,frostmourne,384,mage,arcane,6,4,2
10515,Wanming,tichondrius,384,mage,arcane,6,4,2
10516,Lightsoran,tichondrius,384,mage,arcane,6,4,2
10517,Tuggernaug,malganis,384,mage,arcane,6,4,2
10518,Garrieto,sargeras,384,mage,arcane,6,4,2
10519,Parapio,tichondrius,384,mage,arcane,6,4,2
10520,Hasteboy,kelthuzad,384,mage,arcane,6,4,2
10521,Fredcouples,tichondrius,384,mage,arcane,6,4,2
10522,Magnesiium,illidan,384,mage,arcane,6,4,2
10523,Chilléd,tichondrius,384,mage,arcane,6,4,2
10524,Jordèb,sargeras,384,mage,arcane,6,4,2
10525,Noescaping,illidan,384,mage,arcane,12,4,8
10526,Nesomage,destromath,384,mage,arcane,12,4,8
10527,Biotic,kiljaeden,384,mage,arcane,12,4,8
10528,Hogslop,saurfang,384,mage,arcane,12,4,8
10529,Forestella,tichondrius,384,mage,arcane,12,4,8
10530,Oharvestero,illidan,384,mage,arcane,12,4,8
10531,Bigbuttangel,borean-tundra,384,mage,arcane,12,4,8
10532,Scxut,tichondrius,384,mage,arcane,12,4,8
10533,Khaldyn,tichondrius,384,mage,arcane,12,4,8
10534,Preckwinkle,moon-guard,382,mage,arcane,6,4,2
10535,Ærtai,black-dragonflight,304,mage,arcane,7,4,3
10536,Insulting,aerie-peak,288,mage,arcane,6,3,3
10537,Milfmaster,aerie-peak,288,mage,arcane,6,3,3
10538,Myrondor,tichondrius,288,mage,arcane,6,3,3
10539,Kogin,thrall,288,mage,arcane,6,3,3
10540,Bobbyyx,sargeras,288,mage,arcane,6,3,3
10541,Madpoondog,frostmourne,288,mage,arcane,6,3,3
10542,Xzude,korgath,288,mage,arcane,6,3,3
10543,Natzue,sargeras,288,mage,arcane,6,3,3
10544,Unknownblast,kul-tiras,288,mage,arcane,6,3,3
10545,Zerodium,sargeras,288,mage,arcane,6,3,3
10546,Adrazell,sargeras,288,mage,arcane,6,3,3
10547,Watchmesleep,tichondrius,288,mage,arcane,6,3,3
10548,Jizzlez,tichondrius,288,mage,arcane,6,3,3
10549,Snoogma,illidan,288,mage,arcane,6,3,3
10550,Xythros,stormrage,288,mage,arcane,6,3,3
10551,Heflash,azralon,288,mage,arcane,6,3,3
10552,Christensen,stormrage,288,mage,arcane,6,3,3
10553,Koro,tichondrius,288,mage,arcane,6,3,3
10554,Hansol,farstriders,288,mage,arcane,6,3,3
10555,Pwnstarx,proudmoore,288,mage,arcane,6,3,3
10556,Murr,boulderfist,288,mage,arcane,6,3,3
10557,Arçanemage,tichondrius,288,mage,arcane,12,3,9
10558,Elux,whisperwind,288,mage,arcane,12,3,9
10559,Toknsmoke,tichondrius,288,mage,arcane,12,3,9
10560,Hogdog,illidan,288,mage,arcane,12,3,9
10561,Matmagic,drakkari,288,mage,arcane,13,3,10
10562,Kryptekk,area-52,287,mage,arcane,6,3,3
10563,Calcaster,aegwynn,287,mage,arcane,6,3,3
10564,Grarg,stormrage,286,mage,arcane,6,3,3
10565,Karamzov,zuljin,286,mage,arcane,12,3,9
10566,Arcanin,thunderlord,285,mage,arcane,12,3,9
10567,Etyx,tichondrius,239,mage,arcane,5,3,2
10568,Røcco,azralon,192,mage,arcane,4,3,1
10569,Dereliction,nagrand,192,mage,arcane,6,2,4
10570,Xpez,stormrage,192,mage,arcane,6,2,4
10571,Opiumlord,tichondrius,192,mage,arcane,6,2,4
10572,Blastgodx,stormrage,192,mage,arcane,6,2,4
10573,Vengx,tichondrius,192,mage,arcane,6,2,4
10574,Billzeye,dalaran,192,mage,arcane,6,2,4
10575,Burna,amanthul,192,mage,arcane,6,2,4
10576,Vensyr,stormrage,192,mage,arcane,6,2,4
10577,Chinkins,illidan,192,mage,arcane,6,2,4
10578,Ferdabombs,tichondrius,192,mage,arcane,6,2,4
10579,Alìv,tichondrius,192,mage,arcane,6,2,4
10580,Crinkit,frostmourne,192,mage,arcane,6,2,4
10581,Nekrobear,nemesis,192,mage,arcane,6,2,4
10582,Sheepshot,dentarg,192,mage,arcane,6,2,4
10583,Highafrn,area-52,192,mage,arcane,6,2,4
10584,Xunalatu,frostmourne,192,mage,arcane,6,2,4
10585,Pullmefingy,illidan,192,mage,arcane,6,2,4
10586,Umber,dreadmaul,192,mage,arcane,6,2,4
10587,Caimil,echo-isles,192,mage,arcane,6,2,4
10588,Akunimon,ragnaros,192,mage,arcane,6,2,4
10589,Fakelovè,area-52,192,mage,arcane,6,2,4
10590,Icebish,skullcrusher,192,mage,arcane,6,2,4
10591,Mymaage,andorhal,192,mage,arcane,6,2,4
10592,Gatka,quelthalas,192,mage,arcane,12,2,10
10593,Mcshwackin,area-52,192,mage,arcane,12,2,10
10594,Compactor,emerald-dream,192,mage,arcane,12,2,10
10595,Vires,kelthuzad,159,mage,arcane,5,2,3
10596,Failedwizard,frostmourne,138,mage,arcane,16,4,12
10597,Purpledrank,nagrand,96,mage,arcane,9,2,7
10598,Frozorfs,tichondrius,96,mage,arcane,6,1,5
10599,Octané,illidan,96,mage,arcane,6,1,5
10600,Smôl,emerald-dream,96,mage,arcane,6,1,5
10601,Nazztwren,bleeding-hollow,96,mage,arcane,6,1,5
10602,Gôøglëlòl,nemesis,96,mage,arcane,6,1,5
10603,Ignit,stormrage,96,mage,arcane,6,1,5
10604,Burrbon,area-52,96,mage,arcane,6,1,5
10605,Lacouet,lightnings-blade,96,mage,arcane,6,1,5
10606,Nachtt,sargeras,96,mage,arcane,6,1,5
10607,Pollybot,tichondrius,96,mage,arcane,6,1,5
10608,Mageki,ragnaros,96,mage,arcane,6,1,5
10609,Cubanarox,gallywix,96,mage,arcane,6,1,5
10610,Krazsus,tichondrius,96,mage,arcane,6,1,5
10611,Illúmi,moon-guard,96,mage,arcane,6,1,5
10612,Darthez,darkspear,96,mage,arcane,6,1,5
10613,Needmyvape,moon-guard,96,mage,arcane,6,1,5
10614,Coldrin,tichondrius,96,mage,arcane,6,1,5
10615,Flomin,tichondrius,96,mage,arcane,6,1,5
10616,Quinnfreeze,boulderfist,96,mage,arcane,6,1,5
10617,Trippy,senjin,96,mage,arcane,6,1,5
10618,Greaterbust,tichondrius,96,mage,arcane,12,1,11
10619,Kralien,dalaran,95,mage,arcane,6,1,5
10620,Frostmaul,dreadmaul,79,mage,arcane,11,1,10
10621,Keepinitnoob,tichondrius,63,mage,arcane,2,2,0
10622,Setback,illidan,2122,mage,fire,138,69,69
10623,Taylorlol,tichondrius,2092,mage,fire,104,51,53
10624,Valériemeow,tichondrius,2066,mage,fire,109,53,56
10625,Talibandzx,sargeras,2042,mage,fire,159,77,82
10626,Adjudicatory,tichondrius,2003,mage,fire,69,34,35
10627,Kasperkar,illidan,1991,mage,fire,239,121,118
10628,Hansol,farstriders,1984,mage,fire,48,27,21
10629,Icetomeetyu,bleeding-hollow,1979,mage,fire,112,60,52
10630,Horoba,sargeras,1979,mage,fire,114,53,61
10631,Vcamusorz,tichondrius,1969,mage,fire,160,84,76
10632,Xiaoxiaochu,tichondrius,1958,mage,fire,140,86,54
10633,Bigfirebat,tichondrius,1957,mage,fire,84,42,42
10634,Gohonn,emerald-dream,1907,mage,fire,96,56,40
10635,Poundcakezx,tichondrius,1905,mage,fire,54,28,26
10636,Vazlgs,tichondrius,1902,mage,fire,72,42,30
10637,Yaya,kargath,1883,mage,fire,87,45,42
10638,Nightsaber,blackrock,1869,mage,fire,42,26,16
10639,Aeghis,stormrage,1863,mage,fire,42,21,21
10640,Ròÿ,area-52,1861,mage,fire,72,37,35
10641,Csx,turalyon,1854,mage,fire,102,59,43
10642,Sorcerous,bloodhoof,1853,mage,fire,106,66,40
10643,Rmxd,malganis,1851,mage,fire,87,46,41
10644,Ksmackm,illidan,1842,mage,fire,65,34,31
10645,Purpscurp,illidan,1838,mage,fire,47,30,17
10646,Starxen,tichondrius,1838,mage,fire,48,27,21
10647,Undeadmerlin,zuljin,1834,mage,fire,54,30,24
10648,Vampìrelolz,tichondrius,1828,mage,fire,47,25,22
10649,Cinnablast,darkspear,1824,mage,fire,26,20,6
10650,Degen,laughing-skull,1824,mage,fire,34,25,9
10651,Fwooshinator,malganis,1823,mage,fire,71,56,15
10652,Såni,tichondrius,1819,mage,fire,67,39,28
10653,Younghehe,tichondrius,1816,mage,fire,103,59,44
10654,Juju,tichondrius,1803,mage,fire,57,36,21
10655,Peachygamer,stormscale,1799,mage,fire,120,56,64
10656,Dáddyshark,sargeras,1791,mage,fire,91,41,50
10657,Udmx,zuljin,1786,mage,fire,61,33,28
10658,Highms,stormrage,1783,mage,fire,48,27,21
10659,Volkazar,sargeras,1766,mage,fire,39,21,18
10660,Käxs,ragnaros,1762,mage,fire,42,21,21
10661,Zoryack,azralon,1758,mage,fire,60,31,29
10662,Notini,azralon,1752,mage,fire,66,29,37
10663,Lycheeoolong,frostmourne,1720,mage,fire,32,22,10
10664,Varroc,quelthalas,1708,mage,fire,64,31,33
10665,Itshug,area-52,1703,mage,fire,47,25,22
10666,Snoogma,illidan,1702,mage,fire,35,25,10
10667,Likebutter,tichondrius,1695,mage,fire,30,22,8
10668,Háté,ragnaros,1689,mage,fire,54,24,30
10669,Creaystar,area-52,1685,mage,fire,137,67,70
10670,Ööf,emerald-dream,1675,mage,fire,54,26,28
10671,Nickioxox,tichondrius,1674,mage,fire,24,18,6
10672,Bighot,tichondrius,1673,mage,fire,90,53,37
10673,Tuniepop,sargeras,1666,mage,fire,83,42,41
10674,Wanming,tichondrius,1662,mage,fire,36,23,13
10675,Firewreckage,malganis,1655,mage,fire,48,24,24
10676,Daddymayhem,proudmoore,1653,mage,fire,54,24,30
10677,Pootysmooch,sargeras,1639,mage,fire,54,33,21
10678,Trippy,senjin,1630,mage,fire,60,30,30
10679,Audacy,sargeras,1629,mage,fire,108,57,51
10680,Yorgøs,ragnaros,1625,mage,fire,42,22,20
10681,Kev,sentinels,1624,mage,fire,72,42,30
10682,Enthy,frostmourne,1623,mage,fire,60,30,30
10683,Opisop,kelthuzad,1621,mage,fire,36,20,16
10684,Dagreatone,malganis,1621,mage,fire,40,21,19
10685,Ligmmah,stormrage,1615,mage,fire,36,22,14
10686,Myrondor,tichondrius,1611,mage,fire,78,43,35
10687,Iceward,frostmourne,1611,mage,fire,36,18,18
10688,Chainpoly,area-52,1609,mage,fire,37,25,12
10689,Fruitdealerr,tichondrius,1607,mage,fire,48,29,19
10690,Ârcano,ragnaros,1607,mage,fire,38,21,17
10691,Zarkanis,tichondrius,1604,mage,fire,49,25,24
10692,Garbagemage,barthilas,1602,mage,fire,60,33,27
10693,Wizarts,ragnaros,1602,mage,fire,42,20,22
10694,Singheart,tichondrius,1601,mage,fire,114,61,53
10695,Jardz,area-52,1597,mage,fire,42,21,21
10696,Sakurai,tichondrius,1593,mage,fire,48,28,20
10697,Djpolymorph,stormrage,1589,mage,fire,82,48,34
10698,Thxo,hyjal,1584,mage,fire,51,22,29
10699,Pzaz,moon-guard,1582,mage,fire,50,30,20
10700,Wotl,tichondrius,1580,mage,fire,92,48,44
10701,Hpthewizard,deathwing,1579,mage,fire,89,52,37
10702,Jojomage,thrall,1561,mage,fire,102,56,46
10703,Kraxos,stormrage,1549,mage,fire,30,17,13
10704,Trolson,sargeras,1546,mage,fire,54,26,28
10705,Wickymorph,barthilas,1542,mage,fire,41,20,21
10706,Fookz,malganis,1540,mage,fire,54,30,24
10707,Xs,stormrage,1534,mage,fire,120,67,53
10708,Nazmagus,hydraxis,1529,mage,fire,51,32,19
10709,Squantanimo,shadowmoon,1527,mage,fire,53,26,27
10710,Mushys,stormrage,1525,mage,fire,29,18,11
10711,Smallbrainz,emerald-dream,1522,mage,fire,42,27,15
10712,Magekylex,proudmoore,1522,mage,fire,99,58,41
10713,Biscobush,turalyon,1519,mage,fire,30,18,12
10714,Worldonfire,ragnaros,1518,mage,fire,100,52,48
10715,Marrioo,tichondrius,1511,mage,fire,30,17,13
10716,Imannoyingha,darkspear,1510,mage,fire,71,37,34
10717,Oi,frostwolf,1508,mage,fire,35,23,12
10718,Mager,dentarg,1508,mage,fire,62,40,22
10719,Jundead,dalaran,1499,mage,fire,59,39,20
10720,Pòlly,illidan,1495,mage,fire,42,25,17
10721,Teetems,sargeras,1493,mage,fire,101,50,51
10722,Beerandmagic,zuljin,1487,mage,fire,30,16,14
10723,Rockoe,tichondrius,1487,mage,fire,60,31,29
10724,Lilbabyx,stormrage,1484,mage,fire,50,25,25
10725,Ultrá,stormscale,1475,mage,fire,36,23,13
10726,Torched,stormreaver,1475,mage,fire,36,16,20
10727,Chickenspank,stormrage,1473,mage,fire,36,18,18
10728,Pyroshima,barthilas,1464,mage,fire,83,39,44
10729,Coolhandz,tichondrius,1457,mage,fire,35,18,17
10730,Murcury,tichondrius,1451,mage,fire,114,55,59
10731,Sparklepoof,tichondrius,1449,mage,fire,29,17,12
10732,Bettybonk,cenarius,1449,mage,fire,42,20,22
10733,Sydrol,area-52,1441,mage,fire,66,36,30
10734,Xanthan,runetotem,1435,mage,fire,33,19,14
10735,Toastedoats,hyjal,1434,mage,fire,45,24,21
10736,Mariomario,tichondrius,1433,mage,fire,30,18,12
10737,Ålmøst,tichondrius,1433,mage,fire,59,34,25
10738,Whiteyx,saurfang,1427,mage,fire,46,27,19
10739,Pyroflinger,stormrage,1422,mage,fire,36,18,18
10740,Elwyn,dunemaul,1421,mage,fire,36,19,17
10741,Øzmage,area-52,1416,mage,fire,21,16,5
10742,Anàrchy,emerald-dream,1411,mage,fire,39,21,18
10743,Purpledrank,nagrand,1411,mage,fire,67,31,36
10744,Eekzlol,illidan,1409,mage,fire,30,16,14
10745,Eazzybaby,eredar,1406,mage,fire,287,149,138
10746,Dreadparadox,bleeding-hollow,1405,mage,fire,34,16,18
10747,Leonr,tichondrius,1397,mage,fire,47,27,20
10748,Ruzam,area-52,1394,mage,fire,66,31,35
10749,Hööva,illidan,1392,mage,fire,71,35,36
10750,Jizzlez,tichondrius,1392,mage,fire,36,17,19
10751,Benisp,stormrage,1388,mage,fire,32,17,15
10752,Coôler,illidan,1388,mage,fire,84,40,44
10753,Lolololololo,kelthuzad,1386,mage,fire,126,59,67
10754,Leaso,tichondrius,1384,mage,fire,45,22,23
10755,Kyphosis,illidan,1378,mage,fire,30,16,14
10756,Neglect,moknathal,1375,mage,fire,30,16,14
10757,Marajaade,tichondrius,1372,mage,fire,68,31,37
10758,Rudeswizard,area-52,1368,mage,fire,43,20,23
10759,Coltrip,azralon,1359,mage,fire,83,38,45
10760,Skoffla,executus,1354,mage,fire,36,17,19
10761,Yooyar,barthilas,1345,mage,fire,80,32,48
10762,Adronicus,tichondrius,1344,mage,fire,54,30,24
10763,Badaszbich,tichondrius,1344,mage,fire,36,20,16
10764,Sikeyzlol,bleeding-hollow,1343,mage,fire,24,14,10
10765,Sorankim,tichondrius,1343,mage,fire,30,14,16
10766,Adrazell,sargeras,1318,mage,fire,36,18,18
10767,Holbrook,greymane,1316,mage,fire,49,24,25
10768,Quizzard,blackrock,1310,mage,fire,28,15,13
10769,Dexpy,tichondrius,1309,mage,fire,26,15,11
10770,Jjijuns,tichondrius,1302,mage,fire,40,18,22
10771,Waffles,ravencrest,1297,mage,fire,56,26,30
10772,Carnelius,bleeding-hollow,1292,mage,fire,63,32,31
10773,Abzy,sargeras,1292,mage,fire,48,24,24
10774,Hypernova,vashj,1277,mage,fire,41,19,22
10775,Swaglo,illidan,1269,mage,fire,33,16,17
10776,Helcarwen,area-52,1261,mage,fire,60,30,30
10777,Zulugara,barthilas,1258,mage,fire,36,19,17
10778,Alzagen,ragnaros,1249,mage,fire,38,17,21
10779,Charkoalzz,moon-guard,1246,mage,fire,24,13,11
10780,Magicmaghar,area-52,1238,mage,fire,24,13,11
10781,Feogato,proudmoore,1237,mage,fire,60,29,31
10782,Politeness,tichondrius,1233,mage,fire,24,13,11
10783,Smigui,azralon,1231,mage,fire,117,53,64
10784,Juul,emerald-dream,1231,mage,fire,30,13,17
10785,Mongomike,stormrage,1231,mage,fire,51,21,30
10786,Christjan,tichondrius,1230,mage,fire,120,62,58
10787,Slumpgodd,frostmourne,1230,mage,fire,30,13,17
10788,Fíery,blades-edge,1227,mage,fire,60,27,33
10789,Dragonie,nordrassil,1224,mage,fire,45,23,22
10790,Zinnos,tichondrius,1218,mage,fire,30,13,17
10791,Archtype,azralon,1217,mage,fire,18,13,5
10792,Genthruz,ragnaros,1215,mage,fire,48,22,26
10793,Gødvana,frostmourne,1207,mage,fire,24,13,11
10794,Mirimida,ragnaros,1197,mage,fire,55,26,29
10795,Snanth,black-dragonflight,1194,mage,fire,21,14,7
10796,Esfire,frostmourne,1185,mage,fire,48,23,25
10797,Zonmague,drakkari,1177,mage,fire,36,17,19
10798,Burist,illidan,1161,mage,fire,32,16,16
10799,Tamarolfrost,illidan,1158,mage,fire,19,13,6
10800,Gradmage,proudmoore,1156,mage,fire,50,20,30
10801,Maxvila,kelthuzad,1152,mage,fire,18,12,6
10802,Snaregodx,area-52,1151,mage,fire,18,12,6
10803,Sunskim,tichondrius,1151,mage,fire,24,12,12
10804,Rhykx,malganis,1149,mage,fire,18,12,6
10805,Frostpimp,anubarak,1148,mage,fire,28,13,15
10806,Fleët,tichondrius,1139,mage,fire,18,12,6
10807,Raynark,nemesis,1134,mage,fire,18,12,6
10808,Gnarwallx,stormrage,1132,mage,fire,30,12,18
10809,Wawakun,ragnaros,1127,mage,fire,30,14,16
10810,Xzilence,aerie-peak,1118,mage,fire,30,12,18
10811,Dorkski,bleeding-hollow,1114,mage,fire,49,16,33
10812,Sánzunokawa,quelthalas,1109,mage,fire,27,16,11
10813,Noescaping,illidan,1102,mage,fire,24,12,12
10814,Jööz,deathwing,1096,mage,fire,27,12,15
10815,Gempette,tichondrius,1095,mage,fire,23,12,11
10816,Wazzerd,moon-guard,1093,mage,fire,27,12,15
10817,Guccilaflur,proudmoore,1082,mage,fire,27,12,15
10818,Crnomage,area-52,1081,mage,fire,23,12,11
10819,Kjuuler,moon-guard,1056,mage,fire,18,11,7
10820,Lightsoran,tichondrius,1055,mage,fire,18,11,7
10821,Búrsting,kelthuzad,1055,mage,fire,18,11,7
10822,Dmgdaddy,zuljin,1055,mage,fire,24,11,13
10823,Albbano,tichondrius,1054,mage,fire,18,11,7
10824,Gigatuts,stormrage,1054,mage,fire,18,11,7
10825,Magibe,thrall,1052,mage,fire,18,11,7
10826,Dropdeadlol,bonechewer,1051,mage,fire,18,11,7
10827,Cinns,moon-guard,1051,mage,fire,24,11,13
10828,Harlloo,the-underbog,1049,mage,fire,24,11,13
10829,Kryptekk,area-52,1048,mage,fire,24,11,13
10830,Garungar,antonidas,1045,mage,fire,18,11,7
10831,Coldblooded,zuljin,1030,mage,fire,30,11,19
10832,Flame,arthas,1028,mage,fire,30,11,19
10833,Strêss,kelthuzad,1020,mage,fire,20,12,8
10834,Bobalama,tichondrius,1012,mage,fire,48,16,32
10835,Hotjazzfarts,sargeras,1003,mage,fire,61,35,26
10836,Ripburn,stormrage,990,mage,fire,35,16,19
10837,Bàttlemage,nagrand,982,mage,fire,36,21,15
10838,Endmepls,ysera,965,mage,fire,96,40,56
10839,Mudohir,stormrage,959,mage,fire,18,10,8
10840,Squidio,stormrage,959,mage,fire,18,10,8
10841,Banquetmeal,emerald-dream,959,mage,fire,18,10,8
10842,Mokelovin,sargeras,959,mage,fire,18,10,8
10843,Iguanodon,proudmoore,957,mage,fire,26,11,15
10844,Osh,malorne,957,mage,fire,24,10,14
10845,Preceptør,azralon,957,mage,fire,24,10,14
10846,Dârkus,sargeras,957,mage,fire,24,10,14
10847,Dearasian,ragnaros,955,mage,fire,18,10,8
10848,Sahala,frostmourne,955,mage,fire,24,10,14
10849,Dårks,area-52,955,mage,fire,24,10,14
10850,Christensen,stormrage,948,mage,fire,18,10,8
10851,Abstractgoat,tichondrius,946,mage,fire,30,15,15
10852,Vamkari,ragnaros,942,mage,fire,18,10,8
10853,Sasghengis,frostmourne,930,mage,fire,18,10,8
10854,Coldarei,nagrand,928,mage,fire,27,12,15
10855,Dojacute,frostmourne,910,mage,fire,17,10,7
10856,Senegau,azralon,906,mage,fire,33,14,19
10857,Alywgard,sargeras,894,mage,fire,22,10,12
10858,Alaramaria,sargeras,886,mage,fire,18,10,8
10859,Formi,frostmourne,864,mage,fire,18,9,9
10860,Gadgítte,moon-guard,863,mage,fire,12,9,3
10861,Ddouble,tichondrius,863,mage,fire,18,9,9
10862,Dabsx,moon-guard,863,mage,fire,18,9,9
10863,Snoü,proudmoore,863,mage,fire,24,9,15
10864,Desfunz,mugthol,862,mage,fire,18,9,9
10865,Prinseza,quelthalas,862,mage,fire,18,9,9
10866,Zstyle,frostmourne,860,mage,fire,12,9,3
10867,Fryry,dalaran,860,mage,fire,24,9,15
10868,Baelthezer,moon-guard,858,mage,fire,21,12,9
10869,Halfsquad,malfurion,858,mage,fire,18,9,9
10870,Freez,garona,858,mage,fire,21,10,11
10871,Gadalka,frostmourne,857,mage,fire,18,9,9
10872,Reddfire,proudmoore,857,mage,fire,30,9,21
10873,Othokk,tichondrius,852,mage,fire,24,9,15
10874,Dánó,lightbringer,843,mage,fire,62,26,36
10875,Umber,dreadmaul,829,mage,fire,17,9,8
10876,Ljaie,lightbringer,813,mage,fire,17,9,8
10877,Zakume,stormrage,768,mage,fire,12,8,4
10878,Blinksz,korgath,768,mage,fire,12,8,4
10879,Pherixsw,stormrage,768,mage,fire,12,8,4
10880,Shimmerpoly,sargeras,768,mage,fire,18,8,10
10881,Avócadó,malganis,768,mage,fire,18,8,10
10882,Castana,tichondrius,768,mage,fire,18,8,10
10883,Avicci,shattered-halls,768,mage,fire,24,8,16
10884,Kawailenard,tichondrius,767,mage,fire,12,8,4
10885,Wïzarduous,mannoroth,767,mage,fire,12,8,4
10886,Ashenlad,moon-guard,766,mage,fire,18,8,10
10887,Tarmiel,quelthalas,765,mage,fire,24,8,16
10888,Magalí,nemesis,763,mage,fire,12,8,4
10889,Orianne,windrunner,750,mage,fire,12,8,4
10890,Arcanemain,kargath,733,mage,fire,18,8,10
10891,Béssie,area-52,722,mage,fire,18,8,10
10892,Drewann,draenor,704,mage,fire,16,8,8
10893,Shmagee,azralon,684,mage,fire,13,8,5
10894,Streetember,nemesis,672,mage,fire,12,7,5
10895,Warpfactor,malganis,672,mage,fire,12,7,5
10896,Sos,kelthuzad,672,mage,fire,12,7,5
10897,Salvick,emerald-dream,672,mage,fire,12,7,5
10898,Tuggernaug,malganis,672,mage,fire,12,7,5
10899,Osirax,frostmane,672,mage,fire,12,7,5
10900,Xythros,stormrage,672,mage,fire,12,7,5
10901,Pinkmagetko,tichondrius,672,mage,fire,12,7,5
10902,Vastlord,stormrage,672,mage,fire,18,7,11
10903,Bigdjohnson,dalaran,672,mage,fire,18,7,11
10904,Flavaflame,mugthol,671,mage,fire,12,7,5
10905,Blastfire,stormrage,671,mage,fire,12,7,5
10906,Ásune,moon-guard,671,mage,fire,12,7,5
10907,Lucidaze,daggerspine,671,mage,fire,12,7,5
10908,Crazytime,tichondrius,671,mage,fire,12,7,5
10909,Skryte,mannoroth,671,mage,fire,16,8,8
10910,Magination,frostmourne,671,mage,fire,18,7,11
10911,Coldrin,tichondrius,671,mage,fire,18,7,11
10912,Alàh,stormscale,671,mage,fire,18,7,11
10913,Etyx,tichondrius,671,mage,fire,18,7,11
10914,Dreaming,draktharon,670,mage,fire,12,7,5
10915,Slipqt,tichondrius,607,mage,fire,22,7,15
10916,Mômö,argent-dawn,606,mage,fire,22,7,15
10917,Strdelmaker,tichondrius,576,mage,fire,6,6,0
10918,Grymorum,ragnaros,576,mage,fire,6,6,0
10919,Toteypotter,frostmourne,576,mage,fire,12,6,6
10920,Velvetlurker,tichondrius,576,mage,fire,12,6,6
10921,Leakyboots,illidan,576,mage,fire,12,6,6
10922,Magicmidget,malganis,576,mage,fire,12,6,6
10923,Frostboy,borean-tundra,576,mage,fire,12,6,6
10924,Myfamilygpie,nazgrel,576,mage,fire,12,6,6
10925,Cuterthanyou,sargeras,576,mage,fire,12,6,6
10926,Stergenutfr,tichondrius,576,mage,fire,12,6,6
10927,Darkisfrosty,tichondrius,576,mage,fire,12,6,6
10928,Shmoked,kelthuzad,576,mage,fire,12,6,6
10929,Omagawd,tichondrius,576,mage,fire,12,6,6
10930,Alunarassra,area-52,576,mage,fire,12,6,6
10931,Wakamage,area-52,576,mage,fire,12,6,6
10932,Aangx,stormrage,576,mage,fire,16,7,9
10933,Linkolni,azralon,576,mage,fire,18,6,12
10934,Stimml,blood-furnace,576,mage,fire,18,6,12
10935,Unknownblast,kul-tiras,576,mage,fire,20,6,14
10936,Zukoprince,azralon,575,mage,fire,6,6,0
10937,Insightæ,frostmourne,575,mage,fire,10,7,3
10938,Magja,bloodhoof,575,mage,fire,12,6,6
10939,Astroblasty,tichondrius,575,mage,fire,18,6,12
10940,Eraticmage,illidan,575,mage,fire,24,6,18
10941,Spellpowa,khaz-modan,574,mage,fire,12,6,6
10942,Calcaster,aegwynn,573,mage,fire,18,6,12
10943,Ashex,moon-guard,559,mage,fire,18,7,11
10944,Babysharky,uther,512,mage,fire,16,6,10
10945,Cymbalta,azralon,509,mage,fire,10,6,4
10946,Skaq,tichondrius,480,mage,fire,6,5,1
10947,Maxmie,sargeras,480,mage,fire,6,5,1
10948,Youezdawg,tichondrius,480,mage,fire,6,5,1
10949,Hocusjokus,frostmourne,480,mage,fire,6,5,1
10950,Slavic,sargeras,480,mage,fire,6,5,1
10951,Ñïz,bleeding-hollow,480,mage,fire,6,5,1
10952,Polypolypoly,kiljaeden,480,mage,fire,10,6,4
10953,Marther,whisperwind,480,mage,fire,12,5,7
10954,Cumbus,stormrage,480,mage,fire,12,5,7
10955,Entomas,quelthalas,480,mage,fire,12,5,7
10956,Pugsmugg,icecrown,480,mage,fire,12,5,7
10957,Bigpøppapump,tichondrius,480,mage,fire,12,5,7
10958,Arrcadia,darkspear,480,mage,fire,12,5,7
10959,Dbsheep,kul-tiras,480,mage,fire,12,5,7
10960,Kqlyy,tichondrius,480,mage,fire,12,5,7
10961,Magicalbuns,illidan,480,mage,fire,12,5,7
10962,Diamondx,ragnaros,480,mage,fire,12,5,7
10963,Epod,illidan,480,mage,fire,12,5,7
10964,Kevymarts,tichondrius,480,mage,fire,12,5,7
10965,Dìus,malganis,480,mage,fire,12,5,7
10966,Kyriê,darkspear,480,mage,fire,12,5,7
10967,Skillcap,nagrand,480,mage,fire,12,5,7
10968,Jikario,zuljin,480,mage,fire,12,5,7
10969,Arishasis,tichondrius,480,mage,fire,12,5,7
10970,Alenikus,blackhand,480,mage,fire,12,5,7
10971,Covín,malganis,480,mage,fire,12,5,7
10972,Baida,kelthuzad,480,mage,fire,12,5,7
10973,Lambsalsa,tichondrius,480,mage,fire,12,5,7
10974,Honeydutchss,black-dragonflight,480,mage,fire,12,5,7
10975,Espyy,area-52,480,mage,fire,12,5,7
10976,Zerosaspect,thrall,480,mage,fire,12,5,7
10977,Muztaccio,tichondrius,480,mage,fire,17,6,11
10978,Aapple,tichondrius,480,mage,fire,17,5,12
10979,Mageyoulooks,kelthuzad,480,mage,fire,18,5,13
10980,Tunax,tichondrius,480,mage,fire,18,5,13
10981,Xunalatu,frostmourne,479,mage,fire,12,5,7
10982,Shadowgalaxy,arthas,479,mage,fire,12,5,7
10983,Xannymancan,tichondrius,479,mage,fire,24,5,19
10984,Zendrix,bonechewer,478,mage,fire,12,5,7
10985,Gwenage,tichondrius,472,mage,fire,12,5,7
10986,Shotö,skullcrusher,463,mage,fire,17,5,12
10987,Hositonet,malganis,439,mage,fire,21,7,14
10988,Jazen,quelthalas,432,mage,fire,15,6,9
10989,Letitgoo,azralon,430,mage,fire,19,6,13
10990,Certifried,emerald-dream,415,mage,fire,14,5,9
10991,Molassess,illidan,400,mage,fire,13,5,8
10992,Jazzgroyper,sargeras,384,mage,fire,6,4,2
10993,Gíldrin,proudmoore,384,mage,fire,6,4,2
10994,Cømbust,frostmourne,384,mage,fire,6,4,2
10995,Floatyz,tichondrius,384,mage,fire,6,4,2
10996,Pollybot,tichondrius,384,mage,fire,6,4,2
10997,Polymedaddi,tichondrius,384,mage,fire,6,4,2
10998,Haze,hyjal,384,mage,fire,6,4,2
10999,Wabï,tichondrius,384,mage,fire,6,4,2
11000,Pyröz,kelthuzad,384,mage,fire,6,4,2
11001,Fullsheep,emerald-dream,384,mage,fire,6,4,2
11002,Zokorzik,area-52,384,mage,fire,6,4,2
11003,Refreshments,bleeding-hollow,384,mage,fire,6,4,2
11004,Gominsi,tichondrius,384,mage,fire,6,4,2
11005,Fïtz,quelthalas,384,mage,fire,6,4,2
11006,Yeetcannøn,illidan,384,mage,fire,6,4,2
11007,Icestory,tichondrius,384,mage,fire,6,4,2
11008,Belven,proudmoore,384,mage,fire,6,4,2
11009,Kaylemage,tichondrius,384,mage,fire,6,4,2
11010,Burstyboi,frostmourne,384,mage,fire,6,4,2
11011,Majjix,illidan,384,mage,fire,6,4,2
11012,Frogbum,fizzcrank,384,mage,fire,10,5,5
11013,Fanshen,tichondrius,384,mage,fire,11,4,7
11014,Aquralina,moon-guard,384,mage,fire,12,4,8
11015,Supermajor,frostmourne,384,mage,fire,12,4,8
11016,Droppinbombs,draka,384,mage,fire,12,4,8
11017,Asönia,illidan,384,mage,fire,12,4,8
11018,Udó,proudmoore,384,mage,fire,12,4,8
11019,Galsola,bronzebeard,384,mage,fire,12,4,8
11020,Spookydookie,dark-iron,384,mage,fire,12,4,8
11021,Elfmage,tichondrius,384,mage,fire,12,4,8
11022,Ranj,tichondrius,384,mage,fire,12,4,8
11023,Felsparkles,area-52,384,mage,fire,12,4,8
11024,Siayo,stormscale,384,mage,fire,12,4,8
11025,Hogslop,saurfang,384,mage,fire,12,4,8
11026,Saladguy,thrall,384,mage,fire,12,4,8
11027,Kronicblast,bleeding-hollow,384,mage,fire,18,4,14
11028,Gôøglëlòl,nemesis,384,mage,fire,18,4,14
11029,Boptimus,moonrunner,383,mage,fire,6,4,2
11030,Apolarus,bonechewer,383,mage,fire,6,4,2
11031,Noyade,illidan,383,mage,fire,6,4,2
11032,Drewzz,tichondrius,383,mage,fire,8,4,4
11033,Wetguuch,area-52,383,mage,fire,12,4,8
11034,Hockisonz,moon-guard,383,mage,fire,12,4,8
11035,Soulwiper,illidan,383,mage,fire,17,5,12
11036,Smoney,icecrown,383,mage,fire,18,4,14
11037,Hollfz,nemesis,367,mage,fire,11,4,7
11038,Tmharp,tichondrius,336,mage,fire,9,5,4
11039,Vengefuly,tichondrius,288,mage,fire,6,3,3
11040,Radakos,emerald-dream,288,mage,fire,6,3,3
11041,Thecorruptor,malorne,288,mage,fire,6,3,3
11042,Putridìty,thrall,288,mage,fire,6,3,3
11043,Jimmyhendrix,wildhammer,288,mage,fire,6,3,3
11044,Kushjointz,tichondrius,288,mage,fire,6,3,3
11045,Aulle,whisperwind,288,mage,fire,6,3,3
11046,Absentbrain,stormrage,288,mage,fire,6,3,3
11047,Síra,firetree,288,mage,fire,6,3,3
11048,Zenzoh,azuremyst,288,mage,fire,6,3,3
11049,Missingxx,silvermoon,288,mage,fire,6,3,3
11050,Zuhbo,moon-guard,288,mage,fire,6,3,3
11051,Zerathremar,proudmoore,288,mage,fire,6,3,3
11052,Isoicast,moon-guard,288,mage,fire,6,3,3
11053,Calínico,quelthalas,288,mage,fire,6,3,3
11054,Gö,tichondrius,288,mage,fire,6,3,3
11055,Herzthroh,stormrage,288,mage,fire,6,3,3
11056,Kuther,draenor,288,mage,fire,6,3,3
11057,Polyburst,darkspear,288,mage,fire,6,3,3
11058,Englavian,frostmane,288,mage,fire,6,3,3
11059,Frostkage,tichondrius,288,mage,fire,6,3,3
11060,Danggurl,tichondrius,288,mage,fire,6,3,3
11061,Easyfreeze,sargeras,288,mage,fire,6,3,3
11062,Cînderellas,proudmoore,288,mage,fire,6,3,3
11063,Hasteboy,kelthuzad,288,mage,fire,6,3,3
11064,Bhalec,kelthuzad,288,mage,fire,6,3,3
11065,Tráshmage,zuljin,288,mage,fire,6,3,3
11066,Rhunón,dalaran,288,mage,fire,6,3,3
11067,Chilléd,tichondrius,288,mage,fire,6,3,3
11068,Chez,tichondrius,288,mage,fire,6,3,3
11069,Ancientmagik,area-52,288,mage,fire,6,3,3
11070,Urbadxd,llane,288,mage,fire,6,3,3
11071,Fredcouples,tichondrius,288,mage,fire,6,3,3
11072,Lampert,tichondrius,288,mage,fire,6,3,3
11073,Ave,anetheron,288,mage,fire,6,3,3
11074,Slinkyslink,area-52,288,mage,fire,6,3,3
11075,Rích,tichondrius,288,mage,fire,6,3,3
11076,Nuzzle,boulderfist,288,mage,fire,8,3,5
11077,Melkra,tichondrius,288,mage,fire,11,3,8
11078,Chuggin,emerald-dream,288,mage,fire,12,3,9
11079,Keionti,dalaran,288,mage,fire,12,3,9
11080,Mendittorosa,tichondrius,288,mage,fire,12,3,9
11081,Gnomegeddons,dalaran,288,mage,fire,24,3,21
11082,Frostyii,stonemaul,287,mage,fire,6,3,3
11083,Harlen,quelthalas,287,mage,fire,6,3,3
11084,Brànd,antonidas,287,mage,fire,6,3,3
11085,Vixm,stormrage,256,mage,fire,4,4,0
11086,Nesomage,destromath,256,mage,fire,10,3,7
11087,Orderlight,alexstrasza,239,mage,fire,5,3,2
11088,Fizario,barthilas,239,mage,fire,5,3,2
11089,Flomin,tichondrius,234,mage,fire,16,6,10
11090,Burna,amanthul,192,mage,fire,6,2,4
11091,Ignitex,bleeding-hollow,192,mage,fire,6,2,4
11092,Emìlia,malygos,192,mage,fire,6,2,4
11093,Alïce,kelthuzad,192,mage,fire,6,2,4
11094,Coneofkony,bleeding-hollow,192,mage,fire,6,2,4
11095,Aquafiona,garona,192,mage,fire,6,2,4
11096,Massivepoo,barthilas,192,mage,fire,6,2,4
11097,Randommagi,area-52,192,mage,fire,6,2,4
11098,Yonzho,area-52,192,mage,fire,6,2,4
11099,Parruka,warsong,192,mage,fire,6,2,4
11100,Trízín,frostmourne,192,mage,fire,6,2,4
11101,Coldnuke,stormrage,192,mage,fire,6,2,4
11102,Burrbon,area-52,192,mage,fire,6,2,4
11103,Kaboodlz,stormrage,192,mage,fire,6,2,4
11104,Wauzcrol,quelthalas,192,mage,fire,6,2,4
11105,Karameltart,barthilas,192,mage,fire,6,2,4
11106,Zënith,quelthalas,192,mage,fire,6,2,4
11107,Magifish,malganis,192,mage,fire,6,2,4
11108,Trebbiano,illidan,192,mage,fire,6,2,4
11109,Gódsfather,kelthuzad,192,mage,fire,6,2,4
11110,Remana,anvilmar,192,mage,fire,6,2,4
11111,Naimi,malganis,192,mage,fire,6,2,4
11112,Notria,illidan,192,mage,fire,6,2,4
11113,Jinglehz,frostmourne,192,mage,fire,6,2,4
11114,Defaultx,turalyon,192,mage,fire,6,2,4
11115,Preplex,thrall,192,mage,fire,6,2,4
11116,Fifthelëment,emerald-dream,192,mage,fire,6,2,4
11117,Gunzz,aegwynn,192,mage,fire,6,2,4
11118,Josephaqil,tichondrius,192,mage,fire,6,2,4
11119,Missile,frostmourne,192,mage,fire,6,2,4
11120,Clickhard,suramar,192,mage,fire,6,2,4
11121,Likelyhard,tichondrius,192,mage,fire,6,2,4
11122,Rbn,tichondrius,192,mage,fire,6,2,4
11123,Sogood,tanaris,192,mage,fire,6,2,4
11124,Thedodgex,sargeras,192,mage,fire,6,2,4
11125,Dohnutt,tichondrius,192,mage,fire,6,2,4
11126,Pyrotactics,sargeras,192,mage,fire,6,2,4
11127,Pòpsmóke,tichondrius,192,mage,fire,6,2,4
11128,Snowday,nerzhul,192,mage,fire,6,2,4
11129,Magiër,tichondrius,192,mage,fire,6,2,4
11130,Pendrake,sargeras,192,mage,fire,6,2,4
11131,Kymowiz,sargeras,192,mage,fire,6,2,4
11132,Gotya,tichondrius,192,mage,fire,6,2,4
11133,Zuqo,sargeras,192,mage,fire,6,2,4
11134,Starguy,terenas,192,mage,fire,6,2,4
11135,Phantose,sargeras,192,mage,fire,6,2,4
11136,Avandal,proudmoore,192,mage,fire,6,2,4
11137,Natzue,sargeras,192,mage,fire,6,2,4
11138,Cradic,tichondrius,192,mage,fire,6,2,4
11139,Abrácadaver,frostwolf,192,mage,fire,10,3,7
11140,Arnx,tichondrius,192,mage,fire,11,2,9
11141,Driel,illidan,192,mage,fire,12,2,10
11142,Spellbrker,stormrage,192,mage,fire,12,2,10
11143,Bic,darrowmere,192,mage,fire,12,2,10
11144,Abruaa,area-52,192,mage,fire,12,2,10
11145,Hýdro,ghostlands,191,mage,fire,6,2,4
11146,Prosperoo,aerie-peak,191,mage,fire,12,2,10
11147,Neroclover,ysera,191,mage,fire,24,2,22
11148,Madalon,nemesis,160,mage,fire,10,2,8
11149,Zezima,spirestone,159,mage,fire,5,2,3
11150,Kindlin,frostmourne,159,mage,fire,5,2,3
11151,Fingerblaste,malganis,138,mage,fire,16,3,13
11152,Eromir,dawnbringer,128,mage,fire,4,2,2
11153,Yeweiliang,tichondrius,128,mage,fire,4,2,2
11154,Supremeboxer,tichondrius,127,mage,fire,8,2,6
11155,Neltar,dalaran,112,mage,fire,7,2,5
11156,Jaysaucetv,tichondrius,112,mage,fire,7,2,5
11157,Iamsol,area-52,96,mage,fire,6,1,5
11158,Clapsyou,illidan,96,mage,fire,6,1,5
11159,Nomidian,area-52,96,mage,fire,6,1,5
11160,Nazztwren,bleeding-hollow,96,mage,fire,6,1,5
11161,Couto,tichondrius,96,mage,fire,6,1,5
11162,Ejzok,dreadmaul,96,mage,fire,6,1,5
11163,Muted,frostmourne,96,mage,fire,6,1,5
11164,Vakina,tichondrius,96,mage,fire,6,1,5
11165,Ignit,stormrage,96,mage,fire,6,1,5
11166,Trojay,malganis,96,mage,fire,6,1,5
11167,Rolypolyman,tichondrius,96,mage,fire,6,1,5
11168,Eludin,aegwynn,96,mage,fire,6,1,5
11169,Mescudi,bonechewer,96,mage,fire,6,1,5
11170,Tabuta,ravenholdt,96,mage,fire,6,1,5
11171,Truewinter,tichondrius,96,mage,fire,6,1,5
11172,Brayni,wyrmrest-accord,96,mage,fire,6,1,5
11173,Eldrielle,frostmourne,96,mage,fire,6,1,5
11174,Ferdabombs,tichondrius,96,mage,fire,6,1,5
11175,Dâzk,sargeras,96,mage,fire,6,1,5
11176,Jarethleon,ragnaros,96,mage,fire,6,1,5
11177,Hrichit,tichondrius,96,mage,fire,6,1,5
11178,Miapolyafoo,stormrage,96,mage,fire,6,1,5
11179,Hyndoriann,azgalor,96,mage,fire,6,1,5
11180,Pyrophobia,mannoroth,96,mage,fire,6,1,5
11181,Dildope,frostmourne,96,mage,fire,6,1,5
11182,Magicmooman,thunderlord,96,mage,fire,6,1,5
11183,Lv,stormscale,96,mage,fire,6,1,5
11184,Prosperoh,burning-legion,96,mage,fire,6,1,5
11185,Clutchy,gorefiend,96,mage,fire,6,1,5
11186,Firemids,thrall,96,mage,fire,6,1,5
11187,Somnuss,barthilas,96,mage,fire,7,1,6
11188,Zuroz,dathremar,96,mage,fire,12,1,11
11189,Pyrlos,terokkar,95,mage,fire,6,1,5
11190,Savanali,kelthuzad,79,mage,fire,5,1,4
11191,Jaked,frostmourne,79,mage,fire,5,1,4
11192,Absolutepowa,bleeding-hollow,31,mage,fire,2,1,1
11193,Squishymage,frostmourne,16,mage,fire,1,1,0
11194,Juicemage,tichondrius,2224,mage,frost,120,65,55
11195,Cremgotrockd,blackrock,2064,mage,frost,89,50,39
11196,Koro,tichondrius,2006,mage,frost,109,59,50
11197,Easyfreeze,sargeras,1996,mage,frost,48,27,21
11198,Ghostrr,tichondrius,1987,mage,frost,141,73,68
11199,Backjing,tichondrius,1969,mage,frost,87,42,45
11200,Stonedmonkeý,tichondrius,1962,mage,frost,107,49,58
11201,Douyuweifa,tichondrius,1911,mage,frost,65,31,34
11202,Elkiador,area-52,1909,mage,frost,30,21,9
11203,Vazlgs,tichondrius,1896,mage,frost,82,47,35
11204,Ams,aerie-peak,1890,mage,frost,60,33,27
11205,Joe,llane,1877,mage,frost,69,36,33
11206,Kleinz,quelthalas,1863,mage,frost,67,45,22
11207,Valériemeow,tichondrius,1860,mage,frost,65,33,32
11208,Lawuera,quelthalas,1860,mage,frost,66,30,36
11209,Fròzt,ragnaros,1857,mage,frost,72,31,41
11210,Kassmage,skullcrusher,1855,mage,frost,66,28,38
11211,Tupactopus,tichondrius,1850,mage,frost,42,23,19
11212,Xanthilia,chogall,1849,mage,frost,96,49,47
11213,Hideongp,barthilas,1842,mage,frost,108,54,54
11214,Grumpyòlfart,tichondrius,1842,mage,frost,90,44,46
11215,Pigdancell,tichondrius,1841,mage,frost,54,24,30
11216,Smuky,stormrage,1834,mage,frost,66,29,37
11217,Koozay,kelthuzad,1833,mage,frost,59,36,23
11218,Dahp,thrall,1831,mage,frost,47,23,24
11219,Stöpwatch,hyjal,1830,mage,frost,60,39,21
11220,Chez,tichondrius,1818,mage,frost,30,19,11
11221,Riddickl,malfurion,1818,mage,frost,78,41,37
11222,Cømbust,frostmourne,1816,mage,frost,72,50,22
11223,Faynet,dalaran,1815,mage,frost,60,33,27
11224,Quippy,kiljaeden,1813,mage,frost,309,156,153
11225,Leakyboots,illidan,1812,mage,frost,47,25,22
11226,Yeweiliang,tichondrius,1811,mage,frost,201,106,95
11227,Maegwynah,stormrage,1804,mage,frost,66,29,37
11228,Instincts,uldum,1796,mage,frost,42,25,17
11229,Ligmmah,stormrage,1792,mage,frost,110,61,49
11230,Drewdy,stormreaver,1783,mage,frost,30,19,11
11231,Polyenjoyerx,ysera,1776,mage,frost,84,47,37
11232,Hunchojack,tichondrius,1770,mage,frost,48,21,27
11233,Rhythmdog,tichondrius,1758,mage,frost,60,25,35
11234,Sabrita,proudmoore,1754,mage,frost,58,33,25
11235,Kissradiox,tichondrius,1745,mage,frost,54,27,27
11236,Téfy,ragnaros,1744,mage,frost,59,34,25
11237,Ingcho,tichondrius,1730,mage,frost,72,32,40
11238,Mokelovin,sargeras,1720,mage,frost,32,21,11
11239,Illumià,illidan,1719,mage,frost,26,20,6
11240,Traelol,blades-edge,1715,mage,frost,114,58,56
11241,Dtbmar,misha,1715,mage,frost,46,23,23
11242,Chrisxo,azuremyst,1714,mage,frost,30,18,12
11243,Sifr,tichondrius,1713,mage,frost,36,18,18
11244,Dve,frostmourne,1706,mage,frost,54,38,16
11245,Headbake,malganis,1705,mage,frost,42,24,18
11246,Zinnos,tichondrius,1704,mage,frost,208,103,105
11247,Pitball,area-52,1703,mage,frost,37,19,18
11248,Srinshi,sargeras,1703,mage,frost,103,47,56
11249,Rizke,tichondrius,1701,mage,frost,35,18,17
11250,Castana,tichondrius,1700,mage,frost,36,18,18
11251,Golfirl,doomhammer,1694,mage,frost,36,20,16
11252,Fromcanadaqc,stormrage,1689,mage,frost,41,24,17
11253,Jtizzlè,tichondrius,1679,mage,frost,59,33,26
11254,Sestren,zuljin,1677,mage,frost,42,20,22
11255,Snaregodx,area-52,1671,mage,frost,35,21,14
11256,Gôøglëlòl,nemesis,1670,mage,frost,145,73,72
11257,Hogdog,illidan,1662,mage,frost,48,24,24
11258,Trolson,sargeras,1662,mage,frost,82,38,44
11259,Bmuafgfe,tichondrius,1655,mage,frost,33,20,13
11260,Affewxd,lothar,1655,mage,frost,79,46,33
11261,Bambambilly,kelthuzad,1655,mage,frost,75,35,40
11262,Minverces,tichondrius,1653,mage,frost,40,23,17
11263,Entm,burning-blade,1651,mage,frost,42,22,20
11264,Zhangxiaowu,tichondrius,1648,mage,frost,50,32,18
11265,Deallus,tichondrius,1648,mage,frost,76,36,40
11266,Luxør,aegwynn,1647,mage,frost,30,18,12
11267,Zorexx,area-52,1643,mage,frost,61,30,31
11268,Floofies,moon-guard,1642,mage,frost,78,42,36
11269,Alurion,moon-guard,1632,mage,frost,26,18,8
11270,Lambsalsa,tichondrius,1631,mage,frost,42,18,24
11271,Zezima,spirestone,1625,mage,frost,36,23,13
11272,Dace,tichondrius,1625,mage,frost,36,20,16
11273,Xialing,tichondrius,1625,mage,frost,35,18,17
11274,Deathrøll,moon-guard,1624,mage,frost,78,48,30
11275,Neverblockx,kirin-tor,1618,mage,frost,30,17,13
11276,Praestigium,barthilas,1617,mage,frost,51,29,22
11277,Arcayne,tichondrius,1616,mage,frost,86,47,39
11278,Gwyn,nemesis,1614,mage,frost,54,29,25
11279,Theetwotime,area-52,1612,mage,frost,48,22,26
11280,Snoogensftw,tichondrius,1602,mage,frost,36,17,19
11281,Tjofmajik,stormrage,1601,mage,frost,36,17,19
11282,Tommagic,tichondrius,1599,mage,frost,34,20,14
11283,Blinkbow,tichondrius,1599,mage,frost,78,34,44
11284,Pichorrá,quelthalas,1595,mage,frost,50,28,22
11285,Triuneward,tichondrius,1585,mage,frost,36,20,16
11286,Mageonthcc,korgath,1583,mage,frost,98,49,49
11287,Eldrielle,frostmourne,1581,mage,frost,207,111,96
11288,Sheepu,bladefist,1578,mage,frost,88,51,37
11289,Charmed,black-dragonflight,1577,mage,frost,68,34,34
11290,Stimml,blood-furnace,1576,mage,frost,54,29,25
11291,Animatronic,moon-guard,1572,mage,frost,89,43,46
11292,Squidio,stormrage,1570,mage,frost,125,68,57
11293,Crithappy,baelgun,1568,mage,frost,48,26,22
11294,Nickioxox,tichondrius,1567,mage,frost,41,17,24
11295,Lorlene,frostmourne,1565,mage,frost,66,25,41
11296,Valtessa,stormrage,1560,mage,frost,30,18,12
11297,Zerodium,sargeras,1559,mage,frost,41,17,24
11298,Christmas,tichondrius,1556,mage,frost,354,176,178
11299,Syntacks,lightnings-blade,1556,mage,frost,162,78,84
11300,Zeshilol,stormrage,1549,mage,frost,39,19,20
11301,Axecap,tichondrius,1547,mage,frost,30,17,13
11302,Toaststrudel,tichondrius,1537,mage,frost,58,27,31
11303,Biglance,frostmourne,1533,mage,frost,36,17,19
11304,Frostqt,area-52,1532,mage,frost,132,71,61
11305,Yorgøs,ragnaros,1530,mage,frost,30,16,14
11306,Factszxy,area-52,1526,mage,frost,18,16,2
11307,Soulberg,emerald-dream,1521,mage,frost,59,26,33
11308,Galacticslug,tichondrius,1519,mage,frost,48,28,20
11309,Savanali,kelthuzad,1518,mage,frost,36,21,15
11310,Gasolína,stormrage,1516,mage,frost,48,25,23
11311,Umber,dreadmaul,1516,mage,frost,116,57,59
11312,Priyel,hyjal,1513,mage,frost,36,19,17
11313,Azhim,tichondrius,1511,mage,frost,36,20,16
11314,Fawcett,khazgoroth,1511,mage,frost,66,31,35
11315,Venachi,emerald-dream,1506,mage,frost,91,50,41
11316,Khadberry,aerie-peak,1501,mage,frost,71,34,37
11317,Playsfrost,skullcrusher,1500,mage,frost,100,59,41
11318,Dillor,tichondrius,1492,mage,frost,94,47,47
11319,Frøzzen,quelthalas,1491,mage,frost,63,33,30
11320,Burritsacold,bleeding-hollow,1491,mage,frost,54,26,28
11321,Nereidan,drakkari,1487,mage,frost,44,22,22
11322,Deverror,frostmourne,1487,mage,frost,113,50,63
11323,Song,sargeras,1485,mage,frost,83,42,41
11324,Dorsia,jaedenar,1480,mage,frost,22,17,5
11325,Pibb,rivendare,1480,mage,frost,48,25,23
11326,Léstat,quelthalas,1479,mage,frost,36,21,15
11327,Qsc,barthilas,1477,mage,frost,91,44,47
11328,Sheepgodx,malganis,1471,mage,frost,23,16,7
11329,Scrúmp,tichondrius,1468,mage,frost,30,16,14
11330,Vecna,tichondrius,1465,mage,frost,79,37,42
11331,Enterthevoid,proudmoore,1463,mage,frost,36,21,15
11332,Kh,stormrage,1460,mage,frost,81,44,37
11333,Frussy,blood-furnace,1454,mage,frost,48,26,22
11334,Coôler,illidan,1451,mage,frost,160,90,70
11335,Omnislasher,terenas,1451,mage,frost,109,49,60
11336,Revised,sargeras,1447,mage,frost,72,40,32
11337,Minerves,tichondrius,1446,mage,frost,42,20,22
11338,Fròzen,moon-guard,1436,mage,frost,74,35,39
11339,Sesshomaru,emerald-dream,1433,mage,frost,51,18,33
11340,Mcdfries,tichondrius,1432,mage,frost,30,15,15
11341,Respectx,nemesis,1431,mage,frost,58,25,33
11342,Nate,black-dragonflight,1426,mage,frost,92,48,44
11343,Trebbiano,illidan,1423,mage,frost,79,40,39
11344,Frizbee,sargeras,1419,mage,frost,33,16,17
11345,Selless,zuljin,1417,mage,frost,42,24,18
11346,Tylers,moon-guard,1415,mage,frost,36,19,17
11347,Moyuu,proudmoore,1414,mage,frost,36,16,20
11348,Clm,lightnings-blade,1413,mage,frost,47,23,24
11349,Gazzuu,ragnaros,1412,mage,frost,36,19,17
11350,Tagere,moon-guard,1410,mage,frost,62,30,32
11351,Perrc,area-52,1407,mage,frost,128,56,72
11352,Canva,barthilas,1406,mage,frost,41,25,16
11353,Vornz,sargeras,1404,mage,frost,55,24,31
11354,Gunzup,lightnings-blade,1403,mage,frost,30,15,15
11355,Osnapmage,malganis,1403,mage,frost,175,84,91
11356,Kevymarts,tichondrius,1397,mage,frost,48,29,19
11357,Lachawr,stormrage,1396,mage,frost,37,19,18
11358,Tifrodo,azralon,1395,mage,frost,64,34,30
11359,Emetah,ysera,1395,mage,frost,36,15,21
11360,Crymachine,garrosh,1391,mage,frost,33,17,16
11361,Ado,zuluhed,1388,mage,frost,90,44,46
11362,Milambehr,elune,1386,mage,frost,24,15,9
11363,Myxzz,barthilas,1385,mage,frost,122,61,61
11364,Kouks,tichondrius,1383,mage,frost,23,15,8
11365,Maagin,zuljin,1382,mage,frost,38,18,20
11366,Plainblaine,illidan,1379,mage,frost,68,32,36
11367,Zoidy,bleeding-hollow,1377,mage,frost,35,15,20
11368,Magicbunny,andorhal,1375,mage,frost,95,49,46
11369,Dumblexgamer,ragnaros,1364,mage,frost,46,23,23
11370,Mâsterkush,tichondrius,1361,mage,frost,40,21,19
11371,Rích,tichondrius,1358,mage,frost,78,33,45
11372,Koulder,zuljin,1357,mage,frost,30,18,12
11373,Starkp,ragnaros,1355,mage,frost,135,65,70
11374,Yulian,tichondrius,1350,mage,frost,66,34,32
11375,Cryogeniks,illidan,1343,mage,frost,30,14,16
11376,Corgim,thrall,1340,mage,frost,30,14,16
11377,Shatturd,sargeras,1336,mage,frost,42,15,27
11378,Slipqt,tichondrius,1333,mage,frost,42,15,27
11379,Gualter,nemesis,1329,mage,frost,96,54,42
11380,Juul,emerald-dream,1328,mage,frost,237,109,128
11381,Fakebusiness,area-52,1327,mage,frost,71,31,40
11382,Gûmbÿ,illidan,1323,mage,frost,18,14,4
11383,Genswift,thrall,1323,mage,frost,30,14,16
11384,Hermanmiller,tichondrius,1316,mage,frost,60,26,34
11385,Soia,ragnaros,1312,mage,frost,45,23,22
11386,Ragemage,borean-tundra,1311,mage,frost,59,20,39
11387,Mntaindew,bleeding-hollow,1309,mage,frost,35,14,21
11388,Numz,sargeras,1299,mage,frost,64,27,37
11389,Safety,stormreaver,1298,mage,frost,52,28,24
11390,Frostitutå,eonar,1293,mage,frost,118,54,64
11391,Icybanter,emerald-dream,1286,mage,frost,30,14,16
11392,Alìv,tichondrius,1281,mage,frost,148,65,83
11393,Derpmanjr,area-52,1277,mage,frost,60,39,21
11394,Skynhet,ragnaros,1277,mage,frost,36,16,20
11395,Safu,bleeding-hollow,1275,mage,frost,60,31,29
11396,Ignit,stormrage,1269,mage,frost,34,17,17
11397,Frostítute,alterac-mountains,1269,mage,frost,54,24,30
11398,Throatdemon,hakkar,1269,mage,frost,36,15,21
11399,Canassa,azralon,1267,mage,frost,53,30,23
11400,Vengefuly,tichondrius,1264,mage,frost,34,17,17
11401,Samuoa,tichondrius,1261,mage,frost,30,17,13
11402,Feogato,proudmoore,1249,mage,frost,129,64,65
11403,Atra,spinebreaker,1243,mage,frost,30,13,17
11404,Valtaira,wyrmrest-accord,1242,mage,frost,59,34,25
11405,Yourefat,emerald-dream,1238,mage,frost,36,20,16
11406,Unleáshed,moonrunner,1229,mage,frost,61,29,32
11407,Mclanda,frostmourne,1229,mage,frost,30,13,17
11408,Zirkur,mannoroth,1228,mage,frost,30,13,17
11409,Starscreamm,ragnaros,1226,mage,frost,21,14,7
11410,Jikario,zuljin,1224,mage,frost,30,13,17
11411,Featherboo,stormrage,1215,mage,frost,24,14,10
11412,Tyrecgosa,tichondrius,1213,mage,frost,30,16,14
11413,Clownspocket,tichondrius,1211,mage,frost,30,15,15
11414,Pocsermage,drakkari,1210,mage,frost,28,13,15
11415,Boejanglz,frostmourne,1207,mage,frost,22,15,7
11416,Agniih,azralon,1205,mage,frost,48,21,27
11417,Whyammage,dalaran,1199,mage,frost,60,35,25
11418,Layolis,area-52,1195,mage,frost,48,25,23
11419,Rrite,tichondrius,1192,mage,frost,23,13,10
11420,Valrendor,nazjatar,1191,mage,frost,79,36,43
11421,Copperfield,dreadmaul,1185,mage,frost,80,33,47
11422,Kabonkle,drakthul,1185,mage,frost,35,13,22
11423,Maigoddess,proudmoore,1180,mage,frost,71,29,42
11424,Sahir,thaurissan,1173,mage,frost,30,14,16
11425,Pendrake,sargeras,1170,mage,frost,34,13,21
11426,Gsr,nerzhul,1169,mage,frost,34,14,20
11427,Zlint,quelthalas,1167,mage,frost,25,13,12
11428,Toesuckerlol,tichondrius,1164,mage,frost,33,16,17
11429,Khaldyn,tichondrius,1159,mage,frost,120,59,61
11430,Devlux,area-52,1158,mage,frost,104,50,54
11431,Pvpbilly,tichondrius,1152,mage,frost,18,12,6
11432,Castingmommy,moon-guard,1150,mage,frost,63,34,29
11433,Coldfrønt,moon-guard,1148,mage,frost,36,16,20
11434,Cubanmage,drakkari,1147,mage,frost,24,12,12
11435,Kryliak,ragnaros,1146,mage,frost,24,13,11
11436,Maguín,tichondrius,1142,mage,frost,24,12,12
11437,Diixynormus,illidan,1141,mage,frost,30,17,13
11438,Cheesebuns,proudmoore,1139,mage,frost,30,12,18
11439,Aquariusmoon,bonechewer,1138,mage,frost,42,21,21
11440,Xárdas,quelthalas,1137,mage,frost,46,20,26
11441,Mageeoh,bleeding-hollow,1128,mage,frost,41,14,27
11442,Who,emerald-dream,1126,mage,frost,28,14,14
11443,Fatum,ragnaros,1124,mage,frost,32,14,18
11444,Elwyn,dunemaul,1123,mage,frost,27,13,14
11445,Gunzz,aegwynn,1122,mage,frost,30,12,18
11446,Wowenjoyer,area-52,1119,mage,frost,64,28,36
11447,Kazmir,area-52,1119,mage,frost,29,12,17
11448,Couto,tichondrius,1116,mage,frost,23,12,11
11449,Gatka,quelthalas,1116,mage,frost,188,85,103
11450,Bellåtrîx,quelthalas,1115,mage,frost,18,12,6
11451,Drumzter,ragnaros,1114,mage,frost,29,16,13
11452,Kahili,stormrage,1113,mage,frost,23,12,11
11453,Smáckington,tichondrius,1113,mage,frost,57,25,32
11454,Dejavuh,dalaran,1111,mage,frost,42,24,18
11455,Levitaine,bleeding-hollow,1110,mage,frost,38,19,19
11456,Shäräpova,zuljin,1109,mage,frost,24,12,12
11457,Ibalyn,khazgoroth,1104,mage,frost,83,40,43
11458,Twirkin,proudmoore,1102,mage,frost,36,18,18
11459,Khrixa,illidan,1096,mage,frost,96,48,48
11460,Aherom,ragnaros,1095,mage,frost,21,13,8
11461,Magedango,bleeding-hollow,1095,mage,frost,35,14,21
11462,Azzurn,doomhammer,1090,mage,frost,24,13,11
11463,Juicechanel,tichondrius,1088,mage,frost,22,12,10
11464,Cìfel,quelthalas,1087,mage,frost,17,12,5
11465,Nazneen,elune,1087,mage,frost,21,12,9
11466,Helcarwen,area-52,1081,mage,frost,31,13,18
11467,Osda,azralon,1080,mage,frost,30,15,15
11468,Xannymancan,tichondrius,1080,mage,frost,54,21,33
11469,Sturmrevenge,lightnings-blade,1078,mage,frost,60,26,34
11470,Darkrukia,tichondrius,1077,mage,frost,39,17,22
11471,Arkoz,tichondrius,1071,mage,frost,18,12,6
11472,Frostitutex,illidan,1071,mage,frost,25,12,13
11473,Cavit,wyrmrest-accord,1070,mage,frost,50,24,26
11474,Degenhours,illidan,1069,mage,frost,27,13,14
11475,Wolfgangvn,stormrage,1067,mage,frost,25,12,13
11476,Lildabpen,tichondrius,1057,mage,frost,86,34,52
11477,Littlejay,kelthuzad,1056,mage,frost,18,11,7
11478,Aapple,tichondrius,1055,mage,frost,18,11,7
11479,Marrioo,tichondrius,1055,mage,frost,24,11,13
11480,Pivnert,boulderfist,1055,mage,frost,24,11,13
11481,Angerfrost,khazgoroth,1054,mage,frost,36,22,14
11482,Babyspise,nathrezim,1054,mage,frost,18,11,7
11483,Renoria,norgannon,1054,mage,frost,24,11,13
11484,Gadogear,draka,1054,mage,frost,30,11,19
11485,Doubledown,kiljaeden,1053,mage,frost,18,11,7
11486,Burstage,destromath,1053,mage,frost,24,11,13
11487,Mkudos,ragnaros,1051,mage,frost,18,11,7
11488,Tsuchek,tichondrius,1051,mage,frost,18,11,7
11489,Auralyn,wyrmrest-accord,1051,mage,frost,25,11,14
11490,Radiku,blood-furnace,1049,mage,frost,18,11,7
11491,Zibbo,ragnaros,1046,mage,frost,18,11,7
11492,Skywalkerino,azralon,1045,mage,frost,24,11,13
11493,Esun,moon-guard,1042,mage,frost,19,12,7
11494,Devoh,dunemaul,1040,mage,frost,20,11,9
11495,Pugsmugg,icecrown,1032,mage,frost,49,13,36
11496,Sluagh,terenas,1031,mage,frost,52,24,28
11497,Bobalama,tichondrius,1025,mage,frost,18,14,4
11498,Grudel,archimonde,1019,mage,frost,23,14,9
11499,Diegoneally,bleeding-hollow,1009,mage,frost,24,11,13
11500,Littlebeth,azjolnerub,1006,mage,frost,48,21,27
11501,Rizzbot,sargeras,1005,mage,frost,75,27,48
11502,Defarefa,frostmourne,1001,mage,frost,28,11,17
11503,Jaymage,agamaggan,994,mage,frost,37,13,24
11504,Trollings,azralon,993,mage,frost,24,12,12
11505,Moonfhang,azralon,993,mage,frost,96,40,56
11506,Megapasta,illidan,989,mage,frost,23,11,12
11507,Drfrostie,anvilmar,987,mage,frost,20,11,9
11508,Prometheus,crushridge,986,mage,frost,52,27,25
11509,Thatlejund,tichondrius,986,mage,frost,28,11,17
11510,Corucia,echo-isles,984,mage,frost,118,50,68
11511,Bòóyah,muradin,980,mage,frost,40,21,19
11512,Icebboxx,tichondrius,979,mage,frost,18,11,7
11513,Damage,skullcrusher,971,mage,frost,25,11,14
11514,Maebalim,tichondrius,960,mage,frost,18,10,8
11515,Feener,stormreaver,960,mage,frost,18,10,8
11516,Cumbustyomom,illidan,960,mage,frost,18,10,8
11517,Legendkiller,bleeding-hollow,959,mage,frost,18,10,8
11518,Kymowiz,sargeras,959,mage,frost,24,10,14
11519,Qcomberoo,frostmane,959,mage,frost,27,11,16
11520,Aluce,frostmourne,958,mage,frost,18,10,8
11521,Affinitty,zuljin,955,mage,frost,18,10,8
11522,Epifeni,blackrock,955,mage,frost,30,10,20
11523,Yungice,hyjal,953,mage,frost,18,10,8
11524,Mageyoulooks,kelthuzad,953,mage,frost,24,10,14
11525,Cheapsects,drakthul,949,mage,frost,20,10,10
11526,Wickednoob,malganis,946,mage,frost,48,16,32
11527,Guyza,frostmourne,941,mage,frost,23,10,13
11528,Onlyfansme,dalaran,939,mage,frost,18,10,8
11529,Critique,malorne,923,mage,frost,30,16,14
11530,Marschubas,drakthul,917,mage,frost,65,28,37
11531,Gryd,area-52,912,mage,frost,24,10,14
11532,Aramire,drakkari,911,mage,frost,21,11,10
11533,Moesel,emerald-dream,908,mage,frost,15,11,4
11534,Tris,malganis,906,mage,frost,25,11,14
11535,Guji,area-52,890,mage,frost,23,11,12
11536,Itoncruxy,tichondrius,886,mage,frost,63,29,34
11537,Letitgoo,azralon,883,mage,frost,32,17,15
11538,Rositajonez,terenas,864,mage,frost,12,9,3
11539,Nalabb,illidan,864,mage,frost,12,9,3
11540,Furisheep,stormrage,864,mage,frost,12,9,3
11541,Weathersmell,tichondrius,864,mage,frost,18,9,9
11542,Fromcanada,eitrigg,864,mage,frost,18,9,9
11543,Hyoonsfeet,stormrage,864,mage,frost,18,9,9
11544,Xoxmage,frostmourne,864,mage,frost,24,10,14
11545,Skoals,thrall,864,mage,frost,29,10,19
11546,Seeu,tichondrius,864,mage,frost,30,9,21
11547,Nicemangoes,proudmoore,863,mage,frost,12,9,3
11548,Lastiari,wyrmrest-accord,863,mage,frost,18,9,9
11549,Blinkbotx,proudmoore,863,mage,frost,18,9,9
11550,Frostpimp,anubarak,863,mage,frost,24,9,15
11551,Blinkharder,stormrage,863,mage,frost,24,9,15
11552,Jaked,frostmourne,863,mage,frost,30,9,21
11553,Kitenic,proudmoore,862,mage,frost,12,9,3
11554,Skillcap,nagrand,862,mage,frost,18,9,9
11555,Åøe,tichondrius,862,mage,frost,18,9,9
11556,Boredomkïlls,burning-legion,862,mage,frost,18,9,9
11557,Tunax,tichondrius,862,mage,frost,24,9,15
11558,Shenme,moon-guard,861,mage,frost,20,9,11
11559,Fruza,emerald-dream,860,mage,frost,16,10,6
11560,Remana,anvilmar,859,mage,frost,18,9,9
11561,Hollerin,whisperwind,856,mage,frost,12,9,3
11562,Cransmage,illidan,856,mage,frost,18,9,9
11563,Soya,sargeras,852,mage,frost,24,9,15
11564,Naoz,ragnaros,851,mage,frost,18,9,9
11565,Sølem,frostmourne,851,mage,frost,24,9,15
11566,Worknlurk,malganis,841,mage,frost,18,9,9
11567,Jarethleon,ragnaros,837,mage,frost,21,11,10
11568,Âürõrâ,firetree,834,mage,frost,24,9,15
11569,Crankweigth,rivendare,829,mage,frost,24,9,15
11570,Ejzok,dreadmaul,806,mage,frost,27,11,16
11571,Zionist,earthen-ring,796,mage,frost,14,9,5
11572,Fbd,bloodscalp,768,mage,frost,12,8,4
11573,Kfortyone,kiljaeden,768,mage,frost,12,8,4
11574,Dearyuanmage,tichondrius,768,mage,frost,12,8,4
11575,Walrusxo,kelthuzad,768,mage,frost,12,8,4
11576,Frightmare,sargeras,768,mage,frost,12,8,4
11577,Nefm,frostmourne,768,mage,frost,12,8,4
11578,Tonystonerz,lightnings-blade,768,mage,frost,12,8,4
11579,Yeetcannøn,illidan,768,mage,frost,18,8,10
11580,Magibe,thrall,768,mage,frost,18,8,10
11581,Pigdancel,tichondrius,768,mage,frost,18,8,10
11582,Sheepshot,dentarg,768,mage,frost,18,8,10
11583,Marisadaze,tichondrius,768,mage,frost,18,8,10
11584,Lycheeoolong,frostmourne,768,mage,frost,18,8,10
11585,Zuqo,sargeras,767,mage,frost,12,8,4
11586,Mempool,darkspear,767,mage,frost,12,8,4
11587,Bigdjohnson,dalaran,767,mage,frost,12,8,4
11588,Nôtôrious,thrall,767,mage,frost,12,8,4
11589,Corruptionz,nemesis,767,mage,frost,12,8,4
11590,Sáron,quelthalas,767,mage,frost,12,8,4
11591,Vamplol,tichondrius,767,mage,frost,18,8,10
11592,Wickymorph,barthilas,767,mage,frost,18,8,10
11593,Erîol,ragnaros,767,mage,frost,18,8,10
11594,Ràmdas,hyjal,766,mage,frost,12,8,4
11595,Kromeus,illidan,765,mage,frost,18,8,10
11596,Nynalith,area-52,764,mage,frost,18,8,10
11597,Marvelcuck,sargeras,763,mage,frost,12,8,4
11598,Crizzpy,tichondrius,762,mage,frost,18,8,10
11599,Corrmic,winterhoof,760,mage,frost,18,8,10
11600,Bigpinkies,korgath,759,mage,frost,18,8,10
11601,Vantus,tichondrius,757,mage,frost,14,8,6
11602,Ratrider,dreadmaul,752,mage,frost,12,8,4
11603,Fizario,barthilas,751,mage,frost,23,9,14
11604,Artruis,detheroc,748,mage,frost,12,8,4
11605,Magekingz,shattered-halls,745,mage,frost,24,8,16
11606,Bandmaid,emerald-dream,736,mage,frost,16,9,7
11607,Persia,illidan,735,mage,frost,17,8,9
11608,Orderlight,alexstrasza,735,mage,frost,29,8,21
11609,Stankfreezer,thrall,719,mage,frost,11,8,3
11610,Heca,tichondrius,719,mage,frost,11,8,3
11611,Jayfunk,sargeras,702,mage,frost,11,8,3
11612,Tibbit,kelthuzad,672,mage,frost,12,7,5
11613,Myfamilygpie,nazgrel,672,mage,frost,12,7,5
11614,Nukedat,proudmoore,672,mage,frost,12,7,5
11615,Elyandria,proudmoore,672,mage,frost,12,7,5
11616,Toteypotter,frostmourne,672,mage,frost,12,7,5
11617,Proximalol,tichondrius,672,mage,frost,12,7,5
11618,Neovim,stormrage,672,mage,frost,12,7,5
11619,Ntys,frostmourne,672,mage,frost,12,7,5
11620,Ankidar,quelthalas,672,mage,frost,12,7,5
11621,Mushys,stormrage,672,mage,frost,12,7,5
11622,Kygores,tichondrius,672,mage,frost,12,7,5
11623,Hogmantwo,illidan,672,mage,frost,12,7,5
11624,Hrichit,tichondrius,672,mage,frost,12,7,5
11625,Dexd,laughing-skull,672,mage,frost,12,7,5
11626,Crnomage,area-52,672,mage,frost,12,7,5
11627,Stealing,barthilas,672,mage,frost,18,7,11
11628,Licklix,tichondrius,672,mage,frost,18,7,11
11629,Factsx,area-52,672,mage,frost,18,7,11
11630,Chunzhangfs,tichondrius,672,mage,frost,18,7,11
11631,Aosin,wyrmrest-accord,672,mage,frost,18,7,11
11632,Privilege,burning-legion,672,mage,frost,18,7,11
11633,Zaxrie,malganis,671,mage,frost,12,7,5
11634,Chade,dunemaul,671,mage,frost,12,7,5
11635,Dairian,whisperwind,671,mage,frost,12,7,5
11636,Snoogma,illidan,671,mage,frost,12,7,5
11637,Nnenna,bonechewer,671,mage,frost,12,7,5
11638,Tokiaro,tortheldrin,671,mage,frost,12,7,5
11639,Khaziiong,scilla,671,mage,frost,12,7,5
11640,Blinksz,korgath,671,mage,frost,12,7,5
11641,Baemers,tichondrius,671,mage,frost,18,7,11
11642,Oharvestero,illidan,671,mage,frost,18,7,11
11643,Annalee,ragnaros,671,mage,frost,18,7,11
11644,Vorass,kelthuzad,671,mage,frost,18,7,11
11645,Cùrtiñ,tichondrius,671,mage,frost,24,7,17
11646,Aulie,burning-blade,670,mage,frost,12,7,5
11647,Ranje,kiljaeden,670,mage,frost,12,7,5
11648,Tchass,skullcrusher,670,mage,frost,12,7,5
11649,Kidfurry,wyrmrest-accord,670,mage,frost,12,7,5
11650,Giovannie,zuluhed,670,mage,frost,12,7,5
11651,Starguy,laughing-skull,670,mage,frost,18,7,11
11652,Putosucio,nordrassil,670,mage,frost,18,7,11
11653,Ruzam,area-52,670,mage,frost,18,7,11
11654,Cäelüm,area-52,670,mage,frost,24,7,17
11655,Banída,stormrage,669,mage,frost,12,7,5
11656,Criticalness,illidan,669,mage,frost,12,7,5
11657,Zalatirix,bleeding-hollow,669,mage,frost,12,7,5
11658,Icelordd,ragnaros,669,mage,frost,13,7,6
11659,Memnor,amanthul,668,mage,frost,12,7,5
11660,Bubbleblower,hakkar,667,mage,frost,18,7,11
11661,Trollsita,thrall,665,mage,frost,12,7,5
11662,Evieril,tichondrius,665,mage,frost,12,7,5
11663,Dánó,lightbringer,663,mage,frost,18,7,11
11664,Tigoditties,emerald-dream,662,mage,frost,12,7,5
11665,Tatertots,bladefist,655,mage,frost,23,7,16
11666,Vendizzle,malganis,654,mage,frost,23,7,16
11667,Slaash,barthilas,639,mage,frost,14,8,6
11668,Discoinferno,kelthuzad,638,mage,frost,15,8,7
11669,Shaynna,tichondrius,624,mage,frost,15,7,8
11670,Gtó,sargeras,623,mage,frost,11,7,4
11671,Ghostblaze,blackhand,621,mage,frost,15,8,7
11672,Ghrámz,stormrage,607,mage,frost,16,7,9
11673,Gralnur,kelthuzad,606,mage,frost,14,7,7
11674,Cryyo,queldorei,576,mage,frost,6,6,0
11675,Torthie,burning-blade,576,mage,frost,6,6,0
11676,Supergun,tichondrius,576,mage,frost,12,6,6
11677,Johncxvii,sargeras,576,mage,frost,12,6,6
11678,Magetherian,frostmourne,576,mage,frost,12,6,6
11679,Hýdramist,sargeras,576,mage,frost,12,6,6
11680,Froshar,ragnaros,576,mage,frost,12,6,6
11681,Eriktherod,maelstrom,576,mage,frost,12,6,6
11682,Alludèd,illidan,576,mage,frost,12,6,6
11683,Mmine,tichondrius,576,mage,frost,12,6,6
11684,Frostzadan,quelthalas,576,mage,frost,12,6,6
11685,Saymenre,tichondrius,576,mage,frost,12,6,6
11686,Hambürglar,garrosh,576,mage,frost,12,6,6
11687,Luckysir,illidan,576,mage,frost,18,6,12
11688,Fromcanada,tichondrius,576,mage,frost,18,6,12
11689,Bustercraft,kelthuzad,576,mage,frost,18,6,12
11690,Gardes,tichondrius,576,mage,frost,18,6,12
11691,Kabrax,nerzhul,576,mage,frost,18,6,12
11692,Krabby,malganis,576,mage,frost,18,6,12
11693,Covil,tichondrius,576,mage,frost,24,6,18
11694,Bloodpumper,thrall,575,mage,frost,12,6,6
11695,Lillbean,thunderlord,575,mage,frost,12,6,6
11696,Oogabooga,lethon,575,mage,frost,12,6,6
11697,Bootygoats,emerald-dream,575,mage,frost,12,6,6
11698,Fabled,stonemaul,575,mage,frost,18,6,12
11699,Aarne,thrall,575,mage,frost,18,6,12
11700,Kalzak,hyjal,574,mage,frost,12,6,6
11701,Kaël,area-52,574,mage,frost,12,6,6
11702,Lincepotter,quelthalas,574,mage,frost,18,6,12
11703,Tonepedo,zuljin,574,mage,frost,18,6,12
11704,Deadmarley,blackhand,572,mage,frost,12,6,6
11705,Ärià,sargeras,571,mage,frost,12,6,6
11706,Mindthegap,tichondrius,571,mage,frost,12,6,6
11707,Sodrezinn,illidan,571,mage,frost,12,6,6
11708,Rekonx,tichondrius,558,mage,frost,17,6,11
11709,Arckayne,zuljin,543,mage,frost,11,6,5
11710,Hiiamtay,azralon,542,mage,frost,8,7,1
11711,Ozwauld,emerald-dream,526,mage,frost,11,6,5
11712,Tristania,archimonde,519,mage,frost,17,7,10
11713,Pidge,aggramar,519,mage,frost,22,6,16
11714,Barceclas,tichondrius,512,mage,frost,10,6,4
11715,Aycc,tichondrius,512,mage,frost,10,6,4
11716,Somethinglos,sargeras,512,mage,frost,16,6,10
11717,Ereblink,proudmoore,511,mage,frost,11,6,5
11718,Parruka,warsong,510,mage,frost,20,6,14
11719,Zabaione,stormrage,508,mage,frost,16,6,10
11720,Elwynnforest,sargeras,480,mage,frost,6,5,1
11721,Flavaflame,mugthol,480,mage,frost,6,5,1
11722,Whosdismage,illidan,480,mage,frost,6,5,1
11723,Frosttwoop,moon-guard,480,mage,frost,6,5,1
11724,Elfvis,deathwing,480,mage,frost,6,5,1
11725,Hansol,farstriders,480,mage,frost,6,5,1
11726,Fromcanadaqc,zuljin,480,mage,frost,6,5,1
11727,Freez,garona,480,mage,frost,10,6,4
11728,Betrian,quelthalas,480,mage,frost,12,5,7
11729,Garbagemage,barthilas,480,mage,frost,12,5,7
11730,Syndra,korialstrasz,480,mage,frost,12,5,7
11731,Starguy,terenas,480,mage,frost,12,5,7
11732,Vires,kelthuzad,480,mage,frost,12,5,7
11733,Adronicus,tichondrius,480,mage,frost,12,5,7
11734,Hustle,frostmourne,480,mage,frost,12,5,7
11735,Gadwick,alexstrasza,480,mage,frost,12,5,7
11736,Kayenri,area-52,480,mage,frost,12,5,7
11737,Isömetrics,tichondrius,480,mage,frost,12,5,7
11738,Siobhána,moon-guard,480,mage,frost,12,5,7
11739,Zime,moon-guard,480,mage,frost,12,5,7
11740,Frostytoez,firetree,480,mage,frost,12,5,7
11741,Badboykilla,dentarg,480,mage,frost,12,5,7
11742,Cinns,moon-guard,480,mage,frost,12,5,7
11743,Evilnuts,quelthalas,480,mage,frost,13,5,8
11744,Dreddpool,barthilas,480,mage,frost,18,5,13
11745,Bettybonk,cenarius,480,mage,frost,18,5,13
11746,Twiztidwitch,burning-legion,480,mage,frost,18,5,13
11747,Magifish,malganis,479,mage,frost,6,5,1
11748,Mikwam,proudmoore,479,mage,frost,6,5,1
11749,Piixxiie,sargeras,479,mage,frost,6,5,1
11750,Dimmershnitz,draka,479,mage,frost,12,5,7
11751,Limeade,ursin,479,mage,frost,12,5,7
11752,Phazora,suramar,479,mage,frost,12,5,7
11753,Tarmiel,quelthalas,479,mage,frost,12,5,7
11754,Cezax,frostmourne,479,mage,frost,12,5,7
11755,Brokser,quelthalas,479,mage,frost,12,5,7
11756,Cuoreforte,moon-guard,479,mage,frost,12,5,7
11757,Tatersmaccs,sargeras,479,mage,frost,12,5,7
11758,Thergon,kul-tiras,479,mage,frost,12,5,7
11759,Srloko,azralon,479,mage,frost,18,5,13
11760,Sènding,sargeras,479,mage,frost,24,5,19
11761,Quietusllil,gurubashi,478,mage,frost,6,5,1
11762,Ceadruk,darkspear,478,mage,frost,12,5,7
11763,Cerisium,kiljaeden,431,mage,frost,11,5,6
11764,Mageboy,bonechewer,415,mage,frost,11,5,6
11765,Quinnfreeze,boulderfist,414,mage,frost,11,5,6
11766,Kutulu,aerie-peak,384,mage,frost,6,4,2
11767,Nexttmage,area-52,384,mage,frost,6,4,2
11768,Kaboozles,area-52,384,mage,frost,6,4,2
11769,Frðstítutè,tichondrius,384,mage,frost,6,4,2
11770,Cewchí,tichondrius,384,mage,frost,6,4,2
11771,Ratfather,the-forgotten-coast,384,mage,frost,6,4,2
11772,Dashdoor,stormrage,384,mage,frost,6,4,2
11773,Gelokay,tichondrius,384,mage,frost,6,4,2
11774,Zgodspeedz,stormrage,384,mage,frost,6,4,2
11775,Fromcanadaqc,tichondrius,384,mage,frost,6,4,2
11776,Kälis,zuljin,384,mage,frost,6,4,2
11777,Laserface,bleeding-hollow,384,mage,frost,6,4,2
11778,Çhíllßrõ,tichondrius,384,mage,frost,6,4,2
11779,Arcánè,velen,384,mage,frost,6,4,2
11780,Frobo,mannoroth,384,mage,frost,6,4,2
11781,Tofusmell,illidan,384,mage,frost,6,4,2
11782,Myrondor,tichondrius,384,mage,frost,6,4,2
11783,Burist,illidan,384,mage,frost,6,4,2
11784,Reptär,demon-soul,384,mage,frost,6,4,2
11785,Poonfarmer,zangarmarsh,384,mage,frost,6,4,2
11786,Frostkage,tichondrius,384,mage,frost,6,4,2
11787,Nihilitý,malganis,384,mage,frost,6,4,2
11788,Lohkey,darkspear,384,mage,frost,6,4,2
11789,Unlike,sargeras,384,mage,frost,6,4,2
11790,Coldshouldér,nerzhul,384,mage,frost,6,4,2
11791,Aigam,hyjal,384,mage,frost,6,4,2
11792,Pzaz,moon-guard,384,mage,frost,6,4,2
11793,Faire,stonemaul,384,mage,frost,6,4,2
11794,Voiddude,proudmoore,384,mage,frost,6,4,2
11795,Bçøløñápûðgé,illidan,384,mage,frost,6,4,2
11796,Iladiin,malganis,384,mage,frost,9,4,5
11797,Perkaset,turalyon,384,mage,frost,12,4,8
11798,Darthez,darkspear,384,mage,frost,12,4,8
11799,Nickygift,tichondrius,384,mage,frost,12,4,8
11800,Frenk,moon-guard,384,mage,frost,12,4,8
11801,Gemaicy,sargeras,384,mage,frost,12,4,8
11802,Jejihev,drakkari,384,mage,frost,12,4,8
11803,Horizons,moon-guard,384,mage,frost,12,4,8
11804,Acarilla,stormrage,384,mage,frost,12,4,8
11805,Yippmagus,area-52,384,mage,frost,12,4,8
11806,Novokaine,area-52,384,mage,frost,12,4,8
11807,Crimpster,illidan,384,mage,frost,12,4,8
11808,Ultrá,stormscale,384,mage,frost,12,4,8
11809,Saydar,stormrage,384,mage,frost,12,4,8
11810,Lucidgaze,bonechewer,384,mage,frost,12,4,8
11811,Badaszbich,tichondrius,384,mage,frost,12,4,8
11812,Ineedashave,shandris,384,mage,frost,12,4,8
11813,Bluedustfart,illidan,384,mage,frost,12,4,8
11814,Meduka,proudmoore,384,mage,frost,12,4,8
11815,Dallamar,frostwolf,384,mage,frost,12,4,8
11816,Pyroshima,barthilas,384,mage,frost,16,5,11
11817,Isellstuff,thrall,384,mage,frost,18,4,14
11818,Snanth,black-dragonflight,384,mage,frost,18,4,14
11819,Rolypolyman,tichondrius,384,mage,frost,18,4,14
11820,Satív,moknathal,383,mage,frost,6,4,2
11821,Ehduh,onyxia,383,mage,frost,6,4,2
11822,Cynafox,moon-guard,383,mage,frost,12,4,8
11823,Dieselonfire,the-venture-co,382,mage,frost,6,4,2
11824,Freyia,mugthol,382,mage,frost,12,4,8
11825,Kuni,ghostlands,382,mage,frost,12,4,8
11826,Cowwboydan,malganis,351,mage,frost,8,5,3
11827,Peetufo,whisperwind,351,mage,frost,11,4,7
11828,Lirahmi,quelthalas,351,mage,frost,11,4,7
11829,Freezeup,area-52,349,mage,frost,14,7,7
11830,Titsncoke,proudmoore,336,mage,frost,9,4,5
11831,Jerawokee,undermine,335,mage,frost,17,4,13
11832,Devkek,area-52,330,mage,frost,22,7,15
11833,Icëblöck,ysera,329,mage,frost,6,5,1
11834,Datazonfire,illidan,320,mage,frost,12,4,8
11835,Zssy,tichondrius,319,mage,frost,5,4,1
11836,Scár,blackrock,317,mage,frost,8,4,4
11837,Scarablast,bleeding-hollow,304,mage,frost,7,4,3
11838,Messiaah,tichondrius,288,mage,frost,6,3,3
11839,Ariezx,kelthuzad,288,mage,frost,6,3,3
11840,Arendelle,kiljaeden,288,mage,frost,6,3,3
11841,Kandyperreo,ragnaros,288,mage,frost,6,3,3
11842,Mashii,kiljaeden,288,mage,frost,6,3,3
11843,Ingrumatig,tichondrius,288,mage,frost,6,3,3
11844,Maelista,tichondrius,288,mage,frost,6,3,3
11845,Icetooseeyou,barthilas,288,mage,frost,6,3,3
11846,Üman,bleeding-hollow,288,mage,frost,6,3,3
11847,Zukoprince,azralon,288,mage,frost,6,3,3
11848,Bigmêan,boulderfist,288,mage,frost,6,3,3
11849,Lilpolyx,illidan,288,mage,frost,6,3,3
11850,Botoslàp,dragonmaw,288,mage,frost,6,3,3
11851,Aurumium,illidan,288,mage,frost,6,3,3
11852,Kryptekk,area-52,288,mage,frost,6,3,3
11853,Coneofkony,bleeding-hollow,288,mage,frost,6,3,3
11854,Bigchilly,malganis,288,mage,frost,6,3,3
11855,Kaïdis,nemesis,288,mage,frost,6,3,3
11856,Quinnc,tichondrius,288,mage,frost,6,3,3
11857,Lilsake,sargeras,288,mage,frost,6,3,3
11858,Illúmi,moon-guard,288,mage,frost,6,3,3
11859,Címegripe,stormrage,288,mage,frost,6,3,3
11860,Isuikido,nemesis,288,mage,frost,6,3,3
11861,Urbadxd,llane,288,mage,frost,6,3,3
11862,Dragonie,nordrassil,288,mage,frost,6,3,3
11863,Bønemage,azralon,288,mage,frost,6,3,3
11864,Personah,darkspear,288,mage,frost,6,3,3
11865,Mäz,malorne,288,mage,frost,6,3,3
11866,Alatria,frostmourne,288,mage,frost,6,3,3
11867,Nalla,nerzhul,288,mage,frost,6,3,3
11868,Hékate,moon-guard,288,mage,frost,6,3,3
11869,Kqlyy,tichondrius,288,mage,frost,6,3,3
11870,Trozkov,dalaran,288,mage,frost,6,3,3
11871,Highafrn,area-52,288,mage,frost,6,3,3
11872,Puvö,tichondrius,288,mage,frost,6,3,3
11873,Youngwiz,arthas,288,mage,frost,6,3,3
11874,Betaduck,bleeding-hollow,288,mage,frost,6,3,3
11875,Eraticmage,illidan,288,mage,frost,6,3,3
11876,Murderlin,tichondrius,288,mage,frost,6,3,3
11877,Missingxx,silvermoon,288,mage,frost,6,3,3
11878,Percivaltp,scarlet-crusade,288,mage,frost,6,3,3
11879,Thxo,hyjal,288,mage,frost,6,3,3
11880,Gobstpper,nagrand,288,mage,frost,6,3,3
11881,Blinkinghobo,sargeras,288,mage,frost,6,3,3
11882,Bound,emerald-dream,288,mage,frost,6,3,3
11883,Packaged,emerald-dream,288,mage,frost,6,3,3
11884,Bamx,stormrage,288,mage,frost,6,3,3
11885,Grimreefer,trollbane,288,mage,frost,6,3,3
11886,Natallyn,stormrage,288,mage,frost,6,3,3
11887,Cruxx,ragnaros,288,mage,frost,6,3,3
11888,Noescaping,illidan,288,mage,frost,6,3,3
11889,Etyx,tichondrius,288,mage,frost,10,4,6
11890,Fingeredx,zuljin,288,mage,frost,12,3,9
11891,Houdiinii,illidan,288,mage,frost,12,3,9
11892,Ezchallenger,undermine,288,mage,frost,12,3,9
11893,Anuub,kelthuzad,288,mage,frost,12,3,9
11894,Calcaster,aegwynn,288,mage,frost,12,3,9
11895,Bravden,area-52,288,mage,frost,12,3,9
11896,Draell,drakkari,288,mage,frost,12,3,9
11897,Merkkinz,thrall,288,mage,frost,12,3,9
11898,Worldonfire,ragnaros,288,mage,frost,12,3,9
11899,Daydreamz,lightnings-blade,288,mage,frost,12,3,9
11900,Magicginger,barthilas,288,mage,frost,12,3,9
11901,Rabeiro,tichondrius,288,mage,frost,12,3,9
11902,Hqscoltt,azralon,288,mage,frost,12,3,9
11903,Fracxure,area-52,288,mage,frost,12,3,9
11904,Frostcakes,quelthalas,288,mage,frost,12,3,9
11905,Albbano,tichondrius,288,mage,frost,12,3,9
11906,Grynthwzrd,stormrage,288,mage,frost,12,3,9
11907,Argyron,fizzcrank,288,mage,frost,12,3,9
11908,Makén,illidan,287,mage,frost,6,3,3
11909,Cawyro,caelestrasz,287,mage,frost,6,3,3
11910,Gufi,drakkari,287,mage,frost,6,3,3
11911,Keahiláni,area-52,287,mage,frost,6,3,3
11912,Icehero,tichondrius,287,mage,frost,6,3,3
11913,Evierix,illidan,287,mage,frost,12,3,9
11914,Gradivous,emerald-dream,287,mage,frost,12,3,9
11915,Lünâliä,bleeding-hollow,286,mage,frost,6,3,3
11916,Redeyez,arthas,286,mage,frost,12,3,9
11917,Chuekona,ragnaros,256,mage,frost,10,3,7
11918,Drewann,draenor,239,mage,frost,5,3,2
11919,Unydae,frostmourne,239,mage,frost,5,3,2
11920,Leocius,daggerspine,239,mage,frost,5,3,2
11921,Itsoveryo,jubeithos,239,mage,frost,11,3,8
11922,Asparagoose,stormrage,239,mage,frost,11,3,8
11923,Thaldarian,emerald-dream,234,mage,frost,13,4,9
11924,Skerei,azralon,234,mage,frost,19,4,15
11925,Rayricefan,blood-furnace,192,mage,frost,4,3,1
11926,Abracadaver,greymane,192,mage,frost,4,3,1
11927,Pizzle,perenolde,192,mage,frost,6,2,4
11928,Makius,area-52,192,mage,frost,6,2,4
11929,Winstonchill,zuljin,192,mage,frost,6,2,4
11930,Karameltart,barthilas,192,mage,frost,6,2,4
11931,Afknz,frostmourne,192,mage,frost,6,2,4
11932,Sparqablink,tichondrius,192,mage,frost,6,2,4
11933,Strêss,kelthuzad,192,mage,frost,6,2,4
11934,Westii,illidan,192,mage,frost,6,2,4
11935,Cradic,tichondrius,192,mage,frost,6,2,4
11936,Getmaged,bleeding-hollow,192,mage,frost,6,2,4
11937,Stìnkfîst,tichondrius,192,mage,frost,6,2,4
11938,Drewzz,tichondrius,192,mage,frost,6,2,4
11939,Anyahs,tichondrius,192,mage,frost,6,2,4
11940,Earff,kiljaeden,192,mage,frost,6,2,4
11941,Fleët,tichondrius,192,mage,frost,6,2,4
11942,Ayci,velen,192,mage,frost,6,2,4
11943,Bluishhue,thrall,192,mage,frost,6,2,4
11944,Roarly,stonemaul,192,mage,frost,6,2,4
11945,Mager,dentarg,192,mage,frost,6,2,4
11946,Miketao,tichondrius,192,mage,frost,6,2,4
11947,Iguanodon,proudmoore,192,mage,frost,6,2,4
11948,Elvin,frostmourne,192,mage,frost,6,2,4
11949,Valire,kelthuzad,192,mage,frost,6,2,4
11950,Tanedos,tichondrius,192,mage,frost,6,2,4
11951,Muskybiggie,bleeding-hollow,192,mage,frost,6,2,4
11952,Agoniey,illidan,192,mage,frost,6,2,4
11953,Gradmage,proudmoore,192,mage,frost,6,2,4
11954,Whiteyx,saurfang,192,mage,frost,6,2,4
11955,Viccluvin,stormrage,192,mage,frost,6,2,4
11956,Cantblocklul,baelgun,192,mage,frost,6,2,4
11957,Raynark,nemesis,192,mage,frost,6,2,4
11958,Ess,tichondrius,192,mage,frost,6,2,4
11959,Icetomeetyu,bleeding-hollow,192,mage,frost,6,2,4
11960,Chadyus,illidan,192,mage,frost,6,2,4
11961,Xar,guldan,192,mage,frost,6,2,4
11962,Pyröz,kelthuzad,192,mage,frost,6,2,4
11963,Avicci,shattered-halls,192,mage,frost,6,2,4
11964,Undeadmager,nerzhul,192,mage,frost,6,2,4
11965,Meer,stonemaul,192,mage,frost,6,2,4
11966,Baleiabranca,stormrage,192,mage,frost,6,2,4
11967,Dinklord,azuremyst,192,mage,frost,6,2,4
11968,Fïtz,quelthalas,192,mage,frost,6,2,4
11969,Sophrates,burning-blade,192,mage,frost,6,2,4
11970,Insulting,aerie-peak,192,mage,frost,6,2,4
11971,Airsickjet,kiljaeden,192,mage,frost,6,2,4
11972,Jayma,moon-guard,192,mage,frost,6,2,4
11973,Cayoux,darkspear,192,mage,frost,6,2,4
11974,Audacy,sargeras,192,mage,frost,6,2,4
11975,Fullmetal,jaedenar,192,mage,frost,6,2,4
11976,Vallfire,malganis,192,mage,frost,6,2,4
11977,Nachtt,sargeras,192,mage,frost,6,2,4
11978,Cottonmage,malganis,192,mage,frost,6,2,4
11979,Alùcârd,tichondrius,192,mage,frost,6,2,4
11980,Vortex,fenris,192,mage,frost,6,2,4
11981,Harlloo,the-underbog,192,mage,frost,6,2,4
11982,Clickhard,suramar,192,mage,frost,9,2,7
11983,Hositonet,malganis,192,mage,frost,12,2,10
11984,Mageyoulooks,shattered-hand,192,mage,frost,12,2,10
11985,Èvilmage,blackrock,192,mage,frost,12,2,10
11986,Tracemaker,emerald-dream,192,mage,frost,12,2,10
11987,Rán,spirestone,192,mage,frost,12,2,10
11988,Sîmply,zuljin,192,mage,frost,12,2,10
11989,Mendittorosa,tichondrius,192,mage,frost,12,2,10
11990,Converseqt,stormrage,192,mage,frost,12,2,10
11991,Zerg,fenris,192,mage,frost,12,2,10
11992,Snowjôb,illidan,192,mage,frost,12,2,10
11993,Wqnmlgbdy,tichondrius,192,mage,frost,18,2,16
11994,Kahldyn,stormrage,191,mage,frost,4,3,1
11995,Rathrizar,emerald-dream,191,mage,frost,6,2,4
11996,Brynach,trollbane,191,mage,frost,6,2,4
11997,Hense,stormrage,191,mage,frost,6,2,4
11998,Leeandroo,quelthalas,191,mage,frost,6,2,4
11999,Silverstrza,gnomeregan,191,mage,frost,6,2,4
12000,Cheapped,emerald-dream,175,mage,frost,6,3,3
12001,Blakus,tichondrius,159,mage,frost,6,3,3
12002,Frosteddiks,shattered-halls,159,mage,frost,5,2,3
12003,Triambukh,grizzly-hills,159,mage,frost,5,2,3
12004,Erudit,tichondrius,144,mage,frost,15,2,13
12005,Shardgodx,kelthuzad,138,mage,frost,8,4,4
12006,Goingmassive,frostmourne,127,mage,frost,4,2,2
12007,Mongera,bonechewer,126,mage,frost,8,2,6
12008,Sillycole,emerald-dream,96,mage,frost,3,2,1
12009,Thôrsena,ursin,96,mage,frost,3,2,1
12010,Snipymagus,shattered-hand,96,mage,frost,3,2,1
12011,Ârcano,ragnaros,96,mage,frost,6,1,5
12012,Gnòmêrcy,kelthuzad,96,mage,frost,6,1,5
12013,Freezze,malganis,96,mage,frost,6,1,5
12014,Fantabulous,korgath,96,mage,frost,6,1,5
12015,Stormfrieza,tichondrius,96,mage,frost,6,1,5
12016,Pblastdatass,stormrage,96,mage,frost,6,1,5
12017,Mastacombust,illidan,96,mage,frost,6,1,5
12018,Gíldrin,proudmoore,96,mage,frost,6,1,5
12019,Keelaron,proudmoore,96,mage,frost,6,1,5
12020,Jizzlez,tichondrius,96,mage,frost,6,1,5
12021,Fookz,malganis,96,mage,frost,6,1,5
12022,Soulbite,barthilas,96,mage,frost,6,1,5
12023,Astería,ragnaros,96,mage,frost,6,1,5
12024,Michaelbust,tichondrius,96,mage,frost,6,1,5
12025,Klinkr,illidan,96,mage,frost,6,1,5
12026,Åpollous,frostmourne,96,mage,frost,6,1,5
12027,Magicmom,wyrmrest-accord,96,mage,frost,6,1,5
12028,Ricter,hyjal,96,mage,frost,6,1,5
12029,Professor,khadgar,96,mage,frost,6,1,5
12030,Ichirou,stormrage,96,mage,frost,6,1,5
12031,Wuzzo,tichondrius,96,mage,frost,6,1,5
12032,Themose,sargeras,96,mage,frost,6,1,5
12033,Adrazell,sargeras,96,mage,frost,6,1,5
12034,Neverworks,tichondrius,96,mage,frost,6,1,5
12035,Ñõxx,sargeras,96,mage,frost,6,1,5
12036,Coolhandz,tichondrius,96,mage,frost,6,1,5
12037,Evilear,andorhal,96,mage,frost,6,1,5
12038,Zei,bleeding-hollow,96,mage,frost,6,1,5
12039,Linadeslayer,chogall,96,mage,frost,6,1,5
12040,Dathoe,laughing-skull,96,mage,frost,6,1,5
12041,Fortemage,tichondrius,96,mage,frost,6,1,5
12042,Truewinter,tichondrius,96,mage,frost,6,1,5
12043,Furrblock,tichondrius,96,mage,frost,6,1,5
12044,Nairmage,tichondrius,96,mage,frost,8,1,7
12045,Pyrophobia,mannoroth,96,mage,frost,12,1,11
12046,Taladas,suramar,96,mage,frost,12,1,11
12047,Pizzatest,area-52,96,mage,frost,12,1,11
12048,Icestory,tichondrius,96,mage,frost,13,1,12
12049,Eirwan,illidan,95,mage,frost,6,1,5
12050,Notria,illidan,79,mage,frost,5,1,4
12051,Buckybever,illidan,79,mage,frost,11,1,10
12052,Taevy,tichondrius,64,mage,frost,4,1,3
12053,Lv,stormscale,48,mage,frost,3,1,2
12054,Barkäi,ragnaros,48,mage,frost,3,1,2
12055,Dazby,tichondrius,42,mage,frost,11,3,8
12056,Hotpeachpie,zuljin,42,mage,frost,8,2,6
12057,Dannycarey,tichondrius,2278,monk,mistweaver,78,55,23
12058,Woezx,stormreaver,2264,monk,mistweaver,68,47,21
12059,Zenjj,thorium-brotherhood,2211,monk,mistweaver,158,92,66
12060,Garbagemonk,scilla,2209,monk,mistweaver,90,61,29
12061,Jep,tichondrius,2190,monk,mistweaver,138,88,50
12062,Weavied,sargeras,2186,monk,mistweaver,138,74,64
12063,Mysticallx,sargeras,2175,monk,mistweaver,72,47,25
12064,Linlol,tichondrius,2168,monk,mistweaver,236,137,99
12065,Nohandslost,blackrock,2157,monk,mistweaver,188,98,90
12066,Emoeres,kelthuzad,2151,monk,mistweaver,104,55,49
12067,Oblivæon,tichondrius,2143,monk,mistweaver,72,45,27
12068,Hernameplz,proudmoore,2141,monk,mistweaver,105,57,48
12069,Cuteballs,tichondrius,2138,monk,mistweaver,81,50,31
12070,Oldmanswirl,mugthol,2137,monk,mistweaver,84,50,34
12071,Crunchyrollx,tichondrius,2135,monk,mistweaver,66,49,17
12072,Woggitie,jubeithos,2129,monk,mistweaver,68,45,23
12073,Igriefidiots,tichondrius,2129,monk,mistweaver,71,40,31
12074,Griefgodx,tichondrius,2127,monk,mistweaver,88,49,39
12075,Moonym,nagrand,2126,monk,mistweaver,68,41,27
12076,Vaen,kelthuzad,2126,monk,mistweaver,78,47,31
12077,Cool,crushridge,2126,monk,mistweaver,114,67,47
12078,Wheatsli,malganis,2126,monk,mistweaver,138,81,57
12079,Sloppyroppy,tichondrius,2124,monk,mistweaver,95,54,41
12080,Oliveirarr,tichondrius,2123,monk,mistweaver,126,71,55
12081,Drdabz,illidan,2122,monk,mistweaver,54,33,21
12082,Purgenm,tichondrius,2122,monk,mistweaver,90,52,38
12083,Dãnwun,tichondrius,2121,monk,mistweaver,72,44,28
12084,Originull,darkspear,2119,monk,mistweaver,83,49,34
12085,Proghouse,illidan,2118,monk,mistweaver,78,42,36
12086,Secdog,tichondrius,2118,monk,mistweaver,84,44,40
12087,Kicub,emerald-dream,2115,monk,mistweaver,84,44,40
12088,Itzokinlol,malganis,2113,monk,mistweaver,114,70,44
12089,Firewatches,emerald-dream,2113,monk,mistweaver,72,42,30
12090,Akkiira,sargeras,2112,monk,mistweaver,72,42,30
12091,Glqjkglbfgdl,zuljin,2105,monk,mistweaver,126,70,56
12092,Mãsterpõ,tichondrius,2100,monk,mistweaver,188,99,89
12093,Moremoretea,tichondrius,2098,monk,mistweaver,81,48,33
12094,Heywhatsup,emerald-dream,2097,monk,mistweaver,102,50,52
12095,Akiramenaide,tichondrius,2089,monk,mistweaver,48,35,13
12096,Wagfu,moon-guard,2067,monk,mistweaver,64,38,26
12097,Sharkpiglet,illidan,2063,monk,mistweaver,60,35,25
12098,Gabîmaru,area-52,2054,monk,mistweaver,99,64,35
12099,Thet,sargeras,2049,monk,mistweaver,147,77,70
12100,Timermørk,kalecgos,2042,monk,mistweaver,66,46,20
12101,Waggìes,moon-guard,2040,monk,mistweaver,71,44,27
12102,Huaren,tichondrius,2036,monk,mistweaver,125,71,54
12103,Fizzlefarmer,moon-guard,2031,monk,mistweaver,89,54,35
12104,Zhoku,tichondrius,2020,monk,mistweaver,58,34,24
12105,Speedcapped,area-52,2016,monk,mistweaver,126,63,63
12106,Grif,nazjatar,2013,monk,mistweaver,183,97,86
12107,Mcoos,tichondrius,2012,monk,mistweaver,132,84,48
12108,Gameníne,tichondrius,2012,monk,mistweaver,60,36,24
12109,Punchgodx,greymane,2010,monk,mistweaver,78,46,32
12110,Parodies,illidan,2002,monk,mistweaver,61,33,28
12111,Zuhak,tichondrius,2001,monk,mistweaver,42,26,16
12112,Voidstate,stormrage,2001,monk,mistweaver,131,71,60
12113,Boogstyle,malganis,2000,monk,mistweaver,70,38,32
12114,Jiwå,terenas,1996,monk,mistweaver,463,239,224
12115,Canghaigg,tichondrius,1995,monk,mistweaver,102,65,37
12116,Tyrfan,sargeras,1994,monk,mistweaver,154,84,70
12117,Brazfu,skullcrusher,1993,monk,mistweaver,117,70,47
12118,Bhoredom,kiljaeden,1992,monk,mistweaver,146,80,66
12119,Babyfaceqt,skullcrusher,1983,monk,mistweaver,113,61,52
12120,Àvríam,stormrage,1981,monk,mistweaver,65,33,32
12121,Yangroumo,tichondrius,1979,monk,mistweaver,72,43,29
12122,Bungfist,stormrage,1977,monk,mistweaver,35,25,10
12123,Leetcoder,tichondrius,1977,monk,mistweaver,159,102,57
12124,Dowsk,tichondrius,1970,monk,mistweaver,58,33,25
12125,Ðrägønéyèz,malygos,1969,monk,mistweaver,152,82,70
12126,Aviee,illidan,1967,monk,mistweaver,66,30,36
12127,Venfuki,tichondrius,1963,monk,mistweaver,60,35,25
12128,Jakethegreat,moknathal,1963,monk,mistweaver,187,108,79
12129,Hafezassad,illidan,1954,monk,mistweaver,48,23,25
12130,Raddxd,illidan,1952,monk,mistweaver,42,30,12
12131,Assez,tichondrius,1951,monk,mistweaver,68,36,32
12132,Vongg,tichondrius,1950,monk,mistweaver,66,36,30
12133,Praggers,proudmoore,1950,monk,mistweaver,65,35,30
12134,Zukki,zuljin,1949,monk,mistweaver,88,54,34
12135,Zuhakmw,tichondrius,1947,monk,mistweaver,78,39,39
12136,Wrxx,kelthuzad,1943,monk,mistweaver,304,153,151
12137,Suhjoon,bleeding-hollow,1942,monk,mistweaver,142,73,69
12138,Orbgodx,darkspear,1941,monk,mistweaver,48,30,18
12139,Wetchickennz,tichondrius,1940,monk,mistweaver,130,75,55
12140,Ilovekok,sargeras,1938,monk,mistweaver,66,55,11
12141,Mavvi,tichondrius,1938,monk,mistweaver,86,51,35
12142,Swurvex,bleeding-hollow,1938,monk,mistweaver,54,29,25
12143,Heha,tichondrius,1936,monk,mistweaver,71,38,33
12144,Xeus,darkspear,1931,monk,mistweaver,36,25,11
12145,Liltuna,icecrown,1930,monk,mistweaver,36,23,13
12146,Gsdfjskpx,sargeras,1926,monk,mistweaver,126,64,62
12147,Pandacottoco,azralon,1924,monk,mistweaver,78,44,34
12148,Imdabes,velen,1923,monk,mistweaver,72,39,33
12149,Vethosis,illidan,1921,monk,mistweaver,43,27,16
12150,Lmhs,tichondrius,1920,monk,mistweaver,54,32,22
12151,Ònó,quelthalas,1919,monk,mistweaver,67,39,28
12152,Brewsome,bloodhoof,1919,monk,mistweaver,82,43,39
12153,Abellmonk,tichondrius,1910,monk,mistweaver,203,117,86
12154,Wootzhu,zuljin,1900,monk,mistweaver,98,53,45
12155,Toyotasupra,emerald-dream,1898,monk,mistweaver,72,46,26
12156,Kansú,ragnaros,1898,monk,mistweaver,94,49,45
12157,Poscom,tichondrius,1897,monk,mistweaver,131,90,41
12158,Gummycat,bonechewer,1894,monk,mistweaver,168,96,72
12159,Kristië,stormrage,1891,monk,mistweaver,42,30,12
12160,Taichí,tichondrius,1891,monk,mistweaver,65,35,30
12161,Celerein,illidan,1889,monk,mistweaver,76,44,32
12162,Shad,frostmourne,1883,monk,mistweaver,90,53,37
12163,Nezly,sargeras,1882,monk,mistweaver,60,29,31
12164,Yasysy,tichondrius,1879,monk,mistweaver,36,22,14
12165,Sintifissti,sargeras,1877,monk,mistweaver,42,28,14
12166,Wingchungus,sargeras,1876,monk,mistweaver,30,23,7
12167,Paperfist,stormrage,1876,monk,mistweaver,120,83,37
12168,Toozmania,stormrage,1876,monk,mistweaver,52,31,21
12169,Postmark,tichondrius,1876,monk,mistweaver,54,31,23
12170,Taeeun,tichondrius,1874,monk,mistweaver,45,30,15
12171,Martiálfarts,malganis,1873,monk,mistweaver,36,25,11
12172,Sifu,bleeding-hollow,1873,monk,mistweaver,59,36,23
12173,Imdabes,destromath,1872,monk,mistweaver,66,31,35
12174,Spicyx,kiljaeden,1871,monk,mistweaver,30,24,6
12175,Tekuto,tichondrius,1871,monk,mistweaver,67,46,21
12176,Xdfu,stormrage,1870,monk,mistweaver,54,35,19
12177,Dro,khadgar,1870,monk,mistweaver,42,22,20
12178,Robocto,area-52,1869,monk,mistweaver,102,61,41
12179,Dalillama,stormreaver,1865,monk,mistweaver,48,31,17
12180,Logtich,moon-guard,1864,monk,mistweaver,78,42,36
12181,Nesoween,tichondrius,1863,monk,mistweaver,39,30,9
12182,Shùù,tichondrius,1862,monk,mistweaver,47,28,19
12183,Ringofpeace,sargeras,1860,monk,mistweaver,36,27,9
12184,Papermade,barthilas,1860,monk,mistweaver,48,26,22
12185,Cmonktwo,turalyon,1858,monk,mistweaver,54,31,23
12186,Sevenmonk,tichondrius,1857,monk,mistweaver,54,36,18
12187,Esqu,sargeras,1856,monk,mistweaver,36,22,14
12188,Cmonk,turalyon,1856,monk,mistweaver,40,24,16
12189,Piilsburry,sargeras,1855,monk,mistweaver,48,26,22
12190,Dræmwalker,malygos,1854,monk,mistweaver,295,149,146
12191,Tokol,tichondrius,1847,monk,mistweaver,108,59,49
12192,Proxy,ragnaros,1846,monk,mistweaver,46,31,15
12193,Tonyboloney,tichondrius,1845,monk,mistweaver,42,25,17
12194,Aegea,illidan,1844,monk,mistweaver,48,29,19
12195,Fîstweave,emerald-dream,1844,monk,mistweaver,77,45,32
12196,Yujiro,draktharon,1843,monk,mistweaver,36,23,13
12197,Crabfest,zuljin,1843,monk,mistweaver,60,35,25
12198,Stonemists,ragnaros,1841,monk,mistweaver,47,32,15
12199,Xinergy,illidan,1840,monk,mistweaver,98,65,33
12200,Vaemonka,stormrage,1840,monk,mistweaver,73,44,29
12201,Rokkon,sargeras,1840,monk,mistweaver,60,35,25
12202,Fluval,moon-guard,1839,monk,mistweaver,59,41,18
12203,Nakedidiot,kelthuzad,1839,monk,mistweaver,48,32,16
12204,Nabunaga,illidan,1837,monk,mistweaver,42,34,8
12205,Hinåta,thrall,1837,monk,mistweaver,40,26,14
12206,Okchat,emerald-dream,1837,monk,mistweaver,113,72,41
12207,Baychiz,sargeras,1837,monk,mistweaver,42,25,17
12208,Irraeine,malganis,1836,monk,mistweaver,48,31,17
12209,Djkungfu,thrall,1836,monk,mistweaver,138,88,50
12210,Shiinobi,area-52,1836,monk,mistweaver,81,46,35
12211,Zarenki,tichondrius,1835,monk,mistweaver,73,33,40
12212,Decompress,illidan,1833,monk,mistweaver,66,40,26
12213,Chadweave,moon-guard,1833,monk,mistweaver,114,61,53
12214,Guarantee,tichondrius,1832,monk,mistweaver,182,102,80
12215,Nuriva,tichondrius,1831,monk,mistweaver,48,36,12
12216,Cmonkey,turalyon,1831,monk,mistweaver,48,31,17
12217,Threefanandy,kelthuzad,1830,monk,mistweaver,30,21,9
12218,Drracaryss,sargeras,1830,monk,mistweaver,146,86,60
12219,Michæ,quelthalas,1830,monk,mistweaver,202,111,91
12220,Intra,exodar,1830,monk,mistweaver,121,65,56
12221,Carzzy,sargeras,1829,monk,mistweaver,35,23,12
12222,Tirionx,area-52,1828,monk,mistweaver,215,125,90
12223,Baoma,tichondrius,1827,monk,mistweaver,95,55,40
12224,Monklike,illidan,1827,monk,mistweaver,60,30,30
12225,Suamw,tichondrius,1827,monk,mistweaver,68,32,36
12226,Sillyguy,stormrage,1825,monk,mistweaver,89,56,33
12227,Jackouse,frostmourne,1824,monk,mistweaver,50,31,19
12228,Hugdealer,warsong,1823,monk,mistweaver,80,47,33
12229,Caffeinated,barthilas,1823,monk,mistweaver,136,64,72
12230,Gtmdyjs,illidan,1822,monk,mistweaver,29,20,9
12231,Ekn,tichondrius,1822,monk,mistweaver,30,20,10
12232,Tazi,chromaggus,1821,monk,mistweaver,84,50,34
12233,Voltio,frostmane,1820,monk,mistweaver,103,68,35
12234,Chaddington,malorne,1820,monk,mistweaver,48,30,18
12235,Monknutt,tichondrius,1819,monk,mistweaver,56,32,24
12236,Ilovefrogs,stormrage,1819,monk,mistweaver,60,30,30
12237,Malibrew,proudmoore,1817,monk,mistweaver,42,29,13
12238,Basedbuck,dalaran,1817,monk,mistweaver,30,19,11
12239,Ándi,barthilas,1817,monk,mistweaver,53,28,25
12240,Spook,kalecgos,1816,monk,mistweaver,49,35,14
12241,Wolf,shattered-hand,1816,monk,mistweaver,30,19,11
12242,Yobeel,tichondrius,1816,monk,mistweaver,54,23,31
12243,Xhilong,quelthalas,1815,monk,mistweaver,48,28,20
12244,Lexxbtw,thrall,1815,monk,mistweaver,107,59,48
12245,Canadá,bleeding-hollow,1813,monk,mistweaver,36,27,9
12246,Dancah,eitrigg,1813,monk,mistweaver,30,19,11
12247,Mistpump,tichondrius,1811,monk,mistweaver,48,26,22
12248,Phattea,thrall,1808,monk,mistweaver,48,31,17
12249,Yokuu,thunderlord,1808,monk,mistweaver,54,29,25
12250,Abeldra,moon-guard,1807,monk,mistweaver,82,42,40
12251,Cööked,illidan,1806,monk,mistweaver,60,33,27
12252,Timed,shuhalo,1806,monk,mistweaver,49,26,23
12253,Astrino,zuljin,1805,monk,mistweaver,42,29,13
12254,Discurzed,barthilas,1805,monk,mistweaver,100,57,43
12255,Strongmandan,twisting-nether,1805,monk,mistweaver,42,23,19
12256,Onlyfansx,ragnaros,1805,monk,mistweaver,256,139,117
12257,Cenfu,malganis,1805,monk,mistweaver,72,29,43
12258,Vrieden,illidan,1804,monk,mistweaver,99,42,57
12259,Kungfoocious,tichondrius,1802,monk,mistweaver,57,33,24
12260,Mixflo,bleeding-hollow,1802,monk,mistweaver,39,20,19
12261,Mistweave,aerie-peak,1801,monk,mistweaver,54,34,20
12262,Squalicorax,area-52,1801,monk,mistweaver,47,24,23
12263,Qtmonk,emerald-dream,1800,monk,mistweaver,48,33,15
12264,Jiucho,dalaran,1800,monk,mistweaver,35,23,12
12265,Monjimen,ragnaros,1800,monk,mistweaver,185,107,78
12266,Tiptea,stormrage,1799,monk,mistweaver,42,23,19
12267,Cardrik,thrall,1798,monk,mistweaver,101,50,51
12268,Mackiechan,kelthuzad,1797,monk,mistweaver,128,73,55
12269,Gentleuncle,tichondrius,1796,monk,mistweaver,113,65,48
12270,Sleeks,bonechewer,1795,monk,mistweaver,90,54,36
12271,Natalié,caelestrasz,1793,monk,mistweaver,36,25,11
12272,Gamesuxlol,the-underbog,1790,monk,mistweaver,84,51,33
12273,Rexfiend,tichondrius,1782,monk,mistweaver,24,19,5
12274,Triarcs,area-52,1781,monk,mistweaver,36,24,12
12275,Liteup,smolderthorn,1781,monk,mistweaver,336,167,169
12276,Xzeer,illidan,1779,monk,mistweaver,30,25,5
12277,Shlunks,illidan,1779,monk,mistweaver,183,105,78
12278,Coomweaver,stormrage,1778,monk,mistweaver,42,22,20
12279,Breadweaver,malganis,1775,monk,mistweaver,48,24,24
12280,Lgee,kelthuzad,1774,monk,mistweaver,30,19,11
12281,Beboté,quelthalas,1774,monk,mistweaver,77,41,36
12282,Zundor,ghostlands,1769,monk,mistweaver,26,20,6
12283,Femalejam,darkspear,1768,monk,mistweaver,54,33,21
12284,Epî,tichondrius,1768,monk,mistweaver,116,58,58
12285,Trackstarx,area-52,1767,monk,mistweaver,30,25,5
12286,Daito,jubeithos,1767,monk,mistweaver,110,62,48
12287,Wigglygiggly,mannoroth,1762,monk,mistweaver,66,38,28
12288,Greenbrews,area-52,1760,monk,mistweaver,138,75,63
12289,Crypomunkz,malganis,1758,monk,mistweaver,35,23,12
12290,Manggi,tichondrius,1758,monk,mistweaver,121,76,45
12291,Dwánesan,tichondrius,1756,monk,mistweaver,36,23,13
12292,Mikamonk,illidan,1755,monk,mistweaver,75,45,30
12293,Ileffsinll,illidan,1755,monk,mistweaver,60,32,28
12294,Rîce,burning-blade,1754,monk,mistweaver,42,29,13
12295,Grabbitz,kelthuzad,1751,monk,mistweaver,42,27,15
12296,Spinharder,stormrage,1750,monk,mistweaver,65,38,27
12297,Callmekoldi,dalaran,1748,monk,mistweaver,93,52,41
12298,Ensaymada,frostmourne,1747,monk,mistweaver,132,68,64
12299,Tippity,stormrage,1746,monk,mistweaver,37,24,13
12300,Bebuu,proudmoore,1744,monk,mistweaver,65,44,21
12301,Mxf,tichondrius,1743,monk,mistweaver,36,23,13
12302,Cangry,area-52,1740,monk,mistweaver,54,27,27
12303,Vernki,laughing-skull,1738,monk,mistweaver,59,36,23
12304,Briàr,area-52,1736,monk,mistweaver,42,23,19
12305,Worldhopperx,area-52,1735,monk,mistweaver,48,30,18
12306,Ellesig,ragnaros,1731,monk,mistweaver,130,69,61
12307,Mariabaraks,darkspear,1729,monk,mistweaver,78,46,32
12308,Ttvchickchau,tichondrius,1728,monk,mistweaver,53,35,18
12309,Fistofchanny,tichondrius,1725,monk,mistweaver,104,57,47
12310,Alekun,quelthalas,1724,monk,mistweaver,59,35,24
12311,Supbro,hyjal,1723,monk,mistweaver,30,18,12
12312,Slunka,tichondrius,1723,monk,mistweaver,36,21,15
12313,Steelcase,frostmourne,1722,monk,mistweaver,47,26,21
12314,Mvqws,tichondrius,1721,monk,mistweaver,30,24,6
12315,Ðescubra,stormrage,1721,monk,mistweaver,80,44,36
12316,Bubblepony,illidan,1721,monk,mistweaver,203,106,97
12317,Gramazen,tichondrius,1718,monk,mistweaver,42,25,17
12318,Dupaweaver,stormrage,1717,monk,mistweaver,41,21,20
12319,Hepp,stormrage,1716,monk,mistweaver,30,20,10
12320,Canghaimonk,tichondrius,1714,monk,mistweaver,54,25,29
12321,Iightning,dentarg,1712,monk,mistweaver,54,32,22
12322,Snuggubae,moon-guard,1710,monk,mistweaver,66,36,30
12323,Starçandy,tichondrius,1710,monk,mistweaver,96,51,45
12324,Noremaç,frostmourne,1709,monk,mistweaver,36,21,15
12325,Jaja,kiljaeden,1708,monk,mistweaver,36,22,14
12326,Betasquadxd,bleeding-hollow,1707,monk,mistweaver,43,25,18
12327,Gnappyy,tichondrius,1705,monk,mistweaver,30,18,12
12328,Røllitup,illidan,1704,monk,mistweaver,54,34,20
12329,Mð,vashj,1704,monk,mistweaver,84,41,43
12330,Turbokíll,proudmoore,1703,monk,mistweaver,36,22,14
12331,Hansul,tichondrius,1700,monk,mistweaver,83,38,45
12332,Qxt,tichondrius,1699,monk,mistweaver,52,31,21
12333,Mexii,hellscream,1697,monk,mistweaver,155,74,81
12334,Danarolls,spirestone,1697,monk,mistweaver,48,21,27
12335,Sevymonk,stormrage,1696,monk,mistweaver,30,21,9
12336,Krömbopulos,magtheridon,1696,monk,mistweaver,36,24,12
12337,Mistweaverxo,malganis,1696,monk,mistweaver,104,60,44
12338,Zaqqari,wyrmrest-accord,1695,monk,mistweaver,48,24,24
12339,Ææøææôææôææô,illidan,1692,monk,mistweaver,90,66,24
12340,Linsey,frostmourne,1691,monk,mistweaver,36,20,16
12341,Gauche,arygos,1686,monk,mistweaver,144,74,70
12342,Unclety,tichondrius,1685,monk,mistweaver,42,24,18
12343,Cystweaver,dalaran,1684,monk,mistweaver,42,27,15
12344,Zipmw,tichondrius,1683,monk,mistweaver,42,24,18
12345,Cromulent,saurfang,1682,monk,mistweaver,71,34,37
12346,Aráshicage,malganis,1681,monk,mistweaver,48,29,19
12347,Phtarded,stormreaver,1681,monk,mistweaver,74,39,35
12348,Moushindeiru,sargeras,1680,monk,mistweaver,36,30,6
12349,Motogp,tichondrius,1680,monk,mistweaver,128,61,67
12350,Soprà,zuljin,1677,monk,mistweaver,33,20,13
12351,Stepfistz,aegwynn,1677,monk,mistweaver,66,36,30
12352,Zenox,rexxar,1675,monk,mistweaver,54,28,26
12353,Drunkentoker,illidan,1673,monk,mistweaver,48,26,22
12354,Dwãrf,tichondrius,1671,monk,mistweaver,30,22,8
12355,Takugava,illidan,1671,monk,mistweaver,60,40,20
12356,Stonymcblaze,malganis,1671,monk,mistweaver,42,25,17
12357,Tezcatyo,malganis,1671,monk,mistweaver,54,32,22
12358,Xcrispy,scilla,1670,monk,mistweaver,30,20,10
12359,Tamonger,stormrage,1670,monk,mistweaver,179,100,79
12360,Fisticufs,bleeding-hollow,1670,monk,mistweaver,42,23,19
12361,Zuen,ragnaros,1670,monk,mistweaver,101,51,50
12362,Velenious,tichondrius,1667,monk,mistweaver,68,46,22
12363,Harkwind,azralon,1666,monk,mistweaver,108,60,48
12364,Nugskis,dalaran,1666,monk,mistweaver,263,135,128
12365,Mememories,tichondrius,1665,monk,mistweaver,74,46,28
12366,Cherep,kiljaeden,1665,monk,mistweaver,93,49,44
12367,Smallboots,area-52,1662,monk,mistweaver,24,20,4
12368,Gomon,terenas,1661,monk,mistweaver,29,20,9
12369,Seokdenam,tichondrius,1660,monk,mistweaver,84,47,37
12370,Rectus,proudmoore,1659,monk,mistweaver,30,22,8
12371,Serikko,frostmourne,1657,monk,mistweaver,44,26,18
12372,Wildfists,tichondrius,1657,monk,mistweaver,415,213,202
12373,Èmacs,barthilas,1655,monk,mistweaver,29,21,8
12374,Greenrice,thrall,1655,monk,mistweaver,52,33,19
12375,Lilsloptop,moon-guard,1653,monk,mistweaver,125,78,47
12376,Calvana,tichondrius,1653,monk,mistweaver,101,40,61
12377,Yeji,altar-of-storms,1652,monk,mistweaver,43,21,22
12378,Ludan,eredar,1651,monk,mistweaver,109,61,48
12379,Rexzilla,tichondrius,1648,monk,mistweaver,36,25,11
12380,Ropturttlê,tichondrius,1646,monk,mistweaver,30,22,8
12381,Swuseng,tichondrius,1646,monk,mistweaver,36,21,15
12382,Miillkz,zuljin,1644,monk,mistweaver,47,25,22
12383,Qup,lightbringer,1643,monk,mistweaver,37,28,9
12384,Swoleypoley,tichondrius,1642,monk,mistweaver,36,21,15
12385,Itspoils,illidan,1641,monk,mistweaver,37,27,10
12386,Místme,tichondrius,1641,monk,mistweaver,36,22,14
12387,Tenoseven,area-52,1640,monk,mistweaver,21,19,2
12388,Djux,zuljin,1639,monk,mistweaver,30,20,10
12389,Copula,illidan,1637,monk,mistweaver,74,34,40
12390,Paralee,tichondrius,1635,monk,mistweaver,48,34,14
12391,Gujunpyó,sargeras,1635,monk,mistweaver,66,40,26
12392,Beerflow,stormrage,1635,monk,mistweaver,42,23,19
12393,Ropgobbler,muradin,1634,monk,mistweaver,30,18,12
12394,Xhangtu,thrall,1632,monk,mistweaver,76,50,26
12395,Akkiraa,sargeras,1631,monk,mistweaver,24,17,7
12396,Integrity,durotan,1630,monk,mistweaver,59,34,25
12397,Lovehate,zuljin,1629,monk,mistweaver,48,23,25
12398,Baldbutcute,darkspear,1627,monk,mistweaver,28,19,9
12399,Damndaniel,hyjal,1627,monk,mistweaver,86,42,44
12400,Actualcrime,tichondrius,1627,monk,mistweaver,36,17,19
12401,Avãrîce,stormrage,1626,monk,mistweaver,24,17,7
12402,Winfred,bleeding-hollow,1625,monk,mistweaver,48,31,17
12403,Innerchii,tichondrius,1624,monk,mistweaver,24,17,7
12404,Misthealz,black-dragonflight,1624,monk,mistweaver,48,31,17
12405,Rañga,caelestrasz,1624,monk,mistweaver,66,37,29
12406,Nicotinetap,tichondrius,1623,monk,mistweaver,30,18,12
12407,Kaylux,stormrage,1623,monk,mistweaver,30,17,13
12408,Waataafaak,malganis,1622,monk,mistweaver,54,30,24
12409,Proventos,azralon,1622,monk,mistweaver,216,119,97
12410,Whaes,thrall,1621,monk,mistweaver,24,17,7
12411,Wittymonk,illidan,1621,monk,mistweaver,87,51,36
12412,Valian,tichondrius,1621,monk,mistweaver,42,22,20
12413,Rizzdriver,moon-guard,1620,monk,mistweaver,36,22,14
12414,Monkwalker,tichondrius,1620,monk,mistweaver,66,35,31
12415,Barelroll,proudmoore,1619,monk,mistweaver,69,49,20
12416,Swolington,proudmoore,1619,monk,mistweaver,41,26,15
12417,Melonmuncher,duskwood,1619,monk,mistweaver,30,17,13
12418,Intertwine,frostmourne,1619,monk,mistweaver,30,17,13
12419,Avz,azralon,1618,monk,mistweaver,30,21,9
12420,Hunkymonky,thrall,1618,monk,mistweaver,57,35,22
12421,Nahr,tichondrius,1618,monk,mistweaver,33,19,14
12422,Locusta,tichondrius,1616,monk,mistweaver,30,19,11
12423,Wpola,tichondrius,1616,monk,mistweaver,30,17,13
12424,Nekzí,sargeras,1615,monk,mistweaver,30,20,10
12425,Mukboo,tichondrius,1615,monk,mistweaver,36,17,19
12426,Pacee,deathwing,1613,monk,mistweaver,24,17,7
12427,Kendro,trollbane,1613,monk,mistweaver,59,38,21
12428,Somebodym,illidan,1613,monk,mistweaver,36,22,14
12429,Yunmen,blades-edge,1613,monk,mistweaver,113,61,52
12430,Qords,tichondrius,1612,monk,mistweaver,148,77,71
12431,Jojostar,shadowsong,1611,monk,mistweaver,30,17,13
12432,Pingpang,stormreaver,1610,monk,mistweaver,81,46,35
12433,Korata,frostwolf,1610,monk,mistweaver,42,23,19
12434,Sixsticks,tichondrius,1610,monk,mistweaver,58,30,28
12435,Furyjames,quelthalas,1610,monk,mistweaver,72,31,41
12436,Hîbîscus,illidan,1609,monk,mistweaver,32,17,15
12437,Chessyx,ragnaros,1608,monk,mistweaver,36,17,19
12438,Teewin,area-52,1607,monk,mistweaver,47,37,10
12439,Eatmykïtty,dalaran,1607,monk,mistweaver,30,22,8
12440,Jadestørmz,illidan,1607,monk,mistweaver,30,20,10
12441,Guïnness,tichondrius,1605,monk,mistweaver,27,18,9
12442,Hiiyaa,tichondrius,1605,monk,mistweaver,78,43,35
12443,Tamingpanda,wildhammer,1605,monk,mistweaver,60,33,27
12444,Pandaiax,area-52,1605,monk,mistweaver,59,31,28
12445,Oblivion,wildhammer,1604,monk,mistweaver,61,36,25
12446,Luvdeluxe,skullcrusher,1603,monk,mistweaver,42,20,22
12447,Goochtickles,bleeding-hollow,1602,monk,mistweaver,128,79,49
12448,Xuenws,tichondrius,1602,monk,mistweaver,84,36,48
12449,Ricearolli,area-52,1601,monk,mistweaver,24,17,7
12450,Elvenmonk,frostmane,1601,monk,mistweaver,30,19,11
12451,Roogymw,emerald-dream,1601,monk,mistweaver,48,24,24
12452,Lunarc,mannoroth,1600,monk,mistweaver,58,41,17
12453,Slipperybobs,tichondrius,1599,monk,mistweaver,65,43,22
12454,Minaffection,tichondrius,1599,monk,mistweaver,30,17,13
12455,Greenstar,bleeding-hollow,1599,monk,mistweaver,131,68,63
12456,Gooncave,stormrage,1599,monk,mistweaver,46,22,24
12457,Endér,tichondrius,1597,monk,mistweaver,147,81,66
12458,Onees,tichondrius,1596,monk,mistweaver,83,42,41
12459,Cryptmist,frostmourne,1595,monk,mistweaver,24,19,5
12460,Lightskinmon,area-52,1595,monk,mistweaver,42,23,19
12461,Centalink,barthilas,1594,monk,mistweaver,44,30,14
12462,Stormpounder,proudmoore,1594,monk,mistweaver,54,36,18
12463,Frenchfries,dragonmaw,1594,monk,mistweaver,54,27,27
12464,Senseii,dathremar,1592,monk,mistweaver,54,35,19
12465,Keshir,sargeras,1590,monk,mistweaver,30,19,11
12466,Pp,icecrown,1589,monk,mistweaver,31,27,4
12467,Songwei,barthilas,1587,monk,mistweaver,47,29,18
12468,Neonep,stormrage,1586,monk,mistweaver,130,72,58
12469,Kwoon,hyjal,1585,monk,mistweaver,52,30,22
12470,Zawlp,sargeras,1582,monk,mistweaver,24,17,7
12471,Ekèl,tichondrius,1581,monk,mistweaver,48,29,19
12472,Yepcocc,lightbringer,1581,monk,mistweaver,29,17,12
12473,Patfu,area-52,1581,monk,mistweaver,29,17,12
12474,Ywingtsuan,frostmourne,1578,monk,mistweaver,35,18,17
12475,Botweaver,proudmoore,1578,monk,mistweaver,56,28,28
12476,Lozza,jubeithos,1574,monk,mistweaver,54,32,22
12477,Moonhealsyou,moon-guard,1573,monk,mistweaver,67,41,26
12478,Sodamint,sargeras,1572,monk,mistweaver,48,23,25
12479,Mistastep,tichondrius,1572,monk,mistweaver,84,40,44
12480,Boneykicks,tichondrius,1569,monk,mistweaver,42,21,21
12481,Missweaver,sargeras,1566,monk,mistweaver,45,26,19
12482,Mwgodqtxtko,nazjatar,1564,monk,mistweaver,48,27,21
12483,Bebess,moon-guard,1564,monk,mistweaver,51,28,23
12484,Buffmonkdmg,tichondrius,1563,monk,mistweaver,78,41,37
12485,Sshri,illidan,1562,monk,mistweaver,61,30,31
12486,Tiduskies,crushridge,1562,monk,mistweaver,54,25,29
12487,Fistuhcuffs,sargeras,1561,monk,mistweaver,87,49,38
12488,Spaazz,tichondrius,1559,monk,mistweaver,83,53,30
12489,Planetariumz,bleeding-hollow,1556,monk,mistweaver,259,135,124
12490,Kariwanji,tichondrius,1553,monk,mistweaver,130,74,56
12491,Musachi,barthilas,1553,monk,mistweaver,48,23,25
12492,Chopschtichs,kiljaeden,1552,monk,mistweaver,30,19,11
12493,Gess,stormscale,1552,monk,mistweaver,102,49,53
12494,Nelly,grizzly-hills,1552,monk,mistweaver,36,17,19
12495,Sabersatin,sargeras,1550,monk,mistweaver,42,21,21
12496,Ericshin,sargeras,1547,monk,mistweaver,32,18,14
12497,Bobbybiz,bleeding-hollow,1545,monk,mistweaver,90,53,37
12498,Haiyà,malganis,1542,monk,mistweaver,30,17,13
12499,Romdansik,tichondrius,1542,monk,mistweaver,107,60,47
12500,Aokuâng,malganis,1541,monk,mistweaver,72,47,25
12501,Janeil,wyrmrest-accord,1541,monk,mistweaver,111,61,50
12502,Omii,darkspear,1540,monk,mistweaver,34,17,17
12503,Marsha,tichondrius,1540,monk,mistweaver,66,29,37
12504,Notfw,tichondrius,1540,monk,mistweaver,64,27,37
12505,Aledal,agamaggan,1538,monk,mistweaver,60,39,21
12506,Mistpowaz,stormrage,1538,monk,mistweaver,66,37,29
12507,Buhmonk,thrall,1537,monk,mistweaver,30,17,13
12508,Mýthik,hyjal,1537,monk,mistweaver,42,22,20
12509,Snoozzy,kelthuzad,1536,monk,mistweaver,36,17,19
12510,Forgèt,kelthuzad,1534,monk,mistweaver,30,16,14
12511,Quitw,tichondrius,1534,monk,mistweaver,30,16,14
12512,Lonebamboo,tichondrius,1534,monk,mistweaver,50,24,26
12513,Keileas,moon-guard,1534,monk,mistweaver,94,43,51
12514,Hyori,saurfang,1532,monk,mistweaver,30,16,14
12515,Dlysezzic,tichondrius,1532,monk,mistweaver,47,24,23
12516,Dryungpwnz,zuljin,1530,monk,mistweaver,72,44,28
12517,Brucechez,tichondrius,1529,monk,mistweaver,24,16,8
12518,Seung,duskwood,1529,monk,mistweaver,220,106,114
12519,Carzo,area-52,1527,monk,mistweaver,38,23,15
12520,Axellrod,tichondrius,1526,monk,mistweaver,48,33,15
12521,Timbomist,kelthuzad,1526,monk,mistweaver,30,16,14
12522,Lépøissøn,tichondrius,1525,monk,mistweaver,30,16,14
12523,Elesm,area-52,1525,monk,mistweaver,42,16,26
12524,Zeroxe,area-52,1524,monk,mistweaver,24,18,6
12525,Nailtech,tichondrius,1524,monk,mistweaver,56,31,25
12526,Sóntix,sargeras,1523,monk,mistweaver,29,17,12
12527,Bunnygal,thaurissan,1522,monk,mistweaver,83,41,42
12528,Metakillër,ragnaros,1522,monk,mistweaver,76,37,39
12529,Dedracula,quelthalas,1521,monk,mistweaver,45,33,12
12530,Kiqz,stormrage,1519,monk,mistweaver,30,16,14
12531,Gnetic,nemesis,1516,monk,mistweaver,68,33,35
12532,Rokk,rivendare,1515,monk,mistweaver,24,16,8
12533,Grizzm,sargeras,1515,monk,mistweaver,54,30,24
12534,Zhíu,ragnaros,1515,monk,mistweaver,36,20,16
12535,Showshoway,tichondrius,1515,monk,mistweaver,71,31,40
12536,Zeroskil,thrall,1514,monk,mistweaver,33,19,14
12537,Colbz,barthilas,1513,monk,mistweaver,24,16,8
12538,Chelada,sargeras,1513,monk,mistweaver,48,22,26
12539,Themonkfunk,bleeding-hollow,1511,monk,mistweaver,36,25,11
12540,Monke,onyxia,1510,monk,mistweaver,30,16,14
12541,Aioffe,emerald-dream,1509,monk,mistweaver,30,16,14
12542,Avm,azralon,1508,monk,mistweaver,36,17,19
12543,Pagtuk,daggerspine,1507,monk,mistweaver,48,23,25
12544,Greenpigo,tichondrius,1504,monk,mistweaver,18,17,1
12545,Drinkkin,bleeding-hollow,1504,monk,mistweaver,72,42,30
12546,Crypslegacy,tichondrius,1504,monk,mistweaver,96,46,50
12547,Vorikson,stormrage,1502,monk,mistweaver,120,57,63
12548,Snoodle,korgath,1501,monk,mistweaver,72,41,31
12549,Kungfused,frostmourne,1500,monk,mistweaver,36,18,18
12550,Lekrosa,thrall,1499,monk,mistweaver,71,38,33
12551,Xenitate,bleeding-hollow,1497,monk,mistweaver,30,17,13
12552,Fissg,frostmourne,1496,monk,mistweaver,30,17,13
12553,Tinypunch,emerald-dream,1496,monk,mistweaver,72,34,38
12554,Rakia,moon-guard,1495,monk,mistweaver,130,62,68
12555,Jerumay,tichondrius,1491,monk,mistweaver,35,20,15
12556,Fistnanweavn,dawnbringer,1487,monk,mistweaver,62,27,35
12557,Swiftm,thrall,1486,monk,mistweaver,93,57,36
12558,Warzsong,azralon,1486,monk,mistweaver,54,33,21
12559,Oakleet,bleeding-hollow,1486,monk,mistweaver,42,23,19
12560,Fister,garithos,1484,monk,mistweaver,40,29,11
12561,Buddhabud,sargeras,1483,monk,mistweaver,42,22,20
12562,Fehthermane,area-52,1482,monk,mistweaver,64,39,25
12563,Soothinn,tichondrius,1481,monk,mistweaver,36,26,10
12564,Slothman,nagrand,1481,monk,mistweaver,48,27,21
12565,Âfrika,ysondre,1480,monk,mistweaver,65,31,34
12566,Talented,azuremyst,1477,monk,mistweaver,63,41,22
12567,Monkpowaz,stormrage,1476,monk,mistweaver,42,26,16
12568,Cranekicks,moon-guard,1476,monk,mistweaver,134,74,60
12569,Sangthos,darkspear,1474,monk,mistweaver,102,44,58
12570,Mòñk,shattered-halls,1473,monk,mistweaver,42,26,16
12571,Märthä,azralon,1473,monk,mistweaver,103,53,50
12572,Santiaguiño,ragnaros,1473,monk,mistweaver,47,16,31
12573,Coralys,sargeras,1471,monk,mistweaver,18,17,1
12574,Wheygodx,lothar,1471,monk,mistweaver,42,28,14
12575,Slashsmack,caelestrasz,1470,monk,mistweaver,42,19,23
12576,Hadryan,proudmoore,1469,monk,mistweaver,80,43,37
12577,Swiftyboi,tichondrius,1469,monk,mistweaver,42,19,23
12578,Scrapfu,proudmoore,1467,monk,mistweaver,48,22,26
12579,Kaelastra,stormrage,1466,monk,mistweaver,36,24,12
12580,Gotmonk,aggramar,1464,monk,mistweaver,30,19,11
12581,Healzpapi,tichondrius,1461,monk,mistweaver,90,49,41
12582,Gnomepuncher,dalaran,1459,monk,mistweaver,48,25,23
12583,Kazov,proudmoore,1458,monk,mistweaver,178,92,86
12584,Fidgetspinna,zuljin,1457,monk,mistweaver,38,18,20
12585,Banterx,sargeras,1457,monk,mistweaver,47,20,27
12586,Bussyweaver,sargeras,1455,monk,mistweaver,81,51,30
12587,Willowa,frostmourne,1454,monk,mistweaver,44,26,18
12588,Bastilaqt,korgath,1454,monk,mistweaver,49,28,21
12589,Ferrarí,quelthalas,1454,monk,mistweaver,165,93,72
12590,Americå,zuljin,1453,monk,mistweaver,60,39,21
12591,Rockcalm,malganis,1452,monk,mistweaver,44,18,26
12592,Sudury,tichondrius,1451,monk,mistweaver,54,29,25
12593,Baee,cairne,1451,monk,mistweaver,43,17,26
12594,Deathsteel,emerald-dream,1450,monk,mistweaver,23,16,7
12595,Pomonk,nazjatar,1450,monk,mistweaver,69,45,24
12596,Aramonk,tichondrius,1449,monk,mistweaver,52,32,20
12597,Xtrememisty,frostmourne,1449,monk,mistweaver,66,35,31
12598,Versachi,stormreaver,1446,monk,mistweaver,42,18,24
12599,Yurm,moon-guard,1445,monk,mistweaver,24,20,4
12600,Lidela,sargeras,1445,monk,mistweaver,52,27,25
12601,Meshugah,quelthalas,1443,monk,mistweaver,42,18,24
12602,Bruceteå,area-52,1441,monk,mistweaver,23,17,6
12603,Josciel,ragnaros,1441,monk,mistweaver,255,124,131
12604,Elcidx,tichondrius,1438,monk,mistweaver,24,15,9
12605,Vïolët,moon-guard,1437,monk,mistweaver,48,31,17
12606,Millé,frostmourne,1436,monk,mistweaver,24,15,9
12607,Dhomonk,rexxar,1434,monk,mistweaver,29,17,12
12608,Zengriff,ysondre,1433,monk,mistweaver,24,15,9
12609,Safiel,proudmoore,1433,monk,mistweaver,118,51,67
12610,Mungka,tichondrius,1432,monk,mistweaver,94,47,47
12611,Pichau,zuljin,1431,monk,mistweaver,21,16,5
12612,Grandpå,tichondrius,1431,monk,mistweaver,24,15,9
12613,Bromonster,zuljin,1431,monk,mistweaver,30,15,15
12614,Iamamonk,kelthuzad,1429,monk,mistweaver,20,17,3
12615,Jitsu,frostmane,1429,monk,mistweaver,60,38,22
12616,Ajizzaÿ,saurfang,1428,monk,mistweaver,30,15,15
12617,Fuqame,kiljaeden,1428,monk,mistweaver,42,19,23
12618,Ïtächï,illidan,1428,monk,mistweaver,36,15,21
12619,Tarkir,quelthalas,1425,monk,mistweaver,36,21,15
12620,Glad,stormscale,1425,monk,mistweaver,196,105,91
12621,Tenshu,runetotem,1425,monk,mistweaver,93,48,45
12622,Pøkemonk,malganis,1424,monk,mistweaver,24,15,9
12623,Mcfisted,area-52,1423,monk,mistweaver,51,23,28
12624,Brewmanchew,frostmourne,1422,monk,mistweaver,36,21,15
12625,Shandaspanda,rivendare,1422,monk,mistweaver,43,23,20
12626,Friskyfister,tichondrius,1422,monk,mistweaver,30,15,15
12627,Phatcheeks,aegwynn,1421,monk,mistweaver,60,35,25
12628,Spencere,hyjal,1421,monk,mistweaver,30,15,15
12629,Taijutzu,darkspear,1419,monk,mistweaver,24,15,9
12630,Mightbweavin,bleeding-hollow,1419,monk,mistweaver,90,41,49
12631,Bøkky,frostmourne,1412,monk,mistweaver,30,19,11
12632,Ralphiex,tichondrius,1411,monk,mistweaver,101,53,48
12633,Adop,dark-iron,1409,monk,mistweaver,24,15,9
12634,Tirêd,sargeras,1409,monk,mistweaver,66,33,33
12635,Ungankable,sargeras,1408,monk,mistweaver,60,32,28
12636,Ghorb,boulderfist,1406,monk,mistweaver,41,20,21
12637,Ojiin,wyrmrest-accord,1405,monk,mistweaver,197,105,92
12638,Thirteendads,turalyon,1403,monk,mistweaver,35,17,18
12639,Kylièjenner,gilneas,1401,monk,mistweaver,42,26,16
12640,Leemîn,tichondrius,1395,monk,mistweaver,30,20,10
12641,Rhynoo,lothar,1393,monk,mistweaver,84,46,38
12642,Htm,barthilas,1392,monk,mistweaver,41,16,25
12643,Pumakicks,tichondrius,1389,monk,mistweaver,61,30,31
12644,Ckqt,stormrage,1388,monk,mistweaver,23,15,8
12645,Reque,illidan,1387,monk,mistweaver,135,78,57
12646,Vum,quelthalas,1385,monk,mistweaver,21,16,5
12647,Drama,tichondrius,1384,monk,mistweaver,26,18,8
12648,Docwang,malganis,1381,monk,mistweaver,42,27,15
12649,Valiantroar,shandris,1381,monk,mistweaver,38,16,22
12650,Monktor,dalaran,1378,monk,mistweaver,42,21,21
12651,Puoll,gallywix,1376,monk,mistweaver,87,47,40
12652,Pablojám,ragnaros,1375,monk,mistweaver,36,20,16
12653,Afabled,drakkari,1373,monk,mistweaver,48,26,22
12654,Ozen,burning-blade,1373,monk,mistweaver,72,37,35
12655,Baroon,chogall,1373,monk,mistweaver,93,40,53
12656,Vegoku,moon-guard,1372,monk,mistweaver,72,39,33
12657,Muzzye,frostmourne,1368,monk,mistweaver,70,40,30
12658,Nelda,gorgonnash,1367,monk,mistweaver,24,16,8
12659,Iloki,shuhalo,1366,monk,mistweaver,54,30,24
12660,Bobthedrag,illidan,1366,monk,mistweaver,36,17,19
12661,Vonn,drakkari,1364,monk,mistweaver,72,36,36
12662,Tianji,malganis,1363,monk,mistweaver,42,26,16
12663,Lõgan,azralon,1362,monk,mistweaver,46,24,22
12664,Jackphan,azralon,1362,monk,mistweaver,48,25,23
12665,Ninjagordu,nemesis,1353,monk,mistweaver,118,57,61
12666,Äncient,quelthalas,1351,monk,mistweaver,27,19,8
12667,Pandemikmonk,turalyon,1349,monk,mistweaver,48,22,26
12668,Ninjatoots,aerie-peak,1346,monk,mistweaver,59,36,23
12669,Mcfluffey,area-52,1345,monk,mistweaver,56,30,26
12670,Veejaex,stormreaver,1343,monk,mistweaver,18,14,4
12671,Rylens,draka,1343,monk,mistweaver,40,25,15
12672,Siserfister,sargeras,1343,monk,mistweaver,24,14,10
12673,Damogen,spinebreaker,1343,monk,mistweaver,30,14,16
12674,Hatsu,madoran,1343,monk,mistweaver,37,15,22
12675,Cnww,tichondrius,1342,monk,mistweaver,24,14,10
12676,Kris,llane,1342,monk,mistweaver,24,14,10
12677,Pragma,kiljaeden,1342,monk,mistweaver,24,14,10
12678,Sinistuhm,tichondrius,1342,monk,mistweaver,35,18,17
12679,Séthrogèn,tichondrius,1341,monk,mistweaver,18,14,4
12680,Bouncymoo,frostmourne,1341,monk,mistweaver,24,14,10
12681,Jèricho,thrall,1340,monk,mistweaver,48,23,25
12682,Alternatives,sargeras,1339,monk,mistweaver,18,14,4
12683,Turbofist,bleeding-hollow,1337,monk,mistweaver,24,14,10
12684,Zenmasta,exodar,1336,monk,mistweaver,30,17,13
12685,Ryantiger,tichondrius,1336,monk,mistweaver,30,14,16
12686,Lazeekick,sargeras,1335,monk,mistweaver,30,14,16
12687,Iielia,wyrmrest-accord,1335,monk,mistweaver,35,16,19
12688,Chañi,ragnaros,1333,monk,mistweaver,59,33,26
12689,Zettelkasten,tichondrius,1332,monk,mistweaver,24,14,10
12690,Chongal,whisperwind,1332,monk,mistweaver,24,14,10
12691,Inebriated,auchindoun,1329,monk,mistweaver,24,14,10
12692,Boozebear,spirestone,1329,monk,mistweaver,94,49,45
12693,Toastage,tichondrius,1328,monk,mistweaver,24,14,10
12694,Tenzing,azgalor,1324,monk,mistweaver,24,14,10
12695,Momochi,malygos,1323,monk,mistweaver,30,16,14
12696,Nerfmonk,spirestone,1322,monk,mistweaver,24,14,10
12697,Cisneros,doomhammer,1322,monk,mistweaver,69,31,38
12698,Damemasduro,ragnaros,1320,monk,mistweaver,227,106,121
12699,Shon,frostmourne,1316,monk,mistweaver,24,14,10
12700,Albusventos,azralon,1315,monk,mistweaver,35,21,14
12701,Smackdat,azjolnerub,1315,monk,mistweaver,58,29,29
12702,Johnkreese,andorhal,1313,monk,mistweaver,30,14,16
12703,Sweatweaver,frostmourne,1313,monk,mistweaver,64,28,36
12704,Breezymist,doomhammer,1311,monk,mistweaver,30,14,16
12705,Ric,gundrak,1310,monk,mistweaver,69,38,31
12706,Dashenna,illidan,1310,monk,mistweaver,84,32,52
12707,Abdoolah,illidan,1309,monk,mistweaver,24,14,10
12708,Punch,lothar,1309,monk,mistweaver,31,18,13
12709,Emporertrump,bleeding-hollow,1307,monk,mistweaver,49,19,30
12710,Sobuu,wyrmrest-accord,1305,monk,mistweaver,18,14,4
12711,Kemmy,ravencrest,1305,monk,mistweaver,25,14,11
12712,Flixz,stormrage,1304,monk,mistweaver,30,15,15
12713,Dextr,arthas,1302,monk,mistweaver,27,14,13
12714,Onekickman,dalaran,1301,monk,mistweaver,30,20,10
12715,Keyszz,tichondrius,1300,monk,mistweaver,110,45,65
12716,Güwop,tichondrius,1294,monk,mistweaver,30,14,16
12717,Notblakexo,tichondrius,1290,monk,mistweaver,23,14,9
12718,Ermac,kiljaeden,1289,monk,mistweaver,23,14,9
12719,Gomey,bleeding-hollow,1287,monk,mistweaver,26,15,11
12720,Dblfistez,stormreaver,1287,monk,mistweaver,40,16,24
12721,Gallorex,frostmourne,1286,monk,mistweaver,42,24,18
12722,Jeffdagnome,moon-guard,1282,monk,mistweaver,90,43,47
12723,Kìmjungheal,tichondrius,1281,monk,mistweaver,41,21,20
12724,Zeiana,proudmoore,1280,monk,mistweaver,38,22,16
12725,Byakugan,moon-guard,1277,monk,mistweaver,35,20,15
12726,Manicata,tichondrius,1275,monk,mistweaver,45,22,23
12727,Poundmedaddi,tichondrius,1270,monk,mistweaver,42,27,15
12728,Darkheälzz,sargeras,1265,monk,mistweaver,67,33,34
12729,Tert,aerie-peak,1262,monk,mistweaver,86,48,38
12730,Sedition,emerald-dream,1258,monk,mistweaver,234,121,113
12731,Jasonmonk,sargeras,1257,monk,mistweaver,25,15,10
12732,Dokfu,tichondrius,1254,monk,mistweaver,115,69,46
12733,Monkeynut,whisperwind,1251,monk,mistweaver,41,22,19
12734,Omimonk,sargeras,1251,monk,mistweaver,56,24,32
12735,Ticmonk,frostmourne,1247,monk,mistweaver,18,13,5
12736,Beefyteet,tichondrius,1247,monk,mistweaver,18,13,5
12737,Waxxi,barthilas,1247,monk,mistweaver,84,46,38
12738,Sparksgamer,ragnaros,1247,monk,mistweaver,24,13,11
12739,Gothamonk,tichondrius,1247,monk,mistweaver,24,13,11
12740,Brews,black-dragonflight,1247,monk,mistweaver,25,13,12
12741,Evilstep,tichondrius,1247,monk,mistweaver,60,31,29
12742,Antriai,icecrown,1247,monk,mistweaver,36,13,23
12743,Hîddëncløùdx,tichondrius,1245,monk,mistweaver,18,13,5
12744,Makimä,stormrage,1245,monk,mistweaver,30,16,14
12745,Ieatshrooms,malfurion,1245,monk,mistweaver,60,25,35
12746,Yuï,bleeding-hollow,1244,monk,mistweaver,18,13,5
12747,Qarmax,azralon,1244,monk,mistweaver,24,13,11
12748,Mis,tichondrius,1243,monk,mistweaver,24,13,11
12749,React,frostwolf,1242,monk,mistweaver,18,13,5
12750,Psypalm,zuljin,1242,monk,mistweaver,18,13,5
12751,Liké,tichondrius,1241,monk,mistweaver,18,13,5
12752,Oyyo,tichondrius,1241,monk,mistweaver,78,27,51
12753,Brewy,bloodhoof,1240,monk,mistweaver,18,13,5
12754,Poppyharlow,saurfang,1240,monk,mistweaver,24,17,7
12755,Shinarri,thrall,1239,monk,mistweaver,54,32,22
12756,Noogiie,barthilas,1238,monk,mistweaver,22,14,8
12757,Originalmonk,tichondrius,1237,monk,mistweaver,18,13,5
12758,Manchu,stormrage,1237,monk,mistweaver,24,13,11
12759,Monxellius,moon-guard,1237,monk,mistweaver,69,34,35
12760,Conormonk,tichondrius,1234,monk,mistweaver,18,13,5
12761,Zenquadz,elune,1234,monk,mistweaver,30,21,9
12762,Lolkungfu,spirestone,1234,monk,mistweaver,24,13,11
12763,Chiban,misha,1232,monk,mistweaver,24,13,11
12764,Taichichuan,tichondrius,1231,monk,mistweaver,40,22,18
12765,Azizyzz,barthilas,1231,monk,mistweaver,42,20,22
12766,Shizunô,stormrage,1229,monk,mistweaver,30,14,16
12767,Fkedyourwife,dalaran,1227,monk,mistweaver,30,13,17
12768,Zefta,moon-guard,1226,monk,mistweaver,42,18,24
12769,Närza,kelthuzad,1225,monk,mistweaver,24,13,11
12770,Chnzhs,tichondrius,1222,monk,mistweaver,37,13,24
12771,Cammy,aerie-peak,1219,monk,mistweaver,32,20,12
12772,Troutline,bonechewer,1218,monk,mistweaver,84,50,34
12773,ßrewslèè,tichondrius,1216,monk,mistweaver,38,20,18
12774,Chuks,nerzhul,1215,monk,mistweaver,134,70,64
12775,Giatzo,barthilas,1215,monk,mistweaver,37,14,23
12776,Marimonkori,stormscale,1214,monk,mistweaver,51,24,27
12777,Mortimir,echo-isles,1213,monk,mistweaver,30,14,16
12778,Phoenixspark,gnomeregan,1211,monk,mistweaver,18,13,5
12779,Darrhon,illidan,1200,monk,mistweaver,78,37,41
12780,Kreacher,ravencrest,1199,monk,mistweaver,65,32,33
12781,Michaeljordn,destromath,1199,monk,mistweaver,44,16,28
12782,Menadraene,wyrmrest-accord,1198,monk,mistweaver,26,14,12
12783,Puffpuffp,nazgrel,1196,monk,mistweaver,24,13,11
12784,Poppinbrews,thrall,1191,monk,mistweaver,28,15,13
12785,Mirokushan,skywall,1186,monk,mistweaver,60,33,27
12786,Blackthorne,illidan,1179,monk,mistweaver,30,14,16
12787,Anthuri,frostmourne,1178,monk,mistweaver,41,28,13
12788,Haruko,baelgun,1178,monk,mistweaver,40,13,27
12789,Ludafist,whisperwind,1177,monk,mistweaver,48,23,25
12790,Iseeyouqt,tichondrius,1176,monk,mistweaver,20,13,7
12791,Kodrik,tichondrius,1175,monk,mistweaver,48,23,25
12792,Miçrosoft,area-52,1174,monk,mistweaver,42,24,18
12793,Puya,nemesis,1174,monk,mistweaver,30,14,16
12794,Afw,moon-guard,1168,monk,mistweaver,26,15,11
12795,Lanifear,area-52,1167,monk,mistweaver,23,13,10
12796,Hie,laughing-skull,1166,monk,mistweaver,90,38,52
12797,Shwankeesha,thrall,1165,monk,mistweaver,28,14,14
12798,Monkoala,illidan,1160,monk,mistweaver,30,17,13
12799,Madmint,illidan,1159,monk,mistweaver,60,26,34
12800,Valdosta,bloodscalp,1158,monk,mistweaver,48,25,23
12801,Kickbone,tichondrius,1157,monk,mistweaver,42,14,28
12802,Callibella,amanthul,1155,monk,mistweaver,26,13,13
12803,Xaurian,firetree,1153,monk,mistweaver,22,13,9
12804,Magmuruk,garrosh,1152,monk,mistweaver,18,12,6
12805,Nilox,sargeras,1150,monk,mistweaver,24,12,12
12806,Santhz,ragnaros,1148,monk,mistweaver,18,12,6
12807,Onlythumbs,area-52,1148,monk,mistweaver,18,12,6
12808,Himah,area-52,1148,monk,mistweaver,24,12,12
12809,Trojanz,malganis,1148,monk,mistweaver,24,12,12
12810,Strixx,silvermoon,1147,monk,mistweaver,18,14,4
12811,Oochi,illidan,1146,monk,mistweaver,24,12,12
12812,Kaniou,proudmoore,1146,monk,mistweaver,29,13,16
12813,Jagichan,area-52,1145,monk,mistweaver,18,12,6
12814,Monkaveli,ursin,1145,monk,mistweaver,78,37,41
12815,Lørðjimmy,sargeras,1142,monk,mistweaver,18,12,6
12816,Thyfist,frostmourne,1139,monk,mistweaver,22,13,9
12817,Pcyesh,nemesis,1138,monk,mistweaver,22,13,9
12818,Drfoochi,tichondrius,1138,monk,mistweaver,30,12,18
12819,Lumïnous,moon-guard,1136,monk,mistweaver,30,14,16
12820,Kexti,wyrmrest-accord,1135,monk,mistweaver,45,18,27
12821,Affrika,ragnaros,1133,monk,mistweaver,47,21,26
12822,Szuka,tichondrius,1131,monk,mistweaver,18,12,6
12823,Herbivorous,sargeras,1131,monk,mistweaver,24,12,12
12824,Modelman,area-52,1130,monk,mistweaver,26,14,12
12825,Gobfu,emerald-dream,1130,monk,mistweaver,65,26,39
12826,Boostmonk,terenas,1126,monk,mistweaver,78,34,44
12827,Mahhnaga,tichondrius,1126,monk,mistweaver,49,19,30
12828,Fistmeister,tichondrius,1125,monk,mistweaver,30,19,11
12829,Kimonk,proudmoore,1119,monk,mistweaver,24,16,8
12830,Søpra,zuljin,1114,monk,mistweaver,26,13,13
12831,Orbii,tichondrius,1111,monk,mistweaver,48,32,16
12832,Fitmonje,drakkari,1107,monk,mistweaver,31,15,16
12833,Biggoosie,korgath,1106,monk,mistweaver,52,31,21
12834,Baittor,proudmoore,1100,monk,mistweaver,21,13,8
12835,Meepmonk,kilrogg,1098,monk,mistweaver,27,13,14
12836,Confa,ragnaros,1095,monk,mistweaver,50,18,32
12837,Gentle,cenarius,1093,monk,mistweaver,26,12,14
12838,Brewamp,zuljin,1091,monk,mistweaver,29,13,16
12839,Ataxic,illidan,1083,monk,mistweaver,23,12,11
12840,Hache,azjolnerub,1078,monk,mistweaver,74,32,42
12841,Lita,barthilas,1071,monk,mistweaver,17,12,5
12842,Raphzen,stormrage,1070,monk,mistweaver,27,13,14
12843,Xulieng,tichondrius,1065,monk,mistweaver,283,146,137
12844,Boojaa,silvermoon,1058,monk,mistweaver,42,19,23
12845,Duelist,the-scryers,1056,monk,mistweaver,12,11,1
12846,Lustymonk,kelthuzad,1056,monk,mistweaver,12,11,1
12847,Mixon,archimonde,1056,monk,mistweaver,18,11,7
12848,Benneroy,moon-guard,1056,monk,mistweaver,18,11,7
12849,Alphamist,thrall,1056,monk,mistweaver,18,11,7
12850,Mistussy,sargeras,1056,monk,mistweaver,18,11,7
12851,Undertickle,illidan,1055,monk,mistweaver,18,11,7
12852,Kynalla,thunderlord,1055,monk,mistweaver,18,11,7
12853,Focalors,proudmoore,1055,monk,mistweaver,18,11,7
12854,Fkinbis,area-52,1055,monk,mistweaver,18,11,7
12855,Iplus,thrall,1055,monk,mistweaver,18,11,7
12856,Oppsimop,frostmourne,1055,monk,mistweaver,24,11,13
12857,Chillionaíre,proudmoore,1055,monk,mistweaver,24,11,13
12858,Dreadknotz,hyjal,1054,monk,mistweaver,42,17,25
12859,Bootÿmagic,tichondrius,1053,monk,mistweaver,12,11,1
12860,Havasupai,turalyon,1052,monk,mistweaver,18,11,7
12861,Wungpo,the-forgotten-coast,1052,monk,mistweaver,18,11,7
12862,Karnbroo,frostmourne,1052,monk,mistweaver,24,11,13
12863,Pappaya,tichondrius,1051,monk,mistweaver,18,11,7
12864,Hamandchi,sargeras,1050,monk,mistweaver,12,11,1
12865,Fistful,destromath,1050,monk,mistweaver,12,11,1
12866,Dégg,thrall,1050,monk,mistweaver,18,11,7
12867,Tobyblack,illidan,1049,monk,mistweaver,18,11,7
12868,Proctology,tichondrius,1047,monk,mistweaver,18,11,7
12869,Ilani,malganis,1047,monk,mistweaver,18,11,7
12870,Shaolinmists,malganis,1045,monk,mistweaver,12,11,1
12871,Telospateo,ragnaros,1045,monk,mistweaver,24,11,13
12872,Delassian,moon-guard,1044,monk,mistweaver,34,16,18
12873,Lolcutie,shandris,1042,monk,mistweaver,31,16,15
12874,Raidenmnx,tichondrius,1042,monk,mistweaver,24,11,13
12875,Knaveus,frostmourne,1039,monk,mistweaver,18,11,7
12876,Teancrumpets,wyrmrest-accord,1038,monk,mistweaver,48,20,28
12877,Siddlez,frostmourne,1033,monk,mistweaver,16,12,4
12878,Kocksnapper,stormreaver,1033,monk,mistweaver,38,19,19
12879,Tadaku,dalaran,1033,monk,mistweaver,37,17,20
12880,Merand,tichondrius,1031,monk,mistweaver,36,20,16
12881,Orenj,boulderfist,1029,monk,mistweaver,18,11,7
12882,Marnartou,zuljin,1026,monk,mistweaver,12,11,1
12883,Dalillamas,sargeras,1023,monk,mistweaver,14,12,2
12884,Razod,stormrage,1021,monk,mistweaver,124,57,67
12885,Ursorcen,frostmourne,1019,monk,mistweaver,27,12,15
12886,Kpeste,tichondrius,1016,monk,mistweaver,36,21,15
12887,Ainz,nagrand,1016,monk,mistweaver,30,15,15
12888,Clutchinmist,malganis,1016,monk,mistweaver,28,12,16
12889,Rowbur,thrall,1014,monk,mistweaver,21,14,7
12890,Fistlord,zuljin,1007,monk,mistweaver,17,11,6
12891,Twizzurp,magtheridon,1007,monk,mistweaver,21,12,9
12892,Ratioed,moon-guard,1005,monk,mistweaver,29,16,13
12893,Kfpanda,hellscream,1004,monk,mistweaver,42,19,23
12894,Vencö,tichondrius,1001,monk,mistweaver,33,11,22
12895,Wmo,tichondrius,997,monk,mistweaver,17,11,6
12896,Bbunglee,tichondrius,995,monk,mistweaver,17,11,6
12897,Telrande,ysondre,994,monk,mistweaver,35,24,11
12898,Mintbear,illidan,984,monk,mistweaver,14,11,3
12899,Monkgringo,azralon,983,monk,mistweaver,48,27,21
12900,Bomer,moknathal,980,monk,mistweaver,49,29,20
12901,Winniethepoo,borean-tundra,975,monk,mistweaver,19,11,8
12902,Sipu,wyrmrest-accord,969,monk,mistweaver,41,20,21
12903,Khylu,kelthuzad,960,monk,mistweaver,12,10,2
12904,Hype,ursin,960,monk,mistweaver,12,10,2
12905,Drizzywow,arathor,960,monk,mistweaver,12,10,2
12906,Greenfriend,illidan,960,monk,mistweaver,18,10,8
12907,Titti,korgath,960,monk,mistweaver,18,10,8
12908,Inkar,tichondrius,960,monk,mistweaver,18,10,8
12909,Grublord,stormrage,960,monk,mistweaver,18,10,8
12910,Mywave,bleeding-hollow,960,monk,mistweaver,18,10,8
12911,Bréwmaster,stormrage,960,monk,mistweaver,18,10,8
12912,Fheng,emerald-dream,960,monk,mistweaver,18,10,8
12913,Shefcurry,boulderfist,960,monk,mistweaver,18,10,8
12914,Mwomegalul,sargeras,960,monk,mistweaver,18,10,8
12915,Chignar,dathremar,960,monk,mistweaver,18,10,8
12916,Dapperdabz,illidan,960,monk,mistweaver,18,10,8
12917,Mïstyfïsty,moon-guard,959,monk,mistweaver,12,10,2
12918,Shâdòw,ragnaros,959,monk,mistweaver,12,10,2
12919,Blasê,frostmourne,959,monk,mistweaver,12,10,2
12920,Chadmw,illidan,959,monk,mistweaver,12,10,2
12921,ßullsack,barthilas,959,monk,mistweaver,18,10,8
12922,Rehder,barthilas,959,monk,mistweaver,18,10,8
12923,Chanîng,frostmourne,959,monk,mistweaver,18,10,8
12924,Cymonka,sargeras,959,monk,mistweaver,18,10,8
12925,Miniswag,arthas,959,monk,mistweaver,24,10,14
12926,Squaanched,emerald-dream,959,monk,mistweaver,30,10,20
12927,Lostinmistz,tichondrius,958,monk,mistweaver,18,10,8
12928,Oldfashheals,tichondrius,957,monk,mistweaver,24,10,14
12929,Zarma,stormrage,955,monk,mistweaver,18,10,8
12930,Wohrfnok,illidan,955,monk,mistweaver,18,10,8
12931,Wessex,sargeras,954,monk,mistweaver,18,10,8
12932,Deadlyzz,gilneas,954,monk,mistweaver,70,37,33
12933,Hapgido,deathwing,954,monk,mistweaver,31,14,17
12934,Cdeez,malganis,952,monk,mistweaver,18,10,8
12935,Brewtalitops,illidan,950,monk,mistweaver,18,10,8
12936,Dirtyshef,deathwing,949,monk,mistweaver,45,11,34
12937,Pepperoncini,korgath,947,monk,mistweaver,36,10,26
12938,Purging,draka,946,monk,mistweaver,47,32,15
12939,Akfourseven,barthilas,945,monk,mistweaver,69,31,38
12940,Siamack,illidan,920,monk,mistweaver,14,11,3
12941,Kreezoo,tichondrius,917,monk,mistweaver,27,11,16
12942,Gino,proudmoore,912,monk,mistweaver,106,52,54
12943,Monkybidness,tichondrius,910,monk,mistweaver,21,11,10
12944,Xbrewtal,tichondrius,909,monk,mistweaver,30,17,13
12945,Frogsarecool,stormrage,903,monk,mistweaver,28,12,16
12946,Statue,cenarius,895,monk,mistweaver,11,10,1
12947,Inbu,tichondrius,893,monk,mistweaver,26,10,16
12948,Stickbundle,illidan,888,monk,mistweaver,15,11,4
12949,Qlispe,bloodscalp,887,monk,mistweaver,49,28,21
12950,Monkgyfatso,tichondrius,878,monk,mistweaver,11,10,1
12951,Kyndrïa,tichondrius,865,monk,mistweaver,42,17,25
12952,Jonnymon,sargeras,864,monk,mistweaver,12,9,3
12953,Ggonext,wyrmrest-accord,864,monk,mistweaver,12,9,3
12954,Sâx,stormreaver,864,monk,mistweaver,12,9,3
12955,Horndog,skullcrusher,864,monk,mistweaver,12,9,3
12956,Flicksx,arthas,864,monk,mistweaver,12,9,3
12957,Imnumberone,alterac-mountains,864,monk,mistweaver,12,9,3
12958,Mistyfisty,laughing-skull,864,monk,mistweaver,14,9,5
12959,Pinkfairy,wyrmrest-accord,864,monk,mistweaver,18,9,9
12960,Gottí,sargeras,864,monk,mistweaver,18,9,9
12961,Kriticalkush,kelthuzad,864,monk,mistweaver,18,9,9
12962,Atsugin,khazgoroth,864,monk,mistweaver,18,9,9
12963,Kármah,emerald-dream,864,monk,mistweaver,18,9,9
12964,Bobbytheorc,tichondrius,864,monk,mistweaver,18,9,9
12965,Sqmw,tichondrius,864,monk,mistweaver,18,9,9
12966,Keiirah,zuluhed,864,monk,mistweaver,24,9,15
12967,Taelinn,moonrunner,864,monk,mistweaver,24,9,15
12968,Seaja,malganis,864,monk,mistweaver,69,14,55
12969,Hulkhogan,mugthol,863,monk,mistweaver,14,11,3
12970,Theminivan,sargeras,863,monk,mistweaver,12,9,3
12971,Ghðst,ragnaros,863,monk,mistweaver,12,9,3
12972,Fisetèrr,kelthuzad,863,monk,mistweaver,18,9,9
12973,Tjab,kiljaeden,863,monk,mistweaver,18,9,9
12974,Ghim,frostmourne,863,monk,mistweaver,24,9,15
12975,Carlosm,tichondrius,862,monk,mistweaver,12,9,3
12976,Calmemaybe,darkspear,862,monk,mistweaver,12,9,3
12977,Rockemsockem,gorefiend,862,monk,mistweaver,18,9,9
12978,Kungupanda,nesingwary,862,monk,mistweaver,24,9,15
12979,Jhaded,tichondrius,862,monk,mistweaver,24,9,15
12980,Pimpolhona,nemesis,862,monk,mistweaver,24,9,15
12981,Kromrax,stormrage,862,monk,mistweaver,24,9,15
12982,Odogin,tichondrius,861,monk,mistweaver,12,9,3
12983,Göat,emerald-dream,861,monk,mistweaver,24,9,15
12984,Palomagozzu,ragnaros,860,monk,mistweaver,12,9,3
12985,Håzê,kul-tiras,860,monk,mistweaver,18,9,9
12986,Jugies,emerald-dream,860,monk,mistweaver,18,9,9
12987,Monkqi,lightbringer,859,monk,mistweaver,12,9,3
12988,Fludz,burning-blade,859,monk,mistweaver,24,9,15
12989,Monkism,warsong,855,monk,mistweaver,12,9,3
12990,Winwakamank,sargeras,855,monk,mistweaver,24,9,15
12991,Eago,sargeras,852,monk,mistweaver,24,9,15
12992,Bullshido,aerie-peak,851,monk,mistweaver,18,9,9
12993,Lilbee,azjolnerub,845,monk,mistweaver,18,9,9
12994,Sìrtankallot,stormrage,837,monk,mistweaver,32,9,23
12995,Sihgriid,tichondrius,826,monk,mistweaver,20,10,10
12996,Soapy,moon-guard,824,monk,mistweaver,17,9,8
12997,Goodluck,madoran,809,monk,mistweaver,27,10,17
12998,Tokkyo,frostmourne,804,monk,mistweaver,66,15,51
12999,Jæmz,moon-guard,800,monk,mistweaver,30,9,21
13000,Mastahp,tichondrius,797,monk,mistweaver,22,9,13
13001,Dreamy,mugthol,769,monk,mistweaver,30,10,20
13002,Garg,malganis,768,monk,mistweaver,12,8,4
13003,Ninjachavez,tichondrius,768,monk,mistweaver,12,8,4
13004,Chevvyy,azshara,768,monk,mistweaver,12,8,4
13005,Lýøp,illidan,768,monk,mistweaver,12,8,4
13006,Monkzilla,tichondrius,768,monk,mistweaver,12,8,4
13007,Picklefartjr,malfurion,768,monk,mistweaver,12,8,4
13008,Tuladura,tichondrius,768,monk,mistweaver,12,8,4
13009,Torakigai,ghostlands,768,monk,mistweaver,12,8,4
13010,Ojarax,bleeding-hollow,768,monk,mistweaver,12,8,4
13011,Yamatoqt,frostmourne,768,monk,mistweaver,12,8,4
13012,Jiskweaver,sargeras,768,monk,mistweaver,12,8,4
13013,Tubescreamer,barthilas,768,monk,mistweaver,12,8,4
13014,Pantypirate,tichondrius,768,monk,mistweaver,12,8,4
13015,Kaskã,tichondrius,768,monk,mistweaver,12,8,4
13016,Zamist,sargeras,768,monk,mistweaver,12,8,4
13017,Cuckoon,malganis,768,monk,mistweaver,12,8,4
13018,Catmonk,the-forgotten-coast,768,monk,mistweaver,12,8,4
13019,Floka,bleeding-hollow,768,monk,mistweaver,12,8,4
13020,Furiousfrank,stormrage,768,monk,mistweaver,12,8,4
13021,Vanmonk,eonar,768,monk,mistweaver,12,8,4
13022,Scrypter,proudmoore,768,monk,mistweaver,12,8,4
13023,Sàìñtàsønìà,kelthuzad,768,monk,mistweaver,12,8,4
13024,Shquiz,sargeras,768,monk,mistweaver,12,8,4
13025,Sayflight,tichondrius,768,monk,mistweaver,18,8,10
13026,Imafqnbaby,tichondrius,768,monk,mistweaver,18,8,10
13027,Docpalpatine,tichondrius,768,monk,mistweaver,18,8,10
13028,Drunkenfist,chogall,768,monk,mistweaver,18,8,10
13029,Dreamscapexo,kelthuzad,768,monk,mistweaver,18,8,10
13030,Velzarria,zuljin,768,monk,mistweaver,18,8,10
13031,Kwatann,bonechewer,768,monk,mistweaver,18,8,10
13032,Abird,tichondrius,767,monk,mistweaver,12,8,4
13033,Lenee,frostmourne,767,monk,mistweaver,12,8,4
13034,Jeolmyung,tichondrius,767,monk,mistweaver,12,8,4
13035,Dragonwhirl,stormrage,767,monk,mistweaver,12,8,4
13036,Blitzcombo,thrall,767,monk,mistweaver,12,8,4
13037,Rileyreidfan,azjolnerub,767,monk,mistweaver,12,8,4
13038,Juchiyosamu,illidan,767,monk,mistweaver,15,8,7
13039,Barleygar,tichondrius,767,monk,mistweaver,18,8,10
13040,Dabnhash,emerald-dream,767,monk,mistweaver,18,8,10
13041,Bogez,area-52,767,monk,mistweaver,18,8,10
13042,Raígon,ragnaros,767,monk,mistweaver,18,8,10
13043,Elfass,bleeding-hollow,767,monk,mistweaver,18,8,10
13044,Apexian,kelthuzad,766,monk,mistweaver,12,8,4
13045,Fairyeflora,hellscream,766,monk,mistweaver,12,8,4
13046,Artomist,stormrage,766,monk,mistweaver,12,8,4
13047,Wzzi,tichondrius,765,monk,mistweaver,18,8,10
13048,Scips,fizzcrank,764,monk,mistweaver,18,8,10
13049,Gazzoxsan,chogall,764,monk,mistweaver,19,8,11
13050,Halfaling,tichondrius,761,monk,mistweaver,12,8,4
13051,Fusionspell,stormrage,747,monk,mistweaver,24,8,16
13052,Prddoss,quelthalas,745,monk,mistweaver,12,8,4
13053,Sätsu,bleeding-hollow,735,monk,mistweaver,17,8,9
13054,Kryflex,frostmourne,720,monk,mistweaver,15,9,6
13055,Iluvthugnmcz,sargeras,717,monk,mistweaver,23,8,15
13056,Titofresh,quelthalas,714,monk,mistweaver,21,10,11
13057,Carlyjepsen,shadowmoon,713,monk,mistweaver,27,9,18
13058,Karynia,illidan,712,monk,mistweaver,15,9,6
13059,Rektfu,emerald-dream,708,monk,mistweaver,21,9,12
13060,Diagrams,tichondrius,703,monk,mistweaver,11,8,3
13061,Hirav,khazgoroth,697,monk,mistweaver,21,9,12
13062,Moldboy,area-52,687,monk,mistweaver,11,8,3
13063,Tuesdây,wyrmrest-accord,672,monk,mistweaver,12,7,5
13064,Mundane,sargeras,672,monk,mistweaver,12,7,5
13065,Merkey,tichondrius,672,monk,mistweaver,12,7,5
13066,Annisokay,bleeding-hollow,672,monk,mistweaver,12,7,5
13067,Truefists,stormrage,672,monk,mistweaver,12,7,5
13068,Stinkycok,tichondrius,672,monk,mistweaver,12,7,5
13069,Prisonike,bleeding-hollow,672,monk,mistweaver,12,7,5
13070,Copamine,dalaran,672,monk,mistweaver,12,7,5
13071,Zerker,nagrand,672,monk,mistweaver,12,7,5
13072,Aniwhy,tichondrius,672,monk,mistweaver,12,7,5
13073,Itdreams,illidan,672,monk,mistweaver,12,7,5
13074,Suntzulml,quelthalas,672,monk,mistweaver,12,7,5
13075,Ammonk,bloodhoof,672,monk,mistweaver,12,7,5
13076,Darong,tichondrius,672,monk,mistweaver,12,7,5
13077,Saiyañ,proudmoore,672,monk,mistweaver,12,7,5
13078,Knuqz,stormrage,672,monk,mistweaver,12,7,5
13079,Sharkpiggie,illidan,672,monk,mistweaver,12,7,5
13080,Nerf,malganis,672,monk,mistweaver,12,7,5
13081,Ashmisty,kelthuzad,672,monk,mistweaver,12,7,5
13082,Synpunch,tichondrius,672,monk,mistweaver,12,7,5
13083,Boorams,tichondrius,672,monk,mistweaver,12,7,5
13084,Flavier,illidan,672,monk,mistweaver,12,7,5
13085,Yangzai,tichondrius,672,monk,mistweaver,12,7,5
13086,Mwr,frostmourne,672,monk,mistweaver,12,7,5
13087,Mongénoio,nemesis,672,monk,mistweaver,12,7,5
13088,Outhume,eredar,672,monk,mistweaver,12,7,5
13089,Laggytoodope,kelthuzad,672,monk,mistweaver,12,7,5
13090,Azahri,sargeras,672,monk,mistweaver,12,7,5
13091,Bloodyxmonk,firetree,672,monk,mistweaver,13,7,6
13092,Fistay,burning-legion,672,monk,mistweaver,15,8,7
13093,Beejae,tichondrius,672,monk,mistweaver,14,7,7
13094,Èxpèrtisè,jubeithos,672,monk,mistweaver,14,7,7
13095,Babychi,frostmourne,672,monk,mistweaver,18,7,11
13096,Thevy,area-52,672,monk,mistweaver,18,7,11
13097,Caliroll,gorefiend,672,monk,mistweaver,18,7,11
13098,Monktu,frostmourne,672,monk,mistweaver,18,7,11
13099,Monkydoo,blackhand,671,monk,mistweaver,12,7,5
13100,Kurtall,area-52,671,monk,mistweaver,12,7,5
13101,Alisoly,tichondrius,671,monk,mistweaver,12,7,5
13102,Iwonson,mugthol,671,monk,mistweaver,12,7,5
13103,Touzin,bleeding-hollow,671,monk,mistweaver,12,7,5
13104,Shórtlived,skullcrusher,671,monk,mistweaver,13,7,6
13105,Táishen,wyrmrest-accord,671,monk,mistweaver,16,8,8
13106,Soderbergh,ysera,671,monk,mistweaver,18,7,11
13107,Bükki,ragnaros,671,monk,mistweaver,18,7,11
13108,Chitacos,trollbane,671,monk,mistweaver,18,7,11
13109,Diligentmonk,illidan,671,monk,mistweaver,21,8,13
13110,Slinger,kalecgos,670,monk,mistweaver,10,8,2
13111,Gerranni,wyrmrest-accord,670,monk,mistweaver,12,7,5
13112,Zonianman,tichondrius,670,monk,mistweaver,18,7,11
13113,Pandaranga,saurfang,670,monk,mistweaver,28,8,20
13114,Wraithfire,uldum,669,monk,mistweaver,18,7,11
13115,Djwushu,blackhand,668,monk,mistweaver,18,7,11
13116,Balooballs,frostmourne,667,monk,mistweaver,18,7,11
13117,Hafu,wildhammer,667,monk,mistweaver,24,7,17
13118,Karu,barthilas,639,monk,mistweaver,18,8,10
13119,Rènh,ragnaros,639,monk,mistweaver,17,7,10
13120,Reflexsivex,malganis,638,monk,mistweaver,11,7,4
13121,Sourcandyx,area-52,624,monk,mistweaver,15,7,8
13122,Dasubb,crushridge,623,monk,mistweaver,11,7,4
13123,Azz,barthilas,623,monk,mistweaver,11,7,4
13124,Praydoh,tichondrius,623,monk,mistweaver,11,7,4
13125,Brüce,ragnaros,623,monk,mistweaver,15,7,8
13126,Aerona,stormreaver,617,monk,mistweaver,12,8,4
13127,Keeanuweaves,tichondrius,592,monk,mistweaver,7,7,0
13128,Onecoolmonk,tichondrius,576,monk,mistweaver,6,6,0
13129,Chrîstmas,proudmoore,576,monk,mistweaver,6,6,0
13130,Evilbit,boulderfist,576,monk,mistweaver,6,6,0
13131,Watty,zuljin,576,monk,mistweaver,6,6,0
13132,Ezqueue,area-52,576,monk,mistweaver,6,6,0
13133,Chainwax,korgath,576,monk,mistweaver,6,6,0
13134,Strugglebus,sargeras,576,monk,mistweaver,6,6,0
13135,Fistergand,frostwolf,576,monk,mistweaver,6,6,0
13136,Bowstâff,lightbringer,576,monk,mistweaver,6,6,0
13137,Steyi,nazjatar,576,monk,mistweaver,12,6,6
13138,Alandis,spinebreaker,576,monk,mistweaver,12,6,6
13139,Fïish,stormrage,576,monk,mistweaver,12,6,6
13140,Nukeproof,stormreaver,576,monk,mistweaver,12,6,6
13141,Krob,bleeding-hollow,576,monk,mistweaver,12,6,6
13142,Magnustavick,bleeding-hollow,576,monk,mistweaver,12,6,6
13143,Dracc,zuljin,576,monk,mistweaver,12,6,6
13144,Karrigwyn,tichondrius,576,monk,mistweaver,12,6,6
13145,Transcend,nerzhul,576,monk,mistweaver,12,6,6
13146,Faccemelter,illidan,576,monk,mistweaver,12,6,6
13147,Zeçe,tichondrius,576,monk,mistweaver,12,6,6
13148,Boppweave,tichondrius,576,monk,mistweaver,12,6,6
13149,Khungfeu,area-52,576,monk,mistweaver,12,6,6
13150,Lumiän,area-52,576,monk,mistweaver,12,6,6
13151,Mlngo,illidan,576,monk,mistweaver,12,6,6
13152,Grimaku,tichondrius,576,monk,mistweaver,12,6,6
13153,Jieterchan,malganis,576,monk,mistweaver,12,6,6
13154,Comonk,area-52,576,monk,mistweaver,12,6,6
13155,Meepmonk,tichondrius,576,monk,mistweaver,12,6,6
13156,Sumaran,hydraxis,576,monk,mistweaver,12,6,6
13157,Donnieyen,area-52,576,monk,mistweaver,12,6,6
13158,Danceofchiji,tichondrius,576,monk,mistweaver,12,6,6
13159,Underpants,skullcrusher,576,monk,mistweaver,12,6,6
13160,Milkshayx,kiljaeden,576,monk,mistweaver,12,6,6
13161,Eppsmonk,tichondrius,576,monk,mistweaver,12,6,6
13162,Aiswalle,illidan,576,monk,mistweaver,12,6,6
13163,Wèave,tichondrius,576,monk,mistweaver,12,6,6
13164,Pai,sargeras,576,monk,mistweaver,12,6,6
13165,Bearmode,wyrmrest-accord,576,monk,mistweaver,12,6,6
13166,Xitearith,ragnaros,576,monk,mistweaver,12,6,6
13167,Até,azralon,576,monk,mistweaver,12,6,6
13168,Inkers,detheroc,576,monk,mistweaver,12,6,6
13169,Cerrado,emerald-dream,576,monk,mistweaver,12,6,6
13170,Vayce,barthilas,576,monk,mistweaver,12,6,6
13171,Dreamfist,emerald-dream,576,monk,mistweaver,12,6,6
13172,Fistweebin,area-52,576,monk,mistweaver,18,6,12
13173,Stonefists,ysondre,576,monk,mistweaver,18,6,12
13174,Simarity,kelthuzad,576,monk,mistweaver,18,6,12
13175,Gngrbeardman,tichondrius,576,monk,mistweaver,18,6,12
13176,Edbtz,illidan,575,monk,mistweaver,12,9,3
13177,Tanskee,sargeras,575,monk,mistweaver,12,6,6
13178,Fânnybâws,stormrage,575,monk,mistweaver,12,6,6
13179,Putisucia,nordrassil,575,monk,mistweaver,12,6,6
13180,Itsjohnnylol,azuremyst,575,monk,mistweaver,12,6,6
13181,Nf,zuljin,575,monk,mistweaver,12,6,6
13182,Monkney,tichondrius,575,monk,mistweaver,12,6,6
13183,Glitchi,area-52,575,monk,mistweaver,12,6,6
13184,Kung,tichondrius,575,monk,mistweaver,12,6,6
13185,Bresmeatfore,barthilas,575,monk,mistweaver,12,6,6
13186,Biglinky,sargeras,575,monk,mistweaver,12,6,6
13187,Misha,akama,575,monk,mistweaver,12,6,6
13188,Ormchi,stormrage,575,monk,mistweaver,13,6,7
13189,Freepunchz,frostmourne,575,monk,mistweaver,18,6,12
13190,Blorkk,area-52,574,monk,mistweaver,12,6,6
13191,Monjepa,illidan,574,monk,mistweaver,18,6,12
13192,Tubbytiph,ghostlands,574,monk,mistweaver,24,6,18
13193,Ironfistorm,stormrage,573,monk,mistweaver,12,6,6
13194,Mënace,skullcrusher,572,monk,mistweaver,12,6,6
13195,Gaturis,tichondrius,572,monk,mistweaver,21,7,14
13196,Samanosukee,illidan,571,monk,mistweaver,12,6,6
13197,Bógus,tichondrius,571,monk,mistweaver,12,6,6
13198,Boofie,perenolde,559,monk,mistweaver,11,6,5
13199,Sohéi,proudmoore,559,monk,mistweaver,17,6,11
13200,Bradyfour,moon-guard,553,monk,mistweaver,25,8,17
13201,Mîstchievous,sargeras,544,monk,mistweaver,10,7,3
13202,Grizzchan,sargeras,543,monk,mistweaver,11,6,5
13203,Monkeybooze,sargeras,543,monk,mistweaver,14,7,7
13204,Benex,tichondrius,527,monk,mistweaver,11,6,5
13205,Domisalamii,sargeras,527,monk,mistweaver,11,6,5
13206,Mastamonksta,illidan,512,monk,mistweaver,16,6,10
13207,Hirahxx,frostmourne,511,monk,mistweaver,8,6,2
13208,Fonnf,nemesis,511,monk,mistweaver,8,6,2
13209,Oldmanwalker,mannoroth,511,monk,mistweaver,11,6,5
13210,Vitcheztein,ragnaros,480,monk,mistweaver,6,5,1
13211,Grumpî,tichondrius,480,monk,mistweaver,6,5,1
13212,Yuldaddy,tichondrius,480,monk,mistweaver,6,5,1
13213,Pungeebi,tichondrius,480,monk,mistweaver,6,5,1
13214,Alvinete,tichondrius,480,monk,mistweaver,6,5,1
13215,Kayflock,tichondrius,480,monk,mistweaver,6,5,1
13216,Mistwalk,tichondrius,480,monk,mistweaver,6,5,1
13217,Bombshellxo,illidan,480,monk,mistweaver,6,5,1
13218,Omnly,stormrage,480,monk,mistweaver,6,5,1
13219,Elcidw,tichondrius,480,monk,mistweaver,6,5,1
13220,Themys,zuljin,480,monk,mistweaver,6,5,1
13221,Genia,ragnaros,480,monk,mistweaver,6,5,1
13222,Donatello,arthas,480,monk,mistweaver,6,5,1
13223,Stepfíster,tichondrius,480,monk,mistweaver,6,5,1
13224,Møzy,tichondrius,480,monk,mistweaver,6,5,1
13225,Dragonwarior,zuluhed,480,monk,mistweaver,6,5,1
13226,Kailzchi,area-52,480,monk,mistweaver,6,5,1
13227,Yajirobei,area-52,480,monk,mistweaver,6,5,1
13228,Woes,stormreaver,480,monk,mistweaver,6,5,1
13229,Morzmyth,nemesis,480,monk,mistweaver,6,5,1
13230,Pyoapple,tichondrius,480,monk,mistweaver,6,5,1
13231,Pinot,dragonmaw,480,monk,mistweaver,6,5,1
13232,Fisthealz,area-52,480,monk,mistweaver,6,5,1
13233,Koyon,sargeras,480,monk,mistweaver,6,5,1
13234,Chingwang,frostmourne,480,monk,mistweaver,6,5,1
13235,Spirits,dreadmaul,480,monk,mistweaver,6,5,1
13236,Rivnn,sargeras,480,monk,mistweaver,6,5,1
13237,Lickthefist,sargeras,480,monk,mistweaver,6,5,1
13238,Zbhm,illidan,480,monk,mistweaver,6,5,1
13239,Siddharthä,barthilas,480,monk,mistweaver,6,5,1
13240,Catchmemaybe,stormscale,480,monk,mistweaver,12,5,7
13241,Lemmetouch,illidan,480,monk,mistweaver,12,5,7
13242,Thors,gorgonnash,480,monk,mistweaver,12,5,7
13243,Fortyozkilla,thrall,480,monk,mistweaver,12,5,7
13244,Gundamfish,tichondrius,480,monk,mistweaver,12,5,7
13245,Bigolbootay,tichondrius,480,monk,mistweaver,12,5,7
13246,Odindad,tichondrius,480,monk,mistweaver,12,5,7
13247,Otzyy,turalyon,480,monk,mistweaver,12,5,7
13248,Redweave,moon-guard,480,monk,mistweaver,12,5,7
13249,Eraticmonk,illidan,480,monk,mistweaver,12,5,7
13250,Onak,illidan,480,monk,mistweaver,12,5,7
13251,Whipllash,tichondrius,480,monk,mistweaver,12,5,7
13252,Rosellina,kelthuzad,480,monk,mistweaver,12,5,7
13253,Kênpächi,rexxar,480,monk,mistweaver,12,5,7
13254,Amybaby,sargeras,480,monk,mistweaver,12,5,7
13255,Kaiøken,tichondrius,480,monk,mistweaver,12,5,7
13256,Palumorww,deathwing,480,monk,mistweaver,12,5,7
13257,Rockyßalboa,sargeras,480,monk,mistweaver,12,5,7
13258,Masonn,kiljaeden,480,monk,mistweaver,12,5,7
13259,Reinah,malganis,480,monk,mistweaver,12,5,7
13260,Crìstiano,malganis,480,monk,mistweaver,12,5,7
13261,Judo,khadgar,480,monk,mistweaver,12,5,7
13262,Ocmonk,hyjal,480,monk,mistweaver,12,5,7
13263,Snuzzao,darkspear,480,monk,mistweaver,14,5,9
13264,Blackflag,queldorei,480,monk,mistweaver,18,5,13
13265,Xblingtron,malganis,480,monk,mistweaver,18,5,13
13266,Màngø,ragnaros,480,monk,mistweaver,18,5,13
13267,Cckknckr,sargeras,480,monk,mistweaver,24,5,19
13268,Angrybrewski,tichondrius,479,monk,mistweaver,6,5,1
13269,Monqq,tichondrius,479,monk,mistweaver,6,5,1
13270,Troutz,sargeras,479,monk,mistweaver,12,5,7
13271,Maiitoguy,illidan,479,monk,mistweaver,12,5,7
13272,Bitrau,destromath,479,monk,mistweaver,12,5,7
13273,Stephani,turalyon,479,monk,mistweaver,12,5,7
13274,Tianhu,sargeras,479,monk,mistweaver,12,5,7
13275,Annara,tichondrius,479,monk,mistweaver,12,5,7
13276,Wisepaw,tichondrius,479,monk,mistweaver,12,5,7
13277,Satchelgizmo,tichondrius,479,monk,mistweaver,18,5,13
13278,Cahuun,baelgun,478,monk,mistweaver,12,5,7
13279,Sahalee,emerald-dream,478,monk,mistweaver,12,5,7
13280,Safigirl,doomhammer,478,monk,mistweaver,12,5,7
13281,Wetspaghetti,malganis,477,monk,mistweaver,12,5,7
13282,Gotosleepkid,dalaran,447,monk,mistweaver,11,5,6
13283,Bengal,arthas,447,monk,mistweaver,11,5,6
13284,Beefdadyfist,tichondrius,440,monk,mistweaver,24,8,16
13285,Blessedbalor,tichondrius,432,monk,mistweaver,9,5,4
13286,Ogsimpsonn,tichondrius,432,monk,mistweaver,9,5,4
13287,Lovechabill,darkspear,431,monk,mistweaver,11,5,6
13288,Boomtac,moon-guard,426,monk,mistweaver,9,6,3
13289,Obàma,tichondrius,426,monk,mistweaver,13,6,7
13290,Mêlon,tichondrius,384,monk,mistweaver,6,4,2
13291,Zenspice,stormrage,384,monk,mistweaver,6,4,2
13292,Keyndanlamor,sargeras,384,monk,mistweaver,6,4,2
13293,Zbell,sargeras,384,monk,mistweaver,6,4,2
13294,Nfm,cairne,384,monk,mistweaver,6,4,2
13295,Srgtbingo,azgalor,384,monk,mistweaver,6,4,2
13296,Treysongz,illidan,384,monk,mistweaver,6,4,2
13297,Hornymonkale,thrall,384,monk,mistweaver,6,4,2
13298,Justamönk,moon-guard,384,monk,mistweaver,6,4,2
13299,Rolybones,boulderfist,384,monk,mistweaver,6,4,2
13300,Keepcryin,gorefiend,384,monk,mistweaver,6,4,2
13301,Teddybéar,illidan,384,monk,mistweaver,6,4,2
13302,Zac,veknilash,384,monk,mistweaver,6,4,2
13303,Snoogiee,khazgoroth,384,monk,mistweaver,6,4,2
13304,Blpkosher,tichondrius,384,monk,mistweaver,6,4,2
13305,Lyla,aegwynn,384,monk,mistweaver,6,4,2
13306,Shakeweightt,blackrock,384,monk,mistweaver,6,4,2
13307,Mightbewôrth,thunderhorn,384,monk,mistweaver,6,4,2
13308,Drunkgiraffe,zuljin,384,monk,mistweaver,6,4,2
13309,Axibar,tichondrius,384,monk,mistweaver,6,4,2
13310,Howziexd,tichondrius,384,monk,mistweaver,6,4,2
13311,Ragemore,emerald-dream,384,monk,mistweaver,6,4,2
13312,Nipfuu,maelstrom,384,monk,mistweaver,6,4,2
13313,Jâzze,zuljin,384,monk,mistweaver,6,4,2
13314,Austinm,tichondrius,384,monk,mistweaver,6,4,2
13315,Sekushî,kelthuzad,384,monk,mistweaver,6,4,2
13316,Globalmonk,emerald-dream,384,monk,mistweaver,6,4,2
13317,Meisterbrew,garona,384,monk,mistweaver,6,4,2
13318,Miley,lethon,384,monk,mistweaver,6,4,2
13319,Dareelyst,arygos,384,monk,mistweaver,6,4,2
13320,Vynchi,area-52,384,monk,mistweaver,6,4,2
13321,Kirshta,kelthuzad,384,monk,mistweaver,6,4,2
13322,Brantkicks,tichondrius,384,monk,mistweaver,6,4,2
13323,Monkatron,arthas,384,monk,mistweaver,6,4,2
13324,Brewtillis,tichondrius,384,monk,mistweaver,6,4,2
13325,Kharazina,azralon,384,monk,mistweaver,6,4,2
13326,Feynzen,frostmourne,384,monk,mistweaver,6,4,2
13327,Nakiki,cenarion-circle,384,monk,mistweaver,6,4,2
13328,Tinyboots,area-52,384,monk,mistweaver,6,4,2
13329,Físterxd,bleeding-hollow,384,monk,mistweaver,6,4,2
13330,Nezkabad,frostmourne,384,monk,mistweaver,6,4,2
13331,Lingerer,aerie-peak,384,monk,mistweaver,6,4,2
13332,Janim,illidan,384,monk,mistweaver,6,4,2
13333,Darylphilbin,emerald-dream,384,monk,mistweaver,12,4,8
13334,Valkana,kelthuzad,384,monk,mistweaver,12,4,8
13335,Macktickle,zuljin,384,monk,mistweaver,12,4,8
13336,Neuron,spirestone,384,monk,mistweaver,12,4,8
13337,Madussy,zuljin,384,monk,mistweaver,12,4,8
13338,Zoltwo,sargeras,384,monk,mistweaver,12,4,8
13339,Sprinkli,sargeras,384,monk,mistweaver,12,4,8
13340,Jimbojenkins,bleeding-hollow,384,monk,mistweaver,12,4,8
13341,Nutbag,norgannon,384,monk,mistweaver,12,4,8
13342,Darkeiji,stormrage,384,monk,mistweaver,12,4,8
13343,Crakgirl,malganis,384,monk,mistweaver,12,4,8
13344,Pax,boulderfist,384,monk,mistweaver,12,4,8
13345,Mizzycash,malganis,384,monk,mistweaver,12,4,8
13346,Nicolascåge,destromath,384,monk,mistweaver,12,4,8
13347,Jincíe,area-52,384,monk,mistweaver,12,4,8
13348,Áasuna,ragnaros,384,monk,mistweaver,12,4,8
13349,Samzo,barthilas,384,monk,mistweaver,12,4,8
13350,Sim,frostmourne,384,monk,mistweaver,12,4,8
13351,Hoyocochino,quelthalas,384,monk,mistweaver,12,4,8
13352,Eqoy,moon-guard,384,monk,mistweaver,12,4,8
13353,Hirado,kelthuzad,384,monk,mistweaver,12,4,8
13354,Åvå,emerald-dream,384,monk,mistweaver,18,4,14
13355,Iamapotato,tichondrius,384,monk,mistweaver,18,4,14
13356,Ragepalm,aegwynn,383,monk,mistweaver,6,4,2
13357,Hakushin,ragnaros,383,monk,mistweaver,6,4,2
13358,Jigong,bleeding-hollow,383,monk,mistweaver,12,4,8
13359,Kushmintz,whisperwind,383,monk,mistweaver,12,4,8
13360,Esleif,moonrunner,383,monk,mistweaver,12,4,8
13361,Epptwo,aggramar,383,monk,mistweaver,12,4,8
13362,Bluemyselph,tichondrius,383,monk,mistweaver,12,4,8
13363,Zyemell,tichondrius,383,monk,mistweaver,12,4,8
13364,Izgoku,frostmane,383,monk,mistweaver,18,4,14
13365,Metalmønk,nerzhul,360,monk,mistweaver,13,7,6
13366,Sáble,stormrage,351,monk,mistweaver,11,4,7
13367,ßiggiesmallz,barthilas,330,monk,mistweaver,12,5,7
13368,Kimchidelite,gorefiend,319,monk,mistweaver,5,4,1
13369,Fiztingfaded,area-52,319,monk,mistweaver,11,4,7
13370,Whatdaheal,darkspear,313,monk,mistweaver,26,5,21
13371,Roskoh,area-52,303,monk,mistweaver,13,4,9
13372,Drkeen,frostmourne,288,monk,mistweaver,10,5,5
13373,Zeelos,kelthuzad,288,monk,mistweaver,6,3,3
13374,Valelarus,doomhammer,288,monk,mistweaver,6,3,3
13375,Ðreadhot,malganis,288,monk,mistweaver,6,3,3
13376,Shinobui,jubeithos,288,monk,mistweaver,6,3,3
13377,Mauvem,tichondrius,288,monk,mistweaver,6,3,3
13378,Quartztiger,sargeras,288,monk,mistweaver,6,3,3
13379,Moönk,tichondrius,288,monk,mistweaver,6,3,3
13380,Imisswodxo,illidan,288,monk,mistweaver,6,3,3
13381,Peachtea,burning-legion,288,monk,mistweaver,6,3,3
13382,Lindraice,illidan,288,monk,mistweaver,6,3,3
13383,Austaar,frostmourne,288,monk,mistweaver,6,3,3
13384,Saltyone,firetree,288,monk,mistweaver,6,3,3
13385,Bosschops,illidan,288,monk,mistweaver,6,3,3
13386,Möösê,moon-guard,288,monk,mistweaver,6,3,3
13387,Spiritmist,sargeras,288,monk,mistweaver,6,3,3
13388,Teclas,ragnaros,288,monk,mistweaver,6,3,3
13389,Maripaulita,ragnaros,288,monk,mistweaver,6,3,3
13390,Chingu,ragnaros,288,monk,mistweaver,6,3,3
13391,Ighostgirls,thrall,288,monk,mistweaver,6,3,3
13392,Vidrus,gorefiend,288,monk,mistweaver,6,3,3
13393,Grogio,wyrmrest-accord,288,monk,mistweaver,6,3,3
13394,Zaçh,frostmane,288,monk,mistweaver,6,3,3
13395,Aphrodîîte,area-52,288,monk,mistweaver,6,3,3
13396,Brosiedon,sargeras,288,monk,mistweaver,6,3,3
13397,Pisswalker,area-52,288,monk,mistweaver,6,3,3
13398,Saeloon,frostmourne,288,monk,mistweaver,6,3,3
13399,Karaka,ysera,288,monk,mistweaver,6,3,3
13400,Giggacuck,frostmourne,288,monk,mistweaver,6,3,3
13401,Jbonk,hyjal,288,monk,mistweaver,6,3,3
13402,Sterow,kiljaeden,288,monk,mistweaver,6,3,3
13403,Galeindra,whisperwind,288,monk,mistweaver,6,3,3
13404,Fysicalx,zuljin,288,monk,mistweaver,6,3,3
13405,Pandàmonium,frostmourne,288,monk,mistweaver,6,3,3
13406,Miýagi,sargeras,288,monk,mistweaver,6,3,3
13407,Lemeta,tichondrius,288,monk,mistweaver,6,3,3
13408,Gguldduck,tichondrius,288,monk,mistweaver,6,3,3
13409,Rzeznik,boulderfist,288,monk,mistweaver,6,3,3
13410,Cädemaddöx,stormrage,288,monk,mistweaver,6,3,3
13411,Shredmw,tichondrius,288,monk,mistweaver,6,3,3
13412,Stigzz,stormrage,288,monk,mistweaver,6,3,3
13413,Fammi,stormrage,288,monk,mistweaver,6,3,3
13414,Billycobham,tichondrius,288,monk,mistweaver,6,3,3
13415,Maybeyooshi,kelthuzad,288,monk,mistweaver,6,3,3
13416,Fistin,laughing-skull,288,monk,mistweaver,6,3,3
13417,Ophibrew,zuljin,288,monk,mistweaver,6,3,3
13418,Lawroadp,tichondrius,288,monk,mistweaver,6,3,3
13419,Hazelbazel,bleeding-hollow,288,monk,mistweaver,6,3,3
13420,Növa,alterac-mountains,288,monk,mistweaver,6,3,3
13421,Monktease,tichondrius,288,monk,mistweaver,6,3,3
13422,Xavelha,tichondrius,288,monk,mistweaver,6,3,3
13423,Hogarg,emerald-dream,288,monk,mistweaver,6,3,3
13424,Alianli,tichondrius,288,monk,mistweaver,6,3,3
13425,Loppjr,tichondrius,288,monk,mistweaver,6,3,3
13426,Graoul,thaurissan,288,monk,mistweaver,6,3,3
13427,Fijiwater,stormrage,288,monk,mistweaver,9,3,6
13428,Kúrios,azralon,288,monk,mistweaver,10,3,7
13429,Erwynz,tichondrius,288,monk,mistweaver,12,3,9
13430,Wørm,emerald-dream,288,monk,mistweaver,12,3,9
13431,Wizcaulifa,stormrage,288,monk,mistweaver,12,3,9
13432,Korvishka,malganis,288,monk,mistweaver,12,3,9
13433,Chilliweaver,frostmourne,288,monk,mistweaver,12,3,9
13434,Mwtouch,nemesis,288,monk,mistweaver,12,3,9
13435,Roloyolo,illidan,288,monk,mistweaver,12,3,9
13436,Absolutvodca,nemesis,288,monk,mistweaver,12,3,9
13437,Vchii,tichondrius,288,monk,mistweaver,12,3,9
13438,Holandri,moon-guard,287,monk,mistweaver,6,3,3
13439,Rosinhood,illidan,287,monk,mistweaver,6,3,3
13440,Shaolyyn,zuljin,287,monk,mistweaver,6,3,3
13441,Deyseddia,azgalor,287,monk,mistweaver,6,3,3
13442,Madmoose,smolderthorn,287,monk,mistweaver,6,3,3
13443,Shlumpuh,tichondrius,287,monk,mistweaver,16,4,12
13444,Lilpielover,zuljin,286,monk,mistweaver,15,4,11
13445,Karkata,sargeras,284,monk,mistweaver,18,3,15
13446,Lildae,burning-legion,256,monk,mistweaver,4,4,0
13447,Bigjuicers,bleeding-hollow,239,monk,mistweaver,5,3,2
13448,Excitable,moon-guard,234,monk,mistweaver,8,4,4
13449,Sputnîk,nemesis,234,monk,mistweaver,14,6,8
13450,Zeisei,wyrmrest-accord,234,monk,mistweaver,10,4,6
13451,Friedpanda,kelthuzad,234,monk,mistweaver,16,4,12
13452,Gguldduk,tichondrius,192,monk,mistweaver,4,3,1
13453,Hymasterlol,tichondrius,192,monk,mistweaver,6,2,4
13454,Rubntug,zuljin,192,monk,mistweaver,6,2,4
13455,Privm,moonrunner,192,monk,mistweaver,6,2,4
13456,Taipanni,sargeras,192,monk,mistweaver,6,2,4
13457,Foxmacleod,bleeding-hollow,192,monk,mistweaver,6,2,4
13458,Zengoku,zuljin,192,monk,mistweaver,6,2,4
13459,Anabolicx,khazgoroth,192,monk,mistweaver,6,2,4
13460,Fortnight,emerald-dream,192,monk,mistweaver,6,2,4
13461,Selocke,bleeding-hollow,192,monk,mistweaver,6,2,4
13462,Fäded,trollbane,192,monk,mistweaver,6,2,4
13463,Nilonsso,sargeras,192,monk,mistweaver,6,2,4
13464,Tarae,nagrand,192,monk,mistweaver,6,2,4
13465,Mistbeard,aggramar,192,monk,mistweaver,6,2,4
13466,Shoumi,turalyon,192,monk,mistweaver,6,2,4
13467,Ashenn,area-52,192,monk,mistweaver,6,2,4
13468,Iililiililil,stormrage,192,monk,mistweaver,6,2,4
13469,Silkymoves,tichondrius,192,monk,mistweaver,6,2,4
13470,Barlyfe,tichondrius,192,monk,mistweaver,6,2,4
13471,Bodyshot,area-52,192,monk,mistweaver,6,2,4
13472,Theriní,stormrage,192,monk,mistweaver,6,2,4
13473,Xanzee,area-52,192,monk,mistweaver,6,2,4
13474,Tigerlust,sargeras,192,monk,mistweaver,6,2,4
13475,Hugerichard,wyrmrest-accord,192,monk,mistweaver,6,2,4
13476,Sukrit,darkspear,192,monk,mistweaver,6,2,4
13477,Jittersx,silvermoon,192,monk,mistweaver,6,2,4
13478,Wamii,tichondrius,192,monk,mistweaver,6,2,4
13479,Acena,stormrage,192,monk,mistweaver,6,2,4
13480,Skadouch,wyrmrest-accord,192,monk,mistweaver,6,2,4
13481,Yanedin,dalaran,192,monk,mistweaver,6,2,4
13482,Jayjaybrew,area-52,192,monk,mistweaver,6,2,4
13483,Paradissô,tichondrius,192,monk,mistweaver,6,2,4
13484,Madkickzack,blades-edge,192,monk,mistweaver,6,2,4
13485,Apparent,lightnings-blade,192,monk,mistweaver,6,2,4
13486,Fistorcstar,daggerspine,192,monk,mistweaver,6,2,4
13487,Melocotonn,goldrinn,192,monk,mistweaver,6,2,4
13488,Lilknucks,bonechewer,192,monk,mistweaver,6,2,4
13489,Sebasu,perenolde,192,monk,mistweaver,6,2,4
13490,Jaybum,sargeras,192,monk,mistweaver,6,2,4
13491,Caralia,exodar,192,monk,mistweaver,6,2,4
13492,Zåz,nazgrel,192,monk,mistweaver,6,2,4
13493,Onepunch,exodar,192,monk,mistweaver,7,2,5
13494,Glowsgreenby,area-52,192,monk,mistweaver,8,2,6
13495,Coffeek,area-52,192,monk,mistweaver,8,2,6
13496,Kick,dragonmaw,192,monk,mistweaver,12,2,10
13497,Ðetroitsmash,sargeras,192,monk,mistweaver,12,2,10
13498,Whynotec,tichondrius,192,monk,mistweaver,12,2,10
13499,Monkik,laughing-skull,192,monk,mistweaver,12,2,10
13500,Mung,boulderfist,192,monk,mistweaver,12,2,10
13501,Tragictea,zuljin,192,monk,mistweaver,12,2,10
13502,Hellcow,frostmourne,192,monk,mistweaver,12,2,10
13503,Missmagda,darkspear,192,monk,mistweaver,12,2,10
13504,Fatde,daggerspine,192,monk,mistweaver,18,2,16
13505,Realisthands,barthilas,191,monk,mistweaver,6,2,4
13506,Jeme,tichondrius,191,monk,mistweaver,6,2,4
13507,Senzmist,lightbringer,191,monk,mistweaver,6,2,4
13508,Phystweaver,malganis,175,monk,mistweaver,11,2,9
13509,Hyugga,azralon,159,monk,mistweaver,5,2,3
13510,Craziediemon,malganis,138,monk,mistweaver,8,3,5
13511,ßøøstêðçhåñ,illidan,138,monk,mistweaver,9,3,6
13512,Matsakaicin,azralon,138,monk,mistweaver,10,3,7
13513,Vyostao,ragnaros,138,monk,mistweaver,11,3,8
13514,Minttea,kiljaeden,137,monk,mistweaver,16,3,13
13515,Averagéjoe,tichondrius,127,monk,mistweaver,8,2,6
13516,Figurines,sargeras,112,monk,mistweaver,7,2,5
13517,Rhorkfist,frostmourne,110,monk,mistweaver,7,2,5
13518,Ezpzmonk,bloodscalp,96,monk,mistweaver,6,1,5
13519,Lomist,nazjatar,96,monk,mistweaver,6,1,5
13520,Tacoma,sargeras,96,monk,mistweaver,6,1,5
13521,Haren,gundrak,96,monk,mistweaver,6,1,5
13522,Ogmonk,skullcrusher,96,monk,mistweaver,6,1,5
13523,Samaera,uther,96,monk,mistweaver,6,1,5
13524,Turkeydinner,frostmourne,96,monk,mistweaver,6,1,5
13525,Charrek,zuljin,96,monk,mistweaver,6,1,5
13526,Brewtalìty,tichondrius,96,monk,mistweaver,6,1,5
13527,Danicah,altar-of-storms,96,monk,mistweaver,6,1,5
13528,Súprä,stormrage,96,monk,mistweaver,6,1,5
13529,Ltsneaky,bladefist,96,monk,mistweaver,6,1,5
13530,Squidbillie,moon-guard,96,monk,mistweaver,6,1,5
13531,Ruion,moon-guard,96,monk,mistweaver,6,1,5
13532,Stinx,ragnaros,96,monk,mistweaver,6,1,5
13533,Frankènmonk,illidan,96,monk,mistweaver,6,1,5
13534,Stickyloads,illidan,96,monk,mistweaver,6,1,5
13535,Börg,bleeding-hollow,96,monk,mistweaver,6,1,5
13536,Kenvuki,emerald-dream,96,monk,mistweaver,6,1,5
13537,Onegai,illidan,96,monk,mistweaver,6,1,5
13538,Lainerya,moon-guard,96,monk,mistweaver,6,1,5
13539,Fatboyswag,tichondrius,96,monk,mistweaver,6,1,5
13540,Kimmyfists,tichondrius,96,monk,mistweaver,6,1,5
13541,Kungfucheeks,illidan,96,monk,mistweaver,6,1,5
13542,Dankestkhan,korialstrasz,96,monk,mistweaver,6,1,5
13543,Zrza,tichondrius,96,monk,mistweaver,6,1,5
13544,Zënløvë,tichondrius,96,monk,mistweaver,6,1,5
13545,Froggie,illidan,96,monk,mistweaver,6,1,5
13546,Ghostsofur,tichondrius,96,monk,mistweaver,12,1,11
13547,Eliwenn,ragnaros,96,monk,mistweaver,12,1,11
13548,Selectra,malfurion,95,monk,mistweaver,6,1,5
13549,Braindi,arathor,79,monk,mistweaver,5,1,4
13550,Fairymonk,frostwolf,79,monk,mistweaver,5,1,4
13551,Pinkgucci,thrall,79,monk,mistweaver,5,1,4
13552,Clixstermonk,area-52,79,monk,mistweaver,5,1,4
13553,Majinyooshi,kelthuzad,64,monk,mistweaver,4,1,3
13554,Sivedrafely,arthas,42,monk,mistweaver,17,2,15
13555,Daesun,quelthalas,672,monk,brewmaster,12,7,5
13556,Worldpvp,nerzhul,672,monk,brewmaster,21,8,13
13557,Epucphail,kelthuzad,575,monk,brewmaster,18,6,12
13558,Robbo,tichondrius,288,monk,brewmaster,6,3,3
13559,Quaria,moon-guard,288,monk,brewmaster,18,3,15
13560,Drunkfight,zuljin,192,monk,brewmaster,18,2,16
13561,Encry,zuljin,191,monk,brewmaster,6,2,4
13562,Ferrarí,quelthalas,79,monk,brewmaster,11,1,10
13563,Neighbors,sargeras,2265,monk,windwalker,103,58,45
13564,Keyam,illidan,2208,monk,windwalker,101,54,47
13565,Sean,nazjatar,2143,monk,windwalker,72,38,34
13566,Senseiww,sargeras,2143,monk,windwalker,126,64,62
13567,Thewy,tichondrius,2132,monk,windwalker,108,55,53
13568,Cmx,sargeras,2125,monk,windwalker,172,88,84
13569,Droguex,tichondrius,2120,monk,windwalker,156,80,76
13570,Stárset,illidan,2104,monk,windwalker,96,54,42
13571,Iílílílílílí,area-52,2101,monk,windwalker,84,43,41
13572,Lodbork,tichondrius,2066,monk,windwalker,324,173,151
13573,Riversøng,frostmourne,2056,monk,windwalker,78,41,37
13574,Conngaline,stormreaver,2030,monk,windwalker,192,97,95
13575,Spotifyfan,ysera,2028,monk,windwalker,106,63,43
13576,Pacmankr,tichondrius,2016,monk,windwalker,99,49,50
13577,Bdw,tichondrius,2013,monk,windwalker,118,74,44
13578,Fueld,burning-legion,2013,monk,windwalker,166,86,80
13579,Blackpandax,tichondrius,2008,monk,windwalker,107,55,52
13580,Fatal,bonechewer,2001,monk,windwalker,70,40,30
13581,Vybïn,tichondrius,1980,monk,windwalker,158,83,75
13582,Flattsww,tichondrius,1961,monk,windwalker,244,120,124
13583,Threnody,malganis,1957,monk,windwalker,76,39,37
13584,Nehji,illidan,1956,monk,windwalker,57,31,26
13585,Wondý,quelthalas,1943,monk,windwalker,161,80,81
13586,Jaxvisto,dalaran,1940,monk,windwalker,95,51,44
13587,Hypnøtìze,frostmourne,1937,monk,windwalker,78,41,37
13588,Rickybobbyx,vashj,1933,monk,windwalker,66,35,31
13589,Madtiger,scilla,1933,monk,windwalker,78,38,40
13590,Repbrew,sargeras,1927,monk,windwalker,69,35,34
13591,Bigherosixx,tichondrius,1907,monk,windwalker,60,34,26
13592,Helvectius,tichondrius,1906,monk,windwalker,138,65,73
13593,Napbox,bleeding-hollow,1900,monk,windwalker,62,37,25
13594,Wwlékinhø,azralon,1882,monk,windwalker,42,26,16
13595,Weathermanxv,kelthuzad,1882,monk,windwalker,80,34,46
13596,Frootsmoothi,thrall,1881,monk,windwalker,59,29,30
13597,Touchofdeáth,stormrage,1880,monk,windwalker,95,51,44
13598,Rytes,moon-guard,1871,monk,windwalker,132,65,67
13599,Cuteirl,tichondrius,1858,monk,windwalker,30,24,6
13600,Yuujitsu,sargeras,1854,monk,windwalker,54,30,24
13601,Maozhën,tichondrius,1851,monk,windwalker,48,27,21
13602,Larryjonés,area-52,1851,monk,windwalker,66,30,36
13603,Iminglee,area-52,1848,monk,windwalker,46,26,20
13604,Shïvïr,azralon,1848,monk,windwalker,95,47,48
13605,Tschi,illidan,1844,monk,windwalker,42,29,13
13606,Baddi,uldum,1841,monk,windwalker,88,43,45
13607,Kuranchi,sargeras,1836,monk,windwalker,42,23,19
13608,Serthean,illidan,1834,monk,windwalker,146,72,74
13609,Inbu,tichondrius,1833,monk,windwalker,75,33,42
13610,Lopez,sargeras,1825,monk,windwalker,54,35,19
13611,Edenx,sargeras,1825,monk,windwalker,42,23,19
13612,Nelariah,wyrmrest-accord,1822,monk,windwalker,59,28,31
13613,Sentomaru,bleeding-hollow,1820,monk,windwalker,66,33,33
13614,Smokechief,hyjal,1813,monk,windwalker,42,25,17
13615,Catgallery,tichondrius,1813,monk,windwalker,149,68,81
13616,Allmight,wyrmrest-accord,1812,monk,windwalker,99,54,45
13617,Yerky,stormrage,1811,monk,windwalker,48,25,23
13618,Turbofist,bleeding-hollow,1803,monk,windwalker,42,25,17
13619,Sunfistway,sargeras,1792,monk,windwalker,62,37,25
13620,Alps,darkspear,1780,monk,windwalker,48,24,24
13621,Mechamonk,aerie-peak,1764,monk,windwalker,99,44,55
13622,Omnly,stormrage,1762,monk,windwalker,42,21,21
13623,Crashandflow,zuljin,1757,monk,windwalker,36,20,16
13624,Jükedx,stormrage,1756,monk,windwalker,85,52,33
13625,Liamllama,barthilas,1754,monk,windwalker,54,27,27
13626,Bruceteå,area-52,1744,monk,windwalker,36,19,17
13627,Zynflex,tichondrius,1743,monk,windwalker,59,27,32
13628,Lker,sargeras,1740,monk,windwalker,60,31,29
13629,Windmónk,tichondrius,1738,monk,windwalker,66,34,32
13630,Xanaxåddict,sargeras,1736,monk,windwalker,104,51,53
13631,Pandagirlw,tichondrius,1735,monk,windwalker,72,43,29
13632,Chopt,zuljin,1735,monk,windwalker,48,25,23
13633,Ambal,hellscream,1734,monk,windwalker,55,32,23
13634,Jasey,area-52,1729,monk,windwalker,29,21,8
13635,Dzq,stormrage,1723,monk,windwalker,48,27,21
13636,Percentx,tichondrius,1722,monk,windwalker,36,18,18
13637,Khawai,sargeras,1720,monk,windwalker,36,23,13
13638,Boostedww,bloodscalp,1720,monk,windwalker,48,25,23
13639,Monkatron,arthas,1718,monk,windwalker,65,30,35
13640,Rockyßalboa,sargeras,1715,monk,windwalker,75,43,32
13641,Guylian,tichondrius,1710,monk,windwalker,41,20,21
13642,Kagebunshin,kelthuzad,1698,monk,windwalker,36,23,13
13643,Wolffangfist,sargeras,1695,monk,windwalker,69,42,27
13644,Jåðëðrägøñ,sargeras,1688,monk,windwalker,55,31,24
13645,Homun,tichondrius,1687,monk,windwalker,47,23,24
13646,Bamron,fizzcrank,1686,monk,windwalker,101,52,49
13647,Shids,barthilas,1686,monk,windwalker,47,22,25
13648,Vanmonk,eonar,1681,monk,windwalker,36,18,18
13649,Titanus,chogall,1680,monk,windwalker,259,134,125
13650,Unhappyclown,tichondrius,1676,monk,windwalker,36,23,13
13651,Zenigma,area-52,1670,monk,windwalker,45,24,21
13652,Dea,thrall,1670,monk,windwalker,84,43,41
13653,Rakije,barthilas,1669,monk,windwalker,66,40,26
13654,Hèllòkîttý,illidan,1666,monk,windwalker,30,19,11
13655,Fistnu,aggramar,1665,monk,windwalker,71,45,26
13656,Hæt,stormrage,1665,monk,windwalker,48,23,25
13657,Screwz,tichondrius,1661,monk,windwalker,40,20,20
13658,Hotwatertank,area-52,1658,monk,windwalker,48,29,19
13659,Dumplíngs,emerald-dream,1647,monk,windwalker,59,27,32
13660,Monkgyatso,drakthul,1646,monk,windwalker,60,29,31
13661,Oxli,emerald-dream,1645,monk,windwalker,46,26,20
13662,Haharetsdead,illidan,1645,monk,windwalker,83,46,37
13663,Foxchik,zuljin,1641,monk,windwalker,76,42,34
13664,Xradu,dawnbringer,1639,monk,windwalker,60,39,21
13665,Galaxystrike,illidan,1638,monk,windwalker,36,20,16
13666,Furiamvp,stormrage,1625,monk,windwalker,36,20,16
13667,Senritsuh,drakkari,1625,monk,windwalker,40,18,22
13668,Jigong,bleeding-hollow,1620,monk,windwalker,42,23,19
13669,Karelio,wyrmrest-accord,1619,monk,windwalker,48,22,26
13670,Aidenww,area-52,1618,monk,windwalker,24,17,7
13671,Pankekz,tichondrius,1618,monk,windwalker,66,33,33
13672,Jbills,muradin,1617,monk,windwalker,53,32,21
13673,Corsan,illidan,1616,monk,windwalker,42,30,12
13674,Hadoukeñ,thrall,1616,monk,windwalker,41,22,19
13675,Fistyuh,illidan,1613,monk,windwalker,24,18,6
13676,Euman,sargeras,1613,monk,windwalker,36,21,15
13677,Takkeya,zuljin,1613,monk,windwalker,36,20,16
13678,Sonsia,arthas,1610,monk,windwalker,76,46,30
13679,Snebyos,tichondrius,1605,monk,windwalker,36,22,14
13680,Tôpsônworld,tichondrius,1604,monk,windwalker,36,22,14
13681,Flyingfury,illidan,1604,monk,windwalker,54,25,29
13682,Bruhmesoftly,thrall,1601,monk,windwalker,54,31,23
13683,Ronk,the-forgotten-coast,1600,monk,windwalker,30,17,13
13684,Rigi,stormrage,1600,monk,windwalker,59,23,36
13685,Dirtypunch,proudmoore,1598,monk,windwalker,42,19,23
13686,Windwalker,blackhand,1597,monk,windwalker,35,19,16
13687,Lingerer,aerie-peak,1593,monk,windwalker,110,57,53
13688,Fuqmeh,darkspear,1593,monk,windwalker,54,26,28
13689,Marcusm,bleeding-hollow,1592,monk,windwalker,33,20,13
13690,Surgarush,moon-guard,1592,monk,windwalker,106,64,42
13691,Reprap,elune,1582,monk,windwalker,58,33,25
13692,Robbo,tichondrius,1580,monk,windwalker,36,18,18
13693,Wonderx,darkspear,1579,monk,windwalker,30,20,10
13694,Råii,sargeras,1579,monk,windwalker,30,20,10
13695,Copenfist,black-dragonflight,1578,monk,windwalker,36,21,15
13696,Dïsturbedtko,azralon,1578,monk,windwalker,42,20,22
13697,Kogoli,frostwolf,1575,monk,windwalker,84,38,46
13698,Hagano,drakkari,1573,monk,windwalker,59,33,26
13699,Ludanford,eitrigg,1567,monk,windwalker,36,18,18
13700,Unlike,tichondrius,1566,monk,windwalker,84,40,44
13701,Adamthemonk,proudmoore,1560,monk,windwalker,30,19,11
13702,Mists,velen,1558,monk,windwalker,42,22,20
13703,Fistnafurry,tichondrius,1550,monk,windwalker,42,21,21
13704,Chucksandmk,barthilas,1548,monk,windwalker,48,22,26
13705,Nagato,nemesis,1545,monk,windwalker,23,17,6
13706,Chingu,ragnaros,1543,monk,windwalker,123,59,64
13707,Vai,korgath,1542,monk,windwalker,36,17,19
13708,Mastashaolin,kelthuzad,1538,monk,windwalker,36,18,18
13709,Dabzin,stormrage,1536,monk,windwalker,73,39,34
13710,Odi,stonemaul,1535,monk,windwalker,89,42,47
13711,Maomaogun,tichondrius,1533,monk,windwalker,18,16,2
13712,Çraßsßùrgêr,bonechewer,1533,monk,windwalker,24,16,8
13713,Druta,illidan,1532,monk,windwalker,36,27,9
13714,Kutz,proudmoore,1526,monk,windwalker,61,30,31
13715,Zaabuza,azralon,1523,monk,windwalker,42,30,12
13716,Shishosenin,quelthalas,1523,monk,windwalker,108,51,57
13717,Byakugun,wyrmrest-accord,1522,monk,windwalker,36,21,15
13718,Naagg,tichondrius,1521,monk,windwalker,30,16,14
13719,Yoshifistsu,malganis,1521,monk,windwalker,54,26,28
13720,Simonb,tichondrius,1521,monk,windwalker,42,19,23
13721,Odogin,tichondrius,1520,monk,windwalker,65,42,23
13722,Shaszx,zuljin,1517,monk,windwalker,30,16,14
13723,Therapeutics,moon-guard,1517,monk,windwalker,72,31,41
13724,Bløødÿ,ragnaros,1516,monk,windwalker,21,17,4
13725,Bakedmonk,smolderthorn,1516,monk,windwalker,36,16,20
13726,Göllyjee,tichondrius,1516,monk,windwalker,72,30,42
13727,Cpapi,sargeras,1512,monk,windwalker,42,17,25
13728,Sgarbossa,tortheldrin,1509,monk,windwalker,42,16,26
13729,Arizøna,illidan,1507,monk,windwalker,80,44,36
13730,Themanski,area-52,1504,monk,windwalker,30,16,14
13731,Geekweek,frostmourne,1503,monk,windwalker,30,17,13
13732,Npepper,khadgar,1503,monk,windwalker,52,23,29
13733,Kawasakii,tichondrius,1495,monk,windwalker,142,75,67
13734,Harde,thrall,1492,monk,windwalker,65,29,36
13735,Muritors,ragnaros,1488,monk,windwalker,30,16,14
13736,Varn,frostmourne,1488,monk,windwalker,74,35,39
13737,Rockemsockem,gorefiend,1485,monk,windwalker,90,48,42
13738,Kiulang,kelthuzad,1480,monk,windwalker,47,21,26
13739,Banyasong,tichondrius,1468,monk,windwalker,30,17,13
13740,Wartenja,frostmourne,1459,monk,windwalker,48,21,27
13741,Mastahp,tichondrius,1457,monk,windwalker,42,23,19
13742,Tyroneßanks,stormrage,1456,monk,windwalker,30,17,13
13743,Jerax,thunderlord,1456,monk,windwalker,69,35,34
13744,Showshoway,tichondrius,1450,monk,windwalker,53,23,30
13745,Lickthefist,sargeras,1445,monk,windwalker,24,16,8
13746,Lavinci,area-52,1437,monk,windwalker,30,15,15
13747,Jegann,tichondrius,1435,monk,windwalker,86,38,48
13748,Fistys,area-52,1433,monk,windwalker,117,60,57
13749,Katsübooy,azralon,1431,monk,windwalker,203,104,99
13750,Elfoverde,stormrage,1430,monk,windwalker,24,15,9
13751,Xuenws,tichondrius,1429,monk,windwalker,24,15,9
13752,Astrofu,tichondrius,1429,monk,windwalker,58,25,33
13753,Pinot,dragonmaw,1427,monk,windwalker,36,15,21
13754,Pokinpooters,stormrage,1424,monk,windwalker,54,24,30
13755,Pepeloser,illidan,1422,monk,windwalker,30,15,15
13756,Ökami,tichondrius,1422,monk,windwalker,36,16,20
13757,Domiik,ragnaros,1421,monk,windwalker,30,15,15
13758,Kómugi,area-52,1418,monk,windwalker,47,23,24
13759,Wind,misha,1416,monk,windwalker,31,22,9
13760,Daslow,quelthalas,1415,monk,windwalker,90,47,43
13761,Shlumpuh,tichondrius,1412,monk,windwalker,36,16,20
13762,Shôckley,tichondrius,1404,monk,windwalker,42,20,22
13763,Killmachine,farstriders,1393,monk,windwalker,93,44,49
13764,Milkychi,frostmourne,1392,monk,windwalker,40,15,25
13765,Backfliptime,ragnaros,1383,monk,windwalker,34,19,15
13766,Pepepunch,bleeding-hollow,1381,monk,windwalker,36,15,21
13767,Brewmaker,sargeras,1372,monk,windwalker,46,22,24
13768,Tassmonk,hyjal,1367,monk,windwalker,36,17,19
13769,Daracus,kelthuzad,1364,monk,windwalker,26,18,8
13770,Bluntdoctor,stormreaver,1361,monk,windwalker,60,22,38
13771,Rïggen,thrall,1360,monk,windwalker,23,15,8
13772,Kriticalkush,kelthuzad,1353,monk,windwalker,24,17,7
13773,Sarious,lightbringer,1350,monk,windwalker,115,62,53
13774,Owned,dreadmaul,1349,monk,windwalker,36,23,13
13775,Gún,ragnaros,1344,monk,windwalker,72,34,38
13776,Zuì,sargeras,1342,monk,windwalker,24,14,10
13777,Karmerr,proudmoore,1339,monk,windwalker,30,14,16
13778,Pangpoong,tichondrius,1339,monk,windwalker,45,20,25
13779,Jümmy,area-52,1338,monk,windwalker,30,14,16
13780,Tnsnow,illidan,1335,monk,windwalker,24,14,10
13781,Zenluckydo,grizzly-hills,1334,monk,windwalker,24,14,10
13782,Ghaelessi,senjin,1334,monk,windwalker,59,33,26
13783,Garmakasmonk,skullcrusher,1329,monk,windwalker,28,17,11
13784,Trapeez,kelthuzad,1326,monk,windwalker,58,32,26
13785,Saltystepbro,illidan,1323,monk,windwalker,24,14,10
13786,Acharä,tichondrius,1305,monk,windwalker,36,20,16
13787,Goonkeg,frostmourne,1304,monk,windwalker,30,14,16
13788,Anarska,thrall,1303,monk,windwalker,64,31,33
13789,Zionk,tichondrius,1298,monk,windwalker,18,14,4
13790,Smoothboxing,tichondrius,1293,monk,windwalker,72,39,33
13791,Dodried,ragnaros,1290,monk,windwalker,52,24,28
13792,Sleýin,tichondrius,1284,monk,windwalker,71,33,38
13793,Fanetö,stormrage,1283,monk,windwalker,48,15,33
13794,Zettelkasten,tichondrius,1266,monk,windwalker,42,21,21
13795,Tino,kelthuzad,1264,monk,windwalker,48,25,23
13796,Skymonge,stormrage,1263,monk,windwalker,26,14,12
13797,Weezzyboi,tichondrius,1263,monk,windwalker,42,22,20
13798,Kungfüsed,stormrage,1260,monk,windwalker,24,14,10
13799,Gurda,wyrmrest-accord,1260,monk,windwalker,48,24,24
13800,Tianhu,sargeras,1256,monk,windwalker,24,14,10
13801,Opmother,elune,1252,monk,windwalker,35,19,16
13802,Hamyu,illidan,1247,monk,windwalker,30,15,15
13803,Prostotak,area-52,1246,monk,windwalker,18,13,5
13804,Pamii,quelthalas,1246,monk,windwalker,36,13,23
13805,Båshkin,terenas,1245,monk,windwalker,42,19,23
13806,Nightww,area-52,1241,monk,windwalker,24,13,11
13807,Napoleonic,vashj,1239,monk,windwalker,18,13,5
13808,Xiaowën,nemesis,1226,monk,windwalker,37,16,21
13809,Ruckm,stormrage,1225,monk,windwalker,24,13,11
13810,Stickyloads,illidan,1220,monk,windwalker,72,33,39
13811,Wutangkillaß,kiljaeden,1214,monk,windwalker,30,13,17
13812,Ofn,moon-guard,1202,monk,windwalker,96,45,51
13813,Xéia,area-52,1201,monk,windwalker,60,23,37
13814,Marstol,bleeding-hollow,1200,monk,windwalker,30,20,10
13815,Yrn,crushridge,1196,monk,windwalker,30,14,16
13816,Hinakii,dalaran,1195,monk,windwalker,60,22,38
13817,Akanq,tichondrius,1194,monk,windwalker,27,13,14
13818,Ohgiddyttv,dalaran,1188,monk,windwalker,36,13,23
13819,Screwballz,blackrock,1187,monk,windwalker,45,14,31
13820,Razielic,frostmourne,1185,monk,windwalker,42,17,25
13821,Healzpapi,tichondrius,1170,monk,windwalker,24,13,11
13822,Kandinarra,jubeithos,1156,monk,windwalker,52,28,24
13823,Torkscrew,bleeding-hollow,1152,monk,windwalker,18,12,6
13824,Linkya,daggerspine,1152,monk,windwalker,22,14,8
13825,Xedou,azralon,1151,monk,windwalker,18,12,6
13826,Xølik,draenor,1150,monk,windwalker,18,12,6
13827,Pikotaro,tichondrius,1150,monk,windwalker,24,12,12
13828,Miýagi,sargeras,1149,monk,windwalker,18,12,6
13829,Leehofook,azshara,1143,monk,windwalker,54,23,31
13830,Tigerstrikes,sargeras,1142,monk,windwalker,18,12,6
13831,Tenshu,runetotem,1141,monk,windwalker,24,12,12
13832,Milktank,medivh,1137,monk,windwalker,53,31,22
13833,Sleepÿ,area-52,1137,monk,windwalker,66,24,42
13834,Eavale,destromath,1135,monk,windwalker,24,12,12
13835,Kfpeeves,sargeras,1134,monk,windwalker,30,15,15
13836,Shinjiki,tichondrius,1134,monk,windwalker,29,12,17
13837,Shinaniganz,chogall,1128,monk,windwalker,42,17,25
13838,Jacquelline,moon-guard,1127,monk,windwalker,24,12,12
13839,Stigzz,stormrage,1118,monk,windwalker,23,12,11
13840,Jimothydab,lightbringer,1117,monk,windwalker,23,12,11
13841,Imonkalot,destromath,1111,monk,windwalker,43,17,26
13842,Loadedfries,frostmourne,1110,monk,windwalker,24,12,12
13843,Fitmonje,drakkari,1108,monk,windwalker,28,13,15
13844,Phistea,area-52,1102,monk,windwalker,23,12,11
13845,Angerday,illidan,1097,monk,windwalker,30,12,18
13846,Moopdahoop,stormrage,1096,monk,windwalker,25,15,10
13847,Astteell,proudmoore,1089,monk,windwalker,39,13,26
13848,Drektarz,area-52,1085,monk,windwalker,75,33,42
13849,Ojiin,wyrmrest-accord,1079,monk,windwalker,24,13,11
13850,Quanon,stormreaver,1071,monk,windwalker,33,14,19
13851,Calmpunchman,mannoroth,1070,monk,windwalker,25,12,13
13852,Hím,garrosh,1065,monk,windwalker,19,12,7
13853,Mikeyx,area-52,1056,monk,windwalker,18,11,7
13854,Sultanofwind,malganis,1056,monk,windwalker,18,11,7
13855,Xyän,bleeding-hollow,1056,monk,windwalker,18,11,7
13856,Sandii,azralon,1056,monk,windwalker,48,28,20
13857,Lhiri,moon-guard,1056,monk,windwalker,24,11,13
13858,Sínsayer,tichondrius,1056,monk,windwalker,24,11,13
13859,Baconbiscuit,area-52,1056,monk,windwalker,24,11,13
13860,Yavaxye,stormrage,1056,monk,windwalker,24,11,13
13861,Songokusan,thrall,1055,monk,windwalker,18,11,7
13862,Rubntug,zuljin,1055,monk,windwalker,18,11,7
13863,Jdanîel,ragnaros,1055,monk,windwalker,24,11,13
13864,Jamut,stormrage,1055,monk,windwalker,36,11,25
13865,Monkamax,tichondrius,1054,monk,windwalker,18,11,7
13866,Fimeu,kiljaeden,1054,monk,windwalker,18,11,7
13867,Wimdrewk,quelthalas,1053,monk,windwalker,39,12,27
13868,Daddyrugburn,area-52,1052,monk,windwalker,18,11,7
13869,Píñg,area-52,1051,monk,windwalker,30,11,19
13870,Toyotatacoma,bleeding-hollow,1050,monk,windwalker,18,11,7
13871,Chowlaos,coilfang,1048,monk,windwalker,18,11,7
13872,Senseî,altar-of-storms,1048,monk,windwalker,30,11,19
13873,Chaosrose,area-52,1044,monk,windwalker,18,11,7
13874,Lexivixi,khazgoroth,1044,monk,windwalker,24,12,12
13875,Tremonk,kelthuzad,1043,monk,windwalker,18,11,7
13876,Rbs,tichondrius,1041,monk,windwalker,36,11,25
13877,Jnx,emerald-dream,1038,monk,windwalker,24,11,13
13878,Arshavin,skullcrusher,1038,monk,windwalker,30,11,19
13879,Mcnipple,moonrunner,1036,monk,windwalker,18,11,7
13880,Rollsroycist,trollbane,1032,monk,windwalker,37,23,14
13881,Steenkk,tichondrius,1023,monk,windwalker,24,11,13
13882,Brewzllee,tichondrius,1000,monk,windwalker,66,34,32
13883,Silvopanda,azralon,997,monk,windwalker,53,22,31
13884,Bonflur,quelthalas,980,monk,windwalker,186,90,96
13885,Syerzie,dalaran,970,monk,windwalker,33,15,18
13886,Shadmtwo,tichondrius,960,monk,windwalker,12,10,2
13887,Zhoku,tichondrius,960,monk,windwalker,12,10,2
13888,Fettywhopper,kaelthas,960,monk,windwalker,12,10,2
13889,Aýre,ravencrest,960,monk,windwalker,12,10,2
13890,Mikephoenix,tichondrius,960,monk,windwalker,18,10,8
13891,Muhli,kiljaeden,960,monk,windwalker,18,10,8
13892,Shírÿu,azralon,960,monk,windwalker,18,10,8
13893,Telospateo,ragnaros,960,monk,windwalker,18,10,8
13894,Innerverse,tichondrius,960,monk,windwalker,18,10,8
13895,Bearface,blades-edge,960,monk,windwalker,24,10,14
13896,Dwarfmonk,tichondrius,960,monk,windwalker,24,10,14
13897,Lolqtxd,sargeras,960,monk,windwalker,24,10,14
13898,Goldfornudez,area-52,959,monk,windwalker,18,10,8
13899,Artam,thrall,959,monk,windwalker,18,10,8
13900,Quanyaozu,ragnaros,959,monk,windwalker,18,10,8
13901,Squidie,tichondrius,959,monk,windwalker,30,10,20
13902,Creonus,proudmoore,958,monk,windwalker,18,10,8
13903,Mônkdunk,daggerspine,957,monk,windwalker,18,10,8
13904,Avz,azralon,957,monk,windwalker,24,10,14
13905,Natintell,drakkari,954,monk,windwalker,36,13,23
13906,Megatraun,tichondrius,953,monk,windwalker,18,10,8
13907,Xìðñ,moon-guard,952,monk,windwalker,18,10,8
13908,Alcaquito,goldrinn,950,monk,windwalker,18,10,8
13909,Judo,agamaggan,943,monk,windwalker,27,11,16
13910,Madmint,illidan,941,monk,windwalker,23,11,12
13911,Tobearus,stormscale,939,monk,windwalker,24,11,13
13912,Nutcrakerz,tichondrius,935,monk,windwalker,24,13,11
13913,Mcwallets,moon-guard,933,monk,windwalker,78,33,45
13914,Anavara,drakkari,930,monk,windwalker,24,10,14
13915,Brewbaker,hyjal,925,monk,windwalker,16,10,6
13916,Lahri,silvermoon,903,monk,windwalker,26,11,15
13917,Ipmán,moon-guard,892,monk,windwalker,41,18,23
13918,Monkii,bonechewer,890,monk,windwalker,15,11,4
13919,Scarlos,tichondrius,884,monk,windwalker,144,66,78
13920,Veganbacon,mannoroth,875,monk,windwalker,14,10,4
13921,Rhyskrispiez,sargeras,864,monk,windwalker,12,9,3
13922,Danimalz,stormrage,864,monk,windwalker,12,9,3
13923,Poormanx,illidan,864,monk,windwalker,12,9,3
13924,Garypool,emerald-dream,864,monk,windwalker,15,9,6
13925,Molta,tichondrius,864,monk,windwalker,18,9,9
13926,Jaige,illidan,864,monk,windwalker,18,9,9
13927,Thåi,anubarak,864,monk,windwalker,24,9,15
13928,Fátë,tichondrius,864,monk,windwalker,24,9,15
13929,Rocketfrogg,bleeding-hollow,864,monk,windwalker,24,9,15
13930,Chiang,chogall,864,monk,windwalker,24,9,15
13931,Tmjojo,tichondrius,864,monk,windwalker,24,9,15
13932,Bükki,ragnaros,863,monk,windwalker,12,9,3
13933,Littlemw,tichondrius,863,monk,windwalker,18,9,9
13934,Helicopter,borean-tundra,863,monk,windwalker,18,9,9
13935,Stepsista,sargeras,863,monk,windwalker,18,9,9
13936,Somethingre,sargeras,862,monk,windwalker,12,9,3
13937,Chingwang,frostmourne,862,monk,windwalker,12,9,3
13938,Duwhack,wyrmrest-accord,862,monk,windwalker,18,9,9
13939,Romeonjuliet,tichondrius,859,monk,windwalker,18,9,9
13940,Wwmonks,sargeras,857,monk,windwalker,12,9,3
13941,Rufaso,sargeras,854,monk,windwalker,24,9,15
13942,Acindian,malganis,853,monk,windwalker,18,9,9
13943,Rosarìolover,stormrage,840,monk,windwalker,18,9,9
13944,Agroétudo,azralon,838,monk,windwalker,18,9,9
13945,Sébástián,drakkari,832,monk,windwalker,24,10,14
13946,Thekilla,aegwynn,827,monk,windwalker,18,9,9
13947,Bradyfour,moon-guard,812,monk,windwalker,17,9,8
13948,Drakfu,tichondrius,806,monk,windwalker,21,10,11
13949,Rykouu,area-52,784,monk,windwalker,19,9,10
13950,Hitchslapz,tichondrius,783,monk,windwalker,13,9,4
13951,Facekandy,tichondrius,768,monk,windwalker,10,9,1
13952,Micai,thrall,768,monk,windwalker,12,8,4
13953,Mcbluffin,onyxia,768,monk,windwalker,12,8,4
13954,Zoomerxd,stormrage,768,monk,windwalker,12,8,4
13955,Marçi,moon-guard,768,monk,windwalker,12,8,4
13956,Kungfupurk,bleeding-hollow,768,monk,windwalker,12,8,4
13957,Slimcognito,zuljin,768,monk,windwalker,18,8,10
13958,Hitt,barthilas,768,monk,windwalker,18,8,10
13959,Stepfistz,aegwynn,768,monk,windwalker,18,8,10
13960,Taggz,thunderlord,768,monk,windwalker,18,8,10
13961,Rerolled,moon-guard,768,monk,windwalker,18,8,10
13962,Kinkykyle,emerald-dream,768,monk,windwalker,18,8,10
13963,Mahatmä,dalaran,768,monk,windwalker,18,8,10
13964,Xas,sentinels,768,monk,windwalker,18,8,10
13965,Plucky,tichondrius,768,monk,windwalker,20,8,12
13966,Monke,onyxia,768,monk,windwalker,24,8,16
13967,Tews,quelthalas,767,monk,windwalker,12,8,4
13968,Prickhead,sargeras,767,monk,windwalker,15,9,6
13969,Ezpzmonk,bloodscalp,767,monk,windwalker,15,9,6
13970,Zukki,zuljin,767,monk,windwalker,18,8,10
13971,Saiyajinsoul,ragnaros,767,monk,windwalker,18,8,10
13972,Niked,tichondrius,767,monk,windwalker,18,8,10
13973,Metalmønk,nerzhul,767,monk,windwalker,18,8,10
13974,Nf,zuljin,766,monk,windwalker,12,8,4
13975,Anatomyx,kelthuzad,766,monk,windwalker,12,8,4
13976,Finesse,frostwolf,766,monk,windwalker,12,8,4
13977,Ragraxx,quelthalas,766,monk,windwalker,18,8,10
13978,Shocclol,stormrage,764,monk,windwalker,15,9,6
13979,Boldyr,sargeras,764,monk,windwalker,18,8,10
13980,Dazzler,ragnaros,764,monk,windwalker,24,8,16
13981,Natus,greymane,763,monk,windwalker,18,8,10
13982,Extinctión,stormscale,762,monk,windwalker,12,8,4
13983,Ryucko,azralon,761,monk,windwalker,12,8,4
13984,Iamanangel,illidan,759,monk,windwalker,12,8,4
13985,Hehex,bleeding-hollow,751,monk,windwalker,17,8,9
13986,Thäiländiä,bleeding-hollow,745,monk,windwalker,12,8,4
13987,Captnmurphy,tichondrius,735,monk,windwalker,11,8,3
13988,Deadlyfist,stormrage,729,monk,windwalker,23,8,15
13989,Primez,frostmourne,719,monk,windwalker,17,8,9
13990,Bakha,illidan,703,monk,windwalker,11,8,3
13991,Richywayne,bleeding-hollow,672,monk,windwalker,12,7,5
13992,Dragonwhirl,stormrage,672,monk,windwalker,12,7,5
13993,Wizcaulifa,stormrage,672,monk,windwalker,12,7,5
13994,Vuadeira,azralon,672,monk,windwalker,12,7,5
13995,Bramicaye,malganis,672,monk,windwalker,12,7,5
13996,Porxhub,tichondrius,672,monk,windwalker,12,7,5
13997,Tokyozesty,area-52,672,monk,windwalker,12,7,5
13998,Yoojimin,kiljaeden,672,monk,windwalker,12,7,5
13999,Kudrix,frostwolf,672,monk,windwalker,12,7,5
14000,Duhäst,sargeras,672,monk,windwalker,12,7,5
14001,Gigagirth,emerald-dream,672,monk,windwalker,12,7,5
14002,Lilpøøter,tichondrius,672,monk,windwalker,12,7,5
14003,Ristion,moon-guard,672,monk,windwalker,12,7,5
14004,Shiphappens,barthilas,672,monk,windwalker,12,7,5
14005,Ázão,stormrage,672,monk,windwalker,12,7,5
14006,Dublefist,draktharon,672,monk,windwalker,12,7,5
14007,Verizani,stormrage,672,monk,windwalker,18,7,11
14008,Awcfanboy,bleeding-hollow,672,monk,windwalker,21,8,13
14009,Judgevr,frostmourne,672,monk,windwalker,23,8,15
14010,Quietbegger,sargeras,671,monk,windwalker,12,7,5
14011,Keys,earthen-ring,671,monk,windwalker,12,7,5
14012,Omimonk,sargeras,671,monk,windwalker,12,7,5
14013,Onepunch,exodar,671,monk,windwalker,12,7,5
14014,Xøxo,trollbane,671,monk,windwalker,12,7,5
14015,Shianjuo,ragnaros,671,monk,windwalker,18,7,11
14016,Chuchinga,tichondrius,670,monk,windwalker,13,8,5
14017,Cryptique,tichondrius,670,monk,windwalker,12,7,5
14018,Minusmonk,dalaran,670,monk,windwalker,12,7,5
14019,Samaelsin,emerald-dream,670,monk,windwalker,24,7,17
14020,Kuungfoo,tichondrius,667,monk,windwalker,12,7,5
14021,Hyun,stormrage,666,monk,windwalker,12,7,5
14022,Kush,dalvengyr,665,monk,windwalker,12,7,5
14023,Sistafistaa,akama,606,monk,windwalker,14,7,7
14024,Bussÿ,area-52,591,monk,windwalker,11,7,4
14025,Ascilica,firetree,576,monk,windwalker,6,6,0
14026,Garofalo,tichondrius,576,monk,windwalker,6,6,0
14027,Griswolld,ragnaros,576,monk,windwalker,6,6,0
14028,Srýbrø,illidan,576,monk,windwalker,6,6,0
14029,Makgøra,malganis,576,monk,windwalker,6,6,0
14030,Monkfy,moon-guard,576,monk,windwalker,6,6,0
14031,Veso,tichondrius,576,monk,windwalker,6,6,0
14032,Thalreyzian,vashj,576,monk,windwalker,12,6,6
14033,Jaspier,quelthalas,576,monk,windwalker,12,6,6
14034,Xua,sargeras,576,monk,windwalker,12,6,6
14035,Pipochen,ragnaros,576,monk,windwalker,12,6,6
14036,Mapaly,ragnaros,576,monk,windwalker,12,6,6
14037,Vandamme,durotan,576,monk,windwalker,12,6,6
14038,Monksoon,tichondrius,576,monk,windwalker,12,6,6
14039,Gójó,tichondrius,576,monk,windwalker,12,6,6
14040,Popchi,stormrage,576,monk,windwalker,12,6,6
14041,Creamchop,stormreaver,576,monk,windwalker,12,6,6
14042,Tulalong,area-52,576,monk,windwalker,12,6,6
14043,Hòlygòd,dalaran,576,monk,windwalker,12,6,6
14044,Affected,lightninghoof,576,monk,windwalker,12,6,6
14045,Ranchy,zuljin,576,monk,windwalker,12,6,6
14046,Neejitsu,malganis,576,monk,windwalker,12,6,6
14047,Tinypunch,emerald-dream,576,monk,windwalker,12,6,6
14048,Tahs,azralon,576,monk,windwalker,12,6,6
14049,Nyofu,moon-guard,576,monk,windwalker,12,6,6
14050,Sterow,kiljaeden,576,monk,windwalker,12,6,6
14051,Xuenfu,tichondrius,576,monk,windwalker,12,6,6
14052,Silvyrx,boulderfist,576,monk,windwalker,12,6,6
14053,Forthekicks,tichondrius,576,monk,windwalker,19,8,11
14054,Káizen,area-52,576,monk,windwalker,18,6,12
14055,Hîddènsõündx,tichondrius,576,monk,windwalker,18,6,12
14056,Awsmonk,malygos,576,monk,windwalker,18,6,12
14057,Monjimen,ragnaros,576,monk,windwalker,18,6,12
14058,Ahrk,emerald-dream,576,monk,windwalker,30,6,24
14059,Kalrsk,frostmourne,575,monk,windwalker,12,6,6
14060,Rowenoa,tichondrius,575,monk,windwalker,18,6,12
14061,Kajjou,illidan,575,monk,windwalker,18,6,12
14062,Linwong,garithos,574,monk,windwalker,12,6,6
14063,Mynamegeorge,area-52,572,monk,windwalker,12,6,6
14064,Tøxicø,quelthalas,572,monk,windwalker,16,7,9
14065,Shindoro,bonechewer,521,monk,windwalker,16,10,6
14066,Yenjung,azralon,480,monk,windwalker,6,5,1
14067,Kimmyfists,tichondrius,480,monk,windwalker,6,5,1
14068,Iloveabby,sargeras,480,monk,windwalker,6,5,1
14069,Varimå,area-52,480,monk,windwalker,6,5,1
14070,Nitrobrewed,stormrage,480,monk,windwalker,6,5,1
14071,Monkskiiz,tichondrius,480,monk,windwalker,6,5,1
14072,Orkmonk,tichondrius,480,monk,windwalker,6,5,1
14073,Shevchenkô,quelthalas,480,monk,windwalker,6,5,1
14074,Miresa,kelthuzad,480,monk,windwalker,6,5,1
14075,Pleasetouch,emerald-dream,480,monk,windwalker,6,5,1
14076,Onepunchman,quelthalas,480,monk,windwalker,6,5,1
14077,Pikadejegue,nemesis,480,monk,windwalker,6,5,1
14078,Iflykites,zuljin,480,monk,windwalker,6,5,1
14079,Xunzao,emerald-dream,480,monk,windwalker,6,5,1
14080,Poem,grizzly-hills,480,monk,windwalker,6,5,1
14081,Highku,drenden,480,monk,windwalker,6,5,1
14082,Hennyww,dalaran,480,monk,windwalker,6,5,1
14083,Tyrus,kelthuzad,480,monk,windwalker,9,5,4
14084,Faashbae,illidan,480,monk,windwalker,12,5,7
14085,Ferknights,moon-guard,480,monk,windwalker,12,5,7
14086,Aydowon,illidan,480,monk,windwalker,12,5,7
14087,Kickkick,burning-blade,480,monk,windwalker,12,5,7
14088,Yamoshì,stormrage,480,monk,windwalker,12,5,7
14089,Ryútt,illidan,480,monk,windwalker,12,5,7
14090,Kentodne,stormrage,480,monk,windwalker,12,5,7
14091,Ddoongmonk,tichondrius,480,monk,windwalker,12,5,7
14092,Lokimana,zuljin,480,monk,windwalker,12,5,7
14093,Åsurã,stormrage,480,monk,windwalker,12,5,7
14094,Stevezee,barthilas,480,monk,windwalker,12,5,7
14095,Zhíu,ragnaros,480,monk,windwalker,12,5,7
14096,Plagai,fizzcrank,480,monk,windwalker,12,5,7
14097,Mepepegaclap,malganis,480,monk,windwalker,12,5,7
14098,Xueyu,malganis,480,monk,windwalker,12,5,7
14099,Tenkix,zuljin,480,monk,windwalker,12,5,7
14100,Güwop,tichondrius,480,monk,windwalker,12,5,7
14101,Izu,senjin,480,monk,windwalker,12,5,7
14102,Zadaa,alleria,480,monk,windwalker,12,5,7
14103,Djjackyd,stormrage,480,monk,windwalker,12,5,7
14104,Valdur,sargeras,480,monk,windwalker,12,5,7
14105,Akrethar,medivh,480,monk,windwalker,12,5,7
14106,Sivedrafely,arthas,480,monk,windwalker,12,5,7
14107,Butjaum,stormrage,480,monk,windwalker,16,6,10
14108,Gabaan,azralon,480,monk,windwalker,18,5,13
14109,Jatzai,emerald-dream,480,monk,windwalker,22,5,17
14110,Supremekick,frostmourne,479,monk,windwalker,9,6,3
14111,Kiukiukiu,tichondrius,479,monk,windwalker,12,5,7
14112,Tzidkiyahu,barthilas,478,monk,windwalker,6,5,1
14113,Kilabit,azshara,476,monk,windwalker,12,5,7
14114,Mcmaplol,tichondrius,447,monk,windwalker,11,5,6
14115,Blackychan,scilla,446,monk,windwalker,14,6,8
14116,Kungxxl,kiljaeden,415,monk,windwalker,8,5,3
14117,Chyx,tichondrius,415,monk,windwalker,11,5,6
14118,Fapmonk,illidan,384,monk,windwalker,6,4,2
14119,Ðøhkø,nemesis,384,monk,windwalker,6,4,2
14120,Kiggo,bonechewer,384,monk,windwalker,6,4,2
14121,Champoo,executus,384,monk,windwalker,6,4,2
14122,Delorenzi,hellscream,384,monk,windwalker,6,4,2
14123,Xoir,tichondrius,384,monk,windwalker,6,4,2
14124,Gorton,lightbringer,384,monk,windwalker,6,4,2
14125,Evanyfist,proudmoore,384,monk,windwalker,6,4,2
14126,Touchbot,tichondrius,384,monk,windwalker,6,4,2
14127,Xulieng,tichondrius,384,monk,windwalker,6,4,2
14128,Satchelgizmo,tichondrius,384,monk,windwalker,6,4,2
14129,Orbgodx,darkspear,384,monk,windwalker,6,4,2
14130,Thewyjr,illidan,384,monk,windwalker,6,4,2
14131,Callae,dreadmaul,384,monk,windwalker,6,4,2
14132,Livitsu,aerie-peak,384,monk,windwalker,6,4,2
14133,Beverage,frostmourne,384,monk,windwalker,6,4,2
14134,Liucang,archimonde,384,monk,windwalker,6,4,2
14135,Aedalithe,stormrage,384,monk,windwalker,6,4,2
14136,Iarw,tichondrius,384,monk,windwalker,6,4,2
14137,Preceptonk,azralon,384,monk,windwalker,6,4,2
14138,Sistuhfista,tichondrius,384,monk,windwalker,6,4,2
14139,Kame,moon-guard,384,monk,windwalker,6,4,2
14140,Molific,gurubashi,384,monk,windwalker,6,4,2
14141,Suntzuvius,tichondrius,384,monk,windwalker,6,4,2
14142,Fiddletix,stormrage,384,monk,windwalker,6,4,2
14143,Yeawe,tichondrius,384,monk,windwalker,6,4,2
14144,Monkespin,stormrage,384,monk,windwalker,6,4,2
14145,Convectuoso,illidan,384,monk,windwalker,6,4,2
14146,Pathad,stormrage,384,monk,windwalker,6,4,2
14147,Vernki,laughing-skull,384,monk,windwalker,6,4,2
14148,Barleygar,tichondrius,384,monk,windwalker,6,4,2
14149,Trembull,gurubashi,384,monk,windwalker,6,4,2
14150,Gothamonk,tichondrius,384,monk,windwalker,6,4,2
14151,Shisama,area-52,384,monk,windwalker,6,4,2
14152,Azizyzz,barthilas,384,monk,windwalker,6,4,2
14153,Hate,korialstrasz,384,monk,windwalker,6,4,2
14154,Whitepandax,tichondrius,384,monk,windwalker,6,4,2
14155,Buffmonkdmg,tichondrius,384,monk,windwalker,9,5,4
14156,Graphyt,moon-guard,384,monk,windwalker,12,4,8
14157,Rookz,drakthul,384,monk,windwalker,12,4,8
14158,Fruitpünch,tichondrius,384,monk,windwalker,12,4,8
14159,Züdo,area-52,384,monk,windwalker,12,4,8
14160,Threnz,magtheridon,384,monk,windwalker,12,4,8
14161,Merand,tichondrius,384,monk,windwalker,12,4,8
14162,Ohtani,frostwolf,384,monk,windwalker,12,4,8
14163,Jayr,bleeding-hollow,384,monk,windwalker,12,4,8
14164,Bhodie,zuljin,384,monk,windwalker,12,4,8
14165,Ferrarí,quelthalas,384,monk,windwalker,12,4,8
14166,Grocerymonk,malganis,384,monk,windwalker,12,4,8
14167,Wheresmyjuul,malganis,384,monk,windwalker,12,4,8
14168,Evilstep,tichondrius,384,monk,windwalker,12,4,8
14169,Mysticzen,tichondrius,384,monk,windwalker,12,4,8
14170,Solrise,wyrmrest-accord,384,monk,windwalker,12,4,8
14171,Hiurge,tichondrius,384,monk,windwalker,12,4,8
14172,Chijinx,area-52,384,monk,windwalker,12,4,8
14173,Xinvictus,frostmourne,384,monk,windwalker,12,4,8
14174,Ramisan,barthilas,384,monk,windwalker,12,4,8
14175,Zanmonk,moon-guard,383,monk,windwalker,6,4,2
14176,Traxshin,kelthuzad,383,monk,windwalker,6,4,2
14177,Abboo,hyjal,383,monk,windwalker,6,4,2
14178,Felgolos,azralon,383,monk,windwalker,9,5,4
14179,Miyage,emerald-dream,382,monk,windwalker,6,4,2
14180,Viko,llane,382,monk,windwalker,6,4,2
14181,Mùnkey,nagrand,351,monk,windwalker,11,4,7
14182,Broxxenidas,quelthalas,351,monk,windwalker,11,4,7
14183,Nakuang,tichondrius,339,monk,windwalker,24,7,17
14184,Sahhalea,sargeras,319,monk,windwalker,14,4,10
14185,Iilmachoggy,stormrage,288,monk,windwalker,6,3,3
14186,Fistay,burning-legion,288,monk,windwalker,6,3,3
14187,Heavytrain,azralon,288,monk,windwalker,6,3,3
14188,Tigerlust,sargeras,288,monk,windwalker,6,3,3
14189,Dorander,frostmourne,288,monk,windwalker,6,3,3
14190,Gageismonk,mugthol,288,monk,windwalker,6,3,3
14191,Jubei,dragonmaw,288,monk,windwalker,6,3,3
14192,Brewtool,tichondrius,288,monk,windwalker,6,3,3
14193,Gngrbeardman,tichondrius,288,monk,windwalker,6,3,3
14194,Dkdakìng,stormrage,288,monk,windwalker,6,3,3
14195,Gulmokk,tichondrius,288,monk,windwalker,6,3,3
14196,Kahpital,azralon,288,monk,windwalker,6,3,3
14197,Sockem,arthas,288,monk,windwalker,6,3,3
14198,Redami,gnomeregan,288,monk,windwalker,6,3,3
14199,ßluedream,dalaran,288,monk,windwalker,6,3,3
14200,Röllö,tichondrius,288,monk,windwalker,6,3,3
14201,Borekkar,emerald-dream,288,monk,windwalker,6,3,3
14202,Swurvex,bleeding-hollow,288,monk,windwalker,6,3,3
14203,Bakicaa,dalaran,288,monk,windwalker,6,3,3
14204,Currycooker,tichondrius,288,monk,windwalker,6,3,3
14205,Goodluck,madoran,288,monk,windwalker,6,3,3
14206,Mlngo,illidan,288,monk,windwalker,6,3,3
14207,Detox,sargeras,288,monk,windwalker,6,3,3
14208,Bromonster,zuljin,288,monk,windwalker,6,3,3
14209,Raires,tichondrius,288,monk,windwalker,6,3,3
14210,Lidä,tichondrius,288,monk,windwalker,6,3,3
14211,Monklad,malganis,288,monk,windwalker,6,3,3
14212,Tictox,sargeras,288,monk,windwalker,6,3,3
14213,Mgzx,kelthuzad,288,monk,windwalker,6,3,3
14214,Muffinz,shattered-halls,288,monk,windwalker,6,3,3
14215,Hitman,thrall,288,monk,windwalker,6,3,3
14216,Pinkgucci,thrall,288,monk,windwalker,6,3,3
14217,Choibaedal,tichondrius,288,monk,windwalker,6,3,3
14218,Karkata,sargeras,288,monk,windwalker,6,3,3
14219,Atezo,tichondrius,288,monk,windwalker,6,3,3
14220,Silestial,sargeras,288,monk,windwalker,6,3,3
14221,Sylash,ragnaros,288,monk,windwalker,6,3,3
14222,Rafyww,tichondrius,288,monk,windwalker,6,3,3
14223,Highaskite,tichondrius,288,monk,windwalker,6,3,3
14224,Kárma,malganis,288,monk,windwalker,6,3,3
14225,Mitras,dragonblight,288,monk,windwalker,6,3,3
14226,Lomist,nazjatar,288,monk,windwalker,6,3,3
14227,Mcfluffey,area-52,288,monk,windwalker,6,3,3
14228,Dripharder,tichondrius,288,monk,windwalker,6,3,3
14229,Hábìtz,area-52,288,monk,windwalker,6,3,3
14230,Bogez,area-52,288,monk,windwalker,6,3,3
14231,Frimayadri,area-52,288,monk,windwalker,6,3,3
14232,Trunkx,area-52,288,monk,windwalker,6,3,3
14233,Idonthustle,area-52,288,monk,windwalker,6,3,3
14234,Dynamo,blackrock,288,monk,windwalker,6,3,3
14235,Giatzo,barthilas,288,monk,windwalker,6,3,3
14236,Mistérfister,blackrock,288,monk,windwalker,6,3,3
14237,Reflexsivex,malganis,288,monk,windwalker,6,3,3
14238,Rhonco,quelthalas,288,monk,windwalker,6,3,3
14239,Imasterl,proudmoore,288,monk,windwalker,6,3,3
14240,Madtigon,scilla,288,monk,windwalker,6,3,3
14241,Slurrpslutt,proudmoore,288,monk,windwalker,6,3,3
14242,Daspmonk,nagrand,288,monk,windwalker,6,3,3
14243,Sosm,kelthuzad,288,monk,windwalker,6,3,3
14244,Spaaca,kelthuzad,288,monk,windwalker,6,3,3
14245,Vova,bleeding-hollow,288,monk,windwalker,12,3,9
14246,Honkbazz,illidan,288,monk,windwalker,12,3,9
14247,Dmhsaint,sargeras,288,monk,windwalker,12,3,9
14248,Rockxtv,illidan,288,monk,windwalker,12,3,9
14249,Tippytap,bleeding-hollow,288,monk,windwalker,12,3,9
14250,Paramendic,frostwolf,288,monk,windwalker,12,3,9
14251,Breakbonez,dalaran,288,monk,windwalker,12,3,9
14252,Hira,zuljin,288,monk,windwalker,12,3,9
14253,Luckystrike,area-52,288,monk,windwalker,12,3,9
14254,Meatcleave,kiljaeden,288,monk,windwalker,12,3,9
14255,Bujiburger,frostmourne,288,monk,windwalker,12,3,9
14256,Pandalex,draenor,287,monk,windwalker,6,3,3
14257,Liänä,quelthalas,287,monk,windwalker,6,3,3
14258,Brewmooser,area-52,287,monk,windwalker,6,3,3
14259,Gaziee,tichondrius,271,monk,windwalker,11,3,8
14260,Ighostgirls,thrall,239,monk,windwalker,5,3,2
14261,Raskalnikov,kelthuzad,201,monk,windwalker,14,4,10
14262,Klamfu,thrall,192,monk,windwalker,4,3,1
14263,Mùk,tichondrius,192,monk,windwalker,4,3,1
14264,Kfchi,tichondrius,192,monk,windwalker,4,3,1
14265,Novoctek,quelthalas,192,monk,windwalker,6,2,4
14266,Mannkin,zuluhed,192,monk,windwalker,6,2,4
14267,Maisoftheart,barthilas,192,monk,windwalker,6,2,4
14268,Paracetamonk,kelthuzad,192,monk,windwalker,6,2,4
14269,Liw,quelthalas,192,monk,windwalker,6,2,4
14270,Jüdo,barthilas,192,monk,windwalker,6,2,4
14271,Excalibrew,malganis,192,monk,windwalker,6,2,4
14272,Icesmoker,frostmourne,192,monk,windwalker,6,2,4
14273,Induhca,area-52,192,monk,windwalker,6,2,4
14274,Monkuban,destromath,192,monk,windwalker,6,2,4
14275,Madbuffz,nemesis,192,monk,windwalker,6,2,4
14276,Ked,ragnaros,192,monk,windwalker,6,2,4
14277,Röllup,area-52,192,monk,windwalker,6,2,4
14278,Lìpz,zuljin,192,monk,windwalker,6,2,4
14279,Fistpumps,thrall,192,monk,windwalker,6,2,4
14280,Coomerww,kelthuzad,192,monk,windwalker,6,2,4
14281,Thöran,ragnaros,192,monk,windwalker,6,2,4
14282,Ghooch,illidan,192,monk,windwalker,6,2,4
14283,Sickbanga,barthilas,192,monk,windwalker,6,2,4
14284,Strongmandan,twisting-nether,192,monk,windwalker,6,2,4
14285,Bvndio,ragnaros,192,monk,windwalker,6,2,4
14286,Giorhno,ragnaros,192,monk,windwalker,6,2,4
14287,Taringa,drakkari,192,monk,windwalker,6,2,4
14288,Hutmok,dalaran,192,monk,windwalker,6,2,4
14289,Toxicaff,dalaran,192,monk,windwalker,6,2,4
14290,Tadaku,dalaran,192,monk,windwalker,6,2,4
14291,Epî,tichondrius,192,monk,windwalker,6,2,4
14292,Spirits,dreadmaul,192,monk,windwalker,6,2,4
14293,Flicksx,arthas,192,monk,windwalker,6,2,4
14294,Monkbro,altar-of-storms,192,monk,windwalker,6,2,4
14295,Selfless,gilneas,192,monk,windwalker,6,2,4
14296,Homunculusx,bleeding-hollow,192,monk,windwalker,6,2,4
14297,Salanzoww,bleeding-hollow,192,monk,windwalker,6,2,4
14298,Xarra,bleeding-hollow,192,monk,windwalker,6,2,4
14299,Wât,bleeding-hollow,192,monk,windwalker,6,2,4
14300,Pvptone,bleeding-hollow,192,monk,windwalker,6,2,4
14301,Deyasth,zuljin,192,monk,windwalker,6,2,4
14302,Gumrag,illidan,192,monk,windwalker,6,2,4
14303,Öñlýfåñs,tichondrius,192,monk,windwalker,6,2,4
14304,Flattswwjr,tichondrius,192,monk,windwalker,6,2,4
14305,Sinistuhm,tichondrius,192,monk,windwalker,6,2,4
14306,Fuchizaki,ragnaros,192,monk,windwalker,6,2,4
14307,Imafqnbaby,tichondrius,192,monk,windwalker,6,2,4
14308,Romeoe,muradin,192,monk,windwalker,6,2,4
14309,Machita,spirestone,192,monk,windwalker,6,2,4
14310,Weewalker,wyrmrest-accord,192,monk,windwalker,6,2,4
14311,Youngnudy,sargeras,192,monk,windwalker,6,2,4
14312,Lonebamboo,tichondrius,192,monk,windwalker,6,2,4
14313,Deathgoku,norgannon,192,monk,windwalker,6,2,4
14314,Rampant,anubarak,192,monk,windwalker,6,2,4
14315,Cranjis,agamaggan,192,monk,windwalker,6,2,4
14316,Resolver,stormscale,192,monk,windwalker,6,2,4
14317,Takazawas,bonechewer,192,monk,windwalker,6,2,4
14318,Gøldéngødx,tichondrius,192,monk,windwalker,6,2,4
14319,Troutz,sargeras,192,monk,windwalker,6,2,4
14320,Bhoredom,kiljaeden,192,monk,windwalker,6,2,4
14321,Hossdelgadoe,kiljaeden,192,monk,windwalker,6,2,4
14322,Saywha,windrunner,192,monk,windwalker,6,2,4
14323,Senseixww,sargeras,192,monk,windwalker,6,2,4
14324,Joreg,moon-guard,192,monk,windwalker,6,2,4
14325,Transcend,nerzhul,192,monk,windwalker,6,2,4
14326,Möösê,moon-guard,192,monk,windwalker,6,2,4
14327,Averagéjoe,tichondrius,192,monk,windwalker,6,2,4
14328,Silkzy,frostwolf,192,monk,windwalker,6,2,4
14329,Privix,tichondrius,192,monk,windwalker,6,2,4
14330,Hydraoxy,moon-guard,192,monk,windwalker,6,2,4
14331,Kitfisty,kiljaeden,192,monk,windwalker,6,2,4
14332,Eliwenn,ragnaros,192,monk,windwalker,12,2,10
14333,Dankestkhan,korialstrasz,192,monk,windwalker,12,2,10
14334,Razekahl,wyrmrest-accord,192,monk,windwalker,12,2,10
14335,Wheatsli,malganis,159,monk,windwalker,5,2,3
14336,Goku,frostmourne,159,monk,windwalker,5,2,3
14337,Clytpuncher,emerald-dream,159,monk,windwalker,5,2,3
14338,Fendi,stormrage,159,monk,windwalker,5,2,3
14339,Habzz,tichondrius,159,monk,windwalker,5,2,3
14340,Chisuschrist,hyjal,144,monk,windwalker,9,2,7
14341,Broomooster,bleeding-hollow,138,monk,windwalker,17,6,11
14342,Raninn,bleeding-hollow,128,monk,windwalker,4,2,2
14343,Prettyflacko,thrall,128,monk,windwalker,4,2,2
14344,Heartsies,sargeras,128,monk,windwalker,4,2,2
14345,Neaxain,tichondrius,96,monk,windwalker,3,2,1
14346,Jayjaybrew,area-52,96,monk,windwalker,3,2,1
14347,Giriom,thrall,96,monk,windwalker,6,1,5
14348,Siddharthä,barthilas,96,monk,windwalker,6,1,5
14349,Cerocool,hyjal,96,monk,windwalker,6,1,5
14350,Molsonicee,tichondrius,96,monk,windwalker,6,1,5
14351,Forestweaver,area-52,96,monk,windwalker,6,1,5
14352,Srgtbingo,azgalor,96,monk,windwalker,6,1,5
14353,Smigz,area-52,96,monk,windwalker,6,1,5
14354,Phukyu,moon-guard,96,monk,windwalker,6,1,5
14355,Buddaba,tichondrius,96,monk,windwalker,6,1,5
14356,Ischys,kelthuzad,96,monk,windwalker,6,1,5
14357,Sanemi,amanthul,96,monk,windwalker,6,1,5
14358,Munnk,stormreaver,96,monk,windwalker,6,1,5
14359,Saruyo,frostmourne,96,monk,windwalker,6,1,5
14360,Æsir,moon-guard,96,monk,windwalker,6,1,5
14361,Sprinkli,sargeras,96,monk,windwalker,6,1,5
14362,Lainerya,moon-guard,96,monk,windwalker,6,1,5
14363,Yípman,uldum,96,monk,windwalker,6,1,5
14364,Windlordx,illidan,96,monk,windwalker,6,1,5
14365,Teewin,area-52,96,monk,windwalker,6,1,5
14366,Imingleejr,illidan,96,monk,windwalker,6,1,5
14367,Bwan,kelthuzad,96,monk,windwalker,6,1,5
14368,Cudzingtin,dalaran,96,monk,windwalker,6,1,5
14369,Memurk,bleeding-hollow,96,monk,windwalker,6,1,5
14370,Obiiwan,tichondrius,96,monk,windwalker,6,1,5
14371,Mistyfist,bleeding-hollow,96,monk,windwalker,6,1,5
14372,Chipócluda,ragnaros,96,monk,windwalker,6,1,5
14373,Chunlee,tichondrius,96,monk,windwalker,6,1,5
14374,Piccolo,emerald-dream,96,monk,windwalker,6,1,5
14375,Zinque,emerald-dream,96,monk,windwalker,6,1,5
14376,Okuraseru,bleeding-hollow,96,monk,windwalker,6,1,5
14377,Fínzy,ragnaros,96,monk,windwalker,6,1,5
14378,Leisa,jaedenar,79,monk,windwalker,5,1,4
14379,Zhatafaq,ragnaros,48,monk,windwalker,3,1,2
14380,Kreese,rivendare,42,monk,windwalker,9,2,7
14381,Notamønk,bonechewer,31,monk,windwalker,2,1,1
14382,Cosetteb,proudmoore,31,monk,windwalker,2,1,1
14383,Mommysalamii,moon-guard,16,monk,windwalker,1,1,0
14384,Rèxpéi,area-52,2157,paladin,holy,84,48,36
14385,Pattar,area-52,2107,paladin,holy,66,37,29
14386,Sunita,arthas,2085,paladin,holy,183,94,89
14387,Holylolz,ragnaros,2046,paladin,holy,156,79,77
14388,Tmborn,tichondrius,2035,paladin,holy,89,40,49
14389,Digglesx,area-52,2012,paladin,holy,78,35,43
14390,Thejustice,tichondrius,2007,paladin,holy,64,37,27
14391,Bilmurii,zuljin,1979,paladin,holy,84,46,38
14392,Braindeadrsj,anetheron,1939,paladin,holy,125,71,54
14393,Eskerda,azralon,1939,paladin,holy,160,77,83
14394,Bombboyoz,area-52,1936,paladin,holy,84,44,40
14395,Hamsti,sargeras,1909,paladin,holy,125,63,62
14396,Flashv,barthilas,1896,paladin,holy,62,32,30
14397,Angrycubanx,black-dragonflight,1887,paladin,holy,50,25,25
14398,Nyctemavanna,ragnaros,1863,paladin,holy,82,44,38
14399,Curator,emerald-dream,1859,paladin,holy,56,29,27
14400,Dreathhammer,muradin,1849,paladin,holy,42,24,18
14401,Nickimahoj,tichondrius,1841,paladin,holy,52,27,25
14402,Dýstopia,stormrage,1841,paladin,holy,41,21,20
14403,Skillenjoyer,tichondrius,1839,paladin,holy,78,49,29
14404,Cynthianna,tichondrius,1839,paladin,holy,116,61,55
14405,Csupremacy,tichondrius,1839,paladin,holy,64,30,34
14406,Bushyy,tichondrius,1838,paladin,holy,54,26,28
14407,Saacbot,area-52,1831,paladin,holy,69,25,44
14408,Ðáx,sargeras,1828,paladin,holy,75,39,36
14409,Ppgdx,azralon,1826,paladin,holy,78,34,44
14410,Cyphinx,darkspear,1822,paladin,holy,103,48,55
14411,Memnoche,frostmane,1821,paladin,holy,89,53,36
14412,Sacbubldead,area-52,1820,paladin,holy,126,79,47
14413,Truluck,area-52,1820,paladin,holy,111,56,55
14414,Deadlyassian,sargeras,1819,paladin,holy,100,54,46
14415,Fonypally,tichondrius,1815,paladin,holy,332,171,161
14416,Scamlikely,tichondrius,1811,paladin,holy,84,45,39
14417,Fukndibs,kiljaeden,1811,paladin,holy,172,85,87
14418,Sd,kelthuzad,1811,paladin,holy,123,59,64
14419,Bubblist,tichondrius,1811,paladin,holy,68,28,40
14420,Bravepl,tichondrius,1808,paladin,holy,73,28,45
14421,Overwhelm,muradin,1806,paladin,holy,40,22,18
14422,Ængelic,barthilas,1803,paladin,holy,202,107,95
14423,Dyppally,moon-guard,1803,paladin,holy,102,51,51
14424,Wtbmana,frostmourne,1801,paladin,holy,72,39,33
14425,Amourranth,stormrage,1785,paladin,holy,52,30,22
14426,Airbad,tichondrius,1785,paladin,holy,53,23,30
14427,Judgejim,barthilas,1784,paladin,holy,120,52,68
14428,Fixyouz,mannoroth,1779,paladin,holy,52,27,25
14429,Veejayx,tichondrius,1775,paladin,holy,44,21,23
14430,Sde,kelthuzad,1771,paladin,holy,65,30,35
14431,Hongwoosang,tichondrius,1770,paladin,holy,140,64,76
14432,Zilea,kiljaeden,1768,paladin,holy,48,24,24
14433,Sojupapi,area-52,1765,paladin,holy,90,42,48
14434,Hps,argent-dawn,1759,paladin,holy,42,22,20
14435,Duallkore,stormrage,1751,paladin,holy,54,26,28
14436,Defensezone,tichondrius,1749,paladin,holy,74,36,38
14437,Mvpj,medivh,1743,paladin,holy,135,72,63
14438,Beyondsausag,malganis,1734,paladin,holy,53,24,29
14439,Ihaveajob,zuluhed,1730,paladin,holy,42,23,19
14440,Brynnhild,stormrage,1722,paladin,holy,102,55,47
14441,Pelletbrain,emerald-dream,1719,paladin,holy,126,61,65
14442,Dracfire,zuljin,1716,paladin,holy,33,19,14
14443,Ddeuk,tichondrius,1716,paladin,holy,271,143,128
14444,Softsister,tichondrius,1713,paladin,holy,42,22,20
14445,Bpalaayo,kelthuzad,1706,paladin,holy,66,26,40
14446,Taargaryenn,tichondrius,1701,paladin,holy,60,32,28
14447,Richpiana,nathrezim,1697,paladin,holy,82,43,39
14448,Fortold,bloodhoof,1692,paladin,holy,54,23,31
14449,Virabelle,gurubashi,1690,paladin,holy,48,25,23
14450,Landrysdad,malorne,1690,paladin,holy,48,24,24
14451,Evylinn,burning-legion,1680,paladin,holy,120,66,54
14452,Tenêbrae,area-52,1674,paladin,holy,52,33,19
14453,Sàga,hyjal,1671,paladin,holy,47,26,21
14454,Cheerleader,bleeding-hollow,1668,paladin,holy,138,62,76
14455,Imshmackedd,darkspear,1663,paladin,holy,84,35,49
14456,Sacridas,fizzcrank,1657,paladin,holy,36,20,16
14457,Guerrer,hyjal,1656,paladin,holy,315,167,148
14458,Zunit,laughing-skull,1656,paladin,holy,46,22,24
14459,Minefujiko,tichondrius,1651,paladin,holy,353,181,172
14460,Pallice,queldorei,1651,paladin,holy,96,43,53
14461,Xciss,kiljaeden,1650,paladin,holy,101,46,55
14462,Bombboyozjr,area-52,1649,paladin,holy,30,20,10
14463,Chenzo,exodar,1649,paladin,holy,48,24,24
14464,Hats,icecrown,1644,paladin,holy,142,67,75
14465,Ppgddxx,azralon,1643,paladin,holy,30,18,12
14466,Nerfretpls,area-52,1642,paladin,holy,42,20,22
14467,Tylennis,archimonde,1641,paladin,holy,132,56,76
14468,Dazargeros,moon-guard,1638,paladin,holy,132,66,66
14469,Ellyarian,emerald-dream,1635,paladin,holy,42,22,20
14470,Yuuichi,moon-guard,1634,paladin,holy,64,29,35
14471,Deepnasty,galakrond,1632,paladin,holy,36,21,15
14472,Enzõ,illidan,1632,paladin,holy,42,23,19
14473,Caveyodeler,zuluhed,1620,paladin,holy,30,17,13
14474,Ascion,tichondrius,1614,paladin,holy,119,58,61
14475,Zergmé,executus,1610,paladin,holy,42,21,21
14476,Jealp,sargeras,1608,paladin,holy,42,26,16
14477,Larryhoova,malganis,1608,paladin,holy,36,20,16
14478,Crâfty,bleeding-hollow,1608,paladin,holy,83,45,38
14479,Gjoker,azralon,1600,paladin,holy,42,25,17
14480,Pála,dalaran,1600,paladin,holy,158,76,82
14481,Jiraya,nemesis,1598,paladin,holy,79,39,40
14482,Perfect,crushridge,1597,paladin,holy,32,18,14
14483,Wuhb,aerie-peak,1596,paladin,holy,88,44,44
14484,Avengom,tichondrius,1596,paladin,holy,277,138,139
14485,Saveursavior,bleeding-hollow,1595,paladin,holy,99,49,50
14486,Boomda,tichondrius,1585,paladin,holy,62,32,30
14487,Regivän,azralon,1575,paladin,holy,78,39,39
14488,Pasda,frostmourne,1575,paladin,holy,53,22,31
14489,Scoopzi,frostmourne,1570,paladin,holy,38,20,18
14490,Teenytoots,burning-legion,1568,paladin,holy,51,19,32
14491,Erikx,smolderthorn,1566,paladin,holy,78,44,34
14492,Beejae,stormreaver,1565,paladin,holy,41,17,24
14493,Hônòr,thrall,1564,paladin,holy,51,29,22
14494,Rhunon,dalaran,1563,paladin,holy,48,23,25
14495,Forsakenlite,sargeras,1558,paladin,holy,84,36,48
14496,Gorgona,illidan,1551,paladin,holy,107,53,54
14497,Crabsaladpal,illidan,1550,paladin,holy,112,62,50
14498,Handsomedan,twisting-nether,1550,paladin,holy,54,26,28
14499,Samaze,tichondrius,1547,paladin,holy,51,29,22
14500,Jiberish,illidan,1543,paladin,holy,86,41,45
14501,Solfire,stormreaver,1540,paladin,holy,56,24,32
14502,Discordnitro,illidan,1539,paladin,holy,36,20,16
14503,Ivan,tichondrius,1534,paladin,holy,48,17,31
14504,Nrpzy,stormrage,1532,paladin,holy,59,31,28
14505,Paladinaa,lothar,1529,paladin,holy,74,33,41
14506,Galeras,norgannon,1525,paladin,holy,82,37,45
14507,Rodrigo,frostmourne,1524,paladin,holy,69,34,35
14508,Kidstable,nathrezim,1523,paladin,holy,70,27,43
14509,Riptonix,stormrage,1522,paladin,holy,117,63,54
14510,Beyönd,quelthalas,1520,paladin,holy,78,39,39
14511,Rarth,nemesis,1519,paladin,holy,35,18,17
14512,Bigoldman,tichondrius,1519,paladin,holy,72,37,35
14513,Sinfolly,whisperwind,1510,paladin,holy,42,19,23
14514,Luminainre,zuljin,1510,paladin,holy,48,21,27
14515,Humañ,tichondrius,1507,paladin,holy,60,32,28
14516,Raigha,stormrage,1507,paladin,holy,30,16,14
14517,Cjqcjq,tichondrius,1507,paladin,holy,41,21,20
14518,Kdex,tichondrius,1505,paladin,holy,84,37,47
14519,Ageroÿ,sargeras,1503,paladin,holy,61,31,30
14520,Doofum,stormrage,1503,paladin,holy,131,58,73
14521,Prettylightx,kelthuzad,1500,paladin,holy,89,43,46
14522,Rg,nerzhul,1496,paladin,holy,179,86,93
14523,Jeromee,area-52,1496,paladin,holy,48,19,29
14524,Lightkillerx,thrall,1494,paladin,holy,84,37,47
14525,Ibury,quelthalas,1492,paladin,holy,101,46,55
14526,Gospel,duskwood,1490,paladin,holy,47,23,24
14527,Drägonmynuts,tichondrius,1488,paladin,holy,79,29,50
14528,Handyandy,kelthuzad,1487,paladin,holy,94,50,44
14529,Daenrahh,azralon,1487,paladin,holy,152,79,73
14530,Allitharis,tichondrius,1486,paladin,holy,97,53,44
14531,Dreadrot,azralon,1484,paladin,holy,46,24,22
14532,Condone,earthen-ring,1484,paladin,holy,90,41,49
14533,Runihaveaids,stormrage,1483,paladin,holy,77,37,40
14534,Gazapal,thrall,1481,paladin,holy,42,25,17
14535,Brumm,quelthalas,1481,paladin,holy,65,32,33
14536,Wokeinator,malganis,1479,paladin,holy,163,89,74
14537,Senorbaxter,emerald-dream,1478,paladin,holy,48,17,31
14538,Jorik,lightbringer,1477,paladin,holy,42,20,22
14539,Granklol,tichondrius,1476,paladin,holy,50,25,25
14540,Percüles,sargeras,1473,paladin,holy,66,38,28
14541,Devöut,aggramar,1473,paladin,holy,85,40,45
14542,Judgemode,the-scryers,1468,paladin,holy,96,41,55
14543,Xinqingle,tichondrius,1465,paladin,holy,106,50,56
14544,Konvi,tichondrius,1464,paladin,holy,60,24,36
14545,Sekitar,ragnaros,1462,paladin,holy,119,55,64
14546,Cohesion,draenor,1461,paladin,holy,77,35,42
14547,Indemnity,wildhammer,1457,paladin,holy,69,40,29
14548,Orphandog,zuljin,1454,paladin,holy,23,16,7
14549,Dewlight,zuljin,1454,paladin,holy,157,75,82
14550,Amadeo,hyjal,1452,paladin,holy,65,30,35
14551,Holyterror,dentarg,1451,paladin,holy,42,23,19
14552,Zoeyxo,tichondrius,1448,paladin,holy,80,42,38
14553,Noback,ragnaros,1448,paladin,holy,66,31,35
14554,Liå,frostmourne,1447,paladin,holy,54,29,25
14555,Kihluxo,frostmourne,1446,paladin,holy,101,56,45
14556,Holyknight,veknilash,1446,paladin,holy,71,32,39
14557,Sigmapepe,quelthalas,1444,paladin,holy,84,48,36
14558,Bushÿ,tichondrius,1444,paladin,holy,88,50,38
14559,Celsica,kelthuzad,1444,paladin,holy,90,42,48
14560,Holyprotectr,tichondrius,1442,paladin,holy,30,17,13
14561,Careless,malganis,1435,paladin,holy,30,15,15
14562,Kustp,tichondrius,1428,paladin,holy,33,19,14
14563,Mabia,tichondrius,1421,paladin,holy,215,111,104
14564,Jpwx,barthilas,1419,paladin,holy,30,15,15
14565,Saeranella,moon-guard,1419,paladin,holy,88,37,51
14566,Danpros,azralon,1417,paladin,holy,66,24,42
14567,Splashleyy,bleeding-hollow,1413,paladin,holy,30,15,15
14568,Xuanxingchai,tichondrius,1413,paladin,holy,72,30,42
14569,Donkeydumper,wyrmrest-accord,1407,paladin,holy,88,48,40
14570,Wonpai,frostmourne,1406,paladin,holy,30,15,15
14571,Gankstapwn,tichondrius,1405,paladin,holy,36,16,20
14572,Moonmi,tichondrius,1403,paladin,holy,115,61,54
14573,Talantyr,zuljin,1398,paladin,holy,48,23,25
14574,Decalli,tichondrius,1391,paladin,holy,63,31,32
14575,Nanøha,frostmourne,1391,paladin,holy,82,22,60
14576,Anea,kelthuzad,1388,paladin,holy,32,17,15
14577,Summercarma,area-52,1387,paladin,holy,27,15,12
14578,Vurian,uther,1387,paladin,holy,66,28,38
14579,Heaven,gurubashi,1382,paladin,holy,35,16,19
14580,Leónrey,stormrage,1382,paladin,holy,45,15,30
14581,Rezmefool,tichondrius,1377,paladin,holy,103,46,57
14582,Nxkita,sargeras,1376,paladin,holy,36,18,18
14583,Twck,hyjal,1374,paladin,holy,114,55,59
14584,Lu,the-venture-co,1371,paladin,holy,34,15,19
14585,Fiate,azralon,1370,paladin,holy,36,16,20
14586,Therealdeal,sargeras,1362,paladin,holy,39,23,16
14587,Holyhades,auchindoun,1360,paladin,holy,85,46,39
14588,Danyuel,zuljin,1354,paladin,holy,56,20,36
14589,Tiernoo,illidan,1354,paladin,holy,44,15,29
14590,Galabanja,malganis,1350,paladin,holy,42,24,18
14591,Hawtwangs,proudmoore,1349,paladin,holy,48,26,22
14592,Dadcantsac,frostmourne,1348,paladin,holy,45,18,27
14593,Flippo,sargeras,1346,paladin,holy,36,17,19
14594,Miswalkpally,ragnaros,1342,paladin,holy,30,14,16
14595,Holymooie,frostmourne,1341,paladin,holy,24,14,10
14596,Choonsly,tichondrius,1339,paladin,holy,48,25,23
14597,Hodl,barthilas,1338,paladin,holy,89,47,42
14598,Uxe,zuljin,1338,paladin,holy,36,14,22
14599,Xiaoladin,frostmourne,1337,paladin,holy,25,16,9
14600,Güido,stormrage,1337,paladin,holy,42,23,19
14601,Finerkane,quelthalas,1334,paladin,holy,138,62,76
14602,Quertz,sargeras,1333,paladin,holy,23,15,8
14603,Alphanerd,burning-blade,1333,paladin,holy,55,27,28
14604,Minereth,quelthalas,1330,paladin,holy,48,24,24
14605,Goodwood,ghostlands,1330,paladin,holy,36,16,20
14606,Buri,tichondrius,1330,paladin,holy,42,17,25
14607,Vitabro,bleeding-hollow,1329,paladin,holy,53,25,28
14608,Savagegirlz,tichondrius,1329,paladin,holy,72,33,39
14609,Uprise,chogall,1328,paladin,holy,36,17,19
14610,Syrenz,khazgoroth,1327,paladin,holy,42,24,18
14611,Castleknight,tichondrius,1327,paladin,holy,36,14,22
14612,Catechism,laughing-skull,1325,paladin,holy,44,24,20
14613,Consecrated,daggerspine,1324,paladin,holy,75,30,45
14614,Ryhighh,sargeras,1324,paladin,holy,81,32,49
14615,Quadrifoglio,moon-guard,1323,paladin,holy,187,93,94
14616,Mcllovin,kiljaeden,1323,paladin,holy,60,28,32
14617,Paladinaiko,nemesis,1322,paladin,holy,111,56,55
14618,Zantdemption,frostmourne,1322,paladin,holy,30,15,15
14619,Ùnholypally,jubeithos,1316,paladin,holy,71,42,29
14620,Ozpal,burning-blade,1305,paladin,holy,38,24,14
14621,Kriegmeister,amanthul,1305,paladin,holy,30,14,16
14622,Santiadin,ragnaros,1304,paladin,holy,20,15,5
14623,Sorkar,tichondrius,1301,paladin,holy,129,66,63
14624,Affrika,ysondre,1298,paladin,holy,86,44,42
14625,Ironpaladin,sargeras,1297,paladin,holy,90,39,51
14626,Sinay,azshara,1296,paladin,holy,34,22,12
14627,Röniin,ragnaros,1295,paladin,holy,178,94,84
14628,Jestiny,amanthul,1290,paladin,holy,49,28,21
14629,Errant,bonechewer,1285,paladin,holy,47,27,20
14630,Negodoskate,nemesis,1282,paladin,holy,159,79,80
14631,Tandury,tichondrius,1277,paladin,holy,42,22,20
14632,Vithar,bleeding-hollow,1276,paladin,holy,98,47,51
14633,Malakor,thrall,1274,paladin,holy,45,22,23
14634,Merll,ragnaros,1265,paladin,holy,115,55,60
14635,Pallin,sargeras,1264,paladin,holy,90,41,49
14636,Quarall,blackhand,1263,paladin,holy,52,25,27
14637,Salipally,dalaran,1258,paladin,holy,101,46,55
14638,Thorfinaa,moon-guard,1257,paladin,holy,23,14,9
14639,Holysplonk,stonemaul,1255,paladin,holy,72,30,42
14640,Wukongsunn,dalaran,1251,paladin,holy,30,14,16
14641,Brenenk,quelthalas,1247,paladin,holy,59,28,31
14642,Colbroggins,crushridge,1246,paladin,holy,36,18,18
14643,Mayru,ragnaros,1245,paladin,holy,24,13,11
14644,Bubblepigo,tichondrius,1243,paladin,holy,36,22,14
14645,Sologriefer,sargeras,1242,paladin,holy,30,13,17
14646,Scarlet,skywall,1241,paladin,holy,30,13,17
14647,Undefeatæd,korgath,1238,paladin,holy,36,18,18
14648,Barbaluzz,quelthalas,1236,paladin,holy,93,46,47
14649,Kristienna,boulderfist,1236,paladin,holy,35,16,19
14650,Cbm,tichondrius,1235,paladin,holy,23,14,9
14651,Dimior,quelthalas,1235,paladin,holy,30,15,15
14652,Kencyxx,tichondrius,1233,paladin,holy,30,13,17
14653,Oldgrumpster,stormrage,1232,paladin,holy,81,37,44
14654,Bubblebuddyx,tichondrius,1231,paladin,holy,29,13,16
14655,Aoishie,bleeding-hollow,1229,paladin,holy,84,38,46
14656,Justizz,vashj,1228,paladin,holy,65,35,30
14657,Enuug,malfurion,1226,paladin,holy,42,23,19
14658,Mundomaloo,quelthalas,1226,paladin,holy,59,31,28
14659,Crocfacex,tichondrius,1226,paladin,holy,46,18,28
14660,Elizzabeth,skullcrusher,1220,paladin,holy,35,21,14
14661,Ramspartan,drakkari,1218,paladin,holy,106,52,54
14662,Bárdokø,ragnaros,1215,paladin,holy,42,21,21
14663,Boarfarmer,tichondrius,1215,paladin,holy,81,35,46
14664,Saffranzord,azralon,1214,paladin,holy,73,35,38
14665,Kamaelyn,proudmoore,1211,paladin,holy,127,65,62
14666,Diebeatus,zuljin,1210,paladin,holy,42,18,24
14667,Hóbbs,trollbane,1210,paladin,holy,95,35,60
14668,Capedcrusade,area-52,1208,paladin,holy,24,13,11
14669,Yérn,barthilas,1208,paladin,holy,42,15,27
14670,Deepsearide,illidan,1207,paladin,holy,48,26,22
14671,Mörphêus,tichondrius,1197,paladin,holy,54,30,24
14672,Encantado,thrall,1196,paladin,holy,31,15,16
14673,Shorthordeon,kelthuzad,1194,paladin,holy,54,30,24
14674,Dbolpala,frostmourne,1192,paladin,holy,48,26,22
14675,Holyredx,bleeding-hollow,1184,paladin,holy,78,40,38
14676,Sixtynine,nathrezim,1180,paladin,holy,78,35,43
14677,Dawnhammer,mugthol,1178,paladin,holy,36,19,17
14678,Myrthedara,kargath,1178,paladin,holy,33,16,17
14679,Hawianbread,stormrage,1174,paladin,holy,24,13,11
14680,Hammercy,tichondrius,1169,paladin,holy,55,30,25
14681,Solanin,frostmourne,1169,paladin,holy,51,26,25
14682,Coltlocks,sargeras,1168,paladin,holy,36,14,22
14683,Ziggzag,hyjal,1155,paladin,holy,66,29,37
14684,Onecmpeter,kelthuzad,1152,paladin,holy,67,38,29
14685,Htmlar,tichondrius,1152,paladin,holy,33,14,19
14686,Dwarrior,quelthalas,1151,paladin,holy,24,12,12
14687,Colepal,zuljin,1151,paladin,holy,30,12,18
14688,Dageraad,tichondrius,1150,paladin,holy,24,12,12
14689,Boxjang,tichondrius,1149,paladin,holy,24,12,12
14690,Dodgeandhoj,nerzhul,1147,paladin,holy,24,12,12
14691,Kevinthecube,nerzhul,1146,paladin,holy,18,12,6
14692,Bubblebooty,drakthul,1146,paladin,holy,48,30,18
14693,Renteria,sargeras,1144,paladin,holy,24,12,12
14694,Kënsi,quelthalas,1141,paladin,holy,134,68,66
14695,Dazztrain,barthilas,1139,paladin,holy,24,12,12
14696,Exxin,turalyon,1139,paladin,holy,90,40,50
14697,Shocka,norgannon,1138,paladin,holy,84,47,37
14698,Flareous,moon-guard,1138,paladin,holy,30,12,18
14699,Crüst,proudmoore,1135,paladin,holy,24,12,12
14700,Toroke,nemesis,1133,paladin,holy,42,23,19
14701,Whangsta,tichondrius,1131,paladin,holy,24,12,12
14702,Toesy,area-52,1128,paladin,holy,46,17,29
14703,Dóminos,quelthalas,1127,paladin,holy,24,12,12
14704,Stompcomp,tichondrius,1127,paladin,holy,59,29,30
14705,Maeyz,sargeras,1126,paladin,holy,36,12,24
14706,Kentö,area-52,1123,paladin,holy,30,14,16
14707,Balanoriaa,azralon,1122,paladin,holy,50,24,26
14708,Faileeria,malganis,1121,paladin,holy,24,16,8
14709,Darkbringer,frostmourne,1121,paladin,holy,24,12,12
14710,Bonz,ragnaros,1121,paladin,holy,24,12,12
14711,Biwi,zuljin,1115,paladin,holy,61,25,36
14712,Chopsparks,khadgar,1109,paladin,holy,92,43,49
14713,Acori,azralon,1108,paladin,holy,39,18,21
14714,Zowolf,quelthalas,1107,paladin,holy,47,24,23
14715,Daik,proudmoore,1105,paladin,holy,18,12,6
14716,Lovehan,tichondrius,1103,paladin,holy,27,12,15
14717,Holysols,zuljin,1102,paladin,holy,24,12,12
14718,Swordstrikes,tichondrius,1096,paladin,holy,23,12,11
14719,Rykeran,warsong,1088,paladin,holy,72,43,29
14720,Lobõ,ragnaros,1086,paladin,holy,48,18,30
14721,Maín,tichondrius,1085,paladin,holy,22,12,10
14722,Liadrin,sentinels,1085,paladin,holy,29,12,17
14723,Teloniow,quelthalas,1084,paladin,holy,38,19,19
14724,Spikele,barthilas,1079,paladin,holy,30,13,17
14725,Vasar,tichondrius,1070,paladin,holy,19,13,6
14726,Lycheelz,illidan,1064,paladin,holy,48,26,22
14727,Unworn,proudmoore,1064,paladin,holy,36,17,19
14728,Vidalia,barthilas,1062,paladin,holy,23,12,11
14729,Buckybarnes,gorefiend,1060,paladin,holy,36,23,13
14730,Hivers,stormrage,1059,paladin,holy,42,18,24
14731,Overthrrow,kelthuzad,1058,paladin,holy,107,55,52
14732,Mèdic,illidan,1057,paladin,holy,62,34,28
14733,Burgalveist,azgalor,1056,paladin,holy,19,12,7
14734,Odriew,sargeras,1056,paladin,holy,18,11,7
14735,Bushys,tichondrius,1055,paladin,holy,18,11,7
14736,Waifu,area-52,1055,paladin,holy,18,11,7
14737,Rajava,gallywix,1054,paladin,holy,42,22,20
14738,Wonpaiv,frostmourne,1054,paladin,holy,23,11,12
14739,Aldrion,stormrage,1054,paladin,holy,24,11,13
14740,Amiigo,tichondrius,1052,paladin,holy,24,11,13
14741,Malakk,zuljin,1051,paladin,holy,47,25,22
14742,Ramhammerz,sargeras,1051,paladin,holy,54,23,31
14743,Kolmourn,deathwing,1048,paladin,holy,30,11,19
14744,Ëd,moon-guard,1045,paladin,holy,129,62,67
14745,Oralen,daggerspine,1044,paladin,holy,24,11,13
14746,Hybbo,runetotem,1042,paladin,holy,24,12,12
14747,Mcduss,proudmoore,1037,paladin,holy,18,11,7
14748,Sinara,detheroc,1037,paladin,holy,90,39,51
14749,Jacobhowda,tichondrius,1037,paladin,holy,30,11,19
14750,Lukas,vashj,1033,paladin,holy,95,46,49
14751,Va,onyxia,1029,paladin,holy,54,26,28
14752,Ahundo,stonemaul,1022,paladin,holy,35,18,17
14753,Center,ragnaros,1022,paladin,holy,23,11,12
14754,Iamholyman,dragonmaw,1014,paladin,holy,29,14,15
14755,Vamir,magtheridon,1014,paladin,holy,30,13,17
14756,Ihr,kiljaeden,1013,paladin,holy,63,28,35
14757,Jazzmatic,dalaran,1012,paladin,holy,23,11,12
14758,Minouther,area-52,1012,paladin,holy,48,17,31
14759,Palaadiin,sargeras,1009,paladin,holy,36,18,18
14760,Nugsbunne,tichondrius,1008,paladin,holy,104,42,62
14761,Paulx,malganis,999,paladin,holy,75,40,35
14762,Gigadunker,tichondrius,999,paladin,holy,29,13,16
14763,Kaina,wildhammer,999,paladin,holy,41,16,25
14764,Chewiipal,dalaran,995,paladin,holy,15,12,3
14765,Fuzed,frostmourne,990,paladin,holy,129,65,64
14766,Agravaine,moon-guard,986,paladin,holy,23,11,12
14767,Ckemosabe,emerald-dream,985,paladin,holy,32,11,21
14768,Adventholy,tichondrius,970,paladin,holy,36,15,21
14769,Photons,emerald-dream,966,paladin,holy,24,13,11
14770,Varenka,stormrage,964,paladin,holy,29,12,17
14771,Hammerabi,moon-guard,963,paladin,holy,21,13,8
14772,Thoryin,tichondrius,960,paladin,holy,12,10,2
14773,Síríús,malganis,960,paladin,holy,15,11,4
14774,Censy,tichondrius,960,paladin,holy,18,10,8
14775,Lavarball,tichondrius,960,paladin,holy,30,10,20
14776,Kencyz,tichondrius,959,paladin,holy,18,10,8
14777,Bërzerk,zuluhed,959,paladin,holy,30,10,20
14778,Omfgitsyang,tichondrius,958,paladin,holy,12,10,2
14779,Harryhui,tichondrius,958,paladin,holy,18,10,8
14780,Klam,kelthuzad,958,paladin,holy,24,10,14
14781,Droopyz,quelthalas,957,paladin,holy,24,10,14
14782,Avahir,moon-guard,956,paladin,holy,24,10,14
14783,Raenilil,area-52,955,paladin,holy,30,12,18
14784,Gotomars,tichondrius,955,paladin,holy,30,10,20
14785,Dragonchaos,ragnaros,953,paladin,holy,27,11,16
14786,Motoa,stormrage,951,paladin,holy,18,10,8
14787,Lilfingered,malganis,951,paladin,holy,18,10,8
14788,Sventyn,frostmourne,951,paladin,holy,25,11,14
14789,Starfaith,illidan,951,paladin,holy,49,15,34
14790,Jaenus,azralon,946,paladin,holy,30,10,20
14791,Nikopala,tichondrius,945,paladin,holy,18,10,8
14792,Tolliver,area-52,944,paladin,holy,18,11,7
14793,Sloppybobby,zuljin,940,paladin,holy,18,10,8
14794,Shâka,stormrage,940,paladin,holy,33,17,16
14795,Snnow,stormrage,938,paladin,holy,24,15,9
14796,Eradrae,mannoroth,933,paladin,holy,18,10,8
14797,Saìdelia,moon-guard,929,paladin,holy,71,24,47
14798,Colombía,illidan,928,paladin,holy,48,21,27
14799,Sutadansa,doomhammer,921,paladin,holy,49,24,25
14800,Svitanie,bleeding-hollow,909,paladin,holy,62,28,34
14801,Odiinn,stormscale,906,paladin,holy,27,10,17
14802,Grumpybubble,sargeras,905,paladin,holy,19,11,8
14803,Thaedrun,hydraxis,896,paladin,holy,54,26,28
14804,Fedpowell,tichondrius,894,paladin,holy,23,10,13
14805,Monad,nazjatar,893,paladin,holy,36,15,21
14806,Shananakin,azshara,892,paladin,holy,29,13,16
14807,Huijji,illidan,891,paladin,holy,18,11,7
14808,Gênji,eldrethalas,890,paladin,holy,48,16,32
14809,Zakh,proudmoore,882,paladin,holy,26,11,15
14810,Sovice,illidan,864,paladin,holy,12,9,3
14811,Bobthemad,proudmoore,864,paladin,holy,12,9,3
14812,Trâshcårt,sargeras,864,paladin,holy,12,9,3
14813,Rachaelucky,malganis,864,paladin,holy,18,9,9
14814,Deadry,ysera,864,paladin,holy,18,9,9
14815,Zilzag,moon-guard,864,paladin,holy,23,9,14
14816,Diamondwater,tichondrius,864,paladin,holy,24,9,15
14817,Bopbotx,area-52,864,paladin,holy,31,9,22
14818,Superzero,area-52,863,paladin,holy,12,9,3
14819,Kusotarão,nemesis,861,paladin,holy,18,9,9
14820,Chånïng,frostmourne,859,paladin,holy,24,9,15
14821,Pheriox,agamaggan,858,paladin,holy,18,9,9
14822,Spamsalot,malganis,857,paladin,holy,24,9,15
14823,Holyiseasy,alleria,853,paladin,holy,29,11,18
14824,Nedorshock,stormrage,853,paladin,holy,24,9,15
14825,Maalik,thrall,844,paladin,holy,18,9,9
14826,Ascension,amanthul,826,paladin,holy,114,39,75
14827,Bainn,nerzhul,822,paladin,holy,73,31,42
14828,Psychorino,tichondrius,813,paladin,holy,21,9,12
14829,Nea,argent-dawn,808,paladin,holy,47,16,31
14830,Praisin,zuljin,805,paladin,holy,18,9,9
14831,Maleguz,azralon,797,paladin,holy,22,9,13
14832,Nualrossan,veknilash,776,paladin,holy,42,14,28
14833,Stephon,area-52,768,paladin,holy,12,8,4
14834,Alkyna,kelthuzad,768,paladin,holy,12,8,4
14835,Swellowsx,tichondrius,768,paladin,holy,12,8,4
14836,Twichy,tichondrius,768,paladin,holy,12,8,4
14837,Kensyzs,tichondrius,768,paladin,holy,18,8,10
14838,Artús,ragnaros,768,paladin,holy,18,8,10
14839,Blarr,azshara,768,paladin,holy,24,8,16
14840,Blessthfall,bleeding-hollow,768,paladin,holy,36,8,28
14841,Mhera,sargeras,767,paladin,holy,12,8,4
14842,Bestpally,alterac-mountains,767,paladin,holy,12,8,4
14843,Nume,nesingwary,767,paladin,holy,12,8,4
14844,Usebandage,sargeras,767,paladin,holy,12,8,4
14845,Palapoxi,arygos,767,paladin,holy,18,8,10
14846,Trancelancer,kelthuzad,767,paladin,holy,18,8,10
14847,Wonpai,barthilas,767,paladin,holy,18,8,10
14848,Tigranes,proudmoore,767,paladin,holy,18,8,10
14849,Miniweiner,proudmoore,767,paladin,holy,18,8,10
14850,Wálker,ragnaros,767,paladin,holy,18,8,10
14851,Jordenz,bonechewer,767,paladin,holy,18,8,10
14852,Caike,frostmourne,766,paladin,holy,12,8,4
14853,Notdjalex,zuljin,766,paladin,holy,12,8,4
14854,Hruuhwa,wyrmrest-accord,766,paladin,holy,12,8,4
14855,Bebebig,tichondrius,766,paladin,holy,12,8,4
14856,Thonar,stormrage,765,paladin,holy,12,8,4
14857,Revenere,tichondrius,765,paladin,holy,36,8,28
14858,Elogant,mannoroth,764,paladin,holy,12,8,4
14859,Grumpy,the-forgotten-coast,764,paladin,holy,12,8,4
14860,Mawning,kelthuzad,764,paladin,holy,15,9,6
14861,Pambam,thrall,763,paladin,holy,18,9,9
14862,Doidyph,frostmourne,761,paladin,holy,18,8,10
14863,Randuir,proudmoore,760,paladin,holy,18,8,10
14864,Cowladino,tichondrius,760,paladin,holy,24,8,16
14865,Clehley,turalyon,760,paladin,holy,24,8,16
14866,Vaalbara,fizzcrank,757,paladin,holy,18,8,10
14867,Blacktemplar,area-52,755,paladin,holy,18,8,10
14868,Darkwingdad,illidan,752,paladin,holy,33,13,20
14869,Willycrow,nordrassil,740,paladin,holy,18,8,10
14870,Mirotchburns,illidan,724,paladin,holy,16,9,7
14871,Stemi,kelthuzad,712,paladin,holy,29,8,21
14872,Shxz,illidan,672,paladin,holy,12,7,5
14873,Ilovecanada,sargeras,672,paladin,holy,12,7,5
14874,Xiaoholy,barthilas,672,paladin,holy,12,7,5
14875,Bubblet,bleeding-hollow,672,paladin,holy,12,7,5
14876,Busdid,sargeras,672,paladin,holy,12,7,5
14877,Boundric,emerald-dream,672,paladin,holy,12,7,5
14878,Imsuffering,zuljin,672,paladin,holy,12,7,5
14879,Crinject,sargeras,672,paladin,holy,12,7,5
14880,Everrlasting,tichondrius,672,paladin,holy,12,7,5
14881,Oîn,area-52,672,paladin,holy,12,7,5
14882,Lightswitchx,stormrage,672,paladin,holy,12,7,5
14883,Loganholy,tichondrius,672,paladin,holy,12,7,5
14884,Aulty,sargeras,672,paladin,holy,12,7,5
14885,Orekilol,stormrage,672,paladin,holy,18,7,11
14886,Stompedlawl,illidan,672,paladin,holy,24,7,17
14887,Boraz,bleeding-hollow,672,paladin,holy,36,7,29
14888,Lördnextdoor,tichondrius,671,paladin,holy,12,7,5
14889,Doktavius,lightbringer,671,paladin,holy,12,7,5
14890,Evanlina,bleeding-hollow,671,paladin,holy,12,7,5
14891,Animal,korialstrasz,671,paladin,holy,12,7,5
14892,Loguto,stormrage,671,paladin,holy,18,7,11
14893,Virkas,area-52,671,paladin,holy,18,7,11
14894,Korvén,area-52,670,paladin,holy,12,7,5
14895,Holodecoy,bleeding-hollow,670,paladin,holy,12,7,5
14896,Yadiyadiyada,barthilas,670,paladin,holy,12,7,5
14897,Tyriam,stormscale,670,paladin,holy,12,7,5
14898,Paladam,burning-blade,670,paladin,holy,18,7,11
14899,Pluto,the-underbog,669,paladin,holy,12,7,5
14900,Saxmurderz,tichondrius,669,paladin,holy,12,7,5
14901,Røusseff,azralon,669,paladin,holy,18,7,11
14902,Stationarity,frostmourne,669,paladin,holy,18,7,11
14903,Kimahri,anvilmar,669,paladin,holy,36,7,29
14904,Maldobarr,stormrage,668,paladin,holy,18,7,11
14905,Swazanaseger,frostmourne,668,paladin,holy,18,7,11
14906,Cephadrome,proudmoore,667,paladin,holy,12,7,5
14907,Resio,illidan,667,paladin,holy,18,7,11
14908,Bangerzzx,sargeras,663,paladin,holy,18,7,11
14909,Joeboomers,tichondrius,663,paladin,holy,18,7,11
14910,Snowdawg,blackhand,654,paladin,holy,24,7,17
14911,Emojunz,ragnaros,638,paladin,holy,11,7,4
14912,Mycow,tichondrius,638,paladin,holy,17,7,10
14913,Molki,tichondrius,617,paladin,holy,18,8,10
14914,Mojiberus,wyrmrest-accord,606,paladin,holy,14,7,7
14915,Turnevil,wyrmrest-accord,591,paladin,holy,19,7,12
14916,Wonpait,frostmourne,576,paladin,holy,9,7,2
14917,Catharsis,tichondrius,576,paladin,holy,12,6,6
14918,Zenkk,sargeras,576,paladin,holy,12,6,6
14919,Squarehammer,blackrock,576,paladin,holy,12,6,6
14920,Glørythrives,tichondrius,576,paladin,holy,12,6,6
14921,Zakath,the-underbog,576,paladin,holy,12,6,6
14922,Dequincy,tichondrius,576,paladin,holy,12,6,6
14923,Sensible,sargeras,576,paladin,holy,12,6,6
14924,Amadin,winterhoof,576,paladin,holy,12,6,6
14925,Tolentino,elune,576,paladin,holy,12,6,6
14926,Fadiez,sargeras,576,paladin,holy,12,6,6
14927,Caitthegreat,malorne,576,paladin,holy,12,6,6
14928,Madorian,bleeding-hollow,576,paladin,holy,18,6,12
14929,Kelosia,bonechewer,576,paladin,holy,18,6,12
14930,Remibear,tichondrius,576,paladin,holy,18,6,12
14931,Lickmysacx,tichondrius,576,paladin,holy,18,6,12
14932,Barcie,lothar,576,paladin,holy,24,6,18
14933,Acpally,tichondrius,576,paladin,holy,24,6,18
14934,Santiagolol,ragnaros,576,paladin,holy,24,6,18
14935,Gorilla,kiljaeden,576,paladin,holy,36,6,30
14936,Athanaiëll,proudmoore,575,paladin,holy,6,6,0
14937,Leatherfase,dalaran,575,paladin,holy,12,6,6
14938,Cassiel,barthilas,575,paladin,holy,12,6,6
14939,Kipow,proudmoore,575,paladin,holy,12,6,6
14940,Hojadin,area-52,575,paladin,holy,18,6,12
14941,Sixthycent,kiljaeden,574,paladin,holy,12,6,6
14942,Hitsilent,warsong,574,paladin,holy,12,6,6
14943,Belmonte,greymane,574,paladin,holy,12,6,6
14944,Ahsys,tichondrius,574,paladin,holy,18,6,12
14945,Kilion,illidan,574,paladin,holy,18,6,12
14946,Ducii,stormrage,571,paladin,holy,18,6,12
14947,Cloûd,tichondrius,570,paladin,holy,13,6,7
14948,Maplleafs,kelthuzad,560,paladin,holy,24,6,18
14949,Fayernaa,proudmoore,557,paladin,holy,10,7,3
14950,Powtilted,thrall,543,paladin,holy,11,6,5
14951,Redpally,emerald-dream,543,paladin,holy,16,6,10
14952,Møcha,moon-guard,542,paladin,holy,14,7,7
14953,Eboi,daggerspine,542,paladin,holy,26,7,19
14954,Kbot,zuljin,528,paladin,holy,9,6,3
14955,Dispirit,the-forgotten-coast,523,paladin,holy,11,6,5
14956,Mfn,tichondrius,522,paladin,holy,12,7,5
14957,Theebus,tichondrius,522,paladin,holy,23,7,16
14958,Granitei,quelthalas,521,paladin,holy,15,7,8
14959,Mianheyo,quelthalas,521,paladin,holy,20,8,12
14960,Biggestkritz,frostmourne,511,paladin,holy,14,6,8
14961,Trivana,durotan,496,paladin,holy,7,6,1
14962,Holythunderx,tichondrius,496,paladin,holy,19,6,13
14963,Kritzyx,stormrage,480,paladin,holy,6,5,1
14964,Dlt,frostmourne,480,paladin,holy,6,5,1
14965,Thejustices,tichondrius,480,paladin,holy,6,5,1
14966,Hzo,tichondrius,480,paladin,holy,6,5,1
14967,Zenastra,moon-guard,480,paladin,holy,6,5,1
14968,Badboí,azralon,480,paladin,holy,6,5,1
14969,Zanduncy,stormrage,480,paladin,holy,6,5,1
14970,Bopthebomb,sargeras,480,paladin,holy,6,5,1
14971,Gareyn,moon-guard,480,paladin,holy,12,5,7
14972,Fartburger,saurfang,480,paladin,holy,12,5,7
14973,Trycider,lightninghoof,480,paladin,holy,12,5,7
14974,Hamen,frostwolf,480,paladin,holy,12,5,7
14975,Twoshockz,stormrage,480,paladin,holy,12,5,7
14976,Tèhflip,tichondrius,480,paladin,holy,12,5,7
14977,Garethorne,illidan,480,paladin,holy,12,5,7
14978,Airbusx,tichondrius,480,paladin,holy,12,5,7
14979,Lyticmartyr,bleeding-hollow,480,paladin,holy,12,5,7
14980,Inmortall,illidan,480,paladin,holy,12,5,7
14981,Beila,illidan,480,paladin,holy,12,5,7
14982,Velline,tichondrius,480,paladin,holy,12,5,7
14983,Sprjustice,frostmourne,480,paladin,holy,12,5,7
14984,Mightypally,area-52,480,paladin,holy,12,5,7
14985,Adrizzyx,barthilas,480,paladin,holy,12,5,7
14986,Vaerume,sargeras,480,paladin,holy,12,5,7
14987,Chunzhangsqs,tichondrius,480,paladin,holy,12,5,7
14988,Zhangliyi,tichondrius,480,paladin,holy,12,5,7
14989,Zero,anetheron,480,paladin,holy,12,5,7
14990,Bíteme,sargeras,480,paladin,holy,15,6,9
14991,Trevmagoosey,tichondrius,480,paladin,holy,18,5,13
14992,Ricopal,frostmourne,480,paladin,holy,18,5,13
14993,Chrisgrin,malganis,480,paladin,holy,18,5,13
14994,Bubbleosèven,tichondrius,479,paladin,holy,6,5,1
14995,Loabandit,malorne,479,paladin,holy,12,5,7
14996,Gyle,stormrage,479,paladin,holy,12,5,7
14997,Goksuu,ragnaros,479,paladin,holy,12,5,7
14998,Tankgreed,quelthalas,479,paladin,holy,12,5,7
14999,Holyshasha,tichondrius,479,paladin,holy,12,5,7
15000,Moogmodular,malganis,479,paladin,holy,18,5,13
15001,Meistyr,thrall,479,paladin,holy,18,5,13
15002,Boiducéu,azralon,478,paladin,holy,12,5,7
15003,Yobnai,zuljin,478,paladin,holy,12,5,7
15004,Sovereignt,aggramar,477,paladin,holy,12,5,7
15005,Chaós,queldorei,476,paladin,holy,12,5,7
15006,Redentor,dalaran,473,paladin,holy,12,5,7
15007,Parts,aerie-peak,468,paladin,holy,30,5,25
15008,Fleshoflíght,azjolnerub,463,paladin,holy,11,5,6
15009,Toastedheals,stormreaver,463,paladin,holy,17,5,12
15010,Blancaflór,ragnaros,447,paladin,holy,11,5,6
15011,Xöchïqüëtzäl,tichondrius,447,paladin,holy,11,5,6
15012,Ziggerqt,stormrage,432,paladin,holy,15,5,10
15013,Paladinomoto,sargeras,430,paladin,holy,11,5,6
15014,Nivie,moon-guard,430,paladin,holy,15,5,10
15015,Rashell,garrosh,426,paladin,holy,16,7,9
15016,Retribution,mannoroth,426,paladin,holy,23,6,17
15017,Monts,azralon,425,paladin,holy,20,7,13
15018,Ziti,bonechewer,415,paladin,holy,8,5,3
15019,Cyandra,moon-guard,400,paladin,holy,7,5,2
15020,Neurôtoxins,frostmourne,384,paladin,holy,6,4,2
15021,Decree,rexxar,384,paladin,holy,6,4,2
15022,Holyramen,illidan,384,paladin,holy,6,4,2
15023,Holywoof,agamaggan,384,paladin,holy,6,4,2
15024,Kigz,illidan,384,paladin,holy,6,4,2
15025,Cheers,garona,384,paladin,holy,6,4,2
15026,Dumpytrucks,sargeras,384,paladin,holy,6,4,2
15027,Repèntance,stormrage,384,paladin,holy,6,4,2
15028,Immensepower,tichondrius,384,paladin,holy,6,4,2
15029,Leddie,stormrage,384,paladin,holy,6,4,2
15030,Arleos,mannoroth,384,paladin,holy,6,4,2
15031,Ohthatguy,sargeras,384,paladin,holy,6,4,2
15032,Lightwerk,frostmourne,384,paladin,holy,6,4,2
15033,Icac,stormrage,384,paladin,holy,6,4,2
15034,Thin,ragnaros,384,paladin,holy,6,4,2
15035,Rc,tichondrius,384,paladin,holy,6,4,2
15036,Ladanthal,barthilas,384,paladin,holy,6,4,2
15037,Eladore,hakkar,384,paladin,holy,6,4,2
15038,Respect,black-dragonflight,384,paladin,holy,6,4,2
15039,Waldir,silver-hand,384,paladin,holy,12,4,8
15040,Nikkixo,ysera,384,paladin,holy,12,4,8
15041,Bigtimepali,tichondrius,384,paladin,holy,12,4,8
15042,Nerfrets,stormrage,384,paladin,holy,12,4,8
15043,Emilywilis,sargeras,384,paladin,holy,12,4,8
15044,Daflash,emerald-dream,384,paladin,holy,12,4,8
15045,Ajlol,thrall,384,paladin,holy,12,4,8
15046,Wangzu,wildhammer,384,paladin,holy,12,4,8
15047,Bighardshock,aggramar,384,paladin,holy,12,4,8
15048,Lesauceboss,tichondrius,384,paladin,holy,12,4,8
15049,Footjob,baelgun,384,paladin,holy,12,4,8
15050,Devsrdumb,bonechewer,384,paladin,holy,12,4,8
15051,Shoppee,jubeithos,384,paladin,holy,12,4,8
15052,Swolsus,illidan,384,paladin,holy,12,4,8
15053,Nontheism,malganis,384,paladin,holy,12,4,8
15054,Bloodangelz,sargeras,384,paladin,holy,18,4,14
15055,Caobobby,tichondrius,384,paladin,holy,18,4,14
15056,Kaminasol,quelthalas,384,paladin,holy,18,4,14
15057,Mikeawk,tichondrius,384,paladin,holy,24,4,20
15058,Holyflux,winterhoof,383,paladin,holy,6,4,2
15059,Vorex,ragnaros,383,paladin,holy,12,4,8
15060,Lightbeard,feathermoon,383,paladin,holy,12,4,8
15061,Lunchmoney,aggramar,383,paladin,holy,12,4,8
15062,Akromma,drakkari,383,paladin,holy,12,4,8
15063,Mitshuki,ragnaros,383,paladin,holy,12,4,8
15064,Thulamon,zuljin,383,paladin,holy,12,4,8
15065,Anjøs,azralon,383,paladin,holy,18,4,14
15066,Alyosya,barthilas,383,paladin,holy,24,4,20
15067,Imajeala,thrall,382,paladin,holy,6,4,2
15068,Unsungherø,skywall,382,paladin,holy,6,4,2
15069,Inarit,thrall,382,paladin,holy,18,4,14
15070,Jaok,tichondrius,381,paladin,holy,15,5,10
15071,Rustacian,area-52,380,paladin,holy,12,4,8
15072,Orleenz,zuljin,379,paladin,holy,12,4,8
15073,Heniou,tichondrius,351,paladin,holy,11,4,7
15074,Gnomeslapper,frostmourne,351,paladin,holy,11,4,7
15075,Aärøn,stormrage,351,paladin,holy,11,4,7
15076,Tarnak,kelthuzad,336,paladin,holy,15,4,11
15077,Veeve,emerald-dream,304,paladin,holy,7,4,3
15078,Nulric,moon-guard,304,paladin,holy,13,4,9
15079,Miggsy,stormrage,288,paladin,holy,6,3,3
15080,Hálløwéð,firetree,288,paladin,holy,6,3,3
15081,Lamas,kelthuzad,288,paladin,holy,6,3,3
15082,Nipon,stormrage,288,paladin,holy,6,3,3
15083,Archerxx,ragnaros,288,paladin,holy,6,3,3
15084,Vëlar,tichondrius,288,paladin,holy,6,3,3
15085,Bakoø,tichondrius,288,paladin,holy,6,3,3
15086,Zacháry,sargeras,288,paladin,holy,6,3,3
15087,Aduhrawl,moon-guard,288,paladin,holy,6,3,3
15088,Dayatthespa,stormrage,288,paladin,holy,6,3,3
15089,Mileihot,quelthalas,288,paladin,holy,6,3,3
15090,Alîcë,wyrmrest-accord,288,paladin,holy,6,3,3
15091,Botburger,stormrage,288,paladin,holy,6,3,3
15092,Hughmyron,stormrage,288,paladin,holy,6,3,3
15093,Schwârts,blackrock,288,paladin,holy,6,3,3
15094,Twodkittyy,kelthuzad,288,paladin,holy,6,3,3
15095,Mindfoolness,sargeras,288,paladin,holy,6,3,3
15096,Kaleroenin,cenarius,288,paladin,holy,6,3,3
15097,Hazkal,sargeras,288,paladin,holy,6,3,3
15098,Luxsit,tichondrius,288,paladin,holy,6,3,3
15099,Laythoz,hyjal,288,paladin,holy,6,3,3
15100,Beerüs,crushridge,288,paladin,holy,6,3,3
15101,Loyantal,tichondrius,288,paladin,holy,6,3,3
15102,Leronos,zuljin,288,paladin,holy,6,3,3
15103,Odinns,proudmoore,288,paladin,holy,6,3,3
15104,Palqq,tichondrius,288,paladin,holy,6,3,3
15105,Clare,burning-blade,288,paladin,holy,6,3,3
15106,Vajuicy,dalaran,288,paladin,holy,6,3,3
15107,Kharissia,proudmoore,288,paladin,holy,6,3,3
15108,Repgodx,illidan,288,paladin,holy,6,3,3
15109,Holysheesh,cenarion-circle,288,paladin,holy,6,3,3
15110,Lànd,tichondrius,288,paladin,holy,6,3,3
15111,Holzinger,quelthalas,288,paladin,holy,6,3,3
15112,Whitekao,illidan,288,paladin,holy,6,3,3
15113,Paintthinner,frostmourne,288,paladin,holy,6,3,3
15114,Sevenword,tichondrius,288,paladin,holy,6,3,3
15115,Lachaple,illidan,288,paladin,holy,6,3,3
15116,Wonpæi,frostmourne,288,paladin,holy,6,3,3
15117,Mamothman,barthilas,288,paladin,holy,9,4,5
15118,Prâytorian,illidan,288,paladin,holy,12,3,9
15119,Judgynomnom,the-underbog,288,paladin,holy,12,3,9
15120,Haldry,wyrmrest-accord,288,paladin,holy,12,3,9
15121,Yanggongru,sargeras,288,paladin,holy,12,3,9
15122,Dartherion,shandris,288,paladin,holy,12,3,9
15123,Onlycams,sargeras,288,paladin,holy,12,3,9
15124,Tig,alleria,288,paladin,holy,12,3,9
15125,Dráugus,azralon,288,paladin,holy,12,3,9
15126,Marleigh,kelthuzad,288,paladin,holy,12,3,9
15127,Hemmyr,deathwing,288,paladin,holy,12,3,9
15128,Zayiro,eonar,288,paladin,holy,12,3,9
15129,Alogagain,frostmourne,288,paladin,holy,18,3,15
15130,Flarisic,kelthuzad,288,paladin,holy,18,3,15
15131,Mathalt,area-52,288,paladin,holy,18,3,15
15132,Hugokpz,quelthalas,288,paladin,holy,18,3,15
15133,Valandiel,proudmoore,288,paladin,holy,20,3,17
15134,Holyslapz,nazjatar,287,paladin,holy,6,3,3
15135,Bullivan,sisters-of-elune,287,paladin,holy,12,3,9
15136,Schnabdain,exodar,285,paladin,holy,18,3,15
15137,Ryuzu,arathor,256,paladin,holy,4,4,0
15138,Antivaxer,frostmourne,255,paladin,holy,11,3,8
15139,Iradruidz,tichondrius,255,paladin,holy,11,3,8
15140,Itheternal,dalaran,234,paladin,holy,9,4,5
15141,Toonchies,barthilas,192,paladin,holy,6,2,4
15142,Flexxborn,thrall,192,paladin,holy,6,2,4
15143,Gnomesexer,illidan,192,paladin,holy,6,2,4
15144,Regivan,nemesis,192,paladin,holy,6,2,4
15145,Raywhite,kelthuzad,192,paladin,holy,6,2,4
15146,Jastella,illidan,192,paladin,holy,6,2,4
15147,Svane,thunderlord,192,paladin,holy,6,2,4
15148,Goldirock,quelthalas,192,paladin,holy,6,2,4
15149,Romaztlan,area-52,192,paladin,holy,6,2,4
15150,Chinaballoon,moonrunner,192,paladin,holy,6,2,4
15151,Stormwinter,azralon,192,paladin,holy,6,2,4
15152,Hitabull,hyjal,192,paladin,holy,6,2,4
15153,Lørdthemar,azralon,192,paladin,holy,6,2,4
15154,Razzypal,sargeras,192,paladin,holy,6,2,4
15155,Lazydin,tichondrius,192,paladin,holy,6,2,4
15156,Gilazhar,eldrethalas,192,paladin,holy,6,2,4
15157,Elchupalibre,tichondrius,192,paladin,holy,6,2,4
15158,Traumaboy,terenas,192,paladin,holy,6,2,4
15159,Bakapal,tichondrius,192,paladin,holy,6,2,4
15160,Antoniano,ragnaros,192,paladin,holy,6,2,4
15161,Davinity,senjin,192,paladin,holy,6,2,4
15162,Turnipfãrmer,tichondrius,192,paladin,holy,6,2,4
15163,Sainttom,sargeras,192,paladin,holy,6,2,4
15164,Smôres,sargeras,192,paladin,holy,6,2,4
15165,Rawpaladin,blackrock,192,paladin,holy,6,2,4
15166,Zhula,nerzhul,192,paladin,holy,6,2,4
15167,Saphri,kiljaeden,192,paladin,holy,6,2,4
15168,Borngood,tichondrius,192,paladin,holy,6,2,4
15169,Mangchì,tichondrius,192,paladin,holy,6,2,4
15170,Raiel,aegwynn,192,paladin,holy,6,2,4
15171,Naxzero,shadowsong,192,paladin,holy,8,2,6
15172,Anderentonso,tichondrius,192,paladin,holy,9,2,7
15173,Cutebtw,zuljin,192,paladin,holy,12,2,10
15174,Trojani,malganis,192,paladin,holy,12,2,10
15175,Juuzou,turalyon,192,paladin,holy,12,2,10
15176,Einheilagr,stormrage,192,paladin,holy,12,2,10
15177,Willywønka,azgalor,192,paladin,holy,12,2,10
15178,Carmiínha,azralon,192,paladin,holy,12,2,10
15179,Gavril,kirin-tor,192,paladin,holy,12,2,10
15180,Levarious,thunderlord,192,paladin,holy,12,2,10
15181,Milkovir,quelthalas,192,paladin,holy,18,2,16
15182,Shoresy,terokkar,192,paladin,holy,18,2,16
15183,Prh,frostmourne,191,paladin,holy,6,2,4
15184,Arobelse,sargeras,191,paladin,holy,12,2,10
15185,Shkafell,ragnaros,159,paladin,holy,5,2,3
15186,Ashera,amanthul,159,paladin,holy,14,3,11
15187,Itsoverninek,emerald-dream,159,paladin,holy,17,2,15
15188,Whitedozer,darkspear,138,paladin,holy,10,4,6
15189,Myû,korgath,112,paladin,holy,7,2,5
15190,Luxs,tichondrius,96,paladin,holy,6,1,5
15191,Zwilliam,frostmourne,96,paladin,holy,6,1,5
15192,Mfpink,thrall,96,paladin,holy,6,1,5
15193,Evilpallie,illidan,96,paladin,holy,6,1,5
15194,Krypton,tichondrius,96,paladin,holy,6,1,5
15195,Timeparadox,illidan,96,paladin,holy,6,1,5
15196,Elronda,malganis,96,paladin,holy,6,1,5
15197,Nikxx,tichondrius,96,paladin,holy,6,1,5
15198,Tetulia,quelthalas,96,paladin,holy,6,1,5
15199,Purdicks,emerald-dream,96,paladin,holy,6,1,5
15200,Wrekster,tichondrius,96,paladin,holy,6,1,5
15201,Ploppers,sargeras,96,paladin,holy,6,1,5
15202,Tfcpaladin,the-forgotten-coast,96,paladin,holy,6,1,5
15203,Arturias,kiljaeden,96,paladin,holy,6,1,5
15204,Lgbtq,trollbane,96,paladin,holy,6,1,5
15205,Mobitz,dalvengyr,96,paladin,holy,6,1,5
15206,ßls,illidan,96,paladin,holy,6,1,5
15207,Deadlyassian,ysera,96,paladin,holy,6,1,5
15208,Kamí,elune,96,paladin,holy,6,1,5
15209,Khaosactual,proudmoore,96,paladin,holy,6,1,5
15210,Syrenadrel,hydraxis,96,paladin,holy,6,1,5
15211,Vexe,emerald-dream,96,paladin,holy,6,1,5
15212,Vîxey,ragnaros,96,paladin,holy,6,1,5
15213,Bigboppapump,lightnings-blade,96,paladin,holy,6,1,5
15214,Spacebacon,thunderlord,96,paladin,holy,6,1,5
15215,Therëv,zuljin,96,paladin,holy,6,1,5
15216,Silreck,ragnaros,96,paladin,holy,6,1,5
15217,Criaharn,turalyon,96,paladin,holy,6,1,5
15218,Palabora,kelthuzad,96,paladin,holy,6,1,5
15219,Netéro,skywall,96,paladin,holy,6,1,5
15220,Sevina,twisting-nether,96,paladin,holy,6,1,5
15221,Wings,arygos,96,paladin,holy,6,1,5
15222,Keltheas,rivendare,96,paladin,holy,6,1,5
15223,Chakris,wyrmrest-accord,96,paladin,holy,6,1,5
15224,Elrecka,stormrage,96,paladin,holy,6,1,5
15225,Trixzthot,barthilas,96,paladin,holy,6,1,5
15226,Yikyok,stormrage,96,paladin,holy,6,1,5
15227,Delilahxoxo,mugthol,96,paladin,holy,9,1,8
15228,Ripadin,dunemaul,96,paladin,holy,11,1,10
15229,Midnightboto,dragonmaw,96,paladin,holy,12,1,11
15230,Vanquishyr,stormrage,96,paladin,holy,12,1,11
15231,Ordained,moonrunner,96,paladin,holy,12,1,11
15232,Retholyprot,tichondrius,96,paladin,holy,12,1,11
15233,Zentrick,whisperwind,96,paladin,holy,12,1,11
15234,Palaknight,tichondrius,95,paladin,holy,6,1,5
15235,Hentaiangel,kiljaeden,95,paladin,holy,6,1,5
15236,Ååron,thrall,89,paladin,holy,11,3,8
15237,Tmzoeyqt,tichondrius,84,paladin,holy,9,4,5
15238,Athenia,moon-guard,63,paladin,holy,6,3,3
15239,Jkethuhsnake,ghostlands,48,paladin,holy,21,1,20
15240,Alpinestârs,tichondrius,42,paladin,holy,9,2,7
15241,Justinbebr,tichondrius,42,paladin,holy,14,3,11
15242,Durendin,bonechewer,31,paladin,holy,2,1,1
15243,Kziwei,stormrage,31,paladin,holy,2,1,1
15244,Oghal,frostmourne,9,paladin,holy,23,3,20
15245,Vanguards,tichondrius,2192,paladin,retribution,78,43,35
15246,Picachü,ragnaros,2104,paladin,retribution,125,63,62
15247,Bullmarket,tichondrius,2104,paladin,retribution,114,57,57
15248,Yuji,darkspear,2102,paladin,retribution,108,54,54
15249,Imitlol,alexstrasza,2094,paladin,retribution,169,83,86
15250,Lanteranth,drenden,2072,paladin,retribution,114,56,58
15251,Hollyflame,tichondrius,2067,paladin,retribution,131,66,65
15252,Dreamcastx,tichondrius,2040,paladin,retribution,113,57,56
15253,Xexe,stormreaver,2030,paladin,retribution,150,74,76
15254,Angryvelic,tichondrius,2019,paladin,retribution,87,41,46
15255,Furylolz,tichondrius,2009,paladin,retribution,70,35,35
15256,Bøgård,sargeras,1995,paladin,retribution,78,42,36
15257,Notvelic,tichondrius,1993,paladin,retribution,93,43,50
15258,Wasteddwolf,tichondrius,1992,paladin,retribution,99,50,49
15259,Aldda,azralon,1992,paladin,retribution,110,51,59
15260,Smortain,tichondrius,1973,paladin,retribution,84,39,45
15261,Maledraenei,sargeras,1970,paladin,retribution,113,54,59
15262,Ämoureux,bleeding-hollow,1970,paladin,retribution,141,67,74
15263,Caveyodeler,zuluhed,1962,paladin,retribution,66,31,35
15264,Mashbringer,moon-guard,1958,paladin,retribution,60,33,27
15265,Theblèss,tichondrius,1956,paladin,retribution,61,30,31
15266,Asukaba,sargeras,1950,paladin,retribution,68,33,35
15267,Conndiment,earthen-ring,1942,paladin,retribution,72,35,37
15268,Dratzq,ragnaros,1938,paladin,retribution,90,49,41
15269,Indivisionxp,tichondrius,1928,paladin,retribution,55,34,21
15270,Coolvelic,tichondrius,1909,paladin,retribution,78,35,43
15271,Bigdickrick,ragnaros,1906,paladin,retribution,42,28,14
15272,Hammrekt,illidan,1905,paladin,retribution,48,25,23
15273,Furgalicious,area-52,1904,paladin,retribution,125,60,65
15274,Kamadonezuko,illidan,1903,paladin,retribution,53,30,23
15275,Memorisë,ragnaros,1902,paladin,retribution,63,36,27
15276,Alpinestârs,tichondrius,1900,paladin,retribution,68,35,33
15277,Angelguards,tichondrius,1900,paladin,retribution,60,30,30
15278,Yccorz,frostmourne,1898,paladin,retribution,131,66,65
15279,Cønk,khadgar,1892,paladin,retribution,170,100,70
15280,Lazypally,frostmourne,1890,paladin,retribution,48,25,23
15281,Mwqyyds,tichondrius,1889,paladin,retribution,66,30,36
15282,Vendatha,darkspear,1887,paladin,retribution,30,25,5
15283,Hellsingwolf,zuljin,1885,paladin,retribution,30,20,10
15284,Pécorino,malganis,1884,paladin,retribution,52,31,21
15285,Retroreq,tichondrius,1884,paladin,retribution,148,80,68
15286,Zeldoul,magtheridon,1879,paladin,retribution,71,36,35
15287,Condiments,earthen-ring,1876,paladin,retribution,66,34,32
15288,Voidaz,stormscale,1873,paladin,retribution,60,31,29
15289,Fuchí,tichondrius,1873,paladin,retribution,149,73,76
15290,Evanguards,tichondrius,1870,paladin,retribution,75,34,41
15291,Alexjones,stormrage,1866,paladin,retribution,78,43,35
15292,Dampenedxd,bleeding-hollow,1866,paladin,retribution,80,39,41
15293,Daxxj,akama,1866,paladin,retribution,74,34,40
15294,Rasler,stormrage,1865,paladin,retribution,114,61,53
15295,Xilio,tichondrius,1865,paladin,retribution,72,36,36
15296,Simplybést,zuljin,1865,paladin,retribution,102,45,57
15297,Ohuo,tichondrius,1863,paladin,retribution,160,87,73
15298,Damionblade,proudmoore,1861,paladin,retribution,107,59,48
15299,Getmeabag,tichondrius,1861,paladin,retribution,54,25,29
15300,Chuoo,proudmoore,1859,paladin,retribution,46,22,24
15301,Younghova,kelthuzad,1857,paladin,retribution,66,32,34
15302,Zyzzftw,stormrage,1856,paladin,retribution,53,31,22
15303,Ozzium,ragnaros,1855,paladin,retribution,119,57,62
15304,Vânguards,tichondrius,1852,paladin,retribution,42,24,18
15305,Solanin,frostmourne,1849,paladin,retribution,35,20,15
15306,Hurv,area-52,1848,paladin,retribution,53,30,23
15307,Quitzz,tichondrius,1847,paladin,retribution,63,32,31
15308,Kurôsh,kalecgos,1842,paladin,retribution,60,31,29
15309,Divinehammer,proudmoore,1842,paladin,retribution,60,28,32
15310,Mikhàël,stormscale,1840,paladin,retribution,52,37,15
15311,Luosiding,tichondrius,1840,paladin,retribution,153,67,86
15312,Popje,zuljin,1839,paladin,retribution,36,20,16
15313,Grifnballs,agamaggan,1839,paladin,retribution,56,31,25
15314,Immobilized,frostmourne,1839,paladin,retribution,58,29,29
15315,Kushsessions,zuljin,1837,paladin,retribution,42,20,22
15316,Alodorx,tichondrius,1836,paladin,retribution,36,23,13
15317,Kangsang,illidan,1835,paladin,retribution,70,33,37
15318,Dkdldkdld,tichondrius,1833,paladin,retribution,36,27,9
15319,Lilglick,illidan,1833,paladin,retribution,36,21,15
15320,Antlkd,quelthalas,1833,paladin,retribution,53,29,24
15321,Leonilx,tichondrius,1832,paladin,retribution,48,21,27
15322,ßò,area-52,1830,paladin,retribution,46,31,15
15323,Eldenblade,moon-guard,1829,paladin,retribution,54,31,23
15324,Coldzerox,ragnaros,1829,paladin,retribution,161,82,79
15325,Honeydutchtv,black-dragonflight,1829,paladin,retribution,174,79,95
15326,Hammrekt,kelthuzad,1829,paladin,retribution,47,20,27
15327,Bornterrible,queldorei,1828,paladin,retribution,54,25,29
15328,Idenline,moon-guard,1827,paladin,retribution,59,30,29
15329,Xxwitcherxx,stormrage,1826,paladin,retribution,63,33,30
15330,Wolfs,firetree,1826,paladin,retribution,66,29,37
15331,Metallíka,nemesis,1826,paladin,retribution,71,31,40
15332,Apollidin,malganis,1824,paladin,retribution,57,23,34
15333,Bohring,bleeding-hollow,1823,paladin,retribution,48,26,22
15334,Saradomin,kelthuzad,1822,paladin,retribution,129,66,63
15335,Dtaitou,tichondrius,1821,paladin,retribution,54,24,30
15336,Kíngkáísér,azralon,1820,paladin,retribution,29,20,9
15337,Geöspäwn,tichondrius,1819,paladin,retribution,39,20,19
15338,Anbivilent,moon-guard,1819,paladin,retribution,48,23,25
15339,Ryuseiblade,ragnaros,1819,paladin,retribution,66,30,36
15340,Cardynivans,tichondrius,1819,paladin,retribution,67,25,42
15341,Hargol,stormrage,1818,paladin,retribution,84,40,44
15342,Dwimberlike,ragnaros,1816,paladin,retribution,56,37,19
15343,Kooi,illidan,1816,paladin,retribution,78,35,43
15344,Tyrillian,aerie-peak,1816,paladin,retribution,48,21,27
15345,Kíngkáiser,azralon,1815,paladin,retribution,46,27,19
15346,Danceholy,tichondrius,1814,paladin,retribution,57,30,27
15347,Zulmay,malganis,1814,paladin,retribution,156,78,78
15348,Gelosagrado,illidan,1814,paladin,retribution,77,31,46
15349,Dorktanian,stormrage,1813,paladin,retribution,78,40,38
15350,Rethumtv,tichondrius,1812,paladin,retribution,72,30,42
15351,Arkadiano,drakkari,1812,paladin,retribution,78,29,49
15352,Animepower,moon-guard,1811,paladin,retribution,94,56,38
15353,Venguards,azralon,1811,paladin,retribution,57,30,27
15354,Zanur,tichondrius,1811,paladin,retribution,136,67,69
15355,Triston,area-52,1810,paladin,retribution,120,66,54
15356,Lilcyans,ragnaros,1810,paladin,retribution,66,34,32
15357,Primaryee,tichondrius,1810,paladin,retribution,121,53,68
15358,Usdacertifed,lightnings-blade,1809,paladin,retribution,102,53,49
15359,Reypally,dalaran,1808,paladin,retribution,99,50,49
15360,Downways,sargeras,1807,paladin,retribution,73,39,34
15361,Velstadt,sargeras,1807,paladin,retribution,66,29,37
15362,Jhasøn,quelthalas,1806,paladin,retribution,60,40,20
15363,Pornenjoyer,dalaran,1806,paladin,retribution,30,19,11
15364,Darcobs,ragnaros,1806,paladin,retribution,172,90,82
15365,Pambeazley,bronzebeard,1806,paladin,retribution,46,23,23
15366,Erodan,moon-guard,1806,paladin,retribution,82,35,47
15367,Panncakeman,tichondrius,1804,paladin,retribution,60,33,27
15368,Ironblade,zuljin,1804,paladin,retribution,54,29,25
15369,Palli,moon-guard,1804,paladin,retribution,60,31,29
15370,Lumbersnack,moon-guard,1804,paladin,retribution,75,36,39
15371,Justicejosh,frostmourne,1803,paladin,retribution,36,22,14
15372,Bestowed,moon-guard,1803,paladin,retribution,63,31,32
15373,Niubcjq,tichondrius,1803,paladin,retribution,42,19,23
15374,Sâdê,bleeding-hollow,1802,paladin,retribution,36,19,17
15375,Mürlin,illidan,1802,paladin,retribution,117,58,59
15376,Kádabrak,tichondrius,1794,paladin,retribution,54,34,20
15377,Mikeqiaodan,tichondrius,1790,paladin,retribution,91,40,51
15378,Zakladchick,illidan,1778,paladin,retribution,48,26,22
15379,Iqt,moon-guard,1775,paladin,retribution,66,25,41
15380,Syleith,shadow-council,1768,paladin,retribution,115,54,61
15381,Bartharious,malganis,1768,paladin,retribution,60,27,33
15382,Handyandy,kelthuzad,1767,paladin,retribution,66,28,38
15383,Rahkinishu,khaz-modan,1766,paladin,retribution,189,109,80
15384,Quinnzel,barthilas,1757,paladin,retribution,62,35,27
15385,Lokâr,lightbringer,1751,paladin,retribution,54,26,28
15386,Scarotv,malganis,1750,paladin,retribution,60,29,31
15387,Therëv,zuljin,1750,paladin,retribution,65,28,37
15388,Nhsvikings,bleeding-hollow,1748,paladin,retribution,53,29,24
15389,Aleríon,ragnaros,1742,paladin,retribution,145,79,66
15390,Rashbringer,azgalor,1742,paladin,retribution,67,34,33
15391,Hamburgeryu,tichondrius,1741,paladin,retribution,58,26,32
15392,Roushex,sargeras,1740,paladin,retribution,48,21,27
15393,Alyena,area-52,1739,paladin,retribution,52,24,28
15394,Retxsilver,thrall,1739,paladin,retribution,89,41,48
15395,Tramatic,sargeras,1738,paladin,retribution,48,25,23
15396,Lundor,ragnaros,1737,paladin,retribution,89,42,47
15397,Bigdaddysdic,illidan,1736,paladin,retribution,72,36,36
15398,Bubblemark,tichondrius,1736,paladin,retribution,80,35,45
15399,Luzoscura,quelthalas,1735,paladin,retribution,60,35,25
15400,Dippedxd,tichondrius,1735,paladin,retribution,60,32,28
15401,Justnikop,tichondrius,1735,paladin,retribution,69,35,34
15402,Whyta,azralon,1734,paladin,retribution,103,59,44
15403,Ðiviñe,zuluhed,1734,paladin,retribution,48,25,23
15404,Crayt,tichondrius,1732,paladin,retribution,45,24,21
15405,Konesky,dalaran,1732,paladin,retribution,40,21,19
15406,Trippën,tichondrius,1727,paladin,retribution,103,59,44
15407,Nah,emerald-dream,1725,paladin,retribution,57,30,27
15408,Riseandgrind,tichondrius,1723,paladin,retribution,36,18,18
15409,Konsentrate,tichondrius,1719,paladin,retribution,150,78,72
15410,Elegan,frostmourne,1719,paladin,retribution,60,30,30
15411,Scrubble,thrall,1717,paladin,retribution,80,40,40
15412,Retrachet,thrall,1717,paladin,retribution,42,21,21
15413,Notae,icecrown,1717,paladin,retribution,42,21,21
15414,Pickleret,emerald-dream,1717,paladin,retribution,84,40,44
15415,Éætûgýäëí,area-52,1716,paladin,retribution,42,18,24
15416,Ashkandi,tichondrius,1714,paladin,retribution,54,28,26
15417,Jonathein,barthilas,1713,paladin,retribution,82,40,42
15418,Soverejgn,bleeding-hollow,1712,paladin,retribution,178,80,98
15419,Fylerz,blackhand,1710,paladin,retribution,54,30,24
15420,Talymra,ragnaros,1710,paladin,retribution,48,26,22
15421,Fussyotter,stormreaver,1709,paladin,retribution,73,41,32
15422,Svinadin,emerald-dream,1708,paladin,retribution,36,21,15
15423,Paladincane,sargeras,1708,paladin,retribution,54,29,25
15424,Kaithen,quelthalas,1708,paladin,retribution,137,70,67
15425,Teknik,stormscale,1708,paladin,retribution,94,45,49
15426,Sasorï,stormrage,1706,paladin,retribution,72,33,39
15427,Johnmacclane,azralon,1704,paladin,retribution,77,42,35
15428,Pramethious,sargeras,1704,paladin,retribution,48,22,26
15429,Lilthroatbby,malganis,1704,paladin,retribution,102,42,60
15430,Bakafish,tichondrius,1702,paladin,retribution,24,18,6
15431,Flykzu,azralon,1702,paladin,retribution,82,40,42
15432,Buckey,kilrogg,1699,paladin,retribution,52,28,24
15433,Tuuro,stormrage,1699,paladin,retribution,72,34,38
15434,Toughxguy,sargeras,1699,paladin,retribution,62,28,34
15435,Voodoovon,tichondrius,1697,paladin,retribution,89,42,47
15436,Lvladen,sargeras,1697,paladin,retribution,48,20,28
15437,Swiftskillz,bleeding-hollow,1696,paladin,retribution,89,53,36
15438,Evangelìne,darkspear,1695,paladin,retribution,36,23,13
15439,Practícal,moon-guard,1693,paladin,retribution,66,35,31
15440,Homelanderp,tichondrius,1693,paladin,retribution,51,25,26
15441,Dazn,tichondrius,1693,paladin,retribution,78,26,52
15442,Dârkk,tichondrius,1691,paladin,retribution,36,20,16
15443,Kubota,sargeras,1690,paladin,retribution,30,20,10
15444,Peledin,azralon,1689,paladin,retribution,59,31,28
15445,Beautiful,proudmoore,1689,paladin,retribution,84,40,44
15446,Neonblade,illidan,1689,paladin,retribution,60,26,34
15447,Apnea,ragnaros,1689,paladin,retribution,78,32,46
15448,ßountystrike,sargeras,1687,paladin,retribution,60,26,34
15449,Mílkywayx,stormrage,1683,paladin,retribution,72,37,35
15450,Josxth,stormrage,1680,paladin,retribution,48,25,23
15451,Bravepala,tichondrius,1680,paladin,retribution,54,20,34
15452,Tagex,malganis,1678,paladin,retribution,114,57,57
15453,Mordirhar,tichondrius,1678,paladin,retribution,54,23,31
15454,Alxndrr,area-52,1675,paladin,retribution,36,21,15
15455,Zozo,zuljin,1674,paladin,retribution,36,22,14
15456,Genericuser,sargeras,1674,paladin,retribution,42,20,22
15457,Vip,frostmourne,1671,paladin,retribution,42,21,21
15458,Chriskriego,frostmourne,1671,paladin,retribution,60,24,36
15459,Xuantianchai,tichondrius,1669,paladin,retribution,36,22,14
15460,Pumperjer,tichondrius,1669,paladin,retribution,53,26,27
15461,Boarfarmer,tichondrius,1669,paladin,retribution,48,23,25
15462,Haiden,goldrinn,1665,paladin,retribution,55,23,32
15463,Stompëd,proudmoore,1663,paladin,retribution,62,29,33
15464,Finaljustice,sargeras,1661,paladin,retribution,30,19,11
15465,Clownfister,barthilas,1661,paladin,retribution,36,21,15
15466,Lyrz,sargeras,1661,paladin,retribution,69,40,29
15467,Remethea,sargeras,1661,paladin,retribution,123,61,62
15468,Profundity,area-52,1659,paladin,retribution,48,23,25
15469,Bigjiba,proudmoore,1658,paladin,retribution,48,25,23
15470,Iäl,tichondrius,1658,paladin,retribution,47,19,28
15471,Goldnhart,wyrmrest-accord,1657,paladin,retribution,42,21,21
15472,Shaidd,bleeding-hollow,1656,paladin,retribution,74,42,32
15473,Bakapal,tichondrius,1656,paladin,retribution,36,20,16
15474,Techno,tichondrius,1656,paladin,retribution,62,34,28
15475,Palimedic,sargeras,1656,paladin,retribution,66,28,38
15476,Mabia,tichondrius,1656,paladin,retribution,48,20,28
15477,Sabotsaint,tichondrius,1656,paladin,retribution,49,20,29
15478,Xbloodknight,malganis,1654,paladin,retribution,38,23,15
15479,Itzcupcake,illidan,1653,paladin,retribution,120,69,51
15480,Backdrop,proudmoore,1652,paladin,retribution,133,67,66
15481,Nitemareforu,stormreaver,1651,paladin,retribution,24,18,6
15482,Lanach,lightbringer,1651,paladin,retribution,64,33,31
15483,Comeuppance,wyrmrest-accord,1649,paladin,retribution,72,38,34
15484,Matthrian,moon-guard,1649,paladin,retribution,60,22,38
15485,Holywaffle,nemesis,1647,paladin,retribution,60,30,30
15486,Lucy,sargeras,1647,paladin,retribution,48,19,29
15487,Parkwons,tichondrius,1646,paladin,retribution,60,23,37
15488,Bigolcriddys,barthilas,1645,paladin,retribution,36,21,15
15489,Zarrakra,daggerspine,1645,paladin,retribution,57,32,25
15490,Geedee,ysera,1645,paladin,retribution,70,39,31
15491,Beaconlol,proudmoore,1644,paladin,retribution,43,29,14
15492,Beefjustice,velen,1643,paladin,retribution,48,27,21
15493,Fionno,quelthalas,1643,paladin,retribution,98,52,46
15494,Oathen,proudmoore,1642,paladin,retribution,56,27,29
15495,Triginhall,moon-guard,1642,paladin,retribution,42,18,24
15496,Serås,silvermoon,1640,paladin,retribution,66,43,23
15497,Forthestreet,tichondrius,1640,paladin,retribution,82,45,37
15498,Lleo,nemesis,1640,paladin,retribution,118,54,64
15499,Yorøchi,azralon,1639,paladin,retribution,36,21,15
15500,Dimdabbin,malganis,1637,paladin,retribution,42,22,20
15501,Jud,frostmourne,1636,paladin,retribution,90,43,47
15502,Marehk,thrall,1635,paladin,retribution,53,30,23
15503,Thrax,spirestone,1635,paladin,retribution,46,20,26
15504,Ópsv,quelthalas,1634,paladin,retribution,119,68,51
15505,Lightowen,draka,1634,paladin,retribution,46,22,24
15506,Koketsu,ragnaros,1634,paladin,retribution,97,40,57
15507,Çestlavie,korgath,1631,paladin,retribution,36,19,17
15508,Cristø,stormrage,1631,paladin,retribution,60,23,37
15509,Mixz,bleeding-hollow,1630,paladin,retribution,42,22,20
15510,Thoreal,thrall,1629,paladin,retribution,72,34,38
15511,Zèrà,thunderhorn,1629,paladin,retribution,36,17,19
15512,Ítsyôúñötmé,tichondrius,1627,paladin,retribution,62,35,27
15513,Kíbá,malganis,1627,paladin,retribution,33,18,15
15514,Hólyélf,illidan,1627,paladin,retribution,48,18,30
15515,Malakor,thrall,1625,paladin,retribution,102,48,54
15516,Agamemnom,tichondrius,1624,paladin,retribution,88,46,42
15517,Clapstick,illidan,1624,paladin,retribution,36,17,19
15518,Watchamebaba,malganis,1624,paladin,retribution,42,17,25
15519,Renckay,ragnaros,1623,paladin,retribution,63,34,29
15520,Radacos,emerald-dream,1623,paladin,retribution,160,80,80
15521,Trixtur,tichondrius,1623,paladin,retribution,42,21,21
15522,Joeyrat,area-52,1623,paladin,retribution,42,20,22
15523,Litler,tichondrius,1622,paladin,retribution,44,30,14
15524,Gobblerr,blackrock,1622,paladin,retribution,30,20,10
15525,Borrus,malygos,1621,paladin,retribution,48,27,21
15526,Hazexd,illidan,1621,paladin,retribution,36,20,16
15527,Faladrim,moon-guard,1621,paladin,retribution,160,84,76
15528,Divínos,area-52,1619,paladin,retribution,42,21,21
15529,Orivia,spirestone,1619,paladin,retribution,42,19,23
15530,Bbtea,frostmourne,1619,paladin,retribution,48,20,28
15531,Caribourider,tichondrius,1618,paladin,retribution,41,20,21
15532,Glørious,drakkari,1618,paladin,retribution,90,42,48
15533,Hedilyan,azralon,1617,paladin,retribution,60,31,29
15534,Lawmower,sargeras,1616,paladin,retribution,54,32,22
15535,Raelan,icecrown,1614,paladin,retribution,71,49,22
15536,Palban,tichondrius,1614,paladin,retribution,42,22,20
15537,Bramot,moon-guard,1613,paladin,retribution,36,20,16
15538,Moolishous,frostmourne,1612,paladin,retribution,83,43,40
15539,Jvbai,area-52,1612,paladin,retribution,81,36,45
15540,Zett,jubeithos,1612,paladin,retribution,41,17,24
15541,Nilin,tichondrius,1611,paladin,retribution,36,21,15
15542,Kevybevy,stormrage,1611,paladin,retribution,150,81,69
15543,Allîe,malganis,1611,paladin,retribution,72,37,35
15544,Rahmie,kiljaeden,1611,paladin,retribution,96,41,55
15545,Titannious,stormrage,1610,paladin,retribution,77,34,43
15546,Beeftink,tichondrius,1609,paladin,retribution,100,51,49
15547,Regivan,nemesis,1609,paladin,retribution,54,21,33
15548,Rimjobrachel,barthilas,1608,paladin,retribution,50,25,25
15549,Sololeveling,malganis,1608,paladin,retribution,98,48,50
15550,Golden,tichondrius,1608,paladin,retribution,42,20,22
15551,Notneo,zuljin,1607,paladin,retribution,47,27,20
15552,Ladeon,proudmoore,1607,paladin,retribution,42,22,20
15553,Trolladin,rivendare,1607,paladin,retribution,110,51,59
15554,Sukilol,tichondrius,1607,paladin,retribution,54,22,32
15555,Eurekasret,ragnaros,1606,paladin,retribution,36,20,16
15556,Mathalt,area-52,1605,paladin,retribution,43,24,19
15557,Chrisader,stormrage,1605,paladin,retribution,36,19,17
15558,Dïlly,area-52,1605,paladin,retribution,78,40,38
15559,Xeniél,illidan,1604,paladin,retribution,36,19,17
15560,Rycerzforge,ragnaros,1604,paladin,retribution,74,38,36
15561,Actionb,aggramar,1604,paladin,retribution,90,41,49
15562,Zalndraeda,barthilas,1603,paladin,retribution,78,41,37
15563,Loisterly,bladefist,1603,paladin,retribution,80,39,41
15564,Skylinator,bleeding-hollow,1603,paladin,retribution,59,26,33
15565,Traceless,emerald-dream,1601,paladin,retribution,69,40,29
15566,Jowliet,stormrage,1601,paladin,retribution,36,17,19
15567,Cyrenity,tichondrius,1601,paladin,retribution,54,17,37
15568,Telarøn,stormrage,1600,paladin,retribution,165,83,82
15569,Raxadin,stormrage,1599,paladin,retribution,36,19,17
15570,Eneraxx,proudmoore,1598,paladin,retribution,42,17,25
15571,Paladinomg,darkspear,1596,paladin,retribution,106,60,46
15572,Happybubbles,tichondrius,1594,paladin,retribution,36,20,16
15573,Rxes,frostmourne,1594,paladin,retribution,57,23,34
15574,Layonhánd,ragnaros,1593,paladin,retribution,48,22,26
15575,Warmpôcket,proudmoore,1593,paladin,retribution,50,20,30
15576,Dankrachet,thrall,1593,paladin,retribution,48,19,29
15577,Beshiki,hakkar,1592,paladin,retribution,216,108,108
15578,Alpengeist,turalyon,1591,paladin,retribution,36,19,17
15579,Gimlias,kelthuzad,1591,paladin,retribution,42,21,21
15580,Cøøkïë,frostmourne,1590,paladin,retribution,42,22,20
15581,Andrilsteh,malganis,1590,paladin,retribution,72,31,41
15582,Auralyon,tichondrius,1590,paladin,retribution,42,17,25
15583,Pantufä,stormrage,1588,paladin,retribution,35,17,18
15584,Thastrian,stormreaver,1586,paladin,retribution,42,23,19
15585,Talivar,kelthuzad,1584,paladin,retribution,36,23,13
15586,Benoít,zuljin,1583,paladin,retribution,72,40,32
15587,Dashhighborn,sargeras,1583,paladin,retribution,54,28,26
15588,Lightlana,frostwolf,1583,paladin,retribution,54,27,27
15589,Dazedpal,tichondrius,1582,paladin,retribution,200,107,93
15590,Landeren,khazgoroth,1582,paladin,retribution,48,22,26
15591,Taphos,icecrown,1581,paladin,retribution,53,30,23
15592,Chancellor,azralon,1580,paladin,retribution,120,68,52
15593,Vasharien,nerzhul,1577,paladin,retribution,42,23,19
15594,Fuknshané,area-52,1577,paladin,retribution,68,32,36
15595,Aeterias,dalaran,1577,paladin,retribution,46,21,25
15596,Víkk,zuljin,1576,paladin,retribution,132,58,74
15597,Ibullyourmom,tichondrius,1576,paladin,retribution,41,18,23
15598,Inmortall,illidan,1575,paladin,retribution,36,19,17
15599,Malacriianza,quelthalas,1574,paladin,retribution,30,18,12
15600,Nishru,sargeras,1573,paladin,retribution,36,18,18
15601,Stônemôuntan,moon-guard,1573,paladin,retribution,66,22,44
15602,Sevik,garithos,1572,paladin,retribution,42,21,21
15603,Stackmymoney,kelthuzad,1572,paladin,retribution,50,22,28
15604,Ðoflamingo,area-52,1570,paladin,retribution,48,27,21
15605,Toughlife,tichondrius,1569,paladin,retribution,42,20,22
15606,Tesak,emerald-dream,1568,paladin,retribution,48,25,23
15607,Purejudgemnt,area-52,1567,paladin,retribution,36,22,14
15608,Guerrer,hyjal,1567,paladin,retribution,54,30,24
15609,Obsolete,onyxia,1567,paladin,retribution,36,18,18
15610,Coffeepal,tichondrius,1567,paladin,retribution,48,23,25
15611,Émiluss,stormrage,1566,paladin,retribution,36,18,18
15612,Seraphini,illidan,1565,paladin,retribution,42,21,21
15613,Tantradin,area-52,1564,paladin,retribution,48,20,28
15614,Likzebawlz,tichondrius,1562,paladin,retribution,30,19,11
15615,Rhegyna,quelthalas,1562,paladin,retribution,36,19,17
15616,Baeflux,kelthuzad,1560,paladin,retribution,48,19,29
15617,Djdiogø,azralon,1558,paladin,retribution,57,22,35
15618,Ilovecl,tichondrius,1557,paladin,retribution,48,28,20
15619,Southerly,tichondrius,1557,paladin,retribution,42,19,23
15620,Battlepope,thrall,1557,paladin,retribution,47,20,27
15621,Chuckvandam,illidan,1556,paladin,retribution,30,17,13
15622,Vêgenace,proudmoore,1556,paladin,retribution,48,24,24
15623,Missusomutch,azralon,1556,paladin,retribution,50,17,33
15624,Valardaharis,thunderlord,1555,paladin,retribution,70,32,38
15625,Crybátt,quelthalas,1553,paladin,retribution,62,32,30
15626,Luminiscente,ragnaros,1553,paladin,retribution,58,29,29
15627,Alexieus,wyrmrest-accord,1553,paladin,retribution,71,32,39
15628,Dorex,moon-guard,1552,paladin,retribution,63,39,24
15629,Mortaine,moon-guard,1552,paladin,retribution,36,17,19
15630,Yovan,proudmoore,1551,paladin,retribution,90,51,39
15631,Holybirkkal,arthas,1551,paladin,retribution,47,25,22
15632,Lumaros,wyrmrest-accord,1550,paladin,retribution,42,22,20
15633,Brightstar,azjolnerub,1550,paladin,retribution,53,27,26
15634,Holyjoint,uther,1550,paladin,retribution,68,27,41
15635,Brokeniron,wyrmrest-accord,1546,paladin,retribution,42,19,23
15636,Deepsearide,illidan,1543,paladin,retribution,114,59,55
15637,Forlam,sargeras,1542,paladin,retribution,90,38,52
15638,Parlore,moon-guard,1541,paladin,retribution,96,42,54
15639,Thaldun,wyrmrest-accord,1541,paladin,retribution,95,41,54
15640,Lebowski,nordrassil,1539,paladin,retribution,30,18,12
15641,Frùglé,sargeras,1538,paladin,retribution,36,20,16
15642,Greciâ,ragnaros,1535,paladin,retribution,42,18,24
15643,Hammrekt,sargeras,1534,paladin,retribution,24,16,8
15644,Oppressive,moon-guard,1534,paladin,retribution,242,114,128
15645,Álkair,ragnaros,1534,paladin,retribution,83,36,47
15646,Jager,medivh,1533,paladin,retribution,71,41,30
15647,Popwings,azralon,1532,paladin,retribution,28,17,11
15648,Rohrn,firetree,1531,paladin,retribution,43,27,16
15649,Mcconnell,sargeras,1530,paladin,retribution,30,16,14
15650,Elëssar,ragnaros,1530,paladin,retribution,77,40,37
15651,Christtel,stormrage,1528,paladin,retribution,27,17,10
15652,Unfairness,skullcrusher,1528,paladin,retribution,63,33,30
15653,Ástridr,moon-guard,1528,paladin,retribution,95,43,52
15654,Galeast,tichondrius,1528,paladin,retribution,36,16,20
15655,Mazaltoff,proudmoore,1528,paladin,retribution,60,26,34
15656,Sneeber,stormrage,1527,paladin,retribution,54,25,29
15657,Chiphazard,stormscale,1526,paladin,retribution,44,17,27
15658,Kenpachí,doomhammer,1525,paladin,retribution,42,30,12
15659,Venxpeita,azralon,1525,paladin,retribution,24,16,8
15660,Grîshnâkh,ragnaros,1525,paladin,retribution,83,44,39
15661,Gokuu,korgath,1525,paladin,retribution,50,26,24
15662,Purdicks,emerald-dream,1525,paladin,retribution,48,21,27
15663,Shiryn,illidan,1524,paladin,retribution,36,16,20
15664,Kozk,quelthalas,1523,paladin,retribution,105,62,43
15665,Lucianz,ragnaros,1523,paladin,retribution,48,20,28
15666,Ezcoatl,stormrage,1522,paladin,retribution,80,40,40
15667,Utherpendrag,bladefist,1522,paladin,retribution,60,20,40
15668,Filthyape,wyrmrest-accord,1520,paladin,retribution,24,17,7
15669,Souyiro,sargeras,1517,paladin,retribution,36,16,20
15670,Getdiswork,malygos,1517,paladin,retribution,57,25,32
15671,Lorenzinho,azralon,1516,paladin,retribution,80,42,38
15672,Joltie,quelthalas,1515,paladin,retribution,125,68,57
15673,Notoriouus,bleeding-hollow,1515,paladin,retribution,36,16,20
15674,Kawkpaladin,kaelthas,1512,paladin,retribution,54,28,26
15675,Greasysteve,stormrage,1511,paladin,retribution,36,22,14
15676,Istril,ragnaros,1510,paladin,retribution,157,84,73
15677,Protein,magtheridon,1509,paladin,retribution,42,16,26
15678,Mysticblade,sargeras,1508,paladin,retribution,54,31,23
15679,Cókelol,zuljin,1507,paladin,retribution,42,24,18
15680,Ulrah,moon-guard,1507,paladin,retribution,86,46,40
15681,Beardy,emerald-dream,1507,paladin,retribution,48,25,23
15682,Ascetic,barthilas,1506,paladin,retribution,108,40,68
15683,Garlond,moon-guard,1505,paladin,retribution,30,16,14
15684,Faowin,sargeras,1505,paladin,retribution,48,22,26
15685,Craq,alexstrasza,1505,paladin,retribution,40,17,23
15686,Kiritazuma,ravencrest,1503,paladin,retribution,60,28,32
15687,Alanthor,ragnaros,1503,paladin,retribution,108,48,60
15688,Xk,kiljaeden,1502,paladin,retribution,30,16,14
15689,Lecheroø,tichondrius,1502,paladin,retribution,30,16,14
15690,Audris,chogall,1497,paladin,retribution,65,29,36
15691,Bañe,lightbringer,1494,paladin,retribution,69,30,39
15692,Preacherfudd,area-52,1493,paladin,retribution,30,16,14
15693,Anivan,moon-guard,1493,paladin,retribution,42,21,21
15694,Arquidea,tichondrius,1492,paladin,retribution,36,16,20
15695,Týrael,uldum,1491,paladin,retribution,36,21,15
15696,Castïël,area-52,1488,paladin,retribution,139,67,72
15697,Dgâza,tichondrius,1488,paladin,retribution,36,17,19
15698,Daddytoad,tichondrius,1488,paladin,retribution,42,16,26
15699,Jdgmnt,sargeras,1487,paladin,retribution,60,30,30
15700,Haunter,akama,1485,paladin,retribution,54,25,29
15701,Folgimar,moon-guard,1484,paladin,retribution,60,32,28
15702,Levian,spirestone,1483,paladin,retribution,90,46,44
15703,Kookamønga,tichondrius,1483,paladin,retribution,55,25,30
15704,Dalgren,quelthalas,1482,paladin,retribution,81,30,51
15705,Cyniaria,moon-guard,1480,paladin,retribution,36,21,15
15706,Ralo,khaz-modan,1480,paladin,retribution,30,16,14
15707,Cloaxy,azgalor,1480,paladin,retribution,60,23,37
15708,Areuss,tichondrius,1479,paladin,retribution,29,16,13
15709,Mcholy,thrall,1479,paladin,retribution,38,20,18
15710,Janokaluo,wyrmrest-accord,1479,paladin,retribution,89,46,43
15711,Quadrifoglio,moon-guard,1479,paladin,retribution,60,29,31
15712,Holydiver,sargeras,1478,paladin,retribution,72,31,41
15713,Kellissandra,aerie-peak,1478,paladin,retribution,54,23,31
15714,Killeralan,quelthalas,1477,paladin,retribution,74,34,40
15715,Azoruken,quelthalas,1475,paladin,retribution,71,31,40
15716,Arecht,moon-guard,1474,paladin,retribution,30,19,11
15717,Fressbee,nathrezim,1473,paladin,retribution,41,19,22
15718,Belgrieve,proudmoore,1472,paladin,retribution,36,19,17
15719,Zuthora,alleria,1471,paladin,retribution,70,37,33
15720,Yoboyindahiz,stormrage,1471,paladin,retribution,57,23,34
15721,Rykorth,moon-guard,1470,paladin,retribution,33,20,13
15722,Schwârts,blackrock,1469,paladin,retribution,52,26,26
15723,Davinshki,stormrage,1466,paladin,retribution,31,18,13
15724,Dimmadome,frostmourne,1465,paladin,retribution,66,44,22
15725,Freiermoth,shadowmoon,1462,paladin,retribution,111,57,54
15726,Dreyan,wyrmrest-accord,1462,paladin,retribution,47,23,24
15727,Onitenshi,stormscale,1461,paladin,retribution,48,23,25
15728,Snussp,emerald-dream,1461,paladin,retribution,69,32,37
15729,Sammyste,elune,1460,paladin,retribution,68,36,32
15730,Áldin,ragnaros,1456,paladin,retribution,28,17,11
15731,Dentarg,garrosh,1456,paladin,retribution,54,29,25
15732,Arturias,kiljaeden,1456,paladin,retribution,54,24,30
15733,Kadbury,icecrown,1455,paladin,retribution,73,26,47
15734,Lolslikeomg,malganis,1454,paladin,retribution,72,29,43
15735,Sovereignt,aggramar,1453,paladin,retribution,157,84,73
15736,Monchy,bleeding-hollow,1453,paladin,retribution,52,27,25
15737,Samgonz,tichondrius,1450,paladin,retribution,36,18,18
15738,Liaadrin,azralon,1450,paladin,retribution,32,16,16
15739,Solandiis,tichondrius,1450,paladin,retribution,67,32,35
15740,Airplane,malygos,1449,paladin,retribution,24,16,8
15741,Cyreus,emerald-dream,1448,paladin,retribution,39,17,22
15742,Insideous,kelthuzad,1448,paladin,retribution,48,19,29
15743,Morneau,malganis,1447,paladin,retribution,133,67,66
15744,Aoishie,bleeding-hollow,1444,paladin,retribution,96,45,51
15745,Carnagias,bleeding-hollow,1443,paladin,retribution,65,34,31
15746,Saccro,area-52,1443,paladin,retribution,60,23,37
15747,Iluminadoor,nemesis,1442,paladin,retribution,29,19,10
15748,Weskar,frostwolf,1440,paladin,retribution,36,21,15
15749,Awake,chogall,1439,paladin,retribution,24,15,9
15750,Kkgame,tichondrius,1439,paladin,retribution,37,19,18
15751,Praysnblaze,zuljin,1437,paladin,retribution,30,15,15
15752,Gimli,mannoroth,1434,paladin,retribution,36,15,21
15753,Yezzyll,korgath,1433,paladin,retribution,24,15,9
15754,Talantyr,zuljin,1433,paladin,retribution,60,27,33
15755,Granisdh,aegwynn,1432,paladin,retribution,48,25,23
15756,Sprinkills,frostmourne,1430,paladin,retribution,25,18,7
15757,Richiggaa,illidan,1430,paladin,retribution,47,29,18
15758,Konarik,stormrage,1430,paladin,retribution,40,21,19
15759,Theretpally,kelthuzad,1430,paladin,retribution,42,20,22
15760,Forged,steamwheedle-cartel,1430,paladin,retribution,66,29,37
15761,Dippedlol,tichondrius,1429,paladin,retribution,24,15,9
15762,Lmd,tichondrius,1429,paladin,retribution,54,29,25
15763,Hamertime,wyrmrest-accord,1429,paladin,retribution,59,28,31
15764,Tribiani,lightbringer,1425,paladin,retribution,24,15,9
15765,Dallyon,stormrage,1425,paladin,retribution,24,15,9
15766,Giørther,ragnaros,1425,paladin,retribution,33,16,17
15767,Powermonster,tichondrius,1425,paladin,retribution,36,15,21
15768,Sanguinata,shadowsong,1421,paladin,retribution,36,23,13
15769,Lustros,stormrage,1421,paladin,retribution,60,24,36
15770,Arahann,bleeding-hollow,1420,paladin,retribution,29,16,13
15771,Astharor,nemesis,1419,paladin,retribution,40,23,17
15772,Coleta,stormrage,1418,paladin,retribution,24,15,9
15773,Annhette,sargeras,1418,paladin,retribution,31,15,16
15774,Droden,tichondrius,1417,paladin,retribution,49,27,22
15775,Angrytitan,tichondrius,1417,paladin,retribution,36,15,21
15776,Napstër,ragnaros,1417,paladin,retribution,36,15,21
15777,Hägär,tichondrius,1416,paladin,retribution,30,15,15
15778,Lumíty,sargeras,1415,paladin,retribution,89,45,44
15779,Hdmi,darkspear,1415,paladin,retribution,41,20,21
15780,Nasnyl,stormrage,1415,paladin,retribution,36,15,21
15781,Zolktro,stormrage,1413,paladin,retribution,36,19,17
15782,Savagedemise,barthilas,1413,paladin,retribution,55,28,27
15783,Wésters,quelthalas,1413,paladin,retribution,68,30,38
15784,Justicierø,aegwynn,1412,paladin,retribution,36,18,18
15785,Smashnasty,area-52,1409,paladin,retribution,24,15,9
15786,Todesgott,tichondrius,1409,paladin,retribution,30,15,15
15787,Vaqoh,ragnaros,1409,paladin,retribution,36,15,21
15788,Reìarthur,stormrage,1408,paladin,retribution,72,32,40
15789,Kulandis,stormrage,1408,paladin,retribution,57,24,33
15790,Californía,bleeding-hollow,1406,paladin,retribution,31,19,12
15791,Wasembroder,ragnaros,1406,paladin,retribution,53,25,28
15792,Thalorian,azshara,1404,paladin,retribution,45,20,25
15793,Zimzob,stormscale,1403,paladin,retribution,30,15,15
15794,Swietomierz,proudmoore,1403,paladin,retribution,48,20,28
15795,Ellanaria,thrall,1402,paladin,retribution,69,35,34
15796,Bilbain,proudmoore,1402,paladin,retribution,119,59,60
15797,Tacien,tichondrius,1402,paladin,retribution,47,19,28
15798,Viclovin,stormrage,1400,paladin,retribution,34,17,17
15799,Tobaz,azralon,1400,paladin,retribution,40,18,22
15800,Yawnbringer,tichondrius,1399,paladin,retribution,78,37,41
15801,Albïreo,drakkari,1394,paladin,retribution,30,15,15
15802,Tmac,azralon,1393,paladin,retribution,68,35,33
15803,Belregn,illidan,1393,paladin,retribution,78,36,42
15804,Donao,illidan,1392,paladin,retribution,30,16,14
15805,Slowedreverb,stormrage,1387,paladin,retribution,81,42,39
15806,Naverpay,tichondrius,1385,paladin,retribution,29,15,14
15807,Erowyn,tichondrius,1385,paladin,retribution,30,15,15
15808,Burnning,tichondrius,1380,paladin,retribution,33,16,17
15809,Sländers,sargeras,1379,paladin,retribution,41,18,23
15810,Elsinore,senjin,1377,paladin,retribution,35,19,16
15811,Pinkies,frostmourne,1377,paladin,retribution,30,15,15
15812,Mitchyc,stormrage,1376,paladin,retribution,60,28,32
15813,Broxon,tichondrius,1372,paladin,retribution,46,27,19
15814,Stdee,zuljin,1372,paladin,retribution,57,30,27
15815,Falaran,azralon,1368,paladin,retribution,44,21,23
15816,Wîckèd,tichondrius,1366,paladin,retribution,35,15,20
15817,Bebopin,tichondrius,1365,paladin,retribution,34,16,18
15818,Perzeføne,quelthalas,1364,paladin,retribution,30,15,15
15819,Áthz,ragnaros,1363,paladin,retribution,41,21,20
15820,Alvick,icecrown,1363,paladin,retribution,39,16,23
15821,Dfbattlepass,kelthuzad,1357,paladin,retribution,61,32,29
15822,Wickedwingz,sargeras,1356,paladin,retribution,30,15,15
15823,Wesdarian,jaedenar,1354,paladin,retribution,54,20,34
15824,Urfavxbf,baelgun,1353,paladin,retribution,80,43,37
15825,Andronik,bleeding-hollow,1352,paladin,retribution,33,16,17
15826,Zantdemption,frostmourne,1349,paladin,retribution,29,15,14
15827,Avantasias,sargeras,1348,paladin,retribution,46,22,24
15828,Øxøxø,emerald-dream,1347,paladin,retribution,78,41,37
15829,Ôdenswrath,stormscale,1347,paladin,retribution,68,34,34
15830,Hazmât,illidan,1347,paladin,retribution,81,32,49
15831,Dwurim,moon-guard,1346,paladin,retribution,42,23,19
15832,Ddeadwhisper,executus,1345,paladin,retribution,98,53,45
15833,Chinsta,zuljin,1344,paladin,retribution,24,16,8
15834,Kumdonia,illidan,1343,paladin,retribution,30,14,16
15835,Holychris,shadowmoon,1343,paladin,retribution,36,14,22
15836,Worder,tichondrius,1342,paladin,retribution,24,15,9
15837,Sweetfish,kiljaeden,1341,paladin,retribution,24,14,10
15838,Lightcast,moon-guard,1341,paladin,retribution,30,15,15
15839,Outstrike,tichondrius,1340,paladin,retribution,30,14,16
15840,Retsonictwo,tichondrius,1340,paladin,retribution,30,14,16
15841,Stöneblood,moon-guard,1339,paladin,retribution,36,14,22
15842,Neró,quelthalas,1337,paladin,retribution,55,25,30
15843,Oldicktwist,garrosh,1336,paladin,retribution,42,23,19
15844,Siire,darkspear,1334,paladin,retribution,24,14,10
15845,Waffletrain,tichondrius,1334,paladin,retribution,34,15,19
15846,Väkariän,quelthalas,1333,paladin,retribution,30,14,16
15847,Heraolympian,black-dragonflight,1331,paladin,retribution,24,15,9
15848,Herrit,frostmourne,1331,paladin,retribution,59,36,23
15849,Trogdorpwn,bonechewer,1331,paladin,retribution,30,17,13
15850,Solomonss,frostmourne,1330,paladin,retribution,42,18,24
15851,Plophero,moon-guard,1329,paladin,retribution,30,14,16
15852,Amanzhul,quelthalas,1329,paladin,retribution,36,14,22
15853,Brightsaber,tichondrius,1328,paladin,retribution,63,34,29
15854,Melize,area-52,1328,paladin,retribution,93,44,49
15855,Adrockiller,quelthalas,1328,paladin,retribution,38,17,21
15856,Akabanee,ragnaros,1324,paladin,retribution,24,14,10
15857,Messeb,veknilash,1324,paladin,retribution,70,38,32
15858,Christman,illidan,1323,paladin,retribution,78,33,45
15859,Delanadras,kelthuzad,1322,paladin,retribution,30,14,16
15860,Ignasius,blood-furnace,1321,paladin,retribution,30,14,16
15861,Sventyn,frostmourne,1320,paladin,retribution,41,14,27
15862,Rasc,barthilas,1318,paladin,retribution,30,14,16
15863,Zadquel,ragnaros,1317,paladin,retribution,53,27,26
15864,Aiseyqt,frostmourne,1315,paladin,retribution,30,18,12
15865,Fabolouss,tichondrius,1315,paladin,retribution,54,29,25
15866,Aztraseneco,ragnaros,1313,paladin,retribution,68,36,32
15867,Hurukpaly,azralon,1312,paladin,retribution,30,14,16
15868,Andrinn,nemesis,1312,paladin,retribution,30,14,16
15869,Formergf,crushridge,1311,paladin,retribution,54,27,27
15870,Bigdoosa,frostmourne,1309,paladin,retribution,28,16,12
15871,Yamush,silver-hand,1309,paladin,retribution,30,14,16
15872,Retrah,azralon,1306,paladin,retribution,24,14,10
15873,Malorian,azgalor,1306,paladin,retribution,42,17,25
15874,Shecara,malygos,1305,paladin,retribution,42,23,19
15875,Charleyy,stormscale,1304,paladin,retribution,30,16,14
15876,Hùck,alexstrasza,1303,paladin,retribution,91,40,51
15877,Holyroro,area-52,1300,paladin,retribution,26,15,11
15878,Atrayeus,dawnbringer,1300,paladin,retribution,48,21,27
15879,Oneminute,nerzhul,1299,paladin,retribution,42,21,21
15880,Follower,sargeras,1299,paladin,retribution,61,29,32
15881,Krawmwell,lothar,1298,paladin,retribution,48,31,17
15882,Dzx,nemesis,1298,paladin,retribution,90,41,49
15883,Gixpal,skullcrusher,1297,paladin,retribution,24,14,10
15884,Vtyr,nemesis,1297,paladin,retribution,51,23,28
15885,Sunwrath,quelthalas,1296,paladin,retribution,72,29,43
15886,Athenariel,bleeding-hollow,1295,paladin,retribution,36,16,20
15887,Pallytoot,aerie-peak,1294,paladin,retribution,24,15,9
15888,Haiyaa,frostwolf,1294,paladin,retribution,30,14,16
15889,Scubàlicous,magtheridon,1294,paladin,retribution,36,15,21
15890,Paladingirl,darkspear,1292,paladin,retribution,92,50,42
15891,Hwanko,tichondrius,1291,paladin,retribution,22,16,6
15892,Vêndar,ragnaros,1289,paladin,retribution,78,33,45
15893,Bizzaz,moon-guard,1288,paladin,retribution,32,15,17
15894,Konthrus,azralon,1287,paladin,retribution,27,18,9
15895,Tutankhammer,stormrage,1286,paladin,retribution,58,28,30
15896,Critxx,tichondrius,1286,paladin,retribution,71,32,39
15897,Heindallr,nemesis,1284,paladin,retribution,36,18,18
15898,Navicc,zuljin,1279,paladin,retribution,29,14,15
15899,Modjytech,tichondrius,1277,paladin,retribution,47,14,33
15900,Mikehawkhuge,area-52,1276,paladin,retribution,42,22,20
15901,Tonnerre,silvermoon,1276,paladin,retribution,43,21,22
15902,Bullzor,aerie-peak,1275,paladin,retribution,20,15,5
15903,Hinataa,illidan,1273,paladin,retribution,45,24,21
15904,Webothhateme,tichondrius,1272,paladin,retribution,30,17,13
15905,Khorgus,gundrak,1271,paladin,retribution,54,27,27
15906,Happywow,tichondrius,1271,paladin,retribution,53,26,27
15907,Jugheadqc,mugthol,1271,paladin,retribution,36,17,19
15908,Mäýhëm,sargeras,1270,paladin,retribution,27,15,12
15909,Melloow,azralon,1270,paladin,retribution,61,26,35
15910,Jursch,emerald-dream,1268,paladin,retribution,48,18,30
15911,Nqe,area-52,1264,paladin,retribution,26,14,12
15912,Galaxahan,bonechewer,1262,paladin,retribution,64,30,34
15913,Ajoladin,illidan,1262,paladin,retribution,42,16,26
15914,Punative,darkspear,1262,paladin,retribution,48,16,32
15915,Canadianeh,malganis,1260,paladin,retribution,66,28,38
15916,Toyotasupra,azgalor,1258,paladin,retribution,36,21,15
15917,Belena,jaedenar,1258,paladin,retribution,36,16,20
15918,Aretwin,dalaran,1255,paladin,retribution,30,14,16
15919,Balster,moon-guard,1254,paladin,retribution,43,18,25
15920,Snowcrow,tichondrius,1251,paladin,retribution,50,18,32
15921,Ulessys,bleeding-hollow,1250,paladin,retribution,42,22,20
15922,Irantir,drakkari,1249,paladin,retribution,41,17,24
15923,Szeq,tichondrius,1248,paladin,retribution,24,13,11
15924,Zanthus,shadow-council,1248,paladin,retribution,24,13,11
15925,Balrok,cenarius,1248,paladin,retribution,125,56,69
15926,Venturep,azralon,1247,paladin,retribution,24,13,11
15927,Genovah,sargeras,1246,paladin,retribution,18,13,5
15928,Davinchi,laughing-skull,1246,paladin,retribution,41,24,17
15929,Olixx,blackrock,1246,paladin,retribution,24,13,11
15930,Beyönd,quelthalas,1246,paladin,retribution,30,13,17
15931,Zephyrvalor,sargeras,1245,paladin,retribution,54,32,22
15932,Semellem,bloodhoof,1245,paladin,retribution,24,13,11
15933,Gainen,illidan,1245,paladin,retribution,35,17,18
15934,Yuccalicious,area-52,1245,paladin,retribution,41,16,25
15935,Moød,ragnaros,1244,paladin,retribution,27,14,13
15936,Goons,frostmourne,1244,paladin,retribution,36,13,23
15937,Doktavius,lightbringer,1243,paladin,retribution,24,13,11
15938,Deployed,kaelthas,1243,paladin,retribution,36,13,23
15939,Pocserpala,drakkari,1242,paladin,retribution,18,13,5
15940,Bebitufiufiu,illidan,1242,paladin,retribution,24,13,11
15941,Tedward,emerald-dream,1242,paladin,retribution,24,13,11
15942,Såssy,moon-guard,1240,paladin,retribution,48,18,30
15943,Saintpower,stormscale,1239,paladin,retribution,24,13,11
15944,Rukkas,sargeras,1239,paladin,retribution,42,13,29
15945,Deftonia,stormrage,1238,paladin,retribution,65,31,34
15946,Perfectgirl,maiev,1238,paladin,retribution,50,22,28
15947,Yiqieyouwei,proudmoore,1238,paladin,retribution,30,13,17
15948,Ellyee,jaedenar,1238,paladin,retribution,40,14,26
15949,Rigotakp,illidan,1237,paladin,retribution,24,13,11
15950,Siaaryn,darkspear,1237,paladin,retribution,30,13,17
15951,Pristinne,darkspear,1237,paladin,retribution,82,34,48
15952,Sconey,andorhal,1237,paladin,retribution,34,14,20
15953,Streetsaint,frostmourne,1236,paladin,retribution,36,21,15
15954,Hammerzite,whisperwind,1234,paladin,retribution,24,13,11
15955,Taîno,thrall,1232,paladin,retribution,32,16,16
15956,Shiadfang,tichondrius,1231,paladin,retribution,30,13,17
15957,Nicret,tichondrius,1230,paladin,retribution,18,13,5
15958,Pàladwarf,stormrage,1229,paladin,retribution,27,14,13
15959,Saucepally,laughing-skull,1229,paladin,retribution,36,18,18
15960,Soana,alexstrasza,1228,paladin,retribution,60,38,22
15961,Legible,tichondrius,1228,paladin,retribution,28,15,13
15962,Lyricism,tichondrius,1227,paladin,retribution,24,13,11
15963,Thorsenâ,sargeras,1226,paladin,retribution,27,17,10
15964,Erethonis,bladefist,1226,paladin,retribution,24,13,11
15965,Bulioevn,emerald-dream,1224,paladin,retribution,24,13,11
15966,Vanthor,emerald-dream,1223,paladin,retribution,24,13,11
15967,Amarith,queldorei,1222,paladin,retribution,64,25,39
15968,Albion,sargeras,1222,paladin,retribution,36,13,23
15969,Füriøsa,quelthalas,1221,paladin,retribution,59,29,30
15970,Demihoj,illidan,1220,paladin,retribution,36,13,23
15971,Uglymugz,area-52,1218,paladin,retribution,37,16,21
15972,Shartea,moon-guard,1217,paladin,retribution,28,15,13
15973,Redeviliu,tichondrius,1217,paladin,retribution,41,15,26
15974,Shusekki,drakkari,1216,paladin,retribution,54,26,28
15975,Suncrashkid,nerzhul,1215,paladin,retribution,24,20,4
15976,Reptaur,bleeding-hollow,1214,paladin,retribution,34,18,16
15977,Kalgormoth,ragnaros,1213,paladin,retribution,29,13,16
15978,Brsjak,frostmourne,1212,paladin,retribution,41,18,23
15979,Dárí,stormrage,1210,paladin,retribution,54,23,31
15980,Huitz,drakkari,1207,paladin,retribution,42,19,23
15981,Xenagos,akama,1207,paladin,retribution,30,13,17
15982,Longinus,eredar,1206,paladin,retribution,24,13,11
15983,Rediems,drakkari,1203,paladin,retribution,42,21,21
15984,Noskill,moonrunner,1202,paladin,retribution,42,27,15
15985,Stõnêdpimp,agamaggan,1201,paladin,retribution,29,13,16
15986,Arnblass,magtheridon,1199,paladin,retribution,45,16,29
15987,Cexus,tichondrius,1198,paladin,retribution,23,13,10
15988,Oathden,area-52,1198,paladin,retribution,34,18,16
15989,Finishearlyx,kelthuzad,1198,paladin,retribution,35,13,22
15990,Drágons,stormrage,1196,paladin,retribution,54,24,30
15991,Avelane,caelestrasz,1191,paladin,retribution,52,24,28
15992,Dynamais,barthilas,1190,paladin,retribution,42,15,27
15993,Zadragon,sargeras,1189,paladin,retribution,36,13,23
15994,Sugnidrom,frostmourne,1179,paladin,retribution,28,13,15
15995,Hokkan,quelthalas,1176,paladin,retribution,17,13,4
15996,Schnabdain,exodar,1171,paladin,retribution,66,36,30
15997,Linias,quelthalas,1169,paladin,retribution,21,14,7
15998,Crosshammer,quelthalas,1168,paladin,retribution,36,17,19
15999,Beastyone,tichondrius,1164,paladin,retribution,82,44,38
16000,Soopadupa,trollbane,1164,paladin,retribution,68,36,32
16001,Mechelle,thrall,1157,paladin,retribution,42,19,23
16002,Meanlight,zuljin,1156,paladin,retribution,60,30,30
16003,Tearet,tichondrius,1152,paladin,retribution,18,12,6
16004,Huavi,tichondrius,1152,paladin,retribution,18,12,6
16005,Puredecuy,ragnaros,1152,paladin,retribution,18,12,6
16006,Scathol,tichondrius,1152,paladin,retribution,24,12,12
16007,Vânguârds,tichondrius,1152,paladin,retribution,24,12,12
16008,Cöjax,dalaran,1151,paladin,retribution,18,12,6
16009,Rektwings,area-52,1151,paladin,retribution,24,12,12
16010,Sukmyret,sargeras,1151,paladin,retribution,30,12,18
16011,Dragynfist,malganis,1151,paladin,retribution,30,12,18
16012,Dayuanzhong,tichondrius,1151,paladin,retribution,32,12,20
16013,Juffury,illidan,1151,paladin,retribution,36,12,24
16014,Xandia,aegwynn,1151,paladin,retribution,36,12,24
16015,Traize,kelthuzad,1150,paladin,retribution,18,12,6
16016,Mesmi,moon-guard,1150,paladin,retribution,24,12,12
16017,Britanybich,area-52,1150,paladin,retribution,24,12,12
16018,Jaikerino,emerald-dream,1150,paladin,retribution,30,12,18
16019,Hurrîcane,illidan,1150,paladin,retribution,30,12,18
16020,Yeeter,thrall,1149,paladin,retribution,24,12,12
16021,Retosterone,stormrage,1149,paladin,retribution,30,12,18
16022,Accépting,sargeras,1148,paladin,retribution,24,12,12
16023,Ktwocrank,dalaran,1148,paladin,retribution,30,12,18
16024,Bigdpally,frostmourne,1148,paladin,retribution,36,12,24
16025,Fótm,bleeding-hollow,1147,paladin,retribution,24,12,12
16026,Snoogans,korgath,1147,paladin,retribution,30,12,18
16027,Cowsecration,ragnaros,1146,paladin,retribution,18,12,6
16028,Barcar,area-52,1146,paladin,retribution,24,12,12
16029,Xdiegox,stormrage,1145,paladin,retribution,30,12,18
16030,Atterz,azralon,1144,paladin,retribution,30,12,18
16031,Thoti,tichondrius,1143,paladin,retribution,25,12,13
16032,Stormwinter,azralon,1143,paladin,retribution,36,12,24
16033,Smorezz,bonechewer,1141,paladin,retribution,18,12,6
16034,Ginbirdup,kelthuzad,1141,paladin,retribution,18,12,6
16035,Aowynd,tichondrius,1141,paladin,retribution,55,29,26
16036,Elbigboy,tichondrius,1140,paladin,retribution,83,42,41
16037,Armstrongz,bleeding-hollow,1140,paladin,retribution,30,12,18
16038,Victidin,quelthalas,1138,paladin,retribution,24,12,12
16039,Scudstock,tichondrius,1138,paladin,retribution,48,22,26
16040,Lucigiorna,stormrage,1136,paladin,retribution,36,14,22
16041,Hijinxx,antonidas,1135,paladin,retribution,29,13,16
16042,Arkanica,moon-guard,1135,paladin,retribution,30,12,18
16043,Sophany,shattered-halls,1134,paladin,retribution,18,12,6
16044,Arun,arthas,1128,paladin,retribution,33,15,18
16045,Chbestafera,nemesis,1127,paladin,retribution,18,12,6
16046,Damorte,ragnaros,1125,paladin,retribution,30,15,15
16047,Sparkchaser,proudmoore,1125,paladin,retribution,24,12,12
16048,Grimhammer,the-scryers,1123,paladin,retribution,50,27,23
16049,Canadapants,kelthuzad,1120,paladin,retribution,18,12,6
16050,Jxke,barthilas,1119,paladin,retribution,23,12,11
16051,Zaklehblue,daggerspine,1118,paladin,retribution,60,24,36
16052,Tronzyy,trollbane,1116,paladin,retribution,29,12,17
16053,Deathwyz,thunderlord,1116,paladin,retribution,36,14,22
16054,Sandicang,azuremyst,1114,paladin,retribution,36,18,18
16055,Thal,silvermoon,1113,paladin,retribution,24,13,11
16056,Kiergann,quelthalas,1112,paladin,retribution,36,12,24
16057,Willhookah,azralon,1111,paladin,retribution,30,16,14
16058,Palpinga,kelthuzad,1110,paladin,retribution,38,13,25
16059,Vanillur,tichondrius,1109,paladin,retribution,38,16,22
16060,Wasimodo,emerald-dream,1106,paladin,retribution,54,28,26
16061,Greatgirthy,hyjal,1106,paladin,retribution,30,13,17
16062,Galeatus,tichondrius,1102,paladin,retribution,35,13,22
16063,Aellâ,bloodscalp,1096,paladin,retribution,68,33,35
16064,Joelanson,blood-furnace,1092,paladin,retribution,30,16,14
16065,Omenix,laughing-skull,1091,paladin,retribution,29,12,17
16066,Cheesetitan,tichondrius,1090,paladin,retribution,52,22,30
16067,Billnighy,alleria,1089,paladin,retribution,30,14,16
16068,Mcbraín,quelthalas,1089,paladin,retribution,30,12,18
16069,Trappadin,sargeras,1088,paladin,retribution,24,12,12
16070,Killumminati,tichondrius,1087,paladin,retribution,21,13,8
16071,Salvations,queldorei,1085,paladin,retribution,30,15,15
16072,Judgmentor,malganis,1080,paladin,retribution,34,12,22
16073,Orestis,stormrage,1079,paladin,retribution,23,12,11
16074,Jinfandi,gurubashi,1079,paladin,retribution,30,12,18
16075,Bubblegums,nagrand,1078,paladin,retribution,63,36,27
16076,Eliasor,illidan,1077,paladin,retribution,18,13,5
16077,Zir,frostmourne,1077,paladin,retribution,41,21,20
16078,Clefairy,arathor,1076,paladin,retribution,39,23,16
16079,Yusha,barthilas,1066,paladin,retribution,17,12,5
16080,Kittylickers,tichondrius,1066,paladin,retribution,48,25,23
16081,Alairius,tichondrius,1059,paladin,retribution,17,13,4
16082,Andras,emerald-dream,1059,paladin,retribution,22,12,10
16083,Andelko,tichondrius,1056,paladin,retribution,18,11,7
16084,Makayla,kiljaeden,1056,paladin,retribution,24,11,13
16085,Siq,arthas,1056,paladin,retribution,30,11,19
16086,Hefaista,ragnaros,1056,paladin,retribution,30,11,19
16087,Shôtgun,tichondrius,1056,paladin,retribution,30,11,19
16088,Saakadin,illidan,1055,paladin,retribution,18,11,7
16089,Pallysmack,stormrage,1055,paladin,retribution,24,11,13
16090,Miemiesage,illidan,1055,paladin,retribution,24,11,13
16091,Whosyadaddy,tichondrius,1055,paladin,retribution,24,11,13
16092,Keenos,frostmourne,1054,paladin,retribution,18,11,7
16093,Hrota,laughing-skull,1054,paladin,retribution,18,11,7
16094,Pallyzo,zuljin,1054,paladin,retribution,24,11,13
16095,Minitas,blackrock,1054,paladin,retribution,24,11,13
16096,Varaben,sargeras,1054,paladin,retribution,36,11,25
16097,Zayblade,dragonblight,1053,paladin,retribution,18,11,7
16098,Midheaven,moon-guard,1053,paladin,retribution,18,11,7
16099,Sancthia,area-52,1053,paladin,retribution,24,11,13
16100,Cripplemakër,stormrage,1052,paladin,retribution,18,11,7
16101,Vynesonia,emerald-dream,1052,paladin,retribution,21,12,9
16102,Brolando,hyjal,1052,paladin,retribution,24,11,13
16103,Shlaps,crushridge,1051,paladin,retribution,18,11,7
16104,Iesous,kiljaeden,1051,paladin,retribution,18,11,7
16105,Pijbins,moon-guard,1051,paladin,retribution,18,11,7
16106,Athenauwu,illidan,1051,paladin,retribution,24,11,13
16107,Libertylol,tichondrius,1051,paladin,retribution,28,12,16
16108,Ranthoril,hydraxis,1050,paladin,retribution,12,11,1
16109,Exulta,illidan,1050,paladin,retribution,42,23,19
16110,Kaélthas,eonar,1050,paladin,retribution,24,11,13
16111,Wwanntae,tichondrius,1050,paladin,retribution,30,11,19
16112,Ødin,turalyon,1049,paladin,retribution,18,11,7
16113,Mangguo,tichondrius,1049,paladin,retribution,24,11,13
16114,Lïgma,dalaran,1048,paladin,retribution,18,11,7
16115,Mfgspally,kelthuzad,1048,paladin,retribution,24,11,13
16116,Theldart,ragnaros,1046,paladin,retribution,24,11,13
16117,Simplesam,draenor,1046,paladin,retribution,30,11,19
16118,Statícx,ragnaros,1045,paladin,retribution,25,12,13
16119,Guji,jubeithos,1045,paladin,retribution,24,11,13
16120,Dedsxy,tichondrius,1045,paladin,retribution,24,11,13
16121,Kalboko,twisting-nether,1045,paladin,retribution,27,12,15
16122,Retman,azuremyst,1045,paladin,retribution,30,11,19
16123,Sïrenek,tichondrius,1044,paladin,retribution,19,11,8
16124,Lostkanvas,azralon,1043,paladin,retribution,18,11,7
16125,Snowcrest,cenarius,1043,paladin,retribution,24,11,13
16126,Popwingzz,sargeras,1043,paladin,retribution,30,11,19
16127,Brucedwal,moon-guard,1041,paladin,retribution,18,11,7
16128,Mikezheng,tichondrius,1039,paladin,retribution,30,11,19
16129,Bayaz,emerald-dream,1038,paladin,retribution,18,11,7
16130,Gramaton,malfurion,1034,paladin,retribution,30,11,19
16131,Jeinova,barthilas,1033,paladin,retribution,30,20,10
16132,Thanatiel,area-52,1033,paladin,retribution,27,15,12
16133,Mortika,frostmourne,1033,paladin,retribution,30,14,16
16134,Fortueni,illidan,1024,paladin,retribution,70,39,31
16135,Galatus,tichondrius,1023,paladin,retribution,23,11,12
16136,Mordered,proudmoore,1022,paladin,retribution,28,11,17
16137,Lejeñd,stormrage,1021,paladin,retribution,35,11,24
16138,Thirtyfivemm,area-52,1020,paladin,retribution,24,11,13
16139,Missoutale,aerie-peak,1020,paladin,retribution,70,27,43
16140,Carliitoz,quelthalas,1020,paladin,retribution,29,11,18
16141,Furnost,drenden,1019,paladin,retribution,23,11,12
16142,Meltedcheese,destromath,1018,paladin,retribution,24,11,13
16143,Dralkou,kaelthas,1015,paladin,retribution,32,12,20
16144,Kènjii,sargeras,1009,paladin,retribution,34,16,18
16145,Sanctum,barthilas,1008,paladin,retribution,135,65,70
16146,Foofs,shadowmoon,1007,paladin,retribution,23,11,12
16147,Durothar,dalaran,1006,paladin,retribution,24,11,13
16148,Whathehell,black-dragonflight,1001,paladin,retribution,29,14,15
16149,Atreuss,moon-guard,996,paladin,retribution,24,12,12
16150,Tøpbløke,frostmourne,993,paladin,retribution,25,12,13
16151,Tyrswrath,sargeras,992,paladin,retribution,36,19,17
16152,Avlystein,wyrmrest-accord,991,paladin,retribution,59,17,42
16153,Paim,tol-barad,990,paladin,retribution,26,11,15
16154,Bladetm,proudmoore,989,paladin,retribution,23,11,12
16155,Lêe,dalaran,987,paladin,retribution,15,12,3
16156,Tharkeves,cenarius,987,paladin,retribution,22,11,11
16157,Holyshôckz,stormrage,983,paladin,retribution,29,11,18
16158,Cuthroat,area-52,978,paladin,retribution,98,49,49
16159,Johnyfresh,jubeithos,977,paladin,retribution,33,12,21
16160,Garruckadin,dalaran,976,paladin,retribution,19,11,8
16161,Hammerhitter,lightbringer,972,paladin,retribution,36,14,22
16162,Ghøjan,malganis,968,paladin,retribution,17,11,6
16163,Didymus,boulderfist,968,paladin,retribution,30,13,17
16164,Biggin,garona,963,paladin,retribution,54,13,41
16165,Meleegodx,darkspear,960,paladin,retribution,18,10,8
16166,Zeyrox,stormrage,960,paladin,retribution,18,10,8
16167,Kmackk,tichondrius,960,paladin,retribution,18,10,8
16168,Caperx,tichondrius,960,paladin,retribution,24,10,14
16169,Incubus,rexxar,960,paladin,retribution,24,10,14
16170,Komonai,illidan,960,paladin,retribution,24,10,14
16171,Awbie,moon-guard,960,paladin,retribution,24,10,14
16172,Kikazaru,moon-guard,960,paladin,retribution,30,10,20
16173,Atair,antonidas,959,paladin,retribution,12,10,2
16174,Avati,sargeras,959,paladin,retribution,12,10,2
16175,Darguen,ragnaros,959,paladin,retribution,16,11,5
16176,Ibustcheeks,sargeras,959,paladin,retribution,18,10,8
16177,Palajeans,stormrage,959,paladin,retribution,18,10,8
16178,Clubs,sargeras,959,paladin,retribution,18,10,8
16179,Zcho,proudmoore,959,paladin,retribution,18,10,8
16180,Daeyang,tichondrius,959,paladin,retribution,18,10,8
16181,Chajaaro,ragnaros,959,paladin,retribution,18,10,8
16182,Kayaman,tichondrius,959,paladin,retribution,18,10,8
16183,Helldevil,zuljin,959,paladin,retribution,24,10,14
16184,Déathkiing,area-52,959,paladin,retribution,24,10,14
16185,Gellehar,barthilas,959,paladin,retribution,24,10,14
16186,Tofuupal,tichondrius,959,paladin,retribution,24,10,14
16187,Wing,frostwolf,959,paladin,retribution,24,10,14
16188,Dontaylor,tichondrius,959,paladin,retribution,24,10,14
16189,Anafensa,malganis,959,paladin,retribution,30,10,20
16190,Zensargge,tichondrius,959,paladin,retribution,36,10,26
16191,Runö,frostmourne,959,paladin,retribution,37,10,27
16192,Thepinkdept,proudmoore,958,paladin,retribution,18,10,8
16193,Ssparkk,stormrage,958,paladin,retribution,18,10,8
16194,Nuggetpusher,thunderlord,958,paladin,retribution,21,10,11
16195,Cryptdog,illidan,958,paladin,retribution,21,10,11
16196,Skilladin,zuljin,958,paladin,retribution,24,10,14
16197,Verdicts,moon-guard,958,paladin,retribution,30,10,20
16198,Pockopea,arygos,957,paladin,retribution,18,10,8
16199,Grünt,ragnaros,957,paladin,retribution,18,10,8
16200,Luxord,ysera,957,paladin,retribution,22,11,11
16201,Angriel,azralon,957,paladin,retribution,24,10,14
16202,Wagyou,skywall,957,paladin,retribution,24,10,14
16203,Esçanór,darkspear,957,paladin,retribution,24,10,14
16204,Vulkaros,azralon,956,paladin,retribution,12,10,2
16205,Rusinator,bonechewer,956,paladin,retribution,18,10,8
16206,Xalixxa,wyrmrest-accord,956,paladin,retribution,18,10,8
16207,Solgrïm,wyrmrest-accord,956,paladin,retribution,18,10,8
16208,Kokuryuha,quelthalas,956,paladin,retribution,33,16,17
16209,Temote,anvilmar,956,paladin,retribution,24,10,14
16210,Vejita,frostmourne,955,paladin,retribution,18,10,8
16211,Heälmeñow,tichondrius,955,paladin,retribution,24,10,14
16212,Winbott,sargeras,955,paladin,retribution,30,10,20
16213,Naghret,area-52,954,paladin,retribution,18,10,8
16214,Cacaine,goldrinn,954,paladin,retribution,21,11,10
16215,Sòl,stormrage,954,paladin,retribution,24,10,14
16216,Hiikari,silver-hand,953,paladin,retribution,18,10,8
16217,Justsmiteit,dalaran,953,paladin,retribution,18,10,8
16218,Giltronix,thrall,952,paladin,retribution,18,10,8
16219,Exeneyder,elune,952,paladin,retribution,25,10,15
16220,ßlððdyßðnez,malganis,949,paladin,retribution,18,10,8
16221,Xhotbutters,korgath,945,paladin,retribution,31,13,18
16222,Nadrela,burning-blade,944,paladin,retribution,18,10,8
16223,Luke,frostwolf,943,paladin,retribution,23,10,13
16224,Ekyu,sargeras,942,paladin,retribution,19,12,7
16225,Thørîm,nazjatar,941,paladin,retribution,24,10,14
16226,Bigjwpb,illidan,935,paladin,retribution,106,48,58
16227,Nerfret,zuljin,926,paladin,retribution,14,11,3
16228,Superzooted,sargeras,925,paladin,retribution,22,10,12
16229,Diësëlsmoke,bronzebeard,917,paladin,retribution,18,10,8
16230,Sosalo,sargeras,912,paladin,retribution,39,15,24
16231,Thørmento,azralon,912,paladin,retribution,33,10,23
16232,Rönän,sargeras,911,paladin,retribution,17,10,7
16233,Rebukezz,dalaran,911,paladin,retribution,23,10,13
16234,Drtom,mannoroth,908,paladin,retribution,21,10,11
16235,Lilsquirt,proudmoore,901,paladin,retribution,23,14,9
16236,Zentrick,whisperwind,898,paladin,retribution,24,10,14
16237,Goldranger,hakkar,896,paladin,retribution,36,18,18
16238,Luret,tichondrius,896,paladin,retribution,22,10,12
16239,Keu,emerald-dream,896,paladin,retribution,51,16,35
16240,Elcíd,quelthalas,895,paladin,retribution,34,10,24
16241,Toguro,kelthuzad,894,paladin,retribution,22,10,12
16242,Reti,ursin,872,paladin,retribution,95,46,49
16243,Toepuller,doomhammer,866,paladin,retribution,24,11,13
16244,Chadsteroid,sargeras,864,paladin,retribution,12,9,3
16245,Chrigpal,tichondrius,864,paladin,retribution,12,9,3
16246,Warstompgg,ragnaros,864,paladin,retribution,12,9,3
16247,Kaetix,frostmourne,864,paladin,retribution,12,9,3
16248,Slivkoff,wyrmrest-accord,864,paladin,retribution,12,9,3
16249,Naughtygames,area-52,864,paladin,retribution,12,9,3
16250,Wölfheärt,tichondrius,864,paladin,retribution,12,9,3
16251,Bigdixss,tichondrius,864,paladin,retribution,18,9,9
16252,Wogyu,area-52,864,paladin,retribution,18,9,9
16253,Beardedbrute,korgath,864,paladin,retribution,18,9,9
16254,Brohtato,area-52,864,paladin,retribution,18,9,9
16255,Hardnow,emerald-dream,864,paladin,retribution,18,9,9
16256,Miktley,area-52,864,paladin,retribution,18,9,9
16257,Samphlty,azralon,864,paladin,retribution,18,9,9
16258,Axeliee,kiljaeden,864,paladin,retribution,18,9,9
16259,Huuzhaa,tichondrius,864,paladin,retribution,18,9,9
16260,Beefdaddyx,tichondrius,864,paladin,retribution,18,9,9
16261,Héber,nemesis,864,paladin,retribution,18,9,9
16262,Alicê,moon-guard,864,paladin,retribution,18,9,9
16263,Redemptiøn,nemesis,864,paladin,retribution,18,9,9
16264,Kishou,stormrage,864,paladin,retribution,21,10,11
16265,Diebygcd,tichondrius,864,paladin,retribution,19,9,10
16266,Galedance,tichondrius,864,paladin,retribution,22,10,12
16267,Lit,alexstrasza,864,paladin,retribution,22,10,12
16268,Justeight,stormrage,864,paladin,retribution,21,9,12
16269,Wde,zuljin,864,paladin,retribution,25,10,15
16270,Traevel,moon-guard,864,paladin,retribution,24,9,15
16271,Gabbynator,emerald-dream,864,paladin,retribution,24,9,15
16272,Promethèus,jubeithos,864,paladin,retribution,24,9,15
16273,Geospawn,tichondrius,864,paladin,retribution,24,9,15
16274,Pérona,tichondrius,864,paladin,retribution,24,9,15
16275,Pistis,kelthuzad,864,paladin,retribution,24,9,15
16276,Saintgeórge,frostmourne,864,paladin,retribution,25,9,16
16277,Sweetcandy,sargeras,863,paladin,retribution,12,9,3
16278,Theseusz,tichondrius,863,paladin,retribution,12,9,3
16279,Inquisídor,nemesis,863,paladin,retribution,12,9,3
16280,Berryblast,shadowmoon,863,paladin,retribution,12,9,3
16281,Merculios,stormrage,863,paladin,retribution,12,9,3
16282,Avacii,illidan,863,paladin,retribution,18,9,9
16283,Mormdring,fizzcrank,863,paladin,retribution,18,9,9
16284,Røshea,hydraxis,863,paladin,retribution,18,9,9
16285,Heizero,area-52,863,paladin,retribution,18,9,9
16286,Veroth,caelestrasz,863,paladin,retribution,18,9,9
16287,Articilia,ragnaros,863,paladin,retribution,18,9,9
16288,Blasstar,quelthalas,863,paladin,retribution,18,9,9
16289,Paliwarrior,illidan,863,paladin,retribution,18,9,9
16290,Sniper,uther,863,paladin,retribution,18,9,9
16291,Enril,azgalor,863,paladin,retribution,18,9,9
16292,Loraven,wyrmrest-accord,863,paladin,retribution,18,9,9
16293,Teewrecks,frostmourne,863,paladin,retribution,18,9,9
16294,Detrimentãl,nagrand,863,paladin,retribution,24,9,15
16295,Rivzx,tichondrius,863,paladin,retribution,24,9,15
16296,Caonizumu,area-52,863,paladin,retribution,24,9,15
16297,Galadriele,zuljin,863,paladin,retribution,24,9,15
16298,Xeldar,tichondrius,863,paladin,retribution,24,9,15
16299,Tåine,suramar,863,paladin,retribution,24,9,15
16300,Zerohöur,emerald-dream,863,paladin,retribution,30,9,21
16301,Salaminhoo,azralon,862,paladin,retribution,12,9,3
16302,Badboí,azralon,862,paladin,retribution,12,9,3
16303,Playandrunn,illidan,862,paladin,retribution,18,9,9
16304,Restitution,area-52,862,paladin,retribution,24,9,15
16305,Kelthálas,illidan,862,paladin,retribution,24,9,15
16306,Stevas,khazgoroth,861,paladin,retribution,12,9,3
16307,Industry,firetree,861,paladin,retribution,15,10,5
16308,Vexxa,nerzhul,861,paladin,retribution,18,9,9
16309,Rennalux,stormrage,861,paladin,retribution,24,9,15
16310,Cyäbyë,frostmourne,860,paladin,retribution,18,9,9
16311,Aeroßlaze,dragonmaw,860,paladin,retribution,18,9,9
16312,Pallyhealed,tichondrius,860,paladin,retribution,21,9,12
16313,Emmastoned,bleeding-hollow,860,paladin,retribution,24,9,15
16314,Tekar,altar-of-storms,860,paladin,retribution,30,9,21
16315,Bainn,nerzhul,859,paladin,retribution,18,10,8
16316,Khetzi,thunderhorn,859,paladin,retribution,18,9,9
16317,Layonthis,the-venture-co,859,paladin,retribution,18,9,9
16318,Derethen,emerald-dream,858,paladin,retribution,18,9,9
16319,Irongiant,grizzly-hills,858,paladin,retribution,18,9,9
16320,Alysca,tichondrius,858,paladin,retribution,18,9,9
16321,Holyzeen,darkspear,857,paladin,retribution,17,11,6
16322,Alerz,moon-guard,857,paladin,retribution,15,9,6
16323,Tatánka,ragnaros,847,paladin,retribution,18,9,9
16324,Leyon,alterac-mountains,847,paladin,retribution,18,9,9
16325,Varlip,wyrmrest-accord,847,paladin,retribution,29,9,20
16326,Draerys,drakkari,845,paladin,retribution,12,9,3
16327,Morthalos,moon-guard,845,paladin,retribution,23,9,14
16328,Rensvall,frostmourne,844,paladin,retribution,18,9,9
16329,Hotdgwatr,bleeding-hollow,843,paladin,retribution,24,10,14
16330,Avaheal,dragonmaw,842,paladin,retribution,23,9,14
16331,Pallehx,tichondrius,831,paladin,retribution,23,9,14
16332,Anyatay,ragnaros,825,paladin,retribution,41,9,32
16333,Cozzey,amanthul,810,paladin,retribution,17,9,8
16334,Thadose,bonechewer,808,paladin,retribution,22,9,13
16335,Páláx,stormrage,806,paladin,retribution,27,9,18
16336,Ðetroity,stormrage,800,paladin,retribution,21,10,11
16337,Lizzyz,illidan,799,paladin,retribution,20,9,11
16338,Marvallous,area-52,799,paladin,retribution,22,9,13
16339,Erós,azralon,798,paladin,retribution,22,9,13
16340,Lightfdre,rexxar,797,paladin,retribution,33,11,22
16341,Jdisco,bonechewer,782,paladin,retribution,19,9,10
16342,Noholy,nemesis,777,paladin,retribution,31,10,21
16343,Deltajk,drakkari,771,paladin,retribution,24,9,15
16344,Kadryck,drakkari,768,paladin,retribution,12,8,4
16345,Soymilkdrnka,sargeras,768,paladin,retribution,12,8,4
16346,Laboøn,stormrage,768,paladin,retribution,12,8,4
16347,Clee,sargeras,768,paladin,retribution,12,8,4
16348,Swellows,tichondrius,768,paladin,retribution,12,8,4
16349,Virrata,tichondrius,768,paladin,retribution,12,8,4
16350,Djangø,azuremyst,768,paladin,retribution,12,8,4
16351,Arellis,barthilas,768,paladin,retribution,12,8,4
16352,Strøngkiing,bleeding-hollow,768,paladin,retribution,12,8,4
16353,Dasp,nagrand,768,paladin,retribution,12,8,4
16354,Gannecus,bleeding-hollow,768,paladin,retribution,12,8,4
16355,Mortalbeef,zuljin,768,paladin,retribution,12,8,4
16356,Tanishalfelf,stormrage,768,paladin,retribution,12,8,4
16357,Unicornslayr,antonidas,768,paladin,retribution,12,8,4
16358,Tolliver,area-52,768,paladin,retribution,12,8,4
16359,Schmïtty,tichondrius,768,paladin,retribution,12,8,4
16360,Bubblless,thrall,768,paladin,retribution,12,8,4
16361,Oneshotman,stormrage,768,paladin,retribution,12,8,4
16362,Nornix,fenris,768,paladin,retribution,12,8,4
16363,Cutebtw,zuljin,768,paladin,retribution,16,9,7
16364,Grimreaperx,azralon,768,paladin,retribution,17,8,9
16365,Bubbletaunt,frostmourne,768,paladin,retribution,18,8,10
16366,Hojdin,tichondrius,768,paladin,retribution,18,8,10
16367,Gorostas,kelthuzad,768,paladin,retribution,18,8,10
16368,Jebpal,tichondrius,768,paladin,retribution,18,8,10
16369,Kuico,ragnaros,768,paladin,retribution,18,8,10
16370,Ponytail,dark-iron,768,paladin,retribution,18,8,10
16371,Aurken,ragnaros,768,paladin,retribution,18,8,10
16372,Tævèn,tichondrius,768,paladin,retribution,18,8,10
16373,Jakkatähn,malganis,768,paladin,retribution,18,8,10
16374,Anjurus,moon-guard,768,paladin,retribution,18,8,10
16375,Blackpie,bleeding-hollow,768,paladin,retribution,18,8,10
16376,Roshord,quelthalas,768,paladin,retribution,18,8,10
16377,Jachugz,tichondrius,768,paladin,retribution,18,8,10
16378,Hamerfall,tichondrius,768,paladin,retribution,18,8,10
16379,Nozfferatu,drakkari,768,paladin,retribution,18,8,10
16380,Hôtt,kul-tiras,768,paladin,retribution,18,8,10
16381,Torosagrado,drakkari,768,paladin,retribution,18,8,10
16382,Shakalot,illidan,768,paladin,retribution,18,8,10
16383,Vibránium,tichondrius,768,paladin,retribution,24,8,16
16384,Zoliz,tichondrius,768,paladin,retribution,24,8,16
16385,Isayas,tichondrius,768,paladin,retribution,24,8,16
16386,Rexpeitaboot,azralon,768,paladin,retribution,24,8,16
16387,Bubbleblade,burning-blade,768,paladin,retribution,24,8,16
16388,Duffnroses,tichondrius,768,paladin,retribution,24,8,16
16389,Fây,sargeras,768,paladin,retribution,24,8,16
16390,Ðori,tichondrius,768,paladin,retribution,24,8,16
16391,Theholysword,tichondrius,768,paladin,retribution,30,8,22
16392,Garethorne,illidan,768,paladin,retribution,30,8,22
16393,Chewyjitsu,tichondrius,767,paladin,retribution,12,8,4
16394,Hqknight,moon-guard,767,paladin,retribution,12,8,4
16395,Smitetheweak,rivendare,767,paladin,retribution,12,8,4
16396,Mægenta,tichondrius,767,paladin,retribution,12,8,4
16397,Greybrox,barthilas,767,paladin,retribution,12,8,4
16398,Dachenkov,tichondrius,767,paladin,retribution,12,8,4
16399,Pinelli,aegwynn,767,paladin,retribution,12,8,4
16400,Husurdaddy,dalaran,767,paladin,retribution,12,8,4
16401,Galanblack,dalaran,767,paladin,retribution,12,8,4
16402,Alphanerd,burning-blade,767,paladin,retribution,12,8,4
16403,Beachyo,tichondrius,767,paladin,retribution,12,8,4
16404,Keit,moon-guard,767,paladin,retribution,12,8,4
16405,Imhardirl,area-52,767,paladin,retribution,12,8,4
16406,Wickedpälly,kelthuzad,767,paladin,retribution,12,8,4
16407,Kiboko,tichondrius,767,paladin,retribution,13,8,5
16408,Amlovích,quelthalas,767,paladin,retribution,18,8,10
16409,Buddyolpally,proudmoore,767,paladin,retribution,18,8,10
16410,Pallynation,korgath,767,paladin,retribution,18,8,10
16411,Nightfallz,farstriders,767,paladin,retribution,18,8,10
16412,Bruhstice,area-52,767,paladin,retribution,18,8,10
16413,Arreliya,sargeras,767,paladin,retribution,18,8,10
16414,Antarcticala,frostmourne,767,paladin,retribution,18,8,10
16415,Fogonaventa,nemesis,767,paladin,retribution,18,8,10
16416,Phanna,the-forgotten-coast,767,paladin,retribution,18,8,10
16417,Ironcoco,ragnaros,767,paladin,retribution,18,8,10
16418,Ashess,sargeras,767,paladin,retribution,18,8,10
16419,Doobiehigh,proudmoore,767,paladin,retribution,18,8,10
16420,Dontsleep,magtheridon,767,paladin,retribution,18,8,10
16421,Nutsmashèr,illidan,767,paladin,retribution,18,8,10
16422,Sermon,moon-guard,767,paladin,retribution,18,8,10
16423,Throwable,illidan,767,paladin,retribution,18,8,10
16424,Sconci,whisperwind,767,paladin,retribution,18,8,10
16425,Holyskeeter,thunderhorn,767,paladin,retribution,19,8,11
16426,Dcountt,area-52,767,paladin,retribution,24,8,16
16427,Krinkin,illidan,767,paladin,retribution,24,8,16
16428,Ragarèn,emerald-dream,767,paladin,retribution,24,8,16
16429,Kylarha,stormrage,766,paladin,retribution,12,8,4
16430,Passion,wyrmrest-accord,766,paladin,retribution,12,8,4
16431,Deesqueezie,area-52,766,paladin,retribution,12,8,4
16432,Lainn,zuljin,766,paladin,retribution,12,8,4
16433,Dresdén,skullcrusher,766,paladin,retribution,12,8,4
16434,Otorten,bladefist,766,paladin,retribution,12,8,4
16435,Mathieü,zuljin,766,paladin,retribution,18,8,10
16436,Chippo,aegwynn,766,paladin,retribution,18,8,10
16437,Xoxoxoxoxoxo,aegwynn,766,paladin,retribution,18,8,10
16438,Oschy,moon-guard,766,paladin,retribution,18,8,10
16439,Holyfilers,thunderlord,766,paladin,retribution,24,8,16
16440,Carolena,thaurissan,766,paladin,retribution,24,8,16
16441,Wlq,frostmourne,766,paladin,retribution,24,8,16
16442,Gírthbrooks,hyjal,765,paladin,retribution,12,8,4
16443,Nikinaki,stormrage,765,paladin,retribution,12,8,4
16444,Cederas,sargeras,765,paladin,retribution,12,8,4
16445,Krixes,firetree,765,paladin,retribution,18,8,10
16446,Gigadorff,stormrage,765,paladin,retribution,18,8,10
16447,Ichigò,sargeras,765,paladin,retribution,18,8,10
16448,Butchur,area-52,765,paladin,retribution,24,8,16
16449,Xanamun,magtheridon,764,paladin,retribution,18,8,10
16450,Iceburg,shadowmoon,764,paladin,retribution,18,8,10
16451,Yenkmeilleur,zuljin,763,paladin,retribution,12,8,4
16452,Deathblazer,blades-edge,763,paladin,retribution,18,8,10
16453,Goldfînger,zuljin,763,paladin,retribution,18,8,10
16454,Guccii,quelthalas,763,paladin,retribution,18,8,10
16455,Jebadia,proudmoore,762,paladin,retribution,12,8,4
16456,Gys,ragnaros,762,paladin,retribution,18,8,10
16457,Flisk,garona,761,paladin,retribution,12,8,4
16458,Eldirn,bleeding-hollow,761,paladin,retribution,12,8,4
16459,Lucifuge,twisting-nether,760,paladin,retribution,12,8,4
16460,Drekgor,drakkari,760,paladin,retribution,18,8,10
16461,Eetswaz,frostmourne,759,paladin,retribution,18,9,9
16462,Volorick,dalaran,759,paladin,retribution,26,8,18
16463,Aladid,aggramar,758,paladin,retribution,12,8,4
16464,Populate,tichondrius,752,paladin,retribution,12,8,4
16465,Fumaçaa,nemesis,751,paladin,retribution,18,8,10
16466,Maelie,shadowmoon,749,paladin,retribution,12,8,4
16467,Yulasa,area-52,735,paladin,retribution,14,9,5
16468,Tonimâster,misha,735,paladin,retribution,17,8,9
16469,Hekki,ragnaros,735,paladin,retribution,19,8,11
16470,Decareos,tichondrius,719,paladin,retribution,17,8,9
16471,Nohpalli,kelthuzad,718,paladin,retribution,17,8,9
16472,Mádz,ragnaros,718,paladin,retribution,17,8,9
16473,Mareaaturbo,azralon,716,paladin,retribution,17,8,9
16474,Lilbursty,tichondrius,714,paladin,retribution,19,9,10
16475,Andorsi,elune,714,paladin,retribution,21,9,12
16476,Pantheeon,altar-of-storms,713,paladin,retribution,30,9,21
16477,Connextion,terenas,704,paladin,retribution,16,8,8
16478,Swurvezx,bleeding-hollow,703,paladin,retribution,11,8,3
16479,Iammj,skywall,703,paladin,retribution,11,8,3
16480,Wadalee,tichondrius,702,paladin,retribution,26,8,18
16481,Procs,hyjal,701,paladin,retribution,11,9,2
16482,Palaðu,azralon,700,paladin,retribution,14,8,6
16483,Àmárìs,tichondrius,700,paladin,retribution,16,8,8
16484,Turtlehoof,thrall,684,paladin,retribution,19,8,11
16485,Nosferätu,illidan,672,paladin,retribution,12,7,5
16486,Bighoochie,moon-guard,672,paladin,retribution,12,7,5
16487,Holreshee,tichondrius,672,paladin,retribution,12,7,5
16488,Arkoth,kelthuzad,672,paladin,retribution,12,7,5
16489,Fakesimp,illidan,672,paladin,retribution,12,7,5
16490,Araguaney,bleeding-hollow,672,paladin,retribution,12,7,5
16491,Holycar,illidan,672,paladin,retribution,12,7,5
16492,Montyer,ragnaros,672,paladin,retribution,12,7,5
16493,Cillessá,kelthuzad,672,paladin,retribution,12,7,5
16494,Bomdia,stormrage,672,paladin,retribution,12,7,5
16495,Gattís,stormrage,672,paladin,retribution,12,7,5
16496,Dabbicus,tichondrius,672,paladin,retribution,12,7,5
16497,Hèlfar,wyrmrest-accord,672,paladin,retribution,12,7,5
16498,Iloveket,blackrock,672,paladin,retribution,12,7,5
16499,Noitra,azralon,672,paladin,retribution,12,7,5
16500,Nest,stormrage,672,paladin,retribution,12,7,5
16501,Celethor,wyrmrest-accord,672,paladin,retribution,12,7,5
16502,Armstrong,azralon,672,paladin,retribution,12,7,5
16503,Chäinswellx,area-52,672,paladin,retribution,12,7,5
16504,Syreqt,nemesis,672,paladin,retribution,12,7,5
16505,Paltarrd,bleeding-hollow,672,paladin,retribution,12,7,5
16506,Âllmíght,quelthalas,672,paladin,retribution,12,7,5
16507,Zaxxous,hyjal,672,paladin,retribution,12,7,5
16508,Zözo,zuljin,672,paladin,retribution,12,7,5
16509,Aurðra,kiljaeden,672,paladin,retribution,12,7,5
16510,Cathode,area-52,672,paladin,retribution,12,7,5
16511,Cesah,tichondrius,672,paladin,retribution,12,7,5
16512,Theehopper,shandris,672,paladin,retribution,12,7,5
16513,Ròwdy,area-52,672,paladin,retribution,12,7,5
16514,Mes,dragonmaw,672,paladin,retribution,12,7,5
16515,Aiethyria,tichondrius,672,paladin,retribution,12,7,5
16516,Mikâel,cairne,672,paladin,retribution,12,7,5
16517,Greatwyrm,illidan,672,paladin,retribution,12,7,5
16518,Pathalerix,eonar,672,paladin,retribution,12,7,5
16519,Trejetë,tichondrius,672,paladin,retribution,12,7,5
16520,Greasy,quelthalas,672,paladin,retribution,12,7,5
16521,Shadoweelite,sargeras,672,paladin,retribution,12,7,5
16522,Unitiss,velen,672,paladin,retribution,12,7,5
16523,Wèbb,burning-legion,672,paladin,retribution,12,7,5
16524,Lhacius,drakkari,672,paladin,retribution,16,8,8
16525,Thazadin,barthilas,672,paladin,retribution,16,8,8
16526,Auxilio,arathor,672,paladin,retribution,18,7,11
16527,Loyality,sargeras,672,paladin,retribution,18,7,11
16528,Draenkz,quelthalas,672,paladin,retribution,18,7,11
16529,Hakson,stormrage,672,paladin,retribution,18,7,11
16530,Moistbible,kelthuzad,672,paladin,retribution,18,7,11
16531,Polypal,zuljin,672,paladin,retribution,18,7,11
16532,Cliftôn,illidan,672,paladin,retribution,18,7,11
16533,Velarelan,moon-guard,672,paladin,retribution,18,7,11
16534,Kloud,sargeras,672,paladin,retribution,18,7,11
16535,Amntir,sargeras,672,paladin,retribution,18,7,11
16536,Ziti,bonechewer,672,paladin,retribution,18,7,11
16537,Fossilz,sargeras,672,paladin,retribution,18,7,11
16538,Tothegravetv,illidan,672,paladin,retribution,18,7,11
16539,Kaupe,barthilas,672,paladin,retribution,18,7,11
16540,Trfreedomz,frostmourne,672,paladin,retribution,18,7,11
16541,Kipow,proudmoore,672,paladin,retribution,18,7,11
16542,Cuteluna,tichondrius,672,paladin,retribution,18,7,11
16543,Teamamerica,proudmoore,672,paladin,retribution,18,7,11
16544,Friendfriend,proudmoore,672,paladin,retribution,18,7,11
16545,Uoenò,moon-guard,672,paladin,retribution,18,7,11
16546,Hølyshyt,tichondrius,672,paladin,retribution,18,7,11
16547,Gummybearz,doomhammer,672,paladin,retribution,18,7,11
16548,Michaelsmith,frostmourne,672,paladin,retribution,18,7,11
16549,Aledin,frostmourne,672,paladin,retribution,18,7,11
16550,Shoresy,terokkar,672,paladin,retribution,18,7,11
16551,Palaxoto,nemesis,672,paladin,retribution,21,8,13
16552,Sôck,zuljin,672,paladin,retribution,20,7,13
16553,Hayden,stormscale,672,paladin,retribution,24,7,17
16554,Haimdallr,azralon,672,paladin,retribution,24,7,17
16555,Thenextx,illidan,672,paladin,retribution,24,7,17
16556,Ganan,frostmane,672,paladin,retribution,24,7,17
16557,Goozlight,area-52,672,paladin,retribution,24,7,17
16558,Goldmembër,malganis,672,paladin,retribution,24,7,17
16559,Ledster,kelthuzad,672,paladin,retribution,24,7,17
16560,Lestaroth,goldrinn,672,paladin,retribution,24,7,17
16561,Thantore,scilla,672,paladin,retribution,24,7,17
16562,Cryof,illidan,672,paladin,retribution,30,7,23
16563,Ironpaladin,sargeras,671,paladin,retribution,12,7,5
16564,Crematória,azralon,671,paladin,retribution,12,7,5
16565,Puresight,kelthuzad,671,paladin,retribution,12,7,5
16566,Azëitona,azralon,671,paladin,retribution,12,7,5
16567,Darktank,malganis,671,paladin,retribution,12,7,5
16568,Darawin,korgath,671,paladin,retribution,12,7,5
16569,Torujo,drakkari,671,paladin,retribution,12,7,5
16570,Tonytoi,aegwynn,671,paladin,retribution,12,7,5
16571,Thorean,sargeras,671,paladin,retribution,12,7,5
16572,Neutroo,stormrage,671,paladin,retribution,12,7,5
16573,Jaybbers,malganis,671,paladin,retribution,12,7,5
16574,Emethala,windrunner,671,paladin,retribution,12,7,5
16575,Koohny,stormrage,671,paladin,retribution,12,7,5
16576,Stonekey,warsong,671,paladin,retribution,12,7,5
16577,Lystia,malfurion,671,paladin,retribution,12,7,5
16578,Miitt,blackrock,671,paladin,retribution,12,7,5
16579,Showfet,dalaran,671,paladin,retribution,16,8,8
16580,Auriol,azshara,671,paladin,retribution,14,7,7
16581,Ziberax,chogall,671,paladin,retribution,16,7,9
16582,Sona,jubeithos,671,paladin,retribution,18,7,11
16583,Tyelca,zuljin,671,paladin,retribution,18,7,11
16584,Äeriah,fizzcrank,671,paladin,retribution,18,7,11
16585,Misskilljoy,proudmoore,671,paladin,retribution,18,7,11
16586,Kaidoz,aegwynn,671,paladin,retribution,18,7,11
16587,Giorgyos,ragnaros,671,paladin,retribution,18,7,11
16588,Ane,gorefiend,671,paladin,retribution,18,7,11
16589,Valtariel,wyrmrest-accord,671,paladin,retribution,18,7,11
16590,Golozzakum,tichondrius,671,paladin,retribution,18,7,11
16591,Vaelicus,emerald-dream,671,paladin,retribution,18,7,11
16592,Sozmsjackson,barthilas,671,paladin,retribution,21,8,13
16593,Aduhrawl,moon-guard,671,paladin,retribution,24,7,17
16594,Doraléous,illidan,671,paladin,retribution,24,7,17
16595,Holychach,tichondrius,670,paladin,retribution,12,7,5
16596,Agonyss,quelthalas,670,paladin,retribution,12,7,5
16597,Hanno,azshara,670,paladin,retribution,12,7,5
16598,Riek,sargeras,670,paladin,retribution,16,8,8
16599,Rampetos,mannoroth,670,paladin,retribution,18,7,11
16600,Tpane,kelthuzad,670,paladin,retribution,18,7,11
16601,Sisterbubble,dathremar,670,paladin,retribution,18,7,11
16602,Darkknes,quelthalas,669,paladin,retribution,12,7,5
16603,Terroll,bonechewer,669,paladin,retribution,13,7,6
16604,Vargonha,azralon,669,paladin,retribution,18,9,9
16605,Denstain,kul-tiras,669,paladin,retribution,18,7,11
16606,Salvø,tichondrius,669,paladin,retribution,24,7,17
16607,Retgasm,drakthul,668,paladin,retribution,12,7,5
16608,Marshman,kelthuzad,668,paladin,retribution,12,7,5
16609,Bennygee,moonrunner,668,paladin,retribution,24,7,17
16610,Mandow,tichondrius,667,paladin,retribution,22,8,14
16611,Imsoosmall,sargeras,666,paladin,retribution,12,7,5
16612,Pìerre,ragnaros,666,paladin,retribution,18,7,11
16613,Jonnywick,duskwood,665,paladin,retribution,12,7,5
16614,Killmönger,tichondrius,665,paladin,retribution,28,9,19
16615,Palgiga,tichondrius,664,paladin,retribution,12,7,5
16616,Tectorr,proudmoore,661,paladin,retribution,12,7,5
16617,Nicepally,moon-guard,657,paladin,retribution,18,7,11
16618,Pathed,aerie-peak,655,paladin,retribution,17,7,10
16619,Palejandro,illidan,655,paladin,retribution,23,7,16
16620,Epòc,frostmourne,639,paladin,retribution,20,8,12
16621,Quotation,silvermoon,638,paladin,retribution,14,8,6
16622,Spartus,area-52,636,paladin,retribution,14,8,6
16623,Fatalpally,antonidas,633,paladin,retribution,17,7,10
16624,Táçô,illidan,623,paladin,retribution,11,7,4
16625,Krossfyre,kiljaeden,623,paladin,retribution,17,7,10
16626,Allixis,wyrmrest-accord,623,paladin,retribution,23,7,16
16627,Jortesh,tichondrius,622,paladin,retribution,15,7,8
16628,Antoniano,ragnaros,617,paladin,retribution,13,8,5
16629,Traditionalp,area-52,617,paladin,retribution,13,8,5
16630,Chestbrah,nemesis,607,paladin,retribution,14,7,7
16631,Tolkki,dalaran,607,paladin,retribution,26,7,19
16632,Witewolf,illidan,606,paladin,retribution,13,8,5
16633,Krønos,nordrassil,602,paladin,retribution,22,7,15
16634,Warswordz,stormrage,595,paladin,retribution,28,9,19
16635,Sixtynine,nathrezim,592,paladin,retribution,31,7,24
16636,Warbird,lightnings-blade,591,paladin,retribution,13,7,6
16637,Árèz,frostmourne,591,paladin,retribution,15,7,8
16638,Theomere,sargeras,586,paladin,retribution,21,10,11
16639,Koyoikonan,tichondrius,576,paladin,retribution,6,6,0
16640,Xandiê,sargeras,576,paladin,retribution,6,6,0
16641,Liht,blood-furnace,576,paladin,retribution,6,6,0
16642,Bubbledober,tichondrius,576,paladin,retribution,6,6,0
16643,Thøradin,moon-guard,576,paladin,retribution,6,6,0
16644,Céllash,tichondrius,576,paladin,retribution,6,6,0
16645,Lucard,drakkari,576,paladin,retribution,6,6,0
16646,Chainsapally,stormrage,576,paladin,retribution,6,6,0
16647,Dreamcastz,tichondrius,576,paladin,retribution,6,6,0
16648,Ashley,sargeras,576,paladin,retribution,6,6,0
16649,Kasoon,illidan,576,paladin,retribution,6,6,0
16650,Vanquishy,burning-legion,576,paladin,retribution,12,6,6
16651,Vaaga,quelthalas,576,paladin,retribution,12,6,6
16652,Eurthswrath,lightbringer,576,paladin,retribution,12,6,6
16653,Gatzu,tichondrius,576,paladin,retribution,12,6,6
16654,Outlivz,hyjal,576,paladin,retribution,12,6,6
16655,Brpistol,azralon,576,paladin,retribution,12,6,6
16656,Jabrohnie,sargeras,576,paladin,retribution,12,6,6
16657,Gambitdin,moon-guard,576,paladin,retribution,12,6,6
16658,Proctrlx,tichondrius,576,paladin,retribution,12,6,6
16659,Gánico,ragnaros,576,paladin,retribution,12,6,6
16660,Koûtt,ragnaros,576,paladin,retribution,12,6,6
16661,Zägreus,moon-guard,576,paladin,retribution,12,6,6
16662,Cübe,malganis,576,paladin,retribution,12,6,6
16663,Vallahad,emerald-dream,576,paladin,retribution,12,6,6
16664,Aura,emerald-dream,576,paladin,retribution,12,6,6
16665,Brioc,tichondrius,576,paladin,retribution,12,6,6
16666,Banzz,azralon,576,paladin,retribution,12,6,6
16667,Margit,moon-guard,576,paladin,retribution,12,6,6
16668,Édzor,area-52,576,paladin,retribution,12,6,6
16669,Memepaladin,area-52,576,paladin,retribution,12,6,6
16670,Dúrnir,stormscale,576,paladin,retribution,12,6,6
16671,Zèró,terokkar,576,paladin,retribution,12,6,6
16672,Evilmerdoc,kelthuzad,576,paladin,retribution,12,6,6
16673,Palabora,kelthuzad,576,paladin,retribution,12,6,6
16674,Hálløwéð,firetree,576,paladin,retribution,12,6,6
16675,Raywhite,kelthuzad,576,paladin,retribution,12,6,6
16676,Virtuosi,area-52,576,paladin,retribution,12,6,6
16677,Pállyho,tichondrius,576,paladin,retribution,12,6,6
16678,Emetselchs,tichondrius,576,paladin,retribution,12,6,6
16679,Seballedo,drakkari,576,paladin,retribution,12,6,6
16680,Duhvine,malganis,576,paladin,retribution,12,6,6
16681,Cybopig,kelthuzad,576,paladin,retribution,12,6,6
16682,Subtilizer,tichondrius,576,paladin,retribution,12,6,6
16683,Immensepower,tichondrius,576,paladin,retribution,12,6,6
16684,Pâpito,drakkari,576,paladin,retribution,12,6,6
16685,Bloodyängel,emerald-dream,576,paladin,retribution,12,6,6
16686,Däkh,sargeras,576,paladin,retribution,12,6,6
16687,Sacerbelator,zuluhed,576,paladin,retribution,12,6,6
16688,Glynisir,sargeras,576,paladin,retribution,12,6,6
16689,Crtinsideyou,skullcrusher,576,paladin,retribution,12,6,6
16690,Onnakishi,azralon,576,paladin,retribution,12,6,6
16691,Joeschmo,area-52,576,paladin,retribution,12,6,6
16692,Onixx,kargath,576,paladin,retribution,12,6,6
16693,Pugnosano,black-dragonflight,576,paladin,retribution,12,6,6
16694,Crânkdât,frostmourne,576,paladin,retribution,12,6,6
16695,Ltt,dalaran,576,paladin,retribution,12,6,6
16696,Byebyetwinks,khaz-modan,576,paladin,retribution,12,6,6
16697,Cinacalcet,dalaran,576,paladin,retribution,12,6,6
16698,Contritus,kiljaeden,576,paladin,retribution,12,6,6
16699,Illëst,stormrage,576,paladin,retribution,12,6,6
16700,Yungcheezy,illidan,576,paladin,retribution,12,6,6
16701,Ogholyhands,bleeding-hollow,576,paladin,retribution,12,6,6
16702,Rohad,thrall,576,paladin,retribution,12,6,6
16703,Gronmpa,nemesis,576,paladin,retribution,12,6,6
16704,Relentless,magtheridon,576,paladin,retribution,12,6,6
16705,Tazanian,aegwynn,576,paladin,retribution,12,6,6
16706,Rakzan,nerzhul,576,paladin,retribution,12,6,6
16707,Tarnyb,illidan,576,paladin,retribution,12,6,6
16708,Cause,farstriders,576,paladin,retribution,12,6,6
16709,Retboy,archimonde,576,paladin,retribution,12,6,6
16710,Cvpal,stormrage,576,paladin,retribution,12,6,6
16711,Serran,durotan,576,paladin,retribution,12,6,6
16712,Escanøor,stormrage,576,paladin,retribution,12,6,6
16713,Bronytime,illidan,576,paladin,retribution,12,6,6
16714,Thuggrnaut,darkspear,576,paladin,retribution,12,6,6
16715,Trixzthot,barthilas,576,paladin,retribution,12,6,6
16716,Healsonyou,windrunner,576,paladin,retribution,12,6,6
16717,Çhñkzrèt,illidan,576,paladin,retribution,12,6,6
16718,Holycrp,proudmoore,576,paladin,retribution,12,6,6
16719,Stankylordz,sargeras,576,paladin,retribution,15,7,8
16720,Deosfires,ragnaros,576,paladin,retribution,16,7,9
16721,Sunwalker,tichondrius,576,paladin,retribution,17,6,11
16722,Dogf,tichondrius,576,paladin,retribution,17,6,11
16723,Wreathy,sargeras,576,paladin,retribution,18,6,12
16724,Arlanso,frostmourne,576,paladin,retribution,18,6,12
16725,Bubblelol,bloodhoof,576,paladin,retribution,18,6,12
16726,Felwythe,emerald-dream,576,paladin,retribution,18,6,12
16727,Mïkhael,nemesis,576,paladin,retribution,18,6,12
16728,Kronicle,bleeding-hollow,576,paladin,retribution,18,6,12
16729,Emaus,tichondrius,576,paladin,retribution,18,6,12
16730,Liandroa,stormrage,576,paladin,retribution,18,6,12
16731,Retz,tichondrius,576,paladin,retribution,18,6,12
16732,Nufi,magtheridon,576,paladin,retribution,18,6,12
16733,Bizaro,malganis,576,paladin,retribution,18,6,12
16734,Riggen,thrall,576,paladin,retribution,18,6,12
16735,Són,ragnaros,576,paladin,retribution,18,6,12
16736,Astolfo,tortheldrin,576,paladin,retribution,18,6,12
16737,Exorcìst,tichondrius,576,paladin,retribution,18,6,12
16738,Gogofisco,moonrunner,576,paladin,retribution,18,6,12
16739,Niksilp,malfurion,576,paladin,retribution,18,6,12
16740,Respect,moon-guard,576,paladin,retribution,18,6,12
16741,Jivvy,eredar,576,paladin,retribution,18,6,12
16742,Mixnut,tichondrius,576,paladin,retribution,18,6,12
16743,Kochinodin,ragnaros,576,paladin,retribution,18,6,12
16744,Egirlret,tichondrius,576,paladin,retribution,18,6,12
16745,Slowmoshend,illidan,576,paladin,retribution,18,6,12
16746,Goldskìn,sargeras,576,paladin,retribution,18,6,12
16747,Xinqingle,tichondrius,576,paladin,retribution,18,6,12
16748,Mvpj,medivh,576,paladin,retribution,18,6,12
16749,Lightslion,stormrage,576,paladin,retribution,18,6,12
16750,Malandru,darrowmere,576,paladin,retribution,18,6,12
16751,Shiftybugar,tichondrius,576,paladin,retribution,18,6,12
16752,Terrordin,illidan,576,paladin,retribution,18,6,12
16753,Nume,nesingwary,576,paladin,retribution,24,6,18
16754,Againstfilet,azralon,576,paladin,retribution,24,6,18
16755,Pallyfreddyy,frostmourne,576,paladin,retribution,24,6,18
16756,Vick,zuljin,575,paladin,retribution,6,6,0
16757,Crixius,eredar,575,paladin,retribution,12,6,6
16758,Heiinneken,queldorei,575,paladin,retribution,12,6,6
16759,Haziel,darkspear,575,paladin,retribution,12,6,6
16760,Synthetic,moon-guard,575,paladin,retribution,12,6,6
16761,Pocacoco,azralon,575,paladin,retribution,12,6,6
16762,Blëssëd,zuljin,575,paladin,retribution,12,6,6
16763,Bingbingcd,tichondrius,575,paladin,retribution,12,6,6
16764,Sîegfried,moon-guard,575,paladin,retribution,12,6,6
16765,Jovolur,dalaran,575,paladin,retribution,12,6,6
16766,Yuzuru,mannoroth,575,paladin,retribution,12,6,6
16767,Übermane,illidan,575,paladin,retribution,12,6,6
16768,Potiguar,azralon,575,paladin,retribution,12,6,6
16769,Ikanacanyon,stormrage,575,paladin,retribution,12,6,6
16770,Dirkadirkka,stormrage,575,paladin,retribution,12,6,6
16771,Mobitz,dalvengyr,575,paladin,retribution,12,6,6
16772,Holyginger,barthilas,575,paladin,retribution,15,7,8
16773,Souiler,thunderlord,575,paladin,retribution,16,7,9
16774,Oceangal,illidan,575,paladin,retribution,18,6,12
16775,Vecknilashx,quelthalas,575,paladin,retribution,18,6,12
16776,Sponce,kirin-tor,575,paladin,retribution,24,6,18
16777,Quickthing,dalaran,574,paladin,retribution,12,6,6
16778,Slar,emerald-dream,574,paladin,retribution,12,6,6
16779,Hibrael,azralon,574,paladin,retribution,12,6,6
16780,Leennoox,quelthalas,574,paladin,retribution,12,6,6
16781,Ihmperiuus,quelthalas,574,paladin,retribution,12,6,6
16782,Akeero,khaz-modan,574,paladin,retribution,12,6,6
16783,Lashlan,barthilas,574,paladin,retribution,14,6,8
16784,Oraborra,area-52,574,paladin,retribution,18,6,12
16785,Thaly,shadowmoon,574,paladin,retribution,18,6,12
16786,Tamahu,azralon,574,paladin,retribution,18,6,12
16787,Darqtank,smolderthorn,574,paladin,retribution,18,6,12
16788,Nerfmehpls,ragnaros,573,paladin,retribution,12,6,6
16789,Tauyoshi,azjolnerub,573,paladin,retribution,12,6,6
16790,Holyshoc,kiljaeden,573,paladin,retribution,20,6,14
16791,Chadrickk,tichondrius,572,paladin,retribution,12,6,6
16792,Kalerien,wildhammer,571,paladin,retribution,12,6,6
16793,Ajaex,area-52,571,paladin,retribution,12,6,6
16794,Niáa,quelthalas,570,paladin,retribution,18,6,12
16795,Hapii,tichondrius,543,paladin,retribution,11,6,5
16796,Bellamor,burning-blade,543,paladin,retribution,11,6,5
16797,Superpaladin,stormrage,543,paladin,retribution,11,6,5
16798,Gloren,garrosh,543,paladin,retribution,17,6,11
16799,Suslazin,area-52,543,paladin,retribution,20,7,13
16800,Hadagoodlay,zuljin,528,paladin,retribution,15,6,9
16801,Gtate,azjolnerub,527,paladin,retribution,11,6,5
16802,Shuckles,windrunner,522,paladin,retribution,20,7,13
16803,Briaelyne,tichondrius,522,paladin,retribution,25,8,17
16804,Ha,bleeding-hollow,522,paladin,retribution,22,7,15
16805,Lítebearer,kelthuzad,521,paladin,retribution,11,6,5
16806,Noblelight,saurfang,520,paladin,retribution,12,7,5
16807,Nathaniel,galakrond,511,paladin,retribution,14,6,8
16808,ßìgdám,bleeding-hollow,511,paladin,retribution,17,6,11
16809,Slashnroses,tichondrius,511,paladin,retribution,20,6,14
16810,Senorwang,dalaran,494,paladin,retribution,13,6,7
16811,Mikkylol,tichondrius,494,paladin,retribution,16,6,10
16812,Rikkupìgu,sargeras,480,paladin,retribution,6,5,1
16813,Zeprikito,nemesis,480,paladin,retribution,6,5,1
16814,Kelimir,dathremar,480,paladin,retribution,6,5,1
16815,Mmrdonator,icecrown,480,paladin,retribution,6,5,1
16816,Taeret,tichondrius,480,paladin,retribution,6,5,1
16817,Kimitail,tichondrius,480,paladin,retribution,6,5,1
16818,Ganrof,mugthol,480,paladin,retribution,6,5,1
16819,Mollymatt,drenden,480,paladin,retribution,6,5,1
16820,Solidifyxz,area-52,480,paladin,retribution,6,5,1
16821,Omnnii,tichondrius,480,paladin,retribution,6,5,1
16822,Capsiel,caelestrasz,480,paladin,retribution,6,5,1
16823,Amarnath,turalyon,480,paladin,retribution,6,5,1
16824,Dividin,stormrage,480,paladin,retribution,6,5,1
16825,Annii,aegwynn,480,paladin,retribution,6,5,1
16826,Mizumaru,sargeras,480,paladin,retribution,6,5,1
16827,Geospawn,bleeding-hollow,480,paladin,retribution,6,5,1
16828,Ashbrînger,emerald-dream,480,paladin,retribution,6,5,1
16829,Heathen,spirestone,480,paladin,retribution,6,5,1
16830,Swegswog,frostmourne,480,paladin,retribution,6,5,1
16831,Totalaustin,sargeras,480,paladin,retribution,6,5,1
16832,Moozafa,kiljaeden,480,paladin,retribution,6,5,1
16833,Kanaki,gilneas,480,paladin,retribution,6,5,1
16834,Jaimi,stormreaver,480,paladin,retribution,6,5,1
16835,Yazuka,wyrmrest-accord,480,paladin,retribution,6,5,1
16836,Chopsparks,khadgar,480,paladin,retribution,6,5,1
16837,Worshipmex,tichondrius,480,paladin,retribution,6,5,1
16838,Devvn,laughing-skull,480,paladin,retribution,6,5,1
16839,Sonatas,ursin,480,paladin,retribution,9,6,3
16840,Frepz,illidan,480,paladin,retribution,10,6,4
16841,Connore,stormrage,480,paladin,retribution,12,5,7
16842,Minzyp,illidan,480,paladin,retribution,12,5,7
16843,Randvi,sargeras,480,paladin,retribution,12,5,7
16844,Rikku,undermine,480,paladin,retribution,12,5,7
16845,Nadinebb,proudmoore,480,paladin,retribution,12,5,7
16846,Farmerzonly,tichondrius,480,paladin,retribution,12,5,7
16847,Mattilla,tichondrius,480,paladin,retribution,12,5,7
16848,Hegarth,archimonde,480,paladin,retribution,12,5,7
16849,Dirtbagg,demon-soul,480,paladin,retribution,12,5,7
16850,Critadins,thrall,480,paladin,retribution,12,5,7
16851,Callandør,illidan,480,paladin,retribution,12,5,7
16852,Holycots,stormrage,480,paladin,retribution,12,5,7
16853,Valkaurus,drakkari,480,paladin,retribution,12,5,7
16854,Dazargeros,moon-guard,480,paladin,retribution,12,5,7
16855,Beatman,blades-edge,480,paladin,retribution,12,5,7
16856,Vapanor,ragnaros,480,paladin,retribution,12,5,7
16857,Methor,thrall,480,paladin,retribution,12,5,7
16858,Maanuel,ragnaros,480,paladin,retribution,12,5,7
16859,Noleyboo,proudmoore,480,paladin,retribution,12,5,7
16860,Liadryn,kiljaeden,480,paladin,retribution,12,5,7
16861,Borélock,kelthuzad,480,paladin,retribution,12,5,7
16862,ßraveheart,zuljin,480,paladin,retribution,12,5,7
16863,Dipho,illidan,480,paladin,retribution,12,5,7
16864,Jhaann,tichondrius,480,paladin,retribution,12,5,7
16865,Bold,frostmourne,480,paladin,retribution,12,5,7
16866,Itaghí,sargeras,480,paladin,retribution,12,5,7
16867,Suro,moon-guard,480,paladin,retribution,12,5,7
16868,Retcuzyaknow,illidan,480,paladin,retribution,12,5,7
16869,Bullpaladin,barthilas,480,paladin,retribution,12,5,7
16870,Stroods,stormrage,480,paladin,retribution,12,5,7
16871,Vain,shuhalo,480,paladin,retribution,12,5,7
16872,Cropcircles,whisperwind,480,paladin,retribution,12,5,7
16873,Leaelda,wyrmrest-accord,480,paladin,retribution,12,5,7
16874,Thickgirl,bleeding-hollow,480,paladin,retribution,12,5,7
16875,Bettyböp,bleeding-hollow,480,paladin,retribution,12,5,7
16876,Fìlìgree,tichondrius,480,paladin,retribution,12,5,7
16877,Toojazzyleah,proudmoore,480,paladin,retribution,12,5,7
16878,Dalance,draka,480,paladin,retribution,12,5,7
16879,Hallastus,stormrage,480,paladin,retribution,12,5,7
16880,Jaenus,azralon,480,paladin,retribution,12,5,7
16881,Lepirate,emerald-dream,480,paladin,retribution,12,5,7
16882,Dragomnnm,stormrage,480,paladin,retribution,12,5,7
16883,Ravage,lothar,480,paladin,retribution,12,5,7
16884,Shadòw,emerald-dream,480,paladin,retribution,12,5,7
16885,Dinobe,arthas,480,paladin,retribution,12,5,7
16886,Mateeka,malganis,480,paladin,retribution,12,5,7
16887,Adrexious,dalaran,480,paladin,retribution,12,5,7
16888,Yérn,barthilas,480,paladin,retribution,12,5,7
16889,Holytankadin,alleria,480,paladin,retribution,12,5,7
16890,Zhaslk,ragnaros,480,paladin,retribution,12,5,7
16891,Mikeawk,tichondrius,480,paladin,retribution,12,5,7
16892,Attkdamdam,illidan,480,paladin,retribution,12,5,7
16893,Shinymoo,laughing-skull,480,paladin,retribution,12,5,7
16894,Faithkiller,garrosh,480,paladin,retribution,12,5,7
16895,Zulyourmom,tichondrius,480,paladin,retribution,12,5,7
16896,Leztatium,quelthalas,480,paladin,retribution,12,5,7
16897,Xiddin,frostmourne,480,paladin,retribution,12,5,7
16898,Daddyspit,arthas,480,paladin,retribution,12,5,7
16899,Thrasheric,ragnaros,480,paladin,retribution,12,5,7
16900,Cedwarlancy,sargeras,480,paladin,retribution,12,5,7
16901,Aeoliá,moon-guard,480,paladin,retribution,12,5,7
16902,Yellowmay,sargeras,480,paladin,retribution,12,5,7
16903,Joonzu,frostmane,480,paladin,retribution,12,5,7
16904,Smiteup,sargeras,480,paladin,retribution,12,5,7
16905,Lücid,arthas,480,paladin,retribution,12,5,7
16906,Athamon,nemesis,480,paladin,retribution,12,5,7
16907,Madalynn,quelthalas,480,paladin,retribution,12,5,7
16908,Delaswing,quelthalas,480,paladin,retribution,12,5,7
16909,Pique,malganis,480,paladin,retribution,12,5,7
16910,Koreancannon,tichondrius,480,paladin,retribution,15,6,9
16911,Zightmare,azralon,480,paladin,retribution,18,5,13
16912,Razuel,frostmourne,480,paladin,retribution,18,5,13
16913,Chriscoz,korgath,480,paladin,retribution,18,5,13
16914,Photons,emerald-dream,480,paladin,retribution,18,5,13
16915,Valinorean,nemesis,480,paladin,retribution,18,5,13
16916,Öpäf,steamwheedle-cartel,480,paladin,retribution,18,5,13
16917,Ulcerà,azralon,480,paladin,retribution,18,5,13
16918,Deecompose,sargeras,480,paladin,retribution,18,5,13
16919,Boogerred,korialstrasz,480,paladin,retribution,18,5,13
16920,Typheuz,wyrmrest-accord,480,paladin,retribution,18,5,13
16921,Møemøeda,illidan,480,paladin,retribution,18,5,13
16922,Downs,tichondrius,480,paladin,retribution,18,5,13
16923,Midnightboto,dragonmaw,480,paladin,retribution,18,5,13
16924,Plniss,tichondrius,480,paladin,retribution,18,5,13
16925,Freddieroach,tichondrius,480,paladin,retribution,18,5,13
16926,Roundhere,area-52,480,paladin,retribution,18,5,13
16927,Melgamis,quelthalas,480,paladin,retribution,18,5,13
16928,Purged,wyrmrest-accord,480,paladin,retribution,18,5,13
16929,Artherion,kelthuzad,480,paladin,retribution,27,6,21
16930,Saifollah,area-52,480,paladin,retribution,24,5,19
16931,Véxv,emerald-dream,480,paladin,retribution,24,5,19
16932,Zero,garona,480,paladin,retribution,30,5,25
16933,Mybadfoo,lethon,479,paladin,retribution,6,5,1
16934,Kremation,zuljin,479,paladin,retribution,6,5,1
16935,Mandragor,borean-tundra,479,paladin,retribution,6,5,1
16936,Holygerp,darrowmere,479,paladin,retribution,6,5,1
16937,Reedeemer,bonechewer,479,paladin,retribution,12,5,7
16938,Hellhawk,hellscream,479,paladin,retribution,12,5,7
16939,Holyrõller,malganis,479,paladin,retribution,12,5,7
16940,Ashera,amanthul,479,paladin,retribution,12,5,7
16941,Zelrich,moon-guard,479,paladin,retribution,12,5,7
16942,Murderous,frostmourne,479,paladin,retribution,12,5,7
16943,Noctis,nerzhul,479,paladin,retribution,12,5,7
16944,Onemorelight,area-52,479,paladin,retribution,12,5,7
16945,Dredberserk,stormrage,479,paladin,retribution,12,5,7
16946,Memoríez,zuljin,479,paladin,retribution,12,5,7
16947,Inqa,thunderlord,479,paladin,retribution,12,5,7
16948,Cowsavior,terenas,479,paladin,retribution,12,5,7
16949,Steelbreaker,deathwing,479,paladin,retribution,12,5,7
16950,Griz,magtheridon,479,paladin,retribution,18,5,13
16951,Provail,stormrage,479,paladin,retribution,18,5,13
16952,Smithulu,kelthuzad,478,paladin,retribution,6,5,1
16953,Palypunchh,darrowmere,478,paladin,retribution,12,6,6
16954,Lucent,duskwood,478,paladin,retribution,12,5,7
16955,Neipala,ragnaros,478,paladin,retribution,12,5,7
16956,Chengduqq,illidan,478,paladin,retribution,12,5,7
16957,Jammsheed,arthas,477,paladin,retribution,12,5,7
16958,Benzen,bleeding-hollow,477,paladin,retribution,12,5,7
16959,Kaminasol,quelthalas,477,paladin,retribution,18,5,13
16960,Felordron,silvermoon,475,paladin,retribution,12,5,7
16961,Pickypally,moon-guard,475,paladin,retribution,12,5,7
16962,Solstein,dalaran,474,paladin,retribution,12,5,7
16963,Vengecide,proudmoore,473,paladin,retribution,12,5,7
16964,Mehchelol,azgalor,472,paladin,retribution,12,5,7
16965,Sycomaniac,illidan,463,paladin,retribution,17,5,12
16966,Cleavix,tichondrius,463,paladin,retribution,23,5,18
16967,Pablito,fizzcrank,457,paladin,retribution,21,7,14
16968,Zzf,turalyon,431,paladin,retribution,11,5,6
16969,Neverforgot,quelthalas,431,paladin,retribution,11,5,6
16970,Regivän,azralon,426,paladin,retribution,12,6,6
16971,Theboxx,frostmourne,426,paladin,retribution,16,7,9
16972,Sathandrä,sargeras,426,paladin,retribution,15,6,9
16973,Rashrind,moon-guard,426,paladin,retribution,23,8,15
16974,Kimochiyuh,illidan,425,paladin,retribution,17,7,10
16975,Ducii,stormrage,424,paladin,retribution,22,6,16
16976,Lalatinx,quelthalas,416,paladin,retribution,10,5,5
16977,Frêyr,barthilas,416,paladin,retribution,16,5,11
16978,Epxilon,ragnaros,415,paladin,retribution,14,5,9
16979,Sydnneeyy,kelthuzad,399,paladin,retribution,5,5,0
16980,Eduardoap,azralon,384,paladin,retribution,6,4,2
16981,Dwarfineas,dalaran,384,paladin,retribution,6,4,2
16982,Khanid,emerald-dream,384,paladin,retribution,6,4,2
16983,Pappablanco,stormrage,384,paladin,retribution,6,4,2
16984,Zzerox,ragnaros,384,paladin,retribution,6,4,2
16985,Tayvar,stormrage,384,paladin,retribution,6,4,2
16986,Mothh,terokkar,384,paladin,retribution,6,4,2
16987,Thottylight,stormrage,384,paladin,retribution,6,4,2
16988,Mystictoast,area-52,384,paladin,retribution,6,4,2
16989,Yuliu,magtheridon,384,paladin,retribution,6,4,2
16990,Vxm,illidan,384,paladin,retribution,6,4,2
16991,Bigolhammer,khadgar,384,paladin,retribution,6,4,2
16992,Reclusiarch,tichondrius,384,paladin,retribution,6,4,2
16993,Täintcrusher,illidan,384,paladin,retribution,6,4,2
16994,Darthhelios,illidan,384,paladin,retribution,6,4,2
16995,Gilgamesh,moonrunner,384,paladin,retribution,6,4,2
16996,Seeys,tichondrius,384,paladin,retribution,6,4,2
16997,Ironpallyx,garrosh,384,paladin,retribution,6,4,2
16998,Hellcallerl,quelthalas,384,paladin,retribution,6,4,2
16999,Easiestcomp,sargeras,384,paladin,retribution,6,4,2
17000,Rohlin,boulderfist,384,paladin,retribution,6,4,2
17001,Kaypross,area-52,384,paladin,retribution,6,4,2
17002,Balango,azralon,384,paladin,retribution,6,4,2
17003,Taiffan,azralon,384,paladin,retribution,6,4,2
17004,Sasukee,quelthalas,384,paladin,retribution,6,4,2
17005,Dabnpaladin,kelthuzad,384,paladin,retribution,6,4,2
17006,Lightahean,proudmoore,384,paladin,retribution,6,4,2
17007,Leoros,blackrock,384,paladin,retribution,6,4,2
17008,Careyprice,area-52,384,paladin,retribution,6,4,2
17009,Ðorlie,malganis,384,paladin,retribution,6,4,2
17010,Nizzy,caelestrasz,384,paladin,retribution,6,4,2
17011,Trisøn,area-52,384,paladin,retribution,6,4,2
17012,Temptrez,bleeding-hollow,384,paladin,retribution,6,4,2
17013,Pvppaulx,moon-guard,384,paladin,retribution,6,4,2
17014,Rafaela,alterac-mountains,384,paladin,retribution,6,4,2
17015,Anaxxie,azralon,384,paladin,retribution,6,4,2
17016,Glexann,sargeras,384,paladin,retribution,6,4,2
17017,Tifalockhart,dathremar,384,paladin,retribution,6,4,2
17018,Wyrmblood,moon-guard,384,paladin,retribution,6,4,2
17019,Torinel,illidan,384,paladin,retribution,6,4,2
17020,Healmeboi,tichondrius,384,paladin,retribution,6,4,2
17021,Luluwu,stormrage,384,paladin,retribution,6,4,2
17022,Bisket,illidan,384,paladin,retribution,6,4,2
17023,Notaefc,icecrown,384,paladin,retribution,6,4,2
17024,Crocfacex,tichondrius,384,paladin,retribution,6,4,2
17025,Easiestclass,azshara,384,paladin,retribution,6,4,2
17026,Geesworld,nazjatar,384,paladin,retribution,6,4,2
17027,Caylorn,illidan,384,paladin,retribution,6,4,2
17028,Seven,blackwing-lair,384,paladin,retribution,6,4,2
17029,Dazztrain,barthilas,384,paladin,retribution,6,4,2
17030,Souljahgirl,demon-soul,384,paladin,retribution,6,4,2
17031,Dinapal,frostmourne,384,paladin,retribution,6,4,2
17032,Ascencer,spirestone,384,paladin,retribution,6,4,2
17033,Anstyl,moon-guard,384,paladin,retribution,6,4,2
17034,Cherrypally,area-52,384,paladin,retribution,6,4,2
17035,Shadp,frostmourne,384,paladin,retribution,6,4,2
17036,Pals,bronzebeard,384,paladin,retribution,6,4,2
17037,Cratt,chromaggus,384,paladin,retribution,6,4,2
17038,Silreck,ragnaros,384,paladin,retribution,6,4,2
17039,Mikeyqt,nemesis,384,paladin,retribution,6,4,2
17040,Autoattacker,mannoroth,384,paladin,retribution,6,4,2
17041,Takinvcards,area-52,384,paladin,retribution,6,4,2
17042,Gåbrîel,emerald-dream,384,paladin,retribution,6,4,2
17043,Minikalina,ragnaros,384,paladin,retribution,6,4,2
17044,Aohxmathoss,zuljin,384,paladin,retribution,6,4,2
17045,Fâmed,tichondrius,384,paladin,retribution,6,4,2
17046,Crewsade,sargeras,384,paladin,retribution,6,4,2
17047,Saulhudson,bleeding-hollow,384,paladin,retribution,6,4,2
17048,Thrandeill,bleeding-hollow,384,paladin,retribution,6,4,2
17049,Fxxku,tichondrius,384,paladin,retribution,6,4,2
17050,Neovincent,aggramar,384,paladin,retribution,6,4,2
17051,Qsx,bleeding-hollow,384,paladin,retribution,6,4,2
17052,Izidar,tichondrius,384,paladin,retribution,10,5,5
17053,Bigddady,quelthalas,384,paladin,retribution,8,4,4
17054,Theril,kelthuzad,384,paladin,retribution,12,4,8
17055,Tëmplar,bleeding-hollow,384,paladin,retribution,12,4,8
17056,Greenracer,kiljaeden,384,paladin,retribution,12,4,8
17057,Heavener,tichondrius,384,paladin,retribution,12,4,8
17058,Forzanapoli,tichondrius,384,paladin,retribution,12,4,8
17059,Rusticles,aerie-peak,384,paladin,retribution,12,4,8
17060,Dmghack,tichondrius,384,paladin,retribution,12,4,8
17061,Dréveleth,quelthalas,384,paladin,retribution,12,4,8
17062,Rëtribution,tichondrius,384,paladin,retribution,12,4,8
17063,Aewynn,nemesis,384,paladin,retribution,12,4,8
17064,Botch,drenden,384,paladin,retribution,12,4,8
17065,Galess,tichondrius,384,paladin,retribution,12,4,8
17066,Krypton,tichondrius,384,paladin,retribution,12,4,8
17067,Adauto,illidan,384,paladin,retribution,12,4,8
17068,Jimithing,senjin,384,paladin,retribution,12,4,8
17069,Dohsevèn,tichondrius,384,paladin,retribution,12,4,8
17070,Júdgedredd,illidan,384,paladin,retribution,12,4,8
17071,Ddawz,proudmoore,384,paladin,retribution,12,4,8
17072,Elflicious,illidan,384,paladin,retribution,12,4,8
17073,Adrn,tichondrius,384,paladin,retribution,12,4,8
17074,Stoof,arygos,384,paladin,retribution,12,4,8
17075,Niolite,ragnaros,384,paladin,retribution,12,4,8
17076,Gripadin,tichondrius,384,paladin,retribution,12,4,8
17077,Senion,velen,384,paladin,retribution,12,4,8
17078,Orin,guldan,384,paladin,retribution,12,4,8
17079,Tieberion,bleeding-hollow,384,paladin,retribution,12,4,8
17080,Juliusplzher,area-52,384,paladin,retribution,12,4,8
17081,Kyrianjutsu,area-52,384,paladin,retribution,12,4,8
17082,Lânnâ,tichondrius,384,paladin,retribution,12,4,8
17083,Phattpump,tichondrius,384,paladin,retribution,12,4,8
17084,Strugglèbus,thrall,384,paladin,retribution,12,4,8
17085,Veshral,arthas,384,paladin,retribution,12,4,8
17086,Smöke,frostmourne,384,paladin,retribution,12,4,8
17087,Stax,moon-guard,384,paladin,retribution,12,4,8
17088,Aricen,thunderhorn,384,paladin,retribution,12,4,8
17089,Imrahilaf,korialstrasz,384,paladin,retribution,12,4,8
17090,Oroürke,stormrage,384,paladin,retribution,12,4,8
17091,Dawncröwn,stormrage,384,paladin,retribution,12,4,8
17092,Artaxerxes,stormrage,384,paladin,retribution,12,4,8
17093,Inareus,agamaggan,384,paladin,retribution,12,4,8
17094,Varuul,nerzhul,384,paladin,retribution,12,4,8
17095,Fiate,azralon,384,paladin,retribution,12,4,8
17096,Sixty,sargeras,384,paladin,retribution,12,4,8
17097,Crystahlmeth,sargeras,384,paladin,retribution,12,4,8
17098,Ibull,stormscale,384,paladin,retribution,12,4,8
17099,Dezul,stormscale,384,paladin,retribution,12,4,8
17100,Hrizul,drakthul,384,paladin,retribution,12,4,8
17101,Litium,frostmourne,384,paladin,retribution,12,4,8
17102,Lenneth,nordrassil,384,paladin,retribution,12,4,8
17103,Smontis,sargeras,384,paladin,retribution,12,4,8
17104,Drriz,stormrage,384,paladin,retribution,12,4,8
17105,Àpolo,stormrage,384,paladin,retribution,12,4,8
17106,Imcomingbro,blackrock,384,paladin,retribution,12,4,8
17107,Pallyforeva,sargeras,384,paladin,retribution,12,4,8
17108,Kurook,moon-guard,384,paladin,retribution,12,4,8
17109,Simpforomenx,emerald-dream,384,paladin,retribution,12,4,8
17110,Sethy,feathermoon,384,paladin,retribution,12,4,8
17111,Bauldrin,moon-guard,384,paladin,retribution,12,4,8
17112,Grimdel,moon-guard,384,paladin,retribution,12,4,8
17113,Clariten,ghostlands,384,paladin,retribution,12,4,8
17114,Msjudged,blackrock,384,paladin,retribution,12,4,8
17115,Zøzø,zuljin,384,paladin,retribution,12,4,8
17116,Anastos,anvilmar,384,paladin,retribution,12,4,8
17117,Psadin,thunderlord,384,paladin,retribution,12,4,8
17118,Retspec,darkspear,384,paladin,retribution,12,4,8
17119,Kreigvar,moon-guard,384,paladin,retribution,12,4,8
17120,Bigpin,shattered-hand,384,paladin,retribution,12,4,8
17121,Roodictz,zuljin,384,paladin,retribution,12,4,8
17122,Toxanator,frostmourne,384,paladin,retribution,12,4,8
17123,Bawek,azralon,384,paladin,retribution,12,4,8
17124,Baptism,shattered-hand,384,paladin,retribution,12,4,8
17125,Eutectic,moon-guard,384,paladin,retribution,12,4,8
17126,Goloh,shadowmoon,384,paladin,retribution,12,4,8
17127,Acquiesce,bleeding-hollow,384,paladin,retribution,16,5,11
17128,Batmanp,quelthalas,384,paladin,retribution,13,4,9
17129,Kamí,elune,384,paladin,retribution,15,4,11
17130,Talurius,azralon,384,paladin,retribution,18,4,14
17131,Ongang,illidan,384,paladin,retribution,18,4,14
17132,Indemnity,wildhammer,384,paladin,retribution,18,4,14
17133,Caityaj,illidan,384,paladin,retribution,18,4,14
17134,Hupa,crushridge,384,paladin,retribution,18,4,14
17135,Ccpx,area-52,384,paladin,retribution,18,4,14
17136,Powercelest,quelthalas,384,paladin,retribution,18,4,14
17137,Lüuz,area-52,384,paladin,retribution,18,4,14
17138,Essexqt,blackhand,384,paladin,retribution,18,4,14
17139,Mhakoi,bleeding-hollow,384,paladin,retribution,24,4,20
17140,Iskándar,tichondrius,384,paladin,retribution,24,4,20
17141,Dabsmaster,dalaran,383,paladin,retribution,6,4,2
17142,Praisin,zuljin,383,paladin,retribution,6,4,2
17143,Morddrohung,hyjal,383,paladin,retribution,6,4,2
17144,Brandforge,thunderlord,383,paladin,retribution,6,4,2
17145,Sinficha,quelthalas,383,paladin,retribution,6,4,2
17146,Vonfraud,lightbringer,383,paladin,retribution,12,4,8
17147,Hølydiver,rivendare,383,paladin,retribution,12,4,8
17148,Kennysun,azralon,383,paladin,retribution,12,4,8
17149,Holyburger,hakkar,383,paladin,retribution,12,4,8
17150,Holyqt,thunderlord,383,paladin,retribution,12,4,8
17151,Funkknight,sargeras,383,paladin,retribution,18,4,14
17152,Hadrianus,azralon,383,paladin,retribution,24,4,20
17153,Diablosgrim,stormrage,382,paladin,retribution,6,4,2
17154,Kenbad,aegwynn,382,paladin,retribution,6,4,2
17155,Dweezill,daggerspine,382,paladin,retribution,12,4,8
17156,Sparklepuss,turalyon,379,paladin,retribution,12,4,8
17157,Amerok,malfurion,378,paladin,retribution,18,4,14
17158,Novachrono,bladefist,367,paladin,retribution,9,5,4
17159,Barzø,tichondrius,367,paladin,retribution,11,4,7
17160,Crucifine,wyrmrest-accord,367,paladin,retribution,11,4,7
17161,Bibimbop,boulderfist,352,paladin,retribution,13,5,8
17162,Vietnomeez,tichondrius,351,paladin,retribution,11,4,7
17163,Páladian,quelthalas,351,paladin,retribution,11,4,7
17164,Xcream,nemesis,351,paladin,retribution,20,5,15
17165,Bruujqt,moon-guard,336,paladin,retribution,9,5,4
17166,Meduselda,kelthuzad,335,paladin,retribution,9,5,4
17167,Botïs,sargeras,335,paladin,retribution,9,5,4
17168,Ethernaly,quelthalas,335,paladin,retribution,11,4,7
17169,Stinaz,quelthalas,335,paladin,retribution,11,4,7
17170,Exwars,moon-guard,330,paladin,retribution,8,5,3
17171,Chadatron,tichondrius,330,paladin,retribution,12,5,7
17172,Vegetå,malganis,330,paladin,retribution,29,6,23
17173,Bastiion,stormrage,320,paladin,retribution,10,4,6
17174,Wellowar,moon-guard,320,paladin,retribution,10,4,6
17175,Làzårus,area-52,320,paladin,retribution,16,4,12
17176,Ruulight,tichondrius,319,paladin,retribution,5,4,1
17177,Laysonus,moon-guard,319,paladin,retribution,8,4,4
17178,Dexko,silvermoon,319,paladin,retribution,8,4,4
17179,Jadelong,azshara,319,paladin,retribution,8,4,4
17180,Holyshasha,tichondrius,319,paladin,retribution,8,4,4
17181,Gryphin,moon-guard,319,paladin,retribution,8,4,4
17182,Jnxzster,sargeras,319,paladin,retribution,8,4,4
17183,Palavittar,azralon,319,paladin,retribution,8,4,4
17184,Karig,sargeras,319,paladin,retribution,8,4,4
17185,Holynaps,malganis,319,paladin,retribution,9,4,5
17186,Rainingrets,tichondrius,308,paladin,retribution,25,8,17
17187,Torrthak,area-52,304,paladin,retribution,7,4,3
17188,Iamriched,illidan,304,paladin,retribution,7,4,3
17189,Paullokis,gallywix,304,paladin,retribution,7,4,3
17190,Releváncé,frostmourne,304,paladin,retribution,19,4,15
17191,Strobeyjr,tichondrius,288,paladin,retribution,6,3,3
17192,Mki,kargath,288,paladin,retribution,6,3,3
17193,Disappearing,stormrage,288,paladin,retribution,6,3,3
17194,Doogo,cenarius,288,paladin,retribution,6,3,3
17195,Mvpp,dalaran,288,paladin,retribution,6,3,3
17196,Nâtion,cenarius,288,paladin,retribution,6,3,3
17197,Laluce,malganis,288,paladin,retribution,6,3,3
17198,Assaultron,dalaran,288,paladin,retribution,6,3,3
17199,Ýøg,tichondrius,288,paladin,retribution,6,3,3
17200,Hybrix,tichondrius,288,paladin,retribution,6,3,3
17201,Pvar,stormrage,288,paladin,retribution,6,3,3
17202,Shibbz,illidan,288,paladin,retribution,6,3,3
17203,Lmac,frostmourne,288,paladin,retribution,6,3,3
17204,Wálker,ragnaros,288,paladin,retribution,6,3,3
17205,Zenpally,doomhammer,288,paladin,retribution,6,3,3
17206,Kahleesy,sargeras,288,paladin,retribution,6,3,3
17207,Jestiny,amanthul,288,paladin,retribution,6,3,3
17208,Tacohuntter,stormrage,288,paladin,retribution,6,3,3
17209,Shãw,zuljin,288,paladin,retribution,6,3,3
17210,Xizzor,darkspear,288,paladin,retribution,6,3,3
17211,Taynos,tichondrius,288,paladin,retribution,6,3,3
17212,Givinpowpows,korgath,288,paladin,retribution,6,3,3
17213,Heamis,thunderlord,288,paladin,retribution,6,3,3
17214,Irushthots,tichondrius,288,paladin,retribution,6,3,3
17215,Apocryphx,stormrage,288,paladin,retribution,6,3,3
17216,Tadaki,dalaran,288,paladin,retribution,6,3,3
17217,Jónò,tichondrius,288,paladin,retribution,6,3,3
17218,Kanachi,bleeding-hollow,288,paladin,retribution,6,3,3
17219,Paliodin,dalaran,288,paladin,retribution,6,3,3
17220,Timu,suramar,288,paladin,retribution,6,3,3
17221,Purekiller,destromath,288,paladin,retribution,6,3,3
17222,Ironboxer,tichondrius,288,paladin,retribution,6,3,3
17223,Layoya,aerie-peak,288,paladin,retribution,6,3,3
17224,Gstbubble,hyjal,288,paladin,retribution,6,3,3
17225,Ximenita,ragnaros,288,paladin,retribution,6,3,3
17226,Shadowarius,aerie-peak,288,paladin,retribution,6,3,3
17227,Orangepa,dalaran,288,paladin,retribution,6,3,3
17228,Lightballz,vashj,288,paladin,retribution,6,3,3
17229,Reallyfe,skullcrusher,288,paladin,retribution,6,3,3
17230,Nerilliah,sargeras,288,paladin,retribution,6,3,3
17231,Deadlyskills,arathor,288,paladin,retribution,6,3,3
17232,Uneazyxx,tichondrius,288,paladin,retribution,6,3,3
17233,Bubblet,bleeding-hollow,288,paladin,retribution,6,3,3
17234,Nyxkithar,nagrand,288,paladin,retribution,6,3,3
17235,Trg,azralon,288,paladin,retribution,6,3,3
17236,Justsaiyen,bleeding-hollow,288,paladin,retribution,6,3,3
17237,Halordriest,tichondrius,288,paladin,retribution,6,3,3
17238,Talionz,illidan,288,paladin,retribution,6,3,3
17239,Pahlevahn,stormrage,288,paladin,retribution,6,3,3
17240,Warchaos,skullcrusher,288,paladin,retribution,6,3,3
17241,Catuvalos,kiljaeden,288,paladin,retribution,6,3,3
17242,Varezion,vashj,288,paladin,retribution,6,3,3
17243,Ahzreal,garona,288,paladin,retribution,6,3,3
17244,Scamadin,tichondrius,288,paladin,retribution,6,3,3
17245,Selivara,zuljin,288,paladin,retribution,6,3,3
17246,Everith,bleeding-hollow,288,paladin,retribution,6,3,3
17247,Rickadin,bleeding-hollow,288,paladin,retribution,6,3,3
17248,Dráugus,azralon,288,paladin,retribution,6,3,3
17249,Boladosx,azralon,288,paladin,retribution,6,3,3
17250,Troegenator,stormrage,288,paladin,retribution,6,3,3
17251,Cowhair,tichondrius,288,paladin,retribution,6,3,3
17252,Drágônbôrn,tichondrius,288,paladin,retribution,6,3,3
17253,Jaslexa,illidan,288,paladin,retribution,6,3,3
17254,Tlahtoani,illidan,288,paladin,retribution,6,3,3
17255,Nerfretpls,area-52,288,paladin,retribution,6,3,3
17256,Stamptime,emerald-dream,288,paladin,retribution,6,3,3
17257,Kôld,tichondrius,288,paladin,retribution,6,3,3
17258,Elri,ragnaros,288,paladin,retribution,6,3,3
17259,Bíteme,sargeras,288,paladin,retribution,6,3,3
17260,Beepsmash,executus,288,paladin,retribution,6,3,3
17261,Buttflapster,proudmoore,288,paladin,retribution,6,3,3
17262,Astasia,laughing-skull,288,paladin,retribution,6,3,3
17263,Cocodog,kiljaeden,288,paladin,retribution,6,3,3
17264,Dev,frostwolf,288,paladin,retribution,6,3,3
17265,Holyshrekt,frostmourne,288,paladin,retribution,6,3,3
17266,Reptila,bonechewer,288,paladin,retribution,6,3,3
17267,Velyssatha,moon-guard,288,paladin,retribution,6,3,3
17268,Eleonorr,proudmoore,288,paladin,retribution,6,3,3
17269,Rockbell,kiljaeden,288,paladin,retribution,6,3,3
17270,Sóláris,moon-guard,288,paladin,retribution,6,3,3
17271,Joeseph,stormrage,288,paladin,retribution,6,3,3
17272,Nalenne,alexstrasza,288,paladin,retribution,6,3,3
17273,Shakemup,stormrage,288,paladin,retribution,6,3,3
17274,Obbzz,spirestone,288,paladin,retribution,6,3,3
17275,Elhoj,illidan,288,paladin,retribution,6,3,3
17276,Syvir,area-52,288,paladin,retribution,6,3,3
17277,Meith,ragnaros,288,paladin,retribution,6,3,3
17278,Poisson,wildhammer,288,paladin,retribution,6,3,3
17279,Theßest,baelgun,288,paladin,retribution,6,3,3
17280,Merphy,tichondrius,288,paladin,retribution,6,3,3
17281,Moox,wyrmrest-accord,288,paladin,retribution,6,3,3
17282,Nickotines,kelthuzad,288,paladin,retribution,6,3,3
17283,Palman,frostmourne,288,paladin,retribution,6,3,3
17284,Lightvader,illidan,288,paladin,retribution,6,3,3
17285,Brahlix,area-52,288,paladin,retribution,6,3,3
17286,Principe,queldorei,288,paladin,retribution,6,3,3
17287,Mèdic,illidan,288,paladin,retribution,6,3,3
17288,Maxduo,bleeding-hollow,288,paladin,retribution,6,3,3
17289,Gotenks,trollbane,288,paladin,retribution,6,3,3
17290,Bigkspally,korgath,288,paladin,retribution,6,3,3
17291,Zeroret,tichondrius,288,paladin,retribution,6,3,3
17292,Olsen,stormrage,288,paladin,retribution,6,3,3
17293,Runebane,doomhammer,288,paladin,retribution,6,3,3
17294,Beato,silvermoon,288,paladin,retribution,6,3,3
17295,Kyperion,stormrage,288,paladin,retribution,6,3,3
17296,Sinmca,moon-guard,288,paladin,retribution,6,3,3
17297,Krackanut,kelthuzad,288,paladin,retribution,6,3,3
17298,Munaru,illidan,288,paladin,retribution,6,3,3
17299,Reaslovak,jubeithos,288,paladin,retribution,6,3,3
17300,Valadinna,tichondrius,288,paladin,retribution,6,3,3
17301,Sellenagomez,malganis,288,paladin,retribution,6,3,3
17302,Menjo,malganis,288,paladin,retribution,6,3,3
17303,Lomis,azgalor,288,paladin,retribution,6,3,3
17304,Zakh,proudmoore,288,paladin,retribution,6,3,3
17305,Xupalaa,azralon,288,paladin,retribution,6,3,3
17306,Àxçël,hyjal,288,paladin,retribution,6,3,3
17307,Gashlycrumb,tichondrius,288,paladin,retribution,6,3,3
17308,Zercker,ragnaros,288,paladin,retribution,6,3,3
17309,Aidillon,shadowsong,288,paladin,retribution,6,3,3
17310,Itzon,proudmoore,288,paladin,retribution,6,3,3
17311,Xvetis,thrall,288,paladin,retribution,6,3,3
17312,Palinator,bleeding-hollow,288,paladin,retribution,6,3,3
17313,Dannoruk,ragnaros,288,paladin,retribution,6,3,3
17314,Senisse,illidan,288,paladin,retribution,6,3,3
17315,Jojoboskies,aegwynn,288,paladin,retribution,6,3,3
17316,Lawdeedawh,tichondrius,288,paladin,retribution,6,3,3
17317,Leá,illidan,288,paladin,retribution,6,3,3
17318,Minlarkwa,frostmourne,288,paladin,retribution,6,3,3
17319,Gorriuke,wyrmrest-accord,288,paladin,retribution,6,3,3
17320,Vük,destromath,288,paladin,retribution,6,3,3
17321,Kaelel,barthilas,288,paladin,retribution,6,3,3
17322,Ankhz,area-52,288,paladin,retribution,6,3,3
17323,Retrodino,anvilmar,288,paladin,retribution,6,3,3
17324,Halnarran,area-52,288,paladin,retribution,6,3,3
17325,Flareous,moon-guard,288,paladin,retribution,6,3,3
17326,Itsapoc,sargeras,288,paladin,retribution,6,3,3
17327,Merkzz,arthas,288,paladin,retribution,6,3,3
17328,Dfz,mannoroth,288,paladin,retribution,6,3,3
17329,Volcathos,moon-guard,288,paladin,retribution,6,3,3
17330,Vindictacho,tichondrius,288,paladin,retribution,6,3,3
17331,Venter,bleeding-hollow,288,paladin,retribution,6,3,3
17332,Finnthepally,proudmoore,288,paladin,retribution,6,3,3
17333,Ivanko,dalaran,288,paladin,retribution,7,3,4
17334,Xanaxlol,sargeras,288,paladin,retribution,10,4,6
17335,Brutaldeath,area-52,288,paladin,retribution,12,3,9
17336,Boopif,sargeras,288,paladin,retribution,12,3,9
17337,Aduynn,tichondrius,288,paladin,retribution,12,3,9
17338,Levarious,thunderlord,288,paladin,retribution,12,3,9
17339,Säv,tichondrius,288,paladin,retribution,12,3,9
17340,Madworld,moon-guard,288,paladin,retribution,12,3,9
17341,Hardclimacks,frostmourne,288,paladin,retribution,12,3,9
17342,Zaeris,proudmoore,288,paladin,retribution,12,3,9
17343,Hyperforce,area-52,288,paladin,retribution,12,3,9
17344,Dalden,trollbane,288,paladin,retribution,12,3,9
17345,Bubblebooty,drakthul,288,paladin,retribution,12,3,9
17346,Quelite,sargeras,288,paladin,retribution,12,3,9
17347,Hetodo,blood-furnace,288,paladin,retribution,12,3,9
17348,Uzbadkhazad,ragnaros,288,paladin,retribution,12,3,9
17349,Digider,area-52,288,paladin,retribution,12,3,9
17350,Wälly,garona,288,paladin,retribution,12,3,9
17351,Dävis,ragnaros,288,paladin,retribution,12,3,9
17352,Varthinator,stormrage,288,paladin,retribution,12,3,9
17353,Elpal,thrall,288,paladin,retribution,12,3,9
17354,Divinedabs,stormrage,288,paladin,retribution,12,3,9
17355,Baconsock,kelthuzad,288,paladin,retribution,12,3,9
17356,Bigplucker,kelthuzad,288,paladin,retribution,12,3,9
17357,Grindlimg,dalaran,288,paladin,retribution,12,3,9
17358,Yeluh,malganis,288,paladin,retribution,12,3,9
17359,Onemassacre,spirestone,288,paladin,retribution,12,3,9
17360,Slania,area-52,288,paladin,retribution,12,3,9
17361,Tíron,dalaran,288,paladin,retribution,12,3,9
17362,Donsagrado,quelthalas,288,paladin,retribution,12,3,9
17363,Hahe,tichondrius,288,paladin,retribution,12,3,9
17364,Marrike,moon-guard,288,paladin,retribution,12,3,9
17365,Rxxkiee,tichondrius,288,paladin,retribution,12,3,9
17366,Tarkovkappa,illidan,288,paladin,retribution,12,3,9
17367,Bdaws,tichondrius,288,paladin,retribution,12,3,9
17368,Cromsecrate,dalaran,288,paladin,retribution,12,3,9
17369,Reehzlol,stormrage,288,paladin,retribution,12,3,9
17370,Sàber,tichondrius,288,paladin,retribution,12,3,9
17371,Dragonbait,khadgar,288,paladin,retribution,12,3,9
17372,Koltar,stormrage,288,paladin,retribution,12,3,9
17373,Leronos,zuljin,288,paladin,retribution,12,3,9
17374,Nik,the-underbog,288,paladin,retribution,12,3,9
17375,Jontapally,stormrage,288,paladin,retribution,12,3,9
17376,Ucvnt,illidan,288,paladin,retribution,12,3,9
17377,Fknnoath,frostmourne,288,paladin,retribution,12,3,9
17378,Asukaxt,illidan,288,paladin,retribution,12,3,9
17379,Kyuubî,bloodhoof,288,paladin,retribution,12,3,9
17380,Brightfire,dawnbringer,288,paladin,retribution,12,3,9
17381,Lue,boulderfist,288,paladin,retribution,12,3,9
17382,Kuoch,shandris,288,paladin,retribution,12,3,9
17383,Tylnish,hyjal,288,paladin,retribution,12,3,9
17384,Valdi,stonemaul,288,paladin,retribution,12,3,9
17385,Smokeys,sargeras,288,paladin,retribution,12,3,9
17386,Gämä,azralon,288,paladin,retribution,12,3,9
17387,Spiritkeep,veknilash,288,paladin,retribution,12,3,9
17388,Paladatrox,ragnaros,288,paladin,retribution,12,3,9
17389,Tolleytrain,malganis,288,paladin,retribution,12,3,9
17390,Jafbe,mugthol,288,paladin,retribution,12,3,9
17391,Chetmorton,emerald-dream,288,paladin,retribution,12,3,9
17392,Vaaleria,dalaran,288,paladin,retribution,12,3,9
17393,Johnus,lightbringer,288,paladin,retribution,12,3,9
17394,Chuizz,frostmourne,288,paladin,retribution,12,3,9
17395,Palâdin,zuljin,288,paladin,retribution,12,3,9
17396,Kentö,area-52,288,paladin,retribution,12,3,9
17397,Aenwyl,quelthalas,288,paladin,retribution,12,3,9
17398,Marthellus,quelthalas,288,paladin,retribution,12,3,9
17399,Theodrei,darrowmere,288,paladin,retribution,12,3,9
17400,Bakednub,malganis,288,paladin,retribution,17,3,14
17401,Fourchon,tichondrius,288,paladin,retribution,18,3,15
17402,Whangsta,tichondrius,288,paladin,retribution,24,3,21
17403,Soyafed,mugthol,287,paladin,retribution,6,3,3
17404,Matøs,stormrage,287,paladin,retribution,6,3,3
17405,Covidxlx,hakkar,287,paladin,retribution,6,3,3
17406,Dragollias,anvilmar,287,paladin,retribution,12,3,9
17407,Bubbleöseven,agamaggan,281,paladin,retribution,11,5,6
17408,Milkmi,frostmourne,271,paladin,retribution,11,3,8
17409,Strabic,stormrage,271,paladin,retribution,11,3,8
17410,Thepallyx,silvermoon,256,paladin,retribution,10,3,7
17411,Gabrielú,lightninghoof,256,paladin,retribution,10,3,7
17412,Logaen,stormrage,256,paladin,retribution,16,3,13
17413,Gusset,tichondrius,255,paladin,retribution,8,4,4
17414,Lorgax,alterac-mountains,240,paladin,retribution,9,3,6
17415,Badmix,tichondrius,239,paladin,retribution,5,3,2
17416,Sôsaboy,tichondrius,239,paladin,retribution,5,3,2
17417,Palitard,tichondrius,234,paladin,retribution,7,5,2
17418,Swiftysh,ragnaros,234,paladin,retribution,9,4,5
17419,Stinkystan,korgath,234,paladin,retribution,10,4,6
17420,Uunjaaku,kiljaeden,234,paladin,retribution,16,5,11
17421,Wainkywink,malganis,234,paladin,retribution,15,4,11
17422,Waffulzz,moonrunner,223,paladin,retribution,8,3,5
17423,Wabukis,twisting-nether,223,paladin,retribution,8,3,5
17424,Keegân,area-52,192,paladin,retribution,4,3,1
17425,Emiaru,illidan,192,paladin,retribution,4,3,1
17426,Zhspeilian,tichondrius,192,paladin,retribution,11,4,7
17427,Anonymvs,eredar,192,paladin,retribution,9,3,6
17428,Quinnl,dreadmaul,192,paladin,retribution,6,2,4
17429,Prèèd,frostmourne,192,paladin,retribution,6,2,4
17430,Thejüdge,malfurion,192,paladin,retribution,6,2,4
17431,Ganster,dreadmaul,192,paladin,retribution,6,2,4
17432,Lilpally,frostmourne,192,paladin,retribution,6,2,4
17433,Liht,khazgoroth,192,paladin,retribution,6,2,4
17434,Juiicebox,darrowmere,192,paladin,retribution,6,2,4
17435,Bøzø,stormrage,192,paladin,retribution,6,2,4
17436,Alexese,area-52,192,paladin,retribution,6,2,4
17437,Johnygoodboi,khazgoroth,192,paladin,retribution,6,2,4
17438,Reepr,tichondrius,192,paladin,retribution,6,2,4
17439,Blessinofsac,nagrand,192,paladin,retribution,6,2,4
17440,Øexørcistta,nemesis,192,paladin,retribution,6,2,4
17441,Rochet,kiljaeden,192,paladin,retribution,6,2,4
17442,Ramises,nemesis,192,paladin,retribution,6,2,4
17443,Blaeng,shandris,192,paladin,retribution,6,2,4
17444,Loocille,frostmourne,192,paladin,retribution,6,2,4
17445,Felkor,caelestrasz,192,paladin,retribution,6,2,4
17446,Solånar,bloodscalp,192,paladin,retribution,6,2,4
17447,Khels,gilneas,192,paladin,retribution,6,2,4
17448,Ratkiller,barthilas,192,paladin,retribution,6,2,4
17449,Ðuel,area-52,192,paladin,retribution,6,2,4
17450,Chàrron,garrosh,192,paladin,retribution,6,2,4
17451,Arkcadius,frostmourne,192,paladin,retribution,6,2,4
17452,Virisanctii,stormrage,192,paladin,retribution,6,2,4
17453,Troyamat,nemesis,192,paladin,retribution,6,2,4
17454,Bootcrusader,thrall,192,paladin,retribution,6,2,4
17455,Dynamism,frostmourne,192,paladin,retribution,6,2,4
17456,Armasexodus,barthilas,192,paladin,retribution,6,2,4
17457,Voro,barthilas,192,paladin,retribution,6,2,4
17458,Freslys,zuljin,192,paladin,retribution,6,2,4
17459,Lightkillerx,thrall,192,paladin,retribution,6,2,4
17460,Corrán,thrall,192,paladin,retribution,6,2,4
17461,Smolbeef,tichondrius,192,paladin,retribution,6,2,4
17462,Greatblade,barthilas,192,paladin,retribution,6,2,4
17463,Whyurunning,area-52,192,paladin,retribution,6,2,4
17464,Ödin,scarlet-crusade,192,paladin,retribution,6,2,4
17465,Shanehere,thrall,192,paladin,retribution,6,2,4
17466,Tìg,proudmoore,192,paladin,retribution,6,2,4
17467,Snuggymuffin,barthilas,192,paladin,retribution,6,2,4
17468,Passinpeace,tichondrius,192,paladin,retribution,6,2,4
17469,Crazysyco,proudmoore,192,paladin,retribution,6,2,4
17470,Haznthley,proudmoore,192,paladin,retribution,6,2,4
17471,Malakk,zuljin,192,paladin,retribution,6,2,4
17472,Lunchboxz,nazjatar,192,paladin,retribution,6,2,4
17473,Pushabuton,illidan,192,paladin,retribution,6,2,4
17474,Outofholy,stormrage,192,paladin,retribution,6,2,4
17475,Enjoy,frostmourne,192,paladin,retribution,6,2,4
17476,Rây,stormrage,192,paladin,retribution,6,2,4
17477,Ugotburstt,arthas,192,paladin,retribution,6,2,4
17478,Mesaa,illidan,192,paladin,retribution,6,2,4
17479,Tacosmells,thunderlord,192,paladin,retribution,6,2,4
17480,Roity,proudmoore,192,paladin,retribution,6,2,4
17481,Schooiez,tichondrius,192,paladin,retribution,6,2,4
17482,Brucitenjr,illidan,192,paladin,retribution,6,2,4
17483,Gwff,tichondrius,192,paladin,retribution,6,2,4
17484,Krabbiepatty,wyrmrest-accord,192,paladin,retribution,6,2,4
17485,Talions,illidan,192,paladin,retribution,6,2,4
17486,Blargnarg,area-52,192,paladin,retribution,6,2,4
17487,Avenging,wyrmrest-accord,192,paladin,retribution,6,2,4
17488,Lagun,wyrmrest-accord,192,paladin,retribution,6,2,4
17489,Corthic,area-52,192,paladin,retribution,6,2,4
17490,Vosailer,illidan,192,paladin,retribution,6,2,4
17491,Pállymán,proudmoore,192,paladin,retribution,6,2,4
17492,Aleio,moon-guard,192,paladin,retribution,6,2,4
17493,Sahbabii,baelgun,192,paladin,retribution,6,2,4
17494,Tyberas,wyrmrest-accord,192,paladin,retribution,6,2,4
17495,Inexcusable,wyrmrest-accord,192,paladin,retribution,6,2,4
17496,Babyshuangs,illidan,192,paladin,retribution,6,2,4
17497,Savøx,illidan,192,paladin,retribution,6,2,4
17498,Kraggar,arthas,192,paladin,retribution,6,2,4
17499,Shaqueefah,illidan,192,paladin,retribution,6,2,4
17500,Oxycleän,doomhammer,192,paladin,retribution,6,2,4
17501,Whittia,wyrmrest-accord,192,paladin,retribution,6,2,4
17502,Misease,illidan,192,paladin,retribution,6,2,4
17503,Mazexd,illidan,192,paladin,retribution,6,2,4
17504,Angelscrÿ,stormrage,192,paladin,retribution,6,2,4
17505,Ablunedion,illidan,192,paladin,retribution,6,2,4
17506,Pallylyfe,wyrmrest-accord,192,paladin,retribution,6,2,4
17507,Nicerice,dalaran,192,paladin,retribution,6,2,4
17508,Rightz,muradin,192,paladin,retribution,6,2,4
17509,Killerspally,area-52,192,paladin,retribution,6,2,4
17510,Machoo,laughing-skull,192,paladin,retribution,6,2,4
17511,Palade,proudmoore,192,paladin,retribution,6,2,4
17512,Dynastyhero,area-52,192,paladin,retribution,6,2,4
17513,Yeshayah,dalaran,192,paladin,retribution,6,2,4
17514,Gîmply,proudmoore,192,paladin,retribution,6,2,4
17515,Hulc,ysera,192,paladin,retribution,6,2,4
17516,Repèntance,stormrage,192,paladin,retribution,6,2,4
17517,Forprophet,blackrock,192,paladin,retribution,6,2,4
17518,Crânkz,blackrock,192,paladin,retribution,6,2,4
17519,Jazzmatic,dalaran,192,paladin,retribution,6,2,4
17520,Juanvaldez,muradin,192,paladin,retribution,6,2,4
17521,Svane,thunderlord,192,paladin,retribution,6,2,4
17522,Noscajj,tichondrius,192,paladin,retribution,6,2,4
17523,Nocomus,andorhal,192,paladin,retribution,6,2,4
17524,Roundbutts,stormrage,192,paladin,retribution,6,2,4
17525,Kêy,the-venture-co,192,paladin,retribution,6,2,4
17526,Adavinn,azjolnerub,192,paladin,retribution,6,2,4
17527,Hinamattsuri,velen,192,paladin,retribution,6,2,4
17528,Eljosco,nordrassil,192,paladin,retribution,6,2,4
17529,Dabakle,stormrage,192,paladin,retribution,6,2,4
17530,Rhodius,dalaran,192,paladin,retribution,6,2,4
17531,Ordinary,greymane,192,paladin,retribution,6,2,4
17532,Bërzerk,zuluhed,192,paladin,retribution,6,2,4
17533,Ret,onyxia,192,paladin,retribution,6,2,4
17534,Spanx,blackwing-lair,192,paladin,retribution,6,2,4
17535,Bigdret,moon-guard,192,paladin,retribution,6,2,4
17536,Herbzilla,haomarush,192,paladin,retribution,6,2,4
17537,Toscadin,ragnaros,192,paladin,retribution,6,2,4
17538,Dubliner,garona,192,paladin,retribution,6,2,4
17539,Sinsy,moon-guard,192,paladin,retribution,6,2,4
17540,Alexandros,the-underbog,192,paladin,retribution,6,2,4
17541,Crosjudge,zuljin,192,paladin,retribution,6,2,4
17542,Madnhairy,zuljin,192,paladin,retribution,6,2,4
17543,Thaléros,tichondrius,192,paladin,retribution,6,2,4
17544,Byonsay,zuljin,192,paladin,retribution,6,2,4
17545,Paladam,burning-blade,192,paladin,retribution,6,2,4
17546,Vengx,sargeras,192,paladin,retribution,6,2,4
17547,Taddedpally,tichondrius,192,paladin,retribution,6,2,4
17548,Zoeyxo,tichondrius,192,paladin,retribution,6,2,4
17549,Mercuryx,tichondrius,192,paladin,retribution,6,2,4
17550,Giulio,moon-guard,192,paladin,retribution,6,2,4
17551,Ghatte,azralon,192,paladin,retribution,6,2,4
17552,Parkhwi,tichondrius,192,paladin,retribution,6,2,4
17553,Buri,tichondrius,192,paladin,retribution,6,2,4
17554,Holypumper,moon-guard,192,paladin,retribution,6,2,4
17555,Cïelo,dragonmaw,192,paladin,retribution,6,2,4
17556,Holyretribut,tichondrius,192,paladin,retribution,6,2,4
17557,Neydisa,sargeras,192,paladin,retribution,6,2,4
17558,Jaok,tichondrius,192,paladin,retribution,6,2,4
17559,Lokkillos,drakkari,192,paladin,retribution,6,2,4
17560,Astrøworld,sargeras,192,paladin,retribution,6,2,4
17561,Pallydin,smolderthorn,192,paladin,retribution,6,2,4
17562,Narcolepso,azralon,192,paladin,retribution,6,2,4
17563,Rite,azralon,192,paladin,retribution,6,2,4
17564,Hafra,zuljin,192,paladin,retribution,6,2,4
17565,Tufybighamer,malganis,192,paladin,retribution,6,2,4
17566,Pelegroot,azralon,192,paladin,retribution,6,2,4
17567,Mikeelul,tichondrius,192,paladin,retribution,6,2,4
17568,Airane,sargeras,192,paladin,retribution,6,2,4
17569,Blastoise,drakkari,192,paladin,retribution,6,2,4
17570,Quiznossubs,kelthuzad,192,paladin,retribution,6,2,4
17571,Pallypallyy,aerie-peak,192,paladin,retribution,6,2,4
17572,Varianpally,kelthuzad,192,paladin,retribution,6,2,4
17573,Paintpumper,malganis,192,paladin,retribution,6,2,4
17574,Bullworm,ragnaros,192,paladin,retribution,6,2,4
17575,Spyglas,quelthalas,192,paladin,retribution,6,2,4
17576,Alasper,malganis,192,paladin,retribution,6,2,4
17577,Roél,tichondrius,192,paladin,retribution,6,2,4
17578,Danaimei,tichondrius,192,paladin,retribution,6,2,4
17579,Tyrack,ragnaros,192,paladin,retribution,6,2,4
17580,Dose,moon-guard,192,paladin,retribution,6,2,4
17581,Sigmapepe,quelthalas,192,paladin,retribution,6,2,4
17582,Lxwd,tichondrius,192,paladin,retribution,6,2,4
17583,Pearlx,ragnaros,192,paladin,retribution,6,2,4
17584,Jeddmaus,tichondrius,192,paladin,retribution,6,2,4
17585,Avengzeus,tichondrius,192,paladin,retribution,6,2,4
17586,Trê,sargeras,192,paladin,retribution,6,2,4
17587,Guelmin,azralon,192,paladin,retribution,6,2,4
17588,Exalter,malganis,192,paladin,retribution,6,2,4
17589,Supermetroid,vashj,192,paladin,retribution,6,2,4
17590,Brifos,sargeras,192,paladin,retribution,6,2,4
17591,Psychlight,quelthalas,192,paladin,retribution,6,2,4
17592,Mynnorath,emerald-dream,192,paladin,retribution,6,2,4
17593,Thaleros,tichondrius,192,paladin,retribution,6,2,4
17594,Verzuhazadon,tichondrius,192,paladin,retribution,6,2,4
17595,Crijr,ragnaros,192,paladin,retribution,6,2,4
17596,Xoppo,tichondrius,192,paladin,retribution,6,2,4
17597,Drízzy,ragnaros,192,paladin,retribution,6,2,4
17598,Holypoizan,tichondrius,192,paladin,retribution,6,2,4
17599,Ohsoclose,bleeding-hollow,192,paladin,retribution,6,2,4
17600,Chrisqwa,sargeras,192,paladin,retribution,6,2,4
17601,Diänë,ragnaros,192,paladin,retribution,6,2,4
17602,Brand,emerald-dream,192,paladin,retribution,6,2,4
17603,Gunderbok,emerald-dream,192,paladin,retribution,6,2,4
17604,Tomackin,quelthalas,192,paladin,retribution,6,2,4
17605,Toto,sargeras,192,paladin,retribution,6,2,4
17606,Oynx,emerald-dream,192,paladin,retribution,6,2,4
17607,Sac,sargeras,192,paladin,retribution,6,2,4
17608,Felourian,malganis,192,paladin,retribution,6,2,4
17609,Alphönsë,quelthalas,192,paladin,retribution,6,2,4
17610,Strîkes,emerald-dream,192,paladin,retribution,6,2,4
17611,Desterro,quelthalas,192,paladin,retribution,6,2,4
17612,Hekcthor,ragnaros,192,paladin,retribution,6,2,4
17613,Kegmight,emerald-dream,192,paladin,retribution,6,2,4
17614,Roseheart,emerald-dream,192,paladin,retribution,6,2,4
17615,Issac,tichondrius,192,paladin,retribution,6,2,4
17616,Motrîn,sargeras,192,paladin,retribution,6,2,4
17617,Fairbairn,tichondrius,192,paladin,retribution,6,2,4
17618,Scyni,kelthuzad,192,paladin,retribution,7,2,5
17619,Riggar,uther,192,paladin,retribution,8,2,6
17620,Azajudgeman,nemesis,192,paladin,retribution,9,2,7
17621,Bubzfordubz,sargeras,192,paladin,retribution,12,2,10
17622,Milfcrusader,tichondrius,192,paladin,retribution,12,2,10
17623,Seltzer,tichondrius,192,paladin,retribution,12,2,10
17624,Pepepally,area-52,192,paladin,retribution,12,2,10
17625,Fazoéli,stormrage,192,paladin,retribution,12,2,10
17626,Rayli,dalaran,192,paladin,retribution,12,2,10
17627,Seratox,illidan,192,paladin,retribution,12,2,10
17628,Yawnday,farstriders,192,paladin,retribution,12,2,10
17629,Kaiyleigh,sargeras,192,paladin,retribution,12,2,10
17630,Nr,blood-furnace,192,paladin,retribution,12,2,10
17631,Dirtfunk,illidan,192,paladin,retribution,12,2,10
17632,Kief,emerald-dream,192,paladin,retribution,12,2,10
17633,Thorsmites,sargeras,192,paladin,retribution,12,2,10
17634,Lamer,proudmoore,192,paladin,retribution,12,2,10
17635,Ghratadin,bleeding-hollow,192,paladin,retribution,12,2,10
17636,Cabacarl,quelthalas,192,paladin,retribution,12,2,10
17637,Aetol,proudmoore,192,paladin,retribution,12,2,10
17638,Goomie,icecrown,192,paladin,retribution,12,2,10
17639,Slithix,stormreaver,192,paladin,retribution,12,2,10
17640,Anahl,icecrown,192,paladin,retribution,12,2,10
17641,Sïncere,frostmourne,192,paladin,retribution,12,2,10
17642,Arminhamer,sargeras,192,paladin,retribution,12,2,10
17643,Clrty,area-52,192,paladin,retribution,12,2,10
17644,Holyshifts,exodar,192,paladin,retribution,12,2,10
17645,Criixx,malganis,192,paladin,retribution,12,2,10
17646,Rîf,malganis,192,paladin,retribution,12,2,10
17647,Vantz,tichondrius,192,paladin,retribution,12,2,10
17648,Ricopal,frostmourne,192,paladin,retribution,12,2,10
17649,Imnoracist,thrall,192,paladin,retribution,18,2,16
17650,Dorisseline,emerald-dream,192,paladin,retribution,18,2,16
17651,Caitlyn,nazjatar,191,paladin,retribution,6,2,4
17652,Savagefck,sargeras,191,paladin,retribution,6,2,4
17653,Nejie,nazjatar,191,paladin,retribution,6,2,4
17654,Thugmuffin,thrall,176,paladin,retribution,7,3,4
17655,Wokeinator,malganis,175,paladin,retribution,11,3,8
17656,Attkdmgcurry,illidan,175,paladin,retribution,11,2,9
17657,Baalduru,borean-tundra,175,paladin,retribution,11,2,9
17658,Bubbletop,tichondrius,169,paladin,retribution,11,4,7
17659,Gordonryan,bleeding-hollow,160,paladin,retribution,10,2,8
17660,Thorviim,azralon,159,paladin,retribution,5,2,3
17661,Nalahra,moon-guard,159,paladin,retribution,5,2,3
17662,Zyllo,area-52,159,paladin,retribution,5,2,3
17663,Whoopsie,dragonmaw,159,paladin,retribution,5,2,3
17664,Pallydeen,illidan,159,paladin,retribution,5,2,3
17665,Bringbackrmp,tichondrius,159,paladin,retribution,5,2,3
17666,Drholypurp,tichondrius,159,paladin,retribution,5,2,3
17667,Holeesheett,tichondrius,144,paladin,retribution,9,2,7
17668,Åddict,kelthuzad,138,paladin,retribution,10,3,7
17669,Iæl,stormrage,138,paladin,retribution,10,3,7
17670,Dathromir,stormrage,138,paladin,retribution,15,3,12
17671,Bubbleosèven,tichondrius,138,paladin,retribution,16,3,13
17672,Modafinil,bonechewer,138,paladin,retribution,20,3,17
17673,Mikwa,ragnaros,128,paladin,retribution,4,2,2
17674,Yemotis,emerald-dream,128,paladin,retribution,4,2,2
17675,Kforty,kiljaeden,128,paladin,retribution,4,2,2
17676,Khileeha,sargeras,128,paladin,retribution,10,2,8
17677,Thortanous,icecrown,96,paladin,retribution,3,2,1
17678,Dazak,ragnaros,96,paladin,retribution,3,2,1
17679,Swordstrikes,tichondrius,96,paladin,retribution,3,2,1
17680,Utho,wyrmrest-accord,96,paladin,retribution,3,2,1
17681,Smaugg,boulderfist,96,paladin,retribution,3,2,1
17682,Miketavius,moon-guard,96,paladin,retribution,6,1,5
17683,Bruwdblood,bleeding-hollow,96,paladin,retribution,6,1,5
17684,Partenna,quelthalas,96,paladin,retribution,6,1,5
17685,Ashlïe,moon-guard,96,paladin,retribution,6,1,5
17686,Flashbubble,sargeras,96,paladin,retribution,6,1,5
17687,Erindor,emerald-dream,96,paladin,retribution,6,1,5
17688,Cyona,gallywix,96,paladin,retribution,6,1,5
17689,Matrium,kiljaeden,96,paladin,retribution,6,1,5
17690,Fourwives,sargeras,96,paladin,retribution,6,1,5
17691,Shádøwy,nemesis,96,paladin,retribution,6,1,5
17692,Synnderilla,wyrmrest-accord,96,paladin,retribution,6,1,5
17693,Daelann,moon-guard,96,paladin,retribution,6,1,5
17694,Brynleigh,malganis,96,paladin,retribution,6,1,5
17695,Krulu,thrall,96,paladin,retribution,6,1,5
17696,Rodrigo,frostmourne,96,paladin,retribution,6,1,5
17697,Holiness,stormreaver,96,paladin,retribution,6,1,5
17698,Retrib,tichondrius,96,paladin,retribution,6,1,5
17699,Hodne,blackhand,96,paladin,retribution,6,1,5
17700,Warhero,sargeras,96,paladin,retribution,6,1,5
17701,Bogùs,tichondrius,96,paladin,retribution,6,1,5
17702,Djset,blackhand,96,paladin,retribution,6,1,5
17703,Solambul,tichondrius,96,paladin,retribution,6,1,5
17704,Kënsi,quelthalas,96,paladin,retribution,6,1,5
17705,Howlerhead,illidan,96,paladin,retribution,6,1,5
17706,Fatkidslag,sargeras,96,paladin,retribution,6,1,5
17707,Bosmoklikdat,moon-guard,96,paladin,retribution,6,1,5
17708,Ryudoshël,nemesis,96,paladin,retribution,6,1,5
17709,Tehgodofdmg,tichondrius,96,paladin,retribution,6,1,5
17710,Holyflopper,malganis,96,paladin,retribution,6,1,5
17711,Keltec,bonechewer,96,paladin,retribution,6,1,5
17712,Torvus,bonechewer,96,paladin,retribution,6,1,5
17713,Scarllye,illidan,96,paladin,retribution,6,1,5
17714,Momhips,bloodscalp,96,paladin,retribution,6,1,5
17715,Minjikim,tichondrius,96,paladin,retribution,6,1,5
17716,Javiermiléi,quelthalas,96,paladin,retribution,6,1,5
17717,Adobro,tichondrius,96,paladin,retribution,6,1,5
17718,Yoroding,tichondrius,96,paladin,retribution,6,1,5
17719,Miniell,tichondrius,96,paladin,retribution,6,1,5
17720,Scah,illidan,96,paladin,retribution,6,1,5
17721,Chakin,burning-legion,96,paladin,retribution,6,1,5
17722,Maeyz,sargeras,96,paladin,retribution,6,1,5
17723,Skadooshh,illidan,96,paladin,retribution,6,1,5
17724,Paldan,illidan,96,paladin,retribution,6,1,5
17725,Acpally,tichondrius,96,paladin,retribution,6,1,5
17726,Boundric,emerald-dream,96,paladin,retribution,6,1,5
17727,Yøu,tichondrius,96,paladin,retribution,6,1,5
17728,Rynis,arthas,96,paladin,retribution,6,1,5
17729,Talahar,boulderfist,96,paladin,retribution,6,1,5
17730,Mentalíssues,moon-guard,96,paladin,retribution,6,1,5
17731,Retsarro,frostmourne,96,paladin,retribution,6,1,5
17732,Balloony,stormrage,96,paladin,retribution,6,1,5
17733,Sunnix,illidan,96,paladin,retribution,6,1,5
17734,Giita,quelthalas,96,paladin,retribution,6,1,5
17735,Zulzander,kelthuzad,96,paladin,retribution,6,1,5
17736,Conámi,ragnaros,96,paladin,retribution,6,1,5
17737,Shiningtendi,aerie-peak,96,paladin,retribution,6,1,5
17738,Chapichapi,illidan,96,paladin,retribution,6,1,5
17739,Amorimbr,area-52,96,paladin,retribution,6,1,5
17740,Wilmâ,ragnaros,96,paladin,retribution,6,1,5
17741,Bravsirrobin,firetree,96,paladin,retribution,6,1,5
17742,Kadabrak,area-52,96,paladin,retribution,6,1,5
17743,Roosterface,azjolnerub,96,paladin,retribution,6,1,5
17744,Homeboywill,hyjal,96,paladin,retribution,6,1,5
17745,Gazef,proudmoore,96,paladin,retribution,6,1,5
17746,Actionman,bleeding-hollow,96,paladin,retribution,6,1,5
17747,Ssjgodvy,illidan,96,paladin,retribution,6,1,5
17748,Lygophobia,frostmourne,96,paladin,retribution,6,1,5
17749,Thumos,sargeras,96,paladin,retribution,6,1,5
17750,Níngjìngy,tichondrius,96,paladin,retribution,6,1,5
17751,Chainjustice,area-52,96,paladin,retribution,6,1,5
17752,Volphorix,illidan,96,paladin,retribution,6,1,5
17753,Chuggawhugga,area-52,96,paladin,retribution,6,1,5
17754,Holythanos,bleeding-hollow,96,paladin,retribution,6,1,5
17755,Tradalia,illidan,96,paladin,retribution,6,1,5
17756,Smudgexy,frostmourne,96,paladin,retribution,6,1,5
17757,Zwilliam,frostmourne,96,paladin,retribution,6,1,5
17758,Ariolo,baelgun,96,paladin,retribution,6,1,5
17759,Dafoq,stormrage,96,paladin,retribution,6,1,5
17760,Smïthh,area-52,96,paladin,retribution,6,1,5
17761,Kamakazê,sargeras,96,paladin,retribution,6,1,5
17762,Cupidxbye,tichondrius,96,paladin,retribution,6,1,5
17763,Luiiguii,drakkari,96,paladin,retribution,6,1,5
17764,Holyclapzy,stormrage,96,paladin,retribution,6,1,5
17765,Slantee,illidan,96,paladin,retribution,6,1,5
17766,Mindfoolness,sargeras,96,paladin,retribution,6,1,5
17767,Judgémental,bleeding-hollow,96,paladin,retribution,6,1,5
17768,Poeboyz,stormrage,96,paladin,retribution,6,1,5
17769,Marcovk,quelthalas,96,paladin,retribution,6,1,5
17770,Dankpaladin,frostwolf,96,paladin,retribution,6,1,5
17771,Tenethor,area-52,96,paladin,retribution,6,1,5
17772,Htnhy,aegwynn,96,paladin,retribution,6,1,5
17773,Urudith,azralon,96,paladin,retribution,6,1,5
17774,Palajem,stormrage,96,paladin,retribution,6,1,5
17775,Rodt,dalaran,96,paladin,retribution,6,1,5
17776,Donoph,blades-edge,96,paladin,retribution,6,1,5
17777,Flashstark,area-52,96,paladin,retribution,6,1,5
17778,Parts,aerie-peak,96,paladin,retribution,6,1,5
17779,Scuffedhoj,tichondrius,96,paladin,retribution,6,1,5
17780,Aragonns,illidan,96,paladin,retribution,6,1,5
17781,Deviill,winterhoof,96,paladin,retribution,6,1,5
17782,Pugnacity,stormrage,96,paladin,retribution,6,1,5
17783,Liongolden,azralon,96,paladin,retribution,6,1,5
17784,Chaosbubble,burning-legion,96,paladin,retribution,6,1,5
17785,Zealotry,tichondrius,96,paladin,retribution,6,1,5
17786,Justtrollin,black-dragonflight,96,paladin,retribution,6,1,5
17787,Gdesign,tichondrius,96,paladin,retribution,6,1,5
17788,Carloss,drakkari,96,paladin,retribution,6,1,5
17789,Jüstice,tichondrius,96,paladin,retribution,6,1,5
17790,Astraelon,bleeding-hollow,96,paladin,retribution,6,1,5
17791,Asellusarc,kelthuzad,96,paladin,retribution,6,1,5
17792,Smallhammer,aegwynn,96,paladin,retribution,6,1,5
17793,Terppy,stormrage,96,paladin,retribution,6,1,5
17794,Rg,nerzhul,96,paladin,retribution,6,1,5
17795,Ultrah,area-52,96,paladin,retribution,6,1,5
17796,Nytto,lightnings-blade,96,paladin,retribution,6,1,5
17797,Xkillz,korgath,96,paladin,retribution,6,1,5
17798,Angusbeef,hyjal,96,paladin,retribution,6,1,5
17799,Aldwyn,deathwing,96,paladin,retribution,6,1,5
17800,Këys,earthen-ring,96,paladin,retribution,6,1,5
17801,Ahrieze,moon-guard,96,paladin,retribution,6,1,5
17802,Valadinn,tichondrius,96,paladin,retribution,6,1,5
17803,Odos,zuljin,96,paladin,retribution,6,1,5
17804,Franchy,stormrage,96,paladin,retribution,6,1,5
17805,Fpaladin,tichondrius,96,paladin,retribution,6,1,5
17806,Narsys,tichondrius,96,paladin,retribution,6,1,5
17807,Clayban,stormrage,96,paladin,retribution,6,1,5
17808,Pallypòwer,garrosh,96,paladin,retribution,6,1,5
17809,Màli,akama,96,paladin,retribution,6,1,5
17810,Hanael,quelthalas,96,paladin,retribution,7,1,6
17811,Wantsome,frostmourne,96,paladin,retribution,7,1,6
17812,Lelythia,bleeding-hollow,96,paladin,retribution,7,1,6
17813,Lorenzojr,sargeras,96,paladin,retribution,12,1,11
17814,Shamo,stormreaver,96,paladin,retribution,12,1,11
17815,Æpaldin,tichondrius,96,paladin,retribution,12,1,11
17816,Yobnai,zuljin,96,paladin,retribution,12,1,11
17817,Firexfist,gurubashi,96,paladin,retribution,12,1,11
17818,Whosyourdady,azjolnerub,96,paladin,retribution,12,1,11
17819,Nbtv,tichondrius,96,paladin,retribution,12,1,11
17820,Oshia,destromath,96,paladin,retribution,12,1,11
17821,Reinhardburm,quelthalas,96,paladin,retribution,12,1,11
17822,Hondacivicsi,mannoroth,96,paladin,retribution,12,1,11
17823,Hukah,darkspear,96,paladin,retribution,12,1,11
17824,Catholica,tichondrius,96,paladin,retribution,12,1,11
17825,Astralweed,quelthalas,96,paladin,retribution,12,1,11
17826,Hojpocketx,tichondrius,96,paladin,retribution,12,1,11
17827,Rimorse,illidan,96,paladin,retribution,12,1,11
17828,Séykän,ragnaros,96,paladin,retribution,12,1,11
17829,Malisaa,tichondrius,96,paladin,retribution,12,1,11
17830,Hottest,wyrmrest-accord,84,paladin,retribution,13,5,8
17831,Torms,illidan,79,paladin,retribution,3,3,0
17832,Maverickxz,nemesis,79,paladin,retribution,5,1,4
17833,Bowdown,wildhammer,79,paladin,retribution,5,1,4
17834,Goldieg,tichondrius,79,paladin,retribution,5,1,4
17835,Hivers,stormrage,79,paladin,retribution,11,1,10
17836,Fulgal,jubeithos,48,paladin,retribution,3,1,2
17837,Lawbandit,tichondrius,42,paladin,retribution,10,3,7
17838,Eljefee,emerald-dream,42,paladin,retribution,11,3,8
17839,Newwow,tichondrius,42,paladin,retribution,9,2,7
17840,Voncruz,proudmoore,42,paladin,retribution,12,2,10
17841,Kletüs,quelthalas,16,paladin,retribution,1,1,0
17842,Moistsaiyan,blood-furnace,15,paladin,retribution,1,1,0
17843,ßleider,quelthalas,1906,paladin,protection,55,39,16
17844,Ëlmaster,nemesis,1831,paladin,protection,120,75,45
17845,Kierolechita,ragnaros,1807,paladin,protection,118,63,55
17846,Zhspeilian,tichondrius,1730,paladin,protection,84,47,37
17847,Sutadansa,doomhammer,1711,paladin,protection,98,46,52
17848,Uglyboyryan,sargeras,1674,paladin,protection,84,51,33
17849,Eclipsor,bleeding-hollow,1657,paladin,protection,48,30,18
17850,Vondonna,moon-guard,1655,paladin,protection,113,65,48
17851,Lxwd,tichondrius,1655,paladin,protection,113,56,57
17852,Aopidsfihjov,stormrage,1649,paladin,protection,42,30,12
17853,Motates,malganis,1621,paladin,protection,60,28,32
17854,Höpönpöppö,frostmourne,1589,paladin,protection,36,17,19
17855,Aeythyr,wyrmrest-accord,1558,paladin,protection,48,26,22
17856,Rehtua,bleeding-hollow,1557,paladin,protection,83,35,48
17857,Zephyrvalor,sargeras,1525,paladin,protection,69,31,38
17858,Chozverialyz,ysondre,1494,paladin,protection,68,32,36
17859,Modafinil,bonechewer,1456,paladin,protection,87,42,45
17860,Íaan,drakkari,1433,paladin,protection,70,43,27
17861,Wowmike,sargeras,1421,paladin,protection,42,17,25
17862,Arcilys,illidan,1398,paladin,protection,60,29,31
17863,Bighardshock,aggramar,1339,paladin,protection,24,14,10
17864,Khrome,cenarion-circle,1328,paladin,protection,134,44,90
17865,Domocho,azgalor,1315,paladin,protection,24,14,10
17866,Jkethuhsnake,ghostlands,1306,paladin,protection,51,31,20
17867,Thorsmites,sargeras,1273,paladin,protection,48,18,30
17868,Lelythia,bleeding-hollow,1161,paladin,protection,65,25,40
17869,Almeta,kelthuzad,1135,paladin,protection,24,12,12
17870,Zakh,proudmoore,1053,paladin,protection,18,11,7
17871,Ndnpaly,bonechewer,953,paladin,protection,12,10,2
17872,Ratzon,dalaran,950,paladin,protection,18,10,8
17873,Aluvia,malygos,864,paladin,protection,12,9,3
17874,Borrus,malygos,863,paladin,protection,18,9,9
17875,Negativeiq,moon-guard,798,paladin,protection,10,10,0
17876,Bubblemark,tichondrius,768,paladin,protection,18,8,10
17877,Courageousz,dalaran,768,paladin,protection,18,8,10
17878,Crusâder,area-52,767,paladin,protection,24,8,16
17879,Herimi,drakkari,766,paladin,protection,18,8,10
17880,Kittié,proudmoore,760,paladin,protection,24,8,16
17881,Imthabromb,dragonblight,758,paladin,protection,18,8,10
17882,Halnoth,dethecus,702,paladin,protection,11,8,3
17883,Sôlux,quelthalas,672,paladin,protection,23,7,16
17884,Dirkdigglerz,bleeding-hollow,670,paladin,protection,18,7,11
17885,Whëëls,stormreaver,576,paladin,protection,12,6,6
17886,Øziris,goldrinn,528,paladin,protection,15,7,8
17887,Stormvikingx,darkspear,480,paladin,protection,6,5,1
17888,Danthorin,malfurion,480,paladin,protection,12,5,7
17889,Kiehui,lightbringer,480,paladin,protection,12,5,7
17890,Bullivan,sisters-of-elune,480,paladin,protection,12,5,7
17891,Gîmply,proudmoore,384,paladin,protection,12,4,8
17892,Belmorlin,moon-guard,384,paladin,protection,12,4,8
17893,Goldjade,khazgoroth,384,paladin,protection,12,4,8
17894,Isecretly,stormrage,335,paladin,protection,7,7,0
17895,Poorly,thorium-brotherhood,288,paladin,protection,6,3,3
17896,Ronor,thorium-brotherhood,288,paladin,protection,6,3,3
17897,Sølis,alleria,288,paladin,protection,6,3,3
17898,Bt,quelthalas,288,paladin,protection,6,3,3
17899,Saeranella,moon-guard,240,paladin,protection,9,3,6
17900,Blâckhârt,saurfang,234,paladin,protection,9,4,5
17901,Xinqingle,tichondrius,192,paladin,protection,6,2,4
17902,Lewstelamon,korialstrasz,192,paladin,protection,6,2,4
17903,Consecrated,daggerspine,192,paladin,protection,12,2,10
17904,Holyknight,veknilash,96,paladin,protection,8,2,6
17905,Bullmarket,tichondrius,96,paladin,protection,6,1,5
17906,Holykura,thrall,96,paladin,protection,6,1,5
17907,Yötönyö,sargeras,2082,priest,holy,114,57,57
17908,Fluent,emerald-dream,2016,priest,holy,102,52,50
17909,Priestlike,tichondrius,2010,priest,holy,127,68,59
17910,Dogbutt,burning-legion,1996,priest,holy,222,111,111
17911,Jjmms,akama,1916,priest,holy,169,95,74
17912,Tirrify,frostmourne,1899,priest,holy,54,29,25
17913,Cokeheals,kelthuzad,1897,priest,holy,42,26,16
17914,Fusira,gurubashi,1894,priest,holy,36,20,16
17915,Pianohouse,illidan,1893,priest,holy,54,29,25
17916,Zenelu,tichondrius,1891,priest,holy,176,91,85
17917,Peat,hyjal,1844,priest,holy,54,27,27
17918,Superduperr,illidan,1840,priest,holy,66,33,33
17919,Vandalia,shadowsong,1837,priest,holy,181,89,92
17920,Citrinesta,illidan,1835,priest,holy,197,121,76
17921,Saintjpii,tichondrius,1818,priest,holy,108,66,42
17922,Nickydamous,moon-guard,1817,priest,holy,66,38,28
17923,Mastuti,azralon,1817,priest,holy,59,27,32
17924,Iniquitatem,tichondrius,1817,priest,holy,60,23,37
17925,Tromnasty,area-52,1816,priest,holy,90,53,37
17926,Whitetails,illidan,1816,priest,holy,54,31,23
17927,Onikûdaki,sargeras,1814,priest,holy,86,37,49
17928,Cinnalite,darkspear,1813,priest,holy,36,26,10
17929,Sweatynick,proudmoore,1813,priest,holy,227,109,118
17930,Scyner,bleeding-hollow,1811,priest,holy,152,87,65
17931,Bloodlinex,malganis,1806,priest,holy,171,102,69
17932,Lilyxo,bleeding-hollow,1806,priest,holy,60,32,28
17933,Ninbara,tichondrius,1806,priest,holy,96,46,50
17934,Pipelayerx,illidan,1804,priest,holy,50,25,25
17935,Murkd,tichondrius,1804,priest,holy,145,68,77
17936,Gerpe,stormrage,1789,priest,holy,183,101,82
17937,Immthuggin,tichondrius,1780,priest,holy,102,43,59
17938,Santyel,ragnaros,1768,priest,holy,72,43,29
17939,Moonideli,moon-guard,1765,priest,holy,72,36,36
17940,Lëønë,nemesis,1761,priest,holy,118,74,44
17941,Goodlife,frostmourne,1753,priest,holy,107,52,55
17942,Cheekypriest,stormrage,1747,priest,holy,54,25,29
17943,Heavyflo,kelthuzad,1746,priest,holy,96,49,47
17944,Dreckie,sargeras,1734,priest,holy,89,42,47
17945,Zazul,frostmane,1729,priest,holy,101,58,43
17946,Icychain,area-52,1726,priest,holy,35,19,16
17947,Cryptron,tichondrius,1706,priest,holy,74,32,42
17948,Hyouka,area-52,1698,priest,holy,205,104,101
17949,Gill,proudmoore,1696,priest,holy,118,59,59
17950,Nanatoo,sargeras,1686,priest,holy,36,18,18
17951,Geoffrred,illidan,1686,priest,holy,54,21,33
17952,Rustymvp,nagrand,1685,priest,holy,38,19,19
17953,Candohp,frostmourne,1682,priest,holy,42,22,20
17954,Elbowbeans,tichondrius,1680,priest,holy,64,31,33
17955,Soloqqt,tichondrius,1675,priest,holy,42,24,18
17956,Gaudthree,tichondrius,1675,priest,holy,48,26,22
17957,Minipriest,sargeras,1673,priest,holy,42,20,22
17958,Óst,tichondrius,1673,priest,holy,42,18,24
17959,Wøo,area-52,1672,priest,holy,141,76,65
17960,Iluvthgnmicz,sargeras,1652,priest,holy,51,27,24
17961,Pws,azralon,1646,priest,holy,60,25,35
17962,Snowymooie,frostmourne,1643,priest,holy,48,22,26
17963,Bopang,emerald-dream,1638,priest,holy,59,27,32
17964,Dypkillet,moon-guard,1637,priest,holy,108,52,56
17965,Bubbles,drakthul,1634,priest,holy,232,118,114
17966,Punkndrublic,sargeras,1631,priest,holy,83,43,40
17967,Tòxìç,stormrage,1623,priest,holy,127,74,53
17968,Tookiex,stormrage,1622,priest,holy,37,17,20
17969,Washdp,frostmourne,1621,priest,holy,48,21,27
17970,Leoshi,turalyon,1615,priest,holy,36,21,15
17971,Archbishop,stormscale,1610,priest,holy,31,18,13
17972,Matthiass,thrall,1610,priest,holy,77,41,36
17973,Nielbomb,tichondrius,1606,priest,holy,253,130,123
17974,Wankenobi,stormrage,1604,priest,holy,212,105,107
17975,Dylbags,frostmourne,1600,priest,holy,35,21,14
17976,Dawnside,wyrmrest-accord,1596,priest,holy,316,185,131
17977,Soaphia,kelthuzad,1571,priest,holy,124,64,60
17978,Sacrifer,moon-guard,1570,priest,holy,84,45,39
17979,ßeautiful,sargeras,1562,priest,holy,42,22,20
17980,Dgpriest,tichondrius,1559,priest,holy,42,19,23
17981,Krobs,bleeding-hollow,1559,priest,holy,48,20,28
17982,Cerebrill,bleeding-hollow,1557,priest,holy,45,22,23
17983,Falsegodx,tichondrius,1555,priest,holy,36,17,19
17984,Handsumheals,kiljaeden,1541,priest,holy,37,22,15
17985,Avis,illidan,1539,priest,holy,110,54,56
17986,Sooyáaa,illidan,1538,priest,holy,42,18,24
17987,Sukeena,malganis,1525,priest,holy,83,38,45
17988,Tazzi,chromaggus,1522,priest,holy,66,29,37
17989,Oyy,barthilas,1518,priest,holy,54,28,26
17990,Vampiric,laughing-skull,1514,priest,holy,48,30,18
17991,Boboxiao,illidan,1512,priest,holy,47,16,31
17992,Cutiepriest,gnomeregan,1511,priest,holy,96,57,39
17993,Bestgirlna,area-52,1509,priest,holy,30,16,14
17994,Applepieyum,illidan,1508,priest,holy,42,19,23
17995,Chervz,chogall,1503,priest,holy,42,18,24
17996,Tranquilty,tichondrius,1501,priest,holy,72,31,41
17997,Giveheadpats,moon-guard,1496,priest,holy,164,80,84
17998,Heluupa,illidan,1495,priest,holy,71,47,24
17999,Soleyxo,frostmourne,1489,priest,holy,54,31,23
18000,Xedus,mannoroth,1485,priest,holy,62,28,34
18001,Kostantina,kelthuzad,1484,priest,holy,42,18,24
18002,Symbolofhope,moon-guard,1474,priest,holy,45,20,25
18003,Illyasviel,terenas,1472,priest,holy,103,41,62
18004,Ayanamil,tichondrius,1459,priest,holy,62,48,14
18005,Strivedaily,proudmoore,1447,priest,holy,97,46,51
18006,Plebiss,burning-blade,1441,priest,holy,114,60,54
18007,Artiannaa,bleeding-hollow,1436,priest,holy,63,39,24
18008,Necroplasma,area-52,1433,priest,holy,55,31,24
18009,Mizzbehavn,tichondrius,1430,priest,holy,44,24,20
18010,Pesca,proudmoore,1429,priest,holy,36,15,21
18011,Edmen,stormrage,1427,priest,holy,78,37,41
18012,Wrinkletink,whisperwind,1426,priest,holy,49,24,25
18013,Anguishment,stormrage,1416,priest,holy,153,73,80
18014,Esvary,quelthalas,1411,priest,holy,86,50,36
18015,Reverenced,stormrage,1409,priest,holy,60,36,24
18016,Littlebat,proudmoore,1408,priest,holy,72,39,33
18017,Fyne,kelthuzad,1403,priest,holy,81,32,49
18018,Merellia,moon-guard,1395,priest,holy,72,37,35
18019,Soapfan,kelthuzad,1392,priest,holy,142,67,75
18020,Mkenze,moon-guard,1386,priest,holy,102,47,55
18021,Akaneo,tichondrius,1380,priest,holy,36,18,18
18022,Cruxave,aegwynn,1379,priest,holy,34,18,16
18023,Pettypriest,dalaran,1377,priest,holy,75,29,46
18024,Methodist,proudmoore,1374,priest,holy,78,28,50
18025,Kovaxx,frostmourne,1373,priest,holy,76,33,43
18026,Sabene,greymane,1364,priest,holy,91,44,47
18027,Dioecesis,moon-guard,1364,priest,holy,41,15,26
18028,Heist,kelthuzad,1353,priest,holy,26,16,10
18029,Quartzolio,azralon,1353,priest,holy,59,35,24
18030,Holyb,tichondrius,1352,priest,holy,36,18,18
18031,Shaldra,bleeding-hollow,1348,priest,holy,109,64,45
18032,Holyshytt,tichondrius,1346,priest,holy,55,30,25
18033,Sappes,area-52,1346,priest,holy,54,27,27
18034,Eccentricx,sargeras,1342,priest,holy,24,14,10
18035,Ænußís,stormrage,1335,priest,holy,84,46,38
18036,Spriest,kul-tiras,1332,priest,holy,74,41,33
18037,Trufumthunzi,illidan,1330,priest,holy,26,17,9
18038,Mercý,zuljin,1328,priest,holy,54,32,22
18039,Healztonic,dalaran,1323,priest,holy,85,38,47
18040,Discospider,sargeras,1313,priest,holy,30,15,15
18041,Lexiié,area-52,1312,priest,holy,55,33,22
18042,Ksâh,bleeding-hollow,1309,priest,holy,36,17,19
18043,Owlchubz,mannoroth,1306,priest,holy,80,31,49
18044,Xinferesia,sargeras,1305,priest,holy,61,25,36
18045,Xrafa,azralon,1301,priest,holy,84,38,46
18046,Animè,zuluhed,1299,priest,holy,86,50,36
18047,Saetia,drenden,1286,priest,holy,29,19,10
18048,Chemod,quelthalas,1278,priest,holy,35,17,18
18049,Rihen,tichondrius,1270,priest,holy,155,65,90
18050,Raskreia,dragonmaw,1268,priest,holy,30,14,16
18051,Junatoh,area-52,1266,priest,holy,37,21,16
18052,Threesclass,tichondrius,1262,priest,holy,29,14,15
18053,Preacherr,bonechewer,1256,priest,holy,24,14,10
18054,Galadrael,quelthalas,1252,priest,holy,35,16,19
18055,Zallstan,zuljin,1249,priest,holy,30,15,15
18056,Onemission,whisperwind,1247,priest,holy,30,13,17
18057,Bjorke,tichondrius,1247,priest,holy,30,13,17
18058,Turnipp,sargeras,1246,priest,holy,30,13,17
18059,Duskherald,zuljin,1240,priest,holy,58,25,33
18060,Joeschmoe,proudmoore,1235,priest,holy,24,13,11
18061,Nowwow,tichondrius,1230,priest,holy,30,14,16
18062,Aiwa,winterhoof,1229,priest,holy,18,13,5
18063,Holiermilk,demon-soul,1229,priest,holy,200,88,112
18064,Zerolimitzz,arthas,1225,priest,holy,48,22,26
18065,Cléah,sargeras,1218,priest,holy,107,49,58
18066,Leggoscams,tichondrius,1217,priest,holy,28,14,14
18067,Firewatcher,sisters-of-elune,1214,priest,holy,30,17,13
18068,Valkur,aegwynn,1213,priest,holy,78,34,44
18069,Akainuu,nazjatar,1207,priest,holy,55,22,33
18070,Dóctóre,thrall,1205,priest,holy,61,24,37
18071,Veltaxis,moon-guard,1203,priest,holy,98,44,54
18072,Stayhealed,tichondrius,1201,priest,holy,45,22,23
18073,Fanseband,dalaran,1199,priest,holy,24,14,10
18074,Ranøth,deathwing,1197,priest,holy,53,24,29
18075,Theophobe,illidan,1190,priest,holy,85,45,40
18076,Dagaen,thunderlord,1184,priest,holy,197,98,99
18077,Haruspex,azralon,1183,priest,holy,22,13,9
18078,ßsimp,darrowmere,1180,priest,holy,32,13,19
18079,Flemyth,eitrigg,1180,priest,holy,40,16,24
18080,Kälashnikova,ragnaros,1177,priest,holy,92,45,47
18081,Tytusx,stormrage,1176,priest,holy,26,13,13
18082,Pílí,drakkari,1174,priest,holy,54,24,30
18083,Haushauha,azralon,1164,priest,holy,48,23,25
18084,Etros,wyrmrest-accord,1156,priest,holy,90,38,52
18085,Milkgulper,illidan,1152,priest,holy,24,12,12
18086,Leonihpriest,nemesis,1151,priest,holy,30,12,18
18087,Trompiscola,quelthalas,1151,priest,holy,30,12,18
18088,Ukizeal,moknathal,1151,priest,holy,42,15,27
18089,Endure,moon-guard,1149,priest,holy,24,12,12
18090,Maiyennefer,proudmoore,1146,priest,holy,34,13,21
18091,Meiev,quelthalas,1139,priest,holy,24,12,12
18092,Benjamints,thrall,1124,priest,holy,24,12,12
18093,Etain,bloodscalp,1120,priest,holy,23,12,11
18094,Dactylion,moon-guard,1119,priest,holy,24,12,12
18095,Æsir,skullcrusher,1119,priest,holy,30,12,18
18096,Niná,arathor,1114,priest,holy,20,13,7
18097,Zojhira,khazgoroth,1114,priest,holy,66,32,34
18098,Selket,stormscale,1107,priest,holy,66,26,40
18099,Kytiana,blackwing-lair,1105,priest,holy,367,181,186
18100,Floppytatas,illidan,1102,priest,holy,81,37,44
18101,Dolandir,quelthalas,1085,priest,holy,24,13,11
18102,Deathrina,moon-guard,1079,priest,holy,27,13,14
18103,Mavuiss,barthilas,1069,priest,holy,25,12,13
18104,Tarlex,illidan,1068,priest,holy,31,12,19
18105,Yinaiteen,drakkari,1061,priest,holy,47,29,18
18106,Doob,ghostlands,1050,priest,holy,18,11,7
18107,Dotdotdead,earthen-ring,1049,priest,holy,18,11,7
18108,Arçhángël,moon-guard,1048,priest,holy,18,11,7
18109,Soulhealer,shadowmoon,1048,priest,holy,24,13,11
18110,Berzum,chogall,1048,priest,holy,24,11,13
18111,Dylirium,dathremar,1044,priest,holy,18,11,7
18112,Droneboy,moon-guard,1037,priest,holy,24,11,13
18113,Sanaconda,sargeras,1035,priest,holy,30,11,19
18114,Seråphim,sargeras,1015,priest,holy,48,27,21
18115,Sybenela,proudmoore,994,priest,holy,61,28,33
18116,Djdazzle,kargath,991,priest,holy,23,11,12
18117,Artemix,azralon,991,priest,holy,90,36,54
18118,Priesttess,skullcrusher,981,priest,holy,23,11,12
18119,Healgirls,dalaran,980,priest,holy,29,12,17
18120,Ragekiller,lothar,968,priest,holy,48,23,25
18121,Oxynor,zuljin,960,priest,holy,18,10,8
18122,Jameswarren,silvermoon,959,priest,holy,11,11,0
18123,Pèrona,tichondrius,959,priest,holy,24,10,14
18124,Trickyhobo,area-52,958,priest,holy,12,10,2
18125,Iaptop,tichondrius,958,priest,holy,18,10,8
18126,Folate,frostmourne,957,priest,holy,18,10,8
18127,Phearix,zuljin,957,priest,holy,24,10,14
18128,Musashibo,kelthuzad,957,priest,holy,33,11,22
18129,Adrenalinn,illidan,955,priest,holy,18,10,8
18130,Noobepriest,thrall,955,priest,holy,18,10,8
18131,Pottime,tichondrius,955,priest,holy,24,10,14
18132,Cappoo,tichondrius,955,priest,holy,36,10,26
18133,Delthas,nagrand,952,priest,holy,124,60,64
18134,Dovoso,kargath,951,priest,holy,26,10,16
18135,Hycinamun,malganis,949,priest,holy,24,10,14
18136,Novous,area-52,944,priest,holy,30,10,20
18137,Celinsa,ragnaros,942,priest,holy,24,10,14
18138,Taylorsmites,emerald-dream,931,priest,holy,42,18,24
18139,Souljourner,stormrage,930,priest,holy,18,10,8
18140,Jol,aggramar,928,priest,holy,24,10,14
18141,Dipanddøts,area-52,926,priest,holy,17,10,7
18142,Rustymvpfan,nagrand,864,priest,holy,18,9,9
18143,Lickless,illidan,863,priest,holy,18,9,9
18144,Holyxb,bleeding-hollow,863,priest,holy,18,9,9
18145,Glöws,area-52,863,priest,holy,24,9,15
18146,Çummiñs,malganis,862,priest,holy,18,9,9
18147,Padreamarol,ragnaros,859,priest,holy,18,9,9
18148,Sondrak,doomhammer,846,priest,holy,41,16,25
18149,Psïren,quelthalas,831,priest,holy,28,9,19
18150,Híkarí,windrunner,796,priest,holy,14,9,5
18151,Stennic,emerald-dream,795,priest,holy,16,9,7
18152,Gbumy,tichondrius,784,priest,holy,13,9,4
18153,Tookz,stormrage,768,priest,holy,12,8,4
18154,Turnip,zuljin,768,priest,holy,12,8,4
18155,Fotmtrash,the-underbog,768,priest,holy,12,8,4
18156,Voidzx,tichondrius,768,priest,holy,18,8,10
18157,Khalesî,ragnaros,767,priest,holy,12,8,4
18158,Cardinalpéll,frostmourne,767,priest,holy,18,8,10
18159,Ofmanyfaces,illidan,766,priest,holy,12,8,4
18160,Ripcvs,sargeras,766,priest,holy,18,8,10
18161,Zeroo,maiev,765,priest,holy,12,8,4
18162,Manatea,moon-guard,765,priest,holy,18,8,10
18163,Zolpidem,quelthalas,765,priest,holy,18,8,10
18164,Lenlune,bloodscalp,763,priest,holy,18,8,10
18165,Hälø,moon-guard,762,priest,holy,12,8,4
18166,Holyfizzle,dethecus,752,priest,holy,12,8,4
18167,Fäctor,bleeding-hollow,750,priest,holy,14,10,4
18168,Fäñcÿ,tichondrius,734,priest,holy,17,8,9
18169,Rylance,burning-blade,720,priest,holy,21,8,13
18170,Msdash,tichondrius,717,priest,holy,15,8,7
18171,Jaytee,aggramar,703,priest,holy,14,9,5
18172,Nwok,frostmourne,672,priest,holy,12,7,5
18173,Iilmama,area-52,672,priest,holy,12,7,5
18174,Clarifytwo,arathor,672,priest,holy,12,7,5
18175,Pevis,thrall,672,priest,holy,12,7,5
18176,Dmgisop,illidan,672,priest,holy,15,8,7
18177,Sorrowful,mannoroth,672,priest,holy,18,7,11
18178,Tylexus,tichondrius,672,priest,holy,18,7,11
18179,Drelia,jubeithos,672,priest,holy,24,7,17
18180,Jordandoesnt,tichondrius,671,priest,holy,12,7,5
18181,Chaynal,proudmoore,671,priest,holy,12,7,5
18182,Maddrox,sargeras,671,priest,holy,12,7,5
18183,Deidre,illidan,671,priest,holy,16,8,8
18184,Braevera,wyrmrest-accord,671,priest,holy,18,7,11
18185,Releknosleep,frostwolf,634,priest,holy,17,7,10
18186,Rebirthed,kelthuzad,622,priest,holy,82,39,43
18187,Fayth,maiev,620,priest,holy,11,7,4
18188,Blackprez,dathremar,613,priest,holy,17,7,10
18189,Punishing,illidan,606,priest,holy,16,7,9
18190,Tegridyfarm,malganis,605,priest,holy,16,7,9
18191,Papadarkness,tichondrius,603,priest,holy,14,7,7
18192,Pikachuwu,moon-guard,586,priest,holy,11,7,4
18193,Shockterror,area-52,576,priest,holy,12,6,6
18194,Cantheel,stormrage,576,priest,holy,12,6,6
18195,Didntâsk,arthas,576,priest,holy,12,6,6
18196,Sìnz,area-52,576,priest,holy,12,6,6
18197,Dadcantdeath,frostmourne,576,priest,holy,12,6,6
18198,Kaelthos,quelthalas,576,priest,holy,12,6,6
18199,Hysteria,dalaran,576,priest,holy,12,6,6
18200,Jezebëll,nemesis,576,priest,holy,12,6,6
18201,Sigx,area-52,576,priest,holy,12,6,6
18202,Skylust,azralon,576,priest,holy,12,6,6
18203,Suirr,tichondrius,576,priest,holy,18,6,12
18204,Xhirra,quelthalas,576,priest,holy,18,6,12
18205,Rootandboot,frostmourne,576,priest,holy,18,6,12
18206,Griddly,alterac-mountains,576,priest,holy,25,6,19
18207,Bismund,chogall,575,priest,holy,12,6,6
18208,Meowforheals,sargeras,575,priest,holy,12,6,6
18209,Darkheals,azralon,575,priest,holy,12,6,6
18210,Mattkoster,mannoroth,575,priest,holy,12,6,6
18211,Kephrek,eonar,575,priest,holy,18,6,12
18212,Sêtsunà,dalaran,575,priest,holy,18,6,12
18213,Uzakichan,arygos,575,priest,holy,18,6,12
18214,Därkness,azralon,575,priest,holy,18,6,12
18215,Daisie,bleeding-hollow,574,priest,holy,12,6,6
18216,Veni,kiljaeden,574,priest,holy,18,6,12
18217,Atlana,gilneas,571,priest,holy,12,6,6
18218,Aldryth,lightbringer,571,priest,holy,12,6,6
18219,Sôlîånia,alterac-mountains,570,priest,holy,12,6,6
18220,Altara,malygos,569,priest,holy,12,6,6
18221,Zual,hakkar,569,priest,holy,12,6,6
18222,Satíva,dark-iron,543,priest,holy,11,6,5
18223,Suzzanna,frostmourne,525,priest,holy,11,6,5
18224,Xanky,frostmourne,511,priest,holy,10,6,4
18225,Vìxèn,zuljin,496,priest,holy,19,6,13
18226,Soulghast,gorefiend,480,priest,holy,6,5,1
18227,Canibumsmoke,illidan,480,priest,holy,6,5,1
18228,Chadopri,stormrage,480,priest,holy,12,5,7
18229,Secrèt,tichondrius,480,priest,holy,12,5,7
18230,Steve,drakthul,480,priest,holy,12,5,7
18231,Selidri,proudmoore,480,priest,holy,12,5,7
18232,Blackoss,sargeras,480,priest,holy,12,5,7
18233,Ducky,drakthul,480,priest,holy,12,5,7
18234,Maelei,ragnaros,480,priest,holy,12,5,7
18235,Kernelious,illidan,480,priest,holy,12,5,7
18236,Timbobaloo,thrall,480,priest,holy,12,5,7
18237,Snookp,kiljaeden,480,priest,holy,12,5,7
18238,Holyharlot,sargeras,480,priest,holy,18,5,13
18239,Kazehanaa,ragnaros,479,priest,holy,6,5,1
18240,Beckzz,illidan,479,priest,holy,6,5,1
18241,Lieuwe,kelthuzad,479,priest,holy,6,5,1
18242,Klassa,thrall,479,priest,holy,11,6,5
18243,Adjectives,nerzhul,479,priest,holy,12,5,7
18244,Unni,azralon,479,priest,holy,18,5,13
18245,Amunsu,stormrage,475,priest,holy,12,5,7
18246,Smellybox,area-52,463,priest,holy,13,6,7
18247,Illooj,eonar,447,priest,holy,11,5,6
18248,Shadowchárm,bleeding-hollow,447,priest,holy,11,5,6
18249,Amayå,kelthuzad,384,priest,holy,6,4,2
18250,Yav,exodar,384,priest,holy,6,4,2
18251,Calissy,proudmoore,384,priest,holy,6,4,2
18252,Dankpope,malganis,384,priest,holy,6,4,2
18253,Chanyt,azralon,384,priest,holy,6,4,2
18254,Patchyemoly,frostmourne,384,priest,holy,6,4,2
18255,Schátten,spirestone,384,priest,holy,6,4,2
18256,Xusin,tichondrius,384,priest,holy,6,4,2
18257,Bunnykinz,moon-guard,384,priest,holy,6,4,2
18258,Priestybear,illidan,384,priest,holy,6,4,2
18259,Döyöuliftbro,tichondrius,384,priest,holy,12,4,8
18260,Yumä,kiljaeden,384,priest,holy,12,4,8
18261,Frozencherry,elune,384,priest,holy,12,4,8
18262,Giusep,tichondrius,384,priest,holy,12,4,8
18263,Hoglet,moon-guard,384,priest,holy,12,4,8
18264,Clarify,arathor,384,priest,holy,12,4,8
18265,Sätîvá,tichondrius,384,priest,holy,12,4,8
18266,Pavle,laughing-skull,384,priest,holy,13,4,9
18267,Aeøns,sargeras,384,priest,holy,18,4,14
18268,Hynzor,barthilas,384,priest,holy,24,4,20
18269,Freshtodeath,malganis,383,priest,holy,12,4,8
18270,Dyianah,wyrmrest-accord,383,priest,holy,12,4,8
18271,Hatxsu,emerald-dream,372,priest,holy,22,8,14
18272,Stradey,tichondrius,367,priest,holy,11,4,7
18273,Sharkda,frostmourne,350,priest,holy,17,4,13
18274,Santamuerte,agamaggan,336,priest,holy,15,4,11
18275,Yidra,illidan,335,priest,holy,11,4,7
18276,Edessa,lothar,335,priest,holy,17,4,13
18277,Qtasiangirl,emerald-dream,330,priest,holy,21,5,16
18278,Boogiedo,area-52,319,priest,holy,5,4,1
18279,Kabutta,stormrage,318,priest,holy,14,4,10
18280,Charbosan,gorgonnash,288,priest,holy,6,3,3
18281,Laurens,fenris,288,priest,holy,6,3,3
18282,Nerfdisc,azralon,288,priest,holy,6,3,3
18283,Duonaiameng,illidan,288,priest,holy,6,3,3
18284,Discountay,burning-legion,288,priest,holy,6,3,3
18285,Lullabya,tichondrius,288,priest,holy,6,3,3
18286,Bagoheals,area-52,288,priest,holy,6,3,3
18287,Estaria,the-forgotten-coast,288,priest,holy,6,3,3
18288,Vynlanesh,illidan,288,priest,holy,6,3,3
18289,Xtcbtc,sargeras,288,priest,holy,6,3,3
18290,Zesho,firetree,288,priest,holy,6,3,3
18291,Dividëd,stormrage,288,priest,holy,6,3,3
18292,Ñÿx,arthas,288,priest,holy,6,3,3
18293,Xoraya,proudmoore,288,priest,holy,6,3,3
18294,Dream,kelthuzad,288,priest,holy,6,3,3
18295,Purgeoften,sargeras,288,priest,holy,6,3,3
18296,Raphan,stormrage,288,priest,holy,6,3,3
18297,Wubbi,blackrock,288,priest,holy,6,3,3
18298,Orderic,ragnaros,288,priest,holy,6,3,3
18299,Healdog,thrall,288,priest,holy,6,3,3
18300,Swrvlol,emerald-dream,288,priest,holy,6,3,3
18301,Grindr,ragnaros,288,priest,holy,6,3,3
18302,Miamama,hydraxis,288,priest,holy,6,3,3
18303,Becrixx,thunderlord,288,priest,holy,6,3,3
18304,Smiteyducks,stormrage,288,priest,holy,6,3,3
18305,Meatboxmoldy,blood-furnace,288,priest,holy,6,3,3
18306,Tseirpyeroc,area-52,288,priest,holy,6,3,3
18307,Toje,korgath,288,priest,holy,6,3,3
18308,Madomie,bladefist,288,priest,holy,6,3,3
18309,Sarkozzlol,tichondrius,288,priest,holy,12,3,9
18310,Lalight,tichondrius,288,priest,holy,12,3,9
18311,Disperse,vashj,288,priest,holy,12,3,9
18312,Jezuz,aerie-peak,288,priest,holy,12,3,9
18313,Ísábella,ragnaros,288,priest,holy,12,3,9
18314,Swis,area-52,288,priest,holy,12,3,9
18315,Smitepie,malganis,288,priest,holy,12,3,9
18316,Irilde,proudmoore,288,priest,holy,12,3,9
18317,Fertalize,maiev,288,priest,holy,18,3,15
18318,Pringlés,suramar,288,priest,holy,18,3,15
18319,Korhíl,ragnaros,287,priest,holy,6,3,3
18320,Messra,dathremar,287,priest,holy,6,3,3
18321,Priestognic,azralon,287,priest,holy,6,3,3
18322,Auradaluz,stormrage,287,priest,holy,12,3,9
18323,Tianqing,tichondrius,271,priest,holy,11,3,8
18324,Ftheman,tichondrius,234,priest,holy,17,4,13
18325,Halö,doomhammer,223,priest,holy,14,3,11
18326,Spïcÿ,frostmourne,192,priest,holy,6,2,4
18327,Speyside,medivh,192,priest,holy,6,2,4
18328,Faedre,smolderthorn,192,priest,holy,6,2,4
18329,Sinthe,stormrage,192,priest,holy,6,2,4
18330,Hypodontia,caelestrasz,192,priest,holy,6,2,4
18331,Mommyafk,moon-guard,192,priest,holy,6,2,4
18332,Xeras,ravencrest,192,priest,holy,6,2,4
18333,Arodar,wyrmrest-accord,192,priest,holy,6,2,4
18334,Tuulipp,aegwynn,192,priest,holy,6,2,4
18335,Holynug,stormrage,192,priest,holy,6,2,4
18336,Gusho,frostmourne,192,priest,holy,6,2,4
18337,Voltstein,dalaran,192,priest,holy,6,2,4
18338,Mindgoblin,terokkar,192,priest,holy,6,2,4
18339,Wagnerr,jubeithos,192,priest,holy,6,2,4
18340,Daddyhammer,area-52,192,priest,holy,6,2,4
18341,Igotubrah,malganis,192,priest,holy,6,2,4
18342,Opas,rivendare,192,priest,holy,6,2,4
18343,Mendx,tichondrius,192,priest,holy,6,2,4
18344,Jilt,aerie-peak,192,priest,holy,6,2,4
18345,Ôp,sargeras,192,priest,holy,6,2,4
18346,Gles,quelthalas,192,priest,holy,6,2,4
18347,Twodxo,kelthuzad,192,priest,holy,6,2,4
18348,Belfortx,tichondrius,192,priest,holy,6,2,4
18349,Pancakeboi,tichondrius,192,priest,holy,6,2,4
18350,Xenatic,emerald-dream,192,priest,holy,6,2,4
18351,Verboden,kelthuzad,192,priest,holy,6,2,4
18352,Langyi,tichondrius,192,priest,holy,10,2,8
18353,Nevertelsp,malganis,192,priest,holy,12,2,10
18354,Fraggydaddy,frostmourne,192,priest,holy,12,2,10
18355,Remixcandoit,malganis,191,priest,holy,6,2,4
18356,Mikeliteo,blades-edge,190,priest,holy,12,2,10
18357,Sneaks,frostmourne,159,priest,holy,5,2,3
18358,Ascian,daggerspine,138,priest,holy,6,3,3
18359,Pumpss,area-52,138,priest,holy,11,3,8
18360,Plzhelp,cairne,136,priest,holy,9,3,6
18361,Rakel,nathrezim,96,priest,holy,6,1,5
18362,Lilpaprika,sargeras,96,priest,holy,6,1,5
18363,Hüde,stormrage,96,priest,holy,6,1,5
18364,Sarïya,moon-guard,96,priest,holy,6,1,5
18365,Lagemela,quelthalas,96,priest,holy,6,1,5
18366,Sukmysplooge,queldorei,96,priest,holy,6,1,5
18367,Burtier,zuljin,96,priest,holy,6,1,5
18368,Kagura,dunemaul,96,priest,holy,6,1,5
18369,Tammyone,emerald-dream,96,priest,holy,6,1,5
18370,Nancynibbler,bleeding-hollow,96,priest,holy,6,1,5
18371,Breathkeeper,proudmoore,96,priest,holy,6,1,5
18372,Bofuri,barthilas,96,priest,holy,6,1,5
18373,Celani,gilneas,96,priest,holy,6,1,5
18374,Alaskaa,moon-guard,96,priest,holy,6,1,5
18375,Shadyvoodoo,barthilas,96,priest,holy,6,1,5
18376,Missjules,illidan,96,priest,holy,6,1,5
18377,Olassi,stormrage,96,priest,holy,6,1,5
18378,Hiroshikun,azshara,96,priest,holy,6,1,5
18379,Qnarisha,tichondrius,96,priest,holy,6,1,5
18380,Deryus,dalaran,96,priest,holy,6,1,5
18381,Minamy,tichondrius,96,priest,holy,6,1,5
18382,Alëssana,illidan,96,priest,holy,6,1,5
18383,Yungsherm,tichondrius,96,priest,holy,6,1,5
18384,Badgoy,dalaran,96,priest,holy,6,1,5
18385,Angelicduck,illidan,96,priest,holy,6,1,5
18386,Janova,tichondrius,96,priest,holy,6,1,5
18387,Øliverxp,lightbringer,96,priest,holy,6,1,5
18388,Djriest,sargeras,96,priest,holy,12,1,11
18389,Barryp,wyrmrest-accord,96,priest,holy,12,1,11
18390,Gillís,thrall,96,priest,holy,12,1,11
18391,Whalexo,kelthuzad,84,priest,holy,17,4,13
18392,Brownsnooter,sargeras,79,priest,holy,5,1,4
18393,Helorren,nagrand,79,priest,holy,11,1,10
18394,Èfflux,sargeras,2252,priest,discipline,97,56,41
18395,Whammiez,tichondrius,2243,priest,discipline,84,50,34
18396,Strickmaney,nathrezim,2237,priest,discipline,258,139,119
18397,Gentlewoman,ragnaros,2160,priest,discipline,81,50,31
18398,Pesian,dalaran,2153,priest,discipline,233,121,112
18399,Cinnamontage,illidan,2142,priest,discipline,114,64,50
18400,Castsmite,tichondrius,2141,priest,discipline,99,52,47
18401,Undrcvr,sargeras,2140,priest,discipline,90,47,43
18402,Shikinomi,illidan,2133,priest,discipline,78,46,32
18403,Wcnmb,blackrock,2123,priest,discipline,72,46,26
18404,Nusrah,tichondrius,2114,priest,discipline,87,45,42
18405,Kovulol,area-52,2107,priest,discipline,126,67,59
18406,Néylo,illidan,2106,priest,discipline,112,56,56
18407,Psyches,dalaran,2106,priest,discipline,109,50,59
18408,Woolp,frostmourne,2102,priest,discipline,100,58,42
18409,Ante,stonemaul,2101,priest,discipline,103,58,45
18410,Søryn,madoran,2100,priest,discipline,102,52,50
18411,Classmaster,stormrage,2082,priest,discipline,159,90,69
18412,Kkelly,stormrage,2053,priest,discipline,250,126,124
18413,Esqueue,illidan,2044,priest,discipline,54,26,28
18414,Lemonmint,tichondrius,2040,priest,discipline,94,46,48
18415,Redonkulos,shattered-hand,2036,priest,discipline,133,71,62
18416,Frksake,area-52,2030,priest,discipline,162,97,65
18417,Instoway,illidan,2029,priest,discipline,150,89,61
18418,Zxxkawaii,tichondrius,2029,priest,discipline,148,78,70
18419,Pancakeboi,tichondrius,2028,priest,discipline,101,47,54
18420,Crutched,blackhand,2022,priest,discipline,60,35,25
18421,Zámmy,area-52,2021,priest,discipline,65,44,21
18422,Idkmyname,proudmoore,2018,priest,discipline,58,29,29
18423,Blessxo,ragnaros,2016,priest,discipline,96,45,51
18424,Reedyjrrtv,tichondrius,2015,priest,discipline,77,42,35
18425,Smokezter,area-52,2015,priest,discipline,111,58,53
18426,Markers,spinebreaker,2012,priest,discipline,118,59,59
18427,Cosmicyiff,area-52,2010,priest,discipline,100,57,43
18428,Changwongpk,kelthuzad,2008,priest,discipline,226,114,112
18429,Reilacoste,moon-guard,2002,priest,discipline,83,41,42
18430,Sÿnpriest,illidan,1997,priest,discipline,336,164,172
18431,Xajen,illidan,1996,priest,discipline,84,39,45
18432,Sonicboomsz,azralon,1995,priest,discipline,104,54,50
18433,Proxs,sargeras,1995,priest,discipline,201,101,100
18434,Praemal,tichondrius,1989,priest,discipline,90,41,49
18435,Twocrshort,area-52,1975,priest,discipline,95,60,35
18436,Amine,tichondrius,1970,priest,discipline,60,34,26
18437,Azzäm,tichondrius,1970,priest,discipline,90,48,42
18438,Poporeborn,tichondrius,1969,priest,discipline,147,71,76
18439,Astüty,illidan,1967,priest,discipline,66,37,29
18440,Supaflute,tichondrius,1967,priest,discipline,72,32,40
18441,Abepriest,zuljin,1964,priest,discipline,204,106,98
18442,Dayx,malganis,1962,priest,discipline,78,38,40
18443,Etharass,illidan,1960,priest,discipline,78,34,44
18444,Rukiyou,frostwolf,1957,priest,discipline,84,37,47
18445,Awàken,sargeras,1952,priest,discipline,57,35,22
18446,Iilmama,area-52,1948,priest,discipline,105,55,50
18447,Hospetal,tichondrius,1946,priest,discipline,122,62,60
18448,Gotdro,kelthuzad,1942,priest,discipline,68,36,32
18449,Mimikyú,tichondrius,1941,priest,discipline,96,41,55
18450,Gosharbg,tichondrius,1940,priest,discipline,34,24,10
18451,Sarkozzlol,tichondrius,1938,priest,discipline,84,43,41
18452,Goodlife,frostmourne,1936,priest,discipline,65,30,35
18453,Ccgo,tichondrius,1933,priest,discipline,84,42,42
18454,Plaedo,stormscale,1932,priest,discipline,52,28,24
18455,Fádé,illidan,1932,priest,discipline,97,48,49
18456,Namilol,tichondrius,1931,priest,discipline,54,30,24
18457,Miamama,hydraxis,1931,priest,discipline,76,42,34
18458,Duw,icecrown,1930,priest,discipline,133,69,64
18459,Praitne,tichondrius,1926,priest,discipline,71,37,34
18460,Indiglo,arthas,1925,priest,discipline,60,37,23
18461,Balsak,zuljin,1924,priest,discipline,152,72,80
18462,Yanye,tichondrius,1922,priest,discipline,115,62,53
18463,Baldzx,sargeras,1922,priest,discipline,167,88,79
18464,Rmpmeeper,kilrogg,1920,priest,discipline,48,29,19
18465,Crabsp,illidan,1919,priest,discipline,108,53,55
18466,Thefiveoh,malganis,1914,priest,discipline,27,23,4
18467,Elybele,sargeras,1912,priest,discipline,98,54,44
18468,Artíst,sargeras,1911,priest,discipline,119,64,55
18469,Quaree,stormrage,1911,priest,discipline,393,204,189
18470,Penanceperry,bleeding-hollow,1911,priest,discipline,167,76,91
18471,Varenon,stormrage,1910,priest,discipline,159,90,69
18472,Invincible,ragnaros,1908,priest,discipline,50,32,18
18473,Lovelike,tichondrius,1907,priest,discipline,63,36,27
18474,Omhz,tichondrius,1905,priest,discipline,96,49,47
18475,Leorid,stormrage,1905,priest,discipline,118,55,63
18476,Jiangfeng,tichondrius,1904,priest,discipline,42,20,22
18477,Clearclouds,tichondrius,1897,priest,discipline,131,68,63
18478,Riseandshine,illidan,1896,priest,discipline,54,38,16
18479,Evicereith,ragnaros,1896,priest,discipline,42,25,17
18480,Pølupoker,illidan,1895,priest,discipline,59,27,32
18481,Haunting,nerzhul,1893,priest,discipline,207,103,104
18482,Boriz,frostmourne,1892,priest,discipline,79,44,35
18483,Alisas,malganis,1892,priest,discipline,89,38,51
18484,Aitri,hakkar,1890,priest,discipline,85,41,44
18485,Zerorizz,tichondrius,1890,priest,discipline,42,20,22
18486,Ndzy,malganis,1890,priest,discipline,48,21,27
18487,Usefirstaid,sargeras,1883,priest,discipline,42,26,16
18488,Usedwrap,sargeras,1881,priest,discipline,78,43,35
18489,Throatgoated,moon-guard,1881,priest,discipline,47,21,26
18490,Vizzy,stormrage,1878,priest,discipline,72,40,32
18491,Mauvex,stormrage,1877,priest,discipline,404,194,210
18492,Notatk,tichondrius,1877,priest,discipline,185,82,103
18493,Sñ,illidan,1874,priest,discipline,48,27,21
18494,Budings,tichondrius,1874,priest,discipline,95,51,44
18495,Rileymcgerr,tichondrius,1873,priest,discipline,42,24,18
18496,Exdric,kiljaeden,1873,priest,discipline,72,36,36
18497,Mumrah,antonidas,1873,priest,discipline,113,56,57
18498,Shieldspamx,tichondrius,1873,priest,discipline,71,33,38
18499,Rawze,tichondrius,1873,priest,discipline,69,32,37
18500,Dellaptop,sargeras,1871,priest,discipline,88,51,37
18501,Capcana,tichondrius,1870,priest,discipline,66,37,29
18502,Reydehaiti,ragnaros,1869,priest,discipline,54,31,23
18503,Montagehey,illidan,1868,priest,discipline,83,43,40
18504,Lidoradra,zuljin,1867,priest,discipline,77,36,41
18505,Candyshack,area-52,1863,priest,discipline,88,51,37
18506,Spoõks,darkspear,1862,priest,discipline,141,69,72
18507,Cokeheals,tichondrius,1861,priest,discipline,60,29,31
18508,Bubblekanush,tichondrius,1859,priest,discipline,36,22,14
18509,Reecepack,moon-guard,1859,priest,discipline,53,31,22
18510,Highskrizzle,thrall,1857,priest,discipline,67,37,30
18511,Jjmms,akama,1857,priest,discipline,114,59,55
18512,Phludd,malganis,1856,priest,discipline,82,45,37
18513,Ravnica,kelthuzad,1856,priest,discipline,82,43,39
18514,Shadey,onyxia,1855,priest,discipline,54,26,28
18515,Nayzoh,darkspear,1855,priest,discipline,78,37,41
18516,Vidzar,area-52,1854,priest,discipline,42,28,14
18517,Drsquiddy,tichondrius,1854,priest,discipline,47,30,17
18518,Cremona,tichondrius,1854,priest,discipline,72,32,40
18519,Cardinaldave,frostmourne,1850,priest,discipline,48,26,22
18520,Praeyer,area-52,1850,priest,discipline,362,180,182
18521,Lumies,tichondrius,1848,priest,discipline,42,21,21
18522,Bigshieldlol,illidan,1847,priest,discipline,60,39,21
18523,Chromielol,tichondrius,1847,priest,discipline,54,31,23
18524,Tzïñåçåñ,tichondrius,1847,priest,discipline,54,29,25
18525,Cavityx,illidan,1844,priest,discipline,52,30,22
18526,Boykoz,zuljin,1843,priest,discipline,49,29,20
18527,Dacine,illidan,1843,priest,discipline,60,30,30
18528,Nickydamous,moon-guard,1843,priest,discipline,66,31,35
18529,Jiangfenglol,tichondrius,1843,priest,discipline,54,24,30
18530,Zelená,trollbane,1841,priest,discipline,128,77,51
18531,Meoveryou,stormrage,1840,priest,discipline,86,47,39
18532,Syliva,frostmourne,1840,priest,discipline,65,30,35
18533,Koalakazamza,shadow-council,1839,priest,discipline,62,28,34
18534,Shamáng,tichondrius,1838,priest,discipline,62,33,29
18535,Waggers,moon-guard,1837,priest,discipline,42,23,19
18536,Lotion,icecrown,1837,priest,discipline,48,25,23
18537,Binipriest,tichondrius,1835,priest,discipline,67,40,27
18538,Vaaynee,ragnaros,1835,priest,discipline,96,53,43
18539,Jamino,jubeithos,1835,priest,discipline,111,60,51
18540,Tmeugene,tichondrius,1835,priest,discipline,40,21,19
18541,Shazdo,illidan,1834,priest,discipline,42,29,13
18542,Bugweeb,sargeras,1834,priest,discipline,87,56,31
18543,Thottsteal,queldorei,1834,priest,discipline,60,31,29
18544,Ameliarys,sargeras,1833,priest,discipline,103,51,52
18545,Sons,zuljin,1832,priest,discipline,54,29,25
18546,Wapriest,blades-edge,1831,priest,discipline,456,227,229
18547,Msai,tichondrius,1830,priest,discipline,114,68,46
18548,Snackermz,tichondrius,1829,priest,discipline,77,32,45
18549,Cpks,tichondrius,1828,priest,discipline,76,48,28
18550,Misatomori,tichondrius,1828,priest,discipline,54,28,26
18551,Didy,dark-iron,1828,priest,discipline,58,27,31
18552,Epitoh,bleeding-hollow,1828,priest,discipline,78,36,42
18553,Hamstip,sargeras,1827,priest,discipline,42,27,15
18554,Sleetherp,barthilas,1827,priest,discipline,64,37,27
18555,Eluneslight,tichondrius,1827,priest,discipline,60,30,30
18556,Fracxured,sargeras,1827,priest,discipline,68,31,37
18557,Stepxo,sargeras,1826,priest,discipline,72,34,38
18558,Bloodyxx,bleeding-hollow,1825,priest,discipline,34,23,11
18559,Buffle,zuluhed,1825,priest,discipline,66,38,28
18560,Yokuz,thunderlord,1825,priest,discipline,48,26,22
18561,Mackulate,tichondrius,1825,priest,discipline,65,34,31
18562,Aprîl,quelthalas,1825,priest,discipline,72,37,35
18563,Däzzlë,quelthalas,1825,priest,discipline,72,35,37
18564,Chk,moon-guard,1825,priest,discipline,88,41,47
18565,Pnsp,perenolde,1824,priest,discipline,42,30,12
18566,Xholyshietz,emerald-dream,1824,priest,discipline,71,48,23
18567,Anasuzana,stormrage,1824,priest,discipline,48,28,20
18568,Cya,deathwing,1824,priest,discipline,54,30,24
18569,Senzy,tichondrius,1824,priest,discipline,144,79,65
18570,Swurvexo,bleeding-hollow,1823,priest,discipline,47,28,19
18571,Reignen,tichondrius,1823,priest,discipline,129,75,54
18572,Valothrian,area-52,1823,priest,discipline,124,67,57
18573,Sprankels,bleeding-hollow,1823,priest,discipline,108,55,53
18574,Likethis,ragnaros,1823,priest,discipline,269,135,134
18575,Luhkx,stormrage,1823,priest,discipline,54,25,29
18576,Dairy,the-underbog,1822,priest,discipline,49,29,20
18577,Memoria,emerald-dream,1822,priest,discipline,117,60,57
18578,Zachon,sargeras,1822,priest,discipline,54,27,27
18579,Oohso,chogall,1821,priest,discipline,91,43,48
18580,Jerkingit,tichondrius,1821,priest,discipline,64,30,34
18581,Ultrà,ragnaros,1820,priest,discipline,71,44,27
18582,Wreklol,tichondrius,1820,priest,discipline,60,34,26
18583,Ujelin,kiljaeden,1820,priest,discipline,48,24,24
18584,Nerfthedoc,blackrock,1819,priest,discipline,49,31,18
18585,Tophr,illidan,1819,priest,discipline,41,24,17
18586,Soojwa,frostmourne,1819,priest,discipline,54,24,30
18587,Adûnaic,frostmourne,1818,priest,discipline,206,98,108
18588,Novel,moon-guard,1817,priest,discipline,30,24,6
18589,Akuzaki,illidan,1817,priest,discipline,54,25,29
18590,Neverbeen,tichondrius,1816,priest,discipline,138,85,53
18591,Cynthus,dalvengyr,1816,priest,discipline,102,60,42
18592,Lichtschreit,zuljin,1816,priest,discipline,41,24,17
18593,Juicyturon,moon-guard,1816,priest,discipline,77,45,32
18594,Woodowl,tichondrius,1816,priest,discipline,46,25,21
18595,Jackski,nemesis,1816,priest,discipline,48,25,23
18596,Meloxicamm,tichondrius,1816,priest,discipline,64,33,31
18597,Discopenguin,kelthuzad,1815,priest,discipline,54,30,24
18598,Engle,arathor,1815,priest,discipline,42,22,20
18599,Ousïa,quelthalas,1815,priest,discipline,164,81,83
18600,Mommyafk,moon-guard,1815,priest,discipline,48,22,26
18601,Abt,proudmoore,1815,priest,discipline,60,27,33
18602,Fullmetals,azralon,1814,priest,discipline,53,30,23
18603,Celestiah,kelthuzad,1814,priest,discipline,36,19,17
18604,Zuwukey,kirin-tor,1814,priest,discipline,163,85,78
18605,Tanmo,illidan,1814,priest,discipline,96,50,46
18606,Syllè,area-52,1814,priest,discipline,48,24,24
18607,Fibbre,tichondrius,1814,priest,discipline,121,54,67
18608,Razdaz,twisting-nether,1814,priest,discipline,66,29,37
18609,ßeyonder,tichondrius,1814,priest,discipline,78,34,44
18610,Layons,nemesis,1813,priest,discipline,128,82,46
18611,Relicx,firetree,1813,priest,discipline,54,33,21
18612,Morboo,proudmoore,1813,priest,discipline,78,43,35
18613,Svzy,illidan,1813,priest,discipline,48,26,22
18614,Ritzzx,ragnaros,1813,priest,discipline,59,31,28
18615,Fhinky,tichondrius,1813,priest,discipline,185,95,90
18616,Sasha,muradin,1813,priest,discipline,142,70,72
18617,Psyjes,stormrage,1812,priest,discipline,93,60,33
18618,Ahoy,sargeras,1812,priest,discipline,75,46,29
18619,Shallwedance,tichondrius,1812,priest,discipline,44,26,18
18620,Abstention,area-52,1812,priest,discipline,60,32,28
18621,Fatbellyx,sargeras,1812,priest,discipline,72,36,36
18622,Tyrrshadow,skywall,1811,priest,discipline,104,58,46
18623,Wübbie,emerald-dream,1810,priest,discipline,72,40,32
18624,Arguseonp,proudmoore,1809,priest,discipline,54,37,17
18625,Jemine,tichondrius,1809,priest,discipline,108,64,44
18626,Thepumps,sargeras,1809,priest,discipline,73,43,30
18627,Paramour,laughing-skull,1809,priest,discipline,108,59,49
18628,Dabaojian,tichondrius,1809,priest,discipline,60,28,32
18629,Aube,frostmourne,1809,priest,discipline,51,23,28
18630,Vbear,dunemaul,1808,priest,discipline,71,39,32
18631,Pkkdestiny,archimonde,1808,priest,discipline,71,37,34
18632,Catbabyorz,tichondrius,1808,priest,discipline,84,41,43
18633,Pns,perenolde,1808,priest,discipline,66,32,34
18634,Hazzang,tichondrius,1807,priest,discipline,54,32,22
18635,Dopeypriest,area-52,1807,priest,discipline,120,68,52
18636,Curachon,darkspear,1807,priest,discipline,81,33,48
18637,Gices,area-52,1806,priest,discipline,36,24,12
18638,Ayakashi,frostmourne,1806,priest,discipline,75,46,29
18639,Wormface,moon-guard,1806,priest,discipline,58,35,23
18640,Releriel,area-52,1806,priest,discipline,58,31,27
18641,Inthemix,stormreaver,1806,priest,discipline,376,197,179
18642,Yezhua,zuljin,1806,priest,discipline,84,44,40
18643,Frostinal,illidan,1806,priest,discipline,96,49,47
18644,Forti,sargeras,1806,priest,discipline,114,57,57
18645,Rylla,illidan,1805,priest,discipline,66,34,32
18646,Öxhö,tichondrius,1804,priest,discipline,44,31,13
18647,Ðsco,tichondrius,1804,priest,discipline,36,24,12
18648,Absorbs,stormrage,1804,priest,discipline,30,19,11
18649,Fearmen,tichondrius,1804,priest,discipline,59,33,26
18650,Selath,ragnaros,1804,priest,discipline,47,26,21
18651,Angelumlucis,frostmane,1804,priest,discipline,145,80,65
18652,Astroverse,tichondrius,1804,priest,discipline,52,28,24
18653,Cln,bleeding-hollow,1804,priest,discipline,65,32,33
18654,Khaoshealer,destromath,1804,priest,discipline,118,55,63
18655,Thaldrum,tichondrius,1804,priest,discipline,79,30,49
18656,Phillthevoid,sargeras,1803,priest,discipline,45,29,16
18657,Applecare,illidan,1803,priest,discipline,102,60,42
18658,Tarlex,illidan,1803,priest,discipline,168,94,74
18659,Goldsunx,emerald-dream,1803,priest,discipline,152,85,67
18660,Cbalnom,tichondrius,1803,priest,discipline,70,37,33
18661,Manyhot,tichondrius,1802,priest,discipline,51,32,19
18662,Yrñwiotøø,illidan,1802,priest,discipline,54,33,21
18663,Seifong,frostmourne,1802,priest,discipline,125,68,57
18664,Retardèr,tichondrius,1801,priest,discipline,97,68,29
18665,Reverendtun,area-52,1801,priest,discipline,83,55,28
18666,Wânda,tichondrius,1801,priest,discipline,111,57,54
18667,Cupitan,tichondrius,1801,priest,discipline,50,22,28
18668,Bigmomcook,tichondrius,1800,priest,discipline,215,125,90
18669,Imissdave,dethecus,1800,priest,discipline,48,27,21
18670,Rilad,icecrown,1800,priest,discipline,84,47,37
18671,Narakku,sargeras,1800,priest,discipline,108,59,49
18672,Alola,illidan,1800,priest,discipline,135,69,66
18673,Aratis,bleeding-hollow,1800,priest,discipline,42,19,23
18674,Fearinoculúm,bleeding-hollow,1798,priest,discipline,24,19,5
18675,Mimz,trollbane,1798,priest,discipline,48,24,24
18676,Comebaack,stormrage,1797,priest,discipline,98,51,47
18677,Impvp,tichondrius,1795,priest,discipline,89,49,40
18678,Owstepbro,sargeras,1791,priest,discipline,87,65,22
18679,Catonement,moon-guard,1791,priest,discipline,60,27,33
18680,Shnozberry,tichondrius,1790,priest,discipline,102,43,59
18681,Shadheda,andorhal,1789,priest,discipline,44,23,21
18682,Bublehead,zuljin,1789,priest,discipline,114,56,58
18683,Xiaoqunzi,tichondrius,1787,priest,discipline,36,22,14
18684,Hugemilkys,tichondrius,1787,priest,discipline,79,44,35
18685,Osis,rivendare,1786,priest,discipline,112,53,59
18686,Hadoka,ragnaros,1786,priest,discipline,54,23,31
18687,Tmversace,tichondrius,1781,priest,discipline,112,56,56
18688,Usedmedkit,sargeras,1780,priest,discipline,47,28,19
18689,Usebindwound,sargeras,1779,priest,discipline,72,43,29
18690,Bamboon,tanaris,1778,priest,discipline,90,47,43
18691,Isilador,moon-guard,1775,priest,discipline,95,44,51
18692,Pesca,proudmoore,1774,priest,discipline,125,59,66
18693,Dapp,barthilas,1773,priest,discipline,71,30,41
18694,Compxx,barthilas,1772,priest,discipline,48,30,18
18695,Jezebëll,nemesis,1772,priest,discipline,186,98,88
18696,Nohéalforu,stormrage,1770,priest,discipline,47,25,22
18697,Auxp,tichondrius,1769,priest,discipline,59,23,36
18698,Åpples,tichondrius,1768,priest,discipline,65,30,35
18699,Írithyll,stormrage,1767,priest,discipline,59,33,26
18700,Barthol,malygos,1767,priest,discipline,202,102,100
18701,Taipriest,frostmourne,1767,priest,discipline,150,67,83
18702,Breakmoon,tichondrius,1767,priest,discipline,66,27,39
18703,Hoonjojjyang,tichondrius,1765,priest,discipline,54,29,25
18704,Bloodyx,bleeding-hollow,1765,priest,discipline,53,28,25
18705,Sebpriest,proudmoore,1764,priest,discipline,42,20,22
18706,Kostantina,kelthuzad,1762,priest,discipline,118,53,65
18707,Myles,alexstrasza,1761,priest,discipline,40,22,18
18708,Gochuxx,tichondrius,1761,priest,discipline,66,34,32
18709,Raysx,stormrage,1759,priest,discipline,83,37,46
18710,Discflips,dalaran,1758,priest,discipline,204,102,102
18711,Velftrixi,sargeras,1758,priest,discipline,96,44,52
18712,Mancito,mannoroth,1757,priest,discipline,120,59,61
18713,Kaddy,mannoroth,1757,priest,discipline,130,60,70
18714,Hotgirlshiit,dalaran,1756,priest,discipline,226,107,119
18715,Demaholy,illidan,1755,priest,discipline,107,56,51
18716,Leapofdoubt,zuljin,1754,priest,discipline,238,124,114
18717,Jaytee,aggramar,1754,priest,discipline,72,33,39
18718,Vinnydiesel,tichondrius,1753,priest,discipline,48,23,25
18719,Quèénstar,tichondrius,1752,priest,discipline,73,29,44
18720,Ãbelladanger,area-52,1747,priest,discipline,42,29,13
18721,Grimacê,sargeras,1747,priest,discipline,62,29,33
18722,Pervysaged,sargeras,1746,priest,discipline,24,19,5
18723,Onikûdaki,sargeras,1744,priest,discipline,53,24,29
18724,Deadpriesst,arthas,1743,priest,discipline,48,23,25
18725,Selenitax,sargeras,1743,priest,discipline,62,28,34
18726,Qtasiangirl,emerald-dream,1742,priest,discipline,85,38,47
18727,Evilear,tichondrius,1741,priest,discipline,48,22,26
18728,Dietcokee,stormrage,1740,priest,discipline,56,26,30
18729,Buhroketwo,thrall,1739,priest,discipline,36,24,12
18730,Deathtones,barthilas,1739,priest,discipline,107,58,49
18731,Orderic,ragnaros,1736,priest,discipline,57,32,25
18732,Marcìano,bleeding-hollow,1736,priest,discipline,64,35,29
18733,Pgpriest,kelthuzad,1736,priest,discipline,84,41,43
18734,Kelthax,sargeras,1736,priest,discipline,54,23,31
18735,Niark,frostmourne,1736,priest,discipline,48,20,28
18736,Maybedead,tichondrius,1734,priest,discipline,42,26,16
18737,Argylemomo,emerald-dream,1734,priest,discipline,190,99,91
18738,Obscure,malygos,1734,priest,discipline,74,32,42
18739,Toastspriest,tichondrius,1733,priest,discipline,83,51,32
18740,Bomí,tichondrius,1733,priest,discipline,54,23,31
18741,Trebrooke,sargeras,1732,priest,discipline,149,83,66
18742,Saelom,frostmourne,1730,priest,discipline,78,49,29
18743,Bennito,moon-guard,1730,priest,discipline,66,28,38
18744,Murth,laughing-skull,1729,priest,discipline,47,30,17
18745,Vandamnation,barthilas,1729,priest,discipline,98,48,50
18746,Baphomet,hyjal,1728,priest,discipline,58,35,23
18747,Kabugi,illidan,1728,priest,discipline,66,35,31
18748,Airelia,sargeras,1728,priest,discipline,54,28,26
18749,Apoorstudent,tichondrius,1726,priest,discipline,116,72,44
18750,Mxfd,tichondrius,1726,priest,discipline,47,27,20
18751,Dévore,dalaran,1726,priest,discipline,46,25,21
18752,Conifer,emerald-dream,1725,priest,discipline,60,35,25
18753,Rlzpriest,tichondrius,1724,priest,discipline,95,48,47
18754,Centalinkxo,frostmourne,1724,priest,discipline,60,27,33
18755,Xtcbtc,sargeras,1723,priest,discipline,69,30,39
18756,Xidis,vashj,1723,priest,discipline,71,29,42
18757,Sobamian,tichondrius,1723,priest,discipline,90,36,54
18758,Mååxxee,zuljin,1722,priest,discipline,30,18,12
18759,Zaryx,wildhammer,1722,priest,discipline,42,24,18
18760,Vegetable,suramar,1722,priest,discipline,36,18,18
18761,Cursèlol,tichondrius,1720,priest,discipline,54,27,27
18762,Ooit,tichondrius,1717,priest,discipline,24,22,2
18763,Stinkiez,area-52,1717,priest,discipline,70,36,34
18764,Hideonlight,barthilas,1716,priest,discipline,300,156,144
18765,Priceléss,tichondrius,1715,priest,discipline,24,18,6
18766,Woobgasm,sargeras,1715,priest,discipline,72,46,26
18767,Kragenn,malganis,1713,priest,discipline,165,83,82
18768,Celestiah,illidan,1713,priest,discipline,48,24,24
18769,Crypcanheal,sargeras,1713,priest,discipline,298,144,154
18770,Ukishizumi,tichondrius,1712,priest,discipline,125,64,61
18771,Smitelytius,tichondrius,1711,priest,discipline,30,18,12
18772,Touchrr,tichondrius,1710,priest,discipline,108,58,50
18773,Veejae,tichondrius,1710,priest,discipline,42,22,20
18774,Dorgondra,wyrmrest-accord,1709,priest,discipline,48,26,22
18775,Diabloluckie,tichondrius,1709,priest,discipline,47,25,22
18776,Ohsop,chogall,1708,priest,discipline,37,23,14
18777,Healum,nemesis,1708,priest,discipline,36,22,14
18778,Leticia,magtheridon,1708,priest,discipline,70,32,38
18779,Meltmeltz,nerzhul,1708,priest,discipline,65,29,36
18780,Størmy,kiljaeden,1707,priest,discipline,222,122,100
18781,Asthenia,saurfang,1706,priest,discipline,120,59,61
18782,Sodezz,stormrage,1705,priest,discipline,36,21,15
18783,Squaanchy,bleeding-hollow,1705,priest,discipline,129,61,68
18784,Bibleblak,stormrage,1705,priest,discipline,66,31,35
18785,Vànhendrix,tichondrius,1703,priest,discipline,41,24,17
18786,Geon,sargeras,1703,priest,discipline,89,45,44
18787,Bholebender,tichondrius,1703,priest,discipline,41,20,21
18788,Nightcráwler,illidan,1702,priest,discipline,89,47,42
18789,Tistapriest,proudmoore,1701,priest,discipline,46,27,19
18790,Jexso,tichondrius,1701,priest,discipline,91,42,49
18791,Persimmons,lightbringer,1700,priest,discipline,45,28,17
18792,Discgoddess,proudmoore,1700,priest,discipline,70,40,30
18793,Philmacrakn,stormrage,1700,priest,discipline,131,62,69
18794,Beowulfy,stormrage,1699,priest,discipline,48,27,21
18795,Gibens,tichondrius,1698,priest,discipline,124,63,61
18796,Séxgodx,tichondrius,1698,priest,discipline,53,24,29
18797,Priestreto,zuljin,1697,priest,discipline,53,35,18
18798,Clydeington,illidan,1697,priest,discipline,49,29,20
18799,Saviorlol,tichondrius,1697,priest,discipline,53,23,30
18800,Mixful,bleeding-hollow,1696,priest,discipline,40,27,13
18801,Tiestô,tichondrius,1696,priest,discipline,30,18,12
18802,Nickzx,tichondrius,1694,priest,discipline,52,36,16
18803,Acpriest,tichondrius,1692,priest,discipline,87,46,41
18804,Bosspriest,tichondrius,1691,priest,discipline,48,23,25
18805,Elilium,tichondrius,1690,priest,discipline,74,46,28
18806,Pigogo,tichondrius,1690,priest,discipline,45,26,19
18807,Rythmzz,kiljaeden,1690,priest,discipline,60,30,30
18808,Highprofile,proudmoore,1690,priest,discipline,36,18,18
18809,Mastaspell,illidan,1689,priest,discipline,31,18,13
18810,Ragretsxo,darkspear,1689,priest,discipline,48,23,25
18811,Yobell,tichondrius,1688,priest,discipline,36,23,13
18812,Opriest,queldorei,1688,priest,discipline,48,25,23
18813,Sweetnipsbro,tichondrius,1688,priest,discipline,71,35,36
18814,Luciuz,tichondrius,1688,priest,discipline,55,25,30
18815,Nxghtmares,tichondrius,1687,priest,discipline,330,160,170
18816,Rotbaron,bleeding-hollow,1687,priest,discipline,54,23,31
18817,Twopiece,blackrock,1683,priest,discipline,30,18,12
18818,Bfts,illidan,1683,priest,discipline,84,46,38
18819,Zins,emerald-dream,1681,priest,discipline,42,21,21
18820,Justafkoutpr,gorefiend,1680,priest,discipline,30,23,7
18821,Lingdums,tichondrius,1680,priest,discipline,31,18,13
18822,Syo,dreadmaul,1680,priest,discipline,78,41,37
18823,Jaquels,sargeras,1680,priest,discipline,88,39,49
18824,Caveria,emerald-dream,1679,priest,discipline,72,39,33
18825,Vcainyfairy,stormrage,1679,priest,discipline,250,127,123
18826,Poosydoodlez,malganis,1679,priest,discipline,105,48,57
18827,Rámmstein,wyrmrest-accord,1678,priest,discipline,120,65,55
18828,Fordranger,frostmourne,1676,priest,discipline,40,20,20
18829,Athênå,tichondrius,1675,priest,discipline,150,81,69
18830,Hungrybone,proudmoore,1675,priest,discipline,430,215,215
18831,Slickwilly,bloodhoof,1675,priest,discipline,203,100,103
18832,Barthbelro,kiljaeden,1674,priest,discipline,48,27,21
18833,Tiernocookie,illidan,1673,priest,discipline,81,36,45
18834,Merit,emerald-dream,1672,priest,discipline,132,70,62
18835,Aco,tichondrius,1672,priest,discipline,150,79,71
18836,Claverr,stormrage,1670,priest,discipline,33,20,13
18837,Tallïa,stormrage,1670,priest,discipline,125,60,65
18838,Holécriss,tichondrius,1669,priest,discipline,125,68,57
18839,Boostedpi,tichondrius,1669,priest,discipline,44,21,23
18840,Nopang,tichondrius,1669,priest,discipline,161,75,86
18841,Jmlz,tichondrius,1668,priest,discipline,36,23,13
18842,Oyy,barthilas,1668,priest,discipline,48,24,24
18843,Klitarus,barthilas,1668,priest,discipline,48,23,25
18844,Jammeslight,quelthalas,1667,priest,discipline,74,42,32
18845,Bkwhopper,emerald-dream,1667,priest,discipline,54,30,24
18846,Memoriesorz,tichondrius,1666,priest,discipline,171,96,75
18847,Nelpesh,tichondrius,1666,priest,discipline,60,27,33
18848,Chiot,tichondrius,1665,priest,discipline,37,29,8
18849,Stoneflute,emerald-dream,1665,priest,discipline,106,62,44
18850,Crysknife,korgath,1664,priest,discipline,35,20,15
18851,Gankdez,kelthuzad,1663,priest,discipline,69,41,28
18852,Kastep,tichondrius,1663,priest,discipline,76,36,40
18853,Shocklol,stormrage,1662,priest,discipline,29,22,7
18854,Apathist,sargeras,1662,priest,discipline,66,44,22
18855,Heart,misha,1662,priest,discipline,90,49,41
18856,Hallucinogen,kelthuzad,1662,priest,discipline,95,51,44
18857,Fisp,moon-guard,1661,priest,discipline,72,33,39
18858,Dontlineme,tichondrius,1661,priest,discipline,101,46,55
18859,Resisted,gorefiend,1660,priest,discipline,238,120,118
18860,Høwtokill,azralon,1660,priest,discipline,59,19,40
18861,Alarin,whisperwind,1659,priest,discipline,42,20,22
18862,Skunkbishop,sargeras,1659,priest,discipline,161,75,86
18863,Olark,durotan,1659,priest,discipline,197,87,110
18864,Liteztvp,tichondrius,1659,priest,discipline,96,42,54
18865,Cody,magtheridon,1657,priest,discipline,36,28,8
18866,Arianagrande,garona,1656,priest,discipline,78,43,35
18867,Curney,stormrage,1655,priest,discipline,30,22,8
18868,Theravus,moon-guard,1655,priest,discipline,124,67,57
18869,Evilspreist,arthas,1655,priest,discipline,60,30,30
18870,Darknuz,sargeras,1654,priest,discipline,53,27,26
18871,Leonilcx,tichondrius,1654,priest,discipline,285,139,146
18872,Perceptions,dalaran,1653,priest,discipline,36,23,13
18873,Kathere,tichondrius,1653,priest,discipline,42,23,19
18874,Dippyboi,whisperwind,1653,priest,discipline,42,21,21
18875,Zunitpriest,laughing-skull,1653,priest,discipline,36,18,18
18876,Grizzlysmite,stormrage,1653,priest,discipline,260,129,131
18877,Adrio,malorne,1653,priest,discipline,186,89,97
18878,Dpendant,frostmourne,1653,priest,discipline,66,31,35
18879,Glassbirds,stormrage,1652,priest,discipline,48,25,23
18880,Mindseye,azgalor,1652,priest,discipline,72,31,41
18881,Mcfref,tichondrius,1650,priest,discipline,54,29,25
18882,Syrillia,wildhammer,1650,priest,discipline,82,42,40
18883,Chañing,frostmourne,1649,priest,discipline,72,33,39
18884,Andreslol,sargeras,1648,priest,discipline,36,21,15
18885,Ayabae,illidan,1648,priest,discipline,467,228,239
18886,Cixelpvp,area-52,1648,priest,discipline,47,22,25
18887,Krewesin,ravencrest,1647,priest,discipline,43,22,21
18888,Lòthnalar,ragnaros,1647,priest,discipline,60,29,31
18889,Sinday,zuljin,1647,priest,discipline,42,20,22
18890,Synsparks,tichondrius,1647,priest,discipline,60,25,35
18891,Azureslaps,tichondrius,1646,priest,discipline,182,95,87
18892,Beeffdaddy,tichondrius,1646,priest,discipline,57,25,32
18893,Rosaparksxo,sargeras,1645,priest,discipline,70,35,35
18894,Döllyy,illidan,1645,priest,discipline,42,21,21
18895,Reiae,malganis,1645,priest,discipline,51,19,32
18896,Pawnza,tichondrius,1644,priest,discipline,72,34,38
18897,Scab,anetheron,1644,priest,discipline,106,49,57
18898,Serakiki,nemesis,1642,priest,discipline,42,25,17
18899,Ÿsk,tichondrius,1642,priest,discipline,84,47,37
18900,Selfless,barthilas,1642,priest,discipline,60,26,34
18901,Hanley,tichondrius,1641,priest,discipline,49,30,19
18902,Badhabit,zuluhed,1641,priest,discipline,73,34,39
18903,Lolcrafthd,ragnaros,1640,priest,discipline,64,36,28
18904,Alguîen,ragnaros,1640,priest,discipline,115,61,54
18905,Eetsqt,barthilas,1638,priest,discipline,75,49,26
18906,Darknus,sargeras,1638,priest,discipline,54,26,28
18907,Lunarina,hyjal,1638,priest,discipline,167,75,92
18908,Marejaynez,tichondrius,1638,priest,discipline,105,45,60
18909,Bigsmart,tichondrius,1637,priest,discipline,44,22,22
18910,Evvylou,stormrage,1637,priest,discipline,42,19,23
18911,Kagemetsu,sargeras,1637,priest,discipline,55,24,31
18912,Ketapriest,frostmourne,1636,priest,discipline,136,67,69
18913,Oopsy,bleeding-hollow,1636,priest,discipline,48,23,25
18914,Gurlyounasty,khazgoroth,1635,priest,discipline,68,38,30
18915,Rmx,illidan,1635,priest,discipline,35,18,17
18916,Umadcüzubad,azralon,1635,priest,discipline,88,43,45
18917,Mangolatte,frostmourne,1634,priest,discipline,55,41,14
18918,Beejaex,stormreaver,1634,priest,discipline,48,22,26
18919,Mclyte,whisperwind,1633,priest,discipline,149,77,72
18920,Jâmïè,gurubashi,1632,priest,discipline,41,31,10
18921,Kalilol,tichondrius,1632,priest,discipline,84,43,41
18922,Chewey,tichondrius,1631,priest,discipline,48,23,25
18923,Meip,illidan,1630,priest,discipline,24,17,7
18924,Skadín,stormrage,1630,priest,discipline,155,92,63
18925,Yunnan,executus,1630,priest,discipline,66,36,30
18926,Inquisitionx,frostmourne,1629,priest,discipline,90,51,39
18927,Shastea,crushridge,1629,priest,discipline,58,30,28
18928,Wildsmite,hyjal,1629,priest,discipline,192,85,107
18929,Bloodify,azralon,1628,priest,discipline,59,30,29
18930,Twêet,frostmourne,1628,priest,discipline,162,72,90
18931,Çammy,frostmourne,1626,priest,discipline,24,17,7
18932,Andrew,sargeras,1626,priest,discipline,30,20,10
18933,Discavow,bleeding-hollow,1626,priest,discipline,51,31,20
18934,Brothercarl,stormrage,1626,priest,discipline,95,51,44
18935,Karebenniian,area-52,1626,priest,discipline,90,48,42
18936,Raxekk,stormrage,1626,priest,discipline,48,25,23
18937,Psycozis,hyjal,1625,priest,discipline,262,138,124
18938,Bustit,azgalor,1624,priest,discipline,41,22,19
18939,Charbosan,gorgonnash,1624,priest,discipline,429,226,203
18940,Vinvictus,tichondrius,1624,priest,discipline,225,108,117
18941,Ussmissouri,area-52,1624,priest,discipline,141,63,78
18942,Jatral,azralon,1624,priest,discipline,47,20,27
18943,Caesus,sargeras,1623,priest,discipline,124,70,54
18944,Vanderbeek,frostmourne,1622,priest,discipline,42,23,19
18945,Deathallpoly,tichondrius,1622,priest,discipline,129,66,63
18946,Wickedpriest,malganis,1622,priest,discipline,54,25,29
18947,Kûrtt,azralon,1622,priest,discipline,42,19,23
18948,Cokeheals,kelthuzad,1621,priest,discipline,30,17,13
18949,Vsat,illidan,1621,priest,discipline,48,23,25
18950,Samirah,arthas,1620,priest,discipline,36,20,16
18951,Trollpreist,tichondrius,1620,priest,discipline,87,44,43
18952,Halfcutt,tichondrius,1620,priest,discipline,48,23,25
18953,Sêlbus,stormrage,1619,priest,discipline,155,82,73
18954,Danceslol,area-52,1619,priest,discipline,36,17,19
18955,Baddmachine,illidan,1619,priest,discipline,47,21,26
18956,Archìtects,wyrmrest-accord,1618,priest,discipline,42,25,17
18957,Timbobaloo,thrall,1618,priest,discipline,58,33,25
18958,Syrul,tichondrius,1618,priest,discipline,63,34,29
18959,Esciel,ragnaros,1618,priest,discipline,72,32,40
18960,Punisherror,area-52,1618,priest,discipline,52,22,30
18961,Jmr,onyxia,1617,priest,discipline,24,17,7
18962,Tammyone,emerald-dream,1617,priest,discipline,60,39,21
18963,Shesaidthat,stormrage,1617,priest,discipline,165,84,81
18964,Hoshx,sargeras,1615,priest,discipline,66,40,26
18965,Kraamur,area-52,1615,priest,discipline,96,57,39
18966,Jîtters,silvermoon,1615,priest,discipline,84,45,39
18967,Holyfall,sargeras,1615,priest,discipline,142,75,67
18968,Mintadnade,nemesis,1615,priest,discipline,101,48,53
18969,Downturn,tichondrius,1615,priest,discipline,36,17,19
18970,Catbabyeah,tichondrius,1614,priest,discipline,36,26,10
18971,Bellaelle,stormrage,1614,priest,discipline,30,17,13
18972,Zymmie,moon-guard,1614,priest,discipline,78,34,44
18973,Stayspooked,moon-guard,1613,priest,discipline,30,17,13
18974,Rmxx,illidan,1613,priest,discipline,90,50,40
18975,Sâsh,stormrage,1613,priest,discipline,72,40,32
18976,Nolar,shadowmoon,1613,priest,discipline,36,20,16
18977,Aåurøra,stormrage,1613,priest,discipline,46,23,23
18978,ßðßßÿ,area-52,1613,priest,discipline,42,21,21
18979,Hadtogothere,kelthuzad,1613,priest,discipline,92,44,48
18980,Sanddglokta,tichondrius,1613,priest,discipline,152,71,81
18981,Wonpaipri,frostmourne,1612,priest,discipline,59,26,33
18982,Gsek,nemesis,1611,priest,discipline,36,23,13
18983,Zllik,illidan,1611,priest,discipline,42,26,16
18984,Scruge,frostmourne,1611,priest,discipline,55,32,23
18985,Haill,quelthalas,1611,priest,discipline,76,38,38
18986,Shrax,emerald-dream,1611,priest,discipline,102,49,53
18987,Shadoris,antonidas,1611,priest,discipline,48,23,25
18988,Antts,tichondrius,1610,priest,discipline,30,20,10
18989,Cinsare,moon-guard,1610,priest,discipline,84,49,35
18990,Blathers,malganis,1610,priest,discipline,92,48,44
18991,Somefire,proudmoore,1610,priest,discipline,131,64,67
18992,Interworld,illidan,1610,priest,discipline,50,24,26
18993,Mortteus,agamaggan,1610,priest,discipline,60,28,32
18994,Ryno,cenarion-circle,1609,priest,discipline,38,20,18
18995,Fõrcedtowipe,tichondrius,1609,priest,discipline,180,93,87
18996,Pleasant,dathremar,1609,priest,discipline,117,49,68
18997,Gsek,azralon,1608,priest,discipline,54,34,20
18998,Wandynha,nemesis,1608,priest,discipline,30,17,13
18999,Wrekkit,area-52,1608,priest,discipline,84,42,42
19000,Milkkz,zuljin,1607,priest,discipline,36,20,16
19001,Oogs,tichondrius,1607,priest,discipline,47,17,30
19002,Swagraptor,stormreaver,1606,priest,discipline,72,42,30
19003,Lovesy,burning-legion,1606,priest,discipline,60,30,30
19004,Luciellis,sargeras,1606,priest,discipline,48,23,25
19005,Darkispriest,tichondrius,1606,priest,discipline,36,17,19
19006,Trojanphobia,bleeding-hollow,1605,priest,discipline,36,20,16
19007,Yoggismydad,emerald-dream,1605,priest,discipline,185,95,90
19008,Snakedoc,emerald-dream,1605,priest,discipline,66,33,33
19009,Canibumsmoke,illidan,1605,priest,discipline,45,21,24
19010,Míkò,sargeras,1604,priest,discipline,18,17,1
19011,Hoglet,moon-guard,1604,priest,discipline,65,39,26
19012,Priestass,bleeding-hollow,1604,priest,discipline,78,37,41
19013,Vern,laughing-skull,1604,priest,discipline,78,29,49
19014,Lines,sargeras,1603,priest,discipline,70,38,32
19015,Buchöna,quelthalas,1603,priest,discipline,59,32,27
19016,Fukneasy,darkspear,1603,priest,discipline,37,20,17
19017,Iamgess,kilrogg,1603,priest,discipline,42,22,20
19018,Moalboal,tichondrius,1603,priest,discipline,102,52,50
19019,Fäctor,bleeding-hollow,1603,priest,discipline,78,36,42
19020,Gilthðniel,quelthalas,1603,priest,discipline,44,20,24
19021,Resortv,illidan,1602,priest,discipline,42,32,10
19022,Holyhõ,stormrage,1602,priest,discipline,36,20,16
19023,Gromkekz,area-52,1602,priest,discipline,73,38,35
19024,Kks,tichondrius,1602,priest,discipline,84,43,41
19025,Crizem,bleeding-hollow,1602,priest,discipline,242,119,123
19026,Ünagi,thrall,1602,priest,discipline,77,34,43
19027,Mealmassttr,frostmourne,1602,priest,discipline,66,27,39
19028,Mistàclean,tichondrius,1601,priest,discipline,59,34,25
19029,Mepisth,sargeras,1600,priest,discipline,66,36,30
19030,Zarakonna,illidan,1600,priest,discipline,60,32,28
19031,Obsolete,area-52,1600,priest,discipline,36,17,19
19032,Marython,tichondrius,1600,priest,discipline,52,22,30
19033,Zunari,thrall,1599,priest,discipline,48,23,25
19034,Andypr,illidan,1599,priest,discipline,54,20,34
19035,Blindingstar,area-52,1598,priest,discipline,45,28,17
19036,Thadino,nagrand,1598,priest,discipline,36,19,17
19037,Bonehead,warsong,1598,priest,discipline,37,19,18
19038,Dupaforted,stormrage,1598,priest,discipline,71,26,45
19039,Wøo,area-52,1597,priest,discipline,45,28,17
19040,Choochang,sargeras,1596,priest,discipline,29,22,7
19041,Weapestrong,tichondrius,1596,priest,discipline,30,18,12
19042,Ivorytiger,bleeding-hollow,1596,priest,discipline,42,19,23
19043,Sacrify,ragnaros,1594,priest,discipline,42,22,20
19044,Gummachine,tichondrius,1594,priest,discipline,36,17,19
19045,Comana,frostmourne,1594,priest,discipline,53,25,28
19046,Planchebois,zuljin,1592,priest,discipline,36,20,16
19047,Shadöwtest,quelthalas,1591,priest,discipline,101,45,56
19048,Yoozi,sargeras,1590,priest,discipline,102,55,47
19049,Dolm,tichondrius,1590,priest,discipline,166,86,80
19050,Isteri,thrall,1590,priest,discipline,52,26,26
19051,Woosanghong,tichondrius,1590,priest,discipline,90,44,46
19052,Emotionally,sargeras,1589,priest,discipline,30,20,10
19053,Eggsdenny,illidan,1588,priest,discipline,36,17,19
19054,Dispassion,dalaran,1587,priest,discipline,34,20,14
19055,Primael,tichondrius,1587,priest,discipline,40,18,22
19056,Conezy,frostmourne,1586,priest,discipline,60,32,28
19057,Betterheals,tichondrius,1585,priest,discipline,119,70,49
19058,Alaran,magtheridon,1584,priest,discipline,35,21,14
19059,Aerdaras,illidan,1584,priest,discipline,68,33,35
19060,Zerokool,moonrunner,1583,priest,discipline,42,25,17
19061,Rómmul,azralon,1582,priest,discipline,65,33,32
19062,Tecnica,kelthuzad,1582,priest,discipline,107,51,56
19063,Nutshotxx,skullcrusher,1582,priest,discipline,131,57,74
19064,Indigojuly,sargeras,1580,priest,discipline,40,24,16
19065,Gus,the-venture-co,1580,priest,discipline,78,44,34
19066,Linarindil,hyjal,1580,priest,discipline,47,23,24
19067,Amberturd,cenarius,1580,priest,discipline,42,18,24
19068,Healbaby,illidan,1579,priest,discipline,101,52,49
19069,Krusheal,tichondrius,1578,priest,discipline,35,18,17
19070,Vampirê,tichondrius,1578,priest,discipline,42,19,23
19071,Astrøpriest,tichondrius,1577,priest,discipline,48,19,29
19072,Ixchelune,kelthuzad,1576,priest,discipline,219,107,112
19073,Predolph,illidan,1575,priest,discipline,48,26,22
19074,Famemolol,tichondrius,1574,priest,discipline,177,93,84
19075,Playsoon,shattered-hand,1574,priest,discipline,84,44,40
19076,Anahka,tichondrius,1574,priest,discipline,42,18,24
19077,Zenobiai,hyjal,1573,priest,discipline,104,59,45
19078,Klttzz,sargeras,1573,priest,discipline,36,20,16
19079,Erinzdern,quelthalas,1573,priest,discipline,53,29,24
19080,Kihlupr,frostmourne,1573,priest,discipline,58,25,33
19081,Bubblebuddí,tichondrius,1572,priest,discipline,68,37,31
19082,Dellitor,illidan,1572,priest,discipline,41,21,20
19083,Malpractíce,zuljin,1571,priest,discipline,95,50,45
19084,Tokaru,frostmourne,1571,priest,discipline,56,26,30
19085,Zulazane,azralon,1570,priest,discipline,130,74,56
19086,Valdurai,stormrage,1570,priest,discipline,41,23,18
19087,Änanti,tichondrius,1570,priest,discipline,36,19,17
19088,Mudshadow,tichondrius,1570,priest,discipline,57,30,27
19089,Life,thrall,1570,priest,discipline,95,48,47
19090,Prayussy,tichondrius,1569,priest,discipline,123,64,59
19091,Feymuhs,blackrock,1567,priest,discipline,90,48,42
19092,Luthiene,area-52,1566,priest,discipline,144,80,64
19093,Sâishâ,proudmoore,1566,priest,discipline,149,65,84
19094,Incisions,moon-guard,1565,priest,discipline,66,38,28
19095,Probs,frostmourne,1565,priest,discipline,100,51,49
19096,Deathwisher,illidan,1564,priest,discipline,30,18,12
19097,Scarabless,bleeding-hollow,1564,priest,discipline,138,62,76
19098,Önagashøw,azralon,1562,priest,discipline,203,103,100
19099,Sasaberry,frostmourne,1561,priest,discipline,153,75,78
19100,Verna,dunemaul,1560,priest,discipline,85,47,38
19101,Tyksu,area-52,1560,priest,discipline,94,50,44
19102,Shadzx,andorhal,1559,priest,discipline,35,17,18
19103,Moustachío,stormrage,1559,priest,discipline,53,24,29
19104,Spliffs,tichondrius,1559,priest,discipline,77,29,48
19105,Melitele,magtheridon,1558,priest,discipline,36,21,15
19106,Vanco,tichondrius,1558,priest,discipline,59,32,27
19107,Sätîvá,tichondrius,1558,priest,discipline,32,17,15
19108,Juckerr,tichondrius,1558,priest,discipline,156,82,74
19109,Kazuret,ragnaros,1558,priest,discipline,158,82,76
19110,Twistinfate,hyjal,1558,priest,discipline,119,58,61
19111,Toddmund,tichondrius,1558,priest,discipline,52,18,34
19112,Gucciflops,tichondrius,1557,priest,discipline,48,25,23
19113,Sensaye,dalaran,1557,priest,discipline,75,37,38
19114,Xerzosh,area-52,1556,priest,discipline,108,62,46
19115,Nidüz,stormrage,1553,priest,discipline,108,52,56
19116,Joezyxz,tichondrius,1553,priest,discipline,43,20,23
19117,Grannieslove,sargeras,1551,priest,discipline,48,28,20
19118,Gommacura,stormrage,1551,priest,discipline,178,93,85
19119,Sorrowful,mannoroth,1550,priest,discipline,30,19,11
19120,Trengodqt,destromath,1550,priest,discipline,96,47,49
19121,Unisia,tichondrius,1550,priest,discipline,98,41,57
19122,Fámóus,stormrage,1549,priest,discipline,83,30,53
19123,Illuminare,sargeras,1548,priest,discipline,136,70,66
19124,Fairlightpp,zuljin,1548,priest,discipline,54,26,28
19125,Jugeumx,proudmoore,1547,priest,discipline,48,19,29
19126,Uriyel,quelthalas,1546,priest,discipline,119,62,57
19127,Sacredlight,malygos,1546,priest,discipline,99,51,48
19128,Goo,boulderfist,1544,priest,discipline,36,22,14
19129,Jâldabaoth,area-52,1543,priest,discipline,42,27,15
19130,Justashadow,zangarmarsh,1542,priest,discipline,103,59,44
19131,Kimjongdots,illidan,1542,priest,discipline,44,24,20
19132,Metick,illidan,1542,priest,discipline,48,18,30
19133,Zórg,stormrage,1541,priest,discipline,56,30,26
19134,Makuwu,area-52,1541,priest,discipline,93,49,44
19135,Alexsp,amanthul,1540,priest,discipline,58,34,24
19136,Qmabayteckkl,tichondrius,1540,priest,discipline,42,23,19
19137,Ballzach,ysera,1540,priest,discipline,152,81,71
19138,Alex,boulderfist,1540,priest,discipline,189,90,99
19139,Avis,illidan,1538,priest,discipline,50,33,17
19140,Daddydoeet,zuljin,1538,priest,discipline,36,19,17
19141,Nanoboost,dark-iron,1538,priest,discipline,400,196,204
19142,Ðiscipline,kelthuzad,1537,priest,discipline,55,27,28
19143,Natoshi,illidan,1535,priest,discipline,30,16,14
19144,Säcrilege,drakkari,1535,priest,discipline,144,74,70
19145,Swartzp,tichondrius,1535,priest,discipline,80,40,40
19146,Santhiel,ragnaros,1535,priest,discipline,42,18,24
19147,Zroheals,illidan,1534,priest,discipline,95,43,52
19148,Maid,demon-soul,1534,priest,discipline,63,28,35
19149,Dëàthwîsh,tichondrius,1533,priest,discipline,30,16,14
19150,Arcalon,thrall,1532,priest,discipline,74,36,38
19151,Friendzonefw,illidan,1532,priest,discipline,84,40,44
19152,Hennywhite,sargeras,1532,priest,discipline,63,26,37
19153,Bryelx,ragnaros,1531,priest,discipline,108,55,53
19154,Vañity,malganis,1531,priest,discipline,66,33,33
19155,Inssania,ragnaros,1531,priest,discipline,48,23,25
19156,Daburnz,bleeding-hollow,1531,priest,discipline,60,27,33
19157,Johanna,tichondrius,1530,priest,discipline,24,16,8
19158,Scræm,sargeras,1530,priest,discipline,97,44,53
19159,Icetraygang,suramar,1529,priest,discipline,280,155,125
19160,Corvenna,zuljin,1529,priest,discipline,30,16,14
19161,Klydasoreass,malganis,1529,priest,discipline,30,16,14
19162,Finnabustt,tichondrius,1529,priest,discipline,94,49,45
19163,Halö,area-52,1529,priest,discipline,54,26,28
19164,Sleezi,emerald-dream,1528,priest,discipline,24,17,7
19165,Falsity,kelthuzad,1528,priest,discipline,30,16,14
19166,Truce,moon-guard,1528,priest,discipline,77,39,38
19167,Sadnez,illidan,1527,priest,discipline,73,45,28
19168,Legendary,ragnaros,1527,priest,discipline,42,16,26
19169,Jacksreturne,kelthuzad,1526,priest,discipline,234,116,118
19170,Alëssana,illidan,1526,priest,discipline,122,60,62
19171,Umbrous,ysera,1525,priest,discipline,42,18,24
19172,Thedude,spirestone,1524,priest,discipline,36,16,20
19173,Nyluh,deathwing,1523,priest,discipline,26,16,10
19174,Oesobagi,tichondrius,1523,priest,discipline,68,39,29
19175,Sonofbetch,emerald-dream,1523,priest,discipline,55,30,25
19176,Drully,moon-guard,1523,priest,discipline,36,19,17
19177,Razledazzled,grizzly-hills,1523,priest,discipline,74,34,40
19178,Propagàndhi,daggerspine,1523,priest,discipline,104,45,59
19179,Madhairy,ragnaros,1522,priest,discipline,126,65,61
19180,Niurouchuan,tichondrius,1522,priest,discipline,123,60,63
19181,Caveron,tichondrius,1521,priest,discipline,30,16,14
19182,Winsforgoldd,area-52,1521,priest,discipline,34,17,17
19183,Magpul,arthas,1521,priest,discipline,36,16,20
19184,Valyx,tichondrius,1520,priest,discipline,102,54,48
19185,Jiñx,destromath,1520,priest,discipline,242,125,117
19186,Rhima,tichondrius,1520,priest,discipline,77,39,38
19187,Ezzy,bleeding-hollow,1520,priest,discipline,48,24,24
19188,Zilah,ravencrest,1520,priest,discipline,66,31,35
19189,Hideyason,area-52,1519,priest,discipline,60,31,29
19190,Dædrà,stormrage,1519,priest,discipline,76,37,39
19191,Kaguyä,ragnaros,1518,priest,discipline,29,18,11
19192,Shunio,illidan,1518,priest,discipline,54,23,31
19193,Bobelgum,emerald-dream,1517,priest,discipline,36,26,10
19194,Pinchevato,ragnaros,1517,priest,discipline,170,86,84
19195,Bonnieron,frostmourne,1516,priest,discipline,77,39,38
19196,Triangle,draka,1516,priest,discipline,36,17,19
19197,Labraidor,tichondrius,1516,priest,discipline,131,55,76
19198,Marantbourge,frostmourne,1514,priest,discipline,122,57,65
19199,Valixia,sargeras,1512,priest,discipline,36,17,19
19200,Brxddx,sargeras,1512,priest,discipline,54,23,31
19201,Mse,eonar,1511,priest,discipline,48,26,22
19202,Manascythe,illidan,1510,priest,discipline,46,22,24
19203,Cexcexyomi,tichondrius,1509,priest,discipline,55,30,25
19204,Bloodytears,kiljaeden,1509,priest,discipline,90,41,49
19205,Lyrä,kiljaeden,1508,priest,discipline,31,19,12
19206,Pibkac,stormrage,1508,priest,discipline,45,18,27
19207,Kflexx,hydraxis,1508,priest,discipline,86,26,60
19208,Cringepriest,area-52,1507,priest,discipline,48,27,21
19209,Herder,zuljin,1506,priest,discipline,29,18,11
19210,Pheener,stormreaver,1506,priest,discipline,192,93,99
19211,Zinnar,dalaran,1506,priest,discipline,96,38,58
19212,Chainsalight,stormrage,1505,priest,discipline,144,77,67
19213,Altarboy,agamaggan,1505,priest,discipline,62,30,32
19214,Perothon,garrosh,1505,priest,discipline,60,27,33
19215,Aríola,frostmourne,1503,priest,discipline,52,28,24
19216,Shrimpouh,illidan,1503,priest,discipline,30,16,14
19217,Ropriest,frostmourne,1503,priest,discipline,41,18,23
19218,Seyr,bleeding-hollow,1501,priest,discipline,179,100,79
19219,Luffzie,barthilas,1500,priest,discipline,54,35,19
19220,Bailez,malganis,1500,priest,discipline,49,27,22
19221,Bonoo,tichondrius,1500,priest,discipline,252,128,124
19222,Tiannatrump,stormrage,1499,priest,discipline,47,30,17
19223,Valtres,tichondrius,1499,priest,discipline,30,16,14
19224,Minii,tichondrius,1498,priest,discipline,31,19,12
19225,Jpray,bleeding-hollow,1498,priest,discipline,109,59,50
19226,Healther,firetree,1498,priest,discipline,30,16,14
19227,Draazja,dalaran,1498,priest,discipline,84,41,43
19228,Approved,moon-guard,1498,priest,discipline,156,75,81
19229,Inkders,detheroc,1498,priest,discipline,58,26,32
19230,Emytoty,ragnaros,1497,priest,discipline,84,44,40
19231,Yorp,tichondrius,1497,priest,discipline,72,36,36
19232,Cayleey,stormrage,1496,priest,discipline,42,16,26
19233,Ferguss,ragnaros,1495,priest,discipline,25,18,7
19234,Doutoodou,tichondrius,1495,priest,discipline,94,55,39
19235,Amarexlol,stormrage,1495,priest,discipline,54,27,27
19236,Rourk,medivh,1495,priest,discipline,42,19,23
19237,Growth,fizzcrank,1495,priest,discipline,48,20,28
19238,Sgiath,alleria,1493,priest,discipline,36,27,9
19239,Weezyxo,tichondrius,1493,priest,discipline,46,19,27
19240,Delrey,sargeras,1491,priest,discipline,38,19,19
19241,Pootzy,malganis,1491,priest,discipline,72,27,45
19242,Gustáv,sargeras,1490,priest,discipline,30,16,14
19243,Devinere,tichondrius,1490,priest,discipline,202,99,103
19244,Skillfull,chogall,1489,priest,discipline,199,107,92
19245,Madjak,lightnings-blade,1488,priest,discipline,60,38,22
19246,Discobluntzz,tichondrius,1488,priest,discipline,54,31,23
19247,Luxyel,azralon,1487,priest,discipline,149,65,84
19248,Windroseh,proudmoore,1486,priest,discipline,60,32,28
19249,Akëla,nemesis,1486,priest,discipline,36,17,19
19250,Prayf,area-52,1486,priest,discipline,62,29,33
19251,Jtheals,illidan,1485,priest,discipline,29,16,13
19252,Griddly,alterac-mountains,1485,priest,discipline,62,34,28
19253,Tëmpting,moon-guard,1485,priest,discipline,50,25,25
19254,Vincejddp,zuljin,1483,priest,discipline,181,91,90
19255,Dingldangle,tichondrius,1483,priest,discipline,144,70,74
19256,Blacklightz,korgath,1483,priest,discipline,91,42,49
19257,Tartapelle,zuljin,1481,priest,discipline,78,44,34
19258,Orzington,laughing-skull,1481,priest,discipline,72,38,34
19259,Vemilli,tichondrius,1481,priest,discipline,40,20,20
19260,Sstar,area-52,1479,priest,discipline,24,16,8
19261,Luvenia,sargeras,1477,priest,discipline,72,35,37
19262,Jjløver,tichondrius,1476,priest,discipline,24,16,8
19263,Mfynch,sargeras,1476,priest,discipline,42,25,17
19264,Puttles,tichondrius,1476,priest,discipline,48,16,32
19265,Slipzie,sargeras,1475,priest,discipline,53,31,22
19266,Shieldharder,stormrage,1475,priest,discipline,33,16,17
19267,Swagndragon,zuljin,1473,priest,discipline,86,42,44
19268,Hasby,area-52,1471,priest,discipline,42,24,18
19269,Ricekak,haomarush,1471,priest,discipline,66,37,29
19270,Dreadpriate,emerald-dream,1471,priest,discipline,86,45,41
19271,Rufían,quelthalas,1471,priest,discipline,48,25,23
19272,Haizsu,tichondrius,1471,priest,discipline,35,17,18
19273,Feorlar,tichondrius,1471,priest,discipline,66,32,34
19274,Bigtimeplay,tichondrius,1470,priest,discipline,42,25,17
19275,Draxxankou,tanaris,1470,priest,discipline,30,17,13
19276,Artista,quelthalas,1470,priest,discipline,76,41,35
19277,Doesine,area-52,1469,priest,discipline,42,25,17
19278,Shakky,queldorei,1468,priest,discipline,42,18,24
19279,Chimiechurro,proudmoore,1467,priest,discipline,60,33,27
19280,Sandfire,thrall,1467,priest,discipline,30,16,14
19281,Stargoddess,illidan,1467,priest,discipline,168,84,84
19282,Shadowdaddy,barthilas,1466,priest,discipline,72,39,33
19283,Bubblerwrapp,malganis,1466,priest,discipline,30,16,14
19284,Puddín,area-52,1466,priest,discipline,78,40,38
19285,Yeyoz,tichondrius,1466,priest,discipline,70,33,37
19286,Brian,lightnings-blade,1465,priest,discipline,46,24,22
19287,Arzaei,quelthalas,1465,priest,discipline,38,18,20
19288,Fearnought,stormrage,1464,priest,discipline,55,29,26
19289,Oiled,barthilas,1463,priest,discipline,47,29,18
19290,Besó,proudmoore,1463,priest,discipline,54,32,22
19291,Dib,arathor,1463,priest,discipline,48,25,23
19292,Jacob,shadowmoon,1462,priest,discipline,141,69,72
19293,Blobble,tichondrius,1462,priest,discipline,78,32,46
19294,Fallenumbra,area-52,1461,priest,discipline,77,44,33
19295,Keyoshe,altar-of-storms,1461,priest,discipline,60,27,33
19296,Saiyana,frostmourne,1460,priest,discipline,100,46,54
19297,Syfy,thrall,1460,priest,discipline,108,45,63
19298,Jilt,aerie-peak,1459,priest,discipline,66,42,24
19299,Yugewap,hyjal,1459,priest,discipline,91,54,37
19300,Tainna,quelthalas,1459,priest,discipline,66,39,27
19301,Zeusqt,azralon,1459,priest,discipline,102,54,48
19302,Bater,mugthol,1458,priest,discipline,28,17,11
19303,Forsakenz,jaedenar,1458,priest,discipline,60,27,33
19304,Darenlor,tichondrius,1458,priest,discipline,93,40,53
19305,Shykaii,azralon,1456,priest,discipline,108,61,47
19306,Crashed,frostmourne,1456,priest,discipline,36,20,16
19307,Purged,shadowmoon,1456,priest,discipline,180,94,86
19308,Akovob,tichondrius,1456,priest,discipline,50,25,25
19309,Merkinhealz,darkspear,1456,priest,discipline,48,24,24
19310,Sineater,zuljin,1456,priest,discipline,77,36,41
19311,Iinu,tichondrius,1455,priest,discipline,77,39,38
19312,Bistek,bleeding-hollow,1455,priest,discipline,101,50,51
19313,Winss,tichondrius,1455,priest,discipline,166,82,84
19314,Feedya,tichondrius,1454,priest,discipline,269,128,141
19315,Giveheadpats,moon-guard,1454,priest,discipline,101,47,54
19316,Modotszilla,bleeding-hollow,1454,priest,discipline,36,16,20
19317,Hermeneutic,illidan,1454,priest,discipline,39,17,22
19318,Jaindoe,illidan,1453,priest,discipline,84,46,38
19319,Oomed,bonechewer,1452,priest,discipline,71,39,32
19320,Nijoral,tichondrius,1452,priest,discipline,273,139,134
19321,Xeras,misha,1452,priest,discipline,47,21,26
19322,Azaradet,ragnaros,1452,priest,discipline,78,31,47
19323,Spookynun,moon-guard,1450,priest,discipline,216,122,94
19324,Phasmaaxd,tichondrius,1450,priest,discipline,53,26,27
19325,Specialed,wildhammer,1447,priest,discipline,48,28,20
19326,Vivián,tichondrius,1447,priest,discipline,99,56,43
19327,Tajee,area-52,1447,priest,discipline,83,43,40
19328,Wisher,tichondrius,1447,priest,discipline,110,45,65
19329,Zäelly,moon-guard,1446,priest,discipline,186,95,91
19330,Daluu,tichondrius,1445,priest,discipline,47,18,29
19331,Yótecuro,quelthalas,1443,priest,discipline,66,31,35
19332,Raisonpriest,tichondrius,1442,priest,discipline,84,44,40
19333,Curemeste,illidan,1442,priest,discipline,78,40,38
19334,Ankhxiety,area-52,1442,priest,discipline,63,31,32
19335,Kiritomauti,ragnaros,1442,priest,discipline,42,18,24
19336,Jamesxupttv,draenor,1441,priest,discipline,45,26,19
19337,Mannius,tichondrius,1441,priest,discipline,54,26,28
19338,Shadowblax,thrall,1441,priest,discipline,154,72,82
19339,Disperse,vashj,1441,priest,discipline,120,52,68
19340,Triggaz,tichondrius,1440,priest,discipline,80,44,36
19341,Nerfdisc,azralon,1440,priest,discipline,130,66,64
19342,Saentha,sargeras,1440,priest,discipline,48,23,25
19343,Kristyenna,boulderfist,1440,priest,discipline,42,20,22
19344,Docmcstufins,darkspear,1440,priest,discipline,53,25,28
19345,Cubski,darkspear,1439,priest,discipline,30,15,15
19346,Keepyaheadup,malganis,1438,priest,discipline,18,15,3
19347,Priøst,tichondrius,1438,priest,discipline,51,32,19
19348,Helarix,malganis,1438,priest,discipline,92,42,50
19349,Mason,winterhoof,1437,priest,discipline,24,15,9
19350,Yotinha,stormrage,1437,priest,discipline,24,15,9
19351,Nabukom,destromath,1437,priest,discipline,34,16,18
19352,Compåctdisc,sargeras,1436,priest,discipline,36,18,18
19353,Mandymuze,barthilas,1436,priest,discipline,71,31,40
19354,Amãnita,illidan,1436,priest,discipline,35,15,20
19355,Pphill,aegwynn,1436,priest,discipline,48,19,29
19356,Murdock,the-forgotten-coast,1435,priest,discipline,56,31,25
19357,Bootycough,malganis,1435,priest,discipline,63,32,31
19358,Sliding,wyrmrest-accord,1435,priest,discipline,30,15,15
19359,Thottee,bleeding-hollow,1435,priest,discipline,84,34,50
19360,Miix,proudmoore,1434,priest,discipline,18,15,3
19361,Mangueroide,quelthalas,1434,priest,discipline,48,27,21
19362,Luminous,moon-guard,1434,priest,discipline,137,73,64
19363,Zivn,tichondrius,1434,priest,discipline,558,289,269
19364,Rëckful,area-52,1434,priest,discipline,485,244,241
19365,Apâthy,area-52,1434,priest,discipline,48,20,28
19366,Fenian,frostmourne,1433,priest,discipline,113,55,58
19367,Amorus,illidan,1432,priest,discipline,60,40,20
19368,Jimmythedon,mugthol,1432,priest,discipline,30,15,15
19369,Rôôk,kiljaeden,1432,priest,discipline,56,26,30
19370,Lullabya,tichondrius,1431,priest,discipline,24,15,9
19371,Havocshadows,deathwing,1431,priest,discipline,176,107,69
19372,Cezure,stormrage,1429,priest,discipline,184,99,85
19373,Eridan,moon-guard,1429,priest,discipline,65,33,32
19374,Kwaremont,sargeras,1429,priest,discipline,30,15,15
19375,Healthreat,area-52,1428,priest,discipline,58,31,27
19376,Elexy,tichondrius,1428,priest,discipline,72,37,35
19377,Rexîfy,zuljin,1427,priest,discipline,29,16,13
19378,Luanwanx,tichondrius,1427,priest,discipline,48,26,22
19379,Bingleboi,area-52,1427,priest,discipline,118,60,58
19380,Cherryfuzz,sargeras,1427,priest,discipline,89,45,44
19381,Raydz,altar-of-storms,1427,priest,discipline,165,81,84
19382,Basisc,frostmourne,1426,priest,discipline,177,99,78
19383,Blodwell,illidan,1425,priest,discipline,96,48,48
19384,Teeds,stormrage,1425,priest,discipline,69,34,35
19385,Exploded,moon-guard,1425,priest,discipline,42,18,24
19386,Langyi,tichondrius,1424,priest,discipline,72,41,31
19387,Spazmode,malganis,1424,priest,discipline,60,31,29
19388,Lydra,ragnaros,1423,priest,discipline,165,71,94
19389,Eshimä,quelthalas,1422,priest,discipline,57,35,22
19390,Nolan,drakkari,1422,priest,discipline,47,27,20
19391,Watchemeyolo,tichondrius,1422,priest,discipline,36,20,16
19392,Ketaminè,tichondrius,1422,priest,discipline,48,25,23
19393,Halcyon,eonar,1422,priest,discipline,50,25,25
19394,Eavin,laughing-skull,1422,priest,discipline,231,115,116
19395,Healmedaddyy,korgath,1422,priest,discipline,64,30,34
19396,Wpj,barthilas,1422,priest,discipline,51,17,34
19397,Izikial,illidan,1421,priest,discipline,48,24,24
19398,Braffuki,frostmourne,1421,priest,discipline,89,42,47
19399,Holycast,arygos,1420,priest,discipline,24,15,9
19400,Sackura,quelthalas,1420,priest,discipline,49,26,23
19401,Machinecoach,stormrage,1419,priest,discipline,30,15,15
19402,Brotatochip,andorhal,1419,priest,discipline,49,24,25
19403,Malavidax,malganis,1419,priest,discipline,108,45,63
19404,Holyish,proudmoore,1418,priest,discipline,42,19,23
19405,Vundead,tichondrius,1418,priest,discipline,36,16,20
19406,Voltstein,dalaran,1416,priest,discipline,56,27,29
19407,Jinxaleyster,ragnaros,1415,priest,discipline,41,27,14
19408,Xyló,area-52,1415,priest,discipline,112,63,49
19409,Weakwind,burning-blade,1415,priest,discipline,38,21,17
19410,Suitoo,ragnaros,1414,priest,discipline,30,15,15
19411,Aubine,sargeras,1414,priest,discipline,41,15,26
19412,Hiraa,frostmourne,1413,priest,discipline,24,15,9
19413,Clancygilroy,thrall,1413,priest,discipline,90,44,46
19414,Accismus,khadgar,1412,priest,discipline,78,37,41
19415,Strawson,quelthalas,1410,priest,discipline,60,28,32
19416,Fakechow,nathrezim,1410,priest,discipline,36,16,20
19417,Angusb,sargeras,1410,priest,discipline,80,35,45
19418,Nexp,tichondrius,1409,priest,discipline,35,24,11
19419,Scrollozaddy,illidan,1409,priest,discipline,69,46,23
19420,Hawtzp,stormrage,1409,priest,discipline,30,16,14
19421,Tuniepope,sargeras,1408,priest,discipline,24,15,9
19422,Shelak,frostmourne,1408,priest,discipline,62,33,29
19423,Justanoutlaw,darkspear,1407,priest,discipline,36,21,15
19424,Kawin,goldrinn,1407,priest,discipline,101,54,47
19425,Sunenergy,tichondrius,1407,priest,discipline,78,41,37
19426,Lilblackguys,stormrage,1407,priest,discipline,90,45,45
19427,Priesmatco,area-52,1407,priest,discipline,48,19,29
19428,Dmlx,frostmourne,1406,priest,discipline,72,47,25
19429,Sistamaggie,bleeding-hollow,1406,priest,discipline,54,28,26
19430,Meditåtion,tichondrius,1406,priest,discipline,90,44,46
19431,Vezaxx,barthilas,1406,priest,discipline,66,32,34
19432,Seáoflions,aggramar,1405,priest,discipline,24,15,9
19433,Darkquinn,boulderfist,1405,priest,discipline,218,102,116
19434,Tryst,the-underbog,1404,priest,discipline,60,37,23
19435,Itsmaám,moon-guard,1403,priest,discipline,42,25,17
19436,Vtp,frostmourne,1403,priest,discipline,40,20,20
19437,Gwyneth,whisperwind,1403,priest,discipline,80,35,45
19438,Tiskka,magtheridon,1403,priest,discipline,50,20,30
19439,Nek,malganis,1402,priest,discipline,85,50,35
19440,Lelenia,tichondrius,1402,priest,discipline,30,15,15
19441,Nicety,skywall,1402,priest,discipline,50,22,28
19442,Vampiric,laughing-skull,1401,priest,discipline,24,15,9
19443,Jelzz,area-52,1401,priest,discipline,28,17,11
19444,Khyonne,nemesis,1400,priest,discipline,68,37,31
19445,Hunanbeef,kiljaeden,1400,priest,discipline,58,29,29
19446,Zjqf,akama,1400,priest,discipline,149,73,76
19447,Bloatie,zuljin,1399,priest,discipline,36,24,12
19448,Smirkinlive,illidan,1399,priest,discipline,29,18,11
19449,Napzz,sargeras,1399,priest,discipline,36,21,15
19450,Shnítzel,thrall,1399,priest,discipline,103,51,52
19451,Smegmancer,korgath,1399,priest,discipline,54,24,30
19452,Muuq,frostmourne,1398,priest,discipline,81,42,39
19453,Cathêlay,bleeding-hollow,1397,priest,discipline,61,29,32
19454,Ðohko,ragnaros,1395,priest,discipline,36,20,16
19455,Laüren,ragnaros,1395,priest,discipline,94,42,52
19456,Ínfocus,area-52,1395,priest,discipline,48,19,29
19457,Ems,dawnbringer,1394,priest,discipline,29,15,14
19458,Scriptz,frostwolf,1393,priest,discipline,66,30,36
19459,Raggasoca,malganis,1393,priest,discipline,99,44,55
19460,Ðiplø,tichondrius,1392,priest,discipline,35,21,14
19461,Ünarû,illidan,1392,priest,discipline,66,38,28
19462,Tluoc,nemesis,1391,priest,discipline,47,25,22
19463,Phayzz,area-52,1390,priest,discipline,123,63,60
19464,Welovan,sargeras,1390,priest,discipline,46,23,23
19465,Bubbahotep,laughing-skull,1388,priest,discipline,40,19,21
19466,Dårc,tichondrius,1387,priest,discipline,65,39,26
19467,Unholywizard,sargeras,1386,priest,discipline,66,37,29
19468,Vexyy,tichondrius,1385,priest,discipline,32,19,13
19469,Mursey,sargeras,1385,priest,discipline,111,51,60
19470,Blessrish,icecrown,1385,priest,discipline,42,16,26
19471,Arkenes,dalaran,1383,priest,discipline,78,41,37
19472,Bradythree,moon-guard,1380,priest,discipline,26,16,10
19473,Këyglock,kelthuzad,1380,priest,discipline,137,59,78
19474,Bøness,area-52,1379,priest,discipline,94,50,44
19475,Lexinalis,stormrage,1376,priest,discipline,29,17,12
19476,Fádéd,tichondrius,1376,priest,discipline,29,15,14
19477,Sixfiggas,darkspear,1375,priest,discipline,24,17,7
19478,Dlysexic,barthilas,1375,priest,discipline,66,35,31
19479,Whehaw,kelthuzad,1375,priest,discipline,66,29,37
19480,Replacednewb,chogall,1374,priest,discipline,39,22,17
19481,Drinkndrive,tichondrius,1374,priest,discipline,51,27,24
19482,Risedead,azralon,1373,priest,discipline,91,50,41
19483,Zombieheals,gundrak,1373,priest,discipline,53,27,26
19484,Blaydun,elune,1371,priest,discipline,90,56,34
19485,Karazhan,burning-legion,1371,priest,discipline,44,19,25
19486,Glauga,azralon,1371,priest,discipline,42,17,25
19487,Jìtters,silvermoon,1370,priest,discipline,36,17,19
19488,Huevos,blackwing-lair,1368,priest,discipline,120,61,59
19489,Solsano,stormrage,1365,priest,discipline,76,44,32
19490,Toxictampax,azjolnerub,1364,priest,discipline,64,25,39
19491,Rickjames,laughing-skull,1363,priest,discipline,68,40,28
19492,Halfyo,dragonmaw,1363,priest,discipline,90,49,41
19493,Handyheals,frostmourne,1362,priest,discipline,101,54,47
19494,Füuzin,stormrage,1362,priest,discipline,66,34,32
19495,Curasia,drakkari,1360,priest,discipline,57,37,20
19496,Powerwordzz,dragonmaw,1359,priest,discipline,72,36,36
19497,Nêrô,dalaran,1359,priest,discipline,48,21,27
19498,Nomsayin,stormrage,1358,priest,discipline,19,15,4
19499,Valeilah,illidan,1358,priest,discipline,48,30,18
19500,Crucïfïx,stormrage,1358,priest,discipline,70,41,29
19501,Nexoox,drakkari,1358,priest,discipline,42,23,19
19502,Tûbes,trollbane,1358,priest,discipline,101,42,59
19503,Nometh,emerald-dream,1357,priest,discipline,42,18,24
19504,Aerdune,dalaran,1356,priest,discipline,68,36,32
19505,Rháényra,tichondrius,1354,priest,discipline,30,15,15
19506,Victrix,tichondrius,1353,priest,discipline,112,47,65
19507,Benedictüs,tichondrius,1352,priest,discipline,118,59,59
19508,Chìbiusa,gurubashi,1352,priest,discipline,106,52,54
19509,Beñzi,sargeras,1348,priest,discipline,26,16,10
19510,Dxskadi,stormrage,1348,priest,discipline,156,68,88
19511,Revreal,thrall,1346,priest,discipline,48,25,23
19512,Mamabless,quelthalas,1346,priest,discipline,371,190,181
19513,Pelagius,suramar,1345,priest,discipline,44,19,25
19514,Juliusceazer,skywall,1344,priest,discipline,88,52,36
19515,Temkcalb,ragnaros,1344,priest,discipline,84,42,42
19516,Hoppus,stormrage,1344,priest,discipline,90,44,46
19517,Bohomagz,tichondrius,1343,priest,discipline,24,14,10
19518,Míssdank,tichondrius,1343,priest,discipline,36,18,18
19519,Cavatea,illidan,1343,priest,discipline,30,14,16
19520,Crazykitsune,thaurissan,1342,priest,discipline,42,27,15
19521,Lawroade,tichondrius,1342,priest,discipline,67,36,31
19522,Mitoloshi,ragnaros,1342,priest,discipline,114,55,59
19523,Redcoolaid,moon-guard,1341,priest,discipline,24,14,10
19524,Armî,ragnaros,1341,priest,discipline,30,15,15
19525,Zoap,stormrage,1341,priest,discipline,60,26,34
19526,Kafarmer,frostmourne,1340,priest,discipline,65,34,31
19527,Storylord,malganis,1340,priest,discipline,30,14,16
19528,Psÿçhë,stormrage,1340,priest,discipline,30,14,16
19529,Protega,illidan,1339,priest,discipline,18,14,4
19530,Ggsaurusrex,area-52,1339,priest,discipline,30,14,16
19531,Fleckyy,tichondrius,1339,priest,discipline,36,14,22
19532,Sadistic,hyjal,1339,priest,discipline,42,16,26
19533,Vehlind,quelthalas,1338,priest,discipline,101,52,49
19534,Knoskeezy,proudmoore,1337,priest,discipline,18,14,4
19535,Mateekie,malganis,1337,priest,discipline,40,21,19
19536,Buttfive,illidan,1337,priest,discipline,30,14,16
19537,Namî,barthilas,1336,priest,discipline,155,86,69
19538,Smittën,barthilas,1336,priest,discipline,48,26,22
19539,Metagameswag,tichondrius,1335,priest,discipline,24,14,10
19540,Xxqq,illidan,1335,priest,discipline,24,14,10
19541,Soméone,sargeras,1335,priest,discipline,65,34,31
19542,Erossenin,proudmoore,1334,priest,discipline,30,15,15
19543,Rblood,emerald-dream,1332,priest,discipline,54,33,21
19544,Ngin,queldorei,1332,priest,discipline,24,14,10
19545,Noveh,tichondrius,1331,priest,discipline,36,17,19
19546,Sevÿ,malygos,1330,priest,discipline,24,14,10
19547,Bathenape,bleeding-hollow,1330,priest,discipline,40,23,17
19548,Holyfromrmp,tichondrius,1330,priest,discipline,72,35,37
19549,Decline,balnazzar,1330,priest,discipline,30,14,16
19550,Ieveling,skywall,1330,priest,discipline,36,14,22
19551,Xuun,illidan,1329,priest,discipline,71,42,29
19552,Tungus,shadowsong,1329,priest,discipline,88,44,44
19553,Joktips,proudmoore,1329,priest,discipline,48,23,25
19554,Yeshùa,drakkari,1329,priest,discipline,82,37,45
19555,Highasf,sargeras,1328,priest,discipline,24,14,10
19556,Mythica,gurubashi,1327,priest,discipline,84,50,34
19557,Danrien,azralon,1326,priest,discipline,34,20,14
19558,Aveil,bloodscalp,1326,priest,discipline,34,20,14
19559,Edmust,black-dragonflight,1324,priest,discipline,24,14,10
19560,Rvxy,tichondrius,1324,priest,discipline,84,42,42
19561,Jaysontatum,gurubashi,1323,priest,discipline,33,17,16
19562,Pipete,frostmourne,1322,priest,discipline,53,29,24
19563,Javox,drakkari,1321,priest,discipline,24,14,10
19564,Sinnon,turalyon,1320,priest,discipline,30,17,13
19565,Srwilly,ragnaros,1320,priest,discipline,75,39,36
19566,Mkowns,tichondrius,1319,priest,discipline,24,14,10
19567,Nadiaxo,moon-guard,1319,priest,discipline,65,35,30
19568,Nøzmonica,kelthuzad,1319,priest,discipline,32,15,17
19569,Inferis,ragnaros,1318,priest,discipline,270,137,133
19570,Eatmyfear,quelthalas,1318,priest,discipline,196,90,106
19571,Lethalrosé,thrall,1316,priest,discipline,24,14,10
19572,Chaøz,emerald-dream,1314,priest,discipline,41,24,17
19573,Kms,sargeras,1313,priest,discipline,51,26,25
19574,Femìnazzi,ragnaros,1313,priest,discipline,37,18,19
19575,Médíc,dalaran,1312,priest,discipline,48,24,24
19576,Itsme,quelthalas,1312,priest,discipline,47,18,29
19577,Jsuschristix,zuljin,1311,priest,discipline,36,23,13
19578,Masochist,barthilas,1311,priest,discipline,78,49,29
19579,Misfyt,emerald-dream,1311,priest,discipline,54,25,29
19580,Goodvybes,tichondrius,1311,priest,discipline,36,14,22
19581,Goodwin,darkspear,1310,priest,discipline,48,29,19
19582,Chîna,hyjal,1310,priest,discipline,126,76,50
19583,Heallarious,stormrage,1310,priest,discipline,50,30,20
19584,Leprêtre,hakkar,1310,priest,discipline,30,16,14
19585,Diabiitus,stormrage,1309,priest,discipline,63,36,27
19586,Gaudthree,tichondrius,1309,priest,discipline,28,14,14
19587,Badnsweaty,sargeras,1308,priest,discipline,28,15,13
19588,Booyâh,muradin,1308,priest,discipline,54,27,27
19589,Novous,area-52,1308,priest,discipline,50,24,26
19590,Majesticar,moon-guard,1307,priest,discipline,30,20,10
19591,Artiannaa,bleeding-hollow,1307,priest,discipline,24,14,10
19592,Bionix,stormrage,1306,priest,discipline,60,29,31
19593,Knucklesandy,tichondrius,1306,priest,discipline,29,14,15
19594,Ruthlèss,ragnaros,1305,priest,discipline,54,28,26
19595,Deadpla,ragnaros,1304,priest,discipline,35,14,21
19596,Manryu,tichondrius,1304,priest,discipline,42,14,28
19597,Msdash,tichondrius,1303,priest,discipline,36,18,18
19598,Plznokill,tichondrius,1303,priest,discipline,36,18,18
19599,Poorass,sargeras,1301,priest,discipline,30,19,11
19600,Aedarelyn,ysera,1301,priest,discipline,42,22,20
19601,Krané,area-52,1298,priest,discipline,51,24,27
19602,Wildmanfrank,tichondrius,1297,priest,discipline,37,21,16
19603,Penetron,tichondrius,1297,priest,discipline,53,22,31
19604,Hydramîst,ragnaros,1296,priest,discipline,36,15,21
19605,Sportsgloss,tichondrius,1295,priest,discipline,36,16,20
19606,Wanaatlarboy,dark-iron,1294,priest,discipline,29,19,10
19607,Theheal,ragnaros,1293,priest,discipline,57,19,38
19608,ßræcher,black-dragonflight,1292,priest,discipline,24,16,8
19609,Dadthegreat,bonechewer,1292,priest,discipline,42,25,17
19610,ßlest,stormrage,1292,priest,discipline,54,29,25
19611,Halliburton,illidan,1292,priest,discipline,56,26,30
19612,Unfriend,sargeras,1291,priest,discipline,48,22,26
19613,Lyxx,kelthuzad,1290,priest,discipline,22,15,7
19614,Malevolently,illidan,1290,priest,discipline,113,49,64
19615,Ðelight,ragnaros,1289,priest,discipline,30,16,14
19616,Usmond,azralon,1289,priest,discipline,36,17,19
19617,Troublmaker,illidan,1288,priest,discipline,46,24,22
19618,Markspell,stormrage,1286,priest,discipline,133,72,61
19619,Iwonthealu,senjin,1286,priest,discipline,30,16,14
19620,Brounly,drakkari,1285,priest,discipline,72,36,36
19621,Xpera,dalaran,1285,priest,discipline,65,30,35
19622,Klowdz,burning-blade,1285,priest,discipline,54,23,31
19623,Soaphia,kelthuzad,1284,priest,discipline,78,45,33
19624,Kaonn,frostmourne,1284,priest,discipline,69,36,33
19625,Mellerwine,azralon,1284,priest,discipline,221,115,106
19626,Matchakatt,tichondrius,1283,priest,discipline,48,30,18
19627,Quickq,barthilas,1283,priest,discipline,36,22,14
19628,Jaskil,skywall,1282,priest,discipline,60,32,28
19629,Lifeswap,area-52,1281,priest,discipline,54,21,33
19630,Winnzhor,bonechewer,1280,priest,discipline,30,18,12
19631,Elixia,maiev,1280,priest,discipline,36,20,16
19632,Dzpi,azralon,1280,priest,discipline,48,23,25
19633,Trummp,tichondrius,1278,priest,discipline,53,26,27
19634,Dahrwin,thrall,1276,priest,discipline,36,20,16
19635,Supôrte,nemesis,1276,priest,discipline,27,14,13
19636,Knifê,moon-guard,1276,priest,discipline,102,52,50
19637,Rbgeezus,lightnings-blade,1275,priest,discipline,107,55,52
19638,Easypriest,tichondrius,1274,priest,discipline,54,23,31
19639,Pocserpriest,drakkari,1272,priest,discipline,32,14,18
19640,Geekynerd,frostmourne,1271,priest,discipline,24,15,9
19641,Fanatic,nemesis,1271,priest,discipline,97,48,49
19642,Themøn,quelthalas,1270,priest,discipline,30,16,14
19643,Sappes,area-52,1269,priest,discipline,75,40,35
19644,Twotimechamp,azshara,1269,priest,discipline,50,26,24
19645,Tyreliy,eitrigg,1269,priest,discipline,108,54,54
19646,Donzorro,ragnaros,1268,priest,discipline,48,21,27
19647,Takethat,emerald-dream,1267,priest,discipline,24,14,10
19648,Mechahomo,dalaran,1267,priest,discipline,34,18,16
19649,Aggravating,mugthol,1267,priest,discipline,176,89,87
19650,Miraz,the-venture-co,1266,priest,discipline,53,29,24
19651,Derlanger,frostmourne,1266,priest,discipline,36,18,18
19652,Náay,ragnaros,1265,priest,discipline,29,19,10
19653,Cathiah,darkspear,1265,priest,discipline,42,22,20
19654,Swapsy,illidan,1264,priest,discipline,23,14,9
19655,Tempgnome,stonemaul,1263,priest,discipline,61,32,29
19656,Saràh,stormscale,1262,priest,discipline,94,43,51
19657,Emlix,tichondrius,1262,priest,discipline,42,14,28
19658,Fesix,akama,1261,priest,discipline,30,17,13
19659,Hideyourkids,stormreaver,1261,priest,discipline,42,18,24
19660,Souriel,tichondrius,1260,priest,discipline,66,34,32
19661,Gongá,moon-guard,1260,priest,discipline,62,25,37
19662,Kymosolop,sargeras,1258,priest,discipline,25,14,11
19663,Penitentrowr,illidan,1258,priest,discipline,39,20,19
19664,Skall,kirin-tor,1258,priest,discipline,41,21,20
19665,Ickarus,anubarak,1257,priest,discipline,84,47,37
19666,Kenzao,nemesis,1257,priest,discipline,64,30,34
19667,Lge,kelthuzad,1257,priest,discipline,31,14,17
19668,Dartonya,thrall,1257,priest,discipline,36,15,21
19669,Xmasmiracle,korgath,1256,priest,discipline,94,54,40
19670,Sòraka,tichondrius,1256,priest,discipline,45,21,24
19671,Eleeira,zuljin,1256,priest,discipline,36,15,21
19672,Fadewench,sargeras,1255,priest,discipline,35,16,19
19673,Thotznprayrz,bleeding-hollow,1254,priest,discipline,36,23,13
19674,Fatherßrian,draktharon,1253,priest,discipline,30,16,14
19675,Cajl,dathremar,1253,priest,discipline,109,48,61
19676,Mchinder,tanaris,1252,priest,discipline,33,18,15
19677,Nìght,trollbane,1251,priest,discipline,66,36,30
19678,Kapriestun,tichondrius,1250,priest,discipline,54,32,22
19679,Dosarix,sargeras,1250,priest,discipline,40,23,17
19680,Burpees,dalaran,1250,priest,discipline,28,15,13
19681,Allhubris,stormrage,1248,priest,discipline,24,13,11
19682,Webbii,frostmourne,1248,priest,discipline,48,21,27
19683,Iyoui,tichondrius,1247,priest,discipline,18,13,5
19684,Kayern,kelthuzad,1247,priest,discipline,18,13,5
19685,Meatboxmoldy,blood-furnace,1247,priest,discipline,24,13,11
19686,Tanzen,andorhal,1247,priest,discipline,24,13,11
19687,Phonomena,malganis,1247,priest,discipline,42,22,20
19688,Lvcia,thrall,1247,priest,discipline,70,35,35
19689,Pce,korialstrasz,1247,priest,discipline,34,13,21
19690,Picurry,frostmourne,1246,priest,discipline,24,13,11
19691,Staysmall,stormrage,1245,priest,discipline,24,13,11
19692,Youaint,sargeras,1245,priest,discipline,30,13,17
19693,Luwoona,tichondrius,1245,priest,discipline,36,13,23
19694,Croissånt,illidan,1244,priest,discipline,18,13,5
19695,Bòngu,tichondrius,1244,priest,discipline,30,13,17
19696,Alawn,wyrmrest-accord,1244,priest,discipline,102,42,60
19697,Haetas,zuljin,1243,priest,discipline,30,13,17
19698,Meiev,quelthalas,1243,priest,discipline,36,13,23
19699,Zizziz,tichondrius,1242,priest,discipline,24,13,11
19700,Sanitater,frostmourne,1242,priest,discipline,54,26,28
19701,Grapës,jubeithos,1242,priest,discipline,48,23,25
19702,Kukion,uldum,1242,priest,discipline,30,13,17
19703,Peelforheals,nordrassil,1242,priest,discipline,30,13,17
19704,Tarny,tichondrius,1241,priest,discipline,34,20,14
19705,Sofhya,ragnaros,1241,priest,discipline,94,49,45
19706,Creòle,area-52,1240,priest,discipline,24,13,11
19707,Seriosity,kelthuzad,1240,priest,discipline,30,13,17
19708,Discobish,sargeras,1239,priest,discipline,30,13,17
19709,Dics,barthilas,1238,priest,discipline,18,13,5
19710,Misaosan,azralon,1238,priest,discipline,60,29,31
19711,Jhivagosp,tichondrius,1237,priest,discipline,24,13,11
19712,Akayayuelol,tichondrius,1236,priest,discipline,18,13,5
19713,Aurajade,queldorei,1235,priest,discipline,18,13,5
19714,Voidathon,sargeras,1235,priest,discipline,24,13,11
19715,Betrthenadam,bleeding-hollow,1235,priest,discipline,66,32,34
19716,Quavö,tichondrius,1235,priest,discipline,63,28,35
19717,Karmatron,chogall,1235,priest,discipline,30,13,17
19718,Charybdis,bonechewer,1234,priest,discipline,42,30,12
19719,Mauriel,proudmoore,1234,priest,discipline,30,13,17
19720,Jinniu,azralon,1234,priest,discipline,30,13,17
19721,Wrathchildd,azralon,1232,priest,discipline,72,37,35
19722,Chernota,kiljaeden,1232,priest,discipline,30,13,17
19723,Xora,frostmourne,1232,priest,discipline,36,13,23
19724,Theboogieman,magtheridon,1231,priest,discipline,54,25,29
19725,Peristalsis,nesingwary,1231,priest,discipline,30,13,17
19726,Holyxb,bleeding-hollow,1231,priest,discipline,36,13,23
19727,Presto,kalecgos,1230,priest,discipline,18,14,4
19728,Shïtheals,frostmourne,1230,priest,discipline,42,25,17
19729,Mileslol,azgalor,1230,priest,discipline,24,13,11
19730,Starshollow,ragnaros,1230,priest,discipline,25,13,12
19731,Nottahealer,anvilmar,1230,priest,discipline,30,13,17
19732,Lichae,ragnaros,1229,priest,discipline,48,24,24
19733,Bonkerwaffle,kelthuzad,1228,priest,discipline,42,23,19
19734,Kurtsheals,destromath,1228,priest,discipline,60,31,29
19735,Krypticus,tichondrius,1227,priest,discipline,48,28,20
19736,Aape,frostmourne,1227,priest,discipline,24,13,11
19737,Nanabritches,moon-guard,1226,priest,discipline,62,33,29
19738,Jestiann,aegwynn,1226,priest,discipline,167,85,82
19739,Newchaos,hakkar,1225,priest,discipline,24,13,11
19740,Bendoverbb,tichondrius,1225,priest,discipline,30,13,17
19741,Aliciab,andorhal,1224,priest,discipline,54,28,26
19742,Wise,wildhammer,1224,priest,discipline,53,27,26
19743,Ahitaro,ragnaros,1223,priest,discipline,60,18,42
19744,Aesudan,dalaran,1222,priest,discipline,19,13,6
19745,Sauile,kelthuzad,1222,priest,discipline,30,15,15
19746,Luminatio,quelthalas,1220,priest,discipline,64,32,32
19747,Pòba,malganis,1220,priest,discipline,30,13,17
19748,Nonamegame,sargeras,1218,priest,discipline,78,42,36
19749,Anymoon,tichondrius,1218,priest,discipline,30,16,14
19750,Pixa,tichondrius,1218,priest,discipline,54,25,29
19751,Deadlydocc,illidan,1217,priest,discipline,27,16,11
19752,Aynone,blood-furnace,1217,priest,discipline,120,57,63
19753,Dispelbot,kelthuzad,1216,priest,discipline,70,44,26
19754,Aipata,stormrage,1214,priest,discipline,44,24,20
19755,Faeleath,emerald-dream,1214,priest,discipline,26,14,12
19756,Orìsel,wyrmrest-accord,1214,priest,discipline,93,42,51
19757,Armspriest,stormrage,1212,priest,discipline,47,24,23
19758,Nóin,tichondrius,1212,priest,discipline,72,33,39
19759,Dotersacer,quelthalas,1211,priest,discipline,26,15,11
19760,Testament,greymane,1210,priest,discipline,84,37,47
19761,Deckardkane,stormrage,1209,priest,discipline,32,14,18
19762,Ariavish,area-52,1208,priest,discipline,48,25,23
19763,Kodaks,frostmourne,1208,priest,discipline,75,37,38
19764,Reindharth,quelthalas,1208,priest,discipline,42,14,28
19765,Moontearss,tichondrius,1207,priest,discipline,30,14,16
19766,Kithlas,emerald-dream,1206,priest,discipline,18,13,5
19767,Nothinsexual,frostmourne,1206,priest,discipline,26,14,12
19768,Phaille,chromaggus,1206,priest,discipline,74,39,35
19769,Dpshealer,azralon,1206,priest,discipline,66,29,37
19770,Fairylìght,stormrage,1206,priest,discipline,43,14,29
19771,Tdmheals,zuluhed,1204,priest,discipline,24,18,6
19772,Pactosombrio,azralon,1204,priest,discipline,94,52,42
19773,Vancake,quelthalas,1204,priest,discipline,156,69,87
19774,Psychiatrist,darkspear,1204,priest,discipline,58,25,33
19775,Ithvedriel,moon-guard,1203,priest,discipline,67,32,35
19776,Healzyew,dragonmaw,1201,priest,discipline,73,28,45
19777,Zephxd,illidan,1199,priest,discipline,64,31,33
19778,Terenor,thrall,1199,priest,discipline,42,13,29
19779,Fozil,area-52,1194,priest,discipline,62,33,29
19780,Josquin,illidan,1192,priest,discipline,23,13,10
19781,Tomseleck,frostmourne,1191,priest,discipline,29,13,16
19782,Dokthekim,frostmourne,1190,priest,discipline,26,14,12
19783,Holyycrit,kelthuzad,1189,priest,discipline,30,16,14
19784,Rinmaru,dark-iron,1188,priest,discipline,24,14,10
19785,Iltharaph,illidan,1188,priest,discipline,25,14,11
19786,Yukih,tichondrius,1188,priest,discipline,41,17,24
19787,Inarius,dragonblight,1188,priest,discipline,42,17,25
19788,Kruciphix,tichondrius,1187,priest,discipline,29,20,9
19789,Kaxleigh,emerald-dream,1187,priest,discipline,29,18,11
19790,Krindil,korgath,1186,priest,discipline,29,14,15
19791,Eirenth,bleeding-hollow,1184,priest,discipline,18,14,4
19792,Beefoverload,durotan,1184,priest,discipline,35,15,20
19793,Unwòke,dalaran,1182,priest,discipline,24,14,10
19794,Belletrael,wyrmrest-accord,1182,priest,discipline,70,32,38
19795,Kßnstuff,area-52,1182,priest,discipline,37,15,22
19796,Paidtowin,frostmourne,1182,priest,discipline,38,13,25
19797,Doubtmyfaith,frostmourne,1181,priest,discipline,42,21,21
19798,Visse,auchindoun,1178,priest,discipline,169,79,90
19799,Icyspicy,shadowsong,1177,priest,discipline,59,26,33
19800,Iwillsaveyou,tichondrius,1177,priest,discipline,40,16,24
19801,Damoclexz,area-52,1176,priest,discipline,72,38,34
19802,Invocational,moon-guard,1175,priest,discipline,29,14,15
19803,Kethseth,ragnaros,1175,priest,discipline,102,45,57
19804,Hiheals,anvilmar,1174,priest,discipline,36,20,16
19805,Alizeë,illidan,1173,priest,discipline,102,58,44
19806,Mindlames,bleeding-hollow,1173,priest,discipline,68,30,38
19807,Minimelo,stormrage,1172,priest,discipline,23,13,10
19808,Spyzz,gilneas,1172,priest,discipline,36,18,18
19809,Såge,chogall,1169,priest,discipline,117,60,57
19810,Kerazul,sargeras,1169,priest,discipline,42,20,22
19811,Londog,vashj,1168,priest,discipline,30,15,15
19812,Killían,darkspear,1166,priest,discipline,37,20,17
19813,Zadae,area-52,1166,priest,discipline,51,26,25
19814,Kafzial,zuljin,1162,priest,discipline,74,43,31
19815,Priést,stormrage,1162,priest,discipline,36,13,23
19816,Keskima,malganis,1159,priest,discipline,46,28,18
19817,Yidra,illidan,1159,priest,discipline,24,14,10
19818,Semirg,moon-guard,1158,priest,discipline,30,13,17
19819,Köto,dalaran,1157,priest,discipline,23,13,10
19820,Rotass,hyjal,1157,priest,discipline,24,13,11
19821,Coldphobia,uldum,1157,priest,discipline,32,14,18
19822,Gobnik,illidan,1156,priest,discipline,24,16,8
19823,Hobbs,trollbane,1156,priest,discipline,24,13,11
19824,Xaerwolaeth,area-52,1155,priest,discipline,34,16,18
19825,Optîmuskrayt,tichondrius,1153,priest,discipline,71,35,36
19826,Qenq,tichondrius,1152,priest,discipline,18,12,6
19827,Sylvphrena,stormrage,1152,priest,discipline,18,12,6
19828,Maraagsdad,tichondrius,1152,priest,discipline,18,12,6
19829,Kalyndaxo,frostmourne,1152,priest,discipline,24,12,12
19830,Swagdemøn,kelthuzad,1152,priest,discipline,24,12,12
19831,Ømegagødx,illidan,1152,priest,discipline,30,12,18
19832,Addisonraee,tichondrius,1151,priest,discipline,12,12,0
19833,Eudog,zuljin,1151,priest,discipline,12,12,0
19834,Faithbuild,emerald-dream,1151,priest,discipline,18,12,6
19835,Randrimm,stormrage,1151,priest,discipline,24,12,12
19836,Sshhaaddooww,tichondrius,1151,priest,discipline,24,12,12
19837,Pewwpew,malganis,1151,priest,discipline,24,12,12
19838,Alphôn,bleeding-hollow,1151,priest,discipline,24,12,12
19839,Attenea,illidan,1151,priest,discipline,36,12,24
19840,Pastapizza,zuljin,1150,priest,discipline,12,12,0
19841,Ilmx,illidan,1150,priest,discipline,12,12,0
19842,Aaff,tichondrius,1150,priest,discipline,18,12,6
19843,Chkashaa,emerald-dream,1150,priest,discipline,42,21,21
19844,Rhaist,sargeras,1150,priest,discipline,36,18,18
19845,Wartrix,bonechewer,1150,priest,discipline,24,12,12
19846,Glöws,area-52,1150,priest,discipline,24,12,12
19847,Papafajita,area-52,1150,priest,discipline,24,12,12
19848,Deathlullaby,malganis,1150,priest,discipline,24,12,12
19849,Cenrtrix,stormrage,1150,priest,discipline,24,12,12
19850,Abercromby,malganis,1150,priest,discipline,25,12,13
19851,Penancedeez,moon-guard,1150,priest,discipline,35,15,20
19852,Maxximuss,bleeding-hollow,1150,priest,discipline,42,17,25
19853,Dayquills,illidan,1150,priest,discipline,30,12,18
19854,Bakara,jubeithos,1150,priest,discipline,36,12,24
19855,Profpepper,tichondrius,1149,priest,discipline,18,12,6
19856,Clockwororan,tichondrius,1149,priest,discipline,18,12,6
19857,Pakc,tichondrius,1149,priest,discipline,24,12,12
19858,Nerfholyplz,illidan,1149,priest,discipline,24,12,12
19859,Amaranth,the-forgotten-coast,1148,priest,discipline,24,12,12
19860,Gigaflex,sargeras,1148,priest,discipline,24,12,12
19861,Holycoww,lightnings-blade,1147,priest,discipline,18,12,6
19862,Ekros,illidan,1147,priest,discipline,25,13,12
19863,Opscurum,bleeding-hollow,1147,priest,discipline,24,12,12
19864,Cigarillõ,thrall,1147,priest,discipline,24,12,12
19865,Nutsin,tichondrius,1147,priest,discipline,30,12,18
19866,Scrubgames,garrosh,1146,priest,discipline,12,12,0
19867,Dachenchen,tichondrius,1146,priest,discipline,18,12,6
19868,Pico,spirestone,1146,priest,discipline,24,13,11
19869,Smightful,garona,1146,priest,discipline,24,12,12
19870,Lilbaldjosh,frostmourne,1146,priest,discipline,36,12,24
19871,Mashpotato,aerie-peak,1144,priest,discipline,24,13,11
19872,Augustrox,ragnaros,1144,priest,discipline,24,12,12
19873,Depressedboy,wyrmrest-accord,1143,priest,discipline,24,12,12
19874,Grimspriest,moon-guard,1143,priest,discipline,24,12,12
19875,Mutilla,tichondrius,1142,priest,discipline,18,12,6
19876,Norastanne,moon-guard,1142,priest,discipline,24,12,12
19877,Dbod,tichondrius,1142,priest,discipline,24,12,12
19878,Supski,destromath,1141,priest,discipline,24,12,12
19879,Ulzaar,nerzhul,1141,priest,discipline,42,12,30
19880,Osombra,azralon,1139,priest,discipline,36,17,19
19881,Zørb,area-52,1138,priest,discipline,18,12,6
19882,Draniev,azralon,1138,priest,discipline,77,41,36
19883,Elvspriesly,doomhammer,1138,priest,discipline,104,51,53
19884,Drywàter,tichondrius,1137,priest,discipline,81,45,36
19885,Hanuroa,tichondrius,1136,priest,discipline,184,92,92
19886,Brotherheals,nagrand,1136,priest,discipline,60,30,30
19887,Blessings,aerie-peak,1135,priest,discipline,66,34,32
19888,Senumbra,tichondrius,1134,priest,discipline,24,12,12
19889,Faerline,kelthuzad,1134,priest,discipline,29,12,17
19890,Volkova,quelthalas,1133,priest,discipline,18,12,6
19891,Saviorsélf,tichondrius,1133,priest,discipline,30,12,18
19892,Lusch,stormscale,1132,priest,discipline,34,21,13
19893,Goodbyekiss,illidan,1132,priest,discipline,65,31,34
19894,Makkima,area-52,1129,priest,discipline,48,20,28
19895,Corthien,thrall,1129,priest,discipline,30,12,18
19896,Mäy,greymane,1128,priest,discipline,24,12,12
19897,Cyrilien,tichondrius,1127,priest,discipline,52,29,23
19898,Ragnarøk,warsong,1127,priest,discipline,30,12,18
19899,Wísh,emerald-dream,1126,priest,discipline,36,19,17
19900,Bröke,nemesis,1122,priest,discipline,30,14,16
19901,Lynnar,stormrage,1121,priest,discipline,42,22,20
19902,Primeevil,black-dragonflight,1119,priest,discipline,24,14,10
19903,Finake,kelthuzad,1116,priest,discipline,18,12,6
19904,Kujox,tichondrius,1116,priest,discipline,35,12,23
19905,Hoochiemomma,kelthuzad,1115,priest,discipline,18,12,6
19906,Cvstodia,tichondrius,1115,priest,discipline,24,12,12
19907,Jtewatch,zuljin,1114,priest,discipline,18,14,4
19908,Vitalizes,nagrand,1114,priest,discipline,30,13,17
19909,Tetha,fizzcrank,1112,priest,discipline,30,14,16
19910,Steezyy,black-dragonflight,1112,priest,discipline,65,30,35
19911,Libationz,area-52,1110,priest,discipline,90,36,54
19912,Voidwyrm,tichondrius,1109,priest,discipline,54,28,26
19913,Rhayzel,ragnaros,1108,priest,discipline,30,15,15
19914,Abbot,zangarmarsh,1105,priest,discipline,120,56,64
19915,Ataraksija,sargeras,1103,priest,discipline,21,13,8
19916,Anäster,ragnaros,1103,priest,discipline,47,24,23
19917,Súlfuro,quelthalas,1103,priest,discipline,83,39,44
19918,Averli,moon-guard,1103,priest,discipline,42,18,24
19919,Cyphrus,hyjal,1100,priest,discipline,29,12,17
19920,Khamata,kelthuzad,1100,priest,discipline,30,12,18
19921,Goingserious,frostmourne,1099,priest,discipline,51,26,25
19922,Trustheals,tichondrius,1098,priest,discipline,24,16,8
19923,Wheresmyvape,tichondrius,1098,priest,discipline,20,13,7
19924,Steck,illidan,1098,priest,discipline,30,15,15
19925,Googolplex,tichondrius,1097,priest,discipline,21,13,8
19926,Vákc,quelthalas,1096,priest,discipline,23,12,11
19927,Draiger,quelthalas,1096,priest,discipline,36,14,22
19928,Mcdizzle,bloodscalp,1095,priest,discipline,24,13,11
19929,Lowkii,malfurion,1095,priest,discipline,23,12,11
19930,Novoc,blackhand,1094,priest,discipline,30,15,15
19931,Joní,malganis,1094,priest,discipline,29,13,16
19932,Shaytyme,tichondrius,1094,priest,discipline,34,13,21
19933,Kälëy,ragnaros,1091,priest,discipline,23,12,11
19934,Zacksnotcool,sargeras,1090,priest,discipline,33,13,20
19935,Benmem,illidan,1089,priest,discipline,64,30,34
19936,Bigdaddyku,hyjal,1088,priest,discipline,34,20,14
19937,Cklifer,tichondrius,1087,priest,discipline,22,12,10
19938,Holysmokesx,tichondrius,1087,priest,discipline,22,12,10
19939,Fatherfilth,frostwolf,1086,priest,discipline,30,14,16
19940,Deehilie,illidan,1085,priest,discipline,37,19,18
19941,Enkognito,tichondrius,1083,priest,discipline,34,23,11
19942,Vaddaru,kirin-tor,1083,priest,discipline,66,38,28
19943,Slavoj,gurubashi,1083,priest,discipline,29,15,14
19944,Cypress,dreadmaul,1082,priest,discipline,140,70,70
19945,Sadury,tichondrius,1081,priest,discipline,47,30,17
19946,Puralux,balnazzar,1080,priest,discipline,24,15,9
19947,Tmpriest,tichondrius,1080,priest,discipline,48,12,36
19948,Redchord,kiljaeden,1072,priest,discipline,33,13,20
19949,Psïren,quelthalas,1070,priest,discipline,24,13,11
19950,Kyoku,tanaris,1067,priest,discipline,23,12,11
19951,Zhaann,kelthuzad,1067,priest,discipline,30,14,16
19952,Twinkmuncher,proudmoore,1065,priest,discipline,25,12,13
19953,Foxyy,wildhammer,1065,priest,discipline,30,12,18
19954,Mtito,drakkari,1063,priest,discipline,25,13,12
19955,Vahlen,azralon,1062,priest,discipline,23,12,11
19956,Cazuex,ragnaros,1056,priest,discipline,18,11,7
19957,Jmjeezy,tichondrius,1056,priest,discipline,18,11,7
19958,Pushap,blood-furnace,1056,priest,discipline,42,22,20
19959,Ogneus,crushridge,1056,priest,discipline,30,11,19
19960,Crucifer,proudmoore,1055,priest,discipline,12,11,1
19961,Naelsaze,tichondrius,1055,priest,discipline,12,11,1
19962,Oghealz,lightnings-blade,1055,priest,discipline,24,11,13
19963,Tooziq,stormrage,1055,priest,discipline,24,11,13
19964,Wintrow,sargeras,1055,priest,discipline,30,11,19
19965,Turrec,illidan,1054,priest,discipline,12,11,1
19966,Aiss,malganis,1054,priest,discipline,16,12,4
19967,Sentactic,illidan,1054,priest,discipline,27,13,14
19968,Dpsmercy,sargeras,1054,priest,discipline,24,11,13
19969,Datdarnbéar,stormrage,1054,priest,discipline,30,11,19
19970,Goneqt,illidan,1054,priest,discipline,30,11,19
19971,Namemetwo,malganis,1053,priest,discipline,18,11,7
19972,Themoon,tichondrius,1053,priest,discipline,18,11,7
19973,Naranjitá,ragnaros,1052,priest,discipline,18,11,7
19974,Antagzy,bleeding-hollow,1052,priest,discipline,18,11,7
19975,Wholeness,kelthuzad,1052,priest,discipline,22,12,10
19976,Silkydeath,frostmourne,1052,priest,discipline,24,11,13
19977,ßlackøut,sargeras,1052,priest,discipline,24,11,13
19978,Efrem,tichondrius,1051,priest,discipline,54,25,29
19979,Darkills,tichondrius,1051,priest,discipline,24,11,13
19980,Pryst,bonechewer,1051,priest,discipline,24,11,13
19981,Gamist,area-52,1051,priest,discipline,24,11,13
19982,Lumia,quelthalas,1051,priest,discipline,30,11,19
19983,Moopha,zuljin,1050,priest,discipline,12,11,1
19984,Zarfel,ragnaros,1050,priest,discipline,18,11,7
19985,Silnetlee,tichondrius,1050,priest,discipline,18,11,7
19986,Lalight,tichondrius,1050,priest,discipline,30,11,19
19987,Posabilties,bleeding-hollow,1049,priest,discipline,24,11,13
19988,Sajahsa,moon-guard,1048,priest,discipline,25,15,10
19989,Slippedadisc,kelthuzad,1048,priest,discipline,24,11,13
19990,Jackflashh,hakkar,1047,priest,discipline,78,35,43
19991,Miaria,chogall,1046,priest,discipline,24,11,13
19992,Quinnx,tichondrius,1046,priest,discipline,24,11,13
19993,Aud,kiljaeden,1045,priest,discipline,12,11,1
19994,Knez,ragnaros,1045,priest,discipline,18,11,7
19995,Karminha,azralon,1044,priest,discipline,18,11,7
19996,Eneco,alleria,1043,priest,discipline,25,20,5
19997,Lilbabe,stormrage,1043,priest,discipline,24,11,13
19998,Femalema,tichondrius,1042,priest,discipline,27,13,14
19999,Holyhog,whisperwind,1042,priest,discipline,33,13,20
20000,Evpray,area-52,1041,priest,discipline,18,13,5
20001,Dottinu,area-52,1040,priest,discipline,12,11,1
20002,Notdavido,illidan,1040,priest,discipline,18,11,7
20003,Sinthe,stormrage,1039,priest,discipline,18,12,6
20004,Sendia,hydraxis,1038,priest,discipline,66,31,35
20005,Dalowks,area-52,1038,priest,discipline,30,11,19
20006,Gungagingong,queldorei,1035,priest,discipline,18,11,7
20007,Linarelitha,area-52,1035,priest,discipline,38,18,20
20008,Donoras,ursin,1033,priest,discipline,18,11,7
20009,Uchihalol,tichondrius,1032,priest,discipline,24,11,13
20010,Gurkorr,boulderfist,1031,priest,discipline,30,11,19
20011,Geulis,illidan,1030,priest,discipline,65,30,35
20012,Rowman,frostmourne,1030,priest,discipline,24,11,13
20013,Hèáls,tichondrius,1028,priest,discipline,53,25,28
20014,Svrite,area-52,1024,priest,discipline,23,11,12
20015,Bakharftw,nemesis,1023,priest,discipline,28,17,11
20016,Ninbara,tichondrius,1023,priest,discipline,29,11,18
20017,Alomari,zuljin,1022,priest,discipline,20,12,8
20018,Astalail,emerald-dream,1022,priest,discipline,22,11,11
20019,Mxd,bleeding-hollow,1021,priest,discipline,20,12,8
20020,Mgfoxxie,scarlet-crusade,1020,priest,discipline,30,12,18
20021,Thadan,uldaman,1019,priest,discipline,24,11,13
20022,Sév,frostmane,1017,priest,discipline,190,89,101
20023,Gðttlich,stormrage,1016,priest,discipline,26,12,14
20024,Eluv,area-52,1016,priest,discipline,24,11,13
20025,Jèf,stormrage,1015,priest,discipline,23,11,12
20026,Nardhead,sargeras,1014,priest,discipline,24,12,12
20027,Profît,stormrage,1014,priest,discipline,24,12,12
20028,Wöödy,area-52,1013,priest,discipline,26,13,13
20029,Sublety,aerie-peak,1011,priest,discipline,30,14,16
20030,Uljinoo,blackwing-lair,1010,priest,discipline,32,13,19
20031,Drãith,magtheridon,1009,priest,discipline,24,12,12
20032,Macoa,zuljin,1009,priest,discipline,36,16,20
20033,Bisholan,frostwolf,1007,priest,discipline,27,12,15
20034,Dynopriest,kelthuzad,1007,priest,discipline,29,11,18
20035,Icemeilarda,illidan,1007,priest,discipline,35,13,22
20036,Lesserfaith,sargeras,1006,priest,discipline,21,11,10
20037,Jebadiia,tichondrius,1005,priest,discipline,28,12,16
20038,Safetyy,bleeding-hollow,1003,priest,discipline,23,11,12
20039,Lördgrim,stormrage,1002,priest,discipline,25,13,12
20040,Tikel,ragnaros,1001,priest,discipline,21,11,10
20041,Classifiedcc,illidan,997,priest,discipline,29,16,13
20042,Kerith,ragnaros,995,priest,discipline,22,15,7
20043,Ketone,malganis,995,priest,discipline,57,29,28
20044,Mottsarella,mugthol,993,priest,discipline,48,26,22
20045,Rescueherø,tichondrius,992,priest,discipline,24,14,10
20046,Cilpri,emerald-dream,991,priest,discipline,16,11,5
20047,Zaemyn,dalaran,987,priest,discipline,26,11,15
20048,Gäindalt,tichondrius,979,priest,discipline,17,11,6
20049,Diamontie,tichondrius,977,priest,discipline,26,16,10
20050,Alurand,bleeding-hollow,976,priest,discipline,18,11,7
20051,Chavkoraken,stormrage,976,priest,discipline,32,11,21
20052,Castnngcouch,tichondrius,975,priest,discipline,108,44,64
20053,Cellestine,aggramar,975,priest,discipline,31,11,20
20054,Tricklee,tichondrius,974,priest,discipline,17,11,6
20055,Fulldesire,dalaran,972,priest,discipline,21,13,8
20056,Sölemn,barthilas,971,priest,discipline,53,21,32
20057,Varbirttok,sargeras,969,priest,discipline,31,12,19
20058,Sharkda,frostmourne,965,priest,discipline,33,17,16
20059,Cezanne,tichondrius,961,priest,discipline,125,52,73
20060,Tesserak,tichondrius,961,priest,discipline,52,18,34
20061,Swaggie,skullcrusher,960,priest,discipline,12,10,2
20062,Plaguebaby,stormrage,960,priest,discipline,15,11,4
20063,Harlei,tichondrius,960,priest,discipline,18,11,7
20064,Shadina,gorefiend,960,priest,discipline,18,10,8
20065,Bswagxx,illidan,960,priest,discipline,18,10,8
20066,Likehisname,tichondrius,960,priest,discipline,18,10,8
20067,Jthealz,tichondrius,960,priest,discipline,18,10,8
20068,Cheechee,executus,960,priest,discipline,18,10,8
20069,Ahealer,alterac-mountains,960,priest,discipline,18,10,8
20070,Ggwizkaboo,tichondrius,960,priest,discipline,18,10,8
20071,Barley,chogall,960,priest,discipline,18,10,8
20072,Pitayakiller,tichondrius,960,priest,discipline,18,10,8
20073,Belielosong,moon-guard,960,priest,discipline,57,29,28
20074,Fotmtrash,the-underbog,960,priest,discipline,24,10,14
20075,Anyra,stormrage,960,priest,discipline,24,10,14
20076,Ajxoz,thrall,960,priest,discipline,24,10,14
20077,Summersetisl,tichondrius,960,priest,discipline,24,10,14
20078,Ppsp,azralon,959,priest,discipline,12,10,2
20079,Hm,the-scryers,959,priest,discipline,12,10,2
20080,Henchwoman,stormrage,959,priest,discipline,12,10,2
20081,Rustypinball,bleeding-hollow,959,priest,discipline,12,10,2
20082,Jinforever,tichondrius,959,priest,discipline,12,10,2
20083,Jylertason,kelthuzad,959,priest,discipline,18,10,8
20084,Csjy,illidan,959,priest,discipline,18,10,8
20085,Tamzy,eredar,959,priest,discipline,18,10,8
20086,Gamepass,tichondrius,959,priest,discipline,18,10,8
20087,Jzd,dreadmaul,959,priest,discipline,18,10,8
20088,Heltor,sargeras,959,priest,discipline,18,10,8
20089,Oduum,tichondrius,959,priest,discipline,18,10,8
20090,Pocket,alleria,959,priest,discipline,18,10,8
20091,Gutrìck,tichondrius,959,priest,discipline,18,10,8
20092,Budlyy,dalaran,959,priest,discipline,18,10,8
20093,Tshik,ragnaros,959,priest,discipline,24,10,14
20094,Narodiz,nemesis,959,priest,discipline,24,10,14
20095,Stylébender,tichondrius,959,priest,discipline,24,10,14
20096,Mosquito,tichondrius,959,priest,discipline,24,10,14
20097,Johadorr,shadowsong,959,priest,discipline,24,10,14
20098,Stynke,bleeding-hollow,959,priest,discipline,30,10,20
20099,Gránd,emerald-dream,959,priest,discipline,30,10,20
20100,Spx,frostmourne,958,priest,discipline,18,10,8
20101,Phrìke,illidan,958,priest,discipline,18,10,8
20102,Leliane,tichondrius,958,priest,discipline,18,10,8
20103,Overpriest,ragnaros,958,priest,discipline,18,10,8
20104,Xävier,farstriders,958,priest,discipline,24,10,14
20105,Rhennythal,tichondrius,958,priest,discipline,24,10,14
20106,Lavenderism,moon-guard,957,priest,discipline,18,10,8
20107,Senpriest,ragnaros,957,priest,discipline,18,10,8
20108,Wilburre,sargeras,957,priest,discipline,18,10,8
20109,Bigchalupaz,sargeras,957,priest,discipline,18,10,8
20110,Rellington,frostwolf,957,priest,discipline,24,10,14
20111,Chanyt,azralon,956,priest,discipline,12,10,2
20112,Rigityrekt,aggramar,956,priest,discipline,18,13,5
20113,Aexdawg,malganis,956,priest,discipline,18,10,8
20114,Huck,khazgoroth,955,priest,discipline,18,10,8
20115,Galaxypepe,medivh,955,priest,discipline,23,10,13
20116,Çõrlëøñè,illidan,955,priest,discipline,24,10,14
20117,Bachaterah,skullcrusher,955,priest,discipline,24,10,14
20118,Hanklin,lightnings-blade,954,priest,discipline,18,10,8
20119,Chinsta,tichondrius,954,priest,discipline,24,10,14
20120,Kerahk,drakkari,954,priest,discipline,26,10,16
20121,Anthoras,stormrage,953,priest,discipline,18,10,8
20122,Flagged,azgalor,953,priest,discipline,24,10,14
20123,Khaleth,suramar,953,priest,discipline,24,10,14
20124,Jessicä,malganis,952,priest,discipline,18,10,8
20125,Moomagic,sargeras,952,priest,discipline,30,11,19
20126,Gnralways,andorhal,952,priest,discipline,36,10,26
20127,Atyourcervix,emerald-dream,951,priest,discipline,18,10,8
20128,Daijoubu,lightnings-blade,951,priest,discipline,24,10,14
20129,Discbubbles,moonrunner,950,priest,discipline,18,10,8
20130,Zeas,moon-guard,950,priest,discipline,66,23,43
20131,Howdydoo,azshara,949,priest,discipline,31,10,21
20132,Atelios,azralon,948,priest,discipline,12,10,2
20133,Filterz,korgath,948,priest,discipline,24,10,14
20134,Samsunglions,tichondrius,947,priest,discipline,18,10,8
20135,Happydot,stormrage,947,priest,discipline,18,10,8
20136,Riotgearmd,sargeras,945,priest,discipline,18,10,8
20137,Magicßoy,magtheridon,945,priest,discipline,24,10,14
20138,Throwinshadê,stormrage,944,priest,discipline,72,36,36
20139,Spellpower,azralon,944,priest,discipline,24,10,14
20140,Praiz,tichondrius,942,priest,discipline,24,15,9
20141,Kloudypriest,moon-guard,940,priest,discipline,18,10,8
20142,Sisterdeáth,area-52,938,priest,discipline,24,11,13
20143,Chastised,moon-guard,937,priest,discipline,159,63,96
20144,Miel,kargath,935,priest,discipline,60,22,38
20145,Preezoo,tichondrius,932,priest,discipline,30,10,20
20146,Taedrid,stormrage,930,priest,discipline,36,10,26
20147,Toastedheal,stormreaver,927,priest,discipline,20,11,9
20148,Toastanator,wyrmrest-accord,924,priest,discipline,95,44,51
20149,Kauldër,illidan,924,priest,discipline,23,10,13
20150,Rymzxx,ragnaros,918,priest,discipline,19,11,8
20151,Luxah,bloodhoof,911,priest,discipline,15,11,4
20152,Mando,area-52,911,priest,discipline,20,12,8
20153,Twistedead,illidan,911,priest,discipline,21,11,10
20154,Voidwulf,azgalor,911,priest,discipline,101,49,52
20155,Kitenix,proudmoore,911,priest,discipline,29,10,19
20156,Discgolfsux,sargeras,909,priest,discipline,38,13,25
20157,Brock,lightbringer,905,priest,discipline,27,11,16
20158,Ðanté,the-venture-co,904,priest,discipline,22,13,9
20159,Kuell,ragnaros,904,priest,discipline,20,11,9
20160,Eluko,tichondrius,904,priest,discipline,21,11,10
20161,Haø,stormrage,902,priest,discipline,21,10,11
20162,Tootsieroll,dark-iron,901,priest,discipline,23,10,13
20163,Fujinpriest,azralon,894,priest,discipline,28,10,18
20164,Tezcatyo,area-52,891,priest,discipline,17,10,7
20165,Khinthazin,barthilas,878,priest,discipline,42,20,22
20166,Dotsfortots,malfurion,878,priest,discipline,23,10,13
20167,Crutch,blackhand,864,priest,discipline,12,9,3
20168,Arfaxad,quelthalas,864,priest,discipline,12,9,3
20169,Gillette,thunderlord,864,priest,discipline,12,9,3
20170,Néy,illidan,864,priest,discipline,12,9,3
20171,Ksâh,bleeding-hollow,864,priest,discipline,12,9,3
20172,Squiddyjr,tichondrius,864,priest,discipline,12,9,3
20173,Exøtic,tichondrius,864,priest,discipline,12,9,3
20174,Mswatermelon,malganis,864,priest,discipline,16,10,6
20175,Marcalus,garrosh,864,priest,discipline,15,9,6
20176,Holyster,tichondrius,864,priest,discipline,18,9,9
20177,Zlowbly,ragnaros,864,priest,discipline,18,9,9
20178,Ilovedailies,frostmourne,864,priest,discipline,18,9,9
20179,Gekko,azgalor,864,priest,discipline,18,9,9
20180,Kiriko,mannoroth,864,priest,discipline,18,9,9
20181,Cinnalite,darkspear,864,priest,discipline,18,9,9
20182,Hyoeun,dragonmaw,864,priest,discipline,18,9,9
20183,Biggunsaint,icecrown,864,priest,discipline,18,9,9
20184,Sinnskløft,tichondrius,864,priest,discipline,18,9,9
20185,Toteme,proudmoore,864,priest,discipline,18,9,9
20186,Powerwordwap,malganis,864,priest,discipline,18,9,9
20187,Healthyadult,zuluhed,864,priest,discipline,18,9,9
20188,Arcmage,malganis,864,priest,discipline,18,9,9
20189,Phurbosjr,sargeras,864,priest,discipline,18,9,9
20190,Challengerz,suramar,864,priest,discipline,18,9,9
20191,Voidgames,area-52,864,priest,discipline,24,9,15
20192,Dakp,sargeras,864,priest,discipline,24,9,15
20193,Dasaq,sargeras,864,priest,discipline,24,9,15
20194,Lostmind,malganis,864,priest,discipline,24,9,15
20195,Soulcleave,dark-iron,864,priest,discipline,24,9,15
20196,Lampvpgerl,illidan,864,priest,discipline,30,9,21
20197,Qipriest,tichondrius,864,priest,discipline,36,9,27
20198,Davinatrans,azralon,863,priest,discipline,12,9,3
20199,Stroserous,hyjal,863,priest,discipline,12,9,3
20200,Starpass,illidan,863,priest,discipline,12,9,3
20201,Djxkidrock,moon-guard,863,priest,discipline,12,9,3
20202,Helleamh,tichondrius,863,priest,discipline,12,9,3
20203,Fugazy,barthilas,863,priest,discipline,18,9,9
20204,Oprst,tichondrius,863,priest,discipline,18,9,9
20205,Iamrisen,tichondrius,863,priest,discipline,18,9,9
20206,Frotters,kiljaeden,863,priest,discipline,18,9,9
20207,Digop,azralon,863,priest,discipline,18,9,9
20208,Galestick,illidan,863,priest,discipline,18,9,9
20209,Dojacatx,frostmourne,863,priest,discipline,24,9,15
20210,Stormìst,korgath,862,priest,discipline,12,9,3
20211,Mothra,ragnaros,862,priest,discipline,12,9,3
20212,Priestsz,stormrage,862,priest,discipline,12,9,3
20213,Defilex,tichondrius,862,priest,discipline,12,9,3
20214,Rondrica,stormscale,862,priest,discipline,18,9,9
20215,Neuroflex,proudmoore,862,priest,discipline,18,9,9
20216,Ppomx,tichondrius,862,priest,discipline,18,9,9
20217,Absørptiøn,area-52,862,priest,discipline,18,9,9
20218,Redclover,tichondrius,862,priest,discipline,18,9,9
20219,Lacerating,illidan,862,priest,discipline,18,9,9
20220,Tyrea,kiljaeden,862,priest,discipline,18,9,9
20221,Satanshealer,terokkar,862,priest,discipline,18,9,9
20222,Padragon,tichondrius,862,priest,discipline,24,9,15
20223,Thelondon,tichondrius,861,priest,discipline,15,10,5
20224,Sinnertitanz,quelthalas,861,priest,discipline,18,9,9
20225,Dipadre,azralon,861,priest,discipline,18,9,9
20226,Discountay,burning-legion,861,priest,discipline,18,9,9
20227,Blinxed,tichondrius,861,priest,discipline,24,9,15
20228,Ayakoji,proudmoore,861,priest,discipline,24,9,15
20229,Séraphin,proudmoore,860,priest,discipline,19,11,8
20230,Imcringing,illidan,860,priest,discipline,18,9,9
20231,Moresbo,frostmourne,859,priest,discipline,18,9,9
20232,Greif,garrosh,859,priest,discipline,18,9,9
20233,Divinity,hellscream,858,priest,discipline,24,9,15
20234,Talbadontu,thrall,856,priest,discipline,24,9,15
20235,Caiitlynn,quelthalas,856,priest,discipline,24,9,15
20236,Eîr,tichondrius,856,priest,discipline,30,9,21
20237,Maiyennefer,proudmoore,855,priest,discipline,24,9,15
20238,Igotdots,scilla,854,priest,discipline,42,18,24
20239,Coachbombae,tichondrius,853,priest,discipline,12,9,3
20240,Mangoes,scilla,853,priest,discipline,20,9,11
20241,Menorsita,tichondrius,853,priest,discipline,24,9,15
20242,Zolibeth,azshara,851,priest,discipline,12,9,3
20243,Whitegirlirl,blackrock,850,priest,discipline,12,9,3
20244,Honeyweiss,cairne,850,priest,discipline,18,9,9
20245,Youngboys,stormreaver,848,priest,discipline,24,15,9
20246,Frostslime,area-52,848,priest,discipline,24,9,15
20247,Brahskeet,illidan,841,priest,discipline,30,9,21
20248,Thelonioüs,tichondrius,832,priest,discipline,55,20,35
20249,Rockrock,zuljin,831,priest,discipline,14,11,3
20250,Onineko,bleeding-hollow,830,priest,discipline,23,9,14
20251,Serana,maelstrom,822,priest,discipline,95,46,49
20252,Faxingberlin,sargeras,814,priest,discipline,29,9,20
20253,Shadowdeathx,bleeding-hollow,813,priest,discipline,17,9,8
20254,Lilbabynaga,stormrage,808,priest,discipline,21,10,11
20255,Wellheeled,norgannon,806,priest,discipline,21,9,12
20256,Painpaws,moon-guard,800,priest,discipline,16,9,7
20257,Slaac,malfurion,799,priest,discipline,17,9,8
20258,Aladdinlol,tichondrius,799,priest,discipline,28,9,19
20259,Carbonated,zuljin,798,priest,discipline,11,9,2
20260,Goldenfatty,blackrock,798,priest,discipline,20,9,11
20261,Ðrip,burning-legion,796,priest,discipline,16,9,7
20262,Unholydomina,zuljin,794,priest,discipline,15,9,6
20263,Cityboyy,tichondrius,784,priest,discipline,19,9,10
20264,Winston,tichondrius,784,priest,discipline,19,9,10
20265,Aupascamarad,tichondrius,783,priest,discipline,17,9,8
20266,Deusthanatos,medivh,783,priest,discipline,23,9,14
20267,Caz,sargeras,775,priest,discipline,24,12,12
20268,Censyz,tichondrius,768,priest,discipline,12,8,4
20269,Qohoo,tichondrius,768,priest,discipline,12,8,4
20270,Airalia,bleeding-hollow,768,priest,discipline,12,8,4
20271,Spriestbro,emerald-dream,768,priest,discipline,12,8,4
20272,Voltekkeh,tichondrius,768,priest,discipline,12,8,4
20273,Discipline,the-scryers,768,priest,discipline,12,8,4
20274,Criiltwo,area-52,768,priest,discipline,12,8,4
20275,Saintpleb,sargeras,768,priest,discipline,12,8,4
20276,Blesstwo,ragnaros,768,priest,discipline,12,8,4
20277,Bananass,sargeras,768,priest,discipline,12,8,4
20278,Tastyloads,illidan,768,priest,discipline,12,8,4
20279,Chocopp,illidan,768,priest,discipline,12,8,4
20280,Yansuanmu,tichondrius,768,priest,discipline,12,8,4
20281,Testzpriests,dalaran,768,priest,discipline,12,8,4
20282,Heeka,kelthuzad,768,priest,discipline,12,8,4
20283,Xzliak,area-52,768,priest,discipline,12,8,4
20284,Ñightelf,area-52,768,priest,discipline,12,8,4
20285,Lovesthebox,frostmourne,768,priest,discipline,12,8,4
20286,Joeyslaps,frostwolf,768,priest,discipline,12,8,4
20287,Myòvó,tichondrius,768,priest,discipline,12,8,4
20288,Soloqqt,tichondrius,768,priest,discipline,12,8,4
20289,Müsic,stormrage,768,priest,discipline,12,8,4
20290,Soupbean,zuljin,768,priest,discipline,12,8,4
20291,Evèlyn,dathremar,768,priest,discipline,12,8,4
20292,Nasser,tichondrius,768,priest,discipline,12,8,4
20293,Fullfear,lothar,768,priest,discipline,12,8,4
20294,Curiosities,kiljaeden,768,priest,discipline,12,8,4
20295,Melielectra,tichondrius,768,priest,discipline,18,8,10
20296,Shadowchaos,malganis,768,priest,discipline,18,8,10
20297,Veiveilol,tichondrius,768,priest,discipline,18,8,10
20298,Dehf,bleeding-hollow,768,priest,discipline,18,8,10
20299,Sotore,bleeding-hollow,768,priest,discipline,18,8,10
20300,Jacqueline,tichondrius,768,priest,discipline,18,8,10
20301,Kck,sentinels,768,priest,discipline,18,8,10
20302,Reginaa,nemesis,768,priest,discipline,18,8,10
20303,Diwara,ragnaros,768,priest,discipline,18,8,10
20304,Troja,malganis,768,priest,discipline,18,8,10
20305,Sussywussy,stormrage,768,priest,discipline,18,8,10
20306,Aikinorz,tichondrius,768,priest,discipline,18,8,10
20307,Smiliebomb,tichondrius,768,priest,discipline,18,8,10
20308,Gödtier,frostwolf,768,priest,discipline,18,8,10
20309,Amayå,kelthuzad,768,priest,discipline,18,8,10
20310,Sontïx,sargeras,768,priest,discipline,18,8,10
20311,Derpmodé,staghelm,768,priest,discipline,18,8,10
20312,Manbelow,bleeding-hollow,768,priest,discipline,27,9,18
20313,Byck,tichondrius,768,priest,discipline,24,8,16
20314,Dylan,shuhalo,768,priest,discipline,24,8,16
20315,Melshiesty,stormrage,768,priest,discipline,24,8,16
20316,Voidrisu,sargeras,768,priest,discipline,24,8,16
20317,Archeo,area-52,768,priest,discipline,24,8,16
20318,Mavalie,zuljin,768,priest,discipline,24,8,16
20319,Hugeshield,stormrage,768,priest,discipline,24,8,16
20320,Robdàwg,illidan,768,priest,discipline,24,8,16
20321,Muffinboy,illidan,768,priest,discipline,24,8,16
20322,Lelyna,stormrage,767,priest,discipline,12,8,4
20323,Jabreez,illidan,767,priest,discipline,12,8,4
20324,Alarisa,chogall,767,priest,discipline,12,8,4
20325,Shinemyhead,stormrage,767,priest,discipline,12,8,4
20326,Kencyy,tichondrius,767,priest,discipline,12,8,4
20327,Iulu,doomhammer,767,priest,discipline,12,8,4
20328,Urgetopurge,dunemaul,767,priest,discipline,12,8,4
20329,Rainny,proudmoore,767,priest,discipline,12,8,4
20330,Powerranger,senjin,767,priest,discipline,12,8,4
20331,Ryuuka,sargeras,767,priest,discipline,12,8,4
20332,Lucènt,frostmourne,767,priest,discipline,12,8,4
20333,Icônz,malganis,767,priest,discipline,12,8,4
20334,Elkies,area-52,767,priest,discipline,12,8,4
20335,Bårriër,darkspear,767,priest,discipline,15,8,7
20336,Kynsias,stormrage,767,priest,discipline,15,8,7
20337,Sukmysplooge,queldorei,767,priest,discipline,18,8,10
20338,Hellsembrace,lightbringer,767,priest,discipline,18,8,10
20339,Kinkypriest,tichondrius,767,priest,discipline,18,8,10
20340,Holyslap,nerzhul,767,priest,discipline,18,8,10
20341,Datspice,stormrage,767,priest,discipline,18,8,10
20342,Therialjp,ragnaros,767,priest,discipline,18,8,10
20343,Ohgiddy,dalaran,767,priest,discipline,18,8,10
20344,Celf,ragnaros,767,priest,discipline,18,8,10
20345,Zyklonova,frostmourne,767,priest,discipline,18,8,10
20346,Analiesa,moon-guard,767,priest,discipline,18,8,10
20347,Howiecakes,bloodhoof,767,priest,discipline,27,9,18
20348,Fatherdan,blackrock,767,priest,discipline,24,8,16
20349,Èuneekz,thrall,767,priest,discipline,24,8,16
20350,Oniizanagi,thrall,767,priest,discipline,24,8,16
20351,Healmegently,bonechewer,767,priest,discipline,24,8,16
20352,Yürika,emerald-dream,767,priest,discipline,24,8,16
20353,Juniorfloyd,tichondrius,766,priest,discipline,12,8,4
20354,Dorós,coilfang,766,priest,discipline,12,8,4
20355,Ðåmìéñ,tichondrius,766,priest,discipline,12,8,4
20356,Lilazngirl,stormrage,766,priest,discipline,12,8,4
20357,Xhaajyh,area-52,766,priest,discipline,12,8,4
20358,Abzorbed,stormrage,766,priest,discipline,12,8,4
20359,Gõd,zuluhed,766,priest,discipline,18,8,10
20360,Spriest,kul-tiras,766,priest,discipline,18,8,10
20361,Pollyphia,kiljaeden,765,priest,discipline,12,8,4
20362,Bandaidvibes,tichondrius,765,priest,discipline,12,8,4
20363,Healrat,thrall,764,priest,discipline,18,8,10
20364,Itchybubble,emerald-dream,763,priest,discipline,12,8,4
20365,Lätöxïkä,alleria,763,priest,discipline,17,8,9
20366,Rókue,silvermoon,763,priest,discipline,18,8,10
20367,Squatrack,tichondrius,763,priest,discipline,24,8,16
20368,Badazzfrank,tichondrius,762,priest,discipline,18,8,10
20369,Fluxus,sargeras,760,priest,discipline,12,8,4
20370,Cheuksin,korgath,759,priest,discipline,12,8,4
20371,Whitepi,tichondrius,751,priest,discipline,21,9,12
20372,Peacebewithu,echo-isles,749,priest,discipline,12,8,4
20373,Iseeyoulookn,stormrage,743,priest,discipline,23,10,13
20374,Valith,bleeding-hollow,735,priest,discipline,16,9,7
20375,Pokebox,frostmourne,735,priest,discipline,16,8,8
20376,Foxspritques,area-52,734,priest,discipline,28,8,20
20377,Itssehctap,chogall,732,priest,discipline,14,9,5
20378,Aloragon,tichondrius,732,priest,discipline,17,8,9
20379,Mydranol,tichondrius,732,priest,discipline,23,8,15
20380,Muhfinx,tichondrius,719,priest,discipline,11,8,3
20381,Invoice,bloodscalp,719,priest,discipline,17,8,9
20382,Holypuffs,burning-legion,719,priest,discipline,17,8,9
20383,Pðpë,area-52,718,priest,discipline,11,8,3
20384,Clarity,arthas,718,priest,discipline,15,9,6
20385,Ivf,darrowmere,714,priest,discipline,29,10,19
20386,Inmøthep,ragnaros,713,priest,discipline,22,9,13
20387,Trashdiscx,stormrage,707,priest,discipline,25,11,14
20388,Bigdaddios,dalaran,703,priest,discipline,17,8,9
20389,Drethor,saurfang,702,priest,discipline,16,8,8
20390,Azrïel,mannoroth,700,priest,discipline,17,8,9
20391,Styléßéndérx,illidan,687,priest,discipline,11,8,3
20392,Gdessairmed,exodar,686,priest,discipline,19,8,11
20393,Healyoudead,draenor,685,priest,discipline,29,8,21
20394,Läsombra,area-52,684,priest,discipline,17,9,8
20395,Termiina,hyjal,684,priest,discipline,25,8,17
20396,Dirtydebbie,lightnings-blade,672,priest,discipline,12,7,5
20397,Walpurgis,skywall,672,priest,discipline,12,7,5
20398,Kymomeh,sargeras,672,priest,discipline,12,7,5
20399,Anmu,illidan,672,priest,discipline,12,7,5
20400,Teiam,skullcrusher,672,priest,discipline,12,7,5
20401,Hypes,korgath,672,priest,discipline,12,7,5
20402,Kencys,tichondrius,672,priest,discipline,12,7,5
20403,Ffej,bleeding-hollow,672,priest,discipline,12,7,5
20404,Greyx,moon-guard,672,priest,discipline,12,7,5
20405,Aeyde,proudmoore,672,priest,discipline,12,7,5
20406,Vels,blackrock,672,priest,discipline,12,7,5
20407,Thewaker,tichondrius,672,priest,discipline,12,7,5
20408,Sadsadge,sargeras,672,priest,discipline,12,7,5
20409,Sentenel,duskwood,672,priest,discipline,12,7,5
20410,Raivn,illidan,672,priest,discipline,12,7,5
20411,Niik,tichondrius,672,priest,discipline,12,7,5
20412,Mattgarska,tichondrius,672,priest,discipline,12,7,5
20413,Skcits,sargeras,672,priest,discipline,12,7,5
20414,Bnn,arathor,672,priest,discipline,12,7,5
20415,Tekneeq,barthilas,672,priest,discipline,12,7,5
20416,Sibble,boulderfist,672,priest,discipline,12,7,5
20417,Iol,spinebreaker,672,priest,discipline,12,7,5
20418,Carboload,thrall,672,priest,discipline,12,7,5
20419,Fäÿë,tichondrius,672,priest,discipline,12,7,5
20420,Littlehcl,tichondrius,672,priest,discipline,12,7,5
20421,Clevelandboy,blackrock,672,priest,discipline,12,7,5
20422,Washdp,frostmourne,672,priest,discipline,12,7,5
20423,Omsi,emerald-dream,672,priest,discipline,12,7,5
20424,Dráugr,ragnaros,672,priest,discipline,12,7,5
20425,Littleshower,illidan,672,priest,discipline,12,7,5
20426,Nosgoróth,quelthalas,672,priest,discipline,12,7,5
20427,Kazgry,illidan,672,priest,discipline,12,7,5
20428,Marethelia,stonemaul,672,priest,discipline,12,7,5
20429,Afflickzz,kelthuzad,672,priest,discipline,12,7,5
20430,Wbu,frostmourne,672,priest,discipline,12,7,5
20431,Taboogie,tichondrius,672,priest,discipline,12,7,5
20432,Vaticly,hyjal,672,priest,discipline,12,7,5
20433,Siddhar,illidan,672,priest,discipline,13,7,6
20434,Tîg,nemesis,672,priest,discipline,15,7,8
20435,Dawgshiz,tichondrius,672,priest,discipline,16,7,9
20436,Xayda,area-52,672,priest,discipline,18,7,11
20437,Iwillrezguys,tichondrius,672,priest,discipline,18,7,11
20438,Mastahspell,illidan,672,priest,discipline,18,7,11
20439,Mudbuttman,kelthuzad,672,priest,discipline,18,7,11
20440,Meepsw,stormrage,672,priest,discipline,18,7,11
20441,Legó,illidan,672,priest,discipline,18,7,11
20442,Joeybats,frostwolf,672,priest,discipline,18,7,11
20443,Louisé,hydraxis,672,priest,discipline,18,7,11
20444,Jugeum,proudmoore,672,priest,discipline,18,7,11
20445,Jagsp,area-52,672,priest,discipline,18,7,11
20446,Dawnsy,arygos,672,priest,discipline,18,7,11
20447,Aryeinna,illidan,672,priest,discipline,18,7,11
20448,Rigotakx,illidan,672,priest,discipline,18,7,11
20449,Whateverbrah,tichondrius,672,priest,discipline,21,8,13
20450,Stríkes,emerald-dream,672,priest,discipline,24,7,17
20451,Horzp,bleeding-hollow,672,priest,discipline,24,7,17
20452,Lamont,archimonde,672,priest,discipline,24,7,17
20453,Clerkbum,emerald-dream,671,priest,discipline,12,7,5
20454,Debigheal,stormrage,671,priest,discipline,12,7,5
20455,Popeofdope,queldorei,671,priest,discipline,12,7,5
20456,Lucsor,malganis,671,priest,discipline,12,7,5
20457,Bombinburbon,durotan,671,priest,discipline,12,7,5
20458,Beocca,nerzhul,671,priest,discipline,12,7,5
20459,Jeremey,darkspear,671,priest,discipline,12,7,5
20460,Worthy,runetotem,671,priest,discipline,12,7,5
20461,Trinidy,illidan,671,priest,discipline,12,7,5
20462,Lightschosen,malganis,671,priest,discipline,12,7,5
20463,Honypot,ysondre,671,priest,discipline,12,7,5
20464,Arodar,wyrmrest-accord,671,priest,discipline,12,7,5
20465,Xiöm,quelthalas,671,priest,discipline,12,7,5
20466,Bakerstr,tichondrius,671,priest,discipline,12,7,5
20467,Travakel,proudmoore,671,priest,discipline,12,7,5
20468,Methodist,sargeras,671,priest,discipline,12,7,5
20469,Demonwizard,sargeras,671,priest,discipline,12,7,5
20470,Maenard,emerald-dream,671,priest,discipline,12,7,5
20471,Mahelet,drakkari,671,priest,discipline,12,7,5
20472,Fatherjerry,kiljaeden,671,priest,discipline,12,7,5
20473,Unholyio,barthilas,671,priest,discipline,12,7,5
20474,Linlight,stormrage,671,priest,discipline,12,7,5
20475,Nenemsis,drakkari,671,priest,discipline,12,7,5
20476,Zarfs,burning-blade,671,priest,discipline,12,7,5
20477,ßoogey,tichondrius,671,priest,discipline,18,7,11
20478,Randomheal,dunemaul,671,priest,discipline,18,7,11
20479,Sreykalip,frostmourne,671,priest,discipline,18,7,11
20480,Canharm,tichondrius,671,priest,discipline,18,7,11
20481,Adofthealer,illidan,671,priest,discipline,18,7,11
20482,Vania,tortheldrin,671,priest,discipline,18,7,11
20483,Shastyr,tichondrius,671,priest,discipline,24,7,17
20484,Jeresh,sargeras,671,priest,discipline,36,7,29
20485,Lavvari,durotan,670,priest,discipline,12,7,5
20486,Antìdote,tichondrius,670,priest,discipline,12,7,5
20487,Panelopie,maiev,670,priest,discipline,12,7,5
20488,Xð,jubeithos,670,priest,discipline,12,7,5
20489,Jivita,lightbringer,670,priest,discipline,12,7,5
20490,Donus,frostmane,670,priest,discipline,12,7,5
20491,Textmepls,barthilas,670,priest,discipline,12,7,5
20492,Thrudarkness,thrall,670,priest,discipline,12,7,5
20493,Kaeshia,proudmoore,670,priest,discipline,12,7,5
20494,Angelicduck,illidan,670,priest,discipline,12,7,5
20495,Spiceenjoyer,emerald-dream,670,priest,discipline,15,8,7
20496,Feelmyheels,frostmourne,669,priest,discipline,12,7,5
20497,Exsufficate,frostmourne,669,priest,discipline,13,7,6
20498,Gabryanna,emerald-dream,669,priest,discipline,18,7,11
20499,Evelien,kiljaeden,669,priest,discipline,24,7,17
20500,Jikoguu,stormscale,669,priest,discipline,24,7,17
20501,Nielic,arygos,668,priest,discipline,12,7,5
20502,Albertth,ragnaros,668,priest,discipline,18,7,11
20503,Butterblessr,thunderlord,668,priest,discipline,19,7,12
20504,Mortecraft,sargeras,666,priest,discipline,12,7,5
20505,Tenet,stormscale,666,priest,discipline,18,7,11
20506,Crossblesser,alleria,663,priest,discipline,12,7,5
20507,Alterboy,garrosh,658,priest,discipline,12,7,5
20508,Neutrino,quelthalas,655,priest,discipline,17,7,10
20509,Rcx,sargeras,655,priest,discipline,17,7,10
20510,Ibangedaqt,malganis,647,priest,discipline,26,11,15
20511,Elomszz,tichondrius,640,priest,discipline,16,7,9
20512,Unholyshield,frostmourne,639,priest,discipline,11,7,4
20513,Spicer,eredar,639,priest,discipline,11,7,4
20514,Creamedcorn,tichondrius,639,priest,discipline,11,7,4
20515,Gankchange,tichondrius,639,priest,discipline,14,8,6
20516,Sofluffy,burning-blade,638,priest,discipline,17,7,10
20517,Lalo,bleeding-hollow,638,priest,discipline,23,7,16
20518,Fumes,ghostlands,638,priest,discipline,24,7,17
20519,Jeffo,baelgun,636,priest,discipline,17,7,10
20520,Futatsi,zuljin,634,priest,discipline,23,7,16
20521,Kaizzen,gorgonnash,633,priest,discipline,11,7,4
20522,Aerîs,magtheridon,633,priest,discipline,28,8,20
20523,Briefs,stormrage,624,priest,discipline,9,8,1
20524,Swagacious,malganis,624,priest,discipline,13,8,5
20525,Radgars,frostmourne,623,priest,discipline,9,7,2
20526,Holysmegma,dreadmaul,623,priest,discipline,11,7,4
20527,Archcerion,stormreaver,621,priest,discipline,15,8,7
20528,Methodist,proudmoore,618,priest,discipline,22,8,14
20529,Forober,queldorei,616,priest,discipline,37,13,24
20530,Meatguzzler,tichondrius,607,priest,discipline,11,7,4
20531,Åffliction,sargeras,607,priest,discipline,11,7,4
20532,Coolzo,dethecus,607,priest,discipline,14,8,6
20533,Astroluma,illidan,607,priest,discipline,17,7,10
20534,Played,dark-iron,607,priest,discipline,26,7,19
20535,Codiroli,tichondrius,606,priest,discipline,14,7,7
20536,Pyta,frostmourne,606,priest,discipline,14,7,7
20537,Forprophet,proudmoore,606,priest,discipline,22,7,15
20538,Dreamskull,aegwynn,605,priest,discipline,14,7,7
20539,Athzziry,ragnaros,599,priest,discipline,21,7,14
20540,Gnepe,sargeras,591,priest,discipline,14,7,7
20541,Syndrox,kelthuzad,576,priest,discipline,6,6,0
20542,Porffy,malygos,576,priest,discipline,6,6,0
20543,Càptain,moon-guard,576,priest,discipline,6,6,0
20544,Delai,dalaran,576,priest,discipline,6,6,0
20545,Wizeau,dalaran,576,priest,discipline,6,6,0
20546,Thirddps,illidan,576,priest,discipline,6,6,0
20547,Septmoon,tichondrius,576,priest,discipline,6,6,0
20548,Fashion,bleeding-hollow,576,priest,discipline,6,6,0
20549,Pearl,chogall,576,priest,discipline,6,6,0
20550,Zygotes,tichondrius,576,priest,discipline,6,6,0
20551,Eldoras,zuljin,576,priest,discipline,6,6,0
20552,Euphotic,tichondrius,576,priest,discipline,6,6,0
20553,Healia,tichondrius,576,priest,discipline,6,6,0
20554,Jpgpng,tichondrius,576,priest,discipline,12,6,6
20555,Napr,proudmoore,576,priest,discipline,12,6,6
20556,Nokzo,dalaran,576,priest,discipline,12,6,6
20557,Kawasakix,tichondrius,576,priest,discipline,12,6,6
20558,Neep,turalyon,576,priest,discipline,12,6,6
20559,Scripture,stormreaver,576,priest,discipline,12,6,6
20560,Barrenbuffet,zuljin,576,priest,discipline,12,6,6
20561,Wabie,illidan,576,priest,discipline,12,6,6
20562,Bigsàd,proudmoore,576,priest,discipline,12,6,6
20563,Bhoyka,ragnaros,576,priest,discipline,12,6,6
20564,Shwayp,zuljin,576,priest,discipline,12,6,6
20565,Bladam,bleeding-hollow,576,priest,discipline,12,6,6
20566,Pissfeet,tichondrius,576,priest,discipline,12,6,6
20567,Bloodfaith,stormrage,576,priest,discipline,12,6,6
20568,Darkinfusion,illidan,576,priest,discipline,12,6,6
20569,Kencyx,tichondrius,576,priest,discipline,12,6,6
20570,Glitterballs,khazgoroth,576,priest,discipline,12,6,6
20571,Purpskurp,stormrage,576,priest,discipline,12,6,6
20572,Mthwz,tichondrius,576,priest,discipline,12,6,6
20573,Drerrdaytv,kelthuzad,576,priest,discipline,12,6,6
20574,Decades,moon-guard,576,priest,discipline,12,6,6
20575,Randompreest,stormrage,576,priest,discipline,12,6,6
20576,Treri,bleeding-hollow,576,priest,discipline,12,6,6
20577,Cency,tichondrius,576,priest,discipline,12,6,6
20578,Cäpriestsunn,thrall,576,priest,discipline,12,6,6
20579,Azurestorm,tichondrius,576,priest,discipline,12,6,6
20580,Wodpriestx,stormrage,576,priest,discipline,12,6,6
20581,Saintjpii,tichondrius,576,priest,discipline,12,6,6
20582,Prostrat,deathwing,576,priest,discipline,12,6,6
20583,Chicoryx,illidan,576,priest,discipline,12,6,6
20584,Ilovemia,zuljin,576,priest,discipline,12,6,6
20585,Lemmiewinkzx,sargeras,576,priest,discipline,12,6,6
20586,Nisagerx,tichondrius,576,priest,discipline,12,6,6
20587,Ariste,tichondrius,576,priest,discipline,12,6,6
20588,Imfresh,illidan,576,priest,discipline,12,6,6
20589,Moselol,tichondrius,576,priest,discipline,12,6,6
20590,Xiaochenchen,tichondrius,576,priest,discipline,12,6,6
20591,Flarkyllama,area-52,576,priest,discipline,12,6,6
20592,Inukimi,sargeras,576,priest,discipline,12,6,6
20593,Epik,moknathal,576,priest,discipline,12,6,6
20594,Punchyxz,illidan,576,priest,discipline,12,6,6
20595,Ultradumb,ragnaros,576,priest,discipline,12,6,6
20596,Lisau,tichondrius,576,priest,discipline,12,6,6
20597,Teddyy,tichondrius,576,priest,discipline,12,6,6
20598,Syncope,garona,576,priest,discipline,12,6,6
20599,Marshpillow,barthilas,576,priest,discipline,12,6,6
20600,Metius,smolderthorn,576,priest,discipline,12,6,6
20601,Janna,jubeithos,576,priest,discipline,12,6,6
20602,Nelfpriest,khadgar,576,priest,discipline,12,6,6
20603,Redkiwi,illidan,576,priest,discipline,12,6,6
20604,Jùdas,ravencrest,576,priest,discipline,12,6,6
20605,Wv,kelthuzad,576,priest,discipline,12,6,6
20606,Padrë,tichondrius,576,priest,discipline,12,6,6
20607,Wøah,stormrage,576,priest,discipline,12,6,6
20608,Seléne,tichondrius,576,priest,discipline,12,6,6
20609,Jinais,zuluhed,576,priest,discipline,12,6,6
20610,Stankychimpo,malganis,576,priest,discipline,12,6,6
20611,Spacecowboyz,stormrage,576,priest,discipline,12,6,6
20612,Thelastfight,frostmourne,576,priest,discipline,12,6,6
20613,Fatherjohnny,azuremyst,576,priest,discipline,12,6,6
20614,Meshuggah,archimonde,576,priest,discipline,12,6,6
20615,Tuxen,wyrmrest-accord,576,priest,discipline,12,6,6
20616,Zerola,sargeras,576,priest,discipline,12,6,6
20617,Celypriest,moon-guard,576,priest,discipline,12,6,6
20618,Shoepooper,kelthuzad,576,priest,discipline,12,6,6
20619,Slobmygnob,illidan,576,priest,discipline,12,6,6
20620,Aloxc,drakkari,576,priest,discipline,12,6,6
20621,Physics,frostmane,576,priest,discipline,12,6,6
20622,Nikkazul,drakkari,576,priest,discipline,12,6,6
20623,Trezz,hakkar,576,priest,discipline,12,6,6
20624,Saelomism,frostmourne,576,priest,discipline,12,6,6
20625,Hårper,area-52,576,priest,discipline,18,6,12
20626,Slthrysnake,area-52,576,priest,discipline,18,6,12
20627,Keepsleepin,stormrage,576,priest,discipline,18,6,12
20628,Ancilx,area-52,576,priest,discipline,18,6,12
20629,Oymay,illidan,576,priest,discipline,18,6,12
20630,Dgpriest,tichondrius,576,priest,discipline,18,6,12
20631,Fartnutts,dalaran,576,priest,discipline,18,6,12
20632,Ärchangél,tichondrius,576,priest,discipline,18,6,12
20633,Jiedx,tichondrius,576,priest,discipline,18,6,12
20634,Repriest,malganis,576,priest,discipline,18,6,12
20635,Jazmiine,ragnaros,576,priest,discipline,18,6,12
20636,Synaptikk,proudmoore,576,priest,discipline,18,6,12
20637,Dots,tichondrius,576,priest,discipline,18,6,12
20638,Walterwhite,bleeding-hollow,576,priest,discipline,18,6,12
20639,Luhhx,sargeras,576,priest,discipline,18,6,12
20640,Asmødeus,bleeding-hollow,576,priest,discipline,18,6,12
20641,Sandelios,aggramar,576,priest,discipline,18,6,12
20642,Çørrúptíøñz,tichondrius,576,priest,discipline,18,6,12
20643,Renfury,bleeding-hollow,576,priest,discipline,18,6,12
20644,Priestmass,dalaran,576,priest,discipline,18,6,12
20645,Peaky,moonrunner,576,priest,discipline,18,6,12
20646,Buqisama,barthilas,576,priest,discipline,20,6,14
20647,Mylà,ragnaros,576,priest,discipline,20,6,14
20648,Cûrry,bleeding-hollow,576,priest,discipline,24,6,18
20649,Felixfire,moon-guard,576,priest,discipline,24,6,18
20650,Drupith,dalaran,576,priest,discipline,24,6,18
20651,Nachòs,wildhammer,575,priest,discipline,6,6,0
20652,Astrìx,tichondrius,575,priest,discipline,6,6,0
20653,Kephrek,eonar,575,priest,discipline,6,6,0
20654,Wickedmoon,emerald-dream,575,priest,discipline,12,6,6
20655,Lúçíd,sargeras,575,priest,discipline,12,6,6
20656,Yvága,ragnaros,575,priest,discipline,12,6,6
20657,Jeraphìm,tichondrius,575,priest,discipline,12,6,6
20658,Exanthrope,stormrage,575,priest,discipline,12,6,6
20659,Kajagoogoö,emerald-dream,575,priest,discipline,12,6,6
20660,Lobstersock,malganis,575,priest,discipline,12,6,6
20661,Preachermang,laughing-skull,575,priest,discipline,12,6,6
20662,Imhotap,illidan,575,priest,discipline,12,6,6
20663,Silveri,thrall,575,priest,discipline,12,6,6
20664,Healdog,thrall,575,priest,discipline,12,6,6
20665,Threlad,elune,575,priest,discipline,12,6,6
20666,Göats,emerald-dream,575,priest,discipline,12,6,6
20667,Brahmin,nazjatar,575,priest,discipline,12,6,6
20668,Discotecno,tichondrius,575,priest,discipline,12,6,6
20669,Moarhaste,kelthuzad,575,priest,discipline,12,6,6
20670,Aanora,illidan,575,priest,discipline,12,6,6
20671,Aybaby,kiljaeden,575,priest,discipline,12,6,6
20672,Uncensøred,tichondrius,575,priest,discipline,12,6,6
20673,Pacopriest,tichondrius,575,priest,discipline,12,6,6
20674,Demimo,frostwolf,575,priest,discipline,12,6,6
20675,Peeinbottles,stormrage,575,priest,discipline,16,7,9
20676,Biltpeter,tichondrius,575,priest,discipline,15,6,9
20677,Xyberius,barthilas,575,priest,discipline,18,6,12
20678,Lìlí,tichondrius,575,priest,discipline,18,6,12
20679,Naxiest,stormrage,575,priest,discipline,18,6,12
20680,Flexxwzkaboo,thrall,575,priest,discipline,18,6,12
20681,Mortaroth,doomhammer,575,priest,discipline,18,6,12
20682,Feløre,quelthalas,574,priest,discipline,10,7,3
20683,Priestøuchme,tichondrius,574,priest,discipline,12,6,6
20684,Cast,bronzebeard,574,priest,discipline,18,6,12
20685,Papadarkness,tichondrius,574,priest,discipline,24,6,18
20686,Prebruisz,baelgun,573,priest,discipline,12,6,6
20687,Reilean,sargeras,573,priest,discipline,12,6,6
20688,Ságrádá,area-52,573,priest,discipline,12,6,6
20689,Pharaoh,deathwing,573,priest,discipline,12,6,6
20690,Lookfig,frostmourne,573,priest,discipline,18,6,12
20691,Bigchip,sargeras,573,priest,discipline,24,6,18
20692,Marpi,quelthalas,572,priest,discipline,24,6,18
20693,Voidlordd,kelthuzad,571,priest,discipline,12,6,6
20694,Clergy,arthas,571,priest,discipline,12,6,6
20695,Antiraus,aerie-peak,571,priest,discipline,12,6,6
20696,Thøt,malganis,570,priest,discipline,12,6,6
20697,Jaster,proudmoore,570,priest,discipline,14,6,8
20698,Cravex,stormrage,569,priest,discipline,12,6,6
20699,Antipreist,bonechewer,567,priest,discipline,12,6,6
20700,Crossbones,cenarion-circle,566,priest,discipline,12,6,6
20701,Emmarîl,sargeras,559,priest,discipline,17,6,11
20702,Timeglass,kelthuzad,558,priest,discipline,11,6,5
20703,Justfaith,barthilas,558,priest,discipline,17,6,11
20704,Matafuka,ragnaros,543,priest,discipline,10,7,3
20705,Baali,moon-guard,543,priest,discipline,11,6,5
20706,Earface,blades-edge,543,priest,discipline,14,7,7
20707,Awaken,nerzhul,543,priest,discipline,17,6,11
20708,Harborcoat,whisperwind,542,priest,discipline,17,6,11
20709,Itxo,quelthalas,540,priest,discipline,10,7,3
20710,Thekingheals,draenor,537,priest,discipline,22,10,12
20711,Moonlightx,destromath,528,priest,discipline,9,7,2
20712,Nuvea,tichondrius,528,priest,discipline,15,6,9
20713,Dotdotdead,earthen-ring,522,priest,discipline,16,7,9
20714,Ethari,crushridge,520,priest,discipline,21,7,14
20715,Chapitä,drakkari,512,priest,discipline,10,6,4
20716,Oneinurdome,moknathal,511,priest,discipline,14,6,8
20717,Lilmad,stormrage,511,priest,discipline,20,6,14
20718,Moneymurph,blackrock,511,priest,discipline,26,6,20
20719,Pavarotti,laughing-skull,510,priest,discipline,20,6,14
20720,Yait,tichondrius,495,priest,discipline,14,7,7
20721,Aetonyx,anvilmar,480,priest,discipline,6,5,1
20722,Sixnoh,moonrunner,480,priest,discipline,6,5,1
20723,Eneldz,quelthalas,480,priest,discipline,6,5,1
20724,Laggytwodope,tichondrius,480,priest,discipline,6,5,1
20725,Elimix,frostmourne,480,priest,discipline,6,5,1
20726,Azuremissile,tichondrius,480,priest,discipline,6,5,1
20727,Kebab,tichondrius,480,priest,discipline,6,5,1
20728,Subvert,zuljin,480,priest,discipline,6,5,1
20729,Phantømz,zuljin,480,priest,discipline,6,5,1
20730,Hateutoo,sargeras,480,priest,discipline,6,5,1
20731,Akkassha,zuljin,480,priest,discipline,6,5,1
20732,Stegp,kelthuzad,480,priest,discipline,6,5,1
20733,Lildubs,bloodhoof,480,priest,discipline,6,5,1
20734,Happylonely,farstriders,480,priest,discipline,6,5,1
20735,Grizzblessed,sargeras,480,priest,discipline,6,5,1
20736,Çøçø,tichondrius,480,priest,discipline,6,5,1
20737,Danawhitex,thrall,480,priest,discipline,6,5,1
20738,Rebzyyx,tichondrius,480,priest,discipline,6,5,1
20739,Uncletouchy,illidan,480,priest,discipline,6,5,1
20740,Jerserra,emerald-dream,480,priest,discipline,6,5,1
20741,Despairx,tichondrius,480,priest,discipline,6,5,1
20742,Nawtyforever,tichondrius,480,priest,discipline,6,5,1
20743,Kiloe,tichondrius,480,priest,discipline,6,5,1
20744,Dzikuss,aegwynn,480,priest,discipline,6,5,1
20745,Compromise,the-scryers,480,priest,discipline,6,5,1
20746,Privx,bleeding-hollow,480,priest,discipline,6,5,1
20747,Bulleitrye,emerald-dream,480,priest,discipline,6,5,1
20748,Azari,illidan,480,priest,discipline,6,5,1
20749,Xîîaotong,tichondrius,480,priest,discipline,6,5,1
20750,Veivei,tichondrius,480,priest,discipline,6,5,1
20751,Dominantz,khazgoroth,480,priest,discipline,12,5,7
20752,Jonesypriest,tichondrius,480,priest,discipline,12,5,7
20753,Goonie,spirestone,480,priest,discipline,12,5,7
20754,Góndhi,tichondrius,480,priest,discipline,12,5,7
20755,Altaeres,tichondrius,480,priest,discipline,12,5,7
20756,Lchcl,tichondrius,480,priest,discipline,12,5,7
20757,Sacredmoon,dreadmaul,480,priest,discipline,12,5,7
20758,Momorabbit,tichondrius,480,priest,discipline,12,5,7
20759,Lolkwtf,sargeras,480,priest,discipline,12,5,7
20760,Jarzo,thunderhorn,480,priest,discipline,12,5,7
20761,Yaheals,gorefiend,480,priest,discipline,12,5,7
20762,Shôta,kelthuzad,480,priest,discipline,12,5,7
20763,Deeply,tichondrius,480,priest,discipline,12,5,7
20764,Rúbybest,tichondrius,480,priest,discipline,12,5,7
20765,Makeshiftz,zuljin,480,priest,discipline,12,5,7
20766,Sypii,stormrage,480,priest,discipline,12,5,7
20767,Rofrofmu,aegwynn,480,priest,discipline,12,5,7
20768,Fishondabeat,proudmoore,480,priest,discipline,12,5,7
20769,Raslin,bonechewer,480,priest,discipline,12,5,7
20770,Lindsanp,illidan,480,priest,discipline,12,5,7
20771,Taikosqt,azralon,480,priest,discipline,12,5,7
20772,Sungji,tichondrius,480,priest,discipline,12,5,7
20773,Euphorz,tichondrius,480,priest,discipline,12,5,7
20774,Auras,boulderfist,480,priest,discipline,12,5,7
20775,Criminalsp,frostmourne,480,priest,discipline,12,5,7
20776,Bubblebeasst,area-52,480,priest,discipline,12,5,7
20777,Goosemongler,bleeding-hollow,480,priest,discipline,12,5,7
20778,Pumice,destromath,480,priest,discipline,12,5,7
20779,Ptam,tichondrius,480,priest,discipline,12,5,7
20780,Alleeyy,tichondrius,480,priest,discipline,12,5,7
20781,Ón,tichondrius,480,priest,discipline,12,5,7
20782,Anellas,sargeras,480,priest,discipline,12,5,7
20783,Ajazz,zuljin,480,priest,discipline,12,5,7
20784,Amperx,wyrmrest-accord,480,priest,discipline,12,5,7
20785,Whosjoe,tichondrius,480,priest,discipline,12,5,7
20786,Ophiuchus,jubeithos,480,priest,discipline,12,5,7
20787,Jackymv,kelthuzad,480,priest,discipline,12,5,7
20788,Xpenance,ragnaros,480,priest,discipline,12,5,7
20789,Dweem,stormrage,480,priest,discipline,12,5,7
20790,Äpriest,sargeras,480,priest,discipline,12,5,7
20791,Jangma,tichondrius,480,priest,discipline,12,5,7
20792,Qoon,tichondrius,480,priest,discipline,12,5,7
20793,Giraffebaitt,zuljin,480,priest,discipline,12,5,7
20794,Alphe,sargeras,480,priest,discipline,12,5,7
20795,Drmattydubz,tichondrius,480,priest,discipline,12,5,7
20796,Shadowcrash,zuljin,480,priest,discipline,12,5,7
20797,Htx,dunemaul,480,priest,discipline,12,5,7
20798,Humblemumble,barthilas,480,priest,discipline,12,5,7
20799,Rompenepes,drakkari,480,priest,discipline,12,5,7
20800,Dènalí,area-52,480,priest,discipline,12,5,7
20801,Skwishee,illidan,480,priest,discipline,12,5,7
20802,Mywifesaidno,sargeras,480,priest,discipline,12,5,7
20803,Vyrah,area-52,480,priest,discipline,12,5,7
20804,Hotlink,daggerspine,480,priest,discipline,12,5,7
20805,Tòxìç,stormrage,480,priest,discipline,12,5,7
20806,Robbailey,dalvengyr,480,priest,discipline,12,5,7
20807,Feyns,illidan,480,priest,discipline,12,5,7
20808,Blavkata,area-52,480,priest,discipline,12,5,7
20809,Sipmemaster,tichondrius,480,priest,discipline,12,5,7
20810,Matics,tichondrius,480,priest,discipline,12,5,7
20811,Vérse,stormrage,480,priest,discipline,12,5,7
20812,Tamtwo,the-forgotten-coast,480,priest,discipline,12,5,7
20813,Canswersp,sargeras,480,priest,discipline,12,5,7
20814,Krazyapollo,tichondrius,480,priest,discipline,12,5,7
20815,Eyolo,tichondrius,480,priest,discipline,12,5,7
20816,Healryyduff,barthilas,480,priest,discipline,12,5,7
20817,Ricksanchez,moonrunner,480,priest,discipline,12,5,7
20818,Cheekypriest,stormrage,480,priest,discipline,12,5,7
20819,Piffbadar,tichondrius,480,priest,discipline,12,5,7
20820,Djc,tichondrius,480,priest,discipline,12,5,7
20821,Velandrys,earthen-ring,480,priest,discipline,12,5,7
20822,Câstiêl,malganis,480,priest,discipline,12,5,7
20823,Bluffzp,boulderfist,480,priest,discipline,12,5,7
20824,Bibops,area-52,480,priest,discipline,12,5,7
20825,Soulbane,frostmourne,480,priest,discipline,12,5,7
20826,Wtfamdoing,quelthalas,480,priest,discipline,12,5,7
20827,Takosoufflé,emerald-dream,480,priest,discipline,12,5,7
20828,Lilgeek,kelthuzad,480,priest,discipline,12,5,7
20829,Sabela,moon-guard,480,priest,discipline,12,5,7
20830,Arcosis,turalyon,480,priest,discipline,12,5,7
20831,Nursébeardy,whisperwind,480,priest,discipline,12,5,7
20832,Justgoon,tichondrius,480,priest,discipline,12,5,7
20833,Batiatus,moon-guard,480,priest,discipline,12,5,7
20834,Providennce,tichondrius,480,priest,discipline,12,5,7
20835,Alpacasama,illidan,480,priest,discipline,12,5,7
20836,Doublesix,malganis,480,priest,discipline,12,5,7
20837,Stubby,shadowsong,480,priest,discipline,12,5,7
20838,Hottymcdotty,black-dragonflight,480,priest,discipline,12,5,7
20839,Somethingkoo,sargeras,480,priest,discipline,17,7,10
20840,Fleshliight,area-52,480,priest,discipline,15,6,9
20841,Gatty,kiljaeden,480,priest,discipline,13,5,8
20842,Naniwa,ragnaros,480,priest,discipline,16,6,10
20843,Melforn,moon-guard,480,priest,discipline,18,5,13
20844,Kark,tichondrius,480,priest,discipline,18,5,13
20845,Bigskill,proudmoore,480,priest,discipline,18,5,13
20846,Aguadejamica,tichondrius,480,priest,discipline,18,5,13
20847,Klerick,kiljaeden,480,priest,discipline,18,5,13
20848,Bebe,fizzcrank,480,priest,discipline,18,5,13
20849,Zachlol,area-52,480,priest,discipline,18,5,13
20850,Phenic,aggramar,480,priest,discipline,18,5,13
20851,Fearufaraway,tichondrius,480,priest,discipline,18,5,13
20852,Vetisrx,thrall,480,priest,discipline,18,5,13
20853,Mygameslaggy,area-52,480,priest,discipline,18,5,13
20854,Fidalus,stormrage,480,priest,discipline,18,5,13
20855,Pasher,sargeras,480,priest,discipline,18,5,13
20856,Healiesuwu,kiljaeden,480,priest,discipline,18,5,13
20857,Tonymòntana,area-52,479,priest,discipline,6,5,1
20858,Ghettobarbie,kelthuzad,479,priest,discipline,6,5,1
20859,Zeno,haomarush,479,priest,discipline,6,5,1
20860,Remixcandoit,malganis,479,priest,discipline,6,5,1
20861,Krisdavra,thrall,479,priest,discipline,6,5,1
20862,Berzap,frostmourne,479,priest,discipline,6,5,1
20863,Sevioletté,wyrmrest-accord,479,priest,discipline,6,5,1
20864,Taiji,whisperwind,479,priest,discipline,6,5,1
20865,Kasamm,nazjatar,479,priest,discipline,6,5,1
20866,Ibuyfeetpics,tichondrius,479,priest,discipline,12,5,7
20867,Chopstix,senjin,479,priest,discipline,12,5,7
20868,Techninë,chogall,479,priest,discipline,12,5,7
20869,Frazzysparks,stormrage,479,priest,discipline,12,5,7
20870,Drayen,korgath,479,priest,discipline,12,5,7
20871,Blackbubba,tichondrius,479,priest,discipline,12,5,7
20872,Zóe,eredar,479,priest,discipline,12,5,7
20873,Krynoobz,senjin,479,priest,discipline,12,5,7
20874,Gaaq,stormrage,479,priest,discipline,12,5,7
20875,Aalicya,tanaris,479,priest,discipline,12,5,7
20876,Healzutwo,tichondrius,479,priest,discipline,12,5,7
20877,Chofis,nathrezim,479,priest,discipline,12,5,7
20878,Xinnie,illidan,479,priest,discipline,18,5,13
20879,Healloween,stormrage,478,priest,discipline,6,5,1
20880,Kaladaz,destromath,478,priest,discipline,12,5,7
20881,Rugaru,emerald-dream,478,priest,discipline,15,6,9
20882,Jeanmarc,aerie-peak,478,priest,discipline,18,5,13
20883,Lotzofhealz,wyrmrest-accord,476,priest,discipline,12,5,7
20884,Delithara,tichondrius,474,priest,discipline,12,5,7
20885,Shadowkr,tichondrius,447,priest,discipline,11,5,6
20886,Hungzilla,malganis,447,priest,discipline,11,5,6
20887,Faíthless,sargeras,447,priest,discipline,11,5,6
20888,Agrotothemax,tichondrius,432,priest,discipline,15,5,10
20889,Fxxkdamn,tichondrius,432,priest,discipline,21,6,15
20890,Frenchfries,sargeras,431,priest,discipline,11,5,6
20891,Texmix,stormrage,431,priest,discipline,21,6,15
20892,Slumpbusterx,bonechewer,415,priest,discipline,14,5,9
20893,Shinomiko,frostmourne,415,priest,discipline,14,5,9
20894,Melsebek,stormrage,415,priest,discipline,20,5,15
20895,Anakou,emerald-dream,414,priest,discipline,8,5,3
20896,Elbowbeans,tichondrius,414,priest,discipline,16,5,11
20897,Whodatpriest,blackhand,399,priest,discipline,5,5,0
20898,Popeachini,sargeras,384,priest,discipline,6,4,2
20899,Rakpriest,nerzhul,384,priest,discipline,6,4,2
20900,Djchickpea,chogall,384,priest,discipline,6,4,2
20901,Celani,gilneas,384,priest,discipline,6,4,2
20902,Zaperama,tichondrius,384,priest,discipline,6,4,2
20903,Prïestitute,zuljin,384,priest,discipline,6,4,2
20904,Altari,whisperwind,384,priest,discipline,6,4,2
20905,Lavazzå,tichondrius,384,priest,discipline,6,4,2
20906,Miniambá,tichondrius,384,priest,discipline,6,4,2
20907,Spyderco,mugthol,384,priest,discipline,6,4,2
20908,Leebow,tichondrius,384,priest,discipline,6,4,2
20909,June,dragonmaw,384,priest,discipline,6,4,2
20910,Dreaminz,tichondrius,384,priest,discipline,6,4,2
20911,Ritalyn,korgath,384,priest,discipline,6,4,2
20912,Yunganal,sargeras,384,priest,discipline,6,4,2
20913,Psïcopata,gallywix,384,priest,discipline,6,4,2
20914,Kakao,stormreaver,384,priest,discipline,6,4,2
20915,Kàobeini,tichondrius,384,priest,discipline,6,4,2
20916,Béépboop,tichondrius,384,priest,discipline,6,4,2
20917,Pridesp,tichondrius,384,priest,discipline,6,4,2
20918,Babygsuss,tichondrius,384,priest,discipline,6,4,2
20919,Ishyeboi,stormrage,384,priest,discipline,6,4,2
20920,Notskynet,tichondrius,384,priest,discipline,6,4,2
20921,Forestpriest,area-52,384,priest,discipline,6,4,2
20922,Fenty,nemesis,384,priest,discipline,6,4,2
20923,Äni,sargeras,384,priest,discipline,6,4,2
20924,Goyqqp,illidan,384,priest,discipline,6,4,2
20925,Ðescub0962D2,stormrage,384,priest,discipline,6,4,2
20926,Prniss,tichondrius,384,priest,discipline,6,4,2
20927,Metéora,nemesis,384,priest,discipline,6,4,2
20928,Soupbeanx,zuljin,384,priest,discipline,6,4,2
20929,Woolly,tichondrius,384,priest,discipline,6,4,2
20930,Fadedyourgo,tichondrius,384,priest,discipline,6,4,2
20931,Aethestan,zuljin,384,priest,discipline,6,4,2
20932,Acenthe,sargeras,384,priest,discipline,6,4,2
20933,Demongodtren,blackrock,384,priest,discipline,6,4,2
20934,Blzy,area-52,384,priest,discipline,6,4,2
20935,Ranthrough,tichondrius,384,priest,discipline,6,4,2
20936,Ruems,area-52,384,priest,discipline,6,4,2
20937,Remuni,tichondrius,384,priest,discipline,6,4,2
20938,Sensitive,eitrigg,384,priest,discipline,6,4,2
20939,Fûsoya,zuljin,384,priest,discipline,6,4,2
20940,Ðyluxx,blackwater-raiders,384,priest,discipline,6,4,2
20941,Optimism,frostmane,384,priest,discipline,6,4,2
20942,Zil,spinebreaker,384,priest,discipline,6,4,2
20943,Mitras,moon-guard,384,priest,discipline,6,4,2
20944,Tomp,tichondrius,384,priest,discipline,6,4,2
20945,Nordheal,stormrage,384,priest,discipline,6,4,2
20946,Jaxthree,illidan,384,priest,discipline,6,4,2
20947,Merçy,zuljin,384,priest,discipline,6,4,2
20948,Fialiadia,illidan,384,priest,discipline,6,4,2
20949,Gdlsheretic,sargeras,384,priest,discipline,6,4,2
20950,Gardiancloun,sargeras,384,priest,discipline,6,4,2
20951,Johncrank,bleeding-hollow,384,priest,discipline,6,4,2
20952,Payperbuff,tichondrius,384,priest,discipline,6,4,2
20953,Deathrina,moon-guard,384,priest,discipline,6,4,2
20954,Potatopriest,frostmourne,384,priest,discipline,6,4,2
20955,Johnnweedd,ragnaros,384,priest,discipline,6,4,2
20956,Tristanp,frostmourne,384,priest,discipline,6,4,2
20957,Onipapae,frostmourne,384,priest,discipline,6,4,2
20958,Lavigne,tichondrius,384,priest,discipline,6,4,2
20959,Granger,senjin,384,priest,discipline,6,4,2
20960,Bubbleboi,malganis,384,priest,discipline,6,4,2
20961,Chü,dalaran,384,priest,discipline,6,4,2
20962,Lebanese,frostmourne,384,priest,discipline,6,4,2
20963,Mightydrëk,malganis,384,priest,discipline,6,4,2
20964,Dadcantdeath,frostmourne,384,priest,discipline,6,4,2
20965,Lithelin,frostmourne,384,priest,discipline,6,4,2
20966,Gregorovich,ragnaros,384,priest,discipline,6,4,2
20967,Madskills,shadow-council,384,priest,discipline,6,4,2
20968,Lexaprö,moon-guard,384,priest,discipline,6,4,2
20969,Priesticules,illidan,384,priest,discipline,6,4,2
20970,Batface,frostmourne,384,priest,discipline,6,4,2
20971,Rakket,moon-guard,384,priest,discipline,6,4,2
20972,Monkeyp,barthilas,384,priest,discipline,6,4,2
20973,Yea,shadow-council,384,priest,discipline,6,4,2
20974,Jixxersp,malganis,384,priest,discipline,6,4,2
20975,Whalexo,kelthuzad,384,priest,discipline,6,4,2
20976,Sevros,moon-guard,384,priest,discipline,6,4,2
20977,Dimedaddy,tichondrius,384,priest,discipline,6,4,2
20978,Healaryduff,skullcrusher,384,priest,discipline,6,4,2
20979,Subscribe,khazgoroth,384,priest,discipline,6,4,2
20980,Zumbaoqepdqt,quelthalas,384,priest,discipline,6,4,2
20981,Wilita,drakkari,384,priest,discipline,6,4,2
20982,Benin,shattered-hand,384,priest,discipline,6,4,2
20983,Stepbrohelp,barthilas,384,priest,discipline,6,4,2
20984,Ticheals,tichondrius,384,priest,discipline,6,4,2
20985,Febronia,aerie-peak,384,priest,discipline,6,4,2
20986,Brodel,dark-iron,384,priest,discipline,9,4,5
20987,Nvøsuperstar,zuljin,384,priest,discipline,15,5,10
20988,Ranksix,area-52,384,priest,discipline,12,4,8
20989,Healbilli,archimonde,384,priest,discipline,12,4,8
20990,Echoos,proudmoore,384,priest,discipline,12,4,8
20991,Srazul,azralon,384,priest,discipline,12,4,8
20992,Phobe,windrunner,384,priest,discipline,12,4,8
20993,Sìrena,tichondrius,384,priest,discipline,12,4,8
20994,Hysteria,dalaran,384,priest,discipline,12,4,8
20995,Vyvivienx,tichondrius,384,priest,discipline,12,4,8
20996,Maomaoangel,tichondrius,384,priest,discipline,12,4,8
20997,Tangykiwi,dalaran,384,priest,discipline,12,4,8
20998,Haruspex,azralon,384,priest,discipline,12,4,8
20999,Auttø,area-52,384,priest,discipline,12,4,8
21000,Holyshiitzz,illidan,384,priest,discipline,12,4,8
21001,Giannis,garrosh,384,priest,discipline,12,4,8
21002,Ollarlamente,zuljin,384,priest,discipline,12,4,8
21003,Pnub,aggramar,384,priest,discipline,12,4,8
21004,Larisa,moon-guard,384,priest,discipline,12,4,8
21005,Pumtootoot,tichondrius,384,priest,discipline,12,4,8
21006,Plebiss,burning-blade,384,priest,discipline,12,4,8
21007,Chaxiubao,stormrage,384,priest,discipline,12,4,8
21008,Exisa,stormrage,384,priest,discipline,12,4,8
21009,Barclan,destromath,384,priest,discipline,12,4,8
21010,Conorpriest,tichondrius,384,priest,discipline,12,4,8
21011,Disperse,sargeras,384,priest,discipline,12,4,8
21012,Zaphfkiel,ragnaros,384,priest,discipline,12,4,8
21013,Akewnón,stormrage,384,priest,discipline,12,4,8
21014,Madpriest,blades-edge,384,priest,discipline,12,4,8
21015,Junethegreat,tichondrius,384,priest,discipline,12,4,8
21016,Ioudas,ragnaros,384,priest,discipline,12,4,8
21017,Gooseundead,tichondrius,384,priest,discipline,12,4,8
21018,Melithor,frostmourne,384,priest,discipline,12,4,8
21019,Xalty,emerald-dream,384,priest,discipline,12,4,8
21020,Someonesxy,aggramar,384,priest,discipline,12,4,8
21021,Villageidiot,lightbringer,384,priest,discipline,12,4,8
21022,Ganelm,vashj,384,priest,discipline,12,4,8
21023,Skydemons,malganis,384,priest,discipline,12,4,8
21024,Lankyschlong,frostmourne,384,priest,discipline,12,4,8
21025,Nancynibbler,bleeding-hollow,384,priest,discipline,12,4,8
21026,Unholyhand,moon-guard,384,priest,discipline,12,4,8
21027,Mezervescent,thrall,384,priest,discipline,12,4,8
21028,Wìd,khazgoroth,384,priest,discipline,12,4,8
21029,Peavzian,kiljaeden,384,priest,discipline,12,4,8
21030,Jonahas,sargeras,384,priest,discipline,12,4,8
21031,Yeeseafood,tichondrius,384,priest,discipline,12,4,8
21032,Papabrokuttv,sargeras,384,priest,discipline,12,4,8
21033,Fotmvark,stormrage,384,priest,discipline,12,4,8
21034,Helibix,bleeding-hollow,384,priest,discipline,12,4,8
21035,Littlean,frostmourne,384,priest,discipline,12,4,8
21036,Brakála,ragnaros,384,priest,discipline,12,4,8
21037,Billiard,stormrage,384,priest,discipline,12,4,8
21038,Danceofpales,bleeding-hollow,384,priest,discipline,12,4,8
21039,Disçxrespeçt,cairne,384,priest,discipline,18,4,14
21040,Rainms,sargeras,384,priest,discipline,18,4,14
21041,Lípjju,tichondrius,384,priest,discipline,18,4,14
21042,Kibariyb,drakkari,384,priest,discipline,18,4,14
21043,Polythis,kelthuzad,384,priest,discipline,18,4,14
21044,Kymohek,sargeras,384,priest,discipline,18,4,14
21045,Shén,barthilas,383,priest,discipline,6,4,2
21046,Mirex,tichondrius,383,priest,discipline,6,4,2
21047,Fanaeth,arathor,383,priest,discipline,6,4,2
21048,Discodork,bleeding-hollow,383,priest,discipline,6,4,2
21049,Lifesavér,tichondrius,383,priest,discipline,6,4,2
21050,Theleena,malorne,383,priest,discipline,12,4,8
21051,Sybal,suramar,383,priest,discipline,12,4,8
21052,Goldenlilly,moon-guard,383,priest,discipline,12,4,8
21053,Stinkyfingr,frostmourne,383,priest,discipline,12,4,8
21054,Uckuck,illidan,383,priest,discipline,12,4,8
21055,Whatisholy,bleeding-hollow,383,priest,discipline,12,4,8
21056,Nocturnimal,grizzly-hills,382,priest,discipline,12,4,8
21057,Bunnychloe,sargeras,381,priest,discipline,12,4,8
21058,Divinebones,gurubashi,381,priest,discipline,12,4,8
21059,Touchedbygud,frostmourne,381,priest,discipline,12,4,8
21060,Väin,proudmoore,381,priest,discipline,12,4,8
21061,Malhotra,amanthul,381,priest,discipline,12,4,8
21062,Primela,sargeras,381,priest,discipline,12,4,8
21063,Shenanigans,illidan,367,priest,discipline,11,4,7
21064,Burtier,zuljin,367,priest,discipline,11,4,7
21065,Llaarrkkss,tichondrius,351,priest,discipline,11,4,7
21066,Proftimothy,tichondrius,336,priest,discipline,9,5,4
21067,Kuwapre,proudmoore,336,priest,discipline,9,5,4
21068,Rosabell,ragnaros,336,priest,discipline,21,4,17
21069,Takedisdisc,tichondrius,330,priest,discipline,17,6,11
21070,Xiangjiao,tichondrius,330,priest,discipline,17,6,11
21071,Smarttakka,emerald-dream,319,priest,discipline,8,4,4
21072,Manachai,the-forgotten-coast,319,priest,discipline,14,4,10
21073,Klizzy,tichondrius,319,priest,discipline,14,4,10
21074,Rotnn,thrall,288,priest,discipline,6,3,3
21075,Numinous,wyrmrest-accord,288,priest,discipline,6,3,3
21076,Spiritbear,thrall,288,priest,discipline,6,3,3
21077,Mks,barthilas,288,priest,discipline,6,3,3
21078,Kelody,zuljin,288,priest,discipline,6,3,3
21079,Vanzera,thrall,288,priest,discipline,6,3,3
21080,Xiaz,lightbringer,288,priest,discipline,6,3,3
21081,Fausto,kiljaeden,288,priest,discipline,6,3,3
21082,Kiazma,zuljin,288,priest,discipline,6,3,3
21083,Pilixil,bleeding-hollow,288,priest,discipline,6,3,3
21084,Midget,darkspear,288,priest,discipline,6,3,3
21085,Panikâ,thrall,288,priest,discipline,6,3,3
21086,Trezz,aegwynn,288,priest,discipline,6,3,3
21087,Aspéct,aegwynn,288,priest,discipline,6,3,3
21088,Lalaliza,kelthuzad,288,priest,discipline,6,3,3
21089,Yannigirl,area-52,288,priest,discipline,6,3,3
21090,Killduran,hellscream,288,priest,discipline,6,3,3
21091,Jinzp,area-52,288,priest,discipline,6,3,3
21092,Frye,bleeding-hollow,288,priest,discipline,6,3,3
21093,Kaldoon,azjolnerub,288,priest,discipline,6,3,3
21094,Fackinheals,kelthuzad,288,priest,discipline,6,3,3
21095,Psyfriend,area-52,288,priest,discipline,6,3,3
21096,Relianth,stormrage,288,priest,discipline,6,3,3
21097,Bunked,bleeding-hollow,288,priest,discipline,6,3,3
21098,Pyper,medivh,288,priest,discipline,6,3,3
21099,Mawlaana,frostmourne,288,priest,discipline,6,3,3
21100,Megz,zuljin,288,priest,discipline,6,3,3
21101,Bigpoppapwn,darkspear,288,priest,discipline,6,3,3
21102,Ææae,nemesis,288,priest,discipline,6,3,3
21103,Kaiah,gorefiend,288,priest,discipline,6,3,3
21104,Yotinha,nemesis,288,priest,discipline,6,3,3
21105,Nsquared,illidan,288,priest,discipline,6,3,3
21106,Drrunk,bleeding-hollow,288,priest,discipline,6,3,3
21107,Animityz,illidan,288,priest,discipline,6,3,3
21108,Sandreth,bonechewer,288,priest,discipline,6,3,3
21109,Jjaeminkim,area-52,288,priest,discipline,6,3,3
21110,Alleviate,frostmourne,288,priest,discipline,6,3,3
21111,Furydos,zuljin,288,priest,discipline,6,3,3
21112,Diskope,kelthuzad,288,priest,discipline,6,3,3
21113,Dudurr,zuluhed,288,priest,discipline,6,3,3
21114,Buc,barthilas,288,priest,discipline,6,3,3
21115,Dream,kelthuzad,288,priest,discipline,6,3,3
21116,Såx,stormreaver,288,priest,discipline,6,3,3
21117,Zugzugheal,bleeding-hollow,288,priest,discipline,6,3,3
21118,Okiin,malganis,288,priest,discipline,6,3,3
21119,Sassygayboyx,bleeding-hollow,288,priest,discipline,6,3,3
21120,Fenders,stormrage,288,priest,discipline,6,3,3
21121,Sterycraiied,stormreaver,288,priest,discipline,6,3,3
21122,Haquin,malganis,288,priest,discipline,6,3,3
21123,Kabutta,stormrage,288,priest,discipline,6,3,3
21124,Eiricka,kelthuzad,288,priest,discipline,6,3,3
21125,Icarryozz,darkspear,288,priest,discipline,6,3,3
21126,Sojumike,proudmoore,288,priest,discipline,6,3,3
21127,Mindgamez,stormreaver,288,priest,discipline,6,3,3
21128,Pumpkinpino,stormrage,288,priest,discipline,6,3,3
21129,Susannahh,goldrinn,288,priest,discipline,6,3,3
21130,Wiseguise,illidan,288,priest,discipline,6,3,3
21131,Tslacalls,malganis,288,priest,discipline,6,3,3
21132,Khaospriest,proudmoore,288,priest,discipline,6,3,3
21133,Filthmaster,moon-guard,288,priest,discipline,6,3,3
21134,Tempname,thunderhorn,288,priest,discipline,6,3,3
21135,Germanica,area-52,288,priest,discipline,6,3,3
21136,Seyvyur,black-dragonflight,288,priest,discipline,6,3,3
21137,Barackhobama,malganis,288,priest,discipline,6,3,3
21138,Dìngobaby,stormrage,288,priest,discipline,6,3,3
21139,Strokingmydx,illidan,288,priest,discipline,6,3,3
21140,Xeras,ravencrest,288,priest,discipline,6,3,3
21141,Bestworldxz,illidan,288,priest,discipline,6,3,3
21142,Bessias,area-52,288,priest,discipline,6,3,3
21143,Edmen,stormrage,288,priest,discipline,6,3,3
21144,Aleykz,illidan,288,priest,discipline,6,3,3
21145,Chervz,chogall,288,priest,discipline,6,3,3
21146,Adelda,nazjatar,288,priest,discipline,6,3,3
21147,Dumbthott,illidan,288,priest,discipline,6,3,3
21148,Gawlas,azshara,288,priest,discipline,6,3,3
21149,Amäo,illidan,288,priest,discipline,6,3,3
21150,Kynnen,mannoroth,288,priest,discipline,6,3,3
21151,Iamsatan,illidan,288,priest,discipline,6,3,3
21152,Healyhaney,stormrage,288,priest,discipline,6,3,3
21153,Sophistdew,proudmoore,288,priest,discipline,6,3,3
21154,Sæýfír,illidan,288,priest,discipline,6,3,3
21155,Pulso,area-52,288,priest,discipline,6,3,3
21156,Liminality,illidan,288,priest,discipline,6,3,3
21157,Tigrania,proudmoore,288,priest,discipline,6,3,3
21158,Ifortalot,lothar,288,priest,discipline,6,3,3
21159,Dradinx,illidan,288,priest,discipline,6,3,3
21160,Empyreanlite,dalaran,288,priest,discipline,6,3,3
21161,Havefaith,whisperwind,288,priest,discipline,6,3,3
21162,Oofx,darkspear,288,priest,discipline,6,3,3
21163,Freck,stormrage,288,priest,discipline,6,3,3
21164,Darrong,darkspear,288,priest,discipline,6,3,3
21165,Heratic,malganis,288,priest,discipline,6,3,3
21166,Bluecho,tichondrius,288,priest,discipline,6,3,3
21167,Methandrial,hyjal,288,priest,discipline,6,3,3
21168,Triazolam,illidan,288,priest,discipline,6,3,3
21169,Cromagnøn,dalaran,288,priest,discipline,6,3,3
21170,Àneres,illidan,288,priest,discipline,6,3,3
21171,Lifeswaplol,kelthuzad,288,priest,discipline,6,3,3
21172,Kawesha,emerald-dream,288,priest,discipline,6,3,3
21173,Tmall,tichondrius,288,priest,discipline,6,3,3
21174,Oxicontin,sargeras,288,priest,discipline,6,3,3
21175,Nikci,tichondrius,288,priest,discipline,6,3,3
21176,Heelznfeelz,tichondrius,288,priest,discipline,6,3,3
21177,Epicp,sargeras,288,priest,discipline,6,3,3
21178,Swinee,tichondrius,288,priest,discipline,6,3,3
21179,Moirâ,silvermoon,288,priest,discipline,6,3,3
21180,Kovie,twisting-nether,288,priest,discipline,6,3,3
21181,Elise,ravenholdt,288,priest,discipline,6,3,3
21182,Namecusein,ragnaros,288,priest,discipline,6,3,3
21183,Îcecube,sargeras,288,priest,discipline,6,3,3
21184,Magazíne,tichondrius,288,priest,discipline,6,3,3
21185,Poøpoopeepee,tichondrius,288,priest,discipline,6,3,3
21186,Bgundy,sargeras,288,priest,discipline,6,3,3
21187,Boppdot,tichondrius,288,priest,discipline,6,3,3
21188,Humps,sargeras,288,priest,discipline,6,3,3
21189,Serenderpity,moon-guard,288,priest,discipline,6,3,3
21190,Grafîx,frostmourne,288,priest,discipline,6,3,3
21191,Umbramortìs,tichondrius,288,priest,discipline,6,3,3
21192,Irar,tichondrius,288,priest,discipline,6,3,3
21193,Diamondz,emerald-dream,288,priest,discipline,6,3,3
21194,Nokizzgrizz,sargeras,288,priest,discipline,6,3,3
21195,Deadnyx,tichondrius,288,priest,discipline,6,3,3
21196,Calcifer,drakkari,288,priest,discipline,6,3,3
21197,Kefkå,sargeras,288,priest,discipline,6,3,3
21198,Flab,tichondrius,288,priest,discipline,6,3,3
21199,Popeofhope,queldorei,288,priest,discipline,6,3,3
21200,Nyxvoid,ragnaros,288,priest,discipline,6,3,3
21201,Nutdrip,tichondrius,288,priest,discipline,6,3,3
21202,Illiteratex,sargeras,288,priest,discipline,6,3,3
21203,Illegalkill,tichondrius,288,priest,discipline,6,3,3
21204,Aia,frostwolf,288,priest,discipline,6,3,3
21205,Tarwow,moon-guard,288,priest,discipline,6,3,3
21206,Wale,akama,288,priest,discipline,6,3,3
21207,Zzavidwong,tichondrius,288,priest,discipline,6,3,3
21208,Blackdeathx,tichondrius,288,priest,discipline,6,3,3
21209,Wïgjaw,tichondrius,288,priest,discipline,6,3,3
21210,Minzyx,tichondrius,288,priest,discipline,6,3,3
21211,Shadooe,tichondrius,288,priest,discipline,6,3,3
21212,Alladys,shattered-hand,288,priest,discipline,6,3,3
21213,Tooeasy,vashj,288,priest,discipline,6,3,3
21214,Zuuji,frostmourne,288,priest,discipline,6,3,3
21215,Xusin,tichondrius,288,priest,discipline,6,3,3
21216,Daryldeath,tichondrius,288,priest,discipline,6,3,3
21217,Bernietopper,tichondrius,288,priest,discipline,6,3,3
21218,Haedn,azralon,288,priest,discipline,6,3,3
21219,Healznfeel,tichondrius,288,priest,discipline,6,3,3
21220,Sasagui,bloodscalp,288,priest,discipline,6,3,3
21221,Kakera,tichondrius,288,priest,discipline,6,3,3
21222,Niniua,tichondrius,288,priest,discipline,6,3,3
21223,Lostnthought,aggramar,288,priest,discipline,6,3,3
21224,Idhealthat,tichondrius,288,priest,discipline,6,3,3
21225,Kleiâ,tichondrius,288,priest,discipline,6,3,3
21226,Hellokuti,silvermoon,288,priest,discipline,6,3,3
21227,Sabene,greymane,288,priest,discipline,6,3,3
21228,Piusxll,tichondrius,288,priest,discipline,6,3,3
21229,Starp,tichondrius,288,priest,discipline,6,3,3
21230,Keyohh,tichondrius,288,priest,discipline,6,3,3
21231,Dredre,aggramar,288,priest,discipline,6,3,3
21232,Mcfluffin,aggramar,288,priest,discipline,6,3,3
21233,Waterßoÿ,emerald-dream,288,priest,discipline,9,4,5
21234,Whackagnome,kelthuzad,288,priest,discipline,9,4,5
21235,Gäindalf,tichondrius,288,priest,discipline,10,4,6
21236,Aarei,stormrage,288,priest,discipline,10,4,6
21237,Showakoi,ragnaros,288,priest,discipline,16,4,12
21238,Kurnak,arthas,288,priest,discipline,12,3,9
21239,Gloomswrath,illidan,288,priest,discipline,12,3,9
21240,Paztech,arthas,288,priest,discipline,12,3,9
21241,Chaddadbod,emerald-dream,288,priest,discipline,12,3,9
21242,Bandagebabe,sargeras,288,priest,discipline,12,3,9
21243,Frag,frostmourne,288,priest,discipline,12,3,9
21244,Abefromann,sargeras,288,priest,discipline,12,3,9
21245,Disconelf,barthilas,288,priest,discipline,12,3,9
21246,Twohpriest,aerie-peak,288,priest,discipline,12,3,9
21247,Bree,area-52,288,priest,discipline,12,3,9
21248,Xalatath,stormrage,288,priest,discipline,12,3,9
21249,Solestro,malganis,288,priest,discipline,12,3,9
21250,Aaxahfon,moon-guard,288,priest,discipline,12,3,9
21251,Realheal,tichondrius,288,priest,discipline,12,3,9
21252,Phantøms,zuljin,288,priest,discipline,12,3,9
21253,Zsofi,rivendare,288,priest,discipline,12,3,9
21254,Bewbeez,fizzcrank,288,priest,discipline,12,3,9
21255,Phillyrivers,area-52,288,priest,discipline,12,3,9
21256,Lightshizzle,illidan,288,priest,discipline,12,3,9
21257,Googus,bleeding-hollow,288,priest,discipline,12,3,9
21258,Doomageddon,thorium-brotherhood,288,priest,discipline,12,3,9
21259,Ayezex,tichondrius,288,priest,discipline,12,3,9
21260,Zemms,tichondrius,288,priest,discipline,12,3,9
21261,Muriaticacid,tichondrius,288,priest,discipline,12,3,9
21262,Xavaat,nerzhul,288,priest,discipline,12,3,9
21263,Slackinhealz,thrall,288,priest,discipline,12,3,9
21264,Soleyxo,frostmourne,288,priest,discipline,12,3,9
21265,Gwenoviere,whisperwind,288,priest,discipline,12,3,9
21266,Krewtoo,illidan,288,priest,discipline,12,3,9
21267,Nogetget,frostmourne,288,priest,discipline,12,3,9
21268,Skimpdubs,bleeding-hollow,288,priest,discipline,12,3,9
21269,Jahratu,tichondrius,288,priest,discipline,12,3,9
21270,Bån,ragnaros,288,priest,discipline,12,3,9
21271,Itha,illidan,288,priest,discipline,12,3,9
21272,Shenanígans,malganis,288,priest,discipline,12,3,9
21273,Pedialyte,kiljaeden,288,priest,discipline,12,3,9
21274,Pïque,proudmoore,288,priest,discipline,12,3,9
21275,Snupyfangirl,area-52,288,priest,discipline,12,3,9
21276,Quartzolio,azralon,288,priest,discipline,12,3,9
21277,Hail,kaelthas,288,priest,discipline,12,3,9
21278,Zrn,bleeding-hollow,288,priest,discipline,12,3,9
21279,Die,crushridge,288,priest,discipline,12,3,9
21280,Kuriyasu,emerald-dream,288,priest,discipline,15,3,12
21281,Kaztorz,tichondrius,288,priest,discipline,16,3,13
21282,Lunett,area-52,288,priest,discipline,18,3,15
21283,Moc,jubeithos,288,priest,discipline,18,3,15
21284,Chirho,malganis,288,priest,discipline,18,3,15
21285,Pravant,illidan,288,priest,discipline,18,3,15
21286,Solzal,korgath,287,priest,discipline,6,3,3
21287,Imgold,emerald-dream,287,priest,discipline,6,3,3
21288,Ödin,tichondrius,287,priest,discipline,10,4,6
21289,Kagayaku,aegwynn,287,priest,discipline,12,3,9
21290,Priestkofwa,tichondrius,287,priest,discipline,12,3,9
21291,Roufa,wyrmrest-accord,287,priest,discipline,12,3,9
21292,Kataró,tichondrius,286,priest,discipline,12,3,9
21293,Wingchick,azshara,284,priest,discipline,18,3,15
21294,Poodledad,wyrmrest-accord,255,priest,discipline,8,4,4
21295,Prèèst,proudmoore,255,priest,discipline,11,3,8
21296,Stormlighter,proudmoore,255,priest,discipline,11,3,8
21297,Plaguepumper,sargeras,255,priest,discipline,11,3,8
21298,Holycwap,stormrage,240,priest,discipline,9,3,6
21299,Yumä,kiljaeden,239,priest,discipline,5,3,2
21300,Murillio,moon-guard,239,priest,discipline,5,3,2
21301,Ezpríest,kelthuzad,239,priest,discipline,5,3,2
21302,Pasquell,emerald-dream,239,priest,discipline,5,3,2
21303,Canô,quelthalas,239,priest,discipline,5,3,2
21304,Mawwt,moon-guard,239,priest,discipline,5,3,2
21305,Skruffles,black-dragonflight,239,priest,discipline,5,3,2
21306,Wodturbo,bleeding-hollow,234,priest,discipline,7,4,3
21307,Priêsty,stormrage,234,priest,discipline,9,4,5
21308,Gloomyspp,illidan,234,priest,discipline,14,4,10
21309,Onahaihu,tichondrius,234,priest,discipline,14,4,10
21310,Islada,illidan,233,priest,discipline,18,4,14
21311,Holyshield,jubeithos,223,priest,discipline,8,3,5
21312,Wagonss,stormrage,222,priest,discipline,25,7,18
21313,Reâpêr,kelthuzad,201,priest,discipline,13,4,9
21314,Zortroz,tichondrius,192,priest,discipline,4,3,1
21315,Jedrick,malganis,192,priest,discipline,4,3,1
21316,Berzum,chogall,192,priest,discipline,4,3,1
21317,Notthebappo,malganis,192,priest,discipline,11,4,7
21318,Tedesq,stormrage,192,priest,discipline,9,3,6
21319,Cub,darkspear,192,priest,discipline,6,2,4
21320,Bestwizardx,tichondrius,192,priest,discipline,6,2,4
21321,Dimanche,thunderlord,192,priest,discipline,6,2,4
21322,Ocxpriest,azralon,192,priest,discipline,6,2,4
21323,Dilonpi,area-52,192,priest,discipline,6,2,4
21324,Whitesharks,tichondrius,192,priest,discipline,6,2,4
21325,Beansofdean,proudmoore,192,priest,discipline,6,2,4
21326,Haushauha,azralon,192,priest,discipline,6,2,4
21327,Linaelinatia,area-52,192,priest,discipline,6,2,4
21328,Nejisaiyan,sargeras,192,priest,discipline,6,2,4
21329,Nars,draka,192,priest,discipline,6,2,4
21330,Feivalentine,illidan,192,priest,discipline,6,2,4
21331,Zarakih,azralon,192,priest,discipline,6,2,4
21332,Nylaza,kiljaeden,192,priest,discipline,6,2,4
21333,Upsahl,area-52,192,priest,discipline,6,2,4
21334,Plaguesus,dalaran,192,priest,discipline,6,2,4
21335,Pingleangel,tichondrius,192,priest,discipline,6,2,4
21336,Thangthangin,icecrown,192,priest,discipline,6,2,4
21337,Patagoniabae,kelthuzad,192,priest,discipline,6,2,4
21338,Yoxxoo,tichondrius,192,priest,discipline,6,2,4
21339,Médic,guldan,192,priest,discipline,6,2,4
21340,Goatedhp,dalaran,192,priest,discipline,6,2,4
21341,Qnarisha,tichondrius,192,priest,discipline,6,2,4
21342,Phatheals,norgannon,192,priest,discipline,6,2,4
21343,Riztwo,moon-guard,192,priest,discipline,6,2,4
21344,Makdaddy,skullcrusher,192,priest,discipline,6,2,4
21345,Holymagetv,tichondrius,192,priest,discipline,6,2,4
21346,Spampws,aerie-peak,192,priest,discipline,6,2,4
21347,Verboden,kelthuzad,192,priest,discipline,6,2,4
21348,Surfgang,tichondrius,192,priest,discipline,6,2,4
21349,Chazzwizz,area-52,192,priest,discipline,6,2,4
21350,Marmintor,stormrage,192,priest,discipline,6,2,4
21351,Halloweenx,area-52,192,priest,discipline,6,2,4
21352,Coldstone,bloodhoof,192,priest,discipline,6,2,4
21353,Râven,proudmoore,192,priest,discipline,6,2,4
21354,Rbmxp,barthilas,192,priest,discipline,6,2,4
21355,Helorren,nagrand,192,priest,discipline,6,2,4
21356,Rickmason,frostmane,192,priest,discipline,6,2,4
21357,Krevs,proudmoore,192,priest,discipline,6,2,4
21358,Mcgg,tichondrius,192,priest,discipline,6,2,4
21359,Haduth,area-52,192,priest,discipline,6,2,4
21360,Easywins,sargeras,192,priest,discipline,6,2,4
21361,Baldy,arthas,192,priest,discipline,6,2,4
21362,Genevieve,aggramar,192,priest,discipline,6,2,4
21363,Slenden,illidan,192,priest,discipline,6,2,4
21364,Onjah,kiljaeden,192,priest,discipline,6,2,4
21365,Issaley,tichondrius,192,priest,discipline,6,2,4
21366,Holyshafted,kelthuzad,192,priest,discipline,6,2,4
21367,Zereht,ragnaros,192,priest,discipline,6,2,4
21368,Holydrop,sargeras,192,priest,discipline,6,2,4
21369,Dabrat,darkspear,192,priest,discipline,6,2,4
21370,Drbønghitmd,tichondrius,192,priest,discipline,6,2,4
21371,Kìttý,cenarius,192,priest,discipline,6,2,4
21372,Jaq,altar-of-storms,192,priest,discipline,6,2,4
21373,Wiccano,stormrage,192,priest,discipline,6,2,4
21374,Novakaynersj,anetheron,192,priest,discipline,6,2,4
21375,Frankoizz,quelthalas,192,priest,discipline,6,2,4
21376,Wíckéd,frostmourne,192,priest,discipline,6,2,4
21377,Qtpriestx,tichondrius,192,priest,discipline,6,2,4
21378,Dinkk,stormrage,192,priest,discipline,6,2,4
21379,Járngreipr,nerzhul,192,priest,discipline,6,2,4
21380,Penicilin,terokkar,192,priest,discipline,6,2,4
21381,Spitefuldirk,dalaran,192,priest,discipline,6,2,4
21382,Mindgoblin,terokkar,192,priest,discipline,6,2,4
21383,Trienolone,emerald-dream,192,priest,discipline,6,2,4
21384,Corpsen,frostmourne,192,priest,discipline,6,2,4
21385,Faedre,smolderthorn,192,priest,discipline,6,2,4
21386,Karmapi,malganis,192,priest,discipline,6,2,4
21387,Discyple,ysera,192,priest,discipline,6,2,4
21388,Holytipz,stormrage,192,priest,discipline,6,2,4
21389,Mayzal,emerald-dream,192,priest,discipline,6,2,4
21390,Linkolln,sargeras,192,priest,discipline,6,2,4
21391,Davedawg,emerald-dream,192,priest,discipline,6,2,4
21392,Discogs,frostmourne,192,priest,discipline,6,2,4
21393,Heartsblood,whisperwind,192,priest,discipline,6,2,4
21394,Dxs,hydraxis,192,priest,discipline,6,2,4
21395,Prff,ragnaros,192,priest,discipline,6,2,4
21396,Lunarras,aggramar,192,priest,discipline,6,2,4
21397,Keaina,malganis,192,priest,discipline,6,2,4
21398,Tulip,frostmourne,192,priest,discipline,6,2,4
21399,Çherished,stormrage,192,priest,discipline,6,2,4
21400,Bmox,borean-tundra,192,priest,discipline,6,2,4
21401,Nevertelsp,malganis,192,priest,discipline,6,2,4
21402,Stennic,emerald-dream,192,priest,discipline,6,2,4
21403,Kaeruz,stormrage,192,priest,discipline,6,2,4
21404,Myeryc,frostmourne,192,priest,discipline,6,2,4
21405,Roivas,bleeding-hollow,192,priest,discipline,6,2,4
21406,Pimeharder,tichondrius,192,priest,discipline,6,2,4
21407,Mindfak,bleeding-hollow,192,priest,discipline,6,2,4
21408,Vikingkøng,ragnaros,192,priest,discipline,6,2,4
21409,Kustem,tichondrius,192,priest,discipline,6,2,4
21410,Keygodx,illidan,192,priest,discipline,6,2,4
21411,Soulclap,sargeras,192,priest,discipline,6,2,4
21412,Snowlily,illidan,192,priest,discipline,6,2,4
21413,Skellieman,malorne,192,priest,discipline,6,2,4
21414,Releknosleep,frostwolf,192,priest,discipline,6,2,4
21415,Ôp,sargeras,192,priest,discipline,6,2,4
21416,Hankspank,hakkar,192,priest,discipline,6,2,4
21417,Skêptic,tichondrius,192,priest,discipline,6,2,4
21418,Castholy,nordrassil,192,priest,discipline,6,2,4
21419,Coffeek,sargeras,192,priest,discipline,6,2,4
21420,Axelrod,tichondrius,192,priest,discipline,6,2,4
21421,Xìdís,vashj,192,priest,discipline,6,2,4
21422,Hotdice,bleeding-hollow,192,priest,discipline,6,2,4
21423,Smallz,silvermoon,192,priest,discipline,6,2,4
21424,Meaning,tichondrius,192,priest,discipline,6,2,4
21425,Benjamints,thrall,192,priest,discipline,6,2,4
21426,Stiffmeister,bleeding-hollow,192,priest,discipline,6,2,4
21427,Kimbeloria,bleeding-hollow,192,priest,discipline,6,2,4
21428,Gwendalynne,tichondrius,192,priest,discipline,6,2,4
21429,Bubblewrap,wyrmrest-accord,192,priest,discipline,6,2,4
21430,Vivø,nemesis,192,priest,discipline,6,2,4
21431,Dudebanger,sargeras,192,priest,discipline,6,2,4
21432,Ayani,khadgar,192,priest,discipline,6,2,4
21433,Shalther,thrall,192,priest,discipline,6,2,4
21434,Budheals,spirestone,192,priest,discipline,6,2,4
21435,Noteenurse,blackrock,192,priest,discipline,6,2,4
21436,Krossvoid,thrall,192,priest,discipline,6,2,4
21437,Irixus,zuljin,192,priest,discipline,6,2,4
21438,Schadên,wyrmrest-accord,192,priest,discipline,6,2,4
21439,Insomnya,sargeras,192,priest,discipline,6,2,4
21440,Gwenholy,hakkar,192,priest,discipline,6,2,4
21441,Mhanaburn,nerzhul,192,priest,discipline,6,2,4
21442,Xeroxlivee,tichondrius,192,priest,discipline,6,2,4
21443,Madmilesstv,zuljin,192,priest,discipline,6,2,4
21444,Príest,nordrassil,192,priest,discipline,6,2,4
21445,Noobepriest,thrall,192,priest,discipline,6,2,4
21446,Meowforheals,sargeras,192,priest,discipline,6,2,4
21447,Preyforme,tichondrius,192,priest,discipline,7,2,5
21448,Brokennurse,area-52,192,priest,discipline,7,2,5
21449,Lightski,thunderlord,192,priest,discipline,7,2,5
21450,Patchyemoly,frostmourne,192,priest,discipline,8,2,6
21451,Sëv,stormrage,192,priest,discipline,9,2,7
21452,Dabbinton,chogall,192,priest,discipline,10,2,8
21453,Kuazi,frostmourne,192,priest,discipline,12,2,10
21454,Lûdløw,kelthuzad,192,priest,discipline,12,2,10
21455,Canyounaut,kelthuzad,192,priest,discipline,12,2,10
21456,Prilance,hyjal,192,priest,discipline,12,2,10
21457,Fiéstah,illidan,192,priest,discipline,12,2,10
21458,Jordiest,dalaran,192,priest,discipline,12,2,10
21459,Ariês,tichondrius,192,priest,discipline,12,2,10
21460,Majiinbuu,maelstrom,192,priest,discipline,12,2,10
21461,Baldpate,tichondrius,192,priest,discipline,12,2,10
21462,Meatbaoo,tichondrius,192,priest,discipline,12,2,10
21463,Fearward,silvermoon,192,priest,discipline,12,2,10
21464,Feff,shuhalo,192,priest,discipline,12,2,10
21465,Ularim,tichondrius,192,priest,discipline,12,2,10
21466,Grâfix,barthilas,192,priest,discipline,12,2,10
21467,Nearo,barthilas,192,priest,discipline,12,2,10
21468,Rewena,silver-hand,192,priest,discipline,12,2,10
21469,Bolognypony,norgannon,192,priest,discipline,12,2,10
21470,Toguol,stormrage,192,priest,discipline,12,2,10
21471,Myobi,tichondrius,191,priest,discipline,6,2,4
21472,Leoi,fenris,191,priest,discipline,6,2,4
21473,Terric,shattered-hand,191,priest,discipline,6,2,4
21474,Charlie,azshara,191,priest,discipline,6,2,4
21475,Frothyfran,icecrown,191,priest,discipline,12,2,10
21476,Mynigajeff,zuljin,185,priest,discipline,14,4,10
21477,Akåsha,zuljin,175,priest,discipline,11,2,9
21478,Gabuncher,barthilas,175,priest,discipline,11,2,9
21479,Imamu,tichondrius,167,priest,discipline,25,11,14
21480,Dinogingy,lightbringer,159,priest,discipline,5,2,3
21481,Yuhstin,sargeras,159,priest,discipline,8,3,5
21482,Pochis,bleeding-hollow,159,priest,discipline,8,3,5
21483,Yayoo,exodar,144,priest,discipline,9,2,7
21484,Prayanmantis,tichondrius,138,priest,discipline,8,3,5
21485,Mesiausx,stormrage,138,priest,discipline,8,3,5
21486,Tylennin,hyjal,138,priest,discipline,13,4,9
21487,Ariadneminos,illidan,138,priest,discipline,11,3,8
21488,Theophobe,illidan,138,priest,discipline,19,5,14
21489,Càipirinha,tichondrius,128,priest,discipline,4,2,2
21490,Dangerhealz,frostmourne,128,priest,discipline,4,2,2
21491,Elevatez,stormrage,128,priest,discipline,4,2,2
21492,Juvell,illidan,96,priest,discipline,3,2,1
21493,Allaurah,thrall,96,priest,discipline,3,2,1
21494,Standback,wyrmrest-accord,96,priest,discipline,3,2,1
21495,Deckx,khazgoroth,96,priest,discipline,3,2,1
21496,Omgnerfz,zuljin,96,priest,discipline,6,1,5
21497,Ol,firetree,96,priest,discipline,6,1,5
21498,Prayforhealz,tichondrius,96,priest,discipline,6,1,5
21499,Djriest,sargeras,96,priest,discipline,6,1,5
21500,Rookieone,thrall,96,priest,discipline,6,1,5
21501,Snotanygood,alleria,96,priest,discipline,6,1,5
21502,Orethon,thrall,96,priest,discipline,6,1,5
21503,Trupriest,alleria,96,priest,discipline,6,1,5
21504,Worstpriest,stormscale,96,priest,discipline,6,1,5
21505,Shadowgobbo,thrall,96,priest,discipline,6,1,5
21506,Runecarver,anvilmar,96,priest,discipline,6,1,5
21507,Tooflyy,sargeras,96,priest,discipline,6,1,5
21508,Fatherwyatt,bleeding-hollow,96,priest,discipline,6,1,5
21509,Annoka,sargeras,96,priest,discipline,6,1,5
21510,Lenigrast,blackrock,96,priest,discipline,6,1,5
21511,Chewboppa,zuljin,96,priest,discipline,6,1,5
21512,Drmuhammad,sargeras,96,priest,discipline,6,1,5
21513,Nekkz,sargeras,96,priest,discipline,6,1,5
21514,Luxury,blackrock,96,priest,discipline,6,1,5
21515,Aeøns,sargeras,96,priest,discipline,6,1,5
21516,Fades,hellscream,96,priest,discipline,6,1,5
21517,Oprawinfree,tichondrius,96,priest,discipline,6,1,5
21518,Rickitz,bleeding-hollow,96,priest,discipline,6,1,5
21519,Barelylegalx,tichondrius,96,priest,discipline,6,1,5
21520,Pastortee,sargeras,96,priest,discipline,6,1,5
21521,Ilikis,tichondrius,96,priest,discipline,6,1,5
21522,Robinophelia,sargeras,96,priest,discipline,6,1,5
21523,Canklez,stormscale,96,priest,discipline,6,1,5
21524,Edessa,lothar,96,priest,discipline,6,1,5
21525,Common,tichondrius,96,priest,discipline,6,1,5
21526,Minamy,tichondrius,96,priest,discipline,6,1,5
21527,Terripriest,sargeras,96,priest,discipline,6,1,5
21528,Spspsp,illidan,96,priest,discipline,6,1,5
21529,Billyscousin,chogall,96,priest,discipline,6,1,5
21530,Nonbinary,trollbane,96,priest,discipline,6,1,5
21531,Ndz,wyrmrest-accord,96,priest,discipline,6,1,5
21532,Hordehealin,laughing-skull,96,priest,discipline,6,1,5
21533,Hokon,tortheldrin,96,priest,discipline,6,1,5
21534,Saltedaddy,tichondrius,96,priest,discipline,6,1,5
21535,Siobhin,wyrmrest-accord,96,priest,discipline,6,1,5
21536,Religions,wyrmrest-accord,96,priest,discipline,6,1,5
21537,Apbrady,sargeras,96,priest,discipline,6,1,5
21538,Aneresxo,illidan,96,priest,discipline,6,1,5
21539,Necrodiva,magtheridon,96,priest,discipline,6,1,5
21540,Yessír,stormrage,96,priest,discipline,6,1,5
21541,Thinmintt,wyrmrest-accord,96,priest,discipline,6,1,5
21542,Thh,emerald-dream,96,priest,discipline,6,1,5
21543,Mistnamed,emerald-dream,96,priest,discipline,6,1,5
21544,Jaseyrae,emerald-dream,96,priest,discipline,6,1,5
21545,Rancidcookie,tichondrius,96,priest,discipline,6,1,5
21546,Ivermectin,eredar,96,priest,discipline,6,1,5
21547,Cenzlyor,arthas,96,priest,discipline,6,1,5
21548,Breathkeeper,proudmoore,96,priest,discipline,6,1,5
21549,Ugamie,proudmoore,96,priest,discipline,6,1,5
21550,Kryoff,illidan,96,priest,discipline,6,1,5
21551,Trickyhobo,area-52,96,priest,discipline,6,1,5
21552,Ayzen,emerald-dream,96,priest,discipline,6,1,5
21553,Leach,darkspear,96,priest,discipline,6,1,5
21554,Mêga,illidan,96,priest,discipline,6,1,5
21555,Lzzp,azralon,96,priest,discipline,6,1,5
21556,Doobzy,proudmoore,96,priest,discipline,6,1,5
21557,Trixor,area-52,96,priest,discipline,6,1,5
21558,Priestmika,illidan,96,priest,discipline,6,1,5
21559,Mïsstres,area-52,96,priest,discipline,6,1,5
21560,Lifejuice,tichondrius,96,priest,discipline,6,1,5
21561,Vandi,moon-guard,96,priest,discipline,6,1,5
21562,Capixaba,stormrage,96,priest,discipline,6,1,5
21563,Holddacheese,area-52,96,priest,discipline,6,1,5
21564,Wilcarfegus,draka,96,priest,discipline,6,1,5
21565,Keynnish,sargeras,96,priest,discipline,6,1,5
21566,Moonideli,moon-guard,96,priest,discipline,6,1,5
21567,Eccentrixx,mannoroth,96,priest,discipline,6,1,5
21568,Remusha,dalaran,96,priest,discipline,6,1,5
21569,Lildes,tichondrius,96,priest,discipline,6,1,5
21570,Shåde,skullcrusher,96,priest,discipline,6,1,5
21571,Blosinrosin,lightbringer,96,priest,discipline,6,1,5
21572,Baerybonds,kiljaeden,96,priest,discipline,6,1,5
21573,Gustavustus,barthilas,96,priest,discipline,6,1,5
21574,Mêatpuppet,kiljaeden,96,priest,discipline,6,1,5
21575,Mannybtuggin,kelthuzad,96,priest,discipline,6,1,5
21576,Shaylari,kelthuzad,96,priest,discipline,6,1,5
21577,Powerwordqt,kalecgos,96,priest,discipline,6,1,5
21578,Shadeven,nagrand,96,priest,discipline,6,1,5
21579,Gódriç,emerald-dream,96,priest,discipline,6,1,5
21580,Tichealstwo,tichondrius,96,priest,discipline,6,1,5
21581,Thasar,azgalor,96,priest,discipline,6,1,5
21582,Púrg,frostmourne,96,priest,discipline,6,1,5
21583,Burroviejo,quelthalas,96,priest,discipline,6,1,5
21584,Regzi,stormrage,96,priest,discipline,6,1,5
21585,Spêc,frostmourne,96,priest,discipline,6,1,5
21586,Escence,jubeithos,96,priest,discipline,6,1,5
21587,Scenekîd,moon-guard,96,priest,discipline,6,1,5
21588,Hionlife,tichondrius,96,priest,discipline,6,1,5
21589,Kyrabon,ragnaros,96,priest,discipline,6,1,5
21590,Kunof,ragnaros,96,priest,discipline,6,1,5
21591,Nuditwo,malganis,96,priest,discipline,6,1,5
21592,Holnderoth,malganis,96,priest,discipline,6,1,5
21593,Clárke,tichondrius,96,priest,discipline,6,1,5
21594,Throwshade,moon-guard,96,priest,discipline,6,1,5
21595,Virydian,stormrage,96,priest,discipline,6,1,5
21596,Sukeena,malganis,96,priest,discipline,6,1,5
21597,Nineoneoneh,stormrage,96,priest,discipline,6,1,5
21598,Kireepilef,ragnaros,96,priest,discipline,6,1,5
21599,Kagura,dunemaul,96,priest,discipline,6,1,5
21600,Halfcab,runetotem,96,priest,discipline,6,1,5
21601,Fréákk,ragnaros,96,priest,discipline,6,1,5
21602,Kimmie,kelthuzad,96,priest,discipline,6,1,5
21603,Galice,archimonde,96,priest,discipline,6,1,5
21604,Fyne,kelthuzad,96,priest,discipline,9,1,8
21605,Ergoproxy,barthilas,96,priest,discipline,12,1,11
21606,Dawnside,wyrmrest-accord,96,priest,discipline,12,1,11
21607,Ssmushi,tichondrius,96,priest,discipline,12,1,11
21608,Notfandy,tichondrius,96,priest,discipline,12,1,11
21609,Gusgp,tichondrius,96,priest,discipline,12,1,11
21610,Mallzahar,darkspear,96,priest,discipline,12,1,11
21611,Erinyn,area-52,96,priest,discipline,12,1,11
21612,Torgasm,frostmourne,96,priest,discipline,12,1,11
21613,Sifts,proudmoore,96,priest,discipline,12,1,11
21614,Sevenlions,stormrage,96,priest,discipline,12,1,11
21615,Timéo,zuljin,96,priest,discipline,18,1,17
21616,Mixxd,shuhalo,95,priest,discipline,6,1,5
21617,Flexeggette,illidan,84,priest,discipline,13,4,9
21618,Ggums,tichondrius,84,priest,discipline,21,5,16
21619,Sáito,area-52,79,priest,discipline,5,1,4
21620,Gringotaco,tichondrius,74,priest,discipline,14,4,10
21621,Oldmanlou,spirestone,63,priest,discipline,14,2,12
21622,Wyldpiece,frostmourne,42,priest,discipline,7,3,4
21623,Jqueryy,tichondrius,42,priest,discipline,11,3,8
21624,Küno,kelthuzad,42,priest,discipline,10,2,8
21625,Icychain,area-52,42,priest,discipline,10,2,8
21626,Londy,area-52,42,priest,discipline,16,3,13
21627,Alathan,sargeras,31,priest,discipline,2,1,1
21628,Hycinamun,malganis,31,priest,discipline,2,1,1
21629,Nås,elune,31,priest,discipline,2,1,1
21630,Jennaôrtega,tichondrius,2312,priest,shadow,84,54,30
21631,Yeazy,stormrage,2296,priest,shadow,108,62,46
21632,Orchidp,tichondrius,2285,priest,shadow,207,130,77
21633,Ejr,altar-of-storms,2212,priest,shadow,97,51,46
21634,Yeona,tichondrius,2195,priest,shadow,101,60,41
21635,Techbadar,tichondrius,2185,priest,shadow,125,65,60
21636,Kishoengi,sargeras,2169,priest,shadow,78,49,29
21637,Eradication,frostmourne,2168,priest,shadow,93,61,32
21638,Dyrr,barthilas,2164,priest,shadow,102,55,47
21639,Zçythe,tichondrius,2158,priest,shadow,84,51,33
21640,Geovanni,barthilas,2147,priest,shadow,89,47,42
21641,Moraver,kelthuzad,2141,priest,shadow,74,39,35
21642,Mearas,kelthuzad,2128,priest,shadow,82,47,35
21643,Zlipz,frostmourne,2125,priest,shadow,66,42,24
21644,Kottun,stormrage,2110,priest,shadow,66,38,28
21645,Lìám,frostmourne,2110,priest,shadow,187,102,85
21646,Edd,tichondrius,2109,priest,shadow,146,74,72
21647,Maskali,tichondrius,2106,priest,shadow,96,49,47
21648,Bayter,frostmourne,2105,priest,shadow,181,97,84
21649,Strwbrynaner,sargeras,2094,priest,shadow,126,67,59
21650,Ombravuota,blades-edge,2085,priest,shadow,153,83,70
21651,Scandi,tichondrius,2053,priest,shadow,60,35,25
21652,Vtp,frostmourne,2052,priest,shadow,116,66,50
21653,Laundryday,korgath,2041,priest,shadow,90,48,42
21654,Knowknow,tichondrius,2013,priest,shadow,108,57,51
21655,Kiriko,mannoroth,2009,priest,shadow,95,54,41
21656,Ousïa,quelthalas,2009,priest,shadow,78,40,38
21657,Zlips,frostmourne,2006,priest,shadow,75,37,38
21658,Babyh,tichondrius,1994,priest,shadow,77,41,36
21659,Keygodx,illidan,1977,priest,shadow,59,36,23
21660,Blax,stormscale,1977,priest,shadow,60,35,25
21661,Xiaozhui,tichondrius,1977,priest,shadow,63,34,29
21662,Disemble,illidan,1977,priest,shadow,60,31,29
21663,Viyana,stormrage,1977,priest,shadow,204,104,100
21664,Apbrady,sargeras,1973,priest,shadow,66,35,31
21665,Urelz,illidan,1956,priest,shadow,30,21,9
21666,Eunu,tichondrius,1954,priest,shadow,62,31,31
21667,Spamndam,tichondrius,1952,priest,shadow,36,26,10
21668,Greaterfade,stormrage,1952,priest,shadow,60,34,26
21669,Omenx,emerald-dream,1949,priest,shadow,42,26,16
21670,Nekroscream,queldorei,1948,priest,shadow,47,27,20
21671,Maìden,sargeras,1945,priest,shadow,48,27,21
21672,Yenïza,illidan,1943,priest,shadow,124,63,61
21673,Garpd,tichondrius,1937,priest,shadow,66,44,22
21674,Arobahn,tichondrius,1932,priest,shadow,75,39,36
21675,Helmsman,tichondrius,1931,priest,shadow,94,52,42
21676,Expr,area-52,1929,priest,shadow,66,35,31
21677,Katallyst,tichondrius,1926,priest,shadow,77,36,41
21678,Targora,lightninghoof,1924,priest,shadow,60,35,25
21679,Cheesëburg,illidan,1915,priest,shadow,54,28,26
21680,Oohhmágáá,azralon,1907,priest,shadow,48,33,15
21681,Kuraga,bleeding-hollow,1904,priest,shadow,326,173,153
21682,Gâdzêd,kelthuzad,1900,priest,shadow,48,30,18
21683,Soapee,illidan,1896,priest,shadow,191,96,95
21684,Sin,guldan,1894,priest,shadow,232,125,107
21685,Erebusz,tichondrius,1894,priest,shadow,54,29,25
21686,Stinkiez,area-52,1892,priest,shadow,180,95,85
21687,Meehx,illidan,1886,priest,shadow,102,65,37
21688,Tamajka,the-forgotten-coast,1881,priest,shadow,87,47,40
21689,Amyyds,illidan,1879,priest,shadow,89,57,32
21690,Delasoul,malganis,1876,priest,shadow,63,37,26
21691,Soar,ravencrest,1872,priest,shadow,47,26,21
21692,Atarri,illidan,1868,priest,shadow,54,31,23
21693,Creapture,zuluhed,1864,priest,shadow,42,24,18
21694,Xayp,kelthuzad,1863,priest,shadow,101,73,28
21695,Asmødeus,bleeding-hollow,1863,priest,shadow,59,35,24
21696,Keliarc,sargeras,1863,priest,shadow,60,34,26
21697,Voidkay,tichondrius,1862,priest,shadow,42,35,7
21698,Wizkxg,tichondrius,1862,priest,shadow,36,24,12
21699,Yberisa,zuljin,1861,priest,shadow,49,32,17
21700,Puppyboyx,moon-guard,1861,priest,shadow,62,31,31
21701,Plztrainme,spinebreaker,1860,priest,shadow,94,53,41
21702,Itkev,area-52,1854,priest,shadow,35,27,8
21703,Metasp,sargeras,1854,priest,shadow,54,30,24
21704,Talbadar,tichondrius,1853,priest,shadow,54,33,21
21705,Brokenspc,tichondrius,1852,priest,shadow,77,47,30
21706,Couldntbeme,sargeras,1852,priest,shadow,54,31,23
21707,Blackoss,sargeras,1852,priest,shadow,35,20,15
21708,Kattallyst,tichondrius,1851,priest,shadow,42,24,18
21709,Mamísonga,ragnaros,1851,priest,shadow,50,27,23
21710,Aro,tichondrius,1850,priest,shadow,48,22,26
21711,Echoos,proudmoore,1849,priest,shadow,42,28,14
21712,Yoggismydad,emerald-dream,1847,priest,shadow,48,29,19
21713,Wafflezsp,frostmourne,1847,priest,shadow,120,62,58
21714,Sapoopettas,quelthalas,1845,priest,shadow,54,26,28
21715,Niark,frostmourne,1844,priest,shadow,46,24,22
21716,Remixsp,malganis,1840,priest,shadow,42,24,18
21717,Bagjoe,illidan,1839,priest,shadow,80,46,34
21718,Jugeumx,proudmoore,1838,priest,shadow,42,25,17
21719,Emopriestqt,tichondrius,1836,priest,shadow,114,68,46
21720,Louloudots,malganis,1835,priest,shadow,60,31,29
21721,Niurouchuan,tichondrius,1834,priest,shadow,62,31,31
21722,Phubar,stormreaver,1831,priest,shadow,78,34,44
21723,Remedio,emerald-dream,1830,priest,shadow,33,21,12
21724,Yb,kelthuzad,1829,priest,shadow,54,32,22
21725,Auttø,area-52,1829,priest,shadow,45,26,19
21726,Kalantris,ragnaros,1828,priest,shadow,64,41,23
21727,Throwshade,moon-guard,1828,priest,shadow,89,56,33
21728,Giriosp,thrall,1827,priest,shadow,31,22,9
21729,Pbxx,tichondrius,1826,priest,shadow,46,27,19
21730,Ensanity,stormrage,1826,priest,shadow,60,33,27
21731,Gromkekz,area-52,1826,priest,shadow,72,33,39
21732,Celypriest,moon-guard,1825,priest,shadow,30,25,5
21733,Ptam,tichondrius,1825,priest,shadow,47,26,21
21734,Idiotgarbage,moon-guard,1824,priest,shadow,48,26,22
21735,Evenly,tichondrius,1822,priest,shadow,90,51,39
21736,Snozberry,malganis,1822,priest,shadow,66,36,30
21737,Mindslips,tichondrius,1821,priest,shadow,144,82,62
21738,Bearoom,frostmourne,1820,priest,shadow,66,39,27
21739,Kydraah,ragnaros,1820,priest,shadow,47,27,20
21740,Plaguesus,dalaran,1820,priest,shadow,64,35,29
21741,Mythsnake,ragnaros,1819,priest,shadow,43,25,18
21742,Vil,lightnings-blade,1819,priest,shadow,90,50,40
21743,Dots,tichondrius,1816,priest,shadow,53,33,20
21744,Katarot,area-52,1816,priest,shadow,51,30,21
21745,Hollister,illidan,1816,priest,shadow,246,132,114
21746,Ysuran,moon-guard,1815,priest,shadow,144,82,62
21747,Pboo,tichondrius,1815,priest,shadow,36,19,17
21748,Griffsp,sargeras,1815,priest,shadow,191,94,97
21749,Blissily,sargeras,1814,priest,shadow,75,47,28
21750,Irasponsible,stormrage,1814,priest,shadow,42,23,19
21751,Holytalk,tichondrius,1814,priest,shadow,60,30,30
21752,Melonsoda,stormrage,1813,priest,shadow,48,26,22
21753,Resonator,laughing-skull,1813,priest,shadow,46,22,24
21754,Invain,executus,1812,priest,shadow,30,24,6
21755,Xdipi,proudmoore,1812,priest,shadow,42,25,17
21756,Tomcruisé,zuljin,1810,priest,shadow,54,31,23
21757,Llamabush,malganis,1809,priest,shadow,39,26,13
21758,Cixelpvp,area-52,1809,priest,shadow,54,26,28
21759,Doublesix,malganis,1808,priest,shadow,66,40,26
21760,Ericxd,area-52,1807,priest,shadow,77,38,39
21761,Pesca,proudmoore,1805,priest,shadow,60,35,25
21762,Jomm,area-52,1805,priest,shadow,69,37,32
21763,Exoticfather,area-52,1805,priest,shadow,60,30,30
21764,Saintpleb,sargeras,1804,priest,shadow,92,64,28
21765,Pdfileclass,tichondrius,1803,priest,shadow,24,19,5
21766,Panndaz,tichondrius,1803,priest,shadow,30,19,11
21767,Metricdotem,terenas,1803,priest,shadow,42,26,16
21768,Korrà,turalyon,1802,priest,shadow,30,19,11
21769,Hástür,quelthalas,1801,priest,shadow,121,67,54
21770,Welplayedman,emerald-dream,1800,priest,shadow,36,22,14
21771,Soyul,tichondrius,1795,priest,shadow,66,38,28
21772,Axelrod,tichondrius,1792,priest,shadow,48,29,19
21773,Girthed,bloodscalp,1785,priest,shadow,68,40,28
21774,Disxlyec,barthilas,1782,priest,shadow,83,48,35
21775,Ericzssp,tichondrius,1779,priest,shadow,45,25,20
21776,Jojotwo,illidan,1777,priest,shadow,54,27,27
21777,Palmerin,ravencrest,1775,priest,shadow,81,45,36
21778,Shelize,kirin-tor,1770,priest,shadow,137,72,65
21779,Edai,malganis,1766,priest,shadow,173,95,78
21780,Zlowbly,ragnaros,1762,priest,shadow,89,46,43
21781,Sleepynuj,stormrage,1757,priest,shadow,60,38,22
21782,Orgasmiq,frostmourne,1755,priest,shadow,84,45,39
21783,Ussmissouri,area-52,1753,priest,shadow,110,60,50
21784,Crbandit,moon-guard,1752,priest,shadow,67,46,21
21785,Lauretânia,nemesis,1751,priest,shadow,54,29,25
21786,Afromon,suramar,1750,priest,shadow,72,45,27
21787,Shadowforsho,sargeras,1750,priest,shadow,52,26,26
21788,Vashrapani,stormrage,1749,priest,shadow,177,96,81
21789,Jydge,tichondrius,1746,priest,shadow,33,20,13
21790,Brickzyhehe,dalaran,1745,priest,shadow,95,47,48
21791,Impérial,stormrage,1744,priest,shadow,179,107,72
21792,Zhiwanam,tichondrius,1744,priest,shadow,53,31,22
21793,Priestine,dreadmaul,1742,priest,shadow,132,73,59
21794,Ðantex,thrall,1731,priest,shadow,159,83,76
21795,Dildocrates,darkspear,1730,priest,shadow,48,28,20
21796,Desaros,tichondrius,1723,priest,shadow,54,30,24
21797,Estéve,wyrmrest-accord,1723,priest,shadow,89,42,47
21798,Nøfaith,area-52,1721,priest,shadow,70,35,35
21799,Peggable,moon-guard,1718,priest,shadow,42,23,19
21800,Deadsp,thrall,1718,priest,shadow,91,48,43
21801,Brokentrojan,moon-guard,1718,priest,shadow,48,23,25
21802,Sênju,thrall,1717,priest,shadow,47,24,23
21803,Jthreetx,kelthuzad,1710,priest,shadow,30,18,12
21804,Arthrix,sargeras,1709,priest,shadow,36,25,11
21805,Nishishabi,tichondrius,1707,priest,shadow,48,24,24
21806,Shwayp,zuljin,1702,priest,shadow,36,22,14
21807,Twoboo,bleeding-hollow,1701,priest,shadow,72,40,32
21808,Derisha,ragnaros,1701,priest,shadow,72,40,32
21809,Pestee,quelthalas,1700,priest,shadow,124,76,48
21810,Voidazepam,zuljin,1700,priest,shadow,84,49,35
21811,Cavaliersr,ragnaros,1696,priest,shadow,90,53,37
21812,Mepisth,sargeras,1692,priest,shadow,60,38,22
21813,Nevertelsp,malganis,1689,priest,shadow,59,42,17
21814,Mindgoblin,terokkar,1689,priest,shadow,36,18,18
21815,Pengwinxl,agamaggan,1683,priest,shadow,36,20,16
21816,Insanity,azuremyst,1682,priest,shadow,95,51,44
21817,Deuz,quelthalas,1682,priest,shadow,48,23,25
21818,Criminalsp,frostmourne,1676,priest,shadow,30,19,11
21819,Woodney,ragnaros,1676,priest,shadow,30,19,11
21820,Darkvagician,malganis,1676,priest,shadow,36,19,17
21821,Cmg,sargeras,1673,priest,shadow,42,22,20
21822,Evx,demon-soul,1673,priest,shadow,96,50,46
21823,Swungzebra,stormrage,1672,priest,shadow,134,81,53
21824,Psyfiend,alterac-mountains,1672,priest,shadow,36,20,16
21825,Dream,tichondrius,1672,priest,shadow,42,22,20
21826,Inflate,frostmourne,1672,priest,shadow,60,30,30
21827,Clownface,tichondrius,1671,priest,shadow,42,24,18
21828,Mindburn,nemesis,1670,priest,shadow,78,32,46
21829,Manic,skywall,1669,priest,shadow,108,61,47
21830,Shadowblastx,sargeras,1668,priest,shadow,42,25,17
21831,Trenbologni,illidan,1668,priest,shadow,150,88,62
21832,Fantasía,moon-guard,1668,priest,shadow,54,24,30
21833,Felrynpr,malganis,1665,priest,shadow,35,21,14
21834,Ellindria,spinebreaker,1665,priest,shadow,41,24,17
21835,Nuggs,mannoroth,1665,priest,shadow,42,21,21
21836,Nvøsuperstar,zuljin,1664,priest,shadow,42,21,21
21837,Mushill,tichondrius,1662,priest,shadow,48,26,22
21838,Álvarez,tichondrius,1662,priest,shadow,80,39,41
21839,Zachlol,area-52,1658,priest,shadow,66,36,30
21840,Gusho,frostmourne,1655,priest,shadow,169,87,82
21841,Moonideli,moon-guard,1654,priest,shadow,30,19,11
21842,Mêdúsa,area-52,1654,priest,shadow,36,21,15
21843,Ilovealina,gorefiend,1653,priest,shadow,30,21,9
21844,Kultil,dalaran,1646,priest,shadow,66,39,27
21845,Amarexlol,stormrage,1645,priest,shadow,60,34,26
21846,Aformoflove,tichondrius,1644,priest,shadow,35,18,17
21847,Sigx,area-52,1643,priest,shadow,30,21,9
21848,Xannè,tichondrius,1643,priest,shadow,36,21,15
21849,Occult,bloodscalp,1640,priest,shadow,75,38,37
21850,Snookp,kiljaeden,1638,priest,shadow,130,66,64
21851,Partypriest,tichondrius,1637,priest,shadow,66,36,30
21852,Kovie,twisting-nether,1636,priest,shadow,112,68,44
21853,Murkqz,stormrage,1634,priest,shadow,42,24,18
21854,Dillydackx,sargeras,1634,priest,shadow,108,60,48
21855,Milkgrabber,bleeding-hollow,1633,priest,shadow,72,43,29
21856,Slasheal,caelestrasz,1633,priest,shadow,84,43,41
21857,Cixelp,area-52,1631,priest,shadow,42,23,19
21858,Safe,illidan,1629,priest,shadow,97,51,46
21859,Laokele,tichondrius,1627,priest,shadow,36,22,14
21860,Ticklefingrs,malganis,1627,priest,shadow,36,20,16
21861,Fireballingg,tichondrius,1625,priest,shadow,30,18,12
21862,Netheerix,tichondrius,1625,priest,shadow,31,17,14
21863,Giveheadpats,moon-guard,1625,priest,shadow,182,99,83
21864,Snuffp,sargeras,1623,priest,shadow,108,70,38
21865,Shalla,blackrock,1623,priest,shadow,72,37,35
21866,Milan,dalaran,1621,priest,shadow,30,20,10
21867,Holydose,moon-guard,1621,priest,shadow,48,20,28
21868,Drupith,dalaran,1620,priest,shadow,36,17,19
21869,Dirtyysanta,tichondrius,1619,priest,shadow,29,18,11
21870,Solstunn,moon-guard,1619,priest,shadow,48,24,24
21871,Iogical,kelthuzad,1618,priest,shadow,116,70,46
21872,Krazé,tichondrius,1617,priest,shadow,48,26,22
21873,Skrillô,emerald-dream,1617,priest,shadow,42,20,22
21874,Sodíum,wyrmrest-accord,1616,priest,shadow,42,20,22
21875,Jeanbi,ragnaros,1615,priest,shadow,88,55,33
21876,Littlewench,sargeras,1609,priest,shadow,43,25,18
21877,Adopted,wyrmrest-accord,1607,priest,shadow,60,34,26
21878,Bandages,stormreaver,1606,priest,shadow,104,57,47
21879,Manofmystery,dalaran,1605,priest,shadow,30,19,11
21880,Shadowdurps,area-52,1604,priest,shadow,66,36,30
21881,Sarâda,moon-guard,1604,priest,shadow,126,67,59
21882,Clamchowdy,kiljaeden,1603,priest,shadow,27,18,9
21883,Vaala,jubeithos,1603,priest,shadow,42,22,20
21884,Hotphoyou,moon-guard,1600,priest,shadow,60,39,21
21885,Manifestor,illidan,1600,priest,shadow,86,51,35
21886,Scalpell,tichondrius,1600,priest,shadow,118,62,56
21887,Wifegrip,tichondrius,1598,priest,shadow,42,19,23
21888,Nexumbra,dunemaul,1597,priest,shadow,66,37,29
21889,Shadowkr,tichondrius,1594,priest,shadow,36,21,15
21890,Graviton,tichondrius,1591,priest,shadow,54,31,23
21891,Fâêlyn,wyrmrest-accord,1589,priest,shadow,52,24,28
21892,Xmewo,sargeras,1588,priest,shadow,35,19,16
21893,Aethestan,zuljin,1587,priest,shadow,65,30,35
21894,Voiders,area-52,1582,priest,shadow,151,86,65
21895,Dovoso,kargath,1582,priest,shadow,30,17,13
21896,Ajazz,zuljin,1578,priest,shadow,36,22,14
21897,Krytical,illidan,1575,priest,shadow,86,52,34
21898,Çummiñs,malganis,1575,priest,shadow,36,21,15
21899,Wenger,crushridge,1575,priest,shadow,89,45,44
21900,Heàvenly,moon-guard,1573,priest,shadow,36,21,15
21901,Pumpss,area-52,1572,priest,shadow,44,24,20
21902,Voidshift,tichondrius,1571,priest,shadow,197,102,95
21903,Ezrashade,tichondrius,1570,priest,shadow,65,34,31
21904,Marantbourge,frostmourne,1566,priest,shadow,75,45,30
21905,Sorrentin,ragnaros,1566,priest,shadow,58,31,27
21906,Crazyherb,azralon,1565,priest,shadow,83,47,36
21907,Ranthrough,tichondrius,1561,priest,shadow,42,29,13
21908,Alex,boulderfist,1557,priest,shadow,54,31,23
21909,Sìnz,area-52,1555,priest,shadow,36,26,10
21910,Fig,nazgrel,1554,priest,shadow,66,33,33
21911,Softs,area-52,1549,priest,shadow,83,42,41
21912,Cyanovoid,thrall,1549,priest,shadow,36,18,18
21913,Nonamegame,sargeras,1548,priest,shadow,30,18,12
21914,Toddmund,tichondrius,1548,priest,shadow,35,19,16
21915,Methandrial,hyjal,1546,priest,shadow,54,30,24
21916,Esteedees,bonechewer,1545,priest,shadow,36,17,19
21917,Khelleya,moon-guard,1543,priest,shadow,48,26,22
21918,Silero,dalaran,1534,priest,shadow,57,36,21
21919,Iuka,emerald-dream,1534,priest,shadow,77,37,40
21920,Carniosso,azralon,1532,priest,shadow,36,19,17
21921,Imabeast,stormrage,1532,priest,shadow,52,26,26
21922,Mealmassttr,frostmourne,1531,priest,shadow,36,18,18
21923,Raptorjésus,azjolnerub,1530,priest,shadow,30,16,14
21924,Lowkii,malfurion,1528,priest,shadow,45,33,12
21925,Sochron,stormrage,1526,priest,shadow,62,28,34
21926,Purpskurp,stormrage,1525,priest,shadow,42,20,22
21927,Márceline,stormrage,1520,priest,shadow,64,40,24
21928,Rhoku,nesingwary,1519,priest,shadow,36,21,15
21929,Ratleen,malganis,1519,priest,shadow,170,80,90
21930,Keepitlegal,sargeras,1515,priest,shadow,30,16,14
21931,Delbringer,moon-guard,1513,priest,shadow,31,19,12
21932,Faeinia,elune,1509,priest,shadow,81,48,33
21933,Whitehandpr,tichondrius,1507,priest,shadow,219,109,110
21934,Astoshan,moon-guard,1505,priest,shadow,83,53,30
21935,Wobbleskank,tichondrius,1505,priest,shadow,78,47,31
21936,Frankeebutt,stormrage,1501,priest,shadow,36,22,14
21937,Swp,sargeras,1499,priest,shadow,30,21,9
21938,Shibuu,moon-guard,1499,priest,shadow,28,16,12
21939,Seedisc,kelthuzad,1496,priest,shadow,24,17,7
21940,Habann,frostmourne,1494,priest,shadow,113,61,52
21941,Chenny,darkspear,1491,priest,shadow,44,27,17
21942,Moralism,moon-guard,1491,priest,shadow,181,100,81
21943,Nullreferenc,frostmourne,1490,priest,shadow,39,20,19
21944,Azheel,stormrage,1490,priest,shadow,65,26,39
21945,Fïo,proudmoore,1488,priest,shadow,66,32,34
21946,Azagthøth,ravenholdt,1478,priest,shadow,239,122,117
21947,Pluse,bonechewer,1476,priest,shadow,34,17,17
21948,Antìdote,tichondrius,1474,priest,shadow,74,42,32
21949,Plebcakès,sargeras,1474,priest,shadow,43,23,20
21950,Beckðn,tichondrius,1474,priest,shadow,61,32,29
21951,Sînkaî,demon-soul,1472,priest,shadow,54,33,21
21952,Dotdotwin,illidan,1472,priest,shadow,59,35,24
21953,Rhick,azralon,1462,priest,shadow,24,17,7
21954,Plzdontlos,hyjal,1461,priest,shadow,36,22,14
21955,Londy,area-52,1461,priest,shadow,230,114,116
21956,Xannis,thrall,1460,priest,shadow,42,23,19
21957,Fritzi,shattered-hand,1456,priest,shadow,30,17,13
21958,Numinous,wyrmrest-accord,1456,priest,shadow,68,35,33
21959,Stusy,tichondrius,1455,priest,shadow,59,39,20
21960,Lelyna,stormrage,1454,priest,shadow,36,22,14
21961,Pepps,proudmoore,1453,priest,shadow,220,113,107
21962,Shadork,area-52,1451,priest,shadow,31,18,13
21963,Thelordx,barthilas,1450,priest,shadow,48,23,25
21964,Cuaiminator,ragnaros,1448,priest,shadow,72,39,33
21965,Kadralin,illidan,1445,priest,shadow,48,24,24
21966,Trollypriest,darkspear,1443,priest,shadow,54,30,24
21967,Iuvrainee,area-52,1442,priest,shadow,30,16,14
21968,Kokai,area-52,1440,priest,shadow,18,15,3
21969,Bobbyvagene,area-52,1438,priest,shadow,30,15,15
21970,Inmotion,tichondrius,1437,priest,shadow,24,15,9
21971,ßarracuda,illidan,1436,priest,shadow,48,32,16
21972,Rida,zuljin,1436,priest,shadow,38,24,14
21973,Drmuhammad,sargeras,1436,priest,shadow,24,15,9
21974,Onegil,tichondrius,1436,priest,shadow,75,38,37
21975,Whorticiå,area-52,1436,priest,shadow,65,27,38
21976,Marni,akama,1433,priest,shadow,48,26,22
21977,Ciem,tichondrius,1431,priest,shadow,24,15,9
21978,ßroßraßroski,sargeras,1431,priest,shadow,36,22,14
21979,Minamy,tichondrius,1430,priest,shadow,24,15,9
21980,Vynlanesh,illidan,1429,priest,shadow,42,16,26
21981,Aguitardient,ragnaros,1426,priest,shadow,33,19,14
21982,Øbara,frostmourne,1424,priest,shadow,46,25,21
21983,Wdnmmd,proudmoore,1424,priest,shadow,64,29,35
21984,Bigmollet,tichondrius,1418,priest,shadow,77,32,45
21985,Lilmix,hydraxis,1417,priest,shadow,41,26,15
21986,Bûdussy,bonechewer,1417,priest,shadow,31,17,14
21987,Kilal,sargeras,1414,priest,shadow,30,20,10
21988,Strokkerx,azralon,1411,priest,shadow,30,19,11
21989,Sandelios,aggramar,1408,priest,shadow,42,28,14
21990,Voidscrypt,thrall,1406,priest,shadow,100,60,40
21991,Chewthefat,darkspear,1406,priest,shadow,29,15,14
21992,Boogle,frostmourne,1404,priest,shadow,41,20,21
21993,Frorgnence,stormrage,1400,priest,shadow,30,22,8
21994,Brothofnzoth,emerald-dream,1398,priest,shadow,38,16,22
21995,Deeaann,tichondrius,1395,priest,shadow,131,66,65
21996,Suicider,emerald-dream,1395,priest,shadow,80,34,46
21997,Mindboink,malganis,1392,priest,shadow,67,36,31
21998,Dipírex,azralon,1389,priest,shadow,84,40,44
21999,Wowgreatgame,tichondrius,1388,priest,shadow,48,24,24
22000,Fäÿë,tichondrius,1386,priest,shadow,54,26,28
22001,Kuazi,khazgoroth,1386,priest,shadow,116,54,62
22002,Healztonic,dalaran,1380,priest,shadow,72,32,40
22003,Wongÿ,tichondrius,1377,priest,shadow,24,20,4
22004,Miniimenx,azralon,1375,priest,shadow,41,29,12
22005,Swaggylee,tichondrius,1374,priest,shadow,28,15,13
22006,Saphet,draktharon,1373,priest,shadow,40,31,9
22007,Locjawbe,area-52,1372,priest,shadow,23,16,7
22008,Sekhen,area-52,1370,priest,shadow,33,18,15
22009,Urspareparts,sargeras,1370,priest,shadow,89,48,41
22010,Spõõky,illidan,1368,priest,shadow,26,15,11
22011,Tyisanity,tichondrius,1367,priest,shadow,62,29,33
22012,Kwõnc,tichondrius,1355,priest,shadow,29,15,14
22013,Showakoi,ragnaros,1355,priest,shadow,42,21,21
22014,Bastét,skullcrusher,1353,priest,shadow,99,54,45
22015,Bugsbright,tichondrius,1351,priest,shadow,75,36,39
22016,Poague,area-52,1343,priest,shadow,24,14,10
22017,Alisasa,tichondrius,1343,priest,shadow,24,14,10
22018,Palumorp,deathwing,1342,priest,shadow,18,14,4
22019,Flay,dragonmaw,1342,priest,shadow,18,14,4
22020,Cixelp,tichondrius,1342,priest,shadow,30,14,16
22021,Shén,barthilas,1336,priest,shadow,77,51,26
22022,Bigboyadam,frostmourne,1336,priest,shadow,40,24,16
22023,Hüde,stormrage,1334,priest,shadow,90,47,43
22024,Onipapae,frostmourne,1329,priest,shadow,40,22,18
22025,Griddly,alterac-mountains,1328,priest,shadow,24,14,10
22026,Teeprie,drakthul,1325,priest,shadow,24,15,9
22027,Nightcráwler,illidan,1322,priest,shadow,24,14,10
22028,Flickmybick,sargeras,1322,priest,shadow,27,15,12
22029,Maynard,ragnaros,1321,priest,shadow,60,30,30
22030,Dawnkìn,bleeding-hollow,1319,priest,shadow,54,26,28
22031,Rammstèin,sargeras,1314,priest,shadow,30,14,16
22032,Dahliá,frostmourne,1313,priest,shadow,36,16,20
22033,Timreaper,barthilas,1311,priest,shadow,35,21,14
22034,Cheez,tichondrius,1305,priest,shadow,52,21,31
22035,Uncletouches,thrall,1303,priest,shadow,30,14,16
22036,Aedaki,garona,1302,priest,shadow,59,34,25
22037,Xæl,tichondrius,1300,priest,shadow,36,18,18
22038,Mamofwar,arthas,1296,priest,shadow,66,29,37
22039,Healingstats,tichondrius,1295,priest,shadow,23,14,9
22040,Øvøxø,emerald-dream,1295,priest,shadow,33,15,18
22041,Alvorr,ragnaros,1292,priest,shadow,24,15,9
22042,Doma,malganis,1292,priest,shadow,27,15,12
22043,Xaneo,kelthuzad,1290,priest,shadow,23,14,9
22044,Ancene,illidan,1290,priest,shadow,42,24,18
22045,Vílja,moon-guard,1275,priest,shadow,70,31,39
22046,Chinchillin,demon-soul,1272,priest,shadow,66,39,27
22047,Chádeervas,nemesis,1270,priest,shadow,27,17,10
22048,Juicymist,moon-guard,1267,priest,shadow,58,32,26
22049,Lyriczx,kelthuzad,1265,priest,shadow,36,15,21
22050,Zyræl,stormrage,1262,priest,shadow,79,34,45
22051,Shadyvoodoo,barthilas,1256,priest,shadow,48,23,25
22052,Synergize,korgath,1254,priest,shadow,60,30,30
22053,Jwx,malganis,1248,priest,shadow,18,13,5
22054,Madcuzyaknow,bleeding-hollow,1248,priest,shadow,24,13,11
22055,Euthanasìa,deathwing,1247,priest,shadow,24,13,11
22056,Drossv,shadowmoon,1247,priest,shadow,30,13,17
22057,Headbrake,malganis,1246,priest,shadow,24,13,11
22058,Avraf,sargeras,1246,priest,shadow,24,13,11
22059,Bubblepop,blackhand,1245,priest,shadow,18,13,5
22060,Fanfansp,tichondrius,1244,priest,shadow,18,13,5
22061,Goodlife,frostmourne,1244,priest,shadow,24,13,11
22062,Yayonaise,tichondrius,1244,priest,shadow,24,13,11
22063,Crayon,stormrage,1244,priest,shadow,30,13,17
22064,Ashtahius,ragnaros,1243,priest,shadow,41,25,16
22065,Ashidox,proudmoore,1242,priest,shadow,27,14,13
22066,Nodoubt,barthilas,1242,priest,shadow,30,13,17
22067,Scriptö,fizzcrank,1241,priest,shadow,42,29,13
22068,Ascian,daggerspine,1239,priest,shadow,30,13,17
22069,Dilly,tichondrius,1238,priest,shadow,21,14,7
22070,Nums,tichondrius,1236,priest,shadow,30,16,14
22071,Amideus,dunemaul,1236,priest,shadow,30,13,17
22072,Dischaffy,shadowmoon,1228,priest,shadow,18,13,5
22073,Kaermor,stormrage,1227,priest,shadow,66,28,38
22074,Simplyfaded,black-dragonflight,1226,priest,shadow,24,13,11
22075,Harisleidy,quelthalas,1226,priest,shadow,24,13,11
22076,Sorrowful,mannoroth,1208,priest,shadow,29,13,16
22077,Discpi,illidan,1202,priest,shadow,78,34,44
22078,Greyyan,wyrmrest-accord,1200,priest,shadow,71,35,36
22079,Senumbra,tichondrius,1200,priest,shadow,36,16,20
22080,Xedus,mannoroth,1192,priest,shadow,56,31,25
22081,Reos,jubeithos,1186,priest,shadow,24,15,9
22082,Shadøwheal,stormrage,1180,priest,shadow,18,13,5
22083,Darksheals,barthilas,1176,priest,shadow,30,22,8
22084,Aflstan,frostmourne,1159,priest,shadow,51,30,21
22085,Antoz,kelthuzad,1156,priest,shadow,29,15,14
22086,Chazzwizz,area-52,1152,priest,shadow,24,12,12
22087,Nozp,stormrage,1152,priest,shadow,24,12,12
22088,Bubbyflay,area-52,1151,priest,shadow,18,12,6
22089,Stresscube,tichondrius,1151,priest,shadow,22,13,9
22090,Cathery,tichondrius,1151,priest,shadow,24,12,12
22091,Cozies,stormreaver,1151,priest,shadow,24,12,12
22092,Ghostz,alleria,1150,priest,shadow,12,12,0
22093,Invincible,ragnaros,1149,priest,shadow,24,12,12
22094,Zolgeta,exodar,1146,priest,shadow,29,18,11
22095,Shmage,malganis,1146,priest,shadow,24,12,12
22096,Dayquills,illidan,1145,priest,shadow,24,12,12
22097,Iminyou,kelthuzad,1144,priest,shadow,18,12,6
22098,Lilithice,moon-guard,1144,priest,shadow,24,12,12
22099,Lirien,kelthuzad,1141,priest,shadow,30,12,18
22100,Knglizward,stormrage,1140,priest,shadow,59,33,26
22101,Malikeht,drakkari,1136,priest,shadow,24,12,12
22102,Lawgiva,thrall,1135,priest,shadow,18,12,6
22103,Abolita,korgath,1112,priest,shadow,54,26,28
22104,Võid,tichondrius,1103,priest,shadow,23,12,11
22105,Wetleaftx,chogall,1097,priest,shadow,18,13,5
22106,Benjamints,thrall,1085,priest,shadow,18,13,5
22107,Scormm,runetotem,1073,priest,shadow,24,13,11
22108,Bloodify,azralon,1072,priest,shadow,24,13,11
22109,Manofmystery,drenden,1071,priest,shadow,17,12,5
22110,Discipline,chogall,1056,priest,shadow,18,11,7
22111,Patagoniabae,kelthuzad,1055,priest,shadow,12,11,1
22112,Taylorsp,tichondrius,1055,priest,shadow,18,11,7
22113,Pwrwordsquee,lightbringer,1055,priest,shadow,18,11,7
22114,Dispèrsion,darkspear,1055,priest,shadow,24,11,13
22115,Bornagain,gundrak,1055,priest,shadow,24,11,13
22116,Büd,sargeras,1054,priest,shadow,18,11,7
22117,Fouroneo,tichondrius,1054,priest,shadow,18,11,7
22118,Darkshadows,ravenholdt,1052,priest,shadow,18,11,7
22119,Nevermôre,area-52,1050,priest,shadow,18,11,7
22120,Badnfluence,kiljaeden,1046,priest,shadow,18,11,7
22121,Coors,lightnings-blade,1046,priest,shadow,24,11,13
22122,Nocturnalx,illidan,1045,priest,shadow,18,11,7
22123,Xammys,malganis,1043,priest,shadow,18,11,7
22124,Layrissa,whisperwind,1043,priest,shadow,18,11,7
22125,Emlix,tichondrius,1042,priest,shadow,30,11,19
22126,Holydarkness,quelthalas,1038,priest,shadow,30,11,19
22127,Vinasky,moon-guard,1022,priest,shadow,26,12,14
22128,Galice,archimonde,1004,priest,shadow,42,19,23
22129,Urmorphine,area-52,999,priest,shadow,158,79,79
22130,Sinkz,ragnaros,992,priest,shadow,16,11,5
22131,Pocket,alleria,991,priest,shadow,22,11,11
22132,Healtheze,kelthuzad,989,priest,shadow,14,11,3
22133,Jhivagosp,tichondrius,988,priest,shadow,22,11,11
22134,Oglilptown,thunderlord,977,priest,shadow,48,26,22
22135,Daemoon,deathwing,973,priest,shadow,20,12,8
22136,Discountay,burning-legion,965,priest,shadow,20,11,9
22137,Illushadio,area-52,963,priest,shadow,15,12,3
22138,Claudiosip,tichondrius,960,priest,shadow,12,10,2
22139,Ðemi,zuljin,960,priest,shadow,12,10,2
22140,Mmrassassin,stormrage,960,priest,shadow,12,10,2
22141,Anoumenon,tichondrius,960,priest,shadow,18,10,8
22142,Evilgeniusx,area-52,960,priest,shadow,18,10,8
22143,Gelato,velen,960,priest,shadow,18,10,8
22144,Míslead,kelthuzad,959,priest,shadow,12,10,2
22145,Inflìctìøn,frostmourne,959,priest,shadow,12,10,2
22146,Verbeka,nemesis,959,priest,shadow,12,10,2
22147,Synergia,drakkari,959,priest,shadow,12,10,2
22148,Scarabless,bleeding-hollow,959,priest,shadow,18,10,8
22149,Radicional,azralon,959,priest,shadow,18,10,8
22150,Xtradotz,tichondrius,959,priest,shadow,18,10,8
22151,Philmacrakn,stormrage,959,priest,shadow,18,10,8
22152,Cxrsed,illidan,959,priest,shadow,18,10,8
22153,Sakuraginero,illidan,959,priest,shadow,18,10,8
22154,Dorraheals,tichondrius,959,priest,shadow,21,11,10
22155,Terý,dalaran,959,priest,shadow,24,10,14
22156,Ightdoe,zuljin,958,priest,shadow,12,10,2
22157,Porffy,malygos,958,priest,shadow,18,10,8
22158,Eraseme,bleeding-hollow,958,priest,shadow,18,10,8
22159,Volkova,quelthalas,958,priest,shadow,18,10,8
22160,Exigyo,quelthalas,957,priest,shadow,23,13,10
22161,Voidork,tichondrius,957,priest,shadow,18,10,8
22162,Tye,medivh,957,priest,shadow,18,10,8
22163,Rizzle,emerald-dream,956,priest,shadow,18,10,8
22164,Kibariyb,drakkari,956,priest,shadow,24,10,14
22165,Gankdalf,draktharon,955,priest,shadow,18,10,8
22166,Ragnálodbrok,ragnaros,953,priest,shadow,18,10,8
22167,Xora,frostmourne,952,priest,shadow,18,10,8
22168,Thrageqt,sargeras,908,priest,shadow,20,11,9
22169,Machinecoach,stormrage,895,priest,shadow,22,10,12
22170,Exen,moon-guard,894,priest,shadow,18,11,7
22171,Daysgone,bleeding-hollow,883,priest,shadow,17,10,7
22172,Yoggsarodney,tichondrius,880,priest,shadow,13,10,3
22173,Jeseck,quelthalas,864,priest,shadow,12,9,3
22174,Taxzury,tichondrius,864,priest,shadow,12,9,3
22175,Feverx,tichondrius,864,priest,shadow,12,9,3
22176,Uploading,moon-guard,864,priest,shadow,12,9,3
22177,Fungame,malganis,864,priest,shadow,12,9,3
22178,Gershwinner,daggerspine,864,priest,shadow,18,9,9
22179,Teddipriest,tichondrius,864,priest,shadow,18,9,9
22180,Royx,stormreaver,864,priest,shadow,18,9,9
22181,Beloriath,ragnaros,863,priest,shadow,12,9,3
22182,Delrey,sargeras,863,priest,shadow,18,9,9
22183,Ðecease,thrall,863,priest,shadow,18,9,9
22184,Woosanghong,tichondrius,863,priest,shadow,18,9,9
22185,Elogant,frostmourne,863,priest,shadow,18,9,9
22186,Stepho,dalaran,863,priest,shadow,18,9,9
22187,Xtcbtc,sargeras,863,priest,shadow,18,9,9
22188,Fancycorpse,tichondrius,863,priest,shadow,24,9,15
22189,Everblack,executus,862,priest,shadow,12,9,3
22190,Suirr,tichondrius,862,priest,shadow,12,9,3
22191,Shadowyeti,illidan,862,priest,shadow,12,9,3
22192,Touchypriest,jaedenar,862,priest,shadow,18,9,9
22193,Constentien,tichondrius,862,priest,shadow,18,9,9
22194,Dóctóre,thrall,862,priest,shadow,18,9,9
22195,Ikillfast,tichondrius,862,priest,shadow,18,9,9
22196,Vallfiresp,malganis,862,priest,shadow,22,10,12
22197,Shadowflux,thunderlord,862,priest,shadow,30,9,21
22198,Grimdox,tichondrius,861,priest,shadow,12,9,3
22199,Melas,stormrage,861,priest,shadow,24,9,15
22200,Healixd,area-52,861,priest,shadow,24,9,15
22201,Viejiyoh,ragnaros,860,priest,shadow,18,9,9
22202,Aeingel,amanthul,859,priest,shadow,30,9,21
22203,Beansontoast,wyrmrest-accord,857,priest,shadow,12,9,3
22204,Demples,darkspear,856,priest,shadow,12,9,3
22205,Zaxine,moon-guard,854,priest,shadow,30,9,21
22206,Hibot,illidan,849,priest,shadow,24,9,15
22207,Lightbanter,emerald-dream,846,priest,shadow,24,9,15
22208,Kagamì,frostmane,843,priest,shadow,31,9,22
22209,Cymin,dalaran,816,priest,shadow,21,10,11
22210,Jeängrey,tichondrius,815,priest,shadow,15,10,5
22211,Stylonious,hyjal,815,priest,shadow,15,9,6
22212,Buc,barthilas,813,priest,shadow,15,9,6
22213,Ipse,azshara,807,priest,shadow,24,10,14
22214,Pristoleiro,azralon,799,priest,shadow,11,9,2
22215,Fledgeling,frostmourne,799,priest,shadow,14,9,5
22216,Fedodesubaco,gallywix,782,priest,shadow,21,10,11
22217,Dazull,bleeding-hollow,768,priest,shadow,12,8,4
22218,Saintjudys,tichondrius,768,priest,shadow,12,8,4
22219,Fathersmits,area-52,768,priest,shadow,12,8,4
22220,Ruzhi,moon-guard,768,priest,shadow,12,8,4
22221,Cloribestmom,tichondrius,768,priest,shadow,12,8,4
22222,Oxycodex,thrall,768,priest,shadow,12,8,4
22223,Aspéct,aegwynn,768,priest,shadow,12,8,4
22224,Nohealerhere,frostmourne,768,priest,shadow,12,8,4
22225,Nutdrip,tichondrius,768,priest,shadow,12,8,4
22226,Silentólògy,malganis,768,priest,shadow,12,8,4
22227,Stungods,frostmourne,768,priest,shadow,12,8,4
22228,Lastbubble,area-52,768,priest,shadow,12,8,4
22229,Skraitbussin,tichondrius,768,priest,shadow,12,8,4
22230,Madcaddies,bonechewer,768,priest,shadow,18,8,10
22231,Lillyp,malganis,768,priest,shadow,18,8,10
22232,Àústîn,moon-guard,768,priest,shadow,18,8,10
22233,Deacoderx,area-52,768,priest,shadow,18,8,10
22234,Originull,emerald-dream,768,priest,shadow,18,8,10
22235,Skepix,lightbringer,768,priest,shadow,18,8,10
22236,Krelaeren,tichondrius,768,priest,shadow,24,8,16
22237,Deadcode,frostmane,768,priest,shadow,25,8,17
22238,Shadowlords,emerald-dream,767,priest,shadow,12,8,4
22239,Faedyspriest,sargeras,767,priest,shadow,12,8,4
22240,Hairyboxx,frostmourne,767,priest,shadow,12,8,4
22241,Tungus,shadowsong,767,priest,shadow,12,8,4
22242,Rogspriest,sargeras,767,priest,shadow,12,8,4
22243,Easyrevenge,kelthuzad,767,priest,shadow,12,8,4
22244,Priestzerath,azralon,767,priest,shadow,18,8,10
22245,Irangara,gorefiend,767,priest,shadow,18,8,10
22246,Badxjuju,frostmourne,767,priest,shadow,18,8,10
22247,Grianné,mannoroth,766,priest,shadow,12,8,4
22248,Solrina,khazgoroth,766,priest,shadow,12,8,4
22249,Bestwizardx,tichondrius,766,priest,shadow,12,8,4
22250,Aránhell,ragnaros,766,priest,shadow,12,8,4
22251,Krypts,shadow-council,766,priest,shadow,12,8,4
22252,Beautifulgir,illidan,766,priest,shadow,12,8,4
22253,Jinzan,stormrage,766,priest,shadow,18,8,10
22254,Leach,darkspear,766,priest,shadow,24,8,16
22255,Bmô,stormrage,765,priest,shadow,18,8,10
22256,Kumojorno,gilneas,765,priest,shadow,18,8,10
22257,Castnngcouch,tichondrius,762,priest,shadow,18,8,10
22258,Drkwispers,stormrage,762,priest,shadow,18,8,10
22259,Sôuljah,skywall,760,priest,shadow,26,10,16
22260,Eslaughter,twisting-nether,759,priest,shadow,12,8,4
22261,Battlepope,the-scryers,755,priest,shadow,20,9,11
22262,Memoria,emerald-dream,751,priest,shadow,15,9,6
22263,Farnkxd,bleeding-hollow,735,priest,shadow,26,9,17
22264,Vyabl,thrall,734,priest,shadow,18,9,9
22265,Meegoshy,azuremyst,718,priest,shadow,17,8,9
22266,Silmeriá,darkspear,714,priest,shadow,23,9,14
22267,Mikó,dawnbringer,714,priest,shadow,29,10,19
22268,Sempiternus,barthilas,713,priest,shadow,20,9,11
22269,Yrrep,kelthuzad,703,priest,shadow,16,8,8
22270,Mòrbídìtý,area-52,672,priest,shadow,12,7,5
22271,Grëýmåttèr,moon-guard,672,priest,shadow,12,7,5
22272,Hårper,area-52,672,priest,shadow,12,7,5
22273,Fatzoid,the-forgotten-coast,672,priest,shadow,12,7,5
22274,Bestpimp,frostmane,672,priest,shadow,12,7,5
22275,Moonlightx,destromath,672,priest,shadow,12,7,5
22276,Wodturbo,bleeding-hollow,672,priest,shadow,12,7,5
22277,Såx,stormreaver,672,priest,shadow,12,7,5
22278,Xiphoidz,frostmourne,672,priest,shadow,12,7,5
22279,Bugweeb,sargeras,672,priest,shadow,12,7,5
22280,Blackaries,frostmourne,672,priest,shadow,12,7,5
22281,Jojoxxz,illidan,672,priest,shadow,12,7,5
22282,Smitepie,malganis,672,priest,shadow,12,7,5
22283,Phéonìx,zuljin,672,priest,shadow,12,7,5
22284,Aeøns,sargeras,672,priest,shadow,12,7,5
22285,Bucksp,zuljin,672,priest,shadow,12,7,5
22286,Didy,dark-iron,672,priest,shadow,12,7,5
22287,Duhpriest,frostmourne,672,priest,shadow,12,7,5
22288,Ethandryl,kelthuzad,672,priest,shadow,12,7,5
22289,Soný,stormrage,672,priest,shadow,12,7,5
22290,Nightelffeet,stormrage,672,priest,shadow,12,7,5
22291,Iluvwizkx,malganis,672,priest,shadow,12,7,5
22292,Chicoryx,illidan,672,priest,shadow,12,7,5
22293,Lontra,zangarmarsh,672,priest,shadow,12,7,5
22294,Diddlur,black-dragonflight,672,priest,shadow,12,7,5
22295,Gles,quelthalas,672,priest,shadow,13,7,6
22296,Marfas,illidan,672,priest,shadow,20,8,12
22297,Evelën,azralon,672,priest,shadow,18,7,11
22298,Nightious,malganis,672,priest,shadow,18,7,11
22299,Acpriest,tichondrius,672,priest,shadow,18,7,11
22300,Veressà,quelthalas,672,priest,shadow,22,8,14
22301,Chês,tichondrius,672,priest,shadow,24,7,17
22302,Tënëbrë,nemesis,671,priest,shadow,12,7,5
22303,Moonpenance,windrunner,671,priest,shadow,12,7,5
22304,Foli,zuljin,671,priest,shadow,12,7,5
22305,Voltstein,dalaran,671,priest,shadow,12,7,5
22306,Darkrics,barthilas,671,priest,shadow,12,7,5
22307,Nastyyshadow,aegwynn,671,priest,shadow,12,7,5
22308,Jeffgordo,tichondrius,671,priest,shadow,12,7,5
22309,Jiedx,tichondrius,671,priest,shadow,18,7,11
22310,Mortivore,azralon,671,priest,shadow,18,7,11
22311,Havefaith,whisperwind,671,priest,shadow,18,7,11
22312,Deffaultz,turalyon,671,priest,shadow,18,7,11
22313,Task,korgath,671,priest,shadow,18,7,11
22314,Methodist,sargeras,671,priest,shadow,18,7,11
22315,Pottime,tichondrius,671,priest,shadow,18,7,11
22316,Montcrief,tichondrius,670,priest,shadow,12,7,5
22317,Tonybromoo,kelthuzad,670,priest,shadow,12,7,5
22318,Nerfdisc,azralon,670,priest,shadow,12,7,5
22319,Puerquirri,quelthalas,670,priest,shadow,12,7,5
22320,Littlebagel,nesingwary,670,priest,shadow,12,7,5
22321,Iseeyoulookn,stormrage,670,priest,shadow,16,8,8
22322,Shadzie,sargeras,670,priest,shadow,18,7,11
22323,Gabryanna,emerald-dream,669,priest,shadow,24,7,17
22324,Fightgirl,kelthuzad,666,priest,shadow,12,7,5
22325,Crashed,frostmourne,654,priest,shadow,17,7,10
22326,Popejack,stormrage,654,priest,shadow,17,7,10
22327,Lucifena,darkspear,639,priest,shadow,11,7,4
22328,Metaila,aerie-peak,639,priest,shadow,11,7,4
22329,Chiliy,frostmourne,623,priest,shadow,11,7,4
22330,Nizeurflayzz,tichondrius,607,priest,shadow,11,7,4
22331,Propumper,dalaran,607,priest,shadow,11,7,4
22332,Flowerpetals,emerald-dream,599,priest,shadow,21,7,14
22333,Mastahmind,illidan,591,priest,shadow,13,7,6
22334,Ìforted,zuljin,587,priest,shadow,19,7,12
22335,Àx,draka,584,priest,shadow,17,8,9
22336,Sydgames,area-52,576,priest,shadow,6,6,0
22337,Nekkz,sargeras,576,priest,shadow,6,6,0
22338,Freebolte,frostmourne,576,priest,shadow,6,6,0
22339,Henrywhopper,fizzcrank,576,priest,shadow,6,6,0
22340,Madmelter,emerald-dream,576,priest,shadow,6,6,0
22341,Moonwald,moon-guard,576,priest,shadow,6,6,0
22342,Dernièreplac,blackrock,576,priest,shadow,8,6,2
22343,Deckx,khazgoroth,576,priest,shadow,10,7,3
22344,Imshadow,azralon,576,priest,shadow,12,6,6
22345,Sped,saurfang,576,priest,shadow,12,6,6
22346,Lidole,barthilas,576,priest,shadow,12,6,6
22347,Bipölar,area-52,576,priest,shadow,12,6,6
22348,Qadris,tichondrius,576,priest,shadow,12,6,6
22349,Tiernocookie,illidan,576,priest,shadow,12,6,6
22350,Verbane,frostmourne,576,priest,shadow,12,6,6
22351,Studiosxz,tichondrius,576,priest,shadow,12,6,6
22352,Tidals,sargeras,576,priest,shadow,12,6,6
22353,Shadeven,nagrand,576,priest,shadow,12,6,6
22354,Pønt,sargeras,576,priest,shadow,12,6,6
22355,Nüt,malganis,576,priest,shadow,12,6,6
22356,Evansong,frostmane,576,priest,shadow,12,6,6
22357,Spriestbro,emerald-dream,576,priest,shadow,12,6,6
22358,Xionys,sargeras,576,priest,shadow,12,6,6
22359,Pootzy,malganis,576,priest,shadow,12,6,6
22360,Fxxkdamn,tichondrius,576,priest,shadow,12,6,6
22361,Rachelstarrx,hyjal,576,priest,shadow,12,6,6
22362,Disembly,illidan,576,priest,shadow,12,6,6
22363,Lostnlight,aggramar,576,priest,shadow,12,6,6
22364,Amentia,area-52,576,priest,shadow,12,6,6
22365,Mks,barthilas,576,priest,shadow,12,6,6
22366,Virsyti,area-52,576,priest,shadow,12,6,6
22367,Heàl,akama,576,priest,shadow,12,6,6
22368,Bearuwu,frostmourne,576,priest,shadow,12,6,6
22369,Arzeuz,ragnaros,576,priest,shadow,12,6,6
22370,Imhðtep,ragnaros,576,priest,shadow,12,6,6
22371,Voidhearted,tichondrius,576,priest,shadow,12,6,6
22372,Zeromisx,proudmoore,576,priest,shadow,12,6,6
22373,Yungjim,the-forgotten-coast,576,priest,shadow,12,6,6
22374,Thaumaturgy,chogall,576,priest,shadow,12,6,6
22375,Osmatspriest,firetree,576,priest,shadow,18,6,12
22376,Mindgamez,stormreaver,576,priest,shadow,18,6,12
22377,Soulrulerx,tichondrius,576,priest,shadow,18,6,12
22378,Swurvexo,bleeding-hollow,576,priest,shadow,18,6,12
22379,Caeda,icecrown,576,priest,shadow,18,6,12
22380,Finfangfoom,laughing-skull,576,priest,shadow,18,6,12
22381,Cykle,blackrock,576,priest,shadow,24,6,18
22382,Shadhoee,sargeras,576,priest,shadow,24,6,18
22383,Grympriest,wyrmrest-accord,575,priest,shadow,12,6,6
22384,Vashyy,stormrage,575,priest,shadow,12,6,6
22385,Ed,crushridge,575,priest,shadow,12,6,6
22386,Synkiz,darkspear,575,priest,shadow,12,6,6
22387,Xð,jubeithos,575,priest,shadow,12,6,6
22388,Unholyreáper,magtheridon,575,priest,shadow,12,6,6
22389,Drsonny,proudmoore,575,priest,shadow,12,6,6
22390,Nyktøs,quelthalas,575,priest,shadow,18,6,12
22391,Allsmite,aerie-peak,575,priest,shadow,18,6,12
22392,Likeleela,azshara,575,priest,shadow,18,6,12
22393,Duhk,moon-guard,574,priest,shadow,12,6,6
22394,Pandarue,tichondrius,574,priest,shadow,15,7,8
22395,Jamashud,mannoroth,571,priest,shadow,12,6,6
22396,Raelintha,kelthuzad,571,priest,shadow,15,7,8
22397,Rotass,hyjal,559,priest,shadow,11,6,5
22398,Holydestroyr,dentarg,527,priest,shadow,21,6,15
22399,Kundalini,boulderfist,526,priest,shadow,11,6,5
22400,Totorostarp,tichondrius,521,priest,shadow,22,8,14
22401,Ceoofvoid,moon-guard,511,priest,shadow,8,6,2
22402,Diyel,area-52,480,priest,shadow,6,5,1
22403,Voltétt,tichondrius,480,priest,shadow,6,5,1
22404,Fiéstah,illidan,480,priest,shadow,6,5,1
22405,Hephiron,area-52,480,priest,shadow,6,5,1
22406,Aristedes,thrall,480,priest,shadow,6,5,1
22407,Jezebëll,nemesis,480,priest,shadow,6,5,1
22408,Rykispriest,tichondrius,480,priest,shadow,6,5,1
22409,Altera,drakkari,480,priest,shadow,6,5,1
22410,Nawtyforever,tichondrius,480,priest,shadow,6,5,1
22411,Valerift,moon-guard,480,priest,shadow,6,5,1
22412,Chervz,chogall,480,priest,shadow,6,5,1
22413,Bradythree,moon-guard,480,priest,shadow,6,5,1
22414,Seanuts,emerald-dream,480,priest,shadow,6,5,1
22415,Ukishizumi,tichondrius,480,priest,shadow,6,5,1
22416,Wololo,emerald-dream,480,priest,shadow,6,5,1
22417,Megamind,elune,480,priest,shadow,6,5,1
22418,Aqurielen,turalyon,480,priest,shadow,6,5,1
22419,Drteabaghaam,zuljin,480,priest,shadow,6,5,1
22420,Talkura,tichondrius,480,priest,shadow,6,5,1
22421,Kaidow,wyrmrest-accord,480,priest,shadow,6,5,1
22422,Flynni,bleeding-hollow,480,priest,shadow,6,5,1
22423,Rattyp,barthilas,480,priest,shadow,6,5,1
22424,Hadoka,ragnaros,480,priest,shadow,6,5,1
22425,Tensorflow,tichondrius,480,priest,shadow,6,5,1
22426,Ahleven,tichondrius,480,priest,shadow,6,5,1
22427,Lillyspr,malganis,480,priest,shadow,6,5,1
22428,Shadowjisha,emerald-dream,480,priest,shadow,9,6,3
22429,Goblindruid,bleeding-hollow,480,priest,shadow,12,5,7
22430,Cryptron,tichondrius,480,priest,shadow,12,5,7
22431,Lucariö,area-52,480,priest,shadow,12,5,7
22432,Sohalexs,tichondrius,480,priest,shadow,12,5,7
22433,Keepsleepin,stormrage,480,priest,shadow,12,5,7
22434,Orderic,ragnaros,480,priest,shadow,12,5,7
22435,Jenastreaux,wyrmrest-accord,480,priest,shadow,12,5,7
22436,Flukex,tichondrius,480,priest,shadow,12,5,7
22437,Seraphims,moon-guard,480,priest,shadow,12,5,7
22438,Minnowhead,kelthuzad,480,priest,shadow,12,5,7
22439,Onizukakeiji,hyjal,480,priest,shadow,12,5,7
22440,Spriest,kul-tiras,480,priest,shadow,12,5,7
22441,Sècret,tichondrius,480,priest,shadow,12,5,7
22442,Littledog,velen,480,priest,shadow,12,5,7
22443,Ramaven,arygos,480,priest,shadow,12,5,7
22444,Pokeyoobutt,hydraxis,480,priest,shadow,12,5,7
22445,Helleamh,tichondrius,480,priest,shadow,12,5,7
22446,Optimism,frostmane,480,priest,shadow,12,5,7
22447,Sársaukis,illidan,480,priest,shadow,12,5,7
22448,Moä,nemesis,480,priest,shadow,12,5,7
22449,Fatzzbtw,illidan,480,priest,shadow,12,5,7
22450,Tsmc,moon-guard,480,priest,shadow,12,5,7
22451,Arataxx,area-52,480,priest,shadow,12,5,7
22452,Hygeïa,lightbringer,480,priest,shadow,12,5,7
22453,Stankychimpo,malganis,480,priest,shadow,12,5,7
22454,Faydes,arthas,480,priest,shadow,13,5,8
22455,Stillmatick,tichondrius,480,priest,shadow,16,6,10
22456,Zerohoür,emerald-dream,480,priest,shadow,16,6,10
22457,Nedajoon,tichondrius,480,priest,shadow,17,6,11
22458,Azrothlol,kul-tiras,480,priest,shadow,18,5,13
22459,Sybal,suramar,480,priest,shadow,19,5,14
22460,Halselin,senjin,479,priest,shadow,12,5,7
22461,Amestroada,nemesis,479,priest,shadow,12,5,7
22462,Sacerthu,goldrinn,479,priest,shadow,12,5,7
22463,Wolfeclipse,sargeras,479,priest,shadow,12,5,7
22464,Drkvagician,tichondrius,479,priest,shadow,12,5,7
22465,Rippmmr,frostmourne,479,priest,shadow,18,5,13
22466,Noodloctopus,area-52,478,priest,shadow,10,6,4
22467,Antiraus,aerie-peak,478,priest,shadow,12,5,7
22468,Valeknun,stormrage,477,priest,shadow,6,5,1
22469,Emmitson,scarlet-crusade,448,priest,shadow,16,5,11
22470,Wiiuwiiu,malganis,447,priest,shadow,11,5,6
22471,Forober,queldorei,446,priest,shadow,10,6,4
22472,Ryanrealz,tichondrius,432,priest,shadow,9,6,3
22473,Sohalex,tichondrius,431,priest,shadow,11,5,6
22474,Suery,hyjal,416,priest,shadow,10,5,5
22475,Warklaw,frostmourne,415,priest,shadow,14,5,9
22476,Reignsp,malganis,400,priest,shadow,7,5,2
22477,Ampela,dalaran,400,priest,shadow,13,5,8
22478,Nizr,bleeding-hollow,399,priest,shadow,5,5,0
22479,Iemon,vashj,384,priest,shadow,6,4,2
22480,Diskordia,stormrage,384,priest,shadow,6,4,2
22481,Despairx,tichondrius,384,priest,shadow,6,4,2
22482,Nås,elune,384,priest,shadow,6,4,2
22483,Spookyman,malganis,384,priest,shadow,6,4,2
22484,Ikiteforhash,zuljin,384,priest,shadow,6,4,2
22485,Twítch,bonechewer,384,priest,shadow,6,4,2
22486,Fullfear,lothar,384,priest,shadow,6,4,2
22487,Minarhy,moon-guard,384,priest,shadow,6,4,2
22488,Delai,dalaran,384,priest,shadow,6,4,2
22489,Slimfo,sargeras,384,priest,shadow,6,4,2
22490,Yuricksus,malganis,384,priest,shadow,6,4,2
22491,Äni,sargeras,384,priest,shadow,6,4,2
22492,Saevita,area-52,384,priest,shadow,6,4,2
22493,Oldmanlou,spirestone,384,priest,shadow,6,4,2
22494,Bax,kilrogg,384,priest,shadow,6,4,2
22495,Plushys,emerald-dream,384,priest,shadow,6,4,2
22496,Rôss,tichondrius,384,priest,shadow,6,4,2
22497,Airil,mugthol,384,priest,shadow,6,4,2
22498,Voidathon,sargeras,384,priest,shadow,6,4,2
22499,Shietamazon,tichondrius,384,priest,shadow,6,4,2
22500,Sungsh,zuljin,384,priest,shadow,6,4,2
22501,Sleezi,emerald-dream,384,priest,shadow,6,4,2
22502,Pootang,hyjal,384,priest,shadow,6,4,2
22503,Zeacho,proudmoore,384,priest,shadow,6,4,2
22504,Kynyssaelz,proudmoore,384,priest,shadow,6,4,2
22505,Whosjoe,tichondrius,384,priest,shadow,6,4,2
22506,Pastortee,sargeras,384,priest,shadow,6,4,2
22507,Mitogen,malganis,384,priest,shadow,6,4,2
22508,Ghedeloco,tichondrius,384,priest,shadow,6,4,2
22509,Feminizm,tichondrius,384,priest,shadow,6,4,2
22510,Mindflay,tichondrius,384,priest,shadow,6,4,2
22511,Killían,darkspear,384,priest,shadow,6,4,2
22512,Comoli,tichondrius,384,priest,shadow,6,4,2
22513,Adíos,malganis,384,priest,shadow,6,4,2
22514,Mentalprison,khazgoroth,384,priest,shadow,6,4,2
22515,Prydas,tichondrius,384,priest,shadow,6,4,2
22516,Duckdemon,ragnaros,384,priest,shadow,6,4,2
22517,Ayzen,emerald-dream,384,priest,shadow,6,4,2
22518,Jah,frostmourne,384,priest,shadow,6,4,2
22519,Icarryozz,darkspear,384,priest,shadow,6,4,2
22520,Carosene,thrall,384,priest,shadow,6,4,2
22521,Floofball,medivh,384,priest,shadow,6,4,2
22522,Cheach,echo-isles,384,priest,shadow,6,4,2
22523,Tiinkerbell,moon-guard,384,priest,shadow,6,4,2
22524,Folesian,tichondrius,384,priest,shadow,6,4,2
22525,Härpocrates,area-52,384,priest,shadow,6,4,2
22526,Sukes,korgath,384,priest,shadow,6,4,2
22527,Krythe,laughing-skull,384,priest,shadow,6,4,2
22528,Pozcas,blood-furnace,384,priest,shadow,6,4,2
22529,Shieldspamx,tichondrius,384,priest,shadow,6,4,2
22530,Shådøw,destromath,384,priest,shadow,6,4,2
22531,Guillotine,azralon,384,priest,shadow,6,4,2
22532,Prostrat,deathwing,384,priest,shadow,6,4,2
22533,Ydonburi,tichondrius,384,priest,shadow,6,4,2
22534,Valtres,tichondrius,384,priest,shadow,6,4,2
22535,Haedn,azralon,384,priest,shadow,6,4,2
22536,Sãoleozinho,azralon,384,priest,shadow,6,4,2
22537,Itha,illidan,384,priest,shadow,6,4,2
22538,Féarlust,demon-soul,384,priest,shadow,6,4,2
22539,Mfn,deathwing,384,priest,shadow,11,4,7
22540,Deathbyhot,gorefiend,384,priest,shadow,12,4,8
22541,Lätöxïkä,alleria,384,priest,shadow,12,4,8
22542,Influencing,moon-guard,384,priest,shadow,12,4,8
22543,Himikko,illidan,384,priest,shadow,12,4,8
22544,Vaeryl,stormrage,384,priest,shadow,12,4,8
22545,Tokaru,frostmourne,384,priest,shadow,12,4,8
22546,Mìçah,fizzcrank,384,priest,shadow,12,4,8
22547,Reverendpope,tichondrius,384,priest,shadow,12,4,8
22548,Alucardibee,turalyon,384,priest,shadow,12,4,8
22549,Mannyelf,ragnaros,384,priest,shadow,12,4,8
22550,Nonbinary,trollbane,384,priest,shadow,12,4,8
22551,Vynardis,arygos,384,priest,shadow,12,4,8
22552,Dialis,frostmourne,384,priest,shadow,12,4,8
22553,Heheheg,tichondrius,384,priest,shadow,12,4,8
22554,Fatäl,moon-guard,384,priest,shadow,12,4,8
22555,Grimmyreap,malygos,384,priest,shadow,12,4,8
22556,Jikoguu,stormscale,384,priest,shadow,12,4,8
22557,Junethegreat,tichondrius,384,priest,shadow,12,4,8
22558,Holydrop,sargeras,384,priest,shadow,12,4,8
22559,Tenaebreu,tichondrius,384,priest,shadow,13,4,9
22560,Arca,cenarion-circle,384,priest,shadow,18,4,14
22561,Unfriend,sargeras,383,priest,shadow,12,4,8
22562,Jammý,barthilas,383,priest,shadow,12,4,8
22563,Whisper,zuljin,383,priest,shadow,12,4,8
22564,Daisydux,emerald-dream,382,priest,shadow,6,4,2
22565,Kkpriest,frostmourne,382,priest,shadow,6,4,2
22566,Geulis,illidan,382,priest,shadow,12,4,8
22567,Bwansandi,blackrock,370,priest,shadow,38,8,30
22568,Thotsndots,blood-furnace,351,priest,shadow,8,5,3
22569,Maldicius,emerald-dream,351,priest,shadow,11,4,7
22570,Dtbündertree,nordrassil,319,priest,shadow,5,4,1
22571,Peazyqt,tichondrius,304,priest,shadow,7,4,3
22572,Pogchamp,alterac-mountains,288,priest,shadow,6,3,3
22573,Xandir,kaelthas,288,priest,shadow,6,3,3
22574,Quantumgoat,tichondrius,288,priest,shadow,6,3,3
22575,Lolsodacans,malganis,288,priest,shadow,6,3,3
22576,Creata,frostmourne,288,priest,shadow,6,3,3
22577,Rigotakx,illidan,288,priest,shadow,6,3,3
22578,Eddysmokes,tichondrius,288,priest,shadow,6,3,3
22579,Likesshadows,tichondrius,288,priest,shadow,6,3,3
22580,Shakarot,illidan,288,priest,shadow,6,3,3
22581,Twistedtéa,garrosh,288,priest,shadow,6,3,3
22582,Cappoo,tichondrius,288,priest,shadow,6,3,3
22583,Moselol,tichondrius,288,priest,shadow,6,3,3
22584,Lucènt,frostmourne,288,priest,shadow,6,3,3
22585,Slogger,illidan,288,priest,shadow,6,3,3
22586,Achllia,proudmoore,288,priest,shadow,6,3,3
22587,Jugeum,proudmoore,288,priest,shadow,6,3,3
22588,Kindyx,ragnaros,288,priest,shadow,6,3,3
22589,Plumpkinn,kiljaeden,288,priest,shadow,6,3,3
22590,Chroma,amanthul,288,priest,shadow,6,3,3
22591,Nizanz,illidan,288,priest,shadow,6,3,3
22592,Reâpêr,kelthuzad,288,priest,shadow,6,3,3
22593,Empyreanlite,dalaran,288,priest,shadow,6,3,3
22594,Sealife,kelthuzad,288,priest,shadow,6,3,3
22595,Caiitlynn,quelthalas,288,priest,shadow,6,3,3
22596,Fáll,bleeding-hollow,288,priest,shadow,6,3,3
22597,Studpriest,tichondrius,288,priest,shadow,6,3,3
22598,ßoy,amanthul,288,priest,shadow,6,3,3
22599,Toxictampax,azjolnerub,288,priest,shadow,6,3,3
22600,Nylaza,kiljaeden,288,priest,shadow,6,3,3
22601,Intheway,bleeding-hollow,288,priest,shadow,6,3,3
22602,Aliciab,andorhal,288,priest,shadow,6,3,3
22603,Döllyy,illidan,288,priest,shadow,6,3,3
22604,Fhelurian,quelthalas,288,priest,shadow,6,3,3
22605,Hriest,tichondrius,288,priest,shadow,6,3,3
22606,Wrathhealer,hellscream,288,priest,shadow,6,3,3
22607,Elitë,frostmourne,288,priest,shadow,6,3,3
22608,Chewit,kargath,288,priest,shadow,6,3,3
22609,Îcecube,sargeras,288,priest,shadow,6,3,3
22610,Xxmewo,sargeras,288,priest,shadow,6,3,3
22611,Etherrion,area-52,288,priest,shadow,6,3,3
22612,Snackabre,moon-guard,288,priest,shadow,6,3,3
22613,Dumpesitwo,frostmourne,288,priest,shadow,6,3,3
22614,Envyion,sargeras,288,priest,shadow,6,3,3
22615,Sandrö,sargeras,288,priest,shadow,6,3,3
22616,Valloren,kalecgos,288,priest,shadow,6,3,3
22617,Fenix,bloodhoof,288,priest,shadow,6,3,3
22618,Alykus,emerald-dream,288,priest,shadow,6,3,3
22619,Oxytoxin,sargeras,288,priest,shadow,6,3,3
22620,Vanisa,hellscream,288,priest,shadow,6,3,3
22621,Ayooblitz,guldan,288,priest,shadow,6,3,3
22622,Badbwoi,frostmourne,288,priest,shadow,6,3,3
22623,Xuxu,frostmourne,288,priest,shadow,6,3,3
22624,Unclelively,dragonmaw,288,priest,shadow,6,3,3
22625,Heihunüwang,kargath,288,priest,shadow,6,3,3
22626,Nawzyh,emerald-dream,288,priest,shadow,6,3,3
22627,Seniorpickle,emerald-dream,288,priest,shadow,6,3,3
22628,Zuuji,frostmourne,288,priest,shadow,6,3,3
22629,Mindfulness,tichondrius,288,priest,shadow,6,3,3
22630,Ossirus,emerald-dream,288,priest,shadow,6,3,3
22631,Leyspring,moon-guard,288,priest,shadow,6,3,3
22632,Drognar,lightbringer,288,priest,shadow,6,3,3
22633,Whittysp,tichondrius,288,priest,shadow,6,3,3
22634,Drelia,jubeithos,288,priest,shadow,6,3,3
22635,Haransimongo,area-52,288,priest,shadow,6,3,3
22636,Voidballs,tichondrius,288,priest,shadow,6,3,3
22637,Mallox,quelthalas,288,priest,shadow,6,3,3
22638,Ripchadman,tichondrius,288,priest,shadow,6,3,3
22639,Bbeaie,tichondrius,288,priest,shadow,6,3,3
22640,Limèria,emerald-dream,288,priest,shadow,6,3,3
22641,Bubbleguppyx,tichondrius,288,priest,shadow,6,3,3
22642,Samio,area-52,288,priest,shadow,6,3,3
22643,Issaley,tichondrius,288,priest,shadow,6,3,3
22644,Halîth,terenas,288,priest,shadow,6,3,3
22645,Soloqqt,tichondrius,288,priest,shadow,6,3,3
22646,Worldhealer,area-52,288,priest,shadow,6,3,3
22647,Furìøns,nemesis,288,priest,shadow,6,3,3
22648,Nuclease,turalyon,288,priest,shadow,6,3,3
22649,Synisteria,sargeras,288,priest,shadow,6,3,3
22650,Shadelink,tichondrius,288,priest,shadow,6,3,3
22651,Onahaihu,tichondrius,288,priest,shadow,9,4,5
22652,Creedence,jubeithos,288,priest,shadow,10,3,7
22653,Sybenela,proudmoore,288,priest,shadow,12,3,9
22654,Alphawon,area-52,288,priest,shadow,12,3,9
22655,Torangi,tichondrius,288,priest,shadow,12,3,9
22656,Shadowpain,the-underbog,288,priest,shadow,12,3,9
22657,Stantz,burning-legion,288,priest,shadow,12,3,9
22658,Tylored,zuljin,288,priest,shadow,12,3,9
22659,Csonka,stormrage,288,priest,shadow,12,3,9
22660,Lilpika,illidan,288,priest,shadow,12,3,9
22661,Dunnbledore,area-52,288,priest,shadow,12,3,9
22662,Angro,ragnaros,287,priest,shadow,6,3,3
22663,Shadowbishop,barthilas,287,priest,shadow,6,3,3
22664,Grímmz,veknilash,287,priest,shadow,7,3,4
22665,Bernhard,azralon,239,priest,shadow,5,3,2
22666,Akuvurá,nemesis,234,priest,shadow,17,7,10
22667,Shadowblax,thrall,192,priest,shadow,4,3,1
22668,Vtplz,bleeding-hollow,192,priest,shadow,4,3,1
22669,Alip,tichondrius,192,priest,shadow,4,3,1
22670,Clistyn,quelthalas,192,priest,shadow,6,2,4
22671,Dippyzs,alterac-mountains,192,priest,shadow,6,2,4
22672,Púrg,frostmourne,192,priest,shadow,6,2,4
22673,Projectalice,ravencrest,192,priest,shadow,6,2,4
22674,Byungsik,terenas,192,priest,shadow,6,2,4
22675,Ptheld,tichondrius,192,priest,shadow,6,2,4
22676,Cryptoccocus,zuljin,192,priest,shadow,6,2,4
22677,Hail,kaelthas,192,priest,shadow,6,2,4
22678,Lzzp,azralon,192,priest,shadow,6,2,4
22679,Anxìetý,area-52,192,priest,shadow,6,2,4
22680,Bumbleedot,azralon,192,priest,shadow,6,2,4
22681,Furryoflife,suramar,192,priest,shadow,6,2,4
22682,Dogfrompark,illidan,192,priest,shadow,6,2,4
22683,Brounly,drakkari,192,priest,shadow,6,2,4
22684,Pikeysplol,illidan,192,priest,shadow,6,2,4
22685,Murkqz,azralon,192,priest,shadow,6,2,4
22686,Selspriest,kelthuzad,192,priest,shadow,6,2,4
22687,Ateras,emerald-dream,192,priest,shadow,6,2,4
22688,Onlyphantoms,kelthuzad,192,priest,shadow,6,2,4
22689,Xeras,ravencrest,192,priest,shadow,6,2,4
22690,Barelylegalx,tichondrius,192,priest,shadow,6,2,4
22691,Senadori,azjolnerub,192,priest,shadow,6,2,4
22692,Layons,nemesis,192,priest,shadow,6,2,4
22693,Psychohazard,area-52,192,priest,shadow,6,2,4
22694,Beertriarch,frostmourne,192,priest,shadow,6,2,4
22695,Kälashnikova,ragnaros,192,priest,shadow,6,2,4
22696,Sâishâ,proudmoore,192,priest,shadow,6,2,4
22697,Dotdotdead,earthen-ring,192,priest,shadow,6,2,4
22698,Kryoff,illidan,192,priest,shadow,6,2,4
22699,Hurtfeet,sargeras,192,priest,shadow,6,2,4
22700,Scenekîd,moon-guard,192,priest,shadow,6,2,4
22701,Midget,darkspear,192,priest,shadow,6,2,4
22702,Zyte,stormrage,192,priest,shadow,6,2,4
22703,Sshhaaddooww,tichondrius,192,priest,shadow,6,2,4
22704,Hevnlyst,proudmoore,192,priest,shadow,6,2,4
22705,Knoxy,fizzcrank,192,priest,shadow,6,2,4
22706,Ëlliot,stormrage,192,priest,shadow,6,2,4
22707,Enchantrez,frostmourne,192,priest,shadow,6,2,4
22708,Shrax,emerald-dream,192,priest,shadow,6,2,4
22709,Mitoloshi,ragnaros,192,priest,shadow,6,2,4
22710,Horsegirls,kelthuzad,192,priest,shadow,6,2,4
22711,Kabutta,stormrage,192,priest,shadow,6,2,4
22712,Lolsithlord,tichondrius,192,priest,shadow,6,2,4
22713,Orethon,thrall,192,priest,shadow,6,2,4
22714,Lifejuice,tichondrius,192,priest,shadow,6,2,4
22715,Haø,stormrage,192,priest,shadow,6,2,4
22716,Melithor,frostmourne,192,priest,shadow,6,2,4
22717,Scaryspise,nathrezim,192,priest,shadow,6,2,4
22718,Darkenside,moon-guard,192,priest,shadow,6,2,4
22719,Slctivhealng,area-52,192,priest,shadow,6,2,4
22720,Csheweishan,aerie-peak,192,priest,shadow,6,2,4
22721,Cpoppa,sargeras,192,priest,shadow,6,2,4
22722,Apâthy,area-52,192,priest,shadow,6,2,4
22723,Shmmoie,frostmourne,192,priest,shadow,6,2,4
22724,Laq,proudmoore,192,priest,shadow,6,2,4
22725,Priést,stormrage,192,priest,shadow,6,2,4
22726,Lemmiewinkzx,sargeras,192,priest,shadow,6,2,4
22727,Quinnx,tichondrius,192,priest,shadow,6,2,4
22728,Voidgodtko,tichondrius,192,priest,shadow,6,2,4
22729,Soulistic,arygos,192,priest,shadow,6,2,4
22730,Innergee,aegwynn,192,priest,shadow,6,2,4
22731,Ozztwo,tichondrius,192,priest,shadow,12,2,10
22732,Alizhe,ragnaros,192,priest,shadow,12,2,10
22733,Kulrig,shuhalo,192,priest,shadow,12,2,10
22734,Tmpriest,tichondrius,175,priest,shadow,11,2,9
22735,Chü,dalaran,169,priest,shadow,12,5,7
22736,Dekomori,quelthalas,159,priest,shadow,5,2,3
22737,Gobananas,bleeding-hollow,159,priest,shadow,5,2,3
22738,Saltheril,burning-blade,159,priest,shadow,5,2,3
22739,Tiizz,malganis,159,priest,shadow,5,2,3
22740,Zyrith,sargeras,159,priest,shadow,9,2,7
22741,Gaeira,azralon,159,priest,shadow,11,2,9
22742,Sgiath,alleria,138,priest,shadow,9,4,5
22743,Winss,tichondrius,128,priest,shadow,4,2,2
22744,Samsypriest,frostmourne,126,priest,shadow,4,4,0
22745,Pnub,aggramar,96,priest,shadow,3,2,1
22746,Libationz,area-52,96,priest,shadow,3,2,1
22747,Sätîvá,tichondrius,96,priest,shadow,3,2,1
22748,Priestthingz,area-52,96,priest,shadow,8,2,6
22749,Jèf,stormrage,96,priest,shadow,6,1,5
22750,Omygawd,tichondrius,96,priest,shadow,6,1,5
22751,Ibangedaqt,malganis,96,priest,shadow,6,1,5
22752,Óst,tichondrius,96,priest,shadow,6,1,5
22753,Galestick,illidan,96,priest,shadow,6,1,5
22754,Nóin,tichondrius,96,priest,shadow,6,1,5
22755,Whatsittoya,tichondrius,96,priest,shadow,6,1,5
22756,Jaquels,sargeras,96,priest,shadow,6,1,5
22757,Nightboxer,tichondrius,96,priest,shadow,6,1,5
22758,Althlon,emerald-dream,96,priest,shadow,6,1,5
22759,Voidrisu,sargeras,96,priest,shadow,6,1,5
22760,Lyxorr,area-52,96,priest,shadow,6,1,5
22761,Shadowftw,illidan,96,priest,shadow,6,1,5
22762,Vdip,illidan,96,priest,shadow,6,1,5
22763,Powerwordwap,malganis,96,priest,shadow,6,1,5
22764,Bigdaddios,dalaran,96,priest,shadow,6,1,5
22765,Drosslolz,illidan,96,priest,shadow,6,1,5
22766,Baerybonds,kiljaeden,96,priest,shadow,6,1,5
22767,Shadylotion,stormrage,96,priest,shadow,6,1,5
22768,Sadury,tichondrius,96,priest,shadow,6,1,5
22769,Shadowreck,malganis,96,priest,shadow,6,1,5
22770,Younext,sargeras,96,priest,shadow,6,1,5
22771,Psyward,tichondrius,96,priest,shadow,6,1,5
22772,Mauriel,proudmoore,96,priest,shadow,6,1,5
22773,Lukaspriest,proudmoore,96,priest,shadow,6,1,5
22774,Glek,tichondrius,96,priest,shadow,6,1,5
22775,Dadsalad,zuljin,96,priest,shadow,6,1,5
22776,Wrinkletink,whisperwind,96,priest,shadow,6,1,5
22777,Oxyy,aerie-peak,96,priest,shadow,6,1,5
22778,Teccalil,tichondrius,96,priest,shadow,6,1,5
22779,Irilde,proudmoore,96,priest,shadow,6,1,5
22780,Amikam,barthilas,96,priest,shadow,6,1,5
22781,Vyndictus,shattered-hand,96,priest,shadow,6,1,5
22782,Jxkep,frostmourne,96,priest,shadow,6,1,5
22783,Kelody,zuljin,96,priest,shadow,6,1,5
22784,Lilskizz,dalaran,96,priest,shadow,6,1,5
22785,Hermïs,stormrage,96,priest,shadow,6,1,5
22786,Dawnbréaker,azralon,96,priest,shadow,6,1,5
22787,Dazzlems,tichondrius,96,priest,shadow,6,1,5
22788,Mangemoélqc,darkspear,96,priest,shadow,6,1,5
22789,Milliyakk,area-52,96,priest,shadow,6,1,5
22790,Shadolord,illidan,96,priest,shadow,6,1,5
22791,Lôvecraft,frostmourne,96,priest,shadow,6,1,5
22792,Nancynibbler,bleeding-hollow,96,priest,shadow,6,1,5
22793,Nachòs,wildhammer,96,priest,shadow,6,1,5
22794,Lleak,tichondrius,96,priest,shadow,6,1,5
22795,Kodaks,frostmourne,96,priest,shadow,6,1,5
22796,Soonya,arygos,96,priest,shadow,9,1,8
22797,Jpray,bleeding-hollow,96,priest,shadow,12,1,11
22798,Kunof,ragnaros,79,priest,shadow,5,1,4
22799,Bublethenrun,cenarius,48,priest,shadow,3,1,2
22800,Trågédy,azjolnerub,16,priest,shadow,1,1,0
22801,Weran,tichondrius,1890,rogue,outlaw,54,28,26
22802,Dvn,stormrage,1844,rogue,outlaw,54,32,22
22803,Sadiator,illidan,1810,rogue,outlaw,59,31,28
22804,Millspec,tichondrius,1762,rogue,outlaw,117,58,59
22805,Millspec,zuljin,1730,rogue,outlaw,42,25,17
22806,Yellowrose,kelthuzad,1695,rogue,outlaw,38,23,15
22807,Welinth,thunderlord,1688,rogue,outlaw,330,166,164
22808,Dennerdz,tichondrius,1688,rogue,outlaw,47,19,28
22809,Lycanthropî,illidan,1655,rogue,outlaw,80,37,43
22810,Xylvána,kiljaeden,1640,rogue,outlaw,66,31,35
22811,Lazeestab,sargeras,1619,rogue,outlaw,148,83,65
22812,Supherr,sargeras,1616,rogue,outlaw,35,18,17
22813,Càgil,stormrage,1607,rogue,outlaw,34,19,15
22814,Jmaxx,tichondrius,1603,rogue,outlaw,51,32,19
22815,Lardiconn,thrall,1600,rogue,outlaw,36,26,10
22816,Trêl,velen,1597,rogue,outlaw,60,33,27
22817,Gnøver,ragnaros,1585,rogue,outlaw,88,45,43
22818,Velskud,area-52,1578,rogue,outlaw,46,28,18
22819,Supine,illidan,1539,rogue,outlaw,103,55,48
22820,Mirâge,illidan,1533,rogue,outlaw,50,28,22
22821,Karambit,frostmourne,1522,rogue,outlaw,96,43,53
22822,Kentaki,tichondrius,1515,rogue,outlaw,60,33,27
22823,Jenaki,gurubashi,1442,rogue,outlaw,62,32,30
22824,Jolly,frostmourne,1440,rogue,outlaw,53,22,31
22825,Itsuksiko,quelthalas,1435,rogue,outlaw,40,21,19
22826,Disrawen,ragnaros,1414,rogue,outlaw,240,115,125
22827,Sapsis,shandris,1409,rogue,outlaw,47,22,25
22828,Shindeiru,area-52,1399,rogue,outlaw,43,30,13
22829,Mgzx,tichondrius,1386,rogue,outlaw,30,19,11
22830,Combo,norgannon,1382,rogue,outlaw,74,43,31
22831,Blackmont,bleeding-hollow,1379,rogue,outlaw,30,17,13
22832,Bleaklord,emerald-dream,1373,rogue,outlaw,48,17,31
22833,Hobblefoot,proudmoore,1339,rogue,outlaw,40,21,19
22834,Dogeggs,area-52,1331,rogue,outlaw,30,14,16
22835,Jakamungo,area-52,1315,rogue,outlaw,46,22,24
22836,Gotosor,quelthalas,1314,rogue,outlaw,101,48,53
22837,Reyskywalker,kelthuzad,1303,rogue,outlaw,24,15,9
22838,Ntrfighter,tichondrius,1258,rogue,outlaw,71,36,35
22839,Wátchyoúrbák,wyrmrest-accord,1247,rogue,outlaw,30,14,16
22840,Redimído,quelthalas,1244,rogue,outlaw,27,14,13
22841,Deadracer,moon-guard,1148,rogue,outlaw,24,12,12
22842,Fastblast,wyrmrest-accord,1146,rogue,outlaw,24,12,12
22843,Omnïslash,stormrage,1144,rogue,outlaw,30,12,18
22844,Mabushi,sargeras,1135,rogue,outlaw,42,15,27
22845,Azarha,zuljin,1092,rogue,outlaw,40,22,18
22846,Johnnyelbows,tichondrius,1078,rogue,outlaw,27,13,14
22847,Wujn,tichondrius,1050,rogue,outlaw,24,11,13
22848,Lumifer,quelthalas,1050,rogue,outlaw,54,18,36
22849,Adevoir,hakkar,1049,rogue,outlaw,48,24,24
22850,Valefarr,emerald-dream,1043,rogue,outlaw,29,13,16
22851,Mechamind,draka,1034,rogue,outlaw,18,11,7
22852,Zarthrox,bladefist,1027,rogue,outlaw,24,12,12
22853,Farstrider,tichondrius,1012,rogue,outlaw,66,25,41
22854,Thuganomics,dark-iron,1008,rogue,outlaw,27,12,15
22855,Emoond,ragnaros,989,rogue,outlaw,27,13,14
22856,Inhume,eredar,960,rogue,outlaw,24,10,14
22857,Larmx,tichondrius,960,rogue,outlaw,24,10,14
22858,Straite,area-52,959,rogue,outlaw,18,10,8
22859,Quapi,tichondrius,959,rogue,outlaw,18,10,8
22860,Dross,shadowmoon,958,rogue,outlaw,24,10,14
22861,Houlton,moon-guard,957,rogue,outlaw,18,10,8
22862,Preceptor,azralon,956,rogue,outlaw,24,10,14
22863,Nitroxy,quelthalas,950,rogue,outlaw,24,10,14
22864,Shninzy,senjin,910,rogue,outlaw,31,11,20
22865,Asdestroyerr,tichondrius,863,rogue,outlaw,18,9,9
22866,Stabbythorus,stormrage,862,rogue,outlaw,18,9,9
22867,Bebesita,sisters-of-elune,860,rogue,outlaw,18,9,9
22868,Zogbu,stormrage,858,rogue,outlaw,18,9,9
22869,Badpatatas,proudmoore,848,rogue,outlaw,36,9,27
22870,Phraze,silvermoon,840,rogue,outlaw,24,11,13
22871,Coalie,tichondrius,816,rogue,outlaw,15,9,6
22872,Deepsyo,frostmourne,768,rogue,outlaw,12,8,4
22873,Lesty,kelthuzad,768,rogue,outlaw,12,8,4
22874,Slitherex,thunderlord,763,rogue,outlaw,21,9,12
22875,Thompson,bloodscalp,672,rogue,outlaw,12,7,5
22876,Snakeblisken,emerald-dream,672,rogue,outlaw,18,7,11
22877,Luolan,kargath,672,rogue,outlaw,30,7,23
22878,Drsinz,tichondrius,671,rogue,outlaw,18,7,11
22879,Slowtime,quelthalas,671,rogue,outlaw,18,7,11
22880,Evilkoreanz,tichondrius,670,rogue,outlaw,12,7,5
22881,Cosmicò,trollbane,670,rogue,outlaw,12,7,5
22882,Jamesallen,silvermoon,659,rogue,outlaw,12,7,5
22883,Arena,uldum,623,rogue,outlaw,11,7,4
22884,Roxy,ghostlands,623,rogue,outlaw,17,7,10
22885,Deeppockets,sargeras,576,rogue,outlaw,12,6,6
22886,Esky,tichondrius,576,rogue,outlaw,12,6,6
22887,Tarnished,ravenholdt,576,rogue,outlaw,12,6,6
22888,Cidi,moon-guard,576,rogue,outlaw,18,6,12
22889,Xyleth,azgalor,575,rogue,outlaw,12,6,6
22890,Drakariano,ragnaros,575,rogue,outlaw,18,6,12
22891,Vanorn,aerie-peak,575,rogue,outlaw,18,6,12
22892,Deddyy,zuljin,574,rogue,outlaw,18,6,12
22893,Bonizzi,stormrage,573,rogue,outlaw,12,6,6
22894,Marraya,area-52,573,rogue,outlaw,12,6,6
22895,Maglove,nemesis,571,rogue,outlaw,12,6,6
22896,Listrew,stormrage,571,rogue,outlaw,12,6,6
22897,Tsubamë,tichondrius,480,rogue,outlaw,6,5,1
22898,Tmpikaboo,tichondrius,480,rogue,outlaw,6,5,1
22899,Gothamzzing,tichondrius,480,rogue,outlaw,12,5,7
22900,Galfuran,burning-legion,480,rogue,outlaw,12,5,7
22901,Sekkelx,moon-guard,480,rogue,outlaw,12,5,7
22902,Spikiera,silvermoon,480,rogue,outlaw,18,5,13
22903,Sasskei,malganis,479,rogue,outlaw,12,5,7
22904,Darthkelso,arathor,465,rogue,outlaw,24,5,19
22905,Xavar,malganis,384,rogue,outlaw,6,4,2
22906,Krypticstab,malganis,384,rogue,outlaw,6,4,2
22907,Alandoril,tichondrius,384,rogue,outlaw,6,4,2
22908,Kents,tichondrius,384,rogue,outlaw,6,4,2
22909,Flashmob,zuljin,384,rogue,outlaw,6,4,2
22910,Synj,frostmourne,384,rogue,outlaw,6,4,2
22911,Xylvana,kiljaeden,384,rogue,outlaw,6,4,2
22912,Earthinhorn,frostmourne,384,rogue,outlaw,12,4,8
22913,Showclass,stormrage,384,rogue,outlaw,12,4,8
22914,Sprork,kiljaeden,384,rogue,outlaw,12,4,8
22915,Dayvanie,area-52,384,rogue,outlaw,12,4,8
22916,Blingtronx,malganis,384,rogue,outlaw,12,4,8
22917,Subnini,kelthuzad,384,rogue,outlaw,18,4,14
22918,Gheez,quelthalas,383,rogue,outlaw,6,4,2
22919,Katanië,moon-guard,383,rogue,outlaw,12,4,8
22920,Daftjack,bleeding-hollow,381,rogue,outlaw,12,4,8
22921,Houdinilogic,skullcrusher,381,rogue,outlaw,12,4,8
22922,Ningaturtle,korgath,376,rogue,outlaw,18,4,14
22923,Fennick,tanaris,351,rogue,outlaw,11,4,7
22924,Kasharo,tichondrius,288,rogue,outlaw,6,3,3
22925,Hedillyan,azralon,288,rogue,outlaw,6,3,3
22926,Whaazz,emerald-dream,288,rogue,outlaw,6,3,3
22927,Bootypie,hyjal,288,rogue,outlaw,6,3,3
22928,Machos,azralon,288,rogue,outlaw,6,3,3
22929,Karmagoodttv,stormrage,288,rogue,outlaw,6,3,3
22930,Amorfirion,frostmourne,288,rogue,outlaw,6,3,3
22931,Alexdelion,tichondrius,288,rogue,outlaw,6,3,3
22932,Daehyun,moknathal,288,rogue,outlaw,6,3,3
22933,Homeschoolx,moon-guard,288,rogue,outlaw,6,3,3
22934,Movze,area-52,288,rogue,outlaw,6,3,3
22935,Drpibb,ghostlands,288,rogue,outlaw,12,3,9
22936,Xzarfi,moon-guard,288,rogue,outlaw,18,3,15
22937,Stabyou,sentinels,287,rogue,outlaw,6,3,3
22938,Grimthorn,icecrown,285,rogue,outlaw,12,3,9
22939,Fryphilip,dalaran,256,rogue,outlaw,10,3,7
22940,Hotboxthefox,illidan,253,rogue,outlaw,11,3,8
22941,Duskeron,cenarius,192,rogue,outlaw,6,2,4
22942,Creamcakepop,stormrage,192,rogue,outlaw,6,2,4
22943,Slobernocker,stormrage,192,rogue,outlaw,6,2,4
22944,Remonezero,moon-guard,192,rogue,outlaw,6,2,4
22945,Jebubs,tichondrius,192,rogue,outlaw,6,2,4
22946,Touchthetip,bleeding-hollow,192,rogue,outlaw,6,2,4
22947,Jsyn,kiljaeden,192,rogue,outlaw,6,2,4
22948,Mud,saurfang,192,rogue,outlaw,6,2,4
22949,Prisonshank,arthas,192,rogue,outlaw,6,2,4
22950,Sxs,kiljaeden,192,rogue,outlaw,12,2,10
22951,Òklahomie,frostwolf,191,rogue,outlaw,6,2,4
22952,Philliamson,azgalor,190,rogue,outlaw,12,2,10
22953,Downsix,sargeras,96,rogue,outlaw,6,1,5
22954,Vîllâîn,tichondrius,96,rogue,outlaw,6,1,5
22955,Happyslice,stormrage,96,rogue,outlaw,6,1,5
22956,Lu,lethon,96,rogue,outlaw,6,1,5
22957,Sindor,azralon,96,rogue,outlaw,6,1,5
22958,Xm,sargeras,96,rogue,outlaw,6,1,5
22959,Rinestiria,arthas,96,rogue,outlaw,6,1,5
22960,Madge,area-52,96,rogue,outlaw,6,1,5
22961,Neilyo,barthilas,96,rogue,outlaw,6,1,5
22962,Reginageorge,azuremyst,96,rogue,outlaw,6,1,5
22963,Hîzzÿ,ghostlands,96,rogue,outlaw,12,1,11
22964,Culpera,undermine,95,rogue,outlaw,6,1,5
22965,Zelosse,area-52,16,rogue,outlaw,1,1,0
22966,Erebüs,thunderlord,2227,rogue,subtlety,78,50,28
22967,Ymxxworld,tichondrius,2107,rogue,subtlety,96,49,47
22968,Battzii,wyrmrest-accord,2061,rogue,subtlety,405,210,195
22969,Lies,dalaran,2010,rogue,subtlety,87,43,44
22970,Alexdelion,tichondrius,1923,rogue,subtlety,66,34,32
22971,Danrathm,sargeras,1916,rogue,subtlety,73,41,32
22972,Rangoons,tichondrius,1894,rogue,subtlety,60,36,24
22973,Needbuff,tichondrius,1865,rogue,subtlety,54,25,29
22974,Coopi,tichondrius,1853,rogue,subtlety,115,60,55
22975,Scuffedjr,tichondrius,1852,rogue,subtlety,72,31,41
22976,Himitu,tichondrius,1849,rogue,subtlety,89,46,43
22977,Coregx,tichondrius,1842,rogue,subtlety,36,24,12
22978,Norbury,tichondrius,1838,rogue,subtlety,71,33,38
22979,Rõý,area-52,1837,rogue,subtlety,42,23,19
22980,Brucerogue,tichondrius,1835,rogue,subtlety,176,95,81
22981,Stunsofpuns,sargeras,1833,rogue,subtlety,60,33,27
22982,Maulline,tichondrius,1828,rogue,subtlety,42,20,22
22983,Stealthypoop,kelthuzad,1825,rogue,subtlety,83,40,43
22984,Smkgpvp,stormrage,1823,rogue,subtlety,68,43,25
22985,Clern,emerald-dream,1818,rogue,subtlety,65,35,30
22986,Celèphaïs,tichondrius,1817,rogue,subtlety,63,30,33
22987,Bruítzy,barthilas,1809,rogue,subtlety,156,82,74
22988,Wizlysnipz,tichondrius,1808,rogue,subtlety,60,35,25
22989,Díor,azralon,1807,rogue,subtlety,124,70,54
22990,Ajl,drenden,1793,rogue,subtlety,52,29,23
22991,Axtually,proudmoore,1778,rogue,subtlety,60,38,22
22992,Silentkush,arthas,1774,rogue,subtlety,48,28,20
22993,Gyokkó,sargeras,1770,rogue,subtlety,36,20,16
22994,Zerogh,tichondrius,1765,rogue,subtlety,123,70,53
22995,Bigpump,lothar,1752,rogue,subtlety,54,28,26
22996,Aaronjlol,tichondrius,1747,rogue,subtlety,36,23,13
22997,Roguesparrow,illidan,1732,rogue,subtlety,68,36,32
22998,Ganknvanish,tichondrius,1723,rogue,subtlety,74,35,39
22999,Kellenx,moon-guard,1713,rogue,subtlety,109,53,56
23000,Dvin,stormrage,1700,rogue,subtlety,48,25,23
23001,Stabem,moon-guard,1693,rogue,subtlety,39,24,15
23002,Jaos,tichondrius,1667,rogue,subtlety,42,22,20
23003,Wetit,illidan,1666,rogue,subtlety,54,35,19
23004,Lxw,frostmourne,1652,rogue,subtlety,37,20,17
23005,Cydonian,ragnaros,1647,rogue,subtlety,42,21,21
23006,Steef,arygos,1638,rogue,subtlety,80,48,32
23007,Shinigâmì,tichondrius,1633,rogue,subtlety,54,36,18
23008,Furt,frostmourne,1633,rogue,subtlety,44,25,19
23009,Ulley,sargeras,1627,rogue,subtlety,66,33,33
23010,Kenpàchi,kelthuzad,1626,rogue,subtlety,36,21,15
23011,Wowamaze,aegwynn,1623,rogue,subtlety,52,32,20
23012,Fátálíty,tichondrius,1618,rogue,subtlety,30,17,13
23013,Whoox,khazgoroth,1614,rogue,subtlety,30,20,10
23014,Preceptor,azralon,1614,rogue,subtlety,86,44,42
23015,Eekz,sargeras,1613,rogue,subtlety,128,67,61
23016,Zipperx,tichondrius,1613,rogue,subtlety,59,30,29
23017,Bezeta,azralon,1611,rogue,subtlety,137,76,61
23018,Pxb,sargeras,1609,rogue,subtlety,36,17,19
23019,Poizzon,emerald-dream,1603,rogue,subtlety,35,21,14
23020,Runakó,kelthuzad,1603,rogue,subtlety,48,21,27
23021,Bruitzygg,barthilas,1599,rogue,subtlety,38,19,19
23022,Hayzarc,malfurion,1598,rogue,subtlety,42,21,21
23023,Kalvish,dalaran,1597,rogue,subtlety,29,17,12
23024,Yesua,ragnaros,1596,rogue,subtlety,144,71,73
23025,Kainm,stormrage,1592,rogue,subtlety,194,106,88
23026,Cahlee,sargeras,1591,rogue,subtlety,58,24,34
23027,Bobsaget,kiljaeden,1590,rogue,subtlety,47,22,25
23028,Piscís,sargeras,1584,rogue,subtlety,42,22,20
23029,Trizin,frostmourne,1563,rogue,subtlety,84,45,39
23030,Blakezilla,tichondrius,1557,rogue,subtlety,36,20,16
23031,Camlaw,area-52,1556,rogue,subtlety,54,31,23
23032,Assassìn,moon-guard,1556,rogue,subtlety,98,51,47
23033,Grelinho,stormrage,1554,rogue,subtlety,66,26,40
23034,Îzu,ysera,1553,rogue,subtlety,51,27,24
23035,Tarny,illidan,1547,rogue,subtlety,52,21,31
23036,Vyrenn,destromath,1537,rogue,subtlety,65,29,36
23037,Cut,ragnaros,1534,rogue,subtlety,66,32,34
23038,Fela,crushridge,1531,rogue,subtlety,132,67,65
23039,Rosoma,kelthuzad,1530,rogue,subtlety,40,23,17
23040,Turtlespeed,thrall,1522,rogue,subtlety,60,32,28
23041,Killmebaby,lightnings-blade,1514,rogue,subtlety,42,23,19
23042,Illmatíc,kelthuzad,1502,rogue,subtlety,29,16,13
23043,Galaxybrain,icecrown,1498,rogue,subtlety,120,76,44
23044,Garrotte,tichondrius,1478,rogue,subtlety,69,26,43
23045,Sapyalater,thrall,1475,rogue,subtlety,96,54,42
23046,Mosedz,tichondrius,1474,rogue,subtlety,48,28,20
23047,Eekz,illidan,1469,rogue,subtlety,143,80,63
23048,Kinbaal,bleeding-hollow,1461,rogue,subtlety,30,18,12
23049,Rufian,ursin,1460,rogue,subtlety,36,18,18
23050,Scenna,stormrage,1457,rogue,subtlety,72,30,42
23051,Xleo,drakkari,1456,rogue,subtlety,102,51,51
23052,Tulis,frostmourne,1455,rogue,subtlety,116,76,40
23053,Vyll,stormrage,1452,rogue,subtlety,31,16,15
23054,Nicoaa,tichondrius,1449,rogue,subtlety,104,52,52
23055,Trucidovaco,daggerspine,1449,rogue,subtlety,88,40,48
23056,Quinity,wyrmrest-accord,1446,rogue,subtlety,73,39,34
23057,Lurios,rivendare,1445,rogue,subtlety,62,31,31
23058,Eridian,tichondrius,1443,rogue,subtlety,43,20,23
23059,Kaylyth,whisperwind,1436,rogue,subtlety,36,15,21
23060,Epipenqt,dark-iron,1431,rogue,subtlety,42,26,16
23061,Hunchó,area-52,1431,rogue,subtlety,65,38,27
23062,Yoskit,tichondrius,1429,rogue,subtlety,24,15,9
23063,Rougething,bleeding-hollow,1415,rogue,subtlety,36,17,19
23064,Åer,dalaran,1412,rogue,subtlety,77,36,41
23065,Secrettecbot,barthilas,1411,rogue,subtlety,30,18,12
23066,Fulkrem,wyrmrest-accord,1410,rogue,subtlety,74,34,40
23067,Greasybbsea,illidan,1410,rogue,subtlety,54,23,31
23068,Luradfate,dalaran,1406,rogue,subtlety,118,61,57
23069,Chãlons,tichondrius,1406,rogue,subtlety,66,32,34
23070,Vigílant,proudmoore,1402,rogue,subtlety,54,24,30
23071,Drsinz,tichondrius,1399,rogue,subtlety,60,26,34
23072,Sasugay,sargeras,1391,rogue,subtlety,38,21,17
23073,Klâng,tichondrius,1389,rogue,subtlety,49,22,27
23074,Neuschurke,warsong,1386,rogue,subtlety,42,23,19
23075,Sgtbuttfat,dalaran,1385,rogue,subtlety,41,20,21
23076,Lyfallah,proudmoore,1384,rogue,subtlety,85,49,36
23077,Sapùwú,stormrage,1384,rogue,subtlety,90,48,42
23078,Fofree,hyjal,1382,rogue,subtlety,24,15,9
23079,Lagault,muradin,1380,rogue,subtlety,54,34,20
23080,Kyubïx,ragnaros,1380,rogue,subtlety,42,22,20
23081,Ojibwe,tichondrius,1373,rogue,subtlety,28,15,13
23082,Kolander,tichondrius,1366,rogue,subtlety,56,27,29
23083,Ironfistofcn,tichondrius,1364,rogue,subtlety,60,32,28
23084,Mistnazgul,quelthalas,1361,rogue,subtlety,59,34,25
23085,Søprøle,ragnaros,1356,rogue,subtlety,68,41,27
23086,Raymga,tichondrius,1355,rogue,subtlety,48,29,19
23087,Worrglaive,dalaran,1347,rogue,subtlety,60,29,31
23088,Narcoleptic,dalaran,1346,rogue,subtlety,84,40,44
23089,Deadguys,tichondrius,1344,rogue,subtlety,54,25,29
23090,Kibbs,korgath,1344,rogue,subtlety,42,18,24
23091,Kidcutti,proudmoore,1340,rogue,subtlety,30,14,16
23092,Tolthe,hyjal,1340,rogue,subtlety,36,16,20
23093,Spacebase,illidan,1337,rogue,subtlety,24,14,10
23094,Saltypwncake,illidan,1331,rogue,subtlety,30,14,16
23095,Genève,dreadmaul,1327,rogue,subtlety,24,14,10
23096,Gnøver,ragnaros,1320,rogue,subtlety,54,31,23
23097,Gankolicious,nerzhul,1317,rogue,subtlety,18,14,4
23098,Bugser,tichondrius,1313,rogue,subtlety,24,14,10
23099,Speedboi,skullcrusher,1311,rogue,subtlety,63,39,24
23100,Pince,black-dragonflight,1310,rogue,subtlety,24,14,10
23101,Cv,proudmoore,1304,rogue,subtlety,24,14,10
23102,Odelöt,drakkari,1302,rogue,subtlety,48,26,22
23103,Pocketman,barthilas,1299,rogue,subtlety,59,24,35
23104,Imgunnacrumb,malganis,1296,rogue,subtlety,107,56,51
23105,Abacura,moon-guard,1292,rogue,subtlety,36,20,16
23106,Vanvanlords,azralon,1291,rogue,subtlety,32,15,17
23107,Xiaozhi,tichondrius,1282,rogue,subtlety,34,15,19
23108,Ikmagine,icecrown,1281,rogue,subtlety,42,17,25
23109,Täy,thrall,1280,rogue,subtlety,47,23,24
23110,Shellby,tichondrius,1279,rogue,subtlety,44,25,19
23111,Lisnp,tichondrius,1274,rogue,subtlety,194,91,103
23112,Sahima,tichondrius,1269,rogue,subtlety,80,43,37
23113,Hollfex,nemesis,1265,rogue,subtlety,38,19,19
23114,Gothblade,malganis,1258,rogue,subtlety,30,15,15
23115,Lilstab,hakkar,1250,rogue,subtlety,98,49,49
23116,Tmpikaboo,tichondrius,1248,rogue,subtlety,18,13,5
23117,Unshut,tichondrius,1247,rogue,subtlety,18,13,5
23118,Wazowskiy,tichondrius,1246,rogue,subtlety,36,13,23
23119,Emrogr,tichondrius,1244,rogue,subtlety,42,20,22
23120,Endlesswaltz,zuljin,1243,rogue,subtlety,30,13,17
23121,Prrey,hydraxis,1242,rogue,subtlety,30,13,17
23122,Liryth,lightninghoof,1240,rogue,subtlety,39,22,17
23123,Kawagreen,tichondrius,1232,rogue,subtlety,33,17,16
23124,Trâshy,stormrage,1215,rogue,subtlety,25,14,11
23125,Swanl,stormrage,1212,rogue,subtlety,30,13,17
23126,Variat,azralon,1206,rogue,subtlety,48,21,27
23127,Dessenia,illidan,1205,rogue,subtlety,67,41,26
23128,Mirajoo,tichondrius,1199,rogue,subtlety,34,15,19
23129,Arbitér,moonrunner,1191,rogue,subtlety,58,20,38
23130,Kylerxius,korgath,1190,rogue,subtlety,30,18,12
23131,Roxeni,tichondrius,1181,rogue,subtlety,28,13,15
23132,Eraticrogue,illidan,1178,rogue,subtlety,29,13,16
23133,Abogansterr,ragnaros,1167,rogue,subtlety,72,39,33
23134,Poohpants,frostmourne,1166,rogue,subtlety,71,34,37
23135,Gyrfalcon,spirestone,1162,rogue,subtlety,127,59,68
23136,Guiguzidr,illidan,1159,rogue,subtlety,48,24,24
23137,Paulpitation,blood-furnace,1155,rogue,subtlety,39,15,24
23138,Itskanashi,frostmourne,1154,rogue,subtlety,51,21,30
23139,Slashthunder,blades-edge,1152,rogue,subtlety,18,12,6
23140,Antos,tichondrius,1152,rogue,subtlety,18,12,6
23141,Mitsurí,sargeras,1152,rogue,subtlety,18,12,6
23142,Håkünämãtåtä,stormrage,1152,rogue,subtlety,18,12,6
23143,Bèstworld,dalaran,1152,rogue,subtlety,24,12,12
23144,Vendettita,quelthalas,1151,rogue,subtlety,18,12,6
23145,Onîkudaki,sargeras,1151,rogue,subtlety,30,12,18
23146,Stealthyxd,arthas,1150,rogue,subtlety,36,12,24
23147,Dysxliec,dalaran,1149,rogue,subtlety,24,12,12
23148,Smormu,bonechewer,1144,rogue,subtlety,24,12,12
23149,Oilydaimon,tichondrius,1143,rogue,subtlety,61,29,32
23150,Stankyx,bleeding-hollow,1139,rogue,subtlety,24,12,12
23151,Smashol,barthilas,1135,rogue,subtlety,48,20,28
23152,Hypermix,tichondrius,1129,rogue,subtlety,24,12,12
23153,Elmabrox,quelthalas,1129,rogue,subtlety,35,14,21
23154,Dustt,stormrage,1125,rogue,subtlety,18,12,6
23155,Cutthroat,aegwynn,1121,rogue,subtlety,45,20,25
23156,Jeri,gundrak,1113,rogue,subtlety,30,17,13
23157,Venace,agamaggan,1104,rogue,subtlety,23,12,11
23158,Prisonshank,arthas,1093,rogue,subtlety,61,36,25
23159,Noriel,dathremar,1085,rogue,subtlety,30,13,17
23160,Cuizhudi,tichondrius,1081,rogue,subtlety,20,13,7
23161,Jaanmonty,frostmourne,1081,rogue,subtlety,24,12,12
23162,Hotcarl,kiljaeden,1077,rogue,subtlety,28,14,14
23163,Riskgo,frostwolf,1071,rogue,subtlety,24,12,12
23164,Sabedoria,barthilas,1070,rogue,subtlety,28,13,15
23165,Santyno,ragnaros,1067,rogue,subtlety,36,16,20
23166,Doklim,spinebreaker,1064,rogue,subtlety,58,32,26
23167,Sixcombopts,area-52,1056,rogue,subtlety,18,11,7
23168,Ozzinton,kelthuzad,1055,rogue,subtlety,18,11,7
23169,Esmeraldas,frostmourne,1054,rogue,subtlety,18,11,7
23170,Tootsio,tichondrius,1054,rogue,subtlety,18,11,7
23171,Haiev,tichondrius,1054,rogue,subtlety,24,11,13
23172,Rabe,nagrand,1053,rogue,subtlety,24,11,13
23173,Corntens,area-52,1050,rogue,subtlety,20,11,9
23174,Négrá,ragnaros,1048,rogue,subtlety,18,11,7
23175,Ðarkrøøxs,stormrage,1048,rogue,subtlety,24,11,13
23176,Trolladrão,goldrinn,1048,rogue,subtlety,24,11,13
23177,Laotrec,nemesis,1045,rogue,subtlety,33,12,21
23178,Olg,arathor,1043,rogue,subtlety,71,36,35
23179,Hyperdexia,stormrage,1042,rogue,subtlety,88,47,41
23180,Soulvex,barthilas,1040,rogue,subtlety,18,11,7
23181,Abaløne,tichondrius,1037,rogue,subtlety,55,22,33
23182,Kaminokage,barthilas,1035,rogue,subtlety,33,12,21
23183,Miraclesap,stormrage,1032,rogue,subtlety,42,25,17
23184,Kachimodo,illidan,1029,rogue,subtlety,42,20,22
23185,Vanishman,ragnaros,1026,rogue,subtlety,18,11,7
23186,Humphugull,skullcrusher,1018,rogue,subtlety,29,11,18
23187,Slackness,bleeding-hollow,1015,rogue,subtlety,55,32,23
23188,Korviz,area-52,1008,rogue,subtlety,60,30,30
23189,Bloodwish,tichondrius,1007,rogue,subtlety,23,11,12
23190,Ghost,shattered-halls,1006,rogue,subtlety,68,27,41
23191,Plado,tichondrius,1005,rogue,subtlety,17,11,6
23192,Relidria,thrall,1002,rogue,subtlety,30,18,12
23193,Skallywagg,emerald-dream,1001,rogue,subtlety,30,14,16
23194,Undreas,kiljaeden,997,rogue,subtlety,71,35,36
23195,Feragho,tichondrius,992,rogue,subtlety,34,11,23
23196,Weenies,illidan,989,rogue,subtlety,17,11,6
23197,Bubblesr,whisperwind,980,rogue,subtlety,48,22,26
23198,Calebrogue,illidan,960,rogue,subtlety,12,10,2
23199,Ascherx,veknilash,960,rogue,subtlety,12,10,2
23200,Æsshayádlay,tichondrius,960,rogue,subtlety,24,10,14
23201,Okaylmao,tichondrius,959,rogue,subtlety,12,10,2
23202,Beanlord,spinebreaker,959,rogue,subtlety,18,10,8
23203,Eazyg,tichondrius,959,rogue,subtlety,18,10,8
23204,Spaca,kelthuzad,959,rogue,subtlety,18,10,8
23205,Tigerinu,stormreaver,959,rogue,subtlety,18,10,8
23206,Lucki,tichondrius,958,rogue,subtlety,18,10,8
23207,Stealthkid,tichondrius,958,rogue,subtlety,18,10,8
23208,Harkknight,sargeras,958,rogue,subtlety,86,44,42
23209,Lululee,tichondrius,958,rogue,subtlety,30,10,20
23210,Aszombie,tichondrius,957,rogue,subtlety,12,10,2
23211,Tapwaterx,illidan,957,rogue,subtlety,24,10,14
23212,Shilaya,dreadmaul,957,rogue,subtlety,24,10,14
23213,Jadier,emerald-dream,955,rogue,subtlety,18,10,8
23214,Topapple,mugthol,952,rogue,subtlety,24,11,13
23215,Moufwash,sargeras,952,rogue,subtlety,24,10,14
23216,Zarkans,proudmoore,940,rogue,subtlety,18,10,8
23217,Lesliechow,sargeras,910,rogue,subtlety,28,14,14
23218,Yázim,tichondrius,906,rogue,subtlety,19,11,8
23219,Elßronkas,quelthalas,895,rogue,subtlety,36,17,19
23220,Usernameqtxo,kelthuzad,893,rogue,subtlety,22,10,12
23221,Meer,balnazzar,865,rogue,subtlety,16,11,5
23222,Bimbogirl,dalaran,865,rogue,subtlety,22,11,11
23223,Votekanye,bleeding-hollow,864,rogue,subtlety,12,9,3
23224,Zeiss,tichondrius,864,rogue,subtlety,18,9,9
23225,Greyyfox,illidan,864,rogue,subtlety,27,10,17
23226,Illoo,frostmourne,863,rogue,subtlety,18,9,9
23227,Proddivus,stormrage,863,rogue,subtlety,30,9,21
23228,Neilyo,barthilas,862,rogue,subtlety,18,9,9
23229,Rigotak,illidan,862,rogue,subtlety,18,9,9
23230,Twotimed,magtheridon,862,rogue,subtlety,18,9,9
23231,Blitzree,thrall,861,rogue,subtlety,12,9,3
23232,Biggisdiggis,tichondrius,860,rogue,subtlety,12,9,3
23233,Raqed,eredar,860,rogue,subtlety,18,9,9
23234,Overzz,azralon,859,rogue,subtlety,21,9,12
23235,Gannjalord,frostmane,858,rogue,subtlety,22,10,12
23236,Jhors,tichondrius,856,rogue,subtlety,18,9,9
23237,Esker,dragonmaw,854,rogue,subtlety,18,9,9
23238,Suñg,tichondrius,854,rogue,subtlety,24,9,15
23239,Alexon,wyrmrest-accord,848,rogue,subtlety,72,30,42
23240,Dizzm,area-52,847,rogue,subtlety,12,9,3
23241,Revelationzz,turalyon,846,rogue,subtlety,16,10,6
23242,Aelnoor,ragnaros,846,rogue,subtlety,24,9,15
23243,Ayo,exodar,845,rogue,subtlety,18,9,9
23244,Cutindle,illidan,842,rogue,subtlety,18,9,9
23245,Kilrogga,azshara,837,rogue,subtlety,18,9,9
23246,Nadari,cenarius,837,rogue,subtlety,24,9,15
23247,Zamji,tichondrius,834,rogue,subtlety,18,9,9
23248,Yellowdeep,tichondrius,831,rogue,subtlety,14,10,4
23249,Flashmob,zuljin,831,rogue,subtlety,20,10,10
23250,Trillkage,tichondrius,797,rogue,subtlety,26,9,17
23251,Hahaurblind,perenolde,796,rogue,subtlety,22,9,13
23252,Fearnomore,destromath,769,rogue,subtlety,54,18,36
23253,Czd,frostmourne,768,rogue,subtlety,12,8,4
23254,Wîzz,bleeding-hollow,768,rogue,subtlety,12,8,4
23255,Lesty,kelthuzad,768,rogue,subtlety,12,8,4
23256,Originalfake,sargeras,768,rogue,subtlety,12,8,4
23257,Ärog,tichondrius,768,rogue,subtlety,12,8,4
23258,Köfy,quelthalas,768,rogue,subtlety,17,8,9
23259,Hiyõ,tichondrius,768,rogue,subtlety,18,8,10
23260,Taidath,area-52,768,rogue,subtlety,18,8,10
23261,Dionavelynn,area-52,767,rogue,subtlety,12,8,4
23262,Kiingspade,tichondrius,767,rogue,subtlety,12,8,4
23263,Înfêrnô,emerald-dream,767,rogue,subtlety,18,8,10
23264,Ilesire,frostmourne,767,rogue,subtlety,18,8,10
23265,Vaith,wyrmrest-accord,767,rogue,subtlety,18,8,10
23266,Reclusivexo,tichondrius,767,rogue,subtlety,18,8,10
23267,Errorless,moon-guard,767,rogue,subtlety,18,8,10
23268,Razmir,malfurion,766,rogue,subtlety,18,8,10
23269,Yato,mugthol,764,rogue,subtlety,12,8,4
23270,Mcromance,khadgar,764,rogue,subtlety,24,8,16
23271,Vexyz,tichondrius,763,rogue,subtlety,18,8,10
23272,Khorgan,mugthol,762,rogue,subtlety,24,8,16
23273,Shivlightnin,tichondrius,762,rogue,subtlety,24,8,16
23274,Mhasto,azralon,759,rogue,subtlety,18,8,10
23275,Draculà,wyrmrest-accord,758,rogue,subtlety,18,8,10
23276,Kerimoynihan,barthilas,757,rogue,subtlety,28,11,17
23277,Silentmoralz,tichondrius,757,rogue,subtlety,29,8,21
23278,Onara,quelthalas,756,rogue,subtlety,12,8,4
23279,Nijanari,wyrmrest-accord,754,rogue,subtlety,24,8,16
23280,Shadownibba,illidan,752,rogue,subtlety,18,8,10
23281,Arakine,uldaman,748,rogue,subtlety,15,9,6
23282,Rarkalth,azralon,741,rogue,subtlety,29,8,21
23283,Bladefang,quelthalas,732,rogue,subtlety,17,10,7
23284,Ikerz,tichondrius,719,rogue,subtlety,15,8,7
23285,Tamsy,the-forgotten-coast,672,rogue,subtlety,9,8,1
23286,Coughsyrup,sargeras,672,rogue,subtlety,12,7,5
23287,Frooty,stormrage,672,rogue,subtlety,12,7,5
23288,Àsgà,area-52,672,rogue,subtlety,12,7,5
23289,Axerax,draka,672,rogue,subtlety,12,7,5
23290,Wimpz,hyjal,672,rogue,subtlety,12,7,5
23291,Xvds,tichondrius,672,rogue,subtlety,12,7,5
23292,Joeyzord,stormrage,672,rogue,subtlety,12,7,5
23293,Bobfoonk,tichondrius,672,rogue,subtlety,12,7,5
23294,Feyahni,wyrmrest-accord,672,rogue,subtlety,12,7,5
23295,Memoríst,frostmourne,672,rogue,subtlety,18,7,11
23296,Clicksbtns,area-52,672,rogue,subtlety,18,7,11
23297,Niwbor,azralon,672,rogue,subtlety,24,7,17
23298,Pichichi,frostmourne,671,rogue,subtlety,12,7,5
23299,Keepitshadow,frostmourne,671,rogue,subtlety,12,7,5
23300,Murked,barthilas,671,rogue,subtlety,12,7,5
23301,Christiaan,area-52,671,rogue,subtlety,12,7,5
23302,Ninetaildfox,arthas,671,rogue,subtlety,12,7,5
23303,Toxsith,tichondrius,671,rogue,subtlety,12,7,5
23304,Stanley,mugthol,671,rogue,subtlety,12,7,5
23305,Sapzz,tichondrius,671,rogue,subtlety,18,7,11
23306,Frusciante,nemesis,671,rogue,subtlety,18,7,11
23307,Brilliance,skywall,671,rogue,subtlety,18,7,11
23308,Nezumikami,malganis,671,rogue,subtlety,18,7,11
23309,Jdmg,azralon,670,rogue,subtlety,12,7,5
23310,Pleodonis,tichondrius,670,rogue,subtlety,24,7,17
23311,Rykojin,sargeras,669,rogue,subtlety,12,7,5
23312,Anteccessor,tichondrius,669,rogue,subtlety,18,7,11
23313,Jagó,malganis,667,rogue,subtlety,12,7,5
23314,Chompycat,tichondrius,667,rogue,subtlety,18,7,11
23315,Srmazakre,ragnaros,667,rogue,subtlety,18,7,11
23316,Toe,boulderfist,659,rogue,subtlety,15,8,7
23317,Kody,dalaran,639,rogue,subtlety,17,7,10
23318,Lilshanker,tichondrius,617,rogue,subtlety,22,8,14
23319,Gptcodeplay,tichondrius,576,rogue,subtlety,6,6,0
23320,Deadshank,bleeding-hollow,576,rogue,subtlety,6,6,0
23321,Caldø,tichondrius,576,rogue,subtlety,6,6,0
23322,Homarx,quelthalas,576,rogue,subtlety,10,7,3
23323,Palumor,deathwing,576,rogue,subtlety,12,6,6
23324,Trc,illidan,576,rogue,subtlety,12,6,6
23325,Xedi,illidan,576,rogue,subtlety,12,6,6
23326,Fkq,emerald-dream,576,rogue,subtlety,12,6,6
23327,Mayhemghost,rexxar,576,rogue,subtlety,12,6,6
23328,Jannie,rexxar,576,rogue,subtlety,12,6,6
23329,Vlone,icecrown,576,rogue,subtlety,12,6,6
23330,Popss,whisperwind,576,rogue,subtlety,12,6,6
23331,Mermm,burning-blade,576,rogue,subtlety,12,6,6
23332,Littlescrub,frostmourne,576,rogue,subtlety,12,6,6
23333,Kindasorry,illidan,576,rogue,subtlety,12,6,6
23334,Pamaaj,sargeras,576,rogue,subtlety,12,6,6
23335,Themosk,malganis,576,rogue,subtlety,12,6,6
23336,Revila,bleeding-hollow,576,rogue,subtlety,12,6,6
23337,Lymon,azralon,576,rogue,subtlety,12,6,6
23338,Klawz,norgannon,576,rogue,subtlety,12,6,6
23339,Turec,illidan,576,rogue,subtlety,12,6,6
23340,Candren,area-52,576,rogue,subtlety,12,6,6
23341,ßeep,windrunner,576,rogue,subtlety,12,6,6
23342,Kaliasteddin,area-52,576,rogue,subtlety,12,6,6
23343,Tmpikaboo,mugthol,576,rogue,subtlety,12,6,6
23344,Unholydood,bonechewer,576,rogue,subtlety,12,6,6
23345,Shadxr,tichondrius,576,rogue,subtlety,12,6,6
23346,Roguetrix,stormrage,576,rogue,subtlety,15,7,8
23347,Swippz,tichondrius,576,rogue,subtlety,18,6,12
23348,Kents,tichondrius,576,rogue,subtlety,18,6,12
23349,Goopthicc,sargeras,576,rogue,subtlety,18,6,12
23350,Drakariano,ragnaros,576,rogue,subtlety,18,6,12
23351,Cinnashank,darkspear,576,rogue,subtlety,18,6,12
23352,Jácket,area-52,576,rogue,subtlety,24,6,18
23353,Struggle,sargeras,576,rogue,subtlety,24,6,18
23354,Jinxkiller,tichondrius,575,rogue,subtlety,12,6,6
23355,Krolczz,tichondrius,575,rogue,subtlety,12,6,6
23356,Mcnastier,dunemaul,575,rogue,subtlety,12,6,6
23357,Calvin,moon-guard,575,rogue,subtlety,12,6,6
23358,Saintt,khaz-modan,575,rogue,subtlety,12,6,6
23359,Maulgryve,frostwolf,575,rogue,subtlety,12,6,6
23360,Macsap,frostmourne,575,rogue,subtlety,12,6,6
23361,Hiarolson,stormrage,575,rogue,subtlety,12,6,6
23362,Thugspice,stormrage,575,rogue,subtlety,12,6,6
23363,Gank,jubeithos,575,rogue,subtlety,12,6,6
23364,Ballflicker,malganis,575,rogue,subtlety,18,6,12
23365,Zogbu,stormrage,575,rogue,subtlety,18,6,12
23366,Dreamcatcher,azralon,575,rogue,subtlety,18,6,12
23367,Poofus,vashj,575,rogue,subtlety,18,6,12
23368,Threeplates,silvermoon,575,rogue,subtlety,18,6,12
23369,Alttee,proudmoore,573,rogue,subtlety,12,6,6
23370,Aynrand,drakkari,573,rogue,subtlety,23,6,17
23371,Iapologize,area-52,572,rogue,subtlety,12,6,6
23372,Xylow,garona,571,rogue,subtlety,27,6,21
23373,Degrok,quelthalas,568,rogue,subtlety,12,6,6
23374,Zelthy,frostmourne,510,rogue,subtlety,11,6,5
23375,Mendiant,azralon,480,rogue,subtlety,6,5,1
23376,Ghoarie,sargeras,480,rogue,subtlety,6,5,1
23377,Decóm,zuljin,480,rogue,subtlety,10,6,4
23378,Grinjuk,area-52,480,rogue,subtlety,12,5,7
23379,Scrubzz,barthilas,480,rogue,subtlety,12,5,7
23380,Blakezillax,tichondrius,480,rogue,subtlety,12,5,7
23381,Liqwid,stormrage,480,rogue,subtlety,12,5,7
23382,Twnice,tichondrius,480,rogue,subtlety,12,5,7
23383,Axiy,stormrage,480,rogue,subtlety,12,5,7
23384,Orihimesz,azralon,480,rogue,subtlety,12,5,7
23385,Jon,the-venture-co,480,rogue,subtlety,12,5,7
23386,Chimpo,ravencrest,480,rogue,subtlety,12,5,7
23387,Pjh,sargeras,480,rogue,subtlety,12,5,7
23388,Xandroesh,darkspear,480,rogue,subtlety,12,5,7
23389,Milafortnite,tichondrius,480,rogue,subtlety,12,5,7
23390,Blinky,blades-edge,480,rogue,subtlety,12,5,7
23391,Misthios,chogall,480,rogue,subtlety,12,5,7
23392,Pwnsauce,frostmourne,480,rogue,subtlety,12,5,7
23393,Mhün,malganis,480,rogue,subtlety,12,5,7
23394,Atulano,wyrmrest-accord,480,rogue,subtlety,12,5,7
23395,Henya,magtheridon,480,rogue,subtlety,12,5,7
23396,Poolover,barthilas,480,rogue,subtlety,12,5,7
23397,Wowcode,tichondrius,480,rogue,subtlety,12,5,7
23398,Killdrunk,stormrage,480,rogue,subtlety,12,5,7
23399,Lozion,malganis,480,rogue,subtlety,12,5,7
23400,Tiladar,tichondrius,480,rogue,subtlety,12,5,7
23401,Uchihaputin,tichondrius,480,rogue,subtlety,12,5,7
23402,Defthands,tichondrius,480,rogue,subtlety,12,5,7
23403,Monkeykongr,lightnings-blade,480,rogue,subtlety,12,5,7
23404,Faelanna,stormrage,480,rogue,subtlety,13,5,8
23405,Greasymario,kelthuzad,480,rogue,subtlety,18,5,13
23406,Reinaldojr,azralon,480,rogue,subtlety,18,5,13
23407,Psychostabby,tichondrius,480,rogue,subtlety,18,5,13
23408,Ambushr,tichondrius,479,rogue,subtlety,6,5,1
23409,Zitihait,amanthul,479,rogue,subtlety,6,5,1
23410,Arÿaa,azralon,479,rogue,subtlety,12,5,7
23411,Catoline,bleeding-hollow,479,rogue,subtlety,12,5,7
23412,Qlog,tichondrius,479,rogue,subtlety,12,5,7
23413,Kekdasneak,dragonmaw,479,rogue,subtlety,18,5,13
23414,Indivisible,thunderlord,477,rogue,subtlety,12,5,7
23415,Liamoz,amanthul,475,rogue,subtlety,12,5,7
23416,Backtoch,sargeras,447,rogue,subtlety,11,5,6
23417,Arwy,stormrage,447,rogue,subtlety,11,5,6
23418,Sketchyweas,sargeras,426,rogue,subtlety,14,6,8
23419,Cayladin,tichondrius,416,rogue,subtlety,10,5,5
23420,Luriél,stormrage,415,rogue,subtlety,10,5,5
23421,Seerenai,moon-guard,384,rogue,subtlety,6,4,2
23422,Sandorroguee,stormrage,384,rogue,subtlety,6,4,2
23423,Stuntedscamp,bleeding-hollow,384,rogue,subtlety,6,4,2
23424,Bootimus,illidan,384,rogue,subtlety,6,4,2
23425,Smang,mugthol,384,rogue,subtlety,6,4,2
23426,Deadopps,stormrage,384,rogue,subtlety,6,4,2
23427,Thèllè,sargeras,384,rogue,subtlety,6,4,2
23428,Astutý,illidan,384,rogue,subtlety,6,4,2
23429,Sapntapx,malganis,384,rogue,subtlety,6,4,2
23430,Prepcoin,malganis,384,rogue,subtlety,6,4,2
23431,Xemnxnt,stormrage,384,rogue,subtlety,6,4,2
23432,Wrldstars,illidan,384,rogue,subtlety,6,4,2
23433,Bloodyhairy,area-52,384,rogue,subtlety,6,4,2
23434,Jinglez,frostmourne,384,rogue,subtlety,6,4,2
23435,Unoshade,illidan,384,rogue,subtlety,6,4,2
23436,Acid,warsong,384,rogue,subtlety,6,4,2
23437,Gatõ,quelthalas,384,rogue,subtlety,6,4,2
23438,Siyeong,tichondrius,384,rogue,subtlety,6,4,2
23439,Coldkill,bleeding-hollow,384,rogue,subtlety,6,4,2
23440,Chauva,zuljin,384,rogue,subtlety,6,4,2
23441,Foreverioi,tichondrius,384,rogue,subtlety,6,4,2
23442,Donpeon,hellscream,384,rogue,subtlety,6,4,2
23443,Nightcloud,tichondrius,384,rogue,subtlety,6,4,2
23444,Memnõch,emerald-dream,384,rogue,subtlety,6,4,2
23445,Flaremagnet,whisperwind,384,rogue,subtlety,6,4,2
23446,Nines,icecrown,384,rogue,subtlety,6,4,2
23447,Lefteex,tichondrius,384,rogue,subtlety,6,4,2
23448,Altaureen,thrall,384,rogue,subtlety,6,4,2
23449,Elishadowed,proudmoore,384,rogue,subtlety,12,4,8
23450,Muggzy,emerald-dream,384,rogue,subtlety,12,4,8
23451,Morpheûs,tichondrius,384,rogue,subtlety,12,4,8
23452,Takamoto,windrunner,384,rogue,subtlety,12,4,8
23453,Tàlion,emerald-dream,384,rogue,subtlety,12,4,8
23454,Mercaderps,frostmourne,384,rogue,subtlety,12,4,8
23455,Freshcakes,darkspear,384,rogue,subtlety,12,4,8
23456,Seutobinhaa,stormrage,384,rogue,subtlety,12,4,8
23457,Shreddér,tichondrius,384,rogue,subtlety,12,4,8
23458,Lazaruslong,stormrage,384,rogue,subtlety,12,4,8
23459,Micromoon,windrunner,384,rogue,subtlety,12,4,8
23460,ßaltø,bleeding-hollow,384,rogue,subtlety,12,4,8
23461,Ntshaav,illidan,384,rogue,subtlety,12,4,8
23462,Miamiganster,lothar,384,rogue,subtlety,12,4,8
23463,Flankks,sargeras,384,rogue,subtlety,12,4,8
23464,Zzffqsm,tichondrius,384,rogue,subtlety,12,4,8
23465,Oksanaastan,tichondrius,384,rogue,subtlety,18,4,14
23466,Vangroen,quelthalas,383,rogue,subtlety,6,4,2
23467,Swayo,tichondrius,383,rogue,subtlety,6,4,2
23468,Freego,quelthalas,383,rogue,subtlety,6,4,2
23469,Sildin,sargeras,383,rogue,subtlety,6,4,2
23470,Frèyjä,bleeding-hollow,383,rogue,subtlety,12,4,8
23471,Ràinê,dalaran,383,rogue,subtlety,12,4,8
23472,Hènnéssy,frostmourne,383,rogue,subtlety,12,4,8
23473,Maewyn,aerie-peak,383,rogue,subtlety,13,4,9
23474,Toxiccarnage,ghostlands,383,rogue,subtlety,14,4,10
23475,Shadowpunx,nemesis,382,rogue,subtlety,6,4,2
23476,Knife,moon-guard,381,rogue,subtlety,12,4,8
23477,Jjp,tichondrius,367,rogue,subtlety,11,4,7
23478,Sinice,draka,351,rogue,subtlety,8,5,3
23479,Samuraii,zuljin,335,rogue,subtlety,11,4,7
23480,Idsapdat,illidan,330,rogue,subtlety,9,6,3
23481,Peeryl,daggerspine,327,rogue,subtlety,15,5,10
23482,Rawdawged,illidan,320,rogue,subtlety,16,4,12
23483,Antijax,stormrage,288,rogue,subtlety,6,3,3
23484,Hemorrhages,tichondrius,288,rogue,subtlety,6,3,3
23485,Snackable,tichondrius,288,rogue,subtlety,6,3,3
23486,Dödoubleg,stormrage,288,rogue,subtlety,6,3,3
23487,Gongarn,thrall,288,rogue,subtlety,6,3,3
23488,Orangez,malfurion,288,rogue,subtlety,6,3,3
23489,Whothekilla,tichondrius,288,rogue,subtlety,6,3,3
23490,Ãnimefãnx,moon-guard,288,rogue,subtlety,6,3,3
23491,Anbuartist,dalaran,288,rogue,subtlety,6,3,3
23492,Reverel,tichondrius,288,rogue,subtlety,6,3,3
23493,Kazzo,tichondrius,288,rogue,subtlety,6,3,3
23494,Bumboklaat,bleeding-hollow,288,rogue,subtlety,6,3,3
23495,Støné,azjolnerub,288,rogue,subtlety,6,3,3
23496,Castsequence,khaz-modan,288,rogue,subtlety,6,3,3
23497,Sit,frostwolf,288,rogue,subtlety,6,3,3
23498,Draiygo,nerzhul,288,rogue,subtlety,6,3,3
23499,Sinfate,bleeding-hollow,288,rogue,subtlety,6,3,3
23500,Isonlydosex,tichondrius,288,rogue,subtlety,6,3,3
23501,Xoltin,tichondrius,288,rogue,subtlety,6,3,3
23502,Yurkarogue,tichondrius,288,rogue,subtlety,6,3,3
23503,Luolan,kargath,288,rogue,subtlety,6,3,3
23504,Bríng,illidan,288,rogue,subtlety,6,3,3
23505,Darkìs,tichondrius,288,rogue,subtlety,6,3,3
23506,Dìngapoof,tichondrius,288,rogue,subtlety,6,3,3
23507,Junemylove,tichondrius,288,rogue,subtlety,6,3,3
23508,Commodore,arthas,288,rogue,subtlety,6,3,3
23509,Cron,arygos,288,rogue,subtlety,6,3,3
23510,Zarrth,malganis,288,rogue,subtlety,6,3,3
23511,Topfloorboss,illidan,288,rogue,subtlety,6,3,3
23512,Ralæriel,wyrmrest-accord,288,rogue,subtlety,6,3,3
23513,Shadowreapz,barthilas,288,rogue,subtlety,6,3,3
23514,Pegglerogue,fizzcrank,288,rogue,subtlety,6,3,3
23515,Gåñðøñ,stormscale,288,rogue,subtlety,6,3,3
23516,Amatoxin,tichondrius,288,rogue,subtlety,6,3,3
23517,Yamillpgk,ragnaros,288,rogue,subtlety,6,3,3
23518,Roguish,kiljaeden,288,rogue,subtlety,6,3,3
23519,Stunjunky,area-52,288,rogue,subtlety,6,3,3
23520,Leftyleaf,proudmoore,288,rogue,subtlety,6,3,3
23521,Creayuncle,area-52,288,rogue,subtlety,6,3,3
23522,Corrier,tichondrius,288,rogue,subtlety,6,3,3
23523,Siniel,scarlet-crusade,288,rogue,subtlety,9,4,5
23524,Taraminkadot,sargeras,288,rogue,subtlety,9,4,5
23525,ßutthead,malganis,288,rogue,subtlety,7,3,4
23526,Terala,perenolde,288,rogue,subtlety,12,3,9
23527,Yülia,skywall,288,rogue,subtlety,12,3,9
23528,Grinz,sargeras,288,rogue,subtlety,12,3,9
23529,Falra,wyrmrest-accord,288,rogue,subtlety,12,3,9
23530,Veatrix,zuljin,288,rogue,subtlety,12,3,9
23531,Carpe,barthilas,288,rogue,subtlety,12,3,9
23532,Ideology,azgalor,288,rogue,subtlety,12,3,9
23533,Zapersapp,malygos,288,rogue,subtlety,12,3,9
23534,Hogstradamus,malganis,288,rogue,subtlety,12,3,9
23535,Maløkeirø,stormrage,288,rogue,subtlety,12,3,9
23536,Deathben,tichondrius,288,rogue,subtlety,12,3,9
23537,Jexy,barthilas,288,rogue,subtlety,12,3,9
23538,Miloandotis,malganis,288,rogue,subtlety,12,3,9
23539,Relaxsingh,tichondrius,288,rogue,subtlety,18,3,15
23540,Framsteg,kelthuzad,287,rogue,subtlety,6,3,3
23541,Urukzog,ragnaros,287,rogue,subtlety,6,3,3
23542,Redtvco,blackrock,287,rogue,subtlety,6,3,3
23543,Witherblade,area-52,287,rogue,subtlety,6,3,3
23544,Cerebrian,malygos,286,rogue,subtlety,6,3,3
23545,Tareduwu,area-52,286,rogue,subtlety,18,3,15
23546,Hmmkek,frostmourne,239,rogue,subtlety,5,3,2
23547,Youngdraco,tichondrius,239,rogue,subtlety,5,3,2
23548,Jalaroot,frostmourne,234,rogue,subtlety,11,5,6
23549,Radagon,fenris,234,rogue,subtlety,9,4,5
23550,Grima,azralon,223,rogue,subtlety,8,3,5
23551,Nemoye,tichondrius,192,rogue,subtlety,6,2,4
23552,Pouet,caelestrasz,192,rogue,subtlety,6,2,4
23553,Skorsh,wyrmrest-accord,192,rogue,subtlety,6,2,4
23554,Reflexiv,malganis,192,rogue,subtlety,6,2,4
23555,Nlynn,veknilash,192,rogue,subtlety,6,2,4
23556,Chêckmatê,darkspear,192,rogue,subtlety,6,2,4
23557,Teribád,area-52,192,rogue,subtlety,6,2,4
23558,Coalie,tichondrius,192,rogue,subtlety,6,2,4
23559,Kami,kelthuzad,192,rogue,subtlety,6,2,4
23560,Sathrion,zuljin,192,rogue,subtlety,6,2,4
23561,Meadview,bleeding-hollow,192,rogue,subtlety,6,2,4
23562,Macklittle,area-52,192,rogue,subtlety,6,2,4
23563,Brustent,icecrown,192,rogue,subtlety,6,2,4
23564,Terrorstrike,tichondrius,192,rogue,subtlety,6,2,4
23565,Runescape,frostmourne,192,rogue,subtlety,6,2,4
23566,Abdullahh,tichondrius,192,rogue,subtlety,6,2,4
23567,Åaron,thrall,192,rogue,subtlety,6,2,4
23568,Lmorningstar,altar-of-storms,192,rogue,subtlety,6,2,4
23569,Shankmcganks,chogall,192,rogue,subtlety,6,2,4
23570,Slíçk,tichondrius,192,rogue,subtlety,6,2,4
23571,Xyltann,bleeding-hollow,192,rogue,subtlety,6,2,4
23572,Buddymelon,thrall,192,rogue,subtlety,6,2,4
23573,Nubes,illidan,192,rogue,subtlety,6,2,4
23574,Yourhomieaj,tichondrius,192,rogue,subtlety,6,2,4
23575,Pikabuu,bleeding-hollow,192,rogue,subtlety,6,2,4
23576,Getfkdkid,tichondrius,192,rogue,subtlety,6,2,4
23577,Sapsis,shandris,192,rogue,subtlety,6,2,4
23578,Skitsöu,tichondrius,192,rogue,subtlety,6,2,4
23579,Draef,illidan,192,rogue,subtlety,6,2,4
23580,Pootymunchin,daggerspine,192,rogue,subtlety,6,2,4
23581,Smakkey,tichondrius,192,rogue,subtlety,6,2,4
23582,Jsnlol,zuljin,192,rogue,subtlety,6,2,4
23583,Picaropanda,quelthalas,192,rogue,subtlety,6,2,4
23584,Tìlt,whisperwind,192,rogue,subtlety,6,2,4
23585,Grue,gundrak,192,rogue,subtlety,6,2,4
23586,Jujudaddy,darkspear,192,rogue,subtlety,6,2,4
23587,Stateless,kelthuzad,192,rogue,subtlety,6,2,4
23588,Icantsleep,tichondrius,192,rogue,subtlety,6,2,4
23589,Elvesnknives,stormrage,192,rogue,subtlety,6,2,4
23590,Surplus,stormscale,192,rogue,subtlety,6,2,4
23591,Söda,emerald-dream,192,rogue,subtlety,6,2,4
23592,Lenik,azuremyst,192,rogue,subtlety,6,2,4
23593,Joegamer,sargeras,192,rogue,subtlety,6,2,4
23594,Wètdream,sargeras,192,rogue,subtlety,6,2,4
23595,Jâm,nerzhul,192,rogue,subtlety,6,2,4
23596,Jeezy,shadowmoon,192,rogue,subtlety,6,2,4
23597,Wyyre,hyjal,192,rogue,subtlety,6,2,4
23598,Tothegravetv,sargeras,192,rogue,subtlety,6,2,4
23599,Slycndice,tortheldrin,192,rogue,subtlety,6,2,4
23600,Bâerâ,bloodscalp,192,rogue,subtlety,8,2,6
23601,Cerel,baelgun,192,rogue,subtlety,12,2,10
23602,Kidcudi,bonechewer,192,rogue,subtlety,12,2,10
23603,Zabava,malganis,192,rogue,subtlety,12,2,10
23604,Zeriek,stormrage,192,rogue,subtlety,12,2,10
23605,Brickjohnson,illidan,192,rogue,subtlety,12,2,10
23606,Flèè,illidan,192,rogue,subtlety,12,2,10
23607,Onulyo,tichondrius,192,rogue,subtlety,12,2,10
23608,Confianzudo,ragnaros,191,rogue,subtlety,6,2,4
23609,Allirra,ragnaros,191,rogue,subtlety,6,2,4
23610,Mccarter,bonechewer,191,rogue,subtlety,6,2,4
23611,Lancarlorïus,ragnaros,191,rogue,subtlety,6,2,4
23612,Koobbo,tichondrius,159,rogue,subtlety,5,2,3
23613,Opensap,tichondrius,159,rogue,subtlety,5,2,3
23614,Eliasael,moon-guard,159,rogue,subtlety,5,2,3
23615,Suhwooh,area-52,159,rogue,subtlety,5,2,3
23616,Ganksterqt,dentarg,138,rogue,subtlety,10,3,7
23617,Noxik,blackrock,138,rogue,subtlety,10,3,7
23618,Mdrogue,sargeras,128,rogue,subtlety,4,2,2
23619,Namig,cenarion-circle,128,rogue,subtlety,4,2,2
23620,Cheapdeal,frostmourne,128,rogue,subtlety,4,2,2
23621,Fadedx,darkspear,128,rogue,subtlety,4,2,2
23622,Swickwockdus,azralon,112,rogue,subtlety,7,2,5
23623,Tigbits,frostmourne,96,rogue,subtlety,3,2,1
23624,Amonn,arthas,96,rogue,subtlety,3,2,1
23625,Kestor,barthilas,96,rogue,subtlety,6,1,5
23626,Deepcutz,barthilas,96,rogue,subtlety,6,1,5
23627,Illidin,executus,96,rogue,subtlety,6,1,5
23628,Slobernocker,stormrage,96,rogue,subtlety,6,1,5
23629,Valekk,stormscale,96,rogue,subtlety,6,1,5
23630,Bonizzi,stormrage,96,rogue,subtlety,6,1,5
23631,Mídnìght,aegwynn,96,rogue,subtlety,6,1,5
23632,Wrin,sargeras,96,rogue,subtlety,6,1,5
23633,Sxs,kiljaeden,96,rogue,subtlety,6,1,5
23634,Originkorean,terenas,96,rogue,subtlety,6,1,5
23635,Sawred,bonechewer,96,rogue,subtlety,6,1,5
23636,Toodlles,stormrage,96,rogue,subtlety,6,1,5
23637,Jokerr,proudmoore,96,rogue,subtlety,6,1,5
23638,Bloodbrawl,caelestrasz,96,rogue,subtlety,6,1,5
23639,Vex,durotan,96,rogue,subtlety,6,1,5
23640,Docheatt,dalaran,96,rogue,subtlety,6,1,5
23641,Rotbreath,bleeding-hollow,96,rogue,subtlety,6,1,5
23642,Quackerjacks,lightnings-blade,96,rogue,subtlety,6,1,5
23643,Ivanapavlov,kelthuzad,96,rogue,subtlety,6,1,5
23644,Flelfo,quelthalas,96,rogue,subtlety,6,1,5
23645,Dabrat,frostwolf,96,rogue,subtlety,6,1,5
23646,Dedrater,shadowmoon,96,rogue,subtlety,6,1,5
23647,Røgüë,malganis,96,rogue,subtlety,6,1,5
23648,Trinktick,doomhammer,96,rogue,subtlety,6,1,5
23649,Twinkrogue,firetree,96,rogue,subtlety,6,1,5
23650,Nevatell,malganis,96,rogue,subtlety,6,1,5
23651,Bloodyblades,blackhand,96,rogue,subtlety,6,1,5
23652,Frootylol,stormrage,96,rogue,subtlety,6,1,5
23653,Onetwostep,tichondrius,96,rogue,subtlety,6,1,5
23654,Páige,ragnaros,96,rogue,subtlety,6,1,5
23655,Cotuffa,drakkari,96,rogue,subtlety,6,1,5
23656,Steffmaister,tichondrius,96,rogue,subtlety,6,1,5
23657,Satanicrizz,tichondrius,96,rogue,subtlety,6,1,5
23658,Uchihà,sargeras,95,rogue,subtlety,6,1,5
23659,Ricros,bleeding-hollow,89,rogue,subtlety,8,3,5
23660,Drpibb,ghostlands,63,rogue,subtlety,2,2,0
23661,Saraelith,moon-guard,48,rogue,subtlety,3,1,2
23662,Rocanról,quelthalas,42,rogue,subtlety,6,2,4
23663,Thenelis,dalaran,42,rogue,subtlety,11,2,9
23664,Demonioverde,ragnaros,31,rogue,subtlety,2,1,1
23665,Traumashears,proudmoore,31,rogue,subtlety,2,1,1
23666,Mirrorx,tichondrius,2173,rogue,assassination,120,61,59
23667,Sllabymkcus,sargeras,2126,rogue,assassination,72,37,35
23668,Zarkk,kelthuzad,2017,rogue,assassination,119,57,62
23669,Xiaochulol,tichondrius,1990,rogue,assassination,54,29,25
23670,Larmx,tichondrius,1960,rogue,assassination,60,30,30
23671,Alethal,tichondrius,1873,rogue,assassination,60,33,27
23672,Snortedgfuel,drenden,1871,rogue,assassination,48,23,25
23673,Lemon,arygos,1851,rogue,assassination,47,20,27
23674,Relän,ragnaros,1846,rogue,assassination,53,32,21
23675,Poonanixo,frostmourne,1846,rogue,assassination,78,38,40
23676,Feinting,moon-guard,1839,rogue,assassination,76,35,41
23677,Jon,the-venture-co,1838,rogue,assassination,54,27,27
23678,Sio,bleeding-hollow,1837,rogue,assassination,60,30,30
23679,Ajúmma,tichondrius,1831,rogue,assassination,57,23,34
23680,Jjp,tichondrius,1827,rogue,assassination,65,33,32
23681,Köfy,quelthalas,1826,rogue,assassination,72,34,38
23682,Sairak,tichondrius,1803,rogue,assassination,89,43,46
23683,Plumblossomx,tichondrius,1803,rogue,assassination,54,24,30
23684,Slickyo,malganis,1792,rogue,assassination,30,20,10
23685,Bloodlessftw,azralon,1783,rogue,assassination,75,33,42
23686,Thargal,tichondrius,1766,rogue,assassination,48,28,20
23687,Doraz,tichondrius,1754,rogue,assassination,72,40,32
23688,Ybby,tichondrius,1714,rogue,assassination,68,34,34
23689,Gyutaro,black-dragonflight,1704,rogue,assassination,228,119,109
23690,Niarzz,tichondrius,1692,rogue,assassination,48,28,20
23691,Bellamor,tichondrius,1690,rogue,assassination,84,50,34
23692,Vmoney,draenor,1685,rogue,assassination,30,18,12
23693,Lunatixz,emerald-dream,1680,rogue,assassination,35,19,16
23694,Vél,blackrock,1674,rogue,assassination,42,22,20
23695,Whooxx,khazgoroth,1673,rogue,assassination,66,29,37
23696,Riventrix,zuljin,1668,rogue,assassination,59,27,32
23697,Johnnycryp,barthilas,1652,rogue,assassination,53,27,26
23698,Bellicoses,tichondrius,1651,rogue,assassination,155,84,71
23699,Ivanrah,zuljin,1648,rogue,assassination,45,20,25
23700,Rapcher,illidan,1632,rogue,assassination,148,75,73
23701,Josex,lightbringer,1632,rogue,assassination,48,20,28
23702,Purplechil,garrosh,1627,rogue,assassination,55,27,28
23703,Sheerlol,stormrage,1626,rogue,assassination,49,24,25
23704,Beaconlight,tichondrius,1624,rogue,assassination,48,20,28
23705,Assassìn,moon-guard,1618,rogue,assassination,48,27,21
23706,Osuba,proudmoore,1604,rogue,assassination,60,27,33
23707,Ãnimefãnx,moon-guard,1603,rogue,assassination,71,36,35
23708,Elinarra,sargeras,1603,rogue,assassination,42,21,21
23709,Ultranumb,sargeras,1602,rogue,assassination,44,23,21
23710,Notjawn,arthas,1600,rogue,assassination,120,68,52
23711,Lucidstorm,tichondrius,1593,rogue,assassination,30,17,13
23712,Seroth,tichondrius,1590,rogue,assassination,24,17,7
23713,Foreverioi,tichondrius,1589,rogue,assassination,48,27,21
23714,Sparqxx,tichondrius,1589,rogue,assassination,199,100,99
23715,Chêckmatê,darkspear,1589,rogue,assassination,54,25,29
23716,Devstrike,sargeras,1587,rogue,assassination,53,25,28
23717,Katovo,tichondrius,1584,rogue,assassination,36,21,15
23718,Xagreth,illidan,1579,rogue,assassination,40,20,20
23719,Wxvi,tichondrius,1563,rogue,assassination,54,30,24
23720,Xilorio,skullcrusher,1552,rogue,assassination,42,23,19
23721,Ulley,sargeras,1551,rogue,assassination,32,18,14
23722,Nsns,drenden,1550,rogue,assassination,119,58,61
23723,Miamiganster,lothar,1550,rogue,assassination,120,54,66
23724,Replayz,stormrage,1547,rogue,assassination,48,20,28
23725,Cutercarver,proudmoore,1533,rogue,assassination,42,17,25
23726,Kidneyshiv,stormrage,1531,rogue,assassination,36,20,16
23727,Gøblìn,tichondrius,1530,rogue,assassination,60,27,33
23728,Isàputàp,tichondrius,1525,rogue,assassination,48,25,23
23729,Tryedge,moon-guard,1512,rogue,assassination,36,19,17
23730,Staabzz,thrall,1505,rogue,assassination,66,27,39
23731,Sizka,sargeras,1495,rogue,assassination,36,17,19
23732,Stabem,moon-guard,1487,rogue,assassination,153,82,71
23733,Hypnothot,tichondrius,1487,rogue,assassination,78,23,55
23734,Kiosh,tichondrius,1485,rogue,assassination,78,36,42
23735,Paraisbae,tichondrius,1480,rogue,assassination,36,20,16
23736,Camlaw,area-52,1477,rogue,assassination,55,26,29
23737,Creamypeach,stormrage,1477,rogue,assassination,51,24,27
23738,Pandrogue,shadowsong,1467,rogue,assassination,36,21,15
23739,Smkgpvp,stormrage,1456,rogue,assassination,29,16,13
23740,Blackmont,bleeding-hollow,1456,rogue,assassination,60,26,34
23741,Hickery,frostmourne,1448,rogue,assassination,42,16,26
23742,Coquìn,proudmoore,1429,rogue,assassination,80,39,41
23743,Pirrow,moon-guard,1426,rogue,assassination,46,25,21
23744,Nightdelphya,azralon,1411,rogue,assassination,42,15,27
23745,Youwho,kiljaeden,1410,rogue,assassination,87,42,45
23746,Lcl,proudmoore,1400,rogue,assassination,226,114,112
23747,Playmaker,frostwolf,1396,rogue,assassination,156,82,74
23748,Galaily,proudmoore,1392,rogue,assassination,48,23,25
23749,Boonee,frostmourne,1368,rogue,assassination,54,25,29
23750,Valråvn,bloodscalp,1359,rogue,assassination,23,15,8
23751,Sinepymkcus,illidan,1343,rogue,assassination,30,14,16
23752,Strîkér,tichondrius,1339,rogue,assassination,31,15,16
23753,Swexee,area-52,1339,rogue,assassination,60,26,34
23754,Røgüë,malganis,1338,rogue,assassination,30,14,16
23755,Onetwostep,tichondrius,1335,rogue,assassination,33,15,18
23756,Wxva,tichondrius,1331,rogue,assassination,30,14,16
23757,Shankeez,tichondrius,1319,rogue,assassination,30,14,16
23758,Beedie,malganis,1310,rogue,assassination,41,22,19
23759,Gorgdrake,illidan,1306,rogue,assassination,65,33,32
23760,Ninjadoo,tichondrius,1301,rogue,assassination,44,17,27
23761,Powerjuicer,tichondrius,1300,rogue,assassination,60,28,32
23762,Kindasorry,illidan,1290,rogue,assassination,54,23,31
23763,Vannisshh,shattered-halls,1288,rogue,assassination,65,26,39
23764,Aynrand,drakkari,1281,rogue,assassination,36,16,20
23765,Keepitshadow,frostmourne,1279,rogue,assassination,89,45,44
23766,Spooky,bleeding-hollow,1277,rogue,assassination,66,33,33
23767,Doomcore,barthilas,1276,rogue,assassination,41,21,20
23768,Grasiel,tichondrius,1276,rogue,assassination,39,16,23
23769,Greenlemons,lightnings-blade,1275,rogue,assassination,36,20,16
23770,Keylâ,thrall,1264,rogue,assassination,62,33,29
23771,Seengivenchy,zuljin,1262,rogue,assassination,26,14,12
23772,Sinnister,queldorei,1259,rogue,assassination,47,20,27
23773,Regios,shadowmoon,1255,rogue,assassination,71,31,40
23774,Lemonlemon,arygos,1247,rogue,assassination,24,13,11
23775,Sênorita,tichondrius,1246,rogue,assassination,36,13,23
23776,Worm,demon-soul,1240,rogue,assassination,36,16,20
23777,Roollz,nemesis,1240,rogue,assassination,33,14,19
23778,Morgoophh,azralon,1234,rogue,assassination,56,30,26
23779,Wujn,tichondrius,1233,rogue,assassination,26,13,13
23780,Pst,spirestone,1227,rogue,assassination,24,14,10
23781,Shinobick,kelthuzad,1222,rogue,assassination,30,15,15
23782,Itokuri,ysera,1218,rogue,assassination,30,13,17
23783,Hiddencosts,proudmoore,1200,rogue,assassination,67,30,37
23784,Lórdx,illidan,1178,rogue,assassination,50,23,27
23785,Fakie,quelthalas,1176,rogue,assassination,37,21,16
23786,Odetodindel,nerzhul,1176,rogue,assassination,54,30,24
23787,Mìtsuru,proudmoore,1165,rogue,assassination,36,20,16
23788,Jeshka,wyrmrest-accord,1162,rogue,assassination,36,16,20
23789,Rizzboy,tichondrius,1153,rogue,assassination,30,13,17
23790,Lycanthropì,illidan,1151,rogue,assassination,18,12,6
23791,Kenteenx,tichondrius,1151,rogue,assassination,30,12,18
23792,Kriszov,moon-guard,1149,rogue,assassination,124,62,62
23793,Copler,tichondrius,1141,rogue,assassination,42,15,27
23794,Tortador,quelthalas,1140,rogue,assassination,30,16,14
23795,Indivisible,thunderlord,1136,rogue,assassination,30,16,14
23796,Laotrec,nemesis,1126,rogue,assassination,24,12,12
23797,Skigskag,shadowsong,1117,rogue,assassination,61,31,30
23798,Gogothirteen,kiljaeden,1117,rogue,assassination,30,15,15
23799,Nikhlaus,ragnaros,1107,rogue,assassination,24,13,11
23800,Altarys,ragnaros,1103,rogue,assassination,27,15,12
23801,Chingado,kaelthas,1102,rogue,assassination,30,12,18
23802,Slycndice,tortheldrin,1101,rogue,assassination,60,34,26
23803,Roguepvp,stormrage,1095,rogue,assassination,52,28,24
23804,Páïgèvêntürã,bleeding-hollow,1086,rogue,assassination,26,12,14
23805,Smoketoad,tichondrius,1081,rogue,assassination,30,15,15
23806,Garrotte,tichondrius,1081,rogue,assassination,38,12,26
23807,Teach,illidan,1080,rogue,assassination,55,20,35
23808,Adrianstab,dalaran,1071,rogue,assassination,24,14,10
23809,Ziggee,sargeras,1061,rogue,assassination,38,19,19
23810,Sergioz,quelthalas,1060,rogue,assassination,42,14,28
23811,Aiden,burning-legion,1056,rogue,assassination,18,11,7
23812,Lycanthropî,illidan,1056,rogue,assassination,24,11,13
23813,Grafting,tichondrius,1055,rogue,assassination,24,11,13
23814,Quefist,sargeras,1054,rogue,assassination,20,11,9
23815,Nayle,dalaran,1054,rogue,assassination,24,11,13
23816,Zipperx,tichondrius,1053,rogue,assassination,30,11,19
23817,Stuns,azshara,1052,rogue,assassination,18,11,7
23818,Happyslice,stormrage,1052,rogue,assassination,21,12,9
23819,Kazzo,tichondrius,1050,rogue,assassination,18,11,7
23820,Looprevil,andorhal,1043,rogue,assassination,24,14,10
23821,Cashbigknife,area-52,1030,rogue,assassination,36,12,24
23822,Dothras,stormrage,1022,rogue,assassination,75,33,42
23823,Apocalipto,barthilas,1010,rogue,assassination,35,11,24
23824,Zirkir,mannoroth,988,rogue,assassination,26,11,15
23825,Pegglerogue,fizzcrank,977,rogue,assassination,84,37,47
23826,Jonuts,bleeding-hollow,960,rogue,assassination,18,10,8
23827,Dizzymoods,stormrage,960,rogue,assassination,24,10,14
23828,Kents,tichondrius,960,rogue,assassination,24,10,14
23829,Lesentixd,stormrage,959,rogue,assassination,24,10,14
23830,Raskapashan,moon-guard,956,rogue,assassination,30,10,20
23831,Driprat,area-52,955,rogue,assassination,18,10,8
23832,Pál,quelthalas,950,rogue,assassination,18,10,8
23833,Problemchild,rexxar,949,rogue,assassination,24,10,14
23834,Vozzy,proudmoore,947,rogue,assassination,30,17,13
23835,Elithr,nemesis,944,rogue,assassination,18,10,8
23836,Headless,dragonmaw,941,rogue,assassination,29,15,14
23837,Roguecity,tichondrius,934,rogue,assassination,82,25,57
23838,Osiriko,thunderlord,931,rogue,assassination,85,42,43
23839,Atomicgoat,tichondrius,928,rogue,assassination,33,12,21
23840,Wolgan,nemesis,916,rogue,assassination,55,25,30
23841,Thenelis,dalaran,897,rogue,assassination,43,10,33
23842,Unlucký,sargeras,864,rogue,assassination,12,9,3
23843,Brendantko,arthas,863,rogue,assassination,18,9,9
23844,Whoox,khazgoroth,863,rogue,assassination,30,9,21
23845,Zamorant,emerald-dream,862,rogue,assassination,42,9,33
23846,Chakarr,stormrage,861,rogue,assassination,12,9,3
23847,Cleam,darkspear,861,rogue,assassination,18,9,9
23848,Rêdrum,illidan,861,rogue,assassination,42,9,33
23849,Ballflicker,malganis,857,rogue,assassination,30,9,21
23850,Snoopdrogado,sargeras,850,rogue,assassination,12,9,3
23851,Omnìslash,area-52,847,rogue,assassination,17,9,8
23852,Dysxliec,dalaran,815,rogue,assassination,23,9,14
23853,Píxíedúst,black-dragonflight,812,rogue,assassination,34,10,24
23854,Zapersapp,malygos,803,rogue,assassination,28,10,18
23855,Ôñéèýèdkíñg,stormrage,768,rogue,assassination,12,8,4
23856,Onulyo,tichondrius,768,rogue,assassination,12,8,4
23857,Frez,amanthul,768,rogue,assassination,18,8,10
23858,Núm,tichondrius,768,rogue,assassination,18,8,10
23859,Ånko,tichondrius,768,rogue,assassination,18,8,10
23860,Nhic,tichondrius,768,rogue,assassination,18,8,10
23861,Clairered,tichondrius,768,rogue,assassination,18,8,10
23862,Snakegødx,sargeras,768,rogue,assassination,21,9,12
23863,Lyliym,frostmourne,767,rogue,assassination,12,8,4
23864,Dockside,stormrage,767,rogue,assassination,12,8,4
23865,Gøblìn,stormrage,767,rogue,assassination,15,9,6
23866,Dianiss,ragnaros,767,rogue,assassination,18,8,10
23867,Shiddlesz,area-52,767,rogue,assassination,18,8,10
23868,Zetéra,ragnaros,767,rogue,assassination,18,8,10
23869,Xshadowt,ragnaros,767,rogue,assassination,24,8,16
23870,Sindor,azralon,767,rogue,assassination,30,8,22
23871,Mylovejunex,tichondrius,766,rogue,assassination,12,8,4
23872,ßackshots,kelthuzad,766,rogue,assassination,18,8,10
23873,Hattrìck,area-52,763,rogue,assassination,24,8,16
23874,Picaroxp,drakkari,762,rogue,assassination,12,8,4
23875,Zropi,quelthalas,762,rogue,assassination,24,8,16
23876,Pikacuulo,ragnaros,760,rogue,assassination,31,9,22
23877,Snoor,nemesis,753,rogue,assassination,21,9,12
23878,Killua,dalaran,752,rogue,assassination,18,8,10
23879,Ñovä,tichondrius,750,rogue,assassination,18,8,10
23880,Endlesswaltz,zuljin,720,rogue,assassination,21,8,13
23881,Snub,aerie-peak,713,rogue,assassination,28,8,20
23882,Ghoulzer,tichondrius,704,rogue,assassination,10,8,2
23883,Superharry,tichondrius,702,rogue,assassination,22,8,14
23884,Jaganz,stormrage,672,rogue,assassination,12,7,5
23885,Sotypical,area-52,672,rogue,assassination,12,7,5
23886,Skitsöu,tichondrius,672,rogue,assassination,12,7,5
23887,Cerut,illidan,672,rogue,assassination,12,7,5
23888,Mydearest,tichondrius,672,rogue,assassination,18,7,11
23889,Nogodplsno,stormrage,672,rogue,assassination,18,7,11
23890,Lakeshark,stormrage,672,rogue,assassination,24,7,17
23891,Ambushr,tichondrius,671,rogue,assassination,12,7,5
23892,Torshe,sargeras,671,rogue,assassination,12,7,5
23893,Sangreale,nemesis,671,rogue,assassination,12,7,5
23894,Deepman,gorefiend,671,rogue,assassination,12,7,5
23895,Alizashea,stormrage,671,rogue,assassination,12,7,5
23896,Ezzdeath,tichondrius,671,rogue,assassination,18,7,11
23897,Showclass,stormrage,671,rogue,assassination,18,7,11
23898,Johnthefum,malganis,671,rogue,assassination,18,7,11
23899,Tìnkerton,wyrmrest-accord,671,rogue,assassination,24,7,17
23900,Jagó,malganis,669,rogue,assassination,18,7,11
23901,Sinistro,bleeding-hollow,667,rogue,assassination,12,7,5
23902,Skoorbals,tichondrius,667,rogue,assassination,16,8,8
23903,Rodanheim,burning-blade,667,rogue,assassination,18,7,11
23904,Jakkov,blackrock,666,rogue,assassination,18,7,11
23905,Kiorz,tichondrius,665,rogue,assassination,12,7,5
23906,Slootslayer,azshara,662,rogue,assassination,18,7,11
23907,Runakó,kelthuzad,623,rogue,assassination,11,7,4
23908,Pochomän,ragnaros,618,rogue,assassination,16,9,7
23909,Turec,illidan,576,rogue,assassination,12,6,6
23910,Twoheaded,frostmourne,576,rogue,assassination,12,6,6
23911,Luriél,stormrage,576,rogue,assassination,12,6,6
23912,Stabasaurus,blood-furnace,576,rogue,assassination,12,6,6
23913,Viicky,ghostlands,576,rogue,assassination,12,6,6
23914,Olé,azralon,576,rogue,assassination,12,6,6
23915,Mosedz,tichondrius,576,rogue,assassination,12,6,6
23916,Bloodygoat,area-52,576,rogue,assassination,12,6,6
23917,Ahjii,malganis,576,rogue,assassination,18,6,12
23918,Wansuiye,tichondrius,576,rogue,assassination,18,6,12
23919,Øsi,icecrown,576,rogue,assassination,18,6,12
23920,Leônhart,thrall,576,rogue,assassination,18,6,12
23921,Kenyel,frostmourne,576,rogue,assassination,18,6,12
23922,Ixìa,vashj,576,rogue,assassination,18,6,12
23923,Cox,bleeding-hollow,575,rogue,assassination,6,6,0
23924,Robinsony,tichondrius,575,rogue,assassination,12,6,6
23925,Theblindsap,dalaran,575,rogue,assassination,12,6,6
23926,Blaçkout,thrall,575,rogue,assassination,12,6,6
23927,Sgnome,quelthalas,575,rogue,assassination,18,6,12
23928,Papadopolous,zuluhed,575,rogue,assassination,18,6,12
23929,Aurrora,kiljaeden,574,rogue,assassination,17,6,11
23930,Mcvillain,kelthuzad,573,rogue,assassination,12,6,6
23931,Daggerback,bleeding-hollow,571,rogue,assassination,9,7,2
23932,Escape,elune,571,rogue,assassination,12,6,6
23933,Addvilpm,wyrmrest-accord,570,rogue,assassination,12,6,6
23934,Vitalz,bloodscalp,568,rogue,assassination,18,6,12
23935,Euweu,azralon,567,rogue,assassination,18,6,12
23936,Drpepzi,tichondrius,565,rogue,assassination,24,6,18
23937,Wreatus,moon-guard,564,rogue,assassination,24,6,18
23938,Genève,dreadmaul,526,rogue,assassination,11,6,5
23939,Karing,onyxia,511,rogue,assassination,10,6,4
23940,Kzx,illidan,480,rogue,assassination,6,5,1
23941,Lvx,frostmourne,480,rogue,assassination,6,5,1
23942,Bukaboo,tichondrius,480,rogue,assassination,6,5,1
23943,Pwnsauce,frostmourne,480,rogue,assassination,7,5,2
23944,Tberg,emerald-dream,480,rogue,assassination,12,5,7
23945,Bloore,fizzcrank,480,rogue,assassination,12,5,7
23946,Enyr,frostmourne,480,rogue,assassination,12,5,7
23947,Breakxcvii,bleeding-hollow,480,rogue,assassination,12,5,7
23948,Spikiera,silvermoon,480,rogue,assassination,12,5,7
23949,Lakeshark,tichondrius,480,rogue,assassination,12,5,7
23950,Fuzzyslow,stormrage,480,rogue,assassination,12,5,7
23951,Xm,sargeras,480,rogue,assassination,18,5,13
23952,Stepper,aegwynn,479,rogue,assassination,12,5,7
23953,Mashad,moon-guard,479,rogue,assassination,12,5,7
23954,Senpaifuta,proudmoore,479,rogue,assassination,12,5,7
23955,Eliasael,moon-guard,479,rogue,assassination,15,6,9
23956,Rinestiria,arthas,479,rogue,assassination,18,5,13
23957,Maison,ragnaros,478,rogue,assassination,12,5,7
23958,Bonizzi,stormrage,478,rogue,assassination,12,5,7
23959,Lethalist,whisperwind,476,rogue,assassination,12,5,7
23960,Killdead,warsong,473,rogue,assassination,12,5,7
23961,Savagedeeps,stormreaver,472,rogue,assassination,12,5,7
23962,Julius,malganis,447,rogue,assassination,8,6,2
23963,Shizz,tichondrius,447,rogue,assassination,14,6,8
23964,Zxytox,hyjal,431,rogue,assassination,9,6,3
23965,Vastørogue,azralon,426,rogue,assassination,13,6,7
23966,Taessin,kelthuzad,384,rogue,assassination,6,4,2
23967,Yurkarogue,tichondrius,384,rogue,assassination,6,4,2
23968,Vendëttä,quelthalas,384,rogue,assassination,6,4,2
23969,Hollowtipzz,tichondrius,384,rogue,assassination,6,4,2
23970,Schleazy,emerald-dream,384,rogue,assassination,6,4,2
23971,Colom,moon-guard,384,rogue,assassination,6,4,2
23972,Slizard,boulderfist,384,rogue,assassination,6,4,2
23973,Kayriss,antonidas,384,rogue,assassination,6,4,2
23974,Arlom,daggerspine,384,rogue,assassination,6,4,2
23975,Kágé,ragnaros,384,rogue,assassination,6,4,2
23976,Buckbreaker,stormrage,384,rogue,assassination,6,4,2
23977,Chokonet,gurubashi,384,rogue,assassination,6,4,2
23978,Sagatha,bleeding-hollow,384,rogue,assassination,6,4,2
23979,Betakong,quelthalas,384,rogue,assassination,6,4,2
23980,Fofree,hyjal,384,rogue,assassination,6,4,2
23981,Tmpikaboo,tichondrius,384,rogue,assassination,6,4,2
23982,Gridisx,wyrmrest-accord,384,rogue,assassination,12,4,8
23983,Cv,proudmoore,384,rogue,assassination,12,4,8
23984,Girio,thrall,384,rogue,assassination,12,4,8
23985,Hirian,misha,384,rogue,assassination,12,4,8
23986,Manersi,akama,384,rogue,assassination,12,4,8
23987,Sillikitti,tichondrius,384,rogue,assassination,12,4,8
23988,Kargargar,thrall,384,rogue,assassination,12,4,8
23989,Pãndã,stormrage,384,rogue,assassination,12,4,8
23990,Rîa,area-52,384,rogue,assassination,12,4,8
23991,Mirâge,illidan,384,rogue,assassination,12,4,8
23992,Saiine,drenden,384,rogue,assassination,12,4,8
23993,Velsad,sargeras,384,rogue,assassination,12,4,8
23994,Cryoph,illidan,384,rogue,assassination,12,4,8
23995,Azrek,sargeras,384,rogue,assassination,18,4,14
23996,Alterfate,wyrmrest-accord,384,rogue,assassination,18,4,14
23997,Gladlol,stormrage,384,rogue,assassination,18,4,14
23998,Corteleve,nemesis,383,rogue,assassination,12,4,8
23999,Akalio,laughing-skull,383,rogue,assassination,12,4,8
24000,Steeldiesel,sargeras,383,rogue,assassination,12,4,8
24001,Setsu,sargeras,383,rogue,assassination,13,4,9
24002,Tiptoez,bleeding-hollow,382,rogue,assassination,6,4,2
24003,Kalandar,moon-guard,382,rogue,assassination,12,4,8
24004,Hésta,moon-guard,382,rogue,assassination,12,4,8
24005,Tralisong,azshara,382,rogue,assassination,12,4,8
24006,Wrinklevoss,proudmoore,382,rogue,assassination,12,4,8
24007,Slobernocker,stormrage,381,rogue,assassination,12,4,8
24008,Tolthe,hyjal,351,rogue,assassination,11,4,7
24009,Siniel,scarlet-crusade,336,rogue,assassination,9,4,5
24010,Coopi,tichondrius,320,rogue,assassination,10,4,6
24011,Pícáróóná,ragnaros,320,rogue,assassination,16,4,12
24012,Xvds,tichondrius,319,rogue,assassination,14,4,10
24013,Ziedrich,frostmourne,318,rogue,assassination,10,4,6
24014,Ezmate,frostmourne,304,rogue,assassination,13,4,9
24015,Saltypwncake,illidan,288,rogue,assassination,6,3,3
24016,Deeshdosh,illidan,288,rogue,assassination,6,3,3
24017,Calebrogue,illidan,288,rogue,assassination,6,3,3
24018,Prodixybn,illidan,288,rogue,assassination,6,3,3
24019,Toxicplyer,malganis,288,rogue,assassination,6,3,3
24020,Twinkasz,nemesis,288,rogue,assassination,6,3,3
24021,Maciota,area-52,288,rogue,assassination,6,3,3
24022,Løgîc,tichondrius,288,rogue,assassination,6,3,3
24023,Mügi,ragnaros,288,rogue,assassination,6,3,3
24024,Rýuu,bleeding-hollow,288,rogue,assassination,6,3,3
24025,Steffmaister,tichondrius,288,rogue,assassination,6,3,3
24026,Wowamaze,aegwynn,288,rogue,assassination,6,3,3
24027,Bigtengu,tichondrius,288,rogue,assassination,6,3,3
24028,Corrier,tichondrius,288,rogue,assassination,6,3,3
24029,Cjayy,bleeding-hollow,288,rogue,assassination,6,3,3
24030,Blindfun,emerald-dream,288,rogue,assassination,6,3,3
24031,Lakki,chromaggus,288,rogue,assassination,6,3,3
24032,Punkyass,azralon,288,rogue,assassination,6,3,3
24033,Alithileria,moon-guard,288,rogue,assassination,6,3,3
24034,Brlsels,azralon,288,rogue,assassination,6,3,3
24035,Cron,arygos,288,rogue,assassination,6,3,3
24036,Esraxo,frostmourne,288,rogue,assassination,6,3,3
24037,Åmg,tichondrius,288,rogue,assassination,6,3,3
24038,Gulvzer,tichondrius,288,rogue,assassination,6,3,3
24039,Lyapunov,tichondrius,288,rogue,assassination,6,3,3
24040,Sonymf,frostmourne,288,rogue,assassination,6,3,3
24041,Chipetan,hyjal,288,rogue,assassination,6,3,3
24042,Jannie,rexxar,288,rogue,assassination,6,3,3
24043,Dïeb,zuljin,288,rogue,assassination,6,3,3
24044,Thâïßòÿgøóñ,jubeithos,288,rogue,assassination,6,3,3
24045,Skinnymayne,laughing-skull,288,rogue,assassination,12,3,9
24046,Sanozü,azralon,288,rogue,assassination,12,3,9
24047,Aevaela,duskwood,288,rogue,assassination,12,3,9
24048,Pintofwoc,area-52,288,rogue,assassination,12,3,9
24049,Sunshinezx,frostmourne,288,rogue,assassination,12,3,9
24050,Helecho,tichondrius,288,rogue,assassination,12,3,9
24051,Shortcut,khadgar,288,rogue,assassination,12,3,9
24052,Atulano,wyrmrest-accord,288,rogue,assassination,12,3,9
24053,Trinktick,doomhammer,288,rogue,assassination,12,3,9
24054,Alttee,proudmoore,288,rogue,assassination,12,3,9
24055,Elevorra,frostmourne,288,rogue,assassination,12,3,9
24056,Cydonian,ragnaros,288,rogue,assassination,12,3,9
24057,Karmagoodttv,stormrage,288,rogue,assassination,12,3,9
24058,Evilsanta,sargeras,288,rogue,assassination,13,3,10
24059,Loligotyou,stormrage,288,rogue,assassination,18,3,15
24060,Skeezy,vashj,288,rogue,assassination,18,3,15
24061,Gilhela,bloodhoof,287,rogue,assassination,6,3,3
24062,Revozy,azralon,287,rogue,assassination,6,3,3
24063,Moridra,demon-soul,287,rogue,assassination,6,3,3
24064,Criptoniø,azralon,287,rogue,assassination,6,3,3
24065,Fllokii,arygos,287,rogue,assassination,6,3,3
24066,Olg,arathor,287,rogue,assassination,12,3,9
24067,Anarusekkusu,wyrmrest-accord,287,rogue,assassination,12,3,9
24068,Peeryl,daggerspine,286,rogue,assassination,6,3,3
24069,Sanguinnar,nemesis,285,rogue,assassination,12,3,9
24070,Clothies,zuljin,285,rogue,assassination,12,3,9
24071,Synesh,moon-guard,255,rogue,assassination,11,3,8
24072,Tamsy,the-forgotten-coast,239,rogue,assassination,5,3,2
24073,Thoxic,barthilas,239,rogue,assassination,5,3,2
24074,Riggie,turalyon,239,rogue,assassination,5,3,2
24075,Walnutrog,area-52,234,rogue,assassination,11,5,6
24076,Skairipa,agamaggan,232,rogue,assassination,7,4,3
24077,Jaanmonty,frostmourne,192,rogue,assassination,6,2,4
24078,Støné,azjolnerub,192,rogue,assassination,6,2,4
24079,Pkkrevolt,archimonde,192,rogue,assassination,6,2,4
24080,Yoodoo,nemesis,192,rogue,assassination,6,2,4
24081,Zogbu,stormrage,192,rogue,assassination,6,2,4
24082,Alts,tichondrius,192,rogue,assassination,6,2,4
24083,Quickflash,bloodhoof,192,rogue,assassination,6,2,4
24084,Joeyzord,stormrage,192,rogue,assassination,6,2,4
24085,Slashinsteev,dalaran,192,rogue,assassination,6,2,4
24086,Combo,norgannon,192,rogue,assassination,6,2,4
24087,Gilbertgr,boulderfist,192,rogue,assassination,6,2,4
24088,Thepitt,stormrage,192,rogue,assassination,6,2,4
24089,Gentlesaop,blackrock,192,rogue,assassination,6,2,4
24090,Historymaker,tichondrius,192,rogue,assassination,6,2,4
24091,Nicknasty,kelthuzad,192,rogue,assassination,6,2,4
24092,Apssal,tichondrius,192,rogue,assassination,6,2,4
24093,Ssjseem,sargeras,192,rogue,assassination,6,2,4
24094,Psilocin,sargeras,192,rogue,assassination,6,2,4
24095,Swickwockdus,azralon,192,rogue,assassination,6,2,4
24096,Karlemagne,blackrock,192,rogue,assassination,6,2,4
24097,Mermm,burning-blade,192,rogue,assassination,6,2,4
24098,Miloandotis,malganis,192,rogue,assassination,6,2,4
24099,Zaozaa,frostmourne,192,rogue,assassination,6,2,4
24100,Salätzar,quelthalas,192,rogue,assassination,6,2,4
24101,Bladä,area-52,192,rogue,assassination,6,2,4
24102,Sellers,tichondrius,192,rogue,assassination,6,2,4
24103,Ganksterqt,dentarg,192,rogue,assassination,6,2,4
24104,Vindzl,azralon,192,rogue,assassination,6,2,4
24105,Ninjamf,bleeding-hollow,192,rogue,assassination,6,2,4
24106,Cktko,stormrage,192,rogue,assassination,6,2,4
24107,Escurecer,azralon,192,rogue,assassination,6,2,4
24108,Vimit,tichondrius,192,rogue,assassination,6,2,4
24109,Frostheartyy,azralon,192,rogue,assassination,6,2,4
24110,Haeqn,nemesis,192,rogue,assassination,6,2,4
24111,Ennmaa,azralon,192,rogue,assassination,6,2,4
24112,Oddblade,stormrage,192,rogue,assassination,6,2,4
24113,Lesty,kelthuzad,192,rogue,assassination,6,2,4
24114,Roguegirl,alexstrasza,192,rogue,assassination,6,2,4
24115,Sneakysharky,frostmourne,192,rogue,assassination,6,2,4
24116,Jerzs,tichondrius,192,rogue,assassination,6,2,4
24117,Vanishcdc,area-52,192,rogue,assassination,6,2,4
24118,Karmakula,wildhammer,192,rogue,assassination,6,2,4
24119,Ilesire,frostmourne,192,rogue,assassination,6,2,4
24120,Roguemain,smolderthorn,192,rogue,assassination,6,2,4
24121,Wowslayer,bleeding-hollow,192,rogue,assassination,6,2,4
24122,Darkfalleng,azralon,192,rogue,assassination,6,2,4
24123,Youngtugger,daggerspine,192,rogue,assassination,11,2,9
24124,Liridor,quelthalas,192,rogue,assassination,11,2,9
24125,Geradyn,stormrage,192,rogue,assassination,12,2,10
24126,Seltzie,bleeding-hollow,192,rogue,assassination,12,2,10
24127,Kdrx,thrall,192,rogue,assassination,12,2,10
24128,Bloodwish,tichondrius,192,rogue,assassination,12,2,10
24129,Nines,icecrown,192,rogue,assassination,12,2,10
24130,Slowtime,quelthalas,192,rogue,assassination,12,2,10
24131,Pleodonis,tichondrius,192,rogue,assassination,12,2,10
24132,Swiftbones,burning-blade,191,rogue,assassination,6,2,4
24133,Diatonic,illidan,191,rogue,assassination,6,2,4
24134,Cryptixx,blades-edge,191,rogue,assassination,6,2,4
24135,Dabrat,frostwolf,191,rogue,assassination,12,2,10
24136,Donpablò,area-52,175,rogue,assassination,11,2,9
24137,ßalto,bleeding-hollow,160,rogue,assassination,10,2,8
24138,Stâbitha,bloodscalp,138,rogue,assassination,20,4,16
24139,Lu,lethon,96,rogue,assassination,6,1,5
24140,Urukzog,ragnaros,96,rogue,assassination,6,1,5
24141,Burtonee,aegwynn,96,rogue,assassination,6,1,5
24142,Scylas,stormrage,96,rogue,assassination,6,1,5
24143,Twinkrogue,firetree,96,rogue,assassination,6,1,5
24144,Touchthetip,bleeding-hollow,96,rogue,assassination,6,1,5
24145,Meritra,ragnaros,96,rogue,assassination,6,1,5
24146,Nightmarës,frostmourne,96,rogue,assassination,6,1,5
24147,Rykojin,sargeras,96,rogue,assassination,6,1,5
24148,Greased,arthas,96,rogue,assassination,6,1,5
24149,Bourrasque,frostmourne,96,rogue,assassination,6,1,5
24150,Ràinê,dalaran,96,rogue,assassination,6,1,5
24151,Slycraft,gorgonnash,96,rogue,assassination,6,1,5
24152,Assakiller,azralon,96,rogue,assassination,6,1,5
24153,Kiskapolyus,thrall,96,rogue,assassination,6,1,5
24154,Çõvìd,malganis,96,rogue,assassination,6,1,5
24155,Wuzi,azralon,96,rogue,assassination,6,1,5
24156,Lululee,tichondrius,96,rogue,assassination,6,1,5
24157,Ntshaav,illidan,96,rogue,assassination,6,1,5
24158,Docheatt,dalaran,96,rogue,assassination,6,1,5
24159,Zitihait,amanthul,96,rogue,assassination,6,1,5
24160,Preceptor,azralon,96,rogue,assassination,6,1,5
24161,Sevrow,wyrmrest-accord,96,rogue,assassination,6,1,5
24162,Canesuckr,stormrage,96,rogue,assassination,6,1,5
24163,Nebiroth,illidan,96,rogue,assassination,6,1,5
24164,Clicksbtns,area-52,96,rogue,assassination,6,1,5
24165,Combøz,tichondrius,96,rogue,assassination,6,1,5
24166,Khlapncheeks,emerald-dream,96,rogue,assassination,6,1,5
24167,Nikosneako,tichondrius,96,rogue,assassination,6,1,5
24168,Deathxx,destromath,96,rogue,assassination,6,1,5
24169,Twotimed,magtheridon,96,rogue,assassination,6,1,5
24170,Yohigo,quelthalas,96,rogue,assassination,6,1,5
24171,Nubes,illidan,96,rogue,assassination,6,1,5
24172,Icantsleep,tichondrius,96,rogue,assassination,6,1,5
24173,Darkdessoft,ragnaros,96,rogue,assassination,6,1,5
24174,Bubbski,area-52,96,rogue,assassination,6,1,5
24175,Flinchyy,dalaran,96,rogue,assassination,6,1,5
24176,Brianä,quelthalas,96,rogue,assassination,6,1,5
24177,Sømeøne,malygos,96,rogue,assassination,6,1,5
24178,Rokkhan,blackrock,96,rogue,assassination,6,1,5
24179,Stêf,zuljin,96,rogue,assassination,6,1,5
24180,Vladtsepesh,stormrage,96,rogue,assassination,12,1,11
24181,Kistef,tichondrius,96,rogue,assassination,12,1,11
24182,Véndéttá,area-52,96,rogue,assassination,12,1,11
24183,Xô,lothar,96,rogue,assassination,12,1,11
24184,Voidbrain,area-52,96,rogue,assassination,12,1,11
24185,Karparog,ragnaros,96,rogue,assassination,12,1,11
24186,Sneakyfoot,gorgonnash,95,rogue,assassination,7,1,6
24187,Radiantrogue,nordrassil,79,rogue,assassination,5,1,4
24188,Averagepimpn,tichondrius,79,rogue,assassination,5,1,4
24189,Botches,bonechewer,48,rogue,assassination,3,1,2
24190,Stabbindude,illidan,48,rogue,assassination,3,1,2
24191,Sûshì,tichondrius,48,rogue,assassination,9,1,8
24192,Ajy,tichondrius,31,rogue,assassination,2,1,1
24193,Ascherx,illidan,16,rogue,assassination,1,1,0
24194,Plewt,zuljin,2189,shaman,restoration,94,51,43
24195,Xtremeorc,area-52,2159,shaman,restoration,66,39,27
24196,Zavoky,tichondrius,2138,shaman,restoration,108,63,45
24197,Tréway,area-52,2135,shaman,restoration,66,41,25
24198,Skipperx,thrall,2134,shaman,restoration,72,43,29
24199,Restobyte,moon-guard,2124,shaman,restoration,72,44,28
24200,Aameng,tichondrius,2111,shaman,restoration,90,48,42
24201,Akwesy,stormrage,2108,shaman,restoration,83,47,36
24202,Shamaen,kelthuzad,2107,shaman,restoration,86,51,35
24203,Selketh,area-52,2107,shaman,restoration,79,46,33
24204,Timpossible,tichondrius,2103,shaman,restoration,290,153,137
24205,Spagetje,tichondrius,2089,shaman,restoration,114,61,53
24206,Svanteson,wyrmrest-accord,2045,shaman,restoration,90,46,44
24207,Iissham,darkspear,2038,shaman,restoration,104,53,51
24208,Kantok,quelthalas,2036,shaman,restoration,65,42,23
24209,Itsallgoodx,tichondrius,2008,shaman,restoration,114,55,59
24210,Ilavayoualot,malganis,2006,shaman,restoration,130,62,68
24211,Smlz,garrosh,1998,shaman,restoration,68,38,30
24212,Sizure,frostmourne,1998,shaman,restoration,124,64,60
24213,Abovesky,proudmoore,1979,shaman,restoration,102,50,52
24214,Berquon,tichondrius,1974,shaman,restoration,78,40,38
24215,Lötus,tichondrius,1966,shaman,restoration,92,50,42
24216,Boyfromhell,stormrage,1941,shaman,restoration,97,47,50
24217,Cruv,thrall,1936,shaman,restoration,96,47,49
24218,Slimdavey,tichondrius,1934,shaman,restoration,113,64,49
24219,Jangbi,malganis,1934,shaman,restoration,246,129,117
24220,Menc,frostmourne,1924,shaman,restoration,84,41,43
24221,Gragomga,area-52,1920,shaman,restoration,84,44,40
24222,Kurtcx,tichondrius,1920,shaman,restoration,159,82,77
24223,Kimflo,tichondrius,1912,shaman,restoration,175,89,86
24224,Oryxx,kiljaeden,1912,shaman,restoration,78,36,42
24225,Plorenz,illidan,1905,shaman,restoration,54,34,20
24226,Breuer,tichondrius,1900,shaman,restoration,98,46,52
24227,Corianderism,tichondrius,1894,shaman,restoration,65,33,32
24228,Semtechs,tichondrius,1892,shaman,restoration,154,76,78
24229,Nepos,dragonmaw,1891,shaman,restoration,66,34,32
24230,Däbü,tichondrius,1887,shaman,restoration,84,40,44
24231,Bigbadsac,frostmourne,1884,shaman,restoration,78,38,40
24232,Stormtitan,malganis,1881,shaman,restoration,86,42,44
24233,Terapatrik,area-52,1869,shaman,restoration,126,63,63
24234,Dehsaw,illidan,1867,shaman,restoration,96,50,46
24235,Hulan,tichondrius,1865,shaman,restoration,36,20,16
24236,Ravaburst,sargeras,1865,shaman,restoration,60,29,31
24237,Hódoong,tichondrius,1857,shaman,restoration,46,24,22
24238,Peyn,shadowsong,1856,shaman,restoration,54,31,23
24239,Moistbeans,tichondrius,1854,shaman,restoration,48,26,22
24240,Oridean,area-52,1854,shaman,restoration,42,22,20
24241,Chomang,stormreaver,1851,shaman,restoration,84,42,42
24242,Yungtooth,emerald-dream,1848,shaman,restoration,41,25,16
24243,Laji,cairne,1847,shaman,restoration,66,36,30
24244,Baodan,azshara,1847,shaman,restoration,83,42,41
24245,Oceangrown,emerald-dream,1847,shaman,restoration,45,22,23
24246,Helga,hellscream,1845,shaman,restoration,48,29,19
24247,Nemix,barthilas,1844,shaman,restoration,42,27,15
24248,Shamcena,the-scryers,1842,shaman,restoration,51,28,23
24249,Üchihamadarâ,tichondrius,1841,shaman,restoration,49,30,19
24250,Shamanbini,tichondrius,1839,shaman,restoration,47,26,21
24251,Erwin,bonechewer,1837,shaman,restoration,154,90,64
24252,Crazyshamañ,akama,1837,shaman,restoration,53,27,26
24253,Caibeeshammy,tichondrius,1835,shaman,restoration,162,77,85
24254,Chobawn,tichondrius,1829,shaman,restoration,60,32,28
24255,Bluekid,barthilas,1828,shaman,restoration,54,30,24
24256,Beyoncé,lethon,1826,shaman,restoration,53,30,23
24257,Hathul,bleeding-hollow,1826,shaman,restoration,60,33,27
24258,Tuskcrusher,dalaran,1825,shaman,restoration,72,30,42
24259,Ogctkoy,illidan,1824,shaman,restoration,102,51,51
24260,Gjök,nemesis,1824,shaman,restoration,54,22,32
24261,Cryochemist,tichondrius,1819,shaman,restoration,29,23,6
24262,Bigspaghetti,thrall,1818,shaman,restoration,66,31,35
24263,Totempack,stormrage,1817,shaman,restoration,54,26,28
24264,Eboy,thrall,1816,shaman,restoration,67,33,34
24265,Ogran,stormscale,1815,shaman,restoration,54,25,29
24266,Dantheman,twisting-nether,1810,shaman,restoration,42,23,19
24267,Waterbro,tichondrius,1809,shaman,restoration,101,57,44
24268,Meatballs,kirin-tor,1809,shaman,restoration,62,31,31
24269,Desee,bleeding-hollow,1809,shaman,restoration,48,24,24
24270,Ookmetide,bleeding-hollow,1807,shaman,restoration,52,29,23
24271,Willy,icecrown,1807,shaman,restoration,87,44,43
24272,Nediar,tichondrius,1805,shaman,restoration,30,23,7
24273,Moldymeatbox,emerald-dream,1805,shaman,restoration,84,40,44
24274,Totemgripper,moon-guard,1804,shaman,restoration,65,39,26
24275,Hydrocheck,tichondrius,1804,shaman,restoration,94,54,40
24276,Astrøcyte,tichondrius,1804,shaman,restoration,96,46,50
24277,Nanosec,tichondrius,1803,shaman,restoration,36,23,13
24278,Cmsi,tichondrius,1803,shaman,restoration,42,23,19
24279,Blackpïnk,tichondrius,1803,shaman,restoration,132,70,62
24280,Papatooties,tichondrius,1801,shaman,restoration,160,76,84
24281,Nktx,tichondrius,1800,shaman,restoration,118,66,52
24282,Nayro,bleeding-hollow,1799,shaman,restoration,290,163,127
24283,Shockmematty,tichondrius,1798,shaman,restoration,36,25,11
24284,Shanasty,bleeding-hollow,1797,shaman,restoration,54,29,25
24285,Inmø,ragnaros,1797,shaman,restoration,36,19,17
24286,Hodoongs,tichondrius,1797,shaman,restoration,49,23,26
24287,Cigaretter,tichondrius,1793,shaman,restoration,56,25,31
24288,Mybbro,kiljaeden,1792,shaman,restoration,87,42,45
24289,Kellogsz,malganis,1792,shaman,restoration,84,34,50
24290,Bozzyy,illidan,1784,shaman,restoration,54,31,23
24291,Booramqt,tichondrius,1780,shaman,restoration,47,27,20
24292,Blazingtotem,dunemaul,1775,shaman,restoration,125,64,61
24293,Grymn,sargeras,1774,shaman,restoration,72,34,38
24294,Bogz,korgath,1772,shaman,restoration,89,43,46
24295,Tokuma,illidan,1770,shaman,restoration,46,24,22
24296,Dyllbar,tichondrius,1768,shaman,restoration,50,26,24
24297,Splashz,illidan,1768,shaman,restoration,65,31,34
24298,Magma,spirestone,1764,shaman,restoration,84,55,29
24299,Bômi,tichondrius,1760,shaman,restoration,136,68,68
24300,Huáxià,tichondrius,1758,shaman,restoration,54,29,25
24301,Vlly,tichondrius,1753,shaman,restoration,47,23,24
24302,Bobbybigdam,tichondrius,1752,shaman,restoration,93,50,43
24303,Podcognito,bleeding-hollow,1746,shaman,restoration,89,51,38
24304,Warríed,sargeras,1746,shaman,restoration,59,29,30
24305,Mastashamsta,illidan,1745,shaman,restoration,48,25,23
24306,Blackfancy,thrall,1744,shaman,restoration,56,32,24
24307,Madoka,llane,1742,shaman,restoration,42,25,17
24308,Rantòn,bleeding-hollow,1733,shaman,restoration,59,27,32
24309,Møp,spirestone,1730,shaman,restoration,103,54,49
24310,Vayces,barthilas,1727,shaman,restoration,176,94,82
24311,Haedodae,tichondrius,1727,shaman,restoration,63,25,38
24312,Ozmats,malganis,1726,shaman,restoration,54,26,28
24313,Shacewoman,altar-of-storms,1724,shaman,restoration,139,63,76
24314,Suzhixie,akama,1724,shaman,restoration,102,41,61
24315,Samyeh,tichondrius,1721,shaman,restoration,36,24,12
24316,Toazty,stormscale,1721,shaman,restoration,60,35,25
24317,Vicioushands,illidan,1720,shaman,restoration,30,18,12
24318,Ribbeye,tichondrius,1716,shaman,restoration,107,53,54
24319,Epicthesloth,sargeras,1716,shaman,restoration,47,23,24
24320,Itsyabøiwill,area-52,1712,shaman,restoration,48,30,18
24321,Vrom,whisperwind,1710,shaman,restoration,60,37,23
24322,Inpantsment,barthilas,1710,shaman,restoration,133,69,64
24323,Sìxnìne,tichondrius,1706,shaman,restoration,62,28,34
24324,Hustlenflow,tichondrius,1704,shaman,restoration,54,29,25
24325,Kafkaesk,tichondrius,1704,shaman,restoration,54,21,33
24326,Cpplol,tichondrius,1702,shaman,restoration,41,25,16
24327,Wanghaisham,kelthuzad,1702,shaman,restoration,30,18,12
24328,Lavalavalava,eonar,1699,shaman,restoration,42,18,24
24329,Uncleilli,tichondrius,1699,shaman,restoration,53,20,33
24330,Lingduacn,tichondrius,1698,shaman,restoration,36,18,18
24331,Wraethy,illidan,1695,shaman,restoration,109,60,49
24332,Chessyc,ragnaros,1695,shaman,restoration,42,18,24
24333,Illiteratex,tichondrius,1689,shaman,restoration,32,19,13
24334,Ittøki,tichondrius,1689,shaman,restoration,41,24,17
24335,Texmawave,moon-guard,1688,shaman,restoration,73,47,26
24336,Mandleman,tichondrius,1688,shaman,restoration,92,53,39
24337,Rockzoa,tichondrius,1688,shaman,restoration,60,27,33
24338,Bizzarro,azgalor,1685,shaman,restoration,73,36,37
24339,Solidhomme,tichondrius,1684,shaman,restoration,42,23,19
24340,Záheer,arthas,1683,shaman,restoration,54,29,25
24341,Ibreakanklez,bleeding-hollow,1681,shaman,restoration,42,20,22
24342,Exshocks,tichondrius,1680,shaman,restoration,42,25,17
24343,Krazyc,sargeras,1678,shaman,restoration,78,39,39
24344,Pookiexo,illidan,1677,shaman,restoration,35,22,13
24345,Urga,hyjal,1672,shaman,restoration,36,20,16
24346,Ratedpvp,thrall,1668,shaman,restoration,61,36,25
24347,Raywhiter,tichondrius,1667,shaman,restoration,56,26,30
24348,Reppinsix,sargeras,1662,shaman,restoration,58,24,34
24349,Chazzwozza,area-52,1660,shaman,restoration,41,22,19
24350,Semnicktotem,area-52,1660,shaman,restoration,54,27,27
24351,Bluepigo,tichondrius,1660,shaman,restoration,59,24,35
24352,Lingdusm,tichondrius,1657,shaman,restoration,36,20,16
24353,Jizzlewizwiz,tichondrius,1657,shaman,restoration,78,40,38
24354,Phxhouse,illidan,1655,shaman,restoration,312,150,162
24355,Whameradetu,suramar,1653,shaman,restoration,65,28,37
24356,Peegee,zuluhed,1652,shaman,restoration,54,22,32
24357,Win,blackwing-lair,1651,shaman,restoration,36,21,15
24358,Bolteon,malganis,1648,shaman,restoration,30,21,9
24359,Groundingtot,hydraxis,1648,shaman,restoration,36,22,14
24360,Rollintotems,bleeding-hollow,1648,shaman,restoration,54,23,31
24361,Zeonard,ragnaros,1647,shaman,restoration,46,26,20
24362,Jsell,zuljin,1646,shaman,restoration,56,28,28
24363,Laydboiyo,tichondrius,1646,shaman,restoration,42,21,21
24364,Bigmontana,tichondrius,1644,shaman,restoration,36,21,15
24365,Fujiyama,dark-iron,1642,shaman,restoration,102,58,44
24366,Weoo,doomhammer,1642,shaman,restoration,48,23,25
24367,Thunderspark,tichondrius,1641,shaman,restoration,36,24,12
24368,Cheddaman,kiljaeden,1637,shaman,restoration,48,21,27
24369,Krilick,blackrock,1635,shaman,restoration,104,57,47
24370,Daddybeaarr,thrall,1635,shaman,restoration,55,25,30
24371,Xruok,kelthuzad,1633,shaman,restoration,33,20,13
24372,Quitnectar,aggramar,1633,shaman,restoration,48,24,24
24373,Shawmen,zuljin,1632,shaman,restoration,117,60,57
24374,Shortbusqt,hyjal,1631,shaman,restoration,42,23,19
24375,Wawsham,tichondrius,1631,shaman,restoration,48,19,29
24376,Eatmymeatbal,illidan,1628,shaman,restoration,53,23,30
24377,Lacid,tichondrius,1627,shaman,restoration,62,40,22
24378,Lilgeeh,kelthuzad,1626,shaman,restoration,36,18,18
24379,Grizze,bonechewer,1626,shaman,restoration,90,41,49
24380,Goranzo,emerald-dream,1626,shaman,restoration,54,24,30
24381,Sin,bleeding-hollow,1625,shaman,restoration,30,17,13
24382,Elementz,tichondrius,1624,shaman,restoration,162,83,79
24383,Zaapi,dalaran,1622,shaman,restoration,72,34,38
24384,Horizonsham,stormrage,1621,shaman,restoration,30,18,12
24385,Thuntard,bleeding-hollow,1621,shaman,restoration,48,23,25
24386,Singleorigin,tichondrius,1619,shaman,restoration,59,21,38
24387,Stylesp,tichondrius,1615,shaman,restoration,36,20,16
24388,Skoobasteeve,sargeras,1614,shaman,restoration,69,39,30
24389,World,frostmourne,1614,shaman,restoration,47,25,22
24390,Quendella,aggramar,1613,shaman,restoration,42,25,17
24391,Bigdictuna,sargeras,1612,shaman,restoration,97,57,40
24392,Drammah,malganis,1610,shaman,restoration,48,19,29
24393,Xzxz,sargeras,1609,shaman,restoration,69,41,28
24394,Diulama,tichondrius,1608,shaman,restoration,33,23,10
24395,Ðoomed,kiljaeden,1608,shaman,restoration,30,19,11
24396,Erbicklet,ragnaros,1608,shaman,restoration,81,40,41
24397,Plzdontlos,illidan,1607,shaman,restoration,113,69,44
24398,Randomshammy,area-52,1606,shaman,restoration,30,17,13
24399,Astrauk,nemesis,1606,shaman,restoration,76,43,33
24400,Tobírama,bleeding-hollow,1606,shaman,restoration,42,17,25
24401,Ericzlassoz,tichondrius,1605,shaman,restoration,36,22,14
24402,Hexrz,area-52,1605,shaman,restoration,42,21,21
24403,Oninobu,sargeras,1604,shaman,restoration,28,18,10
24404,Hurú,azralon,1604,shaman,restoration,36,21,15
24405,Kratór,kelthuzad,1603,shaman,restoration,47,31,16
24406,Fernetbrança,ragnaros,1603,shaman,restoration,48,26,22
24407,Oldguy,ragnaros,1603,shaman,restoration,53,26,27
24408,Milkkshake,illidan,1603,shaman,restoration,124,59,65
24409,Gjok,nemesis,1603,shaman,restoration,53,18,35
24410,Telchar,quelthalas,1602,shaman,restoration,102,62,40
24411,Gyrogg,scilla,1601,shaman,restoration,339,174,165
24412,Foilcap,bonechewer,1600,shaman,restoration,296,144,152
24413,Gulmuwu,zuljin,1599,shaman,restoration,38,22,16
24414,Mastlau,tichondrius,1599,shaman,restoration,30,17,13
24415,Hwyl,frostmourne,1594,shaman,restoration,48,23,25
24416,Tzyorz,illidan,1586,shaman,restoration,42,25,17
24417,Shamsom,tichondrius,1586,shaman,restoration,104,49,55
24418,Intruzionall,barthilas,1585,shaman,restoration,130,70,60
24419,Kolanji,akama,1585,shaman,restoration,41,22,19
24420,Tevya,dalvengyr,1582,shaman,restoration,66,37,29
24421,Turborundat,area-52,1579,shaman,restoration,201,115,86
24422,Sewerperson,zuljin,1578,shaman,restoration,36,18,18
24423,Bearmanshrek,tichondrius,1577,shaman,restoration,48,20,28
24424,Strives,icecrown,1573,shaman,restoration,48,21,27
24425,Amdshaman,thrall,1570,shaman,restoration,51,26,25
24426,Sikotics,area-52,1568,shaman,restoration,111,58,53
24427,Moosk,zuluhed,1567,shaman,restoration,51,27,24
24428,Zoeyzour,illidan,1566,shaman,restoration,114,61,53
24429,Waater,lightbringer,1562,shaman,restoration,86,49,37
24430,Bwinthewomb,stormrage,1561,shaman,restoration,136,74,62
24431,Wilmar,ragnaros,1560,shaman,restoration,66,33,33
24432,Polared,hyjal,1560,shaman,restoration,46,21,25
24433,Héadshot,bleeding-hollow,1559,shaman,restoration,41,17,24
24434,Rainz,aggramar,1557,shaman,restoration,36,19,17
24435,Hehew,kelthuzad,1555,shaman,restoration,110,57,53
24436,Goatedsham,dalaran,1553,shaman,restoration,59,33,26
24437,Bigamez,azuremyst,1551,shaman,restoration,98,55,43
24438,Akubai,kelthuzad,1550,shaman,restoration,42,22,20
24439,Sasgöb,illidan,1550,shaman,restoration,41,17,24
24440,Lustlolol,korgath,1549,shaman,restoration,39,20,19
24441,Randomshammy,stormrage,1548,shaman,restoration,30,18,12
24442,Lanzero,chogall,1547,shaman,restoration,42,30,12
24443,Steveyy,frostmourne,1544,shaman,restoration,27,17,10
24444,Tyar,area-52,1543,shaman,restoration,137,64,73
24445,Charlesby,tichondrius,1542,shaman,restoration,120,68,52
24446,Besylate,illidan,1542,shaman,restoration,74,34,40
24447,Chainstuff,area-52,1541,shaman,restoration,29,17,12
24448,Bigdampurge,illidan,1537,shaman,restoration,72,37,35
24449,Riptideafk,sargeras,1536,shaman,restoration,48,25,23
24450,Namso,tichondrius,1534,shaman,restoration,30,16,14
24451,Succmytotems,tichondrius,1533,shaman,restoration,69,33,36
24452,Tides,skullcrusher,1533,shaman,restoration,42,18,24
24453,Draidosh,area-52,1532,shaman,restoration,36,23,13
24454,Shamxrob,sargeras,1530,shaman,restoration,60,37,23
24455,Benta,zuljin,1530,shaman,restoration,64,35,29
24456,Defac,proudmoore,1526,shaman,restoration,48,31,17
24457,Rinnan,malganis,1524,shaman,restoration,97,48,49
24458,Beastofmagic,illidan,1524,shaman,restoration,41,20,21
24459,Muggz,sargeras,1524,shaman,restoration,36,16,20
24460,Platewalrus,illidan,1523,shaman,restoration,30,16,14
24461,Furrytotems,darkspear,1523,shaman,restoration,114,53,61
24462,Bighaircut,darkspear,1521,shaman,restoration,38,17,21
24463,Rocyt,sargeras,1520,shaman,restoration,66,35,31
24464,Prowdt,azralon,1520,shaman,restoration,149,78,71
24465,Kromgul,malfurion,1520,shaman,restoration,36,16,20
24466,Worldx,barthilas,1519,shaman,restoration,60,28,32
24467,Zuralah,nemesis,1515,shaman,restoration,46,25,21
24468,Heniu,tichondrius,1511,shaman,restoration,36,16,20
24469,Shamansrock,tichondrius,1509,shaman,restoration,36,16,20
24470,Gemoz,tichondrius,1508,shaman,restoration,24,16,8
24471,Agharn,moon-guard,1508,shaman,restoration,39,20,19
24472,Bubbacheeks,area-52,1506,shaman,restoration,30,16,14
24473,Trapghost,cenarius,1506,shaman,restoration,87,41,46
24474,Arkerus,emerald-dream,1505,shaman,restoration,30,17,13
24475,Packspiritqt,tichondrius,1505,shaman,restoration,42,21,21
24476,Gki,tichondrius,1504,shaman,restoration,25,19,6
24477,Shadowz,alexstrasza,1502,shaman,restoration,30,18,12
24478,Kaytahn,proudmoore,1501,shaman,restoration,36,20,16
24479,Foragorn,stormrage,1499,shaman,restoration,97,44,53
24480,Ban,blackrock,1498,shaman,restoration,39,21,18
24481,Hachikø,frostmourne,1498,shaman,restoration,54,25,29
24482,Killercam,maiev,1497,shaman,restoration,172,83,89
24483,Elementàlius,quelthalas,1497,shaman,restoration,71,32,39
24484,Ärtful,illidan,1492,shaman,restoration,24,18,6
24485,Gattious,illidan,1491,shaman,restoration,42,21,21
24486,Mentyb,emerald-dream,1491,shaman,restoration,42,16,26
24487,Belshiro,sargeras,1489,shaman,restoration,42,16,26
24488,Hyonkh,tichondrius,1487,shaman,restoration,77,45,32
24489,Cultsulyvahn,tichondrius,1487,shaman,restoration,43,21,22
24490,Dingfu,sargeras,1486,shaman,restoration,61,38,23
24491,Ironcrag,moon-guard,1486,shaman,restoration,128,70,58
24492,Pawbed,aegwynn,1484,shaman,restoration,52,31,21
24493,Thegil,tichondrius,1484,shaman,restoration,72,32,40
24494,Trenhance,stormrage,1481,shaman,restoration,30,23,7
24495,Krewesham,uldaman,1481,shaman,restoration,28,17,11
24496,Dogecoincäsh,sargeras,1481,shaman,restoration,37,21,16
24497,Chitoss,gorgonnash,1481,shaman,restoration,35,18,17
24498,Wuruizec,illidan,1481,shaman,restoration,41,20,21
24499,Akheeta,tichondrius,1477,shaman,restoration,21,17,4
24500,Ryukims,tichondrius,1477,shaman,restoration,35,17,18
24501,Draüguss,azralon,1477,shaman,restoration,48,22,26
24502,Mudlùst,moon-guard,1476,shaman,restoration,38,20,18
24503,Maxchungie,azshara,1475,shaman,restoration,30,16,14
24504,Angelabaaby,proudmoore,1475,shaman,restoration,60,28,32
24505,Yossarabi,bleeding-hollow,1475,shaman,restoration,54,23,31
24506,Brainal,sargeras,1472,shaman,restoration,60,25,35
24507,Hairyrichard,zuljin,1471,shaman,restoration,478,247,231
24508,Neosham,frostwolf,1470,shaman,restoration,42,16,26
24509,Philbert,boulderfist,1466,shaman,restoration,42,25,17
24510,Ãrthor,stormrage,1463,shaman,restoration,48,28,20
24511,Hirah,frostmourne,1460,shaman,restoration,23,16,7
24512,Ballistíc,boulderfist,1458,shaman,restoration,48,28,20
24513,Nilstorm,quelthalas,1458,shaman,restoration,72,38,34
24514,Kwzy,stormrage,1457,shaman,restoration,51,26,25
24515,Goatpornbad,sargeras,1457,shaman,restoration,96,44,52
24516,Siyusm,illidan,1457,shaman,restoration,54,19,35
24517,Whoshealing,lightninghoof,1455,shaman,restoration,66,35,31
24518,Ssaotizi,tichondrius,1454,shaman,restoration,196,91,105
24519,Buffdestru,azralon,1452,shaman,restoration,77,48,29
24520,Tidalstorm,ragnaros,1450,shaman,restoration,90,52,38
24521,Enalen,argent-dawn,1449,shaman,restoration,57,34,23
24522,Cinematticz,tichondrius,1449,shaman,restoration,71,38,33
24523,Buffduude,shadowsong,1449,shaman,restoration,48,22,26
24524,Bluedynamite,tichondrius,1449,shaman,restoration,42,18,24
24525,Joltik,area-52,1444,shaman,restoration,173,84,89
24526,Harth,zuljin,1443,shaman,restoration,60,34,26
24527,Nezzuk,quelthalas,1439,shaman,restoration,42,22,20
24528,Pherolex,tichondrius,1438,shaman,restoration,30,16,14
24529,Message,agamaggan,1437,shaman,restoration,457,229,228
24530,Woodrose,frostmourne,1437,shaman,restoration,36,18,18
24531,Shockszz,onyxia,1437,shaman,restoration,102,46,56
24532,Creatine,area-52,1436,shaman,restoration,71,37,34
24533,Tenyks,tichondrius,1436,shaman,restoration,51,26,25
24534,Prøduce,tichondrius,1435,shaman,restoration,39,26,13
24535,Wardruna,andorhal,1434,shaman,restoration,24,15,9
24536,Geser,silvermoon,1432,shaman,restoration,44,26,18
24537,Gordonramsai,sargeras,1432,shaman,restoration,162,85,77
24538,Kabasan,illidan,1431,shaman,restoration,60,27,33
24539,Totem,burning-legion,1431,shaman,restoration,36,16,20
24540,Fatherrtime,illidan,1430,shaman,restoration,48,26,22
24541,Shazik,spirestone,1430,shaman,restoration,48,20,28
24542,Rumkin,malganis,1429,shaman,restoration,60,34,26
24543,Erthshawk,wildhammer,1429,shaman,restoration,60,30,30
24544,Fierymoo,frostmourne,1429,shaman,restoration,36,15,21
24545,Subnôize,bleeding-hollow,1428,shaman,restoration,32,23,9
24546,Halfinha,nemesis,1427,shaman,restoration,81,38,43
24547,Kelta,kelthuzad,1423,shaman,restoration,30,15,15
24548,Vzla,ragnaros,1422,shaman,restoration,54,28,26
24549,Pýe,bleeding-hollow,1420,shaman,restoration,42,21,21
24550,Smartakkar,emerald-dream,1419,shaman,restoration,45,28,17
24551,Praxis,tichondrius,1417,shaman,restoration,119,60,59
24552,Freesolo,barthilas,1416,shaman,restoration,128,60,68
24553,Djshammy,barthilas,1414,shaman,restoration,80,42,38
24554,Bitxxnumber,tichondrius,1411,shaman,restoration,163,88,75
24555,Orkwa,bleeding-hollow,1410,shaman,restoration,68,32,36
24556,Catchclause,eonar,1409,shaman,restoration,30,15,15
24557,ßøvîn,thrall,1407,shaman,restoration,54,28,26
24558,Fishman,exodar,1405,shaman,restoration,72,31,41
24559,Zizö,barthilas,1404,shaman,restoration,42,19,23
24560,Wuargh,area-52,1403,shaman,restoration,101,56,45
24561,Badião,azralon,1403,shaman,restoration,123,56,67
24562,Trúnks,magtheridon,1402,shaman,restoration,48,27,21
24563,Supdaug,vashj,1402,shaman,restoration,66,32,34
24564,Pissticles,bleeding-hollow,1400,shaman,restoration,72,32,40
24565,Stylesp,area-52,1396,shaman,restoration,125,58,67
24566,Drinkharder,stormrage,1395,shaman,restoration,34,16,18
24567,Kakiscala,proudmoore,1393,shaman,restoration,30,16,14
24568,Springtide,thrall,1392,shaman,restoration,41,19,22
24569,Nomediocur,moknathal,1390,shaman,restoration,59,23,36
24570,Rizam,malganis,1389,shaman,restoration,42,33,9
24571,Shaquillius,tichondrius,1389,shaman,restoration,36,17,19
24572,Soowecide,tichondrius,1387,shaman,restoration,60,23,37
24573,Tundertotem,tichondrius,1386,shaman,restoration,51,28,23
24574,ßread,illidan,1386,shaman,restoration,44,19,25
24575,Redek,sargeras,1385,shaman,restoration,89,47,42
24576,Fungus,firetree,1384,shaman,restoration,42,23,19
24577,Tawahka,hyjal,1382,shaman,restoration,137,65,72
24578,Onepunchsham,illidan,1382,shaman,restoration,70,31,39
24579,Çruces,illidan,1381,shaman,restoration,36,17,19
24580,Lanuur,moon-guard,1379,shaman,restoration,54,31,23
24581,Kephax,eonar,1378,shaman,restoration,69,34,35
24582,Tizz,quelthalas,1376,shaman,restoration,70,37,33
24583,Kandin,icecrown,1373,shaman,restoration,71,36,35
24584,Mlpz,black-dragonflight,1373,shaman,restoration,36,18,18
24585,Harigomi,tichondrius,1370,shaman,restoration,64,25,39
24586,Gromgrai,bleeding-hollow,1368,shaman,restoration,53,30,23
24587,Bluetooth,stormrage,1365,shaman,restoration,83,34,49
24588,Ralinta,tichondrius,1364,shaman,restoration,77,27,50
24589,Kaili,illidan,1363,shaman,restoration,23,18,5
24590,Voluptuous,mannoroth,1359,shaman,restoration,271,134,137
24591,Wyått,emerald-dream,1359,shaman,restoration,95,43,52
24592,Fàrrò,thrall,1355,shaman,restoration,30,20,10
24593,Tumble,frostmourne,1352,shaman,restoration,105,51,54
24594,Tedmosbe,tichondrius,1350,shaman,restoration,54,24,30
24595,Køtømine,ragnaros,1349,shaman,restoration,58,36,22
24596,Elemen,quelthalas,1348,shaman,restoration,88,43,45
24597,Chandye,proudmoore,1348,shaman,restoration,72,27,45
24598,Orjamba,barthilas,1347,shaman,restoration,29,17,12
24599,Daddyk,gnomeregan,1347,shaman,restoration,53,30,23
24600,Crittingbull,veknilash,1347,shaman,restoration,88,42,46
24601,Kiojin,ragnaros,1346,shaman,restoration,150,80,70
24602,Breadx,khaz-modan,1344,shaman,restoration,24,14,10
24603,Kultirio,quelthalas,1344,shaman,restoration,61,32,29
24604,Jîneth,tichondrius,1343,shaman,restoration,24,14,10
24605,Squimbert,tichondrius,1343,shaman,restoration,30,14,16
24606,Nyathera,barthilas,1339,shaman,restoration,42,24,18
24607,Kachupinsito,ragnaros,1339,shaman,restoration,62,31,31
24608,Montageb,illidan,1336,shaman,restoration,21,15,6
24609,Durogh,darkspear,1336,shaman,restoration,36,14,22
24610,Shakrakhan,tichondrius,1335,shaman,restoration,30,14,16
24611,Aseew,drakkari,1334,shaman,restoration,66,31,35
24612,Libragirl,tichondrius,1334,shaman,restoration,42,18,24
24613,Azhen,ragnaros,1333,shaman,restoration,102,51,51
24614,Zinns,dalaran,1332,shaman,restoration,30,15,15
24615,Rogrim,malganis,1331,shaman,restoration,24,14,10
24616,Santiagodx,ragnaros,1331,shaman,restoration,24,14,10
24617,Mkyz,tichondrius,1331,shaman,restoration,24,14,10
24618,Jazzlightnin,tichondrius,1331,shaman,restoration,36,14,22
24619,Jbalvi,ragnaros,1329,shaman,restoration,30,15,15
24620,Meatballer,queldorei,1325,shaman,restoration,77,42,35
24621,Afgoox,tichondrius,1324,shaman,restoration,84,47,37
24622,Zuljiba,illidan,1322,shaman,restoration,60,35,25
24623,Restosud,crushridge,1320,shaman,restoration,30,18,12
24624,Ryùko,proudmoore,1320,shaman,restoration,36,14,22
24625,Cleanfossil,stormrage,1319,shaman,restoration,41,24,17
24626,Shimansham,aegwynn,1318,shaman,restoration,78,39,39
24627,Eekumbokum,bleeding-hollow,1317,shaman,restoration,44,26,18
24628,Ithappens,senjin,1310,shaman,restoration,30,16,14
24629,Amperage,spirestone,1310,shaman,restoration,31,15,16
24630,Orlá,moon-guard,1310,shaman,restoration,54,18,36
24631,Absorblife,barthilas,1309,shaman,restoration,69,31,38
24632,Feldstar,stormrage,1306,shaman,restoration,95,43,52
24633,Greenpiece,azshara,1305,shaman,restoration,82,42,40
24634,Youneverknow,frostmourne,1305,shaman,restoration,90,46,44
24635,Genjuu,proudmoore,1304,shaman,restoration,42,20,22
24636,Wunderwaffe,the-underbog,1303,shaman,restoration,46,22,24
24637,Hüsky,dalaran,1303,shaman,restoration,42,14,28
24638,Samanl,tichondrius,1302,shaman,restoration,23,15,8
24639,Tumble,barthilas,1302,shaman,restoration,52,26,26
24640,Badgeshock,area-52,1301,shaman,restoration,108,48,60
24641,Kirawindu,zuljin,1300,shaman,restoration,30,17,13
24642,Bearlysober,draka,1297,shaman,restoration,30,16,14
24643,Luto,tichondrius,1296,shaman,restoration,124,70,54
24644,Bigtoy,frostmane,1296,shaman,restoration,36,14,22
24645,Charmize,azralon,1295,shaman,restoration,48,23,25
24646,Slaggdaddy,durotan,1292,shaman,restoration,30,14,16
24647,Thunderborn,laughing-skull,1292,shaman,restoration,30,14,16
24648,Graveman,illidan,1289,shaman,restoration,75,37,38
24649,Aviator,muradin,1288,shaman,restoration,36,19,17
24650,Belgrom,tichondrius,1287,shaman,restoration,42,23,19
24651,Drazic,area-52,1286,shaman,restoration,49,28,21
24652,Shamorrhoids,frostmourne,1285,shaman,restoration,137,70,67
24653,Ketaminedrip,illidan,1284,shaman,restoration,42,22,20
24654,Beefstocks,area-52,1284,shaman,restoration,54,28,26
24655,Stargun,korgath,1284,shaman,restoration,147,76,71
24656,Alraxion,ragnaros,1281,shaman,restoration,78,38,40
24657,Ulala,azshara,1280,shaman,restoration,72,31,41
24658,Hasselshock,area-52,1280,shaman,restoration,94,40,54
24659,Aemi,tichondrius,1279,shaman,restoration,102,45,57
24660,Slothstorm,barthilas,1274,shaman,restoration,35,17,18
24661,Retgarr,tichondrius,1272,shaman,restoration,30,17,13
24662,Foodlust,sargeras,1272,shaman,restoration,108,57,51
24663,Tákhisis,darkspear,1271,shaman,restoration,72,33,39
24664,Angelicrain,stormrage,1269,shaman,restoration,30,16,14
24665,Thomastides,tichondrius,1268,shaman,restoration,78,36,42
24666,Pushaheal,tichondrius,1267,shaman,restoration,42,23,19
24667,Taò,tichondrius,1266,shaman,restoration,82,38,44
24668,Shiestys,tichondrius,1264,shaman,restoration,33,23,10
24669,Defnotheals,kelthuzad,1261,shaman,restoration,84,38,46
24670,Menah,moon-guard,1260,shaman,restoration,36,20,16
24671,Hauby,zuljin,1259,shaman,restoration,48,15,33
24672,Ragerax,trollbane,1254,shaman,restoration,23,16,7
24673,Brislin,sargeras,1252,shaman,restoration,99,48,51
24674,Blodbar,kiljaeden,1249,shaman,restoration,36,24,12
24675,Shaokhang,emerald-dream,1249,shaman,restoration,46,17,29
24676,Watchmytrem,ragnaros,1249,shaman,restoration,60,20,40
24677,Cæl,azralon,1248,shaman,restoration,29,16,13
24678,Bigwave,zuluhed,1248,shaman,restoration,30,15,15
24679,Prêttylights,bleeding-hollow,1247,shaman,restoration,18,13,5
24680,Tôôz,stormrage,1247,shaman,restoration,18,13,5
24681,Cardïß,tichondrius,1247,shaman,restoration,24,13,11
24682,Wtbtotem,tichondrius,1247,shaman,restoration,24,13,11
24683,Tideoverdose,tichondrius,1247,shaman,restoration,24,13,11
24684,Toteapole,malganis,1247,shaman,restoration,32,17,15
24685,Miketheseal,bleeding-hollow,1247,shaman,restoration,30,13,17
24686,Barbosina,stormrage,1246,shaman,restoration,160,81,79
24687,Tacho,bleeding-hollow,1246,shaman,restoration,34,15,19
24688,Hooldcool,tichondrius,1245,shaman,restoration,77,41,36
24689,Jaandar,saurfang,1245,shaman,restoration,36,18,18
24690,Tayictwo,tichondrius,1244,shaman,restoration,24,13,11
24691,Aelwydx,quelthalas,1243,shaman,restoration,162,82,80
24692,Jsoto,ghostlands,1243,shaman,restoration,30,13,17
24693,Sharmut,bleeding-hollow,1242,shaman,restoration,117,59,58
24694,Raxshock,stormrage,1240,shaman,restoration,24,13,11
24695,Maserati,korialstrasz,1240,shaman,restoration,54,23,31
24696,Nethyxsoy,frostmourne,1239,shaman,restoration,18,13,5
24697,Hicys,azralon,1239,shaman,restoration,26,17,9
24698,Lastdwarf,tichondrius,1237,shaman,restoration,18,13,5
24699,Sleepysham,kelthuzad,1237,shaman,restoration,36,13,23
24700,Arginine,tichondrius,1236,shaman,restoration,36,13,23
24701,Bazinguinha,azralon,1235,shaman,restoration,24,13,11
24702,Peppito,illidan,1234,shaman,restoration,39,23,16
24703,Chingobling,illidan,1234,shaman,restoration,24,13,11
24704,Krolii,tichondrius,1234,shaman,restoration,80,33,47
24705,Kimchimi,tichondrius,1232,shaman,restoration,18,13,5
24706,Shamicare,stormrage,1232,shaman,restoration,136,75,61
24707,Kinjin,dragonmaw,1232,shaman,restoration,30,13,17
24708,Quakess,zuljin,1232,shaman,restoration,36,13,23
24709,Xajsham,tichondrius,1231,shaman,restoration,96,51,45
24710,Kikkóman,malganis,1230,shaman,restoration,48,25,23
24711,Edemental,area-52,1229,shaman,restoration,129,61,68
24712,Sindury,tichondrius,1226,shaman,restoration,54,28,26
24713,Terdsammich,malganis,1225,shaman,restoration,24,14,10
24714,Splonkydonky,stonemaul,1225,shaman,restoration,24,13,11
24715,Ozzai,ragnaros,1225,shaman,restoration,42,15,27
24716,Crazytotems,dalaran,1221,shaman,restoration,82,39,43
24717,Hoong,garrosh,1219,shaman,restoration,32,17,15
24718,Lavablurst,stormrage,1218,shaman,restoration,59,23,36
24719,Babytiramisu,stormrage,1217,shaman,restoration,36,16,20
24720,Ekuku,tichondrius,1215,shaman,restoration,40,19,21
24721,Enflexi,lightbringer,1214,shaman,restoration,29,13,16
24722,Killdeaderer,barthilas,1209,shaman,restoration,90,54,36
24723,Certz,dark-iron,1209,shaman,restoration,39,15,24
24724,Patoron,proudmoore,1204,shaman,restoration,34,17,17
24725,Bluffin,stormrage,1200,shaman,restoration,18,14,4
24726,Magnethor,frostmourne,1200,shaman,restoration,42,24,18
24727,Cruelface,sargeras,1196,shaman,restoration,26,14,12
24728,Rsdyxjh,tichondrius,1192,shaman,restoration,33,14,19
24729,Furti,daggerspine,1190,shaman,restoration,34,16,18
24730,Lüca,wyrmrest-accord,1187,shaman,restoration,165,92,73
24731,Mynigabob,zuljin,1186,shaman,restoration,83,47,36
24732,Hammerme,barthilas,1186,shaman,restoration,89,30,59
24733,Getwetand,quelthalas,1182,shaman,restoration,103,51,52
24734,Stabix,tichondrius,1181,shaman,restoration,66,31,35
24735,Rimmington,frostmourne,1179,shaman,restoration,54,24,30
24736,Dcãicer,quelthalas,1178,shaman,restoration,25,15,10
24737,Käck,tichondrius,1178,shaman,restoration,50,24,26
24738,Flametide,proudmoore,1176,shaman,restoration,35,20,15
24739,Hedbang,kiljaeden,1169,shaman,restoration,60,24,36
24740,Restoramen,frostmourne,1166,shaman,restoration,24,13,11
24741,Senzxlolxz,lightbringer,1165,shaman,restoration,45,29,16
24742,Stahlman,blackhand,1160,shaman,restoration,48,17,31
24743,Kaaying,tichondrius,1158,shaman,restoration,37,13,24
24744,Drboidzerg,tichondrius,1154,shaman,restoration,32,20,12
24745,Drfentanylx,emerald-dream,1152,shaman,restoration,18,12,6
24746,Dbmx,tichondrius,1152,shaman,restoration,24,12,12
24747,Rawdòggin,emerald-dream,1152,shaman,restoration,33,13,20
24748,Ruupaul,kiljaeden,1151,shaman,restoration,18,12,6
24749,Sunyang,tichondrius,1151,shaman,restoration,24,12,12
24750,Mandinga,warsong,1151,shaman,restoration,59,26,33
24751,Mitchestic,illidan,1151,shaman,restoration,30,12,18
24752,Dawnyshock,arygos,1151,shaman,restoration,30,12,18
24753,Stórmstruck,area-52,1150,shaman,restoration,18,12,6
24754,Rynoh,dalaran,1149,shaman,restoration,24,12,12
24755,Delayy,destromath,1149,shaman,restoration,53,23,30
24756,Noolube,barthilas,1148,shaman,restoration,24,12,12
24757,Jineluki,emerald-dream,1148,shaman,restoration,53,23,30
24758,Mcwindyfists,zuljin,1148,shaman,restoration,30,12,18
24759,Ricn,tichondrius,1147,shaman,restoration,24,12,12
24760,Xiaoxiboy,tichondrius,1147,shaman,restoration,24,12,12
24761,Wazöö,sargeras,1146,shaman,restoration,57,24,33
24762,Boltadeez,tichondrius,1144,shaman,restoration,24,12,12
24763,Szeav,tichondrius,1143,shaman,restoration,24,12,12
24764,Lokhtar,zuljin,1138,shaman,restoration,30,14,16
24765,Solaraa,proudmoore,1133,shaman,restoration,28,13,15
24766,Shohzegky,azralon,1133,shaman,restoration,73,32,41
24767,Gsync,tichondrius,1131,shaman,restoration,41,27,14
24768,Pèpé,sargeras,1126,shaman,restoration,26,16,10
24769,Dinaliia,lothar,1126,shaman,restoration,36,16,20
24770,Truemooin,wyrmrest-accord,1122,shaman,restoration,130,60,70
24771,Zetli,tichondrius,1120,shaman,restoration,36,12,24
24772,Fencepost,bleeding-hollow,1118,shaman,restoration,18,12,6
24773,Kunio,proudmoore,1117,shaman,restoration,24,12,12
24774,Oomshamm,area-52,1114,shaman,restoration,118,61,57
24775,Tartar,lightbringer,1112,shaman,restoration,29,18,11
24776,Peanutto,illidan,1111,shaman,restoration,42,26,16
24777,Taquitho,quelthalas,1110,shaman,restoration,57,24,33
24778,Thräll,shuhalo,1109,shaman,restoration,42,15,27
24779,Shammyguy,stormreaver,1103,shaman,restoration,50,23,27
24780,Totemist,tichondrius,1100,shaman,restoration,36,12,24
24781,Dahmerjr,area-52,1099,shaman,restoration,42,22,20
24782,Saicey,zuljin,1092,shaman,restoration,36,16,20
24783,Ðno,frostmourne,1086,shaman,restoration,17,12,5
24784,Glocksitotem,malganis,1085,shaman,restoration,27,12,15
24785,Unchaman,ragnaros,1083,shaman,restoration,38,14,24
24786,Grimmzhul,daggerspine,1077,shaman,restoration,90,43,47
24787,Turbluscious,frostmourne,1074,shaman,restoration,49,26,23
24788,Elharm,ragnaros,1072,shaman,restoration,36,13,23
24789,Reuxxe,area-52,1071,shaman,restoration,31,13,18
24790,Grullander,hakkar,1063,shaman,restoration,36,20,16
24791,Sekkuo,kiljaeden,1061,shaman,restoration,60,28,32
24792,Conjunction,azjolnerub,1056,shaman,restoration,18,11,7
24793,Biofly,thrall,1056,shaman,restoration,18,11,7
24794,Lfgzookeeper,malganis,1056,shaman,restoration,18,11,7
24795,Censyzz,tichondrius,1056,shaman,restoration,24,11,13
24796,Pingatronx,ragnaros,1056,shaman,restoration,24,11,13
24797,Brocules,aerie-peak,1056,shaman,restoration,24,11,13
24798,Muscleyuan,tichondrius,1056,shaman,restoration,29,11,18
24799,Jtrxs,tichondrius,1055,shaman,restoration,24,11,13
24800,Sweetpotatoe,malganis,1055,shaman,restoration,24,11,13
24801,Pericazo,sargeras,1055,shaman,restoration,24,11,13
24802,Damoclez,jubeithos,1054,shaman,restoration,18,11,7
24803,Bitruff,tichondrius,1054,shaman,restoration,18,11,7
24804,Earthfirex,ragnaros,1054,shaman,restoration,18,11,7
24805,Scroogz,emerald-dream,1054,shaman,restoration,24,11,13
24806,Keybordternr,tichondrius,1054,shaman,restoration,24,11,13
24807,Murm,burning-blade,1053,shaman,restoration,18,11,7
24808,Elmonkeyloco,bleeding-hollow,1053,shaman,restoration,18,11,7
24809,Fwwrs,illidan,1052,shaman,restoration,18,11,7
24810,Velesa,kiljaeden,1052,shaman,restoration,30,11,19
24811,Glark,tichondrius,1051,shaman,restoration,24,11,13
24812,Bluebones,frostmane,1050,shaman,restoration,18,11,7
24813,Dragum,blackrock,1050,shaman,restoration,30,11,19
24814,Hazorele,nagrand,1049,shaman,restoration,36,17,19
24815,Windfrenzy,thrall,1048,shaman,restoration,30,11,19
24816,Ryuukas,illidan,1047,shaman,restoration,18,11,7
24817,Tràuma,caelestrasz,1045,shaman,restoration,45,13,32
24818,Gl,nordrassil,1043,shaman,restoration,18,11,7
24819,Saraguthix,dalaran,1043,shaman,restoration,30,11,19
24820,Zugzugthug,moon-guard,1040,shaman,restoration,84,33,51
24821,Exportgold,barthilas,1039,shaman,restoration,24,11,13
24822,Lechaman,hakkar,1038,shaman,restoration,36,11,25
24823,Joocer,emerald-dream,1037,shaman,restoration,30,11,19
24824,Satrixss,ragnaros,1036,shaman,restoration,40,17,23
24825,Sploosh,norgannon,1031,shaman,restoration,30,15,15
24826,Stormburst,sargeras,1030,shaman,restoration,24,12,12
24827,Bóòchainz,tichondrius,1024,shaman,restoration,16,12,4
24828,Mastrionilol,stormrage,1023,shaman,restoration,34,11,23
24829,Jìmmybuckets,tichondrius,1022,shaman,restoration,17,11,6
24830,Dextex,azralon,1022,shaman,restoration,47,26,21
24831,Superchunk,shattered-hand,1021,shaman,restoration,54,31,23
24832,Lavatotem,stormrage,1021,shaman,restoration,41,20,21
24833,Littledream,quelthalas,1021,shaman,restoration,28,12,16
24834,Nupi,thaurissan,1013,shaman,restoration,59,26,33
24835,Illeh,illidan,1010,shaman,restoration,24,11,13
24836,Volsdeep,illidan,1007,shaman,restoration,21,11,10
24837,Speedranger,stormrage,1004,shaman,restoration,42,15,27
24838,Hentaistorm,kiljaeden,998,shaman,restoration,80,41,39
24839,Wâgu,moon-guard,992,shaman,restoration,28,11,17
24840,Kencyzz,tichondrius,991,shaman,restoration,17,11,6
24841,Nottrhall,azralon,990,shaman,restoration,14,11,3
24842,Teardrinker,korgath,988,shaman,restoration,30,11,19
24843,Faegle,area-52,984,shaman,restoration,24,11,13
24844,Redbulls,azralon,983,shaman,restoration,73,39,34
24845,Laterallus,nagrand,980,shaman,restoration,43,21,22
24846,Banterx,emerald-dream,979,shaman,restoration,35,12,23
24847,Andrastia,thrall,976,shaman,restoration,24,15,9
24848,Shammystic,quelthalas,972,shaman,restoration,48,17,31
24849,Shamadran,hyjal,971,shaman,restoration,23,11,12
24850,Njjshamm,thrall,969,shaman,restoration,36,16,20
24851,Twinkolava,nemesis,961,shaman,restoration,19,11,8
24852,Yooseafood,tichondrius,960,shaman,restoration,12,10,2
24853,Yunotho,sargeras,960,shaman,restoration,18,10,8
24854,Naisayyds,tichondrius,960,shaman,restoration,18,10,8
24855,Chocopuff,bleeding-hollow,960,shaman,restoration,18,10,8
24856,Tisaa,illidan,960,shaman,restoration,18,10,8
24857,Hst,barthilas,960,shaman,restoration,18,10,8
24858,Patzog,area-52,960,shaman,restoration,18,10,8
24859,Fluxxy,tichondrius,960,shaman,restoration,24,10,14
24860,Farfar,tichondrius,959,shaman,restoration,12,10,2
24861,Chenguanxi,tichondrius,959,shaman,restoration,12,10,2
24862,Colterr,thunderhorn,959,shaman,restoration,18,10,8
24863,Devastaterr,bleeding-hollow,959,shaman,restoration,18,10,8
24864,Shoxx,wyrmrest-accord,959,shaman,restoration,18,10,8
24865,Forcè,bleeding-hollow,959,shaman,restoration,24,10,14
24866,Huroth,proudmoore,959,shaman,restoration,30,10,20
24867,Ggoong,tichondrius,959,shaman,restoration,36,10,26
24868,Belarix,emerald-dream,959,shaman,restoration,36,10,26
24869,Vinceshamwow,lightbringer,958,shaman,restoration,12,10,2
24870,Torric,kalecgos,958,shaman,restoration,18,10,8
24871,Zechary,proudmoore,958,shaman,restoration,18,10,8
24872,Shyva,frostmourne,958,shaman,restoration,18,10,8
24873,Furiousnick,stormrage,958,shaman,restoration,18,10,8
24874,Rugmat,tichondrius,958,shaman,restoration,24,10,14
24875,Lawlsham,korgath,957,shaman,restoration,12,10,2
24876,Athayis,malorne,957,shaman,restoration,59,31,28
24877,Eggrollninja,illidan,956,shaman,restoration,12,10,2
24878,Totemgoddess,nemesis,956,shaman,restoration,24,10,14
24879,Maakasarg,tichondrius,956,shaman,restoration,24,10,14
24880,Karaaka,ysera,956,shaman,restoration,30,10,20
24881,Oohkillemm,silvermoon,955,shaman,restoration,18,10,8
24882,Carltonbanks,aggramar,955,shaman,restoration,24,10,14
24883,Jensenx,proudmoore,955,shaman,restoration,24,10,14
24884,Fio,nerzhul,955,shaman,restoration,54,20,34
24885,Mishalla,tichondrius,954,shaman,restoration,24,10,14
24886,Tequíla,quelthalas,952,shaman,restoration,18,10,8
24887,Mikeyodinson,area-52,952,shaman,restoration,24,10,14
24888,Bruhh,stormscale,951,shaman,restoration,18,10,8
24889,Soulmiracle,tichondrius,951,shaman,restoration,24,10,14
24890,Kisimi,proudmoore,950,shaman,restoration,18,10,8
24891,Aceshamm,kelthuzad,950,shaman,restoration,24,13,11
24892,Haether,madoran,949,shaman,restoration,65,31,34
24893,Problamatic,tichondrius,949,shaman,restoration,24,10,14
24894,Shamankïng,proudmoore,938,shaman,restoration,29,11,18
24895,Anttoekneeoh,thrall,933,shaman,restoration,18,10,8
24896,Doomgodx,tichondrius,933,shaman,restoration,24,11,13
24897,Boppshock,tichondrius,928,shaman,restoration,16,11,5
24898,Mikeoxxgigg,kelthuzad,927,shaman,restoration,51,28,23
24899,Roostershama,tichondrius,925,shaman,restoration,20,11,9
24900,Psilocypher,nazjatar,923,shaman,restoration,18,11,7
24901,Klev,frostmourne,921,shaman,restoration,33,12,21
24902,Malløry,mugthol,917,shaman,restoration,30,12,18
24903,Joyrex,spinebreaker,912,shaman,restoration,21,11,10
24904,Flexexpress,stormrage,911,shaman,restoration,17,10,7
24905,Privxd,bleeding-hollow,910,shaman,restoration,17,10,7
24906,Synkrona,tichondrius,905,shaman,restoration,32,13,19
24907,Alestorm,nemesis,899,shaman,restoration,28,12,16
24908,Msooli,tichondrius,895,shaman,restoration,11,10,1
24909,Holdmytotum,tichondrius,895,shaman,restoration,17,10,7
24910,Swifteyy,area-52,883,shaman,restoration,22,10,12
24911,Sàuron,tichondrius,874,shaman,restoration,19,10,9
24912,Ixis,bleeding-hollow,864,shaman,restoration,12,9,3
24913,Orochishaman,stormrage,864,shaman,restoration,12,9,3
24914,Èmaxx,barthilas,864,shaman,restoration,12,9,3
24915,ßonevoyage,malganis,864,shaman,restoration,12,9,3
24916,Seiunsky,area-52,864,shaman,restoration,12,9,3
24917,Owtyobwol,area-52,864,shaman,restoration,12,9,3
24918,Bakenquake,tichondrius,864,shaman,restoration,12,9,3
24919,Washedupty,illidan,864,shaman,restoration,12,9,3
24920,Medullarum,suramar,864,shaman,restoration,18,9,9
24921,Neviahz,illidan,864,shaman,restoration,18,9,9
24922,Polarities,malganis,864,shaman,restoration,24,9,15
24923,Dawny,arygos,864,shaman,restoration,24,9,15
24924,Wildmaster,ragnaros,864,shaman,restoration,30,9,21
24925,Køre,tichondrius,863,shaman,restoration,12,9,3
24926,Snoff,burning-blade,863,shaman,restoration,18,9,9
24927,Ryeqt,illidan,863,shaman,restoration,18,9,9
24928,Jnzz,area-52,863,shaman,restoration,18,9,9
24929,Murica,area-52,863,shaman,restoration,18,9,9
24930,Darcheros,quelthalas,863,shaman,restoration,18,9,9
24931,Tesle,illidan,863,shaman,restoration,24,9,15
24932,Gangzmmsk,tichondrius,862,shaman,restoration,12,9,3
24933,Obrahma,burning-legion,862,shaman,restoration,18,9,9
24934,Drekkhal,area-52,862,shaman,restoration,18,9,9
24935,Turtleinmud,frostmourne,862,shaman,restoration,18,9,9
24936,Vywolf,frostmourne,862,shaman,restoration,27,11,16
24937,Lildunny,tichondrius,862,shaman,restoration,24,9,15
24938,Milkstress,whisperwind,861,shaman,restoration,24,9,15
24939,Macdab,malganis,860,shaman,restoration,18,9,9
24940,Esanim,tichondrius,860,shaman,restoration,18,9,9
24941,Overcåst,barthilas,860,shaman,restoration,30,9,21
24942,Wagesisdeath,illidan,859,shaman,restoration,24,9,15
24943,Vibration,akama,858,shaman,restoration,18,9,9
24944,Blois,thunderlord,857,shaman,restoration,18,9,9
24945,Yakella,trollbane,854,shaman,restoration,12,9,3
24946,Mtnju,eredar,852,shaman,restoration,18,9,9
24947,Dabmarinø,tichondrius,850,shaman,restoration,18,9,9
24948,Chablez,shattered-hand,849,shaman,restoration,18,9,9
24949,Ayahuassca,illidan,847,shaman,restoration,44,19,25
24950,Spampurge,blackwing-lair,841,shaman,restoration,25,11,14
24951,Dreadxtotems,illidan,830,shaman,restoration,17,9,8
24952,Deadlyshocks,gilneas,827,shaman,restoration,35,17,18
24953,Sittingwolf,stormreaver,825,shaman,restoration,17,9,8
24954,Rastablaze,darkspear,823,shaman,restoration,59,18,41
24955,Angelbie,tichondrius,815,shaman,restoration,15,10,5
24956,Kensyz,tichondrius,768,shaman,restoration,12,8,4
24957,Ggdumpy,tichondrius,768,shaman,restoration,12,8,4
24958,Xannysnapper,zuljin,768,shaman,restoration,12,8,4
24959,Shxl,zuljin,768,shaman,restoration,12,8,4
24960,Svondo,illidan,768,shaman,restoration,12,8,4
24961,Naweiv,caelestrasz,768,shaman,restoration,12,8,4
24962,Animus,dark-iron,768,shaman,restoration,12,8,4
24963,Multran,stormscale,768,shaman,restoration,12,8,4
24964,Touchmytotmm,tichondrius,768,shaman,restoration,12,8,4
24965,Stormlashx,sargeras,768,shaman,restoration,12,8,4
24966,Xiaoshaman,tichondrius,768,shaman,restoration,12,8,4
24967,Hexistential,tichondrius,768,shaman,restoration,12,8,4
24968,Coreygunz,illidan,768,shaman,restoration,12,8,4
24969,Booramz,tichondrius,768,shaman,restoration,12,8,4
24970,Vernzi,laughing-skull,768,shaman,restoration,12,8,4
24971,Rookieshaman,tichondrius,768,shaman,restoration,12,8,4
24972,Chairstain,kelthuzad,768,shaman,restoration,12,8,4
24973,Freerath,tichondrius,768,shaman,restoration,16,8,8
24974,Toastjr,frostmourne,768,shaman,restoration,18,8,10
24975,Yoshìmìtsu,illidan,768,shaman,restoration,18,8,10
24976,Wolvez,tichondrius,768,shaman,restoration,18,8,10
24977,Evilabev,bonechewer,768,shaman,restoration,18,8,10
24978,Taronì,zuljin,768,shaman,restoration,18,8,10
24979,Songo,frostmane,768,shaman,restoration,18,8,10
24980,Gorillox,chogall,768,shaman,restoration,18,8,10
24981,Mistarklean,malganis,768,shaman,restoration,24,8,16
24982,Klimax,tichondrius,767,shaman,restoration,12,8,4
24983,Veeve,kelthuzad,767,shaman,restoration,12,8,4
24984,Squirtrussel,boulderfist,767,shaman,restoration,12,8,4
24985,Totemism,warsong,767,shaman,restoration,12,8,4
24986,Flubydont,icecrown,767,shaman,restoration,18,8,10
24987,Zombaschamy,ragnaros,767,shaman,restoration,18,8,10
24988,Earthentotem,tichondrius,767,shaman,restoration,18,8,10
24989,Improvize,malganis,767,shaman,restoration,24,8,16
24990,Thunderfucj,tichondrius,767,shaman,restoration,24,8,16
24991,Agrîm,tichondrius,767,shaman,restoration,24,8,16
24992,Totembarx,illidan,766,shaman,restoration,12,8,4
24993,Totemlord,lightnings-blade,766,shaman,restoration,18,8,10
24994,Skylet,azralon,766,shaman,restoration,18,8,10
24995,Rapwnzel,tichondrius,766,shaman,restoration,18,8,10
24996,Santral,ragnaros,766,shaman,restoration,19,8,11
24997,Magatotem,sargeras,766,shaman,restoration,24,8,16
24998,Darrann,kiljaeden,765,shaman,restoration,12,8,4
24999,Angron,barthilas,765,shaman,restoration,12,8,4
25000,Alexustexas,tichondrius,765,shaman,restoration,18,8,10
25001,Vulcanik,quelthalas,764,shaman,restoration,24,8,16
25002,ßøn,altar-of-storms,762,shaman,restoration,12,8,4
25003,Cremecheese,crushridge,760,shaman,restoration,12,8,4
25004,Eleshortal,azuremyst,759,shaman,restoration,18,8,10
25005,Amonamarth,tichondrius,753,shaman,restoration,18,8,10
25006,Getpurged,thrall,751,shaman,restoration,17,8,9
25007,Shubba,thrall,747,shaman,restoration,12,8,4
25008,Treris,bleeding-hollow,719,shaman,restoration,11,8,3
25009,Immabòt,tichondrius,719,shaman,restoration,17,8,9
25010,Notragii,kelthuzad,719,shaman,restoration,17,8,9
25011,Shocksauce,tichondrius,714,shaman,restoration,23,11,12
25012,Kencysz,tichondrius,714,shaman,restoration,23,9,14
25013,Luxiaa,tichondrius,714,shaman,restoration,23,9,14
25014,Trouvaille,tichondrius,714,shaman,restoration,25,9,16
25015,Zuescannon,kelthuzad,704,shaman,restoration,16,8,8
25016,Xinz,guldan,703,shaman,restoration,11,8,3
25017,Garbagedump,burning-legion,703,shaman,restoration,14,8,6
25018,Elîas,tichondrius,672,shaman,restoration,12,7,5
25019,Boltekka,tichondrius,672,shaman,restoration,12,7,5
25020,Dadbar,tichondrius,672,shaman,restoration,12,7,5
25021,Meskthemage,barthilas,672,shaman,restoration,12,7,5
25022,Hexmix,muradin,672,shaman,restoration,12,7,5
25023,Symbox,tichondrius,672,shaman,restoration,12,7,5
25024,Restosêxual,tichondrius,672,shaman,restoration,12,7,5
25025,Dizzyswift,tichondrius,672,shaman,restoration,12,7,5
25026,Zerwyn,senjin,672,shaman,restoration,12,7,5
25027,Specifyz,arathor,672,shaman,restoration,12,7,5
25028,Miroen,tichondrius,672,shaman,restoration,12,7,5
25029,Kencyi,tichondrius,672,shaman,restoration,12,7,5
25030,Crakmane,kelthuzad,672,shaman,restoration,12,7,5
25031,Girthquake,agamaggan,672,shaman,restoration,12,7,5
25032,Gornu,nemesis,672,shaman,restoration,12,7,5
25033,Sorgal,area-52,672,shaman,restoration,12,7,5
25034,Chlckenx,tichondrius,672,shaman,restoration,18,7,11
25035,Earthuncle,illidan,672,shaman,restoration,18,7,11
25036,Mastrionilol,dragonmaw,672,shaman,restoration,18,7,11
25037,Nosekandyz,chogall,672,shaman,restoration,18,7,11
25038,Morphose,tichondrius,672,shaman,restoration,18,7,11
25039,Cosmô,sargeras,672,shaman,restoration,24,7,17
25040,Meanbetty,illidan,671,shaman,restoration,12,7,5
25041,Lurue,tichondrius,671,shaman,restoration,12,7,5
25042,Pakdis,sargeras,671,shaman,restoration,12,7,5
25043,Ironfart,destromath,671,shaman,restoration,12,7,5
25044,Flekzs,blackhand,671,shaman,restoration,12,7,5
25045,Raininwishes,aegwynn,671,shaman,restoration,12,7,5
25046,Chebbs,bleeding-hollow,671,shaman,restoration,12,7,5
25047,Rokvahn,illidan,671,shaman,restoration,12,7,5
25048,Otem,frostmourne,671,shaman,restoration,16,7,9
25049,Hamshamwitch,shadowmoon,671,shaman,restoration,18,7,11
25050,Lvcianrs,thrall,671,shaman,restoration,18,7,11
25051,Caobuloso,azralon,671,shaman,restoration,18,7,11
25052,Bethorá,suramar,670,shaman,restoration,12,7,5
25053,Totori,stormscale,670,shaman,restoration,12,7,5
25054,Shamanastic,tichondrius,670,shaman,restoration,12,7,5
25055,Stormcallerr,sargeras,670,shaman,restoration,12,7,5
25056,Mengemort,crushridge,670,shaman,restoration,12,7,5
25057,Crynoobs,senjin,670,shaman,restoration,12,7,5
25058,Grakkah,thrall,670,shaman,restoration,18,7,11
25059,Víì,tichondrius,670,shaman,restoration,24,7,17
25060,Vulkova,illidan,669,shaman,restoration,18,7,11
25061,Evilraven,tichondrius,668,shaman,restoration,18,7,11
25062,Detropolis,illidan,668,shaman,restoration,48,7,41
25063,Kordir,kiljaeden,667,shaman,restoration,18,7,11
25064,Cameltotêm,frostmourne,666,shaman,restoration,12,7,5
25065,Lfhotmoms,moon-guard,665,shaman,restoration,11,9,2
25066,Ruadhri,moon-guard,665,shaman,restoration,12,7,5
25067,Tharapita,bleeding-hollow,665,shaman,restoration,21,8,13
25068,Zoodoo,nagrand,663,shaman,restoration,30,7,23
25069,Lamente,ragnaros,655,shaman,restoration,17,7,10
25070,Stormsurgë,bleeding-hollow,640,shaman,restoration,10,8,2
25071,Koomrog,frostmourne,638,shaman,restoration,14,8,6
25072,Kayadee,stormrage,624,shaman,restoration,21,7,14
25073,Deacoderz,area-52,618,shaman,restoration,14,8,6
25074,Vogaz,ragnaros,608,shaman,restoration,22,7,15
25075,Drfate,kargath,604,shaman,restoration,16,7,9
25076,Matrìx,sargeras,594,shaman,restoration,26,8,18
25077,Onpoint,frostmourne,591,shaman,restoration,11,7,4
25078,Pangniu,illidan,576,shaman,restoration,6,6,0
25079,Kassix,illidan,576,shaman,restoration,6,6,0
25080,Gödöfbüdå,tichondrius,576,shaman,restoration,6,6,0
25081,Jordnöt,moon-guard,576,shaman,restoration,9,6,3
25082,Ajj,thrall,576,shaman,restoration,12,6,6
25083,Trewlolz,sargeras,576,shaman,restoration,12,6,6
25084,Abev,bonechewer,576,shaman,restoration,12,6,6
25085,Caprise,tichondrius,576,shaman,restoration,12,6,6
25086,Bakayarøu,tichondrius,576,shaman,restoration,12,6,6
25087,Chrigshock,black-dragonflight,576,shaman,restoration,12,6,6
25088,Nickwoper,emerald-dream,576,shaman,restoration,12,6,6
25089,Pex,sargeras,576,shaman,restoration,12,6,6
25090,Potf,illidan,576,shaman,restoration,12,6,6
25091,Ggezlmao,bleeding-hollow,576,shaman,restoration,12,6,6
25092,Icehole,kelthuzad,576,shaman,restoration,12,6,6
25093,Shamfold,illidan,576,shaman,restoration,12,6,6
25094,Burstekka,tichondrius,576,shaman,restoration,12,6,6
25095,Aguinha,azralon,576,shaman,restoration,12,6,6
25096,Nyf,khazgoroth,576,shaman,restoration,12,6,6
25097,Motatos,malganis,576,shaman,restoration,12,6,6
25098,Scadouche,korgath,576,shaman,restoration,12,6,6
25099,Weqeqwqwqex,ragnaros,576,shaman,restoration,12,6,6
25100,Littleshasha,tichondrius,576,shaman,restoration,12,6,6
25101,Aespeon,stormrage,576,shaman,restoration,12,6,6
25102,Lunds,tichondrius,576,shaman,restoration,12,6,6
25103,Oppaswag,tichondrius,576,shaman,restoration,12,6,6
25104,Ccmeifbald,moon-guard,576,shaman,restoration,12,6,6
25105,Xenvale,illidan,576,shaman,restoration,12,6,6
25106,Lindnerx,malganis,576,shaman,restoration,12,6,6
25107,Atsukaia,tichondrius,576,shaman,restoration,12,6,6
25108,Bombadil,korgath,576,shaman,restoration,12,6,6
25109,Ataia,tichondrius,576,shaman,restoration,12,6,6
25110,Cencyzz,tichondrius,576,shaman,restoration,12,6,6
25111,Fevolution,dreadmaul,576,shaman,restoration,12,6,6
25112,Urin,emerald-dream,576,shaman,restoration,15,6,9
25113,Jukedlawl,illidan,576,shaman,restoration,18,6,12
25114,Rubmytiki,skywall,576,shaman,restoration,18,6,12
25115,Kÿlé,darkspear,576,shaman,restoration,18,6,12
25116,Blck,malorne,576,shaman,restoration,23,7,16
25117,Shampowl,jaedenar,576,shaman,restoration,20,6,14
25118,Anußis,stormrage,576,shaman,restoration,24,6,18
25119,Battleobobby,medivh,576,shaman,restoration,29,6,23
25120,Klaital,boulderfist,575,shaman,restoration,6,6,0
25121,Infsham,hyjal,575,shaman,restoration,12,6,6
25122,Fallhazard,malganis,575,shaman,restoration,12,6,6
25123,Donojo,zuljin,575,shaman,restoration,12,6,6
25124,Lhost,tanaris,575,shaman,restoration,12,6,6
25125,Redds,tichondrius,575,shaman,restoration,12,6,6
25126,Toroph,azralon,575,shaman,restoration,12,6,6
25127,Zqshaman,tichondrius,575,shaman,restoration,12,6,6
25128,Shockburst,dalaran,575,shaman,restoration,12,6,6
25129,Tagliatelle,kelthuzad,575,shaman,restoration,15,7,8
25130,Numbreseven,frostmourne,575,shaman,restoration,14,6,8
25131,Ragnarüz,ragnaros,575,shaman,restoration,19,7,12
25132,Spiritwler,tichondrius,575,shaman,restoration,18,6,12
25133,Killerphreak,mannoroth,574,shaman,restoration,12,6,6
25134,Dodirt,laughing-skull,574,shaman,restoration,12,6,6
25135,Kikahna,stormreaver,574,shaman,restoration,15,7,8
25136,Kunshíí,bleeding-hollow,574,shaman,restoration,15,6,9
25137,Tabby,emerald-dream,574,shaman,restoration,18,6,12
25138,Twoflower,frostmourne,574,shaman,restoration,24,6,18
25139,Gimlyman,madoran,567,shaman,restoration,12,6,6
25140,Bloodmoôn,frostmourne,566,shaman,restoration,18,6,12
25141,Earthnsky,bleeding-hollow,543,shaman,restoration,11,6,5
25142,Desgarcon,zuljin,543,shaman,restoration,11,6,5
25143,Hoghlinn,stormrage,541,shaman,restoration,8,7,1
25144,Tsunamic,sargeras,528,shaman,restoration,15,6,9
25145,Ttvfoxyllama,tichondrius,522,shaman,restoration,22,8,14
25146,Lavamon,illidan,480,shaman,restoration,6,5,1
25147,Blueclass,akama,480,shaman,restoration,6,5,1
25148,Oprawinfuryy,thrall,480,shaman,restoration,6,5,1
25149,Nymrose,stormrage,480,shaman,restoration,6,5,1
25150,Spekgawd,emerald-dream,480,shaman,restoration,6,5,1
25151,Dgshaman,tichondrius,480,shaman,restoration,6,5,1
25152,Hexgodx,illidan,480,shaman,restoration,6,5,1
25153,Blowurbubble,tichondrius,480,shaman,restoration,6,5,1
25154,Çhïcagø,aegwynn,480,shaman,restoration,6,5,1
25155,Goobie,crushridge,480,shaman,restoration,6,5,1
25156,Dankestmemes,illidan,480,shaman,restoration,6,5,1
25157,Nuggsfxce,frostmourne,480,shaman,restoration,6,5,1
25158,Cantshear,zuljin,480,shaman,restoration,6,5,1
25159,Slm,bleeding-hollow,480,shaman,restoration,6,5,1
25160,Binishaman,tichondrius,480,shaman,restoration,6,5,1
25161,Laodo,tichondrius,480,shaman,restoration,10,6,4
25162,Devastian,quelthalas,480,shaman,restoration,12,5,7
25163,Zingysham,tichondrius,480,shaman,restoration,12,5,7
25164,Teftx,area-52,480,shaman,restoration,12,5,7
25165,Kwesy,tichondrius,480,shaman,restoration,12,5,7
25166,Ekss,tichondrius,480,shaman,restoration,12,5,7
25167,Juicypork,moon-guard,480,shaman,restoration,12,5,7
25168,Deathwards,frostmane,480,shaman,restoration,12,5,7
25169,Weebzealot,kelthuzad,480,shaman,restoration,12,5,7
25170,Shamankie,tichondrius,480,shaman,restoration,12,5,7
25171,Shämpäin,moon-guard,480,shaman,restoration,12,5,7
25172,Dókki,tichondrius,480,shaman,restoration,12,5,7
25173,Nøir,drakkari,480,shaman,restoration,12,5,7
25174,Edisto,darkspear,480,shaman,restoration,12,5,7
25175,Enzÿte,tichondrius,480,shaman,restoration,12,5,7
25176,Thundershade,deathwing,480,shaman,restoration,12,5,7
25177,Huulu,blades-edge,480,shaman,restoration,12,5,7
25178,Doop,kiljaeden,480,shaman,restoration,12,5,7
25179,Traumateam,tichondrius,480,shaman,restoration,12,5,7
25180,Sixtyninelol,thunderlord,480,shaman,restoration,12,5,7
25181,Nagish,alexstrasza,480,shaman,restoration,12,5,7
25182,Sâxman,stormreaver,480,shaman,restoration,12,5,7
25183,Mvpstorm,darkspear,480,shaman,restoration,12,5,7
25184,Drünk,hyjal,480,shaman,restoration,12,5,7
25185,Krupto,tichondrius,480,shaman,restoration,12,5,7
25186,Synkronaqt,tichondrius,480,shaman,restoration,12,5,7
25187,Saviørkai,barthilas,480,shaman,restoration,12,5,7
25188,Vegaslights,tichondrius,480,shaman,restoration,12,5,7
25189,Dyllbat,illidan,480,shaman,restoration,12,5,7
25190,Azrlol,illidan,480,shaman,restoration,12,5,7
25191,Hijodelrayo,drakkari,480,shaman,restoration,12,5,7
25192,Boryndor,stormrage,480,shaman,restoration,12,5,7
25193,Goresx,tichondrius,480,shaman,restoration,12,5,7
25194,Elementorx,stormrage,480,shaman,restoration,12,5,7
25195,Fidelityfx,sargeras,480,shaman,restoration,12,5,7
25196,Totemfizzle,spirestone,480,shaman,restoration,12,5,7
25197,Baltarian,emerald-dream,480,shaman,restoration,12,5,7
25198,Astotems,tichondrius,480,shaman,restoration,12,5,7
25199,Derbain,caelestrasz,480,shaman,restoration,12,5,7
25200,Jisthexx,senjin,480,shaman,restoration,12,5,7
25201,Lazi,frostmourne,480,shaman,restoration,12,5,7
25202,Elex,frostmourne,480,shaman,restoration,12,5,7
25203,Deyodin,illidan,480,shaman,restoration,12,5,7
25204,Improvedx,akama,480,shaman,restoration,12,5,7
25205,Daintydan,illidan,480,shaman,restoration,12,5,7
25206,Larvabust,azralon,480,shaman,restoration,12,5,7
25207,Cherryboy,illidan,480,shaman,restoration,12,5,7
25208,Elmoss,thrall,480,shaman,restoration,12,5,7
25209,Dùffman,jubeithos,480,shaman,restoration,16,6,10
25210,Krisu,kelthuzad,480,shaman,restoration,18,5,13
25211,Animac,bleeding-hollow,480,shaman,restoration,18,5,13
25212,Oilburner,malganis,480,shaman,restoration,18,5,13
25213,Rekashaki,illidan,480,shaman,restoration,18,5,13
25214,Thunderphury,proudmoore,480,shaman,restoration,18,5,13
25215,Sâvage,zuljin,479,shaman,restoration,6,5,1
25216,Derkx,thrall,479,shaman,restoration,6,5,1
25217,Intress,moon-guard,479,shaman,restoration,6,5,1
25218,Greenberry,bonechewer,479,shaman,restoration,10,6,4
25219,Highmountain,tichondrius,479,shaman,restoration,12,5,7
25220,Bobaflexqt,korgath,479,shaman,restoration,12,5,7
25221,Fläkky,area-52,479,shaman,restoration,12,5,7
25222,Turksham,tichondrius,479,shaman,restoration,12,5,7
25223,Youngneal,sargeras,479,shaman,restoration,12,5,7
25224,Tattoö,elune,479,shaman,restoration,12,5,7
25225,Blkpowerfist,malganis,479,shaman,restoration,12,5,7
25226,Beardedone,durotan,479,shaman,restoration,12,5,7
25227,Nytestalker,sargeras,479,shaman,restoration,18,5,13
25228,Alphamael,lightbringer,479,shaman,restoration,19,5,14
25229,Dennwoop,sargeras,478,shaman,restoration,16,6,10
25230,Vaginix,tichondrius,478,shaman,restoration,18,5,13
25231,Stahlye,proudmoore,477,shaman,restoration,6,5,1
25232,Timprecu,azralon,477,shaman,restoration,12,5,7
25233,Pileef,thrall,473,shaman,restoration,13,7,6
25234,Uderlol,tichondrius,448,shaman,restoration,10,5,5
25235,Shamanceylol,barthilas,447,shaman,restoration,8,6,2
25236,Akhae,duskwood,445,shaman,restoration,14,6,8
25237,Lampstand,wildhammer,431,shaman,restoration,11,5,6
25238,Mythruxx,sargeras,426,shaman,restoration,14,6,8
25239,Zio,akama,425,shaman,restoration,14,6,8
25240,Eloquent,emerald-dream,423,shaman,restoration,18,6,12
25241,Lebs,barthilas,415,shaman,restoration,8,5,3
25242,Shockjoy,malganis,415,shaman,restoration,11,5,6
25243,Shamakazi,tichondrius,400,shaman,restoration,7,5,2
25244,Chûnk,tichondrius,400,shaman,restoration,13,5,8
25245,Clapton,darkspear,400,shaman,restoration,19,5,14
25246,Xiaoya,tichondrius,384,shaman,restoration,6,4,2
25247,Nepshock,stormrage,384,shaman,restoration,6,4,2
25248,Jaegertotem,stormrage,384,shaman,restoration,6,4,2
25249,Shamankofwa,tichondrius,384,shaman,restoration,6,4,2
25250,Boonno,tichondrius,384,shaman,restoration,6,4,2
25251,Balsonz,zuljin,384,shaman,restoration,6,4,2
25252,Tarròò,bleeding-hollow,384,shaman,restoration,6,4,2
25253,Kaîowas,malganis,384,shaman,restoration,6,4,2
25254,Hoonjojjyans,tichondrius,384,shaman,restoration,6,4,2
25255,Bhann,tichondrius,384,shaman,restoration,6,4,2
25256,Kustum,tichondrius,384,shaman,restoration,6,4,2
25257,Sweatshirtz,tanaris,384,shaman,restoration,6,4,2
25258,Arkilios,tichondrius,384,shaman,restoration,6,4,2
25259,Sagester,illidan,384,shaman,restoration,6,4,2
25260,Skippe,hyjal,384,shaman,restoration,6,4,2
25261,Ârtík,tichondrius,384,shaman,restoration,6,4,2
25262,Awyiss,dreadmaul,384,shaman,restoration,6,4,2
25263,Intravz,tichondrius,384,shaman,restoration,6,4,2
25264,Viprus,nerzhul,384,shaman,restoration,6,4,2
25265,Cháningtotem,frostmourne,384,shaman,restoration,6,4,2
25266,Udungoofedd,the-underbog,384,shaman,restoration,6,4,2
25267,Curador,nemesis,384,shaman,restoration,6,4,2
25268,Badjojò,ragnaros,384,shaman,restoration,6,4,2
25269,Humpvack,tichondrius,384,shaman,restoration,6,4,2
25270,Smeeza,frostmourne,384,shaman,restoration,6,4,2
25271,Gotmolk,illidan,384,shaman,restoration,6,4,2
25272,Tpokes,sargeras,384,shaman,restoration,6,4,2
25273,Bigboorst,kelthuzad,384,shaman,restoration,6,4,2
25274,Tisaa,tichondrius,384,shaman,restoration,6,4,2
25275,Thonty,sargeras,384,shaman,restoration,6,4,2
25276,Xillicit,sargeras,384,shaman,restoration,6,4,2
25277,Daxotv,sargeras,384,shaman,restoration,6,4,2
25278,Shocknrot,maelstrom,384,shaman,restoration,6,4,2
25279,Strykked,illidan,384,shaman,restoration,6,4,2
25280,Totesmcgoatz,arthas,384,shaman,restoration,6,4,2
25281,Aeølus,tichondrius,384,shaman,restoration,6,4,2
25282,Weathersmell,sargeras,384,shaman,restoration,6,4,2
25283,Aletcheoddox,sargeras,384,shaman,restoration,6,4,2
25284,Castia,sargeras,384,shaman,restoration,6,4,2
25285,Éarl,sargeras,384,shaman,restoration,6,4,2
25286,Telnos,emerald-dream,384,shaman,restoration,6,4,2
25287,Halloweenz,area-52,384,shaman,restoration,6,4,2
25288,Thormodin,destromath,384,shaman,restoration,6,4,2
25289,Galeswind,sargeras,384,shaman,restoration,12,4,8
25290,Qitian,tichondrius,384,shaman,restoration,12,4,8
25291,Healswin,sargeras,384,shaman,restoration,12,4,8
25292,Krevsham,proudmoore,384,shaman,restoration,12,4,8
25293,Nooch,malganis,384,shaman,restoration,12,4,8
25294,Misakism,sargeras,384,shaman,restoration,12,4,8
25295,Sittinn,malganis,384,shaman,restoration,12,4,8
25296,Boyyo,maiev,384,shaman,restoration,12,4,8
25297,Cgq,tichondrius,384,shaman,restoration,12,4,8
25298,Shâmbulance,hyjal,384,shaman,restoration,12,4,8
25299,Lollzerz,the-forgotten-coast,384,shaman,restoration,12,4,8
25300,Fluiid,tichondrius,384,shaman,restoration,12,4,8
25301,Naturasol,quelthalas,384,shaman,restoration,12,4,8
25302,Bacnbitz,hellscream,384,shaman,restoration,12,4,8
25303,Ayev,illidan,384,shaman,restoration,12,4,8
25304,Petzah,barthilas,384,shaman,restoration,12,4,8
25305,Romcomx,tichondrius,384,shaman,restoration,12,4,8
25306,Pjtremblay,frostmourne,384,shaman,restoration,12,4,8
25307,Kermut,frostmourne,384,shaman,restoration,18,4,14
25308,Conductivity,frostmourne,384,shaman,restoration,18,4,14
25309,Dukaman,malganis,384,shaman,restoration,18,4,14
25310,Rockyisback,illidan,383,shaman,restoration,6,4,2
25311,Syü,barthilas,383,shaman,restoration,6,4,2
25312,Hexnation,frostmourne,383,shaman,restoration,6,4,2
25313,Tandarin,burning-legion,383,shaman,restoration,12,4,8
25314,Sndtome,stormrage,383,shaman,restoration,12,4,8
25315,Huugsnkissez,sargeras,383,shaman,restoration,12,4,8
25316,Rikswordfire,wyrmrest-accord,383,shaman,restoration,12,4,8
25317,Turbö,hyjal,382,shaman,restoration,12,4,8
25318,Shockshow,zuljin,382,shaman,restoration,12,4,8
25319,Rainingheals,auchindoun,352,shaman,restoration,14,5,9
25320,Shamanakin,emerald-dream,351,shaman,restoration,8,5,3
25321,Moocatpie,illidan,351,shaman,restoration,11,4,7
25322,Tineer,tichondrius,336,shaman,restoration,9,4,5
25323,Avidas,malganis,331,shaman,restoration,15,4,11
25324,Jammylol,frostmourne,330,shaman,restoration,17,5,12
25325,Vanty,proudmoore,319,shaman,restoration,5,4,1
25326,Elevatezxo,stormrage,304,shaman,restoration,7,4,3
25327,Kawixxi,ysondre,301,shaman,restoration,7,4,3
25328,Youngie,dathremar,288,shaman,restoration,6,3,3
25329,Duregar,tichondrius,288,shaman,restoration,6,3,3
25330,Rakkasham,blackrock,288,shaman,restoration,6,3,3
25331,Fàlc,stormrage,288,shaman,restoration,6,3,3
25332,Mudtide,tichondrius,288,shaman,restoration,6,3,3
25333,Tigs,alleria,288,shaman,restoration,6,3,3
25334,Curtrex,amanthul,288,shaman,restoration,6,3,3
25335,Samac,ravencrest,288,shaman,restoration,6,3,3
25336,Chacham,tichondrius,288,shaman,restoration,6,3,3
25337,Phinoi,tichondrius,288,shaman,restoration,6,3,3
25338,Uggerz,barthilas,288,shaman,restoration,6,3,3
25339,Nanishock,area-52,288,shaman,restoration,6,3,3
25340,Yamishka,dalaran,288,shaman,restoration,6,3,3
25341,Smeagles,ragnaros,288,shaman,restoration,6,3,3
25342,Cloudsh,silvermoon,288,shaman,restoration,6,3,3
25343,Millionvoltz,tichondrius,288,shaman,restoration,6,3,3
25344,Yunqboichay,kelthuzad,288,shaman,restoration,6,3,3
25345,Bigbadpercy,frostmourne,288,shaman,restoration,6,3,3
25346,Gunx,darkspear,288,shaman,restoration,6,3,3
25347,Digglr,tichondrius,288,shaman,restoration,6,3,3
25348,Shamjam,moon-guard,288,shaman,restoration,6,3,3
25349,Spencêrf,illidan,288,shaman,restoration,6,3,3
25350,Momolagbbit,tichondrius,288,shaman,restoration,6,3,3
25351,Smooths,bloodscalp,288,shaman,restoration,6,3,3
25352,Bovinefever,kiljaeden,288,shaman,restoration,6,3,3
25353,Smackzs,sargeras,288,shaman,restoration,6,3,3
25354,Massif,emerald-dream,288,shaman,restoration,6,3,3
25355,Fruityrudyy,area-52,288,shaman,restoration,6,3,3
25356,Apathcat,the-forgotten-coast,288,shaman,restoration,6,3,3
25357,Shamanese,emerald-dream,288,shaman,restoration,6,3,3
25358,Voron,kiljaeden,288,shaman,restoration,6,3,3
25359,Spiritbb,area-52,288,shaman,restoration,6,3,3
25360,Gucciblunts,sargeras,288,shaman,restoration,6,3,3
25361,Akupapu,illidan,288,shaman,restoration,6,3,3
25362,Totumstroker,thrall,288,shaman,restoration,6,3,3
25363,Laucian,malganis,288,shaman,restoration,6,3,3
25364,Zoltide,sargeras,288,shaman,restoration,6,3,3
25365,Xueticsham,tichondrius,288,shaman,restoration,6,3,3
25366,Skrubbles,bleeding-hollow,288,shaman,restoration,6,3,3
25367,Ñoobshaman,tichondrius,288,shaman,restoration,6,3,3
25368,Sreve,malganis,288,shaman,restoration,6,3,3
25369,Eleresto,tichondrius,288,shaman,restoration,6,3,3
25370,Maana,dragonmaw,288,shaman,restoration,6,3,3
25371,Slimshämmy,area-52,288,shaman,restoration,6,3,3
25372,Sonsii,tichondrius,288,shaman,restoration,6,3,3
25373,Hiermy,tichondrius,288,shaman,restoration,6,3,3
25374,Wastedlink,tichondrius,288,shaman,restoration,6,3,3
25375,Wreckaholic,alterac-mountains,288,shaman,restoration,6,3,3
25376,Taproots,ursin,288,shaman,restoration,6,3,3
25377,Kanntok,quelthalas,288,shaman,restoration,6,3,3
25378,Tehrani,winterhoof,288,shaman,restoration,6,3,3
25379,Pressyocds,darkspear,288,shaman,restoration,6,3,3
25380,Cloudycloud,tichondrius,288,shaman,restoration,6,3,3
25381,Slëvin,frostmourne,288,shaman,restoration,6,3,3
25382,Sumdumshaman,illidan,288,shaman,restoration,6,3,3
25383,Restoele,tichondrius,288,shaman,restoration,6,3,3
25384,Hannamayzing,arathor,288,shaman,restoration,6,3,3
25385,Megadabs,malganis,288,shaman,restoration,6,3,3
25386,Stitchez,illidan,288,shaman,restoration,6,3,3
25387,Shearx,illidan,288,shaman,restoration,6,3,3
25388,Totemtots,illidan,288,shaman,restoration,6,3,3
25389,Htsu,quelthalas,288,shaman,restoration,6,3,3
25390,Biased,sargeras,288,shaman,restoration,6,3,3
25391,Catnïp,maelstrom,288,shaman,restoration,6,3,3
25392,Daggonet,sargeras,288,shaman,restoration,6,3,3
25393,Slimcube,illidan,288,shaman,restoration,6,3,3
25394,Porkbrains,emerald-dream,288,shaman,restoration,10,4,6
25395,Rebelutioni,lothar,288,shaman,restoration,11,3,8
25396,Calliope,burning-legion,288,shaman,restoration,12,3,9
25397,Meatyball,tichondrius,288,shaman,restoration,12,3,9
25398,Oomme,area-52,288,shaman,restoration,12,3,9
25399,Scion,thaurissan,288,shaman,restoration,12,3,9
25400,Possessing,illidan,288,shaman,restoration,12,3,9
25401,Sliccricc,doomhammer,288,shaman,restoration,12,3,9
25402,Mondaymood,illidan,288,shaman,restoration,12,3,9
25403,Sooweecide,tichondrius,288,shaman,restoration,12,3,9
25404,Zéwel,tichondrius,288,shaman,restoration,12,3,9
25405,Chocobomb,burning-blade,288,shaman,restoration,12,3,9
25406,Trysts,wyrmrest-accord,288,shaman,restoration,12,3,9
25407,Mochomò,ragnaros,288,shaman,restoration,12,3,9
25408,Pootergash,shadowmoon,288,shaman,restoration,12,3,9
25409,Showkinho,azralon,288,shaman,restoration,12,3,9
25410,Greensween,thrall,288,shaman,restoration,13,3,10
25411,Galarix,nerzhul,288,shaman,restoration,18,3,15
25412,Trovac,azralon,287,shaman,restoration,6,3,3
25413,Valien,kiljaeden,287,shaman,restoration,6,3,3
25414,Nottoshammy,dalaran,287,shaman,restoration,12,3,9
25415,Churgarm,zuljin,287,shaman,restoration,12,3,9
25416,Garurt,daggerspine,286,shaman,restoration,12,6,6
25417,Aureal,malganis,282,shaman,restoration,10,6,4
25418,Tarlonygg,malganis,281,shaman,restoration,15,6,9
25419,Shazikial,illidan,255,shaman,restoration,8,4,4
25420,Hilung,lightnings-blade,255,shaman,restoration,11,3,8
25421,Smniss,tichondrius,239,shaman,restoration,5,3,2
25422,Lupog,illidan,239,shaman,restoration,5,3,2
25423,Lickerman,stormreaver,239,shaman,restoration,5,3,2
25424,Shamyshame,quelthalas,234,shaman,restoration,6,4,2
25425,Circuits,malganis,234,shaman,restoration,11,5,6
25426,Bigripnow,sargeras,234,shaman,restoration,20,4,16
25427,Tokelahoma,stormrage,234,shaman,restoration,22,4,18
25428,Mcstop,tanaris,192,shaman,restoration,18,6,12
25429,Yoloswage,tichondrius,192,shaman,restoration,9,3,6
25430,Sphaerus,tichondrius,192,shaman,restoration,6,2,4
25431,Purpose,nerzhul,192,shaman,restoration,6,2,4
25432,Relâx,icecrown,192,shaman,restoration,6,2,4
25433,Tremór,frostmourne,192,shaman,restoration,6,2,4
25434,Shäman,anetheron,192,shaman,restoration,6,2,4
25435,Handzum,blades-edge,192,shaman,restoration,6,2,4
25436,Zhangyider,illidan,192,shaman,restoration,6,2,4
25437,Óompaloompa,frostmourne,192,shaman,restoration,6,2,4
25438,Kupnicki,zuljin,192,shaman,restoration,6,2,4
25439,Sid,frostmourne,192,shaman,restoration,6,2,4
25440,Lequandarius,sargeras,192,shaman,restoration,6,2,4
25441,Ioki,spirestone,192,shaman,restoration,6,2,4
25442,Linkandwink,nerzhul,192,shaman,restoration,6,2,4
25443,Sannyasin,azralon,192,shaman,restoration,6,2,4
25444,Hefestos,nemesis,192,shaman,restoration,6,2,4
25445,Karnnages,cenarion-circle,192,shaman,restoration,6,2,4
25446,Shamiggels,sargeras,192,shaman,restoration,6,2,4
25447,Chainandrain,frostmourne,192,shaman,restoration,6,2,4
25448,Juraf,malganis,192,shaman,restoration,6,2,4
25449,Oprawîndfury,tichondrius,192,shaman,restoration,6,2,4
25450,Mazekheen,barthilas,192,shaman,restoration,6,2,4
25451,Keldara,aerie-peak,192,shaman,restoration,6,2,4
25452,Raxxom,tichondrius,192,shaman,restoration,6,2,4
25453,Yngvii,tichondrius,192,shaman,restoration,6,2,4
25454,Konga,korialstrasz,192,shaman,restoration,6,2,4
25455,Duality,shattered-halls,192,shaman,restoration,6,2,4
25456,Dallìa,tichondrius,192,shaman,restoration,6,2,4
25457,Twistër,illidan,192,shaman,restoration,6,2,4
25458,Waterspinach,tichondrius,192,shaman,restoration,6,2,4
25459,Thundertusks,norgannon,192,shaman,restoration,6,2,4
25460,Cpkzlol,tichondrius,192,shaman,restoration,6,2,4
25461,Umadilia,area-52,192,shaman,restoration,6,2,4
25462,Plutoshaker,tichondrius,192,shaman,restoration,6,2,4
25463,Huukron,emerald-dream,192,shaman,restoration,6,2,4
25464,Chonchastic,darkspear,192,shaman,restoration,6,2,4
25465,Bloodlustxo,frostmourne,192,shaman,restoration,6,2,4
25466,Notviscent,illidan,192,shaman,restoration,6,2,4
25467,Cawlin,stormrage,192,shaman,restoration,6,2,4
25468,Zâppý,stormrage,192,shaman,restoration,6,2,4
25469,Ituma,tichondrius,192,shaman,restoration,6,2,4
25470,Novoz,tichondrius,192,shaman,restoration,6,2,4
25471,Nbax,tichondrius,192,shaman,restoration,6,2,4
25472,Gwenstifani,sargeras,192,shaman,restoration,6,2,4
25473,Jimmybutler,tichondrius,192,shaman,restoration,6,2,4
25474,Aderra,garrosh,192,shaman,restoration,6,2,4
25475,Rocksteddy,area-52,192,shaman,restoration,6,2,4
25476,Dabrat,lightnings-blade,192,shaman,restoration,6,2,4
25477,Lolcàt,tichondrius,192,shaman,restoration,6,2,4
25478,Mauiiei,sargeras,192,shaman,restoration,6,2,4
25479,Dhalishama,thrall,192,shaman,restoration,6,2,4
25480,Ara,zuljin,192,shaman,restoration,6,2,4
25481,Zugzugpurge,thrall,192,shaman,restoration,6,2,4
25482,Xoweeknd,stormrage,192,shaman,restoration,6,2,4
25483,Eccentrix,mannoroth,192,shaman,restoration,6,2,4
25484,Chungxs,illidan,192,shaman,restoration,6,2,4
25485,Mjxholland,aegwynn,192,shaman,restoration,6,2,4
25486,Flamehorns,malganis,192,shaman,restoration,6,2,4
25487,Timbosteve,thrall,192,shaman,restoration,6,2,4
25488,Suspend,gorgonnash,192,shaman,restoration,9,2,7
25489,Wasiri,illidan,192,shaman,restoration,12,2,10
25490,Hugebrain,proudmoore,192,shaman,restoration,12,2,10
25491,Kitanoo,kiljaeden,192,shaman,restoration,12,2,10
25492,Slowpo,illidan,192,shaman,restoration,12,2,10
25493,Soomer,frostmourne,192,shaman,restoration,12,2,10
25494,Rhaksh,sargeras,192,shaman,restoration,12,2,10
25495,Bizzy,black-dragonflight,192,shaman,restoration,12,2,10
25496,Monchsham,area-52,192,shaman,restoration,13,2,11
25497,Bootsix,area-52,192,shaman,restoration,18,2,16
25498,Shockbot,stormscale,192,shaman,restoration,18,2,16
25499,Kicksave,illidan,192,shaman,restoration,18,2,16
25500,Fóurelements,malganis,191,shaman,restoration,6,2,4
25501,Donix,destromath,191,shaman,restoration,6,2,4
25502,Vazan,arthas,191,shaman,restoration,6,2,4
25503,Malsturm,stormrage,191,shaman,restoration,6,2,4
25504,Machalo,sargeras,191,shaman,restoration,6,2,4
25505,Uggbootz,amanthul,191,shaman,restoration,7,2,5
25506,Restomilk,tichondrius,159,shaman,restoration,5,2,3
25507,Nolij,sargeras,159,shaman,restoration,5,2,3
25508,Galaxiya,blackhand,144,shaman,restoration,9,3,6
25509,Drowsbad,tichondrius,138,shaman,restoration,10,4,6
25510,Bigdaddyion,thrall,138,shaman,restoration,9,3,6
25511,Mikeisbadwow,tichondrius,128,shaman,restoration,4,2,2
25512,Hueymagoo,firetree,112,shaman,restoration,13,2,11
25513,Jbahr,hyjal,96,shaman,restoration,3,2,1
25514,Teathin,ragnaros,96,shaman,restoration,6,1,5
25515,Schmutz,emerald-dream,96,shaman,restoration,6,1,5
25516,Hadèes,zuljin,96,shaman,restoration,6,1,5
25517,Meshugga,scarlet-crusade,96,shaman,restoration,6,1,5
25518,Shamnnoodlez,area-52,96,shaman,restoration,6,1,5
25519,Galiffa,area-52,96,shaman,restoration,6,1,5
25520,Iightning,frostwolf,96,shaman,restoration,6,1,5
25521,Liltex,malganis,96,shaman,restoration,6,1,5
25522,Wannabecdeww,kelthuzad,96,shaman,restoration,6,1,5
25523,Shamoover,kelthuzad,96,shaman,restoration,6,1,5
25524,Eleshamanz,tichondrius,96,shaman,restoration,6,1,5
25525,Dodey,malganis,96,shaman,restoration,6,1,5
25526,Scrototëm,azralon,96,shaman,restoration,6,1,5
25527,Twizzhurp,bleeding-hollow,96,shaman,restoration,6,1,5
25528,Billydreams,drakkari,96,shaman,restoration,6,1,5
25529,Finnaburstt,tichondrius,96,shaman,restoration,6,1,5
25530,Dasckisham,area-52,96,shaman,restoration,6,1,5
25531,Shapaman,tichondrius,96,shaman,restoration,6,1,5
25532,Tchamí,blackrock,96,shaman,restoration,6,1,5
25533,Average,bonechewer,96,shaman,restoration,6,1,5
25534,Sshhammann,tichondrius,96,shaman,restoration,6,1,5
25535,Thenewsherek,maelstrom,96,shaman,restoration,6,1,5
25536,Restorates,tichondrius,96,shaman,restoration,6,1,5
25537,Restoz,thrall,96,shaman,restoration,6,1,5
25538,Célty,moon-guard,96,shaman,restoration,6,1,5
25539,Meramin,illidan,96,shaman,restoration,6,1,5
25540,Cluffatty,tichondrius,96,shaman,restoration,6,1,5
25541,Toyletpaper,mugthol,96,shaman,restoration,6,1,5
25542,Ogeez,area-52,96,shaman,restoration,6,1,5
25543,Finark,tichondrius,96,shaman,restoration,7,1,6
25544,Calicø,durotan,96,shaman,restoration,7,1,6
25545,Tinytiddies,chogall,96,shaman,restoration,12,1,11
25546,Njolmir,khazgoroth,96,shaman,restoration,12,1,11
25547,Hexpert,firetree,96,shaman,restoration,12,1,11
25548,Tehbeast,khadgar,96,shaman,restoration,12,1,11
25549,Meatlog,dalaran,96,shaman,restoration,12,1,11
25550,Interwebzz,tichondrius,95,shaman,restoration,18,1,17
25551,Dirtyshammy,mugthol,79,shaman,restoration,11,1,10
25552,Totèm,tichondrius,64,shaman,restoration,4,1,3
25553,Ryforges,frostmourne,63,shaman,restoration,2,2,0
25554,Annöying,ysera,42,shaman,restoration,6,2,4
25555,Applicable,tichondrius,42,shaman,restoration,9,2,7
25556,Wragnus,tichondrius,42,shaman,restoration,9,2,7
25557,Julíp,tichondrius,42,shaman,restoration,10,2,8
25558,Darkn,cenarion-circle,31,shaman,restoration,2,1,1
25559,Cashe,kiljaeden,2368,shaman,elemental,126,80,46
25560,Ttvozzyxy,tichondrius,2295,shaman,elemental,88,54,34
25561,Meatbeaterx,aggramar,2252,shaman,elemental,69,41,28
25562,Bøøgaa,proudmoore,2240,shaman,elemental,89,51,38
25563,Bronzer,tichondrius,2217,shaman,elemental,61,42,19
25564,Crøwgød,tichondrius,2172,shaman,elemental,97,59,38
25565,Thegloc,illidan,2168,shaman,elemental,59,36,23
25566,Detonations,tichondrius,2153,shaman,elemental,68,43,25
25567,Jimmysporty,malganis,2135,shaman,elemental,84,43,41
25568,Jgmbs,dalaran,2134,shaman,elemental,106,64,42
25569,Hitzz,malganis,2127,shaman,elemental,78,49,29
25570,Iavalash,bleeding-hollow,2125,shaman,elemental,142,74,68
25571,Lardaz,darkspear,2118,shaman,elemental,60,37,23
25572,Hollowbaby,tichondrius,2101,shaman,elemental,73,48,25
25573,Bujii,frostmourne,2090,shaman,elemental,95,54,41
25574,Axelsteel,illidan,2074,shaman,elemental,60,40,20
25575,Jeasham,malganis,2047,shaman,elemental,89,46,43
25576,Yejinok,tichondrius,2040,shaman,elemental,66,39,27
25577,Ranjeesh,frostmourne,2038,shaman,elemental,114,63,51
25578,Manofsand,drenden,2027,shaman,elemental,149,79,70
25579,Tisaa,tichondrius,2025,shaman,elemental,66,32,34
25580,Bakenquake,tichondrius,1947,shaman,elemental,92,48,44
25581,Itzgucci,illidan,1941,shaman,elemental,57,35,22
25582,Kaandel,azralon,1934,shaman,elemental,96,44,52
25583,Sasageyo,tichondrius,1923,shaman,elemental,76,44,32
25584,Scaman,tichondrius,1903,shaman,elemental,36,23,13
25585,Makazar,tichondrius,1901,shaman,elemental,42,26,16
25586,Safeword,nesingwary,1891,shaman,elemental,62,35,27
25587,Ultron,deathwing,1890,shaman,elemental,143,74,69
25588,Matikz,boulderfist,1878,shaman,elemental,142,78,64
25589,Powerdown,blackrock,1878,shaman,elemental,65,32,33
25590,Reckfulq,proudmoore,1877,shaman,elemental,72,48,24
25591,Tyar,area-52,1876,shaman,elemental,45,31,14
25592,Juicébox,tichondrius,1874,shaman,elemental,62,35,27
25593,Cùìó,barthilas,1868,shaman,elemental,54,25,29
25594,Chunchünmaru,area-52,1852,shaman,elemental,59,32,27
25595,Sleepysham,kelthuzad,1851,shaman,elemental,48,27,21
25596,Johnsju,sargeras,1847,shaman,elemental,63,33,30
25597,Chemjenn,korgath,1838,shaman,elemental,84,37,47
25598,Skkarz,malganis,1834,shaman,elemental,65,40,25
25599,Starmaker,malganis,1833,shaman,elemental,44,23,21
25600,Mavz,moon-guard,1831,shaman,elemental,59,35,24
25601,Gaymakaí,sargeras,1828,shaman,elemental,48,27,21
25602,Hotdogwaterx,tichondrius,1817,shaman,elemental,62,42,20
25603,Trenzix,sargeras,1815,shaman,elemental,136,64,72
25604,Snookìe,sargeras,1813,shaman,elemental,58,28,30
25605,Shockay,tichondrius,1807,shaman,elemental,50,26,24
25606,Elefusion,sargeras,1806,shaman,elemental,36,22,14
25607,Swigadee,tichondrius,1806,shaman,elemental,72,33,39
25608,Drazziqt,malganis,1803,shaman,elemental,45,27,18
25609,Nonomori,frostmourne,1802,shaman,elemental,48,30,18
25610,Torchic,drakkari,1801,shaman,elemental,60,31,29
25611,Monkeysham,dathremar,1800,shaman,elemental,48,30,18
25612,Utilitytotem,moon-guard,1800,shaman,elemental,102,56,46
25613,Foudre,malganis,1798,shaman,elemental,30,19,11
25614,Emppege,tichondrius,1789,shaman,elemental,69,30,39
25615,Vkzz,sargeras,1784,shaman,elemental,49,23,26
25616,Ãmg,tichondrius,1779,shaman,elemental,36,24,12
25617,Notbpage,burning-blade,1777,shaman,elemental,78,42,36
25618,Molerat,illidan,1772,shaman,elemental,134,60,74
25619,Zqsyyds,illidan,1770,shaman,elemental,35,19,16
25620,Møp,spirestone,1766,shaman,elemental,66,39,27
25621,Brezel,azralon,1740,shaman,elemental,42,27,15
25622,Scherzer,frostwolf,1735,shaman,elemental,66,28,38
25623,Hexistential,tichondrius,1731,shaman,elemental,34,26,8
25624,Uglymuger,tichondrius,1730,shaman,elemental,62,30,32
25625,Bronzers,tichondrius,1723,shaman,elemental,30,18,12
25626,Mackq,tichondrius,1721,shaman,elemental,67,33,34
25627,Apyôn,tichondrius,1719,shaman,elemental,42,24,18
25628,Gangmembr,illidan,1717,shaman,elemental,30,18,12
25629,Elementàlius,quelthalas,1713,shaman,elemental,65,35,30
25630,Ayumihamasai,tichondrius,1710,shaman,elemental,60,33,27
25631,Orksham,tichondrius,1709,shaman,elemental,42,21,21
25632,Notahappyone,area-52,1703,shaman,elemental,48,34,14
25633,Osev,stormrage,1703,shaman,elemental,36,21,15
25634,Carondes,proudmoore,1703,shaman,elemental,57,29,28
25635,Mytotemisbig,lothar,1694,shaman,elemental,59,38,21
25636,Dxxlol,tichondrius,1692,shaman,elemental,24,20,4
25637,Bismarks,frostmourne,1692,shaman,elemental,42,22,20
25638,Soyboyxxo,barthilas,1691,shaman,elemental,83,40,43
25639,Taranís,sargeras,1689,shaman,elemental,36,18,18
25640,Shockyshock,emerald-dream,1683,shaman,elemental,46,29,17
25641,Hedeadxs,illidan,1672,shaman,elemental,36,19,17
25642,Jerkdaddy,aggramar,1668,shaman,elemental,30,19,11
25643,Streetmeat,crushridge,1667,shaman,elemental,103,54,49
25644,Dampenedxx,bleeding-hollow,1657,shaman,elemental,72,38,34
25645,Joedna,tichondrius,1653,shaman,elemental,34,19,15
25646,Kawj,eonar,1652,shaman,elemental,36,21,15
25647,Dyxlol,tichondrius,1652,shaman,elemental,56,25,31
25648,Thaelia,azgalor,1650,shaman,elemental,40,23,17
25649,Gravygumdrop,tichondrius,1648,shaman,elemental,80,39,41
25650,Hexzy,moon-guard,1645,shaman,elemental,47,23,24
25651,Smoketide,stormrage,1644,shaman,elemental,47,21,26
25652,Shockisha,sisters-of-elune,1644,shaman,elemental,52,23,29
25653,Illmental,kelthuzad,1636,shaman,elemental,79,40,39
25654,Triknolov,dalaran,1636,shaman,elemental,47,22,25
25655,Zipzsham,maiev,1635,shaman,elemental,33,24,9
25656,Billydreams,drakkari,1634,shaman,elemental,123,59,64
25657,Imnumberl,sargeras,1630,shaman,elemental,78,51,27
25658,Meatbeaterx,bleeding-hollow,1630,shaman,elemental,30,17,13
25659,Deckìn,proudmoore,1630,shaman,elemental,106,57,49
25660,Tenyks,tichondrius,1627,shaman,elemental,40,22,18
25661,Fiftybeers,frostmourne,1627,shaman,elemental,35,19,16
25662,Zoeytur,sargeras,1624,shaman,elemental,36,17,19
25663,Squealer,sargeras,1619,shaman,elemental,62,31,31
25664,Ssjgreen,illidan,1617,shaman,elemental,42,22,20
25665,Mulak,frostmourne,1616,shaman,elemental,110,54,56
25666,Donkeyteeth,bleeding-hollow,1612,shaman,elemental,24,17,7
25667,Thündermoose,tichondrius,1608,shaman,elemental,42,21,21
25668,Taxd,sargeras,1605,shaman,elemental,40,21,19
25669,Jaimenohex,illidan,1603,shaman,elemental,36,19,17
25670,Nutty,dentarg,1602,shaman,elemental,42,24,18
25671,Tulol,tichondrius,1602,shaman,elemental,102,48,54
25672,Opaltsing,tichondrius,1601,shaman,elemental,39,19,20
25673,Daddykooll,tichondrius,1600,shaman,elemental,36,22,14
25674,Loxshox,gnomeregan,1600,shaman,elemental,121,62,59
25675,Sonire,tichondrius,1596,shaman,elemental,125,56,69
25676,Igotu,tichondrius,1595,shaman,elemental,30,17,13
25677,Datbigthing,frostmourne,1594,shaman,elemental,48,21,27
25678,Zeylhe,proudmoore,1593,shaman,elemental,48,22,26
25679,Setò,quelthalas,1591,shaman,elemental,42,22,20
25680,Gangstà,stormrage,1589,shaman,elemental,60,26,34
25681,Buju,bleeding-hollow,1580,shaman,elemental,66,38,28
25682,ßævis,magtheridon,1572,shaman,elemental,24,17,7
25683,Heavyboxer,tichondrius,1565,shaman,elemental,42,20,22
25684,Chajaa,ragnaros,1562,shaman,elemental,106,57,49
25685,Indika,stormrage,1560,shaman,elemental,30,18,12
25686,Washedupty,illidan,1560,shaman,elemental,84,42,42
25687,Climhazard,senjin,1555,shaman,elemental,36,18,18
25688,Shellshocka,korgath,1554,shaman,elemental,38,20,18
25689,Dtab,tichondrius,1552,shaman,elemental,36,18,18
25690,Doodleburger,dathremar,1545,shaman,elemental,50,41,9
25691,Thundermatt,aegwynn,1544,shaman,elemental,65,32,33
25692,Univearth,emerald-dream,1542,shaman,elemental,66,34,32
25693,Duality,shattered-halls,1541,shaman,elemental,30,21,9
25694,Borheals,tichondrius,1538,shaman,elemental,32,18,14
25695,Pikopiko,tichondrius,1535,shaman,elemental,24,16,8
25696,Billycool,tichondrius,1535,shaman,elemental,24,16,8
25697,Óompaloompa,frostmourne,1534,shaman,elemental,30,18,12
25698,Caserguy,sargeras,1531,shaman,elemental,42,16,26
25699,Harrypotqueu,zuljin,1527,shaman,elemental,30,16,14
25700,Draghul,frostwolf,1520,shaman,elemental,43,24,19
25701,Zap,wyrmrest-accord,1519,shaman,elemental,66,31,35
25702,Hecstacy,dalaran,1517,shaman,elemental,24,16,8
25703,Sweatshock,frostmourne,1515,shaman,elemental,42,27,15
25704,Hadèes,zuljin,1508,shaman,elemental,102,49,53
25705,Zugzugthug,moon-guard,1494,shaman,elemental,87,50,37
25706,Geodude,executus,1490,shaman,elemental,29,16,13
25707,Soulrak,tichondrius,1489,shaman,elemental,60,27,33
25708,Cyhren,illidan,1487,shaman,elemental,30,16,14
25709,Chandye,proudmoore,1485,shaman,elemental,36,16,20
25710,Walabi,tichondrius,1485,shaman,elemental,44,16,28
25711,Huskër,tichondrius,1483,shaman,elemental,64,38,26
25712,Gloi,ragnaros,1481,shaman,elemental,31,19,12
25713,Blmqt,stormrage,1473,shaman,elemental,23,16,7
25714,Generators,area-52,1473,shaman,elemental,129,61,68
25715,Tuntar,ragnaros,1465,shaman,elemental,74,39,35
25716,Joehogan,stormrage,1463,shaman,elemental,67,40,27
25717,Däbü,tichondrius,1440,shaman,elemental,24,15,9
25718,Clapton,darkspear,1440,shaman,elemental,41,17,24
25719,Stitchis,black-dragonflight,1439,shaman,elemental,39,22,17
25720,Biberom,kelthuzad,1434,shaman,elemental,57,32,25
25721,Isekai,alterac-mountains,1429,shaman,elemental,75,31,44
25722,Hufflefluffs,kiljaeden,1418,shaman,elemental,38,23,15
25723,Letronix,azralon,1418,shaman,elemental,36,15,21
25724,Flüke,tichondrius,1417,shaman,elemental,30,15,15
25725,Plotious,antonidas,1413,shaman,elemental,36,19,17
25726,Dumpweed,stormscale,1413,shaman,elemental,42,21,21
25727,Gumballin,sargeras,1412,shaman,elemental,85,41,44
25728,Malosa,hyjal,1411,shaman,elemental,41,16,25
25729,Ragnards,ragnaros,1410,shaman,elemental,38,18,20
25730,Cgq,tichondrius,1408,shaman,elemental,42,21,21
25731,Telain,quelthalas,1401,shaman,elemental,60,31,29
25732,Zappynips,frostmourne,1399,shaman,elemental,39,20,19
25733,Saraguthix,dalaran,1399,shaman,elemental,54,23,31
25734,Evilraven,tichondrius,1395,shaman,elemental,143,67,76
25735,Liloggie,illidan,1385,shaman,elemental,23,15,8
25736,Shampainn,demon-soul,1383,shaman,elemental,65,33,32
25737,Ceedlamb,kelthuzad,1381,shaman,elemental,66,34,32
25738,Lenin,nathrezim,1375,shaman,elemental,56,23,33
25739,Rss,barthilas,1373,shaman,elemental,29,15,14
25740,Zechary,proudmoore,1372,shaman,elemental,48,19,29
25741,Mhaal,wyrmrest-accord,1364,shaman,elemental,74,31,43
25742,Morluné,tichondrius,1363,shaman,elemental,39,17,22
25743,Ekstasiel,azralon,1362,shaman,elemental,42,23,19
25744,Conductivity,frostmourne,1351,shaman,elemental,30,15,15
25745,Malrom,kelthuzad,1350,shaman,elemental,181,95,86
25746,Hexecute,tichondrius,1344,shaman,elemental,24,14,10
25747,Spoonforkorc,thrall,1342,shaman,elemental,24,14,10
25748,Hurky,sargeras,1340,shaman,elemental,85,43,42
25749,Zugzugdogg,destromath,1339,shaman,elemental,24,14,10
25750,Snapstr,illidan,1336,shaman,elemental,30,14,16
25751,Illbuyurmom,tichondrius,1333,shaman,elemental,31,14,17
25752,Totem,burning-legion,1327,shaman,elemental,24,14,10
25753,Luvstospooj,thaurissan,1325,shaman,elemental,49,21,28
25754,Sshaman,tichondrius,1308,shaman,elemental,34,14,20
25755,Groundme,malganis,1295,shaman,elemental,23,14,9
25756,Hueymagoo,firetree,1295,shaman,elemental,24,14,10
25757,Jaapo,barthilas,1284,shaman,elemental,42,20,22
25758,Orkuss,illidan,1281,shaman,elemental,23,14,9
25759,Ffaísca,azralon,1279,shaman,elemental,38,19,19
25760,Mittss,sargeras,1273,shaman,elemental,65,32,33
25761,Shamanzinh,azralon,1262,shaman,elemental,36,19,17
25762,Sugirukifuja,stormrage,1258,shaman,elemental,23,16,7
25763,Luhz,tichondrius,1248,shaman,elemental,24,13,11
25764,Robot,illidan,1248,shaman,elemental,24,13,11
25765,Beyoncé,lethon,1248,shaman,elemental,24,13,11
25766,Enkix,drakkari,1247,shaman,elemental,24,13,11
25767,Clarix,quelthalas,1241,shaman,elemental,24,13,11
25768,Edenorion,ragnaros,1238,shaman,elemental,40,20,20
25769,Moacmathi,quelthalas,1232,shaman,elemental,48,20,28
25770,Yasmiel,zuljin,1232,shaman,elemental,36,13,23
25771,Cptnmagma,bleeding-hollow,1231,shaman,elemental,88,41,47
25772,Zhokal,quelthalas,1225,shaman,elemental,77,43,34
25773,Rolltìde,tichondrius,1223,shaman,elemental,69,38,31
25774,Nøir,drakkari,1223,shaman,elemental,36,13,23
25775,Engara,frostmane,1216,shaman,elemental,29,13,16
25776,Øten,area-52,1214,shaman,elemental,30,20,10
25777,Beerofdoom,proudmoore,1214,shaman,elemental,30,15,15
25778,Yasuriyamile,illidan,1211,shaman,elemental,64,27,37
25779,Grezzkall,malganis,1207,shaman,elemental,39,19,20
25780,Omegaman,lightninghoof,1204,shaman,elemental,69,35,34
25781,Faygodream,illidan,1203,shaman,elemental,30,13,17
25782,Rafiki,haomarush,1198,shaman,elemental,48,19,29
25783,Alphamael,lightbringer,1195,shaman,elemental,41,21,20
25784,Forgediniron,stormrage,1195,shaman,elemental,36,17,19
25785,Gorjun,stormrage,1175,shaman,elemental,33,16,17
25786,Kumer,tichondrius,1171,shaman,elemental,22,13,9
25787,Bazinguinha,azralon,1169,shaman,elemental,36,15,21
25788,Srbski,emerald-dream,1167,shaman,elemental,26,13,13
25789,Totemtown,darkspear,1167,shaman,elemental,36,14,22
25790,Jaycobb,area-52,1159,shaman,elemental,30,13,17
25791,Venekk,shattered-hand,1158,shaman,elemental,23,13,10
25792,Kang,terenas,1150,shaman,elemental,18,12,6
25793,Smiteums,sargeras,1150,shaman,elemental,24,12,12
25794,Zugdabou,bonechewer,1150,shaman,elemental,36,16,20
25795,Blacklm,tichondrius,1148,shaman,elemental,18,12,6
25796,Electriik,kiljaeden,1146,shaman,elemental,18,12,6
25797,Ratson,ragnaros,1144,shaman,elemental,24,12,12
25798,Exoticz,barthilas,1131,shaman,elemental,38,12,26
25799,Johnwilke,area-52,1123,shaman,elemental,43,17,26
25800,Bravederp,kelthuzad,1120,shaman,elemental,63,31,32
25801,Yodahh,daggerspine,1110,shaman,elemental,24,13,11
25802,Shockazulu,vashj,1109,shaman,elemental,42,22,20
25803,Gahaa,tichondrius,1099,shaman,elemental,17,12,5
25804,Yunow,ragnaros,1096,shaman,elemental,48,20,28
25805,Geladoo,gallywix,1087,shaman,elemental,30,14,16
25806,Topax,vashj,1083,shaman,elemental,17,12,5
25807,Omnath,zuluhed,1083,shaman,elemental,35,19,16
25808,Zappz,thunderlord,1082,shaman,elemental,54,31,23
25809,Shammpain,barthilas,1074,shaman,elemental,35,19,16
25810,Semasham,khazgoroth,1068,shaman,elemental,25,12,13
25811,Saanrixa,jubeithos,1061,shaman,elemental,48,15,33
25812,Petrafk,illidan,1056,shaman,elemental,18,11,7
25813,Bestshamus,sargeras,1056,shaman,elemental,18,11,7
25814,Hazzathxy,tichondrius,1056,shaman,elemental,18,11,7
25815,Miroen,tichondrius,1056,shaman,elemental,24,11,13
25816,Highsteakss,tichondrius,1055,shaman,elemental,12,11,1
25817,Kymo,tichondrius,1055,shaman,elemental,18,11,7
25818,Smooths,bloodscalp,1055,shaman,elemental,18,11,7
25819,Bootietootie,bleeding-hollow,1055,shaman,elemental,18,11,7
25820,Hexxás,bloodscalp,1055,shaman,elemental,21,12,9
25821,Thuntard,bleeding-hollow,1055,shaman,elemental,24,11,13
25822,Zelthakaru,emerald-dream,1055,shaman,elemental,24,11,13
25823,Buffele,tichondrius,1055,shaman,elemental,24,11,13
25824,Kigoros,bleeding-hollow,1054,shaman,elemental,18,11,7
25825,Sumnah,sargeras,1054,shaman,elemental,42,22,20
25826,Snewboii,malganis,1053,shaman,elemental,18,11,7
25827,Blastuh,kiljaeden,1053,shaman,elemental,18,11,7
25828,Asanako,illidan,1051,shaman,elemental,28,14,14
25829,Taeilendar,ragnaros,1050,shaman,elemental,24,11,13
25830,Üchihamadarâ,tichondrius,1046,shaman,elemental,27,12,15
25831,Skwiglz,tichondrius,1045,shaman,elemental,63,29,34
25832,Minzysm,illidan,1045,shaman,elemental,24,11,13
25833,Baltharzhard,saurfang,1040,shaman,elemental,24,11,13
25834,Darkrock,echo-isles,1033,shaman,elemental,24,12,12
25835,Afgoox,tichondrius,1025,shaman,elemental,24,15,9
25836,Rollypolli,gnomeregan,1022,shaman,elemental,72,36,36
25837,Treesntotemz,darkspear,1020,shaman,elemental,18,11,7
25838,Firecracker,warsong,1003,shaman,elemental,52,29,23
25839,Cheweydadawg,shandris,990,shaman,elemental,23,11,12
25840,Soartotes,sargeras,987,shaman,elemental,22,11,11
25841,Wälee,sargeras,976,shaman,elemental,71,33,38
25842,Bronan,laughing-skull,976,shaman,elemental,48,17,31
25843,Mistayl,bleeding-hollow,968,shaman,elemental,30,12,18
25844,Smrtdeath,zuljin,960,shaman,elemental,12,10,2
25845,Dewoverload,garithos,960,shaman,elemental,12,10,2
25846,Àspect,aegwynn,960,shaman,elemental,18,10,8
25847,Smeagles,ragnaros,960,shaman,elemental,18,10,8
25848,Depression,baelgun,959,shaman,elemental,18,10,8
25849,Ñîmåbè,tichondrius,959,shaman,elemental,18,10,8
25850,Tidalstorm,thrall,959,shaman,elemental,18,10,8
25851,Imense,sargeras,958,shaman,elemental,18,10,8
25852,Korlog,tichondrius,957,shaman,elemental,12,10,2
25853,Moartotems,kelthuzad,957,shaman,elemental,12,10,2
25854,Charabon,ragnaros,957,shaman,elemental,18,10,8
25855,Redlava,turalyon,956,shaman,elemental,12,10,2
25856,Shockshammy,kiljaeden,956,shaman,elemental,18,10,8
25857,Chonkymilk,illidan,956,shaman,elemental,24,10,14
25858,Honeybean,tichondrius,956,shaman,elemental,24,10,14
25859,Chaposz,tichondrius,955,shaman,elemental,24,10,14
25860,Tinkd,stormrage,953,shaman,elemental,18,10,8
25861,Izreborn,tichondrius,953,shaman,elemental,24,10,14
25862,Yippeekiyay,zuluhed,953,shaman,elemental,27,11,16
25863,Shamanic,dunemaul,953,shaman,elemental,77,27,50
25864,Gorron,frostwolf,929,shaman,elemental,24,10,14
25865,Golozok,zuljin,923,shaman,elemental,23,10,13
25866,Bushdeedit,stormrage,910,shaman,elemental,23,10,13
25867,Nooglee,malganis,907,shaman,elemental,21,10,11
25868,Aragog,malygos,899,shaman,elemental,32,16,16
25869,Threehandz,bleeding-hollow,886,shaman,elemental,55,20,35
25870,Trilz,barthilas,880,shaman,elemental,19,10,9
25871,Illchayqt,frostmourne,879,shaman,elemental,17,10,7
25872,Koalatricks,shadow-council,864,shaman,elemental,12,9,3
25873,Helga,hellscream,864,shaman,elemental,12,9,3
25874,Planetwaves,malganis,864,shaman,elemental,12,9,3
25875,Handzum,blades-edge,864,shaman,elemental,12,9,3
25876,Notragii,kelthuzad,864,shaman,elemental,12,9,3
25877,Tremordrfear,lightbringer,864,shaman,elemental,12,9,3
25878,Jer,tichondrius,864,shaman,elemental,12,9,3
25879,Owtyobwol,area-52,864,shaman,elemental,18,9,9
25880,Zuescannon,kelthuzad,864,shaman,elemental,18,9,9
25881,Earthclap,tichondrius,864,shaman,elemental,24,9,15
25882,Ðomzy,tichondrius,863,shaman,elemental,12,9,3
25883,Eimear,kelthuzad,863,shaman,elemental,18,9,9
25884,Earthfirex,ragnaros,863,shaman,elemental,18,9,9
25885,Poseidon,kiljaeden,863,shaman,elemental,18,9,9
25886,Uglymugshock,tichondrius,863,shaman,elemental,24,9,15
25887,Thaél,proudmoore,863,shaman,elemental,24,9,15
25888,Xodeus,frostmourne,863,shaman,elemental,24,9,15
25889,Luxenor,kelthuzad,862,shaman,elemental,12,9,3
25890,Tottemic,blackrock,862,shaman,elemental,18,9,9
25891,Grandwolf,ragnaros,861,shaman,elemental,18,9,9
25892,Phagocytosis,illidan,861,shaman,elemental,18,9,9
25893,Vulkuro,quelthalas,861,shaman,elemental,18,9,9
25894,Drazzella,arthas,861,shaman,elemental,24,9,15
25895,Jensenx,proudmoore,861,shaman,elemental,24,9,15
25896,Grukall,galakrond,860,shaman,elemental,12,9,3
25897,Ayahuaskah,illidan,860,shaman,elemental,18,9,9
25898,Sanlu,tichondrius,860,shaman,elemental,23,10,13
25899,Velekar,moon-guard,858,shaman,elemental,24,9,15
25900,Gorakh,illidan,856,shaman,elemental,18,9,9
25901,Dellnar,nagrand,847,shaman,elemental,18,9,9
25902,Vegaslights,tichondrius,816,shaman,elemental,21,9,12
25903,Thanwirn,ragnaros,809,shaman,elemental,24,9,15
25904,Morabebi,tichondrius,768,shaman,elemental,12,8,4
25905,Simada,tichondrius,768,shaman,elemental,12,8,4
25906,Bagovs,tichondrius,768,shaman,elemental,12,8,4
25907,Pasto,bleeding-hollow,768,shaman,elemental,12,8,4
25908,Krupto,tichondrius,768,shaman,elemental,18,8,10
25909,Cepheí,bleeding-hollow,768,shaman,elemental,18,8,10
25910,Caninius,sargeras,768,shaman,elemental,18,8,10
25911,Gambezee,kelthuzad,768,shaman,elemental,18,8,10
25912,Olani,nesingwary,768,shaman,elemental,27,9,18
25913,Momothewolf,malganis,767,shaman,elemental,12,8,4
25914,Nazz,cenarion-circle,767,shaman,elemental,12,8,4
25915,Endorovich,mannoroth,767,shaman,elemental,18,8,10
25916,Cheddatotz,illidan,764,shaman,elemental,12,8,4
25917,Maldini,tol-barad,764,shaman,elemental,18,8,10
25918,Neebon,jubeithos,763,shaman,elemental,12,8,4
25919,Shammany,stormrage,763,shaman,elemental,18,8,10
25920,Teekona,tichondrius,763,shaman,elemental,18,8,10
25921,Syile,stormrage,735,shaman,elemental,14,9,5
25922,Hüsky,dalaran,735,shaman,elemental,17,8,9
25923,Lowiqpleb,tichondrius,719,shaman,elemental,17,8,9
25924,Dmt,exodar,704,shaman,elemental,22,8,14
25925,Fwwrs,illidan,703,shaman,elemental,14,8,6
25926,Makogo,earthen-ring,686,shaman,elemental,13,8,5
25927,Mazadu,malganis,672,shaman,elemental,12,7,5
25928,Cuban,kelthuzad,672,shaman,elemental,12,7,5
25929,Willy,icecrown,672,shaman,elemental,12,7,5
25930,Thoraq,bleeding-hollow,672,shaman,elemental,12,7,5
25931,Shocksrus,arthas,672,shaman,elemental,12,7,5
25932,Rahkarg,korgath,672,shaman,elemental,12,7,5
25933,Tatespeech,barthilas,672,shaman,elemental,12,7,5
25934,Pericazo,sargeras,672,shaman,elemental,12,7,5
25935,Drmeatballmd,tichondrius,672,shaman,elemental,12,7,5
25936,Fàlç,stormrage,672,shaman,elemental,12,7,5
25937,Humorlava,tichondrius,672,shaman,elemental,12,7,5
25938,Ayetex,kelthuzad,672,shaman,elemental,12,7,5
25939,Ðøææøð,stormrage,672,shaman,elemental,12,7,5
25940,Chazzwozza,area-52,672,shaman,elemental,12,7,5
25941,Glizzyjamon,sargeras,672,shaman,elemental,12,7,5
25942,Pipesable,ragnaros,672,shaman,elemental,12,7,5
25943,Eravas,thrall,672,shaman,elemental,18,7,11
25944,Hengler,emerald-dream,672,shaman,elemental,18,7,11
25945,Neotrad,proudmoore,672,shaman,elemental,18,7,11
25946,Kkangsiki,tichondrius,672,shaman,elemental,18,7,11
25947,Desdìnova,tortheldrin,672,shaman,elemental,18,7,11
25948,Dansham,zuljin,672,shaman,elemental,24,7,17
25949,Ôprawindfury,mugthol,671,shaman,elemental,12,7,5
25950,Jacori,malganis,671,shaman,elemental,12,7,5
25951,Destroçadorx,azralon,671,shaman,elemental,12,7,5
25952,Lenå,moon-guard,671,shaman,elemental,12,7,5
25953,Hairyrichard,zuljin,671,shaman,elemental,12,7,5
25954,Galabanjø,malganis,671,shaman,elemental,18,7,11
25955,Vktr,drakkari,671,shaman,elemental,18,7,11
25956,Synerggy,hakkar,670,shaman,elemental,12,7,5
25957,Xoelement,borean-tundra,669,shaman,elemental,12,7,5
25958,Grimlên,skullcrusher,669,shaman,elemental,18,7,11
25959,Phuamya,dalaran,667,shaman,elemental,12,7,5
25960,Jyster,area-52,664,shaman,elemental,24,7,17
25961,Cheesewheelz,arthas,651,shaman,elemental,22,7,15
25962,Megalithic,moon-guard,639,shaman,elemental,14,8,6
25963,Stormsanta,emerald-dream,639,shaman,elemental,17,7,10
25964,Koongram,area-52,623,shaman,elemental,11,7,4
25965,Kasparøv,tichondrius,576,shaman,elemental,6,6,0
25966,Adutchcowboy,tichondrius,576,shaman,elemental,6,6,0
25967,Boltadeez,tichondrius,576,shaman,elemental,6,6,0
25968,Doorti,area-52,576,shaman,elemental,12,6,6
25969,Jnzz,area-52,576,shaman,elemental,12,6,6
25970,Getwetand,quelthalas,576,shaman,elemental,12,6,6
25971,Finark,tichondrius,576,shaman,elemental,12,6,6
25972,Drogues,tichondrius,576,shaman,elemental,12,6,6
25973,Hydroponicz,sargeras,576,shaman,elemental,12,6,6
25974,Rubmytotêm,tichondrius,576,shaman,elemental,12,6,6
25975,Innvious,sargeras,576,shaman,elemental,12,6,6
25976,Hexoffend,zuljin,576,shaman,elemental,12,6,6
25977,Bustinbooty,kiljaeden,576,shaman,elemental,12,6,6
25978,Tairen,ragnaros,576,shaman,elemental,12,6,6
25979,Doommjölnir,sargeras,576,shaman,elemental,12,6,6
25980,Storminlorka,sargeras,576,shaman,elemental,12,6,6
25981,Zzarit,tichondrius,576,shaman,elemental,13,6,7
25982,Moctezumma,area-52,575,shaman,elemental,12,6,6
25983,Apocalypsehb,quelthalas,575,shaman,elemental,12,6,6
25984,Seinnome,azralon,575,shaman,elemental,12,6,6
25985,Drewshammy,zuljin,575,shaman,elemental,12,6,6
25986,Deggle,frostwolf,575,shaman,elemental,12,6,6
25987,Pãníç,bladefist,575,shaman,elemental,12,6,6
25988,Shøckolate,magtheridon,575,shaman,elemental,12,6,6
25989,Nemei,zuljin,575,shaman,elemental,12,6,6
25990,Procdepartme,area-52,575,shaman,elemental,12,6,6
25991,Shachone,zuljin,575,shaman,elemental,12,6,6
25992,Toho,ragnaros,575,shaman,elemental,12,6,6
25993,Nuofu,illidan,575,shaman,elemental,12,6,6
25994,Grimitt,suramar,575,shaman,elemental,18,6,12
25995,Nomahuata,cenarion-circle,575,shaman,elemental,18,6,12
25996,Shamarock,stonemaul,571,shaman,elemental,12,6,6
25997,Justballs,stormscale,571,shaman,elemental,12,6,6
25998,Totempaul,frostmourne,570,shaman,elemental,18,6,12
25999,Asy,tichondrius,559,shaman,elemental,11,6,5
26000,Aitex,kelthuzad,543,shaman,elemental,15,7,8
26001,Thanen,the-scryers,541,shaman,elemental,16,6,10
26002,Aseew,drakkari,522,shaman,elemental,21,9,12
26003,Lfhotmoms,moon-guard,480,shaman,elemental,6,5,1
26004,Vulcansh,azralon,480,shaman,elemental,6,5,1
26005,Swiatek,ragnaros,480,shaman,elemental,6,5,1
26006,Oldcregg,emerald-dream,480,shaman,elemental,6,5,1
26007,Biggiechief,illidan,480,shaman,elemental,6,5,1
26008,Lff,stormrage,480,shaman,elemental,6,5,1
26009,Shamxrob,sargeras,480,shaman,elemental,6,5,1
26010,Sxr,moon-guard,480,shaman,elemental,6,5,1
26011,Totemzie,illidan,480,shaman,elemental,6,5,1
26012,Farku,illidan,480,shaman,elemental,6,5,1
26013,Kebboz,frostmourne,480,shaman,elemental,6,5,1
26014,Meatballsx,tichondrius,480,shaman,elemental,6,5,1
26015,Baddaboom,sargeras,480,shaman,elemental,12,5,7
26016,Delement,ragnaros,480,shaman,elemental,12,5,7
26017,Gjaj,tichondrius,480,shaman,elemental,12,5,7
26018,Slumpinator,tichondrius,480,shaman,elemental,12,5,7
26019,Daerönn,azralon,480,shaman,elemental,12,5,7
26020,Vashidda,stormrage,480,shaman,elemental,12,5,7
26021,Zajashuna,malganis,480,shaman,elemental,12,5,7
26022,Waterground,tichondrius,480,shaman,elemental,12,5,7
26023,Eluulne,silvermoon,480,shaman,elemental,12,5,7
26024,Shamigo,tichondrius,480,shaman,elemental,12,5,7
26025,Stayz,tichondrius,480,shaman,elemental,12,5,7
26026,Wobbleshock,tichondrius,480,shaman,elemental,12,5,7
26027,Richode,burning-legion,480,shaman,elemental,12,5,7
26028,Jènova,whisperwind,480,shaman,elemental,12,5,7
26029,Flamestrife,illidan,480,shaman,elemental,12,5,7
26030,Sgorr,illidan,480,shaman,elemental,12,5,7
26031,Kimkar,bleeding-hollow,480,shaman,elemental,12,5,7
26032,Chomolungma,azralon,480,shaman,elemental,12,5,7
26033,Kanasya,quelthalas,480,shaman,elemental,12,5,7
26034,Kowabounga,ragnaros,480,shaman,elemental,12,5,7
26035,Totemchucker,stormrage,480,shaman,elemental,15,6,9
26036,Shiggenbasta,tichondrius,480,shaman,elemental,13,5,8
26037,Helapoon,area-52,480,shaman,elemental,18,5,13
26038,Advìl,area-52,480,shaman,elemental,18,5,13
26039,Lugak,ragnaros,480,shaman,elemental,18,5,13
26040,Nírnez,ragnaros,480,shaman,elemental,18,5,13
26041,Arialial,hyjal,480,shaman,elemental,18,5,13
26042,Shanão,nemesis,479,shaman,elemental,6,5,1
26043,Killdeaderer,barthilas,479,shaman,elemental,6,5,1
26044,Madeleines,goldrinn,479,shaman,elemental,6,5,1
26045,Ðarkvolts,stormrage,479,shaman,elemental,12,5,7
26046,Doughboy,khadgar,478,shaman,elemental,14,6,8
26047,Dizzytotem,dalaran,478,shaman,elemental,12,5,7
26048,Shàmpow,darkspear,446,shaman,elemental,11,5,6
26049,Kinjin,dragonmaw,415,shaman,elemental,14,5,9
26050,Seraøth,area-52,384,shaman,elemental,6,4,2
26051,Stormflow,dalaran,384,shaman,elemental,6,4,2
26052,Lukora,stonemaul,384,shaman,elemental,6,4,2
26053,Shammyqua,tichondrius,384,shaman,elemental,6,4,2
26054,Dgshaman,tichondrius,384,shaman,elemental,6,4,2
26055,Bigdaddyion,thrall,384,shaman,elemental,6,4,2
26056,Zenan,stormreaver,384,shaman,elemental,6,4,2
26057,Kustys,tichondrius,384,shaman,elemental,6,4,2
26058,Graveshocks,illidan,384,shaman,elemental,6,4,2
26059,Brickzilla,dalaran,384,shaman,elemental,6,4,2
26060,Weebdestroyr,illidan,384,shaman,elemental,6,4,2
26061,Thandius,arygos,384,shaman,elemental,6,4,2
26062,Blueku,tichondrius,384,shaman,elemental,6,4,2
26063,Creativemind,ragnaros,384,shaman,elemental,6,4,2
26064,Redpocket,zuluhed,384,shaman,elemental,6,4,2
26065,Novoz,tichondrius,384,shaman,elemental,6,4,2
26066,Dragaru,illidan,384,shaman,elemental,6,4,2
26067,Greensween,thrall,384,shaman,elemental,6,4,2
26068,Boogiefever,area-52,384,shaman,elemental,6,4,2
26069,Aishel,area-52,384,shaman,elemental,6,4,2
26070,Laelyk,kiljaeden,384,shaman,elemental,6,4,2
26071,Shockerfist,thunderlord,384,shaman,elemental,6,4,2
26072,Lovesthegear,blackrock,384,shaman,elemental,6,4,2
26073,Borgmash,chogall,384,shaman,elemental,6,4,2
26074,Bitamin,frostmourne,384,shaman,elemental,6,4,2
26075,Pubechin,jubeithos,384,shaman,elemental,6,4,2
26076,Dromus,dalvengyr,384,shaman,elemental,6,4,2
26077,Munchies,madoran,384,shaman,elemental,6,4,2
26078,Ktom,runetotem,384,shaman,elemental,6,4,2
26079,Magtark,frostwolf,384,shaman,elemental,6,4,2
26080,Vodord,arathor,384,shaman,elemental,6,4,2
26081,Thorlottie,stormrage,384,shaman,elemental,6,4,2
26082,Wodgodx,sargeras,384,shaman,elemental,6,4,2
26083,Drakhe,proudmoore,384,shaman,elemental,6,4,2
26084,Clamson,tichondrius,384,shaman,elemental,6,4,2
26085,Cduck,zuljin,384,shaman,elemental,6,4,2
26086,Super,azshara,384,shaman,elemental,14,5,9
26087,Oohkillemm,silvermoon,384,shaman,elemental,12,4,8
26088,Rudoboy,ragnaros,384,shaman,elemental,12,4,8
26089,Lavasurge,area-52,384,shaman,elemental,12,4,8
26090,Fatherrtime,illidan,384,shaman,elemental,12,4,8
26091,Elryl,sargeras,384,shaman,elemental,12,4,8
26092,Feetfungus,area-52,384,shaman,elemental,12,4,8
26093,Sjostrom,proudmoore,384,shaman,elemental,12,4,8
26094,Pozcaster,tichondrius,384,shaman,elemental,12,4,8
26095,Popsoot,area-52,384,shaman,elemental,12,4,8
26096,Krimz,executus,384,shaman,elemental,12,4,8
26097,Kushnations,chogall,384,shaman,elemental,12,4,8
26098,Zizö,barthilas,384,shaman,elemental,12,4,8
26099,Shrektar,cenarius,384,shaman,elemental,12,4,8
26100,Skyten,quelthalas,384,shaman,elemental,12,4,8
26101,Hansolorz,tichondrius,384,shaman,elemental,18,4,14
26102,Vjeze,frostmourne,384,shaman,elemental,18,4,14
26103,Pepîllo,ragnaros,384,shaman,elemental,24,4,20
26104,Nezzuk,quelthalas,383,shaman,elemental,6,4,2
26105,Mîkâ,area-52,383,shaman,elemental,12,4,8
26106,Machalo,sargeras,383,shaman,elemental,12,4,8
26107,Coffeeblacc,magtheridon,379,shaman,elemental,12,4,8
26108,Rythia,elune,352,shaman,elemental,16,4,12
26109,Babyblake,malganis,351,shaman,elemental,8,5,3
26110,Shk,illidan,351,shaman,elemental,11,4,7
26111,Råys,turalyon,350,shaman,elemental,11,4,7
26112,Stormfronts,kelthuzad,336,shaman,elemental,9,4,5
26113,Nondracil,ragnaros,336,shaman,elemental,14,4,10
26114,Taraneh,garrosh,325,shaman,elemental,15,5,10
26115,Sweetbabyraé,bleeding-hollow,304,shaman,elemental,7,4,3
26116,Zerium,nemesis,304,shaman,elemental,13,4,9
26117,Tsunamibrew,moon-guard,302,shaman,elemental,9,4,5
26118,Ggoong,tichondrius,288,shaman,elemental,6,3,3
26119,Vanëssão,stormrage,288,shaman,elemental,6,3,3
26120,Mønønøke,tichondrius,288,shaman,elemental,6,3,3
26121,Éarl,sargeras,288,shaman,elemental,6,3,3
26122,Beatryx,the-scryers,288,shaman,elemental,6,3,3
26123,Tokelahoma,stormrage,288,shaman,elemental,6,3,3
26124,Dràgoon,thrall,288,shaman,elemental,6,3,3
26125,Rokogg,thrall,288,shaman,elemental,6,3,3
26126,Adesaa,illidan,288,shaman,elemental,6,3,3
26127,Ieeguen,tichondrius,288,shaman,elemental,6,3,3
26128,Passion,sargeras,288,shaman,elemental,6,3,3
26129,Trenhance,stormrage,288,shaman,elemental,6,3,3
26130,Exceedër,ragnaros,288,shaman,elemental,6,3,3
26131,Arckos,thrall,288,shaman,elemental,6,3,3
26132,Ioki,spirestone,288,shaman,elemental,6,3,3
26133,Shamtactic,thrall,288,shaman,elemental,6,3,3
26134,Largerwang,sargeras,288,shaman,elemental,6,3,3
26135,Fluffyhex,sargeras,288,shaman,elemental,6,3,3
26136,Rampàge,ragnaros,288,shaman,elemental,6,3,3
26137,Traindablue,illidan,288,shaman,elemental,6,3,3
26138,Fruityrudyy,area-52,288,shaman,elemental,6,3,3
26139,Malgrave,ragnaros,288,shaman,elemental,6,3,3
26140,Groundfaults,bleeding-hollow,288,shaman,elemental,6,3,3
26141,Deyodin,illidan,288,shaman,elemental,6,3,3
26142,Zlateral,malganis,288,shaman,elemental,6,3,3
26143,Doop,kiljaeden,288,shaman,elemental,6,3,3
26144,Shajay,area-52,288,shaman,elemental,6,3,3
26145,Shàman,durotan,288,shaman,elemental,6,3,3
26146,Bolteon,malganis,288,shaman,elemental,6,3,3
26147,Orkshammy,illidan,288,shaman,elemental,6,3,3
26148,Sin,bleeding-hollow,288,shaman,elemental,6,3,3
26149,Applicable,tichondrius,288,shaman,elemental,6,3,3
26150,Shambergler,tichondrius,288,shaman,elemental,6,3,3
26151,Improvize,malganis,288,shaman,elemental,6,3,3
26152,Shambix,illidan,288,shaman,elemental,6,3,3
26153,Autisty,sargeras,288,shaman,elemental,6,3,3
26154,Sheriffbj,emerald-dream,288,shaman,elemental,6,3,3
26155,Ragor,quelthalas,288,shaman,elemental,6,3,3
26156,Gödöfbüdå,tichondrius,288,shaman,elemental,6,3,3
26157,Groink,kiljaeden,288,shaman,elemental,6,3,3
26158,Shizamm,hyjal,288,shaman,elemental,6,3,3
26159,Scrymax,area-52,288,shaman,elemental,6,3,3
26160,Noslol,bronzebeard,288,shaman,elemental,6,3,3
26161,Bizle,jaedenar,288,shaman,elemental,6,3,3
26162,Talfur,area-52,288,shaman,elemental,6,3,3
26163,Blakki,barthilas,288,shaman,elemental,6,3,3
26164,Blaydin,elune,288,shaman,elemental,6,3,3
26165,Earthfurÿ,quelthalas,288,shaman,elemental,6,3,3
26166,Mabite,frostmourne,288,shaman,elemental,6,3,3
26167,Healingtime,nerzhul,288,shaman,elemental,6,3,3
26168,Relâx,icecrown,288,shaman,elemental,6,3,3
26169,Malito,ursin,288,shaman,elemental,6,3,3
26170,Ryukims,tichondrius,288,shaman,elemental,6,3,3
26171,Zon,laughing-skull,288,shaman,elemental,6,3,3
26172,Häzel,nerzhul,288,shaman,elemental,6,3,3
26173,Shadeele,cenarius,288,shaman,elemental,6,3,3
26174,Statikrage,eonar,288,shaman,elemental,6,3,3
26175,Grimnur,bleeding-hollow,288,shaman,elemental,11,3,8
26176,Taquitho,quelthalas,288,shaman,elemental,12,3,9
26177,Káládin,malganis,288,shaman,elemental,12,3,9
26178,Emptee,area-52,288,shaman,elemental,12,3,9
26179,Bloodytotemz,emerald-dream,288,shaman,elemental,12,3,9
26180,Oznog,bleeding-hollow,288,shaman,elemental,12,3,9
26181,Arakye,stormrage,287,shaman,elemental,6,3,3
26182,Strikzjr,frostmourne,287,shaman,elemental,6,3,3
26183,Potatopirate,burning-legion,287,shaman,elemental,12,3,9
26184,Cropdustr,sargeras,286,shaman,elemental,6,3,3
26185,Nuggitz,tichondrius,286,shaman,elemental,9,4,5
26186,Cardanø,illidan,271,shaman,elemental,17,3,14
26187,Hexytimexoqt,thrall,255,shaman,elemental,11,3,8
26188,Hannibol,tichondrius,255,shaman,elemental,11,3,8
26189,Oxxnabatko,amanthul,240,shaman,elemental,9,3,6
26190,Liamus,amanthul,239,shaman,elemental,5,3,2
26191,Sarahfe,wyrmrest-accord,239,shaman,elemental,5,3,2
26192,Spunjie,frostmourne,239,shaman,elemental,5,3,2
26193,Mercs,frostmourne,234,shaman,elemental,17,8,9
26194,Firedchips,tichondrius,192,shaman,elemental,11,5,6
26195,Bigbadbolt,malganis,192,shaman,elemental,6,2,4
26196,Krilick,blackrock,192,shaman,elemental,6,2,4
26197,Dadadabang,frostmourne,192,shaman,elemental,6,2,4
26198,Alleys,tichondrius,192,shaman,elemental,6,2,4
26199,Rokhnar,zuljin,192,shaman,elemental,6,2,4
26200,Folus,azjolnerub,192,shaman,elemental,6,2,4
26201,Zeldrys,emerald-dream,192,shaman,elemental,6,2,4
26202,Sumyl,ragnaros,192,shaman,elemental,6,2,4
26203,Tuksha,alleria,192,shaman,elemental,6,2,4
26204,Shåmwowz,sargeras,192,shaman,elemental,6,2,4
26205,Bitflip,jubeithos,192,shaman,elemental,6,2,4
26206,Grandmaster,frostmourne,192,shaman,elemental,6,2,4
26207,Gorillox,chogall,192,shaman,elemental,6,2,4
26208,Dehsaw,illidan,192,shaman,elemental,6,2,4
26209,Piffzorz,tichondrius,192,shaman,elemental,6,2,4
26210,Tartar,lightbringer,192,shaman,elemental,6,2,4
26211,Yangsangchu,tichondrius,192,shaman,elemental,6,2,4
26212,Sid,frostmourne,192,shaman,elemental,6,2,4
26213,Oppaswag,tichondrius,192,shaman,elemental,6,2,4
26214,Killtotem,illidan,192,shaman,elemental,6,2,4
26215,Shamsky,tichondrius,192,shaman,elemental,6,2,4
26216,Blastj,tichondrius,192,shaman,elemental,6,2,4
26217,Boodissy,tichondrius,192,shaman,elemental,6,2,4
26218,Zugharder,illidan,192,shaman,elemental,6,2,4
26219,Tawahka,hyjal,192,shaman,elemental,6,2,4
26220,Pacapinchhit,azgalor,192,shaman,elemental,6,2,4
26221,Beazel,moon-guard,192,shaman,elemental,6,2,4
26222,Jbahr,hyjal,192,shaman,elemental,6,2,4
26223,Kanbar,emerald-dream,192,shaman,elemental,6,2,4
26224,Heniu,tichondrius,192,shaman,elemental,6,2,4
26225,Ínfected,azralon,192,shaman,elemental,6,2,4
26226,Praisegodx,stormrage,192,shaman,elemental,6,2,4
26227,Lezzer,ragnaros,192,shaman,elemental,6,2,4
26228,Manitbaggins,earthen-ring,192,shaman,elemental,6,2,4
26229,Trizzeh,moon-guard,192,shaman,elemental,6,2,4
26230,Twistedteas,tichondrius,192,shaman,elemental,6,2,4
26231,Withinfinity,stormrage,192,shaman,elemental,6,2,4
26232,Smellyogre,area-52,192,shaman,elemental,6,2,4
26233,Zaxibow,area-52,192,shaman,elemental,6,2,4
26234,Ayatsu,thrall,192,shaman,elemental,6,2,4
26235,Kodyaj,illidan,192,shaman,elemental,6,2,4
26236,Saltywap,proudmoore,192,shaman,elemental,6,2,4
26237,Wempa,moon-guard,192,shaman,elemental,6,2,4
26238,Hehew,kelthuzad,192,shaman,elemental,6,2,4
26239,Ladash,ragnaros,192,shaman,elemental,6,2,4
26240,Oriyani,sargeras,192,shaman,elemental,6,2,4
26241,Funeropolis,stormrage,192,shaman,elemental,6,2,4
26242,Britisy,stormrage,192,shaman,elemental,6,2,4
26243,Matzahmeal,skywall,192,shaman,elemental,6,2,4
26244,Ric,malganis,192,shaman,elemental,6,2,4
26245,Naextramus,ragnaros,192,shaman,elemental,6,2,4
26246,Yellowfev,thrall,192,shaman,elemental,6,2,4
26247,Tampíco,ragnaros,192,shaman,elemental,6,2,4
26248,Zuroster,kiljaeden,192,shaman,elemental,7,2,5
26249,Fluffy,smolderthorn,192,shaman,elemental,12,2,10
26250,Rìddles,malygos,192,shaman,elemental,12,2,10
26251,Jedley,azshara,192,shaman,elemental,12,2,10
26252,Jazzblast,tichondrius,192,shaman,elemental,12,2,10
26253,Fulingyu,moon-guard,192,shaman,elemental,12,2,10
26254,Dtrumpx,tichondrius,192,shaman,elemental,12,2,10
26255,Harrìson,tichondrius,192,shaman,elemental,12,2,10
26256,Eleveil,emerald-dream,191,shaman,elemental,6,2,4
26257,Cavolt,stormrage,159,shaman,elemental,5,2,3
26258,Hazzardttvz,illidan,159,shaman,elemental,5,2,3
26259,Kidkovid,illidan,159,shaman,elemental,17,2,15
26260,Uracemytotem,kiljaeden,138,shaman,elemental,10,3,7
26261,Mynigabob,zuljin,128,shaman,elemental,4,2,2
26262,Rahloo,sargeras,127,shaman,elemental,8,2,6
26263,Obiwonsamdi,illidan,96,shaman,elemental,6,1,5
26264,Succies,emerald-dream,96,shaman,elemental,6,1,5
26265,Ludacrìtz,stormrage,96,shaman,elemental,6,1,5
26266,Toxidizetkö,azralon,96,shaman,elemental,6,1,5
26267,Ravaburst,sargeras,96,shaman,elemental,6,1,5
26268,Drmn,frostmourne,96,shaman,elemental,6,1,5
26269,Winiethepoöh,stormrage,96,shaman,elemental,6,1,5
26270,Teathin,ragnaros,96,shaman,elemental,6,1,5
26271,Whameradetu,suramar,96,shaman,elemental,6,1,5
26272,Healsquish,area-52,96,shaman,elemental,6,1,5
26273,Mugiwára,ragnaros,96,shaman,elemental,6,1,5
26274,Bouje,frostmourne,96,shaman,elemental,6,1,5
26275,Juicemcroose,zuljin,96,shaman,elemental,6,1,5
26276,Zral,emerald-dream,96,shaman,elemental,6,1,5
26277,Seanie,bleeding-hollow,96,shaman,elemental,6,1,5
26278,Sparkyy,kelthuzad,96,shaman,elemental,6,1,5
26279,Sinsar,illidan,96,shaman,elemental,6,1,5
26280,Oldshammy,eldrethalas,96,shaman,elemental,6,1,5
26281,Bullcowsby,darkspear,96,shaman,elemental,6,1,5
26282,Shøckys,tichondrius,96,shaman,elemental,6,1,5
26283,Stormklepter,fizzcrank,96,shaman,elemental,6,1,5
26284,Ripklanian,blood-furnace,96,shaman,elemental,6,1,5
26285,Gan,silvermoon,96,shaman,elemental,6,1,5
26286,Sàuron,tichondrius,96,shaman,elemental,6,1,5
26287,Jalgago,tichondrius,96,shaman,elemental,6,1,5
26288,Azl,guldan,96,shaman,elemental,7,1,6
26289,Ëìê,tichondrius,96,shaman,elemental,18,1,17
26290,Camltotem,tichondrius,79,shaman,elemental,5,1,4
26291,Eleshamanz,tichondrius,79,shaman,elemental,5,1,4
26292,Esbet,echo-isles,79,shaman,elemental,11,1,10
26293,Mcstop,tanaris,64,shaman,elemental,4,1,3
26294,Gurdle,frostwolf,48,shaman,elemental,3,1,2
26295,Hentaistorm,kiljaeden,48,shaman,elemental,3,1,2
26296,Saul,tichondrius,2218,shaman,enhancement,66,42,24
26297,Veggiess,emerald-dream,2194,shaman,enhancement,150,79,71
26298,Alleys,tichondrius,2179,shaman,enhancement,171,88,83
26299,Dopeysimida,illidan,2158,shaman,enhancement,88,57,31
26300,Aýanokoji,tichondrius,2152,shaman,enhancement,119,63,56
26301,Pizzashaman,illidan,2147,shaman,enhancement,82,52,30
26302,Nopnopajnin,tichondrius,2135,shaman,enhancement,112,57,55
26303,Mítsurí,tichondrius,2121,shaman,enhancement,70,36,34
26304,Ftyue,area-52,2116,shaman,enhancement,112,59,53
26305,Doomwìnds,stormrage,2111,shaman,enhancement,144,81,63
26306,Stew,illidan,2111,shaman,enhancement,101,55,46
26307,Opoy,sargeras,2106,shaman,enhancement,195,108,87
26308,Rauthgar,dalaran,2091,shaman,enhancement,84,46,38
26309,Baseballcap,sargeras,2070,shaman,enhancement,96,58,38
26310,Jimmyjobs,tichondrius,2066,shaman,enhancement,96,60,36
26311,Musclebrain,tichondrius,2066,shaman,enhancement,126,63,63
26312,Lustingchery,area-52,2045,shaman,enhancement,57,38,19
26313,Shakeys,tichondrius,2032,shaman,enhancement,71,45,26
26314,Watergirl,thaurissan,2019,shaman,enhancement,104,57,47
26315,Axegerd,quelthalas,2016,shaman,enhancement,129,71,58
26316,Realypump,area-52,2015,shaman,enhancement,78,42,36
26317,Zarktwo,azralon,2009,shaman,enhancement,108,54,54
26318,Swrdfsh,tichondrius,2006,shaman,enhancement,132,74,58
26319,Zarasvati,tichondrius,2004,shaman,enhancement,119,63,56
26320,Futeuncle,tichondrius,1991,shaman,enhancement,54,28,26
26321,Dano,tichondrius,1981,shaman,enhancement,72,42,30
26322,Wetdraenei,moon-guard,1967,shaman,enhancement,229,127,102
26323,Zootywild,tichondrius,1963,shaman,enhancement,123,69,54
26324,Skydre,area-52,1960,shaman,enhancement,53,31,22
26325,Musclebrainz,tichondrius,1952,shaman,enhancement,54,26,28
26326,Balgron,emerald-dream,1949,shaman,enhancement,52,26,26
26327,Rozboiclique,frostmourne,1929,shaman,enhancement,132,89,43
26328,Heisna,stormrage,1927,shaman,enhancement,226,127,99
26329,Superchief,altar-of-storms,1925,shaman,enhancement,80,46,34
26330,Imchuckbass,tichondrius,1923,shaman,enhancement,98,51,47
26331,Jayhastotems,area-52,1918,shaman,enhancement,90,67,23
26332,Smxxn,tichondrius,1913,shaman,enhancement,66,31,35
26333,Grommi,proudmoore,1906,shaman,enhancement,184,90,94
26334,Scaman,tichondrius,1904,shaman,enhancement,24,20,4
26335,Ohmálley,tichondrius,1901,shaman,enhancement,56,36,20
26336,Keyturn,tichondrius,1899,shaman,enhancement,78,36,42
26337,Oosheratchet,illidan,1896,shaman,enhancement,52,36,16
26338,Kushnations,chogall,1896,shaman,enhancement,36,20,16
26339,Doomberrie,thrall,1890,shaman,enhancement,66,42,24
26340,Musclebrains,tichondrius,1889,shaman,enhancement,60,32,28
26341,Ogeezkush,zuljin,1884,shaman,enhancement,77,50,27
26342,Olxsixsm,illidan,1884,shaman,enhancement,74,48,26
26343,Bestshamus,sargeras,1883,shaman,enhancement,71,42,29
26344,Shk,illidan,1878,shaman,enhancement,54,32,22
26345,Plsnerfret,stormrage,1876,shaman,enhancement,48,33,15
26346,Stormrageman,tichondrius,1875,shaman,enhancement,81,49,32
26347,Wonima,tichondrius,1858,shaman,enhancement,35,20,15
26348,Turbowolf,sargeras,1858,shaman,enhancement,92,42,50
26349,Zanderpla,kelthuzad,1856,shaman,enhancement,60,35,25
26350,Proctopus,moon-guard,1855,shaman,enhancement,88,47,41
26351,Lavitris,illidan,1854,shaman,enhancement,42,29,13
26352,Eityhdz,tichondrius,1848,shaman,enhancement,311,160,151
26353,Rawdòggin,emerald-dream,1844,shaman,enhancement,42,30,12
26354,Xakaeri,hyjal,1844,shaman,enhancement,60,36,24
26355,Cwippin,proudmoore,1842,shaman,enhancement,117,73,44
26356,Vanhalestorm,frostmourne,1841,shaman,enhancement,58,30,28
26357,Artenior,stormrage,1841,shaman,enhancement,89,44,45
26358,Megalithic,moon-guard,1840,shaman,enhancement,62,44,18
26359,Timzero,tichondrius,1839,shaman,enhancement,54,32,22
26360,Ishano,area-52,1839,shaman,enhancement,48,23,25
26361,Xibalba,khaz-modan,1836,shaman,enhancement,42,31,11
26362,Kiddfurious,kelthuzad,1826,shaman,enhancement,42,21,21
26363,Shamanabuser,illidan,1825,shaman,enhancement,60,27,33
26364,Blueraccoon,tichondrius,1821,shaman,enhancement,57,35,22
26365,Hooftoface,moon-guard,1821,shaman,enhancement,72,40,32
26366,Gladdorta,azralon,1821,shaman,enhancement,54,30,24
26367,Btruez,tichondrius,1819,shaman,enhancement,63,35,28
26368,Beañ,barthilas,1819,shaman,enhancement,231,117,114
26369,Whírlwínd,area-52,1818,shaman,enhancement,30,19,11
26370,Undertów,area-52,1818,shaman,enhancement,42,24,18
26371,Temar,sargeras,1817,shaman,enhancement,63,42,21
26372,Harrypotqueu,zuljin,1817,shaman,enhancement,54,29,25
26373,Léxar,sargeras,1817,shaman,enhancement,72,33,39
26374,Thrallas,frostmourne,1814,shaman,enhancement,54,33,21
26375,Louiev,bleeding-hollow,1812,shaman,enhancement,48,28,20
26376,Legendslayar,area-52,1811,shaman,enhancement,42,27,15
26377,Typhe,bleeding-hollow,1811,shaman,enhancement,30,19,11
26378,Kltz,sargeras,1811,shaman,enhancement,35,21,14
26379,Nygiants,tichondrius,1810,shaman,enhancement,24,19,5
26380,Sassyx,steamwheedle-cartel,1810,shaman,enhancement,48,27,21
26381,Bikboisteez,barthilas,1808,shaman,enhancement,92,47,45
26382,Lashandtrash,tichondrius,1806,shaman,enhancement,30,19,11
26383,Garai,emerald-dream,1805,shaman,enhancement,93,49,44
26384,Niuniudada,illidan,1805,shaman,enhancement,84,39,45
26385,Madonion,zuljin,1803,shaman,enhancement,60,31,29
26386,Gìmli,tichondrius,1800,shaman,enhancement,59,32,27
26387,Landlordxx,area-52,1795,shaman,enhancement,52,32,20
26388,Mcshockturds,tichondrius,1791,shaman,enhancement,119,68,51
26389,Windshearbøt,tichondrius,1785,shaman,enhancement,48,27,21
26390,Windfury,chogall,1784,shaman,enhancement,60,29,31
26391,Wautyriex,area-52,1783,shaman,enhancement,48,23,25
26392,Stormnala,zuljin,1775,shaman,enhancement,30,21,9
26393,Blakki,barthilas,1771,shaman,enhancement,60,36,24
26394,Novedz,illidan,1767,shaman,enhancement,62,32,30
26395,Wingshaman,illidan,1764,shaman,enhancement,166,92,74
26396,Muisor,quelthalas,1763,shaman,enhancement,60,33,27
26397,Xaltas,moon-guard,1754,shaman,enhancement,60,41,19
26398,Darkcnight,stormrage,1754,shaman,enhancement,48,29,19
26399,Nyckysh,illidan,1751,shaman,enhancement,58,34,24
26400,Beaviis,frostmourne,1749,shaman,enhancement,48,29,19
26401,Soshatsumi,tichondrius,1749,shaman,enhancement,76,42,34
26402,Slapnarp,wyrmrest-accord,1747,shaman,enhancement,54,29,25
26403,Kalvishdam,dalaran,1746,shaman,enhancement,36,25,11
26404,Metako,sargeras,1742,shaman,enhancement,41,24,17
26405,Cammeez,area-52,1742,shaman,enhancement,51,27,24
26406,Rukagar,barthilas,1741,shaman,enhancement,42,25,17
26407,Antek,quelthalas,1740,shaman,enhancement,126,74,52
26408,Konfuzious,emerald-dream,1739,shaman,enhancement,105,59,46
26409,Spippippin,illidan,1738,shaman,enhancement,56,26,30
26410,Ballinhance,illidan,1735,shaman,enhancement,30,22,8
26411,Thromjin,ragnaros,1728,shaman,enhancement,42,30,12
26412,Bbshock,stormrage,1727,shaman,enhancement,78,48,30
26413,Reflexsivx,malganis,1722,shaman,enhancement,48,29,19
26414,Hecks,malorne,1718,shaman,enhancement,72,41,31
26415,Ëxceeder,ragnaros,1718,shaman,enhancement,66,37,29
26416,Hallofcost,illidan,1714,shaman,enhancement,48,31,17
26417,Thunderlaw,area-52,1704,shaman,enhancement,64,31,33
26418,Wrathics,emerald-dream,1702,shaman,enhancement,60,32,28
26419,Tastydonut,blackrock,1699,shaman,enhancement,41,24,17
26420,Tdlz,tichondrius,1698,shaman,enhancement,62,41,21
26421,Bitsuey,frostmourne,1698,shaman,enhancement,48,28,20
26422,Pla,tichondrius,1698,shaman,enhancement,138,80,58
26423,Halfzugzug,sargeras,1697,shaman,enhancement,30,21,9
26424,Axelsteel,illidan,1697,shaman,enhancement,48,21,27
26425,Stonetrog,blackrock,1695,shaman,enhancement,24,19,5
26426,Xiaoxiaoxi,tichondrius,1694,shaman,enhancement,42,23,19
26427,Miketideson,proudmoore,1693,shaman,enhancement,72,38,34
26428,Zappithorus,stormrage,1691,shaman,enhancement,36,24,12
26429,Electricity,tichondrius,1691,shaman,enhancement,67,27,40
26430,Krovn,stormrage,1689,shaman,enhancement,48,26,22
26431,Shamezee,stormreaver,1689,shaman,enhancement,47,22,25
26432,Jàro,thrall,1688,shaman,enhancement,42,20,22
26433,Elryl,sargeras,1686,shaman,enhancement,116,64,52
26434,Vortexfury,area-52,1682,shaman,enhancement,42,20,22
26435,Turdfergesen,destromath,1681,shaman,enhancement,48,23,25
26436,Ðr,earthen-ring,1680,shaman,enhancement,80,49,31
26437,Biubiuz,tichondrius,1675,shaman,enhancement,36,27,9
26438,Cowaii,illidan,1667,shaman,enhancement,42,23,19
26439,Onlyshams,dalaran,1666,shaman,enhancement,36,22,14
26440,Asumo,azralon,1665,shaman,enhancement,33,19,14
26441,Plzbuffme,dalaran,1664,shaman,enhancement,50,31,19
26442,Sonofabat,spirestone,1664,shaman,enhancement,64,36,28
26443,Orkuss,illidan,1654,shaman,enhancement,42,23,19
26444,Døømsdáy,thrall,1652,shaman,enhancement,78,43,35
26445,Crowns,tichondrius,1649,shaman,enhancement,42,18,24
26446,Haishoe,stormrage,1647,shaman,enhancement,46,28,18
26447,Judgeesham,bleeding-hollow,1647,shaman,enhancement,45,23,22
26448,Volkuul,zuljin,1641,shaman,enhancement,60,33,27
26449,Dalianyen,bladefist,1638,shaman,enhancement,40,19,21
26450,Ràntòn,bleeding-hollow,1637,shaman,enhancement,35,24,11
26451,Askpuntee,sargeras,1635,shaman,enhancement,42,25,17
26452,Drakhe,proudmoore,1633,shaman,enhancement,74,43,31
26453,Lavamon,illidan,1631,shaman,enhancement,48,26,22
26454,Tettnanger,azralon,1630,shaman,enhancement,31,19,12
26455,Slashpity,stormrage,1630,shaman,enhancement,63,33,30
26456,Hxzard,stormrage,1626,shaman,enhancement,36,17,19
26457,Åvarice,shattered-halls,1626,shaman,enhancement,54,22,32
26458,Alablast,malganis,1625,shaman,enhancement,36,21,15
26459,Zapnclap,tichondrius,1623,shaman,enhancement,42,24,18
26460,Smash,fenris,1623,shaman,enhancement,82,42,40
26461,Ceasebelief,tichondrius,1619,shaman,enhancement,30,21,9
26462,Deyodin,illidan,1619,shaman,enhancement,26,18,8
26463,Shamgawd,illidan,1617,shaman,enhancement,36,20,16
26464,Bòómz,stormrage,1616,shaman,enhancement,118,54,64
26465,Keeba,wyrmrest-accord,1615,shaman,enhancement,48,27,21
26466,Windflex,emerald-dream,1615,shaman,enhancement,73,35,38
26467,Stýlébéñdér,kelthuzad,1613,shaman,enhancement,24,17,7
26468,Yakora,stormrage,1613,shaman,enhancement,36,22,14
26469,Robdaman,tichondrius,1607,shaman,enhancement,24,18,6
26470,Iamashaman,malganis,1607,shaman,enhancement,278,135,143
26471,Kindaretro,tichondrius,1605,shaman,enhancement,42,27,15
26472,Shamom,silver-hand,1605,shaman,enhancement,94,54,40
26473,Shámdemons,area-52,1604,shaman,enhancement,54,36,18
26474,Zavar,tichondrius,1604,shaman,enhancement,59,32,27
26475,Shamikazi,crushridge,1603,shaman,enhancement,104,61,43
26476,Aibheit,area-52,1592,shaman,enhancement,24,22,2
26477,Jerykco,drakkari,1591,shaman,enhancement,36,20,16
26478,Thuntard,bleeding-hollow,1591,shaman,enhancement,42,19,23
26479,Toobeastly,deathwing,1586,shaman,enhancement,36,21,15
26480,Poizele,tichondrius,1580,shaman,enhancement,238,131,107
26481,Venmoo,illidan,1576,shaman,enhancement,36,18,18
26482,Harrìson,tichondrius,1575,shaman,enhancement,29,17,12
26483,Flirstatic,nemesis,1573,shaman,enhancement,65,40,25
26484,Gambazzlok,terokkar,1573,shaman,enhancement,42,25,17
26485,Thunda,black-dragonflight,1572,shaman,enhancement,30,21,9
26486,Zeroshocks,kelthuzad,1572,shaman,enhancement,30,19,11
26487,Nÿh,quelthalas,1569,shaman,enhancement,48,27,21
26488,Shamanees,area-52,1567,shaman,enhancement,100,49,51
26489,Shmnsm,kiljaeden,1565,shaman,enhancement,42,18,24
26490,Uracemytotem,kiljaeden,1562,shaman,enhancement,84,51,33
26491,Cunkinator,stormrage,1555,shaman,enhancement,25,19,6
26492,Dcg,hyjal,1555,shaman,enhancement,35,17,18
26493,Cayed,stormscale,1553,shaman,enhancement,72,38,34
26494,Elementin,kelthuzad,1553,shaman,enhancement,60,30,30
26495,Ironaddictz,kiljaeden,1549,shaman,enhancement,39,21,18
26496,Beaversniper,tichondrius,1549,shaman,enhancement,42,20,22
26497,Montí,moon-guard,1547,shaman,enhancement,78,50,28
26498,Speedrush,nagrand,1546,shaman,enhancement,38,25,13
26499,Totemnikiel,stormrage,1544,shaman,enhancement,66,28,38
26500,Thilv,ravenholdt,1543,shaman,enhancement,30,19,11
26501,Grx,tichondrius,1539,shaman,enhancement,41,22,19
26502,Soupi,illidan,1538,shaman,enhancement,54,31,23
26503,Small,alleria,1538,shaman,enhancement,60,32,28
26504,Gorillahazed,tichondrius,1535,shaman,enhancement,90,41,49
26505,Derzwaz,draka,1532,shaman,enhancement,29,17,12
26506,Larrylardazz,tichondrius,1529,shaman,enhancement,85,51,34
26507,Loadiez,frostmourne,1527,shaman,enhancement,30,21,9
26508,Hurrikaine,dalaran,1519,shaman,enhancement,62,31,31
26509,Dankthunda,stormrage,1517,shaman,enhancement,66,37,29
26510,Chalked,stormrage,1516,shaman,enhancement,90,46,44
26511,Mindfields,barthilas,1511,shaman,enhancement,67,38,29
26512,Rexoss,hyjal,1510,shaman,enhancement,99,54,45
26513,Hehew,kelthuzad,1508,shaman,enhancement,42,26,16
26514,Smartbunny,illidan,1507,shaman,enhancement,192,93,99
26515,Deshamann,illidan,1507,shaman,enhancement,59,24,35
26516,Mixn,frostmourne,1503,shaman,enhancement,63,39,24
26517,Kronkxd,malganis,1501,shaman,enhancement,30,16,14
26518,Eyecandi,barthilas,1496,shaman,enhancement,83,39,44
26519,Justincasé,sargeras,1494,shaman,enhancement,66,31,35
26520,Nøname,azshara,1493,shaman,enhancement,96,44,52
26521,Hephron,area-52,1493,shaman,enhancement,72,32,40
26522,Quakenbake,emerald-dream,1491,shaman,enhancement,33,20,13
26523,Shockmehard,area-52,1486,shaman,enhancement,59,49,10
26524,Scrototëm,azralon,1485,shaman,enhancement,45,24,21
26525,Ragnarocck,sargeras,1479,shaman,enhancement,75,36,39
26526,Dashmmy,dalaran,1478,shaman,enhancement,54,26,28
26527,Thewindman,sargeras,1478,shaman,enhancement,42,18,24
26528,Atthegates,illidan,1472,shaman,enhancement,90,37,53
26529,Arlikai,arthas,1470,shaman,enhancement,59,20,39
26530,Lakindrentv,gorefiend,1467,shaman,enhancement,30,17,13
26531,Roysoy,stormrage,1466,shaman,enhancement,42,24,18
26532,Khormac,moon-guard,1464,shaman,enhancement,46,31,15
26533,Iamurfather,magtheridon,1459,shaman,enhancement,71,37,34
26534,Konga,korialstrasz,1456,shaman,enhancement,32,19,13
26535,Täcti,tichondrius,1456,shaman,enhancement,36,16,20
26536,Earthfirex,ragnaros,1455,shaman,enhancement,30,16,14
26537,Krûde,tichondrius,1452,shaman,enhancement,71,40,31
26538,Clenlift,emerald-dream,1451,shaman,enhancement,54,31,23
26539,Calich,kelthuzad,1445,shaman,enhancement,38,23,15
26540,Zmogon,quelthalas,1445,shaman,enhancement,32,16,16
26541,Scrötotem,saurfang,1440,shaman,enhancement,41,25,16
26542,Jazzlightnin,tichondrius,1438,shaman,enhancement,24,15,9
26543,Tamtam,gorefiend,1438,shaman,enhancement,24,15,9
26544,Forksin,tichondrius,1437,shaman,enhancement,30,15,15
26545,Algresh,muradin,1437,shaman,enhancement,30,15,15
26546,Qvibin,tichondrius,1435,shaman,enhancement,30,21,9
26547,Daddyzap,stormrage,1435,shaman,enhancement,98,54,44
26548,Däbü,tichondrius,1435,shaman,enhancement,30,15,15
26549,Shamwows,dalaran,1433,shaman,enhancement,82,36,46
26550,Struck,emerald-dream,1430,shaman,enhancement,60,39,21
26551,Riptiedx,barthilas,1430,shaman,enhancement,24,15,9
26552,Whydead,sargeras,1430,shaman,enhancement,60,34,26
26553,Tumble,frostmourne,1429,shaman,enhancement,42,22,20
26554,Boboyaga,emerald-dream,1429,shaman,enhancement,30,15,15
26555,Convolutedx,tichondrius,1427,shaman,enhancement,30,15,15
26556,Ventus,thrall,1427,shaman,enhancement,54,25,29
26557,Teeroll,frostmourne,1426,shaman,enhancement,36,22,14
26558,Cowely,madoran,1423,shaman,enhancement,30,17,13
26559,Silyshamshyt,stormrage,1421,shaman,enhancement,24,15,9
26560,Shamann,azshara,1421,shaman,enhancement,51,27,24
26561,Tootshock,illidan,1421,shaman,enhancement,30,15,15
26562,ßurstmedaddy,bleeding-hollow,1420,shaman,enhancement,24,17,7
26563,Mybadshawty,tichondrius,1419,shaman,enhancement,55,26,29
26564,Neyavv,tichondrius,1418,shaman,enhancement,40,20,20
26565,Stubbywayne,area-52,1415,shaman,enhancement,58,26,32
26566,Tyven,tichondrius,1415,shaman,enhancement,42,17,25
26567,Stormbash,ragnaros,1415,shaman,enhancement,42,15,27
26568,Split,zuljin,1414,shaman,enhancement,124,65,59
26569,Mudroller,moon-guard,1414,shaman,enhancement,52,24,28
26570,Lavabone,dalaran,1412,shaman,enhancement,42,16,26
26571,Armønixx,ragnaros,1410,shaman,enhancement,78,42,36
26572,Getacho,stormrage,1410,shaman,enhancement,66,28,38
26573,Trashfarmer,tichondrius,1409,shaman,enhancement,36,17,19
26574,Fhenh,proudmoore,1408,shaman,enhancement,64,35,29
26575,Makocc,tichondrius,1405,shaman,enhancement,38,16,22
26576,Tizzl,kelthuzad,1403,shaman,enhancement,30,17,13
26577,Surtel,tichondrius,1401,shaman,enhancement,66,28,38
26578,Raazzasham,moon-guard,1398,shaman,enhancement,60,31,29
26579,Amasaei,bleeding-hollow,1397,shaman,enhancement,48,21,27
26580,Firevag,hakkar,1395,shaman,enhancement,54,31,23
26581,Djelemental,darkspear,1394,shaman,enhancement,27,17,10
26582,Shipmatekev,sargeras,1386,shaman,enhancement,54,29,25
26583,Zktz,warsong,1385,shaman,enhancement,31,17,14
26584,Rbmx,frostmourne,1384,shaman,enhancement,64,38,26
26585,Wortwort,tichondrius,1384,shaman,enhancement,71,34,37
26586,Lazugga,area-52,1378,shaman,enhancement,74,39,35
26587,Gettatotem,frostmourne,1373,shaman,enhancement,30,17,13
26588,Shamrockcawk,malganis,1372,shaman,enhancement,30,21,9
26589,Mackandal,tichondrius,1372,shaman,enhancement,36,16,20
26590,Prymalfury,illidan,1368,shaman,enhancement,78,36,42
26591,Tyzek,illidan,1363,shaman,enhancement,36,22,14
26592,Grohltusk,barthilas,1360,shaman,enhancement,42,24,18
26593,Johnwilke,area-52,1356,shaman,enhancement,119,59,60
26594,Hagass,tichondrius,1354,shaman,enhancement,55,26,29
26595,Skyzik,area-52,1352,shaman,enhancement,30,18,12
26596,Argrax,sargeras,1350,shaman,enhancement,36,24,12
26597,Drumman,skullcrusher,1346,shaman,enhancement,70,39,31
26598,Thiccsha,moon-guard,1343,shaman,enhancement,24,14,10
26599,Keyturns,tichondrius,1342,shaman,enhancement,18,14,4
26600,Heäven,malganis,1342,shaman,enhancement,86,42,44
26601,Tsaheylu,barthilas,1342,shaman,enhancement,48,22,26
26602,Kaediea,moon-guard,1341,shaman,enhancement,18,14,4
26603,Dashinra,stormrage,1341,shaman,enhancement,26,15,11
26604,Clumpen,thunderhorn,1341,shaman,enhancement,29,16,13
26605,Crøwgød,tichondrius,1340,shaman,enhancement,24,14,10
26606,Stickysham,illidan,1339,shaman,enhancement,24,16,8
26607,Norlak,antonidas,1339,shaman,enhancement,30,14,16
26608,Stormgraves,moon-guard,1337,shaman,enhancement,24,14,10
26609,Dugomik,malganis,1336,shaman,enhancement,46,23,23
26610,Tandrian,daggerspine,1336,shaman,enhancement,30,14,16
26611,Thromir,blackwing-lair,1333,shaman,enhancement,30,17,13
26612,Shearx,illidan,1332,shaman,enhancement,24,14,10
26613,Zzar,daggerspine,1332,shaman,enhancement,30,16,14
26614,Killavicious,area-52,1332,shaman,enhancement,30,14,16
26615,Eliteshamann,tichondrius,1330,shaman,enhancement,24,14,10
26616,Rongkhan,tichondrius,1326,shaman,enhancement,29,18,11
26617,Leschaises,skullcrusher,1325,shaman,enhancement,27,18,9
26618,Synivabyatch,eonar,1321,shaman,enhancement,30,14,16
26619,Bessame,sargeras,1320,shaman,enhancement,82,41,41
26620,Taò,tichondrius,1315,shaman,enhancement,51,27,24
26621,Deemmorti,stormrage,1311,shaman,enhancement,28,15,13
26622,Raylord,ragnaros,1311,shaman,enhancement,77,41,36
26623,Shamorrhoids,frostmourne,1311,shaman,enhancement,118,62,56
26624,Obeilius,illidan,1303,shaman,enhancement,49,25,24
26625,Whichdoctah,proudmoore,1302,shaman,enhancement,30,14,16
26626,Vapus,area-52,1294,shaman,enhancement,89,47,42
26627,Murlook,sargeras,1292,shaman,enhancement,58,37,21
26628,Rokogg,thrall,1289,shaman,enhancement,94,50,44
26629,Isbabani,moon-guard,1287,shaman,enhancement,24,14,10
26630,Sndhlp,tichondrius,1283,shaman,enhancement,22,14,8
26631,Mairn,tichondrius,1282,shaman,enhancement,42,20,22
26632,Boombigshaq,ysera,1279,shaman,enhancement,20,14,6
26633,Deathjoker,icecrown,1279,shaman,enhancement,48,26,22
26634,Midwestern,emerald-dream,1278,shaman,enhancement,26,14,12
26635,Lavawreckage,malganis,1277,shaman,enhancement,36,15,21
26636,Zechary,proudmoore,1273,shaman,enhancement,54,33,21
26637,Lüca,wyrmrest-accord,1273,shaman,enhancement,124,61,63
26638,Jäyp,thrall,1270,shaman,enhancement,30,14,16
26639,Atroll,moonrunner,1268,shaman,enhancement,42,16,26
26640,Datblueboi,dalaran,1263,shaman,enhancement,76,39,37
26641,Gorebog,feathermoon,1259,shaman,enhancement,42,23,19
26642,Borwald,dalaran,1259,shaman,enhancement,30,14,16
26643,Obrahma,burning-legion,1258,shaman,enhancement,24,16,8
26644,Robis,thrall,1254,shaman,enhancement,48,23,25
26645,Holosoul,bleeding-hollow,1254,shaman,enhancement,67,27,40
26646,Piffenstien,malganis,1252,shaman,enhancement,36,15,21
26647,Mobi,tichondrius,1243,shaman,enhancement,24,13,11
26648,Dalthragoz,tichondrius,1239,shaman,enhancement,24,13,11
26649,Woof,agamaggan,1238,shaman,enhancement,24,13,11
26650,Vozs,proudmoore,1233,shaman,enhancement,60,34,26
26651,Willy,icecrown,1230,shaman,enhancement,23,13,10
26652,Friednocap,kelthuzad,1229,shaman,enhancement,30,13,17
26653,Djasura,blackhand,1228,shaman,enhancement,35,15,20
26654,Lamagra,nemesis,1227,shaman,enhancement,18,13,5
26655,Uglykunt,barthilas,1224,shaman,enhancement,111,62,49
26656,Netherfury,illidan,1224,shaman,enhancement,51,28,23
26657,Gdiafplox,thunderhorn,1213,shaman,enhancement,42,22,20
26658,Hammeredd,hyjal,1212,shaman,enhancement,36,18,18
26659,Sinsar,illidan,1200,shaman,enhancement,35,13,22
26660,Stormwolf,emerald-dream,1196,shaman,enhancement,24,13,11
26661,Killbro,blackrock,1194,shaman,enhancement,62,24,38
26662,Djshammy,barthilas,1183,shaman,enhancement,28,15,13
26663,Sinestario,illidan,1180,shaman,enhancement,27,14,13
26664,Enhancementz,azralon,1174,shaman,enhancement,68,37,31
26665,Finnaburstt,tichondrius,1162,shaman,enhancement,54,29,25
26666,Parallels,blackrock,1161,shaman,enhancement,45,16,29
26667,Splendapapi,stormrage,1155,shaman,enhancement,38,13,25
26668,Anzet,ragnaros,1152,shaman,enhancement,18,12,6
26669,Jyupaonaiwa,tichondrius,1152,shaman,enhancement,18,12,6
26670,Gangmember,shadowmoon,1152,shaman,enhancement,18,12,6
26671,Crownsx,tichondrius,1152,shaman,enhancement,24,12,12
26672,Jinxicle,illidan,1151,shaman,enhancement,18,12,6
26673,Stewtwo,illidan,1151,shaman,enhancement,21,12,9
26674,Lutheran,dragonmaw,1151,shaman,enhancement,35,14,21
26675,Hanhze,quelthalas,1150,shaman,enhancement,30,18,12
26676,Anadal,kargath,1150,shaman,enhancement,30,12,18
26677,Olíndo,tichondrius,1146,shaman,enhancement,18,12,6
26678,Shoresy,kaelthas,1143,shaman,enhancement,24,12,12
26679,Fourstorms,gundrak,1141,shaman,enhancement,37,19,18
26680,Sydstorm,frostmourne,1137,shaman,enhancement,18,12,6
26681,Popz,dark-iron,1128,shaman,enhancement,18,12,6
26682,ßøn,altar-of-storms,1125,shaman,enhancement,33,16,17
26683,Astroglyde,emerald-dream,1123,shaman,enhancement,24,12,12
26684,Drokron,azralon,1118,shaman,enhancement,30,14,16
26685,Schlemiel,barthilas,1112,shaman,enhancement,82,36,46
26686,Cseril,bonechewer,1111,shaman,enhancement,71,41,30
26687,Lassoway,illidan,1110,shaman,enhancement,30,12,18
26688,Synshenrongt,thrall,1109,shaman,enhancement,160,65,95
26689,Nîghtstalker,vashj,1109,shaman,enhancement,46,18,28
26690,Hannibol,tichondrius,1108,shaman,enhancement,60,22,38
26691,Ashida,stormrage,1086,shaman,enhancement,26,14,12
26692,Shamgødx,dalaran,1056,shaman,enhancement,12,11,1
26693,Gamergirlx,area-52,1056,shaman,enhancement,18,11,7
26694,Pedaphil,frostmourne,1056,shaman,enhancement,18,11,7
26695,Valkriie,tichondrius,1056,shaman,enhancement,18,11,7
26696,Nomoreswap,zuljin,1055,shaman,enhancement,12,11,1
26697,Leaning,wyrmrest-accord,1055,shaman,enhancement,18,11,7
26698,Shampowl,jaedenar,1055,shaman,enhancement,30,11,19
26699,Möuthbläster,malganis,1054,shaman,enhancement,12,11,1
26700,Adalid,thrall,1054,shaman,enhancement,12,11,1
26701,Balldo,stormrage,1054,shaman,enhancement,30,11,19
26702,Peepingtotem,tichondrius,1052,shaman,enhancement,24,11,13
26703,Elementalïst,durotan,1051,shaman,enhancement,18,11,7
26704,Kungfuvoodoo,tichondrius,1050,shaman,enhancement,18,11,7
26705,Dronesum,tichondrius,1050,shaman,enhancement,24,11,13
26706,Vöödooranger,stormrage,1048,shaman,enhancement,18,11,7
26707,Svddëndëath,sargeras,1046,shaman,enhancement,48,15,33
26708,Jamblee,sargeras,1043,shaman,enhancement,18,11,7
26709,Dirtyunique,tichondrius,1043,shaman,enhancement,24,11,13
26710,Sigir,darrowmere,1042,shaman,enhancement,24,11,13
26711,Onezap,trollbane,1042,shaman,enhancement,24,11,13
26712,Trulos,stormrage,1041,shaman,enhancement,18,11,7
26713,Bobaflexqt,korgath,1039,shaman,enhancement,18,11,7
26714,Zalkran,area-52,1034,shaman,enhancement,24,15,9
26715,Lovetides,area-52,1031,shaman,enhancement,24,14,10
26716,Kasukaga,shadowmoon,1030,shaman,enhancement,36,11,25
26717,Sevare,area-52,1023,shaman,enhancement,21,12,9
26718,Tøtëm,tichondrius,1021,shaman,enhancement,28,12,16
26719,Omaguap,tichondrius,1019,shaman,enhancement,20,12,8
26720,Hordeymaori,jubeithos,1019,shaman,enhancement,62,32,30
26721,Raxabico,nemesis,1017,shaman,enhancement,32,12,20
26722,Stormwolf,azjolnerub,1011,shaman,enhancement,30,16,14
26723,Pùffball,anvilmar,1011,shaman,enhancement,57,29,28
26724,Bigbólts,emerald-dream,1001,shaman,enhancement,18,12,6
26725,Stroheim,warsong,1000,shaman,enhancement,21,12,9
26726,Poseidonxd,lightbringer,1000,shaman,enhancement,23,13,10
26727,Nankdug,tichondrius,1000,shaman,enhancement,21,11,10
26728,Slaughterdog,coilfang,995,shaman,enhancement,22,13,9
26729,Prinkipíssa,tichondrius,994,shaman,enhancement,36,16,20
26730,Pwnôgraphy,kelthuzad,989,shaman,enhancement,14,11,3
26731,Shomani,madoran,983,shaman,enhancement,29,11,18
26732,Shammybreakx,malganis,971,shaman,enhancement,35,20,15
26733,Dä,tichondrius,960,shaman,enhancement,18,10,8
26734,Enhance,sargeras,960,shaman,enhancement,18,10,8
26735,Mcb,barthilas,960,shaman,enhancement,18,10,8
26736,Beanerburst,frostwolf,960,shaman,enhancement,24,11,13
26737,Zatchbell,lightnings-blade,960,shaman,enhancement,30,13,17
26738,Syraak,elune,959,shaman,enhancement,12,10,2
26739,Lokrath,zangarmarsh,959,shaman,enhancement,12,10,2
26740,Vonnsmallpp,area-52,959,shaman,enhancement,18,10,8
26741,Kumboi,frostmourne,959,shaman,enhancement,24,10,14
26742,Unezx,tichondrius,958,shaman,enhancement,12,10,2
26743,Clappadactyl,frostmourne,958,shaman,enhancement,18,10,8
26744,Ggsggs,akama,958,shaman,enhancement,18,10,8
26745,Leotis,tichondrius,957,shaman,enhancement,18,10,8
26746,Kandin,icecrown,957,shaman,enhancement,24,10,14
26747,Harvesting,azralon,956,shaman,enhancement,24,10,14
26748,Súrtr,sargeras,955,shaman,enhancement,18,10,8
26749,Aelpian,emerald-dream,954,shaman,enhancement,18,10,8
26750,Beardcramps,tichondrius,954,shaman,enhancement,30,10,20
26751,Jyster,area-52,949,shaman,enhancement,36,11,25
26752,Iamegirl,moon-guard,935,shaman,enhancement,23,10,13
26753,Hazak,nemesis,930,shaman,enhancement,24,10,14
26754,Çhïcagø,aegwynn,928,shaman,enhancement,28,10,18
26755,Thanwirn,ragnaros,924,shaman,enhancement,30,13,17
26756,Oct,thrall,912,shaman,enhancement,36,18,18
26757,Grimlên,skullcrusher,910,shaman,enhancement,32,12,20
26758,Fwwrs,illidan,905,shaman,enhancement,20,11,9
26759,Ongruge,hyjal,895,shaman,enhancement,60,22,38
26760,Kamíhameha,stormrage,879,shaman,enhancement,32,11,21
26761,Bjorengahr,emerald-dream,864,shaman,enhancement,12,9,3
26762,Solbis,tichondrius,864,shaman,enhancement,12,9,3
26763,Deixw,tichondrius,864,shaman,enhancement,12,9,3
26764,Tkarfuno,exodar,864,shaman,enhancement,18,9,9
26765,Lickerman,stormreaver,863,shaman,enhancement,12,9,3
26766,Chaac,firetree,863,shaman,enhancement,18,9,9
26767,Dalsun,turalyon,863,shaman,enhancement,18,9,9
26768,Ephraalin,frostmourne,863,shaman,enhancement,18,9,9
26769,Hellamental,malganis,863,shaman,enhancement,18,9,9
26770,Rubious,cenarius,863,shaman,enhancement,19,9,10
26771,Mercó,bleeding-hollow,863,shaman,enhancement,24,9,15
26772,Shabenn,proudmoore,863,shaman,enhancement,24,9,15
26773,Okkoto,malfurion,862,shaman,enhancement,12,9,3
26774,Îvôry,bloodhoof,862,shaman,enhancement,18,9,9
26775,Gorgrom,thunderlord,861,shaman,enhancement,12,9,3
26776,Dilfmaster,tichondrius,861,shaman,enhancement,21,10,11
26777,Mullten,sargeras,859,shaman,enhancement,18,9,9
26778,Rikswordfire,wyrmrest-accord,859,shaman,enhancement,23,9,14
26779,Hazorele,nagrand,857,shaman,enhancement,18,9,9
26780,Bilbobaggenz,sargeras,854,shaman,enhancement,18,9,9
26781,Windfuryshm,emerald-dream,853,shaman,enhancement,18,9,9
26782,Trenbolone,maiev,852,shaman,enhancement,18,9,9
26783,Spiderjohn,sargeras,851,shaman,enhancement,18,9,9
26784,Pingatronx,ragnaros,849,shaman,enhancement,19,12,7
26785,Googurt,barthilas,831,shaman,enhancement,17,9,8
26786,Taowth,area-52,831,shaman,enhancement,29,9,20
26787,Britisy,stormrage,825,shaman,enhancement,24,10,14
26788,Poagrious,bonechewer,804,shaman,enhancement,34,11,23
26789,Thorael,borean-tundra,798,shaman,enhancement,11,9,2
26790,Earthlsflat,tichondrius,781,shaman,enhancement,13,9,4
26791,Gorgonash,magtheridon,768,shaman,enhancement,12,8,4
26792,Gatorwaves,bleeding-hollow,768,shaman,enhancement,12,8,4
26793,Totemclass,bleeding-hollow,768,shaman,enhancement,12,8,4
26794,Ennoku,khadgar,768,shaman,enhancement,12,8,4
26795,Mobiediqônú,skywall,768,shaman,enhancement,12,8,4
26796,Cinderfury,magtheridon,768,shaman,enhancement,12,8,4
26797,Onamakawash,black-dragonflight,768,shaman,enhancement,12,8,4
26798,Sethbrogen,vashj,768,shaman,enhancement,18,8,10
26799,Arázi,wyrmrest-accord,768,shaman,enhancement,18,8,10
26800,Pinechanga,ragnaros,768,shaman,enhancement,18,8,10
26801,Dialtone,blackrock,768,shaman,enhancement,24,8,16
26802,Sparkqt,sargeras,767,shaman,enhancement,12,8,4
26803,Faultline,khadgar,767,shaman,enhancement,12,8,4
26804,Keroh,blackrock,767,shaman,enhancement,12,8,4
26805,Elevatezxo,stormrage,767,shaman,enhancement,12,8,4
26806,Popsmoke,gnomeregan,767,shaman,enhancement,12,8,4
26807,Finaplex,spirestone,767,shaman,enhancement,18,8,10
26808,Cuban,kelthuzad,767,shaman,enhancement,18,8,10
26809,Blasho,ragnaros,767,shaman,enhancement,18,8,10
26810,Volrog,magtheridon,767,shaman,enhancement,18,8,10
26811,Frëdstorm,kelthuzad,767,shaman,enhancement,24,8,16
26812,Mcgraff,frostmourne,766,shaman,enhancement,12,8,4
26813,Chamxz,ragnaros,766,shaman,enhancement,12,8,4
26814,Shometrin,tichondrius,766,shaman,enhancement,18,8,10
26815,Orendail,jubeithos,758,shaman,enhancement,24,8,16
26816,Shimshak,destromath,756,shaman,enhancement,18,8,10
26817,Dedlystorm,dalaran,754,shaman,enhancement,12,8,4
26818,Kumu,stormscale,735,shaman,enhancement,11,8,3
26819,Ryb,sargeras,735,shaman,enhancement,14,9,5
26820,Radan,kelthuzad,735,shaman,enhancement,17,8,9
26821,Jackofstorms,veknilash,734,shaman,enhancement,20,9,11
26822,Dàfèng,wyrmrest-accord,719,shaman,enhancement,23,8,15
26823,Blackshami,quelthalas,718,shaman,enhancement,18,8,10
26824,Pwnskillz,area-52,712,shaman,enhancement,17,8,9
26825,Àspec,aegwynn,704,shaman,enhancement,10,8,2
26826,Psilocypher,nazjatar,700,shaman,enhancement,14,8,6
26827,Lividelement,area-52,672,shaman,enhancement,12,7,5
26828,Bodai,magtheridon,672,shaman,enhancement,12,7,5
26829,Flukz,nazjatar,672,shaman,enhancement,12,7,5
26830,Marginalized,tichondrius,672,shaman,enhancement,12,7,5
26831,Shockshack,illidan,672,shaman,enhancement,12,7,5
26832,Asy,tichondrius,672,shaman,enhancement,12,7,5
26833,Napski,cenarius,672,shaman,enhancement,12,7,5
26834,Yaytotems,sargeras,672,shaman,enhancement,12,7,5
26835,Jofstrom,tichondrius,672,shaman,enhancement,12,7,5
26836,Overpowered,korgath,672,shaman,enhancement,12,7,5
26837,Peynful,shadowsong,672,shaman,enhancement,12,7,5
26838,Goondruka,area-52,672,shaman,enhancement,12,7,5
26839,Rtÿo,area-52,672,shaman,enhancement,12,7,5
26840,Vlal,tichondrius,672,shaman,enhancement,12,7,5
26841,Shokaria,frostwolf,672,shaman,enhancement,17,8,9
26842,Tyranitaur,frostmourne,672,shaman,enhancement,18,7,11
26843,Raywhiter,tichondrius,672,shaman,enhancement,22,8,14
26844,Checkmâte,emerald-dream,671,shaman,enhancement,12,7,5
26845,Hexondabeach,barthilas,671,shaman,enhancement,12,7,5
26846,Gaelfury,malganis,671,shaman,enhancement,18,7,11
26847,Gwyste,moon-guard,671,shaman,enhancement,18,7,11
26848,Zald,shattered-halls,671,shaman,enhancement,18,7,11
26849,Nondracil,ragnaros,671,shaman,enhancement,18,7,11
26850,Dimitrio,azralon,671,shaman,enhancement,18,7,11
26851,Velekar,moon-guard,671,shaman,enhancement,21,8,13
26852,Slowgrath,burning-legion,670,shaman,enhancement,12,7,5
26853,Drewshammy,zuljin,670,shaman,enhancement,12,7,5
26854,Totesmagotes,scilla,670,shaman,enhancement,12,7,5
26855,Morehammeerr,thunderlord,670,shaman,enhancement,12,7,5
26856,Kigorami,nerzhul,670,shaman,enhancement,18,7,11
26857,Orcgirth,kiljaeden,670,shaman,enhancement,21,8,13
26858,Allmeatie,hyjal,669,shaman,enhancement,12,7,5
26859,Vladd,hellscream,669,shaman,enhancement,18,7,11
26860,Helljumper,illidan,669,shaman,enhancement,21,8,13
26861,Blaçktide,thrall,665,shaman,enhancement,12,7,5
26862,Scams,bleeding-hollow,664,shaman,enhancement,12,7,5
26863,Facebooksux,sargeras,657,shaman,enhancement,12,7,5
26864,Orfelix,nemesis,656,shaman,enhancement,24,7,17
26865,Shammich,vashj,655,shaman,enhancement,11,7,4
26866,Darshidarsh,emerald-dream,640,shaman,enhancement,16,7,9
26867,Chapope,quelthalas,637,shaman,enhancement,10,8,2
26868,Vonvulviln,emerald-dream,623,shaman,enhancement,11,7,4
26869,Rhagnar,warsong,623,shaman,enhancement,11,7,4
26870,Intress,moon-guard,607,shaman,enhancement,10,7,3
26871,Eanne,moon-guard,592,shaman,enhancement,19,7,12
26872,Ambevsulfr,deathwing,576,shaman,enhancement,6,6,0
26873,Xiaoxiboy,tichondrius,576,shaman,enhancement,6,6,0
26874,Pikoom,tichondrius,576,shaman,enhancement,6,6,0
26875,Totegoat,nazjatar,576,shaman,enhancement,6,6,0
26876,Ftierspec,frostmourne,576,shaman,enhancement,6,6,0
26877,Eletastic,tichondrius,576,shaman,enhancement,6,6,0
26878,Hammerdog,illidan,576,shaman,enhancement,12,6,6
26879,Scarlo,bleeding-hollow,576,shaman,enhancement,12,6,6
26880,Enhpower,area-52,576,shaman,enhancement,12,6,6
26881,Kêtchpup,wyrmrest-accord,576,shaman,enhancement,12,6,6
26882,Måståçåstå,bleeding-hollow,576,shaman,enhancement,12,6,6
26883,Owtyobwol,area-52,576,shaman,enhancement,12,6,6
26884,Uggoluga,dalaran,576,shaman,enhancement,12,6,6
26885,Fischerman,barthilas,576,shaman,enhancement,12,6,6
26886,Crucybletv,korgath,576,shaman,enhancement,12,6,6
26887,Berxek,tichondrius,576,shaman,enhancement,12,6,6
26888,ßigðåddy,ghostlands,576,shaman,enhancement,12,6,6
26889,Kyzen,tichondrius,576,shaman,enhancement,12,6,6
26890,Troxigan,ragnaros,576,shaman,enhancement,12,6,6
26891,Ginjij,thrall,576,shaman,enhancement,12,6,6
26892,Yâmz,area-52,576,shaman,enhancement,16,7,9
26893,Groovesh,thrall,576,shaman,enhancement,14,6,8
26894,Volsdeep,illidan,576,shaman,enhancement,18,6,12
26895,Ferdashock,tichondrius,576,shaman,enhancement,18,6,12
26896,Eternalife,khazgoroth,575,shaman,enhancement,12,6,6
26897,Gingeroo,stonemaul,575,shaman,enhancement,12,6,6
26898,Naextramus,ragnaros,575,shaman,enhancement,12,6,6
26899,Fevolution,dreadmaul,575,shaman,enhancement,12,6,6
26900,Somethingdop,sargeras,575,shaman,enhancement,12,6,6
26901,Nuofu,illidan,575,shaman,enhancement,16,7,9
26902,Møp,spirestone,575,shaman,enhancement,18,6,12
26903,Talfur,area-52,575,shaman,enhancement,18,6,12
26904,Gundar,chogall,575,shaman,enhancement,18,6,12
26905,Zeebouzy,illidan,575,shaman,enhancement,18,6,12
26906,Golkork,quelthalas,574,shaman,enhancement,12,6,6
26907,Xapoxy,nemesis,574,shaman,enhancement,12,6,6
26908,Bloodytotemz,emerald-dream,574,shaman,enhancement,12,6,6
26909,Fadesrp,moon-guard,571,shaman,enhancement,12,6,6
26910,Charr,nemesis,571,shaman,enhancement,12,6,6
26911,Ðg,tichondrius,569,shaman,enhancement,18,6,12
26912,Tukkutz,moon-guard,526,shaman,enhancement,15,6,9
26913,Noveske,arthas,522,shaman,enhancement,15,7,8
26914,Monadazs,ragnaros,511,shaman,enhancement,8,6,2
26915,Zaxibow,area-52,496,shaman,enhancement,19,6,13
26916,Fiercegoblin,drakkari,493,shaman,enhancement,19,6,13
26917,Zappiiboii,malganis,480,shaman,enhancement,6,5,1
26918,Tigtotem,malganis,480,shaman,enhancement,6,5,1
26919,Geeblast,area-52,480,shaman,enhancement,6,5,1
26920,Iava,dalaran,480,shaman,enhancement,6,5,1
26921,Rokudo,dragonmaw,480,shaman,enhancement,6,5,1
26922,Mynigabob,zuljin,480,shaman,enhancement,6,5,1
26923,Raídyn,sargeras,480,shaman,enhancement,6,5,1
26924,Nakamora,tichondrius,480,shaman,enhancement,6,5,1
26925,Nibrax,moknathal,480,shaman,enhancement,6,5,1
26926,Beatmán,blades-edge,480,shaman,enhancement,6,5,1
26927,Daysub,crushridge,480,shaman,enhancement,6,5,1
26928,Krunggar,azralon,480,shaman,enhancement,6,5,1
26929,Nekorii,bleeding-hollow,480,shaman,enhancement,6,5,1
26930,Tactíc,chromaggus,480,shaman,enhancement,6,5,1
26931,Egirlshmu,stormrage,480,shaman,enhancement,6,5,1
26932,Bofah,draktharon,480,shaman,enhancement,6,5,1
26933,Gluestick,shadowmoon,480,shaman,enhancement,12,5,7
26934,Stankydad,tichondrius,480,shaman,enhancement,12,5,7
26935,Earthclap,tichondrius,480,shaman,enhancement,12,5,7
26936,Loliqueenfae,illidan,480,shaman,enhancement,12,5,7
26937,Kultirio,quelthalas,480,shaman,enhancement,12,5,7
26938,Kidkovid,illidan,480,shaman,enhancement,12,5,7
26939,Matzahmeal,skywall,480,shaman,enhancement,12,5,7
26940,Aldinatir,ragnaros,480,shaman,enhancement,12,5,7
26941,Macumbolo,nemesis,480,shaman,enhancement,12,5,7
26942,Spencesham,sargeras,480,shaman,enhancement,12,5,7
26943,Capivarãão,stormrage,480,shaman,enhancement,12,5,7
26944,Tiostroke,stormrage,480,shaman,enhancement,12,5,7
26945,Rngena,trollbane,480,shaman,enhancement,12,5,7
26946,Scrototæm,area-52,480,shaman,enhancement,12,5,7
26947,Adhdeeznuts,frostmourne,480,shaman,enhancement,12,5,7
26948,Meatlog,dalaran,480,shaman,enhancement,12,5,7
26949,Azzula,tichondrius,480,shaman,enhancement,13,5,8
26950,Gyokuken,stormrage,480,shaman,enhancement,18,5,13
26951,Fíren,area-52,480,shaman,enhancement,18,5,13
26952,Dushkanar,barthilas,479,shaman,enhancement,12,5,7
26953,Tugnar,ragnaros,479,shaman,enhancement,12,5,7
26954,Pockethealer,emerald-dream,479,shaman,enhancement,18,5,13
26955,Brorogan,aerie-peak,478,shaman,enhancement,12,5,7
26956,Enkkiz,ragnaros,477,shaman,enhancement,12,5,7
26957,Baloneyfiveo,kiljaeden,447,shaman,enhancement,14,6,8
26958,Taowth,tichondrius,431,shaman,enhancement,11,5,6
26959,Curtrex,amanthul,431,shaman,enhancement,11,5,6
26960,Cbomberz,tichondrius,400,shaman,enhancement,13,5,8
26961,Gammacide,sargeras,384,shaman,enhancement,6,4,2
26962,Yildiri,area-52,384,shaman,enhancement,6,4,2
26963,Indaka,kiljaeden,384,shaman,enhancement,6,4,2
26964,Kylani,thrall,384,shaman,enhancement,6,4,2
26965,Wools,frostmourne,384,shaman,enhancement,6,4,2
26966,Hooluu,frostmourne,384,shaman,enhancement,6,4,2
26967,Protoaster,tichondrius,384,shaman,enhancement,6,4,2
26968,Agpx,tichondrius,384,shaman,enhancement,6,4,2
26969,Electrikz,moonrunner,384,shaman,enhancement,6,4,2
26970,Ayahuaska,darkspear,384,shaman,enhancement,6,4,2
26971,Ryuuraix,area-52,384,shaman,enhancement,6,4,2
26972,Sorgal,area-52,384,shaman,enhancement,6,4,2
26973,Freyía,illidan,384,shaman,enhancement,6,4,2
26974,Grìmlock,lightbringer,384,shaman,enhancement,6,4,2
26975,Enhance,bleeding-hollow,384,shaman,enhancement,6,4,2
26976,Katojune,tichondrius,384,shaman,enhancement,6,4,2
26977,Shamcowhah,frostmourne,384,shaman,enhancement,6,4,2
26978,Mastrionilol,dragonmaw,384,shaman,enhancement,6,4,2
26979,Stormdancer,elune,384,shaman,enhancement,6,4,2
26980,Utilitytotem,moon-guard,384,shaman,enhancement,6,4,2
26981,Angrytotems,ragnaros,384,shaman,enhancement,6,4,2
26982,Slurslinger,area-52,384,shaman,enhancement,6,4,2
26983,Ezzroz,guldan,384,shaman,enhancement,6,4,2
26984,Bioshocked,korgath,384,shaman,enhancement,6,4,2
26985,Shomminn,tichondrius,384,shaman,enhancement,6,4,2
26986,Meramin,illidan,384,shaman,enhancement,6,4,2
26987,Aureal,malganis,384,shaman,enhancement,6,4,2
26988,Lukora,stonemaul,384,shaman,enhancement,6,4,2
26989,Lilpump,boulderfist,384,shaman,enhancement,6,4,2
26990,Shalkahn,malganis,384,shaman,enhancement,6,4,2
26991,Halajo,thrall,384,shaman,enhancement,6,4,2
26992,Jènova,whisperwind,384,shaman,enhancement,6,4,2
26993,Grimwind,tichondrius,384,shaman,enhancement,6,4,2
26994,Shamantwo,windrunner,384,shaman,enhancement,12,4,8
26995,Gaurudon,zuljin,384,shaman,enhancement,12,4,8
26996,Niteshammy,lothar,384,shaman,enhancement,12,4,8
26997,Durozu,tichondrius,384,shaman,enhancement,12,4,8
26998,Tictactotem,lothar,384,shaman,enhancement,12,4,8
26999,Wagar,dawnbringer,384,shaman,enhancement,12,4,8
27000,Neeman,malganis,384,shaman,enhancement,12,4,8
27001,Gangdan,emerald-dream,384,shaman,enhancement,12,4,8
27002,Bloudabadee,emerald-dream,384,shaman,enhancement,12,4,8
27003,Skizzymars,malganis,384,shaman,enhancement,12,4,8
27004,Vertrág,malganis,384,shaman,enhancement,12,4,8
27005,Greenydapooh,nerzhul,384,shaman,enhancement,12,4,8
27006,Grimdil,moon-guard,384,shaman,enhancement,18,4,14
27007,Jacniclstorm,frostmourne,383,shaman,enhancement,6,4,2
27008,Rhal,ragnaros,383,shaman,enhancement,6,4,2
27009,Rocktor,alleria,383,shaman,enhancement,6,4,2
27010,Toeto,darrowmere,383,shaman,enhancement,6,4,2
27011,Ghogann,bleeding-hollow,383,shaman,enhancement,6,4,2
27012,Triní,ragnaros,383,shaman,enhancement,12,4,8
27013,Shambostik,thrall,383,shaman,enhancement,12,4,8
27014,Kalashnikov,maiev,383,shaman,enhancement,12,4,8
27015,Speedmonster,hellscream,368,shaman,enhancement,13,5,8
27016,Admetis,vashj,351,shaman,enhancement,17,4,13
27017,Groundfaults,bleeding-hollow,335,shaman,enhancement,11,4,7
27018,Thorsén,ursin,335,shaman,enhancement,17,4,13
27019,Jeaunoo,darkspear,330,shaman,enhancement,14,5,9
27020,Shamvandám,kiljaeden,329,shaman,enhancement,18,6,12
27021,Sasageyo,tichondrius,319,shaman,enhancement,8,4,4
27022,Tempestsmash,tichondrius,304,shaman,enhancement,7,4,3
27023,Dreamers,anvilmar,288,shaman,enhancement,6,3,3
27024,Botu,malorne,288,shaman,enhancement,6,3,3
27025,Lightnessx,stormrage,288,shaman,enhancement,6,3,3
27026,Freshoranges,blood-furnace,288,shaman,enhancement,6,3,3
27027,Haititnahtou,kaelthas,288,shaman,enhancement,6,3,3
27028,Dogcompany,tichondrius,288,shaman,enhancement,6,3,3
27029,Plznostepmom,tichondrius,288,shaman,enhancement,6,3,3
27030,Strønklesøn,drakthul,288,shaman,enhancement,6,3,3
27031,Vanmaichet,azshara,288,shaman,enhancement,6,3,3
27032,Earlainn,stormrage,288,shaman,enhancement,6,3,3
27033,Gimpanzee,kiljaeden,288,shaman,enhancement,6,3,3
27034,Jokerxksx,tichondrius,288,shaman,enhancement,6,3,3
27035,Ulala,azshara,288,shaman,enhancement,6,3,3
27036,Argues,tichondrius,288,shaman,enhancement,6,3,3
27037,Lennylemons,stormrage,288,shaman,enhancement,6,3,3
27038,Painfury,zuljin,288,shaman,enhancement,6,3,3
27039,Aruçar,drakkari,288,shaman,enhancement,6,3,3
27040,Shlongers,illidan,288,shaman,enhancement,6,3,3
27041,Platanos,proudmoore,288,shaman,enhancement,6,3,3
27042,Oaktar,bleeding-hollow,288,shaman,enhancement,6,3,3
27043,Gorszu,proudmoore,288,shaman,enhancement,6,3,3
27044,Gojiras,barthilas,288,shaman,enhancement,6,3,3
27045,Sourcreamqtx,stormrage,288,shaman,enhancement,6,3,3
27046,Cluffatty,tichondrius,288,shaman,enhancement,6,3,3
27047,Nìke,nazgrel,288,shaman,enhancement,6,3,3
27048,Zarrka,tichondrius,288,shaman,enhancement,6,3,3
27049,Zoma,elune,288,shaman,enhancement,6,3,3
27050,Stronghit,tichondrius,288,shaman,enhancement,6,3,3
27051,Jibbajabber,laughing-skull,288,shaman,enhancement,6,3,3
27052,Emppege,tichondrius,288,shaman,enhancement,6,3,3
27053,Thiccwater,frostmourne,288,shaman,enhancement,6,3,3
27054,Electabuzz,arygos,288,shaman,enhancement,6,3,3
27055,Defiant,azgalor,288,shaman,enhancement,6,3,3
27056,Nyknicks,tichondrius,288,shaman,enhancement,6,3,3
27057,Torvi,saurfang,288,shaman,enhancement,6,3,3
27058,Seltheran,tichondrius,288,shaman,enhancement,6,3,3
27059,Argena,bonechewer,288,shaman,enhancement,6,3,3
27060,Owiez,sargeras,288,shaman,enhancement,6,3,3
27061,Mundi,madoran,288,shaman,enhancement,6,3,3
27062,Bovinefony,blackrock,288,shaman,enhancement,6,3,3
27063,Emtflakes,darkspear,288,shaman,enhancement,6,3,3
27064,Luxenor,kelthuzad,288,shaman,enhancement,6,3,3
27065,Sleepysham,kelthuzad,288,shaman,enhancement,6,3,3
27066,Korgen,area-52,288,shaman,enhancement,6,3,3
27067,Slowkeeper,azralon,288,shaman,enhancement,6,3,3
27068,Getwetand,quelthalas,288,shaman,enhancement,6,3,3
27069,Rockbass,sargeras,288,shaman,enhancement,6,3,3
27070,Chavezlives,area-52,288,shaman,enhancement,6,3,3
27071,Radiology,garithos,288,shaman,enhancement,6,3,3
27072,Mavz,moon-guard,288,shaman,enhancement,6,3,3
27073,Stoneseed,steamwheedle-cartel,288,shaman,enhancement,6,3,3
27074,Arckos,thrall,288,shaman,enhancement,6,3,3
27075,Murig,bladefist,288,shaman,enhancement,6,3,3
27076,Ban,blackrock,288,shaman,enhancement,6,3,3
27077,Rainjig,emerald-dream,288,shaman,enhancement,6,3,3
27078,Shayymann,exodar,288,shaman,enhancement,6,3,3
27079,Newele,thrall,288,shaman,enhancement,6,3,3
27080,Slowdown,malganis,288,shaman,enhancement,6,3,3
27081,Swifteyy,area-52,288,shaman,enhancement,6,3,3
27082,Smeeza,frostmourne,288,shaman,enhancement,6,3,3
27083,Shamaro,malganis,288,shaman,enhancement,6,3,3
27084,Jumoma,thrall,288,shaman,enhancement,6,3,3
27085,Corkrain,sargeras,288,shaman,enhancement,6,3,3
27086,Kakiscala,proudmoore,288,shaman,enhancement,11,3,8
27087,Azão,stormrage,288,shaman,enhancement,12,3,9
27088,Gudac,tichondrius,288,shaman,enhancement,12,3,9
27089,Wickyz,moon-guard,288,shaman,enhancement,12,3,9
27090,Smeagðl,tichondrius,288,shaman,enhancement,12,3,9
27091,Orcshamen,tichondrius,288,shaman,enhancement,12,3,9
27092,Hammaam,illidan,288,shaman,enhancement,12,3,9
27093,Regeneration,darkspear,288,shaman,enhancement,12,3,9
27094,Aegaeonlol,tichondrius,288,shaman,enhancement,12,3,9
27095,Jajxshammy,rivendare,288,shaman,enhancement,12,3,9
27096,Malsturm,stormrage,288,shaman,enhancement,12,3,9
27097,Jireñ,area-52,288,shaman,enhancement,12,3,9
27098,Fishmoley,zuljin,288,shaman,enhancement,12,3,9
27099,Drgiggleheim,tichondrius,288,shaman,enhancement,12,3,9
27100,Størmbreäker,tichondrius,287,shaman,enhancement,6,3,3
27101,Thanen,the-scryers,287,shaman,enhancement,8,3,5
27102,Relyts,tichondrius,255,shaman,enhancement,11,5,6
27103,Sølbi,tichondrius,239,shaman,enhancement,5,3,2
27104,Caobuloso,azralon,239,shaman,enhancement,5,3,2
27105,Smooths,bloodscalp,234,shaman,enhancement,19,5,14
27106,Shamnick,malganis,192,shaman,enhancement,6,2,4
27107,Böc,tichondrius,192,shaman,enhancement,6,2,4
27108,Solka,illidan,192,shaman,enhancement,6,2,4
27109,Ectomee,tichondrius,192,shaman,enhancement,6,2,4
27110,Mishalla,tichondrius,192,shaman,enhancement,6,2,4
27111,Thorlottie,stormrage,192,shaman,enhancement,6,2,4
27112,Cutedraenei,destromath,192,shaman,enhancement,6,2,4
27113,Sparklebunny,dark-iron,192,shaman,enhancement,6,2,4
27114,Døømwinds,tichondrius,192,shaman,enhancement,6,2,4
27115,Jbahr,hyjal,192,shaman,enhancement,6,2,4
27116,Dadajuju,azralon,192,shaman,enhancement,6,2,4
27117,Jasonnworb,tichondrius,192,shaman,enhancement,6,2,4
27118,Skyten,quelthalas,192,shaman,enhancement,6,2,4
27119,Zentius,thunderhorn,192,shaman,enhancement,6,2,4
27120,Scarshamxn,frostmourne,192,shaman,enhancement,6,2,4
27121,Emptyy,azralon,192,shaman,enhancement,6,2,4
27122,Lenin,nathrezim,192,shaman,enhancement,6,2,4
27123,Electrica,quelthalas,192,shaman,enhancement,6,2,4
27124,Kinzle,tichondrius,192,shaman,enhancement,6,2,4
27125,Meattoilet,tichondrius,192,shaman,enhancement,6,2,4
27126,Ôprawindfury,mugthol,192,shaman,enhancement,6,2,4
27127,Jammylol,frostmourne,192,shaman,enhancement,6,2,4
27128,Bitxxnumber,tichondrius,192,shaman,enhancement,6,2,4
27129,Girthquake,agamaggan,192,shaman,enhancement,6,2,4
27130,Friedshammy,frostmourne,192,shaman,enhancement,6,2,4
27131,Zeldrys,emerald-dream,192,shaman,enhancement,6,2,4
27132,Denki,nesingwary,192,shaman,enhancement,6,2,4
27133,Stormfronts,kelthuzad,192,shaman,enhancement,6,2,4
27134,Ceedlamb,kelthuzad,192,shaman,enhancement,6,2,4
27135,Sleepysham,anubarak,192,shaman,enhancement,6,2,4
27136,Twistër,illidan,192,shaman,enhancement,6,2,4
27137,Totemzie,illidan,192,shaman,enhancement,6,2,4
27138,Vjeze,frostmourne,192,shaman,enhancement,6,2,4
27139,Durogh,darkspear,192,shaman,enhancement,6,2,4
27140,Bullcowsby,darkspear,192,shaman,enhancement,6,2,4
27141,ßeesy,emerald-dream,192,shaman,enhancement,6,2,4
27142,Vitaminc,garona,192,shaman,enhancement,6,2,4
27143,Amärök,area-52,192,shaman,enhancement,6,2,4
27144,Hothandxo,illidan,192,shaman,enhancement,6,2,4
27145,Víì,tichondrius,192,shaman,enhancement,6,2,4
27146,Killamanjaro,alterac-mountains,192,shaman,enhancement,6,2,4
27147,Tamzlol,the-forgotten-coast,192,shaman,enhancement,6,2,4
27148,Shocksrus,arthas,192,shaman,enhancement,6,2,4
27149,Jahahahamon,arthas,192,shaman,enhancement,6,2,4
27150,Brofessor,frostwolf,192,shaman,enhancement,6,2,4
27151,Pericazo,sargeras,192,shaman,enhancement,6,2,4
27152,Shamanakin,emerald-dream,192,shaman,enhancement,6,2,4
27153,Shockszz,onyxia,192,shaman,enhancement,6,2,4
27154,Shamflu,tichondrius,192,shaman,enhancement,6,2,4
27155,Stallos,zuljin,192,shaman,enhancement,6,2,4
27156,Canabal,eonar,192,shaman,enhancement,6,2,4
27157,Díesel,azralon,192,shaman,enhancement,6,2,4
27158,Kulnash,auchindoun,192,shaman,enhancement,6,2,4
27159,Valcannos,area-52,192,shaman,enhancement,6,2,4
27160,Dennwoop,sargeras,192,shaman,enhancement,6,2,4
27161,Reptimus,sargeras,192,shaman,enhancement,6,2,4
27162,Pissticles,bleeding-hollow,192,shaman,enhancement,6,2,4
27163,Hoodfigga,tichondrius,192,shaman,enhancement,6,2,4
27164,Bootsix,area-52,192,shaman,enhancement,6,2,4
27165,Hèllzpyro,sargeras,192,shaman,enhancement,6,2,4
27166,Soapmactavis,sargeras,192,shaman,enhancement,6,2,4
27167,Thrallzballz,firetree,192,shaman,enhancement,6,2,4
27168,Boj,magtheridon,192,shaman,enhancement,6,2,4
27169,Stylebend,area-52,192,shaman,enhancement,12,2,10
27170,Tarresh,azralon,192,shaman,enhancement,12,2,10
27171,Zuljiba,illidan,192,shaman,enhancement,12,2,10
27172,Legendmatic,illidan,192,shaman,enhancement,12,2,10
27173,Calmconflict,daggerspine,191,shaman,enhancement,6,2,4
27174,Dønßlack,thunderhorn,159,shaman,enhancement,5,2,3
27175,Skuffedx,spirestone,159,shaman,enhancement,5,2,3
27176,Nuggitz,tichondrius,159,shaman,enhancement,5,2,3
27177,Shamto,zuljin,144,shaman,enhancement,3,3,0
27178,Reavs,illidan,138,shaman,enhancement,16,3,13
27179,Bogz,korgath,128,shaman,enhancement,4,2,2
27180,Flashyjoe,tichondrius,128,shaman,enhancement,4,2,2
27181,Badgeshock,area-52,128,shaman,enhancement,4,2,2
27182,Ludacrìtz,stormrage,112,shaman,enhancement,7,2,5
27183,Tekdar,kiljaeden,96,shaman,enhancement,3,2,1
27184,Shamcakes,kilrogg,96,shaman,enhancement,17,3,14
27185,Blackjackxx,frostmourne,96,shaman,enhancement,6,1,5
27186,Hangellyca,azralon,96,shaman,enhancement,6,1,5
27187,Drekkhal,area-52,96,shaman,enhancement,6,1,5
27188,Shockfreak,stormrage,96,shaman,enhancement,6,1,5
27189,Wangbangjr,mugthol,96,shaman,enhancement,6,1,5
27190,Mawcus,zuljin,96,shaman,enhancement,6,1,5
27191,Bigsquatzy,bleeding-hollow,96,shaman,enhancement,6,1,5
27192,Beazel,moon-guard,96,shaman,enhancement,6,1,5
27193,Esko,magtheridon,96,shaman,enhancement,6,1,5
27194,Wälee,sargeras,96,shaman,enhancement,6,1,5
27195,Geladoo,gallywix,96,shaman,enhancement,6,1,5
27196,Paramecium,sargeras,96,shaman,enhancement,6,1,5
27197,Sèktor,dalaran,96,shaman,enhancement,6,1,5
27198,Zoeyzour,illidan,96,shaman,enhancement,6,1,5
27199,Zapsquidzap,illidan,96,shaman,enhancement,6,1,5
27200,Shamikkazee,illidan,96,shaman,enhancement,6,1,5
27201,Succies,emerald-dream,96,shaman,enhancement,6,1,5
27202,Sweettooth,area-52,96,shaman,enhancement,6,1,5
27203,Axshaman,darkspear,96,shaman,enhancement,6,1,5
27204,Kinjin,dragonmaw,96,shaman,enhancement,6,1,5
27205,Sandmanatee,crushridge,96,shaman,enhancement,6,1,5
27206,Tritun,proudmoore,96,shaman,enhancement,6,1,5
27207,Karmar,proudmoore,96,shaman,enhancement,6,1,5
27208,Alferian,moon-guard,96,shaman,enhancement,6,1,5
27209,Ikora,crushridge,96,shaman,enhancement,6,1,5
27210,Tictactotum,hyjal,96,shaman,enhancement,6,1,5
27211,Thunderblood,nerzhul,96,shaman,enhancement,6,1,5
27212,Acéz,korgath,96,shaman,enhancement,6,1,5
27213,Nehrakgu,wyrmrest-accord,96,shaman,enhancement,6,1,5
27214,Threehandz,bleeding-hollow,96,shaman,enhancement,8,1,7
27215,Thallor,stormrage,96,shaman,enhancement,12,1,11
27216,Icedogg,malganis,95,shaman,enhancement,6,1,5
27217,Smokeymcpots,khazgoroth,95,shaman,enhancement,6,1,5
27218,Dilldoughnut,sargeras,79,shaman,enhancement,5,1,4
27219,Engorgdshock,tichondrius,63,shaman,enhancement,2,2,0
27220,Totemlord,lightnings-blade,31,shaman,enhancement,2,1,1
27221,Mlx,proudmoore,2345,warlock,demonology,113,66,47
27222,Wildimp,aerie-peak,2307,warlock,demonology,102,62,40
27223,Wzxx,tichondrius,2206,warlock,demonology,78,43,35
27224,Beyourselff,tichondrius,2204,warlock,demonology,109,59,50
27225,Mixtape,stormrage,2178,warlock,demonology,77,47,30
27226,Btsfangirl,moon-guard,2161,warlock,demonology,77,46,31
27227,Gentleq,tichondrius,2149,warlock,demonology,99,53,46
27228,Fishorz,tichondrius,2128,warlock,demonology,89,47,42
27229,Harambê,sargeras,2127,warlock,demonology,36,27,9
27230,Ztlivid,area-52,2118,warlock,demonology,152,84,68
27231,Awdam,tichondrius,2114,warlock,demonology,96,50,46
27232,Zuelu,tichondrius,2113,warlock,demonology,61,39,22
27233,Ensebado,azralon,2111,warlock,demonology,140,78,62
27234,Falco,azshara,2110,warlock,demonology,66,38,28
27235,Cosmosxx,illidan,2110,warlock,demonology,112,58,54
27236,Ogchaos,tichondrius,2107,warlock,demonology,78,45,33
27237,Bahamas,bleeding-hollow,2073,warlock,demonology,72,41,31
27238,Etuskaa,tichondrius,2066,warlock,demonology,113,57,56
27239,Sslock,sargeras,2008,warlock,demonology,71,37,34
27240,Ziffy,emerald-dream,2008,warlock,demonology,66,34,32
27241,Ediya,tichondrius,2008,warlock,demonology,72,36,36
27242,Nocrackrocks,stormrage,2007,warlock,demonology,117,66,51
27243,Xadge,tichondrius,2004,warlock,demonology,67,36,31
27244,Elbrujon,sargeras,2004,warlock,demonology,89,46,43
27245,Wesyane,anetheron,2004,warlock,demonology,79,39,40
27246,Awangdemon,tichondrius,1997,warlock,demonology,54,27,27
27247,Teivlol,mugthol,1982,warlock,demonology,72,39,33
27248,Extreme,blackwing-lair,1978,warlock,demonology,78,53,25
27249,Erlandesher,tichondrius,1974,warlock,demonology,65,33,32
27250,Toiletghost,tichondrius,1973,warlock,demonology,44,29,15
27251,Ihaveapowers,maiev,1973,warlock,demonology,114,58,56
27252,Fatass,cairne,1972,warlock,demonology,54,30,24
27253,Petattack,nerzhul,1968,warlock,demonology,107,54,53
27254,Kaossqt,azralon,1968,warlock,demonology,78,38,40
27255,Wildimpx,sargeras,1967,warlock,demonology,71,35,36
27256,Miredö,tichondrius,1964,warlock,demonology,42,26,16
27257,Bronzerl,tichondrius,1947,warlock,demonology,29,21,8
27258,Amazingamez,sargeras,1940,warlock,demonology,137,66,71
27259,Stopdot,lightnings-blade,1934,warlock,demonology,76,38,38
27260,Devilman,darkspear,1933,warlock,demonology,69,41,28
27261,Lrry,dalaran,1923,warlock,demonology,126,76,50
27262,Erock,korgath,1922,warlock,demonology,36,29,7
27263,Shadowmoonon,tichondrius,1921,warlock,demonology,43,21,22
27264,Xygg,tichondrius,1920,warlock,demonology,42,27,15
27265,Thranlock,area-52,1918,warlock,demonology,72,38,34
27266,Naughtybolts,sargeras,1916,warlock,demonology,74,42,32
27267,Lilballz,tichondrius,1909,warlock,demonology,36,20,16
27268,Vexxes,malganis,1907,warlock,demonology,60,35,25
27269,Persistencss,tichondrius,1903,warlock,demonology,30,20,10
27270,Babydots,stormreaver,1903,warlock,demonology,112,59,53
27271,Huajianmanwu,tichondrius,1901,warlock,demonology,154,82,72
27272,Daerde,malganis,1900,warlock,demonology,47,27,20
27273,Siphoned,darkspear,1900,warlock,demonology,53,27,26
27274,Ofc,malganis,1899,warlock,demonology,42,26,16
27275,Deadlpoo,stormscale,1899,warlock,demonology,81,41,40
27276,Littlerod,tichondrius,1896,warlock,demonology,30,20,10
27277,Lemmepvponu,illidan,1896,warlock,demonology,48,30,18
27278,Alisa,moon-guard,1896,warlock,demonology,60,28,32
27279,Gianni,chogall,1893,warlock,demonology,59,28,31
27280,Zydiva,sargeras,1890,warlock,demonology,100,53,47
27281,Bleachkk,tichondrius,1888,warlock,demonology,42,29,13
27282,Baka,moon-guard,1884,warlock,demonology,42,23,19
27283,Kimchiblast,tichondrius,1876,warlock,demonology,48,28,20
27284,Sàill,tichondrius,1871,warlock,demonology,35,22,13
27285,Demondisco,tichondrius,1864,warlock,demonology,73,34,39
27286,Bwonsamdijin,tichondrius,1863,warlock,demonology,71,34,37
27287,Ketahole,warsong,1855,warlock,demonology,70,37,33
27288,Atheø,ragnaros,1854,warlock,demonology,42,23,19
27289,Bigdaddylol,ragnaros,1849,warlock,demonology,53,30,23
27290,Demyo,tichondrius,1849,warlock,demonology,38,21,17
27291,Unhòólylck,ragnaros,1848,warlock,demonology,46,25,21
27292,Phóbòs,tichondrius,1843,warlock,demonology,54,40,14
27293,Debao,malganis,1843,warlock,demonology,54,27,27
27294,Rakshama,chogall,1842,warlock,demonology,36,23,13
27295,Patoquenn,azralon,1835,warlock,demonology,42,26,16
27296,ßøßßÿßøûçhêr,tichondrius,1831,warlock,demonology,36,25,11
27297,Drakatattwo,tichondrius,1831,warlock,demonology,42,23,19
27298,Spicyfingers,illidan,1829,warlock,demonology,48,29,19
27299,Evildeath,tichondrius,1829,warlock,demonology,48,26,22
27300,Bic,thrall,1828,warlock,demonology,66,45,21
27301,Lowrcase,zuljin,1828,warlock,demonology,42,24,18
27302,Tarth,sargeras,1827,warlock,demonology,84,43,41
27303,Ceeloftw,tichondrius,1827,warlock,demonology,78,39,39
27304,Xoboroz,moon-guard,1827,warlock,demonology,60,29,31
27305,Playtoy,moon-guard,1826,warlock,demonology,142,71,71
27306,Castingfear,barthilas,1825,warlock,demonology,48,27,21
27307,Sofan,dalaran,1819,warlock,demonology,46,29,17
27308,Dapete,malorne,1818,warlock,demonology,53,30,23
27309,Arcinian,kelthuzad,1817,warlock,demonology,66,39,27
27310,Villaìn,moon-guard,1817,warlock,demonology,75,34,41
27311,Boltqt,tichondrius,1815,warlock,demonology,36,22,14
27312,Ltr,moon-guard,1811,warlock,demonology,30,22,8
27313,Abrocket,alleria,1811,warlock,demonology,30,19,11
27314,Voidxo,tichondrius,1811,warlock,demonology,36,22,14
27315,Raegon,kiljaeden,1811,warlock,demonology,39,23,16
27316,Maadhum,illidan,1811,warlock,demonology,51,27,24
27317,Kerrigan,the-venture-co,1810,warlock,demonology,54,33,21
27318,Errogant,area-52,1810,warlock,demonology,60,30,30
27319,Dounutlock,area-52,1809,warlock,demonology,54,33,21
27320,Chilipeppa,wyrmrest-accord,1808,warlock,demonology,60,34,26
27321,Chaosthekid,malganis,1807,warlock,demonology,40,25,15
27322,Tessarath,area-52,1807,warlock,demonology,36,22,14
27323,Reneqtxo,jubeithos,1806,warlock,demonology,30,19,11
27324,Xacayth,ragnaros,1804,warlock,demonology,80,47,33
27325,Rakudemon,ragnaros,1804,warlock,demonology,147,77,70
27326,Darkborkain,tichondrius,1803,warlock,demonology,30,19,11
27327,Thelockzx,azralon,1801,warlock,demonology,60,28,32
27328,Broccoleh,area-52,1799,warlock,demonology,41,25,16
27329,Magë,ursin,1796,warlock,demonology,78,34,44
27330,Paygo,tichondrius,1795,warlock,demonology,30,19,11
27331,Hugebolt,tichondrius,1793,warlock,demonology,48,28,20
27332,Búmchúm,frostmourne,1788,warlock,demonology,54,34,20
27333,Keylloggz,sargeras,1786,warlock,demonology,48,26,22
27334,Ccona,tichondrius,1770,warlock,demonology,36,20,16
27335,Atheô,ragnaros,1769,warlock,demonology,53,28,25
27336,Spreadlove,emerald-dream,1766,warlock,demonology,138,74,64
27337,Åmön,zuljin,1766,warlock,demonology,54,28,26
27338,Jaganshi,tichondrius,1764,warlock,demonology,46,26,20
27339,Mälwaré,tichondrius,1764,warlock,demonology,52,26,26
27340,Dowal,whisperwind,1764,warlock,demonology,48,24,24
27341,Döremi,tichondrius,1760,warlock,demonology,35,21,14
27342,Sharaßha,moon-guard,1759,warlock,demonology,45,27,18
27343,Lockeslock,sargeras,1756,warlock,demonology,84,44,40
27344,Axelrodx,tichondrius,1745,warlock,demonology,36,23,13
27345,Mcpickls,illidan,1740,warlock,demonology,48,26,22
27346,Chanigay,tichondrius,1737,warlock,demonology,35,20,15
27347,Dreadlõck,malganis,1737,warlock,demonology,78,39,39
27348,Overclocked,destromath,1726,warlock,demonology,24,18,6
27349,Domenic,sentinels,1725,warlock,demonology,46,26,20
27350,Playßøy,area-52,1724,warlock,demonology,30,18,12
27351,Houdneeznuts,tichondrius,1723,warlock,demonology,132,73,59
27352,Missalice,nesingwary,1719,warlock,demonology,36,22,14
27353,Muchas,area-52,1717,warlock,demonology,30,18,12
27354,Fadedemon,area-52,1716,warlock,demonology,42,32,10
27355,Snuufels,area-52,1716,warlock,demonology,36,22,14
27356,Aramith,tichondrius,1715,warlock,demonology,42,25,17
27357,Toestye,lightbringer,1715,warlock,demonology,90,51,39
27358,Notomorrow,tichondrius,1713,warlock,demonology,134,82,52
27359,Larixpotanin,tichondrius,1709,warlock,demonology,42,23,19
27360,Ðëâthløck,tichondrius,1708,warlock,demonology,41,24,17
27361,Eastwitch,ragnaros,1707,warlock,demonology,48,22,26
27362,Hulkyy,illidan,1706,warlock,demonology,89,53,36
27363,Milkybøng,area-52,1705,warlock,demonology,99,61,38
27364,Dìablo,area-52,1702,warlock,demonology,78,43,35
27365,Dlchem,tichondrius,1700,warlock,demonology,52,30,22
27366,Ourlegacy,tichondrius,1695,warlock,demonology,40,24,16
27367,Altairo,illidan,1695,warlock,demonology,48,26,22
27368,Beatinu,draenor,1693,warlock,demonology,36,24,12
27369,Fksm,tichondrius,1692,warlock,demonology,36,20,16
27370,Stopdottroll,zuljin,1690,warlock,demonology,30,18,12
27371,Metrow,area-52,1688,warlock,demonology,30,18,12
27372,Leeka,tichondrius,1687,warlock,demonology,48,23,25
27373,Lockiator,moon-guard,1686,warlock,demonology,41,24,17
27374,Eazyw,stormrage,1685,warlock,demonology,53,21,32
27375,Jerclard,proudmoore,1684,warlock,demonology,60,31,29
27376,Vcain,stormrage,1680,warlock,demonology,60,29,31
27377,Säbrine,zuljin,1679,warlock,demonology,73,35,38
27378,Shinyballz,tichondrius,1673,warlock,demonology,35,18,17
27379,Aroug,aggramar,1665,warlock,demonology,78,38,40
27380,Stonelocke,area-52,1661,warlock,demonology,59,32,27
27381,Zver,drakkari,1659,warlock,demonology,42,25,17
27382,Jyhoona,chromaggus,1658,warlock,demonology,160,81,79
27383,Rathul,bonechewer,1657,warlock,demonology,37,21,16
27384,Skanckqt,malganis,1654,warlock,demonology,48,26,22
27385,Gihaewon,tichondrius,1650,warlock,demonology,30,20,10
27386,Caesaros,quelthalas,1649,warlock,demonology,36,20,16
27387,Eriebos,area-52,1647,warlock,demonology,48,27,21
27388,Xaryl,stormrage,1646,warlock,demonology,48,25,23
27389,Soreanus,illidan,1645,warlock,demonology,42,28,14
27390,Amour,wyrmrest-accord,1644,warlock,demonology,52,25,27
27391,Demonicsmoke,darrowmere,1643,warlock,demonology,98,54,44
27392,Cinderwhip,moon-guard,1643,warlock,demonology,105,50,55
27393,Juxsr,nerzhul,1642,warlock,demonology,42,22,20
27394,Yükina,stormrage,1641,warlock,demonology,48,27,21
27395,Blastfinger,tichondrius,1637,warlock,demonology,42,24,18
27396,Suzüki,tichondrius,1635,warlock,demonology,36,19,17
27397,Fearedu,thunderhorn,1633,warlock,demonology,101,47,54
27398,Gørb,wyrmrest-accord,1630,warlock,demonology,30,19,11
27399,Innocentius,illidan,1630,warlock,demonology,70,37,33
27400,Amgs,frostmourne,1628,warlock,demonology,24,18,6
27401,Juswannarock,tichondrius,1628,warlock,demonology,45,22,23
27402,Spicyfingerx,illidan,1627,warlock,demonology,30,20,10
27403,Sasaology,frostmourne,1627,warlock,demonology,32,21,11
27404,Wrathh,stormscale,1625,warlock,demonology,39,18,21
27405,Kreâtor,tichondrius,1622,warlock,demonology,71,40,31
27406,Diabolock,proudmoore,1620,warlock,demonology,36,20,16
27407,Bagn,tichondrius,1620,warlock,demonology,42,23,19
27408,Mhael,lightninghoof,1618,warlock,demonology,30,20,10
27409,Mcpickles,illidan,1618,warlock,demonology,30,19,11
27410,Wls,frostmourne,1618,warlock,demonology,35,18,17
27411,Dëvïl,ragnaros,1616,warlock,demonology,38,25,13
27412,Buymymixtåpe,ursin,1615,warlock,demonology,33,21,12
27413,Zantology,frostmourne,1615,warlock,demonology,54,31,23
27414,Krýptizl,frostmourne,1615,warlock,demonology,81,45,36
27415,Ministàff,ursin,1615,warlock,demonology,36,17,19
27416,Xlilgee,kelthuzad,1614,warlock,demonology,30,17,13
27417,Abismoarmdr,ragnaros,1613,warlock,demonology,115,66,49
27418,Alndron,thrall,1613,warlock,demonology,36,17,19
27419,Mcjoy,akama,1608,warlock,demonology,121,72,49
27420,Aidadeshu,tichondrius,1608,warlock,demonology,36,17,19
27421,Fullxd,quelthalas,1607,warlock,demonology,42,27,15
27422,Ciprýan,azralon,1607,warlock,demonology,42,20,22
27423,Cambolts,tichondrius,1604,warlock,demonology,36,20,16
27424,Smallj,zuljin,1603,warlock,demonology,48,25,23
27425,Archibalding,area-52,1600,warlock,demonology,36,21,15
27426,Harrydotterr,bonechewer,1598,warlock,demonology,60,29,31
27427,Zörkô,zuljin,1598,warlock,demonology,48,21,27
27428,Dogegg,tichondrius,1596,warlock,demonology,42,20,22
27429,Valkynaris,chogall,1594,warlock,demonology,30,20,10
27430,Warlocklmao,malganis,1594,warlock,demonology,36,19,17
27431,Feldren,wyrmrest-accord,1593,warlock,demonology,30,17,13
27432,Funkminot,illidan,1589,warlock,demonology,187,96,91
27433,Doombaby,zuljin,1588,warlock,demonology,48,30,18
27434,Invisibles,barthilas,1586,warlock,demonology,29,17,12
27435,Yanlexx,stormrage,1583,warlock,demonology,80,41,39
27436,Hoana,azralon,1570,warlock,demonology,87,50,37
27437,Raidspot,bleeding-hollow,1568,warlock,demonology,54,31,23
27438,Xephostwo,area-52,1567,warlock,demonology,42,20,22
27439,Fabriziø,ragnaros,1562,warlock,demonology,24,17,7
27440,Lazymongoose,frostmourne,1560,warlock,demonology,84,45,39
27441,Necronemesis,arthas,1559,warlock,demonology,36,19,17
27442,Voltshot,tichondrius,1555,warlock,demonology,66,36,30
27443,Redbullsz,bleeding-hollow,1549,warlock,demonology,62,30,32
27444,Th,kiljaeden,1548,warlock,demonology,42,18,24
27445,Spooknjuke,bleeding-hollow,1546,warlock,demonology,41,26,15
27446,Wickdways,daggerspine,1546,warlock,demonology,54,32,22
27447,Deathcyth,crushridge,1543,warlock,demonology,107,60,47
27448,Bauchalain,area-52,1541,warlock,demonology,36,21,15
27449,Darkzell,azralon,1534,warlock,demonology,24,16,8
27450,Eriand,nordrassil,1534,warlock,demonology,42,23,19
27451,Soulrulerxc,tichondrius,1534,warlock,demonology,30,16,14
27452,Isometrics,barthilas,1534,warlock,demonology,30,16,14
27453,Lockedinn,mannoroth,1533,warlock,demonology,33,18,15
27454,Canobio,tichondrius,1531,warlock,demonology,18,16,2
27455,Forsâken,tichondrius,1531,warlock,demonology,95,42,53
27456,Cilium,illidan,1530,warlock,demonology,35,20,15
27457,Almostoogood,illidan,1526,warlock,demonology,24,16,8
27458,Silentfears,tichondrius,1523,warlock,demonology,25,18,7
27459,Wollylock,dark-iron,1520,warlock,demonology,52,25,27
27460,Curseifier,frostmourne,1514,warlock,demonology,38,19,19
27461,Fãttyqt,sargeras,1513,warlock,demonology,52,35,17
27462,Obséssèd,aggramar,1510,warlock,demonology,30,16,14
27463,Ktlock,frostmourne,1506,warlock,demonology,49,29,20
27464,Krolczdots,tichondrius,1505,warlock,demonology,30,18,12
27465,Proletariat,moon-guard,1504,warlock,demonology,52,32,20
27466,Parmenides,tichondrius,1502,warlock,demonology,112,56,56
27467,Bigdotenergi,tichondrius,1501,warlock,demonology,24,16,8
27468,Icemanliddel,area-52,1500,warlock,demonology,35,16,19
27469,Goorock,area-52,1499,warlock,demonology,48,22,26
27470,Narmazulnn,area-52,1498,warlock,demonology,29,17,12
27471,Shigero,tichondrius,1494,warlock,demonology,30,19,11
27472,Blavindy,illidan,1489,warlock,demonology,48,24,24
27473,Dárklórd,dalaran,1482,warlock,demonology,114,60,54
27474,Zhoull,thrall,1479,warlock,demonology,48,23,25
27475,Sickmade,zuljin,1476,warlock,demonology,48,27,21
27476,Guisls,azralon,1473,warlock,demonology,42,20,22
27477,Rotsndotss,thrall,1469,warlock,demonology,42,19,23
27478,Prägä,drakkari,1467,warlock,demonology,45,23,22
27479,Khanaan,illidan,1466,warlock,demonology,30,16,14
27480,Mindfulchimp,sargeras,1461,warlock,demonology,30,17,13
27481,Sugarwaffles,area-52,1460,warlock,demonology,60,33,27
27482,Iselltacos,dalaran,1451,warlock,demonology,25,16,9
27483,Lemmewin,illidan,1440,warlock,demonology,18,15,3
27484,Dreamsw,frostmourne,1439,warlock,demonology,24,15,9
27485,Speakeasy,malygos,1439,warlock,demonology,24,15,9
27486,Darkwîngduck,illidan,1439,warlock,demonology,24,15,9
27487,Discordance,zuljin,1439,warlock,demonology,24,15,9
27488,Sosahawk,stormrage,1437,warlock,demonology,30,15,15
27489,Chaosboltlol,tichondrius,1436,warlock,demonology,30,15,15
27490,Synisterlock,moon-guard,1432,warlock,demonology,36,18,18
27491,Saevitar,area-52,1431,warlock,demonology,30,15,15
27492,Kandrus,moon-guard,1430,warlock,demonology,80,36,44
27493,Aomniloltv,zuljin,1426,warlock,demonology,24,15,9
27494,Fearmebro,bleeding-hollow,1424,warlock,demonology,42,24,18
27495,Empiratore,quelthalas,1423,warlock,demonology,30,15,15
27496,Yuengling,illidan,1420,warlock,demonology,30,15,15
27497,Immortallock,tichondrius,1417,warlock,demonology,48,23,25
27498,Smartpimp,tichondrius,1414,warlock,demonology,24,15,9
27499,Kuyog,illidan,1412,warlock,demonology,48,24,24
27500,Lamo,dawnbringer,1408,warlock,demonology,76,35,41
27501,Sadgellation,arthas,1402,warlock,demonology,24,15,9
27502,Kìllèrgf,area-52,1401,warlock,demonology,36,15,21
27503,Monstir,sargeras,1396,warlock,demonology,31,16,15
27504,Suminl,tichondrius,1392,warlock,demonology,24,15,9
27505,Dcpwns,arthas,1391,warlock,demonology,36,16,20
27506,Lemongillo,stormrage,1378,warlock,demonology,35,20,15
27507,Sû,stormrage,1373,warlock,demonology,70,36,34
27508,Mysteryannie,tichondrius,1371,warlock,demonology,70,42,28
27509,Narcan,arthas,1371,warlock,demonology,29,16,13
27510,Voidxx,tichondrius,1343,warlock,demonology,18,14,4
27511,Dlhmlock,tichondrius,1343,warlock,demonology,18,14,4
27512,Ellynaria,nemesis,1343,warlock,demonology,18,14,4
27513,Dotman,tichondrius,1343,warlock,demonology,24,14,10
27514,Biubius,tichondrius,1343,warlock,demonology,24,14,10
27515,Doomdm,zuljin,1342,warlock,demonology,24,14,10
27516,Maral,kelthuzad,1341,warlock,demonology,27,15,12
27517,Nethron,the-venture-co,1340,warlock,demonology,24,14,10
27518,Demonalien,malganis,1339,warlock,demonology,18,14,4
27519,Arlenna,sargeras,1330,warlock,demonology,86,36,50
27520,Eldriptch,kelthuzad,1325,warlock,demonology,27,15,12
27521,Superjuno,sargeras,1319,warlock,demonology,18,14,4
27522,Kuroyt,drakkari,1311,warlock,demonology,30,14,16
27523,Jokerks,tichondrius,1310,warlock,demonology,23,14,9
27524,Gotfear,zuljin,1310,warlock,demonology,99,51,48
27525,Avoidence,tanaris,1308,warlock,demonology,24,14,10
27526,Shadowflame,skullcrusher,1299,warlock,demonology,91,48,43
27527,Salacia,chogall,1297,warlock,demonology,60,29,31
27528,Qp,thrall,1295,warlock,demonology,21,15,6
27529,Gauul,illidan,1281,warlock,demonology,70,39,31
27530,Heathncraig,illidan,1279,warlock,demonology,50,29,21
27531,Screampied,sargeras,1279,warlock,demonology,53,24,29
27532,Valerilma,azralon,1276,warlock,demonology,36,16,20
27533,Cornboil,tichondrius,1274,warlock,demonology,57,27,30
27534,Bluffzlock,boulderfist,1260,warlock,demonology,23,14,9
27535,Wazog,jubeithos,1250,warlock,demonology,30,16,14
27536,Oymmander,illidan,1248,warlock,demonology,18,13,5
27537,Scalpelx,tichondrius,1248,warlock,demonology,18,13,5
27538,Drakatat,tichondrius,1248,warlock,demonology,24,13,11
27539,Adonege,tichondrius,1248,warlock,demonology,24,13,11
27540,Deathboltx,zuljin,1248,warlock,demonology,24,13,11
27541,Percadu,barthilas,1247,warlock,demonology,24,13,11
27542,Feinnx,dalaran,1246,warlock,demonology,30,13,17
27543,Bestwarlock,skywall,1241,warlock,demonology,24,13,11
27544,Drain,proudmoore,1233,warlock,demonology,18,13,5
27545,Lpharji,tichondrius,1231,warlock,demonology,24,13,11
27546,Alaren,korgath,1231,warlock,demonology,36,13,23
27547,Welendiock,malganis,1228,warlock,demonology,43,21,22
27548,Laggyturbo,barthilas,1201,warlock,demonology,24,13,11
27549,Tizzy,malganis,1192,warlock,demonology,26,19,7
27550,Syndrielle,emerald-dream,1175,warlock,demonology,42,16,26
27551,Artmaster,nordrassil,1174,warlock,demonology,30,20,10
27552,Snuffer,detheroc,1164,warlock,demonology,30,13,17
27553,Medzor,tichondrius,1152,warlock,demonology,24,12,12
27554,Blliizz,aegwynn,1151,warlock,demonology,18,12,6
27555,Mongobros,illidan,1151,warlock,demonology,24,12,12
27556,Lentil,zuljin,1150,warlock,demonology,18,12,6
27557,Felorc,wyrmrest-accord,1150,warlock,demonology,24,13,11
27558,Edzeá,frostmourne,1150,warlock,demonology,24,12,12
27559,Bbangtimo,tichondrius,1150,warlock,demonology,24,12,12
27560,Eternalsmile,tichondrius,1149,warlock,demonology,18,12,6
27561,Chipt,kelthuzad,1149,warlock,demonology,24,12,12
27562,Tickleskin,windrunner,1146,warlock,demonology,25,13,12
27563,Valerik,azralon,1143,warlock,demonology,24,12,12
27564,Critthis,illidan,1141,warlock,demonology,24,12,12
27565,Saltiernuts,malganis,1128,warlock,demonology,48,22,26
27566,Arcaangell,sargeras,1127,warlock,demonology,42,19,23
27567,Löksöflöve,sargeras,1101,warlock,demonology,60,25,35
27568,Bigfatballz,tichondrius,1098,warlock,demonology,28,15,13
27569,Gromy,lightnings-blade,1084,warlock,demonology,23,12,11
27570,Politepvperx,kelthuzad,1070,warlock,demonology,17,12,5
27571,Lilmollyboy,demon-soul,1068,warlock,demonology,13,12,1
27572,Bøltqt,tichondrius,1056,warlock,demonology,12,11,1
27573,Coèrce,tichondrius,1056,warlock,demonology,18,11,7
27574,Bronzel,tichondrius,1056,warlock,demonology,18,11,7
27575,Aoepump,tichondrius,1056,warlock,demonology,18,11,7
27576,Michae,tichondrius,1056,warlock,demonology,24,11,13
27577,Zzooxxqt,area-52,1056,warlock,demonology,24,11,13
27578,Comina,kelthuzad,1055,warlock,demonology,24,11,13
27579,Shooterg,tichondrius,1055,warlock,demonology,24,11,13
27580,Rasildur,ragnaros,1051,warlock,demonology,31,12,19
27581,Zinkro,quelthalas,1049,warlock,demonology,22,12,10
27582,Tròll,moon-guard,1049,warlock,demonology,54,25,29
27583,Tsunamibaby,anvilmar,1041,warlock,demonology,24,11,13
27584,Tartamuda,ragnaros,1037,warlock,demonology,30,11,19
27585,Rickrock,gnomeregan,1034,warlock,demonology,18,11,7
27586,Tiná,tichondrius,1006,warlock,demonology,21,11,10
27587,Meltlordqt,mannoroth,960,warlock,demonology,12,10,2
27588,Hecataeus,stormrage,960,warlock,demonology,12,10,2
27589,Tazerr,sargeras,960,warlock,demonology,18,10,8
27590,Xiyangpvp,tichondrius,960,warlock,demonology,18,10,8
27591,Vexice,firetree,960,warlock,demonology,18,10,8
27592,Joung,tichondrius,960,warlock,demonology,18,10,8
27593,Babyaga,illidan,960,warlock,demonology,18,10,8
27594,Idiocy,stormrage,960,warlock,demonology,18,10,8
27595,Millions,barthilas,960,warlock,demonology,24,10,14
27596,Slothycrip,emerald-dream,960,warlock,demonology,30,10,20
27597,Syraxi,illidan,959,warlock,demonology,18,10,8
27598,Hâm,dalaran,959,warlock,demonology,36,10,26
27599,Dawdrax,gallywix,958,warlock,demonology,12,10,2
27600,Daesire,moon-guard,957,warlock,demonology,18,10,8
27601,Zaintv,illidan,955,warlock,demonology,18,10,8
27602,Leine,proudmoore,955,warlock,demonology,24,10,14
27603,Methrocks,emerald-dream,953,warlock,demonology,24,10,14
27604,Uzag,mugthol,949,warlock,demonology,24,10,14
27605,Melisândre,kiljaeden,911,warlock,demonology,17,10,7
27606,Jojofann,nemesis,911,warlock,demonology,17,10,7
27607,Twinklockxx,mannoroth,895,warlock,demonology,23,10,13
27608,Apples,ravencrest,894,warlock,demonology,17,10,7
27609,Thekook,illidan,877,warlock,demonology,19,11,8
27610,Impenjoyer,tichondrius,864,warlock,demonology,12,9,3
27611,Dottcha,blackrock,864,warlock,demonology,12,9,3
27612,Hellbraive,queldorei,864,warlock,demonology,12,9,3
27613,Douzz,frostmourne,864,warlock,demonology,12,9,3
27614,Paparoxy,illidan,864,warlock,demonology,18,9,9
27615,Evanylock,proudmoore,864,warlock,demonology,18,9,9
27616,Bewær,deathwing,864,warlock,demonology,18,9,9
27617,Louu,emerald-dream,864,warlock,demonology,18,9,9
27618,Juleno,quelthalas,864,warlock,demonology,21,10,11
27619,Deboltzaru,ragnaros,864,warlock,demonology,19,9,10
27620,Ezgamejr,tichondrius,863,warlock,demonology,12,9,3
27621,Gulßad,tichondrius,863,warlock,demonology,12,9,3
27622,Jorloz,ragnaros,863,warlock,demonology,12,9,3
27623,Flocka,agamaggan,863,warlock,demonology,12,9,3
27624,Criticalpets,stormrage,863,warlock,demonology,18,9,9
27625,Skullsoul,arthas,863,warlock,demonology,18,9,9
27626,Päpï,tichondrius,862,warlock,demonology,12,9,3
27627,Warlockafk,darkspear,856,warlock,demonology,12,9,3
27628,Braylon,azuremyst,856,warlock,demonology,18,9,9
27629,Zeeref,stormrage,830,warlock,demonology,18,9,9
27630,Demoniclily,kiljaeden,816,warlock,demonology,21,9,12
27631,Haxtoss,stormrage,815,warlock,demonology,11,9,2
27632,Yoyoling,illidan,794,warlock,demonology,19,10,9
27633,Kotica,stormrage,781,warlock,demonology,16,9,7
27634,Dätura,tichondrius,768,warlock,demonology,12,8,4
27635,Kronii,jubeithos,768,warlock,demonology,12,8,4
27636,Fotmspec,area-52,768,warlock,demonology,12,8,4
27637,Pvtpotato,tichondrius,768,warlock,demonology,12,8,4
27638,Gnumbnutz,blades-edge,768,warlock,demonology,12,8,4
27639,Moramont,stormrage,768,warlock,demonology,12,8,4
27640,Westhofs,sargeras,768,warlock,demonology,12,8,4
27641,Bigboltkazar,tichondrius,768,warlock,demonology,12,8,4
27642,Mukkamuk,shadowmoon,768,warlock,demonology,12,8,4
27643,Asmion,earthen-ring,768,warlock,demonology,12,8,4
27644,Marshyxd,tichondrius,768,warlock,demonology,12,8,4
27645,Garcheros,ragnaros,768,warlock,demonology,15,9,6
27646,Avery,mannoroth,768,warlock,demonology,18,8,10
27647,Niava,tichondrius,768,warlock,demonology,18,8,10
27648,Bïcho,queldorei,768,warlock,demonology,18,8,10
27649,Joseph,draktharon,768,warlock,demonology,18,8,10
27650,Nismo,trollbane,768,warlock,demonology,18,8,10
27651,Neutrinowal,tichondrius,768,warlock,demonology,24,8,16
27652,Spookyfurry,area-52,767,warlock,demonology,12,8,4
27653,Rosacrutian,tichondrius,767,warlock,demonology,12,8,4
27654,Krumlax,thrall,767,warlock,demonology,12,8,4
27655,Regime,deathwing,767,warlock,demonology,12,8,4
27656,Shâdowman,stormrage,767,warlock,demonology,12,8,4
27657,Gibberishss,tichondrius,767,warlock,demonology,12,8,4
27658,Fullmelt,azjolnerub,767,warlock,demonology,18,8,10
27659,Boltsfordays,dalaran,767,warlock,demonology,24,8,16
27660,Nezsarek,sargeras,766,warlock,demonology,12,8,4
27661,Bojàck,stormrage,766,warlock,demonology,12,8,4
27662,Elioknight,area-52,766,warlock,demonology,18,8,10
27663,Cvntpvntcans,kelthuzad,764,warlock,demonology,18,8,10
27664,Pulentinskin,quelthalas,764,warlock,demonology,24,8,16
27665,Døtyou,area-52,735,warlock,demonology,17,8,9
27666,Eklypso,kelthuzad,714,warlock,demonology,20,9,11
27667,Redfish,tichondrius,704,warlock,demonology,16,8,8
27668,Isömetrics,barthilas,672,warlock,demonology,12,7,5
27669,Procalypse,stormrage,672,warlock,demonology,12,7,5
27670,Djvetis,blackhand,672,warlock,demonology,12,7,5
27671,Emperator,quelthalas,672,warlock,demonology,12,7,5
27672,Agla,quelthalas,672,warlock,demonology,12,7,5
27673,Lilgigs,stormrage,672,warlock,demonology,12,7,5
27674,Homeschooler,darkspear,672,warlock,demonology,12,7,5
27675,Betterone,azralon,672,warlock,demonology,12,7,5
27676,Aruotnof,nemesis,672,warlock,demonology,12,7,5
27677,Xyguoguo,tichondrius,672,warlock,demonology,12,7,5
27678,Deammon,tichondrius,672,warlock,demonology,12,7,5
27679,Sorenbjerga,zuljin,672,warlock,demonology,12,7,5
27680,Dadtired,tichondrius,672,warlock,demonology,12,7,5
27681,Løckyun,tichondrius,672,warlock,demonology,12,7,5
27682,Daxxter,tichondrius,672,warlock,demonology,12,7,5
27683,Demonmal,frostmourne,672,warlock,demonology,12,7,5
27684,Protomán,agamaggan,672,warlock,demonology,12,7,5
27685,Evarona,gorefiend,672,warlock,demonology,18,7,11
27686,Matrriixx,proudmoore,672,warlock,demonology,18,7,11
27687,Pollodelight,deathwing,671,warlock,demonology,12,7,5
27688,Nëcrophil,area-52,671,warlock,demonology,12,7,5
27689,Zorah,quelthalas,671,warlock,demonology,12,7,5
27690,Guldorum,kiljaeden,671,warlock,demonology,12,7,5
27691,Saldori,malganis,671,warlock,demonology,12,7,5
27692,Glortheeb,spirestone,671,warlock,demonology,12,7,5
27693,Celindeyn,stormrage,671,warlock,demonology,12,7,5
27694,Voidwarlord,tichondrius,671,warlock,demonology,16,7,9
27695,Dotsfired,crushridge,671,warlock,demonology,18,7,11
27696,Menedemus,amanthul,671,warlock,demonology,18,7,11
27697,Deanwarlock,sargeras,670,warlock,demonology,12,7,5
27698,Lokiiee,azuremyst,664,warlock,demonology,12,7,5
27699,Tsmcfker,tichondrius,654,warlock,demonology,17,7,10
27700,Memon,frostmane,638,warlock,demonology,17,7,10
27701,Chlomakï,azralon,622,warlock,demonology,11,7,4
27702,Chaosboltex,tichondrius,618,warlock,demonology,14,8,6
27703,Gløcked,area-52,576,warlock,demonology,6,6,0
27704,Ritzhul,nordrassil,576,warlock,demonology,6,6,0
27705,Synkz,blood-furnace,576,warlock,demonology,6,6,0
27706,Phyxylock,stormrage,576,warlock,demonology,6,6,0
27707,Zoerina,fizzcrank,576,warlock,demonology,12,6,6
27708,Chaosblade,burning-blade,576,warlock,demonology,12,6,6
27709,Seekma,gallywix,576,warlock,demonology,12,6,6
27710,Muchopower,ragnaros,576,warlock,demonology,12,6,6
27711,Theseance,dalaran,576,warlock,demonology,12,6,6
27712,Jæja,wyrmrest-accord,576,warlock,demonology,12,6,6
27713,Marothredd,nathrezim,576,warlock,demonology,12,6,6
27714,Destructio,tichondrius,576,warlock,demonology,12,6,6
27715,Scarletdemon,malganis,576,warlock,demonology,12,6,6
27716,Praemonium,dalaran,576,warlock,demonology,12,6,6
27717,Kyralena,stormrage,576,warlock,demonology,12,6,6
27718,Projectpump,kelthuzad,576,warlock,demonology,12,6,6
27719,Bellath,azralon,576,warlock,demonology,12,6,6
27720,Sorath,blackrock,576,warlock,demonology,12,6,6
27721,Yaldin,nemesis,576,warlock,demonology,12,6,6
27722,Moryan,malfurion,576,warlock,demonology,12,6,6
27723,Davidofbowie,burning-legion,576,warlock,demonology,12,6,6
27724,Eddybigbolts,tichondrius,576,warlock,demonology,12,6,6
27725,Hers,vashj,576,warlock,demonology,12,6,6
27726,Dalah,illidan,576,warlock,demonology,12,6,6
27727,Aboode,blackrock,576,warlock,demonology,12,6,6
27728,Artzul,tichondrius,576,warlock,demonology,15,7,8
27729,Dreadful,frostmourne,576,warlock,demonology,18,6,12
27730,Shadowhax,area-52,576,warlock,demonology,18,6,12
27731,Shadü,tichondrius,576,warlock,demonology,25,6,19
27732,Voidgown,moon-guard,575,warlock,demonology,12,6,6
27733,Sylvanes,emerald-dream,575,warlock,demonology,12,6,6
27734,Canning,shuhalo,575,warlock,demonology,18,6,12
27735,Undeadcurse,frostmourne,574,warlock,demonology,24,6,18
27736,Sheara,silver-hand,572,warlock,demonology,12,6,6
27737,Westhøf,sargeras,543,warlock,demonology,11,6,5
27738,Voldamorte,tichondrius,543,warlock,demonology,11,6,5
27739,Kronicdotz,bleeding-hollow,528,warlock,demonology,9,7,2
27740,Penzer,stormrage,528,warlock,demonology,15,6,9
27741,Lukelock,azralon,512,warlock,demonology,10,6,4
27742,Gavvi,frostmourne,480,warlock,demonology,6,5,1
27743,Gamecover,azralon,480,warlock,demonology,6,5,1
27744,Xanetor,illidan,480,warlock,demonology,6,5,1
27745,Symplicìty,area-52,480,warlock,demonology,6,5,1
27746,Necrotko,malganis,480,warlock,demonology,6,5,1
27747,Aînzooalgown,ragnaros,480,warlock,demonology,6,5,1
27748,Drainedd,blades-edge,480,warlock,demonology,6,5,1
27749,Voidxz,tichondrius,480,warlock,demonology,6,5,1
27750,Zehzet,area-52,480,warlock,demonology,6,5,1
27751,Igniz,tichondrius,480,warlock,demonology,6,5,1
27752,Fatals,thrall,480,warlock,demonology,6,5,1
27753,Sinixx,tichondrius,480,warlock,demonology,6,5,1
27754,Tiatiatia,illidan,480,warlock,demonology,6,5,1
27755,Zjxy,tichondrius,480,warlock,demonology,6,5,1
27756,Ötì,altar-of-storms,480,warlock,demonology,6,5,1
27757,Cidkagenou,sargeras,480,warlock,demonology,7,5,2
27758,Liuh,tichondrius,480,warlock,demonology,12,5,7
27759,Rumpology,illidan,480,warlock,demonology,12,5,7
27760,Søcks,tichondrius,480,warlock,demonology,12,5,7
27761,Mânuel,akama,480,warlock,demonology,12,5,7
27762,Zarinista,veknilash,480,warlock,demonology,12,5,7
27763,Dewandoritos,kelthuzad,480,warlock,demonology,12,5,7
27764,Yungwilly,silvermoon,480,warlock,demonology,12,5,7
27765,Grandpapapa,tichondrius,480,warlock,demonology,12,5,7
27766,Dapperdanxy,tichondrius,480,warlock,demonology,12,5,7
27767,Sinápsís,ragnaros,480,warlock,demonology,12,5,7
27768,Tribulatiön,moon-guard,480,warlock,demonology,12,5,7
27769,Pfhear,area-52,480,warlock,demonology,12,5,7
27770,Wheremyshoes,area-52,480,warlock,demonology,12,5,7
27771,Rooms,sargeras,480,warlock,demonology,12,5,7
27772,Breeak,sargeras,480,warlock,demonology,12,5,7
27773,Creepydotman,mannoroth,480,warlock,demonology,12,5,7
27774,Grineed,emerald-dream,480,warlock,demonology,12,5,7
27775,Adistril,bleeding-hollow,480,warlock,demonology,12,5,7
27776,Alataar,sargeras,480,warlock,demonology,12,5,7
27777,Paleontology,moon-guard,480,warlock,demonology,14,5,9
27778,Stinkmeaner,chogall,479,warlock,demonology,12,5,7
27779,Nécromonster,illidan,479,warlock,demonology,12,5,7
27780,Omegawarlock,quelthalas,479,warlock,demonology,18,5,13
27781,Kymochaos,sargeras,463,warlock,demonology,11,5,6
27782,Sathorastus,spirestone,448,warlock,demonology,10,6,4
27783,Agaros,zuljin,426,warlock,demonology,17,6,11
27784,Evianne,skywall,384,warlock,demonology,6,4,2
27785,Xenagos,antonidas,384,warlock,demonology,6,4,2
27786,Curpt,the-scryers,384,warlock,demonology,6,4,2
27787,Moräl,frostmourne,384,warlock,demonology,6,4,2
27788,Kyrionn,azralon,384,warlock,demonology,6,4,2
27789,Twototheone,illidan,384,warlock,demonology,6,4,2
27790,Conjur,barthilas,384,warlock,demonology,6,4,2
27791,Menemies,malganis,384,warlock,demonology,6,4,2
27792,Hordefella,malganis,384,warlock,demonology,6,4,2
27793,Devilin,drakkari,384,warlock,demonology,6,4,2
27794,Hélà,sargeras,384,warlock,demonology,6,4,2
27795,Kothoped,wyrmrest-accord,384,warlock,demonology,6,4,2
27796,Dashaad,illidan,384,warlock,demonology,6,4,2
27797,Nerolock,frostmourne,384,warlock,demonology,6,4,2
27798,Celestialock,tichondrius,384,warlock,demonology,6,4,2
27799,Deatthmoon,stormrage,384,warlock,demonology,6,4,2
27800,Coomerdoomer,stormrage,384,warlock,demonology,6,4,2
27801,Frustration,darkspear,384,warlock,demonology,6,4,2
27802,Oniyooshi,kelthuzad,384,warlock,demonology,6,4,2
27803,Antigotenent,sargeras,384,warlock,demonology,6,4,2
27804,Fokâi,sargeras,384,warlock,demonology,6,4,2
27805,Alchan,tichondrius,384,warlock,demonology,6,4,2
27806,Lambe,tichondrius,384,warlock,demonology,6,4,2
27807,Vesaloth,zuljin,384,warlock,demonology,6,4,2
27808,Xekk,wyrmrest-accord,384,warlock,demonology,6,4,2
27809,Ethero,emerald-dream,384,warlock,demonology,6,4,2
27810,Kernlberton,tichondrius,384,warlock,demonology,6,4,2
27811,Ardam,cenarion-circle,384,warlock,demonology,6,4,2
27812,Rodneyjones,emerald-dream,384,warlock,demonology,6,4,2
27813,Thefunk,tichondrius,384,warlock,demonology,6,4,2
27814,Bellatriks,nemesis,384,warlock,demonology,6,4,2
27815,Nüts,blackrock,384,warlock,demonology,6,4,2
27816,Il,nerzhul,384,warlock,demonology,6,4,2
27817,Meep,madoran,384,warlock,demonology,6,4,2
27818,Mazzaleen,area-52,384,warlock,demonology,6,4,2
27819,Brujever,ragnaros,384,warlock,demonology,6,4,2
27820,Eflock,barthilas,384,warlock,demonology,6,4,2
27821,Quonton,tichondrius,384,warlock,demonology,6,4,2
27822,Logixo,sargeras,384,warlock,demonology,7,4,3
27823,Warlooch,area-52,384,warlock,demonology,9,5,4
27824,Woudini,malganis,384,warlock,demonology,10,5,5
27825,Çheesestick,dalaran,384,warlock,demonology,12,4,8
27826,Soulrman,tichondrius,384,warlock,demonology,12,4,8
27827,Puchador,sargeras,384,warlock,demonology,12,4,8
27828,Uarus,tichondrius,384,warlock,demonology,12,4,8
27829,Ven,dalaran,384,warlock,demonology,12,4,8
27830,Arsaurelica,blackrock,384,warlock,demonology,12,4,8
27831,Dagadon,arathor,384,warlock,demonology,12,4,8
27832,Vasqu,stormrage,384,warlock,demonology,12,4,8
27833,Tahmrin,quelthalas,384,warlock,demonology,12,4,8
27834,Dogcookie,moon-guard,384,warlock,demonology,12,4,8
27835,Diekast,tichondrius,384,warlock,demonology,12,4,8
27836,Ddorangmoon,tichondrius,384,warlock,demonology,12,4,8
27837,Naz,shadowsong,384,warlock,demonology,12,4,8
27838,Warlack,jubeithos,384,warlock,demonology,12,4,8
27839,Ragnalock,laughing-skull,384,warlock,demonology,14,4,10
27840,Tofulery,tichondrius,384,warlock,demonology,18,4,14
27841,Agertis,frostmourne,384,warlock,demonology,18,4,14
27842,Greems,tichondrius,383,warlock,demonology,6,4,2
27843,Voodootidies,proudmoore,382,warlock,demonology,9,4,5
27844,Freshimps,blood-furnace,367,warlock,demonology,11,4,7
27845,Sharee,azuremyst,363,warlock,demonology,11,4,7
27846,Ärminvßuurën,barthilas,351,warlock,demonology,11,4,7
27847,Bâppo,antonidas,330,warlock,demonology,8,6,2
27848,Minichompei,frostmourne,319,warlock,demonology,5,4,1
27849,Drerrday,kelthuzad,288,warlock,demonology,6,3,3
27850,Darthael,stormrage,288,warlock,demonology,6,3,3
27851,Superbroly,area-52,288,warlock,demonology,6,3,3
27852,Ðemented,bleeding-hollow,288,warlock,demonology,6,3,3
27853,Locksoul,area-52,288,warlock,demonology,6,3,3
27854,Naokishi,stormrage,288,warlock,demonology,6,3,3
27855,Capslock,arthas,288,warlock,demonology,6,3,3
27856,Psyløck,bleeding-hollow,288,warlock,demonology,6,3,3
27857,Keezus,area-52,288,warlock,demonology,6,3,3
27858,Sooshi,malganis,288,warlock,demonology,6,3,3
27859,Epícburn,illidan,288,warlock,demonology,6,3,3
27860,Zanlockos,dalaran,288,warlock,demonology,6,3,3
27861,Sangala,malganis,288,warlock,demonology,6,3,3
27862,Nyhn,bleeding-hollow,288,warlock,demonology,6,3,3
27863,Areolaz,kelthuzad,288,warlock,demonology,6,3,3
27864,Pikslol,bleeding-hollow,288,warlock,demonology,6,3,3
27865,Pìnto,illidan,288,warlock,demonology,6,3,3
27866,Asmodeun,malganis,288,warlock,demonology,6,3,3
27867,Thelocker,stormrage,288,warlock,demonology,6,3,3
27868,Tynks,mannoroth,288,warlock,demonology,6,3,3
27869,Molguzano,ragnaros,288,warlock,demonology,6,3,3
27870,Lhordeign,area-52,288,warlock,demonology,6,3,3
27871,Lefteexd,tichondrius,288,warlock,demonology,6,3,3
27872,Nockdreal,azralon,288,warlock,demonology,6,3,3
27873,Lockinha,azralon,288,warlock,demonology,6,3,3
27874,Elementzero,malorne,288,warlock,demonology,6,3,3
27875,Hauntsin,hyjal,288,warlock,demonology,6,3,3
27876,Graveland,frostwolf,288,warlock,demonology,6,3,3
27877,Ðamndaddy,sargeras,288,warlock,demonology,6,3,3
27878,Munick,spirestone,288,warlock,demonology,6,3,3
27879,Drelgun,aerie-peak,288,warlock,demonology,6,3,3
27880,Schrader,sargeras,288,warlock,demonology,6,3,3
27881,Juankkii,bonechewer,288,warlock,demonology,6,3,3
27882,Itzlandox,emerald-dream,288,warlock,demonology,6,3,3
27883,Jennifear,sargeras,288,warlock,demonology,6,3,3
27884,Whydemono,tichondrius,288,warlock,demonology,6,3,3
27885,Nightterrour,frostmourne,288,warlock,demonology,6,3,3
27886,Yury,scarlet-crusade,288,warlock,demonology,6,3,3
27887,Cragalt,tichondrius,288,warlock,demonology,6,3,3
27888,Fatuglyegirl,sargeras,288,warlock,demonology,6,3,3
27889,Neruvian,tichondrius,288,warlock,demonology,6,3,3
27890,Deadlylock,gilneas,288,warlock,demonology,6,3,3
27891,Schofen,tichondrius,288,warlock,demonology,6,3,3
27892,Nipz,korialstrasz,288,warlock,demonology,6,3,3
27893,Diebydots,blackrock,288,warlock,demonology,6,3,3
27894,Asiopdu,tichondrius,288,warlock,demonology,6,3,3
27895,Demonia,dathremar,288,warlock,demonology,6,3,3
27896,Zhul,nerzhul,288,warlock,demonology,6,3,3
27897,Hgma,tichondrius,288,warlock,demonology,6,3,3
27898,Bral,hyjal,288,warlock,demonology,6,3,3
27899,Saffuky,frostmourne,288,warlock,demonology,6,3,3
27900,Khatrat,azralon,288,warlock,demonology,6,3,3
27901,Agonie,tichondrius,288,warlock,demonology,6,3,3
27902,Soulruler,tichondrius,288,warlock,demonology,6,3,3
27903,Guldylox,kiljaeden,288,warlock,demonology,6,3,3
27904,Azland,proudmoore,288,warlock,demonology,6,3,3
27905,Gandreleda,wyrmrest-accord,288,warlock,demonology,10,4,6
27906,Wineburger,frostmourne,288,warlock,demonology,12,3,9
27907,Strax,shattered-hand,288,warlock,demonology,12,3,9
27908,Killvilock,kelthuzad,288,warlock,demonology,12,3,9
27909,Dàmagicman,drakthul,288,warlock,demonology,12,3,9
27910,Albbanoo,tichondrius,288,warlock,demonology,12,3,9
27911,Crispee,azuremyst,288,warlock,demonology,12,3,9
27912,Orbvoid,sargeras,287,warlock,demonology,12,3,9
27913,Ijustsharded,area-52,255,warlock,demonology,11,3,8
27914,Quetzâlcoâtl,sargeras,239,warlock,demonology,5,3,2
27915,Uwantpeach,tichondrius,239,warlock,demonology,5,3,2
27916,Slugworth,rivendare,239,warlock,demonology,5,3,2
27917,Bänno,bleeding-hollow,239,warlock,demonology,5,3,2
27918,Predictions,sargeras,234,warlock,demonology,10,5,5
27919,Apøçàlÿpsè,firetree,234,warlock,demonology,11,5,6
27920,Cocoabuttâ,stormrage,192,warlock,demonology,4,3,1
27921,Javirr,ragnaros,192,warlock,demonology,15,5,10
27922,Kaertis,emerald-dream,192,warlock,demonology,9,3,6
27923,Heartpvp,tichondrius,192,warlock,demonology,6,2,4
27924,Knobbynobbas,stormrage,192,warlock,demonology,6,2,4
27925,Greenbeanzs,tichondrius,192,warlock,demonology,6,2,4
27926,Geauxst,tichondrius,192,warlock,demonology,6,2,4
27927,Warlockluo,tichondrius,192,warlock,demonology,6,2,4
27928,Darkboltz,area-52,192,warlock,demonology,6,2,4
27929,Buboñic,area-52,192,warlock,demonology,6,2,4
27930,Xblessed,stormrage,192,warlock,demonology,6,2,4
27931,Capïrota,nemesis,192,warlock,demonology,6,2,4
27932,Watchmeport,onyxia,192,warlock,demonology,6,2,4
27933,Xuker,tichondrius,192,warlock,demonology,6,2,4
27934,Sakyameil,area-52,192,warlock,demonology,6,2,4
27935,Rokdas,area-52,192,warlock,demonology,6,2,4
27936,Demic,thrall,192,warlock,demonology,6,2,4
27937,Boon,spirestone,192,warlock,demonology,6,2,4
27938,Løcalplugxø,barthilas,192,warlock,demonology,6,2,4
27939,Nanicide,kelthuzad,192,warlock,demonology,6,2,4
27940,Anukh,emerald-dream,192,warlock,demonology,6,2,4
27941,Promancer,drakkari,192,warlock,demonology,6,2,4
27942,Wearelegionx,frostmourne,192,warlock,demonology,6,2,4
27943,Zalissel,proudmoore,192,warlock,demonology,6,2,4
27944,Lilbiackguy,stormrage,192,warlock,demonology,6,2,4
27945,Infecçäo,stormrage,192,warlock,demonology,6,2,4
27946,Feardr,frostmourne,192,warlock,demonology,6,2,4
27947,Warfeen,malganis,192,warlock,demonology,6,2,4
27948,Evilempire,sargeras,192,warlock,demonology,6,2,4
27949,Irene,nagrand,192,warlock,demonology,6,2,4
27950,Koffay,bleeding-hollow,192,warlock,demonology,6,2,4
27951,Xoxoxu,frostmourne,192,warlock,demonology,6,2,4
27952,Barbieelf,sargeras,192,warlock,demonology,6,2,4
27953,Sheshð,stormrage,192,warlock,demonology,6,2,4
27954,Easymac,thunderlord,192,warlock,demonology,6,2,4
27955,Caesis,illidan,192,warlock,demonology,6,2,4
27956,Ziroken,crushridge,192,warlock,demonology,6,2,4
27957,Sinissa,ysondre,192,warlock,demonology,6,2,4
27958,Doomtome,moon-guard,192,warlock,demonology,6,2,4
27959,Damerus,illidan,192,warlock,demonology,6,2,4
27960,Qic,runetotem,192,warlock,demonology,6,2,4
27961,Soulbane,tol-barad,192,warlock,demonology,6,2,4
27962,Yuckytoetoe,emerald-dream,192,warlock,demonology,6,2,4
27963,Adlfcritler,emerald-dream,192,warlock,demonology,6,2,4
27964,Sphîñx,sargeras,192,warlock,demonology,6,2,4
27965,Trippednfel,stormrage,192,warlock,demonology,6,2,4
27966,Rôsé,tichondrius,192,warlock,demonology,6,2,4
27967,Felforyouu,illidan,192,warlock,demonology,6,2,4
27968,Kaosqt,nemesis,192,warlock,demonology,6,2,4
27969,Nefertarie,illidan,192,warlock,demonology,6,2,4
27970,Vendareth,earthen-ring,192,warlock,demonology,6,2,4
27971,Daliadark,sargeras,192,warlock,demonology,6,2,4
27972,Constantine,exodar,192,warlock,demonology,6,2,4
27973,Draino,tichondrius,192,warlock,demonology,6,2,4
27974,Borudo,thrall,192,warlock,demonology,6,2,4
27975,Griffoz,frostwolf,192,warlock,demonology,6,2,4
27976,Stuffs,wyrmrest-accord,192,warlock,demonology,6,2,4
27977,Zerowarlock,stormrage,192,warlock,demonology,6,2,4
27978,Destructo,illidan,192,warlock,demonology,6,2,4
27979,Drkdestro,boulderfist,192,warlock,demonology,12,2,10
27980,Jafi,coilfang,159,warlock,demonology,5,2,3
27981,Wårloçk,tichondrius,159,warlock,demonology,5,2,3
27982,Gartlarrey,daggerspine,158,warlock,demonology,14,3,11
27983,Cslice,magtheridon,128,warlock,demonology,4,2,2
27984,Mocreia,azralon,128,warlock,demonology,4,2,2
27985,Tazlock,blackrock,128,warlock,demonology,10,2,8
27986,Osteogenesis,quelthalas,96,warlock,demonology,6,1,5
27987,Ñinelyfe,frostmourne,96,warlock,demonology,6,1,5
27988,Sinful,darkspear,96,warlock,demonology,6,1,5
27989,Eriss,exodar,96,warlock,demonology,6,1,5
27990,Overlard,illidan,96,warlock,demonology,6,1,5
27991,Xalithra,moon-guard,96,warlock,demonology,6,1,5
27992,Kwrhitom,zuljin,96,warlock,demonology,6,1,5
27993,Nùts,frostmourne,96,warlock,demonology,6,1,5
27994,Badstepbro,sargeras,96,warlock,demonology,6,1,5
27995,Borthrel,moon-guard,96,warlock,demonology,6,1,5
27996,Yora,illidan,96,warlock,demonology,6,1,5
27997,Thugpenus,frostmane,96,warlock,demonology,6,1,5
27998,Amauder,moon-guard,96,warlock,demonology,6,1,5
27999,Hâunted,khazgoroth,96,warlock,demonology,6,1,5
28000,Velondris,illidan,96,warlock,demonology,6,1,5
28001,Halloweèn,kelthuzad,96,warlock,demonology,6,1,5
28002,Bilidin,azralon,96,warlock,demonology,6,1,5
28003,Rylal,illidan,96,warlock,demonology,6,1,5
28004,Jazzycj,bleeding-hollow,96,warlock,demonology,6,1,5
28005,Bmó,stormrage,96,warlock,demonology,6,1,5
28006,Nameflagged,arathor,96,warlock,demonology,6,1,5
28007,Oluluo,andorhal,96,warlock,demonology,6,1,5
28008,Shortbuhz,tichondrius,96,warlock,demonology,6,1,5
28009,Damdochael,bleeding-hollow,96,warlock,demonology,6,1,5
28010,Sidiouss,dreadmaul,96,warlock,demonology,6,1,5
28011,Flangy,kiljaeden,96,warlock,demonology,6,1,5
28012,Laklin,stormscale,96,warlock,demonology,6,1,5
28013,Skured,maiev,96,warlock,demonology,6,1,5
28014,Malzahard,ragnaros,96,warlock,demonology,6,1,5
28015,Tonyxx,tichondrius,96,warlock,demonology,6,1,5
28016,Erimegara,ragnaros,96,warlock,demonology,6,1,5
28017,Glizzÿ,thrall,96,warlock,demonology,6,1,5
28018,Uggaboogga,malganis,96,warlock,demonology,6,1,5
28019,Varvanta,proudmoore,96,warlock,demonology,6,1,5
28020,Fashon,barthilas,96,warlock,demonology,6,1,5
28021,Decrepticus,kargath,96,warlock,demonology,6,1,5
28022,Fearedit,bleeding-hollow,96,warlock,demonology,6,1,5
28023,Fluximilian,azralon,96,warlock,demonology,7,1,6
28024,Kecca,azralon,96,warlock,demonology,15,1,14
28025,Mamabolts,kelthuzad,79,warlock,demonology,5,1,4
28026,Shaurial,zuljin,48,warlock,demonology,3,1,2
28027,Warlow,mugthol,31,warlock,demonology,8,1,7
28028,Reverence,tichondrius,2283,warlock,destruction,101,64,37
28029,Singleaf,stormrage,2255,warlock,destruction,98,57,41
28030,Mengqil,tichondrius,2246,warlock,destruction,102,58,44
28031,Voidchaos,whisperwind,2229,warlock,destruction,130,70,60
28032,Warzog,wyrmrest-accord,2186,warlock,destruction,78,49,29
28033,Dannyl,tichondrius,2178,warlock,destruction,60,41,19
28034,Nos,bleeding-hollow,2170,warlock,destruction,70,43,27
28035,Søülætër,bleeding-hollow,2161,warlock,destruction,66,42,24
28036,Mcdudebro,malganis,2160,warlock,destruction,60,40,20
28037,Impenjoyer,tichondrius,2154,warlock,destruction,66,41,25
28038,Playßøy,area-52,2154,warlock,destruction,78,45,33
28039,Jonboyy,illidan,2154,warlock,destruction,96,51,45
28040,Truetime,tichondrius,2147,warlock,destruction,84,46,38
28041,Woahlock,thrall,2146,warlock,destruction,64,40,24
28042,Ihatemyson,tichondrius,2144,warlock,destruction,59,33,26
28043,Demonicxs,area-52,2143,warlock,destruction,89,48,41
28044,Ellynaria,nemesis,2142,warlock,destruction,78,51,27
28045,Kamohoalii,bleeding-hollow,2142,warlock,destruction,60,39,21
28046,Sarcophagus,duskwood,2142,warlock,destruction,108,58,50
28047,Mclovn,suramar,2141,warlock,destruction,83,48,35
28048,Tomatobob,thrall,2136,warlock,destruction,84,44,40
28049,Igortrikadva,zuljin,2135,warlock,destruction,72,43,29
28050,Leredi,stormrage,2135,warlock,destruction,146,78,68
28051,Deideimeow,illidan,2130,warlock,destruction,65,42,23
28052,Ihavestds,tichondrius,2129,warlock,destruction,54,31,23
28053,Drâkedog,illidan,2128,warlock,destruction,66,38,28
28054,Darthael,stormrage,2127,warlock,destruction,170,103,67
28055,Sockems,guldan,2125,warlock,destruction,90,51,39
28056,Dodgeykun,khaz-modan,2123,warlock,destruction,83,53,30
28057,Hahahahahha,stormrage,2123,warlock,destruction,65,40,25
28058,Zyzx,malganis,2120,warlock,destruction,59,37,22
28059,Hudwinx,illidan,2119,warlock,destruction,78,47,31
28060,Drakedogee,illidan,2119,warlock,destruction,66,35,31
28061,Dxxz,tichondrius,2117,warlock,destruction,79,45,34
28062,Bananapan,tichondrius,2116,warlock,destruction,66,44,22
28063,Drexia,tichondrius,2114,warlock,destruction,48,36,12
28064,Usurpest,bleeding-hollow,2114,warlock,destruction,79,50,29
28065,Dean,frostmourne,2111,warlock,destruction,66,33,33
28066,Ghoul,demon-soul,2109,warlock,destruction,60,35,25
28067,Mjn,tichondrius,2107,warlock,destruction,100,51,49
28068,Stingzz,azralon,2106,warlock,destruction,61,38,23
28069,Chaosboltex,tichondrius,2106,warlock,destruction,72,41,31
28070,Babyaga,illidan,2106,warlock,destruction,85,42,43
28071,Jcm,hyjal,2104,warlock,destruction,59,41,18
28072,Dottle,frostmourne,2104,warlock,destruction,66,39,27
28073,Dae,burning-legion,2103,warlock,destruction,59,38,21
28074,Bufflockmore,tichondrius,2103,warlock,destruction,112,62,50
28075,Kaytoxic,tichondrius,2103,warlock,destruction,72,39,33
28076,Ohmend,thrall,2102,warlock,destruction,69,45,24
28077,Disembolt,illidan,2102,warlock,destruction,66,41,25
28078,Rainbowdate,tichondrius,2101,warlock,destruction,36,29,7
28079,Implify,tichondrius,2101,warlock,destruction,142,73,69
28080,Quinsnyder,zuljin,2083,warlock,destruction,121,61,60
28081,Foresthills,sargeras,2082,warlock,destruction,66,38,28
28082,Thugonomicz,demon-soul,2071,warlock,destruction,54,37,17
28083,Thumperrz,frostmourne,2068,warlock,destruction,71,37,34
28084,Brainless,tichondrius,2067,warlock,destruction,97,61,36
28085,Diabolicalz,sargeras,2067,warlock,destruction,81,42,39
28086,Luvana,kelthuzad,2066,warlock,destruction,65,42,23
28087,Medzor,tichondrius,2064,warlock,destruction,81,45,36
28088,Gimmeprecog,tichondrius,2061,warlock,destruction,56,36,20
28089,Insanetroll,stormrage,2059,warlock,destruction,66,46,20
28090,Pillçosby,bleeding-hollow,2056,warlock,destruction,90,45,45
28091,Revenid,tichondrius,2049,warlock,destruction,72,42,30
28092,Breeped,tichondrius,2044,warlock,destruction,108,68,40
28093,Uwantpeach,tichondrius,2043,warlock,destruction,46,34,12
28094,Hàrrydotter,darkspear,2041,warlock,destruction,58,36,22
28095,Loopsy,stormrage,2041,warlock,destruction,79,43,36
28096,Rizzard,lightnings-blade,2039,warlock,destruction,89,52,37
28097,Sinápsís,ragnaros,2035,warlock,destruction,54,36,18
28098,Kaidow,tichondrius,2033,warlock,destruction,72,47,25
28099,Idotû,tichondrius,2032,warlock,destruction,119,65,54
28100,Colombø,gallywix,2031,warlock,destruction,122,64,58
28101,Instabilityx,tichondrius,2028,warlock,destruction,71,42,29
28102,Audition,ragnaros,2026,warlock,destruction,90,47,43
28103,Duukka,malganis,2015,warlock,destruction,96,53,43
28104,Truenatestes,proudmoore,2012,warlock,destruction,59,33,26
28105,Albbanoo,tichondrius,2012,warlock,destruction,131,71,60
28106,Napiersdot,tichondrius,2009,warlock,destruction,72,39,33
28107,Butteredbun,stormrage,1998,warlock,destruction,84,52,32
28108,Epícburn,illidan,1996,warlock,destruction,30,21,9
28109,Warlockwars,amanthul,1996,warlock,destruction,130,69,61
28110,Darkmagicc,tichondrius,1995,warlock,destruction,96,48,48
28111,Ðlrwêcïûj,stormrage,1994,warlock,destruction,36,28,8
28112,Nvlnx,tichondrius,1993,warlock,destruction,72,40,32
28113,Horror,moon-guard,1993,warlock,destruction,60,28,32
28114,Kyranu,tichondrius,1990,warlock,destruction,85,46,39
28115,Scørrgx,azralon,1990,warlock,destruction,66,34,32
28116,Usainboltzz,tichondrius,1986,warlock,destruction,36,30,6
28117,Panna,tichondrius,1986,warlock,destruction,137,73,64
28118,Ztlivid,area-52,1984,warlock,destruction,48,36,12
28119,Deadlpoo,stormscale,1984,warlock,destruction,154,81,73
28120,Hrrpeuh,zuljin,1984,warlock,destruction,64,33,31
28121,Tacobelf,magtheridon,1980,warlock,destruction,129,73,56
28122,Cc,hellscream,1978,warlock,destruction,102,67,35
28123,Demonman,kirin-tor,1978,warlock,destruction,54,33,21
28124,Dazzuu,illidan,1972,warlock,destruction,95,51,44
28125,Zeari,sargeras,1972,warlock,destruction,109,55,54
28126,Lopenx,korgath,1970,warlock,destruction,86,46,40
28127,Nðm,tichondrius,1968,warlock,destruction,96,48,48
28128,Salanzø,bleeding-hollow,1965,warlock,destruction,54,31,23
28129,Mizmagius,moon-guard,1965,warlock,destruction,65,31,34
28130,Reneqtxo,frostmourne,1964,warlock,destruction,86,59,27
28131,Boltsnhoes,illidan,1961,warlock,destruction,78,46,32
28132,Blackyeonnam,tichondrius,1959,warlock,destruction,86,46,40
28133,Pernicious,bladefist,1958,warlock,destruction,119,57,62
28134,Kruxxqt,illidan,1955,warlock,destruction,198,103,95
28135,Isodjdojk,sargeras,1938,warlock,destruction,58,34,24
28136,Balveer,tichondrius,1937,warlock,destruction,35,21,14
28137,Beegbeechy,nesingwary,1932,warlock,destruction,60,37,23
28138,Abrocket,alleria,1931,warlock,destruction,59,33,26
28139,Destroyy,greymane,1930,warlock,destruction,48,28,20
28140,Sourslock,shadowsong,1929,warlock,destruction,72,44,28
28141,Amgs,frostmourne,1929,warlock,destruction,89,52,37
28142,Archimondee,rivendare,1928,warlock,destruction,84,42,42
28143,Freddiewill,tichondrius,1926,warlock,destruction,90,56,34
28144,Felfeels,area-52,1926,warlock,destruction,54,33,21
28145,Fingerslock,malganis,1926,warlock,destruction,96,50,46
28146,Yuoalx,tichondrius,1922,warlock,destruction,72,38,34
28147,Kaelith,kelthuzad,1920,warlock,destruction,97,50,47
28148,Mayelinvail,moon-guard,1917,warlock,destruction,72,41,31
28149,Disgustingfk,illidan,1916,warlock,destruction,60,37,23
28150,Chaosjedi,stormrage,1916,warlock,destruction,54,31,23
28151,Cux,malganis,1913,warlock,destruction,60,33,27
28152,Milkdrunk,blackrock,1913,warlock,destruction,107,57,50
28153,Turiggyjr,tichondrius,1908,warlock,destruction,59,33,26
28154,Dreadful,frostmourne,1907,warlock,destruction,81,49,32
28155,Yoyoyosup,stormrage,1905,warlock,destruction,48,32,16
28156,Hellsparks,malganis,1903,warlock,destruction,48,29,19
28157,Ignorai,illidan,1903,warlock,destruction,106,61,45
28158,Koitis,tichondrius,1901,warlock,destruction,38,25,13
28159,Butterboyx,stormrage,1900,warlock,destruction,59,35,24
28160,Laiquisha,zuljin,1900,warlock,destruction,49,29,20
28161,Ozmat,spirestone,1900,warlock,destruction,36,20,16
28162,Amez,grizzly-hills,1900,warlock,destruction,60,33,27
28163,Tommybahama,velen,1897,warlock,destruction,58,38,20
28164,Zaef,kelthuzad,1894,warlock,destruction,31,21,10
28165,Maadhum,illidan,1894,warlock,destruction,72,32,40
28166,Stilltrilly,tichondrius,1892,warlock,destruction,36,25,11
28167,Sitomey,emerald-dream,1892,warlock,destruction,54,33,21
28168,Sidgnosis,stormrage,1888,warlock,destruction,93,56,37
28169,Madthelock,sargeras,1884,warlock,destruction,42,20,22
28170,Warcalk,stormrage,1879,warlock,destruction,54,34,20
28171,Xavier,wyrmrest-accord,1877,warlock,destruction,53,30,23
28172,Roxmysox,darkspear,1875,warlock,destruction,84,43,41
28173,Vapeboi,bleeding-hollow,1873,warlock,destruction,36,22,14
28174,Zarinista,veknilash,1872,warlock,destruction,73,38,35
28175,Twinklockxx,mannoroth,1872,warlock,destruction,143,66,77
28176,Flattsl,tichondrius,1871,warlock,destruction,54,28,26
28177,Nightmanx,sargeras,1870,warlock,destruction,47,27,20
28178,Seangnong,tichondrius,1869,warlock,destruction,48,28,20
28179,Alchandil,tichondrius,1868,warlock,destruction,36,26,10
28180,Dustywlx,area-52,1865,warlock,destruction,74,45,29
28181,Pheadas,deathwing,1865,warlock,destruction,42,20,22
28182,Sweatystain,tichondrius,1862,warlock,destruction,52,33,19
28183,Eggós,sargeras,1861,warlock,destruction,138,71,67
28184,Drakwlya,tichondrius,1859,warlock,destruction,48,30,18
28185,Calvarr,bleeding-hollow,1859,warlock,destruction,54,32,22
28186,Luhgëek,tichondrius,1856,warlock,destruction,47,29,18
28187,Soulrulerxc,tichondrius,1854,warlock,destruction,42,27,15
28188,Darksummoner,kaelthas,1853,warlock,destruction,84,46,38
28189,Drugmuffin,tichondrius,1852,warlock,destruction,48,28,20
28190,Eqx,illidan,1851,warlock,destruction,54,31,23
28191,Whodatman,illidan,1849,warlock,destruction,36,27,9
28192,Synkz,blood-furnace,1849,warlock,destruction,42,24,18
28193,Sosahawk,stormrage,1848,warlock,destruction,72,53,19
28194,Mycelium,greymane,1848,warlock,destruction,34,20,14
28195,Wwlock,area-52,1847,warlock,destruction,110,57,53
28196,Genzy,tichondrius,1847,warlock,destruction,60,27,33
28197,Verbzz,tichondrius,1846,warlock,destruction,36,23,13
28198,Narila,firetree,1846,warlock,destruction,36,21,15
28199,Magnetix,arthas,1846,warlock,destruction,157,85,72
28200,Lemmepvponu,illidan,1846,warlock,destruction,59,28,31
28201,Løcalplugxø,barthilas,1844,warlock,destruction,90,64,26
28202,Ñpç,bleeding-hollow,1844,warlock,destruction,83,44,39
28203,Tott,hellscream,1843,warlock,destruction,44,23,21
28204,Chilipeppa,wyrmrest-accord,1842,warlock,destruction,36,27,9
28205,Herpalock,illidan,1842,warlock,destruction,78,34,44
28206,Benafflockzz,kelthuzad,1840,warlock,destruction,66,44,22
28207,Millidots,bleeding-hollow,1840,warlock,destruction,54,31,23
28208,Cosmosxx,illidan,1838,warlock,destruction,42,31,11
28209,Enter,saurfang,1838,warlock,destruction,36,24,12
28210,Dragonixs,ragnaros,1837,warlock,destruction,96,53,43
28211,Wife,bleeding-hollow,1836,warlock,destruction,60,31,29
28212,Nosw,bleeding-hollow,1835,warlock,destruction,42,26,16
28213,Badstep,tichondrius,1835,warlock,destruction,51,30,21
28214,Shadowhax,area-52,1835,warlock,destruction,78,38,40
28215,Gigabiga,area-52,1834,warlock,destruction,24,20,4
28216,Soragen,barthilas,1834,warlock,destruction,54,37,17
28217,Farathos,ragnaros,1834,warlock,destruction,114,71,43
28218,Puchador,sargeras,1834,warlock,destruction,120,64,56
28219,Gotthmog,nerzhul,1833,warlock,destruction,48,30,18
28220,Giantgobrin,zuljin,1832,warlock,destruction,36,24,12
28221,Rhelialock,stormrage,1830,warlock,destruction,36,21,15
28222,Suaveaye,tichondrius,1829,warlock,destruction,54,31,23
28223,Nezlock,moon-guard,1829,warlock,destruction,92,45,47
28224,Shequita,stormrage,1825,warlock,destruction,48,37,11
28225,Doughnut,mugthol,1825,warlock,destruction,48,30,18
28226,Agaros,zuljin,1825,warlock,destruction,49,30,19
28227,Realgodlock,proudmoore,1825,warlock,destruction,69,34,35
28228,Cróhns,bleeding-hollow,1824,warlock,destruction,121,78,43
28229,Mazewl,illidan,1823,warlock,destruction,50,33,17
28230,Dipicrowcaw,tichondrius,1822,warlock,destruction,24,19,5
28231,Heckindoggø,tichondrius,1822,warlock,destruction,51,28,23
28232,Drazh,area-52,1821,warlock,destruction,57,32,25
28233,Róckroad,lightnings-blade,1820,warlock,destruction,42,26,16
28234,Azaradx,sargeras,1819,warlock,destruction,84,54,30
28235,Yipláw,stormrage,1819,warlock,destruction,36,23,13
28236,Puginlock,illidan,1819,warlock,destruction,60,38,22
28237,Latchlock,malganis,1818,warlock,destruction,84,51,33
28238,Bumbleebolt,azralon,1817,warlock,destruction,24,19,5
28239,Wraithlord,chogall,1816,warlock,destruction,51,32,19
28240,Bismorc,frostmourne,1816,warlock,destruction,42,23,19
28241,Dunnin,dalaran,1815,warlock,destruction,36,22,14
28242,Kartharian,wyrmrest-accord,1815,warlock,destruction,53,27,26
28243,Shinjuro,stormrage,1814,warlock,destruction,36,24,12
28244,Slpxoxo,sargeras,1814,warlock,destruction,54,30,24
28245,Famerap,tichondrius,1813,warlock,destruction,36,25,11
28246,Wiredftw,illidan,1813,warlock,destruction,30,19,11
28247,Sacalawia,drakkari,1813,warlock,destruction,45,27,18
28248,Zauber,magtheridon,1812,warlock,destruction,44,29,15
28249,Destructio,tichondrius,1812,warlock,destruction,54,31,23
28250,Marshyw,tichondrius,1812,warlock,destruction,36,19,17
28251,Fanzhiyi,illidan,1811,warlock,destruction,34,23,11
28252,Naroy,malygos,1811,warlock,destruction,38,21,17
28253,Thegodd,nemesis,1811,warlock,destruction,54,28,26
28254,Darkwidow,sargeras,1811,warlock,destruction,90,45,45
28255,Venticm,tichondrius,1810,warlock,destruction,42,26,16
28256,Alchan,tichondrius,1810,warlock,destruction,65,38,27
28257,Tonnon,stormrage,1810,warlock,destruction,72,42,30
28258,Fartymårty,tichondrius,1810,warlock,destruction,36,21,15
28259,Omnireaper,tichondrius,1810,warlock,destruction,54,29,25
28260,Sonlyc,tichondrius,1810,warlock,destruction,60,29,31
28261,Oof,dalaran,1809,warlock,destruction,30,22,8
28262,Niava,tichondrius,1808,warlock,destruction,54,28,26
28263,Payn,kiljaeden,1808,warlock,destruction,54,26,28
28264,Drthiccbolts,malganis,1807,warlock,destruction,47,29,18
28265,Aidadeshu,tichondrius,1807,warlock,destruction,60,32,28
28266,Yeepzbytre,bleeding-hollow,1806,warlock,destruction,42,32,10
28267,Almostoogood,illidan,1806,warlock,destruction,30,19,11
28268,Vileröze,zuljin,1806,warlock,destruction,54,31,23
28269,Nigthdeath,nemesis,1806,warlock,destruction,173,91,82
28270,Döremi,tichondrius,1805,warlock,destruction,48,28,20
28271,Vulcke,kelthuzad,1805,warlock,destruction,47,23,24
28272,Expiredfood,stormreaver,1803,warlock,destruction,42,26,16
28273,Scârecrow,stormrage,1802,warlock,destruction,72,46,26
28274,Struggles,emerald-dream,1802,warlock,destruction,159,85,74
28275,Mamosa,stormrage,1801,warlock,destruction,72,52,20
28276,Leeroydots,area-52,1801,warlock,destruction,48,34,14
28277,Geekmonster,tichondrius,1801,warlock,destruction,54,33,21
28278,Rizzofsparta,stormrage,1801,warlock,destruction,42,25,17
28279,Halloweèn,kelthuzad,1801,warlock,destruction,125,73,52
28280,Xervas,frostmourne,1800,warlock,destruction,54,33,21
28281,Soulbane,nemesis,1800,warlock,destruction,36,22,14
28282,Twilson,moon-guard,1798,warlock,destruction,48,27,21
28283,Sherlóck,duskwood,1798,warlock,destruction,54,28,26
28284,Brazlem,blackrock,1796,warlock,destruction,43,30,13
28285,Maggotworm,sargeras,1794,warlock,destruction,111,69,42
28286,Chaosbolt,bloodhoof,1794,warlock,destruction,48,26,22
28287,Feardotjpg,stormrage,1791,warlock,destruction,42,29,13
28288,Shadøwy,nemesis,1791,warlock,destruction,184,102,82
28289,Tonyxx,tichondrius,1789,warlock,destruction,34,23,11
28290,Brujoalfa,ragnaros,1788,warlock,destruction,81,50,31
28291,Salival,chogall,1786,warlock,destruction,24,19,5
28292,Rotshtëin,tichondrius,1785,warlock,destruction,103,55,48
28293,Wreyz,mannoroth,1783,warlock,destruction,72,39,33
28294,Neghros,illidan,1783,warlock,destruction,77,39,38
28295,Nevermindxd,barthilas,1783,warlock,destruction,66,32,34
28296,Urukái,dalaran,1782,warlock,destruction,93,53,40
28297,Ercaz,frostmourne,1781,warlock,destruction,42,20,22
28298,Drdoom,sargeras,1777,warlock,destruction,30,19,11
28299,Agni,gurubashi,1776,warlock,destruction,108,59,49
28300,Deangood,tichondrius,1775,warlock,destruction,96,53,43
28301,Alùcärd,tichondrius,1772,warlock,destruction,54,25,29
28302,Reallymagic,malganis,1771,warlock,destruction,95,56,39
28303,Karimbenzema,tichondrius,1770,warlock,destruction,48,28,20
28304,Trundle,area-52,1766,warlock,destruction,29,21,8
28305,Kogath,thunderlord,1763,warlock,destruction,86,50,36
28306,Neverending,malganis,1763,warlock,destruction,37,21,16
28307,Kakistocracy,kelthuzad,1761,warlock,destruction,30,23,7
28308,Razzakka,stormrage,1759,warlock,destruction,111,60,51
28309,Andelaylas,tichondrius,1758,warlock,destruction,48,33,15
28310,Nick,llane,1757,warlock,destruction,36,23,13
28311,Làsko,area-52,1756,warlock,destruction,66,36,30
28312,Obliceress,crushridge,1754,warlock,destruction,42,26,16
28313,Screampies,tichondrius,1754,warlock,destruction,46,27,19
28314,Ibrroski,proudmoore,1753,warlock,destruction,24,20,4
28315,Blackchinese,zuljin,1751,warlock,destruction,132,68,64
28316,Iconicxo,thrall,1749,warlock,destruction,66,38,28
28317,Punstable,tichondrius,1749,warlock,destruction,70,39,31
28318,Locodwarf,frostmourne,1749,warlock,destruction,242,115,127
28319,Etuskaa,tichondrius,1747,warlock,destruction,42,26,16
28320,Buu,veknilash,1747,warlock,destruction,48,28,20
28321,Barbieelf,sargeras,1746,warlock,destruction,97,52,45
28322,Yifaruhún,illidan,1739,warlock,destruction,42,29,13
28323,Hakai,bleeding-hollow,1736,warlock,destruction,44,30,14
28324,Darkmagician,kelthuzad,1735,warlock,destruction,30,22,8
28325,Hädes,frostwolf,1734,warlock,destruction,42,29,13
28326,Benafflockz,kelthuzad,1734,warlock,destruction,29,19,10
28327,Mânuel,akama,1731,warlock,destruction,30,22,8
28328,Oblivious,firetree,1731,warlock,destruction,100,53,47
28329,Firenzy,dalaran,1730,warlock,destruction,48,28,20
28330,Antinurse,bleeding-hollow,1730,warlock,destruction,60,33,27
28331,Scathey,area-52,1726,warlock,destruction,78,49,29
28332,Nasn,black-dragonflight,1726,warlock,destruction,50,31,19
28333,Fotmspec,area-52,1723,warlock,destruction,30,26,4
28334,Daylyt,sargeras,1723,warlock,destruction,27,19,8
28335,Popdotdropit,frostwolf,1723,warlock,destruction,66,39,27
28336,Soiedentaire,illidan,1722,warlock,destruction,30,28,2
28337,Ribman,stormrage,1722,warlock,destruction,36,18,18
28338,Inmøtion,tichondrius,1721,warlock,destruction,36,18,18
28339,Chaoticchaos,kelthuzad,1719,warlock,destruction,29,19,10
28340,Pikslol,bleeding-hollow,1717,warlock,destruction,30,18,12
28341,Bigulinhos,nemesis,1717,warlock,destruction,30,18,12
28342,Meatmanxtrem,sargeras,1717,warlock,destruction,48,27,21
28343,Yidhra,aerie-peak,1717,warlock,destruction,99,55,44
28344,Spooked,khadgar,1716,warlock,destruction,36,24,12
28345,Jierd,tichondrius,1716,warlock,destruction,34,20,14
28346,Deathair,tichondrius,1714,warlock,destruction,36,21,15
28347,Mistrnesbitt,malganis,1714,warlock,destruction,36,18,18
28348,Podda,shuhalo,1713,warlock,destruction,47,29,18
28349,Azlloa,tichondrius,1713,warlock,destruction,36,22,14
28350,Hehimx,bleeding-hollow,1711,warlock,destruction,24,18,6
28351,Symaitiel,azralon,1710,warlock,destruction,54,29,25
28352,Åbyssal,stormrage,1709,warlock,destruction,69,45,24
28353,Bod,bleeding-hollow,1709,warlock,destruction,30,18,12
28354,Richãrd,area-52,1709,warlock,destruction,49,26,23
28355,Eskyx,tichondrius,1709,warlock,destruction,36,18,18
28356,Wårløck,stormrage,1707,warlock,destruction,24,18,6
28357,Cocaineparty,tichondrius,1707,warlock,destruction,53,29,24
28358,Fredwinsta,laughing-skull,1706,warlock,destruction,24,18,6
28359,Drain,proudmoore,1706,warlock,destruction,54,36,18
28360,Evatar,malganis,1705,warlock,destruction,30,19,11
28361,Illinkin,illidan,1704,warlock,destruction,54,32,22
28362,Eggpower,tichondrius,1703,warlock,destruction,40,23,17
28363,Wzxx,tichondrius,1703,warlock,destruction,57,29,28
28364,Jaspieno,illidan,1702,warlock,destruction,30,18,12
28365,Grandmama,tichondrius,1702,warlock,destruction,36,21,15
28366,Stormrift,sargeras,1701,warlock,destruction,68,39,29
28367,Eav,area-52,1700,warlock,destruction,36,24,12
28368,Wolfstein,tichondrius,1699,warlock,destruction,24,18,6
28369,Feardadots,tichondrius,1699,warlock,destruction,57,41,16
28370,Aryoc,ragnaros,1698,warlock,destruction,42,28,14
28371,Daartaru,quelthalas,1698,warlock,destruction,90,48,42
28372,Ashlet,kelthuzad,1697,warlock,destruction,36,24,12
28373,Krikxy,tichondrius,1697,warlock,destruction,44,24,20
28374,Feetsampler,stormrage,1697,warlock,destruction,46,21,25
28375,Iskiplegday,illidan,1697,warlock,destruction,101,43,58
28376,Sairic,azralon,1696,warlock,destruction,48,36,12
28377,Mindrekt,azralon,1695,warlock,destruction,54,40,14
28378,Philsbad,lightbringer,1692,warlock,destruction,41,24,17
28379,Pk,azralon,1691,warlock,destruction,24,18,6
28380,Dotandforget,tichondrius,1691,warlock,destruction,36,24,12
28381,Dferreira,azralon,1691,warlock,destruction,96,56,40
28382,Cbx,kelthuzad,1690,warlock,destruction,36,28,8
28383,Aluaris,earthen-ring,1690,warlock,destruction,30,23,7
28384,Chaosbeard,korgath,1690,warlock,destruction,62,36,26
28385,Buboñic,area-52,1690,warlock,destruction,47,27,20
28386,Demonicsnap,bleeding-hollow,1689,warlock,destruction,47,27,20
28387,Bobbyshmurdå,frostmourne,1686,warlock,destruction,48,29,19
28388,Koramoz,area-52,1686,warlock,destruction,87,42,45
28389,Lapidate,malganis,1685,warlock,destruction,47,23,24
28390,Fearmebro,bleeding-hollow,1684,warlock,destruction,130,69,61
28391,Cvoaw,bonechewer,1683,warlock,destruction,36,23,13
28392,Meep,madoran,1682,warlock,destruction,53,34,19
28393,Vamprixlz,illidan,1680,warlock,destruction,37,25,12
28394,Gavrhin,area-52,1678,warlock,destruction,41,26,15
28395,Katrisse,aegwynn,1678,warlock,destruction,48,27,21
28396,Breeak,sargeras,1676,warlock,destruction,48,31,17
28397,Ðiêsel,malganis,1676,warlock,destruction,54,31,23
28398,Dipixd,tichondrius,1675,warlock,destruction,24,22,2
28399,Gianni,chogall,1675,warlock,destruction,42,24,18
28400,Locean,tichondrius,1674,warlock,destruction,30,19,11
28401,Savlonicsego,stormrage,1672,warlock,destruction,60,31,29
28402,Pyatpree,bleeding-hollow,1671,warlock,destruction,30,19,11
28403,Intentionz,sargeras,1671,warlock,destruction,41,24,17
28404,Sîthfu,tichondrius,1671,warlock,destruction,151,83,68
28405,Nocrackrocks,stormrage,1670,warlock,destruction,34,22,12
28406,Derok,bleeding-hollow,1670,warlock,destruction,179,90,89
28407,Grandpa,daggerspine,1669,warlock,destruction,37,23,14
28408,Covidmaster,frostmourne,1668,warlock,destruction,53,29,24
28409,Doclove,destromath,1668,warlock,destruction,76,40,36
28410,Vasago,jubeithos,1667,warlock,destruction,37,23,14
28411,Chaosbôlt,proudmoore,1667,warlock,destruction,60,30,30
28412,Kissmybolts,frostmourne,1666,warlock,destruction,42,23,19
28413,Zimer,moon-guard,1665,warlock,destruction,60,34,26
28414,Curse,agamaggan,1665,warlock,destruction,48,27,21
28415,Ardentia,malganis,1664,warlock,destruction,48,28,20
28416,Babybolt,frostmourne,1664,warlock,destruction,48,22,26
28417,Evilempire,sargeras,1663,warlock,destruction,36,22,14
28418,Olgee,tortheldrin,1663,warlock,destruction,53,30,23
28419,Warmstreak,blackrock,1658,warlock,destruction,30,19,11
28420,Bytezlk,area-52,1657,warlock,destruction,30,20,10
28421,Kâyn,area-52,1657,warlock,destruction,59,30,29
28422,Warmandei,dalaran,1653,warlock,destruction,48,30,18
28423,Hellwish,tichondrius,1653,warlock,destruction,42,20,22
28424,Zoagen,ragnaros,1650,warlock,destruction,28,20,8
28425,Lockforyou,frostmourne,1650,warlock,destruction,48,30,18
28426,Razlock,moon-guard,1650,warlock,destruction,171,90,81
28427,Nt,burning-legion,1646,warlock,destruction,37,30,7
28428,Tahmrin,quelthalas,1646,warlock,destruction,34,20,14
28429,Keylloggz,sargeras,1646,warlock,destruction,62,34,28
28430,Terrorbytes,frostmourne,1646,warlock,destruction,62,34,28
28431,Neverportx,kirin-tor,1645,warlock,destruction,36,21,15
28432,Critthis,illidan,1644,warlock,destruction,35,25,10
28433,Tribulatiön,moon-guard,1644,warlock,destruction,125,72,53
28434,Kairiesmirk,illidan,1644,warlock,destruction,46,26,20
28435,Krokusx,illidan,1643,warlock,destruction,78,41,37
28436,Devilman,darkspear,1643,warlock,destruction,109,57,52
28437,Debigbolt,area-52,1642,warlock,destruction,30,22,8
28438,Josaith,moon-guard,1642,warlock,destruction,83,49,34
28439,Barovir,tichondrius,1642,warlock,destruction,42,22,20
28440,Degred,tichondrius,1640,warlock,destruction,33,27,6
28441,Spaceghóst,bleeding-hollow,1640,warlock,destruction,87,46,41
28442,Veleza,kiljaeden,1639,warlock,destruction,48,24,24
28443,Demonclock,sargeras,1637,warlock,destruction,39,24,15
28444,Xylâ,emerald-dream,1636,warlock,destruction,39,22,17
28445,Dëstró,tichondrius,1636,warlock,destruction,41,23,18
28446,Killabeesack,tichondrius,1635,warlock,destruction,43,25,18
28447,Doombaby,zuljin,1632,warlock,destruction,70,45,25
28448,Marcelium,greymane,1631,warlock,destruction,24,17,7
28449,Sagatt,illidan,1631,warlock,destruction,68,37,31
28450,Lafourche,tichondrius,1631,warlock,destruction,48,26,22
28451,Ddorangmoon,tichondrius,1630,warlock,destruction,42,25,17
28452,Dipixyz,tichondrius,1630,warlock,destruction,30,17,13
28453,Holunging,illidan,1630,warlock,destruction,36,19,17
28454,Deathhawkz,ravencrest,1629,warlock,destruction,24,17,7
28455,Psyløck,bleeding-hollow,1629,warlock,destruction,48,29,19
28456,Dewandoritos,kelthuzad,1629,warlock,destruction,30,17,13
28457,Whitexzz,tichondrius,1629,warlock,destruction,30,17,13
28458,Vallàx,area-52,1627,warlock,destruction,30,18,12
28459,Positivity,thunderhorn,1627,warlock,destruction,30,18,12
28460,Vvivienx,tichondrius,1625,warlock,destruction,30,17,13
28461,Tìdals,zuljin,1624,warlock,destruction,27,18,9
28462,Exilegd,proudmoore,1624,warlock,destruction,41,26,15
28463,Matafé,kelthuzad,1623,warlock,destruction,30,20,10
28464,Boxtrolls,ragnaros,1623,warlock,destruction,30,17,13
28465,Thotblood,stormrage,1622,warlock,destruction,24,18,6
28466,Rettek,bleeding-hollow,1622,warlock,destruction,24,17,7
28467,Elmobolt,thrall,1620,warlock,destruction,37,27,10
28468,Jarasseck,malganis,1620,warlock,destruction,48,25,23
28469,Qualio,thrall,1619,warlock,destruction,39,21,18
28470,Penzer,stormrage,1618,warlock,destruction,36,20,16
28471,Scatz,sargeras,1617,warlock,destruction,18,17,1
28472,Dolut,azralon,1617,warlock,destruction,54,31,23
28473,Restolock,destromath,1617,warlock,destruction,60,34,26
28474,Mephizar,moon-guard,1617,warlock,destruction,50,25,25
28475,Infecçäo,stormrage,1616,warlock,destruction,72,43,29
28476,Sithaholic,wildhammer,1616,warlock,destruction,30,17,13
28477,Stocktonslap,saurfang,1615,warlock,destruction,91,53,38
28478,Dxhusky,illidan,1614,warlock,destruction,36,20,16
28479,Saltiez,sargeras,1613,warlock,destruction,24,18,6
28480,Anujy,moon-guard,1613,warlock,destruction,48,32,16
28481,Chaosage,sargeras,1613,warlock,destruction,36,24,12
28482,Calidaze,tichondrius,1613,warlock,destruction,56,32,24
28483,Rocketman,hydraxis,1612,warlock,destruction,30,20,10
28484,Belzebud,area-52,1612,warlock,destruction,93,56,37
28485,Absoluté,nemesis,1612,warlock,destruction,30,17,13
28486,Hypnotikal,illidan,1611,warlock,destruction,30,22,8
28487,Lilbiackguy,stormrage,1611,warlock,destruction,60,41,19
28488,Brettmackson,area-52,1611,warlock,destruction,45,28,17
28489,Bigjmmywiggl,illidan,1611,warlock,destruction,67,36,31
28490,Apøçàlÿpsè,firetree,1610,warlock,destruction,60,32,28
28491,Horloc,moon-guard,1609,warlock,destruction,68,38,30
28492,Brickedx,malfurion,1609,warlock,destruction,71,35,36
28493,Lostanubis,tichondrius,1607,warlock,destruction,39,24,15
28494,Sakyameil,area-52,1607,warlock,destruction,36,21,15
28495,Yaresly,kelthuzad,1605,warlock,destruction,32,20,12
28496,Tanskeeh,sargeras,1604,warlock,destruction,52,28,24
28497,Ðarkñess,burning-legion,1603,warlock,destruction,60,35,25
28498,Mursay,tichondrius,1602,warlock,destruction,24,20,4
28499,Nosferatu,arthas,1602,warlock,destruction,26,20,6
28500,Daimonic,bronzebeard,1602,warlock,destruction,24,17,7
28501,Hynnis,nemesis,1602,warlock,destruction,42,27,15
28502,Sslock,sargeras,1602,warlock,destruction,46,26,20
28503,Juswannarock,tichondrius,1601,warlock,destruction,33,22,11
28504,Hâm,dalaran,1601,warlock,destruction,96,46,50
28505,Hommer,tichondrius,1600,warlock,destruction,27,20,7
28506,Dapete,malorne,1600,warlock,destruction,36,26,10
28507,Manthos,sargeras,1600,warlock,destruction,57,23,34
28508,Bellaswans,hyjal,1599,warlock,destruction,30,20,10
28509,Warlockmf,sargeras,1599,warlock,destruction,79,47,32
28510,Closetslut,moon-guard,1596,warlock,destruction,24,20,4
28511,Gingery,the-underbog,1595,warlock,destruction,35,21,14
28512,Muffîn,moon-guard,1594,warlock,destruction,68,42,26
28513,Dotcoin,tichondrius,1594,warlock,destruction,30,17,13
28514,Rotfull,burning-legion,1594,warlock,destruction,39,18,21
28515,Wheremyshoes,area-52,1593,warlock,destruction,141,68,73
28516,Omegapasta,illidan,1592,warlock,destruction,36,19,17
28517,Kernlberton,tichondrius,1592,warlock,destruction,48,25,23
28518,Yisuschríst,quelthalas,1591,warlock,destruction,41,21,20
28519,Demonkiiller,kelthuzad,1591,warlock,destruction,48,19,29
28520,Invaderzem,tichondrius,1589,warlock,destruction,54,29,25
28521,Niked,sargeras,1587,warlock,destruction,102,62,40
28522,Buffwarlocks,senjin,1587,warlock,destruction,48,26,22
28523,Levantine,barthilas,1587,warlock,destruction,39,18,21
28524,Parishiltoon,frostmourne,1586,warlock,destruction,46,19,27
28525,Tothegrave,sargeras,1585,warlock,destruction,35,22,13
28526,Mchawi,tichondrius,1585,warlock,destruction,30,17,13
28527,Kuroyt,drakkari,1583,warlock,destruction,42,26,16
28528,Gerthclas,aggramar,1579,warlock,destruction,35,24,11
28529,Bbclover,thrall,1579,warlock,destruction,29,19,10
28530,Nefandous,malganis,1578,warlock,destruction,54,36,18
28531,Bénâfflock,area-52,1577,warlock,destruction,48,27,21
28532,Charnoob,kelthuzad,1577,warlock,destruction,48,23,25
28533,Derfflinger,tichondrius,1577,warlock,destruction,90,42,48
28534,Soreanus,illidan,1576,warlock,destruction,28,20,8
28535,Leônidos,ghostlands,1575,warlock,destruction,54,28,26
28536,Isoldmysoul,stormrage,1574,warlock,destruction,48,21,27
28537,Kurifodo,illidan,1573,warlock,destruction,53,29,24
28538,Locknug,tichondrius,1572,warlock,destruction,114,64,50
28539,Stølo,deathwing,1570,warlock,destruction,72,51,21
28540,Carmelasin,moon-guard,1570,warlock,destruction,60,39,21
28541,Melôck,area-52,1569,warlock,destruction,30,20,10
28542,Korose,tichondrius,1569,warlock,destruction,130,66,64
28543,Strykerliath,bleeding-hollow,1568,warlock,destruction,37,21,16
28544,Khrom,illidan,1565,warlock,destruction,64,32,32
28545,Meraz,zuljin,1564,warlock,destruction,28,17,11
28546,Uow,stormrage,1564,warlock,destruction,42,20,22
28547,Larryfisher,drenden,1561,warlock,destruction,24,17,7
28548,Dartthvader,azralon,1561,warlock,destruction,38,18,20
28549,Khurze,area-52,1558,warlock,destruction,57,29,28
28550,Promethian,proudmoore,1556,warlock,destruction,53,23,30
28551,Dynamó,tichondrius,1555,warlock,destruction,62,34,28
28552,Pyralock,malfurion,1551,warlock,destruction,30,18,12
28553,Wiildgoose,area-52,1550,warlock,destruction,30,21,9
28554,Resuah,tichondrius,1549,warlock,destruction,51,25,26
28555,Shadowxlock,misha,1548,warlock,destruction,77,45,32
28556,Bayfayth,zuljin,1546,warlock,destruction,92,52,40
28557,Jnxzlock,sargeras,1546,warlock,destruction,61,34,27
28558,Dovahkini,stormrage,1545,warlock,destruction,29,17,12
28559,Cairo,emerald-dream,1545,warlock,destruction,150,75,75
28560,Galfear,malganis,1544,warlock,destruction,135,70,65
28561,Notspeedy,tichondrius,1543,warlock,destruction,45,18,27
28562,Yükina,stormrage,1542,warlock,destruction,47,26,21
28563,Zhaphrax,frostmourne,1542,warlock,destruction,53,24,29
28564,Fshi,frostmourne,1541,warlock,destruction,90,54,36
28565,Remua,tichondrius,1540,warlock,destruction,29,18,11
28566,Dragoska,kiljaeden,1540,warlock,destruction,30,17,13
28567,Deboltzaru,ragnaros,1540,warlock,destruction,73,37,36
28568,Gluestik,shadowmoon,1540,warlock,destruction,42,21,21
28569,Jpepps,perenolde,1538,warlock,destruction,30,20,10
28570,Cryptos,kalecgos,1538,warlock,destruction,38,22,16
28571,Noggét,frostmourne,1538,warlock,destruction,84,48,36
28572,Hadouh,stormrage,1537,warlock,destruction,29,17,12
28573,Whathurts,tichondrius,1536,warlock,destruction,55,25,30
28574,Conradlenoir,illidan,1535,warlock,destruction,24,16,8
28575,Vugaddi,illidan,1535,warlock,destruction,24,16,8
28576,Midoolock,proudmoore,1535,warlock,destruction,30,19,11
28577,Chadica,malganis,1534,warlock,destruction,18,16,2
28578,Bosongo,boulderfist,1534,warlock,destruction,59,35,24
28579,Thinktank,tichondrius,1534,warlock,destruction,30,16,14
28580,Slantsix,tichondrius,1534,warlock,destruction,30,16,14
28581,Odiums,area-52,1532,warlock,destruction,71,42,29
28582,Scarletdemon,malganis,1532,warlock,destruction,65,35,30
28583,Hordeadlock,illidan,1532,warlock,destruction,48,22,26
28584,Lyonesse,frostmourne,1531,warlock,destruction,28,17,11
28585,Brucelock,proudmoore,1528,warlock,destruction,24,16,8
28586,Ezdagor,quelthalas,1527,warlock,destruction,88,50,38
28587,Somethingud,tichondrius,1527,warlock,destruction,77,31,46
28588,Dàmagicman,drakthul,1526,warlock,destruction,24,16,8
28589,Isarac,zuljin,1524,warlock,destruction,54,35,19
28590,Kyoarnez,quelthalas,1523,warlock,destruction,36,19,17
28591,Conspiration,sargeras,1522,warlock,destruction,24,19,5
28592,Stankbigly,thrall,1519,warlock,destruction,32,19,13
28593,Xêlsnåp,steamwheedle-cartel,1519,warlock,destruction,91,53,38
28594,Bouldrlickr,dragonmaw,1517,warlock,destruction,24,16,8
28595,Cheqmate,moon-guard,1516,warlock,destruction,31,17,14
28596,Misolock,sargeras,1515,warlock,destruction,48,23,25
28597,Austeeny,wyrmrest-accord,1513,warlock,destruction,31,21,10
28598,Politex,malganis,1513,warlock,destruction,64,40,24
28599,Lockybalboah,turalyon,1513,warlock,destruction,54,30,24
28600,Trewlocke,sargeras,1511,warlock,destruction,24,16,8
28601,Joseph,draktharon,1509,warlock,destruction,66,35,31
28602,Goomgoom,doomhammer,1509,warlock,destruction,83,36,47
28603,Kuoma,boulderfist,1507,warlock,destruction,85,41,44
28604,Zetsu,zuljin,1506,warlock,destruction,193,99,94
28605,Pigmahz,malganis,1505,warlock,destruction,35,17,18
28606,Droptopp,malganis,1503,warlock,destruction,24,16,8
28607,Dinglerdots,tichondrius,1502,warlock,destruction,27,21,6
28608,Jugaa,arthas,1502,warlock,destruction,41,29,12
28609,Deammon,tichondrius,1502,warlock,destruction,24,16,8
28610,Jennifear,sargeras,1499,warlock,destruction,50,28,22
28611,Nueleth,frostmourne,1494,warlock,destruction,41,24,17
28612,Threeinches,kelthuzad,1492,warlock,destruction,45,28,17
28613,Espyn,silvermoon,1491,warlock,destruction,76,32,44
28614,Sidious,jubeithos,1490,warlock,destruction,32,21,11
28615,Darkÿoda,malganis,1490,warlock,destruction,44,22,22
28616,Nattydots,sargeras,1490,warlock,destruction,47,23,24
28617,Jerearderedo,thrall,1487,warlock,destruction,30,16,14
28618,Fearloom,tichondrius,1484,warlock,destruction,103,56,47
28619,Yaldin,nemesis,1483,warlock,destruction,91,53,38
28620,Humanreapers,malganis,1482,warlock,destruction,31,22,9
28621,Dunbu,illidan,1481,warlock,destruction,91,52,39
28622,Dercair,korgath,1480,warlock,destruction,30,18,12
28623,Warsmock,tichondrius,1479,warlock,destruction,29,16,13
28624,Beyourselff,tichondrius,1479,warlock,destruction,35,16,19
28625,Borthrel,moon-guard,1478,warlock,destruction,72,42,30
28626,Hellcon,area-52,1477,warlock,destruction,52,36,16
28627,Chàõs,tichondrius,1477,warlock,destruction,54,27,27
28628,Warlockgomes,azralon,1476,warlock,destruction,85,43,42
28629,Tofulery,tichondrius,1475,warlock,destruction,50,23,27
28630,Sickgurl,stormrage,1474,warlock,destruction,42,26,16
28631,Bauchalain,area-52,1474,warlock,destruction,38,19,19
28632,Gatewayoncd,frostmourne,1474,warlock,destruction,54,25,29
28633,Glenfarclas,tichondrius,1471,warlock,destruction,43,19,24
28634,Sauromann,sargeras,1470,warlock,destruction,48,27,21
28635,Obscurity,tichondrius,1470,warlock,destruction,36,17,19
28636,Demondots,sargeras,1469,warlock,destruction,54,31,23
28637,Serveq,tichondrius,1468,warlock,destruction,38,18,20
28638,Magy,deathwing,1467,warlock,destruction,48,30,18
28639,Noxdolor,stormreaver,1465,warlock,destruction,36,20,16
28640,Meatybolts,nagrand,1462,warlock,destruction,60,36,24
28641,Darknessgodd,goldrinn,1459,warlock,destruction,37,23,14
28642,Dotte,tichondrius,1453,warlock,destruction,30,17,13
28643,Avae,frostmourne,1448,warlock,destruction,72,42,30
28644,Mcjoy,akama,1445,warlock,destruction,224,114,110
28645,Maleficmango,tichondrius,1444,warlock,destruction,36,23,13
28646,Chachanoobx,sargeras,1443,warlock,destruction,66,43,23
28647,Ðemented,bleeding-hollow,1442,warlock,destruction,27,16,11
28648,Munar,quelthalas,1442,warlock,destruction,81,41,40
28649,Jaboltz,tichondrius,1441,warlock,destruction,25,16,9
28650,Mantis,proudmoore,1441,warlock,destruction,43,23,20
28651,Atrofourth,tichondrius,1441,warlock,destruction,48,23,25
28652,Discordant,trollbane,1439,warlock,destruction,36,23,13
28653,Indelock,drenden,1439,warlock,destruction,24,15,9
28654,Janeciap,tichondrius,1439,warlock,destruction,24,15,9
28655,Heresucacok,frostmourne,1439,warlock,destruction,24,15,9
28656,Xiyangpvp,tichondrius,1439,warlock,destruction,30,15,15
28657,Äran,azralon,1439,warlock,destruction,30,15,15
28658,Danaowns,spirestone,1439,warlock,destruction,30,15,15
28659,Sâlâñzø,bleeding-hollow,1438,warlock,destruction,18,15,3
28660,Immolate,eitrigg,1438,warlock,destruction,18,15,3
28661,Spectro,laughing-skull,1438,warlock,destruction,18,15,3
28662,Dewars,aggramar,1438,warlock,destruction,54,28,26
28663,Goofycupcake,drakthul,1437,warlock,destruction,18,15,3
28664,Deathmásk,ragnaros,1437,warlock,destruction,18,15,3
28665,Imbooms,blackrock,1437,warlock,destruction,30,15,15
28666,Blindingsun,kiljaeden,1437,warlock,destruction,66,27,39
28667,Artzul,tichondrius,1436,warlock,destruction,60,25,35
28668,Bourrasq,illidan,1435,warlock,destruction,18,15,3
28669,Rakshama,chogall,1434,warlock,destruction,30,15,15
28670,Felacid,tichondrius,1433,warlock,destruction,48,28,20
28671,Badmagic,area-52,1433,warlock,destruction,48,24,24
28672,Mcrfan,illidan,1432,warlock,destruction,18,15,3
28673,Dance,sargeras,1431,warlock,destruction,18,15,3
28674,Jakeyboii,frostmourne,1431,warlock,destruction,45,29,16
28675,Dotorama,sargeras,1429,warlock,destruction,24,15,9
28676,Conorloco,tichondrius,1429,warlock,destruction,36,15,21
28677,Demontos,darkspear,1427,warlock,destruction,42,21,21
28678,Cbolt,tichondrius,1426,warlock,destruction,25,16,9
28679,Harmfuul,illidan,1425,warlock,destruction,27,16,11
28680,Squishyboy,tichondrius,1425,warlock,destruction,30,15,15
28681,Shadowfork,illidan,1424,warlock,destruction,24,15,9
28682,Straightlock,sargeras,1424,warlock,destruction,47,19,28
28683,Kanekiskid,mannoroth,1423,warlock,destruction,42,29,13
28684,Laklin,stormscale,1423,warlock,destruction,62,29,33
28685,Wackykid,azralon,1423,warlock,destruction,44,20,24
28686,Demonicus,thunderlord,1423,warlock,destruction,42,18,24
28687,Wizlox,illidan,1422,warlock,destruction,54,22,32
28688,Tulu,muradin,1421,warlock,destruction,42,26,16
28689,Yuh,moon-guard,1420,warlock,destruction,18,15,3
28690,Vexedconvex,area-52,1420,warlock,destruction,201,97,104
28691,Flor,khadgar,1420,warlock,destruction,92,44,48
28692,Decrepticus,kargath,1419,warlock,destruction,44,26,18
28693,Krokodiil,tichondrius,1418,warlock,destruction,36,24,12
28694,Kascade,drakkari,1418,warlock,destruction,24,15,9
28695,Dotsyu,frostmourne,1418,warlock,destruction,44,25,19
28696,Booßiemiles,area-52,1417,warlock,destruction,25,19,6
28697,Mordekhay,tichondrius,1415,warlock,destruction,36,23,13
28698,Deatthmoon,stormrage,1415,warlock,destruction,24,15,9
28699,Gorelami,tichondrius,1413,warlock,destruction,30,18,12
28700,Jezwazerox,area-52,1413,warlock,destruction,69,36,33
28701,Budgetkroozz,illidan,1413,warlock,destruction,30,15,15
28702,Bilidin,azralon,1413,warlock,destruction,93,41,52
28703,Nezsarek,sargeras,1413,warlock,destruction,104,42,62
28704,Vindicated,azgalor,1412,warlock,destruction,25,20,5
28705,Yorchziel,ragnaros,1412,warlock,destruction,88,47,41
28706,Guula,alexstrasza,1412,warlock,destruction,30,15,15
28707,Javirr,ragnaros,1411,warlock,destruction,24,15,9
28708,Thicclöcc,tichondrius,1410,warlock,destruction,30,15,15
28709,Parmenides,tichondrius,1410,warlock,destruction,42,19,23
28710,Johnnybegood,frostmourne,1409,warlock,destruction,24,15,9
28711,Kalellock,azralon,1407,warlock,destruction,66,33,33
28712,Iongestpp,bleeding-hollow,1405,warlock,destruction,30,17,13
28713,Lightname,arthas,1404,warlock,destruction,24,17,7
28714,Bellanomikus,stormrage,1404,warlock,destruction,60,25,35
28715,Drudotzz,hyjal,1403,warlock,destruction,30,16,14
28716,Blockk,moknathal,1403,warlock,destruction,48,21,27
28717,Adderall,altar-of-storms,1402,warlock,destruction,42,20,22
28718,Lockssy,tichondrius,1398,warlock,destruction,95,56,39
28719,Momshutup,sargeras,1397,warlock,destruction,23,15,8
28720,Getpissed,emerald-dream,1395,warlock,destruction,59,30,29
28721,Bobbygoulant,tichondrius,1394,warlock,destruction,192,92,100
28722,Locker,lightnings-blade,1390,warlock,destruction,24,15,9
28723,Adhauto,illidan,1390,warlock,destruction,113,62,51
28724,Ralerhard,kelthuzad,1390,warlock,destruction,28,15,13
28725,Jhop,sargeras,1388,warlock,destruction,42,26,16
28726,Tergale,illidan,1388,warlock,destruction,66,28,38
28727,Gnomlette,smolderthorn,1385,warlock,destruction,39,17,22
28728,Falcorr,area-52,1380,warlock,destruction,31,17,14
28729,Necrotic,antonidas,1379,warlock,destruction,66,33,33
28730,Eldriptch,kelthuzad,1379,warlock,destruction,30,15,15
28731,Dloq,azgalor,1378,warlock,destruction,93,54,39
28732,Coreleron,proudmoore,1378,warlock,destruction,55,26,29
28733,Siccwidit,area-52,1378,warlock,destruction,74,34,40
28734,Loçk,zuljin,1376,warlock,destruction,30,15,15
28735,Lockonthc,korgath,1375,warlock,destruction,32,16,16
28736,Antistar,barthilas,1371,warlock,destruction,37,23,14
28737,Connect,borean-tundra,1371,warlock,destruction,35,18,17
28738,Birez,kelthuzad,1370,warlock,destruction,26,15,11
28739,Lladyyheartt,nesingwary,1368,warlock,destruction,48,26,22
28740,Év,azralon,1367,warlock,destruction,36,16,20
28741,Extinção,azralon,1366,warlock,destruction,56,35,21
28742,Picklepuller,arthas,1364,warlock,destruction,24,15,9
28743,Luxenna,malganis,1363,warlock,destruction,84,40,44
28744,Hurriicane,stormrage,1362,warlock,destruction,74,42,32
28745,Spicywhite,tichondrius,1359,warlock,destruction,25,15,10
28746,Freggen,shadowsong,1358,warlock,destruction,24,15,9
28747,Matdamon,barthilas,1354,warlock,destruction,60,33,27
28748,Xoxoxu,frostmourne,1352,warlock,destruction,26,15,11
28749,Ptheven,area-52,1351,warlock,destruction,28,19,9
28750,Pwz,azralon,1346,warlock,destruction,76,41,35
28751,Odjure,zuljin,1344,warlock,destruction,23,14,9
28752,Soulruler,tichondrius,1344,warlock,destruction,24,14,10
28753,Spreadnhiv,thrall,1344,warlock,destruction,42,18,24
28754,Kryl,kiljaeden,1343,warlock,destruction,24,14,10
28755,Notprint,sargeras,1343,warlock,destruction,24,14,10
28756,Súpersonic,tichondrius,1343,warlock,destruction,24,14,10
28757,Gingerlocky,barthilas,1343,warlock,destruction,94,44,50
28758,Çrayoneater,tichondrius,1343,warlock,destruction,34,15,19
28759,Razizzles,malganis,1340,warlock,destruction,66,39,27
28760,Shadowsloc,tichondrius,1340,warlock,destruction,24,14,10
28761,Paparoxy,illidan,1340,warlock,destruction,30,14,16
28762,Zírds,stormrage,1339,warlock,destruction,24,14,10
28763,Kyrmax,malganis,1339,warlock,destruction,30,14,16
28764,Aemma,proudmoore,1338,warlock,destruction,18,14,4
28765,Pantypeeler,barthilas,1338,warlock,destruction,60,35,25
28766,Lockfaceguy,agamaggan,1338,warlock,destruction,24,14,10
28767,Scãryz,jubeithos,1338,warlock,destruction,50,29,21
28768,Veerdz,area-52,1338,warlock,destruction,30,14,16
28769,Éx,jubeithos,1337,warlock,destruction,18,14,4
28770,Juicestarr,barthilas,1337,warlock,destruction,30,14,16
28771,Bunnyhugs,gorefiend,1336,warlock,destruction,18,14,4
28772,Memon,frostmane,1336,warlock,destruction,36,19,17
28773,Tunacanthicc,moon-guard,1335,warlock,destruction,49,20,29
28774,Swapsfour,area-52,1334,warlock,destruction,24,14,10
28775,Majinbuû,malganis,1334,warlock,destruction,30,14,16
28776,Omleaf,malganis,1334,warlock,destruction,30,14,16
28777,Spongebobjrj,tichondrius,1331,warlock,destruction,36,20,16
28778,Macdeezylock,sargeras,1330,warlock,destruction,24,14,10
28779,Grandpapapa,tichondrius,1330,warlock,destruction,54,22,32
28780,Darksolace,dalaran,1329,warlock,destruction,24,14,10
28781,Agonie,tichondrius,1329,warlock,destruction,126,60,66
28782,Freestyle,blackwater-raiders,1328,warlock,destruction,54,34,20
28783,Felpsychosis,illidan,1328,warlock,destruction,36,21,15
28784,Celeden,emerald-dream,1327,warlock,destruction,30,18,12
28785,Arenis,stormrage,1327,warlock,destruction,24,14,10
28786,Dots,haomarush,1327,warlock,destruction,30,14,16
28787,Karadelice,stormrage,1325,warlock,destruction,48,25,23
28788,Gukky,misha,1324,warlock,destruction,66,43,23
28789,Drcameron,zuljin,1322,warlock,destruction,24,15,9
28790,Gòtti,frostmourne,1320,warlock,destruction,24,14,10
28791,Jugerdotz,sargeras,1320,warlock,destruction,30,14,16
28792,Kelifan,sargeras,1319,warlock,destruction,39,22,17
28793,Darthðotspam,mugthol,1317,warlock,destruction,18,14,4
28794,Jeramie,darkspear,1317,warlock,destruction,38,17,21
28795,Doublebolt,illidan,1315,warlock,destruction,51,31,20
28796,Predictions,sargeras,1315,warlock,destruction,35,17,18
28797,Lockerdoo,aegwynn,1313,warlock,destruction,24,14,10
28798,Jecklez,tichondrius,1312,warlock,destruction,135,70,65
28799,Evilyññ,tichondrius,1312,warlock,destruction,42,19,23
28800,Verdoso,stormrage,1310,warlock,destruction,30,16,14
28801,Bustednut,nerzhul,1308,warlock,destruction,34,21,13
28802,Dotyoazz,tichondrius,1308,warlock,destruction,38,22,16
28803,Dealcloud,tichondrius,1308,warlock,destruction,50,25,25
28804,Thralord,blackrock,1305,warlock,destruction,24,14,10
28805,Ehcsrop,doomhammer,1304,warlock,destruction,38,19,19
28806,Azöd,tichondrius,1303,warlock,destruction,33,23,10
28807,Gscar,area-52,1303,warlock,destruction,48,28,20
28808,Felqueenn,windrunner,1301,warlock,destruction,30,19,11
28809,Kecca,azralon,1301,warlock,destruction,54,27,27
28810,Voidchaos,korgath,1300,warlock,destruction,18,14,4
28811,Undies,demon-soul,1297,warlock,destruction,66,35,31
28812,Kombat,amanthul,1292,warlock,destruction,71,32,39
28813,Lolimalock,bleeding-hollow,1286,warlock,destruction,35,19,16
28814,Zalord,mannoroth,1286,warlock,destruction,35,14,21
28815,Chuwhee,sargeras,1282,warlock,destruction,48,14,34
28816,Awfeelya,sargeras,1281,warlock,destruction,29,17,12
28817,Ahrimus,area-52,1275,warlock,destruction,28,14,14
28818,Lòthloria,mannoroth,1274,warlock,destruction,119,57,62
28819,Woezz,tichondrius,1271,warlock,destruction,33,14,19
28820,Beldiinlock,khazgoroth,1270,warlock,destruction,51,28,23
28821,Prinzheinric,quelthalas,1267,warlock,destruction,33,21,12
28822,Diabhlaí,tichondrius,1266,warlock,destruction,24,15,9
28823,Magiaoscurax,quelthalas,1258,warlock,destruction,30,14,16
28824,Ticktóck,ghostlands,1253,warlock,destruction,19,14,5
28825,Mocreia,azralon,1253,warlock,destruction,47,22,25
28826,Ltoplaylock,area-52,1248,warlock,destruction,18,13,5
28827,Hiddentech,saurfang,1248,warlock,destruction,24,13,11
28828,Forestfruit,tichondrius,1248,warlock,destruction,24,13,11
28829,Amazingamez,sargeras,1247,warlock,destruction,18,13,5
28830,Frightbright,sargeras,1247,warlock,destruction,18,13,5
28831,Pressurë,tichondrius,1247,warlock,destruction,18,13,5
28832,Rèdrùm,tichondrius,1247,warlock,destruction,24,13,11
28833,Kimsoul,zuljin,1247,warlock,destruction,24,13,11
28834,Bigdamege,tichondrius,1246,warlock,destruction,22,14,8
28835,Inaane,thrall,1246,warlock,destruction,24,13,11
28836,Hauntsin,hyjal,1246,warlock,destruction,30,13,17
28837,Destructo,illidan,1245,warlock,destruction,30,13,17
28838,Toastwl,tichondrius,1244,warlock,destruction,18,13,5
28839,Lhandus,drakkari,1243,warlock,destruction,24,13,11
28840,Uranusa,proudmoore,1243,warlock,destruction,30,13,17
28841,Spòngwò,tichondrius,1242,warlock,destruction,24,13,11
28842,Guldåniel,tichondrius,1242,warlock,destruction,24,13,11
28843,Nigsy,nagrand,1242,warlock,destruction,24,13,11
28844,Babydots,stormreaver,1240,warlock,destruction,24,13,11
28845,Covírus,azralon,1237,warlock,destruction,18,13,5
28846,Burnzul,bleeding-hollow,1237,warlock,destruction,24,13,11
28847,Fiddlesticks,draka,1236,warlock,destruction,18,13,5
28848,Felnightz,area-52,1236,warlock,destruction,30,13,17
28849,Pruevolf,tichondrius,1236,warlock,destruction,68,29,39
28850,Ganosh,aggramar,1235,warlock,destruction,30,18,12
28851,Rainymood,frostmourne,1233,warlock,destruction,18,13,5
28852,Munick,spirestone,1233,warlock,destruction,24,13,11
28853,Chaotíc,zuljin,1231,warlock,destruction,24,13,11
28854,Ellneggro,zuljin,1226,warlock,destruction,18,13,5
28855,Rickyspanish,malygos,1226,warlock,destruction,30,13,17
28856,Nhen,daggerspine,1225,warlock,destruction,89,52,37
28857,Kyrionn,azralon,1225,warlock,destruction,24,13,11
28858,Chaosmorty,tichondrius,1225,warlock,destruction,24,13,11
28859,Kyle,shandris,1217,warlock,destruction,24,13,11
28860,Zydaria,stormrage,1213,warlock,destruction,30,18,12
28861,Prototyp,azralon,1212,warlock,destruction,18,13,5
28862,Maldíta,quelthalas,1210,warlock,destruction,99,44,55
28863,Daeykras,crushridge,1209,warlock,destruction,28,17,11
28864,Felinå,hyjal,1206,warlock,destruction,39,24,15
28865,Lockednloade,tichondrius,1197,warlock,destruction,30,16,14
28866,Zaeloc,ragnaros,1195,warlock,destruction,42,13,29
28867,Jussmollett,arygos,1193,warlock,destruction,23,13,10
28868,Nanodingo,tichondrius,1192,warlock,destruction,30,16,14
28869,Spookyfurry,area-52,1192,warlock,destruction,30,13,17
28870,Bénn,moon-guard,1189,warlock,destruction,60,39,21
28871,Cørruption,emerald-dream,1188,warlock,destruction,47,22,25
28872,Sylestrio,feathermoon,1186,warlock,destruction,30,13,17
28873,Kärên,proudmoore,1185,warlock,destruction,20,15,5
28874,Sutra,tichondrius,1185,warlock,destruction,23,14,9
28875,Sereniaa,sargeras,1182,warlock,destruction,26,13,13
28876,Gwar,khazgoroth,1181,warlock,destruction,66,24,42
28877,Chodetamer,lethon,1180,warlock,destruction,29,18,11
28878,Necrodeath,malygos,1180,warlock,destruction,30,15,15
28879,Kemchaos,illidan,1179,warlock,destruction,48,21,27
28880,Iiferna,sargeras,1177,warlock,destruction,77,33,44
28881,Thirdsol,stormrage,1176,warlock,destruction,23,13,10
28882,Kidsoul,illidan,1176,warlock,destruction,55,25,30
28883,Ilovedemons,aegwynn,1168,warlock,destruction,42,26,16
28884,Zoluraan,proudmoore,1168,warlock,destruction,33,20,13
28885,Bawldimort,stormrage,1165,warlock,destruction,89,46,43
28886,Grq,stormrage,1164,warlock,destruction,17,13,4
28887,Rotsndotss,thrall,1164,warlock,destruction,22,13,9
28888,Guldoom,tichondrius,1152,warlock,destruction,12,12,0
28889,Rightwaylovê,illidan,1152,warlock,destruction,18,12,6
28890,Osmatz,area-52,1152,warlock,destruction,18,12,6
28891,Nahz,tichondrius,1152,warlock,destruction,18,12,6
28892,Hellparks,malganis,1152,warlock,destruction,18,12,6
28893,Dxhusky,tichondrius,1151,warlock,destruction,18,12,6
28894,Blastamastah,tichondrius,1151,warlock,destruction,18,12,6
28895,Shutupthug,illidan,1151,warlock,destruction,18,12,6
28896,Kossnen,shandris,1151,warlock,destruction,18,12,6
28897,Oceangrownx,emerald-dream,1151,warlock,destruction,24,12,12
28898,Flûké,tichondrius,1151,warlock,destruction,24,12,12
28899,Lockdotsftw,illidan,1151,warlock,destruction,24,12,12
28900,Gucciflops,bleeding-hollow,1151,warlock,destruction,24,12,12
28901,Beetlejoos,stormreaver,1151,warlock,destruction,24,12,12
28902,Asmit,firetree,1151,warlock,destruction,28,13,15
28903,Dralok,area-52,1150,warlock,destruction,18,12,6
28904,Cesily,frostmourne,1150,warlock,destruction,24,12,12
28905,Brutalsummon,frostmourne,1149,warlock,destruction,24,12,12
28906,Iggyiggy,sargeras,1149,warlock,destruction,24,12,12
28907,Missmonday,tichondrius,1148,warlock,destruction,24,12,12
28908,Omarlil,kelthuzad,1147,warlock,destruction,18,12,6
28909,Nadirius,shadowmoon,1146,warlock,destruction,18,12,6
28910,Screwed,tichondrius,1146,warlock,destruction,36,12,24
28911,Zandõx,jubeithos,1145,warlock,destruction,18,12,6
28912,Blackguldan,illidan,1145,warlock,destruction,18,12,6
28913,Avelmi,daggerspine,1144,warlock,destruction,24,12,12
28914,Thravis,tichondrius,1143,warlock,destruction,24,12,12
28915,Handler,earthen-ring,1142,warlock,destruction,42,28,14
28916,Gridwild,drakkari,1142,warlock,destruction,24,12,12
28917,Cascades,icecrown,1142,warlock,destruction,48,19,29
28918,Sunkuna,aerie-peak,1141,warlock,destruction,36,13,23
28919,Nadek,tichondrius,1140,warlock,destruction,24,12,12
28920,Eriess,burning-blade,1139,warlock,destruction,30,12,18
28921,Lessance,dalaran,1138,warlock,destruction,24,12,12
28922,Marcedlc,ragnaros,1136,warlock,destruction,24,12,12
28923,Austen,tichondrius,1136,warlock,destruction,37,13,24
28924,Eurygnomous,thrall,1135,warlock,destruction,24,12,12
28925,Shadü,tichondrius,1134,warlock,destruction,30,12,18
28926,Cælohin,tichondrius,1132,warlock,destruction,24,12,12
28927,Erevas,area-52,1127,warlock,destruction,18,12,6
28928,Terrival,illidan,1125,warlock,destruction,23,12,11
28929,Dex,jubeithos,1124,warlock,destruction,42,12,30
28930,Klatuu,stonemaul,1122,warlock,destruction,18,12,6
28931,Nocchi,amanthul,1119,warlock,destruction,22,12,10
28932,Demofire,tichondrius,1119,warlock,destruction,22,12,10
28933,Aeonora,akama,1117,warlock,destruction,18,12,6
28934,Covenslave,nemesis,1113,warlock,destruction,157,69,88
28935,Ðeãdman,bleeding-hollow,1112,warlock,destruction,20,13,7
28936,Rodimus,hyjal,1109,warlock,destruction,81,45,36
28937,Anstik,area-52,1103,warlock,destruction,15,13,2
28938,Josemb,ragnaros,1097,warlock,destruction,24,12,12
28939,Madgettike,stormrage,1094,warlock,destruction,36,22,14
28940,Varuuss,ragnaros,1092,warlock,destruction,21,12,9
28941,Mindfulchimp,sargeras,1092,warlock,destruction,23,12,11
28942,Cheiff,tichondrius,1092,warlock,destruction,42,16,26
28943,Taìnted,lightbringer,1088,warlock,destruction,28,12,16
28944,Pancakestack,stormrage,1082,warlock,destruction,54,25,29
28945,Punishment,jubeithos,1080,warlock,destruction,17,12,5
28946,Kracky,tichondrius,1076,warlock,destruction,80,45,35
28947,Toby,azralon,1066,warlock,destruction,25,12,13
28948,Davnport,frostmourne,1065,warlock,destruction,38,12,26
28949,Luke,lightnings-blade,1062,warlock,destruction,18,12,6
28950,Bumbleebolts,azralon,1056,warlock,destruction,12,11,1
28951,Boltsnhoez,tichondrius,1056,warlock,destruction,16,12,4
28952,Eyoeyo,tichondrius,1056,warlock,destruction,18,11,7
28953,Lockfoxyy,tichondrius,1056,warlock,destruction,18,11,7
28954,Thragèqt,sargeras,1056,warlock,destruction,18,11,7
28955,Drböb,area-52,1056,warlock,destruction,18,11,7
28956,Boodizz,frostmourne,1056,warlock,destruction,18,11,7
28957,Lockonomicz,tichondrius,1056,warlock,destruction,18,11,7
28958,Edeklock,frostmourne,1055,warlock,destruction,12,11,1
28959,Xertling,sargeras,1055,warlock,destruction,12,11,1
28960,Mindheist,stormrage,1055,warlock,destruction,18,11,7
28961,Tuzadin,tichondrius,1055,warlock,destruction,18,11,7
28962,Alktrz,azralon,1055,warlock,destruction,18,11,7
28963,Sahdude,illidan,1055,warlock,destruction,18,11,7
28964,Dreadxbolts,stormrage,1055,warlock,destruction,18,11,7
28965,Ðòt,nagrand,1055,warlock,destruction,18,11,7
28966,Feardotzrun,illidan,1055,warlock,destruction,18,11,7
28967,Verminosa,nemesis,1055,warlock,destruction,18,11,7
28968,Guldansbicep,illidan,1055,warlock,destruction,22,12,10
28969,Ole,area-52,1055,warlock,destruction,24,11,13
28970,Esså,jaedenar,1055,warlock,destruction,24,11,13
28971,Vigius,dalaran,1054,warlock,destruction,18,11,7
28972,Reficul,frostmourne,1054,warlock,destruction,30,11,19
28973,Faënn,zuljin,1053,warlock,destruction,18,11,7
28974,Evapilot,tichondrius,1053,warlock,destruction,18,11,7
28975,Dipz,zuljin,1053,warlock,destruction,18,11,7
28976,Belford,tichondrius,1053,warlock,destruction,24,11,13
28977,Cenich,darkspear,1052,warlock,destruction,18,11,7
28978,Baldandugly,illidan,1052,warlock,destruction,18,11,7
28979,Unprønuncea,azralon,1050,warlock,destruction,25,11,14
28980,Taylôr,proudmoore,1049,warlock,destruction,24,11,13
28981,Tirp,illidan,1048,warlock,destruction,24,11,13
28982,Pokemebutt,hydraxis,1046,warlock,destruction,18,11,7
28983,Nazgal,tichondrius,1046,warlock,destruction,21,12,9
28984,Ltr,moon-guard,1045,warlock,destruction,18,11,7
28985,Wìckedelf,area-52,1045,warlock,destruction,45,22,23
28986,Haloren,moon-guard,1044,warlock,destruction,18,11,7
28987,Valval,moon-guard,1044,warlock,destruction,30,11,19
28988,Foxfoxfel,thrall,1043,warlock,destruction,18,11,7
28989,Xenagos,antonidas,1043,warlock,destruction,30,11,19
28990,Locksoul,area-52,1042,warlock,destruction,30,14,16
28991,Nathalyâ,drakkari,1041,warlock,destruction,42,20,22
28992,Seeword,sargeras,1039,warlock,destruction,18,11,7
28993,Impdad,destromath,1036,warlock,destruction,18,11,7
28994,Tharki,darkspear,1035,warlock,destruction,25,14,11
28995,Hawkstalker,thaurissan,1035,warlock,destruction,24,12,12
28996,Mysophobia,frostmourne,1032,warlock,destruction,53,22,31
28997,Baiss,tichondrius,1030,warlock,destruction,18,11,7
28998,Noriaeradra,illidan,1025,warlock,destruction,24,13,11
28999,Shedara,ragnaros,1023,warlock,destruction,17,11,6
29000,Getsmoked,moknathal,1023,warlock,destruction,23,11,12
29001,Evanylock,proudmoore,1022,warlock,destruction,23,11,12
29002,Alfaflux,tol-barad,1006,warlock,destruction,23,11,12
29003,Faliceu,sargeras,1006,warlock,destruction,26,11,15
29004,Panyc,tichondrius,1002,warlock,destruction,23,11,12
29005,Ticklebolts,tichondrius,1001,warlock,destruction,34,12,22
29006,Valerilma,azralon,998,warlock,destruction,23,11,12
29007,Luulloo,proudmoore,997,warlock,destruction,24,11,13
29008,Aerozyn,wyrmrest-accord,995,warlock,destruction,24,11,13
29009,Rauwërrs,azralon,992,warlock,destruction,33,12,21
29010,Wingzerø,tichondrius,988,warlock,destruction,23,11,12
29011,Nevermorde,area-52,986,warlock,destruction,23,11,12
29012,Notchinese,kiljaeden,986,warlock,destruction,23,11,12
29013,Mickylock,tichondrius,983,warlock,destruction,21,11,10
29014,Escro,azgalor,979,warlock,destruction,30,17,13
29015,Wafflezcb,frostmourne,976,warlock,destruction,19,11,8
29016,Hanoaa,tichondrius,975,warlock,destruction,11,11,0
29017,Nikôlas,stormrage,975,warlock,destruction,48,21,27
29018,Zíppen,proudmoore,970,warlock,destruction,61,30,31
29019,Plagueis,zuluhed,969,warlock,destruction,25,11,14
29020,Aomniloltv,zuljin,964,warlock,destruction,23,11,12
29021,Kimis,azralon,963,warlock,destruction,24,14,10
29022,Lockbtw,altar-of-storms,960,warlock,destruction,12,10,2
29023,Wanglock,blackrock,960,warlock,destruction,12,10,2
29024,Lilshedon,kelthuzad,960,warlock,destruction,12,10,2
29025,Kammuany,sargeras,960,warlock,destruction,12,10,2
29026,Retwarr,tichondrius,960,warlock,destruction,12,10,2
29027,Jaboy,dragonmaw,960,warlock,destruction,12,10,2
29028,Pigii,tichondrius,960,warlock,destruction,12,10,2
29029,Drwongmd,sargeras,960,warlock,destruction,12,10,2
29030,Letmecastpls,tichondrius,960,warlock,destruction,12,10,2
29031,Maldivà,tichondrius,960,warlock,destruction,12,10,2
29032,Metamòrph,malganis,960,warlock,destruction,12,10,2
29033,Nino,barthilas,960,warlock,destruction,12,10,2
29034,Fxckyuo,tichondrius,960,warlock,destruction,12,10,2
29035,Revérence,sargeras,960,warlock,destruction,18,10,8
29036,Tacticalderp,bleeding-hollow,960,warlock,destruction,18,10,8
29037,Areufearious,sargeras,960,warlock,destruction,18,10,8
29038,Crayonchewer,alleria,960,warlock,destruction,18,10,8
29039,Teivlol,mugthol,960,warlock,destruction,18,10,8
29040,Veryezgame,tichondrius,960,warlock,destruction,18,10,8
29041,Dupapad,stormrage,960,warlock,destruction,24,10,14
29042,Contägion,bleeding-hollow,960,warlock,destruction,24,10,14
29043,Foxar,stormrage,959,warlock,destruction,12,10,2
29044,Percaddict,illidan,959,warlock,destruction,12,10,2
29045,Dkdakìng,dalaran,959,warlock,destruction,12,10,2
29046,Vexe,tichondrius,959,warlock,destruction,14,10,4
29047,Years,moon-guard,959,warlock,destruction,18,10,8
29048,Thânàtös,malganis,959,warlock,destruction,18,10,8
29049,Wickedry,antonidas,959,warlock,destruction,18,10,8
29050,Sixonenine,boulderfist,959,warlock,destruction,18,10,8
29051,Maral,kelthuzad,959,warlock,destruction,18,10,8
29052,Notatryhard,emerald-dream,959,warlock,destruction,18,10,8
29053,Kylaria,emerald-dream,959,warlock,destruction,18,10,8
29054,Spudzies,bleeding-hollow,959,warlock,destruction,18,10,8
29055,Soulicit,kelthuzad,959,warlock,destruction,18,10,8
29056,Lemonfire,area-52,959,warlock,destruction,18,10,8
29057,Knockknock,llane,959,warlock,destruction,18,10,8
29058,Pykorrg,ragnaros,959,warlock,destruction,24,10,14
29059,Trobgol,bleeding-hollow,958,warlock,destruction,12,10,2
29060,Helraz,darkspear,958,warlock,destruction,12,10,2
29061,Mørgoth,thrall,958,warlock,destruction,18,10,8
29062,Xerozus,tichondrius,957,warlock,destruction,18,10,8
29063,Dialalock,frostmourne,957,warlock,destruction,18,10,8
29064,Greasymario,area-52,957,warlock,destruction,22,11,11
29065,Løvesick,zuljin,957,warlock,destruction,24,10,14
29066,Dippidydot,illidan,957,warlock,destruction,24,10,14
29067,Graced,dalaran,956,warlock,destruction,18,10,8
29068,Ragnalock,laughing-skull,956,warlock,destruction,18,10,8
29069,Muchoprecogo,tichondrius,956,warlock,destruction,18,10,8
29070,Flxmin,area-52,956,warlock,destruction,24,10,14
29071,Zaintv,illidan,955,warlock,destruction,18,10,8
29072,Chaoticstorm,area-52,955,warlock,destruction,18,10,8
29073,Friendd,frostmourne,955,warlock,destruction,18,10,8
29074,Dvorakk,frostmourne,954,warlock,destruction,15,11,4
29075,Wadoom,tichondrius,954,warlock,destruction,18,10,8
29076,Harleyjames,ravenholdt,953,warlock,destruction,18,10,8
29077,Downbad,ysera,953,warlock,destruction,31,10,21
29078,Siliconsnipe,tichondrius,952,warlock,destruction,12,10,2
29079,Punjj,jubeithos,952,warlock,destruction,18,10,8
29080,Huuchie,moon-guard,951,warlock,destruction,18,10,8
29081,Puscifear,azralon,951,warlock,destruction,30,10,20
29082,Sojupain,kaelthas,950,warlock,destruction,12,10,2
29083,Felryssa,kiljaeden,948,warlock,destruction,24,10,14
29084,Hamadan,azralon,946,warlock,destruction,24,10,14
29085,Cursé,stormrage,944,warlock,destruction,18,10,8
29086,Mogran,twisting-nether,934,warlock,destruction,18,10,8
29087,Marlett,destromath,929,warlock,destruction,107,56,51
29088,Neph,malganis,927,warlock,destruction,20,11,9
29089,Goal,malganis,927,warlock,destruction,20,11,9
29090,Astarõth,zuljin,926,warlock,destruction,26,11,15
29091,Twohandedkil,stormrage,920,warlock,destruction,26,11,15
29092,Xekk,wyrmrest-accord,910,warlock,destruction,23,10,13
29093,Glôck,lightbringer,906,warlock,destruction,26,12,14
29094,Lockyy,khaz-modan,904,warlock,destruction,26,11,15
29095,Ppoonlock,tichondrius,896,warlock,destruction,22,10,12
29096,Funnysoxx,caelestrasz,895,warlock,destruction,16,10,6
29097,Luckehlock,firetree,895,warlock,destruction,17,10,7
29098,Fiennx,dalaran,894,warlock,destruction,17,10,7
29099,Katsby,moon-guard,894,warlock,destruction,17,10,7
29100,Rakudemon,ragnaros,894,warlock,destruction,20,10,10
29101,Rnicu,bonechewer,889,warlock,destruction,36,13,23
29102,Lafuke,tichondrius,880,warlock,destruction,13,10,3
29103,Pyria,boulderfist,877,warlock,destruction,13,10,3
29104,Caesaros,quelthalas,875,warlock,destruction,19,10,9
29105,Matthewx,stormrage,864,warlock,destruction,12,9,3
29106,Lysitheä,moon-guard,864,warlock,destruction,12,9,3
29107,Pengliyuaner,illidan,864,warlock,destruction,12,9,3
29108,Alucarduo,emerald-dream,864,warlock,destruction,12,9,3
29109,Lokiy,ragnaros,864,warlock,destruction,12,9,3
29110,Loksoflove,tichondrius,864,warlock,destruction,12,9,3
29111,Raxxis,moon-guard,864,warlock,destruction,12,9,3
29112,Whaad,tichondrius,864,warlock,destruction,12,9,3
29113,Wenotcoo,tichondrius,864,warlock,destruction,12,9,3
29114,Gottawiz,illidan,864,warlock,destruction,12,9,3
29115,Fearem,tichondrius,864,warlock,destruction,12,9,3
29116,Sëcond,azralon,864,warlock,destruction,12,9,3
29117,Liuh,tichondrius,864,warlock,destruction,12,9,3
29118,Snerp,frostmourne,864,warlock,destruction,12,9,3
29119,Pauldiesel,ragnaros,864,warlock,destruction,12,9,3
29120,Necroboi,alterac-mountains,864,warlock,destruction,16,10,6
29121,Reflexlock,malganis,864,warlock,destruction,18,9,9
29122,Woopie,malfurion,864,warlock,destruction,18,9,9
29123,Starta,tichondrius,864,warlock,destruction,18,9,9
29124,Bigolehogger,area-52,864,warlock,destruction,18,9,9
29125,Miroir,illidan,864,warlock,destruction,18,9,9
29126,Oymmander,illidan,864,warlock,destruction,18,9,9
29127,Voidxo,tichondrius,864,warlock,destruction,18,9,9
29128,Stuffs,wyrmrest-accord,864,warlock,destruction,18,9,9
29129,Scarified,illidan,864,warlock,destruction,18,9,9
29130,Azrezzael,area-52,863,warlock,destruction,12,9,3
29131,Greedy,garrosh,863,warlock,destruction,12,9,3
29132,Ahrimaan,illidan,863,warlock,destruction,12,9,3
29133,Pacopico,illidan,863,warlock,destruction,12,9,3
29134,Mateekabr,malganis,863,warlock,destruction,12,9,3
29135,Buffwarlockz,stormrage,863,warlock,destruction,12,9,3
29136,Glergarby,stormscale,863,warlock,destruction,15,10,5
29137,Byndedlock,dragonmaw,863,warlock,destruction,18,9,9
29138,Minzyw,illidan,863,warlock,destruction,18,9,9
29139,Ruknài,barthilas,863,warlock,destruction,18,9,9
29140,Wåbi,tichondrius,863,warlock,destruction,18,9,9
29141,Rothmar,bleeding-hollow,863,warlock,destruction,18,9,9
29142,Nethron,the-venture-co,863,warlock,destruction,18,9,9
29143,Cyio,zuljin,863,warlock,destruction,18,9,9
29144,Dmox,darkspear,863,warlock,destruction,18,9,9
29145,Goarage,tichondrius,863,warlock,destruction,22,10,12
29146,Rokdas,area-52,863,warlock,destruction,24,9,15
29147,Gingerspise,nathrezim,863,warlock,destruction,24,9,15
29148,Zehoc,thrall,863,warlock,destruction,30,9,21
29149,Cvntpvntcans,kelthuzad,862,warlock,destruction,12,9,3
29150,Çhåos,destromath,862,warlock,destruction,12,9,3
29151,Cogitoergo,stormrage,862,warlock,destruction,12,9,3
29152,Locklockdead,earthen-ring,862,warlock,destruction,12,9,3
29153,Namig,aerie-peak,862,warlock,destruction,12,9,3
29154,Pyresworn,wyrmrest-accord,862,warlock,destruction,12,9,3
29155,Artheás,azralon,862,warlock,destruction,18,9,9
29156,Nmelock,malganis,862,warlock,destruction,18,9,9
29157,Perples,dalaran,862,warlock,destruction,18,9,9
29158,Aksness,stormrage,862,warlock,destruction,18,9,9
29159,Breaad,tichondrius,862,warlock,destruction,24,9,15
29160,Tanathoz,thrall,862,warlock,destruction,28,10,18
29161,Methandmmkay,illidan,861,warlock,destruction,15,10,5
29162,Sugmabone,zuluhed,860,warlock,destruction,12,9,3
29163,Griget,runetotem,860,warlock,destruction,18,9,9
29164,Damdochael,bleeding-hollow,860,warlock,destruction,24,9,15
29165,Githany,hyjal,859,warlock,destruction,18,9,9
29166,Gorskij,frostwolf,859,warlock,destruction,19,9,10
29167,Impieties,emerald-dream,859,warlock,destruction,24,9,15
29168,Cynwise,arathor,858,warlock,destruction,18,9,9
29169,Hookslinger,barthilas,856,warlock,destruction,18,9,9
29170,Boltsfordays,dalaran,856,warlock,destruction,18,9,9
29171,Shadohz,lightnings-blade,855,warlock,destruction,12,9,3
29172,Theporkchunk,nordrassil,855,warlock,destruction,12,9,3
29173,Timmerstar,tichondrius,853,warlock,destruction,18,9,9
29174,Klummzy,tichondrius,850,warlock,destruction,18,9,9
29175,Rustý,illidan,834,warlock,destruction,17,9,8
29176,Freakdoa,blades-edge,834,warlock,destruction,53,20,33
29177,Wasrenai,tichondrius,829,warlock,destruction,23,9,14
29178,Ovosound,tichondrius,815,warlock,destruction,11,9,2
29179,Rockzilatour,tichondrius,815,warlock,destruction,17,9,8
29180,Medeia,tichondrius,799,warlock,destruction,17,9,8
29181,Memnøch,emerald-dream,798,warlock,destruction,17,9,8
29182,Felancholy,illidan,788,warlock,destruction,14,10,4
29183,Tempestzone,barthilas,775,warlock,destruction,19,10,9
29184,Clorvenna,zuljin,768,warlock,destruction,12,8,4
29185,Munje,bleeding-hollow,768,warlock,destruction,12,8,4
29186,Smeezles,frostmourne,768,warlock,destruction,12,8,4
29187,Pandasrlegit,burning-blade,768,warlock,destruction,12,8,4
29188,Palumorl,deathwing,768,warlock,destruction,12,8,4
29189,Diznei,nemesis,768,warlock,destruction,12,8,4
29190,Fearsponce,dragonmaw,768,warlock,destruction,12,8,4
29191,Bopplock,tichondrius,768,warlock,destruction,12,8,4
29192,Blodrain,tichondrius,768,warlock,destruction,12,8,4
29193,Xidothewitch,stormrage,768,warlock,destruction,12,8,4
29194,Zunexx,malganis,768,warlock,destruction,12,8,4
29195,Identiti,tichondrius,768,warlock,destruction,12,8,4
29196,Belandyr,stormrage,768,warlock,destruction,12,8,4
29197,Searinox,scilla,768,warlock,destruction,12,8,4
29198,Frappucino,wyrmrest-accord,768,warlock,destruction,12,8,4
29199,Esolock,malganis,768,warlock,destruction,12,8,4
29200,Manapouli,area-52,768,warlock,destruction,12,8,4
29201,Kápz,darkspear,768,warlock,destruction,12,8,4
29202,Slackjaww,kiljaeden,768,warlock,destruction,12,8,4
29203,Devi,executus,768,warlock,destruction,12,8,4
29204,Dëception,ragnaros,768,warlock,destruction,12,8,4
29205,Xivra,thrall,768,warlock,destruction,12,8,4
29206,Flackory,tichondrius,768,warlock,destruction,12,8,4
29207,Feinnx,dalaran,768,warlock,destruction,12,8,4
29208,Narzhul,drakkari,768,warlock,destruction,12,8,4
29209,Skanckqt,malganis,768,warlock,destruction,12,8,4
29210,Flavakid,malganis,768,warlock,destruction,12,8,4
29211,Roblockz,illidan,768,warlock,destruction,12,8,4
29212,Shinagae,tichondrius,768,warlock,destruction,12,8,4
29213,Aptukk,archimonde,768,warlock,destruction,12,8,4
29214,Nyhn,bleeding-hollow,768,warlock,destruction,13,8,5
29215,Radicalz,ragnaros,768,warlock,destruction,14,8,6
29216,Elfwarlock,aerie-peak,768,warlock,destruction,16,9,7
29217,Chrishasnen,moon-guard,768,warlock,destruction,18,8,10
29218,Gneçro,area-52,768,warlock,destruction,18,8,10
29219,Leruss,zangarmarsh,768,warlock,destruction,18,8,10
29220,Homeboyardee,the-venture-co,768,warlock,destruction,18,8,10
29221,Chazzlock,area-52,768,warlock,destruction,18,8,10
29222,Theredwoman,emerald-dream,768,warlock,destruction,18,8,10
29223,Iniboltquity,tichondrius,768,warlock,destruction,18,8,10
29224,Westhofxx,sargeras,768,warlock,destruction,18,8,10
29225,Laylowl,tichondrius,767,warlock,destruction,12,8,4
29226,Diabolous,malganis,767,warlock,destruction,12,8,4
29227,Yonz,area-52,767,warlock,destruction,12,8,4
29228,Accentuate,tichondrius,767,warlock,destruction,12,8,4
29229,Lilibe,tichondrius,767,warlock,destruction,12,8,4
29230,Egirlgamer,sargeras,767,warlock,destruction,12,8,4
29231,Coil,kiljaeden,767,warlock,destruction,12,8,4
29232,Vilebeing,frostmourne,767,warlock,destruction,12,8,4
29233,Malagas,tichondrius,767,warlock,destruction,12,8,4
29234,Gharlock,tichondrius,767,warlock,destruction,12,8,4
29235,Lynnilock,area-52,767,warlock,destruction,12,8,4
29236,Esteedees,moon-guard,767,warlock,destruction,18,8,10
29237,Exofilth,thrall,767,warlock,destruction,18,8,10
29238,Windwolff,dalvengyr,767,warlock,destruction,18,8,10
29239,Hargol,azralon,767,warlock,destruction,18,8,10
29240,Hellbòund,mugthol,767,warlock,destruction,18,8,10
29241,Barathron,tichondrius,767,warlock,destruction,18,8,10
29242,Aldaill,moon-guard,767,warlock,destruction,18,8,10
29243,Shikyo,lightnings-blade,767,warlock,destruction,18,8,10
29244,Síkaría,malganis,767,warlock,destruction,18,8,10
29245,Staudt,mugthol,766,warlock,destruction,12,8,4
29246,Faldoras,kalecgos,766,warlock,destruction,12,8,4
29247,Doomers,frostmourne,766,warlock,destruction,12,8,4
29248,Raglans,amanthul,766,warlock,destruction,12,8,4
29249,Titusvorenus,runetotem,766,warlock,destruction,18,8,10
29250,Mandley,nazgrel,766,warlock,destruction,18,8,10
29251,Stinkychef,hyjal,765,warlock,destruction,12,8,4
29252,Telvanni,sargeras,765,warlock,destruction,12,8,4
29253,Saraphina,maiev,764,warlock,destruction,27,9,18
29254,Esoo,kul-tiras,763,warlock,destruction,12,8,4
29255,Caryn,dalaran,763,warlock,destruction,18,8,10
29256,Vampir,hellscream,762,warlock,destruction,18,8,10
29257,Superbroly,area-52,762,warlock,destruction,18,8,10
29258,Disrespex,kelthuzad,762,warlock,destruction,18,8,10
29259,Shooterg,tichondrius,761,warlock,destruction,18,8,10
29260,Mshyde,gurubashi,760,warlock,destruction,12,8,4
29261,Rageraff,trollbane,758,warlock,destruction,12,8,4
29262,Oldwing,illidan,735,warlock,destruction,23,8,15
29263,Sotera,bleeding-hollow,719,warlock,destruction,11,8,3
29264,Castngcouch,tichondrius,711,warlock,destruction,21,10,11
29265,Tinyjo,sargeras,703,warlock,destruction,11,8,3
29266,Bäbz,barthilas,703,warlock,destruction,11,8,3
29267,Ihaveapowers,maiev,703,warlock,destruction,11,8,3
29268,Demotional,wyrmrest-accord,703,warlock,destruction,14,8,6
29269,Liljamie,stormrage,703,warlock,destruction,17,8,9
29270,Screampied,sargeras,699,warlock,destruction,20,8,12
29271,Getfeared,emerald-dream,672,warlock,destruction,10,8,2
29272,Kountdrakula,tichondrius,672,warlock,destruction,12,7,5
29273,Mokfernal,tichondrius,672,warlock,destruction,12,7,5
29274,Ðòm,tichondrius,672,warlock,destruction,12,7,5
29275,Poock,goldrinn,672,warlock,destruction,12,7,5
29276,Thewkama,tichondrius,672,warlock,destruction,12,7,5
29277,Ashoraya,area-52,672,warlock,destruction,12,7,5
29278,Tatordotzz,tichondrius,672,warlock,destruction,12,7,5
29279,Dötkill,illidan,672,warlock,destruction,12,7,5
29280,Hellfires,ragnaros,672,warlock,destruction,12,7,5
29281,Busterbob,tichondrius,672,warlock,destruction,12,7,5
29282,Sendnudez,nemesis,672,warlock,destruction,12,7,5
29283,Glizzÿ,thrall,672,warlock,destruction,12,7,5
29284,Suminl,tichondrius,672,warlock,destruction,12,7,5
29285,Uggaboogga,malganis,672,warlock,destruction,12,7,5
29286,Rothslock,tichondrius,672,warlock,destruction,12,7,5
29287,Tamzin,kelthuzad,672,warlock,destruction,12,7,5
29288,Trastham,malganis,672,warlock,destruction,12,7,5
29289,Blair,wildhammer,672,warlock,destruction,12,7,5
29290,Says,gorefiend,672,warlock,destruction,12,7,5
29291,Cragalt,tichondrius,672,warlock,destruction,12,7,5
29292,Insànity,bleeding-hollow,672,warlock,destruction,12,7,5
29293,Dplexs,jubeithos,672,warlock,destruction,12,7,5
29294,Dipgodx,bleeding-hollow,672,warlock,destruction,12,7,5
29295,Salties,magtheridon,672,warlock,destruction,12,7,5
29296,Sonovabeech,winterhoof,672,warlock,destruction,12,7,5
29297,Lokintots,darkspear,672,warlock,destruction,12,7,5
29298,Zelophobiaz,crushridge,672,warlock,destruction,12,7,5
29299,Matilla,tichondrius,672,warlock,destruction,12,7,5
29300,Clingrita,tichondrius,672,warlock,destruction,12,7,5
29301,Snikpan,silver-hand,672,warlock,destruction,12,7,5
29302,Lockdogg,mannoroth,672,warlock,destruction,12,7,5
29303,Mattypatty,the-forgotten-coast,672,warlock,destruction,12,7,5
29304,Ztc,dalaran,672,warlock,destruction,12,7,5
29305,Sylvarri,stormrage,672,warlock,destruction,12,7,5
29306,Nooko,frostmourne,672,warlock,destruction,12,7,5
29307,Furryfears,gurubashi,672,warlock,destruction,12,7,5
29308,Luciusvrenus,tichondrius,672,warlock,destruction,12,7,5
29309,Flicks,arthas,672,warlock,destruction,12,7,5
29310,Balepyre,moon-guard,672,warlock,destruction,12,7,5
29311,Annereyn,stormrage,672,warlock,destruction,12,7,5
29312,Westhofz,sargeras,672,warlock,destruction,12,7,5
29313,Bosswarlock,tichondrius,672,warlock,destruction,13,7,6
29314,Necrófear,tichondrius,672,warlock,destruction,18,7,11
29315,Sladez,tichondrius,672,warlock,destruction,18,7,11
29316,Dmacxl,tichondrius,672,warlock,destruction,18,7,11
29317,Zantology,frostmourne,672,warlock,destruction,18,7,11
29318,Anasúi,quelthalas,672,warlock,destruction,18,7,11
29319,Manã,wyrmrest-accord,671,warlock,destruction,12,7,5
29320,Watchmegate,darkspear,671,warlock,destruction,12,7,5
29321,Irunaways,stormrage,671,warlock,destruction,12,7,5
29322,Boltondahoes,sargeras,671,warlock,destruction,12,7,5
29323,Zyraxx,moon-guard,671,warlock,destruction,12,7,5
29324,Aroris,silver-hand,671,warlock,destruction,12,7,5
29325,Naba,malorne,671,warlock,destruction,12,7,5
29326,Demosthenes,nazjatar,671,warlock,destruction,12,7,5
29327,Grimzo,mugthol,671,warlock,destruction,12,7,5
29328,Kachauwoo,kiljaeden,671,warlock,destruction,18,7,11
29329,Hellslayer,frostmourne,671,warlock,destruction,18,7,11
29330,Wollylock,dark-iron,671,warlock,destruction,18,7,11
29331,Fearlord,shattered-hand,671,warlock,destruction,24,7,17
29332,Altazor,thunderlord,671,warlock,destruction,24,7,17
29333,Doomtome,moon-guard,671,warlock,destruction,26,7,19
29334,Mèrlin,aerie-peak,670,warlock,destruction,12,7,5
29335,Tørturë,tichondrius,670,warlock,destruction,12,7,5
29336,Moreedotss,malganis,670,warlock,destruction,24,7,17
29337,Kristenßell,senjin,669,warlock,destruction,12,7,5
29338,Revenancer,smolderthorn,669,warlock,destruction,12,7,5
29339,Otus,echo-isles,669,warlock,destruction,12,7,5
29340,Gambel,duskwood,669,warlock,destruction,18,7,11
29341,Sumonníng,tichondrius,669,warlock,destruction,18,7,11
29342,Juan,borean-tundra,668,warlock,destruction,18,7,11
29343,Sneakywarlok,dalaran,668,warlock,destruction,19,7,12
29344,Deathjerky,thrall,667,warlock,destruction,12,7,5
29345,Keleiron,velen,663,warlock,destruction,12,7,5
29346,Saltboi,azjolnerub,640,warlock,destruction,16,7,9
29347,Voidxx,tichondrius,639,warlock,destruction,11,7,4
29348,Demondan,magtheridon,638,warlock,destruction,23,7,16
29349,Buildsuccess,tichondrius,623,warlock,destruction,17,7,10
29350,Perfsx,bleeding-hollow,607,warlock,destruction,14,7,7
29351,Furrlokc,tichondrius,607,warlock,destruction,16,7,9
29352,Djvetis,blackhand,592,warlock,destruction,13,7,6
29353,Studathlete,tichondrius,592,warlock,destruction,13,7,6
29354,Redsolojdc,tichondrius,576,warlock,destruction,6,6,0
29355,Notstingz,azralon,576,warlock,destruction,6,6,0
29356,Bbangtimo,tichondrius,576,warlock,destruction,6,6,0
29357,Malevolent,velen,576,warlock,destruction,6,6,0
29358,Naughtybolts,sargeras,576,warlock,destruction,6,6,0
29359,Dudda,sargeras,576,warlock,destruction,6,6,0
29360,Ebølarot,tichondrius,576,warlock,destruction,6,6,0
29361,Mitchosx,frostmourne,576,warlock,destruction,6,6,0
29362,Kòngal,tichondrius,576,warlock,destruction,6,6,0
29363,Schrader,sargeras,576,warlock,destruction,6,6,0
29364,Menggoth,tichondrius,576,warlock,destruction,6,6,0
29365,Winipuhmalo,quelthalas,576,warlock,destruction,6,6,0
29366,Bronzel,tichondrius,576,warlock,destruction,6,6,0
29367,Qp,thrall,576,warlock,destruction,6,6,0
29368,Gabbagoul,sargeras,576,warlock,destruction,6,6,0
29369,Sixv,barthilas,576,warlock,destruction,6,6,0
29370,Chaoscoach,sargeras,576,warlock,destruction,6,6,0
29371,Blanklee,tichondrius,576,warlock,destruction,6,6,0
29372,Naughtybôlts,sargeras,576,warlock,destruction,9,6,3
29373,Broovid,tichondrius,576,warlock,destruction,13,7,6
29374,Celash,barthilas,576,warlock,destruction,12,6,6
29375,Maèlstrom,area-52,576,warlock,destruction,12,6,6
29376,Zedonius,dragonmaw,576,warlock,destruction,12,6,6
29377,Sumrule,dreadmaul,576,warlock,destruction,12,6,6
29378,Kmüz,drakkari,576,warlock,destruction,12,6,6
29379,Wolfib,tichondrius,576,warlock,destruction,12,6,6
29380,Asamsbinladn,illidan,576,warlock,destruction,12,6,6
29381,Sauzith,area-52,576,warlock,destruction,12,6,6
29382,Draxxus,barthilas,576,warlock,destruction,12,6,6
29383,Plutö,thrall,576,warlock,destruction,12,6,6
29384,Mothmayhem,moon-guard,576,warlock,destruction,12,6,6
29385,Twototheone,illidan,576,warlock,destruction,12,6,6
29386,Árkadiano,drakkari,576,warlock,destruction,12,6,6
29387,Canobio,tichondrius,576,warlock,destruction,12,6,6
29388,Tonifortnite,emerald-dream,576,warlock,destruction,12,6,6
29389,Shigero,tichondrius,576,warlock,destruction,12,6,6
29390,Dessoft,ragnaros,576,warlock,destruction,12,6,6
29391,Ronnietherat,tichondrius,576,warlock,destruction,12,6,6
29392,Kulgar,aerie-peak,576,warlock,destruction,12,6,6
29393,Vravras,kelthuzad,576,warlock,destruction,12,6,6
29394,Flu,darkspear,576,warlock,destruction,12,6,6
29395,Ïmpdance,tichondrius,576,warlock,destruction,12,6,6
29396,Footyl,stormrage,576,warlock,destruction,12,6,6
29397,Charmandfarm,nerzhul,576,warlock,destruction,12,6,6
29398,Emptysoul,illidan,576,warlock,destruction,12,6,6
29399,Itsmeagain,area-52,576,warlock,destruction,12,6,6
29400,Crimsonela,emerald-dream,576,warlock,destruction,12,6,6
29401,Betrili,tichondrius,576,warlock,destruction,12,6,6
29402,Soulripped,area-52,576,warlock,destruction,12,6,6
29403,Graingrippin,malganis,576,warlock,destruction,12,6,6
29404,Andrewpg,zuljin,576,warlock,destruction,12,6,6
29405,Kreemy,ysera,576,warlock,destruction,12,6,6
29406,Dauntx,proudmoore,576,warlock,destruction,12,6,6
29407,Coffeezx,malganis,576,warlock,destruction,12,6,6
29408,Beamin,dentarg,576,warlock,destruction,12,6,6
29409,Sepültüra,quelthalas,576,warlock,destruction,12,6,6
29410,Daenon,kiljaeden,576,warlock,destruction,12,6,6
29411,Hiro,steamwheedle-cartel,576,warlock,destruction,12,6,6
29412,Morcegø,azralon,576,warlock,destruction,12,6,6
29413,Girthlock,tichondrius,576,warlock,destruction,12,6,6
29414,Plaintive,moon-guard,576,warlock,destruction,12,6,6
29415,Manalis,zuljin,576,warlock,destruction,12,6,6
29416,Alizondemdik,azralon,576,warlock,destruction,12,6,6
29417,Manethail,aegwynn,576,warlock,destruction,12,6,6
29418,Liability,zuljin,576,warlock,destruction,12,6,6
29419,Marware,quelthalas,576,warlock,destruction,12,6,6
29420,Ritua,dragonmaw,576,warlock,destruction,12,6,6
29421,Potatostew,dalaran,576,warlock,destruction,18,6,12
29422,Lenestus,stormrage,576,warlock,destruction,18,6,12
29423,Tenletters,kirin-tor,576,warlock,destruction,18,6,12
29424,Bêlthazor,kelthuzad,576,warlock,destruction,18,6,12
29425,Plutheros,stormrage,576,warlock,destruction,18,6,12
29426,Feoona,hyjal,576,warlock,destruction,18,6,12
29427,Azracore,illidan,575,warlock,destruction,12,6,6
29428,Rathianna,sargeras,575,warlock,destruction,12,6,6
29429,Naparima,stormreaver,575,warlock,destruction,12,6,6
29430,Baphomët,tichondrius,575,warlock,destruction,12,6,6
29431,Bobthedoc,sargeras,575,warlock,destruction,12,6,6
29432,Skullsoul,arthas,575,warlock,destruction,12,6,6
29433,Crankshaft,nordrassil,575,warlock,destruction,12,6,6
29434,Méhoe,bleeding-hollow,575,warlock,destruction,12,6,6
29435,Beelzibub,firetree,575,warlock,destruction,12,6,6
29436,Daimon,kaelthas,575,warlock,destruction,12,6,6
29437,Oluluo,andorhal,575,warlock,destruction,18,6,12
29438,Nttslock,tichondrius,575,warlock,destruction,18,6,12
29439,Trayga,illidan,574,warlock,destruction,6,6,0
29440,Hungovermate,barthilas,574,warlock,destruction,12,6,6
29441,Tesdeez,tichondrius,574,warlock,destruction,12,6,6
29442,Persephoné,blackrock,574,warlock,destruction,12,6,6
29443,Supercracker,bleeding-hollow,572,warlock,destruction,18,6,12
29444,Friend,frostmourne,559,warlock,destruction,17,6,11
29445,Drdotngo,tichondrius,543,warlock,destruction,8,7,1
29446,Loadybigbolt,dalaran,543,warlock,destruction,11,6,5
29447,Thizzmaa,area-52,527,warlock,destruction,11,6,5
29448,Loch,destromath,527,warlock,destruction,11,6,5
29449,Tm,dalaran,527,warlock,destruction,11,6,5
29450,Exillis,barthilas,527,warlock,destruction,17,6,11
29451,Tesowenn,tichondrius,522,warlock,destruction,15,7,8
29452,Ràistlin,madoran,494,warlock,destruction,11,6,5
29453,Jfet,sargeras,480,warlock,destruction,6,5,1
29454,Unicornspit,tichondrius,480,warlock,destruction,6,5,1
29455,Fabiusbilex,tichondrius,480,warlock,destruction,6,5,1
29456,Leîa,tichondrius,480,warlock,destruction,6,5,1
29457,Jalean,illidan,480,warlock,destruction,6,5,1
29458,Humblegodd,illidan,480,warlock,destruction,6,5,1
29459,Limeriax,emerald-dream,480,warlock,destruction,6,5,1
29460,Kallym,azralon,480,warlock,destruction,6,5,1
29461,Mørøs,tichondrius,480,warlock,destruction,6,5,1
29462,Rebolting,tichondrius,480,warlock,destruction,6,5,1
29463,Efuc,tichondrius,480,warlock,destruction,6,5,1
29464,Malékíth,ragnaros,480,warlock,destruction,6,5,1
29465,Xiáoyan,tichondrius,480,warlock,destruction,6,5,1
29466,Wodwarlock,thrall,480,warlock,destruction,6,5,1
29467,Yuckytoetoe,emerald-dream,480,warlock,destruction,6,5,1
29468,Sibëria,quelthalas,480,warlock,destruction,6,5,1
29469,Khaozx,ragnaros,480,warlock,destruction,6,5,1
29470,Selwitch,dalaran,480,warlock,destruction,6,5,1
29471,Neruvian,tichondrius,480,warlock,destruction,6,5,1
29472,Rentblod,azralon,480,warlock,destruction,6,5,1
29473,Babyvet,stormreaver,480,warlock,destruction,6,5,1
29474,Ascendant,amanthul,480,warlock,destruction,6,5,1
29475,Kubera,mannoroth,480,warlock,destruction,6,5,1
29476,Felegance,proudmoore,480,warlock,destruction,6,5,1
29477,Virûs,vashj,480,warlock,destruction,6,5,1
29478,Destructium,stormrage,480,warlock,destruction,6,5,1
29479,Dippindotz,scilla,480,warlock,destruction,6,5,1
29480,Addonic,hyjal,480,warlock,destruction,6,5,1
29481,Reportmenerd,tichondrius,480,warlock,destruction,6,5,1
29482,Karmalock,malganis,480,warlock,destruction,6,5,1
29483,Beranflakes,darkspear,480,warlock,destruction,6,5,1
29484,Zycas,tichondrius,480,warlock,destruction,6,5,1
29485,Darkboltz,area-52,480,warlock,destruction,6,5,1
29486,Arnan,korgath,480,warlock,destruction,6,5,1
29487,Oreganow,icecrown,480,warlock,destruction,6,5,1
29488,Phyxylock,stormrage,480,warlock,destruction,6,5,1
29489,Idoovoodoo,burning-legion,480,warlock,destruction,6,5,1
29490,Cloperry,area-52,480,warlock,destruction,6,5,1
29491,Ikite,zuljin,480,warlock,destruction,6,5,1
29492,Shadowlifts,kelthuzad,480,warlock,destruction,6,5,1
29493,Richãrdjr,area-52,480,warlock,destruction,6,5,1
29494,Pugnatwo,kelthuzad,480,warlock,destruction,6,5,1
29495,Blorgaflob,thaurissan,480,warlock,destruction,6,5,1
29496,Shïrõ,tichondrius,480,warlock,destruction,6,5,1
29497,Elprup,tichondrius,480,warlock,destruction,6,5,1
29498,Balencinaga,frostmourne,480,warlock,destruction,6,5,1
29499,Spiritofodin,grizzly-hills,480,warlock,destruction,6,5,1
29500,Gritzixx,frostmourne,480,warlock,destruction,6,5,1
29501,Delarae,frostmourne,480,warlock,destruction,6,5,1
29502,Wineburger,frostmourne,480,warlock,destruction,6,5,1
29503,Novah,balnazzar,480,warlock,destruction,6,5,1
29504,Corruptblxck,tichondrius,480,warlock,destruction,9,6,3
29505,Souljäboy,bleeding-hollow,480,warlock,destruction,12,5,7
29506,Daemonixx,vashj,480,warlock,destruction,12,5,7
29507,Lockwell,tichondrius,480,warlock,destruction,12,5,7
29508,Macnab,malganis,480,warlock,destruction,12,5,7
29509,Pontoontim,mugthol,480,warlock,destruction,12,5,7
29510,Pveisboring,tichondrius,480,warlock,destruction,12,5,7
29511,Rhabdo,ravenholdt,480,warlock,destruction,12,5,7
29512,Grenswood,arathor,480,warlock,destruction,12,5,7
29513,Archleon,smolderthorn,480,warlock,destruction,12,5,7
29514,Bellgrande,shadowmoon,480,warlock,destruction,12,5,7
29515,Daremyth,azralon,480,warlock,destruction,12,5,7
29516,Seraphserius,laughing-skull,480,warlock,destruction,12,5,7
29517,Cloudynightz,tichondrius,480,warlock,destruction,12,5,7
29518,Mitryc,illidan,480,warlock,destruction,12,5,7
29519,Errogant,area-52,480,warlock,destruction,12,5,7
29520,Asetiks,tichondrius,480,warlock,destruction,12,5,7
29521,Jankity,kelthuzad,480,warlock,destruction,12,5,7
29522,Døomsday,hyjal,480,warlock,destruction,12,5,7
29523,Topboypepito,tichondrius,480,warlock,destruction,12,5,7
29524,Lockandload,malfurion,480,warlock,destruction,12,5,7
29525,Rytaint,emerald-dream,480,warlock,destruction,12,5,7
29526,Gameface,garrosh,480,warlock,destruction,12,5,7
29527,Contagion,dragonmaw,480,warlock,destruction,12,5,7
29528,Rainali,tichondrius,480,warlock,destruction,12,5,7
29529,Totsdots,blackrock,480,warlock,destruction,12,5,7
29530,Necrotic,mannoroth,480,warlock,destruction,12,5,7
29531,Dommön,ragnaros,480,warlock,destruction,12,5,7
29532,Dautenit,illidan,480,warlock,destruction,12,5,7
29533,Gallynna,moon-guard,480,warlock,destruction,12,5,7
29534,Justganmore,tichondrius,480,warlock,destruction,12,5,7
29535,Snapp,kelthuzad,480,warlock,destruction,12,5,7
29536,Shadowflame,skullcrusher,480,warlock,destruction,12,5,7
29537,Yurick,frostmourne,480,warlock,destruction,12,5,7
29538,Gnimms,sargeras,480,warlock,destruction,12,5,7
29539,Richards,thrall,480,warlock,destruction,12,5,7
29540,Rangmar,ragnaros,480,warlock,destruction,12,5,7
29541,Sylvine,korgath,480,warlock,destruction,12,5,7
29542,Lildottythot,malganis,480,warlock,destruction,12,5,7
29543,Sukmalock,proudmoore,480,warlock,destruction,15,6,9
29544,Dottcha,blackrock,480,warlock,destruction,18,5,13
29545,Ëliphas,tichondrius,480,warlock,destruction,18,5,13
29546,Cursedtool,quelthalas,479,warlock,destruction,9,6,3
29547,Loccdawg,laughing-skull,479,warlock,destruction,12,5,7
29548,Osteogenesis,quelthalas,479,warlock,destruction,12,5,7
29549,Vordz,amanthul,479,warlock,destruction,12,5,7
29550,Grix,uldaman,479,warlock,destruction,12,5,7
29551,Aboode,blackrock,479,warlock,destruction,12,5,7
29552,Daemonddred,hakkar,479,warlock,destruction,18,5,13
29553,Superbvious,lothar,478,warlock,destruction,18,5,13
29554,Marvolö,darkspear,476,warlock,destruction,12,5,7
29555,Casusita,area-52,472,warlock,destruction,12,5,7
29556,Klapincheeks,malganis,468,warlock,destruction,38,8,30
29557,Mordror,azralon,462,warlock,destruction,11,5,6
29558,Viejitaa,quelthalas,447,warlock,destruction,10,6,4
29559,Døtbomb,stormrage,447,warlock,destruction,11,5,6
29560,Britnyfears,korgath,447,warlock,destruction,16,5,11
29561,Umdur,zuljin,432,warlock,destruction,9,5,4
29562,Notoriusmma,illidan,432,warlock,destruction,13,7,6
29563,Heizx,area-52,432,warlock,destruction,15,5,10
29564,Brútek,moon-guard,431,warlock,destruction,11,5,6
29565,Revenus,tichondrius,431,warlock,destruction,11,5,6
29566,Skynflute,tichondrius,416,warlock,destruction,10,5,5
29567,Empowerdlock,garrosh,416,warlock,destruction,10,5,5
29568,Extreme,blackwing-lair,384,warlock,destruction,6,4,2
29569,Saicinxd,darkspear,384,warlock,destruction,6,4,2
29570,Dottzie,malganis,384,warlock,destruction,6,4,2
29571,Smallj,zuljin,384,warlock,destruction,6,4,2
29572,Deathcoill,frostmourne,384,warlock,destruction,6,4,2
29573,Bhris,wildhammer,384,warlock,destruction,6,4,2
29574,Kály,azralon,384,warlock,destruction,6,4,2
29575,Fatherbolt,tichondrius,384,warlock,destruction,6,4,2
29576,Ardamelech,quelthalas,384,warlock,destruction,6,4,2
29577,Stizzy,eredar,384,warlock,destruction,6,4,2
29578,Drezx,frostmourne,384,warlock,destruction,6,4,2
29579,Rendori,the-scryers,384,warlock,destruction,6,4,2
29580,Starwitch,darkspear,384,warlock,destruction,6,4,2
29581,Tsmcfker,tichondrius,384,warlock,destruction,6,4,2
29582,Galtur,azralon,384,warlock,destruction,6,4,2
29583,Calcadius,zuljin,384,warlock,destruction,6,4,2
29584,Thelynx,chogall,384,warlock,destruction,6,4,2
29585,Elldiablo,darkspear,384,warlock,destruction,6,4,2
29586,Warfeen,malganis,384,warlock,destruction,6,4,2
29587,Locksolo,tichondrius,384,warlock,destruction,6,4,2
29588,Agla,quelthalas,384,warlock,destruction,6,4,2
29589,Donttouchme,azralon,384,warlock,destruction,6,4,2
29590,Cowboydann,malganis,384,warlock,destruction,6,4,2
29591,Mérli,quelthalas,384,warlock,destruction,6,4,2
29592,Jakjub,kelthuzad,384,warlock,destruction,6,4,2
29593,Yury,scarlet-crusade,384,warlock,destruction,6,4,2
29594,Jxstinl,tichondrius,384,warlock,destruction,6,4,2
29595,Leroybrown,alterac-mountains,384,warlock,destruction,6,4,2
29596,Honne,sargeras,384,warlock,destruction,6,4,2
29597,Norastrum,area-52,384,warlock,destruction,6,4,2
29598,Shivalx,tichondrius,384,warlock,destruction,6,4,2
29599,Aegywn,gorgonnash,384,warlock,destruction,6,4,2
29600,Roota,dalaran,384,warlock,destruction,6,4,2
29601,Dadtired,tichondrius,384,warlock,destruction,6,4,2
29602,Laytome,stormreaver,384,warlock,destruction,6,4,2
29603,Eatmybeef,ravencrest,384,warlock,destruction,6,4,2
29604,Gladyr,frostmourne,384,warlock,destruction,6,4,2
29605,Fearoshimá,thrall,384,warlock,destruction,6,4,2
29606,Zonss,tichondrius,384,warlock,destruction,6,4,2
29607,Superspreadr,silvermoon,384,warlock,destruction,6,4,2
29608,Beastsuper,tichondrius,384,warlock,destruction,6,4,2
29609,Hawtchili,illidan,384,warlock,destruction,6,4,2
29610,Sprenn,bleeding-hollow,384,warlock,destruction,6,4,2
29611,Drgiggles,tichondrius,384,warlock,destruction,6,4,2
29612,Aikus,quelthalas,384,warlock,destruction,6,4,2
29613,Menedemus,amanthul,384,warlock,destruction,6,4,2
29614,Lockiana,zuljin,384,warlock,destruction,6,4,2
29615,Ozidus,tichondrius,384,warlock,destruction,6,4,2
29616,Souwantwar,kiljaeden,384,warlock,destruction,6,4,2
29617,Ñever,winterhoof,384,warlock,destruction,6,4,2
29618,Moóndust,bleeding-hollow,384,warlock,destruction,6,4,2
29619,Vyrecks,hyjal,384,warlock,destruction,6,4,2
29620,Chumbing,sargeras,384,warlock,destruction,6,4,2
29621,Asalaviik,illidan,384,warlock,destruction,6,4,2
29622,Khaos,norgannon,384,warlock,destruction,6,4,2
29623,Iamfear,shuhalo,384,warlock,destruction,6,4,2
29624,Arredivh,blackhand,384,warlock,destruction,6,4,2
29625,Slappndemons,mugthol,384,warlock,destruction,6,4,2
29626,Danoinfelizz,nemesis,384,warlock,destruction,6,4,2
29627,Hollowl,tichondrius,384,warlock,destruction,6,4,2
29628,Sdiaz,illidan,384,warlock,destruction,6,4,2
29629,Newty,zuljin,384,warlock,destruction,6,4,2
29630,Afflackxl,sargeras,384,warlock,destruction,6,4,2
29631,Eboknight,area-52,384,warlock,destruction,6,4,2
29632,Quetzâlcoâtl,sargeras,384,warlock,destruction,6,4,2
29633,Smnslock,emerald-dream,384,warlock,destruction,6,4,2
29634,Kongal,tichondrius,384,warlock,destruction,6,4,2
29635,Baka,moon-guard,384,warlock,destruction,6,4,2
29636,Litemeatlary,kelthuzad,384,warlock,destruction,6,4,2
29637,Soulbane,jubeithos,384,warlock,destruction,6,4,2
29638,Cursebolt,tichondrius,384,warlock,destruction,6,4,2
29639,Dazedl,stormrage,384,warlock,destruction,6,4,2
29640,Deebeel,sargeras,384,warlock,destruction,6,4,2
29641,Méphisto,emerald-dream,384,warlock,destruction,6,4,2
29642,Pegorn,illidan,384,warlock,destruction,6,4,2
29643,Rodneyjones,emerald-dream,384,warlock,destruction,6,4,2
29644,Damienn,wyrmrest-accord,384,warlock,destruction,6,4,2
29645,Saruon,proudmoore,384,warlock,destruction,6,4,2
29646,Crackhammer,sargeras,384,warlock,destruction,6,4,2
29647,Amilkman,area-52,384,warlock,destruction,6,4,2
29648,Rhelialock,icecrown,384,warlock,destruction,6,4,2
29649,Necrotko,malganis,384,warlock,destruction,6,4,2
29650,Grammapatty,tichondrius,384,warlock,destruction,6,4,2
29651,Synisterlock,moon-guard,384,warlock,destruction,6,4,2
29652,Asiopdu,tichondrius,384,warlock,destruction,6,4,2
29653,Wreckquiem,burning-blade,384,warlock,destruction,6,4,2
29654,Underchicken,blackrock,384,warlock,destruction,6,4,2
29655,Mastasnipah,illidan,384,warlock,destruction,6,4,2
29656,Hadit,malganis,384,warlock,destruction,6,4,2
29657,Adøràßøltz,tichondrius,384,warlock,destruction,6,4,2
29658,Cønsfèáracy,sargeras,384,warlock,destruction,6,4,2
29659,Qfear,tichondrius,384,warlock,destruction,6,4,2
29660,Sonnagalook,sargeras,384,warlock,destruction,6,4,2
29661,Gordoxin,area-52,384,warlock,destruction,6,4,2
29662,Riptyler,illidan,384,warlock,destruction,6,4,2
29663,Frem,eonar,384,warlock,destruction,6,4,2
29664,Honchoe,illidan,384,warlock,destruction,6,4,2
29665,Wiredftwx,illidan,384,warlock,destruction,6,4,2
29666,Thinkchair,sargeras,384,warlock,destruction,6,4,2
29667,Sheetzlock,azgalor,384,warlock,destruction,6,4,2
29668,Outkãst,illidan,384,warlock,destruction,6,4,2
29669,Doubledigit,tichondrius,384,warlock,destruction,6,4,2
29670,Syraxi,illidan,384,warlock,destruction,6,4,2
29671,Zver,drakkari,384,warlock,destruction,6,4,2
29672,Deathtones,moon-guard,384,warlock,destruction,6,4,2
29673,Fullmelt,azjolnerub,384,warlock,destruction,6,4,2
29674,Moramont,stormrage,384,warlock,destruction,6,4,2
29675,Eazyw,stormrage,384,warlock,destruction,6,4,2
29676,Zzat,area-52,384,warlock,destruction,6,4,2
29677,Ahp,stormrage,384,warlock,destruction,9,5,4
29678,Renatis,malganis,384,warlock,destruction,9,5,4
29679,Praemonium,dalaran,384,warlock,destruction,12,4,8
29680,Locdup,sargeras,384,warlock,destruction,12,4,8
29681,Darksòúl,stormrage,384,warlock,destruction,12,4,8
29682,Tarth,sargeras,384,warlock,destruction,12,4,8
29683,Hateslocks,bladefist,384,warlock,destruction,12,4,8
29684,Rumpology,illidan,384,warlock,destruction,12,4,8
29685,Destructing,hyjal,384,warlock,destruction,12,4,8
29686,Pãni,area-52,384,warlock,destruction,12,4,8
29687,Giggideez,bleeding-hollow,384,warlock,destruction,12,4,8
29688,Mokushiroku,trollbane,384,warlock,destruction,12,4,8
29689,Perfidien,tichondrius,384,warlock,destruction,12,4,8
29690,Fearsntears,stormrage,384,warlock,destruction,12,4,8
29691,Overlard,illidan,384,warlock,destruction,12,4,8
29692,Evarona,gorefiend,384,warlock,destruction,12,4,8
29693,Oxylock,magtheridon,384,warlock,destruction,12,4,8
29694,Jáws,zuljin,384,warlock,destruction,12,4,8
29695,Offendor,stormrage,384,warlock,destruction,12,4,8
29696,Awangdemon,tichondrius,384,warlock,destruction,12,4,8
29697,Fowll,frostwolf,384,warlock,destruction,12,4,8
29698,Daedayus,frostwolf,384,warlock,destruction,12,4,8
29699,Flocka,agamaggan,384,warlock,destruction,12,4,8
29700,Soulinite,fizzcrank,384,warlock,destruction,12,4,8
29701,Poisondeepnu,malganis,384,warlock,destruction,12,4,8
29702,Cursedoll,ragnaros,384,warlock,destruction,12,4,8
29703,Pitou,akama,384,warlock,destruction,12,4,8
29704,Kholdstarev,thunderlord,384,warlock,destruction,12,4,8
29705,Nazrakin,malganis,384,warlock,destruction,12,4,8
29706,Dotington,frostmourne,384,warlock,destruction,12,4,8
29707,Catastrophk,malganis,384,warlock,destruction,12,4,8
29708,Ktlock,frostmourne,384,warlock,destruction,12,4,8
29709,Stepmommie,moon-guard,384,warlock,destruction,12,4,8
29710,Medraut,wyrmrest-accord,384,warlock,destruction,12,4,8
29711,Mostlyundead,darkspear,384,warlock,destruction,12,4,8
29712,Letsfckingo,tichondrius,384,warlock,destruction,12,4,8
29713,Threk,quelthalas,384,warlock,destruction,12,4,8
29714,Syileria,frostmourne,384,warlock,destruction,12,4,8
29715,Carcine,frostwolf,384,warlock,destruction,12,4,8
29716,Capslockfury,frostmourne,384,warlock,destruction,12,4,8
29717,Mozbet,kiljaeden,384,warlock,destruction,13,4,9
29718,Ravikk,dalaran,384,warlock,destruction,18,4,14
29719,Pvman,onyxia,384,warlock,destruction,18,4,14
29720,Halkroz,nathrezim,383,warlock,destruction,6,4,2
29721,Destroyaz,stormreaver,383,warlock,destruction,6,4,2
29722,Fearanddots,moon-guard,383,warlock,destruction,12,4,8
29723,Downing,drakkari,383,warlock,destruction,12,4,8
29724,Spicý,sargeras,383,warlock,destruction,12,4,8
29725,Asheräh,stormrage,383,warlock,destruction,12,4,8
29726,Kurmenos,uldum,382,warlock,destruction,6,4,2
29727,Mageline,thrall,382,warlock,destruction,18,4,14
29728,Fartonomus,illidan,381,warlock,destruction,12,4,8
29729,Valintine,khadgar,367,warlock,destruction,9,5,4
29730,Vanvídd,ragnaros,351,warlock,destruction,11,4,7
29731,Shendotigans,illidan,351,warlock,destruction,11,4,7
29732,Gobbledeez,moknathal,349,warlock,destruction,19,5,14
29733,Lökdown,dalaran,330,warlock,destruction,9,7,2
29734,Lockazo,quelthalas,330,warlock,destruction,11,6,5
29735,Sooshi,malganis,330,warlock,destruction,11,6,5
29736,Wayce,burning-blade,320,warlock,destruction,10,4,6
29737,Sojulord,sargeras,320,warlock,destruction,10,4,6
29738,Seltzi,illidan,319,warlock,destruction,5,4,1
29739,Saintläurent,bleeding-hollow,319,warlock,destruction,5,4,1
29740,Lockedyaup,skullcrusher,319,warlock,destruction,8,4,4
29741,Romminus,zuljin,304,warlock,destruction,7,4,3
29742,Crucifieds,tichondrius,288,warlock,destruction,6,3,3
29743,Massivebolts,area-52,288,warlock,destruction,6,3,3
29744,Xblessed,stormrage,288,warlock,destruction,6,3,3
29745,Trainwreck,sargeras,288,warlock,destruction,6,3,3
29746,Fungiforest,kelthuzad,288,warlock,destruction,6,3,3
29747,Pheríe,sargeras,288,warlock,destruction,6,3,3
29748,Papablasty,nagrand,288,warlock,destruction,6,3,3
29749,Ratedtorgast,illidan,288,warlock,destruction,6,3,3
29750,Ceeloftw,tichondrius,288,warlock,destruction,6,3,3
29751,Embraces,tichondrius,288,warlock,destruction,6,3,3
29752,Metaphors,stormrage,288,warlock,destruction,6,3,3
29753,Quadrillion,stormrage,288,warlock,destruction,6,3,3
29754,Vxms,barthilas,288,warlock,destruction,6,3,3
29755,Ijustsharded,area-52,288,warlock,destruction,6,3,3
29756,Felsgoodman,illidan,288,warlock,destruction,6,3,3
29757,Tjdotter,stormrage,288,warlock,destruction,6,3,3
29758,Søulswap,tichondrius,288,warlock,destruction,6,3,3
29759,Cocoabuttâ,stormrage,288,warlock,destruction,6,3,3
29760,Poggyjones,tichondrius,288,warlock,destruction,6,3,3
29761,Xephostwo,area-52,288,warlock,destruction,6,3,3
29762,Siellisele,illidan,288,warlock,destruction,6,3,3
29763,Warlocknroll,frostmourne,288,warlock,destruction,6,3,3
29764,Damerus,illidan,288,warlock,destruction,6,3,3
29765,Borudo,thrall,288,warlock,destruction,6,3,3
29766,Dashaad,illidan,288,warlock,destruction,6,3,3
29767,Uwubolt,moon-guard,288,warlock,destruction,6,3,3
29768,Markov,goldrinn,288,warlock,destruction,6,3,3
29769,Nutzosaurus,darkspear,288,warlock,destruction,6,3,3
29770,Deejaye,frostmourne,288,warlock,destruction,6,3,3
29771,Tomathus,moon-guard,288,warlock,destruction,6,3,3
29772,Joung,tichondrius,288,warlock,destruction,6,3,3
29773,Lamdyn,moon-guard,288,warlock,destruction,6,3,3
29774,Destruction,frostmourne,288,warlock,destruction,6,3,3
29775,Nismo,trollbane,288,warlock,destruction,6,3,3
29776,Djfear,tichondrius,288,warlock,destruction,6,3,3
29777,Shadowmoonon,tichondrius,288,warlock,destruction,6,3,3
29778,Amuros,illidan,288,warlock,destruction,6,3,3
29779,Shatteroidz,darkspear,288,warlock,destruction,6,3,3
29780,Vafa,kelthuzad,288,warlock,destruction,6,3,3
29781,Darthzugzug,gorefiend,288,warlock,destruction,6,3,3
29782,Blastindotz,frostmane,288,warlock,destruction,6,3,3
29783,Phénom,tichondrius,288,warlock,destruction,6,3,3
29784,Tamzlock,the-forgotten-coast,288,warlock,destruction,6,3,3
29785,Yikës,stormrage,288,warlock,destruction,6,3,3
29786,Jishtructo,frostmourne,288,warlock,destruction,6,3,3
29787,Hamdulla,tichondrius,288,warlock,destruction,6,3,3
29788,Avadakedavra,warsong,288,warlock,destruction,6,3,3
29789,Sweetjezuz,barthilas,288,warlock,destruction,6,3,3
29790,Dotbot,blades-edge,288,warlock,destruction,6,3,3
29791,Siphoned,darkspear,288,warlock,destruction,6,3,3
29792,Zephee,queldorei,288,warlock,destruction,6,3,3
29793,Nihilus,anvilmar,288,warlock,destruction,6,3,3
29794,Yuvirayz,illidan,288,warlock,destruction,6,3,3
29795,Ragnorök,medivh,288,warlock,destruction,6,3,3
29796,Pikvas,darkspear,288,warlock,destruction,6,3,3
29797,Cancer,bloodscalp,288,warlock,destruction,6,3,3
29798,Pocserlock,drakkari,288,warlock,destruction,6,3,3
29799,Unquit,frostmourne,288,warlock,destruction,6,3,3
29800,Hauntgød,tichondrius,288,warlock,destruction,6,3,3
29801,Milkybøng,area-52,288,warlock,destruction,6,3,3
29802,Jerclard,proudmoore,288,warlock,destruction,6,3,3
29803,Pennÿ,quelthalas,288,warlock,destruction,6,3,3
29804,Vampydark,quelthalas,288,warlock,destruction,6,3,3
29805,Warlooch,area-52,288,warlock,destruction,6,3,3
29806,Atheô,ragnaros,288,warlock,destruction,6,3,3
29807,Iemonv,vashj,288,warlock,destruction,6,3,3
29808,Gurlock,illidan,288,warlock,destruction,6,3,3
29809,Lillpfudd,area-52,288,warlock,destruction,6,3,3
29810,Feartool,stormrage,288,warlock,destruction,6,3,3
29811,Crashcrash,area-52,288,warlock,destruction,6,3,3
29812,Nytefels,skullcrusher,288,warlock,destruction,6,3,3
29813,Gotfear,zuljin,288,warlock,destruction,6,3,3
29814,Youkeyoh,illidan,288,warlock,destruction,6,3,3
29815,Ganondolph,sargeras,288,warlock,destruction,6,3,3
29816,Drelgun,aerie-peak,288,warlock,destruction,6,3,3
29817,Eiram,ragnaros,288,warlock,destruction,6,3,3
29818,Famelol,tichondrius,288,warlock,destruction,6,3,3
29819,Zuelu,tichondrius,288,warlock,destruction,6,3,3
29820,Pillçosby,tichondrius,288,warlock,destruction,6,3,3
29821,Lockabeesha,chogall,288,warlock,destruction,6,3,3
29822,Lübelock,illidan,288,warlock,destruction,6,3,3
29823,Hairydottr,malganis,288,warlock,destruction,6,3,3
29824,Dìpndots,wyrmrest-accord,288,warlock,destruction,6,3,3
29825,Ärminvßuurën,barthilas,288,warlock,destruction,6,3,3
29826,Meltingface,bleeding-hollow,288,warlock,destruction,6,3,3
29827,Devi,destromath,288,warlock,destruction,6,3,3
29828,Saffuky,frostmourne,288,warlock,destruction,6,3,3
29829,Demfearslol,terokkar,288,warlock,destruction,6,3,3
29830,Sauronne,illidan,288,warlock,destruction,6,3,3
29831,Enmama,malganis,288,warlock,destruction,6,3,3
29832,Zalurk,emerald-dream,288,warlock,destruction,6,3,3
29833,Dluttysots,emerald-dream,288,warlock,destruction,6,3,3
29834,Dohmie,argent-dawn,288,warlock,destruction,6,3,3
29835,Ciprýan,azralon,288,warlock,destruction,6,3,3
29836,Fatals,thrall,288,warlock,destruction,6,3,3
29837,Aruotnof,nemesis,288,warlock,destruction,6,3,3
29838,Ÿoucantwin,kiljaeden,288,warlock,destruction,6,3,3
29839,Oleg,bleeding-hollow,288,warlock,destruction,6,3,3
29840,Dogcookie,moon-guard,288,warlock,destruction,6,3,3
29841,Neversoft,bleeding-hollow,288,warlock,destruction,6,3,3
29842,Jhivtwo,tichondrius,288,warlock,destruction,6,3,3
29843,Amauder,moon-guard,288,warlock,destruction,6,3,3
29844,Anastadora,proudmoore,288,warlock,destruction,6,3,3
29845,Merlinsbeard,zuluhed,288,warlock,destruction,6,3,3
29846,Bunami,kiljaeden,288,warlock,destruction,6,3,3
29847,Wondon,tichondrius,288,warlock,destruction,6,3,3
29848,Háydn,azuremyst,288,warlock,destruction,6,3,3
29849,Creedmore,sargeras,288,warlock,destruction,6,3,3
29850,Carpedemon,malganis,288,warlock,destruction,6,3,3
29851,Gattsonn,kiljaeden,288,warlock,destruction,6,3,3
29852,Geofar,bleeding-hollow,288,warlock,destruction,6,3,3
29853,Muchopower,ragnaros,288,warlock,destruction,6,3,3
29854,Bhalthazar,staghelm,288,warlock,destruction,6,3,3
29855,Shadow,frostwolf,288,warlock,destruction,6,3,3
29856,Souldotz,proudmoore,288,warlock,destruction,6,3,3
29857,Maleficist,bleeding-hollow,288,warlock,destruction,6,3,3
29858,Shâdowman,stormrage,288,warlock,destruction,6,3,3
29859,Ðëâthløck,tichondrius,288,warlock,destruction,6,3,3
29860,Ägnar,nemesis,288,warlock,destruction,6,3,3
29861,Speakeasy,malygos,288,warlock,destruction,6,3,3
29862,Blaxzlock,stormscale,288,warlock,destruction,6,3,3
29863,Necrotiá,tichondrius,288,warlock,destruction,6,3,3
29864,Westtung,tichondrius,288,warlock,destruction,7,3,4
29865,Taldaroth,moon-guard,288,warlock,destruction,7,3,4
29866,Hachiui,galakrond,288,warlock,destruction,12,3,9
29867,Wyrelock,hyjal,288,warlock,destruction,12,3,9
29868,Shendù,stormrage,288,warlock,destruction,12,3,9
29869,Drsmegmaz,dreadmaul,288,warlock,destruction,12,3,9
29870,Drwolfman,bonechewer,288,warlock,destruction,12,3,9
29871,Gdpx,malganis,288,warlock,destruction,12,3,9
29872,Prelick,illidan,288,warlock,destruction,12,3,9
29873,Darkhadouken,sargeras,288,warlock,destruction,12,3,9
29874,Gorgaron,zuljin,288,warlock,destruction,12,3,9
29875,Reluxify,dalaran,288,warlock,destruction,12,3,9
29876,Xdta,frostmourne,288,warlock,destruction,12,3,9
29877,Rabiesdot,tichondrius,288,warlock,destruction,12,3,9
29878,Shaddaj,illidan,288,warlock,destruction,12,3,9
29879,Valkynaris,chogall,288,warlock,destruction,12,3,9
29880,Trotndot,dragonmaw,288,warlock,destruction,12,3,9
29881,Fazzlock,nagrand,288,warlock,destruction,12,3,9
29882,Mireffect,auchindoun,288,warlock,destruction,12,3,9
29883,Gulliftonan,zuljin,288,warlock,destruction,18,3,15
29884,Infortunium,sargeras,287,warlock,destruction,6,3,3
29885,Izmadara,frostmane,287,warlock,destruction,6,3,3
29886,Verybaked,sargeras,287,warlock,destruction,6,3,3
29887,Kklock,frostmourne,287,warlock,destruction,6,3,3
29888,Trrolling,jubeithos,287,warlock,destruction,12,5,7
29889,Alvatio,tichondrius,287,warlock,destruction,12,3,9
29890,Evilbacon,stormrage,287,warlock,destruction,12,3,9
29891,Myshadow,gorefiend,287,warlock,destruction,18,3,15
29892,Elyzier,gallywix,286,warlock,destruction,12,3,9
29893,Drunklockdot,tichondrius,271,warlock,destruction,11,3,8
29894,Ainzeal,nagrand,256,warlock,destruction,4,4,0
29895,Sophia,wildhammer,255,warlock,destruction,8,4,4
29896,Nobuyori,tichondrius,255,warlock,destruction,11,3,8
29897,Draisien,moon-guard,250,warlock,destruction,7,5,2
29898,Blightbeast,area-52,239,warlock,destruction,5,3,2
29899,Nawtychannel,aegwynn,239,warlock,destruction,5,3,2
29900,Nozixx,thrall,224,warlock,destruction,10,3,7
29901,Perfidious,altar-of-storms,192,warlock,destruction,4,3,1
29902,Portalgun,tichondrius,192,warlock,destruction,4,3,1
29903,Mldxd,undermine,192,warlock,destruction,4,3,1
29904,Particles,proudmoore,192,warlock,destruction,4,3,1
29905,Qbl,wyrmrest-accord,192,warlock,destruction,6,2,4
29906,Savemykoalas,tichondrius,192,warlock,destruction,6,2,4
29907,Innerforce,tichondrius,192,warlock,destruction,6,2,4
29908,Deiformis,malganis,192,warlock,destruction,6,2,4
29909,Shanelle,korgath,192,warlock,destruction,6,2,4
29910,Fluffylockk,bloodscalp,192,warlock,destruction,6,2,4
29911,Sinissa,ysondre,192,warlock,destruction,6,2,4
29912,Gløcked,area-52,192,warlock,destruction,6,2,4
29913,Cityswimmer,malganis,192,warlock,destruction,6,2,4
29914,Ðuckworth,azralon,192,warlock,destruction,6,2,4
29915,Royalmace,dethecus,192,warlock,destruction,6,2,4
29916,Medusablood,area-52,192,warlock,destruction,6,2,4
29917,Darkbaron,khadgar,192,warlock,destruction,6,2,4
29918,Sulívan,azralon,192,warlock,destruction,6,2,4
29919,Morganith,ravenholdt,192,warlock,destruction,6,2,4
29920,Fjklock,nemesis,192,warlock,destruction,6,2,4
29921,Reckzet,stormrage,192,warlock,destruction,6,2,4
29922,Lazzie,thrall,192,warlock,destruction,6,2,4
29923,Mothapucka,thrall,192,warlock,destruction,6,2,4
29924,Cynnd,tichondrius,192,warlock,destruction,6,2,4
29925,Nazug,dark-iron,192,warlock,destruction,6,2,4
29926,Ibanez,bleeding-hollow,192,warlock,destruction,6,2,4
29927,Dach,moon-guard,192,warlock,destruction,6,2,4
29928,Tlock,azjolnerub,192,warlock,destruction,6,2,4
29929,Daesire,moon-guard,192,warlock,destruction,6,2,4
29930,Guisls,azralon,192,warlock,destruction,6,2,4
29931,Dêmonique,azralon,192,warlock,destruction,6,2,4
29932,Aededa,proudmoore,192,warlock,destruction,6,2,4
29933,Gihaewon,tichondrius,192,warlock,destruction,6,2,4
29934,Sugarfire,nemesis,192,warlock,destruction,6,2,4
29935,Edielyth,proudmoore,192,warlock,destruction,6,2,4
29936,Leine,proudmoore,192,warlock,destruction,6,2,4
29937,Shadowy,dragonblight,192,warlock,destruction,6,2,4
29938,Mutexlock,whisperwind,192,warlock,destruction,6,2,4
29939,Diabolock,proudmoore,192,warlock,destruction,6,2,4
29940,Disapoin,stormrage,192,warlock,destruction,6,2,4
29941,Ricklock,aggramar,192,warlock,destruction,6,2,4
29942,Imindanger,frostmourne,192,warlock,destruction,6,2,4
29943,Marshyxd,tichondrius,192,warlock,destruction,6,2,4
29944,Iadminl,moon-guard,192,warlock,destruction,6,2,4
29945,Itzlandox,emerald-dream,192,warlock,destruction,6,2,4
29946,Voltshot,tichondrius,192,warlock,destruction,6,2,4
29947,Biznam,tichondrius,192,warlock,destruction,6,2,4
29948,Adalaya,emerald-dream,192,warlock,destruction,6,2,4
29949,Jinxdacat,shandris,192,warlock,destruction,6,2,4
29950,Njunx,queldorei,192,warlock,destruction,6,2,4
29951,Dotcòm,illidan,192,warlock,destruction,6,2,4
29952,Sorenbjerga,zuljin,192,warlock,destruction,6,2,4
29953,Muffinlol,frostmourne,192,warlock,destruction,6,2,4
29954,Bludlock,illidan,192,warlock,destruction,6,2,4
29955,Zoboo,zuljin,192,warlock,destruction,6,2,4
29956,Albuuss,daggerspine,192,warlock,destruction,6,2,4
29957,Theredwolf,zuljin,192,warlock,destruction,6,2,4
29958,Terminall,quelthalas,192,warlock,destruction,6,2,4
29959,Omegawarlock,quelthalas,192,warlock,destruction,6,2,4
29960,Peeberson,tichondrius,192,warlock,destruction,6,2,4
29961,Sinsky,darkspear,192,warlock,destruction,6,2,4
29962,Ourlegacy,tichondrius,192,warlock,destruction,6,2,4
29963,Falsaqt,area-52,192,warlock,destruction,6,2,4
29964,Gvz,tichondrius,192,warlock,destruction,6,2,4
29965,Apokálipse,frostmourne,192,warlock,destruction,6,2,4
29966,Nameflagged,arathor,192,warlock,destruction,6,2,4
29967,Fstndantilus,moonrunner,192,warlock,destruction,6,2,4
29968,Cthuga,frostmourne,192,warlock,destruction,6,2,4
29969,Aliciayd,andorhal,192,warlock,destruction,6,2,4
29970,Spicyfingers,illidan,192,warlock,destruction,6,2,4
29971,Outlanderr,tichondrius,192,warlock,destruction,6,2,4
29972,Hollows,burning-blade,192,warlock,destruction,6,2,4
29973,Dotsfired,crushridge,192,warlock,destruction,6,2,4
29974,Cholock,anubarak,192,warlock,destruction,6,2,4
29975,Donutd,stormrage,192,warlock,destruction,6,2,4
29976,Gadalann,area-52,192,warlock,destruction,6,2,4
29977,Yordich,kelthuzad,192,warlock,destruction,6,2,4
29978,Demonia,dathremar,192,warlock,destruction,6,2,4
29979,Hadeys,amanthul,192,warlock,destruction,6,2,4
29980,Squatchamp,sargeras,192,warlock,destruction,6,2,4
29981,Lhorgainz,area-52,192,warlock,destruction,6,2,4
29982,Phreaky,area-52,192,warlock,destruction,6,2,4
29983,Locksama,area-52,192,warlock,destruction,6,2,4
29984,Abbyshapiro,kelthuzad,192,warlock,destruction,6,2,4
29985,Asaveyous,wyrmrest-accord,192,warlock,destruction,6,2,4
29986,Ramone,turalyon,192,warlock,destruction,6,2,4
29987,Sinnâcle,illidan,192,warlock,destruction,6,2,4
29988,Oopsíe,nagrand,192,warlock,destruction,6,2,4
29989,Loçkshow,hyjal,192,warlock,destruction,6,2,4
29990,Theboss,arygos,192,warlock,destruction,6,2,4
29991,Fantumz,illidan,192,warlock,destruction,6,2,4
29992,Nuradzec,illidan,192,warlock,destruction,6,2,4
29993,Funnelcakies,area-52,192,warlock,destruction,6,2,4
29994,Æonas,bladefist,192,warlock,destruction,6,2,4
29995,Kelici,borean-tundra,192,warlock,destruction,6,2,4
29996,Bowltz,chogall,192,warlock,destruction,6,2,4
29997,Yungwilly,silvermoon,192,warlock,destruction,6,2,4
29998,Infant,agamaggan,192,warlock,destruction,6,2,4
29999,Rxjr,sargeras,192,warlock,destruction,6,2,4
30000,Harambê,sargeras,192,warlock,destruction,6,2,4
30001,Ozgwad,thunderhorn,192,warlock,destruction,6,2,4
30002,Ðamndaddy,sargeras,192,warlock,destruction,6,2,4
30003,Deanwarlock,sargeras,192,warlock,destruction,6,2,4
30004,Sathorastus,spirestone,192,warlock,destruction,6,2,4
30005,Dedremus,korialstrasz,192,warlock,destruction,6,2,4
30006,Dotdoctor,thrall,192,warlock,destruction,9,2,7
30007,Wizie,arthas,192,warlock,destruction,12,2,10
30008,Brough,illidan,192,warlock,destruction,12,2,10
30009,Dapperdanxy,tichondrius,192,warlock,destruction,12,2,10
30010,Yetiaids,tichondrius,192,warlock,destruction,12,2,10
30011,Luntrazz,arthas,192,warlock,destruction,12,2,10
30012,Kandrus,moon-guard,192,warlock,destruction,12,2,10
30013,Corezach,proudmoore,192,warlock,destruction,12,2,10
30014,Abramerlin,tichondrius,192,warlock,destruction,12,2,10
30015,Asumi,nemesis,192,warlock,destruction,12,2,10
30016,Eldrien,spirestone,191,warlock,destruction,6,2,4
30017,Fidobiu,stormrage,191,warlock,destruction,6,2,4
30018,Mystickittie,aerie-peak,191,warlock,destruction,6,2,4
30019,Eatmyboltz,hyjal,159,warlock,destruction,5,2,3
30020,Fearfeaster,tichondrius,159,warlock,destruction,5,2,3
30021,Prds,illidan,159,warlock,destruction,5,2,3
30022,Hayhatchie,nagrand,159,warlock,destruction,5,2,3
30023,Dotyoazz,stormrage,159,warlock,destruction,5,2,3
30024,Rosacrutian,tichondrius,128,warlock,destruction,4,2,2
30025,Miggazzizle,senjin,128,warlock,destruction,4,2,2
30026,Deathboltx,zuljin,96,warlock,destruction,3,2,1
30027,Crankak,zuljin,96,warlock,destruction,3,2,1
30028,Goodforyou,stormscale,96,warlock,destruction,3,2,1
30029,Bigdoinks,nagrand,96,warlock,destruction,6,1,5
30030,Xaryus,barthilas,96,warlock,destruction,6,1,5
30031,Blastyboat,terenas,96,warlock,destruction,6,1,5
30032,Lizlock,stormrage,96,warlock,destruction,6,1,5
30033,Fearndot,draenor,96,warlock,destruction,6,1,5
30034,Lockedinn,mannoroth,96,warlock,destruction,6,1,5
30035,Resima,stormscale,96,warlock,destruction,6,1,5
30036,Esoteríc,sargeras,96,warlock,destruction,6,1,5
30037,Sheara,silver-hand,96,warlock,destruction,6,1,5
30038,Charlîe,vashj,96,warlock,destruction,6,1,5
30039,Lazymongoose,frostmourne,96,warlock,destruction,6,1,5
30040,Koillock,bleeding-hollow,96,warlock,destruction,6,1,5
30041,Plaguedoctor,stormrage,96,warlock,destruction,6,1,5
30042,Darkmatter,frostmourne,96,warlock,destruction,6,1,5
30043,Amour,wyrmrest-accord,96,warlock,destruction,6,1,5
30044,Gsr,bleeding-hollow,96,warlock,destruction,6,1,5
30045,Gamecobra,greymane,96,warlock,destruction,6,1,5
30046,Demonist,moon-guard,96,warlock,destruction,6,1,5
30047,Lawkdown,dark-iron,96,warlock,destruction,6,1,5
30048,Lokiiee,azuremyst,96,warlock,destruction,6,1,5
30049,Chilevael,sargeras,96,warlock,destruction,6,1,5
30050,Mílkduds,zuljin,96,warlock,destruction,6,1,5
30051,Wesyane,anetheron,96,warlock,destruction,6,1,5
30052,Fearfactory,lethon,96,warlock,destruction,6,1,5
30053,Badufin,azralon,96,warlock,destruction,6,1,5
30054,Ensanaty,dalaran,96,warlock,destruction,6,1,5
30055,Alcorick,moon-guard,96,warlock,destruction,6,1,5
30056,Proletariat,moon-guard,96,warlock,destruction,6,1,5
30057,Basticor,moon-guard,96,warlock,destruction,6,1,5
30058,Yuengling,illidan,96,warlock,destruction,6,1,5
30059,Mcpickl,illidan,96,warlock,destruction,6,1,5
30060,Adlfcritler,emerald-dream,96,warlock,destruction,6,1,5
30061,Monstir,sargeras,96,warlock,destruction,6,1,5
30062,Siinistuh,tichondrius,96,warlock,destruction,6,1,5
30063,Teefgap,sargeras,96,warlock,destruction,6,1,5
30064,Wickedicky,alleria,96,warlock,destruction,6,1,5
30065,Pspot,kiljaeden,96,warlock,destruction,6,1,5
30066,Juniorsalanu,quelthalas,96,warlock,destruction,6,1,5
30067,Vendareth,earthen-ring,96,warlock,destruction,6,1,5
30068,Voky,whisperwind,96,warlock,destruction,6,1,5
30069,Kurtcodrain,blackhand,96,warlock,destruction,6,1,5
30070,Imbadatpvp,tichondrius,96,warlock,destruction,6,1,5
30071,Ezgamejr,tichondrius,96,warlock,destruction,6,1,5
30072,Elaïla,area-52,96,warlock,destruction,6,1,5
30073,Katastrophïk,area-52,96,warlock,destruction,6,1,5
30074,Saytiri,tichondrius,96,warlock,destruction,6,1,5
30075,Infear,area-52,96,warlock,destruction,6,1,5
30076,Slipnslide,malganis,96,warlock,destruction,6,1,5
30077,Kaotiq,area-52,96,warlock,destruction,6,1,5
30078,Biigdaddyy,kelthuzad,96,warlock,destruction,6,1,5
30079,Darezs,frostmourne,96,warlock,destruction,6,1,5
30080,Cornboil,tichondrius,96,warlock,destruction,6,1,5
30081,Vexxes,malganis,96,warlock,destruction,6,1,5
30082,Acribal,quelthalas,96,warlock,destruction,6,1,5
30083,Shadococo,tichondrius,96,warlock,destruction,6,1,5
30084,Jill,thunderhorn,96,warlock,destruction,6,1,5
30085,Karpawarlock,ragnaros,96,warlock,destruction,6,1,5
30086,Kraguenöth,drakkari,96,warlock,destruction,6,1,5
30087,Tartamuda,ragnaros,96,warlock,destruction,6,1,5
30088,Gulgrin,eldrethalas,96,warlock,destruction,6,1,5
30089,Wherelock,area-52,96,warlock,destruction,7,1,6
30090,Beamac,cenarius,96,warlock,destruction,8,1,7
30091,Anubís,vashj,79,warlock,destruction,5,1,4
30092,Chéztér,proudmoore,79,warlock,destruction,11,1,10
30093,Felse,stormrage,64,warlock,destruction,10,1,9
30094,Fellraiser,bleeding-hollow,48,warlock,destruction,3,1,2
30095,Kosugi,kelthuzad,42,warlock,destruction,8,2,6
30096,Humanwarlock,spirestone,42,warlock,destruction,9,2,7
30097,Amarexd,stormrage,31,warlock,destruction,2,1,1
30098,Moräl,frostmourne,31,warlock,destruction,2,1,1
30099,Heathncraig,illidan,31,warlock,destruction,2,1,1
30100,Americanbull,moon-guard,2157,warrior,fury,247,133,114
30101,Grimgrip,frostmane,2131,warrior,fury,92,53,39
30102,Cabelastwo,tichondrius,2124,warrior,fury,87,46,41
30103,Cabelas,tichondrius,2121,warrior,fury,77,41,36
30104,Thrator,wyrmrest-accord,2110,warrior,fury,108,55,53
30105,Riproarin,stormrage,2105,warrior,fury,92,53,39
30106,Joshiman,area-52,2075,warrior,fury,72,39,33
30107,Sworda,sargeras,2017,warrior,fury,77,48,29
30108,Gazzef,thrall,1980,warrior,fury,66,38,28
30109,Eno,ragnaros,1967,warrior,fury,63,44,19
30110,Ragwreck,bleeding-hollow,1959,warrior,fury,68,35,33
30111,Furrytakeda,kelthuzad,1925,warrior,fury,72,39,33
30112,Damonadrann,proudmoore,1859,warrior,fury,66,34,32
30113,Lahired,drakkari,1857,warrior,fury,113,51,62
30114,Warqt,kelthuzad,1851,warrior,fury,59,32,27
30115,Melifehorde,tichondrius,1848,warrior,fury,216,110,106
30116,Cannabiddies,illidan,1845,warrior,fury,42,22,20
30117,Badvelic,tichondrius,1839,warrior,fury,40,24,16
30118,Hlt,tichondrius,1839,warrior,fury,48,28,20
30119,Jenjang,proudmoore,1834,warrior,fury,83,52,31
30120,Zanzaa,sargeras,1830,warrior,fury,67,37,30
30121,Ragwreckz,bleeding-hollow,1826,warrior,fury,52,32,20
30122,Soymong,frostmourne,1825,warrior,fury,116,74,42
30123,Mty,tichondrius,1824,warrior,fury,54,35,19
30124,Szauren,stormrage,1824,warrior,fury,63,31,32
30125,Apocalyptist,stormrage,1821,warrior,fury,99,58,41
30126,Bosswin,tichondrius,1820,warrior,fury,53,28,25
30127,Skyja,quelthalas,1820,warrior,fury,42,22,20
30128,Dowser,goldrinn,1820,warrior,fury,119,62,57
30129,Wienertoes,tichondrius,1820,warrior,fury,78,40,38
30130,Veyrin,stormrage,1818,warrior,fury,138,81,57
30131,Isahri,moon-guard,1818,warrior,fury,110,64,46
30132,Brodestar,sargeras,1816,warrior,fury,30,20,10
30133,Zujuzo,moon-guard,1815,warrior,fury,111,64,47
30134,Neôn,frostmourne,1815,warrior,fury,66,37,29
30135,Darkduke,tichondrius,1813,warrior,fury,33,21,12
30136,Donutwar,proudmoore,1813,warrior,fury,54,30,24
30137,Barafang,wyrmrest-accord,1811,warrior,fury,234,125,109
30138,Kennäy,azralon,1810,warrior,fury,46,28,18
30139,Psychogenic,barthilas,1810,warrior,fury,102,60,42
30140,Zyzz,scarlet-crusade,1807,warrior,fury,72,41,31
30141,Killuall,sargeras,1807,warrior,fury,42,23,19
30142,Yawdamper,illidan,1805,warrior,fury,51,32,19
30143,Starshattr,bleeding-hollow,1805,warrior,fury,108,64,44
30144,Seoní,wyrmrest-accord,1805,warrior,fury,76,43,33
30145,Franticlol,tichondrius,1802,warrior,fury,90,59,31
30146,Cubie,malganis,1802,warrior,fury,75,40,35
30147,Tøpg,sargeras,1801,warrior,fury,55,32,23
30148,Ágsdóùblémàú,bleeding-hollow,1794,warrior,fury,108,60,48
30149,Rekatron,area-52,1783,warrior,fury,49,25,24
30150,Sandronb,illidan,1781,warrior,fury,60,28,32
30151,Sàndman,malganis,1775,warrior,fury,39,23,16
30152,Rôxi,malganis,1771,warrior,fury,59,29,30
30153,Jimjinjin,tichondrius,1770,warrior,fury,54,29,25
30154,Vèév,proudmoore,1765,warrior,fury,38,25,13
30155,Choppiechop,area-52,1763,warrior,fury,42,26,16
30156,Shibaraku,tichondrius,1743,warrior,fury,136,69,67
30157,Bigfatork,area-52,1741,warrior,fury,76,38,38
30158,Dripgodx,malganis,1736,warrior,fury,54,30,24
30159,Gooberbear,frostmourne,1732,warrior,fury,115,64,51
30160,Shadax,bleeding-hollow,1730,warrior,fury,128,69,59
30161,Beanstrom,tichondrius,1729,warrior,fury,77,39,38
30162,Escånor,moon-guard,1728,warrior,fury,25,19,6
30163,Onionsauce,frostmourne,1718,warrior,fury,90,51,39
30164,Duochuanjun,illidan,1710,warrior,fury,42,25,17
30165,Zangetsy,sargeras,1697,warrior,fury,57,35,22
30166,Mochigome,moon-guard,1696,warrior,fury,97,49,48
30167,Scolpi,stormrage,1695,warrior,fury,76,42,34
30168,Slughorn,moon-guard,1694,warrior,fury,54,26,28
30169,Chopped,wyrmrest-accord,1694,warrior,fury,75,32,43
30170,Onîkudakì,sargeras,1689,warrior,fury,85,52,33
30171,Jírky,ragnaros,1684,warrior,fury,174,95,79
30172,Scrotedog,area-52,1680,warrior,fury,55,24,31
30173,Tyroe,thunderhorn,1679,warrior,fury,36,22,14
30174,Torbajhorn,moon-guard,1676,warrior,fury,60,31,29
30175,Fearless,moon-guard,1675,warrior,fury,126,68,58
30176,Thugdorr,sargeras,1675,warrior,fury,102,53,49
30177,Morfoggore,ragnaros,1673,warrior,fury,55,25,30
30178,Moistt,nesingwary,1660,warrior,fury,32,22,10
30179,Drashi,nazjatar,1657,warrior,fury,36,25,11
30180,Ruuthless,sargeras,1653,warrior,fury,46,29,17
30181,Wampzug,azshara,1653,warrior,fury,72,36,36
30182,Flexid,tichondrius,1651,warrior,fury,42,23,19
30183,Kholusia,kul-tiras,1650,warrior,fury,83,39,44
30184,Faren,agamaggan,1648,warrior,fury,113,64,49
30185,Brutality,kirin-tor,1647,warrior,fury,83,46,37
30186,Keltanas,quelthalas,1647,warrior,fury,53,28,25
30187,Larrybiscuit,moon-guard,1644,warrior,fury,84,52,32
30188,Alteryx,sargeras,1640,warrior,fury,112,66,46
30189,Daedrion,dalaran,1638,warrior,fury,48,25,23
30190,Budgetclap,nordrassil,1636,warrior,fury,36,18,18
30191,Festergrin,area-52,1633,warrior,fury,48,25,23
30192,Wolfcultist,moon-guard,1630,warrior,fury,111,53,58
30193,Damiansuv,moon-guard,1629,warrior,fury,48,29,19
30194,Darkbunny,thaurissan,1625,warrior,fury,72,38,34
30195,Ðåddý,stormrage,1625,warrior,fury,107,52,55
30196,Ediann,elune,1619,warrior,fury,77,45,32
30197,Gnomageddon,anetheron,1615,warrior,fury,53,23,30
30198,Illaedan,quelthalas,1611,warrior,fury,42,18,24
30199,Khrull,khazgoroth,1609,warrior,fury,74,40,34
30200,Damburga,tichondrius,1608,warrior,fury,42,27,15
30201,Eggroll,emerald-dream,1605,warrior,fury,60,35,25
30202,Youaredafeds,moon-guard,1604,warrior,fury,89,52,37
30203,Lilgucci,stonemaul,1602,warrior,fury,36,20,16
30204,Bulgrim,moon-guard,1601,warrior,fury,42,21,21
30205,Soulfang,stormscale,1600,warrior,fury,36,20,16
30206,Gaazhel,quelthalas,1598,warrior,fury,97,49,48
30207,Tádakatsu,sargeras,1594,warrior,fury,91,49,42
30208,Gigatroll,tichondrius,1592,warrior,fury,59,30,29
30209,Zuggrok,zuljin,1590,warrior,fury,84,39,45
30210,Kellyboitv,frostmourne,1588,warrior,fury,36,17,19
30211,Igoboom,bleeding-hollow,1585,warrior,fury,46,25,21
30212,Rendwarchief,garrosh,1583,warrior,fury,97,49,48
30213,Ragnararagor,ragnaros,1581,warrior,fury,198,101,97
30214,Sithlõrd,moon-guard,1580,warrior,fury,54,27,27
30215,Furíous,thunderhorn,1580,warrior,fury,42,20,22
30216,Ohdang,dark-iron,1577,warrior,fury,66,40,26
30217,Colorx,sargeras,1569,warrior,fury,40,22,18
30218,Wöûlöû,trollbane,1567,warrior,fury,73,40,33
30219,Romus,spirestone,1562,warrior,fury,42,26,16
30220,Gûard,stormrage,1558,warrior,fury,52,27,25
30221,Rikbielo,dragonmaw,1554,warrior,fury,67,37,30
30222,Garobber,stormrage,1552,warrior,fury,36,17,19
30223,Zareshi,sargeras,1546,warrior,fury,116,64,52
30224,Sugmad,area-52,1545,warrior,fury,48,22,26
30225,Bigßiceps,tichondrius,1544,warrior,fury,30,18,12
30226,Raggnarsøøn,ragnaros,1543,warrior,fury,99,46,53
30227,Trôca,ragnaros,1541,warrior,fury,42,22,20
30228,Blgjb,tichondrius,1541,warrior,fury,54,23,31
30229,Jorked,drakkari,1536,warrior,fury,62,33,29
30230,Ragemane,illidan,1528,warrior,fury,24,16,8
30231,Machomanran,zuljin,1526,warrior,fury,72,39,33
30232,Warrmachine,mannoroth,1520,warrior,fury,132,75,57
30233,Chounshiryu,drakkari,1520,warrior,fury,135,71,64
30234,Påpi,sargeras,1519,warrior,fury,60,34,26
30235,Crohdey,madoran,1519,warrior,fury,120,65,55
30236,Zitfrlt,wildhammer,1515,warrior,fury,87,39,48
30237,Playbox,area-52,1514,warrior,fury,83,37,46
30238,Hairygrundel,area-52,1512,warrior,fury,24,16,8
30239,Mytharion,sargeras,1511,warrior,fury,30,18,12
30240,Linker,ragnaros,1511,warrior,fury,42,25,17
30241,Tanorai,area-52,1510,warrior,fury,36,21,15
30242,Khargrok,ragnaros,1509,warrior,fury,57,33,24
30243,Anandamide,frostwolf,1503,warrior,fury,51,27,24
30244,Grômm,tichondrius,1500,warrior,fury,63,33,30
30245,Brøsk,azralon,1500,warrior,fury,48,24,24
30246,Nimna,moon-guard,1499,warrior,fury,59,29,30
30247,Jubeithos,draktharon,1494,warrior,fury,42,20,22
30248,Morguez,tichondrius,1492,warrior,fury,54,29,25
30249,Splasch,kelthuzad,1492,warrior,fury,35,16,19
30250,Albinosword,azralon,1488,warrior,fury,74,37,37
30251,Tenger,velen,1485,warrior,fury,76,41,35
30252,Dwarlan,stormrage,1481,warrior,fury,48,30,18
30253,Ronok,ghostlands,1481,warrior,fury,42,26,16
30254,Know,anetheron,1480,warrior,fury,39,25,14
30255,Ikoré,saurfang,1480,warrior,fury,81,44,37
30256,Rhann,kelthuzad,1473,warrior,fury,36,20,16
30257,Karusuke,stormrage,1472,warrior,fury,36,21,15
30258,Hammerock,ragnaros,1469,warrior,fury,29,16,13
30259,Dcashmoney,moon-guard,1468,warrior,fury,29,17,12
30260,Hôdû,tichondrius,1466,warrior,fury,58,32,26
30261,Nixe,caelestrasz,1465,warrior,fury,80,38,42
30262,Jimseung,tichondrius,1459,warrior,fury,36,16,20
30263,Celere,azralon,1453,warrior,fury,36,16,20
30264,Dann,ragnaros,1448,warrior,fury,30,17,13
30265,Mikejustice,kelthuzad,1441,warrior,fury,39,19,20
30266,Varith,sargeras,1439,warrior,fury,48,21,27
30267,Venirith,moon-guard,1438,warrior,fury,70,35,35
30268,Elken,haomarush,1434,warrior,fury,48,26,22
30269,Apeal,skullcrusher,1432,warrior,fury,78,42,36
30270,Mankus,tichondrius,1432,warrior,fury,90,45,45
30271,Éomer,eitrigg,1428,warrior,fury,42,27,15
30272,Iskandr,amanthul,1428,warrior,fury,39,19,20
30273,Alarìon,malganis,1426,warrior,fury,24,15,9
30274,Errejota,illidan,1424,warrior,fury,36,18,18
30275,Attractive,silvermoon,1420,warrior,fury,103,57,46
30276,Heenguer,azralon,1420,warrior,fury,60,31,29
30277,Majindoom,illidan,1418,warrior,fury,47,27,20
30278,Commandó,proudmoore,1417,warrior,fury,29,20,9
30279,Burtiera,wyrmrest-accord,1411,warrior,fury,42,27,15
30280,Zombad,azralon,1411,warrior,fury,24,15,9
30281,Fendimonster,tichondrius,1409,warrior,fury,92,53,39
30282,Warsongwolf,tichondrius,1409,warrior,fury,78,36,42
30283,Aarmii,ragnaros,1408,warrior,fury,36,18,18
30284,Eatmyblade,wyrmrest-accord,1407,warrior,fury,142,64,78
30285,Exëqt,area-52,1404,warrior,fury,60,25,35
30286,Braxtön,moon-guard,1401,warrior,fury,45,20,25
30287,Xurug,zuljin,1400,warrior,fury,30,15,15
30288,Gorrtog,stormrage,1395,warrior,fury,84,36,48
30289,Slaggdad,illidan,1395,warrior,fury,62,26,36
30290,Ourhero,malganis,1392,warrior,fury,27,16,11
30291,Zekken,blades-edge,1392,warrior,fury,77,39,38
30292,Fearlessxq,tichondrius,1390,warrior,fury,72,38,34
30293,Velarrine,illidan,1386,warrior,fury,29,15,14
30294,Swiftslaýer,vashj,1383,warrior,fury,35,16,19
30295,Lyonele,moon-guard,1380,warrior,fury,33,19,14
30296,Fearlessly,moon-guard,1378,warrior,fury,64,32,32
30297,Swiffy,stormrage,1375,warrior,fury,46,29,17
30298,Kaladbolg,tichondrius,1369,warrior,fury,24,15,9
30299,Wuushang,area-52,1369,warrior,fury,36,21,15
30300,Firmware,illidan,1368,warrior,fury,34,15,19
30301,Crushanater,tichondrius,1364,warrior,fury,33,17,16
30302,Spaceguybro,whisperwind,1364,warrior,fury,36,18,18
30303,Weesten,aerie-peak,1361,warrior,fury,90,54,36
30304,Assaulttank,drenden,1361,warrior,fury,30,15,15
30305,Nebgleb,bleeding-hollow,1360,warrior,fury,24,16,8
30306,Emotionaldps,malygos,1360,warrior,fury,141,74,67
30307,Matthegreat,area-52,1354,warrior,fury,51,25,26
30308,Rageinc,jubeithos,1347,warrior,fury,56,24,32
30309,Oddyseey,moon-guard,1341,warrior,fury,24,14,10
30310,Gorehardt,illidan,1338,warrior,fury,36,14,22
30311,Lighttaker,proudmoore,1335,warrior,fury,54,31,23
30312,Ensïs,moon-guard,1335,warrior,fury,54,22,32
30313,Rsage,lightbringer,1328,warrior,fury,86,47,39
30314,Bondeye,stormrage,1325,warrior,fury,83,38,45
30315,Dhaemom,azralon,1324,warrior,fury,47,23,24
30316,Mandremin,moon-guard,1322,warrior,fury,18,14,4
30317,Sálieri,ragnaros,1321,warrior,fury,24,14,10
30318,Ivanzaytsev,ragnaros,1321,warrior,fury,66,32,34
30319,Galaxarr,bonechewer,1319,warrior,fury,65,32,33
30320,Cohëëd,kelthuzad,1318,warrior,fury,36,16,20
30321,Hellframe,ysondre,1315,warrior,fury,42,17,25
30322,Ciellë,proudmoore,1312,warrior,fury,24,15,9
30323,Varlekt,frostmourne,1308,warrior,fury,47,24,23
30324,Impalle,nazjatar,1307,warrior,fury,48,27,21
30325,Tüssèll,khazgoroth,1306,warrior,fury,97,48,49
30326,Screwz,blackrock,1300,warrior,fury,42,24,18
30327,Wurrukattezz,tichondrius,1299,warrior,fury,32,19,13
30328,Youserg,khazgoroth,1298,warrior,fury,70,32,38
30329,Xeto,ragnaros,1296,warrior,fury,34,20,14
30330,Sperow,malygos,1296,warrior,fury,26,15,11
30331,Fabian,kelthuzad,1296,warrior,fury,76,40,36
30332,Osannd,tichondrius,1294,warrior,fury,36,16,20
30333,Kelandrin,illidan,1292,warrior,fury,24,15,9
30334,Vapyr,moon-guard,1291,warrior,fury,23,14,9
30335,Savikk,earthen-ring,1287,warrior,fury,36,21,15
30336,Thywub,proudmoore,1284,warrior,fury,30,14,16
30337,Tdaddy,lightbringer,1280,warrior,fury,91,47,44
30338,Orrof,antonidas,1280,warrior,fury,39,15,24
30339,Grumok,tichondrius,1267,warrior,fury,26,14,12
30340,Ivoryana,kelthuzad,1266,warrior,fury,48,25,23
30341,Paí,nemesis,1265,warrior,fury,24,15,9
30342,Garce,aerie-peak,1253,warrior,fury,31,16,15
30343,Wariorphilip,moon-guard,1250,warrior,fury,30,18,12
30344,Wakkawar,stormrage,1248,warrior,fury,48,24,24
30345,Ttvdjrio,area-52,1247,warrior,fury,18,13,5
30346,Braxxínn,tichondrius,1247,warrior,fury,18,13,5
30347,Carnemontana,shadowsong,1246,warrior,fury,24,17,7
30348,Ssamba,shattered-hand,1244,warrior,fury,24,13,11
30349,Torkscreww,bleeding-hollow,1243,warrior,fury,24,13,11
30350,Buckleboot,illidan,1242,warrior,fury,24,13,11
30351,Moriax,azralon,1240,warrior,fury,35,15,20
30352,Shádo,darkspear,1237,warrior,fury,18,13,5
30353,Skipowawa,area-52,1237,warrior,fury,30,16,14
30354,Atracasöl,ragnaros,1236,warrior,fury,24,13,11
30355,Zephyron,moonrunner,1231,warrior,fury,38,18,20
30356,Renseven,frostmourne,1230,warrior,fury,36,19,17
30357,Cjay,bleeding-hollow,1229,warrior,fury,30,13,17
30358,Groggam,illidan,1226,warrior,fury,24,13,11
30359,Furiousangel,area-52,1223,warrior,fury,36,19,17
30360,Vornicar,moon-guard,1221,warrior,fury,32,14,18
30361,Elonownesme,zuljin,1216,warrior,fury,24,13,11
30362,Koraciá,illidan,1215,warrior,fury,36,17,19
30363,Grosjambes,turalyon,1214,warrior,fury,30,18,12
30364,Tenebrocity,stormrage,1213,warrior,fury,42,19,23
30365,Cougaloo,sargeras,1211,warrior,fury,30,13,17
30366,Vandrad,stormrage,1207,warrior,fury,111,48,63
30367,Breinan,ragnaros,1205,warrior,fury,51,26,25
30368,Kaíroz,quelthalas,1203,warrior,fury,42,24,18
30369,Rendus,hyjal,1198,warrior,fury,54,21,33
30370,Kurishjadar,tichondrius,1192,warrior,fury,60,26,34
30371,Tinycutty,frostmourne,1189,warrior,fury,23,13,10
30372,Nemesioh,tichondrius,1184,warrior,fury,59,25,34
30373,Zorhn,skywall,1161,warrior,fury,24,18,6
30374,Benchpress,bleeding-hollow,1159,warrior,fury,25,13,12
30375,Darthwarr,bleeding-hollow,1156,warrior,fury,35,23,12
30376,Philsbbqnow,dark-iron,1151,warrior,fury,18,12,6
30377,Líliúm,ragnaros,1151,warrior,fury,31,19,12
30378,Stavsie,tichondrius,1150,warrior,fury,18,12,6
30379,Ganzism,tichondrius,1150,warrior,fury,24,12,12
30380,Brainhaze,tichondrius,1150,warrior,fury,24,12,12
30381,Notcoverage,tichondrius,1150,warrior,fury,24,12,12
30382,Ganzi,tichondrius,1150,warrior,fury,24,12,12
30383,Ganzar,nesingwary,1148,warrior,fury,24,12,12
30384,Zuggyboi,moon-guard,1147,warrior,fury,18,12,6
30385,Zarxc,quelthalas,1147,warrior,fury,24,12,12
30386,Synalia,sargeras,1147,warrior,fury,24,12,12
30387,Ianprime,the-scryers,1146,warrior,fury,24,12,12
30388,Daelganis,blood-furnace,1146,warrior,fury,24,12,12
30389,Honduranhary,sargeras,1145,warrior,fury,22,13,9
30390,Setseno,stormrage,1145,warrior,fury,24,12,12
30391,Kanekhy,ragnaros,1143,warrior,fury,28,13,15
30392,Casmier,tichondrius,1141,warrior,fury,18,12,6
30393,Balbyo,shattered-hand,1139,warrior,fury,24,12,12
30394,Originalkhan,stormrage,1138,warrior,fury,30,12,18
30395,Talismantate,quelthalas,1135,warrior,fury,18,12,6
30396,Makcumba,ragnaros,1132,warrior,fury,24,12,12
30397,Noten,thunderlord,1129,warrior,fury,24,12,12
30398,Chahta,shadowsong,1125,warrior,fury,18,12,6
30399,Zèldris,gallywix,1120,warrior,fury,76,43,33
30400,Rekitralph,tichondrius,1116,warrior,fury,30,13,17
30401,Sphílly,thrall,1107,warrior,fury,36,19,17
30402,Chillawigs,kelthuzad,1103,warrior,fury,21,13,8
30403,Tyraelius,kiljaeden,1103,warrior,fury,39,24,15
30404,Smallestwar,zuljin,1093,warrior,fury,41,16,25
30405,Brodîn,tichondrius,1092,warrior,fury,30,18,12
30406,Xfootman,quelthalas,1092,warrior,fury,42,25,17
30407,Undmyaxe,shattered-halls,1078,warrior,fury,24,13,11
30408,Fatguy,tichondrius,1076,warrior,fury,60,29,31
30409,Badoosh,kaelthas,1075,warrior,fury,17,12,5
30410,Lucymay,kelthuzad,1072,warrior,fury,36,19,17
30411,Roxon,hellscream,1070,warrior,fury,76,36,40
30412,Veevz,proudmoore,1056,warrior,fury,24,11,13
30413,Nicfury,alterac-mountains,1055,warrior,fury,18,11,7
30414,Ragingboner,aggramar,1055,warrior,fury,18,11,7
30415,Rekill,emerald-dream,1055,warrior,fury,18,11,7
30416,Xcuses,area-52,1055,warrior,fury,18,11,7
30417,Tctc,emerald-dream,1055,warrior,fury,18,11,7
30418,Flaco,tichondrius,1055,warrior,fury,21,12,9
30419,Gorbagglúk,azralon,1055,warrior,fury,30,15,15
30420,Robocöp,quelthalas,1054,warrior,fury,18,11,7
30421,Zerkxi,kelthuzad,1053,warrior,fury,18,11,7
30422,Radisa,sargeras,1051,warrior,fury,30,11,19
30423,Mäjka,dalaran,1050,warrior,fury,24,11,13
30424,Viagraliker,tichondrius,1048,warrior,fury,18,11,7
30425,Trco,quelthalas,1047,warrior,fury,18,11,7
30426,Kratøz,tichondrius,1045,warrior,fury,24,11,13
30427,Marcuss,bonechewer,1043,warrior,fury,18,11,7
30428,Garmeg,nemesis,1041,warrior,fury,42,16,26
30429,Rerollrogue,thrall,1038,warrior,fury,36,11,25
30430,Lilcha,stormrage,1037,warrior,fury,30,11,19
30431,Owwycowwy,area-52,1032,warrior,fury,36,15,21
30432,Rumka,draktharon,1015,warrior,fury,65,26,39
30433,Wyrmscream,moon-guard,1011,warrior,fury,84,40,44
30434,Zweihänder,nemesis,1005,warrior,fury,17,11,6
30435,Crazysharpz,thaurissan,1001,warrior,fury,29,12,17
30436,Yêawen,tichondrius,990,warrior,fury,20,11,9
30437,Curacao,dark-iron,987,warrior,fury,26,11,15
30438,Darkarus,drakkari,979,warrior,fury,30,13,17
30439,Pulp,sargeras,976,warrior,fury,19,11,8
30440,Mphx,tichondrius,960,warrior,fury,18,10,8
30441,Smexxin,tichondrius,960,warrior,fury,18,10,8
30442,Gladheateher,bonechewer,960,warrior,fury,18,10,8
30443,Dawx,thrall,960,warrior,fury,18,10,8
30444,Éeu,anubarak,960,warrior,fury,90,45,45
30445,Ymìr,moon-guard,959,warrior,fury,18,10,8
30446,Sigiswald,cenarion-circle,959,warrior,fury,18,10,8
30447,Quuavo,tichondrius,957,warrior,fury,18,10,8
30448,Farklesnarf,tichondrius,957,warrior,fury,18,10,8
30449,Rafurk,area-52,957,warrior,fury,18,10,8
30450,Limpninny,dalaran,957,warrior,fury,21,10,11
30451,Arfzz,zangarmarsh,957,warrior,fury,24,10,14
30452,Violençe,malganis,956,warrior,fury,24,10,14
30453,Harlow,spirestone,955,warrior,fury,24,10,14
30454,Serviettski,zuljin,943,warrior,fury,18,10,8
30455,Jonÿ,sargeras,931,warrior,fury,39,19,20
30456,Hùlksmâsh,zuljin,924,warrior,fury,23,13,10
30457,Ghostlyedge,turalyon,918,warrior,fury,72,25,47
30458,Samdarkblade,kilrogg,898,warrior,fury,33,10,23
30459,Grievouz,nemesis,894,warrior,fury,17,10,7
30460,Warroiser,quelthalas,879,warrior,fury,19,10,9
30461,Hasbullaa,proudmoore,864,warrior,fury,12,9,3
30462,Michaela,moon-guard,864,warrior,fury,12,9,3
30463,Agragar,zuljin,864,warrior,fury,12,9,3
30464,Baylîfe,illidan,864,warrior,fury,18,9,9
30465,Ggull,tichondrius,864,warrior,fury,18,9,9
30466,Astrëa,quelthalas,864,warrior,fury,18,9,9
30467,Okkin,cairne,863,warrior,fury,12,9,3
30468,Likelygood,tichondrius,863,warrior,fury,12,9,3
30469,Squonks,kelthuzad,863,warrior,fury,12,9,3
30470,Hoodlark,lightbringer,863,warrior,fury,12,9,3
30471,Kombatwombat,kaelthas,863,warrior,fury,12,9,3
30472,Coldshots,stormreaver,863,warrior,fury,12,9,3
30473,Noramed,moon-guard,863,warrior,fury,18,9,9
30474,Liltom,sargeras,863,warrior,fury,18,9,9
30475,Zastrow,dalaran,863,warrior,fury,18,9,9
30476,Gzilla,queldorei,863,warrior,fury,24,9,15
30477,Nowarriororc,thrall,862,warrior,fury,18,9,9
30478,Wazy,ragnaros,862,warrior,fury,24,9,15
30479,Rediger,aggramar,861,warrior,fury,34,15,19
30480,Rageraz,trollbane,860,warrior,fury,12,9,3
30481,Maddzspin,tichondrius,860,warrior,fury,18,9,9
30482,Asuna,burning-blade,860,warrior,fury,18,9,9
30483,Stunninchaos,shattered-hand,859,warrior,fury,24,9,15
30484,Lovehandlez,proudmoore,858,warrior,fury,18,9,9
30485,Rücküs,tichondrius,858,warrior,fury,18,9,9
30486,Goinberserk,tichondrius,854,warrior,fury,22,9,13
30487,Rocketcayton,veknilash,845,warrior,fury,18,9,9
30488,Trufsoturi,bleeding-hollow,845,warrior,fury,23,9,14
30489,Kajing,boulderfist,836,warrior,fury,19,10,9
30490,Machâ,illidan,830,warrior,fury,17,9,8
30491,Jellyjamz,zuljin,825,warrior,fury,24,9,15
30492,Bigjier,proudmoore,798,warrior,fury,20,9,11
30493,Bargorengar,skullcrusher,797,warrior,fury,108,48,60
30494,Klim,grizzly-hills,781,warrior,fury,25,9,16
30495,Cüba,nemesis,770,warrior,fury,24,9,15
30496,Rimshotts,sargeras,768,warrior,fury,12,8,4
30497,ßdm,illidan,768,warrior,fury,12,8,4
30498,Bamag,dethecus,768,warrior,fury,12,8,4
30499,Bigglyjoobs,tichondrius,768,warrior,fury,12,8,4
30500,Beforever,kiljaeden,768,warrior,fury,12,8,4
30501,Sonyanalogue,frostmourne,768,warrior,fury,12,8,4
30502,Sulze,tichondrius,768,warrior,fury,15,9,6
30503,Asstastic,bonechewer,768,warrior,fury,18,8,10
30504,Shimizuken,tichondrius,768,warrior,fury,18,8,10
30505,Oohsht,tichondrius,768,warrior,fury,18,8,10
30506,Okme,tichondrius,768,warrior,fury,18,8,10
30507,Icebringer,frostmourne,768,warrior,fury,24,8,16
30508,Kortera,malganis,767,warrior,fury,12,8,4
30509,Shîzu,moon-guard,767,warrior,fury,12,8,4
30510,Moggos,firetree,767,warrior,fury,12,8,4
30511,Galigiggs,emerald-dream,767,warrior,fury,12,8,4
30512,Rodahn,emerald-dream,767,warrior,fury,12,8,4
30513,Aotha,moon-guard,767,warrior,fury,14,8,6
30514,Mulish,frostmourne,767,warrior,fury,19,10,9
30515,Wíldcat,illidan,767,warrior,fury,18,8,10
30516,Zêtt,drakkari,767,warrior,fury,18,8,10
30517,Droggo,cenarius,766,warrior,fury,12,8,4
30518,Theßull,frostmourne,766,warrior,fury,12,8,4
30519,Corbray,frostmourne,766,warrior,fury,24,8,16
30520,Akusenshi,dragonblight,764,warrior,fury,15,9,6
30521,Trendxx,stormrage,763,warrior,fury,24,8,16
30522,Irontarkus,garrosh,762,warrior,fury,12,8,4
30523,Creedz,dreadmaul,761,warrior,fury,18,8,10
30524,Alandris,icecrown,760,warrior,fury,18,10,8
30525,Uhtred,moonrunner,757,warrior,fury,18,8,10
30526,Kilp,thrall,751,warrior,fury,17,8,9
30527,Marleau,bleeding-hollow,742,warrior,fury,21,9,12
30528,Onionlord,wyrmrest-accord,719,warrior,fury,11,8,3
30529,Pigonhae,zuljin,713,warrior,fury,19,10,9
30530,Zaraki,moon-guard,704,warrior,fury,16,8,8
30531,Eleronogoth,draka,704,warrior,fury,16,8,8
30532,Kolosaltwo,tichondrius,703,warrior,fury,11,8,3
30533,Koffray,malfurion,687,warrior,fury,11,8,3
30534,Sypii,malganis,672,warrior,fury,12,7,5
30535,Dardash,ragnaros,672,warrior,fury,12,7,5
30536,Wishayzka,drakkari,672,warrior,fury,12,7,5
30537,Canduin,queldorei,672,warrior,fury,12,7,5
30538,Lòrdnasher,tichondrius,672,warrior,fury,12,7,5
30539,Maar,lightbringer,672,warrior,fury,12,7,5
30540,Eino,llane,672,warrior,fury,12,7,5
30541,Ðow,burning-blade,672,warrior,fury,12,7,5
30542,Xårren,stormrage,672,warrior,fury,12,7,5
30543,Ðrëäd,area-52,672,warrior,fury,12,7,5
30544,Krunas,quelthalas,672,warrior,fury,12,7,5
30545,Ciege,illidan,672,warrior,fury,12,7,5
30546,Whitetaure,arthas,672,warrior,fury,12,7,5
30547,Funsyze,garona,672,warrior,fury,12,7,5
30548,Ruckw,stormrage,672,warrior,fury,12,7,5
30549,Dós,emerald-dream,672,warrior,fury,12,7,5
30550,Giannï,chogall,672,warrior,fury,12,7,5
30551,Youjumpijump,frostmourne,672,warrior,fury,18,7,11
30552,Warhand,frostmourne,672,warrior,fury,18,7,11
30553,Mardrex,korgath,672,warrior,fury,18,7,11
30554,Endlesskilla,destromath,672,warrior,fury,18,7,11
30555,Pelikanesis,arthas,671,warrior,fury,12,7,5
30556,Abomlnatlon,tichondrius,671,warrior,fury,12,7,5
30557,Zikeno,dalaran,671,warrior,fury,12,7,5
30558,Mullf,stormrage,671,warrior,fury,12,7,5
30559,Sensho,azralon,671,warrior,fury,12,7,5
30560,Calzonez,bloodscalp,671,warrior,fury,12,7,5
30561,Nokak,borean-tundra,671,warrior,fury,12,7,5
30562,Tayne,ragnaros,671,warrior,fury,12,7,5
30563,Iorak,queldorei,671,warrior,fury,12,7,5
30564,Ragnir,kelthuzad,671,warrior,fury,18,7,11
30565,Remudan,tichondrius,671,warrior,fury,18,7,11
30566,Ganon,garrosh,670,warrior,fury,12,7,5
30567,Tiqokz,sargeras,670,warrior,fury,12,7,5
30568,Judessi,kiljaeden,670,warrior,fury,12,7,5
30569,Kræzee,kelthuzad,670,warrior,fury,18,7,11
30570,Shadowtitanx,korgath,669,warrior,fury,30,7,23
30571,Siiss,stormrage,665,warrior,fury,21,9,12
30572,Crashacorn,stormrage,659,warrior,fury,18,7,11
30573,Zoldian,tichondrius,655,warrior,fury,17,9,8
30574,Ashwalker,malganis,639,warrior,fury,14,8,6
30575,Naughtytwat,tichondrius,639,warrior,fury,14,8,6
30576,Zovudo,area-52,638,warrior,fury,14,8,6
30577,Wintz,dreadmaul,638,warrior,fury,14,8,6
30578,Donjuan,skullcrusher,637,warrior,fury,20,8,12
30579,Harkeigh,wyrmrest-accord,623,warrior,fury,11,7,4
30580,Warchine,malganis,618,warrior,fury,15,8,7
30581,Furryhorv,frostmourne,608,warrior,fury,22,7,15
30582,Vorthax,korgath,607,warrior,fury,14,7,7
30583,Noktyn,haomarush,591,warrior,fury,11,7,4
30584,Akenox,area-52,576,warrior,fury,6,6,0
30585,Taiine,moon-guard,576,warrior,fury,6,6,0
30586,Yükana,quelthalas,576,warrior,fury,12,6,6
30587,Jcßot,exodar,576,warrior,fury,12,6,6
30588,Tacrolimus,thrall,576,warrior,fury,12,6,6
30589,Venóm,moon-guard,576,warrior,fury,12,6,6
30590,Ggludan,area-52,576,warrior,fury,12,6,6
30591,Snowflakee,jaedenar,576,warrior,fury,12,6,6
30592,Disarmed,proudmoore,576,warrior,fury,12,6,6
30593,Alysson,moon-guard,576,warrior,fury,12,6,6
30594,Vinvivenna,emerald-dream,576,warrior,fury,12,6,6
30595,Endurefen,sargeras,576,warrior,fury,12,6,6
30596,Prestico,ragnaros,576,warrior,fury,12,6,6
30597,Rohkvan,illidan,576,warrior,fury,12,6,6
30598,Mers,garrosh,576,warrior,fury,12,6,6
30599,Eazyc,tichondrius,576,warrior,fury,12,6,6
30600,Progesterone,bleeding-hollow,576,warrior,fury,12,6,6
30601,Orchilles,illidan,576,warrior,fury,12,6,6
30602,Ðrënch,tichondrius,576,warrior,fury,12,6,6
30603,Dëåth,azgalor,576,warrior,fury,12,6,6
30604,Carnemølida,thrall,576,warrior,fury,12,6,6
30605,Strongerjaw,tichondrius,576,warrior,fury,12,6,6
30606,Lurtras,exodar,576,warrior,fury,12,6,6
30607,Kaivax,tichondrius,576,warrior,fury,12,6,6
30608,Arågòrn,stormrage,576,warrior,fury,12,6,6
30609,Whittyxc,tichondrius,576,warrior,fury,12,6,6
30610,Whateverzhan,tichondrius,576,warrior,fury,12,6,6
30611,Digitaldj,frostmourne,576,warrior,fury,18,6,12
30612,Eregor,sargeras,576,warrior,fury,18,6,12
30613,Murderwalk,shadowmoon,576,warrior,fury,18,6,12
30614,Joxer,nordrassil,575,warrior,fury,12,6,6
30615,Xenyn,malganis,575,warrior,fury,12,6,6
30616,Uggtrick,zuljin,575,warrior,fury,12,6,6
30617,Isitorganic,nesingwary,575,warrior,fury,12,6,6
30618,Gamoosh,illidan,575,warrior,fury,12,6,6
30619,Burninated,tichondrius,575,warrior,fury,12,6,6
30620,Metalstorms,firetree,575,warrior,fury,12,6,6
30621,Trackhawk,moon-guard,575,warrior,fury,12,6,6
30622,Luckychaos,bleeding-hollow,575,warrior,fury,12,6,6
30623,Elleaux,bloodscalp,575,warrior,fury,12,6,6
30624,Deáthwing,steamwheedle-cartel,575,warrior,fury,18,6,12
30625,Redblade,bleeding-hollow,575,warrior,fury,18,6,12
30626,Badairplane,gilneas,574,warrior,fury,12,6,6
30627,Siegeshatter,moon-guard,574,warrior,fury,24,6,18
30628,Cannan,the-underbog,573,warrior,fury,27,7,20
30629,Alexthar,drakkari,560,warrior,fury,24,6,18
30630,Freakin,ragnaros,543,warrior,fury,16,6,10
30631,Ghonad,windrunner,541,warrior,fury,17,6,11
30632,Thorkéll,proudmoore,541,warrior,fury,23,6,17
30633,Sinbãd,sargeras,527,warrior,fury,11,6,5
30634,Leturen,emerald-dream,527,warrior,fury,19,7,12
30635,Agarto,illidan,526,warrior,fury,11,6,5
30636,Futtmebuck,emerald-dream,522,warrior,fury,12,7,5
30637,Nïckböï,misha,519,warrior,fury,11,6,5
30638,Zenrrei,ragnaros,512,warrior,fury,10,6,4
30639,Antei,thunderlord,511,warrior,fury,11,6,5
30640,Deseroth,illidan,480,warrior,fury,6,5,1
30641,Ironpanzer,thrall,480,warrior,fury,6,5,1
30642,Orkussw,illidan,480,warrior,fury,6,5,1
30643,Groguu,windrunner,480,warrior,fury,6,5,1
30644,Yepkorean,tichondrius,480,warrior,fury,6,5,1
30645,Tryhardr,sargeras,480,warrior,fury,6,5,1
30646,Bornclueless,illidan,480,warrior,fury,6,5,1
30647,Tinyexcute,tichondrius,480,warrior,fury,6,5,1
30648,Hydrolisk,area-52,480,warrior,fury,6,5,1
30649,Finnin,nathrezim,480,warrior,fury,6,5,1
30650,Azázyel,quelthalas,480,warrior,fury,6,5,1
30651,Gahenk,chogall,480,warrior,fury,6,5,1
30652,Onyx,auchindoun,480,warrior,fury,6,5,1
30653,Goon,frostmourne,480,warrior,fury,6,5,1
30654,Invinciblé,tichondrius,480,warrior,fury,6,5,1
30655,Cliveswife,frostmourne,480,warrior,fury,6,5,1
30656,Ramseyx,dalaran,480,warrior,fury,6,5,1
30657,Leviqt,moon-guard,480,warrior,fury,12,5,7
30658,Zootonius,bloodscalp,480,warrior,fury,12,5,7
30659,Nukemdown,darkspear,480,warrior,fury,12,5,7
30660,Rinima,tichondrius,480,warrior,fury,12,5,7
30661,Yzoth,sargeras,480,warrior,fury,12,5,7
30662,Chainsa,stormrage,480,warrior,fury,12,5,7
30663,Funk,illidan,480,warrior,fury,12,5,7
30664,Buhurt,sargeras,480,warrior,fury,12,5,7
30665,Clansy,moon-guard,480,warrior,fury,12,5,7
30666,Warkaiser,ragnaros,480,warrior,fury,12,5,7
30667,Axesomebody,tichondrius,480,warrior,fury,12,5,7
30668,Chop,khadgar,480,warrior,fury,12,5,7
30669,Conflíct,illidan,480,warrior,fury,12,5,7
30670,Pápý,ragnaros,480,warrior,fury,12,5,7
30671,Iwillcrushyo,darkspear,480,warrior,fury,12,5,7
30672,Trekk,azralon,480,warrior,fury,12,5,7
30673,Wrniss,tichondrius,480,warrior,fury,12,5,7
30674,Slamuëladams,bleeding-hollow,480,warrior,fury,12,5,7
30675,Wangjianguo,illidan,480,warrior,fury,12,5,7
30676,Gurukakko,ragnaros,480,warrior,fury,12,5,7
30677,Izhansheni,illidan,480,warrior,fury,12,5,7
30678,Coalpit,emerald-dream,480,warrior,fury,12,5,7
30679,Marimadelene,aegwynn,480,warrior,fury,12,5,7
30680,Maltrate,hyjal,480,warrior,fury,12,5,7
30681,Spinspin,borean-tundra,480,warrior,fury,18,5,13
30682,Dragonrage,tanaris,480,warrior,fury,18,5,13
30683,Honorloxo,bleeding-hollow,480,warrior,fury,18,5,13
30684,Vonkinky,sargeras,479,warrior,fury,6,5,1
30685,Zirtag,proudmoore,479,warrior,fury,6,5,1
30686,Olegg,laughing-skull,479,warrior,fury,12,5,7
30687,Warbane,barthilas,479,warrior,fury,12,5,7
30688,Warsero,tichondrius,479,warrior,fury,12,5,7
30689,Rodorn,frostmourne,479,warrior,fury,16,6,10
30690,Arrad,sargeras,479,warrior,fury,18,5,13
30691,Supersquish,moon-guard,479,warrior,fury,18,5,13
30692,Keateane,frostmourne,478,warrior,fury,6,5,1
30693,Fabszord,nemesis,476,warrior,fury,12,5,7
30694,Veganwarrior,quelthalas,469,warrior,fury,18,5,13
30695,Azmael,sargeras,447,warrior,fury,11,5,6
30696,Rageverd,malganis,432,warrior,fury,9,5,4
30697,Avatarl,ragnaros,432,warrior,fury,15,5,10
30698,Thalloom,thaurissan,432,warrior,fury,15,5,10
30699,Hugz,thrall,431,warrior,fury,11,5,6
30700,Glaros,blood-furnace,431,warrior,fury,11,5,6
30701,Panterra,azralon,426,warrior,fury,16,7,9
30702,Israelelel,azralon,416,warrior,fury,10,5,5
30703,Forerunner,tichondrius,416,warrior,fury,10,5,5
30704,Stompgnomes,malganis,414,warrior,fury,14,5,9
30705,Brugo,area-52,413,warrior,fury,16,9,7
30706,Cenanuandra,gnomeregan,400,warrior,fury,7,5,2
30707,Chippurrz,illidan,399,warrior,fury,5,5,0
30708,Youdumbaut,tichondrius,384,warrior,fury,6,4,2
30709,Breké,moon-guard,384,warrior,fury,6,4,2
30710,Inocencius,ragnaros,384,warrior,fury,6,4,2
30711,Affeine,malganis,384,warrior,fury,6,4,2
30712,Phandrosa,ragnaros,384,warrior,fury,6,4,2
30713,Tylerdurdenx,dalaran,384,warrior,fury,6,4,2
30714,Sarachnis,area-52,384,warrior,fury,6,4,2
30715,Tyranatusk,malganis,384,warrior,fury,6,4,2
30716,Brogdar,moon-guard,384,warrior,fury,6,4,2
30717,Chash,frostmourne,384,warrior,fury,6,4,2
30718,Nikomasked,kelthuzad,384,warrior,fury,6,4,2
30719,Drengarusk,area-52,384,warrior,fury,6,4,2
30720,Kamidaren,tichondrius,384,warrior,fury,6,4,2
30721,Samuluo,tichondrius,384,warrior,fury,6,4,2
30722,Cidrick,stormrage,384,warrior,fury,6,4,2
30723,Hellsinga,stormrage,384,warrior,fury,6,4,2
30724,Akaínu,area-52,384,warrior,fury,6,4,2
30725,Youngmoneyd,illidan,384,warrior,fury,6,4,2
30726,Xiosè,ragnaros,384,warrior,fury,6,4,2
30727,Benieswar,frostmourne,384,warrior,fury,6,4,2
30728,Dagrone,drakkari,384,warrior,fury,6,4,2
30729,Techanina,aerie-peak,384,warrior,fury,6,4,2
30730,Slamurai,moon-guard,384,warrior,fury,6,4,2
30731,Copinhodagua,azralon,384,warrior,fury,6,4,2
30732,Angryexe,zuljin,384,warrior,fury,6,4,2
30733,Varkiren,moon-guard,384,warrior,fury,6,4,2
30734,Ymirock,area-52,384,warrior,fury,6,4,2
30735,Midweststuna,kul-tiras,384,warrior,fury,6,4,2
30736,Gtrain,barthilas,384,warrior,fury,6,4,2
30737,Hjomura,quelthalas,384,warrior,fury,6,4,2
30738,Willcharge,tichondrius,384,warrior,fury,6,4,2
30739,Unpaused,kelthuzad,384,warrior,fury,6,4,2
30740,Cannonballz,sargeras,384,warrior,fury,6,4,2
30741,Neurötic,ragnaros,384,warrior,fury,6,4,2
30742,Murghol,malganis,384,warrior,fury,6,4,2
30743,Jàmiè,wyrmrest-accord,384,warrior,fury,6,4,2
30744,Zerríck,moon-guard,384,warrior,fury,6,4,2
30745,Hasbullá,ragnaros,384,warrior,fury,6,4,2
30746,Slashen,sargeras,384,warrior,fury,6,4,2
30747,Alerish,quelthalas,384,warrior,fury,6,4,2
30748,Blackbaba,illidan,384,warrior,fury,6,4,2
30749,Testees,senjin,384,warrior,fury,6,4,2
30750,Zartren,khazgoroth,384,warrior,fury,6,4,2
30751,Verigan,barthilas,384,warrior,fury,6,4,2
30752,Tomatogodx,sargeras,384,warrior,fury,6,4,2
30753,Braxxinn,tichondrius,384,warrior,fury,6,4,2
30754,Suzushi,tichondrius,384,warrior,fury,6,4,2
30755,Ankhxiety,sargeras,384,warrior,fury,6,4,2
30756,Heyzulnut,whisperwind,384,warrior,fury,6,4,2
30757,Negrus,sargeras,384,warrior,fury,11,4,7
30758,Arágorn,sargeras,384,warrior,fury,11,4,7
30759,Skrot,stormrage,384,warrior,fury,12,4,8
30760,Bladetko,tichondrius,384,warrior,fury,12,4,8
30761,Easons,tichondrius,384,warrior,fury,12,4,8
30762,Cryposlice,malganis,384,warrior,fury,12,4,8
30763,Muradinpica,stormrage,384,warrior,fury,12,4,8
30764,Rägnarök,stormrage,384,warrior,fury,12,4,8
30765,Starplatinum,aerie-peak,384,warrior,fury,12,4,8
30766,Goremack,hellscream,384,warrior,fury,12,4,8
30767,Gorm,greymane,384,warrior,fury,12,4,8
30768,Corazondleón,ragnaros,384,warrior,fury,12,4,8
30769,Rezzett,wyrmrest-accord,384,warrior,fury,12,4,8
30770,Xauce,queldorei,384,warrior,fury,12,4,8
30771,Xochicotzin,mugthol,384,warrior,fury,12,4,8
30772,Ráionshin,quelthalas,384,warrior,fury,12,4,8
30773,Dotlom,wyrmrest-accord,384,warrior,fury,12,4,8
30774,Eamonvalda,dalaran,384,warrior,fury,12,4,8
30775,Goatmanee,tichondrius,384,warrior,fury,12,4,8
30776,Hukzula,illidan,384,warrior,fury,12,4,8
30777,Ghurrk,hyjal,384,warrior,fury,12,4,8
30778,Çampbêll,area-52,384,warrior,fury,12,4,8
30779,Lsays,tichondrius,384,warrior,fury,18,4,14
30780,Awell,azralon,383,warrior,fury,6,4,2
30781,Nelissa,runetotem,383,warrior,fury,6,4,2
30782,Madaroy,stormrage,383,warrior,fury,6,4,2
30783,Assmut,stormrage,383,warrior,fury,12,4,8
30784,Drovik,malygos,383,warrior,fury,12,4,8
30785,Hæmomancy,moon-guard,383,warrior,fury,12,4,8
30786,Rahmholz,bonechewer,383,warrior,fury,12,4,8
30787,Anger,zuljin,383,warrior,fury,24,4,20
30788,Painfulangel,nesingwary,382,warrior,fury,6,4,2
30789,Zambonibob,eonar,382,warrior,fury,6,4,2
30790,Bonebreakr,tichondrius,381,warrior,fury,24,4,20
30791,Glennyballs,dalaran,379,warrior,fury,12,4,8
30792,Baxel,arthas,367,warrior,fury,11,4,7
30793,Ghazzghkull,illidan,351,warrior,fury,11,4,7
30794,Gotrekson,azralon,351,warrior,fury,11,4,7
30795,Darkrevel,dalvengyr,335,warrior,fury,11,4,7
30796,Kíngkaisér,azralon,330,warrior,fury,15,6,9
30797,Huleo,tichondrius,330,warrior,fury,14,5,9
30798,Gryl,stormrage,288,warrior,fury,6,3,3
30799,Rohde,nemesis,288,warrior,fury,6,3,3
30800,Nginx,queldorei,288,warrior,fury,6,3,3
30801,Connero,stormrage,288,warrior,fury,6,3,3
30802,Rowdyanders,area-52,288,warrior,fury,6,3,3
30803,Demøletiøn,stormrage,288,warrior,fury,6,3,3
30804,Xragnar,area-52,288,warrior,fury,6,3,3
30805,Slãmpiece,stormrage,288,warrior,fury,6,3,3
30806,Carborr,frostmourne,288,warrior,fury,6,3,3
30807,Kénblock,tichondrius,288,warrior,fury,6,3,3
30808,Riggs,stonemaul,288,warrior,fury,6,3,3
30809,Guillotinè,area-52,288,warrior,fury,6,3,3
30810,Lightswords,stormrage,288,warrior,fury,6,3,3
30811,Vengxdor,stormrage,288,warrior,fury,6,3,3
30812,Wårrior,kelthuzad,288,warrior,fury,6,3,3
30813,Sayjaki,stormrage,288,warrior,fury,6,3,3
30814,Executie,duskwood,288,warrior,fury,6,3,3
30815,Sixtydolla,kelthuzad,288,warrior,fury,6,3,3
30816,Kàli,kiljaeden,288,warrior,fury,6,3,3
30817,Colössal,moon-guard,288,warrior,fury,6,3,3
30818,Taywar,sargeras,288,warrior,fury,6,3,3
30819,Liljon,windrunner,288,warrior,fury,6,3,3
30820,Kåyotix,proudmoore,288,warrior,fury,6,3,3
30821,Cupper,tichondrius,288,warrior,fury,6,3,3
30822,Glexecute,sargeras,288,warrior,fury,6,3,3
30823,Hithen,quelthalas,288,warrior,fury,6,3,3
30824,Lodog,proudmoore,288,warrior,fury,6,3,3
30825,Tâlos,magtheridon,288,warrior,fury,6,3,3
30826,Ironbark,elune,288,warrior,fury,6,3,3
30827,Razzik,emerald-dream,288,warrior,fury,6,3,3
30828,Archibaldo,darkspear,288,warrior,fury,6,3,3
30829,Aeros,winterhoof,288,warrior,fury,6,3,3
30830,Agonistes,emerald-dream,288,warrior,fury,6,3,3
30831,Barbarìan,bleeding-hollow,288,warrior,fury,6,3,3
30832,Decimateme,tichondrius,288,warrior,fury,6,3,3
30833,Zerrekarr,wyrmrest-accord,288,warrior,fury,6,3,3
30834,Maarilayne,wyrmrest-accord,288,warrior,fury,6,3,3
30835,Corvesio,wyrmrest-accord,288,warrior,fury,6,3,3
30836,Aggravation,bleeding-hollow,288,warrior,fury,6,3,3
30837,Zangre,stormrage,288,warrior,fury,6,3,3
30838,Ruffless,skullcrusher,288,warrior,fury,6,3,3
30839,Madblackcat,illidan,288,warrior,fury,6,3,3
30840,Jethrix,kelthuzad,288,warrior,fury,6,3,3
30841,Wwesheamus,frostmourne,288,warrior,fury,6,3,3
30842,Kreamyumyums,tichondrius,288,warrior,fury,6,3,3
30843,Instakill,garrosh,288,warrior,fury,6,3,3
30844,Beârz,the-underbog,288,warrior,fury,6,3,3
30845,Pongk,tichondrius,288,warrior,fury,6,3,3
30846,Oprampage,illidan,288,warrior,fury,6,3,3
30847,Skoll,illidan,288,warrior,fury,6,3,3
30848,Bothar,sargeras,288,warrior,fury,6,3,3
30849,Corgii,khaz-modan,288,warrior,fury,6,3,3
30850,Dolsorae,malganis,288,warrior,fury,6,3,3
30851,Vongrave,moonrunner,288,warrior,fury,6,3,3
30852,Kimed,nordrassil,288,warrior,fury,6,3,3
30853,Doczz,malganis,288,warrior,fury,6,3,3
30854,Arthurston,tichondrius,288,warrior,fury,6,3,3
30855,Pancárcho,quelthalas,288,warrior,fury,6,3,3
30856,Aùstin,moon-guard,288,warrior,fury,6,3,3
30857,Riechst,quelthalas,288,warrior,fury,6,3,3
30858,Lechee,silvermoon,288,warrior,fury,6,3,3
30859,Nertharul,zuljin,288,warrior,fury,6,3,3
30860,Painfulsin,tichondrius,288,warrior,fury,6,3,3
30861,Ragemarley,dalaran,288,warrior,fury,6,3,3
30862,Swiftÿ,gurubashi,288,warrior,fury,6,3,3
30863,Vodak,daggerspine,288,warrior,fury,6,3,3
30864,Johnnysnowx,sargeras,288,warrior,fury,6,3,3
30865,Rynkae,moon-guard,288,warrior,fury,6,3,3
30866,Drumann,hyjal,288,warrior,fury,6,3,3
30867,Orcveinz,tichondrius,288,warrior,fury,11,5,6
30868,Rólex,tichondrius,288,warrior,fury,12,3,9
30869,Lootacris,illidan,288,warrior,fury,12,3,9
30870,Flexìn,tichondrius,288,warrior,fury,12,3,9
30871,Blackscale,grizzly-hills,288,warrior,fury,12,3,9
30872,Kuragdem,trollbane,288,warrior,fury,12,3,9
30873,Leonz,undermine,288,warrior,fury,12,3,9
30874,Kimuraa,hyjal,288,warrior,fury,12,3,9
30875,Zelekron,emerald-dream,288,warrior,fury,12,3,9
30876,Axekill,bleeding-hollow,288,warrior,fury,12,3,9
30877,Ratface,frostmourne,288,warrior,fury,12,3,9
30878,Krimmjðw,sargeras,288,warrior,fury,12,3,9
30879,Warseed,ragnaros,288,warrior,fury,12,3,9
30880,Tríxman,moon-guard,288,warrior,fury,12,3,9
30881,Blxckbeard,hyjal,288,warrior,fury,12,3,9
30882,Banggo,frostmourne,288,warrior,fury,12,3,9
30883,Goaco,drakkari,288,warrior,fury,12,3,9
30884,Apolio,magtheridon,288,warrior,fury,12,3,9
30885,Goleus,emerald-dream,288,warrior,fury,12,3,9
30886,Barcëlð,frostmourne,288,warrior,fury,12,3,9
30887,Lourdadmiwal,aegwynn,287,warrior,fury,6,3,3
30888,Eadsmasher,jubeithos,287,warrior,fury,6,3,3
30889,Disclone,tichondrius,287,warrior,fury,6,3,3
30890,Shiddoshi,ragnaros,287,warrior,fury,6,3,3
30891,Monsterpepe,tichondrius,287,warrior,fury,12,3,9
30892,Boothtowolf,the-forgotten-coast,286,warrior,fury,6,3,3
30893,Dodiru,azralon,255,warrior,fury,11,3,8
30894,Bigdaddyzees,bleeding-hollow,255,warrior,fury,11,3,8
30895,Offthecharts,mannoroth,254,warrior,fury,11,3,8
30896,Leónard,moon-guard,239,warrior,fury,5,3,2
30897,Chupelo,tichondrius,239,warrior,fury,5,3,2
30898,Shapur,tichondrius,239,warrior,fury,5,3,2
30899,Moelolita,illidan,239,warrior,fury,5,3,2
30900,Sukstofuk,frostmourne,239,warrior,fury,5,3,2
30901,Reagzy,stormrage,234,warrior,fury,10,4,6
30902,Schlosh,laughing-skull,223,warrior,fury,8,3,5
30903,Heirel,kelthuzad,208,warrior,fury,7,3,4
30904,Çórý,area-52,192,warrior,fury,4,3,1
30905,Shaøkahn,azralon,192,warrior,fury,9,3,6
30906,Tortag,malganis,192,warrior,fury,6,2,4
30907,Hughmungús,frostmourne,192,warrior,fury,6,2,4
30908,Krodah,quelthalas,192,warrior,fury,6,2,4
30909,Ragetide,illidan,192,warrior,fury,6,2,4
30910,Bobisyourmom,tichondrius,192,warrior,fury,6,2,4
30911,Blademaw,stormreaver,192,warrior,fury,6,2,4
30912,Drugdilla,zuljin,192,warrior,fury,6,2,4
30913,Wariorwang,tichondrius,192,warrior,fury,6,2,4
30914,Axesage,tichondrius,192,warrior,fury,6,2,4
30915,Good,garona,192,warrior,fury,6,2,4
30916,Lokiullr,tichondrius,192,warrior,fury,6,2,4
30917,Gangelx,illidan,192,warrior,fury,6,2,4
30918,Wqnmlgbd,tichondrius,192,warrior,fury,6,2,4
30919,Cellyndia,area-52,192,warrior,fury,6,2,4
30920,Therealflex,zuljin,192,warrior,fury,6,2,4
30921,Gromkhor,tichondrius,192,warrior,fury,6,2,4
30922,Basedaf,frostmourne,192,warrior,fury,6,2,4
30923,Jägernaught,stormrage,192,warrior,fury,6,2,4
30924,Plidan,shuhalo,192,warrior,fury,6,2,4
30925,Furyknight,velen,192,warrior,fury,6,2,4
30926,Stoopkid,uldum,192,warrior,fury,6,2,4
30927,Cartmain,illidan,192,warrior,fury,6,2,4
30928,Kaniks,dalaran,192,warrior,fury,6,2,4
30929,Beatmeat,frostmourne,192,warrior,fury,6,2,4
30930,Amberlym,ragnaros,192,warrior,fury,6,2,4
30931,Horahloux,ragnaros,192,warrior,fury,6,2,4
30932,Xorjak,tichondrius,192,warrior,fury,6,2,4
30933,Noor,tichondrius,192,warrior,fury,6,2,4
30934,Kokixz,tichondrius,192,warrior,fury,6,2,4
30935,Iapologiz,illidan,192,warrior,fury,6,2,4
30936,Hadowar,thrall,192,warrior,fury,6,2,4
30937,Mfgodofwar,kelthuzad,192,warrior,fury,6,2,4
30938,Boombop,zuljin,192,warrior,fury,6,2,4
30939,Clerond,tichondrius,192,warrior,fury,6,2,4
30940,Mortaldznuts,tichondrius,192,warrior,fury,6,2,4
30941,Munanio,stormrage,192,warrior,fury,6,2,4
30942,Sveenn,area-52,192,warrior,fury,6,2,4
30943,Nordrages,stormrage,192,warrior,fury,6,2,4
30944,Erikx,ragnaros,192,warrior,fury,6,2,4
30945,Tempusbane,proudmoore,192,warrior,fury,6,2,4
30946,Maintarget,malganis,192,warrior,fury,6,2,4
30947,Bighamm,tichondrius,192,warrior,fury,6,2,4
30948,Zareos,azralon,192,warrior,fury,6,2,4
30949,Ghostkin,ragnaros,192,warrior,fury,6,2,4
30950,Ultraa,lightbringer,192,warrior,fury,6,2,4
30951,Aboveaverage,arthas,192,warrior,fury,6,2,4
30952,Halò,thrall,192,warrior,fury,6,2,4
30953,Riftgar,hyjal,192,warrior,fury,6,2,4
30954,Outo,stormrage,192,warrior,fury,6,2,4
30955,ßoris,grizzly-hills,192,warrior,fury,6,2,4
30956,Galadon,amanthul,192,warrior,fury,6,2,4
30957,Reäl,dalaran,192,warrior,fury,6,2,4
30958,Peekyblinder,kiljaeden,192,warrior,fury,6,2,4
30959,Shrexecute,tichondrius,192,warrior,fury,6,2,4
30960,Rundai,zuljin,192,warrior,fury,6,2,4
30961,Itzyourmom,nazjatar,192,warrior,fury,6,2,4
30962,Sabers,mannoroth,192,warrior,fury,6,2,4
30963,Kromgrall,tichondrius,192,warrior,fury,6,2,4
30964,Melithiae,barthilas,192,warrior,fury,6,2,4
30965,Tigas,icecrown,192,warrior,fury,6,2,4
30966,Mandragorn,kelthuzad,192,warrior,fury,6,2,4
30967,Assamith,nemesis,192,warrior,fury,6,2,4
30968,Druckerz,lightnings-blade,192,warrior,fury,6,2,4
30969,Painstake,illidan,192,warrior,fury,6,2,4
30970,Twilightzza,sargeras,192,warrior,fury,6,2,4
30971,Illicitiri,sargeras,192,warrior,fury,6,2,4
30972,Zdokk,sargeras,192,warrior,fury,6,2,4
30973,Còlòssal,moknathal,192,warrior,fury,6,2,4
30974,Sîn,sargeras,192,warrior,fury,6,2,4
30975,Kachigas,sargeras,192,warrior,fury,6,2,4
30976,Jäëgër,moon-guard,192,warrior,fury,6,2,4
30977,Eîghtysîx,sargeras,192,warrior,fury,6,2,4
30978,Gromtalin,sargeras,192,warrior,fury,6,2,4
30979,Lox,blades-edge,192,warrior,fury,6,2,4
30980,Ëdwärd,moon-guard,192,warrior,fury,6,2,4
30981,Stugwar,moon-guard,192,warrior,fury,6,2,4
30982,Tankieone,aggramar,192,warrior,fury,8,2,6
30983,Bonesheild,ursin,192,warrior,fury,11,2,9
30984,Norru,moon-guard,192,warrior,fury,12,2,10
30985,Queterompo,ragnaros,192,warrior,fury,12,2,10
30986,Doappy,darkspear,192,warrior,fury,12,2,10
30987,Baeowar,area-52,192,warrior,fury,18,2,16
30988,Naabii,moon-guard,191,warrior,fury,6,2,4
30989,Werrewolf,kul-tiras,191,warrior,fury,6,2,4
30990,Shoteiotoshi,ragnaros,191,warrior,fury,6,2,4
30991,Wayne,kargath,160,warrior,fury,16,2,14
30992,Crankyhorn,stormrage,159,warrior,fury,5,2,3
30993,Duxor,sargeras,128,warrior,fury,4,2,2
30994,Chiffonade,kelthuzad,128,warrior,fury,4,2,2
30995,Rhohan,ysera,128,warrior,fury,4,2,2
30996,Bootskrapp,azgalor,112,warrior,fury,7,2,5
30997,Bradockqt,azralon,96,warrior,fury,3,2,1
30998,Neotico,quelthalas,96,warrior,fury,6,1,5
30999,Sansãocore,nemesis,96,warrior,fury,6,1,5
31000,Choppin,sargeras,96,warrior,fury,6,1,5
31001,Hìm,tichondrius,96,warrior,fury,6,1,5
31002,Draann,kirin-tor,96,warrior,fury,6,1,5
31003,Lifaen,zangarmarsh,96,warrior,fury,6,1,5
31004,Trollchopo,kiljaeden,96,warrior,fury,6,1,5
31005,Freanor,azralon,96,warrior,fury,6,1,5
31006,Xiaohuzi,tichondrius,96,warrior,fury,6,1,5
31007,Warföx,stormrage,96,warrior,fury,6,1,5
31008,Murrdock,nesingwary,96,warrior,fury,6,1,5
31009,Grândmâ,zuljin,96,warrior,fury,6,1,5
31010,Icon,tichondrius,96,warrior,fury,6,1,5
31011,Augutra,moon-guard,96,warrior,fury,6,1,5
31012,Dokoba,bleeding-hollow,96,warrior,fury,6,1,5
31013,Aftershóck,daggerspine,96,warrior,fury,6,1,5
31014,Orsex,ragnaros,96,warrior,fury,6,1,5
31015,Andro,arthas,96,warrior,fury,6,1,5
31016,ßallinjr,illidan,96,warrior,fury,6,1,5
31017,Pingolona,nemesis,96,warrior,fury,6,1,5
31018,Gymnopolar,barthilas,96,warrior,fury,6,1,5
31019,Genesisxp,barthilas,96,warrior,fury,6,1,5
31020,Spartacam,frostmourne,96,warrior,fury,6,1,5
31021,Kevinersaa,frostmourne,96,warrior,fury,6,1,5
31022,Warriorlee,jubeithos,96,warrior,fury,6,1,5
31023,Aladarith,moon-guard,96,warrior,fury,6,1,5
31024,Carnagè,area-52,96,warrior,fury,6,1,5
31025,Décapitator,area-52,96,warrior,fury,6,1,5
31026,Dabdaddyy,dawnbringer,96,warrior,fury,6,1,5
31027,Magarrior,shadowsong,96,warrior,fury,6,1,5
31028,Flabergaster,skullcrusher,96,warrior,fury,6,1,5
31029,Srze,azralon,96,warrior,fury,6,1,5
31030,Broxar,area-52,96,warrior,fury,6,1,5
31031,Arkayla,moon-guard,96,warrior,fury,6,1,5
31032,Horabad,terenas,96,warrior,fury,6,1,5
31033,Trén,hydraxis,96,warrior,fury,6,1,5
31034,Kaikah,aegwynn,96,warrior,fury,6,1,5
31035,Polox,ragnaros,96,warrior,fury,6,1,5
31036,Ustadbaba,area-52,96,warrior,fury,6,1,5
31037,Bumrushed,tichondrius,96,warrior,fury,6,1,5
31038,Smashkuntz,lightnings-blade,96,warrior,fury,6,1,5
31039,Warrbull,spirestone,96,warrior,fury,6,1,5
31040,Tamagoshi,kiljaeden,96,warrior,fury,6,1,5
31041,Nasrôth,korialstrasz,96,warrior,fury,6,1,5
31042,Vvengencezz,the-underbog,96,warrior,fury,6,1,5
31043,Jujuassgeter,darkspear,96,warrior,fury,12,1,11
31044,Gigglamesh,muradin,64,warrior,fury,4,1,3
31045,Cremosö,azralon,64,warrior,fury,4,1,3
31046,Coverage,frostmourne,63,warrior,fury,2,2,0
31047,Ztg,tichondrius,42,warrior,fury,11,2,9
31048,Vioar,hyjal,31,warrior,fury,2,1,1
31049,Thiccbiscuit,area-52,2168,warrior,arms,133,67,66
31050,Zhanwudix,tichondrius,2162,warrior,arms,111,62,49
31051,Killbørn,azralon,2156,warrior,arms,90,47,43
31052,Turtleboy,feathermoon,2141,warrior,arms,79,45,34
31053,Todory,moon-guard,2137,warrior,arms,155,78,77
31054,Ðêed,area-52,2133,warrior,arms,81,46,35
31055,Río,area-52,2133,warrior,arms,124,63,61
31056,Huzha,tichondrius,2114,warrior,arms,117,64,53
31057,Warried,sargeras,2113,warrior,arms,66,37,29
31058,Strife,sargeras,2112,warrior,arms,56,32,24
31059,Edgarllama,sargeras,2103,warrior,arms,87,48,39
31060,ßallinjr,illidan,2103,warrior,arms,90,46,44
31061,Récksus,tichondrius,2101,warrior,arms,74,43,31
31062,Schonkopf,moon-guard,2100,warrior,arms,90,46,44
31063,Vø,agamaggan,2097,warrior,arms,141,73,68
31064,Exespamtwo,area-52,2052,warrior,arms,150,85,65
31065,Leans,sargeras,2048,warrior,arms,143,78,65
31066,Vituu,sargeras,2044,warrior,arms,98,49,49
31067,Dpoy,tichondrius,2039,warrior,arms,86,42,44
31068,Orclog,illidan,2033,warrior,arms,72,37,35
31069,Perfs,bleeding-hollow,2031,warrior,arms,90,48,42
31070,Exzistance,area-52,2026,warrior,arms,71,40,31
31071,Gyracide,area-52,2016,warrior,arms,101,49,52
31072,Ironbad,sargeras,1996,warrior,arms,76,42,34
31073,Executeqt,azralon,1981,warrior,arms,113,68,45
31074,Sziw,tichondrius,1981,warrior,arms,138,76,62
31075,Nikomasked,kelthuzad,1974,warrior,arms,48,28,20
31076,Lyrics,tichondrius,1969,warrior,arms,62,32,30
31077,Icarryrats,tichondrius,1967,warrior,arms,81,39,42
31078,Massacretko,area-52,1962,warrior,arms,88,50,38
31079,Salgadoryan,stormrage,1949,warrior,arms,125,62,63
31080,Foraken,dragonmaw,1948,warrior,arms,59,36,23
31081,Yermalx,tichondrius,1941,warrior,arms,54,30,24
31082,Hapigirl,tichondrius,1929,warrior,arms,42,30,12
31083,Trezturbo,tichondrius,1929,warrior,arms,99,55,44
31084,Kalpok,tichondrius,1928,warrior,arms,58,30,28
31085,Zankets,area-52,1925,warrior,arms,114,57,57
31086,Ricorecklezz,korgath,1925,warrior,arms,66,32,34
31087,Icanfixher,moon-guard,1921,warrior,arms,272,136,136
31088,Gormag,sargeras,1917,warrior,arms,54,32,22
31089,Tryhardr,sargeras,1914,warrior,arms,84,49,35
31090,Masumura,kaelthas,1909,warrior,arms,56,29,27
31091,Cosmicsteel,tichondrius,1908,warrior,arms,88,51,37
31092,Destrey,emerald-dream,1905,warrior,arms,71,41,30
31093,Yermalt,tichondrius,1905,warrior,arms,80,41,39
31094,Ælilblessedñ,azralon,1904,warrior,arms,148,76,72
31095,Solastro,malganis,1903,warrior,arms,68,32,36
31096,Madblackcat,illidan,1902,warrior,arms,58,34,24
31097,Foxxfighter,thrall,1902,warrior,arms,53,31,22
31098,Islonely,tichondrius,1902,warrior,arms,72,34,38
31099,Marfas,hyjal,1901,warrior,arms,147,80,67
31100,Og,shattered-hand,1900,warrior,arms,41,25,16
31101,Kimchikick,tichondrius,1899,warrior,arms,132,67,65
31102,Ignid,tichondrius,1893,warrior,arms,60,26,34
31103,Ssamök,ragnaros,1891,warrior,arms,209,100,109
31104,Paoxiaolol,tichondrius,1890,warrior,arms,73,47,26
31105,Bhaldur,sargeras,1889,warrior,arms,74,43,31
31106,Joshiguy,area-52,1889,warrior,arms,78,36,42
31107,Etchiasoko,gurubashi,1888,warrior,arms,42,30,12
31108,Pezy,frostmourne,1887,warrior,arms,114,57,57
31109,Buckwar,zuljin,1886,warrior,arms,48,26,22
31110,Mítos,quelthalas,1880,warrior,arms,120,61,59
31111,Xîonorc,ragnaros,1873,warrior,arms,120,62,58
31112,Belàriá,tichondrius,1872,warrior,arms,54,31,23
31113,Ikkyuo,proudmoore,1872,warrior,arms,54,27,27
31114,Huugg,skullcrusher,1869,warrior,arms,81,43,38
31115,Kawakamigens,azralon,1866,warrior,arms,84,41,43
31116,Bacchanal,illidan,1864,warrior,arms,66,32,34
31117,Grantlol,illidan,1862,warrior,arms,48,28,20
31118,Dawx,thrall,1862,warrior,arms,65,32,33
31119,Cushman,tichondrius,1860,warrior,arms,90,55,35
31120,Smorc,stormrage,1860,warrior,arms,54,28,26
31121,Spìke,thrall,1856,warrior,arms,149,75,74
31122,Szw,tichondrius,1855,warrior,arms,89,59,30
31123,Arivok,hyjal,1855,warrior,arms,71,35,36
31124,Pooshshi,illidan,1855,warrior,arms,60,29,31
31125,Betterthanu,azralon,1854,warrior,arms,138,72,66
31126,Archosaurs,illidan,1854,warrior,arms,48,23,25
31127,Evnine,illidan,1853,warrior,arms,39,29,10
31128,Ksharer,tichondrius,1853,warrior,arms,65,31,34
31129,Boblennon,tichondrius,1852,warrior,arms,60,25,35
31130,Zacharyx,tichondrius,1851,warrior,arms,179,88,91
31131,Ruzoc,frostmourne,1851,warrior,arms,112,50,62
31132,Nightheller,stormrage,1850,warrior,arms,48,22,26
31133,Comehnrfce,illidan,1850,warrior,arms,80,36,44
31134,Rageroidz,area-52,1848,warrior,arms,48,27,21
31135,Stáclin,ragnaros,1847,warrior,arms,294,170,124
31136,Icon,tichondrius,1846,warrior,arms,46,35,11
31137,Blozar,illidan,1846,warrior,arms,60,30,30
31138,Blackpînk,tichondrius,1845,warrior,arms,54,32,22
31139,Pdbq,tichondrius,1845,warrior,arms,48,28,20
31140,Battousai,kiljaeden,1844,warrior,arms,54,27,27
31141,Sukonamí,draka,1842,warrior,arms,60,33,27
31142,Veilsidewar,kelthuzad,1841,warrior,arms,102,60,42
31143,Krunnknator,azralon,1840,warrior,arms,41,26,15
31144,Kigame,tichondrius,1840,warrior,arms,96,53,43
31145,Narwhål,tichondrius,1840,warrior,arms,90,44,46
31146,Uzza,stormrage,1838,warrior,arms,60,34,26
31147,Kylewalker,tichondrius,1838,warrior,arms,71,32,39
31148,Kydrav,khadgar,1837,warrior,arms,46,25,21
31149,Ânticide,darkspear,1836,warrior,arms,72,37,35
31150,Croc,frostmourne,1834,warrior,arms,32,21,11
31151,Azaks,drakkari,1834,warrior,arms,42,24,18
31152,Fleegugeegu,malganis,1834,warrior,arms,90,45,45
31153,Bigbait,hyjal,1833,warrior,arms,60,31,29
31154,Arthurjlol,tichondrius,1833,warrior,arms,54,24,30
31155,Brilliance,suramar,1832,warrior,arms,60,30,30
31156,Darrowshire,moon-guard,1831,warrior,arms,41,23,18
31157,Frëdsmite,kelthuzad,1831,warrior,arms,144,77,67
31158,Damage,malganis,1829,warrior,arms,48,23,25
31159,Ruinenlust,zuljin,1828,warrior,arms,60,28,32
31160,Elpappa,tichondrius,1827,warrior,arms,48,42,6
31161,Recksus,tichondrius,1827,warrior,arms,42,31,11
31162,Undefied,moon-guard,1827,warrior,arms,39,25,14
31163,Sanquelme,ragnaros,1827,warrior,arms,63,32,31
31164,Jonathann,suramar,1827,warrior,arms,132,65,67
31165,Samuluo,tichondrius,1827,warrior,arms,66,30,36
31166,Blaíze,ragnaros,1826,warrior,arms,44,24,20
31167,Grayview,sargeras,1826,warrior,arms,77,41,36
31168,Seblleddo,drakkari,1826,warrior,arms,60,31,29
31169,Rebied,ragnaros,1826,warrior,arms,90,40,50
31170,Warriorbloo,sargeras,1825,warrior,arms,72,39,33
31171,Lebanesemvp,tichondrius,1825,warrior,arms,85,45,40
31172,Granzelion,tichondrius,1825,warrior,arms,72,34,38
31173,Coby,wildhammer,1823,warrior,arms,65,36,29
31174,Kiggs,tichondrius,1822,warrior,arms,48,27,21
31175,Cloudxxy,kiljaeden,1821,warrior,arms,51,27,24
31176,Soloqandy,moon-guard,1821,warrior,arms,60,29,31
31177,Meccsecute,tichondrius,1820,warrior,arms,102,54,48
31178,Anautumnday,tichondrius,1820,warrior,arms,48,24,24
31179,Honock,ragnaros,1820,warrior,arms,72,34,38
31180,Yeawen,tichondrius,1818,warrior,arms,42,23,19
31181,Beanbags,zangarmarsh,1818,warrior,arms,66,34,32
31182,Nozmok,proudmoore,1818,warrior,arms,65,33,32
31183,Barrbarossa,stormrage,1818,warrior,arms,92,46,46
31184,Thugdorr,sargeras,1818,warrior,arms,70,33,37
31185,Berzek,area-52,1816,warrior,arms,59,23,36
31186,Destram,kelthuzad,1815,warrior,arms,107,57,50
31187,Anti,nerzhul,1814,warrior,arms,57,30,27
31188,Dissector,ragnaros,1814,warrior,arms,54,28,26
31189,Zapatín,quelthalas,1814,warrior,arms,67,32,35
31190,Mäddôx,tichondrius,1814,warrior,arms,126,60,66
31191,Ðìbs,moon-guard,1813,warrior,arms,59,31,28
31192,Knuklez,tichondrius,1811,warrior,arms,64,33,31
31193,Dangerousd,kiljaeden,1811,warrior,arms,60,30,30
31194,Kaimedran,moon-guard,1810,warrior,arms,48,30,18
31195,Jadeemerald,kelthuzad,1810,warrior,arms,54,31,23
31196,Ürürææae,sargeras,1810,warrior,arms,189,94,95
31197,Melifehorde,tichondrius,1809,warrior,arms,42,25,17
31198,Møcat,illidan,1809,warrior,arms,90,52,38
31199,Gryffith,bleeding-hollow,1809,warrior,arms,81,36,45
31200,Ciz,emerald-dream,1808,warrior,arms,64,34,30
31201,Crøm,tichondrius,1807,warrior,arms,48,29,19
31202,Darkduet,tichondrius,1806,warrior,arms,64,30,34
31203,Sickwidit,kiljaeden,1805,warrior,arms,49,28,21
31204,Bigdaddyxo,whisperwind,1805,warrior,arms,41,23,18
31205,Noblewinter,sargeras,1805,warrior,arms,36,19,17
31206,Menethíl,tichondrius,1805,warrior,arms,52,27,25
31207,Tankypandazd,stormrage,1805,warrior,arms,174,81,93
31208,Mildlol,tichondrius,1804,warrior,arms,42,25,17
31209,Peinx,ragnaros,1804,warrior,arms,59,31,28
31210,Blackpinkx,tichondrius,1804,warrior,arms,42,19,23
31211,Vascoes,alleria,1803,warrior,arms,168,92,76
31212,Chakø,tichondrius,1803,warrior,arms,66,36,30
31213,Ariést,bleeding-hollow,1803,warrior,arms,42,20,22
31214,Cgelangdula,tichondrius,1802,warrior,arms,54,28,26
31215,Matesan,jubeithos,1801,warrior,arms,48,28,20
31216,Hìm,tichondrius,1801,warrior,arms,54,28,26
31217,Strongbaby,tichondrius,1800,warrior,arms,42,23,19
31218,Dogmar,staghelm,1800,warrior,arms,68,35,33
31219,Zira,thrall,1800,warrior,arms,115,59,56
31220,Këther,tichondrius,1800,warrior,arms,66,33,33
31221,Kustybuckets,korgath,1798,warrior,arms,46,27,19
31222,Sponsored,argent-dawn,1792,warrior,arms,59,26,33
31223,Zindawg,frostmourne,1786,warrior,arms,168,80,88
31224,Missrend,hyjal,1785,warrior,arms,108,53,55
31225,Aggnilia,proudmoore,1783,warrior,arms,85,40,45
31226,Ígnatius,malganis,1781,warrior,arms,48,31,17
31227,Mecc,tichondrius,1780,warrior,arms,48,23,25
31228,Slaten,barthilas,1779,warrior,arms,65,35,30
31229,Nanchobo,tichondrius,1778,warrior,arms,66,28,38
31230,Hoboedd,area-52,1776,warrior,arms,40,22,18
31231,Exëqt,nemesis,1776,warrior,arms,48,26,22
31232,Orçaos,ragnaros,1772,warrior,arms,114,65,49
31233,Støne,draktharon,1770,warrior,arms,59,34,25
31234,Draus,nemesis,1766,warrior,arms,113,61,52
31235,Rólex,tichondrius,1766,warrior,arms,54,25,29
31236,Heater,stormrage,1765,warrior,arms,53,28,25
31237,Tùngrâu,frostmourne,1764,warrior,arms,124,65,59
31238,Krbigcow,tichondrius,1764,warrior,arms,96,49,47
31239,Dawxw,thrall,1759,warrior,arms,41,24,17
31240,Yonkerss,garrosh,1756,warrior,arms,95,51,44
31241,Wootzu,zuljin,1754,warrior,arms,48,24,24
31242,Wartrue,tichondrius,1753,warrior,arms,84,40,44
31243,Wartruë,tichondrius,1752,warrior,arms,214,115,99
31244,Goonassassin,tichondrius,1748,warrior,arms,48,24,24
31245,Hoodrch,azralon,1747,warrior,arms,59,31,28
31246,Soultarius,area-52,1744,warrior,arms,54,26,28
31247,Ogrelurd,malygos,1743,warrior,arms,42,22,20
31248,Ollena,wyrmrest-accord,1743,warrior,arms,66,32,34
31249,Iwillcrushyo,darkspear,1743,warrior,arms,54,26,28
31250,Madwolf,tichondrius,1742,warrior,arms,67,29,38
31251,Picarus,thunderhorn,1740,warrior,arms,48,25,23
31252,Franziskaner,frostmourne,1738,warrior,arms,90,43,47
31253,Stonesoup,kelthuzad,1737,warrior,arms,77,32,45
31254,Goodlikeplay,ragnaros,1735,warrior,arms,42,22,20
31255,Bbyè,tichondrius,1734,warrior,arms,120,65,55
31256,Afrikunt,tichondrius,1733,warrior,arms,54,30,24
31257,Hoobaz,area-52,1732,warrior,arms,34,19,15
31258,Mantistabogn,zuluhed,1730,warrior,arms,43,26,17
31259,Dramalas,lightbringer,1730,warrior,arms,227,117,110
31260,Wulouzhan,tichondrius,1727,warrior,arms,71,41,30
31261,Krakatóa,kelthuzad,1726,warrior,arms,48,30,18
31262,Rocta,tichondrius,1726,warrior,arms,62,36,26
31263,Isnlonely,tichondrius,1725,warrior,arms,30,18,12
31264,Genghiz,azralon,1725,warrior,arms,42,25,17
31265,Athalen,nemesis,1724,warrior,arms,67,33,34
31266,Adaana,kargath,1723,warrior,arms,71,42,29
31267,Bigglyjoobs,tichondrius,1723,warrior,arms,48,21,27
31268,Swordborne,moon-guard,1722,warrior,arms,94,43,51
31269,Itsfall,tichondrius,1721,warrior,arms,42,21,21
31270,Noodlezz,moon-guard,1719,warrior,arms,53,23,30
31271,Hanadaddy,frostmourne,1718,warrior,arms,66,38,28
31272,Slaught,kelthuzad,1717,warrior,arms,59,30,29
31273,Raveve,area-52,1716,warrior,arms,47,27,20
31274,Cåfe,tichondrius,1715,warrior,arms,119,66,53
31275,Polydopam,tichondrius,1715,warrior,arms,41,21,20
31276,Kraftyx,bleeding-hollow,1714,warrior,arms,30,21,9
31277,Asstastic,bonechewer,1714,warrior,arms,125,56,69
31278,Bigladmike,sargeras,1714,warrior,arms,48,21,27
31279,Basedaf,frostmourne,1713,warrior,arms,78,42,36
31280,Stick,tichondrius,1711,warrior,arms,83,48,35
31281,Rafheeki,tichondrius,1711,warrior,arms,54,28,26
31282,Murderbell,tichondrius,1711,warrior,arms,66,33,33
31283,Lindsanv,illidan,1710,warrior,arms,80,47,33
31284,Warginger,malygos,1710,warrior,arms,41,23,18
31285,Illing,tichondrius,1710,warrior,arms,130,71,59
31286,Boomergodx,stormrage,1708,warrior,arms,78,43,35
31287,Pachacutecxx,ragnaros,1708,warrior,arms,69,37,32
31288,Smashies,kelthuzad,1708,warrior,arms,47,24,23
31289,Míasma,ragnaros,1703,warrior,arms,54,24,30
31290,Maddawgg,mugthol,1702,warrior,arms,46,23,23
31291,Glocç,sargeras,1701,warrior,arms,64,31,33
31292,Kromgrall,tichondrius,1701,warrior,arms,149,71,78
31293,Zarrdune,darkspear,1700,warrior,arms,30,21,9
31294,Coldlòve,akama,1699,warrior,arms,30,20,10
31295,Thrator,wyrmrest-accord,1699,warrior,arms,42,23,19
31296,Randydanger,illidan,1698,warrior,arms,54,24,30
31297,Debbie,bleeding-hollow,1696,warrior,arms,48,25,23
31298,Wolfsbanne,khadgar,1693,warrior,arms,96,55,41
31299,Rookìe,illidan,1691,warrior,arms,89,48,41
31300,Mezdrì,quelthalas,1690,warrior,arms,36,23,13
31301,Kâdé,malganis,1689,warrior,arms,30,18,12
31302,Lostsummer,frostmourne,1689,warrior,arms,58,31,27
31303,Kurodia,quelthalas,1689,warrior,arms,60,25,35
31304,Crushedlol,bleeding-hollow,1686,warrior,arms,36,20,16
31305,Thlam,muradin,1686,warrior,arms,54,27,27
31306,Spartus,kelthuzad,1686,warrior,arms,60,24,36
31307,Meowdaa,proudmoore,1686,warrior,arms,72,24,48
31308,Eqztw,tichondrius,1684,warrior,arms,42,31,11
31309,Bebob,tichondrius,1684,warrior,arms,62,33,29
31310,Bmo,chogall,1684,warrior,arms,87,44,43
31311,Chimbrila,azralon,1684,warrior,arms,102,44,58
31312,Zastrow,dalaran,1684,warrior,arms,48,18,30
31313,Nazraill,aggramar,1683,warrior,arms,75,42,33
31314,Ragefused,illidan,1683,warrior,arms,102,49,53
31315,Bakadoom,illidan,1682,warrior,arms,42,23,19
31316,Trágus,azralon,1680,warrior,arms,77,47,30
31317,Gtr,illidan,1679,warrior,arms,48,31,17
31318,Morioso,boulderfist,1677,warrior,arms,48,22,26
31319,Hildemir,tichondrius,1675,warrior,arms,42,23,19
31320,Tiredkev,tichondrius,1674,warrior,arms,42,23,19
31321,Bussupshut,kelthuzad,1673,warrior,arms,47,24,23
31322,Partyx,tichondrius,1673,warrior,arms,170,86,84
31323,Bigbrick,stormrage,1672,warrior,arms,48,25,23
31324,Urdem,moon-guard,1671,warrior,arms,66,35,31
31325,Doublezuglol,tichondrius,1671,warrior,arms,77,38,39
31326,Smokes,sargeras,1670,warrior,arms,90,41,49
31327,Qingmei,illidan,1670,warrior,arms,60,26,34
31328,Winota,frostmourne,1669,warrior,arms,30,22,8
31329,Brøly,sargeras,1669,warrior,arms,78,35,43
31330,Trackstarz,llane,1668,warrior,arms,78,46,32
31331,Amlahj,stormrage,1668,warrior,arms,53,30,23
31332,Razw,frostmourne,1666,warrior,arms,30,19,11
31333,Legoyoda,zuljin,1663,warrior,arms,54,29,25
31334,Edgárllama,sargeras,1663,warrior,arms,38,20,18
31335,Colössal,moon-guard,1663,warrior,arms,94,48,46
31336,Ystkk,tichondrius,1662,warrior,arms,42,25,17
31337,Bozzy,illidan,1662,warrior,arms,47,22,25
31338,Khørnë,ragnaros,1661,warrior,arms,54,30,24
31339,Killbórn,azralon,1660,warrior,arms,30,19,11
31340,Bugsberserk,tichondrius,1658,warrior,arms,101,54,47
31341,Hbrandy,tichondrius,1658,warrior,arms,35,18,17
31342,Axazel,drakkari,1657,warrior,arms,56,27,29
31343,Kames,garrosh,1655,warrior,arms,95,43,52
31344,Sineatér,frostmourne,1654,warrior,arms,61,30,31
31345,Maktarax,zuljin,1654,warrior,arms,40,18,22
31346,Rynrak,tichondrius,1653,warrior,arms,41,19,22
31347,Kilgorath,area-52,1652,warrior,arms,54,23,31
31348,Zenrrei,ragnaros,1648,warrior,arms,78,44,34
31349,Dalan,korgath,1647,warrior,arms,36,22,14
31350,Bøek,area-52,1646,warrior,arms,86,39,47
31351,Blodreìna,hyjal,1645,warrior,arms,76,38,38
31352,Rainingblooð,blackrock,1644,warrior,arms,97,50,47
31353,Twshizgd,proudmoore,1644,warrior,arms,108,52,56
31354,Pipedoctor,kelthuzad,1642,warrior,arms,30,21,9
31355,Stickybladez,frostmourne,1641,warrior,arms,96,53,43
31356,Pepétí,azralon,1641,warrior,arms,101,50,51
31357,Sonjeba,malganis,1640,warrior,arms,70,32,38
31358,Fulaixiong,illidan,1639,warrior,arms,51,34,17
31359,Hickorie,sargeras,1638,warrior,arms,54,28,26
31360,Wargasmx,tichondrius,1638,warrior,arms,46,22,24
31361,Sakutarou,lightbringer,1637,warrior,arms,130,62,68
31362,Ngu,eldrethalas,1636,warrior,arms,53,26,27
31363,Jottman,tichondrius,1635,warrior,arms,72,31,41
31364,Ciskokido,illidan,1634,warrior,arms,42,23,19
31365,Xiaoheihei,tichondrius,1634,warrior,arms,99,45,54
31366,Droguernaut,tichondrius,1633,warrior,arms,47,25,22
31367,Malerick,illidan,1631,warrior,arms,57,25,32
31368,Delakos,frostmourne,1630,warrior,arms,66,37,29
31369,Furykets,proudmoore,1629,warrior,arms,38,19,19
31370,Hõdõnsin,tichondrius,1628,warrior,arms,57,26,31
31371,Zeroskill,cenarius,1626,warrior,arms,60,28,32
31372,Kazecap,proudmoore,1626,warrior,arms,66,29,37
31373,Orgnosh,tichondrius,1625,warrior,arms,96,52,44
31374,Gutting,moon-guard,1625,warrior,arms,36,18,18
31375,Jgillz,sargeras,1624,warrior,arms,30,17,13
31376,Bddg,tichondrius,1623,warrior,arms,30,18,12
31377,Pkkcrisis,archimonde,1623,warrior,arms,30,17,13
31378,Testflight,tichondrius,1623,warrior,arms,54,30,24
31379,Bwandøn,moon-guard,1623,warrior,arms,76,38,38
31380,Ðrex,nagrand,1621,warrior,arms,45,27,18
31381,Mynameyaff,tichondrius,1621,warrior,arms,75,44,31
31382,Crowsfall,aggramar,1621,warrior,arms,166,83,83
31383,Jdubzr,frostmourne,1621,warrior,arms,48,22,26
31384,Stooklol,tichondrius,1621,warrior,arms,54,22,32
31385,Brendanshwab,bleeding-hollow,1618,warrior,arms,24,17,7
31386,Invalidoath,tichondrius,1618,warrior,arms,36,20,16
31387,Achilex,sargeras,1617,warrior,arms,127,66,61
31388,Ryängosling,azralon,1616,warrior,arms,150,83,67
31389,Bromro,tichondrius,1616,warrior,arms,80,39,41
31390,Necroticism,bleeding-hollow,1616,warrior,arms,36,17,19
31391,Timbermack,moon-guard,1615,warrior,arms,78,43,35
31392,Ichirisw,tichondrius,1615,warrior,arms,47,23,24
31393,Hônor,ragnaros,1615,warrior,arms,42,20,22
31394,Anukhar,emerald-dream,1614,warrior,arms,60,33,27
31395,Rittylord,frostmourne,1614,warrior,arms,66,36,30
31396,Fluffyarm,sargeras,1614,warrior,arms,108,53,55
31397,Metalchileno,ragnaros,1614,warrior,arms,48,20,28
31398,Willcharge,tichondrius,1614,warrior,arms,49,17,32
31399,Myndon,area-52,1613,warrior,arms,37,27,10
31400,Tastý,moon-guard,1612,warrior,arms,42,17,25
31401,Hofukumizuki,tichondrius,1612,warrior,arms,54,21,33
31402,Xwarz,drakkari,1610,warrior,arms,36,17,19
31403,Sindevelor,tichondrius,1609,warrior,arms,43,25,18
31404,Sosimi,tichondrius,1609,warrior,arms,60,34,26
31405,Thebigsmash,tichondrius,1609,warrior,arms,42,23,19
31406,Tatsuu,tichondrius,1608,warrior,arms,222,109,113
31407,Marvachi,moon-guard,1608,warrior,arms,50,23,27
31408,Fartazz,zuljin,1608,warrior,arms,48,22,26
31409,Furydudz,tichondrius,1607,warrior,arms,42,21,21
31410,Dokgö,tichondrius,1607,warrior,arms,54,24,30
31411,Brainhaze,tichondrius,1606,warrior,arms,48,21,27
31412,Maraudertko,area-52,1605,warrior,arms,30,17,13
31413,Mitigated,bleeding-hollow,1605,warrior,arms,42,22,20
31414,Bìgpoppapump,tichondrius,1605,warrior,arms,72,36,36
31415,Myxz,barthilas,1605,warrior,arms,120,59,61
31416,Ethuil,azshara,1605,warrior,arms,53,23,30
31417,Hookahboss,area-52,1604,warrior,arms,34,20,14
31418,Zaràki,area-52,1604,warrior,arms,174,89,85
31419,Bleedx,bleeding-hollow,1603,warrior,arms,51,30,21
31420,Yamadaflash,tichondrius,1603,warrior,arms,37,21,16
31421,Sinbãd,sargeras,1603,warrior,arms,59,27,32
31422,Sheriff,eldrethalas,1600,warrior,arms,54,31,23
31423,Yabahdabah,stormrage,1600,warrior,arms,75,41,34
31424,Soupwar,moon-guard,1599,warrior,arms,46,22,24
31425,Arx,frostwolf,1598,warrior,arms,87,46,41
31426,Patwong,frostmourne,1597,warrior,arms,66,36,30
31427,Lôwkeyfix,illidan,1597,warrior,arms,42,20,22
31428,Raph,barthilas,1595,warrior,arms,36,20,16
31429,Riggragg,tichondrius,1594,warrior,arms,42,26,16
31430,Rapcherawr,illidan,1593,warrior,arms,33,20,13
31431,Elchacál,ragnaros,1592,warrior,arms,60,27,33
31432,Bigdude,frostwolf,1590,warrior,arms,30,20,10
31433,Matrias,tichondrius,1589,warrior,arms,64,39,25
31434,Meatbone,emerald-dream,1589,warrior,arms,84,48,36
31435,Mistrpower,bleeding-hollow,1589,warrior,arms,78,44,34
31436,Wutains,tichondrius,1589,warrior,arms,36,19,17
31437,Cutgirl,quelthalas,1589,warrior,arms,44,19,25
31438,Dewbae,whisperwind,1586,warrior,arms,72,37,35
31439,Groundpound,sargeras,1586,warrior,arms,54,26,28
31440,Arkkaine,sargeras,1586,warrior,arms,48,23,25
31441,Indominate,tichondrius,1586,warrior,arms,68,27,41
31442,Homebody,uldaman,1585,warrior,arms,38,25,13
31443,Sheetss,tichondrius,1585,warrior,arms,48,23,25
31444,Dukà,hyjal,1582,warrior,arms,42,24,18
31445,Swagramarr,area-52,1582,warrior,arms,63,33,30
31446,Jrod,boulderfist,1582,warrior,arms,168,87,81
31447,Gannïcûs,drakkari,1582,warrior,arms,53,20,33
31448,Hydrolisk,area-52,1581,warrior,arms,108,54,54
31449,Ragetodef,illidan,1579,warrior,arms,90,45,45
31450,Ottø,area-52,1578,warrior,arms,66,36,30
31451,Bobu,area-52,1578,warrior,arms,40,21,19
31452,Garrmash,hyjal,1578,warrior,arms,151,75,76
31453,Slitt,azralon,1577,warrior,arms,48,28,20
31454,Därkzh,stormrage,1576,warrior,arms,30,20,10
31455,Delphont,stormrage,1576,warrior,arms,65,34,31
31456,Juuz,frostmourne,1575,warrior,arms,114,56,58
31457,Rukittenme,area-52,1575,warrior,arms,42,20,22
31458,Lunartime,sargeras,1575,warrior,arms,42,20,22
31459,Theokos,dalaran,1575,warrior,arms,54,25,29
31460,Aumni,illidan,1574,warrior,arms,86,39,47
31461,Johnnysmizle,kelthuzad,1573,warrior,arms,53,23,30
31462,Cokeroom,tichondrius,1572,warrior,arms,37,21,16
31463,Yarock,malganis,1571,warrior,arms,84,38,46
31464,Creøn,silvermoon,1570,warrior,arms,42,20,22
31465,Sulze,tichondrius,1570,warrior,arms,129,59,70
31466,Ÿüñí,tichondrius,1570,warrior,arms,42,19,23
31467,Mahoogler,hakkar,1570,warrior,arms,48,21,27
31468,Rongor,drakkari,1569,warrior,arms,36,18,18
31469,Shadderaz,sargeras,1568,warrior,arms,30,18,12
31470,Raahjz,sargeras,1568,warrior,arms,36,18,18
31471,Zenchi,nerzhul,1568,warrior,arms,47,19,28
31472,PlayerRNKMRN,korgath,1567,warrior,arms,55,35,20
31473,Twilightrain,tichondrius,1565,warrior,arms,231,121,110
31474,Pigzig,nagrand,1564,warrior,arms,36,18,18
31475,Chogar,proudmoore,1562,warrior,arms,64,34,30
31476,Executie,duskwood,1562,warrior,arms,73,36,37
31477,Nerdstompêr,illidan,1561,warrior,arms,54,23,31
31478,Kakamallo,black-dragonflight,1560,warrior,arms,171,92,79
31479,Oppressor,darkspear,1560,warrior,arms,58,30,28
31480,Shadowstingg,tichondrius,1560,warrior,arms,40,17,23
31481,Naejwar,ragnaros,1559,warrior,arms,149,79,70
31482,Monstersynde,nemesis,1556,warrior,arms,84,43,41
31483,Ôn,tichondrius,1555,warrior,arms,96,44,52
31484,Destructör,nagrand,1554,warrior,arms,81,42,39
31485,Rockstedy,area-52,1552,warrior,arms,44,22,22
31486,Crystaríum,stormrage,1552,warrior,arms,42,20,22
31487,Traumaj,bleeding-hollow,1551,warrior,arms,97,53,44
31488,Larrylurker,proudmoore,1551,warrior,arms,42,22,20
31489,Ghóstx,alleria,1550,warrior,arms,53,37,16
31490,Titanzz,quelthalas,1550,warrior,arms,71,35,36
31491,Itskel,stormreaver,1546,warrior,arms,44,23,21
31492,Roidraging,thunderlord,1545,warrior,arms,137,62,75
31493,Warriordanim,tichondrius,1545,warrior,arms,126,56,70
31494,Abbastanza,tichondrius,1544,warrior,arms,51,18,33
31495,Zyppz,sargeras,1543,warrior,arms,38,26,12
31496,Fyruz,sargeras,1542,warrior,arms,74,41,33
31497,Know,anetheron,1542,warrior,arms,98,45,53
31498,Smokedaperc,illidan,1540,warrior,arms,78,44,34
31499,Danceylol,barthilas,1537,warrior,arms,42,17,25
31500,Warrgawd,illidan,1535,warrior,arms,53,26,27
31501,Rohta,kiljaeden,1535,warrior,arms,47,21,26
31502,Dotlom,wyrmrest-accord,1534,warrior,arms,92,44,48
31503,Kirown,quelthalas,1533,warrior,arms,56,21,35
31504,Ashantia,stormrage,1532,warrior,arms,55,29,26
31505,Yunnkel,ragnaros,1532,warrior,arms,58,30,28
31506,Ashtonx,sargeras,1531,warrior,arms,24,16,8
31507,Rokgral,tichondrius,1531,warrior,arms,56,29,27
31508,Wingedknight,malganis,1531,warrior,arms,94,45,49
31509,Gravewurm,twisting-nether,1527,warrior,arms,24,16,8
31510,Lehzera,frostmourne,1526,warrior,arms,44,20,24
31511,Flynnstone,tichondrius,1524,warrior,arms,30,19,11
31512,Magicalol,tichondrius,1523,warrior,arms,30,16,14
31513,Heylol,blackhand,1523,warrior,arms,36,16,20
31514,Stinkyw,tichondrius,1522,warrior,arms,37,21,16
31515,Chaytin,bleeding-hollow,1521,warrior,arms,26,16,10
31516,Kimed,nordrassil,1520,warrior,arms,30,16,14
31517,Flexìn,tichondrius,1520,warrior,arms,36,16,20
31518,Hoodlark,lightbringer,1520,warrior,arms,48,19,29
31519,Randysnapper,zuljin,1519,warrior,arms,24,16,8
31520,Wouili,zuljin,1519,warrior,arms,85,54,31
31521,Ichigö,gundrak,1519,warrior,arms,51,25,26
31522,Ramzeé,kelthuzad,1518,warrior,arms,67,38,29
31523,Krimgar,quelthalas,1518,warrior,arms,52,21,31
31524,Damiansuv,moon-guard,1516,warrior,arms,153,73,80
31525,Jimjinjin,tichondrius,1515,warrior,arms,30,16,14
31526,Brayitann,illidan,1514,warrior,arms,49,27,22
31527,Dtrumpo,moon-guard,1513,warrior,arms,52,27,25
31528,Firesx,tichondrius,1512,warrior,arms,30,17,13
31529,Tuvia,malganis,1511,warrior,arms,177,89,88
31530,Raala,cenarius,1510,warrior,arms,45,31,14
31531,Cathillex,eonar,1510,warrior,arms,24,16,8
31532,Tríxman,moon-guard,1510,warrior,arms,104,60,44
31533,Duxor,sargeras,1509,warrior,arms,42,16,26
31534,Línfert,stormrage,1508,warrior,arms,77,39,38
31535,Flexeçute,moon-guard,1508,warrior,arms,66,30,36
31536,Lyliumn,frostmourne,1508,warrior,arms,42,19,23
31537,Lionbuster,ragnaros,1507,warrior,arms,30,19,11
31538,Machete,nemesis,1507,warrior,arms,76,40,36
31539,Punknicanor,quelthalas,1507,warrior,arms,54,27,27
31540,Bâlthor,quelthalas,1507,warrior,arms,50,22,28
31541,Alator,gorgonnash,1501,warrior,arms,30,17,13
31542,Stormlørd,frostmourne,1501,warrior,arms,40,20,20
31543,Skronkar,illidan,1501,warrior,arms,78,37,41
31544,Duroxzee,area-52,1500,warrior,arms,132,74,58
31545,Swólepetrol,tichondrius,1499,warrior,arms,30,16,14
31546,Rampage,azralon,1498,warrior,arms,89,46,43
31547,Zalakan,malganis,1497,warrior,arms,24,16,8
31548,Tcchmm,akama,1497,warrior,arms,64,28,36
31549,Spartiguss,emerald-dream,1496,warrior,arms,29,16,13
31550,Gorenay,nemesis,1496,warrior,arms,30,16,14
31551,Utgarde,stormrage,1496,warrior,arms,176,92,84
31552,Scrümp,illidan,1496,warrior,arms,49,24,25
31553,Chinamonk,tichondrius,1496,warrior,arms,77,36,41
31554,Hotdadparty,frostmourne,1496,warrior,arms,54,25,29
31555,Danield,illidan,1496,warrior,arms,42,16,26
31556,Flintish,moon-guard,1495,warrior,arms,48,30,18
31557,Xunxie,tichondrius,1494,warrior,arms,41,20,21
31558,Beaerboy,darkspear,1494,warrior,arms,90,41,49
31559,Datneck,tichondrius,1493,warrior,arms,30,16,14
31560,Lsays,tichondrius,1492,warrior,arms,68,34,34
31561,Torimzor,nemesis,1490,warrior,arms,120,66,54
31562,Ihadnochoice,barthilas,1490,warrior,arms,124,60,64
31563,Garadiels,tichondrius,1490,warrior,arms,73,31,42
31564,Sinsinatra,azralon,1489,warrior,arms,168,82,86
31565,Karrok,zuluhed,1489,warrior,arms,144,67,77
31566,Ôxluck,ragnaros,1489,warrior,arms,74,27,47
31567,Spartacam,frostmourne,1488,warrior,arms,114,56,58
31568,Taywar,sargeras,1488,warrior,arms,60,29,31
31569,Metalwarr,illidan,1487,warrior,arms,30,16,14
31570,Blightscream,bleeding-hollow,1487,warrior,arms,60,28,32
31571,Zänn,dalaran,1486,warrior,arms,60,38,22
31572,Relerocker,area-52,1486,warrior,arms,38,22,16
31573,Wmf,frostmourne,1486,warrior,arms,78,35,43
31574,Muskratz,tichondrius,1485,warrior,arms,30,16,14
31575,Karnakk,thrall,1485,warrior,arms,41,16,25
31576,Ogeezus,crushridge,1484,warrior,arms,36,17,19
31577,Dorianfrost,ravenholdt,1483,warrior,arms,54,20,34
31578,Frankoiz,quelthalas,1482,warrior,arms,42,19,23
31579,Tern,emerald-dream,1481,warrior,arms,58,33,25
31580,Xenogears,boulderfist,1480,warrior,arms,90,49,41
31581,Aloregorey,malganis,1480,warrior,arms,78,34,44
31582,Kissmyaxê,tichondrius,1480,warrior,arms,51,21,30
31583,Brutallicus,kelthuzad,1479,warrior,arms,33,17,16
31584,Michaelrossx,bloodhoof,1479,warrior,arms,138,66,72
31585,Volstraya,frostmourne,1478,warrior,arms,36,18,18
31586,Slyith,shadow-council,1477,warrior,arms,60,30,30
31587,Rainzy,stormrage,1476,warrior,arms,36,16,20
31588,Weedow,proudmoore,1474,warrior,arms,29,16,13
31589,Calmaah,frostmourne,1473,warrior,arms,40,22,18
31590,Naughtytwat,tichondrius,1472,warrior,arms,183,90,93
31591,Dann,ragnaros,1472,warrior,arms,84,39,45
31592,Lòrdnasher,tichondrius,1471,warrior,arms,53,29,24
31593,Lisande,sargeras,1470,warrior,arms,52,32,20
31594,Kolosal,tichondrius,1469,warrior,arms,33,16,17
31595,Mardrex,korgath,1469,warrior,arms,36,16,20
31596,Thurman,spirestone,1467,warrior,arms,44,26,18
31597,Luosifen,tichondrius,1467,warrior,arms,131,66,65
31598,Shiv,illidan,1467,warrior,arms,69,31,38
31599,Morfoggore,ragnaros,1467,warrior,arms,36,16,20
31600,Slamix,area-52,1465,warrior,arms,57,31,26
31601,Eggroll,emerald-dream,1465,warrior,arms,47,17,30
31602,Gwendolynl,hyjal,1464,warrior,arms,55,29,26
31603,Toughguts,saurfang,1464,warrior,arms,60,29,31
31604,Legbreaker,tichondrius,1463,warrior,arms,30,16,14
31605,Torzzen,azralon,1462,warrior,arms,35,18,17
31606,Unstàble,frostmourne,1462,warrior,arms,42,20,22
31607,Pelonna,drakkari,1462,warrior,arms,108,50,58
31608,Nyle,zuljin,1462,warrior,arms,42,19,23
31609,Sertss,proudmoore,1462,warrior,arms,71,30,41
31610,Furyass,bleeding-hollow,1460,warrior,arms,78,43,35
31611,Shortgoofy,sargeras,1460,warrior,arms,116,54,62
31612,Nabiouscx,malganis,1460,warrior,arms,101,47,54
31613,Themudcrab,frostmourne,1459,warrior,arms,109,46,63
31614,Warlow,korgath,1458,warrior,arms,58,26,32
31615,Mommysharky,illidan,1457,warrior,arms,36,26,10
31616,Rads,stormscale,1457,warrior,arms,57,31,26
31617,Zeerohkool,malganis,1457,warrior,arms,68,31,37
31618,Dji,tichondrius,1456,warrior,arms,161,80,81
31619,Bullmastic,deathwing,1456,warrior,arms,46,21,25
31620,Pongk,tichondrius,1456,warrior,arms,57,17,40
31621,Amaragos,tichondrius,1455,warrior,arms,62,37,25
31622,Jotto,zuljin,1455,warrior,arms,36,18,18
31623,Banhaezzi,tichondrius,1455,warrior,arms,106,49,57
31624,Xaka,tichondrius,1455,warrior,arms,42,19,23
31625,Draganovich,aerie-peak,1454,warrior,arms,36,19,17
31626,Zhânshen,tichondrius,1454,warrior,arms,48,24,24
31627,Alexitwo,ragnaros,1453,warrior,arms,42,25,17
31628,Doves,tichondrius,1453,warrior,arms,33,16,17
31629,Arot,bloodhoof,1453,warrior,arms,93,42,51
31630,Mailløche,bleeding-hollow,1452,warrior,arms,60,32,28
31631,Dualip,tichondrius,1451,warrior,arms,72,38,34
31632,Biznizwar,sargeras,1450,warrior,arms,124,61,63
31633,Ewenki,tichondrius,1449,warrior,arms,93,47,46
31634,Wellowarr,moon-guard,1448,warrior,arms,78,34,44
31635,Fraannky,windrunner,1447,warrior,arms,48,24,24
31636,Rárict,moon-guard,1445,warrior,arms,46,26,20
31637,Shawnemd,proudmoore,1445,warrior,arms,54,29,25
31638,Saleem,tichondrius,1445,warrior,arms,109,54,55
31639,Arctures,stormrage,1442,warrior,arms,60,35,25
31640,Ashbringera,proudmoore,1442,warrior,arms,120,57,63
31641,Frashes,darkspear,1442,warrior,arms,49,22,27
31642,Riskydevil,azralon,1441,warrior,arms,40,23,17
31643,Muertededios,quelthalas,1441,warrior,arms,123,62,61
31644,Yirko,quelthalas,1440,warrior,arms,56,24,32
31645,Bigjbs,tichondrius,1439,warrior,arms,24,15,9
31646,Ðêad,area-52,1439,warrior,arms,24,15,9
31647,Unkultom,stormrage,1439,warrior,arms,51,26,25
31648,Crownzz,tichondrius,1439,warrior,arms,30,15,15
31649,Arthwarf,proudmoore,1439,warrior,arms,48,22,26
31650,Darkfang,icecrown,1438,warrior,arms,48,26,22
31651,Jichelei,tichondrius,1438,warrior,arms,72,35,37
31652,Kowboy,stormrage,1438,warrior,arms,72,34,38
31653,Loosz,stormrage,1438,warrior,arms,36,15,21
31654,Graelus,terenas,1437,warrior,arms,43,24,19
31655,Nikon,bleeding-hollow,1435,warrior,arms,42,16,26
31656,Grumtak,azralon,1434,warrior,arms,29,16,13
31657,Bozwar,tichondrius,1434,warrior,arms,30,16,14
31658,Vatix,sargeras,1434,warrior,arms,30,15,15
31659,Xenowar,alleria,1434,warrior,arms,66,29,37
31660,Samwolok,tichondrius,1433,warrior,arms,30,15,15
31661,Tenchuu,azralon,1433,warrior,arms,53,22,31
31662,Badguys,illidan,1431,warrior,arms,36,15,21
31663,Golkän,goldrinn,1430,warrior,arms,42,21,21
31664,Powerhard,area-52,1430,warrior,arms,51,25,26
31665,Naxxiki,wyrmrest-accord,1429,warrior,arms,42,25,17
31666,Klouddraft,tichondrius,1428,warrior,arms,39,22,17
31667,Orahard,illidan,1428,warrior,arms,128,57,71
31668,Shiiftybuga,frostmourne,1427,warrior,arms,50,27,23
31669,Excaliburz,frostmourne,1427,warrior,arms,83,44,39
31670,Machineofwar,zuluhed,1427,warrior,arms,102,49,53
31671,Hulkbuster,ragnaros,1427,warrior,arms,42,18,24
31672,Slamuëladams,bleeding-hollow,1427,warrior,arms,36,15,21
31673,Kadira,stormrage,1427,warrior,arms,90,37,53
31674,Creepi,sargeras,1426,warrior,arms,32,17,15
31675,Warsaínt,area-52,1425,warrior,arms,53,27,26
31676,Dinogc,barthilas,1424,warrior,arms,32,17,15
31677,Rèckit,thrall,1424,warrior,arms,36,15,21
31678,Milough,nesingwary,1423,warrior,arms,36,17,19
31679,Disarmiea,cairne,1423,warrior,arms,57,26,31
31680,Tergll,illidan,1423,warrior,arms,51,23,28
31681,Cjz,tichondrius,1422,warrior,arms,42,25,17
31682,Automator,proudmoore,1422,warrior,arms,36,15,21
31683,Wapistun,thrall,1421,warrior,arms,36,19,17
31684,Kralo,moon-guard,1421,warrior,arms,33,16,17
31685,Typhön,tichondrius,1421,warrior,arms,44,17,27
31686,Braxin,dalaran,1420,warrior,arms,60,31,29
31687,Mahkrash,quelthalas,1420,warrior,arms,47,22,25
31688,Noyel,tichondrius,1419,warrior,arms,31,15,16
31689,Overswing,tichondrius,1418,warrior,arms,60,22,38
31690,Saîyanroyce,barthilas,1417,warrior,arms,131,64,67
31691,Iigotu,tichondrius,1417,warrior,arms,130,61,69
31692,Enilaw,proudmoore,1416,warrior,arms,38,21,17
31693,Kilrosao,nordrassil,1416,warrior,arms,59,32,27
31694,Aaryn,caelestrasz,1415,warrior,arms,104,56,48
31695,Ártorius,sargeras,1415,warrior,arms,36,17,19
31696,Auzery,emerald-dream,1415,warrior,arms,36,15,21
31697,Ukris,area-52,1414,warrior,arms,83,45,38
31698,Kahuwuna,tichondrius,1414,warrior,arms,30,15,15
31699,Scumrat,frostmourne,1414,warrior,arms,66,32,34
31700,Korboc,malganis,1413,warrior,arms,60,29,31
31701,Slickpapi,area-52,1413,warrior,arms,81,38,43
31702,Babyguns,tichondrius,1412,warrior,arms,30,17,13
31703,Visenyä,mannoroth,1412,warrior,arms,42,16,26
31704,Armsprotfury,tichondrius,1411,warrior,arms,36,21,15
31705,Atróx,quelthalas,1409,warrior,arms,30,15,15
31706,Ðarkstar,zuljin,1409,warrior,arms,135,61,74
31707,Dcashmoney,moon-guard,1409,warrior,arms,54,20,34
31708,Warthorns,malganis,1408,warrior,arms,49,17,32
31709,Bigdingus,frostwolf,1406,warrior,arms,54,23,31
31710,Kréix,sargeras,1405,warrior,arms,36,15,21
31711,Killborn,tichondrius,1405,warrior,arms,42,16,26
31712,Yummysushi,gorgonnash,1404,warrior,arms,76,31,45
31713,Allgas,barthilas,1403,warrior,arms,53,31,22
31714,Dúmßlòwn,tichondrius,1403,warrior,arms,138,66,72
31715,Aloloco,ragnaros,1403,warrior,arms,66,30,36
31716,Ohanaglad,illidan,1403,warrior,arms,42,19,23
31717,Gusbus,malganis,1402,warrior,arms,30,19,11
31718,Nightshauyia,kelthuzad,1401,warrior,arms,33,19,14
31719,Armamortal,kelthuzad,1401,warrior,arms,107,52,55
31720,Brocky,malorne,1401,warrior,arms,285,134,151
31721,Horsekok,tichondrius,1399,warrior,arms,24,15,9
31722,Peeb,tichondrius,1399,warrior,arms,30,15,15
31723,Doomreaper,hellscream,1398,warrior,arms,35,18,17
31724,Tenebrous,nemesis,1397,warrior,arms,48,20,28
31725,Shishokun,quelthalas,1394,warrior,arms,46,20,26
31726,Zaexx,stormrage,1393,warrior,arms,35,18,17
31727,Magnar,zuljin,1392,warrior,arms,42,25,17
31728,Vanglorio,azralon,1392,warrior,arms,81,44,37
31729,Neozsmash,thrall,1392,warrior,arms,42,22,20
31730,Sludgthwaps,stormrage,1392,warrior,arms,48,24,24
31731,Mjorn,sargeras,1392,warrior,arms,58,28,30
31732,Fatnfurious,dunemaul,1392,warrior,arms,44,21,23
31733,Belldor,barthilas,1392,warrior,arms,66,23,43
31734,Bigster,malganis,1391,warrior,arms,30,16,14
31735,Nicegirl,sargeras,1391,warrior,arms,69,36,33
31736,Azog,bleeding-hollow,1389,warrior,arms,42,24,18
31737,Khargrok,ragnaros,1389,warrior,arms,30,15,15
31738,Apallô,tichondrius,1388,warrior,arms,89,40,49
31739,Ëssex,tichondrius,1388,warrior,arms,65,28,37
31740,Momojojo,daggerspine,1385,warrior,arms,26,18,8
31741,Zaurka,sargeras,1385,warrior,arms,24,15,9
31742,Irix,tichondrius,1385,warrior,arms,68,36,32
31743,Tzumugi,ragnaros,1383,warrior,arms,177,84,93
31744,Ghostss,tichondrius,1382,warrior,arms,67,29,38
31745,Eîghtysîx,sargeras,1382,warrior,arms,100,43,57
31746,Verain,thrall,1381,warrior,arms,36,17,19
31747,Druckerz,lightnings-blade,1379,warrior,arms,42,15,27
31748,Solano,illidan,1378,warrior,arms,36,23,13
31749,Jeffe,khadgar,1378,warrior,arms,68,28,40
31750,Luckyw,draktharon,1375,warrior,arms,42,23,19
31751,Aesom,wyrmrest-accord,1375,warrior,arms,103,56,47
31752,Kannzox,quelthalas,1375,warrior,arms,67,33,34
31753,Dolkal,tichondrius,1375,warrior,arms,57,21,36
31754,Nagaboner,frostmourne,1371,warrior,arms,47,25,22
31755,Tusktrollmon,illidan,1369,warrior,arms,55,27,28
31756,Asc,barthilas,1365,warrior,arms,87,47,40
31757,Jalaskâ,azralon,1364,warrior,arms,40,21,19
31758,Sevala,spinebreaker,1363,warrior,arms,58,32,26
31759,Chanchoswar,ragnaros,1362,warrior,arms,63,25,38
31760,Mervyn,aegwynn,1360,warrior,arms,48,29,19
31761,Gwlade,sargeras,1359,warrior,arms,39,19,20
31762,Davidorco,drakkari,1359,warrior,arms,35,17,18
31763,Saltyundies,tichondrius,1359,warrior,arms,105,47,58
31764,Lègèndáry,dark-iron,1359,warrior,arms,48,21,27
31765,Korsarro,frostmourne,1357,warrior,arms,68,32,36
31766,Chawp,emerald-dream,1355,warrior,arms,41,23,18
31767,Bùlk,barthilas,1355,warrior,arms,77,33,44
31768,Dishonorkill,dentarg,1354,warrior,arms,25,15,10
31769,Lowlow,lightbringer,1354,warrior,arms,36,16,20
31770,Dropopen,tichondrius,1354,warrior,arms,48,15,33
31771,Morhgath,bonechewer,1352,warrior,arms,43,22,21
31772,Guitter,nazjatar,1352,warrior,arms,36,16,20
31773,Cheeriozz,thrall,1351,warrior,arms,36,18,18
31774,Nviv,proudmoore,1351,warrior,arms,90,40,50
31775,Rokó,illidan,1351,warrior,arms,48,20,28
31776,Swordmasters,icecrown,1350,warrior,arms,42,18,24
31777,Brotu,nemesis,1349,warrior,arms,93,53,40
31778,Thegoochgoon,malorne,1347,warrior,arms,57,31,26
31779,Dimus,area-52,1347,warrior,arms,36,15,21
31780,Rasgriz,moon-guard,1346,warrior,arms,43,20,23
31781,Xufoxpikmin,gurubashi,1345,warrior,arms,64,26,38
31782,Radamäntthys,nemesis,1345,warrior,arms,54,16,38
31783,ßaldbornë,stormrage,1344,warrior,arms,94,47,47
31784,Nosfuratuzod,frostmourne,1343,warrior,arms,30,17,13
31785,Aldérmach,zuljin,1343,warrior,arms,92,44,48
31786,Notmagnusz,zuljin,1343,warrior,arms,30,14,16
31787,Legday,stormrage,1343,warrior,arms,30,14,16
31788,Falindrah,moon-guard,1342,warrior,arms,30,14,16
31789,Coolade,thunderhorn,1342,warrior,arms,58,25,33
31790,Ddaÿ,tichondrius,1342,warrior,arms,36,14,22
31791,Kinzi,quelthalas,1342,warrior,arms,40,15,25
31792,Hyperdevil,ragnaros,1341,warrior,arms,24,14,10
31793,Niudazhuang,tichondrius,1341,warrior,arms,76,43,33
31794,Bahlahkay,proudmoore,1341,warrior,arms,30,14,16
31795,Jikith,proudmoore,1341,warrior,arms,30,14,16
31796,Chargeback,zuljin,1340,warrior,arms,57,32,25
31797,Bagur,ragnaros,1340,warrior,arms,41,23,18
31798,Sunamys,illidan,1340,warrior,arms,36,14,22
31799,Erple,eldrethalas,1340,warrior,arms,60,22,38
31800,Dubstoob,illidan,1339,warrior,arms,106,54,52
31801,Warbeshar,area-52,1339,warrior,arms,30,14,16
31802,Kelidar,kaelthas,1338,warrior,arms,42,22,20
31803,Sharer,tichondrius,1338,warrior,arms,30,14,16
31804,Swiftui,nemesis,1338,warrior,arms,48,21,27
31805,Gohrgroc,quelthalas,1337,warrior,arms,24,14,10
31806,Loothar,goldrinn,1337,warrior,arms,66,33,33
31807,Ikrad,quelthalas,1337,warrior,arms,42,18,24
31808,Thorado,nemesis,1337,warrior,arms,45,19,26
31809,Govosh,thrall,1336,warrior,arms,24,14,10
31810,Swamis,stormreaver,1336,warrior,arms,36,19,17
31811,Viagraliker,tichondrius,1336,warrior,arms,44,19,25
31812,Zeerohkool,tichondrius,1336,warrior,arms,72,29,43
31813,Dabdaddyy,dawnbringer,1336,warrior,arms,39,15,24
31814,Xampuu,ragnaros,1335,warrior,arms,28,17,11
31815,Nervoxztwo,ragnaros,1335,warrior,arms,36,18,18
31816,Qetimporta,quelthalas,1334,warrior,arms,36,20,16
31817,Geñeralguap,tichondrius,1334,warrior,arms,60,29,31
31818,Ybo,illidan,1333,warrior,arms,63,39,24
31819,Aranacn,tichondrius,1331,warrior,arms,18,14,4
31820,Varekai,frostmourne,1331,warrior,arms,62,32,30
31821,Lexxsteele,mugthol,1330,warrior,arms,24,14,10
31822,Gooshin,sargeras,1330,warrior,arms,37,19,18
31823,Himer,tichondrius,1330,warrior,arms,30,14,16
31824,Papaming,tichondrius,1330,warrior,arms,48,21,27
31825,Ralphy,lightnings-blade,1329,warrior,arms,58,27,31
31826,Fuknazum,gundrak,1328,warrior,arms,84,38,46
31827,Kalnor,dark-iron,1327,warrior,arms,50,26,24
31828,Retros,kelthuzad,1327,warrior,arms,66,32,34
31829,Ketasshi,kelthuzad,1327,warrior,arms,30,14,16
31830,Deamonkiller,kelthuzad,1327,warrior,arms,79,36,43
31831,Twistwarr,area-52,1326,warrior,arms,24,14,10
31832,Soez,tichondrius,1325,warrior,arms,22,15,7
31833,Aoste,tichondrius,1324,warrior,arms,31,16,15
31834,Dre,anubarak,1323,warrior,arms,30,14,16
31835,Rockystyle,proudmoore,1321,warrior,arms,48,28,20
31836,Waraze,tichondrius,1320,warrior,arms,30,14,16
31837,Rekem,malganis,1320,warrior,arms,60,27,33
31838,Ønì,tichondrius,1319,warrior,arms,42,33,9
31839,Macsen,zuljin,1319,warrior,arms,36,18,18
31840,Supremegalek,tichondrius,1319,warrior,arms,45,22,23
31841,Warthok,turalyon,1319,warrior,arms,36,14,22
31842,Zroz,ragnaros,1318,warrior,arms,54,28,26
31843,Jellybomb,sargeras,1318,warrior,arms,60,25,35
31844,Coisini,tichondrius,1317,warrior,arms,44,20,24
31845,Buntpunt,mannoroth,1316,warrior,arms,27,15,12
31846,Orcaine,ursin,1315,warrior,arms,41,27,14
31847,Valder,akama,1315,warrior,arms,30,15,15
31848,Storkos,moon-guard,1313,warrior,arms,95,49,46
31849,Qtcrow,frostmourne,1310,warrior,arms,78,39,39
31850,Brontok,darkspear,1310,warrior,arms,41,20,21
31851,Dysensor,illidan,1310,warrior,arms,30,14,16
31852,Ujumpijump,andorhal,1310,warrior,arms,42,19,23
31853,Doomtree,zuljin,1309,warrior,arms,18,14,4
31854,Dhaemom,azralon,1308,warrior,arms,94,48,46
31855,Loucha,nagrand,1308,warrior,arms,48,20,28
31856,Zuggarnaught,tichondrius,1307,warrior,arms,52,29,23
31857,Mickyplate,tichondrius,1307,warrior,arms,78,39,39
31858,Brynjah,azralon,1306,warrior,arms,84,39,45
31859,Velarrine,illidan,1306,warrior,arms,89,39,50
31860,Raekor,tichondrius,1305,warrior,arms,30,19,11
31861,Varith,sargeras,1305,warrior,arms,24,14,10
31862,Knghtofseven,nemesis,1305,warrior,arms,72,39,33
31863,Ivanovh,quelthalas,1304,warrior,arms,81,42,39
31864,Calynn,frostmourne,1304,warrior,arms,90,46,44
31865,Aleniá,tichondrius,1304,warrior,arms,62,31,31
31866,Killtarget,tichondrius,1303,warrior,arms,61,32,29
31867,Ludicrous,dreadmaul,1302,warrior,arms,85,36,49
31868,Tikkò,tichondrius,1301,warrior,arms,38,19,19
31869,Legolant,uther,1301,warrior,arms,30,14,16
31870,Hopar,illidan,1299,warrior,arms,27,17,10
31871,Pvpheart,tichondrius,1299,warrior,arms,47,27,20
31872,Deadee,aerie-peak,1299,warrior,arms,88,42,46
31873,Forakenna,dragonmaw,1295,warrior,arms,17,14,3
31874,Bajheera,sargeras,1295,warrior,arms,23,14,9
31875,Kagerou,ragnaros,1295,warrior,arms,44,19,25
31876,Beeny,tichondrius,1295,warrior,arms,33,14,19
31877,Superpot,bleeding-hollow,1294,warrior,arms,42,19,23
31878,Avoraçado,nemesis,1294,warrior,arms,61,22,39
31879,Crú,stormrage,1293,warrior,arms,30,14,16
31880,Gromkhor,tichondrius,1292,warrior,arms,29,14,15
31881,Noobslayr,wyrmrest-accord,1290,warrior,arms,30,18,12
31882,Tasesino,quelthalas,1289,warrior,arms,34,16,18
31883,Grumok,tichondrius,1289,warrior,arms,57,24,33
31884,Warnick,illidan,1288,warrior,arms,30,15,15
31885,Hôdû,tichondrius,1286,warrior,arms,75,36,39
31886,Aràthor,stormrage,1284,warrior,arms,48,22,26
31887,Putong,tichondrius,1282,warrior,arms,41,23,18
31888,Bfrenzy,dalaran,1278,warrior,arms,42,18,24
31889,Helandas,moknathal,1277,warrior,arms,77,43,34
31890,Tkazo,tichondrius,1275,warrior,arms,23,14,9
31891,Krostyx,ragnaros,1274,warrior,arms,48,27,21
31892,Destoryhamer,illidan,1274,warrior,arms,42,18,24
31893,Rikuduo,quelthalas,1272,warrior,arms,42,15,27
31894,Gorez,ragnaros,1270,warrior,arms,30,15,15
31895,Thorablade,barthilas,1266,warrior,arms,84,38,46
31896,Krimmjðw,sargeras,1263,warrior,arms,36,14,22
31897,ßloodshed,frostmourne,1261,warrior,arms,19,14,5
31898,Laynarri,hyjal,1260,warrior,arms,60,28,32
31899,Rayks,tichondrius,1259,warrior,arms,30,16,14
31900,Juff,hakkar,1258,warrior,arms,30,14,16
31901,Rhohan,ysera,1258,warrior,arms,47,18,29
31902,Superdah,kiljaeden,1257,warrior,arms,60,26,34
31903,Gritrog,thrall,1255,warrior,arms,38,27,11
31904,Queterompo,ragnaros,1255,warrior,arms,66,36,30
31905,Pangpou,tichondrius,1255,warrior,arms,90,46,44
31906,Áres,malganis,1251,warrior,arms,128,68,60
31907,Lagzistance,area-52,1248,warrior,arms,24,13,11
31908,Anticiðe,zuljin,1247,warrior,arms,18,13,5
31909,Paoxiaoevs,tichondrius,1247,warrior,arms,24,13,11
31910,Areaves,moon-guard,1247,warrior,arms,24,13,11
31911,Kamoo,bonechewer,1247,warrior,arms,24,13,11
31912,Kruma,stormscale,1247,warrior,arms,25,13,12
31913,Barricade,velen,1247,warrior,arms,101,47,54
31914,Überwältigen,thrall,1247,warrior,arms,30,13,17
31915,Scotteh,eredar,1247,warrior,arms,30,13,17
31916,Ggtk,tichondrius,1247,warrior,arms,30,13,17
31917,Szeo,tichondrius,1246,warrior,arms,18,13,5
31918,Xvett,drakkari,1246,warrior,arms,36,20,16
31919,Jdubz,frostmourne,1246,warrior,arms,24,13,11
31920,Schizogeist,malganis,1246,warrior,arms,40,18,22
31921,Yossarrion,frostwolf,1246,warrior,arms,30,13,17
31922,Qookymonster,zuljin,1245,warrior,arms,42,21,21
31923,Blaiize,ragnaros,1245,warrior,arms,36,13,23
31924,Flexinbooty,kelthuzad,1243,warrior,arms,36,13,23
31925,Blíding,ragnaros,1243,warrior,arms,39,14,25
31926,Ystk,tichondrius,1242,warrior,arms,24,13,11
31927,Wilric,ragnaros,1242,warrior,arms,30,13,17
31928,Koberos,queldorei,1242,warrior,arms,36,13,23
31929,Hydranoid,ragnaros,1241,warrior,arms,30,13,17
31930,Chadblade,tichondrius,1240,warrior,arms,24,13,11
31931,Grimjouw,sargeras,1240,warrior,arms,24,13,11
31932,Methwitch,moon-guard,1240,warrior,arms,24,13,11
31933,Qtxd,malganis,1240,warrior,arms,24,13,11
31934,Kourny,frostmourne,1240,warrior,arms,69,35,34
31935,Tamagoshi,kiljaeden,1240,warrior,arms,30,15,15
31936,Chillimus,tichondrius,1240,warrior,arms,30,13,17
31937,Amputate,akama,1240,warrior,arms,36,13,23
31938,Ðhrâgøn,ragnaros,1239,warrior,arms,18,15,3
31939,Balroge,illidan,1239,warrior,arms,24,13,11
31940,Mitigation,hyjal,1239,warrior,arms,34,15,19
31941,Datsongz,proudmoore,1239,warrior,arms,60,26,34
31942,Noitrak,azralon,1239,warrior,arms,33,14,19
31943,Kiddoe,rivendare,1238,warrior,arms,66,31,35
31944,Aggorak,illidan,1238,warrior,arms,30,13,17
31945,Flavor,aegwynn,1238,warrior,arms,30,13,17
31946,Squeekzz,frostmane,1236,warrior,arms,50,24,26
31947,Chupelo,tichondrius,1235,warrior,arms,18,13,5
31948,Arkayko,quelthalas,1234,warrior,arms,24,13,11
31949,Hoodlord,tichondrius,1234,warrior,arms,54,24,30
31950,Crustyfella,stormrage,1233,warrior,arms,24,13,11
31951,Standsonkegs,illidan,1233,warrior,arms,30,13,17
31952,Pandaniela,area-52,1232,warrior,arms,30,18,12
31953,Goldbêrg,malganis,1232,warrior,arms,24,13,11
31954,Wankcelot,kiljaeden,1231,warrior,arms,48,21,27
31955,Gorash,gundrak,1230,warrior,arms,69,33,36
31956,Fatty,mugthol,1229,warrior,arms,18,13,5
31957,Mussashí,stormrage,1226,warrior,arms,20,14,6
31958,Tunchi,runetotem,1224,warrior,arms,90,47,43
31959,Tommytimbo,destromath,1224,warrior,arms,31,13,18
31960,Armorlancer,stormrage,1223,warrior,arms,24,13,11
31961,Kenshín,ragnaros,1222,warrior,arms,41,14,27
31962,Diamict,wyrmrest-accord,1221,warrior,arms,18,13,5
31963,Colosal,drakkari,1218,warrior,arms,18,13,5
31964,Rekcd,sargeras,1217,warrior,arms,18,13,5
31965,Vemue,tichondrius,1216,warrior,arms,112,51,61
31966,Thelgrath,quelthalas,1216,warrior,arms,72,32,40
31967,Odrath,tichondrius,1214,warrior,arms,45,16,29
31968,Dippindabz,area-52,1213,warrior,arms,47,26,21
31969,Titanika,wyrmrest-accord,1213,warrior,arms,60,21,39
31970,Franc,kiljaeden,1212,warrior,arms,29,14,15
31971,Thebruce,nemesis,1211,warrior,arms,52,26,26
31972,Deomer,quelthalas,1211,warrior,arms,30,14,16
31973,Rageloading,amanthul,1208,warrior,arms,36,18,18
31974,Baadomishram,ragnaros,1208,warrior,arms,30,14,16
31975,Fkndog,tichondrius,1203,warrior,arms,60,28,32
31976,Tigo,khaz-modan,1201,warrior,arms,25,16,9
31977,Vapòr,frostmourne,1201,warrior,arms,24,14,10
31978,Aclipse,nagrand,1197,warrior,arms,65,34,31
31979,Nosetackle,area-52,1197,warrior,arms,58,29,29
31980,Sherway,quelthalas,1191,warrior,arms,159,78,81
31981,Devilsbane,khaz-modan,1191,warrior,arms,42,17,25
31982,Bazironbeard,ravencrest,1190,warrior,arms,17,13,4
31983,Annaliyah,wyrmrest-accord,1190,warrior,arms,66,36,30
31984,Perrin,burning-blade,1190,warrior,arms,29,13,16
31985,Gohawn,hyjal,1186,warrior,arms,37,20,17
31986,Lazyclap,nagrand,1184,warrior,arms,35,18,17
31987,Iyamii,hyjal,1183,warrior,arms,23,13,10
31988,Hadesz,nazjatar,1183,warrior,arms,71,34,37
31989,Lícketysplít,ysondre,1182,warrior,arms,22,13,9
31990,Cowbøycrytoo,azralon,1182,warrior,arms,88,46,42
31991,Kannerhus,quelthalas,1182,warrior,arms,41,18,23
31992,Evilkorean,tichondrius,1181,warrior,arms,23,13,10
31993,Tunasurprize,stormrage,1180,warrior,arms,27,13,14
31994,Shingeki,wyrmrest-accord,1179,warrior,arms,108,51,57
31995,Akj,sargeras,1178,warrior,arms,31,13,18
31996,Archonian,stormscale,1177,warrior,arms,34,21,13
31997,Orsex,ragnaros,1176,warrior,arms,26,13,13
31998,Zarrock,emerald-dream,1174,warrior,arms,26,14,12
31999,Süspicious,malfurion,1174,warrior,arms,35,14,21
32000,Ãleister,stormrage,1174,warrior,arms,45,17,28
32001,Bigolpeen,sargeras,1173,warrior,arms,30,17,13
32002,Tÿ,haomarush,1172,warrior,arms,25,14,11
32003,Droogust,tichondrius,1172,warrior,arms,30,15,15
32004,Rauh,emerald-dream,1171,warrior,arms,22,13,9
32005,Golîath,mannoroth,1169,warrior,arms,36,13,23
32006,Medusaann,proudmoore,1166,warrior,arms,33,15,18
32007,Adunken,ragnaros,1165,warrior,arms,30,17,13
32008,Soltrain,stormrage,1165,warrior,arms,32,14,18
32009,Daddymoist,moon-guard,1163,warrior,arms,54,24,30
32010,Kitonic,proudmoore,1161,warrior,arms,23,13,10
32011,Groxxigore,chogall,1161,warrior,arms,42,20,22
32012,Mortilant,perenolde,1160,warrior,arms,75,34,41
32013,Bigsvit,trollbane,1159,warrior,arms,48,24,24
32014,Gongos,doomhammer,1158,warrior,arms,123,66,57
32015,Ambiss,azjolnerub,1157,warrior,arms,35,16,19
32016,Xyazhiro,ragnaros,1156,warrior,arms,60,27,33
32017,Jaminos,frostmourne,1154,warrior,arms,39,18,21
32018,Bùbbájr,emerald-dream,1152,warrior,arms,18,12,6
32019,Magnuszx,zuljin,1152,warrior,arms,18,12,6
32020,Aelrog,malganis,1152,warrior,arms,94,48,46
32021,Demetor,skywall,1152,warrior,arms,24,12,12
32022,Bighamm,tichondrius,1151,warrior,arms,18,12,6
32023,Cammerz,area-52,1151,warrior,arms,30,12,18
32024,Rogôsh,tichondrius,1151,warrior,arms,30,12,18
32025,Hàru,illidan,1150,warrior,arms,18,12,6
32026,Einnarr,tichondrius,1150,warrior,arms,19,12,7
32027,Pocserwar,drakkari,1150,warrior,arms,24,12,12
32028,Malakaimapk,korgath,1150,warrior,arms,24,12,12
32029,Mokron,moon-guard,1150,warrior,arms,27,13,14
32030,Jarheadz,bleeding-hollow,1150,warrior,arms,35,12,23
32031,Gordofofo,azralon,1149,warrior,arms,18,12,6
32032,Montibello,moon-guard,1149,warrior,arms,24,12,12
32033,Lvlthreemage,fizzcrank,1149,warrior,arms,30,12,18
32034,Woth,deathwing,1148,warrior,arms,24,12,12
32035,Suicider,stormrage,1148,warrior,arms,30,12,18
32036,Dragvovar,thrall,1148,warrior,arms,30,12,18
32037,Dajva,ragnaros,1147,warrior,arms,24,12,12
32038,Vodkagoblin,sargeras,1147,warrior,arms,24,12,12
32039,Misclickëd,dalaran,1147,warrior,arms,24,12,12
32040,Virillius,wyrmrest-accord,1147,warrior,arms,28,13,15
32041,Stompyocouch,mugthol,1146,warrior,arms,21,13,8
32042,Furryhorv,frostmourne,1146,warrior,arms,24,12,12
32043,Painfulsin,tichondrius,1145,warrior,arms,30,12,18
32044,Kénjar,tichondrius,1144,warrior,arms,18,12,6
32045,Skittlesxo,bleeding-hollow,1144,warrior,arms,24,12,12
32046,Morboo,illidan,1144,warrior,arms,24,12,12
32047,Casablancas,azralon,1144,warrior,arms,36,12,24
32048,Invared,stormrage,1143,warrior,arms,18,12,6
32049,Lilmerman,laughing-skull,1143,warrior,arms,24,12,12
32050,Radagøn,drakkari,1143,warrior,arms,30,12,18
32051,Nibbzy,sargeras,1142,warrior,arms,18,12,6
32052,Lucidx,malfurion,1142,warrior,arms,18,12,6
32053,Sigfir,ragnaros,1142,warrior,arms,24,12,12
32054,Haldeer,shadow-council,1142,warrior,arms,24,12,12
32055,Philbert,alexstrasza,1141,warrior,arms,33,17,16
32056,Elmosmash,thrall,1141,warrior,arms,24,12,12
32057,Yisunshin,azralon,1141,warrior,arms,24,12,12
32058,Hblock,barthilas,1140,warrior,arms,24,12,12
32059,Brocc,tichondrius,1139,warrior,arms,24,12,12
32060,Brownman,saurfang,1139,warrior,arms,30,12,18
32061,Sloppyglucks,moon-guard,1138,warrior,arms,24,12,12
32062,Tappia,quelthalas,1138,warrior,arms,36,12,24
32063,Warrimon,nemesis,1138,warrior,arms,36,12,24
32064,Dizgraceful,malganis,1137,warrior,arms,18,12,6
32065,Soggynapkin,proudmoore,1136,warrior,arms,30,17,13
32066,Theregulator,area-52,1135,warrior,arms,58,29,29
32067,Anotee,kelthuzad,1134,warrior,arms,93,48,45
32068,Shattering,fizzcrank,1134,warrior,arms,24,12,12
32069,Drahconian,aggramar,1134,warrior,arms,24,12,12
32070,Demðnslayer,kelthuzad,1134,warrior,arms,54,24,30
32071,Tripleblack,mugthol,1132,warrior,arms,18,12,6
32072,Isildur,nerzhul,1132,warrior,arms,36,20,16
32073,Âmânthul,alexstrasza,1131,warrior,arms,80,43,37
32074,Spritez,malganis,1131,warrior,arms,70,27,43
32075,Stoul,illidan,1129,warrior,arms,24,18,6
32076,Lunks,kelthuzad,1128,warrior,arms,18,12,6
32077,Dsz,nemesis,1128,warrior,arms,29,13,16
32078,Yuccaleaptus,area-52,1128,warrior,arms,71,30,41
32079,Bulletfodder,tichondrius,1127,warrior,arms,24,12,12
32080,Cocainiouz,dalaran,1125,warrior,arms,30,13,17
32081,Vâìn,tichondrius,1125,warrior,arms,30,12,18
32082,Beowúlf,burning-blade,1122,warrior,arms,35,13,22
32083,Kempachii,ragnaros,1120,warrior,arms,30,15,15
32084,Clovê,ragnaros,1118,warrior,arms,36,21,15
32085,Roughknuckle,kelthuzad,1118,warrior,arms,23,12,11
32086,Tyránny,stormrage,1118,warrior,arms,35,12,23
32087,Kuchikilla,borean-tundra,1117,warrior,arms,34,16,18
32088,Carriney,illidan,1115,warrior,arms,53,26,27
32089,Thunderclapz,stormscale,1114,warrior,arms,24,12,12
32090,Looffy,saurfang,1114,warrior,arms,30,12,18
32091,Alejandros,azgalor,1111,warrior,arms,23,12,11
32092,Bersorcker,ragnaros,1111,warrior,arms,26,13,13
32093,Warriorlee,jubeithos,1111,warrior,arms,44,19,25
32094,Jhave,ragnaros,1111,warrior,arms,30,12,18
32095,Sudavis,alleria,1109,warrior,arms,23,16,7
32096,Târtàrûs,tichondrius,1108,warrior,arms,24,15,9
32097,Robotríp,illidan,1108,warrior,arms,30,13,17
32098,Thedargz,trollbane,1106,warrior,arms,66,34,32
32099,Youtank,kiljaeden,1105,warrior,arms,72,33,39
32100,Dvhwec,tichondrius,1105,warrior,arms,28,12,16
32101,Ragebladë,tichondrius,1103,warrior,arms,48,28,20
32102,Thebeastwar,area-52,1101,warrior,arms,36,19,17
32103,Kappis,illidan,1101,warrior,arms,23,12,11
32104,Tipincider,perenolde,1100,warrior,arms,21,12,9
32105,Tyrantwolf,ragnaros,1097,warrior,arms,45,17,28
32106,Knocks,blackrock,1094,warrior,arms,21,13,8
32107,Melankoma,sargeras,1094,warrior,arms,30,12,18
32108,Theøcritus,korgath,1093,warrior,arms,30,19,11
32109,Arrogated,emerald-dream,1093,warrior,arms,90,44,46
32110,Ugrundan,zuljin,1090,warrior,arms,30,13,17
32111,Deathengine,area-52,1089,warrior,arms,23,12,11
32112,Bloodbath,kiljaeden,1086,warrior,arms,23,12,11
32113,Bløødy,lethon,1084,warrior,arms,14,12,2
32114,Babybears,tichondrius,1084,warrior,arms,26,12,14
32115,Aquannas,bloodscalp,1082,warrior,arms,24,14,10
32116,Malok,deathwing,1082,warrior,arms,57,20,37
32117,Odinsglory,mugthol,1081,warrior,arms,36,12,24
32118,Flexakute,malganis,1080,warrior,arms,20,12,8
32119,Riuk,goldrinn,1080,warrior,arms,29,16,13
32120,Scaredwarr,stormrage,1079,warrior,arms,27,13,14
32121,Pingorosho,quelthalas,1078,warrior,arms,30,13,17
32122,Purefury,whisperwind,1076,warrior,arms,93,41,52
32123,Rockedanger,stormrage,1075,warrior,arms,25,14,11
32124,Ooze,darkspear,1075,warrior,arms,30,12,18
32125,Ødïñ,sargeras,1071,warrior,arms,75,37,38
32126,Selathiel,burning-blade,1070,warrior,arms,28,12,16
32127,Úmarth,azralon,1062,warrior,arms,36,15,21
32128,Imcute,senjin,1058,warrior,arms,60,21,39
32129,Midorikwa,area-52,1056,warrior,arms,18,11,7
32130,Nànchobo,tichondrius,1056,warrior,arms,18,11,7
32131,Wizcleavuh,area-52,1056,warrior,arms,24,11,13
32132,Nuqipq,tichondrius,1056,warrior,arms,24,11,13
32133,Pkgd,tichondrius,1055,warrior,arms,12,11,1
32134,Gladiator,azshara,1055,warrior,arms,18,11,7
32135,Dutchyy,frostmourne,1055,warrior,arms,18,11,7
32136,Shaõkahn,nemesis,1055,warrior,arms,18,11,7
32137,Deathsteelw,zuljin,1055,warrior,arms,18,11,7
32138,Turtlestorm,tichondrius,1055,warrior,arms,18,11,7
32139,Omnïslash,tichondrius,1055,warrior,arms,24,11,13
32140,Wheyprotein,illidan,1055,warrior,arms,24,11,13
32141,Duckyuwu,tichondrius,1055,warrior,arms,24,11,13
32142,Abomlnatlon,tichondrius,1055,warrior,arms,24,11,13
32143,Laddèrx,area-52,1055,warrior,arms,24,11,13
32144,Feedzz,area-52,1055,warrior,arms,24,11,13
32145,Zaÿne,moon-guard,1055,warrior,arms,24,11,13
32146,Kpc,tichondrius,1055,warrior,arms,36,11,25
32147,Joebo,thrall,1054,warrior,arms,12,11,1
32148,Allyer,darkspear,1054,warrior,arms,18,11,7
32149,Vooné,tichondrius,1054,warrior,arms,18,11,7
32150,Chopped,wyrmrest-accord,1054,warrior,arms,18,11,7
32151,Leoneceo,azralon,1054,warrior,arms,18,11,7
32152,Jianhung,tichondrius,1054,warrior,arms,24,11,13
32153,Okita,bleeding-hollow,1054,warrior,arms,30,11,19
32154,Wolfsrage,frostmourne,1054,warrior,arms,30,11,19
32155,Ttl,dalaran,1053,warrior,arms,18,11,7
32156,Awm,wyrmrest-accord,1053,warrior,arms,24,11,13
32157,Môrôdin,area-52,1053,warrior,arms,30,11,19
32158,Theisius,tichondrius,1052,warrior,arms,27,11,16
32159,Sharpen,terokkar,1051,warrior,arms,18,11,7
32160,Dáinsleif,frostmourne,1051,warrior,arms,24,11,13
32161,Sleazedog,kelthuzad,1051,warrior,arms,24,11,13
32162,Drillbit,wyrmrest-accord,1051,warrior,arms,30,11,19
32163,Grimreáper,bleeding-hollow,1051,warrior,arms,36,11,25
32164,Athin,azralon,1050,warrior,arms,24,11,13
32165,Thecolor,tichondrius,1050,warrior,arms,30,11,19
32166,Wesih,ragnaros,1050,warrior,arms,30,11,19
32167,Myceliumlog,frostmourne,1049,warrior,arms,18,11,7
32168,Týrodar,moon-guard,1049,warrior,arms,24,11,13
32169,Holddapoop,area-52,1048,warrior,arms,18,11,7
32170,Silverkiller,drakkari,1048,warrior,arms,18,11,7
32171,Snewdawg,malganis,1048,warrior,arms,22,12,10
32172,Rathty,shadowsong,1048,warrior,arms,24,11,13
32173,Zareos,azralon,1048,warrior,arms,30,11,19
32174,Bouk,bloodscalp,1047,warrior,arms,18,11,7
32175,Dwarfanage,tichondrius,1047,warrior,arms,28,12,16
32176,Browneyed,area-52,1047,warrior,arms,30,11,19
32177,Blaxst,gorgonnash,1046,warrior,arms,30,16,14
32178,Njjszn,thrall,1046,warrior,arms,78,33,45
32179,Nirax,burning-legion,1046,warrior,arms,26,11,15
32180,Warb,aggramar,1045,warrior,arms,24,11,13
32181,Midge,proudmoore,1044,warrior,arms,59,30,29
32182,Vyndronor,illidan,1044,warrior,arms,24,11,13
32183,Orphasmic,moon-guard,1044,warrior,arms,36,11,25
32184,Homicideted,frostmourne,1043,warrior,arms,18,11,7
32185,Thedin,gorefiend,1043,warrior,arms,42,11,31
32186,Blokz,arthas,1042,warrior,arms,18,11,7
32187,Fòntaine,shandris,1042,warrior,arms,24,11,13
32188,Areiden,sargeras,1042,warrior,arms,30,11,19
32189,Carrito,perenolde,1041,warrior,arms,20,13,7
32190,Creator,dalaran,1041,warrior,arms,24,11,13
32191,Raserei,moonrunner,1041,warrior,arms,69,30,39
32192,Marcolatus,ragnaros,1041,warrior,arms,36,15,21
32193,Stolz,dragonmaw,1040,warrior,arms,24,11,13
32194,Catastrophie,mugthol,1040,warrior,arms,30,11,19
32195,Grömäash,ragnaros,1039,warrior,arms,26,11,15
32196,Dylaiin,kelthuzad,1038,warrior,arms,30,11,19
32197,Wrekkshop,tichondrius,1037,warrior,arms,27,13,14
32198,Bifilar,frostmourne,1037,warrior,arms,24,11,13
32199,Wrrx,frostmourne,1037,warrior,arms,24,11,13
32200,Dëkm,quelthalas,1035,warrior,arms,30,11,19
32201,Indoondabeat,azgalor,1034,warrior,arms,32,15,17
32202,Nobowar,tichondrius,1032,warrior,arms,24,11,13
32203,Potan,thrall,1030,warrior,arms,60,25,35
32204,Märiä,ragnaros,1028,warrior,arms,52,27,25
32205,Mfmuggz,thunderlord,1028,warrior,arms,24,11,13
32206,Skumwarr,moon-guard,1028,warrior,arms,34,11,23
32207,Cronie,steamwheedle-cartel,1027,warrior,arms,36,16,20
32208,Nøzerker,kelthuzad,1020,warrior,arms,26,12,14
32209,Monowarx,frostmourne,1017,warrior,arms,28,11,17
32210,Stygïàn,draenor,1016,warrior,arms,80,45,35
32211,Northhill,tichondrius,1014,warrior,arms,17,11,6
32212,Galuf,malygos,1014,warrior,arms,18,11,7
32213,Tucô,skullcrusher,1010,warrior,arms,43,20,23
32214,Halis,illidan,1006,warrior,arms,21,13,8
32215,Blackstamp,tichondrius,1006,warrior,arms,35,18,17
32216,Hexenbæne,tichondrius,1006,warrior,arms,23,11,12
32217,Danzohh,dalaran,1006,warrior,arms,27,11,16
32218,Starplatinum,aerie-peak,1004,warrior,arms,32,11,21
32219,Gorepig,sargeras,1002,warrior,arms,29,11,18
32220,Kreeper,farstriders,1001,warrior,arms,23,11,12
32221,Elpish,ragnaros,1000,warrior,arms,30,11,19
32222,Jamil,illidan,999,warrior,arms,48,19,29
32223,Tribbally,silver-hand,998,warrior,arms,17,11,6
32224,Goofyahwok,doomhammer,998,warrior,arms,33,12,21
32225,Lokityr,tichondrius,995,warrior,arms,42,16,26
32226,Estivador,kelthuzad,995,warrior,arms,32,12,20
32227,Kyritto,azralon,994,warrior,arms,35,18,17
32228,Altruiel,sargeras,994,warrior,arms,39,19,20
32229,Hagud,tichondrius,993,warrior,arms,23,11,12
32230,Szee,tichondrius,991,warrior,arms,17,11,6
32231,Elsamok,ragnaros,991,warrior,arms,17,11,6
32232,Neekka,tichondrius,990,warrior,arms,28,12,16
32233,Kalaxe,quelthalas,990,warrior,arms,36,11,25
32234,Jindyn,boulderfist,989,warrior,arms,34,17,17
32235,Lootacris,illidan,989,warrior,arms,23,11,12
32236,Coollelex,proudmoore,988,warrior,arms,26,11,15
32237,Gargameld,stormrage,984,warrior,arms,27,15,12
32238,Budzie,frostwolf,984,warrior,arms,22,11,11
32239,Sneaknyoface,sargeras,982,warrior,arms,26,11,15
32240,Thråsh,area-52,977,warrior,arms,36,16,20
32241,Bloodfx,darkspear,977,warrior,arms,35,14,21
32242,Sudokubrain,tichondrius,974,warrior,arms,19,11,8
32243,Djfredsd,tichondrius,972,warrior,arms,13,11,2
32244,Nitechaos,thrall,972,warrior,arms,19,12,7
32245,Wewladdie,malganis,960,warrior,arms,12,10,2
32246,Szew,tichondrius,960,warrior,arms,18,10,8
32247,Sowavey,korgath,960,warrior,arms,18,10,8
32248,Adios,tichondrius,960,warrior,arms,18,10,8
32249,Wtssap,ragnaros,960,warrior,arms,18,10,8
32250,Kaÿip,tichondrius,960,warrior,arms,18,10,8
32251,Codyjones,illidan,960,warrior,arms,18,10,8
32252,Swifty,anvilmar,960,warrior,arms,18,10,8
32253,Varrior,wyrmrest-accord,960,warrior,arms,18,10,8
32254,Escanòr,malganis,960,warrior,arms,18,10,8
32255,Facefïster,malganis,960,warrior,arms,18,10,8
32256,ßdm,illidan,960,warrior,arms,24,10,14
32257,Choppin,sargeras,960,warrior,arms,24,10,14
32258,Iløveaysla,azralon,960,warrior,arms,30,10,20
32259,Cúdi,darkspear,959,warrior,arms,12,10,2
32260,Ragedump,shadowsong,959,warrior,arms,18,10,8
32261,Bamxz,sargeras,959,warrior,arms,18,10,8
32262,Powerbucks,tichondrius,959,warrior,arms,18,10,8
32263,Retrospex,black-dragonflight,959,warrior,arms,18,10,8
32264,Kaìju,dragonmaw,959,warrior,arms,18,10,8
32265,Shinigamix,steamwheedle-cartel,959,warrior,arms,18,10,8
32266,Tantei,moon-guard,959,warrior,arms,18,10,8
32267,Drdelicious,tichondrius,959,warrior,arms,24,10,14
32268,Kekbyemmr,illidan,959,warrior,arms,24,10,14
32269,Jiszle,sargeras,959,warrior,arms,30,10,20
32270,Boypartz,onyxia,959,warrior,arms,30,10,20
32271,Macray,proudmoore,958,warrior,arms,18,10,8
32272,Dennlss,quelthalas,958,warrior,arms,18,10,8
32273,Glacierrsz,sargeras,958,warrior,arms,18,10,8
32274,Icrìtmypants,dragonmaw,958,warrior,arms,18,10,8
32275,Fixafflock,bleeding-hollow,958,warrior,arms,18,10,8
32276,Achillescool,tichondrius,958,warrior,arms,18,10,8
32277,Icestormray,illidan,958,warrior,arms,24,10,14
32278,Ryank,bonechewer,958,warrior,arms,24,10,14
32279,Ghianna,quelthalas,958,warrior,arms,24,10,14
32280,Moozz,dreadmaul,958,warrior,arms,24,10,14
32281,Leapsalp,proudmoore,957,warrior,arms,18,10,8
32282,Bryk,korgath,957,warrior,arms,18,10,8
32283,Bionikus,nemesis,957,warrior,arms,78,33,45
32284,Pootybeef,daggerspine,957,warrior,arms,24,10,14
32285,Devildriver,malganis,956,warrior,arms,18,10,8
32286,Ángron,ragnaros,956,warrior,arms,18,10,8
32287,Wydstepwar,malganis,956,warrior,arms,18,10,8
32288,Mcluffin,proudmoore,956,warrior,arms,18,10,8
32289,Baul,area-52,956,warrior,arms,18,10,8
32290,Numb,moon-guard,956,warrior,arms,26,11,15
32291,Sayyaf,moon-guard,956,warrior,arms,39,11,28
32292,Pocketaxe,blackwater-raiders,955,warrior,arms,66,32,34
32293,Starshattr,bleeding-hollow,954,warrior,arms,30,10,20
32294,Coffeebottom,wyrmrest-accord,953,warrior,arms,18,10,8
32295,Carken,kiljaeden,952,warrior,arms,18,10,8
32296,Toky,malganis,952,warrior,arms,18,10,8
32297,Aaltara,barthilas,951,warrior,arms,18,10,8
32298,Rageinice,tichondrius,951,warrior,arms,24,10,14
32299,Helaume,arathor,950,warrior,arms,18,10,8
32300,Marvél,quelthalas,950,warrior,arms,21,11,10
32301,Discopogo,nemesis,950,warrior,arms,24,10,14
32302,Royye,blood-furnace,949,warrior,arms,18,10,8
32303,Waabi,emerald-dream,949,warrior,arms,18,10,8
32304,Digitalpsyko,hyjal,946,warrior,arms,18,10,8
32305,Småckin,frostmourne,945,warrior,arms,18,10,8
32306,Deathsmirk,illidan,945,warrior,arms,37,17,20
32307,Panzerian,area-52,942,warrior,arms,25,11,14
32308,Lozakuran,tichondrius,942,warrior,arms,24,10,14
32309,Meatdrps,frostmane,941,warrior,arms,26,11,15
32310,Vezixx,dragonmaw,939,warrior,arms,18,10,8
32311,Tramplehaste,barthilas,931,warrior,arms,18,10,8
32312,Lieutemajor,nemesis,931,warrior,arms,25,11,14
32313,Sseobeon,tichondrius,928,warrior,arms,22,10,12
32314,Darkthok,drakkari,918,warrior,arms,28,12,16
32315,Brutallypwnd,tichondrius,917,warrior,arms,18,11,7
32316,Shazbøt,tichondrius,911,warrior,arms,27,10,17
32317,Skarkla,thrall,911,warrior,arms,29,10,19
32318,Jägernaught,stormrage,910,warrior,arms,23,10,13
32319,Joed,quelthalas,910,warrior,arms,23,10,13
32320,Tandiko,wyrmrest-accord,908,warrior,arms,17,10,7
32321,Krokgoldmane,drakkari,906,warrior,arms,24,12,12
32322,Jeffo,amanthul,905,warrior,arms,20,11,9
32323,Swiftynifty,area-52,905,warrior,arms,24,11,13
32324,Spitts,frostmourne,904,warrior,arms,21,10,11
32325,Lionssong,bleeding-hollow,903,warrior,arms,35,13,22
32326,Jragonmaster,borean-tundra,900,warrior,arms,30,10,20
32327,Atrocithy,ragnaros,896,warrior,arms,16,10,6
32328,Vanexx,tichondrius,894,warrior,arms,14,10,4
32329,Malathire,illidan,893,warrior,arms,22,10,12
32330,Vamtoro,illidan,888,warrior,arms,16,10,6
32331,Wallzar,sargeras,887,warrior,arms,20,10,10
32332,Stufit,emerald-dream,876,warrior,arms,16,11,5
32333,Breyns,garrosh,875,warrior,arms,19,10,9
32334,Sígmar,dreadmaul,869,warrior,arms,18,10,8
32335,Whiteclouds,blood-furnace,867,warrior,arms,36,15,21
32336,Dripgodx,malganis,864,warrior,arms,12,9,3
32337,Dedgamesucks,darkspear,864,warrior,arms,12,9,3
32338,Moonyxx,frostmourne,864,warrior,arms,12,9,3
32339,Youngmoneyd,illidan,864,warrior,arms,12,9,3
32340,Alchera,fizzcrank,864,warrior,arms,18,9,9
32341,Ârmstrong,quelthalas,864,warrior,arms,18,9,9
32342,Stÿgian,blood-furnace,864,warrior,arms,18,9,9
32343,Moxxyy,tichondrius,864,warrior,arms,18,9,9
32344,Scoopdog,stormrage,864,warrior,arms,18,9,9
32345,Wtbfriends,malganis,864,warrior,arms,18,9,9
32346,Sejac,moon-guard,864,warrior,arms,24,9,15
32347,Tehfury,area-52,864,warrior,arms,24,9,15
32348,Warrmoose,tichondrius,864,warrior,arms,24,9,15
32349,Reave,wyrmrest-accord,863,warrior,arms,12,9,3
32350,Terneitor,ragnaros,863,warrior,arms,18,9,9
32351,Chañ,tichondrius,863,warrior,arms,18,9,9
32352,Jsolucky,thrall,863,warrior,arms,18,9,9
32353,Realthiccbbw,tichondrius,863,warrior,arms,18,9,9
32354,Moonär,emerald-dream,863,warrior,arms,18,9,9
32355,Konraad,amanthul,863,warrior,arms,18,9,9
32356,Zaynafein,emerald-dream,863,warrior,arms,18,9,9
32357,Aragorn,mannoroth,863,warrior,arms,18,9,9
32358,Chrom,illidan,863,warrior,arms,18,9,9
32359,Suntore,malganis,863,warrior,arms,18,9,9
32360,Erradic,sargeras,863,warrior,arms,18,9,9
32361,Brewstrike,dalaran,863,warrior,arms,18,9,9
32362,Ygucheng,emerald-dream,863,warrior,arms,19,9,10
32363,Ävdol,emerald-dream,863,warrior,arms,24,9,15
32364,Wrecktang,tichondrius,863,warrior,arms,24,9,15
32365,Urscrewed,frostmane,863,warrior,arms,24,9,15
32366,Kelmor,thunderhorn,863,warrior,arms,24,9,15
32367,Asgér,quelthalas,863,warrior,arms,24,9,15
32368,Warwslayer,tichondrius,863,warrior,arms,30,9,21
32369,Dreweth,altar-of-storms,862,warrior,arms,12,9,3
32370,Tdestroy,ragnaros,862,warrior,arms,15,9,6
32371,Xargosh,magtheridon,862,warrior,arms,18,9,9
32372,Wargorin,bleeding-hollow,862,warrior,arms,18,9,9
32373,Um,moon-guard,862,warrior,arms,18,9,9
32374,Hazew,kelthuzad,862,warrior,arms,18,9,9
32375,Lögän,azralon,862,warrior,arms,24,9,15
32376,Topmeoff,bleeding-hollow,862,warrior,arms,24,9,15
32377,Eiendira,proudmoore,862,warrior,arms,24,9,15
32378,Ghostmourne,ragnaros,862,warrior,arms,24,9,15
32379,Volkz,ragnaros,862,warrior,arms,24,9,15
32380,Kolossux,ragnaros,862,warrior,arms,24,9,15
32381,Kror,garona,861,warrior,arms,18,9,9
32382,Overfury,azralon,861,warrior,arms,18,9,9
32383,Jodoro,malfurion,861,warrior,arms,18,9,9
32384,Greywo,tichondrius,860,warrior,arms,12,9,3
32385,Torkus,ragnaros,860,warrior,arms,18,9,9
32386,Gunnaoffxans,sargeras,860,warrior,arms,18,9,9
32387,Durtmcsmash,stormrage,860,warrior,arms,18,9,9
32388,Stormit,illidan,860,warrior,arms,19,9,10
32389,Layllassa,moon-guard,860,warrior,arms,24,9,15
32390,Depthsii,lightbringer,859,warrior,arms,18,9,9
32391,Nishtana,quelthalas,859,warrior,arms,18,9,9
32392,Grimus,bleeding-hollow,859,warrior,arms,18,9,9
32393,Vio,mannoroth,859,warrior,arms,18,9,9
32394,Lujzika,stormreaver,859,warrior,arms,27,10,17
32395,Tolette,quelthalas,858,warrior,arms,18,9,9
32396,Féril,ragnaros,858,warrior,arms,18,9,9
32397,Arthknight,ragnaros,857,warrior,arms,18,9,9
32398,Kapalua,darkspear,857,warrior,arms,19,9,10
32399,Joshums,warsong,857,warrior,arms,26,10,16
32400,Karusuke,stormrage,857,warrior,arms,24,9,15
32401,Rebelzudo,azralon,856,warrior,arms,12,9,3
32402,Eorik,stormrage,856,warrior,arms,36,9,27
32403,Preschool,sargeras,854,warrior,arms,12,9,3
32404,Garusok,thrall,853,warrior,arms,12,9,3
32405,Asiyurekhans,borean-tundra,851,warrior,arms,12,9,3
32406,Riga,tichondrius,851,warrior,arms,18,9,9
32407,Puertorc,ragnaros,850,warrior,arms,24,9,15
32408,Hemone,frostmourne,849,warrior,arms,18,9,9
32409,Jaimey,malganis,845,warrior,arms,23,9,14
32410,Rainiki,stormrage,845,warrior,arms,24,9,15
32411,Macdollibee,barthilas,834,warrior,arms,18,9,9
32412,Soulcalibur,zuljin,830,warrior,arms,23,9,14
32413,Psýchótic,tichondrius,827,warrior,arms,17,9,8
32414,Verigislena,moon-guard,827,warrior,arms,20,10,10
32415,Eskama,hyjal,823,warrior,arms,23,9,14
32416,Hjoz,illidan,822,warrior,arms,16,9,7
32417,Bargorengar,skullcrusher,821,warrior,arms,72,32,40
32418,Pusspeepers,kelthuzad,816,warrior,arms,21,9,12
32419,Ginormous,rivendare,815,warrior,arms,15,9,6
32420,Paí,nemesis,808,warrior,arms,17,9,8
32421,Gigazug,stormrage,799,warrior,arms,20,9,11
32422,Rahj,saurfang,799,warrior,arms,20,9,11
32423,Fatmân,tichondrius,798,warrior,arms,22,9,13
32424,Murrdock,nesingwary,794,warrior,arms,14,9,5
32425,Vandalizer,sargeras,788,warrior,arms,20,10,10
32426,Saucebussin,emerald-dream,768,warrior,arms,12,8,4
32427,Executiepie,hyjal,768,warrior,arms,12,8,4
32428,Spinspin,borean-tundra,768,warrior,arms,12,8,4
32429,Chestbrook,icecrown,768,warrior,arms,12,8,4
32430,Slvrback,stormrage,768,warrior,arms,12,8,4
32431,Dadslapper,illidan,768,warrior,arms,12,8,4
32432,Erdnase,ragnaros,768,warrior,arms,12,8,4
32433,Exorbit,sargeras,768,warrior,arms,12,8,4
32434,Selarila,illidan,768,warrior,arms,12,8,4
32435,Dreadedbeef,area-52,768,warrior,arms,12,8,4
32436,Patékphilípe,area-52,768,warrior,arms,12,8,4
32437,Gabv,shadowmoon,768,warrior,arms,12,8,4
32438,Janjannodie,tichondrius,768,warrior,arms,12,8,4
32439,Niubzs,tichondrius,768,warrior,arms,12,8,4
32440,Smallbrainx,tichondrius,768,warrior,arms,12,8,4
32441,Msallsunday,nerzhul,768,warrior,arms,12,8,4
32442,Radox,tichondrius,768,warrior,arms,12,8,4
32443,Bigdad,whisperwind,768,warrior,arms,12,8,4
32444,Zleam,area-52,768,warrior,arms,12,8,4
32445,Hashwar,area-52,768,warrior,arms,12,8,4
32446,Wârtorn,darkspear,768,warrior,arms,18,8,10
32447,Thulsan,emerald-dream,768,warrior,arms,18,8,10
32448,Betterwar,zuljin,768,warrior,arms,18,8,10
32449,Jehocc,tichondrius,768,warrior,arms,18,8,10
32450,Chronek,sargeras,768,warrior,arms,18,8,10
32451,Tuggernaut,khadgar,768,warrior,arms,18,8,10
32452,Elky,area-52,768,warrior,arms,18,8,10
32453,Tankomode,area-52,768,warrior,arms,18,8,10
32454,Leunitas,shadow-council,768,warrior,arms,18,8,10
32455,Toxxel,wyrmrest-accord,768,warrior,arms,18,8,10
32456,Kanamechan,area-52,768,warrior,arms,18,8,10
32457,Claymation,tichondrius,768,warrior,arms,18,8,10
32458,Easylel,stormrage,768,warrior,arms,18,8,10
32459,Elitistx,bleeding-hollow,768,warrior,arms,18,8,10
32460,Supermieo,illidan,768,warrior,arms,18,8,10
32461,Cyster,proudmoore,768,warrior,arms,18,8,10
32462,Dreadtøøth,tichondrius,768,warrior,arms,18,8,10
32463,Tyranitar,proudmoore,768,warrior,arms,18,8,10
32464,Nyloras,illidan,768,warrior,arms,22,9,13
32465,Nïcowo,ragnaros,768,warrior,arms,32,11,21
32466,Longzhan,tichondrius,768,warrior,arms,24,8,16
32467,Ochinching,tichondrius,768,warrior,arms,24,8,16
32468,Yueren,tichondrius,768,warrior,arms,24,8,16
32469,Dirkdallas,tichondrius,768,warrior,arms,24,8,16
32470,Bornne,doomhammer,768,warrior,arms,30,8,22
32471,Kixxel,sargeras,767,warrior,arms,12,8,4
32472,Kàkarot,illidan,767,warrior,arms,12,8,4
32473,Vecira,moon-guard,767,warrior,arms,12,8,4
32474,Angrybulky,illidan,767,warrior,arms,12,8,4
32475,Theragar,kilrogg,767,warrior,arms,12,8,4
32476,Drjuicce,tichondrius,767,warrior,arms,12,8,4
32477,Executefreak,illidan,767,warrior,arms,12,8,4
32478,Wantor,lightnings-blade,767,warrior,arms,12,8,4
32479,Letsgosmokes,stormrage,767,warrior,arms,12,8,4
32480,Akkar,gilneas,767,warrior,arms,12,8,4
32481,Bricksquad,mannoroth,767,warrior,arms,15,9,6
32482,Itskinggrizz,thrall,767,warrior,arms,16,9,7
32483,Iwillcrushu,tichondrius,767,warrior,arms,18,8,10
32484,Drusillaa,deathwing,767,warrior,arms,18,8,10
32485,Nanor,zuljin,767,warrior,arms,18,8,10
32486,Onionion,stormrage,767,warrior,arms,18,8,10
32487,Logsplitter,stormrage,767,warrior,arms,18,8,10
32488,Cagrekk,wyrmrest-accord,767,warrior,arms,18,8,10
32489,Carnith,arthas,767,warrior,arms,18,8,10
32490,Moarbrainz,mannoroth,767,warrior,arms,18,8,10
32491,Pum,bleeding-hollow,767,warrior,arms,18,8,10
32492,Croxxs,aegwynn,767,warrior,arms,18,8,10
32493,Cevadix,azralon,767,warrior,arms,18,8,10
32494,Vayper,illidan,767,warrior,arms,18,8,10
32495,Empriux,quelthalas,767,warrior,arms,18,8,10
32496,Noktyn,haomarush,767,warrior,arms,18,8,10
32497,Islik,stormrage,767,warrior,arms,18,8,10
32498,Ihazlolstorm,area-52,767,warrior,arms,18,8,10
32499,Orgreshin,area-52,767,warrior,arms,21,9,12
32500,Joran,dathremar,767,warrior,arms,21,9,12
32501,Saskouach,stormrage,767,warrior,arms,20,8,12
32502,Brawnforce,shadowsong,767,warrior,arms,24,8,16
32503,Techanina,aerie-peak,767,warrior,arms,24,8,16
32504,Xenoblade,wildhammer,767,warrior,arms,24,8,16
32505,Raves,quelthalas,767,warrior,arms,30,8,22
32506,Ragarok,jubeithos,766,warrior,arms,12,8,4
32507,Warriorc,laughing-skull,766,warrior,arms,12,8,4
32508,Warrdawg,tichondrius,766,warrior,arms,12,8,4
32509,Jackhanma,kelthuzad,766,warrior,arms,12,8,4
32510,Awkagar,hyjal,766,warrior,arms,17,8,9
32511,Sálieri,ragnaros,766,warrior,arms,18,8,10
32512,Hemmyroidz,tichondrius,766,warrior,arms,18,8,10
32513,Rineer,tichondrius,766,warrior,arms,18,8,10
32514,Beatmeat,frostmourne,766,warrior,arms,24,8,16
32515,Ligerii,quelthalas,765,warrior,arms,18,8,10
32516,Loktarrogar,illidan,765,warrior,arms,24,8,16
32517,Jijiyeya,tichondrius,765,warrior,arms,24,8,16
32518,Pangean,sargeras,764,warrior,arms,18,8,10
32519,Arox,ghostlands,764,warrior,arms,18,8,10
32520,Alexarchos,chogall,764,warrior,arms,18,8,10
32521,Garìk,moon-guard,764,warrior,arms,24,10,14
32522,Plssaveme,ysera,764,warrior,arms,24,8,16
32523,Thing,gorgonnash,763,warrior,arms,18,8,10
32524,Friends,azjolnerub,763,warrior,arms,18,8,10
32525,Sllvrbck,tichondrius,762,warrior,arms,16,9,7
32526,Tarmer,moon-guard,762,warrior,arms,18,8,10
32527,Revenn,greymane,761,warrior,arms,12,8,4
32528,Hunchless,detheroc,761,warrior,arms,22,8,14
32529,Rágnárr,ragnaros,759,warrior,arms,18,8,10
32530,Trapwar,malganis,755,warrior,arms,12,8,4
32531,Tankdatt,frostmourne,755,warrior,arms,18,8,10
32532,Gladiattor,tol-barad,749,warrior,arms,18,8,10
32533,Everchosen,proudmoore,736,warrior,arms,16,8,8
32534,Vetinari,nazjatar,735,warrior,arms,11,8,3
32535,Outo,stormrage,735,warrior,arms,17,8,9
32536,Casmier,tichondrius,734,warrior,arms,17,8,9
32537,Gorakis,barthilas,733,warrior,arms,20,9,11
32538,Mêlo,area-52,719,warrior,arms,17,8,9
32539,Wreckthis,area-52,718,warrior,arms,17,8,9
32540,Layoon,azralon,718,warrior,arms,17,8,9
32541,Juggerboo,frostmourne,712,warrior,arms,18,9,9
32542,Fraccx,area-52,704,warrior,arms,16,8,8
32543,Bluthammer,wyrmrest-accord,701,warrior,arms,20,8,12
32544,Elfmonger,proudmoore,687,warrior,arms,13,8,5
32545,Wreckerr,area-52,680,warrior,arms,20,10,10
32546,Dashballer,sargeras,672,warrior,arms,12,7,5
32547,Titanrage,tichondrius,672,warrior,arms,12,7,5
32548,Reichbeast,area-52,672,warrior,arms,12,7,5
32549,Mõgorrin,area-52,672,warrior,arms,12,7,5
32550,Turtleofhope,barthilas,672,warrior,arms,12,7,5
32551,Draugus,azralon,672,warrior,arms,12,7,5
32552,Battousäi,kiljaeden,672,warrior,arms,12,7,5
32553,Skolltonxoxo,tichondrius,672,warrior,arms,12,7,5
32554,Jahrakál,thunderlord,672,warrior,arms,12,7,5
32555,Alemão,bleeding-hollow,672,warrior,arms,12,7,5
32556,Okayge,proudmoore,672,warrior,arms,12,7,5
32557,Xdoombringer,area-52,672,warrior,arms,12,7,5
32558,Bloodshêdz,stormrage,672,warrior,arms,12,7,5
32559,Grounyl,azralon,672,warrior,arms,12,7,5
32560,Kevy,arygos,672,warrior,arms,12,7,5
32561,Turecw,illidan,672,warrior,arms,12,7,5
32562,Yrz,malganis,672,warrior,arms,12,7,5
32563,Faronstompz,sargeras,672,warrior,arms,12,7,5
32564,Salthouse,sargeras,672,warrior,arms,12,7,5
32565,Studdythejet,zuljin,672,warrior,arms,12,7,5
32566,Ryalaeth,moon-guard,672,warrior,arms,12,7,5
32567,Havocsmash,tichondrius,672,warrior,arms,12,7,5
32568,Tatërs,zuljin,672,warrior,arms,12,7,5
32569,Hannibalkng,zangarmarsh,672,warrior,arms,12,7,5
32570,Zzchocolate,illidan,672,warrior,arms,12,7,5
32571,Heojae,tichondrius,672,warrior,arms,12,7,5
32572,Magnusz,zuljin,672,warrior,arms,12,7,5
32573,Scran,sargeras,672,warrior,arms,12,7,5
32574,Vids,aegwynn,672,warrior,arms,12,7,5
32575,Roiboy,stormrage,672,warrior,arms,12,7,5
32576,Miniraccoon,tichondrius,672,warrior,arms,12,7,5
32577,Jaysmom,tichondrius,672,warrior,arms,12,7,5
32578,Arsis,whisperwind,672,warrior,arms,12,7,5
32579,Cugij,frostmourne,672,warrior,arms,12,7,5
32580,Nerdstorm,tichondrius,672,warrior,arms,12,7,5
32581,Gbrz,stormrage,672,warrior,arms,12,7,5
32582,Donivan,illidan,672,warrior,arms,12,7,5
32583,Imyourdaddy,chogall,672,warrior,arms,16,8,8
32584,Goyqqw,illidan,672,warrior,arms,18,7,11
32585,Thètrùth,duskwood,672,warrior,arms,18,7,11
32586,Sayjaki,stormrage,672,warrior,arms,18,7,11
32587,Mavrus,malganis,672,warrior,arms,18,7,11
32588,Timotheapple,stormrage,672,warrior,arms,18,7,11
32589,Bigbadbaka,thaurissan,672,warrior,arms,18,7,11
32590,Tbagg,area-52,672,warrior,arms,18,7,11
32591,Ryänlord,mugthol,672,warrior,arms,18,7,11
32592,Xkickaxes,tichondrius,672,warrior,arms,18,7,11
32593,Yamzprime,stormrage,672,warrior,arms,18,7,11
32594,Ivory,emerald-dream,672,warrior,arms,18,7,11
32595,Pathelsonsus,stormrage,672,warrior,arms,18,7,11
32596,Warhji,malganis,672,warrior,arms,18,7,11
32597,Galehna,ragnaros,672,warrior,arms,23,7,16
32598,Festerclaws,wyrmrest-accord,672,warrior,arms,24,7,17
32599,Swamphell,barthilas,672,warrior,arms,26,7,19
32600,Gunnëy,malganis,671,warrior,arms,12,7,5
32601,Qtrpndwcheez,area-52,671,warrior,arms,12,7,5
32602,Seshømaru,quelthalas,671,warrior,arms,12,7,5
32603,Jedeva,stormrage,671,warrior,arms,12,7,5
32604,Maddzspin,tichondrius,671,warrior,arms,12,7,5
32605,Pipeman,blackhand,671,warrior,arms,12,7,5
32606,Makcumba,ragnaros,671,warrior,arms,12,7,5
32607,Dunkindots,tichondrius,671,warrior,arms,12,7,5
32608,Sneakyhand,draktharon,671,warrior,arms,12,7,5
32609,Aión,nemesis,671,warrior,arms,12,7,5
32610,Furiousangel,area-52,671,warrior,arms,12,7,5
32611,Irongummy,frostmourne,671,warrior,arms,12,7,5
32612,Nehpets,akama,671,warrior,arms,12,7,5
32613,Vodkalol,bleeding-hollow,671,warrior,arms,12,7,5
32614,Cecchino,zuluhed,671,warrior,arms,12,7,5
32615,Bøgz,kelthuzad,671,warrior,arms,12,7,5
32616,Crnogorac,hakkar,671,warrior,arms,12,7,5
32617,Glizzarms,dalaran,671,warrior,arms,12,7,5
32618,Rägar,quelthalas,671,warrior,arms,12,7,5
32619,Menestz,dreadmaul,671,warrior,arms,17,9,8
32620,Ironhide,malorne,671,warrior,arms,18,7,11
32621,Elíte,kelthuzad,671,warrior,arms,18,7,11
32622,Chumbinhu,stormrage,671,warrior,arms,18,7,11
32623,Aisinbro,illidan,671,warrior,arms,18,7,11
32624,Layøut,azralon,671,warrior,arms,18,7,11
32625,Paratech,thrall,671,warrior,arms,18,7,11
32626,Isarat,illidan,671,warrior,arms,18,7,11
32627,Asgaurdius,thunderlord,671,warrior,arms,18,7,11
32628,Vauquelin,tichondrius,671,warrior,arms,18,7,11
32629,Kasheeka,spirestone,671,warrior,arms,18,7,11
32630,Stepzugger,illidan,671,warrior,arms,18,7,11
32631,Genesisxp,barthilas,671,warrior,arms,18,7,11
32632,Josephcrazy,tichondrius,671,warrior,arms,18,7,11
32633,Deadhawk,wyrmrest-accord,671,warrior,arms,24,7,17
32634,Danzael,quelthalas,671,warrior,arms,24,7,17
32635,Dathalidus,area-52,670,warrior,arms,12,7,5
32636,Nraged,illidan,670,warrior,arms,12,7,5
32637,Gìraffe,illidan,670,warrior,arms,18,7,11
32638,Dizzygal,hyjal,670,warrior,arms,18,7,11
32639,Dhano,drakkari,670,warrior,arms,18,7,11
32640,Sygw,area-52,670,warrior,arms,18,7,11
32641,Reidahn,zuljin,670,warrior,arms,24,7,17
32642,Gíal,ragnaros,670,warrior,arms,24,7,17
32643,Dissx,illidan,669,warrior,arms,16,8,8
32644,Regthar,illidan,669,warrior,arms,17,7,10
32645,Harnor,garrosh,669,warrior,arms,18,7,11
32646,Teyliemond,amanthul,668,warrior,arms,12,7,5
32647,Raharon,chogall,668,warrior,arms,24,7,17
32648,Yanïka,barthilas,667,warrior,arms,13,7,6
32649,Rogkhan,tichondrius,667,warrior,arms,18,7,11
32650,Kevasaurr,sargeras,667,warrior,arms,24,7,17
32651,Prunebery,area-52,666,warrior,arms,12,7,5
32652,Terribletom,stormrage,665,warrior,arms,18,7,11
32653,Tanatos,the-venture-co,664,warrior,arms,18,7,11
32654,Jötunn,dalaran,663,warrior,arms,12,7,5
32655,Dierdris,gnomeregan,659,warrior,arms,13,7,6
32656,Guanyúu,tichondrius,639,warrior,arms,11,7,4
32657,Parmizan,hydraxis,639,warrior,arms,16,7,9
32658,Casteleiro,azralon,639,warrior,arms,20,8,12
32659,Fewfingers,sargeras,638,warrior,arms,16,7,9
32660,Twinxin,thrall,637,warrior,arms,17,7,10
32661,Irishhammer,malfurion,637,warrior,arms,17,7,10
32662,Valde,stormrage,624,warrior,arms,15,7,8
32663,Kratosxx,quelthalas,623,warrior,arms,11,7,4
32664,Allenwalker,dreadmaul,623,warrior,arms,13,7,6
32665,Warney,tichondrius,623,warrior,arms,17,7,10
32666,Bigboycandy,malganis,621,warrior,arms,11,7,4
32667,Xandrak,barthilas,618,warrior,arms,11,7,4
32668,Justfair,barthilas,607,warrior,arms,14,7,7
32669,Exxic,zuljin,606,warrior,arms,14,7,7
32670,Bullkathoss,bleeding-hollow,605,warrior,arms,22,7,15
32671,Tyférious,tichondrius,602,warrior,arms,32,7,25
32672,Mortalchop,tichondrius,592,warrior,arms,13,7,6
32673,Stoneshield,senjin,576,warrior,arms,6,6,0
32674,Bean,ragnaros,576,warrior,arms,6,6,0
32675,Khalwar,ragnaros,576,warrior,arms,6,6,0
32676,Dóminus,malfurion,576,warrior,arms,6,6,0
32677,Baltusrol,hydraxis,576,warrior,arms,6,6,0
32678,Griftustle,moon-guard,576,warrior,arms,6,6,0
32679,Elpresador,dragonmaw,576,warrior,arms,6,6,0
32680,Amortens,area-52,576,warrior,arms,12,6,6
32681,Truecarnage,emerald-dream,576,warrior,arms,12,6,6
32682,Ratherfull,ragnaros,576,warrior,arms,12,6,6
32683,Rembrand,blackhand,576,warrior,arms,12,6,6
32684,Robodad,illidan,576,warrior,arms,12,6,6
32685,Vxjohnson,proudmoore,576,warrior,arms,12,6,6
32686,Aùstin,moon-guard,576,warrior,arms,12,6,6
32687,Jaybers,malganis,576,warrior,arms,12,6,6
32688,Rexquando,barthilas,576,warrior,arms,12,6,6
32689,Marîn,stormrage,576,warrior,arms,12,6,6
32690,Bagginses,quelthalas,576,warrior,arms,12,6,6
32691,Glourfindel,quelthalas,576,warrior,arms,12,6,6
32692,Inkurushio,suramar,576,warrior,arms,12,6,6
32693,Benkenobi,khaz-modan,576,warrior,arms,12,6,6
32694,Toegap,illidan,576,warrior,arms,12,6,6
32695,Tmjakeful,area-52,576,warrior,arms,12,6,6
32696,Raahj,sargeras,576,warrior,arms,12,6,6
32697,Venecus,stormrage,576,warrior,arms,12,6,6
32698,Jerebeloz,proudmoore,576,warrior,arms,12,6,6
32699,Oxia,quelthalas,576,warrior,arms,12,6,6
32700,Kilrok,thunderlord,576,warrior,arms,12,6,6
32701,Joesbàr,tichondrius,576,warrior,arms,12,6,6
32702,Headsour,thunderhorn,576,warrior,arms,12,6,6
32703,Doucherocket,kelthuzad,576,warrior,arms,12,6,6
32704,Assamith,nemesis,576,warrior,arms,12,6,6
32705,Linios,tichondrius,576,warrior,arms,12,6,6
32706,Fatpoos,barthilas,576,warrior,arms,12,6,6
32707,Gladdz,moon-guard,576,warrior,arms,12,6,6
32708,Rargou,illidan,576,warrior,arms,12,6,6
32709,Musclehead,moon-guard,576,warrior,arms,12,6,6
32710,Bamlin,sargeras,576,warrior,arms,12,6,6
32711,Areiana,stormrage,576,warrior,arms,12,6,6
32712,Flidumpling,tichondrius,576,warrior,arms,12,6,6
32713,Barbatenaz,ragnaros,576,warrior,arms,12,6,6
32714,Arozay,illidan,576,warrior,arms,12,6,6
32715,Lacorte,ragnaros,576,warrior,arms,12,6,6
32716,Ermeji,ragnaros,576,warrior,arms,12,6,6
32717,Luckychaos,bleeding-hollow,576,warrior,arms,12,6,6
32718,Cassetto,icecrown,576,warrior,arms,12,6,6
32719,Maleap,moon-guard,576,warrior,arms,12,6,6
32720,Tàlent,thrall,576,warrior,arms,12,6,6
32721,Blazight,dunemaul,576,warrior,arms,12,6,6
32722,Kilgrah,emerald-dream,576,warrior,arms,12,6,6
32723,Gorek,illidan,576,warrior,arms,12,6,6
32724,Luminiere,sargeras,576,warrior,arms,12,6,6
32725,Dreamwarr,tichondrius,576,warrior,arms,12,6,6
32726,Bonclay,nerzhul,576,warrior,arms,12,6,6
32727,Bailu,ragnaros,576,warrior,arms,12,6,6
32728,Monkeystrike,barthilas,576,warrior,arms,12,6,6
32729,Atuey,area-52,576,warrior,arms,12,6,6
32730,Wurua,tichondrius,576,warrior,arms,12,6,6
32731,Maywarro,ragnaros,576,warrior,arms,12,6,6
32732,Auxthas,tichondrius,576,warrior,arms,12,6,6
32733,Zuans,azralon,576,warrior,arms,12,6,6
32734,Fûry,barthilas,576,warrior,arms,12,6,6
32735,Biorhn,area-52,576,warrior,arms,12,6,6
32736,Hülkamanïa,sargeras,576,warrior,arms,12,6,6
32737,Natalieftm,tichondrius,576,warrior,arms,12,6,6
32738,Breaker,undermine,576,warrior,arms,12,6,6
32739,Roflcombo,illidan,576,warrior,arms,12,6,6
32740,Sunderstruck,boulderfist,576,warrior,arms,12,6,6
32741,Geubsalx,tichondrius,576,warrior,arms,12,6,6
32742,Zizwe,proudmoore,576,warrior,arms,12,6,6
32743,Stÿgían,kelthuzad,576,warrior,arms,12,6,6
32744,Aladarith,moon-guard,576,warrior,arms,12,6,6
32745,Tooto,kelthuzad,576,warrior,arms,12,6,6
32746,Sigrik,moon-guard,576,warrior,arms,12,6,6
32747,Illmindofboo,tichondrius,576,warrior,arms,12,6,6
32748,Adryina,zuljin,576,warrior,arms,12,6,6
32749,Róngor,ragnaros,576,warrior,arms,12,6,6
32750,Hololeave,tichondrius,576,warrior,arms,12,6,6
32751,Ganzism,tichondrius,576,warrior,arms,13,6,7
32752,Warsongwolf,tichondrius,576,warrior,arms,15,6,9
32753,Maintarget,malganis,576,warrior,arms,17,6,11
32754,Ontull,emerald-dream,576,warrior,arms,18,6,12
32755,Egoist,malganis,576,warrior,arms,18,6,12
32756,Gentlehugs,illidan,576,warrior,arms,18,6,12
32757,Kennäy,azralon,576,warrior,arms,18,6,12
32758,Hariban,shuhalo,576,warrior,arms,18,6,12
32759,Ezgamelol,azralon,576,warrior,arms,18,6,12
32760,Nillor,emerald-dream,576,warrior,arms,18,6,12
32761,Xgraves,sargeras,576,warrior,arms,18,6,12
32762,Benw,dawnbringer,576,warrior,arms,18,6,12
32763,Monardaid,uldum,576,warrior,arms,18,6,12
32764,Májorrobot,area-52,576,warrior,arms,18,6,12
32765,Hugz,thrall,576,warrior,arms,18,6,12
32766,Winso,blood-furnace,576,warrior,arms,18,6,12
32767,Swìll,illidan,576,warrior,arms,18,6,12
32768,Eabywarrs,tichondrius,576,warrior,arms,18,6,12
32769,Brokthard,ragnaros,576,warrior,arms,18,6,12
32770,Cowboybeast,tanaris,576,warrior,arms,18,6,12
32771,Toutie,tichondrius,576,warrior,arms,18,6,12
32772,Lieofa,tichondrius,576,warrior,arms,19,6,13
32773,Contentious,moon-guard,576,warrior,arms,24,6,18
32774,Fenømenoide,ragnaros,575,warrior,arms,6,6,0
32775,Desul,tichondrius,575,warrior,arms,12,6,6
32776,Pandatrue,azralon,575,warrior,arms,12,6,6
32777,Ereborh,ragnaros,575,warrior,arms,12,6,6
32778,Teyrn,stormrage,575,warrior,arms,12,6,6
32779,Xarlon,stormrage,575,warrior,arms,12,6,6
32780,Thornakh,stormrage,575,warrior,arms,12,6,6
32781,Bkdorbandit,illidan,575,warrior,arms,12,6,6
32782,Vioar,hyjal,575,warrior,arms,12,6,6
32783,Balthazãr,quelthalas,575,warrior,arms,12,6,6
32784,Amrap,dentarg,575,warrior,arms,12,6,6
32785,Gahii,barthilas,575,warrior,arms,12,6,6
32786,Redneckk,emerald-dream,575,warrior,arms,12,6,6
32787,Ragefested,tichondrius,575,warrior,arms,12,6,6
32788,Banggo,frostmourne,575,warrior,arms,12,6,6
32789,Percthirty,blackrock,575,warrior,arms,12,6,6
32790,Uragiri,shadowsong,575,warrior,arms,12,6,6
32791,Nospace,tichondrius,575,warrior,arms,12,6,6
32792,Bolx,archimonde,575,warrior,arms,12,6,6
32793,Broxhar,ragnaros,575,warrior,arms,12,6,6
32794,Maltrate,hyjal,575,warrior,arms,15,7,8
32795,Bärdock,ragnaros,575,warrior,arms,16,7,9
32796,Filthyrandy,proudmoore,575,warrior,arms,18,6,12
32797,Umogarmac,draktharon,575,warrior,arms,18,6,12
32798,Dragmös,nemesis,574,warrior,arms,6,6,0
32799,Kenroc,illidan,574,warrior,arms,12,6,6
32800,Iblowloads,illidan,574,warrior,arms,12,6,6
32801,Darkshrek,quelthalas,574,warrior,arms,12,6,6
32802,Masami,moon-guard,574,warrior,arms,18,6,12
32803,Môgwai,kelthuzad,573,warrior,arms,12,6,6
32804,Rafaelwar,drakkari,573,warrior,arms,12,6,6
32805,Tatsher,turalyon,571,warrior,arms,12,6,6
32806,Ironwarr,hyjal,556,warrior,arms,17,6,11
32807,Ecopolis,azshara,544,warrior,arms,16,6,10
32808,Ballzindeep,tichondrius,543,warrior,arms,8,7,1
32809,Tastyskeet,illidan,543,warrior,arms,11,6,5
32810,Battlestance,shadowsong,543,warrior,arms,17,6,11
32811,Uneasyw,tichondrius,543,warrior,arms,17,6,11
32812,Randywar,tichondrius,528,warrior,arms,15,6,9
32813,Vikkz,frostmourne,527,warrior,arms,11,6,5
32814,Beyblade,jubeithos,527,warrior,arms,11,6,5
32815,Warwik,stormscale,527,warrior,arms,17,6,11
32816,Meadsweats,tichondrius,522,warrior,arms,17,10,7
32817,Tomcruz,bloodscalp,522,warrior,arms,16,7,9
32818,Hrókr,kiljaeden,522,warrior,arms,19,8,11
32819,Orz,sargeras,522,warrior,arms,25,7,18
32820,Warrage,kiljaeden,519,warrior,arms,21,9,12
32821,Sáítámá,tichondrius,512,warrior,arms,16,6,10
32822,Kvobash,area-52,511,warrior,arms,11,6,5
32823,Jackjaeger,area-52,511,warrior,arms,16,6,10
32824,Ruiend,bonechewer,510,warrior,arms,14,6,8
32825,Ripstorm,emerald-dream,510,warrior,arms,14,6,8
32826,Tyraelius,kiljaeden,510,warrior,arms,17,6,11
32827,Lishajr,malganis,507,warrior,arms,8,6,2
32828,Magarrior,shadowsong,495,warrior,arms,13,7,6
32829,Pigblind,azralon,480,warrior,arms,6,5,1
32830,Grehk,sargeras,480,warrior,arms,6,5,1
32831,Armsupx,tichondrius,480,warrior,arms,6,5,1
32832,Millywhopz,thrall,480,warrior,arms,6,5,1
32833,Dtitanzz,quelthalas,480,warrior,arms,6,5,1
32834,Ashrah,emerald-dream,480,warrior,arms,6,5,1
32835,Geàrbreaker,tichondrius,480,warrior,arms,6,5,1
32836,Jarlaix,dragonmaw,480,warrior,arms,6,5,1
32837,Domminux,darkspear,480,warrior,arms,6,5,1
32838,Onefourfifty,tichondrius,480,warrior,arms,6,5,1
32839,Xaenne,zuljin,480,warrior,arms,6,5,1
32840,Iskandr,amanthul,480,warrior,arms,6,5,1
32841,Painqt,area-52,480,warrior,arms,6,5,1
32842,Billythunda,tichondrius,480,warrior,arms,6,5,1
32843,Ousetadoidao,nemesis,480,warrior,arms,6,5,1
32844,Vainamóinen,kelthuzad,480,warrior,arms,6,5,1
32845,Ightdoex,zuljin,480,warrior,arms,6,5,1
32846,Hotshótz,kelthuzad,480,warrior,arms,6,5,1
32847,Houk,frostmourne,480,warrior,arms,6,5,1
32848,Biggesttoees,tichondrius,480,warrior,arms,6,5,1
32849,Noor,tichondrius,480,warrior,arms,6,5,1
32850,Roadglide,korgath,480,warrior,arms,6,5,1
32851,Saladin,gnomeregan,480,warrior,arms,6,5,1
32852,Tigris,nesingwary,480,warrior,arms,6,5,1
32853,Jenkin,korgath,480,warrior,arms,6,5,1
32854,Bootypound,sargeras,480,warrior,arms,6,5,1
32855,Noreaga,tichondrius,480,warrior,arms,6,5,1
32856,Gízzmo,tichondrius,480,warrior,arms,6,5,1
32857,Bûm,sargeras,480,warrior,arms,6,5,1
32858,Tâlos,magtheridon,480,warrior,arms,6,5,1
32859,Rickywarx,illidan,480,warrior,arms,6,5,1
32860,Vanlur,khaz-modan,480,warrior,arms,6,5,1
32861,Ryü,khaz-modan,480,warrior,arms,6,5,1
32862,Orctiddy,emerald-dream,480,warrior,arms,6,5,1
32863,Juicylumpia,moon-guard,480,warrior,arms,6,5,1
32864,Lexíbelle,korgath,480,warrior,arms,6,5,1
32865,Thombelina,malganis,480,warrior,arms,6,5,1
32866,Himurinha,nemesis,480,warrior,arms,6,5,1
32867,Jackox,sargeras,480,warrior,arms,6,5,1
32868,Dukagã,tichondrius,480,warrior,arms,6,5,1
32869,Whittyxc,tichondrius,480,warrior,arms,9,5,4
32870,Nyuk,tichondrius,480,warrior,arms,9,5,4
32871,Sideon,frostmourne,480,warrior,arms,12,5,7
32872,Wargasms,alterac-mountains,480,warrior,arms,12,5,7
32873,Unitsven,barthilas,480,warrior,arms,12,5,7
32874,Gulgosh,stormscale,480,warrior,arms,12,5,7
32875,Blackwulff,korgath,480,warrior,arms,12,5,7
32876,Fracked,sargeras,480,warrior,arms,12,5,7
32877,Kð,zuljin,480,warrior,arms,12,5,7
32878,Toddlovesu,kelthuzad,480,warrior,arms,12,5,7
32879,Skornnd,malganis,480,warrior,arms,12,5,7
32880,Clamjammed,thrall,480,warrior,arms,12,5,7
32881,Purrava,tichondrius,480,warrior,arms,12,5,7
32882,Zewl,barthilas,480,warrior,arms,12,5,7
32883,Axellent,gilneas,480,warrior,arms,12,5,7
32884,Izârâk,frostmourne,480,warrior,arms,12,5,7
32885,Tepaste,ragnaros,480,warrior,arms,12,5,7
32886,Takenotez,sargeras,480,warrior,arms,12,5,7
32887,Spredforbred,area-52,480,warrior,arms,12,5,7
32888,Peters,malfurion,480,warrior,arms,12,5,7
32889,Cuddlechamp,barthilas,480,warrior,arms,12,5,7
32890,Huleo,tichondrius,480,warrior,arms,12,5,7
32891,Mirado,tichondrius,480,warrior,arms,12,5,7
32892,Fayttful,area-52,480,warrior,arms,12,5,7
32893,Martydom,proudmoore,480,warrior,arms,12,5,7
32894,Deadhate,sargeras,480,warrior,arms,12,5,7
32895,Maniel,greymane,480,warrior,arms,12,5,7
32896,Wcb,sargeras,480,warrior,arms,12,5,7
32897,Ericthegreat,azuremyst,480,warrior,arms,12,5,7
32898,Arcâdio,cairne,480,warrior,arms,12,5,7
32899,Felorelea,moon-guard,480,warrior,arms,12,5,7
32900,Targos,frostwolf,480,warrior,arms,12,5,7
32901,Shwip,tichondrius,480,warrior,arms,12,5,7
32902,Brostormftw,shattered-halls,480,warrior,arms,12,5,7
32903,Buffwar,tichondrius,480,warrior,arms,12,5,7
32904,Igoon,dentarg,480,warrior,arms,12,5,7
32905,Kaikah,aegwynn,480,warrior,arms,12,5,7
32906,Bladeblade,burning-blade,480,warrior,arms,12,5,7
32907,Nuccî,azralon,480,warrior,arms,12,5,7
32908,Psilly,sargeras,480,warrior,arms,12,5,7
32909,Spincycle,khadgar,480,warrior,arms,12,5,7
32910,Hemkcus,zuluhed,480,warrior,arms,12,5,7
32911,Mondëgo,stormrage,480,warrior,arms,12,5,7
32912,Loveføx,stormrage,480,warrior,arms,12,5,7
32913,Sylvanos,arthas,480,warrior,arms,12,5,7
32914,Rivenz,moon-guard,480,warrior,arms,12,5,7
32915,Kriegsheer,bleeding-hollow,480,warrior,arms,12,5,7
32916,Dillý,area-52,480,warrior,arms,12,5,7
32917,Hatedßyßlízz,area-52,480,warrior,arms,12,5,7
32918,Thalfor,emerald-dream,480,warrior,arms,12,5,7
32919,Beerstorm,stormrage,480,warrior,arms,12,5,7
32920,Dalinare,area-52,480,warrior,arms,12,5,7
32921,Angertooth,tichondrius,480,warrior,arms,12,5,7
32922,Haowar,tichondrius,480,warrior,arms,12,5,7
32923,Sabers,mannoroth,480,warrior,arms,12,5,7
32924,Blakeb,area-52,480,warrior,arms,12,5,7
32925,Mustachelove,bleeding-hollow,480,warrior,arms,12,5,7
32926,Andrexion,moon-guard,480,warrior,arms,12,5,7
32927,Cabi,frostmourne,480,warrior,arms,12,5,7
32928,Gonzwold,drenden,480,warrior,arms,12,5,7
32929,Mayshowgunmo,tichondrius,480,warrior,arms,12,5,7
32930,Mantrà,skullcrusher,480,warrior,arms,12,5,7
32931,Colnar,stormrage,480,warrior,arms,12,5,7
32932,Ahkimih,ragnaros,480,warrior,arms,12,5,7
32933,Warfeno,malganis,480,warrior,arms,12,5,7
32934,Dynamiite,bleeding-hollow,480,warrior,arms,12,5,7
32935,Crushingnews,sargeras,480,warrior,arms,12,5,7
32936,Ccmeharder,kiljaeden,480,warrior,arms,12,5,7
32937,Excalibruh,frostmourne,480,warrior,arms,12,5,7
32938,Baaltica,ragnaros,480,warrior,arms,12,5,7
32939,Durres,tichondrius,480,warrior,arms,12,5,7
32940,Schoolbuhs,tichondrius,480,warrior,arms,12,5,7
32941,Lanco,kiljaeden,480,warrior,arms,12,5,7
32942,Empyrius,exodar,480,warrior,arms,12,5,7
32943,Karik,proudmoore,480,warrior,arms,12,5,7
32944,Rushour,quelthalas,480,warrior,arms,12,5,7
32945,Slamoholic,turalyon,480,warrior,arms,12,5,7
32946,Ricksanches,shadowmoon,480,warrior,arms,12,5,7
32947,Dondà,illidan,480,warrior,arms,12,5,7
32948,Kàli,kiljaeden,480,warrior,arms,12,5,7
32949,Rezzett,wyrmrest-accord,480,warrior,arms,12,5,7
32950,Grandtank,veknilash,480,warrior,arms,15,6,9
32951,Peacemake,tichondrius,480,warrior,arms,15,6,9
32952,Mág,burning-legion,480,warrior,arms,13,5,8
32953,Siegfriéd,bleeding-hollow,480,warrior,arms,14,5,9
32954,Tigershárk,tichondrius,480,warrior,arms,16,5,11
32955,Lorinzer,zuljin,480,warrior,arms,18,5,13
32956,Calto,tichondrius,480,warrior,arms,18,5,13
32957,Odrak,ragnaros,480,warrior,arms,18,5,13
32958,Modzilla,aerie-peak,480,warrior,arms,18,5,13
32959,Goaco,drakkari,480,warrior,arms,18,5,13
32960,Tsathoggua,kiljaeden,480,warrior,arms,18,5,13
32961,Shîzu,moon-guard,480,warrior,arms,18,5,13
32962,Cyllyzie,emerald-dream,480,warrior,arms,18,5,13
32963,Imprw,stormrage,480,warrior,arms,18,5,13
32964,Omlas,azralon,480,warrior,arms,18,5,13
32965,Bruttallis,frostmane,480,warrior,arms,18,5,13
32966,Elsee,drakkari,480,warrior,arms,30,5,25
32967,Rinngo,proudmoore,479,warrior,arms,6,5,1
32968,Carralee,azralon,479,warrior,arms,6,5,1
32969,Tanger,korgath,479,warrior,arms,6,5,1
32970,Arrozkonlech,proudmoore,479,warrior,arms,10,6,4
32971,Têzeret,shadowmoon,479,warrior,arms,12,5,7
32972,Trufsoturi,bleeding-hollow,479,warrior,arms,12,5,7
32973,Orcbreaker,quelthalas,479,warrior,arms,12,5,7
32974,Synestira,frostmourne,479,warrior,arms,12,5,7
32975,Alderr,frostmourne,479,warrior,arms,12,5,7
32976,Loaksz,tichondrius,479,warrior,arms,12,5,7
32977,Dirtyrandy,zuluhed,479,warrior,arms,12,5,7
32978,Baloraj,barthilas,479,warrior,arms,12,5,7
32979,Vynfull,area-52,479,warrior,arms,12,5,7
32980,Mezi,tichondrius,479,warrior,arms,12,5,7
32981,Märx,barthilas,479,warrior,arms,12,5,7
32982,Celt,uldum,479,warrior,arms,12,5,7
32983,Qqmachine,tichondrius,479,warrior,arms,12,5,7
32984,Azaeil,tanaris,479,warrior,arms,12,5,7
32985,Sweetdeé,zuljin,479,warrior,arms,12,5,7
32986,Rücküs,tichondrius,479,warrior,arms,12,5,7
32987,Cueromodel,ragnaros,479,warrior,arms,12,5,7
32988,Borgee,tichondrius,479,warrior,arms,12,5,7
32989,Spàcetìme,stormrage,479,warrior,arms,12,5,7
32990,Wondaimon,drakkari,479,warrior,arms,12,5,7
32991,Zeldrissx,quelthalas,479,warrior,arms,18,5,13
32992,Helscreem,hyjal,479,warrior,arms,18,5,13
32993,Gorrthrax,area-52,479,warrior,arms,24,5,19
32994,Wastenott,area-52,478,warrior,arms,6,5,1
32995,Fleshtuxedo,stormrage,478,warrior,arms,6,5,1
32996,Otyek,proudmoore,478,warrior,arms,12,5,7
32997,Tmible,ragnaros,477,warrior,arms,6,5,1
32998,Pumpuup,bleeding-hollow,476,warrior,arms,12,5,7
32999,Acanof,azjolnerub,474,warrior,arms,9,6,3
33000,Orkuduro,azralon,474,warrior,arms,18,5,13
33001,Lòvex,alterac-mountains,473,warrior,arms,12,5,7
33002,Raktrazbirt,dalaran,472,warrior,arms,12,5,7
33003,Kastenz,frostmourne,463,warrior,arms,11,5,6
33004,Conchalover,illidan,463,warrior,arms,11,5,6
33005,Evoltoad,illidan,463,warrior,arms,17,5,12
33006,Sick,azralon,448,warrior,arms,10,6,4
33007,Danalle,area-52,448,warrior,arms,10,6,4
33008,Gbar,azralon,448,warrior,arms,10,6,4
33009,Thistleberry,aegwynn,447,warrior,arms,11,5,6
33010,Notcoverage,tichondrius,447,warrior,arms,11,5,6
33011,Brysontiller,frostmourne,447,warrior,arms,11,5,6
33012,Dontkiteme,frostmourne,447,warrior,arms,17,5,12
33013,Cyllå,frostmourne,446,warrior,arms,9,6,3
33014,Bingchilly,aegwynn,432,warrior,arms,9,6,3
33015,Jrodrick,nemesis,432,warrior,arms,9,6,3
33016,Llewellenar,stormrage,431,warrior,arms,11,5,6
33017,Gurgak,illidan,431,warrior,arms,11,5,6
33018,Bloodbottle,darkspear,426,warrior,arms,14,7,7
33019,Boombasta,shuhalo,426,warrior,arms,15,6,9
33020,Yarocktoo,kelthuzad,415,warrior,arms,8,5,3
33021,Thano,kiljaeden,415,warrior,arms,10,5,5
33022,Edwiddin,frostmourne,415,warrior,arms,14,5,9
33023,Alzuga,quelthalas,415,warrior,arms,14,5,9
33024,Gushyguts,tichondrius,399,warrior,arms,19,5,14
33025,Traglos,ragnaros,384,warrior,arms,6,4,2
33026,Marsoc,burning-legion,384,warrior,arms,6,4,2
33027,Abswar,tichondrius,384,warrior,arms,6,4,2
33028,Blazie,barthilas,384,warrior,arms,6,4,2
33029,Malgoth,illidan,384,warrior,arms,6,4,2
33030,Sygurd,drakkari,384,warrior,arms,6,4,2
33031,Raime,sargeras,384,warrior,arms,6,4,2
33032,Invinciblé,tichondrius,384,warrior,arms,6,4,2
33033,Kimbö,quelthalas,384,warrior,arms,6,4,2
33034,Bajheeraz,tichondrius,384,warrior,arms,6,4,2
33035,Nickfurie,emerald-dream,384,warrior,arms,6,4,2
33036,Hipower,lethon,384,warrior,arms,6,4,2
33037,Hamur,azralon,384,warrior,arms,6,4,2
33038,Elbelgon,ragnaros,384,warrior,arms,6,4,2
33039,Fancysin,malganis,384,warrior,arms,6,4,2
33040,Bütch,stormrage,384,warrior,arms,6,4,2
33041,Toungy,kelthuzad,384,warrior,arms,6,4,2
33042,Balakay,drenden,384,warrior,arms,6,4,2
33043,Karrosh,agamaggan,384,warrior,arms,6,4,2
33044,Kilroywar,tichondrius,384,warrior,arms,6,4,2
33045,Itsaustinn,sargeras,384,warrior,arms,6,4,2
33046,Gurneyhalec,proudmoore,384,warrior,arms,6,4,2
33047,Ummso,nerzhul,384,warrior,arms,6,4,2
33048,Hamburgezo,quelthalas,384,warrior,arms,6,4,2
33049,Gtatewarr,azjolnerub,384,warrior,arms,6,4,2
33050,Yivicus,sargeras,384,warrior,arms,6,4,2
33051,Painsoul,illidan,384,warrior,arms,6,4,2
33052,Dysazter,ravencrest,384,warrior,arms,6,4,2
33053,Zarttorius,quelthalas,384,warrior,arms,6,4,2
33054,Swillzz,illidan,384,warrior,arms,6,4,2
33055,Hordrek,moon-guard,384,warrior,arms,6,4,2
33056,Amérus,moon-guard,384,warrior,arms,6,4,2
33057,Silac,drenden,384,warrior,arms,6,4,2
33058,Thottprot,blackhand,384,warrior,arms,6,4,2
33059,Bottlecaps,shadowmoon,384,warrior,arms,6,4,2
33060,Tsutsana,lightninghoof,384,warrior,arms,6,4,2
33061,Airhood,frostmourne,384,warrior,arms,6,4,2
33062,Dazfury,barthilas,384,warrior,arms,6,4,2
33063,Míaguiulfo,ragnaros,384,warrior,arms,6,4,2
33064,Gnasty,hyjal,384,warrior,arms,6,4,2
33065,Kushhy,illidan,384,warrior,arms,6,4,2
33066,Donhoolio,illidan,384,warrior,arms,6,4,2
33067,Kriloth,frostmourne,384,warrior,arms,6,4,2
33068,Houdinix,stormrage,384,warrior,arms,6,4,2
33069,Swordfighter,moon-guard,384,warrior,arms,6,4,2
33070,Vâlôr,tichondrius,384,warrior,arms,6,4,2
33071,Sìkarío,illidan,384,warrior,arms,6,4,2
33072,Jakslasfa,aegwynn,384,warrior,arms,6,4,2
33073,Còlòssal,moknathal,384,warrior,arms,6,4,2
33074,Odalp,tichondrius,384,warrior,arms,6,4,2
33075,Fazeo,madoran,384,warrior,arms,6,4,2
33076,Gáren,quelthalas,384,warrior,arms,6,4,2
33077,Slaughtér,tichondrius,384,warrior,arms,6,4,2
33078,Pineapplezz,kelthuzad,384,warrior,arms,6,4,2
33079,Mòrgo,agamaggan,384,warrior,arms,6,4,2
33080,Bajheeraz,sargeras,384,warrior,arms,6,4,2
33081,Ziggeraut,cenarion-circle,384,warrior,arms,6,4,2
33082,Babyreap,frostmourne,384,warrior,arms,6,4,2
33083,Krokü,area-52,384,warrior,arms,6,4,2
33084,Slapywar,illidan,384,warrior,arms,6,4,2
33085,Ninefingers,madoran,384,warrior,arms,6,4,2
33086,Sakuraya,tichondrius,384,warrior,arms,6,4,2
33087,Boomtacular,moon-guard,384,warrior,arms,6,4,2
33088,Styiex,ragnaros,384,warrior,arms,6,4,2
33089,Swaystko,sargeras,384,warrior,arms,6,4,2
33090,Keffdog,laughing-skull,384,warrior,arms,6,4,2
33091,Blazingguard,stormrage,384,warrior,arms,6,4,2
33092,Trevmo,bloodscalp,384,warrior,arms,6,4,2
33093,Appolyonn,hyjal,384,warrior,arms,6,4,2
33094,Fulreck,tichondrius,384,warrior,arms,6,4,2
33095,Draggo,tortheldrin,384,warrior,arms,6,4,2
33096,Irascible,stormrage,384,warrior,arms,6,4,2
33097,Diãbel,azralon,384,warrior,arms,6,4,2
33098,Wariorwang,tichondrius,384,warrior,arms,6,4,2
33099,Rúz,illidan,384,warrior,arms,6,4,2
33100,Daddydomtop,moon-guard,384,warrior,arms,6,4,2
33101,Varyanguard,quelthalas,384,warrior,arms,6,4,2
33102,Pharan,malganis,384,warrior,arms,6,4,2
33103,Larrythelob,kelthuzad,384,warrior,arms,6,4,2
33104,Whórm,kelthuzad,384,warrior,arms,6,4,2
33105,Brøxigár,quelthalas,384,warrior,arms,6,4,2
33106,Bigdumborc,tichondrius,384,warrior,arms,6,4,2
33107,Flëët,tichondrius,384,warrior,arms,6,4,2
33108,Koalabear,shadow-council,384,warrior,arms,6,4,2
33109,Aægekaz,proudmoore,384,warrior,arms,6,4,2
33110,Thiccyb,area-52,384,warrior,arms,6,4,2
33111,Mortalhandx,tichondrius,384,warrior,arms,6,4,2
33112,Bruisebanner,area-52,384,warrior,arms,6,4,2
33113,Ragingboner,aggramar,384,warrior,arms,6,4,2
33114,Gamörä,illidan,384,warrior,arms,6,4,2
33115,Tickej,dragonmaw,384,warrior,arms,6,4,2
33116,Yêawen,tichondrius,384,warrior,arms,6,4,2
33117,Littlegengar,tichondrius,384,warrior,arms,6,4,2
33118,Báhamut,area-52,384,warrior,arms,6,4,2
33119,Gorfin,spirestone,384,warrior,arms,6,4,2
33120,Hèphæstús,sargeras,384,warrior,arms,6,4,2
33121,Neon,wildhammer,384,warrior,arms,6,4,2
33122,Bailo,dathremar,384,warrior,arms,6,4,2
33123,Tinyguysmall,eredar,384,warrior,arms,6,4,2
33124,Oddyseey,moon-guard,384,warrior,arms,6,4,2
33125,Killaen,thrall,384,warrior,arms,6,4,2
33126,Rinima,tichondrius,384,warrior,arms,6,4,2
33127,Frakt,illidan,384,warrior,arms,6,4,2
33128,Crackersmack,stormrage,384,warrior,arms,9,5,4
33129,Greenishfox,illidan,384,warrior,arms,9,5,4
33130,Rimz,sargeras,384,warrior,arms,9,5,4
33131,Kalisandra,undermine,384,warrior,arms,10,5,5
33132,Omnismash,stormrage,384,warrior,arms,8,4,4
33133,Maxprotein,area-52,384,warrior,arms,8,4,4
33134,Ailes,hakkar,384,warrior,arms,11,4,7
33135,Cupper,tichondrius,384,warrior,arms,12,4,8
33136,Flexyx,arthas,384,warrior,arms,12,4,8
33137,Lundyswung,silver-hand,384,warrior,arms,12,4,8
33138,Torbajhorn,moon-guard,384,warrior,arms,12,4,8
33139,Daymiian,blackrock,384,warrior,arms,12,4,8
33140,Durango,duskwood,384,warrior,arms,12,4,8
33141,Handikap,stormrage,384,warrior,arms,12,4,8
33142,Twoshoutz,stormrage,384,warrior,arms,12,4,8
33143,Käggai,khadgar,384,warrior,arms,12,4,8
33144,Fatherkelso,tichondrius,384,warrior,arms,12,4,8
33145,Xårren,stormrage,384,warrior,arms,12,4,8
33146,Nginx,queldorei,384,warrior,arms,12,4,8
33147,Exist,kaelthas,384,warrior,arms,12,4,8
33148,Naelynh,quelthalas,384,warrior,arms,12,4,8
33149,Totenhammer,nathrezim,384,warrior,arms,12,4,8
33150,Joekenshield,stonemaul,384,warrior,arms,12,4,8
33151,Ðirtyboy,tichondrius,384,warrior,arms,12,4,8
33152,Steelfist,grizzly-hills,384,warrior,arms,12,4,8
33153,Kantorowicz,goldrinn,384,warrior,arms,12,4,8
33154,Guerra,goldrinn,384,warrior,arms,12,4,8
33155,Rekatron,area-52,384,warrior,arms,12,4,8
33156,Hameey,sargeras,384,warrior,arms,12,4,8
33157,Angrybrog,malfurion,384,warrior,arms,12,4,8
33158,Renclave,wyrmrest-accord,384,warrior,arms,12,4,8
33159,Warriormikey,tichondrius,384,warrior,arms,12,4,8
33160,Dâvo,area-52,384,warrior,arms,12,4,8
33161,Snack,stormreaver,384,warrior,arms,12,4,8
33162,Lui,the-forgotten-coast,384,warrior,arms,12,4,8
33163,Dessindir,quelthalas,384,warrior,arms,12,4,8
33164,Moseshrute,zuljin,384,warrior,arms,12,4,8
33165,Licona,wyrmrest-accord,384,warrior,arms,12,4,8
33166,Filth,tichondrius,384,warrior,arms,12,4,8
33167,Metalhit,tichondrius,384,warrior,arms,12,4,8
33168,Mindgoblin,bleeding-hollow,384,warrior,arms,12,4,8
33169,Sako,amanthul,384,warrior,arms,12,4,8
33170,Mefus,wyrmrest-accord,384,warrior,arms,12,4,8
33171,Grândmâ,zuljin,384,warrior,arms,12,4,8
33172,Rawlur,zuljin,384,warrior,arms,12,4,8
33173,Stoneball,kiljaeden,384,warrior,arms,12,4,8
33174,Tappyc,tichondrius,384,warrior,arms,12,4,8
33175,Ballsy,fenris,384,warrior,arms,12,4,8
33176,Hârambe,kiljaeden,384,warrior,arms,12,4,8
33177,Sandrine,fizzcrank,384,warrior,arms,12,4,8
33178,Iargestpp,bleeding-hollow,384,warrior,arms,12,4,8
33179,Palumorw,deathwing,384,warrior,arms,12,4,8
33180,Broodthorne,tichondrius,384,warrior,arms,12,4,8
33181,Amaus,queldorei,384,warrior,arms,12,4,8
33182,Rocketbom,tichondrius,384,warrior,arms,12,4,8
33183,Marsshine,tichondrius,384,warrior,arms,12,4,8
33184,Còsmico,trollbane,384,warrior,arms,12,4,8
33185,Rexxous,hyjal,384,warrior,arms,12,4,8
33186,Koei,illidan,384,warrior,arms,12,4,8
33187,Furyofrage,dalaran,384,warrior,arms,12,4,8
33188,Iridikron,dalaran,384,warrior,arms,12,4,8
33189,Draiken,dalaran,384,warrior,arms,12,4,8
33190,Narduk,emerald-dream,384,warrior,arms,12,4,8
33191,Izhansheni,illidan,384,warrior,arms,12,4,8
33192,Heliza,ragnaros,384,warrior,arms,12,4,8
33193,Wárriór,tichondrius,384,warrior,arms,12,4,8
33194,Jaclksparrow,azralon,384,warrior,arms,12,4,8
33195,Gangaa,barthilas,384,warrior,arms,12,4,8
33196,Laokan,illidan,384,warrior,arms,12,4,8
33197,Franticlol,tichondrius,384,warrior,arms,12,4,8
33198,Stewwar,wyrmrest-accord,384,warrior,arms,12,4,8
33199,Fuller,kelthuzad,384,warrior,arms,12,4,8
33200,Kenedy,moon-guard,384,warrior,arms,12,4,8
33201,Jasonsdady,illidan,384,warrior,arms,12,4,8
33202,Donnacha,garona,384,warrior,arms,12,4,8
33203,Zugface,tichondrius,384,warrior,arms,12,4,8
33204,Turkin,proudmoore,384,warrior,arms,12,4,8
33205,Barrocops,kiljaeden,384,warrior,arms,12,4,8
33206,Hunnam,illidan,384,warrior,arms,12,4,8
33207,Ronak,vashj,384,warrior,arms,12,4,8
33208,Gfree,kiljaeden,384,warrior,arms,12,4,8
33209,Misakizs,illidan,384,warrior,arms,12,4,8
33210,Koraciá,illidan,384,warrior,arms,12,4,8
33211,Grullhamer,ragnaros,384,warrior,arms,12,4,8
33212,Magmaheart,lightbringer,384,warrior,arms,12,4,8
33213,Demonsláyer,illidan,384,warrior,arms,12,4,8
33214,Xunaco,quelthalas,384,warrior,arms,17,4,13
33215,Asphyxiating,illidan,384,warrior,arms,18,4,14
33216,Sartin,boulderfist,384,warrior,arms,18,4,14
33217,Gladicus,zuljin,384,warrior,arms,18,4,14
33218,Cowsgomerr,tichondrius,384,warrior,arms,18,4,14
33219,Noppô,tichondrius,384,warrior,arms,18,4,14
33220,Retiarius,tichondrius,384,warrior,arms,18,4,14
33221,Tookbeki,tichondrius,383,warrior,arms,6,4,2
33222,Yeit,tichondrius,383,warrior,arms,6,4,2
33223,Chisum,gnomeregan,383,warrior,arms,6,4,2
33224,Dieselsauce,stormscale,383,warrior,arms,6,4,2
33225,Shìromìzù,eredar,383,warrior,arms,6,4,2
33226,Bitiatus,scilla,383,warrior,arms,12,4,8
33227,Pandamoanman,moon-guard,383,warrior,arms,12,4,8
33228,Chilicezo,durotan,383,warrior,arms,12,4,8
33229,Spitbeard,kargath,383,warrior,arms,12,4,8
33230,Shabus,moon-guard,383,warrior,arms,12,4,8
33231,Christellà,dalaran,383,warrior,arms,18,4,14
33232,Gadderhammer,azgalor,383,warrior,arms,18,4,14
33233,Tsebaoth,quelthalas,382,warrior,arms,12,4,8
33234,Tankadin,dragonmaw,381,warrior,arms,12,4,8
33235,Såmmÿ,moon-guard,379,warrior,arms,12,4,8
33236,Dingoe,wyrmrest-accord,379,warrior,arms,12,4,8
33237,Warsins,bonechewer,367,warrior,arms,17,4,13
33238,Vaetren,area-52,351,warrior,arms,11,4,7
33239,Thøros,moon-guard,351,warrior,arms,11,4,7
33240,Förkz,ragnaros,351,warrior,arms,11,4,7
33241,Caynos,stormrage,335,warrior,arms,11,4,7
33242,Toir,bladefist,335,warrior,arms,11,4,7
33243,Ålbedo,malganis,330,warrior,arms,17,5,12
33244,Macray,zuljin,330,warrior,arms,18,5,13
33245,Machatlan,stormrage,324,warrior,arms,16,7,9
33246,Lildumptruck,emerald-dream,320,warrior,arms,10,4,6
33247,Berzerc,stormrage,320,warrior,arms,12,4,8
33248,Painstake,illidan,320,warrior,arms,19,5,14
33249,Toetoeto,darrowmere,319,warrior,arms,5,4,1
33250,Rauwers,azralon,319,warrior,arms,8,4,4
33251,Cptdrako,alterac-mountains,319,warrior,arms,8,4,4
33252,Handkerchief,bleeding-hollow,304,warrior,arms,7,4,3
33253,Kleavage,korgath,304,warrior,arms,13,4,9
33254,Execute,kirin-tor,288,warrior,arms,6,3,3
33255,Hukzula,illidan,288,warrior,arms,6,3,3
33256,Demetrïus,moon-guard,288,warrior,arms,6,3,3
33257,Pummels,area-52,288,warrior,arms,6,3,3
33258,Yawdamper,illidan,288,warrior,arms,6,3,3
33259,Theestallion,kiljaeden,288,warrior,arms,6,3,3
33260,Struka,drakkari,288,warrior,arms,6,3,3
33261,Robio,tichondrius,288,warrior,arms,6,3,3
33262,Mesw,illidan,288,warrior,arms,6,3,3
33263,Zåzriel,tichondrius,288,warrior,arms,6,3,3
33264,Girthstick,eredar,288,warrior,arms,6,3,3
33265,Drakr,ragnaros,288,warrior,arms,6,3,3
33266,Fakktwo,blackhand,288,warrior,arms,6,3,3
33267,Outterspace,illidan,288,warrior,arms,6,3,3
33268,Inunotaysho,quelthalas,288,warrior,arms,6,3,3
33269,Badboyjan,tichondrius,288,warrior,arms,6,3,3
33270,Sweetmojito,vashj,288,warrior,arms,6,3,3
33271,Twoone,illidan,288,warrior,arms,6,3,3
33272,Ragemelon,icecrown,288,warrior,arms,6,3,3
33273,Hanginaround,zuluhed,288,warrior,arms,6,3,3
33274,Unwarmas,ragnaros,288,warrior,arms,6,3,3
33275,Kushe,moon-guard,288,warrior,arms,6,3,3
33276,Philipjoo,illidan,288,warrior,arms,6,3,3
33277,Rockybâlboa,illidan,288,warrior,arms,6,3,3
33278,Seymourbot,illidan,288,warrior,arms,6,3,3
33279,Kénblock,tichondrius,288,warrior,arms,6,3,3
33280,Swizzly,tichondrius,288,warrior,arms,6,3,3
33281,Matasimio,drakkari,288,warrior,arms,6,3,3
33282,Êraser,tichondrius,288,warrior,arms,6,3,3
33283,Pneumasmash,tichondrius,288,warrior,arms,6,3,3
33284,Andorane,bleeding-hollow,288,warrior,arms,6,3,3
33285,Warnuk,lightnings-blade,288,warrior,arms,6,3,3
33286,Warreeper,area-52,288,warrior,arms,6,3,3
33287,Éten,drakkari,288,warrior,arms,6,3,3
33288,Trackhawk,moon-guard,288,warrior,arms,6,3,3
33289,Rhorix,korialstrasz,288,warrior,arms,6,3,3
33290,Soyu,tichondrius,288,warrior,arms,6,3,3
33291,Bachyr,stormrage,288,warrior,arms,6,3,3
33292,Mandofl,ragnaros,288,warrior,arms,6,3,3
33293,Readytoflee,moon-guard,288,warrior,arms,6,3,3
33294,Solembuumm,illidan,288,warrior,arms,6,3,3
33295,Jabakas,tichondrius,288,warrior,arms,6,3,3
33296,Ushouldnome,tichondrius,288,warrior,arms,6,3,3
33297,Skullsplittr,illidan,288,warrior,arms,6,3,3
33298,Uzy,proudmoore,288,warrior,arms,6,3,3
33299,Wqnmlgbd,tichondrius,288,warrior,arms,6,3,3
33300,Fyle,stormrage,288,warrior,arms,6,3,3
33301,Aztecvil,drakkari,288,warrior,arms,6,3,3
33302,Mortaryon,malganis,288,warrior,arms,6,3,3
33303,Thunderess,illidan,288,warrior,arms,6,3,3
33304,Ladderx,area-52,288,warrior,arms,6,3,3
33305,Orryn,proudmoore,288,warrior,arms,6,3,3
33306,Croton,moon-guard,288,warrior,arms,6,3,3
33307,Vistacleave,maiev,288,warrior,arms,6,3,3
33308,Larosfan,tichondrius,288,warrior,arms,6,3,3
33309,Yiplaw,stormrage,288,warrior,arms,6,3,3
33310,Az,malorne,288,warrior,arms,6,3,3
33311,Huffzo,tichondrius,288,warrior,arms,6,3,3
33312,Huuzha,tichondrius,288,warrior,arms,6,3,3
33313,Spartanfury,tichondrius,288,warrior,arms,6,3,3
33314,Cheekclapps,tichondrius,288,warrior,arms,6,3,3
33315,Cbum,quelthalas,288,warrior,arms,6,3,3
33316,Jerveen,quelthalas,288,warrior,arms,6,3,3
33317,Warpenguin,kelthuzad,288,warrior,arms,6,3,3
33318,Assmut,stormrage,288,warrior,arms,6,3,3
33319,Imperiial,stormrage,288,warrior,arms,6,3,3
33320,Akilosh,illidan,288,warrior,arms,6,3,3
33321,Rubbers,thrall,288,warrior,arms,6,3,3
33322,Bornclueless,illidan,288,warrior,arms,6,3,3
33323,Hopefulki,duskwood,288,warrior,arms,6,3,3
33324,Caalypso,stormrage,288,warrior,arms,6,3,3
33325,Axeslaps,illidan,288,warrior,arms,6,3,3
33326,Zugsok,thrall,288,warrior,arms,6,3,3
33327,Orkussw,illidan,288,warrior,arms,6,3,3
33328,Daduké,stormrage,288,warrior,arms,6,3,3
33329,Swifty,tichondrius,288,warrior,arms,6,3,3
33330,Kzw,illidan,288,warrior,arms,6,3,3
33331,Pípe,nemesis,288,warrior,arms,6,3,3
33332,Potero,ragnaros,288,warrior,arms,6,3,3
33333,Tread,mugthol,288,warrior,arms,6,3,3
33334,Robostergler,tichondrius,288,warrior,arms,6,3,3
33335,Valför,ysera,288,warrior,arms,6,3,3
33336,Shiromiya,tichondrius,288,warrior,arms,6,3,3
33337,Sambojüjü,stormrage,288,warrior,arms,6,3,3
33338,Estiria,kelthuzad,288,warrior,arms,6,3,3
33339,Retrô,uldum,288,warrior,arms,6,3,3
33340,Kryptïç,moon-guard,288,warrior,arms,6,3,3
33341,Erzawälkër,quelthalas,288,warrior,arms,6,3,3
33342,Glowstick,tichondrius,288,warrior,arms,6,3,3
33343,Tommygunns,area-52,288,warrior,arms,6,3,3
33344,Idarkshakra,illidan,288,warrior,arms,6,3,3
33345,Rockhardt,tichondrius,288,warrior,arms,6,3,3
33346,Buddhahood,tichondrius,288,warrior,arms,6,3,3
33347,Humanlog,illidan,288,warrior,arms,6,3,3
33348,Elessarr,moon-guard,288,warrior,arms,6,3,3
33349,Schlosh,laughing-skull,288,warrior,arms,6,3,3
33350,Vexwar,bleeding-hollow,288,warrior,arms,6,3,3
33351,Qutuz,illidan,288,warrior,arms,6,3,3
33352,Aggor,trollbane,288,warrior,arms,6,3,3
33353,Smash,frostmane,288,warrior,arms,6,3,3
33354,Ghomory,quelthalas,288,warrior,arms,6,3,3
33355,Deadlypsycho,moonrunner,288,warrior,arms,6,3,3
33356,Tokugawaieya,nemesis,288,warrior,arms,6,3,3
33357,Dazuu,illidan,288,warrior,arms,6,3,3
33358,Marraneitor,quelthalas,288,warrior,arms,6,3,3
33359,Zenmore,illidan,288,warrior,arms,6,3,3
33360,Salveknight,ragnaros,288,warrior,arms,6,3,3
33361,Grognäk,malganis,288,warrior,arms,6,3,3
33362,Vinetic,kiljaeden,288,warrior,arms,6,3,3
33363,Jamajuicedx,thrall,288,warrior,arms,6,3,3
33364,Spirìt,illidan,288,warrior,arms,6,3,3
33365,Hìtchslap,tichondrius,288,warrior,arms,6,3,3
33366,Papazugs,kelthuzad,288,warrior,arms,6,3,3
33367,Magthor,warsong,288,warrior,arms,6,3,3
33368,Onebraincell,stormrage,288,warrior,arms,6,3,3
33369,Gale,kelthuzad,288,warrior,arms,6,3,3
33370,Warrgodlol,illidan,288,warrior,arms,6,3,3
33371,Dublinn,llane,288,warrior,arms,6,3,3
33372,Cryptex,illidan,288,warrior,arms,6,3,3
33373,Grapegush,bleeding-hollow,288,warrior,arms,6,3,3
33374,Moonsworn,moon-guard,288,warrior,arms,6,3,3
33375,Agresvnapkin,dalaran,288,warrior,arms,6,3,3
33376,Udmwarrior,zuljin,288,warrior,arms,6,3,3
33377,Tothepain,thrall,288,warrior,arms,6,3,3
33378,Tiitlefight,bleeding-hollow,288,warrior,arms,6,3,3
33379,Maddorlon,thrall,288,warrior,arms,6,3,3
33380,Fregory,moon-guard,288,warrior,arms,6,3,3
33381,Clerond,tichondrius,288,warrior,arms,6,3,3
33382,Mikero,terenas,288,warrior,arms,6,3,3
33383,Kuntahkintah,tichondrius,288,warrior,arms,6,3,3
33384,Geubsal,tichondrius,288,warrior,arms,6,3,3
33385,Polox,ragnaros,288,warrior,arms,6,3,3
33386,Painremaìns,dunemaul,288,warrior,arms,6,3,3
33387,Notawar,stormrage,288,warrior,arms,6,3,3
33388,Chadwarr,tichondrius,288,warrior,arms,6,3,3
33389,Husyuzhi,tichondrius,288,warrior,arms,6,3,3
33390,Faywarsong,area-52,288,warrior,arms,6,3,3
33391,Gläedr,dalaran,288,warrior,arms,6,3,3
33392,Daedrion,dalaran,288,warrior,arms,6,3,3
33393,Drugdilla,zuljin,288,warrior,arms,6,3,3
33394,Allmotor,zuljin,288,warrior,arms,6,3,3
33395,Kazabare,tichondrius,288,warrior,arms,6,3,3
33396,Davien,tichondrius,288,warrior,arms,6,3,3
33397,Exiledwarz,area-52,288,warrior,arms,6,3,3
33398,Evôlutiôn,kelthuzad,288,warrior,arms,6,3,3
33399,Zulataza,zuljin,288,warrior,arms,6,3,3
33400,Osselan,moon-guard,288,warrior,arms,6,3,3
33401,Johnburns,tichondrius,288,warrior,arms,6,3,3
33402,Bëowulf,malganis,288,warrior,arms,6,3,3
33403,Milbën,tichondrius,288,warrior,arms,6,3,3
33404,Fivewarrior,tichondrius,288,warrior,arms,6,3,3
33405,Nukehazard,bleeding-hollow,288,warrior,arms,6,3,3
33406,Duglug,malganis,288,warrior,arms,6,3,3
33407,Thuggyfresh,malganis,288,warrior,arms,6,3,3
33408,Biggiesmash,bleeding-hollow,288,warrior,arms,6,3,3
33409,Nazakeen,tichondrius,288,warrior,arms,6,3,3
33410,Exdilla,zuljin,288,warrior,arms,6,3,3
33411,Taürok,azralon,288,warrior,arms,6,3,3
33412,Leonidas,barthilas,288,warrior,arms,6,3,3
33413,Zemi,sargeras,288,warrior,arms,6,3,3
33414,Ei,darrowmere,288,warrior,arms,6,3,3
33415,Rapralph,barthilas,288,warrior,arms,6,3,3
33416,Trén,hydraxis,288,warrior,arms,6,3,3
33417,Jutank,sargeras,288,warrior,arms,6,3,3
33418,Helrise,sargeras,288,warrior,arms,6,3,3
33419,Scanlan,dalvengyr,288,warrior,arms,6,3,3
33420,Smashndspin,sargeras,288,warrior,arms,6,3,3
33421,Ellx,sargeras,288,warrior,arms,6,3,3
33422,Buffalobob,bronzebeard,288,warrior,arms,6,3,3
33423,Redrumman,demon-soul,288,warrior,arms,6,3,3
33424,Endurefen,sargeras,288,warrior,arms,6,3,3
33425,Tomatogodx,sargeras,288,warrior,arms,6,3,3
33426,Bigshett,sargeras,288,warrior,arms,6,3,3
33427,Críxus,sargeras,288,warrior,arms,6,3,3
33428,Aalrua,moon-guard,288,warrior,arms,6,3,3
33429,Tharsìs,emerald-dream,288,warrior,arms,6,3,3
33430,Liltotey,frostmourne,288,warrior,arms,6,3,3
33431,Iwishiknew,kargath,288,warrior,arms,6,3,3
33432,Faelzerá,azralon,288,warrior,arms,6,3,3
33433,Carborr,frostmourne,288,warrior,arms,6,3,3
33434,Gaydin,eldrethalas,288,warrior,arms,6,3,3
33435,Kokurawr,burning-legion,288,warrior,arms,6,3,3
33436,Biggieswords,madoran,288,warrior,arms,6,3,3
33437,Telynne,frostmourne,288,warrior,arms,6,3,3
33438,Sandycrack,blackrock,288,warrior,arms,6,3,3
33439,Tinylimbs,frostmourne,288,warrior,arms,6,3,3
33440,Sodarzok,thaurissan,288,warrior,arms,6,3,3
33441,Madhouse,tanaris,288,warrior,arms,6,3,3
33442,Ðuffman,jubeithos,288,warrior,arms,6,3,3
33443,Supersquish,moon-guard,288,warrior,arms,6,3,3
33444,Rendron,frostmourne,288,warrior,arms,6,3,3
33445,Baye,kargath,288,warrior,arms,6,3,3
33446,Tnytank,burning-legion,288,warrior,arms,6,3,3
33447,Sauceslinga,frostmourne,288,warrior,arms,6,3,3
33448,Bilboswagins,agamaggan,288,warrior,arms,6,3,3
33449,Slamedi,frostmourne,288,warrior,arms,6,3,3
33450,Batchat,frostmourne,288,warrior,arms,6,3,3
33451,Kwelve,proudmoore,288,warrior,arms,7,3,4
33452,Ohdang,dark-iron,288,warrior,arms,8,3,5
33453,Shewar,ragnaros,288,warrior,arms,9,3,6
33454,Extremist,nagrand,288,warrior,arms,12,3,9
33455,Scrubzwarr,barthilas,288,warrior,arms,12,3,9
33456,Neltar,nagrand,288,warrior,arms,12,3,9
33457,Pretending,dalaran,288,warrior,arms,12,3,9
33458,Notoxzy,tichondrius,288,warrior,arms,12,3,9
33459,Zerosends,kelthuzad,288,warrior,arms,12,3,9
33460,Porori,proudmoore,288,warrior,arms,12,3,9
33461,Minnysota,area-52,288,warrior,arms,12,3,9
33462,Huacai,tichondrius,288,warrior,arms,12,3,9
33463,Kkuzo,bleeding-hollow,288,warrior,arms,12,3,9
33464,Spartaner,shadowsong,288,warrior,arms,12,3,9
33465,Wxxz,tichondrius,288,warrior,arms,12,3,9
33466,Kregnar,gundrak,288,warrior,arms,12,3,9
33467,Callad,tichondrius,288,warrior,arms,12,3,9
33468,Chardz,ragnaros,288,warrior,arms,12,3,9
33469,Smallraccoon,tichondrius,288,warrior,arms,12,3,9
33470,Greenmachine,twisting-nether,288,warrior,arms,12,3,9
33471,Fupatwo,moon-guard,288,warrior,arms,12,3,9
33472,Gnomas,destromath,288,warrior,arms,12,3,9
33473,Edmaghar,ragnaros,288,warrior,arms,12,3,9
33474,Basingsei,area-52,288,warrior,arms,12,3,9
33475,Hrl,tichondrius,288,warrior,arms,12,3,9
33476,Brütalize,wyrmrest-accord,288,warrior,arms,12,3,9
33477,Gorgan,ragnaros,288,warrior,arms,12,3,9
33478,Flexecute,senjin,288,warrior,arms,12,3,9
33479,Wasabiz,tichondrius,288,warrior,arms,12,3,9
33480,Legnar,malganis,288,warrior,arms,12,3,9
33481,Warrbull,spirestone,288,warrior,arms,12,3,9
33482,Jethrix,kelthuzad,288,warrior,arms,12,3,9
33483,Friendnoodle,frostmourne,288,warrior,arms,12,3,9
33484,Kero,malganis,288,warrior,arms,12,3,9
33485,Morgithia,suramar,288,warrior,arms,12,3,9
33486,Xdragonfirex,terenas,288,warrior,arms,12,3,9
33487,Kiillwar,smolderthorn,288,warrior,arms,12,3,9
33488,Slamspam,the-underbog,288,warrior,arms,13,3,10
33489,Khallell,illidan,288,warrior,arms,18,3,15
33490,Boardslide,proudmoore,288,warrior,arms,18,3,15
33491,Macbride,blackrock,288,warrior,arms,24,3,21
33492,Yomaaln,blackrock,287,warrior,arms,6,3,3
33493,Magtharas,dunemaul,287,warrior,arms,6,3,3
33494,Kì,moon-guard,287,warrior,arms,6,3,3
33495,Smashthings,area-52,287,warrior,arms,6,3,3
33496,Saintgeorge,thorium-brotherhood,287,warrior,arms,6,3,3
33497,Tyrantt,malganis,287,warrior,arms,6,3,3
33498,Leosax,drakthul,287,warrior,arms,12,3,9
33499,Clayske,gurubashi,287,warrior,arms,12,3,9
33500,Brutekush,barthilas,287,warrior,arms,12,3,9
33501,Borgosa,wyrmrest-accord,287,warrior,arms,18,3,15
33502,Rhok,elune,286,warrior,arms,6,3,3
33503,Dazanor,moon-guard,271,warrior,arms,11,3,8
33504,Azindar,gilneas,256,warrior,arms,4,4,0
33505,Thorsën,sargeras,256,warrior,arms,8,4,4
33506,Winjerrywin,frostwolf,255,warrior,arms,4,4,0
33507,Nècroxious,hellscream,255,warrior,arms,11,3,8
33508,Spicywagyu,tichondrius,255,warrior,arms,11,3,8
33509,Ogpapabear,stormscale,240,warrior,arms,9,3,6
33510,Jÿp,tichondrius,239,warrior,arms,5,3,2
33511,Omicripto,tichondrius,239,warrior,arms,5,3,2
33512,Likearock,thrall,239,warrior,arms,5,3,2
33513,ßlitzxkreig,tichondrius,239,warrior,arms,5,3,2
33514,Kalphok,tichondrius,239,warrior,arms,5,3,2
33515,Bersérk,area-52,234,warrior,arms,8,5,3
33516,Benchpress,bleeding-hollow,223,warrior,arms,8,3,5
33517,Nayaqt,tichondrius,223,warrior,arms,8,3,5
33518,Sugarpanties,moon-guard,223,warrior,arms,14,3,11
33519,Condemnd,area-52,207,warrior,arms,8,3,5
33520,Elyn,tichondrius,192,warrior,arms,4,3,1
33521,Ragnarlbrok,goldrinn,192,warrior,arms,4,3,1
33522,Wonderjack,akama,192,warrior,arms,4,3,1
33523,Berru,bleeding-hollow,192,warrior,arms,9,3,6
33524,Cugino,tichondrius,192,warrior,arms,9,3,6
33525,Wooglinx,stormrage,192,warrior,arms,6,2,4
33526,Tallix,smolderthorn,192,warrior,arms,6,2,4
33527,Frankal,aegwynn,192,warrior,arms,6,2,4
33528,Ðåddý,stormrage,192,warrior,arms,6,2,4
33529,Icebringer,frostmourne,192,warrior,arms,6,2,4
33530,Nogèt,frostmourne,192,warrior,arms,6,2,4
33531,Pippysmallz,tichondrius,192,warrior,arms,6,2,4
33532,Agoge,stormrage,192,warrior,arms,6,2,4
33533,Braxxinn,tichondrius,192,warrior,arms,6,2,4
33534,Rendus,hyjal,192,warrior,arms,6,2,4
33535,Anabolicjim,frostmourne,192,warrior,arms,6,2,4
33536,Bladebuster,stormrage,192,warrior,arms,6,2,4
33537,Hbbaboy,nagrand,192,warrior,arms,6,2,4
33538,Dalmor,stormrage,192,warrior,arms,6,2,4
33539,Lazarenthus,stormrage,192,warrior,arms,6,2,4
33540,Trigon,chromaggus,192,warrior,arms,6,2,4
33541,Àyo,frostmourne,192,warrior,arms,6,2,4
33542,Helminth,kirin-tor,192,warrior,arms,6,2,4
33543,Kimuraa,hyjal,192,warrior,arms,6,2,4
33544,Maxalyss,stormrage,192,warrior,arms,6,2,4
33545,Nordrages,stormrage,192,warrior,arms,6,2,4
33546,Etothed,stormrage,192,warrior,arms,6,2,4
33547,Endlesskilla,destromath,192,warrior,arms,6,2,4
33548,Wakkawar,stormrage,192,warrior,arms,6,2,4
33549,Relaxnerdlol,antonidas,192,warrior,arms,6,2,4
33550,Esko,tichondrius,192,warrior,arms,6,2,4
33551,Bigdickgomez,frostmourne,192,warrior,arms,6,2,4
33552,Lhariza,stormrage,192,warrior,arms,6,2,4
33553,Negrolas,nemesis,192,warrior,arms,6,2,4
33554,Snikkles,frostmourne,192,warrior,arms,6,2,4
33555,Wolfcultist,moon-guard,192,warrior,arms,6,2,4
33556,Tsurik,malfurion,192,warrior,arms,6,2,4
33557,Gigglamesh,muradin,192,warrior,arms,6,2,4
33558,Kirikash,illidan,192,warrior,arms,6,2,4
33559,Fabszord,nemesis,192,warrior,arms,6,2,4
33560,Annihilataur,blackhand,192,warrior,arms,6,2,4
33561,Aistine,alterac-mountains,192,warrior,arms,6,2,4
33562,Slamzftw,stormreaver,192,warrior,arms,6,2,4
33563,Wargázm,thrall,192,warrior,arms,6,2,4
33564,Huri,nemesis,192,warrior,arms,6,2,4
33565,Karlsabad,medivh,192,warrior,arms,6,2,4
33566,Verwischen,zuljin,192,warrior,arms,6,2,4
33567,Enzoh,zuljin,192,warrior,arms,6,2,4
33568,Chuck,zangarmarsh,192,warrior,arms,6,2,4
33569,Tinykong,zuljin,192,warrior,arms,6,2,4
33570,Åmowarr,illidan,192,warrior,arms,6,2,4
33571,Valestrike,moon-guard,192,warrior,arms,6,2,4
33572,Bearlornan,frostmourne,192,warrior,arms,6,2,4
33573,Tüssèll,khazgoroth,192,warrior,arms,6,2,4
33574,Uldrath,hyjal,192,warrior,arms,6,2,4
33575,Xurug,zuljin,192,warrior,arms,6,2,4
33576,Irondefense,thrall,192,warrior,arms,6,2,4
33577,Bloren,thrall,192,warrior,arms,6,2,4
33578,Düde,whisperwind,192,warrior,arms,6,2,4
33579,Brenrainn,thrall,192,warrior,arms,6,2,4
33580,Orphenkaos,bleeding-hollow,192,warrior,arms,6,2,4
33581,Bennybrock,crushridge,192,warrior,arms,6,2,4
33582,Zekken,blades-edge,192,warrior,arms,6,2,4
33583,Bradockqt,azralon,192,warrior,arms,6,2,4
33584,Mixx,bleeding-hollow,192,warrior,arms,6,2,4
33585,Jírky,ragnaros,192,warrior,arms,6,2,4
33586,Uprisèn,illidan,192,warrior,arms,6,2,4
33587,Fùzzy,zuluhed,192,warrior,arms,6,2,4
33588,Dreadworld,bleeding-hollow,192,warrior,arms,6,2,4
33589,Derr,tichondrius,192,warrior,arms,6,2,4
33590,Eurthx,lightbringer,192,warrior,arms,6,2,4
33591,Jäëgër,moon-guard,192,warrior,arms,6,2,4
33592,Hugezs,tichondrius,192,warrior,arms,6,2,4
33593,Sosaalmigh,tichondrius,192,warrior,arms,6,2,4
33594,Hellabandz,bleeding-hollow,192,warrior,arms,6,2,4
33595,Burstful,bleeding-hollow,192,warrior,arms,6,2,4
33596,Superbest,tichondrius,192,warrior,arms,6,2,4
33597,Passionjar,bleeding-hollow,192,warrior,arms,6,2,4
33598,Fugmaface,sargeras,192,warrior,arms,6,2,4
33599,Rekshor,wyrmrest-accord,192,warrior,arms,6,2,4
33600,Primørdíal,tichondrius,192,warrior,arms,6,2,4
33601,Ningz,tichondrius,192,warrior,arms,6,2,4
33602,Bradic,bladefist,192,warrior,arms,6,2,4
33603,Osannd,tichondrius,192,warrior,arms,6,2,4
33604,Draenøk,tichondrius,192,warrior,arms,6,2,4
33605,Rraw,demon-soul,192,warrior,arms,6,2,4
33606,Loveliuna,illidan,192,warrior,arms,6,2,4
33607,Flexo,moon-guard,192,warrior,arms,6,2,4
33608,Shiestyzug,tichondrius,192,warrior,arms,6,2,4
33609,Lopotron,sargeras,192,warrior,arms,6,2,4
33610,Drtbag,tichondrius,192,warrior,arms,6,2,4
33611,Kinaed,durotan,192,warrior,arms,6,2,4
33612,Skalvi,moon-guard,192,warrior,arms,6,2,4
33613,Swolthelas,tichondrius,192,warrior,arms,6,2,4
33614,Rí,moon-guard,192,warrior,arms,6,2,4
33615,Angryskeever,garona,192,warrior,arms,6,2,4
33616,Tâte,sargeras,192,warrior,arms,6,2,4
33617,Annubiis,tichondrius,192,warrior,arms,6,2,4
33618,Playbox,area-52,192,warrior,arms,6,2,4
33619,Sezariùs,darkspear,192,warrior,arms,6,2,4
33620,Lgnasty,area-52,192,warrior,arms,6,2,4
33621,Deloum,tichondrius,192,warrior,arms,6,2,4
33622,Befòx,tichondrius,192,warrior,arms,6,2,4
33623,Berserkchow,sargeras,192,warrior,arms,6,2,4
33624,Bogii,area-52,192,warrior,arms,6,2,4
33625,Noblêsix,dalaran,192,warrior,arms,6,2,4
33626,Jakelope,proudmoore,192,warrior,arms,6,2,4
33627,Danskmand,tichondrius,192,warrior,arms,6,2,4
33628,Gtrain,barthilas,192,warrior,arms,6,2,4
33629,Trenbopanda,tichondrius,192,warrior,arms,6,2,4
33630,Iden,vashj,192,warrior,arms,6,2,4
33631,Èxecutè,area-52,192,warrior,arms,6,2,4
33632,Elimination,tichondrius,192,warrior,arms,6,2,4
33633,Flexid,tichondrius,192,warrior,arms,6,2,4
33634,Kostikk,tichondrius,192,warrior,arms,6,2,4
33635,Deldramor,proudmoore,192,warrior,arms,6,2,4
33636,Airolol,tichondrius,192,warrior,arms,6,2,4
33637,Shrëkslovaki,tichondrius,192,warrior,arms,6,2,4
33638,Akaínu,area-52,192,warrior,arms,6,2,4
33639,Guanabacoa,area-52,192,warrior,arms,6,2,4
33640,Sylvannlee,tichondrius,192,warrior,arms,6,2,4
33641,Nanaru,tichondrius,192,warrior,arms,6,2,4
33642,Rageslayer,area-52,192,warrior,arms,6,2,4
33643,Pollere,firetree,192,warrior,arms,6,2,4
33644,Åres,wyrmrest-accord,192,warrior,arms,6,2,4
33645,Hamslamm,area-52,192,warrior,arms,6,2,4
33646,Riggs,stonemaul,192,warrior,arms,6,2,4
33647,Guroku,tichondrius,192,warrior,arms,6,2,4
33648,Aventajadu,ragnaros,192,warrior,arms,6,2,4
33649,Moosoka,malorne,192,warrior,arms,6,2,4
33650,Soldiër,proudmoore,192,warrior,arms,6,2,4
33651,Stormbadge,tichondrius,192,warrior,arms,6,2,4
33652,Hkbdynamus,black-dragonflight,192,warrior,arms,6,2,4
33653,Aliminar,zuluhed,192,warrior,arms,6,2,4
33654,Scrubwarrior,black-dragonflight,192,warrior,arms,6,2,4
33655,Hawaiianko,guldan,192,warrior,arms,6,2,4
33656,Valky,sargeras,192,warrior,arms,6,2,4
33657,Elkz,tichondrius,192,warrior,arms,6,2,4
33658,Memorylane,proudmoore,192,warrior,arms,6,2,4
33659,Daechoochoo,frostwolf,192,warrior,arms,6,2,4
33660,Xavíerus,tichondrius,192,warrior,arms,6,2,4
33661,Bonetotem,azralon,192,warrior,arms,6,2,4
33662,Ronipastrami,kelthuzad,192,warrior,arms,6,2,4
33663,Rahgnarson,kelthuzad,192,warrior,arms,6,2,4
33664,Flakesskillz,darkspear,192,warrior,arms,6,2,4
33665,Bbyzugga,kelthuzad,192,warrior,arms,6,2,4
33666,Reignwolf,azralon,192,warrior,arms,6,2,4
33667,Squonks,kelthuzad,192,warrior,arms,6,2,4
33668,Kratøz,tichondrius,192,warrior,arms,6,2,4
33669,Benjiprice,sargeras,192,warrior,arms,6,2,4
33670,Eleenoor,drakkari,192,warrior,arms,6,2,4
33671,Vegr,queldorei,192,warrior,arms,6,2,4
33672,Oneeyewille,sargeras,192,warrior,arms,6,2,4
33673,Donpepe,sargeras,192,warrior,arms,6,2,4
33674,Bilmuuri,illidan,192,warrior,arms,6,2,4
33675,Taigola,aggramar,192,warrior,arms,6,2,4
33676,Donni,kelthuzad,192,warrior,arms,6,2,4
33677,Trôca,ragnaros,192,warrior,arms,6,2,4
33678,Trouz,ragnaros,192,warrior,arms,6,2,4
33679,Deseroth,sargeras,192,warrior,arms,6,2,4
33680,Rudakoff,ragnaros,192,warrior,arms,6,2,4
33681,Ghostkin,ragnaros,192,warrior,arms,6,2,4
33682,Morphexo,quelthalas,192,warrior,arms,6,2,4
33683,Lawyer,quelthalas,192,warrior,arms,6,2,4
33684,Shrexecute,tichondrius,192,warrior,arms,6,2,4
33685,Mongofiera,quelthalas,192,warrior,arms,6,2,4
33686,Gnizzmo,sargeras,192,warrior,arms,6,2,4
33687,Ponchetas,quelthalas,192,warrior,arms,6,2,4
33688,Orcbum,kiljaeden,192,warrior,arms,6,2,4
33689,Iapologiz,illidan,192,warrior,arms,6,2,4
33690,Hagger,quelthalas,192,warrior,arms,6,2,4
33691,Warkaiser,ragnaros,192,warrior,arms,6,2,4
33692,Ggrone,ragnaros,192,warrior,arms,6,2,4
33693,Chura,kiljaeden,192,warrior,arms,6,2,4
33694,Kamuwarr,azralon,192,warrior,arms,6,2,4
33695,Tobiwan,ragnaros,192,warrior,arms,6,2,4
33696,Oðín,emerald-dream,192,warrior,arms,6,2,4
33697,Wl,ragnaros,192,warrior,arms,6,2,4
33698,Corazondleón,ragnaros,192,warrior,arms,6,2,4
33699,Drashka,ragnaros,192,warrior,arms,6,2,4
33700,Pép,malganis,192,warrior,arms,6,2,4
33701,Locotto,ragnaros,192,warrior,arms,6,2,4
33702,Sypii,malganis,192,warrior,arms,6,2,4
33703,Thresdan,emerald-dream,192,warrior,arms,6,2,4
33704,Dahakawar,malganis,192,warrior,arms,6,2,4
33705,Blacksmiff,malganis,192,warrior,arms,6,2,4
33706,Gátzú,ragnaros,192,warrior,arms,6,2,4
33707,Greyknights,kiljaeden,192,warrior,arms,6,2,4
33708,Mahknut,moon-guard,192,warrior,arms,6,2,4
33709,Suhwoosh,bleeding-hollow,192,warrior,arms,10,3,7
33710,Bondadoso,stormrage,192,warrior,arms,7,2,5
33711,Sinenrs,tichondrius,192,warrior,arms,8,2,6
33712,Hiddensquids,laughing-skull,192,warrior,arms,11,2,9
33713,Malvadin,stormrage,192,warrior,arms,12,2,10
33714,Sõnics,tichondrius,192,warrior,arms,12,2,10
33715,Erwin,kiljaeden,192,warrior,arms,12,2,10
33716,Rios,jubeithos,192,warrior,arms,12,2,10
33717,Haruq,tichondrius,192,warrior,arms,12,2,10
33718,Abidis,tichondrius,192,warrior,arms,12,2,10
33719,Containerbox,korgath,192,warrior,arms,12,2,10
33720,Kurzix,crushridge,192,warrior,arms,12,2,10
33721,Loktaromoose,frostmourne,192,warrior,arms,12,2,10
33722,Item,nerzhul,192,warrior,arms,12,2,10
33723,Gornal,sargeras,192,warrior,arms,12,2,10
33724,Arthurston,tichondrius,192,warrior,arms,12,2,10
33725,Warhoofz,malganis,192,warrior,arms,12,2,10
33726,Léonwow,tichondrius,192,warrior,arms,12,2,10
33727,Aymadommy,illidan,192,warrior,arms,12,2,10
33728,Kaimera,echo-isles,192,warrior,arms,12,2,10
33729,Kittybang,quelthalas,192,warrior,arms,12,2,10
33730,Humminity,quelthalas,192,warrior,arms,14,2,12
33731,Blackkcow,zuljin,191,warrior,arms,6,2,4
33732,Deathhit,barthilas,191,warrior,arms,6,2,4
33733,Hazell,gundrak,191,warrior,arms,6,2,4
33734,Krátös,farstriders,191,warrior,arms,6,2,4
33735,Edrelang,bronzebeard,191,warrior,arms,6,2,4
33736,Ybsorc,kelthuzad,160,warrior,arms,10,2,8
33737,Kellsbro,hyjal,159,warrior,arms,5,2,3
33738,Ediict,illidan,159,warrior,arms,5,2,3
33739,Notoriousmmà,illidan,159,warrior,arms,5,2,3
33740,Gontore,thrall,159,warrior,arms,5,2,3
33741,Vapyr,moon-guard,159,warrior,arms,5,2,3
33742,Chrosis,norgannon,159,warrior,arms,5,2,3
33743,Swordblood,ragnaros,159,warrior,arms,5,2,3
33744,Eatscrayons,barthilas,159,warrior,arms,11,2,9
33745,Czartacus,dalaran,144,warrior,arms,3,3,0
33746,Strongtall,tichondrius,138,warrior,arms,12,3,9
33747,Scottie,cairne,136,warrior,arms,7,3,4
33748,Clarityw,illidan,128,warrior,arms,4,2,2
33749,Illicitiri,sargeras,128,warrior,arms,4,2,2
33750,Nosors,kelthuzad,128,warrior,arms,4,2,2
33751,Eatmyblade,wyrmrest-accord,128,warrior,arms,10,2,8
33752,Syradar,ragnaros,112,warrior,arms,7,2,5
33753,Berserko,gurubashi,112,warrior,arms,7,2,5
33754,Battosaì,bonechewer,96,warrior,arms,3,2,1
33755,Ragemane,illidan,96,warrior,arms,3,2,1
33756,Ryuulion,proudmoore,96,warrior,arms,3,2,1
33757,Kevs,sargeras,96,warrior,arms,3,2,1
33758,Azyxia,emerald-dream,96,warrior,arms,3,2,1
33759,Eihn,quelthalas,96,warrior,arms,15,3,12
33760,Beenbag,aerie-peak,96,warrior,arms,6,1,5
33761,Kåyotix,proudmoore,96,warrior,arms,6,1,5
33762,Soymong,frostmourne,96,warrior,arms,6,1,5
33763,Fatalian,proudmoore,96,warrior,arms,6,1,5
33764,Alvitr,kelthuzad,96,warrior,arms,6,1,5
33765,Betsisword,stormrage,96,warrior,arms,6,1,5
33766,Raokao,senjin,96,warrior,arms,6,1,5
33767,Drdrip,shuhalo,96,warrior,arms,6,1,5
33768,Tangö,barthilas,96,warrior,arms,6,1,5
33769,Darkromel,quelthalas,96,warrior,arms,6,1,5
33770,Gromhell,azralon,96,warrior,arms,6,1,5
33771,Killimanjaro,aggramar,96,warrior,arms,6,1,5
33772,Bootstraps,hyjal,96,warrior,arms,6,1,5
33773,Notacop,malygos,96,warrior,arms,6,1,5
33774,Faintswar,stormrage,96,warrior,arms,6,1,5
33775,Kboyrage,sargeras,96,warrior,arms,6,1,5
33776,Doully,proudmoore,96,warrior,arms,6,1,5
33777,Blitzkrieegz,drakkari,96,warrior,arms,6,1,5
33778,Flabergaster,skullcrusher,96,warrior,arms,6,1,5
33779,Alëwar,quelthalas,96,warrior,arms,6,1,5
33780,Kanekhy,ragnaros,96,warrior,arms,6,1,5
33781,Striphex,trollbane,96,warrior,arms,6,1,5
33782,Grosjambes,turalyon,96,warrior,arms,6,1,5
33783,Beatstickz,malganis,96,warrior,arms,6,1,5
33784,Uub,malganis,96,warrior,arms,6,1,5
33785,Hadrum,turalyon,96,warrior,arms,6,1,5
33786,Brendan,llane,96,warrior,arms,6,1,5
33787,Dogmar,moon-guard,96,warrior,arms,6,1,5
33788,Amberlym,ragnaros,96,warrior,arms,6,1,5
33789,Rahj,caelestrasz,96,warrior,arms,6,1,5
33790,Skärz,azshara,96,warrior,arms,6,1,5
33791,Eightballerz,barthilas,96,warrior,arms,6,1,5
33792,Klobnslob,mannoroth,96,warrior,arms,6,1,5
33793,Kluster,kelthuzad,96,warrior,arms,6,1,5
33794,Dámöuse,stormrage,96,warrior,arms,6,1,5
33795,Deathislovê,moonrunner,96,warrior,arms,6,1,5
33796,Arantxa,destromath,96,warrior,arms,6,1,5
33797,Gordurin,akama,96,warrior,arms,6,1,5
33798,Ohhgeekush,proudmoore,96,warrior,arms,6,1,5
33799,Bigwarrior,stonemaul,96,warrior,arms,6,1,5
33800,Bootysmelly,mannoroth,96,warrior,arms,6,1,5
33801,Roxesc,area-52,96,warrior,arms,6,1,5
33802,Nelfmoehawk,barthilas,96,warrior,arms,6,1,5
33803,Jennatolls,boulderfist,96,warrior,arms,6,1,5
33804,Fréäkk,ragnaros,96,warrior,arms,6,1,5
33805,Ghostierip,illidan,96,warrior,arms,6,1,5
33806,Kintownhero,aegwynn,96,warrior,arms,6,1,5
33807,Xalë,tichondrius,96,warrior,arms,6,1,5
33808,Pachacutec,area-52,96,warrior,arms,6,1,5
33809,Aidenwr,area-52,96,warrior,arms,6,1,5
33810,Nerolanast,wyrmrest-accord,96,warrior,arms,6,1,5
33811,Wàrrðèémzý,frostmourne,96,warrior,arms,6,1,5
33812,Atomicboxer,tichondrius,96,warrior,arms,6,1,5
33813,Khâi,tichondrius,96,warrior,arms,6,1,5
33814,Bhuppzz,barthilas,96,warrior,arms,6,1,5
33815,Däger,ragnaros,96,warrior,arms,6,1,5
33816,Silverdeadl,ragnaros,96,warrior,arms,6,1,5
33817,Draann,kirin-tor,96,warrior,arms,6,1,5
33818,Aræn,sargeras,96,warrior,arms,6,1,5
33819,Facekilla,nordrassil,96,warrior,arms,6,1,5
33820,Durseyturm,area-52,96,warrior,arms,6,1,5
33821,Doriax,sentinels,96,warrior,arms,6,1,5
33822,Hergo,spirestone,96,warrior,arms,6,1,5
33823,Sneeze,kul-tiras,96,warrior,arms,6,1,5
33824,Augutra,moon-guard,96,warrior,arms,6,1,5
33825,Meleth,darkspear,96,warrior,arms,6,1,5
33826,Smoogzz,tichondrius,96,warrior,arms,6,1,5
33827,Wolurog,emerald-dream,96,warrior,arms,6,1,5
33828,Xeno,steamwheedle-cartel,96,warrior,arms,6,1,5
33829,Adav,arthas,96,warrior,arms,6,1,5
33830,Neotico,quelthalas,96,warrior,arms,6,1,5
33831,Vhagaar,emerald-dream,96,warrior,arms,6,1,5
33832,Heyzulnut,whisperwind,96,warrior,arms,6,1,5
33833,Droggo,cenarius,96,warrior,arms,6,1,5
33834,Codey,stormrage,96,warrior,arms,6,1,5
33835,Erhue,sargeras,96,warrior,arms,6,1,5
33836,Berzerk,dentarg,96,warrior,arms,6,1,5
33837,Draxxarlol,zuljin,96,warrior,arms,6,1,5
33838,Wienertoes,tichondrius,96,warrior,arms,6,1,5
33839,Jimhoffa,bonechewer,96,warrior,arms,6,1,5
33840,Beastro,rexxar,96,warrior,arms,6,1,5
33841,Meytuglin,stormrage,96,warrior,arms,6,1,5
33842,Dokoba,bleeding-hollow,96,warrior,arms,6,1,5
33843,Zépileque,azralon,96,warrior,arms,6,1,5
33844,Gizzmo,bonechewer,96,warrior,arms,6,1,5
33845,Tfd,tichondrius,96,warrior,arms,6,1,5
33846,Flexxinpapi,exodar,96,warrior,arms,6,1,5
33847,Zørg,bleeding-hollow,96,warrior,arms,6,1,5
33848,Sosaw,moon-guard,96,warrior,arms,6,1,5
33849,Kargan,thrall,96,warrior,arms,6,1,5
33850,Weechubber,bleeding-hollow,96,warrior,arms,6,1,5
33851,Rasazghal,darrowmere,96,warrior,arms,6,1,5
33852,Mauler,medivh,96,warrior,arms,6,1,5
33853,Shagstrike,azralon,96,warrior,arms,6,1,5
33854,Cindabotica,sargeras,96,warrior,arms,6,1,5
33855,Wartrué,tichondrius,96,warrior,arms,6,1,5
33856,Paralyzed,malganis,96,warrior,arms,6,1,5
33857,Kevinersaa,frostmourne,96,warrior,arms,6,1,5
33858,Rollz,amanthul,96,warrior,arms,6,1,5
33859,Goywarr,illidan,96,warrior,arms,6,1,5
33860,Maxtavius,baelgun,96,warrior,arms,6,1,5
33861,Regax,thrall,96,warrior,arms,6,1,5
33862,Immortal,icecrown,96,warrior,arms,6,1,5
33863,Æwarrìor,tichondrius,96,warrior,arms,6,1,5
33864,Warrmachine,scarlet-crusade,96,warrior,arms,6,1,5
33865,Jazz,frostwolf,96,warrior,arms,6,1,5
33866,Berawar,tichondrius,96,warrior,arms,6,1,5
33867,Crul,gurubashi,96,warrior,arms,7,1,6
33868,Sangettsu,stormrage,96,warrior,arms,8,1,7
33869,Geoorg,ragnaros,96,warrior,arms,11,1,10
33870,Ragnarloðbró,tichondrius,96,warrior,arms,12,1,11
33871,Dicedup,stormrage,96,warrior,arms,12,1,11
33872,Georgedubya,illidan,96,warrior,arms,12,1,11
33873,Akunaswar,dalaran,96,warrior,arms,12,1,11
33874,Bushwook,emerald-dream,96,warrior,arms,12,1,11
33875,Wmuuzh,quelthalas,96,warrior,arms,12,1,11
33876,Cartou,stormscale,96,warrior,arms,12,1,11
33877,Falkur,amanthul,96,warrior,arms,12,1,11
33878,Drdalidou,zuljin,96,warrior,arms,12,1,11
33879,Odyssey,vashj,96,warrior,arms,12,1,11
33880,Integrâl,tichondrius,96,warrior,arms,12,1,11
33881,Møønnlight,quelthalas,79,warrior,arms,5,1,4
33882,Naindejardin,sargeras,79,warrior,arms,5,1,4
33883,Loomine,illidan,79,warrior,arms,5,1,4
33884,Keringan,stormrage,79,warrior,arms,5,1,4
33885,Savagetko,illidan,79,warrior,arms,5,1,4
33886,Roxon,hellscream,79,warrior,arms,5,1,4
33887,Psykd,arathor,79,warrior,arms,5,1,4
33888,Rokmok,frostmane,79,warrior,arms,5,1,4
33889,Garrossh,thunderhorn,64,warrior,arms,4,1,3
33890,Warriorba,tichondrius,48,warrior,arms,3,1,2
33891,Haveya,ghostlands,48,warrior,arms,3,1,2
33892,Thewarrior,tichondrius,48,warrior,arms,3,1,2
33893,Rumka,draktharon,42,warrior,arms,6,2,4
33894,Zulgadark,ragnaros,42,warrior,arms,8,2,6
33895,Flycosmos,tichondrius,42,warrior,arms,11,2,9
33896,Armada,sargeras,31,warrior,arms,2,1,1
33897,Billy,area-52,31,warrior,arms,2,1,1
33898,Bruze,hellscream,31,warrior,arms,2,1,1
33899,Zachw,stormrage,16,warrior,arms,1,1,0
33900,Shwutty,stormrage,16,warrior,arms,1,1,0
33901,Goodidea,mannoroth,16,warrior,arms,1,1,0
33902,Psyrush,area-52,16,warrior,arms,7,1,6
33903,Americanbull,moon-guard,1455,warrior,protection,62,34,28
33904,Graventhal,tichondrius,1192,warrior,protection,53,25,28
33905,Appolyonn,hyjal,855,warrior,protection,30,12,18
33906,Thororan,whisperwind,845,warrior,protection,27,10,17
33907,Logan,twisting-nether,727,warrior,protection,26,9,17
33908,Mileigh,kelthuzad,668,warrior,protection,24,7,17
33909,Stophitingme,bloodscalp,469,warrior,protection,18,5,13
33910,Ksubîî,frostmourne,448,warrior,protection,16,5,11
33911,Dabdaddyy,dawnbringer,384,warrior,protection,6,4,2
33912,Percaderp,barthilas,384,warrior,protection,6,4,2
33913,Kidkolby,moon-guard,384,warrior,protection,12,4,8
33914,Ghostoffury,thrall,288,warrior,protection,6,3,3
33915,Toothnnailz,destromath,284,warrior,protection,12,3,9
33916,Rhuk,drakkari,192,warrior,protection,6,2,4
33917,Executespam,madoran,192,warrior,protection,6,2,4
33918,Littlefatman,terokkar,192,warrior,protection,12,2,10
33919,Varith,sargeras,96,warrior,protection,12,1,11
33920,Jindyn,boulderfist,95,warrior,protection,6,1,5
