name,realm,rating,cls,spec,play,win,lose
Phearbunny,bleeding-hollow,1517,deathknight,blood,90,46,44
Pagumon,moon-guard,1421,deathknight,blood,126,65,61
Réndwarchièf,garrosh,1283,deathknight,blood,45,22,23
Bloodbukkaky,bleeding-hollow,1170,deathknight,blood,54,16,38
Tiumau,goldrinn,1121,deathknight,blood,66,30,36
Corndead,area-52,1045,deathknight,blood,30,11,19
Tragül,sargeras,1042,deathknight,blood,42,20,22
Nbayoungboy,kiljaeden,1015,deathknight,blood,36,12,24
Valind,eredar,854,deathknight,blood,18,9,9
Kult,azralon,841,deathknight,blood,12,9,3
Insonne,dalaran,837,deathknight,blood,18,9,9
Kayn,malganis,767,deathknight,blood,18,8,10
Jakeboyswag,shandris,767,deathknight,blood,24,8,16
Blasphemus,malganis,575,deathknight,blood,12,6,6
Kaîne,dalaran,480,deathknight,blood,12,5,7
Belfknightt,area-52,479,deathknight,blood,15,5,10
Tristam,area-52,384,deathknight,blood,6,4,2
Pride,ragnaros,384,deathknight,blood,12,4,8
He,echo-isles,383,deathknight,blood,6,4,2
ßläzë,baelgun,288,deathknight,blood,15,4,11
Kimbøslîce,area-52,288,deathknight,blood,12,3,9
Neroxzdvm,area-52,192,deathknight,blood,6,2,4
Cerbeefquake,wyrmrest-accord,192,deathknight,blood,12,2,10
Eteson,tichondrius,191,deathknight,blood,6,2,4
Unhølydøøm,misha,191,deathknight,blood,12,2,10
Determinate,deathwing,96,deathknight,blood,6,1,5
Wowattorney,tichondrius,96,deathknight,blood,6,1,5
Cozzasad,barthilas,96,deathknight,blood,6,1,5
Lunatick,darkspear,96,deathknight,blood,6,1,5
Gnargnarr,firetree,96,deathknight,blood,6,1,5
Ðrift,azralon,96,deathknight,blood,6,1,5
Boneherr,sargeras,96,deathknight,blood,6,1,5
Zerhistran,proudmoore,64,deathknight,blood,4,1,3
Hulmorr,bleeding-hollow,64,deathknight,blood,4,1,3
Graphics,moon-guard,2125,deathknight,unholy,382,194,188
Pwaff,illidan,2125,deathknight,unholy,89,45,44
Neroxz,area-52,2105,deathknight,unholy,83,43,40
Qipara,zuljin,2104,deathknight,unholy,163,87,76
Partywaffles,illidan,2079,deathknight,unholy,259,133,126
Spaidzz,malganis,2078,deathknight,unholy,229,115,114
Níngjìng,tichondrius,2074,deathknight,unholy,84,43,41
Búddy,zuljin,2022,deathknight,unholy,100,49,51
Flarkness,area-52,2010,deathknight,unholy,78,37,41
Thorediks,stormrage,1982,deathknight,unholy,120,56,64
Achílles,sargeras,1979,deathknight,unholy,175,85,90
Scriptløl,sargeras,1975,deathknight,unholy,138,66,72
Roidboy,illidan,1954,deathknight,unholy,115,57,58
Toxicwaste,malganis,1942,deathknight,unholy,82,39,43
Juelzjerk,tichondrius,1934,deathknight,unholy,115,65,50
Ceomdae,tichondrius,1927,deathknight,unholy,72,34,38
Pookr,area-52,1925,deathknight,unholy,72,33,39
Mårlbørø,tichondrius,1915,deathknight,unholy,41,21,20
Éternalnight,tichondrius,1913,deathknight,unholy,76,32,44
Zynyzter,malganis,1912,deathknight,unholy,72,41,31
Veilsidé,kelthuzad,1910,deathknight,unholy,250,125,125
Killinois,tichondrius,1910,deathknight,unholy,47,21,26
Harókz,azralon,1905,deathknight,unholy,89,46,43
Geomdae,tichondrius,1901,deathknight,unholy,71,31,40
Barelyviable,tichondrius,1898,deathknight,unholy,72,32,40
Nixonxx,tichondrius,1897,deathknight,unholy,100,63,37
Evilduck,ragnaros,1896,deathknight,unholy,84,49,35
Pradas,area-52,1890,deathknight,unholy,148,75,73
Steamerboy,stormrage,1887,deathknight,unholy,60,28,32
Vineyard,area-52,1885,deathknight,unholy,293,144,149
Malhandir,bleeding-hollow,1880,deathknight,unholy,41,23,18
Kilohotel,stormrage,1873,deathknight,unholy,42,25,17
Ilceses,area-52,1870,deathknight,unholy,66,29,37
Catarïa,tichondrius,1869,deathknight,unholy,90,44,46
Iato,sargeras,1868,deathknight,unholy,60,39,21
Cavaliers,ragnaros,1860,deathknight,unholy,66,32,34
Lattè,area-52,1859,deathknight,unholy,55,30,25
Darkdj,kelthuzad,1857,deathknight,unholy,91,41,50
Dkya,tichondrius,1856,deathknight,unholy,250,124,126
Xiaodabaolol,tichondrius,1855,deathknight,unholy,66,32,34
Bloodbruh,blackrock,1854,deathknight,unholy,60,34,26
Brutos,thrall,1851,deathknight,unholy,104,56,48
Tduggylolz,tichondrius,1851,deathknight,unholy,60,26,34
Daoniancc,tichondrius,1850,deathknight,unholy,375,197,178
Cardii,area-52,1850,deathknight,unholy,136,68,68
Morbiddesire,stormrage,1849,deathknight,unholy,87,49,38
Ningjinglol,tichondrius,1848,deathknight,unholy,42,23,19
Didri,quelthalas,1846,deathknight,unholy,72,34,38
Keomdae,tichondrius,1844,deathknight,unholy,65,32,33
Tokyotimxx,malganis,1842,deathknight,unholy,48,30,18
Cloüd,wyrmrest-accord,1841,deathknight,unholy,64,31,33
Bicepsüal,zuljin,1840,deathknight,unholy,36,28,8
Nevermore,hyjal,1840,deathknight,unholy,125,67,58
Bruceleedk,tichondrius,1839,deathknight,unholy,100,51,49
Milleh,bleeding-hollow,1838,deathknight,unholy,78,35,43
Annoyed,wyrmrest-accord,1837,deathknight,unholy,119,64,55
Blackfyré,sargeras,1837,deathknight,unholy,62,32,30
Skippee,tichondrius,1837,deathknight,unholy,60,29,31
Aidsbenedict,malganis,1837,deathknight,unholy,126,59,67
Vigarst,azralon,1835,deathknight,unholy,60,30,30
Keetor,tichondrius,1834,deathknight,unholy,42,29,13
Haldevarik,doomhammer,1834,deathknight,unholy,78,43,35
Orphanmakerx,area-52,1832,deathknight,unholy,123,60,63
Zerhistran,proudmoore,1831,deathknight,unholy,254,136,118
Goonà,tichondrius,1831,deathknight,unholy,63,29,34
Aurious,lightnings-blade,1830,deathknight,unholy,84,47,37
Kortingert,nagrand,1830,deathknight,unholy,59,33,26
Wøund,black-dragonflight,1830,deathknight,unholy,220,112,108
Drauguss,azralon,1830,deathknight,unholy,124,61,63
Anatøly,ragnaros,1827,deathknight,unholy,42,21,21
Soulhand,tichondrius,1826,deathknight,unholy,104,57,47
Barakhenaku,illidan,1826,deathknight,unholy,57,28,29
Arthez,frostmourne,1824,deathknight,unholy,72,38,34
Sadboy,grizzly-hills,1822,deathknight,unholy,65,27,38
Zerøimperial,quelthalas,1821,deathknight,unholy,209,111,98
Lighostx,tichondrius,1821,deathknight,unholy,81,37,44
Goldênboy,blades-edge,1820,deathknight,unholy,66,42,24
Altareon,ragnaros,1820,deathknight,unholy,150,79,71
Serwestley,stormrage,1820,deathknight,unholy,59,31,28
Volyant,frostmourne,1820,deathknight,unholy,60,30,30
Kciktep,tichondrius,1819,deathknight,unholy,36,19,17
Hrsb,tichondrius,1817,deathknight,unholy,124,68,56
Sussybakadk,sargeras,1817,deathknight,unholy,70,34,36
Skideroth,kelthuzad,1817,deathknight,unholy,60,28,32
Flizzycash,malganis,1816,deathknight,unholy,56,27,29
Õdin,area-52,1815,deathknight,unholy,203,103,100
Wowattorney,tichondrius,1815,deathknight,unholy,82,33,49
Poesoul,tichondrius,1812,deathknight,unholy,285,143,142
Ravindrannor,saurfang,1812,deathknight,unholy,65,32,33
Dahnga,frostmourne,1811,deathknight,unholy,54,32,22
Plagueflavor,tichondrius,1811,deathknight,unholy,306,152,154
Muspel,sargeras,1811,deathknight,unholy,65,32,33
Fatzilla,tichondrius,1811,deathknight,unholy,66,26,40
Warrcc,steamwheedle-cartel,1809,deathknight,unholy,48,24,24
Infectik,tichondrius,1807,deathknight,unholy,59,35,24
Anhedonía,illidan,1807,deathknight,unholy,162,86,76
Chillbaynê,the-scryers,1807,deathknight,unholy,119,62,57
Ddibb,tichondrius,1807,deathknight,unholy,57,28,29
Brocigar,tichondrius,1806,deathknight,unholy,84,43,41
Sagadk,hyjal,1806,deathknight,unholy,70,33,37
Necrôtic,area-52,1806,deathknight,unholy,76,35,41
Twindleroot,aggramar,1804,deathknight,unholy,77,45,32
Mûs,tichondrius,1804,deathknight,unholy,66,36,30
Asukka,tichondrius,1804,deathknight,unholy,78,32,46
Chimps,illidan,1803,deathknight,unholy,52,29,23
Kaeligh,ragnaros,1803,deathknight,unholy,66,29,37
Ziskon,illidan,1802,deathknight,unholy,100,53,47
Zìlêán,tichondrius,1800,deathknight,unholy,70,39,31
Starshopping,proudmoore,1800,deathknight,unholy,91,44,47
Azre,tichondrius,1800,deathknight,unholy,160,74,86
Renaming,area-52,1798,deathknight,unholy,39,20,19
Avengering,tichondrius,1794,deathknight,unholy,75,40,35
Ðomìnus,moon-guard,1792,deathknight,unholy,128,76,52
Muspellheim,azralon,1791,deathknight,unholy,54,29,25
Attack,grizzly-hills,1787,deathknight,unholy,60,28,32
Stankybreath,bleeding-hollow,1786,deathknight,unholy,76,37,39
Nabbiby,tichondrius,1784,deathknight,unholy,78,36,42
Sinell,kargath,1781,deathknight,unholy,145,79,66
Áethros,malganis,1778,deathknight,unholy,96,44,52
Grimiz,tichondrius,1774,deathknight,unholy,145,71,74
Jakeboyswag,shandris,1770,deathknight,unholy,155,77,78
Azhid,tichondrius,1769,deathknight,unholy,136,70,66
Demonboyjr,tichondrius,1766,deathknight,unholy,75,31,44
Apøçálýpsé,firetree,1765,deathknight,unholy,97,50,47
Goonaa,tichondrius,1760,deathknight,unholy,54,27,27
Ålastor,stormrage,1754,deathknight,unholy,63,35,28
Hwml,barthilas,1751,deathknight,unholy,129,70,59
Linyive,malganis,1750,deathknight,unholy,54,30,24
Arroyo,borean-tundra,1750,deathknight,unholy,78,42,36
Cesaroo,aegwynn,1747,deathknight,unholy,124,61,63
Standalizer,gilneas,1745,deathknight,unholy,72,40,32
Deadsamurai,illidan,1745,deathknight,unholy,69,36,33
Ermanotruta,azralon,1744,deathknight,unholy,77,37,40
Carryme,quelthalas,1742,deathknight,unholy,92,45,47
Xibbas,illidan,1741,deathknight,unholy,48,27,21
Frozenkappa,hyjal,1737,deathknight,unholy,35,21,14
Nh,malganis,1737,deathknight,unholy,54,28,26
Teksurugi,korgath,1734,deathknight,unholy,60,32,28
Howdoulose,illidan,1732,deathknight,unholy,54,25,29
Dazarune,burning-blade,1731,deathknight,unholy,34,19,15
Aerd,sargeras,1731,deathknight,unholy,314,155,159
Boneyards,bleeding-hollow,1731,deathknight,unholy,102,44,58
Zìlêáns,tichondrius,1730,deathknight,unholy,84,50,34
Exaar,tichondrius,1730,deathknight,unholy,63,27,36
Xebane,frostmourne,1727,deathknight,unholy,372,191,181
Hatrèd,quelthalas,1724,deathknight,unholy,71,36,35
Thotiannaqt,area-52,1724,deathknight,unholy,81,35,46
Doombeast,area-52,1722,deathknight,unholy,78,35,43
Nalz,drakkari,1716,deathknight,unholy,135,71,64
Bedstains,thunderlord,1716,deathknight,unholy,143,74,69
Properterps,bonechewer,1714,deathknight,unholy,140,78,62
Lazarise,area-52,1713,deathknight,unholy,71,34,37
Hhasaki,area-52,1712,deathknight,unholy,193,101,92
Tkyo,tichondrius,1712,deathknight,unholy,47,22,25
Brß,tichondrius,1711,deathknight,unholy,54,29,25
Bannedforevr,dalaran,1709,deathknight,unholy,54,25,29
Komplex,kelthuzad,1705,deathknight,unholy,64,36,28
Brandonsdk,tichondrius,1701,deathknight,unholy,164,78,86
Koda,thrall,1701,deathknight,unholy,77,36,41
Justafkdk,gorefiend,1700,deathknight,unholy,84,43,41
Slîckhuman,spinebreaker,1699,deathknight,unholy,42,18,24
Kinkysgnome,tichondrius,1696,deathknight,unholy,131,61,70
Bbidd,tichondrius,1690,deathknight,unholy,30,18,12
Azynks,azralon,1689,deathknight,unholy,114,54,60
Mephostophel,sargeras,1688,deathknight,unholy,168,88,80
Bigdekay,illidan,1687,deathknight,unholy,30,18,12
Dunduner,tichondrius,1687,deathknight,unholy,126,63,63
Sithdog,blackrock,1686,deathknight,unholy,60,23,37
Ayooplaguez,guldan,1684,deathknight,unholy,48,24,24
Kterrorblade,sargeras,1680,deathknight,unholy,102,55,47
Loongdk,kiljaeden,1680,deathknight,unholy,157,79,78
Onefire,illidan,1680,deathknight,unholy,59,29,30
Fakiez,kelthuzad,1679,deathknight,unholy,68,30,38
Krätos,zuljin,1677,deathknight,unholy,42,25,17
Dâki,blades-edge,1675,deathknight,unholy,114,63,51
Fasterjake,sargeras,1675,deathknight,unholy,122,67,55
Blacklabel,andorhal,1675,deathknight,unholy,72,31,41
Supblood,tichondrius,1673,deathknight,unholy,48,23,25
Noik,azralon,1673,deathknight,unholy,88,42,46
Cantmove,area-52,1669,deathknight,unholy,50,22,28
Dreadrend,sargeras,1668,deathknight,unholy,66,32,34
Malhandir,azgalor,1668,deathknight,unholy,54,20,34
Spacealien,malganis,1667,deathknight,unholy,60,32,28
Darktone,tichondrius,1665,deathknight,unholy,35,18,17
Slty,tichondrius,1664,deathknight,unholy,42,18,24
Lichtborne,illidan,1662,deathknight,unholy,73,33,40
Nevmic,emerald-dream,1661,deathknight,unholy,184,88,96
Krargosh,quelthalas,1660,deathknight,unholy,185,96,89
Bukum,zuljin,1660,deathknight,unholy,59,23,36
Ståtìc,tichondrius,1659,deathknight,unholy,84,43,41
Imadkloldie,frostmourne,1659,deathknight,unholy,90,46,44
Bellum,moon-guard,1658,deathknight,unholy,99,56,43
Bopalop,malganis,1657,deathknight,unholy,69,28,41
Kakarotó,azralon,1656,deathknight,unholy,59,34,25
Kjarnda,malganis,1653,deathknight,unholy,48,21,27
Skynyght,area-52,1652,deathknight,unholy,42,26,16
Pooseunpoose,velen,1652,deathknight,unholy,84,40,44
Jacklinn,ysondre,1651,deathknight,unholy,36,24,12
Ullísés,ragnaros,1651,deathknight,unholy,45,24,21
Kwolve,proudmoore,1651,deathknight,unholy,243,122,121
Jeremiahe,hyjal,1650,deathknight,unholy,90,49,41
Trumps,stormrage,1649,deathknight,unholy,48,27,21
Ludgan,stormrage,1649,deathknight,unholy,180,86,94
Floreon,tichondrius,1648,deathknight,unholy,41,23,18
Justtaki,zuljin,1648,deathknight,unholy,48,20,28
Lickblood,sargeras,1646,deathknight,unholy,36,20,16
Deuter,quelthalas,1646,deathknight,unholy,243,125,118
Merados,quelthalas,1646,deathknight,unholy,79,30,49
Libitina,tichondrius,1645,deathknight,unholy,36,22,14
Tråuma,uther,1645,deathknight,unholy,48,25,23
Vexxan,thrall,1644,deathknight,unholy,41,23,18
Orkky,jubeithos,1644,deathknight,unholy,127,64,63
Shadow,ragnaros,1643,deathknight,unholy,67,38,29
Galarick,area-52,1643,deathknight,unholy,41,22,19
Boofcigars,sargeras,1642,deathknight,unholy,52,27,25
Ligmagooch,tichondrius,1642,deathknight,unholy,87,45,42
Kurnoth,barthilas,1641,deathknight,unholy,110,53,57
Tailm,ragnaros,1639,deathknight,unholy,36,20,16
Xhoul,sargeras,1638,deathknight,unholy,225,121,104
Killìan,kelthuzad,1638,deathknight,unholy,54,25,29
Boofcigars,stormrage,1637,deathknight,unholy,33,21,12
Dkdanim,tichondrius,1637,deathknight,unholy,130,71,59
Vynox,frostmourne,1637,deathknight,unholy,56,27,29
Goonazz,tichondrius,1635,deathknight,unholy,48,35,13
Virulous,zuljin,1634,deathknight,unholy,47,26,21
Rycerzfrost,ragnaros,1634,deathknight,unholy,113,59,54
Grimmdreamer,stormrage,1634,deathknight,unholy,76,37,39
Azibar,moon-guard,1632,deathknight,unholy,47,24,23
Raps,frostmourne,1632,deathknight,unholy,56,23,33
Lùcius,garrosh,1631,deathknight,unholy,154,82,72
Zerochillz,sargeras,1628,deathknight,unholy,30,17,13
Kenishii,kiljaeden,1627,deathknight,unholy,48,30,18
Asastac,tichondrius,1627,deathknight,unholy,36,21,15
Landez,ragnaros,1627,deathknight,unholy,66,37,29
Wastethis,sargeras,1626,deathknight,unholy,71,40,31
Nymppho,kelthuzad,1626,deathknight,unholy,301,143,158
Banjingquan,tichondrius,1625,deathknight,unholy,88,53,35
Paratekdk,thrall,1625,deathknight,unholy,71,39,32
Megatroun,stormreaver,1625,deathknight,unholy,42,23,19
Bladê,tichondrius,1624,deathknight,unholy,61,26,35
Puppykiss,perenolde,1622,deathknight,unholy,57,22,35
Aldebamuu,ragnaros,1621,deathknight,unholy,132,69,63
Xraduky,dawnbringer,1620,deathknight,unholy,38,26,12
Yubell,barthilas,1620,deathknight,unholy,347,173,174
Arcticc,area-52,1620,deathknight,unholy,54,24,30
Struggler,velen,1619,deathknight,unholy,60,34,26
Khaíne,wyrmrest-accord,1619,deathknight,unholy,204,104,100
Wheatasil,garona,1618,deathknight,unholy,70,36,34
Falkorn,korgath,1618,deathknight,unholy,81,37,44
Lichanis,bonechewer,1617,deathknight,unholy,90,44,46
Søad,quelthalas,1615,deathknight,unholy,129,69,60
Rezøk,ragnaros,1612,deathknight,unholy,54,20,34
Daethiel,demon-soul,1611,deathknight,unholy,71,34,37
Alistra,frostmourne,1611,deathknight,unholy,42,20,22
Ðogmá,vashj,1610,deathknight,unholy,35,22,13
Mikoaa,bladefist,1610,deathknight,unholy,30,17,13
Regiknight,stormrage,1610,deathknight,unholy,233,132,101
Lichkong,dalaran,1609,deathknight,unholy,76,43,33
Lagmasterx,sargeras,1609,deathknight,unholy,42,20,22
Ousted,daggerspine,1608,deathknight,unholy,36,20,16
Lemuriön,nemesis,1607,deathknight,unholy,43,20,23
Ædolph,barthilas,1605,deathknight,unholy,30,17,13
Billieeilish,sargeras,1605,deathknight,unholy,62,32,30
Takeurcheeks,tichondrius,1605,deathknight,unholy,101,49,52
Ãstaroth,stormrage,1605,deathknight,unholy,48,22,26
Notorious,garrosh,1605,deathknight,unholy,42,18,24
Boofcigars,kelthuzad,1604,deathknight,unholy,77,41,36
Unholykevin,sargeras,1604,deathknight,unholy,42,21,21
Dominos,tichondrius,1604,deathknight,unholy,42,20,22
Idodamn,tichondrius,1603,deathknight,unholy,84,45,39
Wednesdæ,moon-guard,1603,deathknight,unholy,54,28,26
Wisdôm,frostmourne,1603,deathknight,unholy,59,30,29
Kranaz,frostmourne,1603,deathknight,unholy,36,17,19
Voncleaver,tichondrius,1603,deathknight,unholy,64,20,44
Eyir,thaurissan,1602,deathknight,unholy,42,22,20
Gargoylepowa,nemesis,1602,deathknight,unholy,42,20,22
Nofoamlattes,thrall,1602,deathknight,unholy,42,19,23
Puppykisses,perenolde,1602,deathknight,unholy,89,38,51
Originalcimm,stormrage,1601,deathknight,unholy,60,25,35
Promotheseis,sargeras,1600,deathknight,unholy,66,41,25
Giznator,malganis,1598,deathknight,unholy,108,50,58
Wittlewanka,zuljin,1598,deathknight,unholy,64,27,37
Ulísés,ragnaros,1591,deathknight,unholy,58,20,38
Gripyourhoe,tichondrius,1589,deathknight,unholy,48,28,20
Kellydean,moon-guard,1588,deathknight,unholy,78,41,37
Morrticia,malganis,1587,deathknight,unholy,49,32,17
Onlyfunss,moon-guard,1584,deathknight,unholy,119,58,61
Toophus,sargeras,1581,deathknight,unholy,80,39,41
Nøsfferatus,azralon,1579,deathknight,unholy,65,34,31
Emopalli,tichondrius,1579,deathknight,unholy,152,77,75
Frostbite,the-venture-co,1577,deathknight,unholy,84,48,36
Auniel,gorefiend,1577,deathknight,unholy,48,19,29
Kaaizer,azralon,1572,deathknight,unholy,120,68,52
Fydedk,stormrage,1572,deathknight,unholy,90,44,46
Evilbot,tichondrius,1564,deathknight,unholy,60,40,20
Howlex,barthilas,1563,deathknight,unholy,48,24,24
Asheravon,moon-guard,1559,deathknight,unholy,318,155,163
Ilikelydead,tichondrius,1556,deathknight,unholy,120,57,63
Asterend,proudmoore,1555,deathknight,unholy,40,18,22
Drpepp,bleeding-hollow,1554,deathknight,unholy,161,85,76
Døømhøund,tichondrius,1554,deathknight,unholy,92,43,49
Icytoast,tichondrius,1553,deathknight,unholy,42,19,23
Siphilusxo,dalaran,1551,deathknight,unholy,36,20,16
Arc,maiev,1551,deathknight,unholy,93,39,54
Kalgor,illidan,1550,deathknight,unholy,132,68,64
Tuicca,frostmane,1550,deathknight,unholy,79,34,45
Obedient,firetree,1549,deathknight,unholy,132,76,56
Happynaru,tichondrius,1549,deathknight,unholy,36,20,16
Kuwarerubana,proudmoore,1549,deathknight,unholy,74,41,33
Drfauci,boulderfist,1544,deathknight,unholy,36,18,18
Läskö,area-52,1541,deathknight,unholy,61,36,25
Zzdk,thrall,1541,deathknight,unholy,57,27,30
Rixin,agamaggan,1538,deathknight,unholy,66,28,38
Deathwavez,cenarius,1537,deathknight,unholy,42,21,21
Zukcho,tichondrius,1534,deathknight,unholy,48,19,29
Garht,azralon,1533,deathknight,unholy,40,22,18
Huuzzha,tichondrius,1533,deathknight,unholy,166,84,82
Chachio,kiljaeden,1532,deathknight,unholy,30,16,14
Arktoz,tichondrius,1531,deathknight,unholy,30,16,14
Aradorn,azralon,1531,deathknight,unholy,167,82,85
Clearlol,bleeding-hollow,1531,deathknight,unholy,36,16,20
Eldavò,quelthalas,1530,deathknight,unholy,78,39,39
Dialysis,emerald-dream,1530,deathknight,unholy,137,68,69
Kindaholy,malganis,1528,deathknight,unholy,23,17,6
Papalich,stormrage,1527,deathknight,unholy,180,87,93
Biefeile,tichondrius,1526,deathknight,unholy,40,18,22
Raíndrop,tichondrius,1524,deathknight,unholy,128,67,61
Deathbloss,illidan,1523,deathknight,unholy,32,17,15
Gottajuice,moonrunner,1522,deathknight,unholy,63,35,28
Tigs,proudmoore,1522,deathknight,unholy,126,65,61
Hooterzqt,tichondrius,1518,deathknight,unholy,106,47,59
Dóm,proudmoore,1516,deathknight,unholy,66,29,37
Takeoverr,ragnaros,1515,deathknight,unholy,90,53,37
Zedsdead,mannoroth,1514,deathknight,unholy,24,16,8
Deathzpeckt,tichondrius,1513,deathknight,unholy,36,17,19
Devillele,proudmoore,1509,deathknight,unholy,78,36,42
Zaluster,malganis,1506,deathknight,unholy,191,99,92
Fadedlight,zuljin,1506,deathknight,unholy,96,47,49
Dexarax,norgannon,1505,deathknight,unholy,87,49,38
Urieen,gorefiend,1505,deathknight,unholy,77,43,34
Coldsleeps,saurfang,1503,deathknight,unholy,30,16,14
Telrenaur,proudmoore,1502,deathknight,unholy,60,28,32
Unfórgíven,arthas,1501,deathknight,unholy,48,17,31
Cammy,frostmourne,1500,deathknight,unholy,29,16,13
Axeldrion,tichondrius,1499,deathknight,unholy,35,17,18
Abroham,arthas,1498,deathknight,unholy,59,30,29
Câpîrota,nemesis,1498,deathknight,unholy,46,23,23
Stoicïsm,tichondrius,1496,deathknight,unholy,114,63,51
Naxn,tichondrius,1495,deathknight,unholy,54,25,29
Fugs,ghostlands,1494,deathknight,unholy,74,42,32
Buttrfingrz,cenarius,1494,deathknight,unholy,72,32,40
Rognarash,emerald-dream,1492,deathknight,unholy,36,20,16
Burbash,moon-guard,1491,deathknight,unholy,127,62,65
Apocxo,lightnings-blade,1491,deathknight,unholy,119,58,61
Zaxrree,malganis,1490,deathknight,unholy,66,39,27
Ghoulslasher,bleeding-hollow,1490,deathknight,unholy,62,28,34
Kcorides,tichondrius,1488,deathknight,unholy,49,28,21
Laxatives,tichondrius,1488,deathknight,unholy,45,19,26
Thenin,crushridge,1487,deathknight,unholy,54,32,22
Blackary,emerald-dream,1486,deathknight,unholy,47,30,17
Jaxxftw,azralon,1486,deathknight,unholy,58,33,25
Jongro,tichondrius,1485,deathknight,unholy,24,16,8
Deezwaz,draka,1485,deathknight,unholy,40,21,19
Typhøn,illidan,1484,deathknight,unholy,157,78,79
Saighast,illidan,1482,deathknight,unholy,72,39,33
Unholyfish,malganis,1482,deathknight,unholy,132,67,65
Elyxoxo,tichondrius,1480,deathknight,unholy,60,27,33
Allianknight,windrunner,1479,deathknight,unholy,36,17,19
Brounlyii,drakkari,1478,deathknight,unholy,54,35,19
Tiansama,ragnaros,1478,deathknight,unholy,30,18,12
Ellipsoro,onyxia,1478,deathknight,unholy,66,26,40
Alexeous,wyrmrest-accord,1477,deathknight,unholy,160,85,75
Nialich,kelthuzad,1476,deathknight,unholy,41,16,25
Nokenoke,illidan,1473,deathknight,unholy,250,125,125
Dravoc,kelthuzad,1473,deathknight,unholy,48,21,27
Hooker,dragonmaw,1472,deathknight,unholy,55,31,24
Garù,ragnaros,1471,deathknight,unholy,62,33,29
Grayfoxx,twisting-nether,1469,deathknight,unholy,41,18,23
Brisblade,shattered-hand,1468,deathknight,unholy,54,29,25
Reinhartlol,sargeras,1468,deathknight,unholy,99,49,50
Grimnuts,thrall,1466,deathknight,unholy,69,34,35
Xlive,tichondrius,1466,deathknight,unholy,42,17,25
Böffa,dalaran,1465,deathknight,unholy,59,21,38
Tronnie,kelthuzad,1464,deathknight,unholy,78,40,38
Risottonero,kelthuzad,1464,deathknight,unholy,180,92,88
Degrease,bonechewer,1464,deathknight,unholy,55,24,31
Catena,blood-furnace,1461,deathknight,unholy,83,35,48
Fallen,nazjatar,1460,deathknight,unholy,36,23,13
Darthsydius,azralon,1460,deathknight,unholy,51,26,25
Släke,azralon,1460,deathknight,unholy,166,81,85
Witdk,illidan,1460,deathknight,unholy,85,39,46
Althamon,tanaris,1460,deathknight,unholy,72,29,43
Rk,blackhand,1457,deathknight,unholy,97,58,39
Grizzdk,blackrock,1457,deathknight,unholy,36,18,18
Rhaeisxalnym,sargeras,1454,deathknight,unholy,124,60,64
Wryu,malganis,1451,deathknight,unholy,41,24,17
Ams,moon-guard,1450,deathknight,unholy,60,32,28
Frosstbeach,hyjal,1450,deathknight,unholy,47,21,26
Allhejluya,illidan,1449,deathknight,unholy,199,101,98
Dkfenix,ragnaros,1449,deathknight,unholy,41,17,24
Balboskina,shattered-hand,1448,deathknight,unholy,76,39,37
Unknowndk,kul-tiras,1448,deathknight,unholy,42,20,22
Tracyminaj,tichondrius,1445,deathknight,unholy,60,27,33
Nightskull,malganis,1444,deathknight,unholy,36,18,18
Mehithee,kiljaeden,1443,deathknight,unholy,104,39,65
Gerometal,ragnaros,1440,deathknight,unholy,42,18,24
Breadtruck,area-52,1440,deathknight,unholy,75,31,44
Dreadfang,the-venture-co,1438,deathknight,unholy,24,15,9
Corrpsse,tichondrius,1438,deathknight,unholy,157,81,76
Pettyk,tichondrius,1438,deathknight,unholy,36,15,21
Redbr,tichondrius,1437,deathknight,unholy,78,37,41
Flavorchops,kelthuzad,1437,deathknight,unholy,48,16,32
Yamanji,wyrmrest-accord,1436,deathknight,unholy,66,33,33
Paíín,illidan,1433,deathknight,unholy,78,39,39
Greenduck,malganis,1433,deathknight,unholy,30,15,15
Demonnation,illidan,1433,deathknight,unholy,144,60,84
Moonjae,illidan,1432,deathknight,unholy,24,15,9
Exin,cenarion-circle,1432,deathknight,unholy,24,15,9
Datnai,barthilas,1432,deathknight,unholy,36,15,21
Cliffdk,kelthuzad,1431,deathknight,unholy,48,15,33
Unrealzrotz,tichondrius,1429,deathknight,unholy,76,48,28
Necrósy,azralon,1427,deathknight,unholy,42,20,22
Coffeebagel,bleeding-hollow,1426,deathknight,unholy,149,65,84
Lazenca,malganis,1424,deathknight,unholy,32,22,10
Mortarion,icecrown,1424,deathknight,unholy,190,91,99
Anexdk,korgath,1423,deathknight,unholy,24,15,9
Jarah,destromath,1422,deathknight,unholy,54,25,29
Sannistus,ysera,1420,deathknight,unholy,97,43,54
Sgtdead,thrall,1418,deathknight,unholy,63,35,28
Hornpipe,borean-tundra,1418,deathknight,unholy,126,61,65
Fellenn,stormrage,1417,deathknight,unholy,144,78,66
Pmpfrmdwntwn,stormrage,1417,deathknight,unholy,67,28,39
Deathofchaos,smolderthorn,1417,deathknight,unholy,65,25,40
Seranta,wyrmrest-accord,1417,deathknight,unholy,54,19,35
Rongkhun,proudmoore,1417,deathknight,unholy,48,15,33
Sniperlord,uldaman,1415,deathknight,unholy,90,51,39
Gêralt,darkspear,1414,deathknight,unholy,36,18,18
Fuzzknight,ravenholdt,1414,deathknight,unholy,30,15,15
Subparatbest,chogall,1414,deathknight,unholy,30,15,15
Fanggrief,proudmoore,1414,deathknight,unholy,121,57,64
Knownkilla,hyjal,1413,deathknight,unholy,83,47,36
Dûsk,thunderlord,1413,deathknight,unholy,52,21,31
Ganancïa,nemesis,1412,deathknight,unholy,45,25,20
Seiyokú,ragnaros,1410,deathknight,unholy,85,43,42
Deathpool,shadowmoon,1409,deathknight,unholy,54,19,35
Chainsawmàn,tichondrius,1408,deathknight,unholy,71,35,36
Tenóry,nemesis,1408,deathknight,unholy,90,41,49
Desen,arthas,1408,deathknight,unholy,39,15,24
Rimothedk,illidan,1407,deathknight,unholy,36,17,19
Dezmond,quelthalas,1404,deathknight,unholy,48,21,27
Hatreon,sargeras,1401,deathknight,unholy,30,20,10
Hipower,moon-guard,1401,deathknight,unholy,138,72,66
Sílthree,barthilas,1401,deathknight,unholy,42,17,25
Yadaddy,hydraxis,1400,deathknight,unholy,42,23,19
Ventuss,bleeding-hollow,1399,deathknight,unholy,60,31,29
Gankstagrip,anvilmar,1399,deathknight,unholy,108,52,56
Vazarus,darrowmere,1397,deathknight,unholy,66,30,36
Beeftip,area-52,1396,deathknight,unholy,173,83,90
Cimitiere,stormrage,1395,deathknight,unholy,44,18,26
Wndypefrcorn,sargeras,1394,deathknight,unholy,59,35,24
Fzero,frostmourne,1392,deathknight,unholy,66,23,43
Paulpatine,tichondrius,1391,deathknight,unholy,60,22,38
Madmaxxy,barthilas,1389,deathknight,unholy,145,73,72
Starms,ragnaros,1388,deathknight,unholy,71,30,41
Sammåel,malganis,1387,deathknight,unholy,36,18,18
Bloodramen,dalaran,1385,deathknight,unholy,339,172,167
Holsey,moon-guard,1384,deathknight,unholy,36,17,19
Deadspellz,bleeding-hollow,1384,deathknight,unholy,52,15,37
Wrothgarr,stormreaver,1383,deathknight,unholy,42,24,18
Egirlgripper,area-52,1382,deathknight,unholy,30,15,15
Anonymousix,kelthuzad,1381,deathknight,unholy,41,21,20
Vamplyz,kelthuzad,1378,deathknight,unholy,27,16,11
Silanvia,wyrmrest-accord,1377,deathknight,unholy,66,30,36
Mèrc,ragnaros,1376,deathknight,unholy,89,38,51
Any,the-venture-co,1376,deathknight,unholy,60,25,35
Sparklekitty,illidan,1374,deathknight,unholy,24,16,8
Greeasy,bleeding-hollow,1374,deathknight,unholy,41,23,18
Deathsatan,barthilas,1374,deathknight,unholy,60,33,27
Volcolm,kelthuzad,1373,deathknight,unholy,54,26,28
Midway,drakkari,1372,deathknight,unholy,42,24,18
Flo,ghostlands,1371,deathknight,unholy,45,26,19
Zuly,moon-guard,1369,deathknight,unholy,113,54,59
Putrefactive,frostmourne,1368,deathknight,unholy,174,85,89
Yareyare,tichondrius,1365,deathknight,unholy,36,18,18
Darkunral,stormrage,1365,deathknight,unholy,80,33,47
Warstompgød,tichondrius,1364,deathknight,unholy,36,16,20
Genjírou,frostwolf,1362,deathknight,unholy,278,134,144
Waremoto,ragnaros,1361,deathknight,unholy,81,47,34
Littlekims,emerald-dream,1360,deathknight,unholy,28,15,13
Krixia,ragnaros,1359,deathknight,unholy,52,25,27
Awzy,azralon,1358,deathknight,unholy,42,23,19
Hydree,bleeding-hollow,1358,deathknight,unholy,42,17,25
Luckyson,tichondrius,1357,deathknight,unholy,40,19,21
Coolk,tichondrius,1356,deathknight,unholy,78,42,36
Shélly,ragnaros,1354,deathknight,unholy,83,41,42
Darknessice,tichondrius,1350,deathknight,unholy,66,35,31
Bumbleton,blackrock,1349,deathknight,unholy,45,24,21
Seíver,ragnaros,1346,deathknight,unholy,29,15,14
Atrahazis,quelthalas,1343,deathknight,unholy,29,19,10
Dethcro,shandris,1343,deathknight,unholy,93,47,46
Deathwardenn,ghostlands,1343,deathknight,unholy,36,17,19
Gutterboy,malganis,1343,deathknight,unholy,36,14,22
Vaizard,malganis,1341,deathknight,unholy,24,14,10
Einherjiar,tichondrius,1341,deathknight,unholy,30,14,16
Afterdeath,frostmourne,1340,deathknight,unholy,42,19,23
Koltíra,azralon,1339,deathknight,unholy,50,26,24
Golurun,tichondrius,1338,deathknight,unholy,31,19,12
Tötenkaiser,quelthalas,1337,deathknight,unholy,30,14,16
Monstrosìty,bleeding-hollow,1336,deathknight,unholy,18,14,4
Ântipaladin,arthas,1335,deathknight,unholy,46,19,27
Bhyrnam,ragnaros,1335,deathknight,unholy,42,14,28
Zeban,area-52,1334,deathknight,unholy,78,36,42
Fiddleop,thrall,1333,deathknight,unholy,24,14,10
Mëgazørd,azralon,1333,deathknight,unholy,66,36,30
Aretos,dreadmaul,1333,deathknight,unholy,38,19,19
Scorpíøn,azralon,1332,deathknight,unholy,30,18,12
Negril,tichondrius,1332,deathknight,unholy,78,38,40
Gromhal,azralon,1331,deathknight,unholy,24,14,10
Erodin,moon-guard,1330,deathknight,unholy,30,14,16
Zxy,hyjal,1327,deathknight,unholy,23,17,6
Vynkys,shadow-council,1327,deathknight,unholy,59,33,26
Zifandel,tichondrius,1326,deathknight,unholy,30,14,16
Rekbari,sargeras,1325,deathknight,unholy,24,15,9
Ñovacaine,moon-guard,1325,deathknight,unholy,83,40,43
Unholychillz,ghostlands,1324,deathknight,unholy,44,20,24
Stangz,bonechewer,1322,deathknight,unholy,36,14,22
Asylïthcc,sargeras,1321,deathknight,unholy,60,34,26
Earador,dalaran,1321,deathknight,unholy,30,15,15
Mords,area-52,1321,deathknight,unholy,30,14,16
Unhøøly,nemesis,1319,deathknight,unholy,59,32,27
Déká,tichondrius,1319,deathknight,unholy,30,16,14
Gilden,malfurion,1317,deathknight,unholy,80,34,46
Belegos,quelthalas,1314,deathknight,unholy,93,42,51
Cswildwind,aerie-peak,1314,deathknight,unholy,36,15,21
Demona,ragnaros,1312,deathknight,unholy,58,22,36
Maligned,uldum,1312,deathknight,unholy,49,18,31
Unholyreap,arthas,1311,deathknight,unholy,34,18,16
Frðst,executus,1310,deathknight,unholy,24,14,10
Gwiffhm,tichondrius,1304,deathknight,unholy,40,14,26
Darkàn,lightnings-blade,1301,deathknight,unholy,42,20,22
Arcainian,tichondrius,1300,deathknight,unholy,147,65,82
Deephideblue,proudmoore,1300,deathknight,unholy,43,14,29
Rhaenyrà,tichondrius,1299,deathknight,unholy,33,19,14
Killerundead,area-52,1299,deathknight,unholy,39,17,22
Kallgìn,emerald-dream,1299,deathknight,unholy,36,15,21
Unholycube,zuljin,1290,deathknight,unholy,35,14,21
Cripticknigt,spinebreaker,1289,deathknight,unholy,48,22,26
Shargan,tichondrius,1284,deathknight,unholy,84,44,40
Deliriioh,ragnaros,1283,deathknight,unholy,192,98,94
Mainxx,stormrage,1282,deathknight,unholy,29,14,15
Harlthas,ragnaros,1274,deathknight,unholy,30,17,13
Reizu,ragnaros,1274,deathknight,unholy,27,15,12
Magipierrot,ragnaros,1274,deathknight,unholy,74,38,36
Ometecuhtli,kelthuzad,1273,deathknight,unholy,60,35,25
Kromgarath,stormrage,1271,deathknight,unholy,60,28,32
Nukydoe,azralon,1260,deathknight,unholy,42,19,23
Abruptdk,bonechewer,1254,deathknight,unholy,61,29,32
Leiry,darkspear,1253,deathknight,unholy,32,20,12
Ownaron,moon-guard,1249,deathknight,unholy,45,24,21
Resumen,steamwheedle-cartel,1249,deathknight,unholy,32,15,17
Clowngodx,illidan,1247,deathknight,unholy,24,13,11
Darktonelol,tichondrius,1247,deathknight,unholy,30,13,17
Hotdk,thrall,1247,deathknight,unholy,36,13,23
Buldrokastee,tichondrius,1247,deathknight,unholy,36,13,23
Apoz,tichondrius,1246,deathknight,unholy,18,13,5
Bloodyloco,malganis,1246,deathknight,unholy,64,32,32
Earthican,bleeding-hollow,1245,deathknight,unholy,18,13,5
Daixks,proudmoore,1245,deathknight,unholy,42,22,20
Oomak,bonechewer,1245,deathknight,unholy,30,13,17
Lovedaddy,frostmourne,1242,deathknight,unholy,30,13,17
Bubblesdk,whisperwind,1242,deathknight,unholy,66,27,39
Youngmoneyyd,illidan,1241,deathknight,unholy,18,13,5
Feej,malganis,1240,deathknight,unholy,18,13,5
Shezoe,drakkari,1238,deathknight,unholy,30,13,17
Janco,runetotem,1236,deathknight,unholy,18,13,5
Lebrônjames,tichondrius,1236,deathknight,unholy,24,13,11
Ahrímán,illidan,1236,deathknight,unholy,60,23,37
Neipum,stormrage,1234,deathknight,unholy,18,13,5
Unleud,tichondrius,1234,deathknight,unholy,42,23,19
Voldrezhul,area-52,1234,deathknight,unholy,36,17,19
Rarum,bleeding-hollow,1233,deathknight,unholy,24,13,11
Muffinstomp,eredar,1231,deathknight,unholy,53,29,24
Hellzkknight,tichondrius,1231,deathknight,unholy,34,16,18
Dkzote,quelthalas,1231,deathknight,unholy,60,21,39
Treikorh,quelthalas,1230,deathknight,unholy,148,66,82
Deathdra,illidan,1229,deathknight,unholy,24,16,8
Soulhuntress,doomhammer,1227,deathknight,unholy,114,58,56
Unhølydøøm,misha,1226,deathknight,unholy,78,39,39
Lorð,malganis,1225,deathknight,unholy,42,22,20
Sokthr,proudmoore,1224,deathknight,unholy,38,17,21
Potatobob,dalaran,1222,deathknight,unholy,30,13,17
Gatrars,sargeras,1221,deathknight,unholy,84,39,45
Malsedius,kelthuzad,1216,deathknight,unholy,39,16,23
Mazey,moon-guard,1209,deathknight,unholy,199,98,101
Nevarro,lightbringer,1209,deathknight,unholy,234,114,120
Heärt,bleeding-hollow,1208,deathknight,unholy,80,37,43
Lieyanyanwan,tichondrius,1207,deathknight,unholy,48,19,29
Humber,area-52,1204,deathknight,unholy,65,30,35
Tugs,nathrezim,1202,deathknight,unholy,36,16,20
Yosemithe,quelthalas,1201,deathknight,unholy,24,13,11
Zeeroo,moon-guard,1194,deathknight,unholy,46,23,23
Rhors,nemesis,1190,deathknight,unholy,23,13,10
Möchi,ragnaros,1190,deathknight,unholy,75,36,39
Leviiathan,tichondrius,1185,deathknight,unholy,30,14,16
Edhral,ragnaros,1184,deathknight,unholy,36,16,20
Plagueghoul,wyrmrest-accord,1182,deathknight,unholy,97,47,50
Sne,dragonmaw,1180,deathknight,unholy,30,17,13
Coffïnfeeder,dalaran,1178,deathknight,unholy,78,31,47
Darthblade,darkspear,1177,deathknight,unholy,66,43,23
Drowhd,nemesis,1177,deathknight,unholy,60,27,33
Deadwait,rivendare,1175,deathknight,unholy,22,13,9
Jhiv,tichondrius,1172,deathknight,unholy,28,14,14
Blightrish,icecrown,1172,deathknight,unholy,66,32,34
Volardan,trollbane,1171,deathknight,unholy,27,16,11
Hanmayuziro,tichondrius,1171,deathknight,unholy,23,13,10
Enjal,stormrage,1171,deathknight,unholy,65,26,39
Omegaseven,gorgonnash,1166,deathknight,unholy,172,90,82
Mmrhostage,kelthuzad,1165,deathknight,unholy,30,14,16
Trüppen,area-52,1153,deathknight,unholy,58,31,27
Oql,tichondrius,1152,deathknight,unholy,24,12,12
Diviniumx,bleeding-hollow,1152,deathknight,unholy,27,13,14
Divinium,bleeding-hollow,1152,deathknight,unholy,30,12,18
Andeadx,tichondrius,1152,deathknight,unholy,30,12,18
Méthmonster,stormrage,1150,deathknight,unholy,39,23,16
Xtador,quelthalas,1150,deathknight,unholy,23,13,10
Ultimatdeath,jubeithos,1150,deathknight,unholy,24,12,12
Balakk,tichondrius,1150,deathknight,unholy,34,15,19
Kryptikkyt,blackrock,1150,deathknight,unholy,30,12,18
Vesel,tichondrius,1149,deathknight,unholy,36,12,24
Exequias,zuljin,1148,deathknight,unholy,42,24,18
Azgaroth,dathremar,1148,deathknight,unholy,38,20,18
Orcsexual,azralon,1148,deathknight,unholy,24,12,12
Migwel,emerald-dream,1147,deathknight,unholy,24,12,12
Zebastion,amanthul,1147,deathknight,unholy,36,15,21
Oldskul,sargeras,1146,deathknight,unholy,34,17,17
Dkbunny,thaurissan,1146,deathknight,unholy,24,12,12
Chalamander,tichondrius,1146,deathknight,unholy,24,12,12
Iamthedanger,aerie-peak,1145,deathknight,unholy,24,12,12
Kehin,azralon,1144,deathknight,unholy,70,29,41
Dravix,azshara,1143,deathknight,unholy,18,12,6
Akilol,tichondrius,1142,deathknight,unholy,30,12,18
Pacedd,silvermoon,1141,deathknight,unholy,24,12,12
Skeleton,lightnings-blade,1141,deathknight,unholy,33,13,20
Zetarexia,area-52,1139,deathknight,unholy,24,12,12
Skellig,wyrmrest-accord,1137,deathknight,unholy,60,24,36
Viràlyourz,bleeding-hollow,1136,deathknight,unholy,18,12,6
Araris,stormrage,1135,deathknight,unholy,36,12,24
Shinici,kelthuzad,1132,deathknight,unholy,24,12,12
Kel,stormreaver,1132,deathknight,unholy,35,12,23
Jukpark,tichondrius,1131,deathknight,unholy,54,32,22
Vaseline,zangarmarsh,1130,deathknight,unholy,77,40,37
Darktrinnity,nemesis,1130,deathknight,unholy,71,36,35
Deathsmog,quelthalas,1127,deathknight,unholy,37,22,15
Pugnation,uther,1122,deathknight,unholy,18,12,6
Vampirecarti,tichondrius,1122,deathknight,unholy,38,18,20
Toroandmoi,area-52,1121,deathknight,unholy,24,12,12
Nicrack,malganis,1120,deathknight,unholy,24,13,11
Carecaa,azralon,1119,deathknight,unholy,44,19,25
Mercysparx,thrall,1118,deathknight,unholy,108,52,56
Sabotdk,tichondrius,1117,deathknight,unholy,24,12,12
Xènia,exodar,1116,deathknight,unholy,28,13,15
Frostcleave,emerald-dream,1115,deathknight,unholy,24,16,8
Joeyxdk,tichondrius,1114,deathknight,unholy,23,12,11
Druncker,blackrock,1114,deathknight,unholy,53,20,33
Mordeo,bleeding-hollow,1114,deathknight,unholy,34,12,22
Pántera,darkspear,1113,deathknight,unholy,24,12,12
Mandrágor,quelthalas,1111,deathknight,unholy,52,20,32
Alphabro,zuluhed,1108,deathknight,unholy,42,22,20
Dankbro,tichondrius,1101,deathknight,unholy,36,15,21
Moxtexd,drakkari,1100,deathknight,unholy,30,21,9
Morghulas,moon-guard,1098,deathknight,unholy,30,12,18
Polydeuces,queldorei,1091,deathknight,unholy,66,26,40
Beanboyx,tichondrius,1085,deathknight,unholy,22,12,10
Kanthrix,illidan,1084,deathknight,unholy,32,12,20
Fuzzyrump,eitrigg,1080,deathknight,unholy,36,21,15
Honustustere,emerald-dream,1076,deathknight,unholy,29,12,17
Froznorbs,tichondrius,1068,deathknight,unholy,26,13,13
Zaelize,sargeras,1065,deathknight,unholy,48,21,27
Rottenwiener,sargeras,1062,deathknight,unholy,23,12,11
Kayzark,tichondrius,1060,deathknight,unholy,54,30,24
Mordekaiseer,azralon,1057,deathknight,unholy,148,74,74
Ragsec,bleeding-hollow,1056,deathknight,unholy,18,11,7
Neroxzdvm,area-52,1056,deathknight,unholy,30,11,19
Cptsäveähöe,tichondrius,1056,deathknight,unholy,30,11,19
Vleryan,ragnaros,1055,deathknight,unholy,18,11,7
Darione,twisting-nether,1055,deathknight,unholy,30,11,19
Rytex,moon-guard,1055,deathknight,unholy,30,11,19
Sommeliergg,stormrage,1053,deathknight,unholy,18,11,7
Plaguebreak,darrowmere,1053,deathknight,unholy,78,44,34
Xaldalas,kelthuzad,1053,deathknight,unholy,24,11,13
Deathboost,stormrage,1053,deathknight,unholy,36,11,25
Polpop,zuljin,1051,deathknight,unholy,18,11,7
Acidirin,tichondrius,1049,deathknight,unholy,18,11,7
Draenor,shadowmoon,1049,deathknight,unholy,18,11,7
Runicblade,jaedenar,1048,deathknight,unholy,18,11,7
Kordrâk,quelthalas,1048,deathknight,unholy,18,11,7
Salahzar,stormrage,1048,deathknight,unholy,24,11,13
Chad,ysondre,1048,deathknight,unholy,30,11,19
Horîzon,sargeras,1047,deathknight,unholy,30,11,19
Shhnitzle,stormrage,1047,deathknight,unholy,30,11,19
Agohnim,moon-guard,1046,deathknight,unholy,30,11,19
Bazzingaxd,hyjal,1044,deathknight,unholy,36,21,15
Lazta,azralon,1044,deathknight,unholy,40,17,23
Orphnoch,illidan,1043,deathknight,unholy,30,11,19
Arthureon,kelthuzad,1041,deathknight,unholy,38,14,24
Alayka,stormrage,1040,deathknight,unholy,24,11,13
Masochrist,baelgun,1040,deathknight,unholy,24,11,13
Deathcometh,tichondrius,1027,deathknight,unholy,30,11,19
Jman,kaelthas,1026,deathknight,unholy,63,31,32
Annerito,area-52,1023,deathknight,unholy,29,11,18
Dredrikbane,moon-guard,1022,deathknight,unholy,23,12,11
Bloopdabloop,sargeras,1015,deathknight,unholy,55,31,24
Modok,malganis,1006,deathknight,unholy,17,11,6
Sübzerö,quelthalas,1000,deathknight,unholy,42,13,29
Trentus,illidan,993,deathknight,unholy,24,11,13
Raizzhít,ragnaros,989,deathknight,unholy,22,11,11
Tonylin,tichondrius,987,deathknight,unholy,26,11,15
Hobdk,malganis,984,deathknight,unholy,27,11,16
Deathnorris,zuljin,973,deathknight,unholy,116,55,61
Hansmclroy,trollbane,970,deathknight,unholy,24,14,10
Fendos,turalyon,963,deathknight,unholy,24,14,10
Vaske,azjolnerub,963,deathknight,unholy,55,20,35
Delamuerte,ragnaros,962,deathknight,unholy,30,13,17
Wölf,durotan,960,deathknight,unholy,12,10,2
Ragrek,bleeding-hollow,960,deathknight,unholy,24,10,14
Giveretms,azralon,960,deathknight,unholy,24,10,14
Claudio,tichondrius,960,deathknight,unholy,27,11,16
Rängi,caelestrasz,960,deathknight,unholy,78,26,52
Rxzo,frostmourne,960,deathknight,unholy,30,10,20
Immadkx,area-52,960,deathknight,unholy,30,10,20
Wolfsnight,frostmourne,960,deathknight,unholy,36,10,26
Awshuks,illidan,959,deathknight,unholy,18,10,8
Turbokitten,tichondrius,959,deathknight,unholy,18,10,8
Gurnok,barthilas,959,deathknight,unholy,18,10,8
Raahjx,sargeras,959,deathknight,unholy,18,10,8
Tragdore,thrall,959,deathknight,unholy,18,10,8
Emarose,illidan,959,deathknight,unholy,24,10,14
Distorted,emerald-dream,959,deathknight,unholy,24,10,14
Galaxyboom,tichondrius,958,deathknight,unholy,12,10,2
Reapsouls,stormrage,958,deathknight,unholy,13,10,3
Khørne,area-52,958,deathknight,unholy,18,10,8
Polepounder,malganis,957,deathknight,unholy,12,10,2
Iðûnn,barthilas,957,deathknight,unholy,18,10,8
Aldoraenna,illidan,957,deathknight,unholy,24,10,14
Arthyius,kiljaeden,956,deathknight,unholy,30,10,20
Dreadcowpie,dalaran,955,deathknight,unholy,18,10,8
Mëlødy,quelthalas,955,deathknight,unholy,18,10,8
Gobaiakun,proudmoore,955,deathknight,unholy,18,10,8
Bigdollars,eredar,954,deathknight,unholy,18,10,8
Umbranox,arthas,954,deathknight,unholy,24,10,14
Noolore,firetree,952,deathknight,unholy,12,10,2
Attackondude,illidan,951,deathknight,unholy,18,10,8
Vërmilliøn,ragnaros,951,deathknight,unholy,24,10,14
Isaarid,proudmoore,948,deathknight,unholy,18,10,8
Xijiñpiñg,hyjal,948,deathknight,unholy,24,10,14
Deathafter,tichondrius,948,deathknight,unholy,24,10,14
Dreekon,bleeding-hollow,947,deathknight,unholy,25,14,11
Thaylenaar,eredar,947,deathknight,unholy,18,10,8
Zebirock,stormrage,947,deathknight,unholy,30,10,20
Niennahh,sargeras,946,deathknight,unholy,24,10,14
Ghorzul,thrall,945,deathknight,unholy,24,10,14
Morhtzen,moon-guard,944,deathknight,unholy,13,10,3
Hentaideath,kiljaeden,934,deathknight,unholy,24,10,14
Jinus,earthen-ring,934,deathknight,unholy,24,10,14
Bahtman,hakkar,925,deathknight,unholy,18,10,8
Croaker,gurubashi,922,deathknight,unholy,18,10,8
Tandarilada,shadowmoon,919,deathknight,unholy,30,12,18
Draxsos,quelthalas,913,deathknight,unholy,42,17,25
Jaydkx,tichondrius,906,deathknight,unholy,28,11,17
Cishei,quelthalas,897,deathknight,unholy,21,12,9
Càsshêrn,lightbringer,893,deathknight,unholy,14,10,4
Dragoroth,zuluhed,893,deathknight,unholy,31,15,16
Carmii,wyrmrest-accord,879,deathknight,unholy,25,10,15
Zareon,zuluhed,876,deathknight,unholy,24,12,12
Dandandor,muradin,876,deathknight,unholy,38,17,21
Nerfdklul,illidan,864,deathknight,unholy,12,9,3
Deathstrikex,tichondrius,864,deathknight,unholy,12,9,3
Skullash,stormrage,864,deathknight,unholy,18,9,9
Sickly,arthas,864,deathknight,unholy,18,9,9
Utthrity,ysera,864,deathknight,unholy,18,9,9
Methyldk,frostmourne,864,deathknight,unholy,21,10,11
Aisö,bleeding-hollow,864,deathknight,unholy,24,9,15
Shadowsdk,tichondrius,864,deathknight,unholy,24,9,15
Dill,madoran,864,deathknight,unholy,24,9,15
Shinukishin,stormrage,864,deathknight,unholy,24,9,15
Fortissax,area-52,864,deathknight,unholy,30,9,21
Kasteny,frostmourne,863,deathknight,unholy,18,9,9
Valandiel,jubeithos,863,deathknight,unholy,18,9,9
Bmminitian,illidan,863,deathknight,unholy,18,9,9
Sandrexx,tichondrius,863,deathknight,unholy,18,9,9
Revvun,tichondrius,863,deathknight,unholy,18,9,9
Nwnqt,frostmourne,863,deathknight,unholy,21,10,11
Sbplaysdk,akama,863,deathknight,unholy,30,9,21
Tharegorn,azralon,862,deathknight,unholy,18,9,9
Killos,proudmoore,862,deathknight,unholy,18,9,9
Vynlerran,skullcrusher,862,deathknight,unholy,18,9,9
Artous,stormrage,862,deathknight,unholy,36,9,27
Runeswanson,area-52,861,deathknight,unholy,18,9,9
Monglord,arthas,861,deathknight,unholy,18,9,9
Arkhän,ragnaros,861,deathknight,unholy,36,9,27
Cosanostrá,malganis,860,deathknight,unholy,12,9,3
Gothywaifu,thunderhorn,860,deathknight,unholy,12,9,3
Rinthosaka,ragnaros,860,deathknight,unholy,18,9,9
Feorlar,dalaran,860,deathknight,unholy,24,9,15
Smerknight,proudmoore,860,deathknight,unholy,24,9,15
Velyssiah,stormrage,860,deathknight,unholy,24,9,15
Ðerion,stormrage,859,deathknight,unholy,18,9,9
Sidbane,kalecgos,859,deathknight,unholy,19,9,10
Esquinência,azralon,858,deathknight,unholy,24,9,15
Kaórii,stormrage,858,deathknight,unholy,30,9,21
Tinytanx,aerie-peak,856,deathknight,unholy,30,9,21
Kreandria,dalaran,854,deathknight,unholy,36,9,27
Zathog,lightbringer,853,deathknight,unholy,30,9,21
Ulyssess,jubeithos,851,deathknight,unholy,76,35,41
Ulerin,illidan,850,deathknight,unholy,18,9,9
Plaza,thorium-brotherhood,844,deathknight,unholy,18,9,9
Maverax,executus,841,deathknight,unholy,24,10,14
Grimmtidings,dentarg,839,deathknight,unholy,42,17,25
Destruktion,uldaman,838,deathknight,unholy,12,9,3
Handler,nemesis,830,deathknight,unholy,20,10,10
Digitalsammy,area-52,830,deathknight,unholy,22,9,13
Alderma,zuljin,814,deathknight,unholy,29,10,19
Zillachilla,azshara,811,deathknight,unholy,15,10,5
Festers,burning-legion,794,deathknight,unholy,26,9,17
Noahmelo,nemesis,782,deathknight,unholy,13,9,4
Liqùid,moon-guard,768,deathknight,unholy,12,8,4
Jamjae,tichondrius,768,deathknight,unholy,12,8,4
Vitad,tichondrius,768,deathknight,unholy,12,8,4
Poderrosodk,azralon,768,deathknight,unholy,12,8,4
Richiex,tichondrius,768,deathknight,unholy,12,8,4
Mesx,illidan,768,deathknight,unholy,12,8,4
Dicromick,illidan,768,deathknight,unholy,15,9,6
Clapt,kelthuzad,768,deathknight,unholy,18,8,10
Piratehookah,sargeras,768,deathknight,unholy,18,8,10
Sinnan,turalyon,768,deathknight,unholy,18,8,10
Loomoros,sargeras,768,deathknight,unholy,24,8,16
Novädk,ragnaros,768,deathknight,unholy,24,8,16
Ørcrist,area-52,767,deathknight,unholy,12,8,4
Akrylo,ragnaros,767,deathknight,unholy,12,8,4
Deathsloot,sargeras,767,deathknight,unholy,12,8,4
Bojaçk,stormrage,767,deathknight,unholy,12,8,4
Ðaz,zuljin,767,deathknight,unholy,12,8,4
Fluffymoo,frostmourne,767,deathknight,unholy,18,8,10
Gorillagrip,sargeras,767,deathknight,unholy,18,8,10
Rulord,wyrmrest-accord,767,deathknight,unholy,18,8,10
Hædës,area-52,767,deathknight,unholy,18,8,10
Bloodygrip,bleeding-hollow,767,deathknight,unholy,18,8,10
Traitre,onyxia,767,deathknight,unholy,18,8,10
Asana,illidan,767,deathknight,unholy,18,8,10
Mordumi,stormrage,767,deathknight,unholy,24,8,16
Tragül,sargeras,766,deathknight,unholy,12,8,4
Redcancer,tichondrius,766,deathknight,unholy,12,8,4
Olblueyes,hyjal,766,deathknight,unholy,18,8,10
Hellhämmer,ragnaros,766,deathknight,unholy,18,8,10
Riparonii,illidan,766,deathknight,unholy,21,8,13
Shadowghast,saurfang,765,deathknight,unholy,12,8,4
Shadowzombie,lethon,765,deathknight,unholy,18,8,10
Bloodydebt,malganis,765,deathknight,unholy,18,8,10
Hildolfr,shattered-hand,765,deathknight,unholy,18,8,10
Dalrin,emerald-dream,765,deathknight,unholy,24,8,16
Abadena,illidan,765,deathknight,unholy,27,8,19
Maggotmulch,zuljin,764,deathknight,unholy,30,8,22
Kowell,drakkari,762,deathknight,unholy,18,8,10
Primoverdino,azralon,762,deathknight,unholy,18,8,10
Iamlrr,maelstrom,761,deathknight,unholy,24,8,16
Liltinktink,stormreaver,760,deathknight,unholy,18,8,10
Kaciann,dalaran,758,deathknight,unholy,12,8,4
Lepanda,skywall,758,deathknight,unholy,18,8,10
Soulfarm,tichondrius,751,deathknight,unholy,12,8,4
Rinngar,quelthalas,751,deathknight,unholy,14,8,6
Frostbytez,barthilas,750,deathknight,unholy,17,8,9
Dàndàn,lightbringer,749,deathknight,unholy,24,8,16
Urp,aggramar,736,deathknight,unholy,22,8,14
Poonen,area-52,735,deathknight,unholy,17,8,9
Starset,burning-legion,728,deathknight,unholy,24,9,15
Somethingdum,sargeras,703,deathknight,unholy,16,8,8
Lolcàtxo,tichondrius,703,deathknight,unholy,17,8,9
Mëllowhypë,sargeras,697,deathknight,unholy,20,8,12
Maalevolent,thunderlord,688,deathknight,unholy,19,8,11
Ripcrawford,proudmoore,672,deathknight,unholy,12,7,5
Karthayne,area-52,672,deathknight,unholy,12,7,5
Donrhythmic,ysera,672,deathknight,unholy,12,7,5
Plag,bleeding-hollow,672,deathknight,unholy,12,7,5
Mcdeathturds,tichondrius,672,deathknight,unholy,12,7,5
Cgg,tichondrius,672,deathknight,unholy,12,7,5
Liverkick,zuljin,672,deathknight,unholy,12,7,5
Aryêl,ragnaros,672,deathknight,unholy,12,7,5
Saltank,frostmourne,672,deathknight,unholy,12,7,5
Penguinlolx,sargeras,672,deathknight,unholy,12,7,5
Jbert,sargeras,672,deathknight,unholy,12,7,5
Inemia,wyrmrest-accord,672,deathknight,unholy,16,7,9
Bellybuster,malganis,672,deathknight,unholy,18,7,11
Ebolaxd,area-52,672,deathknight,unholy,18,7,11
Bagul,azralon,672,deathknight,unholy,18,7,11
Umbramane,tichondrius,672,deathknight,unholy,18,7,11
Bryku,tichondrius,672,deathknight,unholy,18,7,11
Mightyfails,frostmourne,672,deathknight,unholy,18,7,11
Mmaximus,darkspear,672,deathknight,unholy,18,7,11
Meisterdeath,stormrage,672,deathknight,unholy,18,7,11
Kûri,runetotem,672,deathknight,unholy,18,7,11
Dxssxe,tichondrius,672,deathknight,unholy,18,7,11
Zenan,area-52,672,deathknight,unholy,24,7,17
Zoomoth,illidan,672,deathknight,unholy,24,7,17
Xenocrates,illidan,672,deathknight,unholy,24,7,17
Níce,tichondrius,672,deathknight,unholy,24,7,17
Ceedog,crushridge,672,deathknight,unholy,30,7,23
Fligdeath,llane,671,deathknight,unholy,12,7,5
Sevexi,moon-guard,671,deathknight,unholy,12,7,5
Gâbriel,cairne,671,deathknight,unholy,12,7,5
Tiller,mannoroth,671,deathknight,unholy,12,7,5
Deatheey,area-52,671,deathknight,unholy,12,7,5
Woahwtf,area-52,671,deathknight,unholy,18,7,11
Mfknight,archimonde,671,deathknight,unholy,18,7,11
Biukanon,ragnaros,671,deathknight,unholy,18,7,11
Kidek,proudmoore,671,deathknight,unholy,18,7,11
Demonstalker,boulderfist,671,deathknight,unholy,24,7,17
Coldrhelx,quelthalas,671,deathknight,unholy,30,7,23
Emberwarden,stormrage,670,deathknight,unholy,18,7,11
Irokthefrost,frostmourne,669,deathknight,unholy,12,7,5
Boneguard,stormrage,668,deathknight,unholy,18,7,11
Terracundo,quelthalas,667,deathknight,unholy,18,9,9
Grtmisdirect,illidan,666,deathknight,unholy,21,8,13
Zëb,sargeras,665,deathknight,unholy,12,7,5
Zàkgor,moon-guard,665,deathknight,unholy,12,7,5
Thepanzer,elune,665,deathknight,unholy,12,7,5
Argar,crushridge,664,deathknight,unholy,12,7,5
Runíc,demon-soul,664,deathknight,unholy,18,7,11
Heldwynd,bonechewer,664,deathknight,unholy,24,7,17
Garshna,ragnaros,658,deathknight,unholy,12,7,5
Hadianton,stormrage,654,deathknight,unholy,15,8,7
Dbg,frostmane,639,deathknight,unholy,11,7,4
Hardtoplaydk,chogall,639,deathknight,unholy,17,7,10
Tasila,tichondrius,622,deathknight,unholy,11,7,4
Ghostdeath,blackhand,622,deathknight,unholy,15,7,8
Bonalumë,azralon,620,deathknight,unholy,17,7,10
Soulkiti,blackwater-raiders,608,deathknight,unholy,16,7,9
Nekrosys,eitrigg,608,deathknight,unholy,22,7,15
Aundethell,moon-guard,608,deathknight,unholy,33,7,26
Bingoez,frostmourne,607,deathknight,unholy,11,7,4
Bernaldino,illidan,576,deathknight,unholy,6,6,0
Arcänn,drenden,576,deathknight,unholy,6,6,0
Delwrath,proudmoore,576,deathknight,unholy,12,6,6
Surkk,tichondrius,576,deathknight,unholy,12,6,6
Bossdk,tichondrius,576,deathknight,unholy,12,6,6
Remõrse,moon-guard,576,deathknight,unholy,12,6,6
Jonahdk,sargeras,576,deathknight,unholy,12,6,6
Mizzri,frostmourne,576,deathknight,unholy,12,6,6
Hickish,tichondrius,576,deathknight,unholy,12,6,6
Svlla,doomhammer,576,deathknight,unholy,12,6,6
Bébøp,malganis,576,deathknight,unholy,12,6,6
Ghouldruis,barthilas,576,deathknight,unholy,12,6,6
Apocalipsis,bleeding-hollow,576,deathknight,unholy,12,6,6
Tyrsfaith,tichondrius,576,deathknight,unholy,12,6,6
Zakka,korgath,576,deathknight,unholy,12,6,6
Darkathås,tichondrius,576,deathknight,unholy,12,6,6
Xhan,tichondrius,576,deathknight,unholy,12,6,6
Lilwayne,archimonde,576,deathknight,unholy,12,6,6
Bøoth,area-52,576,deathknight,unholy,12,6,6
Lagérthâ,ragnaros,576,deathknight,unholy,12,6,6
Raaizz,ragnaros,576,deathknight,unholy,12,6,6
Demonicrunes,windrunner,576,deathknight,unholy,12,6,6
Friezen,illidan,576,deathknight,unholy,12,6,6
Ridesatenspd,caelestrasz,576,deathknight,unholy,12,6,6
Cali,bladefist,576,deathknight,unholy,12,6,6
Sanezarro,bleeding-hollow,576,deathknight,unholy,12,6,6
Maiatsu,illidan,576,deathknight,unholy,12,6,6
Blackùla,tichondrius,576,deathknight,unholy,12,6,6
Anaksunamooñ,sargeras,576,deathknight,unholy,12,6,6
Sujudk,emerald-dream,576,deathknight,unholy,12,6,6
Icycrazy,azralon,576,deathknight,unholy,18,6,12
Troyy,sargeras,576,deathknight,unholy,18,6,12
Bøngripx,tichondrius,576,deathknight,unholy,18,6,12
Joystickwrld,silvermoon,576,deathknight,unholy,18,6,12
Nethaar,tichondrius,576,deathknight,unholy,18,6,12
Boltman,malganis,576,deathknight,unholy,18,6,12
Cirillan,bleeding-hollow,576,deathknight,unholy,18,6,12
Lainmortal,ragnaros,576,deathknight,unholy,18,6,12
Granknight,azralon,576,deathknight,unholy,24,6,18
Baldlord,tichondrius,576,deathknight,unholy,24,6,18
Conquest,drenden,576,deathknight,unholy,24,6,18
Abombinator,stormrage,575,deathknight,unholy,6,6,0
Ksoldier,illidan,575,deathknight,unholy,12,6,6
Zevrynn,barthilas,575,deathknight,unholy,12,6,6
Agamoth,ragnaros,575,deathknight,unholy,12,6,6
Iceclaw,bleeding-hollow,575,deathknight,unholy,12,6,6
Christophe,skullcrusher,575,deathknight,unholy,12,6,6
Åkatsukii,uther,575,deathknight,unholy,12,6,6
Libramontes,ragnaros,575,deathknight,unholy,18,6,12
Corpsepetal,muradin,575,deathknight,unholy,18,6,12
Sheipadinho,nemesis,574,deathknight,unholy,6,6,0
Vicentão,tichondrius,574,deathknight,unholy,12,6,6
Robacalzónes,ragnaros,574,deathknight,unholy,12,6,6
Hordbadia,garrosh,574,deathknight,unholy,12,6,6
Vapelounge,darkspear,574,deathknight,unholy,18,6,12
Fraänrisco,ragnaros,574,deathknight,unholy,18,6,12
Thedarksoul,agamaggan,574,deathknight,unholy,18,6,12
Scaista,tichondrius,573,deathknight,unholy,12,6,6
Juggérnaút,bonechewer,572,deathknight,unholy,12,6,6
Tormentsoul,ragnaros,572,deathknight,unholy,12,6,6
Lowan,stormrage,566,deathknight,unholy,12,6,6
Waterboy,malganis,566,deathknight,unholy,12,6,6
Syzurp,barthilas,558,deathknight,unholy,13,7,6
Caohiyan,tichondrius,542,deathknight,unholy,11,6,5
Herstôry,kelthuzad,527,deathknight,unholy,11,6,5
Gkdm,tichondrius,522,deathknight,unholy,21,8,13
Chës,tichondrius,522,deathknight,unholy,22,7,15
Abømination,zuljin,510,deathknight,unholy,20,6,14
Kalëndar,drakkari,503,deathknight,unholy,25,12,13
Bawlsauce,area-52,496,deathknight,unholy,13,6,7
Wâggies,moon-guard,480,deathknight,unholy,6,5,1
Solø,proudmoore,480,deathknight,unholy,6,5,1
Devilwarship,daggerspine,480,deathknight,unholy,6,5,1
Andariel,ragnaros,480,deathknight,unholy,6,5,1
Mopglad,tichondrius,480,deathknight,unholy,6,5,1
Depthknight,barthilas,480,deathknight,unholy,6,5,1
Lastboyscout,silvermoon,480,deathknight,unholy,6,5,1
Superzach,muradin,480,deathknight,unholy,6,5,1
Bànished,moon-guard,480,deathknight,unholy,7,5,2
Darkwraith,illidan,480,deathknight,unholy,12,5,7
Römney,stormrage,480,deathknight,unholy,12,5,7
Cosmicrune,turalyon,480,deathknight,unholy,12,5,7
Swänsz,stormrage,480,deathknight,unholy,12,5,7
Nordiin,stormrage,480,deathknight,unholy,12,5,7
Birnolan,proudmoore,480,deathknight,unholy,12,5,7
Laboön,stormrage,480,deathknight,unholy,12,5,7
Zaratose,area-52,480,deathknight,unholy,12,5,7
Defekaite,kiljaeden,480,deathknight,unholy,12,5,7
Defaultz,turalyon,480,deathknight,unholy,12,5,7
Zuckdk,illidan,480,deathknight,unholy,12,5,7
Vläad,ragnaros,480,deathknight,unholy,12,5,7
Bot,icecrown,480,deathknight,unholy,12,5,7
Frostyclaws,blackrock,480,deathknight,unholy,12,5,7
Raull,ragnaros,480,deathknight,unholy,12,5,7
Thraximundar,stormrage,480,deathknight,unholy,12,5,7
Hemorrhoids,blackrock,480,deathknight,unholy,12,5,7
Maltendis,malganis,480,deathknight,unholy,12,5,7
Initiative,moon-guard,480,deathknight,unholy,12,5,7
Akmy,illidan,480,deathknight,unholy,12,5,7
Andem,elune,480,deathknight,unholy,12,5,7
Pathæs,bleeding-hollow,480,deathknight,unholy,12,5,7
Noitrox,azralon,480,deathknight,unholy,12,5,7
Qberks,elune,480,deathknight,unholy,12,5,7
Darkfög,sargeras,480,deathknight,unholy,12,5,7
Schreit,zuljin,480,deathknight,unholy,12,5,7
Cammykickbot,frostmourne,480,deathknight,unholy,12,5,7
Aoshië,area-52,480,deathknight,unholy,12,5,7
Gneanderthal,bloodscalp,480,deathknight,unholy,12,5,7
Gatitos,ragnaros,480,deathknight,unholy,12,5,7
Katakuri,azralon,480,deathknight,unholy,12,5,7
Irreversible,zuljin,480,deathknight,unholy,12,5,7
Yeahgood,frostmourne,480,deathknight,unholy,12,5,7
Xariuz,quelthalas,480,deathknight,unholy,12,5,7
Skotch,lightninghoof,480,deathknight,unholy,12,5,7
Lîch,azralon,480,deathknight,unholy,12,5,7
Ghrat,bleeding-hollow,480,deathknight,unholy,12,5,7
Serathai,tichondrius,480,deathknight,unholy,12,5,7
Deathpair,bleeding-hollow,480,deathknight,unholy,12,5,7
Skulm,emerald-dream,480,deathknight,unholy,14,5,9
Nurglet,proudmoore,480,deathknight,unholy,18,5,13
Sevendeadly,frostmourne,480,deathknight,unholy,18,5,13
Maskofwintrs,zuljin,480,deathknight,unholy,18,5,13
Sylèss,tichondrius,480,deathknight,unholy,18,5,13
Deathgimbo,hellscream,480,deathknight,unholy,18,5,13
Dkinaboxx,hyjal,480,deathknight,unholy,18,5,13
Nappão,azralon,480,deathknight,unholy,19,5,14
Dementrius,zuljin,480,deathknight,unholy,25,5,20
Extremepvp,aegwynn,479,deathknight,unholy,6,5,1
Valkzy,malganis,479,deathknight,unholy,6,5,1
Ahwooh,kelthuzad,479,deathknight,unholy,6,5,1
Mefistô,quelthalas,479,deathknight,unholy,10,6,4
Dijkstrap,tichondrius,479,deathknight,unholy,12,5,7
Borgin,emerald-dream,479,deathknight,unholy,12,5,7
Amaethyst,kelthuzad,479,deathknight,unholy,12,5,7
Itired,tichondrius,479,deathknight,unholy,12,5,7
Jojomcdeath,senjin,479,deathknight,unholy,12,5,7
Jessefur,undermine,479,deathknight,unholy,12,5,7
Joelfromuber,stormrage,479,deathknight,unholy,12,5,7
Deathfearsme,kiljaeden,479,deathknight,unholy,12,5,7
Caqw,akama,479,deathknight,unholy,12,5,7
Pwnface,aerie-peak,479,deathknight,unholy,12,5,7
Azombie,burning-blade,479,deathknight,unholy,12,5,7
Nekrofeelyak,kelthuzad,479,deathknight,unholy,12,5,7
Kramy,barthilas,479,deathknight,unholy,12,5,7
Aborter,arthas,478,deathknight,unholy,12,5,7
Jonnii,area-52,477,deathknight,unholy,12,5,7
Acerbus,mannoroth,463,deathknight,unholy,17,5,12
Megatrôn,malganis,463,deathknight,unholy,17,5,12
Fishtouching,illidan,463,deathknight,unholy,17,5,12
Lockstocked,dathremar,448,deathknight,unholy,10,6,4
Faelmo,malganis,447,deathknight,unholy,11,5,6
Iloveenzley,tichondrius,447,deathknight,unholy,11,5,6
Prettyliched,area-52,447,deathknight,unholy,11,5,6
Fearfull,hyjal,447,deathknight,unholy,11,5,6
Hanung,tichondrius,447,deathknight,unholy,17,5,12
Rodeon,azgalor,441,deathknight,unholy,12,5,7
Sorry,ysera,432,deathknight,unholy,9,6,3
Furiel,mugthol,430,deathknight,unholy,9,6,3
Spôôn,aggramar,430,deathknight,unholy,11,5,6
Maripaula,ragnaros,426,deathknight,unholy,23,7,16
Dtrayn,tichondrius,416,deathknight,unholy,10,5,5
Testifier,illidan,415,deathknight,unholy,8,5,3
Higeki,area-52,415,deathknight,unholy,8,5,3
Reighart,kiljaeden,415,deathknight,unholy,8,5,3
Shiminy,chogall,415,deathknight,unholy,10,5,5
Wuhán,proudmoore,414,deathknight,unholy,26,5,21
Frostology,echo-isles,399,deathknight,unholy,5,5,0
Zyzz,frostmourne,384,deathknight,unholy,6,4,2
Metinchaff,shadowmoon,384,deathknight,unholy,6,4,2
Hlw,tichondrius,384,deathknight,unholy,6,4,2
Keator,tichondrius,384,deathknight,unholy,6,4,2
Chooksknight,tichondrius,384,deathknight,unholy,6,4,2
Assidik,dathremar,384,deathknight,unholy,6,4,2
Nøzawkolypse,area-52,384,deathknight,unholy,6,4,2
Ragnarøs,stormrage,384,deathknight,unholy,6,4,2
Notiniquity,tichondrius,384,deathknight,unholy,6,4,2
Futruth,khaz-modan,384,deathknight,unholy,6,4,2
Sephirott,boulderfist,384,deathknight,unholy,6,4,2
Whaleofwales,ysondre,384,deathknight,unholy,6,4,2
Peacebringer,frostmourne,384,deathknight,unholy,6,4,2
Vampygeizt,zuljin,384,deathknight,unholy,6,4,2
Chillbruh,garrosh,384,deathknight,unholy,6,4,2
Ðrift,azralon,384,deathknight,unholy,6,4,2
Zèro,moonrunner,384,deathknight,unholy,6,4,2
Mistmoorex,stormscale,384,deathknight,unholy,6,4,2
Raynorr,dawnbringer,384,deathknight,unholy,6,4,2
Murphu,stormrage,384,deathknight,unholy,6,4,2
Zeathial,moon-guard,384,deathknight,unholy,6,4,2
Koreandk,tichondrius,384,deathknight,unholy,6,4,2
Logann,azralon,384,deathknight,unholy,6,4,2
Sleezyfbaby,sargeras,384,deathknight,unholy,6,4,2
Galthro,tichondrius,384,deathknight,unholy,6,4,2
Tibocourtois,tichondrius,384,deathknight,unholy,6,4,2
Darkswar,barthilas,384,deathknight,unholy,6,4,2
Lxsol,illidan,384,deathknight,unholy,6,4,2
Hiki,ragnaros,384,deathknight,unholy,6,4,2
Cheliä,quelthalas,384,deathknight,unholy,6,4,2
Pleasecakes,blood-furnace,384,deathknight,unholy,9,5,4
Yeetmaster,area-52,384,deathknight,unholy,12,4,8
Sonoftwodads,thrall,384,deathknight,unholy,12,4,8
Tinylich,arthas,384,deathknight,unholy,12,4,8
Hounura,dathremar,384,deathknight,unholy,12,4,8
Cäin,dreadmaul,384,deathknight,unholy,12,4,8
Nolderosdk,nemesis,384,deathknight,unholy,12,4,8
Dkekk,illidan,384,deathknight,unholy,12,4,8
Àrchøn,kelthuzad,384,deathknight,unholy,12,4,8
Sylneria,elune,384,deathknight,unholy,12,4,8
Dalka,laughing-skull,384,deathknight,unholy,12,4,8
Wankekong,zuljin,384,deathknight,unholy,12,4,8
Testamentxx,thunderlord,384,deathknight,unholy,12,4,8
Mournehowl,stormrage,384,deathknight,unholy,12,4,8
Infection,steamwheedle-cartel,384,deathknight,unholy,12,4,8
Raakaa,ghostlands,384,deathknight,unholy,12,4,8
Cokedrip,bleeding-hollow,384,deathknight,unholy,12,4,8
Coronä,malfurion,384,deathknight,unholy,12,4,8
Daellius,ragnaros,384,deathknight,unholy,12,4,8
Annuvyz,darkspear,384,deathknight,unholy,12,4,8
Furcht,gundrak,384,deathknight,unholy,12,4,8
Ambagrips,frostmourne,384,deathknight,unholy,12,4,8
Mardrank,stormrage,384,deathknight,unholy,12,4,8
Bealzabub,sargeras,384,deathknight,unholy,12,4,8
Noiksnow,azralon,384,deathknight,unholy,12,4,8
Tirdinn,madoran,384,deathknight,unholy,12,4,8
Nawis,quelthalas,384,deathknight,unholy,12,4,8
Çorn,sargeras,384,deathknight,unholy,12,4,8
Wúhan,moon-guard,384,deathknight,unholy,12,4,8
Darkcata,tichondrius,384,deathknight,unholy,12,4,8
Kárd,tichondrius,384,deathknight,unholy,12,4,8
Capergrip,tichondrius,384,deathknight,unholy,12,4,8
Grýmm,bonechewer,384,deathknight,unholy,12,4,8
Eightamdk,tichondrius,384,deathknight,unholy,12,4,8
Threehunned,frostmourne,384,deathknight,unholy,12,4,8
Bjorstad,moon-guard,384,deathknight,unholy,12,4,8
Sandooñ,tichondrius,384,deathknight,unholy,12,4,8
Pharoahx,gurubashi,384,deathknight,unholy,12,4,8
Tyrien,frostmane,384,deathknight,unholy,12,4,8
Gazco,frostmourne,384,deathknight,unholy,12,4,8
Dkjs,anetheron,384,deathknight,unholy,18,4,14
Lho,caelestrasz,384,deathknight,unholy,18,4,14
Drzièglér,tichondrius,384,deathknight,unholy,18,4,14
Golgothic,sargeras,384,deathknight,unholy,18,4,14
Avengis,bleeding-hollow,384,deathknight,unholy,18,4,14
Keralius,stormrage,384,deathknight,unholy,18,4,14
Sahaile,moon-guard,384,deathknight,unholy,18,4,14
Turbotoxic,illidan,383,deathknight,unholy,6,4,2
Flazzul,kiljaeden,383,deathknight,unholy,6,4,2
Hitsüyi,quelthalas,383,deathknight,unholy,11,6,5
Plaguedoctor,moon-guard,383,deathknight,unholy,12,4,8
Demher,ragnaros,383,deathknight,unholy,12,4,8
Optics,bleeding-hollow,383,deathknight,unholy,12,4,8
Ziona,archimonde,383,deathknight,unholy,18,4,14
Jinxtar,wyrmrest-accord,382,deathknight,unholy,6,4,2
Hobyrt,bleeding-hollow,382,deathknight,unholy,6,4,2
Eyedeas,emerald-dream,382,deathknight,unholy,12,4,8
Stygiansiix,draenor,379,deathknight,unholy,12,4,8
Brantodne,galakrond,379,deathknight,unholy,12,4,8
Atakan,burning-blade,367,deathknight,unholy,11,4,7
Gankhiss,emerald-dream,351,deathknight,unholy,11,4,7
Azupo,aerie-peak,351,deathknight,unholy,14,5,9
Zuum,kelthuzad,351,deathknight,unholy,17,4,13
Zygon,thrall,336,deathknight,unholy,9,4,5
Ahirek,quelthalas,320,deathknight,unholy,10,4,6
Ekaj,azuremyst,319,deathknight,unholy,5,4,1
Bosleigor,elune,304,deathknight,unholy,7,4,3
Frenzza,frostmourne,288,deathknight,unholy,6,3,3
Frostdest,kiljaeden,288,deathknight,unholy,6,3,3
Blitzcreig,sargeras,288,deathknight,unholy,6,3,3
Jorich,ragnaros,288,deathknight,unholy,6,3,3
Viscerus,stormrage,288,deathknight,unholy,6,3,3
Indraz,jubeithos,288,deathknight,unholy,6,3,3
Dizzyswiftz,tichondrius,288,deathknight,unholy,6,3,3
Ödens,dalaran,288,deathknight,unholy,6,3,3
Feki,frostmourne,288,deathknight,unholy,6,3,3
Mýrrh,wyrmrest-accord,288,deathknight,unholy,6,3,3
Ariacy,sargeras,288,deathknight,unholy,6,3,3
Vinaroth,kiljaeden,288,deathknight,unholy,6,3,3
Sindragosa,dragonmaw,288,deathknight,unholy,6,3,3
Sherank,akama,288,deathknight,unholy,6,3,3
Siêgfriëd,ragnaros,288,deathknight,unholy,6,3,3
Marash,moon-guard,288,deathknight,unholy,6,3,3
Ego,blackrock,288,deathknight,unholy,6,3,3
Jerkin,area-52,288,deathknight,unholy,6,3,3
Archaná,stormrage,288,deathknight,unholy,6,3,3
Mikeoxmaul,frostmourne,288,deathknight,unholy,6,3,3
Zeenki,ragnaros,288,deathknight,unholy,6,3,3
Necrotictko,tichondrius,288,deathknight,unholy,6,3,3
Lafourche,sargeras,288,deathknight,unholy,6,3,3
Adavynn,darkspear,288,deathknight,unholy,6,3,3
Disritmia,stormrage,288,deathknight,unholy,6,3,3
Ltoblivious,thrall,288,deathknight,unholy,6,3,3
Shookdnation,suramar,288,deathknight,unholy,6,3,3
Nifftybear,tichondrius,288,deathknight,unholy,6,3,3
Chibalaloca,quelthalas,288,deathknight,unholy,6,3,3
Llok,area-52,288,deathknight,unholy,6,3,3
Pepecoomer,frostmourne,288,deathknight,unholy,6,3,3
Wickedknîght,kelthuzad,288,deathknight,unholy,6,3,3
Válak,stormrage,288,deathknight,unholy,6,3,3
Plaguewar,thrall,288,deathknight,unholy,6,3,3
Mawvac,quelthalas,288,deathknight,unholy,6,3,3
Drippedout,illidan,288,deathknight,unholy,6,3,3
Laeroth,zuluhed,288,deathknight,unholy,6,3,3
Greizul,area-52,288,deathknight,unholy,6,3,3
Malairia,area-52,288,deathknight,unholy,6,3,3
Smokeyjoe,aegwynn,288,deathknight,unholy,6,3,3
Vexmaw,twisting-nether,288,deathknight,unholy,6,3,3
Alivaron,lothar,288,deathknight,unholy,6,3,3
Rizzchimp,tichondrius,288,deathknight,unholy,6,3,3
Lilpootie,tichondrius,288,deathknight,unholy,6,3,3
Legendåryx,sargeras,288,deathknight,unholy,6,3,3
Icefrost,ghostlands,288,deathknight,unholy,6,3,3
Redrox,tichondrius,288,deathknight,unholy,6,3,3
Pizy,frostmourne,288,deathknight,unholy,6,3,3
Anderius,tichondrius,288,deathknight,unholy,6,3,3
Trant,tichondrius,288,deathknight,unholy,6,3,3
Petkick,tichondrius,288,deathknight,unholy,6,3,3
Wapman,bloodhoof,288,deathknight,unholy,6,3,3
Xhín,bleeding-hollow,288,deathknight,unholy,6,3,3
Kossero,thunderlord,288,deathknight,unholy,6,3,3
Mendoh,tichondrius,288,deathknight,unholy,6,3,3
Deathlyvoid,sargeras,288,deathknight,unholy,6,3,3
Darthkeefers,zuljin,288,deathknight,unholy,6,3,3
Almatafh,azralon,288,deathknight,unholy,6,3,3
Chrønnøz,nemesis,288,deathknight,unholy,6,3,3
Micteca,moonrunner,288,deathknight,unholy,7,3,4
Oroborus,korgath,288,deathknight,unholy,8,3,5
Boomxic,shuhalo,288,deathknight,unholy,11,4,7
Kaspbrak,destromath,288,deathknight,unholy,12,3,9
Bloodemperor,malfurion,288,deathknight,unholy,12,3,9
Gigabone,tichondrius,288,deathknight,unholy,12,3,9
Garonse,wyrmrest-accord,288,deathknight,unholy,12,3,9
Mongomongo,malganis,288,deathknight,unholy,12,3,9
Morbo,proudmoore,288,deathknight,unholy,12,3,9
Baracka,sargeras,288,deathknight,unholy,12,3,9
Fokit,barthilas,288,deathknight,unholy,12,3,9
Techneeq,tichondrius,288,deathknight,unholy,12,3,9
Malthis,antonidas,288,deathknight,unholy,12,3,9
Angerforge,illidan,288,deathknight,unholy,12,3,9
Rottenqunt,tichondrius,288,deathknight,unholy,12,3,9
Torsophuk,stormrage,288,deathknight,unholy,12,3,9
Lolgriped,tichondrius,288,deathknight,unholy,12,3,9
Chainsadeath,stormrage,288,deathknight,unholy,12,3,9
Chosenrune,stormrage,288,deathknight,unholy,12,3,9
Zerky,stormrage,288,deathknight,unholy,12,3,9
Coldmilk,wyrmrest-accord,288,deathknight,unholy,12,3,9
Danlorinis,moon-guard,288,deathknight,unholy,12,3,9
Hynzst,barthilas,288,deathknight,unholy,12,3,9
Shmoe,auchindoun,288,deathknight,unholy,12,3,9
Chosenhero,stormrage,288,deathknight,unholy,12,3,9
Gersinhu,azralon,288,deathknight,unholy,12,3,9
Emotionaldam,area-52,288,deathknight,unholy,12,3,9
Supermane,jubeithos,288,deathknight,unholy,12,3,9
Coffeemilk,kiljaeden,288,deathknight,unholy,13,3,10
Deathsent,malganis,288,deathknight,unholy,18,3,15
Deadmedic,quelthalas,287,deathknight,unholy,6,3,3
Kreachuer,lightbringer,287,deathknight,unholy,6,3,3
Malovv,nemesis,287,deathknight,unholy,6,3,3
Yafa,bonechewer,287,deathknight,unholy,9,4,5
Chanskey,stormrage,287,deathknight,unholy,9,3,6
Zedknight,emerald-dream,287,deathknight,unholy,15,4,11
Morthul,tol-barad,287,deathknight,unholy,12,3,9
Orthason,moon-guard,286,deathknight,unholy,6,3,3
Soulgrinder,earthen-ring,286,deathknight,unholy,6,3,3
Papparoach,ysera,286,deathknight,unholy,18,3,15
Droko,thunderlord,285,deathknight,unholy,15,4,11
Copy,suramar,271,deathknight,unholy,11,3,8
Janoh,the-scryers,271,deathknight,unholy,11,3,8
Milkdrugs,daggerspine,256,deathknight,unholy,10,3,7
Guffles,tichondrius,256,deathknight,unholy,16,3,13
Baskel,frostmane,255,deathknight,unholy,11,3,8
Deathrowe,blackhand,240,deathknight,unholy,9,3,6
Cryodemic,illidan,240,deathknight,unholy,9,3,6
Leoprime,area-52,239,deathknight,unholy,5,3,2
Dairboi,sargeras,239,deathknight,unholy,5,3,2
Originalsin,tichondrius,239,deathknight,unholy,11,3,8
Rompeimën,ragnaros,234,deathknight,unholy,11,6,5
Ðëthbringër,jubeithos,223,deathknight,unholy,14,3,11
Ayçe,proudmoore,208,deathknight,unholy,7,3,4
Charabone,ragnaros,192,deathknight,unholy,4,3,1
Chunkdk,stormrage,192,deathknight,unholy,4,3,1
Spotsdk,hyjal,192,deathknight,unholy,6,2,4
Kangsewooks,tichondrius,192,deathknight,unholy,6,2,4
Cailras,argent-dawn,192,deathknight,unholy,6,2,4
Dkdkdkdkdk,chromaggus,192,deathknight,unholy,6,2,4
Questíonable,arthas,192,deathknight,unholy,6,2,4
Grimreminder,zuljin,192,deathknight,unholy,6,2,4
Mako,garithos,192,deathknight,unholy,6,2,4
Bogoraptor,emerald-dream,192,deathknight,unholy,6,2,4
Bnasty,arthas,192,deathknight,unholy,6,2,4
Deathhimself,moonrunner,192,deathknight,unholy,6,2,4
Rockadeath,sargeras,192,deathknight,unholy,6,2,4
Ðreak,azralon,192,deathknight,unholy,6,2,4
Superjessdk,area-52,192,deathknight,unholy,6,2,4
Corscadden,zuljin,192,deathknight,unholy,6,2,4
Orbo,elune,192,deathknight,unholy,6,2,4
Kmardk,area-52,192,deathknight,unholy,6,2,4
Ahmisu,tichondrius,192,deathknight,unholy,6,2,4
Mythandour,shandris,192,deathknight,unholy,6,2,4
Sieg,goldrinn,192,deathknight,unholy,6,2,4
Nightdaddyy,laughing-skull,192,deathknight,unholy,6,2,4
Mesx,tichondrius,192,deathknight,unholy,6,2,4
Twocolors,gilneas,192,deathknight,unholy,6,2,4
Disturbedtwo,azralon,192,deathknight,unholy,6,2,4
Supfam,tichondrius,192,deathknight,unholy,6,2,4
Balstan,tichondrius,192,deathknight,unholy,6,2,4
Otr,wyrmrest-accord,192,deathknight,unholy,6,2,4
Orcazmic,area-52,192,deathknight,unholy,6,2,4
Bealzabubb,sargeras,192,deathknight,unholy,6,2,4
Dkgrrick,bleeding-hollow,192,deathknight,unholy,6,2,4
Doomdk,azralon,192,deathknight,unholy,6,2,4
Benweth,dalaran,192,deathknight,unholy,6,2,4
Kookx,tichondrius,192,deathknight,unholy,6,2,4
Chandsformer,tichondrius,192,deathknight,unholy,6,2,4
Saraphdk,area-52,192,deathknight,unholy,6,2,4
Dkb,drakthul,192,deathknight,unholy,6,2,4
Tristam,area-52,192,deathknight,unholy,6,2,4
Gusabio,drakkari,192,deathknight,unholy,6,2,4
Teedk,drakthul,192,deathknight,unholy,6,2,4
Junepí,stormrage,192,deathknight,unholy,6,2,4
Moonkhink,stormrage,192,deathknight,unholy,6,2,4
Lubmuscle,illidan,192,deathknight,unholy,6,2,4
Weedseagull,dragonmaw,192,deathknight,unholy,6,2,4
Vlladimir,kelthuzad,192,deathknight,unholy,6,2,4
Kniightdkk,kelthuzad,192,deathknight,unholy,6,2,4
Tbop,ragnaros,192,deathknight,unholy,6,2,4
Onsslaught,sargeras,192,deathknight,unholy,6,2,4
Eastcoast,azuremyst,192,deathknight,unholy,6,2,4
Lunatick,darkspear,192,deathknight,unholy,6,2,4
Spaxz,illidan,192,deathknight,unholy,6,2,4
Gooré,ragnaros,192,deathknight,unholy,6,2,4
Válhállá,ragnaros,192,deathknight,unholy,6,2,4
Fatmamma,ragnaros,192,deathknight,unholy,6,2,4
Mistake,ragnaros,192,deathknight,unholy,6,2,4
Hastë,proudmoore,192,deathknight,unholy,6,2,4
Zerodk,kelthuzad,192,deathknight,unholy,6,2,4
Wheybolic,quelthalas,192,deathknight,unholy,6,2,4
Uncoachablex,illidan,192,deathknight,unholy,6,2,4
Semisoftbody,malganis,192,deathknight,unholy,6,2,4
Menalise,moon-guard,192,deathknight,unholy,6,2,4
Poubelle,malganis,192,deathknight,unholy,6,2,4
Zilli,blackrock,192,deathknight,unholy,6,2,4
Ralphpootawn,illidan,192,deathknight,unholy,6,2,4
Afkftwok,illidan,192,deathknight,unholy,6,2,4
Dustknight,sargeras,192,deathknight,unholy,6,2,4
Fizzease,illidan,192,deathknight,unholy,6,2,4
Dhaarok,malganis,192,deathknight,unholy,6,2,4
Havasu,proudmoore,192,deathknight,unholy,6,2,4
Boogers,cenarion-circle,192,deathknight,unholy,6,2,4
Rakelan,area-52,192,deathknight,unholy,6,2,4
Blooddisease,frostmourne,192,deathknight,unholy,6,2,4
Mossó,tichondrius,192,deathknight,unholy,6,2,4
Lìlith,dreadmaul,192,deathknight,unholy,6,2,4
Geth,sargeras,192,deathknight,unholy,6,2,4
Kranaz,barthilas,192,deathknight,unholy,6,2,4
Atheion,the-underbog,192,deathknight,unholy,6,2,4
Stteve,proudmoore,192,deathknight,unholy,12,2,10
Cow,sargeras,192,deathknight,unholy,12,2,10
Chachea,kiljaeden,192,deathknight,unholy,12,2,10
Corzmaen,illidan,192,deathknight,unholy,12,2,10
Mystery,wyrmrest-accord,192,deathknight,unholy,12,2,10
Longlnus,malganis,192,deathknight,unholy,12,2,10
Tacofoxlol,tichondrius,192,deathknight,unholy,12,2,10
Nubsz,zuljin,192,deathknight,unholy,12,2,10
Maliceborn,stormrage,192,deathknight,unholy,12,2,10
Scythê,barthilas,192,deathknight,unholy,12,2,10
Monesy,tichondrius,192,deathknight,unholy,12,2,10
Lunaxx,ragnaros,192,deathknight,unholy,12,2,10
Ðìvíne,illidan,192,deathknight,unholy,12,2,10
Giraldus,stormrage,192,deathknight,unholy,12,2,10
Ovulating,malganis,192,deathknight,unholy,12,2,10
Nightrose,skullcrusher,192,deathknight,unholy,12,2,10
Dixqt,deathwing,192,deathknight,unholy,12,2,10
Rykard,hyjal,192,deathknight,unholy,12,2,10
Drdeathz,sargeras,191,deathknight,unholy,6,2,4
Ghoulorama,illidan,191,deathknight,unholy,6,2,4
Mormonpest,illidan,191,deathknight,unholy,6,2,4
Larrisey,illidan,191,deathknight,unholy,6,2,4
Headbustr,sargeras,191,deathknight,unholy,6,2,4
Vynjonc,drenden,191,deathknight,unholy,6,2,4
Glacíuss,ragnaros,138,deathknight,unholy,9,4,5
Patchi,area-52,138,deathknight,unholy,14,4,10
Plutonyus,stonemaul,128,deathknight,unholy,4,2,2
Abake,illidan,96,deathknight,unholy,6,1,5
Deathscyythe,illidan,96,deathknight,unholy,6,1,5
Lichhbanne,doomhammer,96,deathknight,unholy,6,1,5
Sever,demon-soul,96,deathknight,unholy,6,1,5
Requísition,barthilas,96,deathknight,unholy,6,1,5
Wacktony,illidan,96,deathknight,unholy,6,1,5
Rgn,deathwing,96,deathknight,unholy,6,1,5
Zenin,emerald-dream,96,deathknight,unholy,6,1,5
Drip,whisperwind,96,deathknight,unholy,6,1,5
Lazynome,azshara,96,deathknight,unholy,6,1,5
Ryannë,azshara,96,deathknight,unholy,6,1,5
Amö,emerald-dream,96,deathknight,unholy,6,1,5
Gröxxigor,azralon,96,deathknight,unholy,6,1,5
Dknightor,dalaran,96,deathknight,unholy,6,1,5
Ziedrich,sargeras,96,deathknight,unholy,6,1,5
Bulltille,azralon,96,deathknight,unholy,6,1,5
Hunwild,emerald-dream,96,deathknight,unholy,6,1,5
Shxtlørdx,stormrage,96,deathknight,unholy,6,1,5
Bealzabbub,sargeras,96,deathknight,unholy,6,1,5
Fantabanana,azralon,96,deathknight,unholy,6,1,5
Argy,zuljin,96,deathknight,unholy,6,1,5
Yorishomi,sargeras,96,deathknight,unholy,6,1,5
Raicoron,zuljin,96,deathknight,unholy,6,1,5
Tarone,zuljin,96,deathknight,unholy,6,1,5
Distrolldk,zuljin,96,deathknight,unholy,6,1,5
Dontbanmepls,zuljin,96,deathknight,unholy,6,1,5
Grimorra,bleeding-hollow,96,deathknight,unholy,6,1,5
Diviniums,bleeding-hollow,96,deathknight,unholy,6,1,5
Rotfang,elune,96,deathknight,unholy,6,1,5
Krw,stormrage,96,deathknight,unholy,6,1,5
Nachohands,laughing-skull,96,deathknight,unholy,6,1,5
Vicedro,arthas,96,deathknight,unholy,6,1,5
Axiom,nemesis,96,deathknight,unholy,6,1,5
Dethklòk,area-52,96,deathknight,unholy,6,1,5
Zalåel,area-52,96,deathknight,unholy,6,1,5
Percy,thaurissan,96,deathknight,unholy,6,1,5
Terrethess,illidan,96,deathknight,unholy,6,1,5
Sandolorian,area-52,96,deathknight,unholy,6,1,5
Snipestrike,area-52,96,deathknight,unholy,6,1,5
Istery,thrall,96,deathknight,unholy,6,1,5
Kìrìtó,malygos,96,deathknight,unholy,6,1,5
Artyboy,icecrown,96,deathknight,unholy,6,1,5
Plaguedoctor,thrall,96,deathknight,unholy,6,1,5
Report,dathremar,96,deathknight,unholy,6,1,5
ßlazedkush,kelthuzad,96,deathknight,unholy,6,1,5
Ishamaael,tichondrius,96,deathknight,unholy,6,1,5
Andivh,hydraxis,96,deathknight,unholy,6,1,5
Hushima,lightbringer,96,deathknight,unholy,6,1,5
Dreadwraith,malganis,96,deathknight,unholy,6,1,5
Apeirøn,quelthalas,96,deathknight,unholy,6,1,5
Dheyqu,quelthalas,96,deathknight,unholy,6,1,5
Alexanderz,quelthalas,96,deathknight,unholy,6,1,5
Apocalypsis,uldum,96,deathknight,unholy,6,1,5
Tìtø,ragnaros,96,deathknight,unholy,6,1,5
Stormsick,ragnaros,96,deathknight,unholy,6,1,5
Vorlakesh,boulderfist,96,deathknight,unholy,6,1,5
Neofrank,drakkari,96,deathknight,unholy,6,1,5
Azryull,perenolde,96,deathknight,unholy,6,1,5
Worgenracist,tichondrius,96,deathknight,unholy,6,1,5
Iluvbooty,blackrock,96,deathknight,unholy,6,1,5
Alayssia,darkspear,96,deathknight,unholy,6,1,5
Gnargnarr,firetree,96,deathknight,unholy,6,1,5
Otarin,tichondrius,96,deathknight,unholy,6,1,5
Testitickler,gurubashi,96,deathknight,unholy,6,1,5
Almostdead,proudmoore,96,deathknight,unholy,6,1,5
Bein,frostmourne,96,deathknight,unholy,6,1,5
Vicesquad,tichondrius,96,deathknight,unholy,6,1,5
Heavic,skywall,96,deathknight,unholy,6,1,5
Veslemes,tichondrius,96,deathknight,unholy,6,1,5
Moldremover,frostmourne,96,deathknight,unholy,6,1,5
Dreâmer,tichondrius,96,deathknight,unholy,6,1,5
Vinsval,tichondrius,96,deathknight,unholy,6,1,5
Perculës,sargeras,96,deathknight,unholy,7,1,6
Aqs,sargeras,96,deathknight,unholy,9,1,8
Xeroxoxo,khadgar,96,deathknight,unholy,12,1,11
Blowout,barthilas,96,deathknight,unholy,12,1,11
Klàssy,stormrage,96,deathknight,unholy,12,1,11
Wkxx,tichondrius,96,deathknight,unholy,12,1,11
Skadattle,emerald-dream,96,deathknight,unholy,12,1,11
Dípero,azralon,96,deathknight,unholy,12,1,11
Darnkiller,kelthuzad,96,deathknight,unholy,18,1,17
Funerall,azralon,95,deathknight,unholy,12,1,11
Explorer,kelthuzad,64,deathknight,unholy,4,1,3
Asfaq,frostmourne,63,deathknight,unholy,2,2,0
Deanz,stormrage,63,deathknight,unholy,2,2,0
Weebfiend,moon-guard,63,deathknight,unholy,8,2,6
Spleem,stormrage,48,deathknight,unholy,3,1,2
Lördd,moon-guard,42,deathknight,unholy,11,3,8
Harrypottr,darrowmere,42,deathknight,unholy,8,2,6
Lücìfër,illidan,31,deathknight,unholy,2,1,1
Doomstrike,azuremyst,16,deathknight,unholy,1,1,0
Pookr,area-52,2214,deathknight,frost,355,180,175
Yoinkzz,illidan,2167,deathknight,frost,113,58,55
Sylèss,tichondrius,2005,deathknight,frost,114,63,51
Thânätos,nemesis,1980,deathknight,frost,84,44,40
Runtasticxz,tichondrius,1975,deathknight,frost,77,38,39
Raiekko,dalaran,1888,deathknight,frost,68,33,35
Duranteh,illidan,1881,deathknight,frost,60,32,28
Venvicta,tichondrius,1850,deathknight,frost,44,31,13
Saco,malganis,1845,deathknight,frost,110,62,48
Scareth,proudmoore,1823,deathknight,frost,46,27,19
Xelonith,sargeras,1823,deathknight,frost,48,26,22
Iccyhottie,stormrage,1823,deathknight,frost,322,170,152
Deaddubya,illidan,1815,deathknight,frost,63,40,23
Gladiaturd,hellscream,1809,deathknight,frost,88,45,43
Mikeycal,stormrage,1805,deathknight,frost,66,34,32
Axiomqt,tichondrius,1805,deathknight,frost,78,37,41
Chillbaynê,the-scryers,1754,deathknight,frost,36,22,14
Grippygarý,illidan,1754,deathknight,frost,54,26,28
Unhappyvelic,tichondrius,1751,deathknight,frost,63,32,31
Ksmc,tichondrius,1740,deathknight,frost,54,27,27
Fastapi,tichondrius,1737,deathknight,frost,90,41,49
Dkyeico,ragnaros,1735,deathknight,frost,96,46,50
Sober,destromath,1712,deathknight,frost,95,48,47
Devcoil,sargeras,1706,deathknight,frost,54,22,32
Mikepinkdk,illidan,1700,deathknight,frost,81,43,38
Kryptikkyt,blackrock,1694,deathknight,frost,24,18,6
Skullash,stormrage,1676,deathknight,frost,54,33,21
Frosthana,illidan,1671,deathknight,frost,120,58,62
Jykupajr,proudmoore,1669,deathknight,frost,66,29,37
Gràkk,illidan,1667,deathknight,frost,42,21,21
Remanent,tichondrius,1664,deathknight,frost,77,39,38
Crink,sargeras,1658,deathknight,frost,47,24,23
Onsslaught,sargeras,1658,deathknight,frost,48,18,30
Menalise,moon-guard,1650,deathknight,frost,42,22,20
Deathboost,stormrage,1647,deathknight,frost,75,33,42
Børeas,quelthalas,1645,deathknight,frost,96,43,53
Gkdm,tichondrius,1643,deathknight,frost,42,21,21
Tzepesci,hyjal,1626,deathknight,frost,58,26,32
Zemzil,tichondrius,1617,deathknight,frost,68,33,35
Sinizster,kelthuzad,1615,deathknight,frost,31,18,13
Ebolaxd,area-52,1614,deathknight,frost,42,21,21
Rekktless,aerie-peak,1613,deathknight,frost,72,37,35
Fußuky,quelthalas,1594,deathknight,frost,76,39,37
Darkwraith,illidan,1576,deathknight,frost,54,29,25
Worgenracist,tichondrius,1566,deathknight,frost,59,24,35
Legendåryx,sargeras,1552,deathknight,frost,36,23,13
Corrpsse,tichondrius,1549,deathknight,frost,93,52,41
Zenin,emerald-dream,1543,deathknight,frost,62,31,31
Imfrozone,stormrage,1542,deathknight,frost,53,26,27
Grakth,quelthalas,1527,deathknight,frost,66,37,29
Rembrandtdk,gorefiend,1524,deathknight,frost,84,46,38
Jimmyjohnson,illidan,1521,deathknight,frost,83,48,35
Uzgard,zuljin,1517,deathknight,frost,65,38,27
Deadspellz,bleeding-hollow,1516,deathknight,frost,42,17,25
Gordiie,stormrage,1514,deathknight,frost,86,47,39
Dromidon,darkspear,1511,deathknight,frost,47,24,23
Deathzpeckt,tichondrius,1502,deathknight,frost,48,19,29
Iriwa,tichondrius,1498,deathknight,frost,42,16,26
Report,dathremar,1494,deathknight,frost,75,38,37
Vãl,sargeras,1488,deathknight,frost,269,131,138
Emanuels,quelthalas,1468,deathknight,frost,80,41,39
Trødz,tichondrius,1468,deathknight,frost,87,42,45
Plaw,kiljaeden,1467,deathknight,frost,29,16,13
Lho,caelestrasz,1465,deathknight,frost,107,54,53
Algeross,dalaran,1461,deathknight,frost,114,52,62
Tangarang,dalaran,1457,deathknight,frost,92,45,47
Vust,malganis,1454,deathknight,frost,42,23,19
Dekanok,korgath,1452,deathknight,frost,30,16,14
Percy,thaurissan,1450,deathknight,frost,187,84,103
Jazh,tichondrius,1441,deathknight,frost,59,23,36
Umbramane,tichondrius,1438,deathknight,frost,39,19,20
Iskandàr,ragnaros,1435,deathknight,frost,32,16,16
Abrahams,tichondrius,1427,deathknight,frost,100,48,52
Icewalløw,darkspear,1417,deathknight,frost,24,15,9
Ðerion,stormrage,1414,deathknight,frost,134,59,75
Rylas,destromath,1407,deathknight,frost,108,55,53
Vuldy,blackhand,1396,deathknight,frost,30,17,13
Eldavò,quelthalas,1393,deathknight,frost,60,25,35
Biggil,tichondrius,1389,deathknight,frost,32,20,12
Dkbunny,thaurissan,1388,deathknight,frost,42,15,27
Khalid,azgalor,1376,deathknight,frost,54,23,31
Sécret,tichondrius,1375,deathknight,frost,30,18,12
Clongeus,tichondrius,1374,deathknight,frost,54,25,29
Sinyay,tichondrius,1370,deathknight,frost,82,48,34
Theronguard,area-52,1370,deathknight,frost,60,28,32
Nevermor,malganis,1362,deathknight,frost,104,53,51
Ellipsoro,onyxia,1362,deathknight,frost,78,35,43
Sandooñ,tichondrius,1359,deathknight,frost,138,67,71
Ântipaladin,arthas,1355,deathknight,frost,30,17,13
Gwab,stormrage,1354,deathknight,frost,48,20,28
Janzano,deathwing,1350,deathknight,frost,26,15,11
Eloton,daggerspine,1350,deathknight,frost,35,18,17
Thetalis,moon-guard,1346,deathknight,frost,78,38,40
Tekc,nemesis,1345,deathknight,frost,138,68,70
Xhín,bleeding-hollow,1336,deathknight,frost,24,14,10
Clapdat,malganis,1335,deathknight,frost,114,56,58
Himanshu,emerald-dream,1331,deathknight,frost,42,20,22
Kruspy,area-52,1324,deathknight,frost,53,27,26
Freshzzk,azralon,1324,deathknight,frost,48,23,25
Dontbanmepls,zuljin,1318,deathknight,frost,30,14,16
Alexeous,wyrmrest-accord,1304,deathknight,frost,127,57,70
Bridenbrad,quelthalas,1299,deathknight,frost,27,17,10
Iceice,emerald-dream,1293,deathknight,frost,114,53,61
Friggintough,tichondrius,1291,deathknight,frost,39,18,21
Sporkdk,illidan,1277,deathknight,frost,53,20,33
Estali,kelthuzad,1272,deathknight,frost,110,51,59
Abake,illidan,1267,deathknight,frost,62,30,32
Lichborn,azralon,1265,deathknight,frost,65,26,39
Alexanderz,quelthalas,1264,deathknight,frost,36,15,21
Darketvam,illidan,1261,deathknight,frost,46,28,18
Flins,nemesis,1256,deathknight,frost,456,230,226
Bâttalion,illidan,1237,deathknight,frost,30,13,17
Rayden,frostmourne,1235,deathknight,frost,24,13,11
Yödä,barthilas,1235,deathknight,frost,36,14,22
Bossk,emerald-dream,1229,deathknight,frost,30,13,17
Spoon,sargeras,1223,deathknight,frost,70,33,37
Darkdeviliv,darkspear,1214,deathknight,frost,59,29,30
Parksy,kelthuzad,1211,deathknight,frost,29,14,15
Verhangnis,azjolnerub,1210,deathknight,frost,31,16,15
Mexe,ragnaros,1206,deathknight,frost,44,21,23
Seeyoudiebr,gallywix,1190,deathknight,frost,42,17,25
Zefdk,illidan,1186,deathknight,frost,48,27,21
Barrodir,tichondrius,1183,deathknight,frost,81,40,41
Darfik,sargeras,1177,deathknight,frost,120,65,55
Dkptador,azralon,1174,deathknight,frost,166,81,85
Darkreígn,tichondrius,1171,deathknight,frost,71,33,38
Jackofblades,veknilash,1168,deathknight,frost,78,37,41
Renathâ,ragnaros,1167,deathknight,frost,42,15,27
Jordankg,tanaris,1165,deathknight,frost,41,16,25
Lîch,azralon,1157,deathknight,frost,63,24,39
Lospollos,tichondrius,1156,deathknight,frost,54,19,35
Tìtø,ragnaros,1151,deathknight,frost,24,12,12
Lxsol,illidan,1149,deathknight,frost,18,12,6
Soulfang,nemesis,1146,deathknight,frost,60,28,32
Tambaknight,nemesis,1146,deathknight,frost,44,15,29
Laumuelden,ragnaros,1143,deathknight,frost,48,17,31
Janco,runetotem,1141,deathknight,frost,24,12,12
Frostunholy,tichondrius,1140,deathknight,frost,24,12,12
Gripnpull,tichondrius,1137,deathknight,frost,24,12,12
Hiki,ragnaros,1134,deathknight,frost,30,12,18
Kace,amanthul,1130,deathknight,frost,66,34,32
Achilleo,quelthalas,1115,deathknight,frost,24,12,12
Pembadk,tichondrius,1110,deathknight,frost,33,14,19
Jawyn,area-52,1096,deathknight,frost,30,12,18
Ârtas,uldum,1090,deathknight,frost,39,16,23
Carecaa,azralon,1090,deathknight,frost,36,13,23
Moonnwater,frostmourne,1087,deathknight,frost,84,43,41
Sephirott,boulderfist,1086,deathknight,frost,35,19,16
Rohdey,madoran,1082,deathknight,frost,72,25,47
Dantte,stormscale,1080,deathknight,frost,59,31,28
Garryxz,quelthalas,1077,deathknight,frost,22,12,10
Griswold,windrunner,1069,deathknight,frost,34,18,16
Darkdevilvii,tichondrius,1069,deathknight,frost,66,33,33
Metaphysicsx,amanthul,1069,deathknight,frost,32,16,16
Mawvac,quelthalas,1069,deathknight,frost,72,33,39
Zephyx,lightbringer,1056,deathknight,frost,18,11,7
Vigasick,azralon,1056,deathknight,frost,24,11,13
Toxismall,zuljin,1056,deathknight,frost,24,11,13
Ariacy,sargeras,1056,deathknight,frost,24,11,13
Dunduner,tichondrius,1055,deathknight,frost,18,11,7
Puppykisses,perenolde,1055,deathknight,frost,24,11,13
Azhid,tichondrius,1054,deathknight,frost,18,11,7
Bizdale,frostmourne,1054,deathknight,frost,18,11,7
Jhonnsnow,frostmourne,1051,deathknight,frost,24,11,13
Nalz,drakkari,1050,deathknight,frost,30,11,19
Dregdar,emerald-dream,1049,deathknight,frost,18,11,7
Tightann,stormrage,1047,deathknight,frost,24,11,13
Malovv,nemesis,1042,deathknight,frost,18,12,6
Roarbane,muradin,1030,deathknight,frost,54,29,25
Janoh,the-scryers,1021,deathknight,frost,44,19,25
Vanyor,wyrmrest-accord,1009,deathknight,frost,62,21,41
Zarathraz,ragnaros,1004,deathknight,frost,23,11,12
Eliagianluca,caelestrasz,1003,deathknight,frost,71,32,39
Dreekon,bleeding-hollow,992,deathknight,frost,21,12,9
Bullbanger,runetotem,987,deathknight,frost,24,14,10
Icedmilk,zuluhed,982,deathknight,frost,25,14,11
Tarone,zuljin,981,deathknight,frost,27,14,13
Vorlakesh,boulderfist,979,deathknight,frost,22,11,11
Sakaarr,bleeding-hollow,974,deathknight,frost,48,21,27
Skittsdk,thrall,966,deathknight,frost,24,12,12
Ciputra,blood-furnace,962,deathknight,frost,53,27,26
Tokyotimxx,malganis,958,deathknight,frost,18,10,8
Thetissuebox,emerald-dream,958,deathknight,frost,18,10,8
Frosqt,queldorei,957,deathknight,frost,12,10,2
Toothstick,stormrage,957,deathknight,frost,18,10,8
Amarlana,mannoroth,957,deathknight,frost,18,10,8
Serwestley,stormrage,956,deathknight,frost,18,10,8
Necrósy,azralon,955,deathknight,frost,18,10,8
Axylus,kelthuzad,953,deathknight,frost,18,10,8
Raegywn,blood-furnace,952,deathknight,frost,24,10,14
Úndead,barthilas,943,deathknight,frost,18,10,8
Larrisey,illidan,940,deathknight,frost,33,18,15
ßlazedkush,kelthuzad,933,deathknight,frost,30,13,17
Kraige,tichondrius,933,deathknight,frost,30,10,20
Blooddisease,frostmourne,926,deathknight,frost,23,10,13
Grimmr,tichondrius,912,deathknight,frost,23,10,13
Fokit,barthilas,897,deathknight,frost,58,28,30
Sandolorian,area-52,892,deathknight,frost,24,10,14
Kallugrax,kelthuzad,885,deathknight,frost,42,16,26
Wahpow,frostwolf,864,deathknight,frost,12,9,3
Lokitabeso,ragnaros,864,deathknight,frost,12,9,3
Beliath,crushridge,864,deathknight,frost,23,9,14
Lazenca,malganis,863,deathknight,frost,18,9,9
Garbage,sargeras,863,deathknight,frost,18,9,9
Zarakas,sargeras,863,deathknight,frost,24,9,15
Kekkijutsu,bleeding-hollow,862,deathknight,frost,12,9,3
Zivz,borean-tundra,862,deathknight,frost,12,9,3
Thesseo,quelthalas,862,deathknight,frost,18,9,9
Surcäfauces,ragnaros,862,deathknight,frost,21,10,11
Chicnchsteak,tichondrius,862,deathknight,frost,30,9,21
Jasmíne,vashj,861,deathknight,frost,12,9,3
Urieen,gorefiend,861,deathknight,frost,18,9,9
Lókhä,thrall,860,deathknight,frost,18,9,9
Tarknok,moon-guard,858,deathknight,frost,18,9,9
Sllice,aegwynn,858,deathknight,frost,24,9,15
Helguarde,dragonblight,853,deathknight,frost,30,13,17
Frrost,earthen-ring,845,deathknight,frost,25,10,15
Whoopsies,sargeras,844,deathknight,frost,36,10,26
Wartodeath,illidan,843,deathknight,frost,18,9,9
Krowl,nagrand,834,deathknight,frost,18,9,9
Madorderog,stormrage,834,deathknight,frost,34,15,19
Dèadpool,blackhand,828,deathknight,frost,18,9,9
Loverianed,aerie-peak,828,deathknight,frost,160,68,92
Uncfester,onyxia,823,deathknight,frost,18,9,9
Bigdkk,thaurissan,816,deathknight,frost,24,9,15
Ztrain,proudmoore,814,deathknight,frost,17,9,8
Neofrank,drakkari,802,deathknight,frost,60,16,44
Neowolf,azgalor,776,deathknight,frost,41,10,31
Havince,drenden,768,deathknight,frost,12,8,4
Shobiz,barthilas,768,deathknight,frost,12,8,4
Lokítabesos,ragnaros,768,deathknight,frost,12,8,4
Lokitaßesos,ragnaros,768,deathknight,frost,12,8,4
Denale,darkspear,768,deathknight,frost,18,8,10
Incanis,moon-guard,767,deathknight,frost,18,8,10
Shubertx,tichondrius,767,deathknight,frost,18,8,10
Ruggair,proudmoore,767,deathknight,frost,18,8,10
Freemoney,wyrmrest-accord,766,deathknight,frost,12,8,4
Kerigann,moon-guard,766,deathknight,frost,12,8,4
Artourias,wyrmrest-accord,766,deathknight,frost,12,8,4
Gypo,scilla,766,deathknight,frost,12,8,4
Dhrogar,moon-guard,762,deathknight,frost,12,8,4
Amauqsun,bleeding-hollow,762,deathknight,frost,18,8,10
Dyingwolf,ragnaros,761,deathknight,frost,18,8,10
Jyantdeck,area-52,760,deathknight,frost,13,8,5
Zarolden,tichondrius,759,deathknight,frost,24,8,16
Twicecursed,kelthuzad,758,deathknight,frost,18,8,10
Fexon,queldorei,758,deathknight,frost,33,10,23
Nagaizao,nemesis,757,deathknight,frost,18,8,10
Hansmclroy,trollbane,738,deathknight,frost,24,8,16
Monglord,arthas,733,deathknight,frost,27,9,18
Russkivolk,frostmourne,688,deathknight,frost,19,8,11
Dumbledore,deathwing,672,deathknight,frost,12,7,5
Insanity,boulderfist,672,deathknight,frost,12,7,5
Brutos,thrall,672,deathknight,frost,12,7,5
Chillpills,stormrage,672,deathknight,frost,18,7,11
Anexdk,korgath,672,deathknight,frost,18,7,11
Bersolgens,illidan,671,deathknight,frost,12,7,5
Mordekeiser,wyrmrest-accord,671,deathknight,frost,18,7,11
Unholycube,zuljin,671,deathknight,frost,30,7,23
Thwap,sargeras,670,deathknight,frost,18,7,11
Fåîrÿdûst,skullcrusher,670,deathknight,frost,20,7,13
Elwoodblooz,stormrage,669,deathknight,frost,15,8,7
Rottenqunt,tichondrius,668,deathknight,frost,12,7,5
Helvegum,tichondrius,668,deathknight,frost,12,7,5
Cryptgore,moon-guard,665,deathknight,frost,18,7,11
Ixiefin,sargeras,663,deathknight,frost,12,7,5
Xslaught,maiev,659,deathknight,frost,12,7,5
Iiedown,stormrage,623,deathknight,frost,11,7,4
Dreadmoore,wyrmrest-accord,607,deathknight,frost,16,7,9
Lindrayëda,moon-guard,581,deathknight,frost,13,7,6
Billclintonn,sargeras,576,deathknight,frost,12,6,6
Rennoc,emerald-dream,576,deathknight,frost,12,6,6
Darkxavros,stormrage,576,deathknight,frost,12,6,6
Aldrey,bonechewer,576,deathknight,frost,12,6,6
Satisie,eitrigg,576,deathknight,frost,12,6,6
Soulbone,wyrmrest-accord,576,deathknight,frost,12,6,6
Sparklekitty,illidan,576,deathknight,frost,12,6,6
Arnagal,drakkari,576,deathknight,frost,12,6,6
Rotfang,proudmoore,576,deathknight,frost,12,6,6
Xangrim,emerald-dream,576,deathknight,frost,12,6,6
Wap,bloodhoof,576,deathknight,frost,12,6,6
Riglros,tichondrius,576,deathknight,frost,12,6,6
Cozzasad,barthilas,576,deathknight,frost,12,6,6
Piratehookah,sargeras,576,deathknight,frost,12,6,6
Dreadlight,moon-guard,576,deathknight,frost,12,6,6
Dementrius,zuljin,576,deathknight,frost,12,6,6
Otarin,tichondrius,576,deathknight,frost,12,6,6
Xhoul,sargeras,576,deathknight,frost,18,6,12
Dairboi,sargeras,576,deathknight,frost,18,6,12
Nocreed,illidan,576,deathknight,frost,18,6,12
Maelk,stormrage,576,deathknight,frost,18,6,12
Chilivibes,boulderfist,576,deathknight,frost,18,6,12
Winterstone,moon-guard,575,deathknight,frost,12,6,6
Tooe,darrowmere,575,deathknight,frost,12,6,6
Davenn,stormrage,575,deathknight,frost,12,6,6
Zamerz,malganis,575,deathknight,frost,12,6,6
Flûffÿ,thrall,575,deathknight,frost,12,6,6
Nezareth,sargeras,574,deathknight,frost,12,6,6
Bootyclapztv,tichondrius,574,deathknight,frost,12,6,6
Bloodbanne,darkspear,573,deathknight,frost,12,6,6
Ikaris,wildhammer,569,deathknight,frost,12,6,6
Cailras,argent-dawn,566,deathknight,frost,12,6,6
Ergoth,darkspear,564,deathknight,frost,30,6,24
Busynas,thrall,559,deathknight,frost,11,6,5
Werebuddy,lightnings-blade,528,deathknight,frost,15,6,9
Válhállá,ragnaros,523,deathknight,frost,17,6,11
Bellum,moon-guard,511,deathknight,frost,20,6,14
Kookx,tichondrius,489,deathknight,frost,13,6,7
Lokitaßeso,ragnaros,480,deathknight,frost,6,5,1
Vett,antonidas,480,deathknight,frost,6,5,1
Sathanazz,ragnaros,480,deathknight,frost,6,5,1
Dknightkofwa,tichondrius,480,deathknight,frost,12,5,7
Subparatbest,chogall,480,deathknight,frost,12,5,7
Kodokuna,bleeding-hollow,480,deathknight,frost,12,5,7
Khutuzun,tichondrius,480,deathknight,frost,12,5,7
Sinistarz,area-52,480,deathknight,frost,12,5,7
Deadbeards,zuluhed,480,deathknight,frost,12,5,7
Flashofdark,proudmoore,480,deathknight,frost,12,5,7
Frozenhawk,lothar,480,deathknight,frost,12,5,7
Martinnash,emerald-dream,480,deathknight,frost,12,5,7
Deathrey,kargath,480,deathknight,frost,12,5,7
Neaz,moon-guard,480,deathknight,frost,12,5,7
Rumblepuppy,hyjal,480,deathknight,frost,12,5,7
Unintended,barthilas,480,deathknight,frost,18,5,13
Drzièglér,tichondrius,480,deathknight,frost,18,5,13
Saighast,illidan,480,deathknight,frost,18,5,13
Bulltille,azralon,479,deathknight,frost,6,5,1
Moovement,illidan,479,deathknight,frost,6,5,1
Bëlzëbü,stormrage,479,deathknight,frost,6,5,1
Alzenth,quelthalas,479,deathknight,frost,9,6,3
Caravante,azralon,479,deathknight,frost,12,5,7
Adjudicated,darkspear,477,deathknight,frost,12,5,7
Ðecimate,muradin,476,deathknight,frost,12,5,7
Rogoroth,stormrage,475,deathknight,frost,12,5,7
Killa,maiev,475,deathknight,frost,12,5,7
Frostyclaws,blackrock,447,deathknight,frost,17,5,12
Greeasy,bleeding-hollow,446,deathknight,frost,17,5,12
Drizzth,ragnaros,413,deathknight,frost,8,5,3
Khaíne,wyrmrest-accord,400,deathknight,frost,16,5,11
Dìs,frostmourne,399,deathknight,frost,5,5,0
Tanjus,kelthuzad,384,deathknight,frost,6,4,2
Riseup,area-52,384,deathknight,frost,6,4,2
Laxatives,tichondrius,384,deathknight,frost,6,4,2
Hunrune,emerald-dream,384,deathknight,frost,6,4,2
Tontan,cairne,384,deathknight,frost,6,4,2
Ärlo,frostmourne,384,deathknight,frost,6,4,2
Nabreus,ragnaros,384,deathknight,frost,6,4,2
Well,archimonde,384,deathknight,frost,6,4,2
Anatøly,ragnaros,384,deathknight,frost,6,4,2
Orbo,elune,384,deathknight,frost,6,4,2
Bigdooks,area-52,384,deathknight,frost,6,4,2
Khorvusfel,frostmourne,384,deathknight,frost,6,4,2
Aldebamuu,ragnaros,384,deathknight,frost,6,4,2
Lichhbanne,doomhammer,384,deathknight,frost,12,4,8
Bellybuster,malganis,384,deathknight,frost,12,4,8
Hooterzqt,tichondrius,384,deathknight,frost,12,4,8
Thikness,tichondrius,384,deathknight,frost,12,4,8
Exiledknight,area-52,384,deathknight,frost,12,4,8
Shmacmiller,stormrage,384,deathknight,frost,12,4,8
Almostdead,proudmoore,384,deathknight,frost,12,4,8
Aradorn,azralon,384,deathknight,frost,12,4,8
Maxymillion,thrall,384,deathknight,frost,12,4,8
Whytedk,illidan,384,deathknight,frost,12,4,8
Deathrowe,blackhand,384,deathknight,frost,12,4,8
Silanvia,wyrmrest-accord,384,deathknight,frost,12,4,8
Jessaminne,nordrassil,384,deathknight,frost,12,4,8
Nefarion,nathrezim,384,deathknight,frost,15,4,11
Ðaz,zuljin,384,deathknight,frost,18,4,14
Ryannë,azshara,384,deathknight,frost,18,4,14
Wãrson,bleeding-hollow,383,deathknight,frost,6,4,2
Shinici,kelthuzad,383,deathknight,frost,9,5,4
Adoran,turalyon,383,deathknight,frost,12,4,8
Vithael,stormrage,383,deathknight,frost,12,4,8
Getmad,anvilmar,383,deathknight,frost,12,4,8
Sindragos,stormrage,382,deathknight,frost,12,4,8
Deathvortex,nemesis,379,deathknight,frost,12,4,8
Lokitakisses,ragnaros,351,deathknight,frost,11,4,7
Xaldeth,moon-guard,319,deathknight,frost,14,4,10
Bunghoolio,nerzhul,315,deathknight,frost,16,4,12
Clizforden,kelthuzad,288,deathknight,frost,6,3,3
Störmrünner,kelthuzad,288,deathknight,frost,6,3,3
Astanddra,wyrmrest-accord,288,deathknight,frost,6,3,3
Saraphdk,area-52,288,deathknight,frost,6,3,3
Laboön,stormrage,288,deathknight,frost,6,3,3
Víní,azralon,288,deathknight,frost,6,3,3
ßlacklìsted,kelthuzad,288,deathknight,frost,6,3,3
Zeró,wyrmrest-accord,288,deathknight,frost,6,3,3
Yungdooks,area-52,288,deathknight,frost,6,3,3
Gunga,skullcrusher,288,deathknight,frost,6,3,3
Sorenbjerg,zuljin,288,deathknight,frost,6,3,3
Yamanji,wyrmrest-accord,288,deathknight,frost,6,3,3
Jughéad,thrall,288,deathknight,frost,6,3,3
Frostybones,guldan,288,deathknight,frost,6,3,3
Démise,malganis,288,deathknight,frost,6,3,3
Zygon,thrall,288,deathknight,frost,6,3,3
Zügzug,chogall,288,deathknight,frost,6,3,3
Kalevesicant,nesingwary,288,deathknight,frost,6,3,3
Dalka,laughing-skull,288,deathknight,frost,6,3,3
Brumaks,quelthalas,288,deathknight,frost,6,3,3
Egirlgripper,area-52,288,deathknight,frost,6,3,3
Plaugedone,lightbringer,288,deathknight,frost,6,3,3
Avantee,moon-guard,288,deathknight,frost,6,3,3
Millariel,stormrage,288,deathknight,frost,6,3,3
Gorsz,tichondrius,288,deathknight,frost,6,3,3
Doomdk,azralon,288,deathknight,frost,6,3,3
Supermane,jubeithos,288,deathknight,frost,6,3,3
Fastapii,tichondrius,288,deathknight,frost,6,3,3
Pyradine,amanthul,288,deathknight,frost,6,3,3
Trant,tichondrius,288,deathknight,frost,6,3,3
Tofurious,barthilas,288,deathknight,frost,6,3,3
Ghouldruis,barthilas,288,deathknight,frost,6,3,3
Nalec,tichondrius,288,deathknight,frost,6,3,3
Cgg,tichondrius,288,deathknight,frost,6,3,3
Fearfull,hyjal,288,deathknight,frost,10,4,6
Toxicant,zuljin,288,deathknight,frost,12,3,9
Bloodmourne,barthilas,288,deathknight,frost,12,3,9
Paíín,illidan,288,deathknight,frost,12,3,9
Dkpeter,quelthalas,288,deathknight,frost,12,3,9
Janus,illidan,288,deathknight,frost,12,3,9
Flarkness,area-52,288,deathknight,frost,12,3,9
Freyjani,moon-guard,288,deathknight,frost,12,3,9
Nenó,illidan,288,deathknight,frost,12,3,9
Gerardkyx,drakkari,288,deathknight,frost,12,3,9
Moyjô,aggramar,288,deathknight,frost,15,3,12
Letum,lightbringer,287,deathknight,frost,6,3,3
Pizzathehutt,nordrassil,287,deathknight,frost,6,3,3
Sinfulvoid,darkspear,287,deathknight,frost,6,3,3
Páthøgen,ravencrest,287,deathknight,frost,12,3,9
Varrine,hyjal,286,deathknight,frost,6,3,3
Dragoroth,zuluhed,286,deathknight,frost,6,3,3
Gnomey,area-52,255,deathknight,frost,8,4,4
Crukashongal,zuljin,240,deathknight,frost,9,4,5
Icycrazy,azralon,239,deathknight,frost,5,3,2
Unwantedgrab,sargeras,239,deathknight,frost,5,3,2
Hamze,stormrage,239,deathknight,frost,5,3,2
Bbcobliterat,proudmoore,234,deathknight,frost,22,4,18
Rotfang,elune,192,deathknight,frost,6,2,4
Dahaaka,malganis,192,deathknight,frost,6,2,4
Ryugetzu,drakkari,192,deathknight,frost,6,2,4
Chrønnøz,nemesis,192,deathknight,frost,6,2,4
Demise,stormrage,192,deathknight,frost,6,2,4
Alderollar,stormrage,192,deathknight,frost,6,2,4
Superlast,blackrock,192,deathknight,frost,6,2,4
Sayâ,frostmane,192,deathknight,frost,6,2,4
Pofokut,bleeding-hollow,192,deathknight,frost,6,2,4
Kreyun,bleeding-hollow,192,deathknight,frost,6,2,4
Lichkong,dalaran,192,deathknight,frost,6,2,4
Nethaar,tichondrius,192,deathknight,frost,6,2,4
Nebuchadnezz,darkspear,192,deathknight,frost,6,2,4
Unholyreap,arthas,192,deathknight,frost,6,2,4
Dego,tichondrius,192,deathknight,frost,6,2,4
Crakdos,illidan,192,deathknight,frost,6,2,4
Biukanon,ragnaros,192,deathknight,frost,6,2,4
Lazynome,azshara,192,deathknight,frost,6,2,4
Rulord,wyrmrest-accord,192,deathknight,frost,6,2,4
Khørne,area-52,192,deathknight,frost,6,2,4
Envisage,kelthuzad,192,deathknight,frost,6,2,4
Arthureon,kelthuzad,192,deathknight,frost,6,2,4
Yourunigrip,tichondrius,192,deathknight,frost,6,2,4
Dkswaag,malganis,192,deathknight,frost,6,2,4
Fraýja,tichondrius,192,deathknight,frost,6,2,4
Hiverssalt,darkspear,192,deathknight,frost,6,2,4
Soutennizase,azralon,192,deathknight,frost,6,2,4
Edek,frostmourne,192,deathknight,frost,6,2,4
Martufe,sargeras,192,deathknight,frost,6,2,4
Oreodeath,sargeras,192,deathknight,frost,6,2,4
Bonusman,sargeras,192,deathknight,frost,6,2,4
Deadlyforce,sargeras,192,deathknight,frost,6,2,4
Gkdl,tichondrius,192,deathknight,frost,6,2,4
Frozenjuice,sargeras,192,deathknight,frost,6,2,4
Hadeon,boulderfist,192,deathknight,frost,6,2,4
Oldskul,sargeras,192,deathknight,frost,6,2,4
Noik,azralon,192,deathknight,frost,6,2,4
Zëb,sargeras,192,deathknight,frost,6,2,4
Hunwild,emerald-dream,192,deathknight,frost,6,2,4
Lillylilly,bleeding-hollow,192,deathknight,frost,12,2,10
Appledog,ragnaros,192,deathknight,frost,12,2,10
Evangelina,antonidas,192,deathknight,frost,12,2,10
Shadar,muradin,192,deathknight,frost,12,2,10
Melyrc,quelthalas,192,deathknight,frost,12,2,10
Selasia,malygos,192,deathknight,frost,12,2,10
Záiiko,quelthalas,192,deathknight,frost,12,2,10
Ulyssess,jubeithos,191,deathknight,frost,6,2,4
Edhral,ragnaros,191,deathknight,frost,6,2,4
Shioms,quelthalas,191,deathknight,frost,6,2,4
Sübzerö,quelthalas,191,deathknight,frost,6,2,4
Deathmike,bonechewer,191,deathknight,frost,6,2,4
Akmy,illidan,175,deathknight,frost,11,2,9
Nickolas,dalvengyr,159,deathknight,frost,5,2,3
Oilasslover,illidan,128,deathknight,frost,4,2,2
Bluemanikin,area-52,128,deathknight,frost,4,2,2
Telrenaur,proudmoore,96,deathknight,frost,3,2,1
Puppykiss,perenolde,96,deathknight,frost,6,1,5
Bubblesdk,whisperwind,96,deathknight,frost,6,1,5
Teksurugi,korgath,96,deathknight,frost,6,1,5
Kakaih,azralon,96,deathknight,frost,6,1,5
Hadianton,stormrage,96,deathknight,frost,6,1,5
Guffles,tichondrius,96,deathknight,frost,6,1,5
Grimmosh,daggerspine,96,deathknight,frost,6,1,5
Denkot,stormrage,96,deathknight,frost,6,1,5
Sindragosa,dragonmaw,96,deathknight,frost,6,1,5
Ricedisease,emerald-dream,96,deathknight,frost,6,1,5
Lücìfër,illidan,96,deathknight,frost,6,1,5
Bingoez,frostmourne,96,deathknight,frost,6,1,5
Mako,garithos,96,deathknight,frost,6,1,5
Koltíra,azralon,96,deathknight,frost,6,1,5
Siphilusxo,dalaran,96,deathknight,frost,6,1,5
Dotted,tichondrius,96,deathknight,frost,6,1,5
Grimorra,bleeding-hollow,96,deathknight,frost,6,1,5
Grayfoxx,twisting-nether,96,deathknight,frost,6,1,5
Frostpanda,dalaran,96,deathknight,frost,6,1,5
Cellebrok,bleeding-hollow,96,deathknight,frost,6,1,5
Gooré,ragnaros,96,deathknight,frost,6,1,5
Einherjiar,tichondrius,96,deathknight,frost,6,1,5
Cruzx,tichondrius,96,deathknight,frost,6,1,5
Kireek,stormrage,96,deathknight,frost,6,1,5
Skadattle,emerald-dream,96,deathknight,frost,6,1,5
Davyjonescx,moon-guard,96,deathknight,frost,6,1,5
Krargosh,quelthalas,96,deathknight,frost,6,1,5
Vrolock,quelthalas,96,deathknight,frost,6,1,5
Ann,spirestone,96,deathknight,frost,6,1,5
Inertìa,malganis,96,deathknight,frost,6,1,5
Mephostophel,sargeras,96,deathknight,frost,6,1,5
Xakri,kelthuzad,96,deathknight,frost,6,1,5
Xninjakiller,korgath,95,deathknight,frost,12,1,11
Vayk,bleeding-hollow,64,deathknight,frost,4,1,3
Magipierrot,ragnaros,64,deathknight,frost,4,1,3
Agasuko,ghostlands,48,deathknight,frost,3,1,2
Villåin,hyjal,42,deathknight,frost,9,2,7
Schwaffles,stormrage,31,deathknight,frost,2,1,1
Twindleroot,aggramar,31,deathknight,frost,2,1,1
Sharnathos,stormrage,16,deathknight,frost,1,1,0
Jerric,skullcrusher,16,deathknight,frost,7,1,6
Xiaosu,tichondrius,2270,demonhunter,havoc,710,356,354
Mvqdh,illidan,2212,demonhunter,havoc,77,46,31
Demoncouch,malganis,2191,demonhunter,havoc,102,54,48
Ehtend,malganis,2136,demonhunter,havoc,354,177,177
Seorae,tichondrius,2126,demonhunter,havoc,84,45,39
Sadgirlx,area-52,2114,demonhunter,havoc,96,48,48
Zetara,malganis,2112,demonhunter,havoc,137,78,59
Ehtend,sargeras,2106,demonhunter,havoc,78,42,36
Insomniaq,sargeras,2102,demonhunter,havoc,115,62,53
Kohî,sargeras,2102,demonhunter,havoc,79,39,40
Tendiës,tichondrius,2086,demonhunter,havoc,104,50,54
Dhcn,tichondrius,2073,demonhunter,havoc,64,35,29
Lighost,tichondrius,2070,demonhunter,havoc,353,177,176
Calpoot,stormscale,2058,demonhunter,havoc,83,46,37
Fellhamer,malganis,2054,demonhunter,havoc,123,69,54
Taegos,tichondrius,2046,demonhunter,havoc,500,246,254
Nézuko,eldrethalas,2045,demonhunter,havoc,129,68,61
Nasadh,tichondrius,2035,demonhunter,havoc,96,54,42
Glaivezx,stormreaver,2014,demonhunter,havoc,90,46,44
Medrathis,wyrmrest-accord,2008,demonhunter,havoc,54,32,22
Reps,hydraxis,2008,demonhunter,havoc,120,67,53
Badhábits,sargeras,2006,demonhunter,havoc,72,41,31
Ordorll,area-52,1998,demonhunter,havoc,114,59,55
Lademon,tichondrius,1997,demonhunter,havoc,84,46,38
Xtickles,frostmourne,1992,demonhunter,havoc,154,79,75
Bløødyrøse,illidan,1978,demonhunter,havoc,66,40,26
Cyrøcryphä,quelthalas,1977,demonhunter,havoc,161,79,82
Felz,illidan,1964,demonhunter,havoc,95,48,47
Lifting,illidan,1960,demonhunter,havoc,84,40,44
Tømåtøgøðx,sargeras,1953,demonhunter,havoc,180,95,85
Sypï,malganis,1944,demonhunter,havoc,84,45,39
Boonchu,frostmourne,1935,demonhunter,havoc,86,45,41
Askvivian,sargeras,1931,demonhunter,havoc,109,68,41
Jøsem,ragnaros,1930,demonhunter,havoc,94,48,46
Mamazboy,area-52,1921,demonhunter,havoc,46,25,21
ßöb,aggramar,1920,demonhunter,havoc,66,34,32
Blasphemus,illidan,1908,demonhunter,havoc,63,34,29
Cromega,malganis,1906,demonhunter,havoc,108,50,58
Oddblindguy,area-52,1903,demonhunter,havoc,42,30,12
Lemilion,wyrmrest-accord,1903,demonhunter,havoc,53,27,26
Maverzz,area-52,1902,demonhunter,havoc,65,35,30
Solit,illidan,1901,demonhunter,havoc,66,33,33
Mèw,bleeding-hollow,1899,demonhunter,havoc,78,43,35
Terrorsong,tichondrius,1898,demonhunter,havoc,83,48,35
Ouru,area-52,1896,demonhunter,havoc,96,48,48
Ìke,quelthalas,1894,demonhunter,havoc,109,55,54
Boos,moon-guard,1893,demonhunter,havoc,172,84,88
Frostchaos,ragnaros,1888,demonhunter,havoc,30,20,10
Winsforgold,area-52,1888,demonhunter,havoc,71,38,33
Dangerspud,frostmourne,1885,demonhunter,havoc,102,48,54
Felluser,sargeras,1882,demonhunter,havoc,53,32,21
Càrnagex,tichondrius,1882,demonhunter,havoc,303,152,151
Stellitas,ragnaros,1881,demonhunter,havoc,72,38,34
Xch,aegwynn,1881,demonhunter,havoc,166,87,79
Dayvenie,area-52,1879,demonhunter,havoc,125,70,55
Rosinanta,malygos,1878,demonhunter,havoc,110,60,50
Sleepyjoeb,illidan,1875,demonhunter,havoc,66,35,31
Junma,tichondrius,1874,demonhunter,havoc,84,47,37
Zoenin,illidan,1872,demonhunter,havoc,120,60,60
Busting,tichondrius,1872,demonhunter,havoc,48,24,24
Mvqqdh,tichondrius,1872,demonhunter,havoc,42,20,22
Bippy,durotan,1871,demonhunter,havoc,120,60,60
Doejah,stormrage,1865,demonhunter,havoc,80,40,40
Airmax,tichondrius,1864,demonhunter,havoc,84,44,40
Leothero,area-52,1863,demonhunter,havoc,54,28,26
Anihilum,zuljin,1858,demonhunter,havoc,90,59,31
Rlycoolclass,zuljin,1858,demonhunter,havoc,65,30,35
Azrethec,wyrmrest-accord,1855,demonhunter,havoc,108,62,46
Loadingdh,tichondrius,1854,demonhunter,havoc,47,20,27
Nb,silvermoon,1853,demonhunter,havoc,59,32,27
Mizaru,moon-guard,1849,demonhunter,havoc,35,24,11
Flykzuwu,azralon,1848,demonhunter,havoc,89,53,36
Joshallen,malganis,1846,demonhunter,havoc,141,73,68
Wowcoldcold,barthilas,1845,demonhunter,havoc,59,30,29
Lamorty,tichondrius,1845,demonhunter,havoc,126,61,65
Griphunt,tichondrius,1840,demonhunter,havoc,222,115,107
Tiristra,cenarion-circle,1839,demonhunter,havoc,59,32,27
Ystkz,tichondrius,1838,demonhunter,havoc,207,106,101
Smqkepvrpp,zuljin,1835,demonhunter,havoc,58,39,19
Asdazanis,nemesis,1835,demonhunter,havoc,80,40,40
Ökìtycoón,proudmoore,1833,demonhunter,havoc,78,45,33
Bllackclover,zuljin,1831,demonhunter,havoc,59,34,25
Raiinier,sargeras,1830,demonhunter,havoc,72,45,27
Hasbeen,tichondrius,1830,demonhunter,havoc,39,23,16
Divide,tichondrius,1830,demonhunter,havoc,106,58,48
Pythongodx,azralon,1829,demonhunter,havoc,90,51,39
Brackmagik,barthilas,1828,demonhunter,havoc,36,27,9
Takagi,kirin-tor,1828,demonhunter,havoc,221,120,101
Potspoon,tichondrius,1827,demonhunter,havoc,150,77,73
Devotio,emerald-dream,1825,demonhunter,havoc,96,57,39
Migey,thrall,1825,demonhunter,havoc,112,65,47
Vanarion,area-52,1825,demonhunter,havoc,84,36,48
Beerdash,area-52,1825,demonhunter,havoc,66,28,38
Chulakels,tichondrius,1824,demonhunter,havoc,75,45,30
Ninetalesx,sargeras,1823,demonhunter,havoc,81,48,33
Darkrai,area-52,1823,demonhunter,havoc,132,73,59
Promitto,tichondrius,1823,demonhunter,havoc,89,42,47
Nolabb,tichondrius,1822,demonhunter,havoc,128,72,56
Cerebro,stormrage,1822,demonhunter,havoc,48,27,21
Írís,blackrock,1820,demonhunter,havoc,124,75,49
Karonisam,dalaran,1820,demonhunter,havoc,61,32,29
Dannyolo,hyjal,1820,demonhunter,havoc,78,32,46
Mvpdh,area-52,1819,demonhunter,havoc,242,121,121
Daía,ragnaros,1818,demonhunter,havoc,47,24,23
Failtimeboat,terenas,1817,demonhunter,havoc,60,34,26
Yaboiswift,stormrage,1817,demonhunter,havoc,36,19,17
Garbage,illidan,1816,demonhunter,havoc,84,44,40
Helenquinn,kelthuzad,1815,demonhunter,havoc,72,46,26
Mirriana,thunderlord,1815,demonhunter,havoc,98,52,46
Bigbadmad,stormrage,1815,demonhunter,havoc,197,99,98
Brotherz,tichondrius,1815,demonhunter,havoc,113,56,57
Brbpetmycat,zuljin,1815,demonhunter,havoc,63,30,33
Skyez,moon-guard,1814,demonhunter,havoc,115,54,61
Nadlli,bleeding-hollow,1813,demonhunter,havoc,223,116,107
Kázeshini,frostmourne,1813,demonhunter,havoc,143,71,72
Rufio,nesingwary,1813,demonhunter,havoc,54,25,29
Coa,nazjatar,1812,demonhunter,havoc,100,54,46
Eldiablaso,malganis,1812,demonhunter,havoc,36,19,17
Lucifèr,uther,1812,demonhunter,havoc,59,28,31
Soliit,illidan,1811,demonhunter,havoc,54,29,25
Ferano,frostmourne,1811,demonhunter,havoc,211,109,102
Vowz,sargeras,1811,demonhunter,havoc,66,34,32
Tyskeram,bleeding-hollow,1810,demonhunter,havoc,81,47,34
Hatréd,quelthalas,1810,demonhunter,havoc,48,26,22
Sacredtree,tichondrius,1809,demonhunter,havoc,104,58,46
Dãnishroll,illidan,1809,demonhunter,havoc,108,54,54
Bitcoingodx,tichondrius,1808,demonhunter,havoc,114,65,49
Feldarath,sargeras,1807,demonhunter,havoc,133,76,57
Fenomeno,tichondrius,1807,demonhunter,havoc,58,32,26
Fruitbatx,tichondrius,1807,demonhunter,havoc,138,68,70
Xcf,area-52,1807,demonhunter,havoc,48,22,26
Raenorion,kelthuzad,1805,demonhunter,havoc,54,33,21
Dewkee,ghostlands,1805,demonhunter,havoc,42,24,18
Fellenkellar,stormrage,1804,demonhunter,havoc,144,80,64
Blode,tichondrius,1804,demonhunter,havoc,201,103,98
Dwilk,sargeras,1804,demonhunter,havoc,136,62,74
Purplekuush,bleeding-hollow,1803,demonhunter,havoc,54,31,23
Shadë,stormrage,1802,demonhunter,havoc,60,31,29
Dhkyun,tichondrius,1801,demonhunter,havoc,54,29,25
Wompo,wyrmrest-accord,1801,demonhunter,havoc,36,19,17
Plumkin,kiljaeden,1800,demonhunter,havoc,54,32,22
Icecokelime,black-dragonflight,1800,demonhunter,havoc,38,20,18
Deathbladezx,tichondrius,1800,demonhunter,havoc,47,23,24
Tendies,tichondrius,1800,demonhunter,havoc,60,28,32
Juiced,thunderhorn,1799,demonhunter,havoc,95,50,45
Donaldjr,area-52,1798,demonhunter,havoc,69,42,27
Dawgzo,thunderhorn,1793,demonhunter,havoc,126,71,55
Zatharas,stormrage,1792,demonhunter,havoc,116,59,57
Andthrx,area-52,1791,demonhunter,havoc,260,130,130
Nuktukdh,moon-guard,1791,demonhunter,havoc,68,30,38
Thundiir,area-52,1786,demonhunter,havoc,113,58,55
Syrio,frostmourne,1782,demonhunter,havoc,224,122,102
Dewk,ghostlands,1781,demonhunter,havoc,63,30,33
Aryapudding,tichondrius,1779,demonhunter,havoc,58,28,30
Nåxah,bleeding-hollow,1777,demonhunter,havoc,66,30,36
Felswamp,zuljin,1776,demonhunter,havoc,108,55,53
Bbteaa,frostmourne,1774,demonhunter,havoc,176,92,84
Demonsob,illidan,1772,demonhunter,havoc,59,22,37
Nephxz,tichondrius,1771,demonhunter,havoc,54,26,28
Mevadow,bleeding-hollow,1768,demonhunter,havoc,126,57,69
Dyllen,tichondrius,1765,demonhunter,havoc,158,88,70
Crittic,thrall,1764,demonhunter,havoc,54,25,29
Drachyn,darkspear,1762,demonhunter,havoc,65,29,36
Sucio,khaz-modan,1760,demonhunter,havoc,54,26,28
Xanthalos,wyrmrest-accord,1759,demonhunter,havoc,144,73,71
Raahjxz,sargeras,1758,demonhunter,havoc,90,53,37
Ubetterun,azralon,1757,demonhunter,havoc,189,98,91
Ahsref,stormrage,1757,demonhunter,havoc,60,30,30
Saaldh,zuljin,1753,demonhunter,havoc,65,27,38
Dhwhat,stormrage,1750,demonhunter,havoc,125,70,55
Gubydal,frostmourne,1750,demonhunter,havoc,53,29,24
Nips,lightnings-blade,1747,demonhunter,havoc,60,39,21
Immortalsinz,dalaran,1747,demonhunter,havoc,112,48,64
Noobstaa,area-52,1745,demonhunter,havoc,48,34,14
Ðavid,firetree,1745,demonhunter,havoc,96,48,48
Lazydeamon,frostmourne,1740,demonhunter,havoc,60,26,34
Monfel,dalaran,1737,demonhunter,havoc,108,63,45
Furious,tichondrius,1737,demonhunter,havoc,48,23,25
Tichóndrius,tichondrius,1735,demonhunter,havoc,173,95,78
Hoochee,lightnings-blade,1735,demonhunter,havoc,73,39,34
Stellartv,tichondrius,1735,demonhunter,havoc,120,58,62
Baka,grizzly-hills,1735,demonhunter,havoc,48,22,26
Firstsol,stormrage,1734,demonhunter,havoc,54,33,21
Wherwelandin,zuljin,1734,demonhunter,havoc,51,24,27
Axalark,nemesis,1733,demonhunter,havoc,54,26,28
Cromosh,quelthalas,1733,demonhunter,havoc,90,38,52
Asheng,cairne,1730,demonhunter,havoc,57,28,29
Felnipz,tichondrius,1729,demonhunter,havoc,67,39,28
Hogmandh,illidan,1729,demonhunter,havoc,48,23,25
Lilise,kiljaeden,1728,demonhunter,havoc,102,50,52
Felgobbler,zuljin,1727,demonhunter,havoc,66,36,30
Landorus,barthilas,1725,demonhunter,havoc,118,62,56
Okuzén,tichondrius,1723,demonhunter,havoc,29,21,8
Diequickly,tichondrius,1722,demonhunter,havoc,58,29,29
Beyondjerky,malganis,1721,demonhunter,havoc,34,20,14
Croches,tichondrius,1721,demonhunter,havoc,36,18,18
Madepp,tichondrius,1720,demonhunter,havoc,48,23,25
Fardyhole,illidan,1719,demonhunter,havoc,36,18,18
Sikarnix,stormrage,1719,demonhunter,havoc,84,38,46
Ibdl,tichondrius,1714,demonhunter,havoc,30,18,12
Irisand,ragnaros,1714,demonhunter,havoc,83,40,43
Doeja,illidan,1713,demonhunter,havoc,30,18,12
Thehonor,tichondrius,1713,demonhunter,havoc,65,36,29
Souliz,tichondrius,1711,demonhunter,havoc,36,23,13
Obsidians,korgath,1709,demonhunter,havoc,89,51,38
Hundredeye,malganis,1709,demonhunter,havoc,64,31,33
Aetheris,bleeding-hollow,1709,demonhunter,havoc,78,34,44
Harríson,tichondrius,1707,demonhunter,havoc,108,52,56
Sheldoncoop,emerald-dream,1706,demonhunter,havoc,36,18,18
Soyboycuck,emerald-dream,1705,demonhunter,havoc,36,18,18
Rôsè,tichondrius,1704,demonhunter,havoc,88,49,39
Xeylin,sargeras,1703,demonhunter,havoc,54,34,20
Gamernation,area-52,1703,demonhunter,havoc,57,29,28
Isev,illidan,1702,demonhunter,havoc,30,18,12
Wildh,stormrage,1702,demonhunter,havoc,78,41,37
Xøtourlife,malganis,1701,demonhunter,havoc,52,25,27
Nopohunter,burning-blade,1699,demonhunter,havoc,47,31,16
Vendeem,moonrunner,1697,demonhunter,havoc,104,56,48
Ktsoulhunter,azralon,1696,demonhunter,havoc,65,36,29
Johnconnor,tichondrius,1696,demonhunter,havoc,53,20,33
Chiesa,sargeras,1695,demonhunter,havoc,34,27,7
Azinoht,ragnaros,1695,demonhunter,havoc,182,89,93
Remh,bleeding-hollow,1694,demonhunter,havoc,254,129,125
Glaivediggar,barthilas,1693,demonhunter,havoc,148,71,77
Joric,dalaran,1691,demonhunter,havoc,54,35,19
Munyanyô,moon-guard,1691,demonhunter,havoc,41,26,15
Tubaki,tichondrius,1691,demonhunter,havoc,35,19,16
Speedh,area-52,1691,demonhunter,havoc,36,18,18
Deaforalive,malganis,1690,demonhunter,havoc,96,54,42
Cöcainë,stormrage,1689,demonhunter,havoc,36,24,12
Idontfaced,area-52,1689,demonhunter,havoc,46,29,17
Kìed,kiljaeden,1687,demonhunter,havoc,48,24,24
Ídunno,kiljaeden,1685,demonhunter,havoc,54,26,28
Wickbeams,barthilas,1684,demonhunter,havoc,59,28,31
Blúr,tichondrius,1683,demonhunter,havoc,41,23,18
Çhan,tichondrius,1683,demonhunter,havoc,269,137,132
Tylersdh,illidan,1681,demonhunter,havoc,115,66,49
Chainsawz,zuljin,1681,demonhunter,havoc,62,25,37
Azexion,malganis,1679,demonhunter,havoc,96,48,48
Scylus,tichondrius,1678,demonhunter,havoc,96,55,41
Theprodigy,malganis,1677,demonhunter,havoc,78,37,41
Demabrak,azralon,1677,demonhunter,havoc,53,25,28
Icrazedcruxl,gnomeregan,1676,demonhunter,havoc,54,27,27
Ethhunter,proudmoore,1676,demonhunter,havoc,72,35,37
Buddyyguy,illidan,1675,demonhunter,havoc,102,45,57
Folkmagic,proudmoore,1673,demonhunter,havoc,30,18,12
Dingowango,illidan,1672,demonhunter,havoc,48,24,24
Cococat,tichondrius,1672,demonhunter,havoc,68,26,42
Mamadorx,azralon,1668,demonhunter,havoc,29,18,11
Bloodhunter,exodar,1668,demonhunter,havoc,92,53,39
Imaginedmg,illidan,1668,demonhunter,havoc,60,28,32
Jaauk,ragnaros,1668,demonhunter,havoc,52,23,29
Hisso,nordrassil,1666,demonhunter,havoc,54,31,23
Ravana,khaz-modan,1664,demonhunter,havoc,112,60,52
Oshinoko,area-52,1664,demonhunter,havoc,57,30,27
Akurawrath,area-52,1660,demonhunter,havoc,91,63,28
Boagz,area-52,1660,demonhunter,havoc,84,48,36
Kioka,khaz-modan,1659,demonhunter,havoc,34,20,14
Churchpls,stormrage,1659,demonhunter,havoc,58,23,35
Decoherence,sargeras,1658,demonhunter,havoc,36,21,15
Dragonÿx,ragnaros,1658,demonhunter,havoc,157,83,74
Ilìdarì,zuljin,1657,demonhunter,havoc,33,20,13
Antamoris,sargeras,1656,demonhunter,havoc,52,25,27
Torments,area-52,1655,demonhunter,havoc,60,34,26
Poogzzig,tichondrius,1655,demonhunter,havoc,84,43,41
Getpoodon,sargeras,1655,demonhunter,havoc,36,18,18
Sáìto,arthas,1654,demonhunter,havoc,30,19,11
Baikudyn,darkspear,1651,demonhunter,havoc,30,19,11
Billmcawsom,proudmoore,1651,demonhunter,havoc,66,33,33
Ðaredevil,azralon,1650,demonhunter,havoc,36,22,14
Giselah,malganis,1650,demonhunter,havoc,48,22,26
Chîsäki,quelthalas,1649,demonhunter,havoc,75,40,35
Shadöw,emerald-dream,1649,demonhunter,havoc,45,22,23
Demonfused,illidan,1647,demonhunter,havoc,61,34,27
Vapegodxqt,aegwynn,1647,demonhunter,havoc,50,25,25
Balancedtoon,tichondrius,1645,demonhunter,havoc,66,36,30
Ironsightsdh,dalaran,1645,demonhunter,havoc,89,47,42
Sarynrae,malganis,1644,demonhunter,havoc,52,24,28
Valerrias,area-52,1643,demonhunter,havoc,42,21,21
Entropics,tichondrius,1642,demonhunter,havoc,41,29,12
Junmà,tichondrius,1642,demonhunter,havoc,72,42,30
Alast,emerald-dream,1642,demonhunter,havoc,54,28,26
Biognosis,ragnaros,1642,demonhunter,havoc,102,46,56
Malthazaan,stormrage,1641,demonhunter,havoc,38,22,16
Vândel,kelthuzad,1639,demonhunter,havoc,47,22,25
Gôôseberry,malganis,1639,demonhunter,havoc,81,37,44
Jcosta,tichondrius,1638,demonhunter,havoc,79,35,44
Xenore,emerald-dream,1638,demonhunter,havoc,71,31,40
Niuzimeile,illidan,1638,demonhunter,havoc,53,19,34
Viio,proudmoore,1637,demonhunter,havoc,36,21,15
Randomdh,zuljin,1636,demonhunter,havoc,43,23,20
Khaõs,tichondrius,1636,demonhunter,havoc,78,34,44
Mewmewkitty,tichondrius,1635,demonhunter,havoc,34,18,16
Blurblurblur,frostmourne,1635,demonhunter,havoc,60,25,35
Synthwäve,area-52,1634,demonhunter,havoc,36,23,13
Pragma,thrall,1633,demonhunter,havoc,219,119,100
Flyudzhin,azgalor,1633,demonhunter,havoc,122,57,65
Hròðvitnir,quelthalas,1632,demonhunter,havoc,86,53,33
Bremdh,thrall,1632,demonhunter,havoc,44,25,19
Demoncastx,tichondrius,1632,demonhunter,havoc,89,50,39
Accidcleaves,sargeras,1632,demonhunter,havoc,48,26,22
Seraphïel,khaz-modan,1631,demonhunter,havoc,36,23,13
Cezkia,hyjal,1629,demonhunter,havoc,72,36,36
Iliillii,emerald-dream,1629,demonhunter,havoc,75,31,44
Ruffolina,azralon,1628,demonhunter,havoc,181,95,86
Devirador,ragnaros,1628,demonhunter,havoc,65,27,38
Trilidan,proudmoore,1627,demonhunter,havoc,37,21,16
Stefdh,tichondrius,1627,demonhunter,havoc,51,23,28
Thelor,frostmourne,1626,demonhunter,havoc,48,28,20
Xday,tichondrius,1626,demonhunter,havoc,258,132,126
Sicknizzle,area-52,1626,demonhunter,havoc,126,63,63
Rekttx,area-52,1625,demonhunter,havoc,64,34,30
Gymnast,thaurissan,1624,demonhunter,havoc,54,23,31
Cuper,tichondrius,1623,demonhunter,havoc,72,41,31
Perspirant,malganis,1623,demonhunter,havoc,41,23,18
Sivà,tichondrius,1622,demonhunter,havoc,69,35,34
Boatsnhoze,tichondrius,1621,demonhunter,havoc,36,17,19
Zeroheaven,stormrage,1621,demonhunter,havoc,48,19,29
Hehehaha,wyrmrest-accord,1620,demonhunter,havoc,30,20,10
Jhinskui,drakkari,1619,demonhunter,havoc,54,28,26
Skyfly,stormscale,1619,demonhunter,havoc,48,21,27
Ohanadh,ragnaros,1618,demonhunter,havoc,48,19,29
Namaga,illidan,1617,demonhunter,havoc,48,33,15
Larandaa,sargeras,1617,demonhunter,havoc,72,35,37
Zachfortnite,emerald-dream,1616,demonhunter,havoc,30,19,11
Jk,dreadmaul,1616,demonhunter,havoc,75,43,32
Fingersdh,malganis,1616,demonhunter,havoc,96,45,51
Glaivia,bleeding-hollow,1615,demonhunter,havoc,36,17,19
Velana,tichondrius,1614,demonhunter,havoc,30,21,9
Ptsdh,bloodhoof,1614,demonhunter,havoc,78,43,35
Taszyn,blackrock,1613,demonhunter,havoc,92,51,41
Karmakula,tichondrius,1613,demonhunter,havoc,77,39,38
Knuckifubuck,frostwolf,1612,demonhunter,havoc,136,75,61
Anathørn,ragnaros,1612,demonhunter,havoc,42,23,19
Jpdh,frostmourne,1611,demonhunter,havoc,74,39,35
Vynthar,wyrmrest-accord,1611,demonhunter,havoc,154,76,78
Mazakein,tichondrius,1610,demonhunter,havoc,66,37,29
Bitskii,kelthuzad,1610,demonhunter,havoc,47,21,26
Sadpepe,bleeding-hollow,1610,demonhunter,havoc,48,21,27
Nistrin,area-52,1609,demonhunter,havoc,72,40,32
Sarÿnrae,malganis,1609,demonhunter,havoc,36,20,16
Diablitaa,sargeras,1609,demonhunter,havoc,36,17,19
Crixxus,zuljin,1609,demonhunter,havoc,48,20,28
Yiptaw,area-52,1608,demonhunter,havoc,55,29,26
Feníxx,ragnaros,1608,demonhunter,havoc,88,45,43
Beastbringer,proudmoore,1607,demonhunter,havoc,147,86,61
Deathsweep,tichondrius,1607,demonhunter,havoc,30,17,13
Turecdh,illidan,1607,demonhunter,havoc,56,19,37
Zikzlol,tichondrius,1606,demonhunter,havoc,38,18,20
Abigëil,quelthalas,1605,demonhunter,havoc,56,31,25
Killuaqt,frostmourne,1605,demonhunter,havoc,47,24,23
Mavrush,malganis,1604,demonhunter,havoc,54,31,23
Tychondrius,earthen-ring,1603,demonhunter,havoc,202,107,95
Kaedri,burning-blade,1603,demonhunter,havoc,141,68,73
Ihuntmufasa,tichondrius,1602,demonhunter,havoc,24,17,7
Sìlençe,illidan,1602,demonhunter,havoc,29,19,10
Shale,gilneas,1602,demonhunter,havoc,70,35,35
Ariodh,area-52,1602,demonhunter,havoc,36,17,19
Deathlex,sargeras,1600,demonhunter,havoc,72,35,37
Gjoat,tichondrius,1600,demonhunter,havoc,42,19,23
Gesture,malganis,1599,demonhunter,havoc,166,91,75
Tenthslayer,frostmourne,1598,demonhunter,havoc,30,17,13
Coaa,dalaran,1598,demonhunter,havoc,47,23,24
Nocturnale,ragnaros,1595,demonhunter,havoc,77,39,38
Achemedåche,dalaran,1594,demonhunter,havoc,27,18,9
Netherbane,azgalor,1592,demonhunter,havoc,96,44,52
Dhyzz,proudmoore,1590,demonhunter,havoc,43,25,18
Eugenyackle,bleeding-hollow,1589,demonhunter,havoc,54,38,16
Reito,ragnaros,1589,demonhunter,havoc,53,29,24
Nándÿ,tichondrius,1589,demonhunter,havoc,61,33,28
Malefisentt,firetree,1589,demonhunter,havoc,45,22,23
Darkrasta,ragnaros,1589,demonhunter,havoc,90,41,49
Shyisback,area-52,1588,demonhunter,havoc,102,57,45
Wsickformula,gilneas,1588,demonhunter,havoc,119,66,53
Mood,stonemaul,1587,demonhunter,havoc,60,36,24
Watsinthebox,thrall,1586,demonhunter,havoc,30,20,10
Doomtower,tichondrius,1586,demonhunter,havoc,99,50,49
Progenji,azralon,1585,demonhunter,havoc,36,21,15
Flirtyscythe,illidan,1582,demonhunter,havoc,42,20,22
Chinadh,tichondrius,1581,demonhunter,havoc,35,17,18
Supadupä,stormrage,1580,demonhunter,havoc,30,17,13
Nuggetx,lightnings-blade,1580,demonhunter,havoc,48,26,22
Kaelclaira,dalvengyr,1580,demonhunter,havoc,60,29,31
Ossivil,ragnaros,1580,demonhunter,havoc,132,62,70
Jaybeezy,balnazzar,1580,demonhunter,havoc,42,18,24
Phaintx,tichondrius,1579,demonhunter,havoc,60,29,31
Yuppx,tichondrius,1578,demonhunter,havoc,48,29,19
Mcspicyy,tichondrius,1578,demonhunter,havoc,42,22,20
Chungîe,frostmourne,1578,demonhunter,havoc,48,25,23
Corngodx,sargeras,1578,demonhunter,havoc,102,50,52
Hoonjojjyana,tichondrius,1578,demonhunter,havoc,46,20,26
Dammitbôbby,tichondrius,1577,demonhunter,havoc,121,66,55
Brútalgore,area-52,1577,demonhunter,havoc,165,87,78
Baalböski,tichondrius,1574,demonhunter,havoc,88,41,47
Sineex,illidan,1572,demonhunter,havoc,36,22,14
Diiecrux,bleeding-hollow,1571,demonhunter,havoc,36,20,16
Demonfarter,tichondrius,1570,demonhunter,havoc,120,61,59
Pubelice,draenor,1569,demonhunter,havoc,68,38,30
Yaety,tichondrius,1567,demonhunter,havoc,42,24,18
Stochastic,ragnaros,1567,demonhunter,havoc,73,37,36
Kenmu,ragnaros,1566,demonhunter,havoc,68,29,39
Kssmee,korgath,1565,demonhunter,havoc,42,23,19
Sheepone,tichondrius,1564,demonhunter,havoc,24,19,5
Danloesh,silver-hand,1564,demonhunter,havoc,36,18,18
Dealer,frostmourne,1564,demonhunter,havoc,90,40,50
Velravyn,moon-guard,1563,demonhunter,havoc,48,25,23
Daymanhunter,bleeding-hollow,1563,demonhunter,havoc,83,41,42
Whysoospicy,wyrmrest-accord,1562,demonhunter,havoc,30,18,12
Redkin,moon-guard,1561,demonhunter,havoc,80,45,35
Nomfries,malganis,1560,demonhunter,havoc,52,27,25
Wikkidd,thrall,1560,demonhunter,havoc,47,22,25
Darknezzl,ragnaros,1557,demonhunter,havoc,98,48,50
Ylydary,ragnaros,1554,demonhunter,havoc,66,39,27
Gorillidan,kelthuzad,1553,demonhunter,havoc,30,18,12
Mustardtigër,bleeding-hollow,1553,demonhunter,havoc,29,17,12
Kaelthys,nordrassil,1552,demonhunter,havoc,33,21,12
Yqpro,tichondrius,1549,demonhunter,havoc,119,62,57
Kuramou,area-52,1547,demonhunter,havoc,36,22,14
Needlepoint,illidan,1547,demonhunter,havoc,65,34,31
Dadoftheyear,destromath,1544,demonhunter,havoc,54,30,24
Sternhunt,khadgar,1544,demonhunter,havoc,60,29,31
Fleetop,tichondrius,1543,demonhunter,havoc,60,33,27
Blackmvp,tichondrius,1537,demonhunter,havoc,24,17,7
Cäldo,tichondrius,1537,demonhunter,havoc,36,21,15
Radamanthysi,azralon,1536,demonhunter,havoc,84,54,30
Scoplyn,malfurion,1535,demonhunter,havoc,60,30,30
Furiel,quelthalas,1534,demonhunter,havoc,44,26,18
Nuredmyy,illidan,1534,demonhunter,havoc,42,24,18
Doxdevil,tichondrius,1533,demonhunter,havoc,57,19,38
Thêdràïñgáñg,jubeithos,1530,demonhunter,havoc,30,16,14
Cavell,tichondrius,1529,demonhunter,havoc,30,16,14
Rôrônôâzôrô,stormrage,1529,demonhunter,havoc,59,30,29
Surå,tichondrius,1529,demonhunter,havoc,106,49,57
Papaelf,thunderlord,1528,demonhunter,havoc,48,33,15
Knshy,azralon,1527,demonhunter,havoc,44,21,23
Crayoz,tichondrius,1525,demonhunter,havoc,131,73,58
Emopidgeon,dalaran,1525,demonhunter,havoc,30,16,14
Bogdan,azjolnerub,1525,demonhunter,havoc,66,35,31
Mattdizzle,illidan,1524,demonhunter,havoc,24,17,7
Raith,khazgoroth,1522,demonhunter,havoc,67,39,28
Papazaraki,tichondrius,1521,demonhunter,havoc,42,23,19
Noztak,area-52,1519,demonhunter,havoc,48,16,32
Rêliç,sargeras,1516,demonhunter,havoc,30,18,12
Eyecandyxo,grizzly-hills,1514,demonhunter,havoc,79,43,36
Mileze,area-52,1513,demonhunter,havoc,96,39,57
Deadpixellz,illidan,1511,demonhunter,havoc,76,39,37
Sävage,zuljin,1510,demonhunter,havoc,30,16,14
Gaìjîn,barthilas,1509,demonhunter,havoc,138,75,63
Yåkuza,daggerspine,1509,demonhunter,havoc,140,70,70
Jaysavage,eitrigg,1508,demonhunter,havoc,101,52,49
Gittgudd,area-52,1507,demonhunter,havoc,75,39,36
Vlääd,ragnaros,1507,demonhunter,havoc,144,72,72
Xionas,moon-guard,1505,demonhunter,havoc,93,47,46
Dirtbag,tichondrius,1503,demonhunter,havoc,30,16,14
Ilydos,emerald-dream,1503,demonhunter,havoc,102,52,50
Henry,tichondrius,1501,demonhunter,havoc,99,58,41
Omygaud,tichondrius,1500,demonhunter,havoc,36,22,14
Demodorn,frostmane,1499,demonhunter,havoc,30,19,11
Vellestia,argent-dawn,1499,demonhunter,havoc,53,24,29
Macacøbrr,azralon,1498,demonhunter,havoc,76,37,39
Littlewolfie,illidan,1496,demonhunter,havoc,30,16,14
Alli,bleeding-hollow,1494,demonhunter,havoc,69,39,30
Ralløszek,illidan,1494,demonhunter,havoc,48,26,22
Cots,stormrage,1494,demonhunter,havoc,110,59,51
Karmadh,malganis,1494,demonhunter,havoc,30,16,14
Træt,emerald-dream,1494,demonhunter,havoc,83,42,41
Creãtuss,area-52,1491,demonhunter,havoc,66,34,32
Scriptyscrip,dark-iron,1491,demonhunter,havoc,192,86,106
Croisoi,ragnaros,1490,demonhunter,havoc,78,38,40
Gazza,eldrethalas,1488,demonhunter,havoc,42,23,19
Hellmetal,quelthalas,1488,demonhunter,havoc,36,17,19
Dashxo,tichondrius,1487,demonhunter,havoc,36,17,19
Apõz,tichondrius,1486,demonhunter,havoc,30,16,14
Dmonslayer,daggerspine,1486,demonhunter,havoc,54,20,34
Orgasmia,tichondrius,1486,demonhunter,havoc,106,32,74
Imwhack,frostmane,1485,demonhunter,havoc,55,28,27
Emeress,illidan,1485,demonhunter,havoc,47,20,27
Demontrue,tichondrius,1483,demonhunter,havoc,62,32,30
Kimjonguun,tichondrius,1481,demonhunter,havoc,32,22,10
Häruun,quelthalas,1480,demonhunter,havoc,53,29,24
Aiapaec,wyrmrest-accord,1479,demonhunter,havoc,119,60,59
Wormli,moon-guard,1477,demonhunter,havoc,40,24,16
Nooksuh,bleeding-hollow,1473,demonhunter,havoc,29,16,13
Røllnautløw,aegwynn,1469,demonhunter,havoc,32,22,10
Kegu,stormrage,1469,demonhunter,havoc,54,20,34
Allyrian,sargeras,1467,demonhunter,havoc,138,77,61
Gomesdhunter,azralon,1466,demonhunter,havoc,88,47,41
Bjj,bonechewer,1465,demonhunter,havoc,100,58,42
Zackfair,burning-legion,1465,demonhunter,havoc,117,59,58
Ðarkone,ragnaros,1464,demonhunter,havoc,42,17,25
Nepzz,stormrage,1461,demonhunter,havoc,78,44,34
Eery,tichondrius,1461,demonhunter,havoc,71,35,36
Mamif,korgath,1460,demonhunter,havoc,68,31,37
Hellnkeller,tichondrius,1459,demonhunter,havoc,36,16,20
Somethingstu,sargeras,1458,demonhunter,havoc,28,18,10
Bofxo,sargeras,1458,demonhunter,havoc,53,25,28
Gohamx,illidan,1457,demonhunter,havoc,110,54,56
Felseal,frostmourne,1456,demonhunter,havoc,53,34,19
Demonhunter,kirin-tor,1456,demonhunter,havoc,66,28,38
Coohiyan,tichondrius,1455,demonhunter,havoc,30,18,12
Nekrosdaeva,zuljin,1455,demonhunter,havoc,73,40,33
Telmordrin,azralon,1454,demonhunter,havoc,38,21,17
Sciatic,area-52,1454,demonhunter,havoc,68,33,35
Sloôtybag,tichondrius,1452,demonhunter,havoc,36,19,17
Órph,sargeras,1452,demonhunter,havoc,42,22,20
Wangasaurus,emerald-dream,1452,demonhunter,havoc,54,26,28
Xillidan,area-52,1450,demonhunter,havoc,112,70,42
Tøwers,aegwynn,1449,demonhunter,havoc,60,32,28
Sëlene,antonidas,1449,demonhunter,havoc,83,40,43
Wokeaf,malganis,1448,demonhunter,havoc,35,16,19
Bucx,barthilas,1445,demonhunter,havoc,60,36,24
Nicodine,tichondrius,1445,demonhunter,havoc,63,34,29
Enfirok,duskwood,1445,demonhunter,havoc,288,145,143
Warlasher,zuljin,1444,demonhunter,havoc,216,105,111
Ragiidh,tichondrius,1443,demonhunter,havoc,45,19,26
Vilal,dalaran,1441,demonhunter,havoc,26,20,6
Faphunter,illidan,1441,demonhunter,havoc,87,50,37
Tyredris,kelthuzad,1441,demonhunter,havoc,44,24,20
Véñom,area-52,1440,demonhunter,havoc,54,17,37
Ragiixoxo,tichondrius,1438,demonhunter,havoc,24,15,9
Huntoneshot,bleeding-hollow,1438,demonhunter,havoc,49,26,23
Molchamp,kelthuzad,1438,demonhunter,havoc,60,27,33
Feelmybush,barthilas,1438,demonhunter,havoc,72,29,43
Haades,proudmoore,1437,demonhunter,havoc,48,25,23
Grizzop,sargeras,1437,demonhunter,havoc,96,48,48
Lravanal,quelthalas,1435,demonhunter,havoc,24,17,7
Fametrap,tichondrius,1435,demonhunter,havoc,24,15,9
Backtolumby,bleeding-hollow,1435,demonhunter,havoc,53,30,23
ßlurr,moon-guard,1435,demonhunter,havoc,114,63,51
Exequion,ragnaros,1435,demonhunter,havoc,140,77,63
Broneill,blood-furnace,1435,demonhunter,havoc,60,27,33
Derperhunter,kiljaeden,1434,demonhunter,havoc,66,33,33
Beastsburdun,zuljin,1433,demonhunter,havoc,24,15,9
Spasmodiic,illidan,1433,demonhunter,havoc,33,17,16
Hemmerdainz,kelthuzad,1432,demonhunter,havoc,60,25,35
Remuko,tichondrius,1430,demonhunter,havoc,30,15,15
Dridri,quelthalas,1430,demonhunter,havoc,44,21,23
Glaivez,korgath,1429,demonhunter,havoc,24,15,9
Unjusthunt,magtheridon,1429,demonhunter,havoc,30,15,15
Egirlhunter,echo-isles,1429,demonhunter,havoc,30,15,15
Mybus,tichondrius,1429,demonhunter,havoc,72,32,40
Trillidan,mugthol,1429,demonhunter,havoc,36,15,21
Iim,tichondrius,1428,demonhunter,havoc,87,35,52
Absinith,jubeithos,1427,demonhunter,havoc,28,20,8
Crankbaz,malganis,1426,demonhunter,havoc,24,15,9
Pigmah,malganis,1426,demonhunter,havoc,28,16,12
Kyuno,eitrigg,1425,demonhunter,havoc,36,17,19
Sätyr,bleeding-hollow,1424,demonhunter,havoc,48,16,32
Metabeam,tichondrius,1423,demonhunter,havoc,42,27,15
Superlative,area-52,1423,demonhunter,havoc,24,15,9
Thebojanglz,frostmourne,1421,demonhunter,havoc,25,16,9
Illusiondh,tichondrius,1421,demonhunter,havoc,93,56,37
Moylecrumbs,stormrage,1420,demonhunter,havoc,102,50,52
Creamboi,stormrage,1419,demonhunter,havoc,34,19,15
Viismoke,thaurissan,1418,demonhunter,havoc,48,28,20
Talyethsam,shadowsong,1418,demonhunter,havoc,32,16,16
Anatema,illidan,1417,demonhunter,havoc,91,46,45
Valka,emerald-dream,1416,demonhunter,havoc,100,53,47
Dèmonhuntèr,tichondrius,1415,demonhunter,havoc,134,64,70
Ikilldemonz,thrall,1415,demonhunter,havoc,42,19,23
Shadowmoonz,frostmourne,1414,demonhunter,havoc,35,15,20
Greent,stormrage,1413,demonhunter,havoc,48,31,17
Tickelfist,zuljin,1413,demonhunter,havoc,115,59,56
Eazyrat,stormrage,1412,demonhunter,havoc,42,28,14
Varthalos,thrall,1412,demonhunter,havoc,96,54,42
Mavèrick,thrall,1411,demonhunter,havoc,63,29,34
Halleblurry,dalaran,1410,demonhunter,havoc,24,15,9
Oxyoxy,illidan,1410,demonhunter,havoc,37,23,14
Genruis,area-52,1410,demonhunter,havoc,61,30,31
Colinn,illidan,1409,demonhunter,havoc,42,25,17
Kushidari,tichondrius,1409,demonhunter,havoc,96,54,42
Cybertrax,tichondrius,1408,demonhunter,havoc,24,15,9
Salomesalvi,proudmoore,1405,demonhunter,havoc,36,24,12
Grumblepuppy,hyjal,1404,demonhunter,havoc,41,18,23
Narchis,malganis,1403,demonhunter,havoc,30,17,13
Ralrdh,ragnaros,1402,demonhunter,havoc,42,24,18
Soupwoup,moon-guard,1402,demonhunter,havoc,69,35,34
Bigflopper,malganis,1402,demonhunter,havoc,30,15,15
Loreney,quelthalas,1402,demonhunter,havoc,120,55,65
Rytesx,moon-guard,1400,demonhunter,havoc,46,33,13
Yodiegang,nazgrel,1400,demonhunter,havoc,24,15,9
Demonicfish,malganis,1400,demonhunter,havoc,72,40,32
Refractx,illidan,1400,demonhunter,havoc,83,45,38
Noxon,stormrage,1400,demonhunter,havoc,98,50,48
Lonelydusk,zangarmarsh,1400,demonhunter,havoc,48,24,24
Ehrapist,kelthuzad,1399,demonhunter,havoc,30,16,14
Hoein,eldrethalas,1398,demonhunter,havoc,95,54,41
Skace,jubeithos,1397,demonhunter,havoc,102,56,46
Phoébé,drakkari,1394,demonhunter,havoc,36,19,17
Softkyll,area-52,1394,demonhunter,havoc,369,191,178
Cherlas,blood-furnace,1393,demonhunter,havoc,99,52,47
Ranir,doomhammer,1393,demonhunter,havoc,72,32,40
Falachio,tichondrius,1391,demonhunter,havoc,99,49,50
Swarlee,kiljaeden,1389,demonhunter,havoc,89,49,40
Siksix,bleeding-hollow,1389,demonhunter,havoc,54,27,27
Tharzadan,quelthalas,1387,demonhunter,havoc,51,26,25
Dejay,thunderhorn,1386,demonhunter,havoc,48,30,18
Kúrama,tichondrius,1385,demonhunter,havoc,78,46,32
Snaped,tichondrius,1384,demonhunter,havoc,42,28,14
Jackk,nordrassil,1384,demonhunter,havoc,41,21,20
Lostsoulzz,tichondrius,1383,demonhunter,havoc,45,28,17
Vegan,magtheridon,1382,demonhunter,havoc,48,29,19
Allenqt,azralon,1381,demonhunter,havoc,42,22,20
Onií,bleeding-hollow,1379,demonhunter,havoc,35,17,18
Elidani,area-52,1379,demonhunter,havoc,60,26,34
Foxdie,bonechewer,1378,demonhunter,havoc,72,36,36
Hàuntress,saurfang,1377,demonhunter,havoc,48,25,23
Yukisyn,proudmoore,1376,demonhunter,havoc,114,61,53
Violegrace,area-52,1376,demonhunter,havoc,106,51,55
Villumninati,tichondrius,1375,demonhunter,havoc,48,27,21
Omgshesocute,hyjal,1375,demonhunter,havoc,36,18,18
Kellox,ragnaros,1372,demonhunter,havoc,36,15,21
Petty,moon-guard,1371,demonhunter,havoc,48,28,20
Fugabag,thrall,1371,demonhunter,havoc,58,28,30
Duhan,tichondrius,1370,demonhunter,havoc,237,123,114
Kazdh,sargeras,1367,demonhunter,havoc,48,25,23
Chaz,blood-furnace,1366,demonhunter,havoc,36,16,20
Jellous,rivendare,1366,demonhunter,havoc,42,17,25
Xiaochicken,tichondrius,1363,demonhunter,havoc,55,26,29
Loadedtruck,frostmourne,1362,demonhunter,havoc,24,16,8
Vespherie,moon-guard,1362,demonhunter,havoc,61,37,24
Kakster,tichondrius,1362,demonhunter,havoc,66,35,31
Methany,saurfang,1362,demonhunter,havoc,105,48,57
Ronkasprince,thunderlord,1361,demonhunter,havoc,92,41,51
Layli,azralon,1360,demonhunter,havoc,42,25,17
Çummins,malganis,1359,demonhunter,havoc,38,22,16
Cresslina,tichondrius,1359,demonhunter,havoc,48,22,26
Nupx,frostmourne,1358,demonhunter,havoc,33,17,16
Felbreak,stormrage,1358,demonhunter,havoc,72,35,37
Celestiel,cenarion-circle,1357,demonhunter,havoc,30,17,13
Kalmor,barthilas,1357,demonhunter,havoc,69,33,36
Magenie,korgath,1355,demonhunter,havoc,23,15,8
Muerdun,tichondrius,1355,demonhunter,havoc,36,20,16
Hornedelf,frostmourne,1355,demonhunter,havoc,41,22,19
Gwendanzig,zangarmarsh,1355,demonhunter,havoc,60,28,32
Báléríón,area-52,1354,demonhunter,havoc,53,31,22
Thunderray,ragnaros,1354,demonhunter,havoc,36,21,15
Rizzaarrdd,tichondrius,1352,demonhunter,havoc,134,70,64
Metagoblin,tichondrius,1352,demonhunter,havoc,30,15,15
Xlash,malganis,1350,demonhunter,havoc,33,15,18
Kitnix,proudmoore,1349,demonhunter,havoc,31,16,15
Arête,malganis,1349,demonhunter,havoc,31,15,16
Krizo,frostmourne,1348,demonhunter,havoc,37,19,18
Rânkle,darkspear,1345,demonhunter,havoc,46,25,21
Exzyo,area-52,1344,demonhunter,havoc,18,14,4
Rem,stormrage,1344,demonhunter,havoc,69,37,32
Onewhoknox,mannoroth,1344,demonhunter,havoc,126,64,62
Ergzydh,frostmourne,1344,demonhunter,havoc,72,30,42
Taylordem,tichondrius,1342,demonhunter,havoc,24,14,10
Kokushiibo,frostwolf,1342,demonhunter,havoc,24,14,10
Riskerdog,tichondrius,1342,demonhunter,havoc,30,14,16
Theflurry,tichondrius,1342,demonhunter,havoc,36,14,22
Beerbreak,area-52,1342,demonhunter,havoc,42,14,28
Catastrophis,tichondrius,1341,demonhunter,havoc,36,18,18
Deviljane,illidan,1340,demonhunter,havoc,24,14,10
Gtåte,azjolnerub,1340,demonhunter,havoc,48,14,34
Demondubya,illidan,1339,demonhunter,havoc,28,15,13
Malviciouss,tichondrius,1339,demonhunter,havoc,78,37,41
Kellytgt,perenolde,1338,demonhunter,havoc,78,40,38
Sillyslayadk,moon-guard,1336,demonhunter,havoc,118,67,51
Mudßutt,malganis,1335,demonhunter,havoc,36,14,22
Dakro,blackrock,1334,demonhunter,havoc,28,17,11
Alganoth,malfurion,1332,demonhunter,havoc,73,37,36
Smilingbomb,tichondrius,1332,demonhunter,havoc,30,14,16
Melantharia,wyrmrest-accord,1331,demonhunter,havoc,30,14,16
Asmoday,warsong,1330,demonhunter,havoc,132,77,55
Majnun,moon-guard,1330,demonhunter,havoc,65,30,35
Soulsteall,tichondrius,1327,demonhunter,havoc,36,24,12
Xein,khazgoroth,1327,demonhunter,havoc,66,30,36
Mördredd,quelthalas,1327,demonhunter,havoc,40,16,24
Elevateztko,stormrage,1326,demonhunter,havoc,36,16,20
Kêrbydh,frostmourne,1325,demonhunter,havoc,36,22,14
Revean,darkspear,1325,demonhunter,havoc,114,63,51
Vizionz,emerald-dream,1324,demonhunter,havoc,53,29,24
Intensìve,illidan,1324,demonhunter,havoc,81,32,49
Creamin,thrall,1323,demonhunter,havoc,24,15,9
Felraven,scarlet-crusade,1322,demonhunter,havoc,28,15,13
Zévron,area-52,1322,demonhunter,havoc,54,26,28
Hyjixer,stormrage,1321,demonhunter,havoc,36,14,22
Inkubuz,sargeras,1319,demonhunter,havoc,139,70,69
Margerie,bleeding-hollow,1319,demonhunter,havoc,43,21,22
Aleira,frostwolf,1318,demonhunter,havoc,58,32,26
Gigavlad,area-52,1317,demonhunter,havoc,30,14,16
Chromatïc,jubeithos,1317,demonhunter,havoc,72,30,42
Kaelidan,kelthuzad,1316,demonhunter,havoc,111,58,53
Litzilla,thrall,1315,demonhunter,havoc,42,20,22
Nolights,area-52,1315,demonhunter,havoc,90,37,53
Sicklyslick,frostmourne,1313,demonhunter,havoc,25,15,10
Valdiran,duskwood,1312,demonhunter,havoc,71,30,41
Nurzal,malganis,1310,demonhunter,havoc,30,14,16
Thêpunisher,ragnaros,1309,demonhunter,havoc,124,61,63
Jibaiye,tichondrius,1309,demonhunter,havoc,30,14,16
Noctemdh,tichondrius,1309,demonhunter,havoc,69,29,40
Telrindyl,moon-guard,1308,demonhunter,havoc,105,59,46
Dömönic,illidan,1306,demonhunter,havoc,30,18,12
Ashtyr,emerald-dream,1306,demonhunter,havoc,28,16,12
Aeonys,stormrage,1304,demonhunter,havoc,48,27,21
Tekkamanevil,tichondrius,1304,demonhunter,havoc,210,104,106
Powertaco,tichondrius,1304,demonhunter,havoc,67,31,36
Rosamune,kelthuzad,1304,demonhunter,havoc,47,18,29
Yaakee,tichondrius,1303,demonhunter,havoc,30,18,12
Belial,haomarush,1299,demonhunter,havoc,54,28,26
Artemisleto,tichondrius,1299,demonhunter,havoc,42,19,23
Halftruth,stormrage,1298,demonhunter,havoc,46,22,24
Nrpx,stormrage,1298,demonhunter,havoc,34,14,20
Thechaz,bleeding-hollow,1297,demonhunter,havoc,54,34,20
Darthmah,illidan,1295,demonhunter,havoc,24,16,8
Revvup,tichondrius,1294,demonhunter,havoc,71,33,38
Alaron,wildhammer,1293,demonhunter,havoc,99,53,46
Naelaksa,tichondrius,1293,demonhunter,havoc,36,14,22
Silvs,illidan,1291,demonhunter,havoc,244,131,113
Mursiless,drenden,1290,demonhunter,havoc,24,15,9
Itachiix,sargeras,1289,demonhunter,havoc,36,23,13
Szei,tichondrius,1289,demonhunter,havoc,27,16,11
Chungg,laughing-skull,1287,demonhunter,havoc,30,15,15
Draenkz,ragnaros,1287,demonhunter,havoc,46,15,31
Hawkowicz,tichondrius,1286,demonhunter,havoc,199,99,100
Durello,stormrage,1284,demonhunter,havoc,60,29,31
Vwap,tichondrius,1284,demonhunter,havoc,29,14,15
Siicknote,frostmourne,1284,demonhunter,havoc,29,14,15
Adryr,eredar,1283,demonhunter,havoc,46,27,19
Killmongeer,tichondrius,1282,demonhunter,havoc,27,16,11
Rolecheck,tichondrius,1281,demonhunter,havoc,38,20,18
Facerollfel,tichondrius,1280,demonhunter,havoc,30,14,16
Felshiv,azralon,1279,demonhunter,havoc,36,16,20
Roughins,chogall,1278,demonhunter,havoc,51,28,23
Christensen,illidan,1276,demonhunter,havoc,78,43,35
Sylenah,hyjal,1273,demonhunter,havoc,30,14,16
Whataboutbob,korgath,1268,demonhunter,havoc,36,14,22
Mortiria,dalaran,1267,demonhunter,havoc,67,30,37
Dakkemon,zuljin,1267,demonhunter,havoc,44,15,29
Tattedandfab,stormrage,1265,demonhunter,havoc,102,44,58
Yønkou,stormrage,1264,demonhunter,havoc,143,70,73
Vaxs,moon-guard,1263,demonhunter,havoc,85,47,38
Fiziokratdh,ghostlands,1263,demonhunter,havoc,67,30,37
Diversityabc,bleeding-hollow,1263,demonhunter,havoc,72,30,42
Skilla,frostmourne,1262,demonhunter,havoc,85,42,43
Wíkkihx,emerald-dream,1262,demonhunter,havoc,67,30,37
Howller,azralon,1261,demonhunter,havoc,39,18,21
Amdusias,darkspear,1259,demonhunter,havoc,49,22,27
Eullz,skullcrusher,1257,demonhunter,havoc,31,14,17
Twodxoxo,kelthuzad,1256,demonhunter,havoc,24,14,10
Xà,sargeras,1256,demonhunter,havoc,36,14,22
Onlypain,korgath,1253,demonhunter,havoc,44,18,26
Aroncruel,area-52,1249,demonhunter,havoc,54,32,22
Blinddh,bleeding-hollow,1249,demonhunter,havoc,32,14,18
Mårth,caelestrasz,1248,demonhunter,havoc,48,25,23
Ilovenina,sargeras,1247,demonhunter,havoc,24,13,11
Erasér,area-52,1247,demonhunter,havoc,24,13,11
Gènji,tichondrius,1246,demonhunter,havoc,24,13,11
Demonlord,shattered-hand,1246,demonhunter,havoc,43,18,25
Kalikanzar,sargeras,1245,demonhunter,havoc,24,13,11
Demonthorne,illidan,1245,demonhunter,havoc,24,13,11
Rykidh,tichondrius,1245,demonhunter,havoc,30,13,17
Äòégämîñg,stormrage,1245,demonhunter,havoc,36,13,23
Alizqt,ragnaros,1244,demonhunter,havoc,24,13,11
Kereses,bonechewer,1244,demonhunter,havoc,51,27,24
Hoguriders,tichondrius,1244,demonhunter,havoc,30,13,17
Baejuhyun,kiljaeden,1243,demonhunter,havoc,24,16,8
Nichousha,tichondrius,1243,demonhunter,havoc,24,13,11
Decoi,tichondrius,1241,demonhunter,havoc,24,13,11
Kimochinchin,ragnaros,1241,demonhunter,havoc,24,13,11
Cocomeld,tichondrius,1240,demonhunter,havoc,18,13,5
Miltonpickle,tichondrius,1240,demonhunter,havoc,54,24,30
Tydriedian,dalaran,1239,demonhunter,havoc,18,13,5
Missjotab,tichondrius,1239,demonhunter,havoc,24,13,11
Harû,tichondrius,1239,demonhunter,havoc,30,13,17
Narandra,malganis,1239,demonhunter,havoc,36,13,23
Subieshift,sargeras,1237,demonhunter,havoc,27,14,13
Zétta,area-52,1236,demonhunter,havoc,24,13,11
Thegudgud,stormrage,1236,demonhunter,havoc,24,13,11
Demonbane,moon-guard,1236,demonhunter,havoc,54,27,27
Maddummy,tichondrius,1234,demonhunter,havoc,30,13,17
Madblader,tichondrius,1232,demonhunter,havoc,24,13,11
Mázoku,shuhalo,1232,demonhunter,havoc,32,15,17
Lixthing,ragnaros,1231,demonhunter,havoc,62,40,22
Zunfooki,stormrage,1231,demonhunter,havoc,24,13,11
Sorrybadgas,illidan,1231,demonhunter,havoc,36,13,23
Láskó,area-52,1230,demonhunter,havoc,20,15,5
Narene,mannoroth,1230,demonhunter,havoc,51,22,29
Sikäria,malganis,1229,demonhunter,havoc,24,13,11
Wowomg,tichondrius,1228,demonhunter,havoc,24,13,11
Superbug,quelthalas,1224,demonhunter,havoc,78,38,40
Trituone,ragnaros,1224,demonhunter,havoc,79,37,42
Rorac,ragnaros,1223,demonhunter,havoc,30,13,17
Tezrian,earthen-ring,1221,demonhunter,havoc,24,13,11
Pokoloko,twisting-nether,1219,demonhunter,havoc,38,15,23
Lachesix,tichondrius,1217,demonhunter,havoc,30,13,17
Devwillhuntu,barthilas,1216,demonhunter,havoc,80,42,38
Pilyn,ragnaros,1216,demonhunter,havoc,80,39,41
Evros,tichondrius,1213,demonhunter,havoc,56,31,25
Keelin,ragnaros,1212,demonhunter,havoc,28,13,15
Scarshine,frostmourne,1211,demonhunter,havoc,109,48,61
Eraticdh,illidan,1211,demonhunter,havoc,30,13,17
Spicywings,arthas,1209,demonhunter,havoc,42,18,24
Neecro,frostmourne,1208,demonhunter,havoc,78,36,42
Cursesoul,area-52,1206,demonhunter,havoc,60,31,29
Zématador,azralon,1205,demonhunter,havoc,112,57,55
Raradane,illidan,1203,demonhunter,havoc,18,13,5
Spamsamich,stormscale,1203,demonhunter,havoc,83,47,36
Demonkratoz,ragnaros,1203,demonhunter,havoc,61,24,37
Pupupoo,tichondrius,1202,demonhunter,havoc,78,37,41
Hellspawnn,malganis,1200,demonhunter,havoc,44,24,20
Zetsuwaffles,area-52,1198,demonhunter,havoc,29,13,16
Etherëäl,stormrage,1194,demonhunter,havoc,53,32,21
Fellight,bonechewer,1193,demonhunter,havoc,42,27,15
Ixix,proudmoore,1192,demonhunter,havoc,62,30,32
Illidice,tichondrius,1189,demonhunter,havoc,30,13,17
Erazuz,stormrage,1188,demonhunter,havoc,30,13,17
Thelada,illidan,1187,demonhunter,havoc,33,16,17
Brunoqt,azralon,1185,demonhunter,havoc,29,13,16
Cyberpsycho,illidan,1184,demonhunter,havoc,30,14,16
Erandrida,frostmourne,1184,demonhunter,havoc,33,13,20
Sleepyjobe,sargeras,1183,demonhunter,havoc,16,13,3
Tyrelara,durotan,1179,demonhunter,havoc,23,13,10
Falsewave,sargeras,1178,demonhunter,havoc,30,18,12
Glayve,emerald-dream,1178,demonhunter,havoc,85,41,44
Saelila,emerald-dream,1172,demonhunter,havoc,30,13,17
Dyingslow,stormrage,1172,demonhunter,havoc,66,24,42
Buzzmezaddy,bleeding-hollow,1170,demonhunter,havoc,63,28,35
Ënky,ragnaros,1170,demonhunter,havoc,54,23,31
Gouge,hakkar,1167,demonhunter,havoc,55,30,25
Daiks,proudmoore,1166,demonhunter,havoc,48,22,26
Jotalejandro,quelthalas,1162,demonhunter,havoc,36,13,23
Sucubus,eredar,1161,demonhunter,havoc,48,26,22
Bzrp,stormrage,1161,demonhunter,havoc,46,24,22
Inntty,barthilas,1161,demonhunter,havoc,28,14,14
Zoruv,quelthalas,1160,demonhunter,havoc,27,14,13
Thedaz,frostmourne,1158,demonhunter,havoc,143,66,77
Hiddenblade,coilfang,1158,demonhunter,havoc,67,29,38
Larayedia,illidan,1156,demonhunter,havoc,24,17,7
Ozark,barthilas,1156,demonhunter,havoc,48,29,19
Xragii,kelthuzad,1152,demonhunter,havoc,24,12,12
Medusarri,frostmourne,1152,demonhunter,havoc,71,35,36
Postodesaúde,azralon,1151,demonhunter,havoc,24,12,12
Insomdh,sargeras,1150,demonhunter,havoc,18,12,6
Ðrogö,emerald-dream,1150,demonhunter,havoc,18,12,6
Painkiiller,kelthuzad,1150,demonhunter,havoc,58,32,26
Fasnk,tichondrius,1150,demonhunter,havoc,24,12,12
Qixoni,emerald-dream,1150,demonhunter,havoc,30,12,18
Àku,area-52,1149,demonhunter,havoc,24,12,12
Xylëm,tichondrius,1149,demonhunter,havoc,36,12,24
Openhard,stormrage,1148,demonhunter,havoc,24,12,12
Chaosfienddh,bleeding-hollow,1146,demonhunter,havoc,30,12,18
Luana,stormscale,1145,demonhunter,havoc,24,12,12
Koodachicken,kul-tiras,1144,demonhunter,havoc,24,12,12
Yedeme,tichondrius,1143,demonhunter,havoc,49,17,32
Skinnrd,malganis,1142,demonhunter,havoc,24,12,12
Vandeste,tichondrius,1142,demonhunter,havoc,30,12,18
Elenamarth,kiljaeden,1142,demonhunter,havoc,36,14,22
Kagraxxis,stormrage,1141,demonhunter,havoc,21,13,8
Swoffordsr,tichondrius,1141,demonhunter,havoc,48,23,25
Aethrys,amanthul,1140,demonhunter,havoc,18,12,6
Magoroth,ragnaros,1139,demonhunter,havoc,30,20,10
Torophz,azralon,1139,demonhunter,havoc,30,12,18
Rhadê,ragnaros,1138,demonhunter,havoc,24,12,12
Vivas,tichondrius,1136,demonhunter,havoc,24,12,12
Endyr,area-52,1136,demonhunter,havoc,25,12,13
Aliniron,illidan,1135,demonhunter,havoc,30,17,13
Ovèrrated,area-52,1134,demonhunter,havoc,90,40,50
Tayel,emerald-dream,1133,demonhunter,havoc,34,19,15
Keigna,tichondrius,1132,demonhunter,havoc,18,12,6
Dandreb,draenor,1130,demonhunter,havoc,29,15,14
Diddlemethis,nagrand,1127,demonhunter,havoc,24,13,11
Jennesis,tichondrius,1126,demonhunter,havoc,78,36,42
Momysimpypoo,tichondrius,1125,demonhunter,havoc,18,12,6
Ibeatrix,malorne,1124,demonhunter,havoc,24,18,6
Flyingsky,tichondrius,1121,demonhunter,havoc,24,14,10
Syrena,mugthol,1119,demonhunter,havoc,24,12,12
Attritionx,sargeras,1118,demonhunter,havoc,23,13,10
Overwatch,gundrak,1112,demonhunter,havoc,27,15,12
Demonslaier,dragonblight,1109,demonhunter,havoc,38,20,18
Weedeaterr,arthas,1109,demonhunter,havoc,48,14,34
Lory,eldrethalas,1108,demonhunter,havoc,67,33,34
Aflex,zuljin,1106,demonhunter,havoc,24,12,12
Dennfear,skullcrusher,1104,demonhunter,havoc,30,17,13
Jënesis,illidan,1104,demonhunter,havoc,92,44,48
Thèflurry,tichondrius,1102,demonhunter,havoc,23,12,11
Kêydën,ragnaros,1099,demonhunter,havoc,22,14,8
Lovekills,tichondrius,1098,demonhunter,havoc,24,12,12
Foodtruck,hellscream,1095,demonhunter,havoc,23,13,10
Miroir,silvermoon,1094,demonhunter,havoc,119,54,65
Blazed,thrall,1092,demonhunter,havoc,106,49,57
Imjustbad,malganis,1091,demonhunter,havoc,48,27,21
Bogged,emerald-dream,1091,demonhunter,havoc,27,12,15
Sätän,malganis,1089,demonhunter,havoc,24,13,11
Lilliåna,kiljaeden,1085,demonhunter,havoc,56,24,32
Kelmar,stormreaver,1084,demonhunter,havoc,32,12,20
Moxí,ragnaros,1082,demonhunter,havoc,36,19,17
Xonu,sargeras,1077,demonhunter,havoc,22,12,10
Bhuppz,frostmourne,1076,demonhunter,havoc,22,12,10
Misfortune,bloodscalp,1076,demonhunter,havoc,36,15,21
Nixsa,area-52,1073,demonhunter,havoc,84,37,47
Xxsozin,skullcrusher,1073,demonhunter,havoc,30,12,18
Dirtyvitus,gorefiend,1072,demonhunter,havoc,36,24,12
Portgaes,ragnaros,1071,demonhunter,havoc,53,15,38
Esomet,stormrage,1070,demonhunter,havoc,27,15,12
Demonaco,tichondrius,1065,demonhunter,havoc,34,12,22
Faalleen,quelthalas,1059,demonhunter,havoc,18,12,6
Syrine,veknilash,1059,demonhunter,havoc,72,41,31
Illadra,fizzcrank,1058,demonhunter,havoc,23,12,11
Shakah,dragonmaw,1056,demonhunter,havoc,18,11,7
Kolthis,tichondrius,1056,demonhunter,havoc,24,11,13
Thegoph,bleeding-hollow,1056,demonhunter,havoc,24,11,13
Çópê,sargeras,1055,demonhunter,havoc,18,11,7
Fiveiq,malganis,1055,demonhunter,havoc,18,11,7
Fëlla,tanaris,1055,demonhunter,havoc,18,11,7
Zztzz,illidan,1055,demonhunter,havoc,18,11,7
Gogungho,tichondrius,1055,demonhunter,havoc,24,11,13
Tomhenk,blackrock,1055,demonhunter,havoc,24,11,13
Feliodas,tichondrius,1055,demonhunter,havoc,24,11,13
Koverage,frostmourne,1054,demonhunter,havoc,18,11,7
Icantseelol,sargeras,1054,demonhunter,havoc,18,11,7
Ravack,stormrage,1054,demonhunter,havoc,18,11,7
Thumôss,malganis,1054,demonhunter,havoc,18,11,7
Ariaxy,sargeras,1054,demonhunter,havoc,18,11,7
Skógarmaðr,garrosh,1054,demonhunter,havoc,35,17,18
Behemod,thrall,1054,demonhunter,havoc,24,11,13
Spicyblades,stormrage,1054,demonhunter,havoc,47,21,26
Dankhuntér,zuljin,1054,demonhunter,havoc,30,11,19
Xavid,bleeding-hollow,1053,demonhunter,havoc,24,11,13
Thedee,emerald-dream,1053,demonhunter,havoc,30,11,19
Shinitakunai,area-52,1052,demonhunter,havoc,30,11,19
Antaris,stonemaul,1051,demonhunter,havoc,24,11,13
Messenoire,area-52,1051,demonhunter,havoc,26,11,15
Loathy,tichondrius,1050,demonhunter,havoc,18,11,7
Zigzagrat,sargeras,1050,demonhunter,havoc,24,11,13
Zeane,tichondrius,1050,demonhunter,havoc,27,12,15
Sammyvicious,tichondrius,1049,demonhunter,havoc,16,12,4
Ønsen,tichondrius,1049,demonhunter,havoc,29,11,18
Shandras,dathremar,1048,demonhunter,havoc,18,11,7
Vuse,moon-guard,1048,demonhunter,havoc,24,11,13
Covoth,bleeding-hollow,1048,demonhunter,havoc,27,12,15
Faster,tichondrius,1048,demonhunter,havoc,30,11,19
Winlegend,gallywix,1048,demonhunter,havoc,32,11,21
Legäult,bleeding-hollow,1047,demonhunter,havoc,33,17,16
Cðnstantine,barthilas,1047,demonhunter,havoc,24,11,13
Callux,black-dragonflight,1047,demonhunter,havoc,30,11,19
Rewyle,magtheridon,1047,demonhunter,havoc,30,11,19
Litan,ragnaros,1046,demonhunter,havoc,18,11,7
Midewdh,proudmoore,1046,demonhunter,havoc,24,11,13
Taters,gorefiend,1045,demonhunter,havoc,18,11,7
Dameon,wildhammer,1045,demonhunter,havoc,72,36,36
Jámès,area-52,1045,demonhunter,havoc,24,11,13
Throniren,stormrage,1044,demonhunter,havoc,24,11,13
Kazadin,azralon,1044,demonhunter,havoc,70,29,41
Xanthee,drakkari,1043,demonhunter,havoc,81,41,40
Gosrend,durotan,1043,demonhunter,havoc,37,11,26
Rickinmorty,lightnings-blade,1041,demonhunter,havoc,19,11,8
Misriah,sargeras,1039,demonhunter,havoc,30,11,19
Aedice,gurubashi,1038,demonhunter,havoc,24,11,13
Rhaast,executus,1035,demonhunter,havoc,79,35,44
Mindburn,shadowmoon,1031,demonhunter,havoc,29,19,10
Felbòy,korgath,1029,demonhunter,havoc,24,11,13
Chronicsmoke,blood-furnace,1024,demonhunter,havoc,30,14,16
Hentaidemon,kiljaeden,1023,demonhunter,havoc,36,18,18
Darkweast,dalaran,1021,demonhunter,havoc,24,11,13
Swansong,norgannon,1016,demonhunter,havoc,24,13,11
Veridax,quelthalas,1014,demonhunter,havoc,18,11,7
Ghostzface,sargeras,1010,demonhunter,havoc,61,30,31
Eikichi,bleeding-hollow,1009,demonhunter,havoc,54,26,28
Catfood,icecrown,1008,demonhunter,havoc,27,11,16
Nemoj,hellscream,1007,demonhunter,havoc,18,11,7
Chirõn,moonrunner,1007,demonhunter,havoc,23,11,12
Seamenhunter,garrosh,1004,demonhunter,havoc,24,12,12
Blops,emerald-dream,1001,demonhunter,havoc,51,27,24
Sourlime,stormrage,1001,demonhunter,havoc,29,11,18
Shawnchad,blood-furnace,999,demonhunter,havoc,139,71,68
Funspunk,nagrand,995,demonhunter,havoc,42,11,31
Xxann,tichondrius,991,demonhunter,havoc,26,11,15
Nécô,tichondrius,987,demonhunter,havoc,26,11,15
Lüky,malganis,986,demonhunter,havoc,22,11,11
Funky,draenor,983,demonhunter,havoc,34,18,16
Suhui,sargeras,983,demonhunter,havoc,29,11,18
Doomhead,burning-legion,981,demonhunter,havoc,24,15,9
Ethelric,frostmourne,980,demonhunter,havoc,59,18,41
Keeblerself,tichondrius,979,demonhunter,havoc,30,16,14
Dbljump,kiljaeden,979,demonhunter,havoc,32,11,21
Andarïel,bleeding-hollow,977,demonhunter,havoc,25,12,13
Cuint,barthilas,976,demonhunter,havoc,36,18,18
Annabow,moon-guard,975,demonhunter,havoc,113,59,54
Clorhídrico,quelthalas,970,demonhunter,havoc,88,43,45
Vladdtepes,cairne,964,demonhunter,havoc,113,60,53
Slayup,area-52,960,demonhunter,havoc,12,10,2
Hypetraindh,kelthuzad,960,demonhunter,havoc,12,10,2
Doomsday,kargath,960,demonhunter,havoc,12,10,2
Tundies,tichondrius,960,demonhunter,havoc,18,10,8
Noopstop,tichondrius,960,demonhunter,havoc,18,10,8
Lancee,zuljin,960,demonhunter,havoc,24,10,14
Ntts,tichondrius,960,demonhunter,havoc,24,10,14
Demonleap,proudmoore,959,demonhunter,havoc,18,10,8
Theownz,stormrage,959,demonhunter,havoc,18,10,8
Sourapple,barthilas,959,demonhunter,havoc,18,10,8
Myelvénlady,shattered-hand,959,demonhunter,havoc,18,10,8
Thrania,lothar,959,demonhunter,havoc,24,10,14
Misakidh,sargeras,959,demonhunter,havoc,24,10,14
Iluvboóty,blackrock,959,demonhunter,havoc,24,10,14
Hueylucifer,ravencrest,959,demonhunter,havoc,30,10,20
Khaodemus,kaelthas,958,demonhunter,havoc,12,10,2
Cyånan,bleeding-hollow,958,demonhunter,havoc,23,14,9
Çherrii,moon-guard,958,demonhunter,havoc,36,21,15
Planeinsky,malganis,958,demonhunter,havoc,18,10,8
Bronaanas,tichondrius,958,demonhunter,havoc,18,10,8
Krelious,barthilas,957,demonhunter,havoc,18,10,8
Alwaysin,zuljin,957,demonhunter,havoc,18,10,8
Randôm,kelthuzad,957,demonhunter,havoc,21,11,10
Gilberte,stormrage,957,demonhunter,havoc,24,10,14
Vishì,thrall,957,demonhunter,havoc,30,10,20
Tangoh,burning-legion,955,demonhunter,havoc,18,10,8
Imrealgez,wyrmrest-accord,955,demonhunter,havoc,18,10,8
Derelikte,shadowmoon,955,demonhunter,havoc,18,10,8
Jagidan,area-52,955,demonhunter,havoc,24,10,14
Xibir,amanthul,953,demonhunter,havoc,24,10,14
Larnol,moon-guard,952,demonhunter,havoc,18,10,8
Nerco,bleeding-hollow,952,demonhunter,havoc,24,10,14
Vognum,quelthalas,951,demonhunter,havoc,21,11,10
Ghótam,quelthalas,950,demonhunter,havoc,24,10,14
Airaxx,moon-guard,949,demonhunter,havoc,21,11,10
Letzgobrandn,silvermoon,948,demonhunter,havoc,18,10,8
Kwoop,tichondrius,946,demonhunter,havoc,24,10,14
Halfprepared,kelthuzad,946,demonhunter,havoc,30,10,20
Demonizhe,thrall,944,demonhunter,havoc,43,22,21
Elurandre,moon-guard,944,demonhunter,havoc,23,10,13
Rissélys,thrall,942,demonhunter,havoc,36,20,16
Lingnafoxy,tichondrius,939,demonhunter,havoc,27,11,16
Deegsdh,sargeras,932,demonhunter,havoc,27,10,17
Gozer,korialstrasz,929,demonhunter,havoc,36,12,24
Lillidum,azralon,927,demonhunter,havoc,45,21,24
Cleår,kelthuzad,919,demonhunter,havoc,20,11,9
Lanathir,kirin-tor,919,demonhunter,havoc,30,11,19
Bukwheat,thunderhorn,915,demonhunter,havoc,78,37,41
Gravelot,quelthalas,915,demonhunter,havoc,30,10,20
Troigh,thunderlord,912,demonhunter,havoc,60,29,31
Aleymar,tichondrius,909,demonhunter,havoc,24,12,12
Kslicedevil,dalaran,909,demonhunter,havoc,72,31,41
Andyhunter,emerald-dream,908,demonhunter,havoc,74,37,37
Purpsquirter,stormscale,902,demonhunter,havoc,33,14,19
Mysteryastor,tichondrius,901,demonhunter,havoc,24,11,13
Sitarok,drakkari,899,demonhunter,havoc,28,11,17
Falaszun,aegwynn,889,demonhunter,havoc,20,10,10
Creta,frostmourne,882,demonhunter,havoc,24,13,11
Ripchimmii,illidan,880,demonhunter,havoc,25,10,15
Blacktocki,barthilas,878,demonhunter,havoc,22,10,12
Mikiller,thrall,873,demonhunter,havoc,127,62,65
Lrianna,senjin,870,demonhunter,havoc,23,10,13
Riicardo,ragnaros,870,demonhunter,havoc,28,12,16
Faarkyou,barthilas,868,demonhunter,havoc,26,10,16
Wut,nemesis,867,demonhunter,havoc,76,38,38
Ravevê,area-52,864,demonhunter,havoc,12,9,3
Cynthadra,frostmourne,864,demonhunter,havoc,12,9,3
Pennyx,barthilas,864,demonhunter,havoc,12,9,3
Vandämn,barthilas,864,demonhunter,havoc,12,9,3
Bammski,tichondrius,864,demonhunter,havoc,18,9,9
Tarro,whisperwind,864,demonhunter,havoc,18,9,9
Dzdh,stormrage,864,demonhunter,havoc,18,9,9
Paypaldh,malganis,864,demonhunter,havoc,24,9,15
Kronicz,frostmourne,864,demonhunter,havoc,24,9,15
Ripidan,stormrage,864,demonhunter,havoc,30,9,21
Mcgurty,illidan,864,demonhunter,havoc,30,9,21
Noobender,malganis,864,demonhunter,havoc,30,9,21
Agsakim,tichondrius,863,demonhunter,havoc,12,9,3
Rothdh,tichondrius,863,demonhunter,havoc,15,10,5
Beniesdh,frostmourne,863,demonhunter,havoc,18,9,9
Mybraintiny,illidan,863,demonhunter,havoc,18,9,9
Lördvïngadør,azralon,863,demonhunter,havoc,18,9,9
Dogcleave,area-52,863,demonhunter,havoc,18,9,9
Odio,chromaggus,863,demonhunter,havoc,18,9,9
Jiawen,barthilas,863,demonhunter,havoc,18,9,9
Giantryhard,tichondrius,863,demonhunter,havoc,18,9,9
Shaydh,frostmourne,863,demonhunter,havoc,18,9,9
Worldahmelee,illidan,863,demonhunter,havoc,18,9,9
Llivid,area-52,863,demonhunter,havoc,18,9,9
Orosz,bleeding-hollow,863,demonhunter,havoc,18,9,9
Bromosapien,tichondrius,863,demonhunter,havoc,18,9,9
Checkmate,bleeding-hollow,863,demonhunter,havoc,24,9,15
Khaito,illidan,863,demonhunter,havoc,24,9,15
Amanthx,tichondrius,863,demonhunter,havoc,24,9,15
Aeezus,tichondrius,863,demonhunter,havoc,24,9,15
Dragynfíst,malganis,863,demonhunter,havoc,30,9,21
Irezumi,icecrown,862,demonhunter,havoc,18,9,9
Dishdash,agamaggan,862,demonhunter,havoc,18,9,9
Lucipur,thrall,862,demonhunter,havoc,18,9,9
Vida,winterhoof,862,demonhunter,havoc,18,9,9
Atsudadh,illidan,862,demonhunter,havoc,18,9,9
Rizzle,malganis,862,demonhunter,havoc,18,9,9
Hugehogger,boulderfist,862,demonhunter,havoc,18,9,9
Moranah,tichondrius,862,demonhunter,havoc,18,9,9
Trenbolognie,illidan,862,demonhunter,havoc,18,9,9
Blomi,stormrage,862,demonhunter,havoc,18,9,9
Cheriste,malganis,862,demonhunter,havoc,26,10,16
Intensè,proudmoore,862,demonhunter,havoc,24,9,15
Felhunt,ragnaros,861,demonhunter,havoc,24,9,15
Hellboss,dalaran,860,demonhunter,havoc,12,9,3
Feltini,whisperwind,860,demonhunter,havoc,18,9,9
Bodemön,stormrage,860,demonhunter,havoc,18,9,9
Zirrey,stormrage,860,demonhunter,havoc,18,9,9
Rèlentless,moon-guard,860,demonhunter,havoc,18,9,9
Alphmega,malganis,859,demonhunter,havoc,18,9,9
Smokahontas,eredar,859,demonhunter,havoc,18,9,9
Lovedem,area-52,859,demonhunter,havoc,24,9,15
Allukya,azralon,856,demonhunter,havoc,12,9,3
Dartanyn,tichondrius,853,demonhunter,havoc,24,9,15
Drackista,stormrage,852,demonhunter,havoc,18,9,9
Tdmturbo,zuluhed,849,demonhunter,havoc,18,9,9
Jakodh,sargeras,848,demonhunter,havoc,18,9,9
Kellndore,emerald-dream,848,demonhunter,havoc,54,26,28
Aussiepleb,nagrand,846,demonhunter,havoc,87,37,50
Dalmandra,arthas,841,demonhunter,havoc,17,9,8
Syldaeya,silvermoon,838,demonhunter,havoc,22,11,11
Abusedchild,dalaran,837,demonhunter,havoc,36,16,20
Fckyouscott,illidan,830,demonhunter,havoc,14,10,4
Necrødh,tichondrius,828,demonhunter,havoc,16,9,7
Amneshia,ragnaros,828,demonhunter,havoc,18,9,9
Romïna,quelthalas,827,demonhunter,havoc,24,10,14
Myname,aggramar,818,demonhunter,havoc,62,15,47
Busta,dethecus,815,demonhunter,havoc,23,9,14
Pariah,saurfang,813,demonhunter,havoc,17,9,8
Antistar,emerald-dream,799,demonhunter,havoc,26,9,17
Toteschatte,quelthalas,798,demonhunter,havoc,28,9,19
Demonci,stormrage,795,demonhunter,havoc,20,11,9
Äshês,blackhand,791,demonhunter,havoc,14,9,5
Anaríel,quelthalas,788,demonhunter,havoc,24,9,15
Jellehx,frostmourne,784,demonhunter,havoc,13,9,4
Grolschen,proudmoore,784,demonhunter,havoc,42,16,26
Devilspawnss,barthilas,782,demonhunter,havoc,25,9,16
Msbadass,demon-soul,773,demonhunter,havoc,25,9,16
Humanitydh,sargeras,768,demonhunter,havoc,12,8,4
Hëll,spirestone,768,demonhunter,havoc,12,8,4
Surkkdh,tichondrius,768,demonhunter,havoc,12,8,4
Helltaker,blood-furnace,768,demonhunter,havoc,12,8,4
Doomanone,sargeras,768,demonhunter,havoc,12,8,4
Jelleh,frostmourne,768,demonhunter,havoc,12,8,4
Adhdh,haomarush,768,demonhunter,havoc,12,8,4
Deuzz,arthas,768,demonhunter,havoc,12,8,4
Jfangio,moon-guard,768,demonhunter,havoc,12,8,4
Squaller,tichondrius,768,demonhunter,havoc,12,8,4
Calmbefore,tichondrius,768,demonhunter,havoc,12,8,4
Mesidan,illidan,768,demonhunter,havoc,12,8,4
Ðamageinc,emerald-dream,768,demonhunter,havoc,12,8,4
Thickgary,illidan,768,demonhunter,havoc,12,8,4
Lxg,kelthuzad,768,demonhunter,havoc,12,8,4
Dulcibella,tichondrius,768,demonhunter,havoc,12,8,4
Cegocruel,sargeras,768,demonhunter,havoc,13,8,5
Gilarian,stormrage,768,demonhunter,havoc,18,8,10
Veilmaya,arthas,768,demonhunter,havoc,18,8,10
Sero,malganis,768,demonhunter,havoc,18,8,10
Neverblurx,kirin-tor,768,demonhunter,havoc,18,8,10
Felontis,sargeras,768,demonhunter,havoc,18,8,10
Raylêy,tichondrius,768,demonhunter,havoc,18,8,10
Fingól,ragnaros,768,demonhunter,havoc,18,8,10
Zuppashi,area-52,768,demonhunter,havoc,18,8,10
Devssimpspec,sargeras,768,demonhunter,havoc,18,8,10
Bümb,moon-guard,768,demonhunter,havoc,18,8,10
Ðemonix,tichondrius,768,demonhunter,havoc,24,8,16
Doomantwo,sargeras,768,demonhunter,havoc,24,8,16
Bdwxxnmm,tichondrius,768,demonhunter,havoc,24,8,16
Myspyhu,malganis,767,demonhunter,havoc,12,8,4
Hellrazer,area-52,767,demonhunter,havoc,12,8,4
Prazethesun,emerald-dream,767,demonhunter,havoc,12,8,4
Netherbird,malganis,767,demonhunter,havoc,12,8,4
Badwurd,sargeras,767,demonhunter,havoc,12,8,4
Iyren,sargeras,767,demonhunter,havoc,12,8,4
Blackblades,blackhand,767,demonhunter,havoc,12,8,4
Ziyàl,vashj,767,demonhunter,havoc,12,8,4
Lethalblows,darkspear,767,demonhunter,havoc,15,9,6
Linedori,destromath,767,demonhunter,havoc,16,9,7
Madatya,black-dragonflight,767,demonhunter,havoc,18,8,10
Psicxs,ragnaros,767,demonhunter,havoc,18,8,10
Feldumper,illidan,767,demonhunter,havoc,18,8,10
Blurnomnom,bleeding-hollow,767,demonhunter,havoc,18,8,10
Devî,ragnaros,767,demonhunter,havoc,18,8,10
Demonqt,blackrock,767,demonhunter,havoc,18,8,10
Hellrazer,azgalor,767,demonhunter,havoc,18,8,10
Sashasilver,frostmourne,767,demonhunter,havoc,18,8,10
Oddlysimple,korgath,767,demonhunter,havoc,18,8,10
ßonècrushèr,tichondrius,767,demonhunter,havoc,18,8,10
Zradda,zuljin,767,demonhunter,havoc,24,8,16
Zergedh,kiljaeden,767,demonhunter,havoc,24,8,16
Andein,dalaran,766,demonhunter,havoc,12,8,4
Wólff,azralon,766,demonhunter,havoc,12,8,4
Verméil,tichondrius,766,demonhunter,havoc,18,8,10
Thalkituun,sargeras,766,demonhunter,havoc,18,8,10
Touchofchaos,dragonblight,766,demonhunter,havoc,18,8,10
Darkglaive,ragnaros,766,demonhunter,havoc,18,8,10
Accipiter,ragnaros,766,demonhunter,havoc,24,8,16
Moorzans,malganis,765,demonhunter,havoc,12,8,4
Axyy,area-52,765,demonhunter,havoc,12,8,4
Këÿz,earthen-ring,765,demonhunter,havoc,18,8,10
Bholez,illidan,765,demonhunter,havoc,18,8,10
Sekiro,illidan,765,demonhunter,havoc,18,8,10
Lû,arthas,765,demonhunter,havoc,24,8,16
Uchulu,quelthalas,765,demonhunter,havoc,24,8,16
Schishkabob,archimonde,764,demonhunter,havoc,18,8,10
Llrebelionll,stormrage,762,demonhunter,havoc,12,8,4
Sodiaksd,quelthalas,762,demonhunter,havoc,18,8,10
Breezoo,tichondrius,759,demonhunter,havoc,12,8,4
Illhuntya,bonechewer,758,demonhunter,havoc,18,8,10
Suyu,ragnaros,758,demonhunter,havoc,21,8,13
Maydemon,ragnaros,757,demonhunter,havoc,30,8,22
Eksorcism,muradin,755,demonhunter,havoc,12,8,4
Rrochy,tichondrius,755,demonhunter,havoc,18,8,10
Covidneitor,drakkari,752,demonhunter,havoc,24,8,16
Bckzy,malygos,751,demonhunter,havoc,18,8,10
Sammblorqt,illidan,751,demonhunter,havoc,36,8,28
Menadori,madoran,748,demonhunter,havoc,18,8,10
Leg,scilla,736,demonhunter,havoc,22,8,14
Elena,the-underbog,735,demonhunter,havoc,16,8,8
Ryoga,malganis,734,demonhunter,havoc,15,9,6
Wuya,thrall,734,demonhunter,havoc,22,8,14
Hiresol,emerald-dream,719,demonhunter,havoc,11,8,3
Rivent,dethecus,702,demonhunter,havoc,26,8,18
Memoryleaky,proudmoore,696,demonhunter,havoc,11,8,3
Neshaan,stormreaver,688,demonhunter,havoc,38,20,18
Dæl,quelthalas,672,demonhunter,havoc,12,7,5
Xaneuma,nemesis,672,demonhunter,havoc,12,7,5
Nichidah,illidan,672,demonhunter,havoc,12,7,5
Reddh,bleeding-hollow,672,demonhunter,havoc,12,7,5
Stalaias,madoran,672,demonhunter,havoc,12,7,5
Evelynee,illidan,672,demonhunter,havoc,12,7,5
Warassassin,stormrage,672,demonhunter,havoc,12,7,5
Dabsfordayz,zuluhed,672,demonhunter,havoc,12,7,5
Levail,wyrmrest-accord,672,demonhunter,havoc,12,7,5
Darthwhorë,frostmane,672,demonhunter,havoc,12,7,5
Smallsuper,azralon,672,demonhunter,havoc,12,7,5
Slaarky,malganis,672,demonhunter,havoc,12,7,5
Nubishe,jubeithos,672,demonhunter,havoc,12,7,5
Verå,tichondrius,672,demonhunter,havoc,12,7,5
Endofdaysx,tichondrius,672,demonhunter,havoc,12,7,5
Solbiz,tichondrius,672,demonhunter,havoc,12,7,5
Flamehunter,durotan,672,demonhunter,havoc,13,7,6
Igotdc,tichondrius,672,demonhunter,havoc,13,7,6
Animepfp,shadowsong,672,demonhunter,havoc,18,7,11
Foxfighter,thrall,672,demonhunter,havoc,18,7,11
Moistybreeze,frostmourne,672,demonhunter,havoc,18,7,11
Vorlimornd,illidan,672,demonhunter,havoc,18,7,11
Blanky,shadowmoon,672,demonhunter,havoc,18,7,11
Dêspacito,tichondrius,672,demonhunter,havoc,18,7,11
Phillswift,tichondrius,672,demonhunter,havoc,18,7,11
Faceurdemons,frostmourne,672,demonhunter,havoc,18,7,11
Dumbledor,stonemaul,672,demonhunter,havoc,18,7,11
Yasuo,moon-guard,672,demonhunter,havoc,18,7,11
Louferrigno,zuljin,672,demonhunter,havoc,18,7,11
Zózo,bleeding-hollow,672,demonhunter,havoc,18,7,11
Babahorns,dalaran,672,demonhunter,havoc,18,7,11
Elchapotko,tichondrius,672,demonhunter,havoc,18,7,11
Boonchux,frostmourne,672,demonhunter,havoc,18,7,11
Hávok,sargeras,672,demonhunter,havoc,19,7,12
Ellguindh,malganis,672,demonhunter,havoc,30,7,23
Logixdh,tichondrius,672,demonhunter,havoc,30,7,23
Relaxnerdss,bleeding-hollow,671,demonhunter,havoc,12,7,5
Stormville,illidan,671,demonhunter,havoc,12,7,5
Alycina,wyrmrest-accord,671,demonhunter,havoc,12,7,5
Wìtchblades,tichondrius,671,demonhunter,havoc,12,7,5
Unóhana,drakkari,671,demonhunter,havoc,12,7,5
Cascadingeye,emerald-dream,671,demonhunter,havoc,12,7,5
Dhameer,tichondrius,671,demonhunter,havoc,12,7,5
Seabisciut,silvermoon,671,demonhunter,havoc,12,7,5
Ivalerà,thrall,671,demonhunter,havoc,12,7,5
Fiebzz,queldorei,671,demonhunter,havoc,12,7,5
Zarroe,stormrage,671,demonhunter,havoc,12,7,5
Wheytoohigh,area-52,671,demonhunter,havoc,12,7,5
Ogmon,tichondrius,671,demonhunter,havoc,12,7,5
Mavrii,executus,671,demonhunter,havoc,12,7,5
Jolty,stormrage,671,demonhunter,havoc,12,7,5
Starianor,proudmoore,671,demonhunter,havoc,16,9,7
Älönë,thrall,671,demonhunter,havoc,18,7,11
Hyphonìc,area-52,671,demonhunter,havoc,18,7,11
Nicòrobin,dalaran,671,demonhunter,havoc,18,7,11
Sektõr,dalaran,671,demonhunter,havoc,18,7,11
Haax,azralon,671,demonhunter,havoc,18,7,11
Asamir,ragnaros,671,demonhunter,havoc,19,7,12
Veryaverage,kelthuzad,671,demonhunter,havoc,24,7,17
Bijix,area-52,670,demonhunter,havoc,12,7,5
Renshear,cenarius,670,demonhunter,havoc,12,7,5
Ãstoreth,quelthalas,670,demonhunter,havoc,12,7,5
Gentlesoap,blackrock,670,demonhunter,havoc,12,7,5
Aphy,thunderhorn,670,demonhunter,havoc,18,7,11
Angelawhite,illidan,670,demonhunter,havoc,18,7,11
Zanaiahs,sargeras,670,demonhunter,havoc,21,7,14
Stepbroseph,kiljaeden,669,demonhunter,havoc,15,8,7
Denjii,malganis,669,demonhunter,havoc,24,7,17
Spikehed,area-52,669,demonhunter,havoc,24,7,17
Demonbanter,emerald-dream,668,demonhunter,havoc,15,8,7
Mitsûri,quelthalas,668,demonhunter,havoc,18,7,11
Irìs,blood-furnace,668,demonhunter,havoc,24,7,17
Snòòp,uldaman,667,demonhunter,havoc,12,7,5
Pimm,kelthuzad,667,demonhunter,havoc,12,7,5
Bgeames,area-52,667,demonhunter,havoc,12,7,5
Haterad,bonechewer,667,demonhunter,havoc,24,7,17
Gretadumberg,area-52,666,demonhunter,havoc,12,7,5
Sanllish,illidan,666,demonhunter,havoc,18,7,11
Rahgoul,garrosh,666,demonhunter,havoc,18,7,11
Endoshiva,icecrown,666,demonhunter,havoc,18,7,11
Genifer,norgannon,665,demonhunter,havoc,12,7,5
Frenchtoast,bonechewer,664,demonhunter,havoc,24,7,17
Turbochadbro,spirestone,663,demonhunter,havoc,15,8,7
Rhydonx,korgath,662,demonhunter,havoc,18,7,11
Supremetaco,stormrage,659,demonhunter,havoc,12,7,5
Eckerstrom,tichondrius,659,demonhunter,havoc,12,7,5
Malrax,drakkari,658,demonhunter,havoc,18,7,11
Luzev,thrall,657,demonhunter,havoc,12,7,5
Ripperxx,zuljin,653,demonhunter,havoc,18,7,11
Lëif,stormrage,652,demonhunter,havoc,18,7,11
Forzaken,darkspear,647,demonhunter,havoc,18,7,11
Gwîlym,area-52,644,demonhunter,havoc,14,9,5
Pegásus,kiljaeden,639,demonhunter,havoc,10,7,3
Bliqué,emerald-dream,633,demonhunter,havoc,17,7,10
Bigtitiemilk,tichondrius,623,demonhunter,havoc,11,7,4
Gebblemon,aerie-peak,623,demonhunter,havoc,17,7,10
Hidan,velen,621,demonhunter,havoc,14,8,6
Triplex,moknathal,620,demonhunter,havoc,24,7,17
Mqvdh,area-52,618,demonhunter,havoc,39,8,31
Worcraf,ragnaros,613,demonhunter,havoc,26,8,18
Galaxezz,bonechewer,612,demonhunter,havoc,15,8,7
Joegamer,illidan,607,demonhunter,havoc,15,8,7
Tygerion,emerald-dream,606,demonhunter,havoc,16,7,9
Wualicho,ragnaros,603,demonhunter,havoc,24,8,16
Demonicway,stormrage,592,demonhunter,havoc,16,7,9
Runecaster,anvilmar,587,demonhunter,havoc,11,7,4
Basdminority,bleeding-hollow,576,demonhunter,havoc,12,6,6
Pabloh,trollbane,576,demonhunter,havoc,12,6,6
Manmilker,bleeding-hollow,576,demonhunter,havoc,12,6,6
Aertillian,ragnaros,576,demonhunter,havoc,12,6,6
Weskerz,illidan,576,demonhunter,havoc,12,6,6
Abadina,illidan,576,demonhunter,havoc,12,6,6
Kürosh,kalecgos,576,demonhunter,havoc,12,6,6
Bossdh,zuljin,576,demonhunter,havoc,12,6,6
Felraiser,stormrage,576,demonhunter,havoc,12,6,6
Qualitycaulk,tichondrius,576,demonhunter,havoc,12,6,6
Morgoph,burning-legion,576,demonhunter,havoc,12,6,6
Thunderlor,malganis,576,demonhunter,havoc,12,6,6
Carlosjr,stormrage,576,demonhunter,havoc,12,6,6
Fanc,sargeras,576,demonhunter,havoc,12,6,6
Venmora,argent-dawn,576,demonhunter,havoc,12,6,6
Dgj,kelthuzad,576,demonhunter,havoc,12,6,6
Teleai,kaelthas,576,demonhunter,havoc,12,6,6
Slapxy,illidan,576,demonhunter,havoc,12,6,6
Pokemibut,frostmourne,576,demonhunter,havoc,12,6,6
Valeriya,frostmourne,576,demonhunter,havoc,12,6,6
Evelynvc,illidan,576,demonhunter,havoc,12,6,6
Énchantress,thrall,576,demonhunter,havoc,12,6,6
Deathschosen,malganis,576,demonhunter,havoc,12,6,6
Discos,frostmourne,576,demonhunter,havoc,12,6,6
Solriel,malganis,576,demonhunter,havoc,12,6,6
Metakigai,hyjal,576,demonhunter,havoc,12,6,6
Trampstampz,darkspear,576,demonhunter,havoc,12,6,6
Lettüceprey,sargeras,576,demonhunter,havoc,12,6,6
Merzinator,korgath,576,demonhunter,havoc,12,6,6
Minhzie,moon-guard,576,demonhunter,havoc,12,6,6
Basedmf,emerald-dream,576,demonhunter,havoc,12,6,6
Seya,tichondrius,576,demonhunter,havoc,12,6,6
Stalkdemon,azralon,576,demonhunter,havoc,12,6,6
Shinigameez,proudmoore,576,demonhunter,havoc,12,6,6
Zyer,mannoroth,576,demonhunter,havoc,12,6,6
Niteclawla,illidan,576,demonhunter,havoc,12,6,6
Everdh,barthilas,576,demonhunter,havoc,12,6,6
Praxx,veknilash,576,demonhunter,havoc,12,6,6
Yikari,stormrage,576,demonhunter,havoc,12,6,6
Audara,sargeras,576,demonhunter,havoc,12,6,6
Whatdagoof,tichondrius,576,demonhunter,havoc,12,6,6
Gommademon,illidan,576,demonhunter,havoc,12,6,6
Ahsoka,arygos,576,demonhunter,havoc,15,7,8
Zcarfacee,frostmourne,576,demonhunter,havoc,14,6,8
Gayrio,sargeras,576,demonhunter,havoc,18,6,12
Zümanity,zangarmarsh,576,demonhunter,havoc,18,6,12
Kelan,borean-tundra,576,demonhunter,havoc,18,6,12
Pikächú,stormrage,576,demonhunter,havoc,18,6,12
Xyntel,tichondrius,576,demonhunter,havoc,18,6,12
Vyrai,lightbringer,576,demonhunter,havoc,18,6,12
Kyndrellesa,illidan,576,demonhunter,havoc,18,6,12
Abscarnage,ragnaros,576,demonhunter,havoc,18,6,12
Shadowdark,aggramar,576,demonhunter,havoc,18,6,12
Tresbotones,kelthuzad,576,demonhunter,havoc,18,6,12
Chabashira,tichondrius,576,demonhunter,havoc,19,6,13
Deepde,tichondrius,575,demonhunter,havoc,12,6,6
Hootyeahbou,shattered-hand,575,demonhunter,havoc,12,6,6
Gurthbrookz,tichondrius,575,demonhunter,havoc,12,6,6
Lysol,darrowmere,575,demonhunter,havoc,12,6,6
Liquidblaze,elune,575,demonhunter,havoc,12,6,6
Veladoria,malorne,575,demonhunter,havoc,12,6,6
Cholula,korgath,575,demonhunter,havoc,12,6,6
Tyindorin,gurubashi,575,demonhunter,havoc,12,6,6
Eyesyk,bonechewer,575,demonhunter,havoc,12,6,6
Diizy,illidan,575,demonhunter,havoc,12,6,6
Smoothtaco,azshara,575,demonhunter,havoc,12,6,6
Jalet,azralon,575,demonhunter,havoc,18,6,12
ßatmañ,barthilas,575,demonhunter,havoc,18,6,12
Salveya,stormrage,575,demonhunter,havoc,20,6,14
Casualdemon,emerald-dream,574,demonhunter,havoc,12,6,6
Haikal,proudmoore,574,demonhunter,havoc,12,6,6
Touched,guldan,574,demonhunter,havoc,12,6,6
Ðruh,kelthuzad,574,demonhunter,havoc,18,6,12
Kunitsuna,thunderlord,574,demonhunter,havoc,18,6,12
Firesworn,zuljin,573,demonhunter,havoc,12,6,6
Kimchiman,tichondrius,573,demonhunter,havoc,16,7,9
Slaytan,darkspear,573,demonhunter,havoc,18,6,12
Adayinthelif,proudmoore,573,demonhunter,havoc,18,6,12
Zizi,ghostlands,572,demonhunter,havoc,12,6,6
Lanistus,bloodhoof,570,demonhunter,havoc,18,6,12
Rampyr,terokkar,569,demonhunter,havoc,12,6,6
Kreel,ghostlands,568,demonhunter,havoc,12,6,6
Thjoannys,illidan,567,demonhunter,havoc,12,6,6
Elpis,tanaris,565,demonhunter,havoc,14,6,8
Shizune,boulderfist,525,demonhunter,havoc,11,6,5
Gulios,azralon,522,demonhunter,havoc,20,7,13
Fifteentolyf,illidan,520,demonhunter,havoc,11,6,5
Wickedlurker,sargeras,519,demonhunter,havoc,17,9,8
Tosilia,tichondrius,511,demonhunter,havoc,8,6,2
Cloudzzy,illidan,511,demonhunter,havoc,14,6,8
Soure,azralon,511,demonhunter,havoc,14,6,8
Isedelica,area-52,510,demonhunter,havoc,11,6,5
Vessarin,madoran,510,demonhunter,havoc,20,6,14
Ryemortis,malganis,510,demonhunter,havoc,20,6,14
Ceried,moon-guard,491,demonhunter,havoc,13,6,7
Isabellaluna,illidan,480,demonhunter,havoc,6,5,1
Tîtø,quelthalas,480,demonhunter,havoc,6,5,1
Damador,malganis,480,demonhunter,havoc,6,5,1
Stunnashades,hellscream,480,demonhunter,havoc,6,5,1
Lumh,quelthalas,480,demonhunter,havoc,6,5,1
Med,wyrmrest-accord,480,demonhunter,havoc,6,5,1
Ljevilin,gilneas,480,demonhunter,havoc,6,5,1
Kyndris,ghostlands,480,demonhunter,havoc,6,5,1
Milfhuñter,sargeras,480,demonhunter,havoc,6,5,1
Pristager,tichondrius,480,demonhunter,havoc,6,5,1
Plecoptera,wyrmrest-accord,480,demonhunter,havoc,6,5,1
Ottie,kelthuzad,480,demonhunter,havoc,6,5,1
Kickabout,deathwing,480,demonhunter,havoc,6,5,1
Ryntx,moon-guard,480,demonhunter,havoc,6,5,1
Pumpñdump,echo-isles,480,demonhunter,havoc,6,5,1
Twistedways,tichondrius,480,demonhunter,havoc,6,5,1
Twobuttonszz,tichondrius,480,demonhunter,havoc,6,5,1
Nismoos,daggerspine,480,demonhunter,havoc,12,5,7
Sailtheskies,tichondrius,480,demonhunter,havoc,12,5,7
Slumberz,tichondrius,480,demonhunter,havoc,12,5,7
Dontplanahea,tichondrius,480,demonhunter,havoc,12,5,7
Besoween,tichondrius,480,demonhunter,havoc,12,5,7
Finagel,destromath,480,demonhunter,havoc,12,5,7
Izruul,tichondrius,480,demonhunter,havoc,12,5,7
Doomtots,kelthuzad,480,demonhunter,havoc,12,5,7
Goodrink,tichondrius,480,demonhunter,havoc,12,5,7
Benová,tichondrius,480,demonhunter,havoc,12,5,7
Cabedh,tichondrius,480,demonhunter,havoc,12,5,7
Onbloodfam,kelthuzad,480,demonhunter,havoc,12,5,7
Mjin,tichondrius,480,demonhunter,havoc,12,5,7
Cupernacus,tichondrius,480,demonhunter,havoc,12,5,7
Anthvedroth,area-52,480,demonhunter,havoc,12,5,7
Billmurray,skullcrusher,480,demonhunter,havoc,12,5,7
Illidam,arthas,480,demonhunter,havoc,12,5,7
Zlr,bleeding-hollow,480,demonhunter,havoc,12,5,7
Lìttlê,runetotem,480,demonhunter,havoc,12,5,7
Highpower,area-52,480,demonhunter,havoc,12,5,7
Dheria,barthilas,480,demonhunter,havoc,12,5,7
Xiaodudh,tichondrius,480,demonhunter,havoc,12,5,7
Hippygamer,frostmourne,480,demonhunter,havoc,12,5,7
Uneasydh,tichondrius,480,demonhunter,havoc,12,5,7
Bátmañ,stormrage,480,demonhunter,havoc,12,5,7
Wwdh,stormrage,480,demonhunter,havoc,12,5,7
Chupillidan,tichondrius,480,demonhunter,havoc,12,5,7
Muffjuice,emerald-dream,480,demonhunter,havoc,12,5,7
Untouchèd,bleeding-hollow,480,demonhunter,havoc,12,5,7
Soñic,frostmourne,480,demonhunter,havoc,12,5,7
Laillwina,amanthul,480,demonhunter,havoc,12,5,7
Hyptonique,queldorei,480,demonhunter,havoc,12,5,7
Demondurk,illidan,480,demonhunter,havoc,12,5,7
Drathothian,moon-guard,480,demonhunter,havoc,12,5,7
Hyperaids,sargeras,480,demonhunter,havoc,12,5,7
Roughcut,blackrock,480,demonhunter,havoc,12,5,7
Køugami,azralon,480,demonhunter,havoc,12,5,7
Chandrian,gorefiend,480,demonhunter,havoc,12,5,7
Frostidan,sargeras,480,demonhunter,havoc,12,5,7
Delaían,drakkari,480,demonhunter,havoc,12,5,7
Dhworm,azralon,480,demonhunter,havoc,12,5,7
Obîtox,illidan,480,demonhunter,havoc,12,5,7
Doomanthree,sargeras,480,demonhunter,havoc,12,5,7
Emodan,moon-guard,480,demonhunter,havoc,12,5,7
Tyrele,drakkari,480,demonhunter,havoc,12,5,7
Ahurock,ragnaros,480,demonhunter,havoc,12,5,7
Khelt,dalaran,480,demonhunter,havoc,12,5,7
Domeemommy,moon-guard,480,demonhunter,havoc,12,5,7
Harahmbae,moon-guard,480,demonhunter,havoc,12,5,7
Nightwisty,azralon,480,demonhunter,havoc,12,5,7
Eithelyrana,moon-guard,480,demonhunter,havoc,12,5,7
Foozelol,thrall,480,demonhunter,havoc,12,5,7
Bellysniffer,illidan,480,demonhunter,havoc,12,5,7
Efficacious,zuljin,480,demonhunter,havoc,15,6,9
Keairà,bleeding-hollow,480,demonhunter,havoc,14,5,9
Dàrk,zuljin,480,demonhunter,havoc,23,7,16
Dèvistate,kelthuzad,480,demonhunter,havoc,18,5,13
Thedh,ragnaros,480,demonhunter,havoc,18,5,13
Gumeasy,tichondrius,480,demonhunter,havoc,18,5,13
Eyebeamtowin,stormrage,480,demonhunter,havoc,18,5,13
Dracxus,sargeras,480,demonhunter,havoc,18,5,13
Barael,tichondrius,480,demonhunter,havoc,18,5,13
Soulrending,stormrage,480,demonhunter,havoc,18,5,13
Roozi,tichondrius,480,demonhunter,havoc,24,5,19
Pwnagextreme,area-52,479,demonhunter,havoc,6,5,1
Jizzidan,blackhand,479,demonhunter,havoc,6,5,1
Fliar,black-dragonflight,479,demonhunter,havoc,12,5,7
Epicfront,darkspear,479,demonhunter,havoc,12,5,7
Horndawgg,zuljin,479,demonhunter,havoc,12,5,7
Cantreborn,destromath,479,demonhunter,havoc,12,5,7
Felmilk,demon-soul,479,demonhunter,havoc,12,5,7
Denathrion,moon-guard,479,demonhunter,havoc,12,5,7
Ezymode,stormrage,479,demonhunter,havoc,12,5,7
ßoobiemiles,area-52,479,demonhunter,havoc,12,5,7
Felvanora,amanthul,479,demonhunter,havoc,12,5,7
Pocahotnes,stormrage,479,demonhunter,havoc,12,5,7
Kattsparrow,stormrage,479,demonhunter,havoc,18,5,13
Illidunk,tichondrius,479,demonhunter,havoc,18,5,13
Bonebtwo,area-52,479,demonhunter,havoc,18,5,13
Kritik,goldrinn,478,demonhunter,havoc,12,5,7
Grûnt,sargeras,478,demonhunter,havoc,18,5,13
Cheernobyl,emerald-dream,478,demonhunter,havoc,18,5,13
Midnightlord,tichondrius,477,demonhunter,havoc,6,5,1
Devc,stormrage,477,demonhunter,havoc,12,5,7
Mentoes,tichondrius,473,demonhunter,havoc,12,5,7
Raum,elune,443,demonhunter,havoc,8,6,2
Cassiedemonh,tichondrius,432,demonhunter,havoc,15,6,9
Bituhvic,stormrage,431,demonhunter,havoc,11,5,6
Quinny,runetotem,430,demonhunter,havoc,9,5,4
Roosterhead,azjolnerub,430,demonhunter,havoc,11,5,6
Annxyìng,tichondrius,426,demonhunter,havoc,14,6,8
Wheredyougo,proudmoore,416,demonhunter,havoc,10,5,5
Bladezues,tichondrius,415,demonhunter,havoc,14,5,9
Blinddude,sargeras,415,demonhunter,havoc,14,5,9
Teenis,malygos,412,demonhunter,havoc,14,5,9
Akiirus,azralon,400,demonhunter,havoc,7,5,2
Parabolicc,illidan,384,demonhunter,havoc,6,4,2
Abduragozik,stormrage,384,demonhunter,havoc,6,4,2
Heygriffin,proudmoore,384,demonhunter,havoc,6,4,2
Kasseater,stormrage,384,demonhunter,havoc,6,4,2
Monteego,stormrage,384,demonhunter,havoc,6,4,2
Servilletas,spirestone,384,demonhunter,havoc,6,4,2
Toxicimpulse,aegwynn,384,demonhunter,havoc,6,4,2
Jizzy,shadowmoon,384,demonhunter,havoc,6,4,2
Nihilist,kaelthas,384,demonhunter,havoc,6,4,2
Hottacos,stormrage,384,demonhunter,havoc,6,4,2
Deezhuntz,anvilmar,384,demonhunter,havoc,6,4,2
Dylle,tichondrius,384,demonhunter,havoc,6,4,2
Cesilette,frostmourne,384,demonhunter,havoc,6,4,2
Fluoroh,frostmourne,384,demonhunter,havoc,6,4,2
Verasu,kiljaeden,384,demonhunter,havoc,6,4,2
Fov,crushridge,384,demonhunter,havoc,6,4,2
Dareassassin,tichondrius,384,demonhunter,havoc,6,4,2
Hordesback,illidan,384,demonhunter,havoc,6,4,2
Ultear,the-venture-co,384,demonhunter,havoc,6,4,2
Déörwine,quelthalas,384,demonhunter,havoc,6,4,2
Imlikethat,gorefiend,384,demonhunter,havoc,6,4,2
Stets,emerald-dream,384,demonhunter,havoc,6,4,2
Lucaria,sargeras,384,demonhunter,havoc,6,4,2
Yågåmist,dalaran,384,demonhunter,havoc,6,4,2
Chris,dreadmaul,384,demonhunter,havoc,6,4,2
Doras,kelthuzad,384,demonhunter,havoc,6,4,2
Demontoid,azgalor,384,demonhunter,havoc,6,4,2
Khaosx,ragnaros,384,demonhunter,havoc,6,4,2
Jinsha,emerald-dream,384,demonhunter,havoc,6,4,2
Vyndrestan,dalaran,384,demonhunter,havoc,6,4,2
Tyindron,exodar,384,demonhunter,havoc,6,4,2
Uncleruckus,bloodscalp,384,demonhunter,havoc,6,4,2
Intrusive,kelthuzad,384,demonhunter,havoc,6,4,2
Cyphre,tichondrius,384,demonhunter,havoc,6,4,2
Tußlur,kelthuzad,384,demonhunter,havoc,6,4,2
Darkrëaper,azralon,384,demonhunter,havoc,6,4,2
Krament,ragnaros,384,demonhunter,havoc,6,4,2
Doomkaiser,aerie-peak,384,demonhunter,havoc,6,4,2
Tristanzx,sargeras,384,demonhunter,havoc,6,4,2
Italoo,ragnaros,384,demonhunter,havoc,6,4,2
Abakkio,kelthuzad,384,demonhunter,havoc,6,4,2
Darkah,icecrown,384,demonhunter,havoc,6,4,2
Whudaz,tichondrius,384,demonhunter,havoc,6,4,2
Wogarg,sargeras,384,demonhunter,havoc,6,4,2
Kottàs,area-52,384,demonhunter,havoc,6,4,2
Bopersdh,drakkari,384,demonhunter,havoc,6,4,2
Florks,area-52,384,demonhunter,havoc,6,4,2
Uncledonnie,tanaris,384,demonhunter,havoc,6,4,2
Tiriøsh,area-52,384,demonhunter,havoc,6,4,2
Touchmeweird,area-52,384,demonhunter,havoc,6,4,2
Tragedydh,sargeras,384,demonhunter,havoc,6,4,2
Epicfc,bleeding-hollow,384,demonhunter,havoc,6,4,2
Cwrld,area-52,384,demonhunter,havoc,6,4,2
Zanoxis,tichondrius,384,demonhunter,havoc,6,4,2
Slyblitz,bleeding-hollow,384,demonhunter,havoc,6,4,2
Ineptbb,frostmourne,384,demonhunter,havoc,6,4,2
Jeeprcreeprs,sargeras,384,demonhunter,havoc,6,4,2
Extínctíon,moon-guard,384,demonhunter,havoc,6,4,2
Bigdingding,area-52,384,demonhunter,havoc,6,4,2
Friel,magtheridon,384,demonhunter,havoc,6,4,2
Diëgo,gallywix,384,demonhunter,havoc,7,4,3
Pub,the-scryers,384,demonhunter,havoc,9,5,4
Neodin,tichondrius,384,demonhunter,havoc,10,5,5
Bazul,tichondrius,384,demonhunter,havoc,12,4,8
Heallscrean,drakkari,384,demonhunter,havoc,12,4,8
Thetim,kelthuzad,384,demonhunter,havoc,12,4,8
Kruptikos,tichondrius,384,demonhunter,havoc,12,4,8
Dhsoop,tichondrius,384,demonhunter,havoc,12,4,8
Reapersauce,illidan,384,demonhunter,havoc,12,4,8
Bleaster,malganis,384,demonhunter,havoc,12,4,8
Vallar,bleeding-hollow,384,demonhunter,havoc,12,4,8
Mikemyoffice,illidan,384,demonhunter,havoc,12,4,8
Dkdakìng,thrall,384,demonhunter,havoc,12,4,8
Temporarý,bleeding-hollow,384,demonhunter,havoc,12,4,8
Mommafingers,illidan,384,demonhunter,havoc,12,4,8
Ahernn,tichondrius,384,demonhunter,havoc,12,4,8
Maisus,illidan,384,demonhunter,havoc,12,4,8
Fenthras,thrall,384,demonhunter,havoc,12,4,8
Sawsin,illidan,384,demonhunter,havoc,12,4,8
Finnanutt,tichondrius,384,demonhunter,havoc,12,4,8
Sailtheskys,tichondrius,384,demonhunter,havoc,12,4,8
Adhdh,bloodhoof,384,demonhunter,havoc,12,4,8
Fraxxured,proudmoore,384,demonhunter,havoc,12,4,8
Orsova,area-52,384,demonhunter,havoc,12,4,8
Overcrisis,quelthalas,384,demonhunter,havoc,12,4,8
Blackclóver,drakkari,384,demonhunter,havoc,12,4,8
Kålî,kiljaeden,384,demonhunter,havoc,12,4,8
Allidox,tichondrius,384,demonhunter,havoc,12,4,8
Namthar,quelthalas,384,demonhunter,havoc,12,4,8
Bättousai,kiljaeden,384,demonhunter,havoc,12,4,8
Drîp,moon-guard,384,demonhunter,havoc,12,4,8
Dhibjorf,destromath,384,demonhunter,havoc,12,4,8
Khatary,ragnaros,384,demonhunter,havoc,12,4,8
Zurg,wyrmrest-accord,384,demonhunter,havoc,12,4,8
Bloodgash,tichondrius,384,demonhunter,havoc,12,4,8
Separate,stormrage,384,demonhunter,havoc,12,4,8
Zoomie,durotan,384,demonhunter,havoc,12,4,8
Onigirix,area-52,384,demonhunter,havoc,12,4,8
Sinhful,darkspear,384,demonhunter,havoc,12,4,8
Sathsong,tichondrius,384,demonhunter,havoc,12,4,8
Contactfront,whisperwind,384,demonhunter,havoc,12,4,8
Leonardovg,quelthalas,384,demonhunter,havoc,12,4,8
Dhtimes,ragnaros,384,demonhunter,havoc,12,4,8
Zzatmikaze,area-52,384,demonhunter,havoc,12,4,8
Dystopik,area-52,384,demonhunter,havoc,12,4,8
Butterfinger,greymane,384,demonhunter,havoc,12,4,8
Inssurgent,nagrand,384,demonhunter,havoc,12,4,8
Lìnc,sargeras,384,demonhunter,havoc,12,4,8
Pupariuh,illidan,384,demonhunter,havoc,12,4,8
Yukimes,frostmourne,384,demonhunter,havoc,12,4,8
Sephmilli,azralon,384,demonhunter,havoc,12,4,8
Anomander,khazgoroth,384,demonhunter,havoc,12,4,8
Shallah,barthilas,384,demonhunter,havoc,12,4,8
Noliaclap,sargeras,384,demonhunter,havoc,12,4,8
Kelprii,emerald-dream,384,demonhunter,havoc,12,4,8
Mëñâçë,tichondrius,384,demonhunter,havoc,13,4,9
Alphatoo,area-52,384,demonhunter,havoc,15,4,11
Noyan,tichondrius,384,demonhunter,havoc,17,4,13
Hævenlysinz,tichondrius,384,demonhunter,havoc,18,4,14
Ravesx,illidan,384,demonhunter,havoc,18,4,14
Fuujiin,tol-barad,384,demonhunter,havoc,18,4,14
Roodblurz,zuljin,384,demonhunter,havoc,18,4,14
Felsa,wyrmrest-accord,384,demonhunter,havoc,18,4,14
Trystenn,nagrand,384,demonhunter,havoc,18,4,14
Severon,stormrage,383,demonhunter,havoc,6,4,2
Handael,illidan,383,demonhunter,havoc,6,4,2
Timeryus,ragnaros,383,demonhunter,havoc,6,4,2
Demondrëad,lightbringer,383,demonhunter,havoc,9,5,4
Ahzalor,azralon,383,demonhunter,havoc,12,4,8
Rarespawnjon,tichondrius,383,demonhunter,havoc,12,4,8
Themurderer,area-52,383,demonhunter,havoc,12,4,8
Draktyl,bronzebeard,383,demonhunter,havoc,12,4,8
Døffy,area-52,383,demonhunter,havoc,12,4,8
Deathslice,azgalor,383,demonhunter,havoc,12,4,8
Flearemedy,moon-guard,383,demonhunter,havoc,12,4,8
Vellinaris,zuljin,383,demonhunter,havoc,12,4,8
Pradaboi,tichondrius,383,demonhunter,havoc,24,4,20
Valeriann,thunderlord,382,demonhunter,havoc,6,4,2
Rouzk,ragnaros,382,demonhunter,havoc,6,4,2
Saladuoduo,illidan,382,demonhunter,havoc,12,4,8
Xiin,cenarion-circle,382,demonhunter,havoc,12,4,8
Apaantuh,sargeras,382,demonhunter,havoc,12,4,8
Anguloke,wyrmrest-accord,381,demonhunter,havoc,10,5,5
Agramun,ragnaros,381,demonhunter,havoc,12,4,8
Killercooter,area-52,381,demonhunter,havoc,12,4,8
Yogo,tichondrius,352,demonhunter,havoc,10,4,6
Polunochnaya,area-52,352,demonhunter,havoc,16,4,12
Viølance,area-52,351,demonhunter,havoc,8,5,3
Findoratoqc,darrowmere,351,demonhunter,havoc,11,4,7
Xiruu,area-52,336,demonhunter,havoc,15,5,10
Unjust,darkspear,336,demonhunter,havoc,15,4,11
Deadlysin,dragonmaw,336,demonhunter,havoc,15,4,11
Fingerjamsx,area-52,335,demonhunter,havoc,11,4,7
Cherrycrüsh,sargeras,335,demonhunter,havoc,11,4,7
Lehvi,kiljaeden,335,demonhunter,havoc,11,4,7
Dearborn,frostmourne,330,demonhunter,havoc,16,5,11
Criyn,kelthuzad,330,demonhunter,havoc,17,5,12
Acelolzz,illidan,320,demonhunter,havoc,10,4,6
Chohpz,silvermoon,318,demonhunter,havoc,8,4,4
Gibbz,wyrmrest-accord,304,demonhunter,havoc,11,5,6
Mèrlyn,sargeras,288,demonhunter,havoc,6,3,3
Tink,kilrogg,288,demonhunter,havoc,6,3,3
Elgreezy,sargeras,288,demonhunter,havoc,6,3,3
Imissher,dalaran,288,demonhunter,havoc,6,3,3
Bezmon,silvermoon,288,demonhunter,havoc,6,3,3
Onedigitiq,thrall,288,demonhunter,havoc,6,3,3
Safiyya,proudmoore,288,demonhunter,havoc,6,3,3
Devastation,tichondrius,288,demonhunter,havoc,6,3,3
Namiisann,terenas,288,demonhunter,havoc,6,3,3
Cassadega,sargeras,288,demonhunter,havoc,6,3,3
Talsaris,drakthul,288,demonhunter,havoc,6,3,3
Stacheaction,sargeras,288,demonhunter,havoc,6,3,3
Râkê,malganis,288,demonhunter,havoc,6,3,3
Vichopan,tichondrius,288,demonhunter,havoc,6,3,3
Gnatman,skywall,288,demonhunter,havoc,6,3,3
Lyrndrial,wildhammer,288,demonhunter,havoc,6,3,3
Luminesce,tichondrius,288,demonhunter,havoc,6,3,3
Danthedh,illidan,288,demonhunter,havoc,6,3,3
Velerolas,area-52,288,demonhunter,havoc,6,3,3
Treeüs,sargeras,288,demonhunter,havoc,6,3,3
Asukaxox,illidan,288,demonhunter,havoc,6,3,3
Demønical,dalaran,288,demonhunter,havoc,6,3,3
Zalenn,whisperwind,288,demonhunter,havoc,6,3,3
Thunderrbolt,illidan,288,demonhunter,havoc,6,3,3
Businessmaam,malganis,288,demonhunter,havoc,6,3,3
Treyydh,illidan,288,demonhunter,havoc,6,3,3
Singueta,stormrage,288,demonhunter,havoc,6,3,3
Densewench,stormrage,288,demonhunter,havoc,6,3,3
Careestal,stormrage,288,demonhunter,havoc,6,3,3
Cedicdh,illidan,288,demonhunter,havoc,6,3,3
Kawaiiakitty,tichondrius,288,demonhunter,havoc,6,3,3
Gilidar,terenas,288,demonhunter,havoc,6,3,3
Zeppelìn,stormrage,288,demonhunter,havoc,6,3,3
Bkeight,dalaran,288,demonhunter,havoc,6,3,3
Sofedon,kargath,288,demonhunter,havoc,6,3,3
Warglaîve,illidan,288,demonhunter,havoc,6,3,3
Crtiicosdh,madoran,288,demonhunter,havoc,6,3,3
Teufelhundn,tichondrius,288,demonhunter,havoc,6,3,3
Celestez,kelthuzad,288,demonhunter,havoc,6,3,3
Illipo,illidan,288,demonhunter,havoc,6,3,3
Fourbuttonsx,sargeras,288,demonhunter,havoc,6,3,3
Blingtrön,malganis,288,demonhunter,havoc,6,3,3
Nen,illidan,288,demonhunter,havoc,6,3,3
ßeelzëbub,icecrown,288,demonhunter,havoc,6,3,3
Inva,stormrage,288,demonhunter,havoc,6,3,3
Ziyutomioka,moon-guard,288,demonhunter,havoc,6,3,3
Totheglaive,sargeras,288,demonhunter,havoc,6,3,3
Dhunterkofwa,tichondrius,288,demonhunter,havoc,6,3,3
Rákdos,illidan,288,demonhunter,havoc,6,3,3
Quiksilverv,khazgoroth,288,demonhunter,havoc,6,3,3
Dettlaff,sentinels,288,demonhunter,havoc,6,3,3
Çreme,tichondrius,288,demonhunter,havoc,6,3,3
Blckreaper,area-52,288,demonhunter,havoc,6,3,3
Aslowbust,tichondrius,288,demonhunter,havoc,6,3,3
Adycatt,illidan,288,demonhunter,havoc,6,3,3
Walk,kul-tiras,288,demonhunter,havoc,6,3,3
Cäncèr,area-52,288,demonhunter,havoc,6,3,3
Rhynóe,illidan,288,demonhunter,havoc,6,3,3
Sxzure,frostmourne,288,demonhunter,havoc,6,3,3
Riodh,area-52,288,demonhunter,havoc,6,3,3
Darkstein,nathrezim,288,demonhunter,havoc,6,3,3
Elfdiablo,bonechewer,288,demonhunter,havoc,6,3,3
Claudija,frostmourne,288,demonhunter,havoc,6,3,3
Krendron,malganis,288,demonhunter,havoc,6,3,3
Songtwo,frostmourne,288,demonhunter,havoc,6,3,3
Tenth,draka,288,demonhunter,havoc,6,3,3
Ocão,azralon,288,demonhunter,havoc,6,3,3
Wingsofhavoc,darkspear,288,demonhunter,havoc,6,3,3
Fracxures,area-52,288,demonhunter,havoc,6,3,3
Felform,area-52,288,demonhunter,havoc,6,3,3
Zïlly,blackrock,288,demonhunter,havoc,6,3,3
Walluped,malganis,288,demonhunter,havoc,6,3,3
Aventear,wyrmrest-accord,288,demonhunter,havoc,6,3,3
Fferchu,ragnaros,288,demonhunter,havoc,6,3,3
Arlequhin,ragnaros,288,demonhunter,havoc,6,3,3
Sorrenta,ragnaros,288,demonhunter,havoc,6,3,3
Inphamy,chogall,288,demonhunter,havoc,6,3,3
Smokepurppx,zuljin,288,demonhunter,havoc,6,3,3
Shamock,aggramar,288,demonhunter,havoc,6,3,3
Rauwèrs,azralon,288,demonhunter,havoc,6,3,3
Acclimate,aggramar,288,demonhunter,havoc,6,3,3
Slodeath,zuljin,288,demonhunter,havoc,6,3,3
Whezka,ragnaros,288,demonhunter,havoc,6,3,3
Shacco,bleeding-hollow,288,demonhunter,havoc,6,3,3
Âsmodeus,laughing-skull,288,demonhunter,havoc,6,3,3
Kamakhasi,bleeding-hollow,288,demonhunter,havoc,6,3,3
Kylíejennêr,gilneas,288,demonhunter,havoc,6,3,3
Noóve,area-52,288,demonhunter,havoc,6,3,3
Darkterrôr,sargeras,288,demonhunter,havoc,9,4,5
Dhuck,nemesis,288,demonhunter,havoc,15,4,11
Valàk,bleeding-hollow,288,demonhunter,havoc,12,3,9
Çløûdïx,tichondrius,288,demonhunter,havoc,12,3,9
Bigbubbaa,azgalor,288,demonhunter,havoc,12,3,9
Dmfeetpics,dalaran,288,demonhunter,havoc,12,3,9
Itsplague,tichondrius,288,demonhunter,havoc,12,3,9
Azziria,aerie-peak,288,demonhunter,havoc,12,3,9
Kraky,nemesis,288,demonhunter,havoc,12,3,9
Shidz,frostmourne,288,demonhunter,havoc,12,3,9
Skrimpi,dalaran,288,demonhunter,havoc,12,3,9
Katsuucurry,tichondrius,288,demonhunter,havoc,12,3,9
Rasgon,azralon,288,demonhunter,havoc,12,3,9
Lawimmortal,tichondrius,288,demonhunter,havoc,12,3,9
Dirtyd,dragonmaw,288,demonhunter,havoc,12,3,9
Occula,moon-guard,288,demonhunter,havoc,12,3,9
Brokendh,ragnaros,288,demonhunter,havoc,12,3,9
Mirante,illidan,288,demonhunter,havoc,12,3,9
Albinohobo,emerald-dream,288,demonhunter,havoc,12,3,9
Tentacruelzz,area-52,288,demonhunter,havoc,12,3,9
Félmoose,moon-guard,288,demonhunter,havoc,12,3,9
Trekt,blades-edge,288,demonhunter,havoc,12,3,9
Djkelly,tichondrius,288,demonhunter,havoc,12,3,9
Strickdaddy,hyjal,288,demonhunter,havoc,12,3,9
Demonichoov,thrall,288,demonhunter,havoc,12,3,9
Abrams,tichondrius,288,demonhunter,havoc,12,3,9
Zudo,amanthul,288,demonhunter,havoc,12,3,9
Wotlkdh,area-52,288,demonhunter,havoc,12,3,9
Denadiirx,area-52,288,demonhunter,havoc,12,3,9
Mvrda,area-52,288,demonhunter,havoc,12,3,9
Icanmove,area-52,288,demonhunter,havoc,12,3,9
Elflerri,area-52,288,demonhunter,havoc,12,3,9
Atriax,kelthuzad,288,demonhunter,havoc,12,3,9
Vellassa,stormscale,288,demonhunter,havoc,18,3,15
Lavantora,tichondrius,288,demonhunter,havoc,23,3,20
Haydet,stormrage,287,demonhunter,havoc,6,3,3
Holescrewer,tichondrius,287,demonhunter,havoc,6,3,3
Devilina,khadgar,287,demonhunter,havoc,6,3,3
Kratox,senjin,287,demonhunter,havoc,6,3,3
Eggandpotato,saurfang,287,demonhunter,havoc,6,3,3
Slixxk,sargeras,287,demonhunter,havoc,9,4,5
Villoria,kul-tiras,287,demonhunter,havoc,12,3,9
Lsnusnul,illidan,286,demonhunter,havoc,6,3,3
Psythe,undermine,286,demonhunter,havoc,12,3,9
Dannaris,maelstrom,285,demonhunter,havoc,12,3,9
Pekkora,illidan,284,demonhunter,havoc,12,3,9
Elrr,drakkari,255,demonhunter,havoc,11,3,8
Nikator,emerald-dream,255,demonhunter,havoc,11,3,8
Juantty,area-52,240,demonhunter,havoc,15,3,12
Vickyvette,illidan,239,demonhunter,havoc,5,3,2
Pumppimp,stormrage,239,demonhunter,havoc,5,3,2
Kryzthed,drakkari,233,demonhunter,havoc,13,4,9
Bushwacker,azralon,223,demonhunter,havoc,8,3,5
Onihunter,zangarmarsh,208,demonhunter,havoc,7,3,4
Cobra,quelthalas,208,demonhunter,havoc,7,3,4
Critxclutch,tichondrius,192,demonhunter,havoc,4,3,1
Syrendris,moon-guard,192,demonhunter,havoc,8,3,5
Thedhdream,frostmourne,192,demonhunter,havoc,9,3,6
Mäläk,zuluhed,192,demonhunter,havoc,6,2,4
Cirillas,illidan,192,demonhunter,havoc,6,2,4
Tywín,illidan,192,demonhunter,havoc,6,2,4
Hoagiedevil,moon-guard,192,demonhunter,havoc,6,2,4
Hellishunter,illidan,192,demonhunter,havoc,6,2,4
Renoshan,wyrmrest-accord,192,demonhunter,havoc,6,2,4
Dirtydone,area-52,192,demonhunter,havoc,6,2,4
Causinghavoc,dalaran,192,demonhunter,havoc,6,2,4
Ratcnt,barthilas,192,demonhunter,havoc,6,2,4
String,tanaris,192,demonhunter,havoc,6,2,4
Devilweef,whisperwind,192,demonhunter,havoc,6,2,4
Gopump,area-52,192,demonhunter,havoc,6,2,4
Lookatdishoe,tichondrius,192,demonhunter,havoc,6,2,4
Buhnana,stormscale,192,demonhunter,havoc,6,2,4
Cordianx,area-52,192,demonhunter,havoc,6,2,4
Carlibeth,illidan,192,demonhunter,havoc,6,2,4
Wreckforce,blades-edge,192,demonhunter,havoc,6,2,4
Azshada,shadowmoon,192,demonhunter,havoc,6,2,4
Ambitiòn,moon-guard,192,demonhunter,havoc,6,2,4
Frino,steamwheedle-cartel,192,demonhunter,havoc,6,2,4
Sodí,moon-guard,192,demonhunter,havoc,6,2,4
Dhfaceguy,agamaggan,192,demonhunter,havoc,6,2,4
Frøstdh,area-52,192,demonhunter,havoc,6,2,4
Blynx,destromath,192,demonhunter,havoc,6,2,4
Serberius,stormrage,192,demonhunter,havoc,6,2,4
Annmílls,quelthalas,192,demonhunter,havoc,6,2,4
Xannaa,illidan,192,demonhunter,havoc,6,2,4
Lvqp,barthilas,192,demonhunter,havoc,6,2,4
Renatha,ragnaros,192,demonhunter,havoc,6,2,4
Badalandabad,nemesis,192,demonhunter,havoc,6,2,4
Ossariss,moon-guard,192,demonhunter,havoc,6,2,4
Leeröy,area-52,192,demonhunter,havoc,6,2,4
Texts,norgannon,192,demonhunter,havoc,6,2,4
Ralphie,ysera,192,demonhunter,havoc,6,2,4
Zeldris,duskwood,192,demonhunter,havoc,6,2,4
Sharinne,frostmourne,192,demonhunter,havoc,6,2,4
Iøst,stormrage,192,demonhunter,havoc,6,2,4
Gogiban,tichondrius,192,demonhunter,havoc,6,2,4
Atomicsorrow,tichondrius,192,demonhunter,havoc,6,2,4
Varaedra,stormreaver,192,demonhunter,havoc,6,2,4
Xanthrodril,illidan,192,demonhunter,havoc,6,2,4
Frøppy,illidan,192,demonhunter,havoc,6,2,4
Ýizl,ragnaros,192,demonhunter,havoc,6,2,4
Arkynth,dalaran,192,demonhunter,havoc,6,2,4
Nhoxell,ragnaros,192,demonhunter,havoc,6,2,4
Demonchild,azralon,192,demonhunter,havoc,6,2,4
Cryolite,sargeras,192,demonhunter,havoc,6,2,4
Revzxy,dalaran,192,demonhunter,havoc,6,2,4
Ausä,ragnaros,192,demonhunter,havoc,6,2,4
Kayanson,azralon,192,demonhunter,havoc,6,2,4
Felbarrah,barthilas,192,demonhunter,havoc,6,2,4
Heptabase,tichondrius,192,demonhunter,havoc,6,2,4
Badservice,frostwolf,192,demonhunter,havoc,6,2,4
Øxxy,azralon,192,demonhunter,havoc,6,2,4
Daracu,aerie-peak,192,demonhunter,havoc,6,2,4
Berquondh,tichondrius,192,demonhunter,havoc,6,2,4
Rkakda,thunderlord,192,demonhunter,havoc,6,2,4
Demonslayyer,saurfang,192,demonhunter,havoc,6,2,4
Thesituatíon,sargeras,192,demonhunter,havoc,6,2,4
Zethh,drakkari,192,demonhunter,havoc,6,2,4
Gyutaro,frostmourne,192,demonhunter,havoc,6,2,4
Arandë,earthen-ring,192,demonhunter,havoc,6,2,4
Zusi,frostmane,192,demonhunter,havoc,6,2,4
Aleta,firetree,192,demonhunter,havoc,6,2,4
Chicletim,azralon,192,demonhunter,havoc,6,2,4
Sendingit,vashj,192,demonhunter,havoc,6,2,4
Illimare,tichondrius,192,demonhunter,havoc,6,2,4
Skol,andorhal,192,demonhunter,havoc,6,2,4
Sarithos,frostmourne,192,demonhunter,havoc,6,2,4
Krador,wyrmrest-accord,192,demonhunter,havoc,6,2,4
Kyndlia,wyrmrest-accord,192,demonhunter,havoc,6,2,4
Reflexin,tichondrius,192,demonhunter,havoc,6,2,4
Downbadsimp,tichondrius,192,demonhunter,havoc,6,2,4
Cocopapa,tichondrius,192,demonhunter,havoc,6,2,4
Rykko,borean-tundra,192,demonhunter,havoc,6,2,4
Shadynãsty,drakthul,192,demonhunter,havoc,6,2,4
Imleu,stormrage,192,demonhunter,havoc,6,2,4
Daso,the-forgotten-coast,192,demonhunter,havoc,6,2,4
Valerethis,steamwheedle-cartel,192,demonhunter,havoc,6,2,4
Lillidanss,the-forgotten-coast,192,demonhunter,havoc,6,2,4
Subsfordubs,illidan,192,demonhunter,havoc,6,2,4
Swagidan,khaz-modan,192,demonhunter,havoc,6,2,4
Jadyne,frostmourne,192,demonhunter,havoc,6,2,4
Idemonl,barthilas,192,demonhunter,havoc,6,2,4
Ivexia,blackrock,192,demonhunter,havoc,6,2,4
Kezzaku,frostmourne,192,demonhunter,havoc,6,2,4
Elaurenne,sargeras,192,demonhunter,havoc,6,2,4
Trackamp,emerald-dream,192,demonhunter,havoc,6,2,4
Kungfudh,illidan,192,demonhunter,havoc,6,2,4
Yhell,darkspear,192,demonhunter,havoc,6,2,4
Glaíve,anvilmar,192,demonhunter,havoc,6,2,4
Showaitie,thrall,192,demonhunter,havoc,6,2,4
Daabsdh,thrall,192,demonhunter,havoc,6,2,4
Moxy,kaelthas,192,demonhunter,havoc,6,2,4
Demonwaffle,draka,192,demonhunter,havoc,6,2,4
Illdaira,windrunner,192,demonhunter,havoc,6,2,4
Imagoon,sargeras,192,demonhunter,havoc,6,2,4
Azuki,lightbringer,192,demonhunter,havoc,6,2,4
Lilvetis,thrall,192,demonhunter,havoc,6,2,4
Falan,drakthul,192,demonhunter,havoc,6,2,4
Zarraessa,trollbane,192,demonhunter,havoc,6,2,4
Jozeez,emerald-dream,192,demonhunter,havoc,6,2,4
Ragath,bonechewer,192,demonhunter,havoc,6,2,4
Riot,nazgrel,192,demonhunter,havoc,6,2,4
Slaymore,sargeras,192,demonhunter,havoc,6,2,4
Lilyanie,stormrage,192,demonhunter,havoc,6,2,4
Metha,kiljaeden,192,demonhunter,havoc,6,2,4
Kraazi,thrall,192,demonhunter,havoc,6,2,4
Bastaghor,stormrage,192,demonhunter,havoc,6,2,4
Naresaris,proudmoore,192,demonhunter,havoc,6,2,4
Freddiedread,bladefist,192,demonhunter,havoc,6,2,4
Illidanmello,proudmoore,192,demonhunter,havoc,6,2,4
Reenah,exodar,192,demonhunter,havoc,6,2,4
Wïldside,tichondrius,192,demonhunter,havoc,6,2,4
Theenemesis,wildhammer,192,demonhunter,havoc,6,2,4
Borekkarxqt,emerald-dream,192,demonhunter,havoc,6,2,4
Sparklepunch,stormrage,192,demonhunter,havoc,6,2,4
Wartornx,tichondrius,192,demonhunter,havoc,6,2,4
Qlmm,stormrage,192,demonhunter,havoc,7,2,5
Politic,area-52,192,demonhunter,havoc,11,2,9
Denel,laughing-skull,192,demonhunter,havoc,12,2,10
Mavrel,moon-guard,192,demonhunter,havoc,12,2,10
Spacéphoenix,stormrage,192,demonhunter,havoc,12,2,10
Daeth,skullcrusher,192,demonhunter,havoc,12,2,10
Cidolem,area-52,192,demonhunter,havoc,12,2,10
Proserpinâ,bleeding-hollow,192,demonhunter,havoc,12,2,10
Halaena,moon-guard,192,demonhunter,havoc,12,2,10
Chell,stormscale,192,demonhunter,havoc,12,2,10
Gyop,azralon,192,demonhunter,havoc,12,2,10
Kushz,dalaran,192,demonhunter,havoc,12,2,10
Hollownight,area-52,192,demonhunter,havoc,12,2,10
Catastroz,ragnaros,192,demonhunter,havoc,12,2,10
Cola,illidan,192,demonhunter,havoc,12,2,10
Âduka,illidan,192,demonhunter,havoc,12,2,10
Reikune,tichondrius,192,demonhunter,havoc,12,2,10
Asharian,wyrmrest-accord,192,demonhunter,havoc,12,2,10
Boofdh,illidan,192,demonhunter,havoc,12,2,10
Smokinops,stormrage,192,demonhunter,havoc,12,2,10
Tempésts,tichondrius,192,demonhunter,havoc,12,2,10
Kyska,tichondrius,192,demonhunter,havoc,12,2,10
Beastforlife,sargeras,192,demonhunter,havoc,12,2,10
Pholly,altar-of-storms,191,demonhunter,havoc,6,2,4
Teethdaggers,wyrmrest-accord,191,demonhunter,havoc,6,2,4
Tarasam,burning-blade,191,demonhunter,havoc,12,2,10
Feilixx,moon-guard,190,demonhunter,havoc,12,2,10
Ferunye,stormrage,159,demonhunter,havoc,5,2,3
Crustorbust,tichondrius,159,demonhunter,havoc,5,2,3
Theweektwo,drakkari,159,demonhunter,havoc,11,2,9
Raycharlés,sargeras,138,demonhunter,havoc,6,3,3
Refused,nesingwary,138,demonhunter,havoc,11,4,7
Criolex,stormrage,138,demonhunter,havoc,9,3,6
Shanjara,sargeras,138,demonhunter,havoc,15,3,12
Xeil,zuljin,128,demonhunter,havoc,4,2,2
Zanecksbinge,skullcrusher,128,demonhunter,havoc,4,2,2
Bottleofbirb,tichondrius,127,demonhunter,havoc,8,2,6
Xwingpilot,arthas,127,demonhunter,havoc,8,2,6
Kümï,quelthalas,96,demonhunter,havoc,3,2,1
Tättø,area-52,96,demonhunter,havoc,3,2,1
Blaamy,magtheridon,96,demonhunter,havoc,3,2,1
Litball,stormrage,96,demonhunter,havoc,3,2,1
Glaivee,dalaran,96,demonhunter,havoc,6,1,5
Jekyldh,tichondrius,96,demonhunter,havoc,6,1,5
Bensonlove,tichondrius,96,demonhunter,havoc,6,1,5
Lokydh,tichondrius,96,demonhunter,havoc,6,1,5
Reezi,sargeras,96,demonhunter,havoc,6,1,5
Carrîôn,tichondrius,96,demonhunter,havoc,6,1,5
Vëngêåncé,tichondrius,96,demonhunter,havoc,6,1,5
Evaxaxx,tichondrius,96,demonhunter,havoc,6,1,5
Artee,illidan,96,demonhunter,havoc,6,1,5
Theysuffer,scilla,96,demonhunter,havoc,6,1,5
Gil,moonrunner,96,demonhunter,havoc,6,1,5
Memslaw,tichondrius,96,demonhunter,havoc,6,1,5
Anabolicbro,tichondrius,96,demonhunter,havoc,6,1,5
Constantwood,sargeras,96,demonhunter,havoc,6,1,5
Felblood,saurfang,96,demonhunter,havoc,6,1,5
Musewine,tichondrius,96,demonhunter,havoc,6,1,5
Eibizoudh,sargeras,96,demonhunter,havoc,6,1,5
Pighe,tichondrius,96,demonhunter,havoc,6,1,5
Demønvil,onyxia,96,demonhunter,havoc,6,1,5
Safikins,tichondrius,96,demonhunter,havoc,6,1,5
Vidêl,stormrage,96,demonhunter,havoc,6,1,5
Righton,black-dragonflight,96,demonhunter,havoc,6,1,5
Roat,malganis,96,demonhunter,havoc,6,1,5
Nightsatan,stormrage,96,demonhunter,havoc,6,1,5
Demonleàf,area-52,96,demonhunter,havoc,6,1,5
Mazïkeen,uther,96,demonhunter,havoc,6,1,5
Demonfuji,proudmoore,96,demonhunter,havoc,6,1,5
Solcon,exodar,96,demonhunter,havoc,6,1,5
Akammy,proudmoore,96,demonhunter,havoc,6,1,5
Arkfall,proudmoore,96,demonhunter,havoc,6,1,5
Sado,proudmoore,96,demonhunter,havoc,6,1,5
Jerry,emerald-dream,96,demonhunter,havoc,6,1,5
Mythundorn,burning-blade,96,demonhunter,havoc,6,1,5
Xenosa,kiljaeden,96,demonhunter,havoc,6,1,5
Scarolol,malganis,96,demonhunter,havoc,6,1,5
Skylinetime,sargeras,96,demonhunter,havoc,6,1,5
Phosphora,dalaran,96,demonhunter,havoc,6,1,5
Hausecat,aegwynn,96,demonhunter,havoc,6,1,5
Treblig,nerzhul,96,demonhunter,havoc,6,1,5
Ðemonhunterx,frostmourne,96,demonhunter,havoc,6,1,5
Steeler,shandris,96,demonhunter,havoc,6,1,5
Snazzyy,kelthuzad,96,demonhunter,havoc,6,1,5
Lauriale,moon-guard,96,demonhunter,havoc,6,1,5
Siegfridemon,ragnaros,96,demonhunter,havoc,6,1,5
Varanidae,kelthuzad,96,demonhunter,havoc,6,1,5
Chakan,burning-legion,96,demonhunter,havoc,6,1,5
Adhdhdh,bloodhoof,96,demonhunter,havoc,6,1,5
Chad,anvilmar,96,demonhunter,havoc,6,1,5
Painqtxo,area-52,96,demonhunter,havoc,6,1,5
Kurotoo,ragnaros,96,demonhunter,havoc,6,1,5
Chris,nordrassil,96,demonhunter,havoc,6,1,5
Elillidan,emerald-dream,96,demonhunter,havoc,6,1,5
Slycerr,illidan,96,demonhunter,havoc,6,1,5
Vaestl,zuljin,96,demonhunter,havoc,6,1,5
Negraxo,ragnaros,96,demonhunter,havoc,6,1,5
Esøteric,area-52,96,demonhunter,havoc,6,1,5
Llörne,moon-guard,96,demonhunter,havoc,6,1,5
Wubloadz,bleeding-hollow,96,demonhunter,havoc,6,1,5
Thêworld,azralon,96,demonhunter,havoc,6,1,5
Brgkuma,sargeras,96,demonhunter,havoc,6,1,5
Dhrongor,drakkari,96,demonhunter,havoc,6,1,5
Clutch,spirestone,96,demonhunter,havoc,6,1,5
Terpenese,chogall,96,demonhunter,havoc,6,1,5
Marxefel,ragnaros,96,demonhunter,havoc,6,1,5
Majindemon,dragonmaw,96,demonhunter,havoc,6,1,5
Lantherin,sargeras,96,demonhunter,havoc,11,1,10
Pursephone,bonechewer,96,demonhunter,havoc,12,1,11
Ichigoo,arthas,96,demonhunter,havoc,12,1,11
Chirøn,darkspear,96,demonhunter,havoc,12,1,11
Moonsocks,proudmoore,96,demonhunter,havoc,12,1,11
Gnocchis,thrall,96,demonhunter,havoc,12,1,11
Aríes,dreadmaul,94,demonhunter,havoc,4,3,1
Byzzel,barthilas,79,demonhunter,havoc,5,1,4
Arlén,frostmourne,79,demonhunter,havoc,5,1,4
Fellchapo,illidan,79,demonhunter,havoc,5,1,4
Miskiiv,malganis,79,demonhunter,havoc,5,1,4
Demonbluntzz,tichondrius,79,demonhunter,havoc,11,1,10
Mcthiccyy,moon-guard,64,demonhunter,havoc,4,1,3
Shadevon,wyrmrest-accord,64,demonhunter,havoc,4,1,3
Blackpøwér,sargeras,64,demonhunter,havoc,5,1,4
Goldsgym,boulderfist,63,demonhunter,havoc,2,2,0
Jizzidari,frostmourne,48,demonhunter,havoc,3,1,2
Quoates,dalaran,48,demonhunter,havoc,3,1,2
Lifefery,quelthalas,48,demonhunter,havoc,3,1,2
Raptorjèsus,azjolnerub,48,demonhunter,havoc,3,1,2
Aryía,stormrage,48,demonhunter,havoc,3,1,2
Healinfubar,stormrage,47,demonhunter,havoc,3,2,1
Kersplack,tichondrius,42,demonhunter,havoc,8,3,5
Xaryic,stormrage,42,demonhunter,havoc,16,5,11
Mavlck,azralon,42,demonhunter,havoc,10,2,8
Pooterjuice,shadowmoon,31,demonhunter,havoc,2,1,1
Bladeset,moonrunner,31,demonhunter,havoc,2,1,1
Lathazar,darkspear,16,demonhunter,havoc,1,1,0
Iwasright,stonemaul,1488,demonhunter,vengeance,72,35,37
Slippedinfel,tichondrius,1335,demonhunter,vengeance,47,22,25
Jersey,proudmoore,1091,demonhunter,vengeance,29,17,12
Agricornia,tichondrius,826,demonhunter,vengeance,18,9,9
Nights,greymane,566,demonhunter,vengeance,12,6,6
Irisand,ragnaros,288,demonhunter,vengeance,6,3,3
Sinfulpariah,bladefist,288,demonhunter,vengeance,6,3,3
Ferano,frostmourne,288,demonhunter,vengeance,6,3,3
Çherrii,moon-guard,286,demonhunter,vengeance,6,3,3
Tilltheend,illidan,239,demonhunter,vengeance,5,3,2
Asderel,zuljin,192,demonhunter,vengeance,6,2,4
Meliødaz,ragnaros,192,demonhunter,vengeance,12,2,10
Shiningvenus,stormrage,192,demonhunter,vengeance,12,2,10
Daymanhunter,bleeding-hollow,96,demonhunter,vengeance,6,1,5
Foodtruck,hellscream,96,demonhunter,vengeance,6,1,5
Nubishe,jubeithos,96,demonhunter,vengeance,6,1,5
Aleymar,tichondrius,96,demonhunter,vengeance,6,1,5
Grovetenderx,tichondrius,2238,druid,restoration,86,53,33
Flóp,dalaran,2238,druid,restoration,90,53,37
Renner,zuljin,2192,druid,restoration,109,57,52
Angrygochux,tichondrius,2170,druid,restoration,154,84,70
Garbagedruid,scilla,2157,druid,restoration,159,80,79
Kobaishome,tichondrius,2148,druid,restoration,119,70,49
Omkin,tichondrius,2137,druid,restoration,120,62,58
Couragé,ragnaros,2137,druid,restoration,153,78,75
Andrwceo,stormrage,2126,druid,restoration,66,42,24
Liangpibro,illidan,2123,druid,restoration,85,54,31
Bestrun,tichondrius,2116,druid,restoration,108,58,50
Linful,tichondrius,2104,druid,restoration,209,106,103
Szwlol,tichondrius,2057,druid,restoration,363,192,171
Commercii,tichondrius,2043,druid,restoration,72,42,30
Vers,dathremar,2037,druid,restoration,90,43,47
Shaylyne,moonrunner,2026,druid,restoration,69,41,28
Dannycarry,tichondrius,2025,druid,restoration,59,32,27
Gotheelsx,illidan,2020,druid,restoration,208,103,105
Racialmotive,illidan,2017,druid,restoration,134,76,58
Rorae,tichondrius,2000,druid,restoration,167,85,82
Leafynymph,tichondrius,1998,druid,restoration,61,39,22
Hchls,tichondrius,1996,druid,restoration,152,77,75
Guqingshuang,tichondrius,1994,druid,restoration,97,54,43
Taiwanzz,tichondrius,1994,druid,restoration,79,40,39
Taaienberg,sargeras,1979,druid,restoration,108,53,55
Sanlunainiu,tichondrius,1976,druid,restoration,178,82,96
Davidqx,zuljin,1968,druid,restoration,120,68,52
Gotheels,illidan,1967,druid,restoration,47,32,15
Creamyfresh,tichondrius,1963,druid,restoration,69,36,33
Brenden,area-52,1958,druid,restoration,150,76,74
Lvse,tichondrius,1955,druid,restoration,78,50,28
Rbavny,tichondrius,1954,druid,restoration,42,25,17
Pornkkimi,tichondrius,1952,druid,restoration,48,29,19
Psam,emerald-dream,1948,druid,restoration,95,54,41
Mengniulol,tichondrius,1947,druid,restoration,179,100,79
Plorenz,zuljin,1945,druid,restoration,125,70,55
Sanitizer,tichondrius,1942,druid,restoration,72,41,31
Flowen,spinebreaker,1940,druid,restoration,78,39,39
Softpawz,kelthuzad,1937,druid,restoration,83,42,41
Lenya,bleeding-hollow,1932,druid,restoration,81,44,37
Disembles,illidan,1924,druid,restoration,66,35,31
Tizzyy,eredar,1921,druid,restoration,78,43,35
Shiftýx,tichondrius,1905,druid,restoration,77,38,39
Dancesdru,area-52,1888,druid,restoration,36,20,16
Treenleaves,stormrage,1888,druid,restoration,493,260,233
Saxhouse,illidan,1881,druid,restoration,60,34,26
Nikdruidne,tichondrius,1881,druid,restoration,60,29,31
Darkenëd,dalaran,1880,druid,restoration,68,41,27
Aryawilliams,area-52,1880,druid,restoration,65,36,29
Eddí,illidan,1872,druid,restoration,64,32,32
Bashthecat,tichondrius,1871,druid,restoration,59,39,20
Nersepha,gurubashi,1871,druid,restoration,54,26,28
Drøgbä,tichondrius,1870,druid,restoration,30,20,10
Xijinfing,tichondrius,1870,druid,restoration,42,25,17
Rindy,rexxar,1869,druid,restoration,72,37,35
Ksz,stormrage,1867,druid,restoration,42,25,17
Lotiononmyd,illidan,1867,druid,restoration,159,88,71
Holydruid,tichondrius,1867,druid,restoration,83,43,40
Represent,tichondrius,1864,druid,restoration,48,26,22
Druuná,kiljaeden,1863,druid,restoration,107,56,51
Corbind,arthas,1860,druid,restoration,280,148,132
Bexdru,area-52,1850,druid,restoration,284,151,133
Rèmix,bleeding-hollow,1847,druid,restoration,42,23,19
Qdeb,akama,1844,druid,restoration,48,27,21
Vesoween,tichondrius,1843,druid,restoration,55,37,18
Esque,stormrage,1842,druid,restoration,48,24,24
Tokesh,malganis,1840,druid,restoration,72,33,39
Washedgodx,mugthol,1839,druid,restoration,59,34,25
Mimidelol,tichondrius,1839,druid,restoration,66,36,30
Clameo,barthilas,1839,druid,restoration,102,48,54
Janzak,thrall,1837,druid,restoration,48,28,20
Gluesmoka,icecrown,1836,druid,restoration,54,31,23
Scätmän,ragnaros,1835,druid,restoration,54,35,19
Reehz,stormrage,1834,druid,restoration,53,25,28
Udoyu,barthilas,1834,druid,restoration,72,32,40
Bigtimers,illidan,1832,druid,restoration,54,24,30
Blueclàssxx,akama,1831,druid,restoration,64,48,16
Soreze,kelthuzad,1831,druid,restoration,56,35,21
Spiritot,tichondrius,1829,druid,restoration,59,28,31
Bodytwisting,tichondrius,1828,druid,restoration,48,29,19
Pvpgold,illidan,1827,druid,restoration,71,39,32
Rerolldr,firetree,1826,druid,restoration,42,24,18
Germlol,sargeras,1825,druid,restoration,51,30,21
Heymeow,tichondrius,1825,druid,restoration,60,24,36
Naturae,spirestone,1823,druid,restoration,200,112,88
Brendenjr,area-52,1819,druid,restoration,45,32,13
Thasta,blackrock,1818,druid,restoration,140,78,62
Jegara,auchindoun,1818,druid,restoration,149,81,68
Badtree,tichondrius,1816,druid,restoration,104,63,41
Currants,lightbringer,1815,druid,restoration,138,64,74
Jbdontplay,sargeras,1812,druid,restoration,59,37,22
Tunnaris,ragnaros,1811,druid,restoration,71,33,38
Kenái,nemesis,1810,druid,restoration,30,19,11
Hlchs,tichondrius,1810,druid,restoration,36,22,14
Corcovado,bleeding-hollow,1809,druid,restoration,66,31,35
Xgodhands,sargeras,1808,druid,restoration,30,22,8
Aljalladtv,bleeding-hollow,1805,druid,restoration,30,19,11
Yggdrasil,ravencrest,1805,druid,restoration,65,31,34
Kayorva,gurubashi,1804,druid,restoration,47,24,23
Héisénbérg,sargeras,1802,druid,restoration,186,98,88
Playstyle,stormrage,1801,druid,restoration,49,25,24
Fruitberry,malganis,1801,druid,restoration,53,24,29
Nayko,sargeras,1801,druid,restoration,72,30,42
Ivý,shadowsong,1800,druid,restoration,41,28,13
Mengyu,tichondrius,1800,druid,restoration,64,41,23
Kobrah,twisting-nether,1800,druid,restoration,36,20,16
Reizzy,sargeras,1793,druid,restoration,72,35,37
Oinkme,kiljaeden,1787,druid,restoration,84,38,46
Loudswords,barthilas,1784,druid,restoration,54,29,25
Ellystarry,stormrage,1781,druid,restoration,84,44,40
Ekr,tichondrius,1779,druid,restoration,54,29,25
Airmeodaddy,barthilas,1774,druid,restoration,71,39,32
Jdown,dalaran,1772,druid,restoration,76,43,33
Geddoff,stormrage,1770,druid,restoration,111,51,60
Kruisberg,sargeras,1769,druid,restoration,29,19,10
Pineappledûe,tichondrius,1767,druid,restoration,52,28,24
Kwd,stormrage,1766,druid,restoration,77,51,26
Leafowl,tichondrius,1764,druid,restoration,54,28,26
Sùlyvahn,tichondrius,1761,druid,restoration,57,30,27
Tweeguy,malganis,1761,druid,restoration,78,33,45
Dsheeps,tichondrius,1760,druid,restoration,48,27,21
Maen,kelthuzad,1760,druid,restoration,76,34,42
Moldragon,crushridge,1758,druid,restoration,48,24,24
Gloomster,tichondrius,1756,druid,restoration,64,37,27
Kellogs,malganis,1752,druid,restoration,65,26,39
Caipirinha,tichondrius,1742,druid,restoration,35,19,16
Surefacts,dathremar,1738,druid,restoration,40,21,19
Gsex,nemesis,1738,druid,restoration,46,24,22
Branchmanagr,dark-iron,1736,druid,restoration,54,23,31
Gankstanerdz,tichondrius,1732,druid,restoration,178,85,93
Anaps,frostmourne,1731,druid,restoration,102,56,46
Facegotrake,stormrage,1730,druid,restoration,114,64,50
Fattdiabetic,tichondrius,1726,druid,restoration,42,24,18
Thundercast,quelthalas,1720,druid,restoration,128,66,62
Zrobloom,stormrage,1720,druid,restoration,69,29,40
Dirtdog,uther,1719,druid,restoration,53,25,28
Ymy,tichondrius,1716,druid,restoration,36,21,15
Hxa,emerald-dream,1713,druid,restoration,58,30,28
Èmax,barthilas,1708,druid,restoration,43,29,14
Bigmoran,tichondrius,1708,druid,restoration,54,24,30
Drjelly,tichondrius,1707,druid,restoration,76,32,44
Huaxià,tichondrius,1705,druid,restoration,209,114,95
Yungdoinkski,icecrown,1704,druid,restoration,28,19,9
Rdruid,zuluhed,1703,druid,restoration,34,24,10
Hideurkidz,tichondrius,1699,druid,restoration,39,23,16
Flowdruid,tichondrius,1698,druid,restoration,45,22,23
Dmxx,kiljaeden,1696,druid,restoration,33,19,14
Remus,hydraxis,1694,druid,restoration,60,29,31
Stupidtree,antonidas,1693,druid,restoration,47,28,19
Sooey,wyrmrest-accord,1690,druid,restoration,85,51,34
Socialyst,area-52,1688,druid,restoration,35,21,14
Bramii,illidan,1686,druid,restoration,69,35,34
Wìms,malganis,1683,druid,restoration,42,24,18
Cienza,proudmoore,1680,druid,restoration,264,136,128
Polyester,frostmourne,1679,druid,restoration,54,25,29
Floofi,kelthuzad,1677,druid,restoration,42,23,19
Dabloleu,illidan,1675,druid,restoration,24,19,5
Shinjis,tichondrius,1674,druid,restoration,60,30,30
Roen,tichondrius,1672,druid,restoration,40,21,19
Boonsogan,tichondrius,1672,druid,restoration,36,18,18
Afkhottedyou,suramar,1667,druid,restoration,46,24,22
Drudma,shadowmoon,1665,druid,restoration,113,59,54
Légz,area-52,1664,druid,restoration,106,56,50
Bobd,proudmoore,1664,druid,restoration,36,19,17
Chevy,onyxia,1663,druid,restoration,82,33,49
Treeofangels,nathrezim,1662,druid,restoration,36,22,14
Legitonedge,zuljin,1662,druid,restoration,55,30,25
Zblmystic,tichondrius,1660,druid,restoration,72,40,32
Zoteqt,kelthuzad,1657,druid,restoration,48,25,23
Notpodruida,tichondrius,1649,druid,restoration,48,28,20
Druidstin,tichondrius,1649,druid,restoration,162,84,78
Pizzatimex,zuluhed,1649,druid,restoration,84,41,43
Psyqobloom,dalaran,1647,druid,restoration,136,78,58
Widescreen,burning-blade,1647,druid,restoration,398,209,189
Defteras,illidan,1647,druid,restoration,42,21,21
Animalge,sargeras,1643,druid,restoration,60,25,35
Sixthsex,tichondrius,1642,druid,restoration,95,51,44
Relbedo,sargeras,1641,druid,restoration,168,90,78
Dendrix,area-52,1641,druid,restoration,90,46,44
Zyhsul,emerald-dream,1640,druid,restoration,149,75,74
Gsëx,nemesis,1640,druid,restoration,47,22,25
Images,kilrogg,1638,druid,restoration,54,37,17
Birdfromtree,dalaran,1636,druid,restoration,48,26,22
Pootyleaf,daggerspine,1636,druid,restoration,60,28,32
Lifeboomer,ragnaros,1634,druid,restoration,79,48,31
Druinin,archimonde,1634,druid,restoration,122,59,63
Pekazay,illidan,1632,druid,restoration,79,41,38
Luckyslot,frostmourne,1631,druid,restoration,36,21,15
Durintor,nemesis,1630,druid,restoration,135,72,63
Dexlol,area-52,1629,druid,restoration,18,17,1
Pawsbutton,stormrage,1629,druid,restoration,30,20,10
Cheddy,tichondrius,1628,druid,restoration,77,43,34
Addiedru,zuljin,1627,druid,restoration,69,32,37
Viscentdd,illidan,1626,druid,restoration,36,17,19
Acdru,tichondrius,1624,druid,restoration,54,26,28
Venomgtz,laughing-skull,1623,druid,restoration,254,139,115
Sarrati,emerald-dream,1623,druid,restoration,182,98,84
Riiccflaiir,stormrage,1622,druid,restoration,78,45,33
Wolfis,malganis,1622,druid,restoration,36,20,16
Poliage,moon-guard,1621,druid,restoration,210,105,105
Cybeé,sargeras,1621,druid,restoration,48,19,29
Lobsterdruid,area-52,1617,druid,restoration,36,21,15
Kaperij,sargeras,1617,druid,restoration,30,17,13
Asmitar,illidan,1616,druid,restoration,36,22,14
Muhu,frostmourne,1615,druid,restoration,60,35,25
Gødriç,tichondrius,1614,druid,restoration,221,112,109
Elyl,tichondrius,1614,druid,restoration,48,23,25
Dkfm,thrall,1613,druid,restoration,546,284,262
Gulperberg,sargeras,1612,druid,restoration,30,25,5
Soheezy,illidan,1612,druid,restoration,198,111,87
Drainean,sargeras,1611,druid,restoration,30,17,13
Hxm,tichondrius,1611,druid,restoration,35,17,18
Hideurchickn,tichondrius,1609,druid,restoration,36,23,13
Rizzit,wyrmrest-accord,1608,druid,restoration,206,109,97
Dbk,suramar,1607,druid,restoration,152,92,60
Douwantoplay,tichondrius,1607,druid,restoration,60,32,28
Fhiziod,kelthuzad,1606,druid,restoration,74,44,30
Enrÿu,nemesis,1606,druid,restoration,36,17,19
Tayriel,area-52,1606,druid,restoration,42,19,23
Jathy,area-52,1606,druid,restoration,51,21,30
Kurrious,frostmourne,1605,druid,restoration,40,18,22
Rapttors,zuljin,1601,druid,restoration,42,19,23
Yavannita,quelthalas,1600,druid,restoration,57,36,21
Hehaw,kelthuzad,1600,druid,restoration,152,87,65
Manycyclones,zuluhed,1598,druid,restoration,60,32,28
Gonimydear,proudmoore,1598,druid,restoration,180,91,89
Erral,malganis,1597,druid,restoration,57,26,31
Kaleaky,thrall,1595,druid,restoration,99,53,46
Moomooheal,moon-guard,1594,druid,restoration,81,42,39
Tondrai,malganis,1593,druid,restoration,30,17,13
Imroot,tichondrius,1588,druid,restoration,54,32,22
Pkgdbts,tichondrius,1588,druid,restoration,42,19,23
Errane,eonar,1587,druid,restoration,193,107,86
Sanninx,barthilas,1586,druid,restoration,42,22,20
Calmd,sargeras,1585,druid,restoration,30,21,9
Poscow,tichondrius,1583,druid,restoration,45,25,20
Silentbeer,frostmourne,1581,druid,restoration,218,112,106
Ayalia,saurfang,1577,druid,restoration,36,19,17
Aiyouyou,tichondrius,1576,druid,restoration,201,112,89
Druxe,zuljin,1575,druid,restoration,103,48,55
Boomtastik,frostmourne,1574,druid,restoration,108,46,62
Møøncry,ragnaros,1571,druid,restoration,154,73,81
Nerfthedruid,blackrock,1569,druid,restoration,36,25,11
Terkpla,ragnaros,1569,druid,restoration,112,59,53
Gìtgoodtrash,frostmourne,1569,druid,restoration,82,41,41
Sombér,eitrigg,1569,druid,restoration,54,17,37
Duragx,bleeding-hollow,1567,druid,restoration,100,62,38
Arwëna,tichondrius,1566,druid,restoration,60,34,26
Frydaze,tichondrius,1564,druid,restoration,42,21,21
Breaksilence,tichondrius,1563,druid,restoration,29,18,11
Pancitas,quelthalas,1561,druid,restoration,66,39,27
Qidzerker,arathor,1561,druid,restoration,95,48,47
Zyzzema,frostmourne,1559,druid,restoration,174,82,92
Naturist,kelthuzad,1557,druid,restoration,53,19,34
Poscod,tichondrius,1552,druid,restoration,48,22,26
Hayase,tichondrius,1551,druid,restoration,42,25,17
Gunnymad,tichondrius,1549,druid,restoration,36,21,15
Rasgabuxoh,azralon,1545,druid,restoration,41,21,20
Meruemoo,tichondrius,1544,druid,restoration,368,186,182
Bedlam,zuljin,1544,druid,restoration,60,25,35
Moonyy,emerald-dream,1542,druid,restoration,42,20,22
Lubbeck,stormrage,1538,druid,restoration,98,53,45
Bruitzya,barthilas,1537,druid,restoration,45,30,15
Evokade,dalaran,1534,druid,restoration,42,28,14
Hravan,dentarg,1534,druid,restoration,49,26,23
Woshiyigede,frostmourne,1532,druid,restoration,92,38,54
Nikotser,dreadmaul,1531,druid,restoration,39,18,21
Zhn,sargeras,1530,druid,restoration,35,21,14
Ourse,frostmourne,1528,druid,restoration,35,23,12
Creamjr,tichondrius,1528,druid,restoration,30,16,14
Unis,tichondrius,1528,druid,restoration,37,19,18
Spurzky,emerald-dream,1526,druid,restoration,46,26,20
Pilcosbie,stormrage,1526,druid,restoration,42,21,21
Mortqt,tichondrius,1524,druid,restoration,96,44,52
Swiftydel,frostmourne,1523,druid,restoration,91,50,41
Seamandeman,sargeras,1520,druid,restoration,119,64,55
Aberdare,tichondrius,1519,druid,restoration,141,78,63
Buffdisc,darkspear,1518,druid,restoration,18,16,2
Lilbigcow,gnomeregan,1515,druid,restoration,176,77,99
Manzar,illidan,1514,druid,restoration,30,17,13
Maviç,hyjal,1512,druid,restoration,257,137,120
Tippsyy,frostmane,1510,druid,restoration,36,16,20
Methyld,frostmourne,1508,druid,restoration,96,36,60
Cokernut,tichondrius,1507,druid,restoration,30,16,14
Meniscus,arthas,1506,druid,restoration,53,19,34
Empcassi,wyrmrest-accord,1505,druid,restoration,95,59,36
Baduret,dalaran,1505,druid,restoration,55,33,22
Hotemz,dragonmaw,1504,druid,restoration,72,41,31
Hdruid,tichondrius,1502,druid,restoration,131,66,65
Kimnim,tichondrius,1500,druid,restoration,106,57,49
Redpigo,tichondrius,1497,druid,restoration,36,18,18
Redo,zuluhed,1496,druid,restoration,30,16,14
Mxlasthope,stormrage,1495,druid,restoration,47,26,21
Morphiq,tichondrius,1493,druid,restoration,123,63,60
Akeven,illidan,1491,druid,restoration,68,31,37
Chutney,windrunner,1489,druid,restoration,39,17,22
Furrytorpedo,tichondrius,1487,druid,restoration,48,26,22
Lolomas,proudmoore,1487,druid,restoration,42,19,23
Rowlex,moon-guard,1483,druid,restoration,22,17,5
Knottywood,muradin,1481,druid,restoration,53,28,25
Stonemonkey,sargeras,1480,druid,restoration,85,38,47
Counsyl,silvermoon,1478,druid,restoration,30,18,12
Roachsan,tichondrius,1478,druid,restoration,37,20,17
Pëndulum,illidan,1477,druid,restoration,78,34,44
Gizho,dark-iron,1476,druid,restoration,33,19,14
Selling,moon-guard,1476,druid,restoration,60,27,33
Growl,jubeithos,1476,druid,restoration,48,19,29
Rlzdruid,tichondrius,1474,druid,restoration,70,31,39
Lutein,tichondrius,1474,druid,restoration,77,31,46
Dolwizz,tichondrius,1472,druid,restoration,66,30,36
Opiumheals,sargeras,1469,druid,restoration,32,18,14
Cndistance,tichondrius,1467,druid,restoration,77,37,40
Bobx,kelthuzad,1467,druid,restoration,66,26,40
Spuncone,frostmourne,1463,druid,restoration,42,24,18
Utterhots,bleeding-hollow,1462,druid,restoration,152,84,68
Tandrood,tichondrius,1462,druid,restoration,54,24,30
Verkara,stormrage,1461,druid,restoration,82,38,44
Unpeelable,stormrage,1460,druid,restoration,24,16,8
Elliar,akama,1459,druid,restoration,78,38,40
Léaf,velen,1457,druid,restoration,74,40,34
Faramar,sargeras,1456,druid,restoration,35,16,19
Berzz,frostmourne,1455,druid,restoration,217,105,112
Nestaballo,illidan,1453,druid,restoration,129,72,57
Chaníng,frostmourne,1452,druid,restoration,36,18,18
Meepø,mugthol,1451,druid,restoration,103,56,47
Gypsysoul,barthilas,1450,druid,restoration,29,16,13
Lauramavra,azralon,1446,druid,restoration,316,165,151
Busanmilk,tichondrius,1445,druid,restoration,60,29,31
Shapedance,sargeras,1445,druid,restoration,78,33,45
Weedmunchies,kelthuzad,1443,druid,restoration,48,23,25
Ursiiday,sargeras,1442,druid,restoration,84,31,53
Rikishi,executus,1441,druid,restoration,52,27,25
Oneinchclaw,malganis,1437,druid,restoration,125,67,58
Lusam,korialstrasz,1435,druid,restoration,40,23,17
Hoebaz,tichondrius,1434,druid,restoration,24,15,9
Rougaroux,andorhal,1434,druid,restoration,168,75,93
Arkenix,velen,1433,druid,restoration,42,21,21
Jonnygg,illidan,1433,druid,restoration,36,15,21
Clubroot,sargeras,1433,druid,restoration,48,19,29
Vuru,azralon,1432,druid,restoration,72,33,39
Maplêleaf,moon-guard,1429,druid,restoration,335,170,165
Vakimumu,anubarak,1429,druid,restoration,96,46,50
Sakpase,area-52,1428,druid,restoration,30,15,15
Grimo,illidan,1427,druid,restoration,38,23,15
Treelomilo,stormrage,1427,druid,restoration,85,49,36
Thornblade,stormrage,1427,druid,restoration,30,15,15
Strokingmyd,illidan,1427,druid,restoration,63,31,32
Greylyth,moon-guard,1426,druid,restoration,54,25,29
Hyne,emerald-dream,1425,druid,restoration,114,62,52
Bruujz,moon-guard,1424,druid,restoration,54,33,21
Volktots,bleeding-hollow,1424,druid,restoration,90,47,43
Classydruid,spinebreaker,1423,druid,restoration,253,128,125
Blinxxy,bleeding-hollow,1423,druid,restoration,42,21,21
Shirô,bleeding-hollow,1421,druid,restoration,115,59,56
Dypx,tichondrius,1421,druid,restoration,142,67,75
Prevail,nazgrel,1420,druid,restoration,127,66,61
Gokki,zuljin,1418,druid,restoration,34,20,14
Cakeinalake,bleeding-hollow,1417,druid,restoration,24,15,9
Lucked,tichondrius,1415,druid,restoration,24,15,9
Aristeus,kelthuzad,1415,druid,restoration,227,122,105
Komaner,frostmourne,1414,druid,restoration,48,21,27
Barecow,tichondrius,1413,druid,restoration,75,40,35
Kaerrort,sargeras,1412,druid,restoration,26,15,11
Hibernate,illidan,1411,druid,restoration,30,15,15
Bitsandbobs,tichondrius,1410,druid,restoration,89,31,58
Eviltwín,frostmourne,1409,druid,restoration,42,22,20
Approx,tichondrius,1409,druid,restoration,145,68,77
Cutely,tichondrius,1408,druid,restoration,171,84,87
Ozanji,wyrmrest-accord,1406,druid,restoration,30,17,13
Xhoz,tichondrius,1406,druid,restoration,213,113,100
Isiliar,nerzhul,1405,druid,restoration,66,35,31
Gôdôfwow,tichondrius,1402,druid,restoration,77,31,46
Staraborn,stormrage,1401,druid,restoration,319,170,149
Pÿe,bleeding-hollow,1401,druid,restoration,30,15,15
Biggucci,stonemaul,1399,druid,restoration,30,18,12
Krevy,nazgrel,1398,druid,restoration,60,23,37
Astrosapien,moon-guard,1397,druid,restoration,42,27,15
Bobobear,proudmoore,1397,druid,restoration,66,28,38
Cyclone,mugthol,1396,druid,restoration,24,19,5
Leleoceo,azralon,1396,druid,restoration,24,15,9
Haymade,sargeras,1396,druid,restoration,78,36,42
Seizuressld,stormrage,1395,druid,restoration,81,46,35
Bridgerén,tichondrius,1395,druid,restoration,36,15,21
Bigrich,malorne,1394,druid,restoration,30,16,14
Fryy,balnazzar,1394,druid,restoration,36,17,19
Murkeÿ,frostmourne,1391,druid,restoration,24,15,9
Amanthw,tichondrius,1391,druid,restoration,65,30,35
Lorern,eldrethalas,1390,druid,restoration,60,30,30
Lexut,ragnaros,1388,druid,restoration,36,16,20
Druidnim,tichondrius,1386,druid,restoration,66,28,38
Nanniel,tichondrius,1383,druid,restoration,54,24,30
Pouncing,sargeras,1382,druid,restoration,44,23,21
Darimmx,mannoroth,1382,druid,restoration,120,61,59
Icastsmells,tichondrius,1381,druid,restoration,57,36,21
Petmydeadcow,illidan,1381,druid,restoration,133,68,65
Zoeyx,tichondrius,1380,druid,restoration,57,35,22
Okiesmokied,proudmoore,1378,druid,restoration,30,17,13
Clarice,shattered-halls,1376,druid,restoration,42,17,25
Lostnsauce,tichondrius,1375,druid,restoration,72,30,42
Maaui,sargeras,1374,druid,restoration,48,24,24
Azshunara,moon-guard,1369,druid,restoration,84,43,41
Deamondruidz,kaelthas,1367,druid,restoration,78,31,47
Farmageddon,thunderhorn,1365,druid,restoration,58,33,25
Aramá,drakkari,1365,druid,restoration,38,21,17
Horymory,darkspear,1365,druid,restoration,186,94,92
Poutyface,sargeras,1364,druid,restoration,152,67,85
Vinnydruid,tichondrius,1364,druid,restoration,35,15,20
Lothail,windrunner,1363,druid,restoration,24,15,9
Edraen,zuljin,1362,druid,restoration,137,67,70
Daku,moknathal,1362,druid,restoration,64,31,33
Vondutch,tichondrius,1362,druid,restoration,60,24,36
Mkat,illidan,1360,druid,restoration,42,16,26
Skêet,tichondrius,1359,druid,restoration,49,28,21
Santiagowski,ragnaros,1359,druid,restoration,52,26,26
Shifftycent,trollbane,1359,druid,restoration,54,26,28
Amandi,magtheridon,1358,druid,restoration,42,23,19
Wythrim,quelthalas,1357,druid,restoration,30,17,13
Kergai,emerald-dream,1355,druid,restoration,102,53,49
Kronik,jubeithos,1355,druid,restoration,67,20,47
Muatigorn,blackrock,1354,druid,restoration,50,25,25
Oobuck,kilrogg,1350,druid,restoration,123,63,60
Kevarcen,dalaran,1350,druid,restoration,155,76,79
Heniuhojia,tichondrius,1348,druid,restoration,24,15,9
Onblue,tichondrius,1347,druid,restoration,38,22,16
Malfurionis,tichondrius,1347,druid,restoration,42,17,25
Branu,hyjal,1347,druid,restoration,42,15,27
Jimjab,stormreaver,1346,druid,restoration,60,35,25
Corkybucek,frostmourne,1346,druid,restoration,50,29,21
Joopsy,tichondrius,1346,druid,restoration,251,133,118
Delody,tichondrius,1343,druid,restoration,38,23,15
Bemelerberg,sargeras,1343,druid,restoration,24,14,10
Puzzlebox,illidan,1343,druid,restoration,24,14,10
Mandingodam,auchindoun,1341,druid,restoration,36,16,20
Bigdockepoch,sargeras,1340,druid,restoration,24,14,10
Cantmeldthis,zuljin,1340,druid,restoration,30,14,16
Bearthisnut,bonechewer,1340,druid,restoration,36,15,21
Hoeba,tichondrius,1339,druid,restoration,24,14,10
Redness,daggerspine,1339,druid,restoration,37,19,18
Duckyy,garithos,1339,druid,restoration,48,17,31
Groschats,area-52,1339,druid,restoration,42,14,28
Ripberg,chogall,1338,druid,restoration,30,14,16
Cznfik,area-52,1338,druid,restoration,78,32,46
Eraticdruid,illidan,1338,druid,restoration,42,16,26
Kybecruz,stormrage,1337,druid,restoration,72,34,38
Doglightning,illidan,1336,druid,restoration,25,15,10
Klamediya,illidan,1336,druid,restoration,36,14,22
Vecuronium,tichondrius,1335,druid,restoration,30,14,16
Binionsolboy,illidan,1333,druid,restoration,30,14,16
Anchunlol,tichondrius,1332,druid,restoration,36,18,18
Mudpi,illidan,1332,druid,restoration,71,34,37
Turftiger,stormrage,1331,druid,restoration,30,16,14
Izzabelle,deathwing,1330,druid,restoration,25,16,9
Girthture,tichondrius,1330,druid,restoration,130,63,67
Kritscawk,sargeras,1329,druid,restoration,60,33,27
Anotherstar,frostmourne,1327,druid,restoration,60,28,32
Hynz,barthilas,1327,druid,restoration,36,15,21
Dunedaddy,silvermoon,1326,druid,restoration,48,27,21
Dokasaurus,lightbringer,1325,druid,restoration,36,17,19
Morphios,barthilas,1322,druid,restoration,66,33,33
Phåtkid,darkspear,1322,druid,restoration,48,24,24
Puntcounder,sargeras,1320,druid,restoration,40,21,19
Frames,area-52,1320,druid,restoration,197,103,94
Nxghtfall,tichondrius,1319,druid,restoration,122,65,57
Undaunted,bloodhoof,1319,druid,restoration,30,14,16
Youngteezy,barthilas,1319,druid,restoration,142,53,89
Áçxpërt,jubeithos,1316,druid,restoration,24,14,10
Rwi,tichondrius,1316,druid,restoration,111,51,60
Haohomie,tichondrius,1315,druid,restoration,53,29,24
Controlyolo,stormrage,1314,druid,restoration,48,22,26
Zelyvia,moon-guard,1313,druid,restoration,24,14,10
Freehealjob,lightnings-blade,1313,druid,restoration,30,14,16
Gladelf,sargeras,1312,druid,restoration,282,141,141
Kzinti,zuluhed,1312,druid,restoration,30,14,16
Donnà,tichondrius,1310,druid,restoration,43,21,22
Adaralia,tichondrius,1308,druid,restoration,36,15,21
Bovindickus,tichondrius,1307,druid,restoration,54,24,30
Ÿozsh,azralon,1306,druid,restoration,22,15,7
Ghirox,stormrage,1306,druid,restoration,54,26,28
Skotty,hyjal,1306,druid,restoration,48,23,25
Minokawa,kargath,1305,druid,restoration,44,23,21
Dgdruid,tichondrius,1305,druid,restoration,48,24,24
Reyvin,illidan,1304,druid,restoration,79,32,47
Gaawdx,illidan,1303,druid,restoration,54,25,29
Dankmids,hyjal,1301,druid,restoration,18,14,4
Madsewerslvt,stormrage,1300,druid,restoration,149,75,74
Yoshí,emerald-dream,1299,druid,restoration,51,22,29
Purpleleaves,stormrage,1299,druid,restoration,119,51,68
Airmíd,illidan,1299,druid,restoration,48,16,32
Bigherbo,zuljin,1298,druid,restoration,187,98,89
Haful,emerald-dream,1297,druid,restoration,33,16,17
Aaughh,sargeras,1297,druid,restoration,70,33,37
Rooroo,ragnaros,1296,druid,restoration,28,15,13
Pronewb,frostmourne,1295,druid,restoration,24,18,6
Melbian,tichondrius,1295,druid,restoration,124,70,54
Entydruid,khazgoroth,1295,druid,restoration,34,19,15
Badferal,blackhand,1295,druid,restoration,51,25,26
Plagiarist,stormrage,1295,druid,restoration,44,20,24
Ohhshiift,tichondrius,1295,druid,restoration,33,14,19
Feraldudu,illidan,1294,druid,restoration,66,33,33
Caustìk,malganis,1291,druid,restoration,70,38,32
Haneulso,tichondrius,1290,druid,restoration,55,30,25
Standee,sargeras,1290,druid,restoration,48,18,30
Magicrock,moon-guard,1285,druid,restoration,42,23,19
Apoxi,arygos,1284,druid,restoration,42,24,18
Quss,tichondrius,1283,druid,restoration,25,15,10
Speaks,moon-guard,1283,druid,restoration,113,55,58
Ananan,burning-blade,1282,druid,restoration,101,49,52
Rawbacon,blackrock,1281,druid,restoration,40,15,25
Däll,tichondrius,1280,druid,restoration,48,20,28
Nogàrd,arygos,1279,druid,restoration,23,14,9
Birdie,dalvengyr,1279,druid,restoration,31,17,14
Naseebo,frostmourne,1279,druid,restoration,67,25,42
Ravendar,moon-guard,1278,druid,restoration,65,28,37
Zambyr,azralon,1278,druid,restoration,66,28,38
Afonso,frostmourne,1276,druid,restoration,50,26,24
Silit,tichondrius,1273,druid,restoration,39,18,21
Juuru,stormreaver,1272,druid,restoration,36,27,9
Thericebags,illidan,1272,druid,restoration,161,86,75
Darksteak,tichondrius,1272,druid,restoration,214,111,103
Tenhoteta,goldrinn,1272,druid,restoration,48,22,26
Jruids,stormrage,1272,druid,restoration,54,23,31
Drazibaz,thrall,1271,druid,restoration,42,24,18
Sxlanderx,malganis,1271,druid,restoration,118,58,60
Diglit,malganis,1271,druid,restoration,70,28,42
Ephemere,emerald-dream,1268,druid,restoration,40,20,20
Odcerberus,azralon,1267,druid,restoration,36,18,18
Aterra,ragnaros,1267,druid,restoration,59,28,31
Clawriander,barthilas,1266,druid,restoration,90,47,43
Beefyhealz,emerald-dream,1265,druid,restoration,73,44,29
Tallenzz,lightninghoof,1265,druid,restoration,96,53,43
Elgatomarica,ragnaros,1264,druid,restoration,35,20,15
Kuwä,proudmoore,1264,druid,restoration,250,120,130
Shanê,proudmoore,1263,druid,restoration,61,31,30
Slév,frostmourne,1263,druid,restoration,35,17,18
Asaphelps,stormrage,1260,druid,restoration,28,14,14
Nanate,sargeras,1259,druid,restoration,47,24,23
Whispurrz,tichondrius,1258,druid,restoration,339,174,165
Greenvibes,drakkari,1257,druid,restoration,77,42,35
Lindi,kelthuzad,1257,druid,restoration,78,42,36
Kerrzo,frostmourne,1256,druid,restoration,36,17,19
Lunkz,tichondrius,1255,druid,restoration,195,97,98
Iambeefy,hyjal,1255,druid,restoration,204,101,103
Crackheads,tichondrius,1255,druid,restoration,91,45,46
Groõt,barthilas,1253,druid,restoration,171,79,92
Rockmeifucan,greymane,1253,druid,restoration,78,33,45
Bodyluvlee,zuljin,1252,druid,restoration,44,22,22
Junglefists,frostmourne,1251,druid,restoration,156,79,77
Katherine,moon-guard,1251,druid,restoration,132,62,70
Yakuho,proudmoore,1250,druid,restoration,32,20,12
Carlosd,tichondrius,1250,druid,restoration,58,33,25
Romcom,demon-soul,1250,druid,restoration,48,27,21
Jacknit,illidan,1250,druid,restoration,28,15,13
Skymund,tichondrius,1247,druid,restoration,50,26,24
Ninzor,tichondrius,1247,druid,restoration,30,13,17
Ziegey,tichondrius,1246,druid,restoration,24,13,11
Jonculler,korgath,1246,druid,restoration,54,26,28
Dolanaar,stormrage,1245,druid,restoration,149,78,71
Shallowcat,tichondrius,1245,druid,restoration,41,15,26
Icehulk,kelthuzad,1244,druid,restoration,24,13,11
Torofarmeon,quelthalas,1243,druid,restoration,51,30,21
Krözjk,quelthalas,1243,druid,restoration,57,26,31
Dankcentral,frostwolf,1242,druid,restoration,88,50,38
Goosebümps,stormrage,1242,druid,restoration,24,13,11
Kendoboos,moon-guard,1240,druid,restoration,66,29,37
Socktad,illidan,1240,druid,restoration,36,13,23
Overthink,daggerspine,1239,druid,restoration,18,13,5
Sarojna,malganis,1239,druid,restoration,18,13,5
Healingcute,tichondrius,1239,druid,restoration,131,70,61
Feldstarx,stormrage,1238,druid,restoration,24,13,11
Larc,frostwolf,1238,druid,restoration,76,39,37
Magzally,stormrage,1238,druid,restoration,30,13,17
Kyndel,kiljaeden,1237,druid,restoration,44,22,22
Amatxu,ragnaros,1237,druid,restoration,129,64,65
Travys,sargeras,1235,druid,restoration,36,16,20
Madowl,tichondrius,1235,druid,restoration,36,13,23
Veganz,moon-guard,1233,druid,restoration,145,71,74
Svarne,kiljaeden,1232,druid,restoration,59,29,30
Lünaä,quelthalas,1231,druid,restoration,48,32,16
Shekelsnätch,area-52,1231,druid,restoration,42,21,21
Smilax,eonar,1231,druid,restoration,71,29,42
Mhdd,tichondrius,1230,druid,restoration,54,25,29
Slev,frostmourne,1229,druid,restoration,24,13,11
Kupos,lightbringer,1227,druid,restoration,27,13,14
Imakitty,aerie-peak,1226,druid,restoration,121,62,59
Carneluna,area-52,1226,druid,restoration,66,31,35
Suye,tichondrius,1226,druid,restoration,66,30,36
Wildwhisper,moon-guard,1225,druid,restoration,96,50,46
Yellowstone,drakthul,1222,druid,restoration,42,23,19
Saelyle,illidan,1222,druid,restoration,46,24,22
Tickman,altar-of-storms,1222,druid,restoration,30,13,17
Anothersalad,stormrage,1221,druid,restoration,66,32,34
Beladrexx,stormrage,1221,druid,restoration,54,21,33
Elendriss,quelthalas,1220,druid,restoration,61,28,33
Druidkingdk,stormrage,1218,druid,restoration,29,18,11
Bearuffinz,malganis,1217,druid,restoration,78,37,41
Ännä,moon-guard,1217,druid,restoration,30,13,17
Brandonxerox,tichondrius,1217,druid,restoration,30,13,17
Toslick,kelthuzad,1215,druid,restoration,141,71,70
Malice,undermine,1215,druid,restoration,54,24,30
Mcriblet,illidan,1213,druid,restoration,46,23,23
Greemer,sargeras,1213,druid,restoration,39,18,21
Bunnyes,tichondrius,1212,druid,restoration,59,29,30
Gryel,area-52,1211,druid,restoration,235,122,113
Dalrei,jubeithos,1211,druid,restoration,30,13,17
Ulfaren,frostmourne,1209,druid,restoration,24,15,9
Gossìpgoat,frostmourne,1209,druid,restoration,86,42,44
Pyrogenics,whisperwind,1209,druid,restoration,42,20,22
Lewïs,stormrage,1208,druid,restoration,87,53,34
Beleraine,moon-guard,1208,druid,restoration,40,17,23
Tìssuebox,malganis,1207,druid,restoration,75,32,43
Tuskdaddie,sargeras,1204,druid,restoration,30,17,13
Meôwmix,stormrage,1202,druid,restoration,24,13,11
Kasannaommi,sargeras,1202,druid,restoration,66,32,34
Imrac,boulderfist,1202,druid,restoration,48,17,31
Cuddles,moon-guard,1201,druid,restoration,137,67,70
Driftwood,bonechewer,1201,druid,restoration,64,27,37
Bikacat,kelthuzad,1200,druid,restoration,24,13,11
Elvishchamp,mugthol,1199,druid,restoration,23,14,9
Dimzim,lightbringer,1198,druid,restoration,66,31,35
Panorämix,nemesis,1197,druid,restoration,18,13,5
Nugren,thrall,1195,druid,restoration,50,22,28
Sweetcorn,malganis,1192,druid,restoration,40,16,24
Edbtw,azralon,1191,druid,restoration,68,30,38
Chyx,stormreaver,1190,druid,restoration,41,14,27
Cheddastov,illidan,1189,druid,restoration,27,14,13
Knowgo,tichondrius,1188,druid,restoration,54,28,26
Longisland,quelthalas,1188,druid,restoration,84,38,46
Tarzzan,drakkari,1186,druid,restoration,24,18,6
Adarindre,aerie-peak,1185,druid,restoration,93,46,47
Alewild,quelthalas,1185,druid,restoration,54,26,28
Dainehoof,area-52,1185,druid,restoration,66,28,38
Pawpurrazzi,moon-guard,1183,druid,restoration,17,13,4
Höneyfang,moon-guard,1183,druid,restoration,83,48,35
Worgbearpig,destromath,1180,druid,restoration,32,14,18
Valeñtine,dalaran,1179,druid,restoration,78,39,39
Tworax,frostmourne,1179,druid,restoration,30,13,17
Pollished,kelthuzad,1176,druid,restoration,35,17,18
Lizzelune,drakkari,1176,druid,restoration,42,18,24
Kiraval,stormrage,1175,druid,restoration,60,27,33
Elylaylalar,moon-guard,1174,druid,restoration,54,26,28
Deximus,wyrmrest-accord,1173,druid,restoration,24,13,11
Alastras,tichondrius,1173,druid,restoration,36,18,18
Hruke,illidan,1173,druid,restoration,42,17,25
Foxbear,garona,1172,druid,restoration,57,38,19
Schlotzsky,skullcrusher,1171,druid,restoration,69,37,32
Layala,sargeras,1171,druid,restoration,90,43,47
Mf,stormscale,1171,druid,restoration,30,14,16
Guislstwo,azralon,1170,druid,restoration,36,16,20
Prudence,azralon,1169,druid,restoration,42,21,21
Gentlesoapp,blackrock,1168,druid,restoration,42,25,17
Vantorsydmel,proudmoore,1167,druid,restoration,46,24,22
Chixao,tichondrius,1166,druid,restoration,23,13,10
Matpd,norgannon,1165,druid,restoration,124,61,63
Kitiano,thunderlord,1164,druid,restoration,54,20,34
Kamisamalee,tichondrius,1163,druid,restoration,17,13,4
Yanga,malfurion,1163,druid,restoration,48,27,21
Sarangzzang,tichondrius,1159,druid,restoration,37,22,15
Pachacamac,dragonmaw,1159,druid,restoration,36,21,15
Bäñgarang,tichondrius,1159,druid,restoration,78,41,37
Lenori,vashj,1159,druid,restoration,48,24,24
Smhyle,frostmourne,1158,druid,restoration,41,21,20
Pekingcuckoo,illidan,1152,druid,restoration,24,12,12
Hoedrufroza,tichondrius,1152,druid,restoration,24,12,12
Doah,kelthuzad,1152,druid,restoration,24,12,12
Rekelberg,sargeras,1151,druid,restoration,18,12,6
Beecammy,frostmourne,1151,druid,restoration,54,31,23
Convokíng,kelthuzad,1151,druid,restoration,36,12,24
Concordya,tichondrius,1149,druid,restoration,59,29,30
Mommymilkers,jubeithos,1149,druid,restoration,54,14,40
Æpex,lightnings-blade,1148,druid,restoration,30,16,14
Dampchamp,illidan,1148,druid,restoration,36,12,24
Saltyzz,tichondrius,1147,druid,restoration,36,19,17
Idoldeoz,quelthalas,1147,druid,restoration,36,18,18
Dchizzle,tichondrius,1147,druid,restoration,45,20,25
Kassyx,illidan,1147,druid,restoration,36,12,24
Sowo,sargeras,1146,druid,restoration,18,12,6
Dumberdruid,frostmourne,1146,druid,restoration,24,12,12
Gorillagloo,area-52,1146,druid,restoration,79,36,43
Fatshift,chogall,1145,druid,restoration,122,62,60
Chimnie,malganis,1145,druid,restoration,27,13,14
Iheartpvp,tichondrius,1145,druid,restoration,60,28,32
Lahsa,tichondrius,1145,druid,restoration,30,13,17
Skibbidy,boulderfist,1145,druid,restoration,33,14,19
Tyrs,aggramar,1140,druid,restoration,35,15,20
Alphalemon,ragnaros,1139,druid,restoration,69,33,36
Adind,tanaris,1138,druid,restoration,60,32,28
Jijunss,tichondrius,1137,druid,restoration,23,13,10
Sinseir,stormscale,1137,druid,restoration,99,42,57
Cear,proudmoore,1137,druid,restoration,45,16,29
Miyeonly,dalaran,1137,druid,restoration,36,12,24
Joya,stormrage,1136,druid,restoration,18,12,6
Dummedruid,illidan,1135,druid,restoration,36,12,24
Glenkair,lightnings-blade,1134,druid,restoration,36,17,19
Pumma,darkspear,1134,druid,restoration,28,13,15
Rawrl,illidan,1132,druid,restoration,30,12,18
Catlypso,tichondrius,1131,druid,restoration,72,43,29
Dehla,goldrinn,1128,druid,restoration,64,30,34
Duxz,tichondrius,1127,druid,restoration,23,13,10
Ateoate,stormscale,1127,druid,restoration,51,24,27
Soxyeon,tichondrius,1127,druid,restoration,53,23,30
Sloptoucher,barthilas,1126,druid,restoration,24,12,12
Meonk,frostmourne,1124,druid,restoration,57,27,30
Bubbashift,garona,1124,druid,restoration,60,25,35
Würzel,nemesis,1122,druid,restoration,93,45,48
Hotkage,tichondrius,1120,druid,restoration,24,12,12
Lawlz,aegwynn,1118,druid,restoration,108,61,47
Hðthead,area-52,1118,druid,restoration,54,26,28
Naturemagic,malganis,1117,druid,restoration,51,27,24
Lighthoof,mannoroth,1117,druid,restoration,24,12,12
Kandyshop,gorefiend,1116,druid,restoration,30,22,8
Feralgodx,sargeras,1114,druid,restoration,23,12,11
Stupidranga,barthilas,1114,druid,restoration,48,17,31
Fermata,aegwynn,1113,druid,restoration,28,15,13
Yourka,uther,1112,druid,restoration,50,27,23
Rockcow,tichondrius,1111,druid,restoration,42,17,25
Kuaite,azralon,1110,druid,restoration,72,25,47
Katdog,warsong,1109,druid,restoration,33,22,11
Löthnälar,ragnaros,1109,druid,restoration,48,24,24
Terokky,azralon,1107,druid,restoration,24,12,12
Chowyunfats,proudmoore,1106,druid,restoration,301,155,146
Müfasä,azralon,1106,druid,restoration,54,25,29
Maddoxi,stormrage,1106,druid,restoration,30,12,18
Sharinna,andorhal,1106,druid,restoration,38,14,24
Shroomkin,area-52,1104,druid,restoration,63,34,29
Kastro,frostwolf,1104,druid,restoration,126,65,61
Furfu,illidan,1104,druid,restoration,74,33,41
Zoll,kelthuzad,1103,druid,restoration,60,25,35
Sneakysoren,kelthuzad,1102,druid,restoration,36,13,23
Astralyte,kiljaeden,1099,druid,restoration,24,13,11
Carekoala,wyrmrest-accord,1098,druid,restoration,59,30,29
Dobidas,tichondrius,1097,druid,restoration,119,60,59
Tensuen,boulderfist,1095,druid,restoration,45,17,28
Kymopexy,sargeras,1095,druid,restoration,41,14,27
Jabina,detheroc,1093,druid,restoration,54,16,38
Barugaf,drakkari,1090,druid,restoration,49,28,21
Kittne,hellscream,1089,druid,restoration,48,24,24
Vollzar,sargeras,1089,druid,restoration,68,23,45
Burdup,tichondrius,1088,druid,restoration,36,19,17
Wp,proudmoore,1088,druid,restoration,32,14,18
Ayadel,moon-guard,1086,druid,restoration,118,54,64
Quan,illidan,1082,druid,restoration,48,20,28
Volgoro,thrall,1078,druid,restoration,60,25,35
Mydira,stormrage,1071,druid,restoration,54,30,24
Samerax,vashj,1070,druid,restoration,107,45,62
Slleep,tichondrius,1069,druid,restoration,54,28,26
Agranock,nazgrel,1067,druid,restoration,89,45,44
Gimborion,stormrage,1066,druid,restoration,48,23,25
Nöches,quelthalas,1065,druid,restoration,32,12,20
Anasia,barthilas,1064,druid,restoration,81,43,38
Quaileggs,illidan,1064,druid,restoration,36,12,24
Aarandiel,borean-tundra,1063,druid,restoration,30,17,13
Lutzenberger,nemesis,1063,druid,restoration,53,23,30
Buffalobillz,lethon,1062,druid,restoration,40,25,15
Hallowbranch,moon-guard,1062,druid,restoration,44,17,27
Rëroll,zuljin,1059,druid,restoration,17,12,5
Spasmm,tichondrius,1059,druid,restoration,18,12,6
Chinadruids,tichondrius,1056,druid,restoration,18,11,7
Fracxx,area-52,1056,druid,restoration,18,11,7
Whhm,burning-blade,1056,druid,restoration,24,11,13
Slurpi,barthilas,1056,druid,restoration,30,11,19
Suekeys,frostmourne,1055,druid,restoration,24,11,13
Momorabbitd,tichondrius,1055,druid,restoration,30,11,19
Qkskill,nemesis,1055,druid,restoration,42,11,31
Goodhealer,akama,1054,druid,restoration,42,26,16
Krobz,bleeding-hollow,1054,druid,restoration,18,11,7
Bfaboomy,stormrage,1054,druid,restoration,24,11,13
Moonpaws,frostmourne,1053,druid,restoration,18,11,7
Careless,destromath,1053,druid,restoration,66,27,39
Kitnip,proudmoore,1052,druid,restoration,24,16,8
Maeo,drenden,1052,druid,restoration,18,11,7
Israh,malygos,1052,druid,restoration,26,15,11
Yorch,stormrage,1052,druid,restoration,60,28,32
Jethelium,illidan,1051,druid,restoration,172,94,78
Solisuu,frostmane,1051,druid,restoration,30,11,19
Cres,moon-guard,1051,druid,restoration,42,11,31
Tigranesia,proudmoore,1050,druid,restoration,18,11,7
Acerolita,azralon,1050,druid,restoration,30,11,19
Phxburn,illidan,1050,druid,restoration,30,11,19
Eredorn,darkspear,1049,druid,restoration,24,18,6
Quarantinia,arathor,1049,druid,restoration,36,20,16
Dinglebops,stormrage,1047,druid,restoration,28,15,13
Xzerhos,area-52,1047,druid,restoration,151,70,81
Cratose,runetotem,1047,druid,restoration,47,20,27
Edorant,illidan,1047,druid,restoration,30,11,19
Yimii,stormrage,1046,druid,restoration,18,11,7
Sorrinn,tichondrius,1046,druid,restoration,24,11,13
Thõrr,tichondrius,1046,druid,restoration,24,11,13
Zzizi,tichondrius,1046,druid,restoration,29,13,16
Dorzaku,ragnaros,1045,druid,restoration,47,27,20
Zadayos,aerie-peak,1044,druid,restoration,30,16,14
Jungleakso,tichondrius,1044,druid,restoration,24,11,13
Duducows,tichondrius,1044,druid,restoration,59,23,36
Druilicious,ghostlands,1043,druid,restoration,55,27,28
Libel,korgath,1042,druid,restoration,18,11,7
Gairen,the-venture-co,1042,druid,restoration,20,12,8
Feaveldin,moon-guard,1041,druid,restoration,18,11,7
Ahrilee,area-52,1040,druid,restoration,75,33,42
Jimmycooks,tichondrius,1039,druid,restoration,18,11,7
Chopleaf,khadgar,1039,druid,restoration,180,92,88
Leoha,stormrage,1037,druid,restoration,24,15,9
Erû,ragnaros,1037,druid,restoration,18,11,7
Iiliith,moon-guard,1037,druid,restoration,24,11,13
Taydruid,stormrage,1037,druid,restoration,54,24,30
Ulfaar,frostmourne,1036,druid,restoration,18,11,7
Duedad,gurubashi,1034,druid,restoration,33,19,14
Toxicshift,malganis,1033,druid,restoration,39,13,26
Beefcurtâins,aggramar,1032,druid,restoration,18,11,7
Nohkotana,illidan,1032,druid,restoration,28,13,15
Delicioso,wyrmrest-accord,1030,druid,restoration,33,21,12
Javoh,drakkari,1030,druid,restoration,25,13,12
Carllo,blackrock,1028,druid,restoration,24,11,13
Boofndergz,area-52,1027,druid,restoration,24,15,9
Polymorphos,mugthol,1025,druid,restoration,30,14,16
Janaki,malygos,1024,druid,restoration,30,13,17
Panacaea,windrunner,1023,druid,restoration,18,11,7
Sodury,tichondrius,1023,druid,restoration,172,95,77
Azyx,stormrage,1023,druid,restoration,92,40,52
Imcop,tichondrius,1020,druid,restoration,18,11,7
Troply,ragnaros,1020,druid,restoration,20,12,8
Funnydruid,frostmourne,1020,druid,restoration,42,20,22
Xarressian,moon-guard,1019,druid,restoration,24,11,13
Sonrius,proudmoore,1017,druid,restoration,52,25,27
Feanah,tichondrius,1017,druid,restoration,26,12,14
Nachopuppet,kelthuzad,1017,druid,restoration,45,20,25
Irushbots,tichondrius,1016,druid,restoration,30,11,19
Skaidi,quelthalas,1015,druid,restoration,24,13,11
Pmsprone,tichondrius,1012,druid,restoration,84,40,44
Milkmoneymeo,illidan,1011,druid,restoration,29,11,18
Sunneater,azuremyst,1009,druid,restoration,37,18,19
Ojdidnt,bleeding-hollow,1007,druid,restoration,21,12,9
Cannabull,echo-isles,1007,druid,restoration,27,13,14
Rivetrix,azralon,1007,druid,restoration,103,49,54
Agnala,drakkari,1007,druid,restoration,99,35,64
Macdonah,tichondrius,1006,druid,restoration,66,33,33
Keladria,bleeding-hollow,1002,druid,restoration,102,55,47
Bloodshadez,tichondrius,1001,druid,restoration,21,12,9
Guron,aegwynn,1001,druid,restoration,57,30,27
Goenytz,quelthalas,1001,druid,restoration,44,14,30
Yeahhots,frostmourne,1000,druid,restoration,15,12,3
Mainera,sargeras,1000,druid,restoration,26,12,14
Cowtox,moon-guard,997,druid,restoration,104,50,54
Thicclesbean,tichondrius,996,druid,restoration,31,16,15
Alfurr,tichondrius,994,druid,restoration,85,43,42
Krossus,drakkari,993,druid,restoration,38,13,25
Hewozuoai,area-52,990,druid,restoration,35,11,24
Astharon,drakkari,989,druid,restoration,56,31,25
Marrana,altar-of-storms,989,druid,restoration,24,13,11
Ahylen,quelthalas,989,druid,restoration,53,22,31
Canche,arthas,986,druid,restoration,34,19,15
Feralgød,tichondrius,985,druid,restoration,30,11,19
Pathostos,dalaran,982,druid,restoration,92,39,53
Nerfmesoon,sargeras,978,druid,restoration,22,11,11
Jennafix,dathremar,977,druid,restoration,42,23,19
Santicow,ragnaros,975,druid,restoration,20,11,9
Sharkhotzlol,frostmourne,974,druid,restoration,30,11,19
Bindudream,frostmane,973,druid,restoration,72,35,37
Modiboom,arthas,969,druid,restoration,36,12,24
Seceru,proudmoore,968,druid,restoration,58,31,27
Boomshorts,blackrock,968,druid,restoration,29,14,15
Sunyatsen,quelthalas,967,druid,restoration,58,25,33
Tiufill,nemesis,965,druid,restoration,30,16,14
Wiggle,stormscale,962,druid,restoration,44,21,23
Salzadruid,aggramar,960,druid,restoration,12,10,2
Baruc,illidan,960,druid,restoration,12,10,2
Solushun,sargeras,960,druid,restoration,12,10,2
Larissaelar,tichondrius,960,druid,restoration,12,10,2
Jiywa,lightbringer,960,druid,restoration,18,10,8
Kurohîme,illidan,960,druid,restoration,18,10,8
Aphroditezs,tichondrius,960,druid,restoration,18,10,8
Myovo,tichondrius,960,druid,restoration,18,10,8
Nhin,ghostlands,960,druid,restoration,24,10,14
Smeekq,tichondrius,960,druid,restoration,24,10,14
Lindsanr,illidan,960,druid,restoration,30,10,20
Xiaoyi,tichondrius,959,druid,restoration,12,10,2
Ddi,frostmourne,959,druid,restoration,18,10,8
Eldertroll,boulderfist,959,druid,restoration,18,10,8
Slambeezy,emerald-dream,959,druid,restoration,18,10,8
Garbagebutt,burning-legion,959,druid,restoration,18,10,8
Hoonjojjyanx,tichondrius,959,druid,restoration,18,10,8
Oblackbetty,illidan,959,druid,restoration,39,18,21
Treesh,kelthuzad,959,druid,restoration,26,10,16
Lissette,thrall,958,druid,restoration,18,10,8
Tigd,alleria,958,druid,restoration,18,10,8
Tlanquility,tichondrius,958,druid,restoration,18,10,8
Uggadruid,malganis,958,druid,restoration,18,10,8
Tayokou,zuljin,957,druid,restoration,12,10,2
Dreamgaze,zuljin,957,druid,restoration,18,10,8
Simina,kargath,957,druid,restoration,18,10,8
Chenxguang,tichondrius,957,druid,restoration,42,22,20
Iheartmushu,mannoroth,957,druid,restoration,91,47,44
Lovenug,shadowsong,957,druid,restoration,24,10,14
Ñoobdruid,tichondrius,956,druid,restoration,18,10,8
Cranbérry,sargeras,956,druid,restoration,18,10,8
Vêzpêr,kelthuzad,956,druid,restoration,24,10,14
Lorca,stormrage,955,druid,restoration,12,10,2
Locopewpew,malganis,954,druid,restoration,61,19,42
Trolbearpig,malganis,952,druid,restoration,18,10,8
Joink,sargeras,952,druid,restoration,18,10,8
Wildartform,malganis,952,druid,restoration,23,12,11
Dietmilk,sargeras,952,druid,restoration,24,11,13
Bainnê,ragnaros,952,druid,restoration,48,11,37
Nytecrawler,bonechewer,951,druid,restoration,12,10,2
Erisya,moon-guard,951,druid,restoration,18,10,8
Fortnitburgr,tichondrius,951,druid,restoration,18,10,8
Wintarz,sargeras,951,druid,restoration,30,10,20
Feckzd,blackhand,950,druid,restoration,18,10,8
Honeymead,wyrmrest-accord,950,druid,restoration,65,36,29
Judar,barthilas,950,druid,restoration,24,10,14
Rhatir,stormrage,949,druid,restoration,138,61,77
Noonoo,frostwolf,949,druid,restoration,24,10,14
Cleptoresto,dalaran,949,druid,restoration,33,10,23
Immabot,tichondrius,949,druid,restoration,36,10,26
Hpcorrection,bleeding-hollow,946,druid,restoration,18,10,8
Vdubz,blackrock,944,druid,restoration,37,17,20
Fatjoints,tichondrius,943,druid,restoration,60,21,39
Maxobviously,stormrage,942,druid,restoration,18,10,8
Devilsparda,frostmane,942,druid,restoration,24,10,14
Kg,cenarion-circle,941,druid,restoration,28,13,15
Tyrantha,emerald-dream,941,druid,restoration,24,10,14
Shiftaholic,azgalor,940,druid,restoration,33,17,16
Drucaicer,quelthalas,939,druid,restoration,71,38,33
Dwalk,moknathal,938,druid,restoration,97,45,52
Bukbukboom,thunderlord,937,druid,restoration,23,10,13
Blackdawgg,frostmourne,931,druid,restoration,60,21,39
Katochi,area-52,929,druid,restoration,54,24,30
Blooddude,saurfang,927,druid,restoration,30,11,19
Killari,malganis,926,druid,restoration,30,15,15
Treewik,emerald-dream,925,druid,restoration,113,60,53
Movom,tichondrius,925,druid,restoration,23,10,13
Dhannar,proudmoore,924,druid,restoration,12,10,2
Kataless,sargeras,924,druid,restoration,101,51,50
Cloudbreaker,duskwood,923,druid,restoration,18,10,8
Chocoo,thaurissan,923,druid,restoration,20,11,9
Bankinbäbe,illidan,923,druid,restoration,50,23,27
Dyfurion,stormrage,922,druid,restoration,18,10,8
Mielo,illidan,922,druid,restoration,146,67,79
Uwupollo,ragnaros,917,druid,restoration,66,27,39
Marakar,nazjatar,917,druid,restoration,48,13,35
Fovoss,dalaran,914,druid,restoration,36,18,18
Lazypandas,silvermoon,914,druid,restoration,41,17,24
Aquesadilla,tichondrius,907,druid,restoration,108,36,72
Kenzié,doomhammer,906,druid,restoration,48,22,26
Gromdruid,azralon,905,druid,restoration,66,33,33
Boomsläng,ghostlands,905,druid,restoration,25,12,13
Diaks,proudmoore,900,druid,restoration,24,12,12
Bethemarble,sargeras,900,druid,restoration,47,20,27
Irishdoom,tichondrius,899,druid,restoration,20,11,9
Merawr,area-52,896,druid,restoration,22,10,12
Theboyz,zuljin,895,druid,restoration,36,15,21
Hentaiboom,kiljaeden,893,druid,restoration,36,16,20
Vengaul,amanthul,892,druid,restoration,24,10,14
Lâvazza,tichondrius,890,druid,restoration,28,10,18
Sliickrick,frostmourne,889,druid,restoration,30,10,20
Guerrillera,khadgar,886,druid,restoration,136,61,75
Treeoleo,stormrage,884,druid,restoration,36,16,20
Kittyz,wyrmrest-accord,881,druid,restoration,36,18,18
Midníght,drakkari,880,druid,restoration,34,18,16
Bunrÿl,thorium-brotherhood,874,druid,restoration,54,24,30
Augus,hyjal,870,druid,restoration,33,11,22
Theboy,dalaran,869,druid,restoration,48,15,33
Fongoons,kelthuzad,865,druid,restoration,24,10,14
Aiteezy,illidan,864,druid,restoration,12,9,3
Spikeleaf,tichondrius,864,druid,restoration,12,9,3
Restokinaja,dreadmaul,864,druid,restoration,12,9,3
Bopplejr,tichondrius,864,druid,restoration,12,9,3
Duo,demon-soul,864,druid,restoration,12,9,3
Toonah,area-52,864,druid,restoration,12,9,3
Justforgame,sargeras,864,druid,restoration,12,9,3
Mmrborrower,icecrown,864,druid,restoration,18,9,9
Hellshifterr,tichondrius,864,druid,restoration,18,9,9
Ppbtw,illidan,864,druid,restoration,18,9,9
Ppb,illidan,864,druid,restoration,18,9,9
Admoney,sargeras,864,druid,restoration,18,9,9
Ppbdru,tichondrius,864,druid,restoration,18,9,9
Bigblackcroc,kiljaeden,864,druid,restoration,18,9,9
Ooh,stormreaver,863,druid,restoration,12,9,3
Ilovejuli,illidan,863,druid,restoration,12,9,3
Rejuvenation,kaelthas,863,druid,restoration,12,9,3
Naturenugget,tichondrius,863,druid,restoration,12,9,3
Nyxlawl,azralon,863,druid,restoration,18,9,9
Tricklein,tichondrius,863,druid,restoration,18,9,9
Vernaar,laughing-skull,863,druid,restoration,18,9,9
Canek,ghostlands,863,druid,restoration,18,9,9
Opim,sargeras,863,druid,restoration,24,9,15
Guss,mannoroth,863,druid,restoration,24,9,15
Canitöuchit,tichondrius,863,druid,restoration,24,9,15
Mossin,sargeras,863,druid,restoration,24,9,15
Tugginudders,illidan,863,druid,restoration,30,9,21
Shuffleqlol,stormrage,862,druid,restoration,12,9,3
Pawsh,tichondrius,862,druid,restoration,12,9,3
Jentzull,tichondrius,862,druid,restoration,12,9,3
Cenarius,frostmourne,862,druid,restoration,18,9,9
Pawpa,daggerspine,862,druid,restoration,18,9,9
Phylex,frostmourne,862,druid,restoration,18,9,9
Spicyx,moon-guard,862,druid,restoration,18,9,9
Truidy,proudmoore,862,druid,restoration,18,9,9
Imlordgumper,illidan,862,druid,restoration,24,9,15
Dzone,tichondrius,861,druid,restoration,12,9,3
Monkeyxo,kelthuzad,861,druid,restoration,18,9,9
Alindrä,moon-guard,861,druid,restoration,18,9,9
Alsei,quelthalas,861,druid,restoration,40,18,22
Starkraven,firetree,861,druid,restoration,26,10,16
Goodspeed,thrall,861,druid,restoration,42,11,31
Stetile,azralon,859,druid,restoration,18,9,9
Feykurds,sargeras,859,druid,restoration,24,9,15
Sorio,area-52,858,druid,restoration,28,10,18
Ilikan,ragnaros,857,druid,restoration,12,9,3
Feutrine,zuljin,857,druid,restoration,18,9,9
Thorfir,gorefiend,854,druid,restoration,24,10,14
Faroo,azralon,854,druid,restoration,24,9,15
Onlypaws,azjolnerub,852,druid,restoration,24,9,15
Ddizz,cairne,850,druid,restoration,24,9,15
Fionnbharr,ragnaros,849,druid,restoration,80,35,45
Bigox,area-52,849,druid,restoration,118,46,72
Kvacco,kiljaeden,848,druid,restoration,24,9,15
Encosan,azralon,848,druid,restoration,30,9,21
Kanadae,thrall,846,druid,restoration,24,9,15
Érois,azralon,844,druid,restoration,18,9,9
Draycø,tichondrius,841,druid,restoration,18,9,9
Fronkysilva,illidan,838,druid,restoration,48,19,29
Bomme,zuljin,833,druid,restoration,28,10,18
Rhondarootsy,zuljin,829,druid,restoration,24,10,14
Menapaws,arygos,828,druid,restoration,15,9,6
Breakthemm,bonechewer,826,druid,restoration,54,22,32
Cøkelol,zuljin,820,druid,restoration,22,9,13
Cadekey,illidan,819,druid,restoration,30,9,21
Trôll,mannoroth,818,druid,restoration,26,10,16
Kawanishi,stormrage,810,druid,restoration,18,9,9
Uniquexia,tichondrius,808,druid,restoration,45,10,35
Moolan,bleeding-hollow,804,druid,restoration,40,20,20
Elauria,stormreaver,804,druid,restoration,42,17,25
Atim,moon-guard,804,druid,restoration,96,28,68
Xxuan,tichondrius,803,druid,restoration,62,16,46
Mcy,nerzhul,798,druid,restoration,20,9,11
Lazza,blackhand,796,druid,restoration,16,9,7
Cenariun,stormrage,790,druid,restoration,30,9,21
Tftworldcham,blackrock,783,druid,restoration,11,9,2
Judwen,grizzly-hills,779,druid,restoration,70,26,44
Redharp,proudmoore,776,druid,restoration,43,17,26
Leilani,eredar,768,druid,restoration,12,8,4
Xiaootong,tichondrius,768,druid,restoration,12,8,4
Cntomy,tichondrius,768,druid,restoration,12,8,4
Albafic,illidan,768,druid,restoration,12,8,4
Tiggor,ghostlands,768,druid,restoration,12,8,4
Bobxd,kelthuzad,768,druid,restoration,12,8,4
Ppm,illidan,768,druid,restoration,12,8,4
Kustumsdog,tichondrius,768,druid,restoration,12,8,4
Chinadruides,tichondrius,768,druid,restoration,12,8,4
Taledra,stormrage,768,druid,restoration,18,8,10
Mkong,tichondrius,768,druid,restoration,18,8,10
Restobaby,tichondrius,768,druid,restoration,18,8,10
Jathel,area-52,768,druid,restoration,18,8,10
Jnzid,area-52,768,druid,restoration,23,8,15
Vulkur,illidan,768,druid,restoration,30,8,22
Alend,alexstrasza,767,druid,restoration,12,8,4
Înfamous,thrall,767,druid,restoration,12,8,4
Ebyx,frostmourne,767,druid,restoration,12,8,4
Kismet,andorhal,767,druid,restoration,12,8,4
Bringo,executus,767,druid,restoration,21,10,11
Thetakeout,tichondrius,767,druid,restoration,18,8,10
Junglez,shadowmoon,767,druid,restoration,18,8,10
Waxedchest,emerald-dream,767,druid,restoration,18,8,10
Lifebloomlol,area-52,767,druid,restoration,18,8,10
Kaboomy,moon-guard,767,druid,restoration,18,8,10
Çura,tichondrius,766,druid,restoration,12,8,4
Hughcockman,tichondrius,766,druid,restoration,12,8,4
Ortalen,spirestone,766,druid,restoration,12,8,4
Realhötgirl,moon-guard,766,druid,restoration,12,8,4
Wildsïde,tichondrius,766,druid,restoration,18,8,10
Crapster,boulderfist,766,druid,restoration,18,8,10
Bumbleebee,azralon,766,druid,restoration,24,8,16
Hedwíg,ragnaros,766,druid,restoration,24,8,16
Kellykapore,area-52,766,druid,restoration,81,20,61
Dmanrepus,sargeras,765,druid,restoration,12,8,4
Boomfire,thaurissan,765,druid,restoration,12,8,4
Imnotinhuman,tichondrius,765,druid,restoration,12,8,4
Louisvuittón,area-52,765,druid,restoration,12,8,4
Vexcey,sargeras,765,druid,restoration,12,8,4
Omelet,tichondrius,765,druid,restoration,18,8,10
Guybranch,illidan,765,druid,restoration,24,8,16
Slee,eredar,764,druid,restoration,12,8,4
Leatherpig,proudmoore,764,druid,restoration,18,8,10
Ctarla,tichondrius,764,druid,restoration,18,8,10
Needabandaid,arthas,764,druid,restoration,24,8,16
Aurajin,spinebreaker,764,druid,restoration,24,8,16
Polánd,area-52,763,druid,restoration,12,8,4
Hadoriss,kelthuzad,763,druid,restoration,24,8,16
Studioghibli,bleeding-hollow,762,druid,restoration,12,8,4
Xay,runetotem,762,druid,restoration,18,8,10
Atalìa,moon-guard,762,druid,restoration,18,8,10
Blitzÿ,lothar,761,druid,restoration,12,8,4
Markóla,stormrage,761,druid,restoration,18,8,10
Loganski,korialstrasz,761,druid,restoration,18,8,10
Wortsnom,tol-barad,760,druid,restoration,12,8,4
Tristanne,proudmoore,760,druid,restoration,12,8,4
Sbc,anvilmar,760,druid,restoration,30,8,22
Vulgär,kiljaeden,758,druid,restoration,18,8,10
Rairven,stormrage,757,druid,restoration,42,8,34
Bussincheeks,tichondrius,755,druid,restoration,18,8,10
Breakertime,illidan,753,druid,restoration,18,8,10
Salpicow,nagrand,752,druid,restoration,23,10,13
Hydruidponic,aegwynn,752,druid,restoration,27,9,18
Friarpuck,nerzhul,747,druid,restoration,12,8,4
Dytriax,ragnaros,746,druid,restoration,18,8,10
Nodeathz,sargeras,743,druid,restoration,27,10,17
Dragondruid,dawnbringer,742,druid,restoration,35,9,26
Stamynn,kelthuzad,741,druid,restoration,216,65,151
Nattog,area-52,736,druid,restoration,52,12,40
Ekj,tichondrius,735,druid,restoration,14,9,5
Akanx,tichondrius,735,druid,restoration,16,9,7
Kadry,ragnaros,733,druid,restoration,18,8,10
Papichulo,hydraxis,731,druid,restoration,18,8,10
Kataoka,azralon,721,druid,restoration,23,11,12
Rdruidchump,the-forgotten-coast,719,druid,restoration,15,9,6
Basulto,tichondrius,718,druid,restoration,23,8,15
Xîstance,barthilas,717,druid,restoration,23,8,15
Asclepïus,tichondrius,716,druid,restoration,17,8,9
Felinedreams,sargeras,714,druid,restoration,14,9,5
Whiskeyblues,ursin,706,druid,restoration,24,8,16
Finntann,moon-guard,704,druid,restoration,24,8,16
Drexldrood,cenarius,697,druid,restoration,15,9,6
Zephiee,kelthuzad,692,druid,restoration,23,8,15
Solbinn,nordrassil,683,druid,restoration,78,21,57
Teamwork,moon-guard,681,druid,restoration,20,10,10
Importedalc,zuljin,678,druid,restoration,36,8,28
Fresh,earthen-ring,672,druid,restoration,12,7,5
Jrën,tichondrius,672,druid,restoration,12,7,5
Blacksimbá,area-52,672,druid,restoration,12,7,5
Fanboy,magtheridon,672,druid,restoration,12,7,5
Scuzzin,zuljin,672,druid,restoration,12,7,5
Toketree,sargeras,672,druid,restoration,12,7,5
Cøsmiccow,illidan,672,druid,restoration,12,7,5
Skitzo,akama,672,druid,restoration,12,7,5
Mymatejames,tichondrius,672,druid,restoration,12,7,5
Crusch,shattered-halls,672,druid,restoration,12,7,5
Motate,malganis,672,druid,restoration,12,7,5
Hmoobforshoz,wildhammer,672,druid,restoration,12,7,5
Restokinaka,dreadmaul,672,druid,restoration,12,7,5
Esqueue,stormrage,672,druid,restoration,12,7,5
Perilous,malygos,672,druid,restoration,12,7,5
Sensations,moon-guard,672,druid,restoration,12,7,5
Cuzzidr,tichondrius,672,druid,restoration,12,7,5
Razberriesz,stormrage,672,druid,restoration,12,7,5
Tmdogwater,sargeras,672,druid,restoration,12,7,5
Cyrea,dalaran,672,druid,restoration,12,7,5
Cameltail,kelthuzad,672,druid,restoration,12,7,5
Razakka,stormrage,672,druid,restoration,18,7,11
Washeddruid,area-52,672,druid,restoration,18,7,11
Suekey,frostmourne,672,druid,restoration,18,7,11
Restokina,dreadmaul,672,druid,restoration,18,7,11
Dotsbots,barthilas,672,druid,restoration,18,7,11
Calimei,bladefist,672,druid,restoration,18,7,11
Greentoë,sargeras,672,druid,restoration,18,7,11
Liloudadru,tichondrius,672,druid,restoration,18,7,11
Wùúkìí,bleeding-hollow,672,druid,restoration,24,7,17
Shrooming,frostmourne,672,druid,restoration,24,7,17
Hugharection,illidan,671,druid,restoration,12,7,5
Jillferal,proudmoore,671,druid,restoration,12,7,5
Vadeyr,illidan,671,druid,restoration,12,7,5
Zthatchx,shadowmoon,671,druid,restoration,12,7,5
Lolth,turalyon,671,druid,restoration,12,7,5
Uttress,tichondrius,671,druid,restoration,12,7,5
Cryel,sargeras,671,druid,restoration,12,7,5
Ophiophagus,nemesis,671,druid,restoration,12,7,5
Sroyalbeast,sargeras,671,druid,restoration,12,7,5
Jessbearly,kiljaeden,671,druid,restoration,12,7,5
Iâmkyle,darkspear,671,druid,restoration,12,7,5
Boomchí,tichondrius,671,druid,restoration,18,7,11
Wildarumqt,tichondrius,671,druid,restoration,18,7,11
Sêxcavator,thrall,671,druid,restoration,18,7,11
Lilgee,kelthuzad,671,druid,restoration,18,7,11
Finn,spinebreaker,671,druid,restoration,18,7,11
Topzet,azralon,671,druid,restoration,24,7,17
Erykk,dalaran,670,druid,restoration,12,7,5
Queiq,kelthuzad,670,druid,restoration,12,7,5
Hellahots,spinebreaker,670,druid,restoration,12,7,5
Flexxfurion,thrall,670,druid,restoration,18,7,11
Wreckked,sargeras,670,druid,restoration,18,7,11
Frave,dentarg,670,druid,restoration,24,7,17
Hotpocketz,kiljaeden,670,druid,restoration,28,8,20
Dipset,khadgar,670,druid,restoration,30,7,23
Martymoo,bleeding-hollow,670,druid,restoration,30,7,23
Dylonomancer,tichondrius,669,druid,restoration,12,7,5
Bearkîng,stormrage,669,druid,restoration,12,7,5
Fandren,ravencrest,669,druid,restoration,12,7,5
Nayelina,stormrage,669,druid,restoration,12,7,5
Zwind,nerzhul,669,druid,restoration,16,8,8
Treesonn,kelthuzad,669,druid,restoration,17,8,9
Briallyn,tichondrius,669,druid,restoration,18,7,11
Razorclaws,stormscale,669,druid,restoration,18,7,11
Battiatus,malganis,669,druid,restoration,18,7,11
Maggiee,arthas,669,druid,restoration,24,7,17
Bloomcrue,moon-guard,668,druid,restoration,12,7,5
Migdrail,nemesis,668,druid,restoration,18,7,11
Shiftyy,nordrassil,668,druid,restoration,19,7,12
Mukay,stormrage,668,druid,restoration,24,7,17
Esyiix,tichondrius,668,druid,restoration,24,7,17
Mïms,area-52,667,druid,restoration,12,7,5
Kobudo,frostwolf,666,druid,restoration,12,7,5
Transpecies,kelthuzad,666,druid,restoration,12,7,5
Flayde,barthilas,666,druid,restoration,12,7,5
Darkstarfalz,bleeding-hollow,665,druid,restoration,12,7,5
Swagbabe,sargeras,665,druid,restoration,18,7,11
Lacarne,tichondrius,665,druid,restoration,30,7,23
Bullshifftt,kelthuzad,664,druid,restoration,12,7,5
Anakum,azshara,664,druid,restoration,16,8,8
Somars,cenarius,663,druid,restoration,12,7,5
Madambuku,thrall,663,druid,restoration,12,7,5
Xkcc,perenolde,660,druid,restoration,18,7,11
Breezeys,tichondrius,658,druid,restoration,29,12,17
Snarl,blades-edge,657,druid,restoration,12,7,5
Ikova,frostmourne,650,druid,restoration,18,7,11
Riddickd,malfurion,639,druid,restoration,14,8,6
Gotdruid,sargeras,639,druid,restoration,14,8,6
Warmkitteh,kiljaeden,639,druid,restoration,17,7,10
Breathe,ysera,639,druid,restoration,28,7,21
Wolfelord,sargeras,624,druid,restoration,21,7,14
Rígo,frostmourne,622,druid,restoration,15,8,7
Midoriiro,dentarg,612,druid,restoration,25,8,17
Milkz,zuljin,607,druid,restoration,26,7,19
Solipsism,barthilas,576,druid,restoration,6,6,0
Pacetwo,area-52,576,druid,restoration,6,6,0
Masan,burning-blade,576,druid,restoration,6,6,0
Ordono,emerald-dream,576,druid,restoration,6,6,0
Seyvyurtoo,black-dragonflight,576,druid,restoration,6,6,0
Dirtydrood,mugthol,576,druid,restoration,12,6,6
Krunks,frostmourne,576,druid,restoration,12,6,6
Smeekqtwo,tichondrius,576,druid,restoration,12,6,6
Hotwolf,tichondrius,576,druid,restoration,12,6,6
Naturetazerr,sargeras,576,druid,restoration,12,6,6
Afkifuthrow,ysera,576,druid,restoration,12,6,6
Bearys,area-52,576,druid,restoration,12,6,6
Naturenugget,sargeras,576,druid,restoration,12,6,6
Gemo,tichondrius,576,druid,restoration,12,6,6
Solushunx,sargeras,576,druid,restoration,12,6,6
Zaelos,proudmoore,576,druid,restoration,12,6,6
Daddypompum,tichondrius,576,druid,restoration,12,6,6
Wëndell,tichondrius,576,druid,restoration,12,6,6
Mynameisfish,tichondrius,576,druid,restoration,12,6,6
Connection,emerald-dream,576,druid,restoration,12,6,6
Gizho,sargeras,576,druid,restoration,12,6,6
Forèst,sargeras,576,druid,restoration,12,6,6
Fwaffle,bleeding-hollow,576,druid,restoration,12,6,6
Sawajirii,tichondrius,576,druid,restoration,12,6,6
Krisdu,kelthuzad,576,druid,restoration,12,6,6
Floray,tichondrius,576,druid,restoration,12,6,6
Xingyejingmi,tichondrius,576,druid,restoration,12,6,6
Torbock,zuljin,576,druid,restoration,12,6,6
Chinadruidss,tichondrius,576,druid,restoration,12,6,6
Hecaf,drakkari,576,druid,restoration,12,6,6
Nomilk,illidan,576,druid,restoration,12,6,6
Juicecarton,thrall,576,druid,restoration,12,6,6
Larryjones,alleria,576,druid,restoration,12,6,6
Leomerchan,stormrage,576,druid,restoration,12,6,6
Shiftydon,borean-tundra,576,druid,restoration,15,6,9
Suublime,ragnaros,576,druid,restoration,18,6,12
Nodab,tichondrius,576,druid,restoration,18,6,12
Mâckdâddy,kul-tiras,576,druid,restoration,18,6,12
Hawtyforever,tichondrius,576,druid,restoration,18,6,12
Sneakiez,tichondrius,576,druid,restoration,18,6,12
Axtin,stormreaver,576,druid,restoration,18,6,12
Arútam,ragnaros,576,druid,restoration,18,6,12
Hottietottie,laughing-skull,576,druid,restoration,24,6,18
Shinoßi,area-52,576,druid,restoration,24,6,18
Nerglet,aerie-peak,576,druid,restoration,24,6,18
Gønkh,quelthalas,575,druid,restoration,6,6,0
Gosch,stormrage,575,druid,restoration,12,6,6
Nrp,stormrage,575,druid,restoration,12,6,6
Bamfferal,tichondrius,575,druid,restoration,12,6,6
Weltherion,guldan,575,druid,restoration,12,6,6
Cinderellax,illidan,575,druid,restoration,12,6,6
Kokushe,burning-legion,575,druid,restoration,12,6,6
Velauris,sargeras,575,druid,restoration,12,6,6
Jonoa,nagrand,575,druid,restoration,12,6,6
Ulfvur,nagrand,575,druid,restoration,12,6,6
Keläia,quelthalas,575,druid,restoration,12,6,6
Nightnes,sargeras,575,druid,restoration,12,6,6
Clawandørder,tichondrius,575,druid,restoration,12,6,6
Flôkey,tichondrius,575,druid,restoration,12,6,6
Skullchief,barthilas,575,druid,restoration,16,7,9
Sleepypaws,silvermoon,575,druid,restoration,18,6,12
Mithaelar,moon-guard,575,druid,restoration,18,6,12
Moobees,arthas,575,druid,restoration,18,6,12
Aligantor,thrall,575,druid,restoration,18,6,12
Dýreðaguð,gurubashi,575,druid,restoration,18,6,12
Treynî,tichondrius,575,druid,restoration,18,6,12
Elpako,ragnaros,574,druid,restoration,6,6,0
Uttress,kalecgos,574,druid,restoration,12,6,6
Throatslash,thrall,574,druid,restoration,12,6,6
Dibinha,azralon,574,druid,restoration,12,6,6
Carther,korgath,574,druid,restoration,12,6,6
Aranuir,emerald-dream,574,druid,restoration,18,6,12
Brisketmre,dalaran,574,druid,restoration,36,6,30
Lonewolfdrd,illidan,573,druid,restoration,6,6,0
Jockrock,thunderhorn,573,druid,restoration,12,6,6
Quagsire,moon-guard,573,druid,restoration,18,6,12
Ahlekleklekk,azralon,572,druid,restoration,12,6,6
Erourk,azralon,572,druid,restoration,12,6,6
Keyli,frostwolf,572,druid,restoration,12,6,6
Modification,eonar,572,druid,restoration,12,6,6
Vacagalo,azralon,572,druid,restoration,12,6,6
Nightshiver,bleeding-hollow,572,druid,restoration,12,6,6
Jimooin,tichondrius,572,druid,restoration,18,6,12
Bonemaul,bonechewer,571,druid,restoration,12,6,6
Kupaloidzki,proudmoore,571,druid,restoration,12,6,6
Budsmoke,stormrage,571,druid,restoration,18,6,12
Aokseer,azralon,570,druid,restoration,12,6,6
Mîløh,area-52,570,druid,restoration,12,6,6
Nordway,alexstrasza,569,druid,restoration,12,6,6
Otixx,wyrmrest-accord,568,druid,restoration,18,6,12
Naachocheeze,tichondrius,566,druid,restoration,12,6,6
Onyayo,barthilas,565,druid,restoration,12,6,6
Shalandrea,sargeras,552,druid,restoration,24,6,18
Lililililil,stormrage,552,druid,restoration,36,6,30
Istishiã,tichondrius,543,druid,restoration,14,7,7
Enyu,sargeras,542,druid,restoration,23,6,17
Cudbacrakhed,tichondrius,541,druid,restoration,20,7,13
Isalien,kelthuzad,521,druid,restoration,21,7,14
Arthemisgodx,azralon,520,druid,restoration,17,10,7
Rakins,arthas,496,druid,restoration,13,6,7
Windù,azralon,488,druid,restoration,16,9,7
Brëed,tichondrius,480,druid,restoration,6,5,1
Kascatm,area-52,480,druid,restoration,6,5,1
Shìfty,emerald-dream,480,druid,restoration,6,5,1
Naakx,tichondrius,480,druid,restoration,6,5,1
Genghisßong,mannoroth,480,druid,restoration,6,5,1
Dëmoníc,ragnaros,480,druid,restoration,6,5,1
Roraex,tichondrius,480,druid,restoration,6,5,1
Sevend,tichondrius,480,druid,restoration,6,5,1
Treehealage,sargeras,480,druid,restoration,6,5,1
Jaspen,bleeding-hollow,480,druid,restoration,6,5,1
Twentyfour,laughing-skull,480,druid,restoration,12,5,7
Noah,altar-of-storms,480,druid,restoration,12,5,7
Moonfannia,malganis,480,druid,restoration,12,5,7
Lookhowirun,emerald-dream,480,druid,restoration,12,5,7
Phéônix,zuljin,480,druid,restoration,12,5,7
Jaydog,emerald-dream,480,druid,restoration,12,5,7
Vêrâ,stormrage,480,druid,restoration,12,5,7
Cheeseface,bleeding-hollow,480,druid,restoration,12,5,7
Whìtewölf,emerald-dream,480,druid,restoration,12,5,7
Blàtté,zuljin,480,druid,restoration,12,5,7
Stamookee,area-52,480,druid,restoration,12,5,7
Shartah,zuljin,480,druid,restoration,12,5,7
Zemul,ragnaros,480,druid,restoration,12,5,7
Furrari,baelgun,480,druid,restoration,12,5,7
Shwayshift,bleeding-hollow,480,druid,restoration,12,5,7
Softgrizzly,auchindoun,480,druid,restoration,12,5,7
Hudada,emerald-dream,480,druid,restoration,12,5,7
Afrogx,dalaran,480,druid,restoration,12,5,7
Bobochi,tichondrius,480,druid,restoration,12,5,7
Hotgoal,frostmourne,480,druid,restoration,12,5,7
Brocolli,sargeras,480,druid,restoration,12,5,7
Tydruid,illidan,480,druid,restoration,12,5,7
Ashstarfall,barthilas,480,druid,restoration,12,5,7
Lukass,tichondrius,480,druid,restoration,12,5,7
Stormjammer,proudmoore,480,druid,restoration,12,5,7
Stårrysky,illidan,480,druid,restoration,12,5,7
Greeneguy,thrall,480,druid,restoration,12,5,7
Yevenbother,tichondrius,480,druid,restoration,12,5,7
Tygraz,alleria,480,druid,restoration,12,5,7
Pigdd,tichondrius,480,druid,restoration,12,5,7
Memoryleaks,proudmoore,480,druid,restoration,12,5,7
Angryalyu,tichondrius,480,druid,restoration,12,5,7
Teslabeam,illidan,480,druid,restoration,12,5,7
Wizdùm,frostmourne,480,druid,restoration,13,5,8
Duckbillby,bleeding-hollow,480,druid,restoration,14,5,9
Guavajuice,stormrage,480,druid,restoration,16,5,11
Hgoo,tichondrius,480,druid,restoration,18,5,13
Minisavage,proudmoore,480,druid,restoration,18,5,13
Djimbo,kelthuzad,480,druid,restoration,18,5,13
Brostoevski,khadgar,480,druid,restoration,24,5,19
Blürry,area-52,480,druid,restoration,24,5,19
Treezy,dalaran,480,druid,restoration,24,5,19
Spacaa,kelthuzad,480,druid,restoration,24,5,19
Queiq,malganis,479,druid,restoration,6,5,1
Jamona,cenarius,479,druid,restoration,12,5,7
Jammi,skywall,479,druid,restoration,12,5,7
Sharialawl,stormreaver,479,druid,restoration,12,5,7
Mvqxd,tichondrius,479,druid,restoration,12,5,7
Forest,frostmourne,479,druid,restoration,12,5,7
Murkkd,tichondrius,479,druid,restoration,12,5,7
Mînîboss,ragnaros,479,druid,restoration,12,5,7
Sønèca,azralon,479,druid,restoration,12,5,7
Ragotø,azralon,479,druid,restoration,18,5,13
Indicah,barthilas,479,druid,restoration,18,5,13
Olegoatjames,darkspear,478,druid,restoration,13,6,7
Natruid,sargeras,478,druid,restoration,12,5,7
Bloodyhoofs,malganis,478,druid,restoration,12,5,7
Fastafboy,stormrage,478,druid,restoration,12,5,7
Treemendous,tichondrius,478,druid,restoration,12,5,7
Rònaldò,drakthul,478,druid,restoration,12,5,7
Chupaone,dalaran,478,druid,restoration,18,5,13
Scheppke,bleeding-hollow,477,druid,restoration,12,5,7
Baha,azralon,477,druid,restoration,18,5,13
Beanslice,nazgrel,477,druid,restoration,18,5,13
Wraiven,elune,477,druid,restoration,18,5,13
Swiftstrider,frostmourne,476,druid,restoration,10,6,4
Béren,alterac-mountains,476,druid,restoration,12,5,7
Ånxiety,skullcrusher,476,druid,restoration,12,5,7
Kaldrago,detheroc,476,druid,restoration,12,5,7
Phlap,zuljin,476,druid,restoration,12,5,7
Muphausa,area-52,475,druid,restoration,12,5,7
Vuthryx,tichondrius,472,druid,restoration,18,5,13
Bobruid,nagrand,469,druid,restoration,19,9,10
Maerk,aerie-peak,469,druid,restoration,18,5,13
Udroth,kelthuzad,468,druid,restoration,17,5,12
Metaldruid,tichondrius,463,druid,restoration,11,5,6
Xiaoddi,tichondrius,463,druid,restoration,11,5,6
Creasir,tichondrius,462,druid,restoration,11,5,6
Semangarbage,tichondrius,457,druid,restoration,15,8,7
Tofumation,gorgonnash,447,druid,restoration,14,6,8
Fuzzie,icecrown,447,druid,restoration,16,5,11
Chopotron,ragnaros,447,druid,restoration,16,5,11
Morpheous,emerald-dream,444,druid,restoration,19,5,14
Dashíng,proudmoore,440,druid,restoration,17,5,12
Bigelbows,area-52,432,druid,restoration,15,6,9
Qij,eonar,431,druid,restoration,11,5,6
Gankstababy,tichondrius,426,druid,restoration,20,6,14
Indicahigh,moon-guard,424,druid,restoration,16,7,9
Persiancoco,area-52,422,druid,restoration,14,6,8
Oongadunga,tichondrius,415,druid,restoration,14,5,9
Shroomdealer,kelthuzad,384,druid,restoration,6,4,2
Starshípx,tichondrius,384,druid,restoration,6,4,2
Hottie,kelthuzad,384,druid,restoration,6,4,2
Lushÿ,tichondrius,384,druid,restoration,6,4,2
Peazoepico,tichondrius,384,druid,restoration,6,4,2
Bambi,bleeding-hollow,384,druid,restoration,6,4,2
Lylek,azshara,384,druid,restoration,6,4,2
Nbendtner,tichondrius,384,druid,restoration,6,4,2
Nøbuchi,kelthuzad,384,druid,restoration,6,4,2
Outcastmango,thrall,384,druid,restoration,6,4,2
Zoddyboy,tichondrius,384,druid,restoration,6,4,2
Zbh,tichondrius,384,druid,restoration,6,4,2
Bunrack,nerzhul,384,druid,restoration,6,4,2
Kushkilla,malganis,384,druid,restoration,6,4,2
Metaindexqt,quelthalas,384,druid,restoration,6,4,2
Thetbones,tichondrius,384,druid,restoration,6,4,2
Armorkits,area-52,384,druid,restoration,6,4,2
Clydruid,blackrock,384,druid,restoration,6,4,2
Druidlstrudl,moon-guard,384,druid,restoration,6,4,2
Koan,proudmoore,384,druid,restoration,6,4,2
Shiftedonyou,blackrock,384,druid,restoration,6,4,2
Cloneandbone,nerzhul,384,druid,restoration,6,4,2
Doomky,area-52,384,druid,restoration,6,4,2
Someshta,sargeras,384,druid,restoration,6,4,2
Johnnybigg,frostmourne,384,druid,restoration,6,4,2
Crayolaa,barthilas,384,druid,restoration,6,4,2
Êhurricane,dalaran,384,druid,restoration,6,4,2
Dpumba,azralon,384,druid,restoration,6,4,2
Clarityx,illidan,384,druid,restoration,6,4,2
Bandruid,tichondrius,384,druid,restoration,10,4,6
Zerocoolx,illidan,384,druid,restoration,15,5,10
Mastabtw,illidan,384,druid,restoration,12,4,8
Ganizote,ragnaros,384,druid,restoration,12,4,8
Odenmu,ragnaros,384,druid,restoration,12,4,8
Mastahskills,illidan,384,druid,restoration,12,4,8
Ohioman,bleeding-hollow,384,druid,restoration,12,4,8
Tommyjimmy,andorhal,384,druid,restoration,12,4,8
Flompstomper,skullcrusher,384,druid,restoration,12,4,8
Bigshred,tichondrius,384,druid,restoration,12,4,8
Gathmog,boulderfist,384,druid,restoration,12,4,8
Hotrecki,kelthuzad,384,druid,restoration,12,4,8
Awguseon,proudmoore,384,druid,restoration,12,4,8
Metaphysìcs,kelthuzad,384,druid,restoration,12,4,8
Taysfriend,tichondrius,384,druid,restoration,12,4,8
Lillenan,illidan,384,druid,restoration,12,4,8
Thebutterboy,stormrage,384,druid,restoration,12,4,8
Galadrielcn,tichondrius,384,druid,restoration,12,4,8
Bumbally,illidan,384,druid,restoration,12,4,8
Djdontlose,stormrage,384,druid,restoration,12,4,8
Mittns,arthas,384,druid,restoration,12,4,8
Mé,arthas,384,druid,restoration,12,4,8
Science,arthas,384,druid,restoration,12,4,8
Synthesïs,malganis,384,druid,restoration,12,4,8
Bopple,tichondrius,384,druid,restoration,12,4,8
Guurgul,bleeding-hollow,384,druid,restoration,12,4,8
Figsurine,sargeras,384,druid,restoration,12,4,8
Shadru,bleeding-hollow,384,druid,restoration,12,4,8
Ursu,nemesis,384,druid,restoration,12,4,8
Delícíous,darkspear,384,druid,restoration,12,4,8
Angercow,nordrassil,384,druid,restoration,12,4,8
Chiikawa,tichondrius,384,druid,restoration,12,4,8
Bwaccowi,sargeras,384,druid,restoration,12,4,8
Dergmoo,moon-guard,384,druid,restoration,12,4,8
Flyshles,frostmourne,384,druid,restoration,12,4,8
Mollytonasty,demon-soul,384,druid,restoration,12,4,8
Spazer,darkspear,384,druid,restoration,12,4,8
Brittanychan,sargeras,384,druid,restoration,12,4,8
Pahandan,bonechewer,384,druid,restoration,12,4,8
Allevii,sargeras,384,druid,restoration,12,4,8
Glenglooie,tichondrius,384,druid,restoration,12,4,8
Stamaximdru,lightbringer,384,druid,restoration,12,4,8
Py,stormscale,384,druid,restoration,12,4,8
Nocup,illidan,384,druid,restoration,12,4,8
Chickenwings,ragnaros,384,druid,restoration,12,4,8
Harøs,stormrage,384,druid,restoration,13,4,9
Renlion,malganis,384,druid,restoration,18,4,14
Tarvosx,thrall,384,druid,restoration,18,4,14
Swagglefrag,zuljin,384,druid,restoration,18,4,14
Ternkote,tichondrius,384,druid,restoration,21,4,17
Calleguard,terenas,383,druid,restoration,6,4,2
Bryle,kiljaeden,383,druid,restoration,6,4,2
Ssuka,tichondrius,383,druid,restoration,12,4,8
Norco,dentarg,383,druid,restoration,12,4,8
Dadboody,sargeras,383,druid,restoration,12,4,8
Nightflow,emerald-dream,383,druid,restoration,12,4,8
Pahrump,stormrage,383,druid,restoration,12,4,8
Brazzar,kiljaeden,383,druid,restoration,12,4,8
Jonnyutaa,emerald-dream,383,druid,restoration,12,4,8
Hazbekbek,area-52,383,druid,restoration,12,4,8
Zelara,kilrogg,383,druid,restoration,12,4,8
Elanni,illidan,383,druid,restoration,12,4,8
Kurnon,shattered-hand,383,druid,restoration,12,4,8
Posmard,ragnaros,383,druid,restoration,12,4,8
Lulerz,cenarius,383,druid,restoration,18,4,14
Morphiius,archimonde,383,druid,restoration,18,4,14
Rikey,thaurissan,383,druid,restoration,18,4,14
Madmandan,moon-guard,383,druid,restoration,18,4,14
Beôrn,mugthol,382,druid,restoration,6,4,2
Solá,skywall,382,druid,restoration,12,4,8
Puzzlè,thrall,382,druid,restoration,12,4,8
Guojue,tichondrius,382,druid,restoration,12,4,8
Minnysoda,area-52,381,druid,restoration,12,4,8
Maldrake,quelthalas,381,druid,restoration,12,4,8
Ceria,hellscream,381,druid,restoration,12,4,8
Certzu,moon-guard,381,druid,restoration,18,4,14
Bigbadcow,sargeras,380,druid,restoration,12,4,8
Yassi,earthen-ring,379,druid,restoration,12,4,8
Metamooseowl,crushridge,379,druid,restoration,12,4,8
Treetalker,drenden,379,druid,restoration,12,4,8
Nüg,frostmourne,379,druid,restoration,14,4,10
Irumble,silver-hand,377,druid,restoration,17,4,13
Sertroz,sargeras,351,druid,restoration,11,4,7
Itzreallyhim,kiljaeden,329,druid,restoration,15,5,10
Alleae,stormrage,319,druid,restoration,5,4,1
Fatloser,hyjal,319,druid,restoration,11,5,6
Berchwunden,ragnaros,319,druid,restoration,10,4,6
Ayra,sargeras,288,druid,restoration,6,3,3
Catdruid,the-forgotten-coast,288,druid,restoration,6,3,3
Idolizeme,skullcrusher,288,druid,restoration,6,3,3
Drunner,lothar,288,druid,restoration,6,3,3
Buffjungle,tichondrius,288,druid,restoration,6,3,3
Panterarosa,ragnaros,288,druid,restoration,6,3,3
Drmf,frostmourne,288,druid,restoration,6,3,3
Muffiñ,moon-guard,288,druid,restoration,6,3,3
Mythicdruid,ragnaros,288,druid,restoration,6,3,3
Obsesséd,aggramar,288,druid,restoration,6,3,3
Mädnhairy,zuljin,288,druid,restoration,6,3,3
Tronita,frostwolf,288,druid,restoration,6,3,3
Vadroid,dalaran,288,druid,restoration,6,3,3
Wiskees,sargeras,288,druid,restoration,6,3,3
Azaran,bleeding-hollow,288,druid,restoration,6,3,3
Cutefeetz,moon-guard,288,druid,restoration,6,3,3
Geno,cenarius,288,druid,restoration,6,3,3
Creamsoda,frostmane,288,druid,restoration,6,3,3
Ðeepsixx,burning-legion,288,druid,restoration,6,3,3
Reptile,terenas,288,druid,restoration,6,3,3
Spinach,moon-guard,288,druid,restoration,6,3,3
Owaru,stormrage,288,druid,restoration,6,3,3
Peakedinwod,sargeras,288,druid,restoration,6,3,3
Qkdru,nemesis,288,druid,restoration,6,3,3
Wâggles,moon-guard,288,druid,restoration,6,3,3
Rlie,quelthalas,288,druid,restoration,6,3,3
Xötic,stormrage,288,druid,restoration,6,3,3
Yllercia,quelthalas,288,druid,restoration,6,3,3
Asian,moon-guard,288,druid,restoration,6,3,3
Seekamp,khazgoroth,288,druid,restoration,6,3,3
Ømí,quelthalas,288,druid,restoration,6,3,3
Càlthar,sargeras,288,druid,restoration,6,3,3
Istayfrawsty,darkspear,288,druid,restoration,6,3,3
MenapäA864B0,muradin,288,druid,restoration,6,3,3
Lahgit,frostmourne,288,druid,restoration,6,3,3
Tarlis,khazgoroth,288,druid,restoration,6,3,3
Eryon,nemesis,288,druid,restoration,6,3,3
Hotmuztard,sargeras,288,druid,restoration,6,3,3
Kcazz,thorium-brotherhood,288,druid,restoration,6,3,3
Realá,kelthuzad,288,druid,restoration,6,3,3
Veyx,malganis,288,druid,restoration,6,3,3
Lðhnar,malganis,288,druid,restoration,6,3,3
Thenog,arthas,288,druid,restoration,6,3,3
Antonniel,azralon,288,druid,restoration,6,3,3
Nightz,icecrown,288,druid,restoration,6,3,3
Hashdxm,tichondrius,288,druid,restoration,6,3,3
Imaoo,illidan,288,druid,restoration,6,3,3
Tziv,area-52,288,druid,restoration,6,3,3
Rukins,frostmourne,288,druid,restoration,6,3,3
Lemonnz,illidan,288,druid,restoration,6,3,3
Kollective,sargeras,288,druid,restoration,6,3,3
Isunami,emerald-dream,288,druid,restoration,6,3,3
Bibliopole,tichondrius,288,druid,restoration,6,3,3
Teancookies,tichondrius,288,druid,restoration,6,3,3
Nokash,tichondrius,288,druid,restoration,6,3,3
Junglefevers,tichondrius,288,druid,restoration,6,3,3
Aidoh,kelthuzad,288,druid,restoration,6,3,3
Koratan,frostmourne,288,druid,restoration,6,3,3
Curze,maiev,288,druid,restoration,6,3,3
Catahmine,thrall,288,druid,restoration,6,3,3
Miraval,area-52,288,druid,restoration,6,3,3
Flatnose,agamaggan,288,druid,restoration,6,3,3
Sonicphantom,kelthuzad,288,druid,restoration,6,3,3
Demitassie,wyrmrest-accord,288,druid,restoration,8,3,5
Overgrowth,zuljin,288,druid,restoration,9,3,6
Mysteec,bleeding-hollow,288,druid,restoration,11,3,8
Theømega,stormrage,288,druid,restoration,12,3,9
Wwkd,illidan,288,druid,restoration,12,3,9
Raptormotoo,lothar,288,druid,restoration,12,3,9
Biggié,bleeding-hollow,288,druid,restoration,12,3,9
Nuantar,nemesis,288,druid,restoration,12,3,9
Blacksimba,area-52,288,druid,restoration,12,3,9
Krispies,eredar,288,druid,restoration,12,3,9
Deyz,ysera,288,druid,restoration,12,3,9
Madtreé,bleeding-hollow,288,druid,restoration,12,3,9
Mattiu,area-52,288,druid,restoration,12,3,9
Quadrivium,stormrage,288,druid,restoration,12,3,9
Oflodor,azralon,288,druid,restoration,12,3,9
Bewear,zangarmarsh,288,druid,restoration,12,3,9
Bøo,frostmourne,288,druid,restoration,12,3,9
Møth,anvilmar,288,druid,restoration,12,3,9
Otckillaa,boulderfist,288,druid,restoration,12,3,9
Kanokoho,wyrmrest-accord,288,druid,restoration,12,3,9
Soloqmenace,malganis,288,druid,restoration,12,3,9
Borbys,sargeras,288,druid,restoration,12,3,9
Silasel,sargeras,288,druid,restoration,12,3,9
Noradn,malganis,288,druid,restoration,12,3,9
Garrodan,aerie-peak,288,druid,restoration,12,3,9
Theblind,korgath,288,druid,restoration,12,3,9
Azngødz,tichondrius,288,druid,restoration,12,3,9
Solushuffle,sargeras,288,druid,restoration,12,3,9
Nemoo,tichondrius,288,druid,restoration,12,3,9
Endworldx,tichondrius,288,druid,restoration,12,3,9
Monicaduan,frostmourne,288,druid,restoration,12,3,9
Qdrui,tichondrius,288,druid,restoration,12,3,9
Fyrleaf,lightnings-blade,288,druid,restoration,12,3,9
Bearlínwall,sargeras,288,druid,restoration,12,3,9
Brotø,nemesis,288,druid,restoration,18,3,15
Giddeonv,draenor,288,druid,restoration,18,3,15
Friendly,wyrmrest-accord,288,druid,restoration,18,3,15
Thundyrcat,tichondrius,288,druid,restoration,18,3,15
Soloqleaver,tichondrius,288,druid,restoration,18,3,15
Harderplease,emerald-dream,287,druid,restoration,6,3,3
Udala,durotan,287,druid,restoration,6,3,3
Temujin,shadow-council,287,druid,restoration,6,3,3
Ayakuya,veknilash,287,druid,restoration,6,3,3
Sefestria,senjin,287,druid,restoration,6,3,3
Moonfires,stormscale,287,druid,restoration,6,3,3
Glowstixz,tichondrius,287,druid,restoration,6,3,3
Seremap,frostmourne,287,druid,restoration,6,3,3
Iamanoob,sargeras,287,druid,restoration,10,4,6
Ugress,whisperwind,287,druid,restoration,12,3,9
Lêsly,thrall,287,druid,restoration,12,3,9
Druishcat,dark-iron,287,druid,restoration,12,3,9
Megara,dalaran,287,druid,restoration,12,3,9
Inblooms,blackhand,287,druid,restoration,12,3,9
Atillah,stormscale,287,druid,restoration,12,3,9
Cieran,senjin,287,druid,restoration,18,3,15
Bullshiftter,ursin,286,druid,restoration,6,3,3
Dcdc,malganis,286,druid,restoration,6,3,3
Taiyla,stormrage,286,druid,restoration,12,3,9
Fortunecat,illidan,286,druid,restoration,12,3,9
Andraste,queldorei,286,druid,restoration,12,3,9
Moonbootz,proudmoore,285,druid,restoration,12,3,9
Sabari,area-52,285,druid,restoration,18,3,15
Brbcatsonfir,malganis,270,druid,restoration,28,4,24
Anastasyiar,illidan,256,druid,restoration,10,3,7
Gloomy,andorhal,256,druid,restoration,10,3,7
Dotdmage,tichondrius,255,druid,restoration,11,3,8
Cipozento,azralon,240,druid,restoration,9,3,6
Awkwarder,emerald-dream,239,druid,restoration,11,3,8
Yoona,kiljaeden,234,druid,restoration,7,4,3
Restyblazed,sargeras,234,druid,restoration,8,4,4
Donaldsr,area-52,234,druid,restoration,9,4,5
Sïmba,andorhal,234,druid,restoration,9,4,5
Stormwood,moonrunner,234,druid,restoration,21,4,17
Stèvén,tichondrius,233,druid,restoration,13,4,9
Greythan,madoran,231,druid,restoration,24,4,20
Gavdru,tichondrius,223,druid,restoration,8,3,5
Blackmoomba,kiljaeden,192,druid,restoration,4,3,1
Faentz,stormrage,192,druid,restoration,9,3,6
Gretatunberg,skywall,192,druid,restoration,6,2,4
Nacur,bleeding-hollow,192,druid,restoration,6,2,4
Megasteak,lightninghoof,192,druid,restoration,6,2,4
Kagekuma,bleeding-hollow,192,druid,restoration,6,2,4
Hatricio,ragnaros,192,druid,restoration,6,2,4
Lilcocoxoxo,shadowmoon,192,druid,restoration,6,2,4
Crazywoodowl,tichondrius,192,druid,restoration,6,2,4
Nogardfan,tichondrius,192,druid,restoration,6,2,4
Zils,bleeding-hollow,192,druid,restoration,6,2,4
Gepardéx,ragnaros,192,druid,restoration,6,2,4
Cushionmaker,tichondrius,192,druid,restoration,6,2,4
Whiplash,deathwing,192,druid,restoration,6,2,4
Psycloned,magtheridon,192,druid,restoration,6,2,4
Epicbehr,kiljaeden,192,druid,restoration,6,2,4
Tatahe,zuljin,192,druid,restoration,6,2,4
Cheesetouchy,illidan,192,druid,restoration,6,2,4
Netflixnphil,sargeras,192,druid,restoration,6,2,4
Violyte,tichondrius,192,druid,restoration,6,2,4
Relxlol,tichondrius,192,druid,restoration,6,2,4
Hotsoncrak,tichondrius,192,druid,restoration,6,2,4
Geycat,tichondrius,192,druid,restoration,6,2,4
Hyperdryve,bonechewer,192,druid,restoration,6,2,4
Feeoria,lothar,192,druid,restoration,6,2,4
Cauroth,azralon,192,druid,restoration,6,2,4
Five,the-underbog,192,druid,restoration,6,2,4
Bomp,malganis,192,druid,restoration,6,2,4
Firefireahh,sargeras,192,druid,restoration,6,2,4
Tynsley,malganis,192,druid,restoration,6,2,4
Gêrm,stormrage,192,druid,restoration,6,2,4
Kaisuckslol,stormrage,192,druid,restoration,6,2,4
Bigtonkatruk,tichondrius,192,druid,restoration,6,2,4
Terminatore,kelthuzad,192,druid,restoration,6,2,4
Hawtzi,stormrage,192,druid,restoration,6,2,4
Droody,earthen-ring,192,druid,restoration,6,2,4
Fixn,tichondrius,192,druid,restoration,6,2,4
Tadoo,tichondrius,192,druid,restoration,6,2,4
Tropikana,burning-legion,192,druid,restoration,6,2,4
Freemac,tichondrius,192,druid,restoration,6,2,4
Mcbeef,tichondrius,192,druid,restoration,6,2,4
Ghostti,stormrage,192,druid,restoration,6,2,4
Runningback,emerald-dream,192,druid,restoration,6,2,4
Loved,stormrage,192,druid,restoration,6,2,4
Bullbuddy,wyrmrest-accord,192,druid,restoration,6,2,4
Clonkzy,area-52,192,druid,restoration,6,2,4
Kroshape,stormrage,192,druid,restoration,6,2,4
Zaddychulo,area-52,192,druid,restoration,6,2,4
Boundless,skullcrusher,192,druid,restoration,6,2,4
Dumpesito,frostmourne,192,druid,restoration,6,2,4
Tempesd,stormrage,192,druid,restoration,6,2,4
Gorfrog,tichondrius,192,druid,restoration,6,2,4
Acexten,tichondrius,192,druid,restoration,6,2,4
Levincy,thrall,192,druid,restoration,6,2,4
Noonwalk,illidan,192,druid,restoration,6,2,4
Vaelstrasz,skullcrusher,192,druid,restoration,6,2,4
Spongedaddy,tichondrius,192,druid,restoration,6,2,4
Snugglin,kelthuzad,192,druid,restoration,6,2,4
Bobblespook,stormrage,192,druid,restoration,6,2,4
Laesh,nemesis,192,druid,restoration,6,2,4
Sandiegoo,destromath,192,druid,restoration,6,2,4
Murpheey,sargeras,192,druid,restoration,6,2,4
Shiftzy,thrall,192,druid,restoration,6,2,4
Tranqz,moon-guard,192,druid,restoration,6,2,4
Akinetic,illidan,192,druid,restoration,6,2,4
Guusx,bonechewer,192,druid,restoration,6,2,4
Katesw,tichondrius,192,druid,restoration,6,2,4
Kassius,alleria,192,druid,restoration,6,2,4
Leafthief,whisperwind,192,druid,restoration,6,2,4
Cultnelf,illidan,192,druid,restoration,6,2,4
Spoogel,area-52,192,druid,restoration,6,2,4
Owlgz,barthilas,192,druid,restoration,6,2,4
Sôlemn,barthilas,192,druid,restoration,6,2,4
Bekroh,crushridge,192,druid,restoration,6,2,4
Batshi,gorefiend,192,druid,restoration,6,2,4
Barkcheeks,area-52,192,druid,restoration,6,2,4
Niquil,hyjal,192,druid,restoration,6,2,4
Ambassador,kelthuzad,192,druid,restoration,6,2,4
Loveflowers,nemesis,192,druid,restoration,6,2,4
Tagliatélle,emerald-dream,192,druid,restoration,6,2,4
Stratego,drenden,192,druid,restoration,6,2,4
Nightwinter,area-52,192,druid,restoration,6,2,4
Cuccii,sargeras,192,druid,restoration,6,2,4
Koalla,frostmourne,192,druid,restoration,6,2,4
Mayarí,sargeras,192,druid,restoration,6,2,4
Fastyhands,illidan,192,druid,restoration,6,2,4
Rahaab,sargeras,192,druid,restoration,8,2,6
Simperella,dalaran,192,druid,restoration,13,3,10
Hotsx,frostmourne,192,druid,restoration,9,2,7
Sleepyheals,tichondrius,192,druid,restoration,14,3,11
Crunchieroll,illidan,192,druid,restoration,12,2,10
Aelena,whisperwind,192,druid,restoration,12,2,10
Bboikha,quelthalas,192,druid,restoration,12,2,10
Lunmoon,thrall,192,druid,restoration,12,2,10
Kymolyia,sargeras,192,druid,restoration,12,2,10
Iyrnae,zuljin,192,druid,restoration,12,2,10
Kittysnuggle,emerald-dream,192,druid,restoration,12,2,10
Batlex,thrall,192,druid,restoration,12,2,10
Wonderhood,quelthalas,192,druid,restoration,12,2,10
Mahjongg,stormrage,192,druid,restoration,12,2,10
Pinchncheeks,bleeding-hollow,192,druid,restoration,12,2,10
Bennedïct,tichondrius,192,druid,restoration,12,2,10
Actioncat,emerald-dream,192,druid,restoration,12,2,10
Gahr,wyrmrest-accord,192,druid,restoration,12,2,10
Fribbleog,korgath,192,druid,restoration,12,2,10
Trèè,frostmane,192,druid,restoration,12,2,10
Daesdaddy,sargeras,192,druid,restoration,12,2,10
Goorybud,tichondrius,192,druid,restoration,12,2,10
Grullandur,hakkar,192,druid,restoration,12,2,10
Urhero,sargeras,192,druid,restoration,12,2,10
Cpksdru,tichondrius,192,druid,restoration,12,2,10
Moocka,ragnaros,192,druid,restoration,12,2,10
Benjixx,proudmoore,192,druid,restoration,12,2,10
Elven,frostmourne,192,druid,restoration,12,2,10
Moonkay,tichondrius,192,druid,restoration,12,2,10
Sneakydikns,tichondrius,192,druid,restoration,12,2,10
Chaarm,proudmoore,192,druid,restoration,12,2,10
Gradiluth,proudmoore,192,druid,restoration,12,2,10
Rootslayer,tichondrius,192,druid,restoration,12,2,10
Çarpentree,sargeras,192,druid,restoration,18,2,16
Killvious,kelthuzad,192,druid,restoration,18,2,16
Clonemunster,frostmourne,192,druid,restoration,18,2,16
Irontree,dunemaul,192,druid,restoration,18,2,16
Brutalhealz,aegwynn,192,druid,restoration,18,2,16
Devilzown,fenris,192,druid,restoration,18,2,16
Naxanax,stormrage,191,druid,restoration,6,2,4
Moonkinx,frostwolf,191,druid,restoration,6,2,4
Megumixd,illidan,191,druid,restoration,6,2,4
Voodooshiftz,emerald-dream,191,druid,restoration,12,2,10
Äbÿss,tichondrius,191,druid,restoration,12,2,10
Daweed,zuluhed,191,druid,restoration,12,2,10
Ellarrya,moon-guard,191,druid,restoration,12,2,10
Calliecat,moon-guard,191,druid,restoration,12,2,10
Grimshifta,kelthuzad,191,druid,restoration,12,2,10
Denyou,aggramar,191,druid,restoration,12,2,10
Wantto,moknathal,190,druid,restoration,12,2,10
Garritass,moon-guard,189,druid,restoration,29,2,27
Dreamwalk,stormrage,175,druid,restoration,17,3,14
Vzi,magtheridon,159,druid,restoration,5,2,3
Pvptactician,tichondrius,159,druid,restoration,11,4,7
Jeppcat,tichondrius,159,druid,restoration,14,3,11
Frenzymoon,zuljin,144,druid,restoration,3,3,0
Vìdá,tichondrius,138,druid,restoration,8,3,5
Teddybëar,illidan,138,druid,restoration,9,3,6
Pokieoaks,zuljin,138,druid,restoration,10,3,7
Galind,rexxar,128,druid,restoration,4,2,2
Alshari,proudmoore,128,druid,restoration,10,2,8
Crunkk,thunderlord,127,druid,restoration,14,2,12
Illur,ragnaros,127,druid,restoration,14,2,12
Forestmaster,area-52,96,druid,restoration,8,2,6
Hille,sargeras,96,druid,restoration,6,1,5
Ttaure,ragnaros,96,druid,restoration,6,1,5
Irl,frostmane,96,druid,restoration,6,1,5
Caminanube,quelthalas,96,druid,restoration,6,1,5
Diligent,dathremar,96,druid,restoration,6,1,5
Kirato,ragnaros,96,druid,restoration,6,1,5
Rezl,sargeras,96,druid,restoration,6,1,5
Moonkingx,ragnaros,96,druid,restoration,6,1,5
Chomperz,tichondrius,96,druid,restoration,6,1,5
Beldiin,khazgoroth,96,druid,restoration,6,1,5
Cowboyydan,malganis,96,druid,restoration,6,1,5
Lokobah,wyrmrest-accord,96,druid,restoration,6,1,5
Spatulas,malganis,96,druid,restoration,6,1,5
Sinistuhd,tichondrius,96,druid,restoration,6,1,5
Raìñ,tichondrius,96,druid,restoration,6,1,5
Suncintus,aggramar,96,druid,restoration,6,1,5
Tyrander,tichondrius,96,druid,restoration,6,1,5
Leoho,tichondrius,96,druid,restoration,6,1,5
Feralgo,tichondrius,96,druid,restoration,6,1,5
Orakuru,barthilas,96,druid,restoration,6,1,5
Thiccybear,darkspear,96,druid,restoration,6,1,5
Rastakant,malganis,96,druid,restoration,6,1,5
Ryhighd,sargeras,96,druid,restoration,6,1,5
Arienne,kelthuzad,96,druid,restoration,6,1,5
Skéla,emerald-dream,96,druid,restoration,6,1,5
Aimafengari,emerald-dream,96,druid,restoration,6,1,5
Macfluff,emerald-dream,96,druid,restoration,6,1,5
Zeelán,emerald-dream,96,druid,restoration,6,1,5
Arthridas,wyrmrest-accord,96,druid,restoration,6,1,5
Zabartak,lightnings-blade,96,druid,restoration,6,1,5
Fartsicle,lightnings-blade,96,druid,restoration,6,1,5
Rakroz,emerald-dream,96,druid,restoration,6,1,5
Atagoo,tichondrius,96,druid,restoration,6,1,5
Djsummer,tichondrius,96,druid,restoration,6,1,5
Hammyaki,area-52,96,druid,restoration,6,1,5
Jayto,frostmourne,96,druid,restoration,6,1,5
Dedderita,bloodhoof,96,druid,restoration,6,1,5
Kurzul,area-52,96,druid,restoration,6,1,5
Moonshocka,tichondrius,96,druid,restoration,6,1,5
Kendra,barthilas,96,druid,restoration,6,1,5
Whitehaze,proudmoore,96,druid,restoration,6,1,5
Smitebacklol,tichondrius,96,druid,restoration,6,1,5
Mamazbear,area-52,96,druid,restoration,6,1,5
Moocowbear,illidan,96,druid,restoration,6,1,5
Baconsniper,illidan,96,druid,restoration,6,1,5
Bigclapz,stormrage,96,druid,restoration,6,1,5
Framess,area-52,96,druid,restoration,6,1,5
Elmez,thrall,96,druid,restoration,6,1,5
Stephonxd,area-52,96,druid,restoration,6,1,5
Samully,area-52,96,druid,restoration,6,1,5
Nìck,the-scryers,96,druid,restoration,6,1,5
Scorpitary,ysera,96,druid,restoration,6,1,5
Natürëblÿät,illidan,96,druid,restoration,6,1,5
Sheeftah,illidan,96,druid,restoration,6,1,5
Wotermelon,moon-guard,96,druid,restoration,6,1,5
Bùgga,malfurion,96,druid,restoration,6,1,5
Krucífy,dark-iron,96,druid,restoration,6,1,5
Berserkr,lethon,96,druid,restoration,6,1,5
Logyoh,tichondrius,96,druid,restoration,6,1,5
Ayla,gorefiend,96,druid,restoration,6,1,5
Sily,frostmourne,96,druid,restoration,6,1,5
Ðjx,stormrage,96,druid,restoration,6,1,5
Fadingfast,frostmourne,96,druid,restoration,6,1,5
Feorb,azuremyst,96,druid,restoration,6,1,5
Wrathmighty,frostmourne,96,druid,restoration,6,1,5
Kzdubya,stormrage,96,druid,restoration,6,1,5
Shilpá,stormrage,96,druid,restoration,6,1,5
Guap,bleeding-hollow,96,druid,restoration,6,1,5
Botdruid,hyjal,96,druid,restoration,6,1,5
Gruulnir,antonidas,96,druid,restoration,6,1,5
Juves,frostmourne,96,druid,restoration,6,1,5
Moonfart,zuljin,96,druid,restoration,6,1,5
Uzheals,zuljin,96,druid,restoration,6,1,5
Gúdru,zuljin,96,druid,restoration,6,1,5
Nyanncat,frostmourne,96,druid,restoration,7,1,6
Lirilith,shadowsong,96,druid,restoration,16,2,14
Shebleeder,aegwynn,96,druid,restoration,11,1,10
Taztoc,stormrage,96,druid,restoration,11,1,10
Foracus,sargeras,96,druid,restoration,11,1,10
Framling,sargeras,96,druid,restoration,12,1,11
Tuurban,stormrage,96,druid,restoration,12,1,11
Kopidruid,barthilas,96,druid,restoration,12,1,11
Kaeliah,stormrage,96,druid,restoration,12,1,11
Whiteglade,moon-guard,96,druid,restoration,12,1,11
Morpheûs,bleeding-hollow,96,druid,restoration,12,1,11
Durkanis,maelstrom,96,druid,restoration,12,1,11
Morezby,frostmourne,96,druid,restoration,12,1,11
Sinigang,duskwood,96,druid,restoration,12,1,11
Rebornwhisp,moon-guard,96,druid,restoration,12,1,11
Idontmoo,area-52,96,druid,restoration,12,1,11
Adaeloth,hyjal,96,druid,restoration,12,1,11
Thorsèn,sargeras,96,druid,restoration,15,1,14
Grakzul,blood-furnace,95,druid,restoration,9,2,7
Herbalife,stormrage,95,druid,restoration,6,1,5
Huriel,blackrock,95,druid,restoration,6,1,5
Bbabbi,tichondrius,89,druid,restoration,5,3,2
Eliteshift,frostmourne,64,druid,restoration,4,1,3
Pownage,kelthuzad,64,druid,restoration,16,1,15
Smorak,area-52,63,druid,restoration,2,2,0
Bòmi,tichondrius,63,druid,restoration,2,2,0
Mojoforweeks,bleeding-hollow,42,druid,restoration,6,2,4
Suwonhealer,tichondrius,31,druid,restoration,8,1,7
Neferpitou,fenris,16,druid,restoration,6,1,5
Landro,tichondrius,1433,druid,guardian,101,50,51
Kobebeef,malganis,1203,druid,guardian,30,13,17
Ashamang,emerald-dream,1135,druid,guardian,30,16,14
Ntseebxoxoxg,gurubashi,1127,druid,guardian,60,26,34
Haalls,gallywix,1110,druid,guardian,54,16,38
Ürsus,quelthalas,1106,druid,guardian,72,32,40
Theme,frostwolf,1089,druid,guardian,48,18,30
Crashägásm,proudmoore,1062,druid,guardian,30,15,15
Gums,lightbringer,1006,druid,guardian,42,12,30
Kesagake,feathermoon,921,druid,guardian,18,10,8
Manasmi,frostmourne,916,druid,guardian,47,20,27
Maraliss,shadowsong,863,druid,guardian,30,14,16
Mordu,rivendare,838,druid,guardian,25,9,16
Inxert,tichondrius,792,druid,guardian,16,9,7
Gifteddream,zuljin,759,druid,guardian,24,9,15
Koan,proudmoore,671,druid,guardian,24,7,17
Jacinty,saurfang,670,druid,guardian,18,7,11
Multivar,burning-legion,669,druid,guardian,12,7,5
Agmukar,wyrmrest-accord,659,druid,guardian,12,7,5
Lycanthus,thrall,575,druid,guardian,12,6,6
Ishiftalot,bleeding-hollow,573,druid,guardian,15,7,8
Giddeonv,draenor,570,druid,guardian,12,6,6
Bjørnen,thrall,570,druid,guardian,12,6,6
Firash,frostmourne,568,druid,guardian,12,6,6
Caliwagon,dalaran,490,druid,guardian,13,6,7
Agaxaido,azgalor,480,druid,guardian,12,5,7
Dalidielor,dalaran,480,druid,guardian,12,5,7
Ferio,moon-guard,480,druid,guardian,24,5,19
Chärmin,area-52,479,druid,guardian,12,5,7
Balanah,quelthalas,472,druid,guardian,15,6,9
Maen,kelthuzad,384,druid,guardian,6,4,2
Bigxworm,gurubashi,384,druid,guardian,12,4,8
Krylax,sargeras,384,druid,guardian,12,4,8
Druidd,moonrunner,384,druid,guardian,12,4,8
Moistism,khazgoroth,384,druid,guardian,18,4,14
Wraithman,madoran,383,druid,guardian,6,4,2
Vennfox,illidan,383,druid,guardian,12,4,8
Muphasax,ragnaros,383,druid,guardian,18,4,14
Aìón,emerald-dream,382,druid,guardian,6,4,2
Tankbareass,aerie-peak,382,druid,guardian,18,4,14
Cléa,illidan,381,druid,guardian,12,4,8
Cayinna,altar-of-storms,288,druid,guardian,12,3,9
Woozydruid,anetheron,288,druid,guardian,12,3,9
Jüggernäut,area-52,288,druid,guardian,12,3,9
Manwool,illidan,288,druid,guardian,12,3,9
Read,boulderfist,288,druid,guardian,12,3,9
Deutschland,whisperwind,288,druid,guardian,12,3,9
Mavren,uldaman,286,druid,guardian,6,3,3
Classykitty,tichondrius,192,druid,guardian,4,3,1
Fluff,gurubashi,192,druid,guardian,6,2,4
Athious,moon-guard,192,druid,guardian,6,2,4
Avbox,proudmoore,192,druid,guardian,6,2,4
Lilgushy,area-52,192,druid,guardian,6,2,4
Battlecát,stormscale,192,druid,guardian,6,2,4
Mommyh,duskwood,192,druid,guardian,6,2,4
Skrimshaw,burning-legion,192,druid,guardian,6,2,4
Eithelsa,frostmourne,191,druid,guardian,6,2,4
Meliódás,area-52,191,druid,guardian,18,2,16
Gornish,azralon,190,druid,guardian,12,2,10
Drur,zuljin,96,druid,guardian,6,1,5
Malvolo,eredar,96,druid,guardian,6,1,5
Sixfeetunder,shattered-halls,96,druid,guardian,6,1,5
Weezydende,area-52,96,druid,guardian,6,1,5
Funkbear,black-dragonflight,96,druid,guardian,6,1,5
Vindecca,kelthuzad,96,druid,guardian,6,1,5
Kushtiger,ragnaros,96,druid,guardian,6,1,5
Juicecarton,thrall,96,druid,guardian,6,1,5
Flenser,frostmane,96,druid,guardian,6,1,5
Wintarz,sargeras,96,druid,guardian,6,1,5
Moonshocka,tichondrius,96,druid,guardian,6,1,5
Aurno,queldorei,96,druid,guardian,6,1,5
Finntann,moon-guard,96,druid,guardian,6,1,5
Fulmerethine,emerald-dream,96,druid,guardian,12,1,11
Woowis,stormrage,96,druid,guardian,12,1,11
Vineclaw,emerald-dream,96,druid,guardian,12,1,11
Kylysea,dalaran,96,druid,guardian,12,1,11
Lakroz,zuljin,95,druid,guardian,6,1,5
Sitruk,uldum,63,druid,guardian,10,1,9
Bawbe,lightbringer,2286,druid,feral,107,61,46
Floppa,whisperwind,2243,druid,feral,102,56,46
Marvin,stormreaver,2201,druid,feral,94,49,45
Angryalyu,tichondrius,2185,druid,feral,132,67,65
Loser,stormrage,2155,druid,feral,87,46,41
Nyç,sargeras,2139,druid,feral,216,116,100
Auntsusie,stormrage,2128,druid,feral,95,61,34
Crunchyroll,sargeras,2126,druid,feral,168,91,77
Iinkinbio,alleria,2124,druid,feral,84,50,34
Formrage,jubeithos,2097,druid,feral,206,108,98
Boomboombom,tichondrius,2054,druid,feral,119,72,47
Jaguar,whisperwind,2050,druid,feral,69,40,29
Yüxy,sargeras,2048,druid,feral,174,85,89
Bassy,whisperwind,2041,druid,feral,82,41,41
Henikbite,zuljin,2018,druid,feral,125,65,60
Duzis,tichondrius,2015,druid,feral,140,74,66
Amellies,quelthalas,2012,druid,feral,196,105,91
Evildooer,stormrage,1996,druid,feral,60,34,26
Abstractf,sargeras,1973,druid,feral,86,50,36
Beomjun,tichondrius,1970,druid,feral,128,69,59
Babekisser,stormrage,1961,druid,feral,130,69,61
Nèffex,sargeras,1960,druid,feral,60,37,23
Vinjo,ragnaros,1955,druid,feral,90,42,48
Pdfilewatch,stormrage,1943,druid,feral,42,30,12
Feeg,sargeras,1937,druid,feral,65,33,32
Boomboomboom,misha,1936,druid,feral,194,96,98
Notapn,tichondrius,1926,druid,feral,96,54,42
Floorz,bleeding-hollow,1920,druid,feral,75,34,41
Cliodhna,kelthuzad,1914,druid,feral,78,40,38
Chowxx,tichondrius,1910,druid,feral,96,45,51
Alleae,stormrage,1908,druid,feral,54,32,22
Skrambles,mugthol,1906,druid,feral,75,36,39
Fappywapple,kiljaeden,1899,druid,feral,118,58,60
Samuel,ravencrest,1897,druid,feral,60,33,27
Floorz,firetree,1895,druid,feral,42,23,19
Ripbot,sargeras,1894,druid,feral,59,31,28
Duhfective,proudmoore,1887,druid,feral,65,33,32
Trìckyz,tichondrius,1881,druid,feral,182,91,91
Kittendev,tichondrius,1881,druid,feral,48,21,27
Porkonmyfork,frostmourne,1870,druid,feral,40,24,16
Astrozxy,sargeras,1860,druid,feral,42,23,19
Darmari,quelthalas,1852,druid,feral,60,27,33
Rwhatkr,tichondrius,1847,druid,feral,47,20,27
Kynvi,moon-guard,1846,druid,feral,48,24,24
Sammy,scilla,1842,druid,feral,84,40,44
Lesliewj,proudmoore,1840,druid,feral,65,35,30
Tyxi,bleeding-hollow,1839,druid,feral,46,31,15
Zuljor,sargeras,1836,druid,feral,54,34,20
Yayue,tichondrius,1830,druid,feral,72,37,35
Bpdferal,stormrage,1828,druid,feral,180,99,81
Russiaguy,area-52,1826,druid,feral,271,141,130
Icespicè,tichondrius,1825,druid,feral,96,46,50
Porkloafed,illidan,1824,druid,feral,94,53,41
Sappora,illidan,1824,druid,feral,178,92,86
Feignxd,emerald-dream,1823,druid,feral,60,43,17
Nuadris,azralon,1822,druid,feral,168,86,82
Chrye,tichondrius,1820,druid,feral,69,35,34
Calikonger,spirestone,1819,druid,feral,48,23,25
Kakaroot,tichondrius,1813,druid,feral,153,78,75
Hugecat,tichondrius,1812,druid,feral,60,26,34
Stellar,steamwheedle-cartel,1811,druid,feral,138,66,72
Yukjr,stormrage,1810,druid,feral,149,71,78
Killuf,quelthalas,1784,druid,feral,101,39,62
Meldzetzan,tichondrius,1782,druid,feral,31,20,11
Tyx,bleeding-hollow,1781,druid,feral,68,31,37
Hriiya,tichondrius,1781,druid,feral,71,29,42
Lemön,frostmourne,1780,druid,feral,54,27,27
Ërebüs,emerald-dream,1774,druid,feral,59,24,35
Djdontlose,stormrage,1771,druid,feral,54,33,21
Proudfurryxo,dragonmaw,1765,druid,feral,50,27,23
Yoruìchí,tichondrius,1759,druid,feral,36,23,13
Idiotferal,tortheldrin,1751,druid,feral,47,33,14
Kobez,bleeding-hollow,1748,druid,feral,84,46,38
Vebee,frostmourne,1746,druid,feral,65,34,31
Mhdd,tichondrius,1739,druid,feral,66,38,28
Stêff,zuljin,1739,druid,feral,102,56,46
Cracked,vashj,1736,druid,feral,64,38,26
Kolbie,emerald-dream,1734,druid,feral,184,99,85
Extic,sargeras,1730,druid,feral,66,38,28
Tompunch,tichondrius,1726,druid,feral,91,46,45
Fangry,queldorei,1725,druid,feral,106,57,49
Brewdock,boulderfist,1721,druid,feral,51,25,26
Dobromar,quelthalas,1716,druid,feral,59,34,25
Fliip,barthilas,1711,druid,feral,53,27,26
Addymeow,drenden,1709,druid,feral,54,30,24
Thycamore,cenarius,1708,druid,feral,60,23,37
Oroskii,bleeding-hollow,1705,druid,feral,66,34,32
Flowkie,illidan,1705,druid,feral,128,65,63
Blrr,sargeras,1702,druid,feral,84,39,45
Yavà,tichondrius,1700,druid,feral,48,30,18
Mocfernando,sargeras,1698,druid,feral,42,23,19
Cjæ,bleeding-hollow,1693,druid,feral,40,26,14
Unfriendly,bleeding-hollow,1691,druid,feral,185,100,85
Turow,firetree,1690,druid,feral,53,25,28
Wildfire,nesingwary,1686,druid,feral,105,55,50
Nicó,darkspear,1686,druid,feral,105,49,56
Nrp,stormrage,1684,druid,feral,108,44,64
Raincloud,mannoroth,1680,druid,feral,36,22,14
Nitetree,thrall,1679,druid,feral,60,31,29
Akanx,tichondrius,1677,druid,feral,36,21,15
Lycanthrøpe,moon-guard,1672,druid,feral,80,35,45
Linkinbiox,alleria,1671,druid,feral,42,22,20
Ferar,frostmourne,1671,druid,feral,65,32,33
Bearlylegalz,kelthuzad,1671,druid,feral,48,23,25
Dewfuss,tichondrius,1669,druid,feral,54,31,23
Wowgamer,sargeras,1668,druid,feral,30,19,11
Tenavï,stormrage,1668,druid,feral,42,20,22
Redhotbean,tichondrius,1665,druid,feral,40,23,17
Yavann,tichondrius,1663,druid,feral,124,68,56
Anxietyburns,stormrage,1660,druid,feral,66,40,26
Feraly,malganis,1659,druid,feral,48,25,23
Plux,illidan,1658,druid,feral,162,88,74
Chasertv,tichondrius,1650,druid,feral,36,19,17
Zlegacy,anvilmar,1650,druid,feral,54,21,33
Rokaizu,dalaran,1649,druid,feral,65,30,35
Jpegcollectr,tichondrius,1649,druid,feral,72,26,46
Kyoski,moon-guard,1645,druid,feral,34,19,15
Save,aerie-peak,1645,druid,feral,42,21,21
Kibbens,area-52,1643,druid,feral,196,98,98
Bhen,tichondrius,1643,druid,feral,42,19,23
Bigbite,tichondrius,1642,druid,feral,66,37,29
Grizzlepaw,tichondrius,1641,druid,feral,123,68,55
Zirrie,stormrage,1640,druid,feral,44,25,19
Xyphor,bladefist,1637,druid,feral,40,22,18
Erykk,dalaran,1631,druid,feral,54,23,31
Atrumn,emerald-dream,1631,druid,feral,78,33,45
Ging,azralon,1630,druid,feral,30,17,13
Zwaski,thrall,1628,druid,feral,110,53,57
Foxmeowz,blackwater-raiders,1627,druid,feral,36,20,16
Jazzxs,proudmoore,1627,druid,feral,36,18,18
Fendiy,barthilas,1625,druid,feral,84,49,35
Prille,tichondrius,1624,druid,feral,45,23,22
Off,ravencrest,1622,druid,feral,172,86,86
Phøënîx,tichondrius,1622,druid,feral,36,17,19
Gabdruid,kiljaeden,1621,druid,feral,48,23,25
Csinii,bleeding-hollow,1621,druid,feral,54,22,32
Zyhsul,emerald-dream,1620,druid,feral,42,21,21
Fuqet,kelthuzad,1620,druid,feral,111,52,59
Durwyn,sargeras,1620,druid,feral,153,71,82
Bearoids,daggerspine,1619,druid,feral,60,35,25
Enya,stormreaver,1618,druid,feral,66,31,35
Hiddenfur,ragnaros,1617,druid,feral,36,19,17
Poosnickety,kelthuzad,1617,druid,feral,49,21,28
Ocêanus,sargeras,1616,druid,feral,25,21,4
Jizzie,tichondrius,1615,druid,feral,108,64,44
Wøs,area-52,1615,druid,feral,98,50,48
Dustin,moon-guard,1614,druid,feral,116,61,55
Zenlonn,emerald-dream,1614,druid,feral,41,19,22
Xanybarz,stormrage,1608,druid,feral,131,65,66
Nobruh,sargeras,1608,druid,feral,112,55,57
Ulcera,nemesis,1607,druid,feral,60,39,21
Chococrispis,quelthalas,1606,druid,feral,48,21,27
Fyrkax,sargeras,1603,druid,feral,30,19,11
Luvgames,area-52,1602,druid,feral,94,47,47
Oldtomcat,moon-guard,1601,druid,feral,90,42,48
Feralgo,tichondrius,1600,druid,feral,36,17,19
Tysandra,sargeras,1600,druid,feral,42,17,25
Akamu,nemesis,1600,druid,feral,48,17,31
Irontree,dunemaul,1598,druid,feral,48,23,25
Dahmu,malygos,1590,druid,feral,197,103,94
Ursarius,skullcrusher,1590,druid,feral,53,25,28
Rank,nerzhul,1588,druid,feral,126,59,67
Sïmba,andorhal,1588,druid,feral,77,31,46
Beastbaby,eldrethalas,1582,druid,feral,42,17,25
Azrethyu,emerald-dream,1578,druid,feral,66,28,38
Meanbear,stormrage,1577,druid,feral,54,27,27
Jaspurr,illidan,1574,druid,feral,60,33,27
Skyde,sargeras,1571,druid,feral,93,42,51
Amishal,stormrage,1564,druid,feral,66,26,40
Lakunahof,ragnaros,1560,druid,feral,39,20,19
Malfurionsto,moon-guard,1559,druid,feral,48,20,28
Slanue,tichondrius,1556,druid,feral,64,26,38
Darkombra,frostmourne,1548,druid,feral,54,27,27
Kaisuckslol,stormrage,1543,druid,feral,150,76,74
Franksuba,windrunner,1541,druid,feral,126,61,65
Rahxay,quelthalas,1539,druid,feral,71,32,39
Jonio,tichondrius,1539,druid,feral,71,30,41
Mxdi,tichondrius,1535,druid,feral,36,19,17
Delorík,illidan,1534,druid,feral,66,32,34
Waggs,illidan,1532,druid,feral,36,16,20
Cawkaw,frostwolf,1528,druid,feral,122,62,60
Melez,kelthuzad,1528,druid,feral,193,98,95
Welshblack,tichondrius,1528,druid,feral,40,18,22
Prêdator,ragnaros,1526,druid,feral,125,68,57
Galind,rexxar,1524,druid,feral,40,26,14
Kwilli,tichondrius,1523,druid,feral,74,37,37
Shreds,kirin-tor,1522,druid,feral,48,16,32
Senex,stormrage,1518,druid,feral,100,60,40
Theømega,stormrage,1516,druid,feral,32,18,14
Sugarbawls,area-52,1514,druid,feral,108,52,56
Cätwälk,gnomeregan,1511,druid,feral,36,16,20
Hellodan,proudmoore,1509,druid,feral,72,32,40
Kdrumania,tichondrius,1508,druid,feral,224,116,108
Kushtiger,ragnaros,1508,druid,feral,102,52,50
Sheeyts,tichondrius,1507,druid,feral,96,51,45
Weedsmuggler,burning-legion,1506,druid,feral,248,127,121
Gregondor,skullcrusher,1506,druid,feral,48,24,24
Koducck,tichondrius,1502,druid,feral,60,32,28
Jurasico,ragnaros,1502,druid,feral,267,135,132
Goldferal,illidan,1500,druid,feral,30,20,10
Shiftex,arthas,1498,druid,feral,114,59,55
Tree,lothar,1497,druid,feral,48,29,19
Ikkarus,nemesis,1486,druid,feral,113,59,54
Ozex,crushridge,1484,druid,feral,42,17,25
Dimsump,zuljin,1483,druid,feral,48,16,32
Luluid,tichondrius,1481,druid,feral,65,30,35
Conker,frostmourne,1479,druid,feral,185,89,96
Revcow,malganis,1477,druid,feral,48,24,24
Swolareclips,eitrigg,1477,druid,feral,167,80,87
Lucky,destromath,1474,druid,feral,198,90,108
Duckystryker,tichondrius,1470,druid,feral,54,21,33
Roots,anubarak,1466,druid,feral,63,36,27
Eletto,stormrage,1466,druid,feral,48,25,23
Dillywadz,tichondrius,1463,druid,feral,158,72,86
Zivak,azshara,1460,druid,feral,66,32,34
Hoffhoff,area-52,1458,druid,feral,36,22,14
Chitára,ragnaros,1455,druid,feral,148,78,70
Badferal,blackhand,1455,druid,feral,78,38,40
Erwelz,quelthalas,1455,druid,feral,41,19,22
Faelonk,frostmourne,1448,druid,feral,72,34,38
Bossdru,sargeras,1447,druid,feral,47,28,19
Chomperz,tichondrius,1442,druid,feral,85,45,40
Lunacore,illidan,1437,druid,feral,59,25,34
Mysubrogue,veknilash,1432,druid,feral,24,15,9
Käïïjü,tichondrius,1432,druid,feral,76,28,48
Bobochan,tichondrius,1432,druid,feral,42,15,27
Milkmoneymeo,illidan,1431,druid,feral,30,15,15
Classydruid,spinebreaker,1431,druid,feral,96,45,51
Aldr,tichondrius,1431,druid,feral,60,27,33
Fugekî,zuljin,1430,druid,feral,47,28,19
Feond,illidan,1430,druid,feral,94,49,45
Bukybuky,tichondrius,1429,druid,feral,48,26,22
Blut,stormrage,1426,druid,feral,216,103,113
Makonis,tichondrius,1424,druid,feral,36,20,16
Shiftalk,nerzhul,1422,druid,feral,42,18,24
Kaissara,nemesis,1420,druid,feral,32,17,15
Prowli,tichondrius,1420,druid,feral,140,72,68
Bobmarli,kiljaeden,1420,druid,feral,30,15,15
Gnairda,sargeras,1418,druid,feral,192,101,91
Treespec,stormrage,1414,druid,feral,29,18,11
Traxxo,tichondrius,1414,druid,feral,48,20,28
Bullcritzz,saurfang,1413,druid,feral,94,53,41
Gairen,the-venture-co,1413,druid,feral,48,25,23
Neetform,zuljin,1413,druid,feral,65,30,35
Oobuck,kilrogg,1412,druid,feral,48,26,22
Freinnar,kiljaeden,1412,druid,feral,48,20,28
Muwudred,stormrage,1410,druid,feral,36,15,21
Clarice,shattered-halls,1409,druid,feral,24,15,9
Oreganic,barthilas,1408,druid,feral,99,49,50
Vakimumu,anubarak,1407,druid,feral,68,33,35
Sweetxtooth,area-52,1403,druid,feral,81,43,38
Bênî,emerald-dream,1402,druid,feral,128,61,67
Flowke,illidan,1401,druid,feral,32,16,16
Gonjatusk,ravencrest,1397,druid,feral,54,30,24
Vaniedron,zuljin,1397,druid,feral,123,50,73
Clawin,frostmourne,1395,druid,feral,24,15,9
Duuj,illidan,1394,druid,feral,18,15,3
Csagan,spirestone,1393,druid,feral,30,15,15
Hoppus,icecrown,1393,druid,feral,87,35,52
Hööper,illidan,1392,druid,feral,72,27,45
Chin,ysera,1391,druid,feral,23,15,8
Ytgamezoned,darkspear,1390,druid,feral,30,16,14
Oneinchclaw,malganis,1389,druid,feral,84,41,43
Treeweed,tichondrius,1386,druid,feral,81,42,39
Hjerim,quelthalas,1386,druid,feral,50,24,26
Frostelles,stormrage,1385,druid,feral,146,73,73
Silvshifter,frostmourne,1382,druid,feral,29,22,7
Snowfaerie,moon-guard,1380,druid,feral,374,195,179
Hroney,area-52,1379,druid,feral,54,22,32
Tardcakes,tichondrius,1378,druid,feral,68,34,34
Raynark,azralon,1377,druid,feral,36,16,20
Craak,tichondrius,1376,druid,feral,41,19,22
Zazieraiel,moon-guard,1376,druid,feral,99,45,54
Tommyjimmy,andorhal,1375,druid,feral,42,21,21
Fastcat,moon-guard,1369,druid,feral,54,25,29
Herbx,sargeras,1366,druid,feral,60,30,30
Malu,muradin,1363,druid,feral,49,29,20
Boll,akama,1361,druid,feral,34,15,19
Lunarboy,tichondrius,1358,druid,feral,37,16,21
Azuredreams,bleeding-hollow,1358,druid,feral,42,18,24
Kilohanno,alexstrasza,1356,druid,feral,42,19,23
Iamnature,dalaran,1355,druid,feral,67,30,37
Percefhone,azralon,1353,druid,feral,116,55,61
Canlexd,moon-guard,1350,druid,feral,97,45,52
Fugg,frostmourne,1350,druid,feral,84,34,50
Darkdragoonz,barthilas,1344,druid,feral,43,20,23
Surmise,tichondrius,1343,druid,feral,53,32,21
Cntomy,tichondrius,1343,druid,feral,24,14,10
Azoth,hyjal,1342,druid,feral,24,14,10
Senorcholo,malganis,1342,druid,feral,36,18,18
Catzetzan,tichondrius,1342,druid,feral,30,14,16
Threeo,burning-blade,1341,druid,feral,28,18,10
Smeow,zuljin,1339,druid,feral,39,16,23
Samirgodx,tichondrius,1337,druid,feral,36,16,20
Brawleyx,tichondrius,1337,druid,feral,36,14,22
Riemannzeta,azgalor,1336,druid,feral,54,29,25
Ribushe,stormrage,1336,druid,feral,60,27,33
Zelyvia,moon-guard,1335,druid,feral,36,19,17
Buhooki,tichondrius,1334,druid,feral,164,90,74
Datkittydoe,kiljaeden,1334,druid,feral,55,26,29
Khyzan,illidan,1329,druid,feral,78,41,37
Psychofeör,quelthalas,1329,druid,feral,88,42,46
Gapingloli,tichondrius,1327,druid,feral,39,21,18
Naturestouch,tichondrius,1327,druid,feral,30,14,16
Bullboy,frostmourne,1320,druid,feral,30,17,13
Bleedz,mugthol,1319,druid,feral,36,18,18
Panyot,kiljaeden,1318,druid,feral,60,31,29
Aahx,thrall,1317,druid,feral,123,69,54
Kyrô,sargeras,1317,druid,feral,29,14,15
Bigthirty,area-52,1315,druid,feral,36,20,16
Isalien,stormrage,1313,druid,feral,62,33,29
Boofings,sargeras,1311,druid,feral,24,14,10
Ninefeet,argent-dawn,1311,druid,feral,72,37,35
Suedle,kelthuzad,1309,druid,feral,29,14,15
Amanardra,wyrmrest-accord,1307,druid,feral,24,14,10
Jasminonmars,zuluhed,1305,druid,feral,65,36,29
Chambz,tichondrius,1305,druid,feral,82,41,41
Asteriel,stormrage,1305,druid,feral,52,25,27
Malthen,quelthalas,1304,druid,feral,78,38,40
Hoofin,blackwing-lair,1303,druid,feral,96,39,57
Nyanncat,frostmourne,1302,druid,feral,30,14,16
Nojiling,quelthalas,1301,druid,feral,55,24,31
Swornenemy,mugthol,1300,druid,feral,63,32,31
Bloodriot,wyrmrest-accord,1299,druid,feral,79,36,43
Zuga,the-venture-co,1298,druid,feral,36,18,18
Amdruid,bloodhoof,1297,druid,feral,26,15,11
Raebies,dalaran,1297,druid,feral,99,53,46
Sahksi,lothar,1297,druid,feral,60,30,30
Mbarakaja,malganis,1297,druid,feral,149,70,79
Anessan,silvermoon,1296,druid,feral,44,23,21
Ðreadfang,tichondrius,1295,druid,feral,47,28,19
Awarz,drakkari,1291,druid,feral,36,14,22
Servax,illidan,1290,druid,feral,30,14,16
Erahar,illidan,1281,druid,feral,46,24,22
Haneulso,tichondrius,1281,druid,feral,39,17,22
Cheshiire,moon-guard,1277,druid,feral,167,78,89
Gorim,area-52,1275,druid,feral,60,29,31
Flufball,whisperwind,1274,druid,feral,42,17,25
Súse,sargeras,1269,druid,feral,71,35,36
Gotroadrash,azuremyst,1268,druid,feral,23,14,9
Hadox,azralon,1268,druid,feral,113,53,60
Riseagainst,ragnaros,1267,druid,feral,46,26,20
Mooseknuccle,tichondrius,1262,druid,feral,43,21,22
Glockitty,tichondrius,1262,druid,feral,90,42,48
Dätto,thrall,1261,druid,feral,54,25,29
Feanah,tichondrius,1259,druid,feral,66,29,37
Freeonlyfns,stormrage,1255,druid,feral,38,16,22
Tenedoors,ragnaros,1250,druid,feral,91,33,58
Sporadiclive,sargeras,1247,druid,feral,30,13,17
Mariko,area-52,1245,druid,feral,59,26,33
Enchiladacat,stormrage,1243,druid,feral,24,13,11
Kellydacat,azuremyst,1241,druid,feral,24,13,11
Shmayba,malganis,1241,druid,feral,24,13,11
Styli,tichondrius,1240,druid,feral,46,24,22
Pfheral,area-52,1240,druid,feral,30,13,17
Barnedruid,stormreaver,1236,druid,feral,24,13,11
Hektuk,barthilas,1235,druid,feral,34,19,15
Bigmolii,quelthalas,1235,druid,feral,98,38,60
Wwf,thrall,1235,druid,feral,60,23,37
Ourse,aegwynn,1234,druid,feral,89,52,37
Shïfty,tichondrius,1233,druid,feral,24,13,11
Beargodx,stormrage,1232,druid,feral,78,41,37
Kleanxx,tichondrius,1232,druid,feral,223,111,112
Hobbles,emerald-dream,1231,druid,feral,36,15,21
Matpd,norgannon,1228,druid,feral,66,28,38
Orthognathic,emerald-dream,1227,druid,feral,57,35,22
Bâgheera,sargeras,1225,druid,feral,61,25,36
Dkkng,dalaran,1224,druid,feral,30,16,14
Xanbàr,hyjal,1222,druid,feral,35,22,13
Twistach,quelthalas,1222,druid,feral,24,13,11
Beygatti,sargeras,1222,druid,feral,61,25,36
Ðrengr,quelthalas,1221,druid,feral,30,18,12
Yobibit,terenas,1221,druid,feral,36,14,22
Swappy,korgath,1220,druid,feral,69,31,38
Zelazia,area-52,1219,druid,feral,30,16,14
Berd,whisperwind,1215,druid,feral,40,20,20
Midnitex,illidan,1214,druid,feral,37,16,21
Freddiemerk,moon-guard,1210,druid,feral,24,13,11
Pusswhisperr,bleeding-hollow,1210,druid,feral,42,15,27
Hermbott,proudmoore,1206,druid,feral,54,26,28
Kotau,azralon,1204,druid,feral,48,32,16
Dorio,quelthalas,1197,druid,feral,30,14,16
Spinach,moon-guard,1195,druid,feral,33,13,20
Behrhart,stormrage,1194,druid,feral,18,13,5
Hctibrehtom,illidan,1193,druid,feral,24,20,4
Saelyle,illidan,1189,druid,feral,58,23,35
Destrez,ragnaros,1188,druid,feral,27,13,14
Sansao,sargeras,1179,druid,feral,42,21,21
Empathz,emerald-dream,1173,druid,feral,35,13,22
Khione,dreadmaul,1172,druid,feral,68,38,30
Yukcyducky,tichondrius,1172,druid,feral,90,37,53
Ðementia,stormrage,1169,druid,feral,114,64,50
Dehltax,stormrage,1169,druid,feral,54,29,25
Nomnomnomn,chogall,1168,druid,feral,22,13,9
Xdkittyrawr,tichondrius,1168,druid,feral,94,46,48
Zderhs,blackrock,1163,druid,feral,26,13,13
Scruffywolf,tichondrius,1157,druid,feral,155,67,88
Jayp,thrall,1154,druid,feral,37,13,24
Borybuilder,azralon,1153,druid,feral,52,22,30
Ishiftalot,bleeding-hollow,1153,druid,feral,63,26,37
Europecat,stormrage,1152,druid,feral,24,12,12
Ursuur,drakkari,1152,druid,feral,79,34,45
Sooey,wyrmrest-accord,1151,druid,feral,24,12,12
Ryecoke,stormrage,1151,druid,feral,24,12,12
Féralis,sargeras,1150,druid,feral,18,12,6
Kyrona,frostmourne,1150,druid,feral,36,22,14
Kiwidru,frostmourne,1150,druid,feral,24,12,12
Poppynoff,barthilas,1149,druid,feral,30,12,18
Sharknado,haomarush,1147,druid,feral,24,12,12
Miviaris,alleria,1147,druid,feral,24,12,12
Concordya,tichondrius,1146,druid,feral,30,13,17
Doblun,nemesis,1146,druid,feral,36,12,24
Anastasyiar,illidan,1142,druid,feral,30,12,18
Ÿùp,tichondrius,1141,druid,feral,18,12,6
Kaya,hyjal,1141,druid,feral,66,22,44
Daniin,azralon,1136,druid,feral,72,33,39
Aligantor,thrall,1134,druid,feral,18,12,6
Deadlykept,ragnaros,1134,druid,feral,36,18,18
Hupod,proudmoore,1134,druid,feral,57,27,30
Queiq,malganis,1133,druid,feral,24,12,12
Werebruin,bleeding-hollow,1129,druid,feral,73,36,37
Chëësëbürgër,illidan,1128,druid,feral,97,45,52
Cooln,bleeding-hollow,1123,druid,feral,24,15,9
Vintera,sargeras,1123,druid,feral,99,49,50
Elunaya,illidan,1122,druid,feral,36,15,21
Tonoshapepai,azralon,1122,druid,feral,36,13,23
Shahahrazad,queldorei,1118,druid,feral,36,12,24
Eyzie,stormrage,1115,druid,feral,36,13,23
Azakana,sargeras,1094,druid,feral,23,12,11
Leight,whisperwind,1093,druid,feral,24,14,10
Mordrynn,veknilash,1092,druid,feral,28,14,14
Jihadibleeds,stormrage,1091,druid,feral,19,13,6
Strikinina,azralon,1091,druid,feral,61,26,35
Bernoboy,kelthuzad,1079,druid,feral,30,16,14
Yobolsun,sargeras,1079,druid,feral,42,17,25
Skrillin,thrall,1076,druid,feral,35,19,16
Trevvor,thrall,1070,druid,feral,36,12,24
Fb,darkspear,1069,druid,feral,20,12,8
Anarad,dalaran,1068,druid,feral,42,22,20
Druidsling,mugthol,1067,druid,feral,50,20,30
Pokémon,grizzly-hills,1064,druid,feral,33,15,18
Damnimal,caelestrasz,1058,druid,feral,22,13,9
Drdanknugs,laughing-skull,1057,druid,feral,54,16,38
Ohaa,sargeras,1056,druid,feral,12,11,1
Birdy,proudmoore,1056,druid,feral,18,11,7
Glenn,norgannon,1056,druid,feral,18,11,7
Switchform,kiljaeden,1056,druid,feral,18,11,7
Hatergodx,ravencrest,1056,druid,feral,24,11,13
Lelobull,ragnaros,1056,druid,feral,48,19,29
Dangersweg,frostmourne,1056,druid,feral,30,11,19
Orekinya,area-52,1055,druid,feral,24,11,13
Soaring,moon-guard,1055,druid,feral,24,11,13
Dawsonxo,proudmoore,1055,druid,feral,24,11,13
Tabbsy,frostmourne,1055,druid,feral,36,11,25
Kellydabear,azuremyst,1054,druid,feral,24,11,13
Wildbeasts,proudmoore,1053,druid,feral,134,68,66
Myeow,illidan,1052,druid,feral,24,11,13
Corv,drenden,1051,druid,feral,16,12,4
Swindlestan,zuljin,1051,druid,feral,24,11,13
Bloodynine,cairne,1050,druid,feral,24,11,13
Kongquest,emerald-dream,1049,druid,feral,36,11,25
Nyla,nemesis,1048,druid,feral,12,11,1
Vykarux,suramar,1048,druid,feral,24,11,13
Yám,tichondrius,1048,druid,feral,30,11,19
Wabbehkus,barthilas,1048,druid,feral,42,11,31
Doubledówn,sargeras,1047,druid,feral,162,81,81
Fieryferal,kargath,1046,druid,feral,42,12,30
Niwßor,azralon,1043,druid,feral,24,11,13
Zurker,mannoroth,1043,druid,feral,24,11,13
Framko,quelthalas,1042,druid,feral,72,22,50
Druidydruid,blackrock,1038,druid,feral,30,11,19
Dròódles,barthilas,1035,druid,feral,18,11,7
Oxvxo,senjin,1033,druid,feral,42,25,17
Seraphim,lightnings-blade,1029,druid,feral,60,30,30
Moonraker,caelestrasz,1029,druid,feral,26,12,14
Meowzedon,sargeras,1029,druid,feral,24,11,13
Gece,dalaran,1022,druid,feral,35,15,20
Screwdrivers,moon-guard,1022,druid,feral,29,11,18
Twigz,illidan,1021,druid,feral,127,62,65
Fennel,korgath,1017,druid,feral,23,11,12
Lyndonww,frostmourne,1006,druid,feral,26,12,14
Afrogx,dalaran,1001,druid,feral,24,11,13
Superwrath,khaz-modan,1000,druid,feral,23,11,12
Ruzkit,illidan,996,druid,feral,30,14,16
Tt,akama,989,druid,feral,26,11,15
Mojofoshobro,moonrunner,989,druid,feral,54,19,35
Catahmine,thrall,988,druid,feral,26,11,15
Ediiann,cenarius,986,druid,feral,24,11,13
Reallysauce,zuljin,970,druid,feral,24,12,12
Pixyls,bleeding-hollow,969,druid,feral,23,12,11
Semveta,alleria,960,druid,feral,12,10,2
Hypérion,dalaran,960,druid,feral,24,10,14
Buffjungle,tichondrius,960,druid,feral,26,10,16
Skufty,illidan,960,druid,feral,102,36,66
Juiceonlips,sargeras,959,druid,feral,18,10,8
Kekepöp,illidan,959,druid,feral,24,10,14
Yaboidakota,stormrage,959,druid,feral,24,10,14
Nearkoo,tichondrius,958,druid,feral,24,10,14
Rekrasaur,emerald-dream,958,druid,feral,30,10,20
Noet,ragnaros,957,druid,feral,18,10,8
Pavel,aerie-peak,957,druid,feral,59,18,41
Shiftingdean,sargeras,956,druid,feral,30,10,20
Høruss,azralon,955,druid,feral,27,11,16
Pàntera,tichondrius,955,druid,feral,36,10,26
Moonbow,frostmourne,954,druid,feral,18,10,8
Bananawaffle,proudmoore,954,druid,feral,24,10,14
Yseraspawn,kelthuzad,954,druid,feral,30,10,20
Stalfrus,area-52,952,druid,feral,12,10,2
Barbary,tichondrius,952,druid,feral,24,10,14
Duckieheit,sargeras,952,druid,feral,24,10,14
Thegrefgx,ragnaros,949,druid,feral,18,10,8
Xform,jubeithos,946,druid,feral,18,10,8
Bullshiftin,area-52,945,druid,feral,18,10,8
Odesellena,moon-guard,942,druid,feral,42,21,21
Nokther,muradin,941,druid,feral,48,13,35
Feraluwu,illidan,938,druid,feral,18,10,8
Lusk,blades-edge,937,druid,feral,64,29,35
Sisilo,bonechewer,933,druid,feral,109,46,63
Téddybéar,smolderthorn,929,druid,feral,12,10,2
Jabiso,smolderthorn,928,druid,feral,49,22,27
Dinnerbone,echo-isles,926,druid,feral,24,10,14
Arntu,malganis,924,druid,feral,17,10,7
Soldadito,zuljin,924,druid,feral,27,12,15
Greasemonkey,trollbane,919,druid,feral,22,12,10
Sjana,bleeding-hollow,918,druid,feral,18,11,7
Lacrarola,nemesis,916,druid,feral,17,10,7
Àspên,moon-guard,908,druid,feral,42,20,22
Blêêd,stormscale,904,druid,feral,13,12,1
Predatõr,malorne,896,druid,feral,29,13,16
Muggsy,scilla,893,druid,feral,14,10,4
Koag,dalaran,891,druid,feral,29,13,16
Taurenaught,aegwynn,881,druid,feral,37,17,20
Syänn,thrall,879,druid,feral,24,10,14
Bigherbo,zuljin,872,druid,feral,26,11,15
Kittycudi,hyjal,864,druid,feral,12,9,3
Retzerbil,sargeras,864,druid,feral,12,9,3
Jaegerbombx,sargeras,864,druid,feral,18,9,9
Unfunnyferal,kelthuzad,864,druid,feral,18,9,9
Funkattack,tichondrius,864,druid,feral,18,9,9
Faithxo,stormrage,864,druid,feral,24,9,15
Hapgood,archimonde,864,druid,feral,24,9,15
Feorb,azuremyst,864,druid,feral,24,9,15
Tastelikecat,kelthuzad,864,druid,feral,27,10,17
Féèd,stormrage,863,druid,feral,18,9,9
Gz,icecrown,863,druid,feral,18,9,9
Koochii,tichondrius,863,druid,feral,18,9,9
Thaherb,korgath,863,druid,feral,24,9,15
Catten,barthilas,860,druid,feral,12,9,3
Cadburycop,malganis,860,druid,feral,33,10,23
Manlymanman,shandris,859,druid,feral,24,9,15
Shiftyounot,shattered-hand,859,druid,feral,30,9,21
Ruhgen,deathwing,858,druid,feral,26,10,16
Jonoa,nagrand,858,druid,feral,24,9,15
Wuarlo,moon-guard,857,druid,feral,91,43,48
Rum,the-venture-co,857,druid,feral,36,14,22
Hótlife,fizzcrank,856,druid,feral,18,9,9
Wokoom,windrunner,855,druid,feral,54,20,34
Mavren,uldaman,853,druid,feral,30,10,20
Tolldruid,chogall,852,druid,feral,24,10,14
Zauska,cenarion-circle,851,druid,feral,30,9,21
Drulicious,tichondrius,849,druid,feral,27,13,14
Pawprika,tichondrius,842,druid,feral,42,14,28
Sosd,kelthuzad,837,druid,feral,17,9,8
Eglania,stormrage,834,druid,feral,30,13,17
Weezydende,area-52,833,druid,feral,41,11,30
Fogboom,area-52,830,druid,feral,20,10,10
Dreamfyre,kiljaeden,828,druid,feral,29,9,20
Shartasm,anetheron,822,druid,feral,30,12,18
Tatiannaa,stormreaver,815,druid,feral,15,10,5
Feorelm,proudmoore,810,druid,feral,17,9,8
Nephdruid,stormrage,804,druid,feral,30,9,21
Ðjangø,goldrinn,801,druid,feral,17,9,8
Kuzigothigh,thunderhorn,795,druid,feral,53,27,26
Druski,lightbringer,783,druid,feral,17,9,8
Looquitaa,ragnaros,780,druid,feral,39,9,30
Fanaror,frostmourne,777,druid,feral,49,24,25
Anìmorph,sargeras,768,druid,feral,12,8,4
Kattles,frostmourne,768,druid,feral,12,8,4
Jason,vashj,768,druid,feral,12,8,4
Griefs,emerald-dream,768,druid,feral,12,8,4
Batterydruid,silvermoon,768,druid,feral,12,8,4
Owd,tichondrius,768,druid,feral,18,8,10
Férállgødx,area-52,768,druid,feral,18,8,10
Mooncatbear,malganis,768,druid,feral,18,8,10
Loserceo,stormrage,768,druid,feral,18,8,10
Saltydru,illidan,768,druid,feral,24,8,16
Germainee,shandris,768,druid,feral,24,8,16
Sylvaster,stormrage,768,druid,feral,24,8,16
Pokeyouryolk,sargeras,767,druid,feral,12,8,4
Jentzull,tichondrius,767,druid,feral,12,8,4
Güar,area-52,767,druid,feral,12,8,4
Ostley,moon-guard,767,druid,feral,12,8,4
Nahelae,tichondrius,767,druid,feral,12,8,4
Udderchaos,dark-iron,767,druid,feral,18,8,10
Pergutory,frostmourne,767,druid,feral,18,8,10
Zascat,malganis,767,druid,feral,18,8,10
Lazypaw,malganis,767,druid,feral,18,8,10
Kìttykat,stormrage,767,druid,feral,18,8,10
Fullmoon,greymane,767,druid,feral,22,9,13
Pibily,sargeras,767,druid,feral,39,8,31
Jpnerazim,quelthalas,766,druid,feral,16,8,8
Angulus,darkspear,766,druid,feral,18,8,10
Deaddpool,ragnaros,764,druid,feral,12,8,4
Zimah,illidan,764,druid,feral,18,8,10
Davinchii,drakkari,764,druid,feral,18,8,10
Raknary,kelthuzad,764,druid,feral,30,8,22
Goorybud,tichondrius,762,druid,feral,12,8,4
Bebechat,area-52,762,druid,feral,12,8,4
Gamble,the-underbog,760,druid,feral,24,8,16
Garuharken,skullcrusher,754,druid,feral,30,8,22
Flenser,frostmane,751,druid,feral,12,8,4
Mychi,ragnaros,748,druid,feral,20,9,11
Nodraent,quelthalas,741,druid,feral,18,8,10
Clutchtime,sentinels,736,druid,feral,22,8,14
Ashmila,ragnaros,716,druid,feral,17,8,9
Notinsanity,proudmoore,714,druid,feral,20,9,11
Mazoak,sargeras,703,druid,feral,28,8,20
Bigdeeza,frostmourne,702,druid,feral,17,8,9
Byson,bleeding-hollow,702,druid,feral,17,8,9
Psynix,zuljin,688,druid,feral,19,8,11
Earlgrayl,kelthuzad,686,druid,feral,19,8,11
Shakedru,stormrage,684,druid,feral,19,8,11
Tnvï,stormrage,672,druid,feral,12,7,5
Druidman,mugthol,672,druid,feral,12,7,5
Krobz,bleeding-hollow,672,druid,feral,12,7,5
Venomsecho,vashj,672,druid,feral,12,7,5
Scuffedx,tichondrius,672,druid,feral,12,7,5
Susruth,area-52,672,druid,feral,12,7,5
Shalaz,magtheridon,672,druid,feral,12,7,5
Primalxd,area-52,672,druid,feral,12,7,5
Dailydruid,illidan,672,druid,feral,12,7,5
Elyveen,proudmoore,672,druid,feral,12,7,5
Hypê,tichondrius,672,druid,feral,12,7,5
Zðzð,zuljin,672,druid,feral,12,7,5
Psyraxus,moon-guard,672,druid,feral,18,7,11
Muffbfloppn,zuljin,672,druid,feral,18,7,11
Selendis,tichondrius,672,druid,feral,18,7,11
Meowny,area-52,672,druid,feral,18,7,11
Ronin,arthas,672,druid,feral,18,7,11
Islayne,moon-guard,672,druid,feral,18,7,11
Bearlyviable,stormrage,672,druid,feral,21,8,13
Shiftage,frostmane,672,druid,feral,21,7,14
Houseboat,hellscream,672,druid,feral,30,7,23
Drywatter,tichondrius,671,druid,feral,12,7,5
Happyhotter,proudmoore,671,druid,feral,12,7,5
Zalmo,area-52,671,druid,feral,15,8,7
Fürïous,tichondrius,671,druid,feral,15,8,7
Ruckiz,stormrage,671,druid,feral,18,7,11
Ännä,moon-guard,671,druid,feral,18,7,11
Momoxchan,quelthalas,671,druid,feral,18,7,11
Corym,frostmourne,671,druid,feral,18,7,11
Bearmuda,trollbane,671,druid,feral,18,7,11
Wingus,smolderthorn,670,druid,feral,12,7,5
Curainfeliz,nemesis,669,druid,feral,12,7,5
Redness,daggerspine,669,druid,feral,18,7,11
Nanassa,spinebreaker,669,druid,feral,18,7,11
Berall,bleeding-hollow,668,druid,feral,12,7,5
Yokimo,amanthul,668,druid,feral,18,7,11
Zeldriss,arthas,668,druid,feral,19,7,12
Igneël,ragnaros,668,druid,feral,24,7,17
Jordiët,dalaran,667,druid,feral,12,7,5
Snowlion,the-forgotten-coast,658,druid,feral,18,7,11
Hyperlite,bonechewer,643,druid,feral,18,7,11
Injail,tichondrius,640,druid,feral,16,7,9
Chadwickx,illidan,639,druid,feral,11,7,4
Ekkoh,sargeras,638,druid,feral,17,7,10
Oldclive,frostmourne,637,druid,feral,17,7,10
Jeanz,bonechewer,632,druid,feral,19,9,10
Meowzetzan,tichondrius,623,druid,feral,11,7,4
Slapymilf,dentarg,623,druid,feral,11,7,4
Puzzykat,uldum,621,druid,feral,27,7,20
Gutzzu,area-52,619,druid,feral,15,7,8
Weedleaf,wyrmrest-accord,610,druid,feral,20,8,12
Chiknsketti,bleeding-hollow,607,druid,feral,14,7,7
Beaker,uldum,605,druid,feral,11,7,4
Chucknöürish,dalaran,597,druid,feral,23,7,16
Lïberty,ragnaros,576,druid,feral,6,6,0
Ogversaucey,skullcrusher,576,druid,feral,12,6,6
Nelfwaifú,area-52,576,druid,feral,12,6,6
Hashmall,ragnaros,576,druid,feral,12,6,6
Lilrichdps,sargeras,576,druid,feral,12,6,6
Hybridxo,kelthuzad,576,druid,feral,12,6,6
Bables,tichondrius,576,druid,feral,12,6,6
Spaléxgu,azralon,576,druid,feral,12,6,6
Kurokyy,frostmourne,576,druid,feral,12,6,6
Thontt,sargeras,576,druid,feral,12,6,6
Parallax,shadowsong,576,druid,feral,12,6,6
Alyxsandr,dalaran,576,druid,feral,12,6,6
Sweetpurple,elune,576,druid,feral,12,6,6
Munchausens,dalaran,576,druid,feral,12,6,6
Daniverse,sargeras,576,druid,feral,12,6,6
Wilddeity,tichondrius,576,druid,feral,12,6,6
Kakagroot,tichondrius,576,druid,feral,12,6,6
Hotmomlover,malganis,576,druid,feral,12,6,6
Cíphenz,illidan,576,druid,feral,12,6,6
Mommyshårk,tichondrius,576,druid,feral,12,6,6
Bootayclappa,sargeras,576,druid,feral,12,6,6
Grimtreeper,illidan,576,druid,feral,12,6,6
Whitetigeris,tichondrius,576,druid,feral,12,6,6
Kittysnuggle,emerald-dream,576,druid,feral,15,7,8
Jinhova,stormrage,576,druid,feral,15,6,9
Rebrrth,antonidas,576,druid,feral,18,6,12
Mameseph,lightnings-blade,576,druid,feral,18,6,12
Emotionally,illidan,576,druid,feral,18,6,12
Kobebeef,malganis,576,druid,feral,24,6,18
Stríðsmaður,area-52,575,druid,feral,12,6,6
Allenjunior,ragnaros,575,druid,feral,12,6,6
Amoru,moon-guard,575,druid,feral,12,6,6
Omnilul,zuljin,575,druid,feral,12,6,6
Chupaone,dalaran,575,druid,feral,12,6,6
Wulfjack,emerald-dream,575,druid,feral,12,6,6
Eliteshift,frostmourne,575,druid,feral,12,6,6
Yesqt,dalaran,575,druid,feral,12,6,6
Fireeloot,tichondrius,575,druid,feral,12,6,6
Austîn,moon-guard,575,druid,feral,12,6,6
Druishcat,dark-iron,575,druid,feral,12,6,6
Pachacamac,dragonmaw,575,druid,feral,18,6,12
Andaror,azralon,575,druid,feral,24,6,18
Beelzehog,whisperwind,574,druid,feral,12,6,6
Nikozho,sargeras,573,druid,feral,18,6,12
Imass,draka,573,druid,feral,18,6,12
Kragma,zuluhed,572,druid,feral,12,6,6
Udala,durotan,572,druid,feral,14,6,8
Expells,nemesis,569,druid,feral,18,6,12
Capson,darkspear,563,druid,feral,24,6,18
Oxentoes,sargeras,559,druid,feral,17,7,10
Dullbozer,thrall,543,druid,feral,11,6,5
Druidcyber,stormrage,543,druid,feral,16,6,10
Lémons,tichondrius,542,druid,feral,17,6,11
Wtfimacat,area-52,527,druid,feral,11,6,5
Ripx,khadgar,522,druid,feral,16,7,9
Kajla,sargeras,521,druid,feral,22,7,15
Shadalor,frostmourne,512,druid,feral,16,6,10
Ivangamaz,area-52,511,druid,feral,11,6,5
Ashvir,wyrmrest-accord,511,druid,feral,11,6,5
Cokanebear,garrosh,511,druid,feral,14,6,8
Kilbys,nemesis,510,druid,feral,8,6,2
Iamatomic,illidan,509,druid,feral,20,6,14
Worgbearpig,destromath,496,druid,feral,13,6,7
Bearjoo,kelthuzad,495,druid,feral,18,6,12
Chrøniç,illidan,480,druid,feral,6,5,1
Nbnbnb,proudmoore,480,druid,feral,6,5,1
Ardelix,emerald-dream,480,druid,feral,6,5,1
Gloomcat,illidan,480,druid,feral,6,5,1
Sweetnippies,elune,480,druid,feral,6,5,1
Idiotdruid,ragnaros,480,druid,feral,6,5,1
Flompstomper,skullcrusher,480,druid,feral,6,5,1
Carboz,jubeithos,480,druid,feral,6,5,1
Exxh,tichondrius,480,druid,feral,6,5,1
Elgatomarica,ragnaros,480,druid,feral,9,6,3
Aladelryth,malfurion,480,druid,feral,12,5,7
Cudlybear,bleeding-hollow,480,druid,feral,12,5,7
Bloodyugly,area-52,480,druid,feral,12,5,7
Feralhearted,kelthuzad,480,druid,feral,12,5,7
Mythienair,stormrage,480,druid,feral,12,5,7
Crendorides,bleeding-hollow,480,druid,feral,12,5,7
Choolah,area-52,480,druid,feral,12,5,7
Ragingcloner,tichondrius,480,druid,feral,12,5,7
Honeybeam,moon-guard,480,druid,feral,12,5,7
Duckseasonn,sargeras,480,druid,feral,12,5,7
Samuraicat,frostmourne,480,druid,feral,12,5,7
Topangâ,lightninghoof,480,druid,feral,12,5,7
Frenzyirl,darkspear,480,druid,feral,12,5,7
Ðárk,ragnaros,480,druid,feral,12,5,7
Gunnymad,tichondrius,480,druid,feral,12,5,7
Wurow,firetree,480,druid,feral,12,5,7
Karizikat,tichondrius,480,druid,feral,12,5,7
Grumalzi,moon-guard,480,druid,feral,12,5,7
Loamie,proudmoore,480,druid,feral,12,5,7
Zeratull,cenarius,480,druid,feral,12,5,7
Lurky,dalvengyr,480,druid,feral,12,5,7
Cenarius,frostmourne,480,druid,feral,12,5,7
Softshirtxo,ragnaros,480,druid,feral,12,5,7
Notoriouzßig,sargeras,480,druid,feral,12,5,7
Scorn,spirestone,480,druid,feral,13,5,8
Fredolay,tichondrius,480,druid,feral,13,5,8
Maplêleaf,moon-guard,480,druid,feral,18,5,13
Oneninesix,frostmourne,480,druid,feral,18,5,13
Bere,kul-tiras,480,druid,feral,18,5,13
Darkasto,nemesis,480,druid,feral,18,5,13
Caelüm,area-52,480,druid,feral,18,5,13
Atreis,malganis,480,druid,feral,18,5,13
Aquahektik,malganis,480,druid,feral,18,5,13
Lycanjungle,azralon,480,druid,feral,18,5,13
Purrcat,tichondrius,480,druid,feral,18,5,13
Gouzz,frostmourne,480,druid,feral,18,5,13
Mogleyz,stormreaver,480,druid,feral,20,5,15
Kayday,bloodscalp,479,druid,feral,6,5,1
Mawnster,drenden,479,druid,feral,9,6,3
Calani,lightnings-blade,479,druid,feral,12,5,7
Animalcade,area-52,479,druid,feral,12,5,7
Nisheon,wyrmrest-accord,479,druid,feral,12,5,7
Bigravioli,ragnaros,479,druid,feral,12,5,7
Omnisyst,burning-blade,479,druid,feral,12,5,7
Balthøs,moon-guard,479,druid,feral,12,5,7
Elsancho,stormreaver,479,druid,feral,12,5,7
Liktak,perenolde,479,druid,feral,12,5,7
Icecrackin,bloodscalp,479,druid,feral,12,5,7
Aeonás,tichondrius,479,druid,feral,12,5,7
Hawthòrn,bloodscalp,479,druid,feral,12,5,7
Snugglin,kelthuzad,479,druid,feral,12,5,7
Ysemia,drakkari,479,druid,feral,14,5,9
Giatafix,whisperwind,479,druid,feral,18,5,13
Bigoldbear,moon-guard,479,druid,feral,24,5,19
Drewiid,stormrage,478,druid,feral,12,5,7
Ramso,skullcrusher,478,druid,feral,12,5,7
Fbombzz,kalecgos,477,druid,feral,12,5,7
Dârkfang,moon-guard,475,druid,feral,12,5,7
Kogti,malganis,446,druid,feral,10,6,4
Maplesyrup,moonrunner,431,druid,feral,11,5,6
Moonrg,stormrage,431,druid,feral,11,5,6
Bjohns,bleeding-hollow,426,druid,feral,21,6,15
Ninelivez,gorgonnash,426,druid,feral,22,6,16
Yunekai,stormrage,415,druid,feral,11,5,6
Vaelthunis,sargeras,400,druid,feral,13,5,8
Olhosdlua,azralon,384,druid,feral,6,4,2
Moondex,maelstrom,384,druid,feral,6,4,2
Zoomchicken,stormrage,384,druid,feral,6,4,2
Orizane,moon-guard,384,druid,feral,6,4,2
Lharast,stormrage,384,druid,feral,6,4,2
Acés,shattered-halls,384,druid,feral,6,4,2
Cfab,tichondrius,384,druid,feral,6,4,2
Titiica,azralon,384,druid,feral,6,4,2
Woshiyigede,frostmourne,384,druid,feral,6,4,2
Reversflash,emerald-dream,384,druid,feral,6,4,2
Softkity,area-52,384,druid,feral,6,4,2
Coolguyzack,stormscale,384,druid,feral,6,4,2
Kaldiel,ysera,384,druid,feral,6,4,2
MenapäA864B0,muradin,384,druid,feral,6,4,2
Zxtreme,tichondrius,384,druid,feral,6,4,2
Pressuretd,frostmourne,384,druid,feral,6,4,2
Klypz,tichondrius,384,druid,feral,6,4,2
Centimoose,area-52,384,druid,feral,6,4,2
Srwow,elune,384,druid,feral,6,4,2
Metamorfis,malorne,384,druid,feral,6,4,2
Xrw,kelthuzad,384,druid,feral,6,4,2
Vecuronium,tichondrius,384,druid,feral,6,4,2
Robomexi,tichondrius,384,druid,feral,6,4,2
Curet,lightbringer,384,druid,feral,6,4,2
Bearcathawk,sargeras,384,druid,feral,6,4,2
Kistormx,tichondrius,384,druid,feral,6,4,2
Nâturê,dalaran,384,druid,feral,6,4,2
Sneekykitty,malygos,384,druid,feral,6,4,2
Ñòpé,tichondrius,384,druid,feral,6,4,2
Toiiz,malganis,384,druid,feral,9,4,5
Genuine,guldan,384,druid,feral,11,4,7
Gernichora,barthilas,384,druid,feral,12,4,8
Alaillais,moon-guard,384,druid,feral,12,4,8
Sellîas,senjin,384,druid,feral,12,4,8
Quiziato,burning-legion,384,druid,feral,12,4,8
Irontauren,drakkari,384,druid,feral,12,4,8
Kollective,sargeras,384,druid,feral,12,4,8
Windded,area-52,384,druid,feral,12,4,8
Pollykush,sargeras,384,druid,feral,12,4,8
Zzkitty,stormreaver,384,druid,feral,12,4,8
Timthecatman,frostmourne,384,druid,feral,12,4,8
Iamfynch,sargeras,384,druid,feral,12,4,8
Gatona,stormrage,384,druid,feral,12,4,8
Ewok,vashj,384,druid,feral,12,4,8
Kokujin,proudmoore,384,druid,feral,12,4,8
Riec,kiljaeden,384,druid,feral,12,4,8
Heìrophant,trollbane,384,druid,feral,12,4,8
Anniehall,stormrage,384,druid,feral,12,4,8
Toetoetoete,darrowmere,384,druid,feral,12,4,8
Binjuicex,frostmourne,384,druid,feral,12,4,8
Volbourn,amanthul,384,druid,feral,12,4,8
Riverthorne,moon-guard,384,druid,feral,12,4,8
Bënzy,frostmourne,384,druid,feral,12,4,8
Yakuho,proudmoore,384,druid,feral,12,4,8
Carnumoose,zuljin,384,druid,feral,12,4,8
Auxl,tichondrius,384,druid,feral,12,4,8
Weeñor,tichondrius,384,druid,feral,12,4,8
Nickarc,illidan,384,druid,feral,12,4,8
Actioncat,emerald-dream,384,druid,feral,12,4,8
Feralgød,tichondrius,384,druid,feral,12,4,8
Pretzle,kelthuzad,384,druid,feral,12,4,8
Hellabanx,tichondrius,384,druid,feral,12,4,8
Freshzk,azralon,384,druid,feral,12,4,8
Rêàgøñ,tichondrius,384,druid,feral,12,4,8
Carlosd,tichondrius,384,druid,feral,12,4,8
Strixferal,zuljin,384,druid,feral,12,4,8
Moohok,bleeding-hollow,384,druid,feral,12,4,8
Teddybear,medivh,384,druid,feral,12,4,8
Sample,dark-iron,384,druid,feral,12,4,8
Imnotinhuman,tichondrius,384,druid,feral,12,4,8
Anzoô,illidan,384,druid,feral,12,4,8
Naastir,medivh,384,druid,feral,14,4,10
Pereréka,azralon,384,druid,feral,14,4,10
Ráhilk,quelthalas,384,druid,feral,18,4,14
Moçamba,azralon,384,druid,feral,18,4,14
Darkemberrs,stormrage,384,druid,feral,18,4,14
Nxndruid,tichondrius,384,druid,feral,18,4,14
Apothe,emerald-dream,384,druid,feral,18,4,14
Startalons,area-52,384,druid,feral,18,4,14
Porrosman,quelthalas,383,druid,feral,12,4,8
Shoboski,quelthalas,383,druid,feral,12,4,8
Bramth,quelthalas,383,druid,feral,12,4,8
Gotbleedz,illidan,383,druid,feral,12,4,8
Ruwkia,stormrage,383,druid,feral,12,4,8
Mfgs,kelthuzad,383,druid,feral,12,4,8
Jamesbailey,sargeras,383,druid,feral,12,4,8
Nahtex,tichondrius,383,druid,feral,18,4,14
Mogli,perenolde,383,druid,feral,30,4,26
Pochaso,cenarius,382,druid,feral,6,4,2
Cyder,thrall,382,druid,feral,10,5,5
Ssimbaa,area-52,382,druid,feral,12,4,8
Dalinaìr,moon-guard,382,druid,feral,12,4,8
Zyila,garithos,367,druid,feral,11,4,7
Eightyhd,ravencrest,351,druid,feral,11,4,7
Gorlammi,illidan,351,druid,feral,11,4,7
Shyn,goldrinn,336,druid,feral,15,4,11
Yizhiyuren,aegwynn,330,druid,feral,15,6,9
Defku,quelthalas,330,druid,feral,28,6,22
Niocin,daggerspine,326,druid,feral,18,5,13
Rotclaws,stormrage,288,druid,feral,6,3,3
Rairven,stormrage,288,druid,feral,6,3,3
Elythria,hellscream,288,druid,feral,6,3,3
Tasselhoof,hyjal,288,druid,feral,6,3,3
Opconvoke,illidan,288,druid,feral,6,3,3
Rígél,ragnaros,288,druid,feral,6,3,3
Chopleaf,khadgar,288,druid,feral,6,3,3
Zadayos,aerie-peak,288,druid,feral,6,3,3
Frestydrul,stormrage,288,druid,feral,6,3,3
Hyldru,stormrage,288,druid,feral,6,3,3
Kardien,quelthalas,288,druid,feral,6,3,3
Plantdaddy,bladefist,288,druid,feral,6,3,3
Riddickd,malfurion,288,druid,feral,6,3,3
Balnara,cenarius,288,druid,feral,6,3,3
Thorñ,cenarius,288,druid,feral,6,3,3
Nofeets,azshara,288,druid,feral,6,3,3
Posmard,ragnaros,288,druid,feral,6,3,3
Arienne,kelthuzad,288,druid,feral,6,3,3
Owlcapwn,stormreaver,288,druid,feral,6,3,3
Tigriss,malganis,288,druid,feral,6,3,3
Gush,echo-isles,288,druid,feral,6,3,3
Floridaman,moonrunner,288,druid,feral,6,3,3
Dramon,tichondrius,288,druid,feral,6,3,3
Enti,sargeras,288,druid,feral,6,3,3
Heretoleaf,tichondrius,288,druid,feral,6,3,3
Thecolortwoo,tichondrius,288,druid,feral,6,3,3
Celetra,kiljaeden,288,druid,feral,6,3,3
Katatafish,azralon,288,druid,feral,6,3,3
Purrfact,frostmourne,288,druid,feral,6,3,3
Feronnia,sargeras,288,druid,feral,6,3,3
Lilrichdmg,sargeras,288,druid,feral,6,3,3
Frrest,proudmoore,288,druid,feral,6,3,3
Injeckx,tichondrius,288,druid,feral,6,3,3
Uag,emerald-dream,288,druid,feral,6,3,3
Jeperty,tichondrius,288,druid,feral,6,3,3
Fancyprance,dalaran,288,druid,feral,6,3,3
Erbirus,proudmoore,288,druid,feral,6,3,3
Steakjr,senjin,288,druid,feral,6,3,3
Dairycream,skullcrusher,288,druid,feral,6,3,3
Ezconvoke,sargeras,288,druid,feral,6,3,3
Natureswang,bleeding-hollow,288,druid,feral,6,3,3
Svarun,jubeithos,288,druid,feral,6,3,3
Nichodameus,firetree,288,druid,feral,6,3,3
Pabag,chogall,288,druid,feral,6,3,3
Donutdruid,illidan,288,druid,feral,6,3,3
Trottystwin,emerald-dream,288,druid,feral,6,3,3
Kíttypunch,bleeding-hollow,288,druid,feral,6,3,3
Espoir,azuremyst,288,druid,feral,6,3,3
Øvernight,azralon,288,druid,feral,6,3,3
Dangerclaws,area-52,288,druid,feral,6,3,3
Sarenko,jubeithos,288,druid,feral,6,3,3
Fernés,proudmoore,288,druid,feral,6,3,3
Ysero,area-52,288,druid,feral,6,3,3
Bigskeeve,sargeras,288,druid,feral,6,3,3
Bubbleshiftz,area-52,288,druid,feral,6,3,3
Datlogan,tichondrius,288,druid,feral,6,3,3
Pansensual,archimonde,288,druid,feral,6,3,3
Taurenasarus,area-52,288,druid,feral,6,3,3
Gâlaxy,sargeras,288,druid,feral,6,3,3
Askmeaboutmy,shattered-halls,288,druid,feral,6,3,3
Lahgit,frostmourne,288,druid,feral,6,3,3
Soupyhooves,dalaran,288,druid,feral,6,3,3
Hitchslaps,tichondrius,288,druid,feral,6,3,3
Ahhpalu,tichondrius,288,druid,feral,6,3,3
Blackmoose,lethon,288,druid,feral,6,3,3
Flayx,frostmourne,288,druid,feral,12,3,9
Treeguard,emerald-dream,288,druid,feral,12,3,9
Hídde,quelthalas,288,druid,feral,12,3,9
Haohomie,tichondrius,288,druid,feral,12,3,9
Solstice,frostmourne,288,druid,feral,12,3,9
Zetlolc,tichondrius,288,druid,feral,12,3,9
Drailyo,ravenholdt,288,druid,feral,12,3,9
Nighetager,uther,288,druid,feral,12,3,9
Peppapig,mugthol,288,druid,feral,12,3,9
Lovemakitty,sargeras,288,druid,feral,12,3,9
Oo,grizzly-hills,288,druid,feral,12,3,9
Flushi,nagrand,288,druid,feral,12,3,9
Näna,dalaran,288,druid,feral,12,3,9
Snoww,moonrunner,288,druid,feral,12,3,9
Vorare,tichondrius,288,druid,feral,12,3,9
Neksir,ragnaros,288,druid,feral,12,3,9
Tchallå,tichondrius,288,druid,feral,12,3,9
Uniquex,zuljin,288,druid,feral,12,3,9
Droodkat,feathermoon,288,druid,feral,12,3,9
Lilnippy,stormscale,288,druid,feral,12,3,9
Moobees,arthas,288,druid,feral,12,3,9
Treezymeezy,proudmoore,288,druid,feral,12,3,9
Drbraino,sargeras,288,druid,feral,12,3,9
Zyrhek,quelthalas,288,druid,feral,12,3,9
Rivetrix,azralon,288,druid,feral,12,3,9
Sosorry,blackhand,288,druid,feral,12,3,9
Pawpaw,terenas,288,druid,feral,12,3,9
Catorcow,aegwynn,288,druid,feral,13,3,10
Iamthewambo,bloodhoof,288,druid,feral,30,3,27
Extremeshift,dalaran,287,druid,feral,8,4,4
Slymar,darkspear,287,druid,feral,6,3,3
Rawrii,nemesis,287,druid,feral,6,3,3
Kurodash,tichondrius,287,druid,feral,6,3,3
Absoles,agamaggan,287,druid,feral,12,3,9
Schwiftea,skullcrusher,287,druid,feral,12,3,9
Spartanlxl,zuljin,287,druid,feral,12,3,9
Zalledori,thrall,287,druid,feral,12,3,9
Nast,dreadmaul,287,druid,feral,12,3,9
Rhaines,moon-guard,287,druid,feral,12,3,9
Wardruidkvn,stormreaver,285,druid,feral,12,3,9
Psychosis,kul-tiras,285,druid,feral,12,3,9
Mightymërlin,stormrage,255,druid,feral,11,3,8
Punderful,stormrage,254,druid,feral,10,4,6
Trippykitty,tichondrius,240,druid,feral,9,3,6
Yámï,stormrage,239,druid,feral,5,3,2
Wierdosaur,azralon,239,druid,feral,9,3,6
Pél,tichondrius,223,druid,feral,8,3,5
Worldly,medivh,223,druid,feral,14,3,11
Ebrìthil,hyjal,208,druid,feral,7,3,4
Feraldudu,illidan,192,druid,feral,4,3,1
Puiltraxs,ragnaros,192,druid,feral,4,3,1
Kanadae,thrall,192,druid,feral,6,2,4
Madador,bleeding-hollow,192,druid,feral,6,2,4
Numbkin,stormrage,192,druid,feral,6,2,4
Milezy,area-52,192,druid,feral,6,2,4
Augus,hyjal,192,druid,feral,6,2,4
Estuvez,twisting-nether,192,druid,feral,6,2,4
Shiftdeznutz,tichondrius,192,druid,feral,6,2,4
Dankbite,doomhammer,192,druid,feral,6,2,4
Tigerbalm,tichondrius,192,druid,feral,6,2,4
Samsaralol,tichondrius,192,druid,feral,6,2,4
Brurion,dalaran,192,druid,feral,6,2,4
Catmóm,tichondrius,192,druid,feral,6,2,4
Taztoc,stormrage,192,druid,feral,6,2,4
Asmondruud,tichondrius,192,druid,feral,6,2,4
Elmachina,tichondrius,192,druid,feral,6,2,4
Fødaødruida,azralon,192,druid,feral,6,2,4
Meaningfully,kelthuzad,192,druid,feral,6,2,4
Lavanca,azralon,192,druid,feral,6,2,4
Lilstuped,tichondrius,192,druid,feral,6,2,4
Klawzy,thrall,192,druid,feral,6,2,4
ßleepßloop,tichondrius,192,druid,feral,6,2,4
Theliono,lightnings-blade,192,druid,feral,6,2,4
Prosperz,dalaran,192,druid,feral,6,2,4
Aurajin,spinebreaker,192,druid,feral,6,2,4
Tootiebootie,bleeding-hollow,192,druid,feral,6,2,4
Khaoticklaw,stormrage,192,druid,feral,6,2,4
Hotsoncrak,tichondrius,192,druid,feral,6,2,4
Metaldruid,tichondrius,192,druid,feral,6,2,4
Teancookies,tichondrius,192,druid,feral,6,2,4
Handolar,quelthalas,192,druid,feral,6,2,4
Pusscat,illidan,192,druid,feral,6,2,4
Kikothecat,burning-blade,192,druid,feral,6,2,4
Kurakai,runetotem,192,druid,feral,6,2,4
Bdsurges,illidan,192,druid,feral,6,2,4
Manwool,illidan,192,druid,feral,6,2,4
Robbieshift,emerald-dream,192,druid,feral,6,2,4
Timdillon,emerald-dream,192,druid,feral,6,2,4
Rigotakz,illidan,192,druid,feral,6,2,4
Uphine,area-52,192,druid,feral,6,2,4
Stolenrims,tichondrius,192,druid,feral,6,2,4
Buyadoge,area-52,192,druid,feral,6,2,4
Evantheomni,tichondrius,192,druid,feral,6,2,4
Lemonnz,illidan,192,druid,feral,6,2,4
Omgapuddycat,stormrage,192,druid,feral,6,2,4
Aethorax,hyjal,192,druid,feral,6,2,4
Driftwood,bonechewer,192,druid,feral,6,2,4
Vctrphs,nemesis,192,druid,feral,6,2,4
Hännibal,hydraxis,192,druid,feral,6,2,4
Athious,moon-guard,192,druid,feral,6,2,4
Pecopeco,sargeras,192,druid,feral,6,2,4
Dreadonly,tichondrius,192,druid,feral,6,2,4
Therooster,whisperwind,192,druid,feral,6,2,4
Taiga,moon-guard,192,druid,feral,6,2,4
Nabious,malganis,192,druid,feral,6,2,4
Karpin,area-52,192,druid,feral,6,2,4
Nakte,area-52,192,druid,feral,6,2,4
Fulmerethine,emerald-dream,192,druid,feral,6,2,4
Qouro,area-52,192,druid,feral,6,2,4
Tauretari,tichondrius,192,druid,feral,6,2,4
Vivinara,moon-guard,192,druid,feral,6,2,4
Basichoe,bleeding-hollow,192,druid,feral,6,2,4
Pwoons,tichondrius,192,druid,feral,6,2,4
Pröfëct,ragnaros,192,druid,feral,6,2,4
Unclebolty,frostmourne,192,druid,feral,6,2,4
Fuujinn,korgath,192,druid,feral,6,2,4
Snupy,area-52,192,druid,feral,6,2,4
Haegur,tichondrius,192,druid,feral,6,2,4
Touchmyroot,frostmourne,192,druid,feral,6,2,4
Yakir,kiljaeden,192,druid,feral,6,2,4
Bronaarr,nordrassil,192,druid,feral,6,2,4
Hehaw,kelthuzad,192,druid,feral,6,2,4
Varietypack,antonidas,192,druid,feral,6,2,4
Anudi,whisperwind,192,druid,feral,6,2,4
Veryhighrn,area-52,192,druid,feral,6,2,4
Ikova,frostmourne,192,druid,feral,6,2,4
Wreckked,sargeras,192,druid,feral,6,2,4
Perlek,bleeding-hollow,192,druid,feral,6,2,4
Katskratch,sargeras,192,druid,feral,6,2,4
Theliverklng,sargeras,192,druid,feral,6,2,4
Bullbuddy,wyrmrest-accord,192,druid,feral,6,2,4
Barrah,barthilas,192,druid,feral,6,2,4
Onewitnature,nordrassil,192,druid,feral,6,2,4
Eliaris,rivendare,192,druid,feral,6,2,4
Majdomoterry,proudmoore,192,druid,feral,6,2,4
Pawblems,sargeras,192,druid,feral,6,2,4
Yépp,sargeras,192,druid,feral,6,2,4
Laymonath,elune,192,druid,feral,6,2,4
Geno,cenarius,192,druid,feral,6,2,4
Tilly,malorne,192,druid,feral,6,2,4
Kai,spirestone,192,druid,feral,6,2,4
Loadie,frostmourne,192,druid,feral,6,2,4
Evolute,sargeras,192,druid,feral,6,2,4
Illr,laughing-skull,192,druid,feral,6,2,4
Àcid,stormreaver,192,druid,feral,12,2,10
Happyc,bleeding-hollow,192,druid,feral,12,2,10
Faroo,azralon,192,druid,feral,12,2,10
Drabo,boulderfist,192,druid,feral,12,2,10
Abene,tichondrius,192,druid,feral,12,2,10
Jaydaprophet,azshara,192,druid,feral,12,2,10
Codieneme,blades-edge,192,druid,feral,12,2,10
Nerfdemo,kiljaeden,192,druid,feral,12,2,10
Seyala,moon-guard,192,druid,feral,12,2,10
Chaurli,hyjal,192,druid,feral,12,2,10
Pawz,windrunner,192,druid,feral,12,2,10
Ymirgore,zuljin,192,druid,feral,12,2,10
Meudayr,crushridge,192,druid,feral,12,2,10
Envasions,emerald-dream,192,druid,feral,12,2,10
Shadedmika,zuljin,192,druid,feral,12,2,10
Healorhell,azralon,192,druid,feral,18,2,16
Rorhenn,moon-guard,192,druid,feral,18,2,16
Boomanon,illidan,191,druid,feral,6,2,4
Baanell,kiljaeden,191,druid,feral,12,2,10
Liightbite,illidan,191,druid,feral,12,2,10
Importedalc,zuljin,191,druid,feral,12,2,10
Feralhearted,tichondrius,175,druid,feral,11,2,9
Jdoozie,bleeding-hollow,159,druid,feral,5,2,3
Bowbaggins,bleeding-hollow,159,druid,feral,5,2,3
Kipsmiffly,darkspear,128,druid,feral,4,2,2
Feles,darkspear,96,druid,feral,3,2,1
Jumpjumpcat,tichondrius,96,druid,feral,3,2,1
Arôn,stormreaver,96,druid,feral,6,1,5
Scizor,lightninghoof,96,druid,feral,6,1,5
Gretatunberg,skywall,96,druid,feral,6,1,5
Furricane,ysondre,96,druid,feral,6,1,5
Gamerdaddydd,tichondrius,96,druid,feral,6,1,5
Nyatarii,hakkar,96,druid,feral,6,1,5
Aigo,azralon,96,druid,feral,6,1,5
Barnabie,black-dragonflight,96,druid,feral,6,1,5
Crazypaddy,dark-iron,96,druid,feral,6,1,5
Deelark,skywall,96,druid,feral,6,1,5
Dotsgallore,garrosh,96,druid,feral,6,1,5
Colinferal,thrall,96,druid,feral,6,1,5
Wodbisxpac,sargeras,96,druid,feral,6,1,5
Krawnk,zuljin,96,druid,feral,6,1,5
Whiplash,deathwing,96,druid,feral,6,1,5
Fuzzwuzzyqt,tichondrius,96,druid,feral,6,1,5
Yuandi,tichondrius,96,druid,feral,6,1,5
Thebigcat,deathwing,96,druid,feral,6,1,5
Swippy,blackhand,96,druid,feral,6,1,5
Yeyee,darkspear,96,druid,feral,6,1,5
Vernaar,laughing-skull,96,druid,feral,6,1,5
Morizo,proudmoore,96,druid,feral,6,1,5
Hasemilë,dalaran,96,druid,feral,6,1,5
Shisha,mannoroth,96,druid,feral,6,1,5
Healthy,auchindoun,96,druid,feral,6,1,5
Ban,chogall,96,druid,feral,6,1,5
Ciggy,maiev,96,druid,feral,6,1,5
Shlümp,tichondrius,96,druid,feral,6,1,5
Raigor,azralon,96,druid,feral,6,1,5
Slep,tichondrius,96,druid,feral,6,1,5
Alope,blades-edge,96,druid,feral,6,1,5
Kelylea,the-underbog,96,druid,feral,6,1,5
Ausbie,garona,96,druid,feral,6,1,5
Shinova,darkspear,96,druid,feral,6,1,5
Naztekk,dalaran,96,druid,feral,6,1,5
Nezrael,frostwolf,96,druid,feral,6,1,5
Furrycon,ysera,96,druid,feral,6,1,5
Noemofu,barthilas,96,druid,feral,6,1,5
Boundless,skullcrusher,96,druid,feral,6,1,5
Dééz,illidan,96,druid,feral,6,1,5
Kagran,haomarush,96,druid,feral,6,1,5
Kî,thunderlord,96,druid,feral,6,1,5
Chumdrumrum,malganis,96,druid,feral,6,1,5
Hynz,barthilas,96,druid,feral,6,1,5
Tartin,dragonmaw,96,druid,feral,6,1,5
Yungle,tichondrius,96,druid,feral,6,1,5
Scarymon,tichondrius,96,druid,feral,6,1,5
Lakroz,zuljin,96,druid,feral,6,1,5
Tuskdaddie,sargeras,96,druid,feral,6,1,5
Harlisu,stormrage,96,druid,feral,6,1,5
Samedo,sargeras,96,druid,feral,6,1,5
Bootzs,kelthuzad,96,druid,feral,6,1,5
Fortunecat,illidan,96,druid,feral,6,1,5
Battledruid,nagrand,96,druid,feral,6,1,5
Lulerz,cenarius,96,druid,feral,6,1,5
Ilikedôggy,saurfang,96,druid,feral,6,1,5
Ottoro,azralon,96,druid,feral,6,1,5
Frëýá,bleeding-hollow,96,druid,feral,6,1,5
Eurth,lightbringer,96,druid,feral,6,1,5
Symbiøsis,zuljin,96,druid,feral,6,1,5
Ahnsuk,bleeding-hollow,96,druid,feral,6,1,5
Gúdru,zuljin,96,druid,feral,6,1,5
Mootality,area-52,96,druid,feral,6,1,5
Ärianagrande,stormrage,96,druid,feral,6,1,5
Purpyo,bleeding-hollow,96,druid,feral,6,1,5
Crowaar,moon-guard,96,druid,feral,6,1,5
Asaptom,frostmourne,96,druid,feral,6,1,5
Treepiss,tichondrius,96,druid,feral,6,1,5
Droody,earthen-ring,96,druid,feral,6,1,5
Wreckingcrew,emerald-dream,96,druid,feral,6,1,5
Terminated,tichondrius,96,druid,feral,6,1,5
Lithrian,stormrage,96,druid,feral,6,1,5
Jawsbee,emerald-dream,96,druid,feral,6,1,5
Yarmel,kaelthas,96,druid,feral,6,1,5
Ashmíla,ragnaros,96,druid,feral,6,1,5
Kaldelar,emerald-dream,96,druid,feral,6,1,5
Avorah,tichondrius,96,druid,feral,6,1,5
Édzar,area-52,96,druid,feral,6,1,5
Cattdog,tichondrius,96,druid,feral,6,1,5
Feralhefty,stormrage,96,druid,feral,6,1,5
Garcia,feathermoon,96,druid,feral,6,1,5
Ghostboy,zuljin,96,druid,feral,6,1,5
Bifë,ragnaros,96,druid,feral,6,1,5
Polyproof,emerald-dream,96,druid,feral,6,1,5
Captclaws,tichondrius,96,druid,feral,6,1,5
Darkosdruid,tichondrius,96,druid,feral,6,1,5
Acórn,frostmourne,96,druid,feral,6,1,5
Laynahri,moon-guard,96,druid,feral,6,1,5
Glorp,blackwater-raiders,96,druid,feral,6,1,5
Ticømia,stormrage,96,druid,feral,6,1,5
Valdr,stormrage,96,druid,feral,6,1,5
Ojira,moon-guard,96,druid,feral,6,1,5
Byefren,darkspear,96,druid,feral,7,1,6
Kâtniss,quelthalas,96,druid,feral,8,1,7
Versipex,emerald-dream,96,druid,feral,12,1,11
Wonderclam,sargeras,96,druid,feral,12,1,11
Shawdoostorm,nemesis,96,druid,feral,12,1,11
Habras,alterac-mountains,96,druid,feral,12,1,11
Grovestalker,nemesis,96,druid,feral,12,1,11
Lonewolfdrd,illidan,96,druid,feral,12,1,11
Ballsnack,zuljin,96,druid,feral,12,1,11
Funfunfrank,aegwynn,96,druid,feral,12,1,11
Backlazsh,illidan,96,druid,feral,12,1,11
Owlcapwn,tichondrius,96,druid,feral,12,1,11
Furiøsä,quelthalas,95,druid,feral,6,1,5
Skwidrific,crushridge,95,druid,feral,12,1,11
Gitsnshigles,frostmourne,79,druid,feral,5,1,4
Scaryy,kelthuzad,64,druid,feral,4,1,3
Chubakea,kiljaeden,48,druid,feral,3,1,2
Shiftwork,korgath,42,druid,feral,10,2,8
Enderhero,illidan,42,druid,feral,14,2,12
Ânhur,tichondrius,42,druid,feral,17,2,15
Dobrman,sargeras,31,druid,feral,2,1,1
Laryfsherman,tichondrius,2324,druid,balance,83,54,29
Supatease,tichondrius,2302,druid,balance,123,72,51
Aqulaíssaela,sargeras,2291,druid,balance,95,55,40
Xijînping,tichondrius,2275,druid,balance,104,62,42
Jbz,balnazzar,2269,druid,balance,201,128,73
Owl,shadowsong,2261,druid,balance,120,69,51
Fredagn,illidan,2256,druid,balance,102,60,42
Solareclipse,tichondrius,2242,druid,balance,89,51,38
Sonicphantom,kelthuzad,2234,druid,balance,126,78,48
Hessenmèow,tichondrius,2222,druid,balance,96,52,44
Legionsucks,tanaris,2210,druid,balance,156,86,70
Cti,tichondrius,2204,druid,balance,59,42,17
Theforeigner,arathor,2194,druid,balance,59,46,13
Gugukuaipao,tichondrius,2186,druid,balance,155,83,72
Flowerboï,azralon,2180,druid,balance,96,69,27
Bkqtpie,tichondrius,2176,druid,balance,106,59,47
Flapz,illidan,2164,druid,balance,66,38,28
Bigdiablo,frostmourne,2157,druid,balance,219,121,98
Tanerno,illidan,2155,druid,balance,129,74,55
Pushpop,frostmourne,2140,druid,balance,84,53,31
Impëria,quelthalas,2137,druid,balance,89,58,31
Altoberano,azralon,2136,druid,balance,95,53,42
Mewfasa,duskwood,2135,druid,balance,147,94,53
Jimmypop,malganis,2135,druid,balance,181,103,78
Catworm,sargeras,2134,druid,balance,118,71,47
Houli,tichondrius,2134,druid,balance,96,50,46
Ratspot,stormrage,2133,druid,balance,66,43,23
Napes,tichondrius,2133,druid,balance,84,45,39
Smëagol,zuljin,2133,druid,balance,114,59,55
Nbadizzyboy,illidan,2130,druid,balance,53,43,10
Peterßigßeam,malganis,2127,druid,balance,117,60,57
Firefirelol,proudmoore,2125,druid,balance,131,65,66
Pisces,emerald-dream,2123,druid,balance,128,75,53
Soggykfc,illidan,2123,druid,balance,172,94,78
Dízzen,bleeding-hollow,2120,druid,balance,90,57,33
Tranquilo,stormrage,2118,druid,balance,114,69,45
Boomçhicken,tichondrius,2116,druid,balance,100,54,46
Riskies,tichondrius,2116,druid,balance,252,133,119
Brose,malganis,2115,druid,balance,66,43,23
Murkeÿ,frostmourne,2114,druid,balance,150,75,75
Fergh,tichondrius,2109,druid,balance,83,45,38
Trusyrusty,stormrage,2107,druid,balance,151,83,68
Ertuzi,tichondrius,2105,druid,balance,138,82,56
Gritzxv,stormrage,2105,druid,balance,83,48,35
Sqwippyd,tichondrius,2102,druid,balance,78,49,29
Wnxmomthicc,tichondrius,2094,druid,balance,54,35,19
Gspx,dalaran,2089,druid,balance,60,33,27
Celtaberano,illidan,2088,druid,balance,60,43,17
Dogwáter,tichondrius,2076,druid,balance,64,41,23
Kidcudi,dentarg,2073,druid,balance,228,115,113
Vertderferk,tichondrius,2065,druid,balance,86,50,36
Treirus,sargeras,2064,druid,balance,142,96,46
Hayase,tichondrius,2063,druid,balance,132,77,55
Notes,sargeras,2062,druid,balance,158,76,82
Nokomanida,zuljin,2049,druid,balance,81,50,31
Balancex,tichondrius,2049,druid,balance,120,58,62
John,azralon,2040,druid,balance,168,84,84
Daspdruid,nagrand,2038,druid,balance,254,133,121
Houlix,stormrage,2036,druid,balance,344,169,175
Locose,black-dragonflight,2029,druid,balance,60,42,18
Babekisser,stormrage,2028,druid,balance,239,136,103
Soulz,quelthalas,2026,druid,balance,96,53,43
Lazygaga,zuljin,2024,druid,balance,164,88,76
Megadruidx,stormrage,2022,druid,balance,81,55,26
Lgpepperoni,tichondrius,2020,druid,balance,54,47,7
Biophilic,moon-guard,2020,druid,balance,94,48,46
Catculator,tichondrius,2019,druid,balance,94,63,31
Omends,thrall,2017,druid,balance,122,66,56
Convokeopp,tichondrius,2016,druid,balance,90,54,36
Compléx,tichondrius,2016,druid,balance,78,41,37
Boomkek,wyrmrest-accord,2014,druid,balance,62,40,22
Starfail,illidan,2009,druid,balance,66,32,34
Tòmathy,tichondrius,2007,druid,balance,77,43,34
Snöwghost,aerie-peak,2000,druid,balance,227,118,109
Bobthehefty,area-52,1999,druid,balance,64,38,26
Spamclonewin,tichondrius,1994,druid,balance,153,90,63
Fhormations,area-52,1994,druid,balance,137,77,60
Thugrose,blackrock,1993,druid,balance,54,28,26
Lazershartz,cenarion-circle,1992,druid,balance,72,36,36
Jaseyxxl,area-52,1989,druid,balance,58,41,17
Zneb,darkspear,1987,druid,balance,36,29,7
Fracxx,area-52,1981,druid,balance,30,21,9
Murruk,darkspear,1972,druid,balance,153,84,69
Cultnelf,illidan,1967,druid,balance,113,60,53
Etherêal,stormrage,1965,druid,balance,126,73,53
Kaid,malganis,1964,druid,balance,54,33,21
Pønchø,quelthalas,1960,druid,balance,62,36,26
Giantpanther,tichondrius,1954,druid,balance,120,71,49
Ztraws,tichondrius,1953,druid,balance,100,62,38
Byk,tichondrius,1952,druid,balance,108,62,46
Ezgamed,tichondrius,1950,druid,balance,69,46,23
Suen,tichondrius,1942,druid,balance,59,39,20
Bables,tichondrius,1942,druid,balance,90,56,34
Basedcatx,tichondrius,1940,druid,balance,82,52,30
Komacine,emerald-dream,1938,druid,balance,475,257,218
Sebastian,tichondrius,1937,druid,balance,59,36,23
Lavlol,frostmourne,1936,druid,balance,352,182,170
Toughshift,zuljin,1936,druid,balance,66,28,38
Dorizio,illidan,1935,druid,balance,76,47,29
Hxzard,dalaran,1934,druid,balance,182,100,82
Wereocelot,firetree,1930,druid,balance,173,99,74
Tygraz,alleria,1928,druid,balance,60,40,20
Jakob,arygos,1926,druid,balance,162,92,70
Ballinthree,illidan,1922,druid,balance,54,39,15
Lovemakitty,sargeras,1922,druid,balance,78,46,32
Vernaar,laughing-skull,1918,druid,balance,90,51,39
Yepz,tichondrius,1917,druid,balance,81,44,37
Bubalolz,quelthalas,1914,druid,balance,191,101,90
Herpadruid,illidan,1912,druid,balance,102,48,54
Treeheehee,frostmourne,1911,druid,balance,81,60,21
Acdru,tichondrius,1911,druid,balance,67,37,30
Dilondru,area-52,1906,druid,balance,117,70,47
Beefnudlsoup,tichondrius,1906,druid,balance,66,39,27
Lazersnewch,kelthuzad,1906,druid,balance,66,37,29
Zoteqt,kelthuzad,1906,druid,balance,229,124,105
Alpine,eldrethalas,1904,druid,balance,66,45,21
Vengex,sargeras,1904,druid,balance,48,30,18
Doomty,tichondrius,1904,druid,balance,90,53,37
Knotgiver,moon-guard,1899,druid,balance,52,31,21
Lakermagik,moknathal,1899,druid,balance,61,36,25
Johnieboy,azralon,1896,druid,balance,51,35,16
Oakwalker,moon-guard,1895,druid,balance,120,64,56
Xantastic,area-52,1893,druid,balance,60,32,28
Halrath,sargeras,1891,druid,balance,36,20,16
Mcv,tichondrius,1887,druid,balance,66,37,29
Instar,tichondrius,1887,druid,balance,42,23,19
Foekinghobo,sargeras,1884,druid,balance,144,79,65
Druidstin,tichondrius,1883,druid,balance,66,33,33
Hefkerd,tichondrius,1881,druid,balance,30,20,10
Ethan,the-venture-co,1879,druid,balance,39,26,13
Davo,tichondrius,1876,druid,balance,102,67,35
Geezbutt,tichondrius,1876,druid,balance,157,80,77
Jayelljaÿ,thrall,1874,druid,balance,141,83,58
Mõoõoõoõoõoõ,tichondrius,1870,druid,balance,63,35,28
Psychotycxd,tichondrius,1870,druid,balance,126,69,57
Owlyfans,frostmourne,1869,druid,balance,60,39,21
Crusch,shattered-halls,1869,druid,balance,36,23,13
Sadboy,moon-guard,1869,druid,balance,161,87,74
Fgsb,sargeras,1868,druid,balance,42,30,12
Boyoboy,thrall,1867,druid,balance,30,22,8
Ràjeesh,frostmourne,1867,druid,balance,46,31,15
Möshinòõb,proudmoore,1865,druid,balance,58,40,18
Sarvi,zuljin,1864,druid,balance,33,24,9
Elythria,hellscream,1863,druid,balance,30,26,4
Astraldank,tichondrius,1863,druid,balance,166,90,76
Vuru,azralon,1862,druid,balance,47,32,15
Nåpes,frostmourne,1861,druid,balance,62,31,31
Poliage,moon-guard,1858,druid,balance,155,89,66
Lilbeam,sargeras,1855,druid,balance,42,27,15
Ericzzdd,tichondrius,1854,druid,balance,60,44,16
Thundoon,tichondrius,1854,druid,balance,36,23,13
Hogd,illidan,1854,druid,balance,60,35,25
Rizzit,wyrmrest-accord,1852,druid,balance,58,32,26
Angryjo,tichondrius,1850,druid,balance,64,38,26
Kyura,sargeras,1848,druid,balance,160,82,78
Swaggu,kelthuzad,1847,druid,balance,72,44,28
Irooftrellen,chogall,1847,druid,balance,107,59,48
Jojo,ysera,1846,druid,balance,132,71,61
Idolizeme,skullcrusher,1845,druid,balance,59,30,29
Laser,bonechewer,1844,druid,balance,42,27,15
Judar,barthilas,1844,druid,balance,71,36,35
Fifty,ragnaros,1842,druid,balance,120,70,50
Hydrahl,thrall,1841,druid,balance,60,37,23
Bentøbøx,barthilas,1841,druid,balance,47,27,20
Gèb,dalaran,1835,druid,balance,116,71,45
Mverstapp,moon-guard,1835,druid,balance,54,28,26
Chiikawa,tichondrius,1835,druid,balance,66,33,33
Elunegoddess,tichondrius,1834,druid,balance,46,27,19
Formhub,malganis,1834,druid,balance,84,42,42
Moonflora,stormrage,1833,druid,balance,129,73,56
Sawsaw,bleeding-hollow,1832,druid,balance,74,42,32
Ilovediegoxo,kelthuzad,1830,druid,balance,48,32,16
Deloria,nemesis,1829,druid,balance,42,25,17
Dontnerfmore,queldorei,1829,druid,balance,66,31,35
Moozzash,azralon,1828,druid,balance,54,32,22
Chernovax,kelthuzad,1828,druid,balance,87,47,40
Equinøxx,malganis,1827,druid,balance,47,30,17
Evsn,tichondrius,1826,druid,balance,36,28,8
Bcup,sargeras,1826,druid,balance,54,32,22
Çoach,tichondrius,1822,druid,balance,100,55,45
Clonemunster,frostmourne,1821,druid,balance,66,38,28
Ilovediego,stormrage,1820,druid,balance,42,27,15
Fleasy,wyrmrest-accord,1820,druid,balance,85,52,33
Lunalai,bloodhoof,1820,druid,balance,96,55,41
Catpoop,frostmourne,1819,druid,balance,54,37,17
Sueycide,tichondrius,1819,druid,balance,71,34,37
Dipii,proudmoore,1818,druid,balance,30,22,8
Resorange,malganis,1818,druid,balance,48,29,19
Trollololkin,bleeding-hollow,1817,druid,balance,57,41,16
Dorlingus,tichondrius,1817,druid,balance,48,29,19
Deenut,sargeras,1817,druid,balance,60,36,24
Weckxa,sargeras,1817,druid,balance,209,110,99
Rìniroo,area-52,1816,druid,balance,48,30,18
Xenny,chogall,1815,druid,balance,48,34,14
Form,bleeding-hollow,1815,druid,balance,96,57,39
Raïsin,moon-guard,1814,druid,balance,45,26,19
Jacusias,stormrage,1814,druid,balance,188,102,86
Haohomie,tichondrius,1813,druid,balance,78,52,26
Animatronixz,area-52,1813,druid,balance,66,34,32
Staystrongox,tichondrius,1812,druid,balance,82,51,31
Keylae,sargeras,1812,druid,balance,86,46,40
Purkins,barthilas,1811,druid,balance,41,26,15
Kamero,tichondrius,1811,druid,balance,57,36,21
Souress,shadowsong,1811,druid,balance,66,40,26
Thottiie,hyjal,1811,druid,balance,60,36,24
Moonkay,tichondrius,1810,druid,balance,42,26,16
Surfingbird,tichondrius,1810,druid,balance,236,143,93
Tôpdadwôrld,sargeras,1809,druid,balance,30,19,11
Drcuy,ragnaros,1809,druid,balance,104,59,45
Seyala,moon-guard,1809,druid,balance,175,99,76
Ternkote,tichondrius,1808,druid,balance,36,24,12
Smeow,zuljin,1808,druid,balance,146,82,64
Wiredxd,illidan,1807,druid,balance,44,28,16
Pào,tichondrius,1807,druid,balance,57,35,22
Seilah,lightbringer,1807,druid,balance,54,30,24
Cattdog,tichondrius,1806,druid,balance,82,55,27
Dustydrx,area-52,1806,druid,balance,56,34,22
Zeromoon,frostmourne,1806,druid,balance,59,29,30
Harukai,azralon,1805,druid,balance,114,67,47
Feralgo,tichondrius,1804,druid,balance,45,27,18
Boomsquanch,emerald-dream,1804,druid,balance,54,32,22
Starsucceed,illidan,1804,druid,balance,48,25,23
Xannê,tichondrius,1804,druid,balance,62,32,30
Exxh,tichondrius,1803,druid,balance,46,34,12
Starbränd,azralon,1803,druid,balance,60,38,22
Youngtree,tichondrius,1803,druid,balance,33,20,13
Itachi,dragonmaw,1803,druid,balance,65,38,27
Vengexd,sargeras,1802,druid,balance,24,19,5
Malfuria,tichondrius,1802,druid,balance,47,29,18
Mythleaf,ragnaros,1802,druid,balance,120,70,50
Cousa,zuljin,1802,druid,balance,124,69,55
Enøsh,tichondrius,1802,druid,balance,102,52,50
Felny,malganis,1802,druid,balance,54,26,28
Buffjungle,tichondrius,1801,druid,balance,36,20,16
Gordzak,illidan,1801,druid,balance,212,113,99
Blazeikin,tichondrius,1801,druid,balance,75,39,36
Treelah,tichondrius,1800,druid,balance,48,29,19
Rikishi,executus,1798,druid,balance,60,32,28
Burninmoon,tichondrius,1796,druid,balance,48,28,20
Lekick,tichondrius,1795,druid,balance,66,36,30
Bunnykiss,tichondrius,1795,druid,balance,97,49,48
Handhandb,tichondrius,1794,druid,balance,72,43,29
Pigdd,tichondrius,1791,druid,balance,30,19,11
Chal,illidan,1791,druid,balance,53,32,21
Hypefull,tichondrius,1790,druid,balance,48,23,25
Stepbro,malorne,1789,druid,balance,189,111,78
Striix,ragnaros,1788,druid,balance,48,23,25
Tratean,tichondrius,1787,druid,balance,84,49,35
Drugdoer,tichondrius,1781,druid,balance,112,66,46
Destromz,zuljin,1780,druid,balance,36,24,12
Ataraxie,illidan,1780,druid,balance,78,47,31
Sommerrays,kelthuzad,1780,druid,balance,72,37,35
Thrage,sargeras,1777,druid,balance,60,36,24
Glazinator,sargeras,1775,druid,balance,189,94,95
Pipiwiwi,stormrage,1773,druid,balance,99,57,42
Krahz,lightnings-blade,1773,druid,balance,409,215,194
Oungan,illidan,1772,druid,balance,110,62,48
Orollå,tichondrius,1771,druid,balance,50,29,21
Çørrúptíøñzx,tichondrius,1770,druid,balance,36,25,11
Boomybro,thrall,1768,druid,balance,140,84,56
Panansy,stormrage,1768,druid,balance,272,137,135
Chanimal,tichondrius,1767,druid,balance,54,36,18
Davione,tichondrius,1767,druid,balance,64,37,27
Olongjonsson,wyrmrest-accord,1766,druid,balance,36,19,17
Uhnoheals,tichondrius,1764,druid,balance,44,26,18
Lilkitty,tichondrius,1764,druid,balance,148,81,67
Protagonist,zuluhed,1762,druid,balance,55,33,22
Bathrobe,bloodscalp,1762,druid,balance,48,26,22
Ailari,moon-guard,1761,druid,balance,91,52,39
Yevenbother,tichondrius,1760,druid,balance,36,21,15
Bukkwild,stormrage,1759,druid,balance,72,50,22
Pennytrate,barthilas,1759,druid,balance,92,54,38
Líu,area-52,1757,druid,balance,96,60,36
Ebrìthil,hyjal,1757,druid,balance,78,39,39
Daddyshift,proudmoore,1756,druid,balance,68,39,29
Cocainebeär,tichondrius,1755,druid,balance,77,39,38
Cynhawts,emerald-dream,1754,druid,balance,46,27,19
Dárách,malganis,1752,druid,balance,141,82,59
Lothail,windrunner,1752,druid,balance,89,48,41
Swayjizz,tichondrius,1750,druid,balance,114,64,50
Deviperdruid,frostmourne,1748,druid,balance,51,35,16
Soar,destromath,1748,druid,balance,81,51,30
Bolthor,wyrmrest-accord,1748,druid,balance,90,50,40
Petruccius,nordrassil,1748,druid,balance,214,108,106
Jaxer,illidan,1747,druid,balance,129,77,52
Bunnyes,tichondrius,1747,druid,balance,54,29,25
Lazerbeamz,tichondrius,1746,druid,balance,102,54,48
Halenson,illidan,1745,druid,balance,76,42,34
Meowkit,blackrock,1744,druid,balance,48,33,15
Ayla,gorefiend,1741,druid,balance,47,30,17
Donutdruid,illidan,1740,druid,balance,64,39,25
Bearyhallsjr,sargeras,1739,druid,balance,30,22,8
Honeybeam,moon-guard,1737,druid,balance,60,32,28
Whoopz,blackrock,1737,druid,balance,42,20,22
Metroboomy,magtheridon,1736,druid,balance,80,44,36
Kydralola,ragnaros,1735,druid,balance,36,21,15
Kzinti,zuluhed,1735,druid,balance,97,49,48
Nxf,sargeras,1734,druid,balance,35,21,14
Druidwhat,stormrage,1734,druid,balance,153,81,72
Starz,arthas,1733,druid,balance,50,33,17
Melloj,kelthuzad,1732,druid,balance,66,38,28
Bloomqt,tichondrius,1732,druid,balance,170,96,74
Foxhoundlol,tichondrius,1731,druid,balance,78,48,30
Pils,nemesis,1730,druid,balance,130,78,52
Jemima,auchindoun,1730,druid,balance,142,83,59
Nyloke,kelthuzad,1729,druid,balance,66,44,22
Choosegoose,area-52,1729,druid,balance,44,29,15
Scene,frostmourne,1729,druid,balance,71,40,31
Dextructive,tichondrius,1729,druid,balance,124,60,64
Kydro,sargeras,1728,druid,balance,48,25,23
Krispz,area-52,1728,druid,balance,77,39,38
Cobal,goldrinn,1727,druid,balance,419,216,203
Trapdoorboom,illidan,1726,druid,balance,96,51,45
Chikinwing,illidan,1725,druid,balance,107,62,45
Stinkÿ,bleeding-hollow,1724,druid,balance,63,42,21
Pannaxx,tichondrius,1723,druid,balance,36,24,12
Brokenomega,area-52,1722,druid,balance,142,85,57
Naakx,tichondrius,1722,druid,balance,52,30,22
Wecksox,area-52,1721,druid,balance,246,119,127
Showmanship,tichondrius,1720,druid,balance,134,75,59
Wòót,stormreaver,1719,druid,balance,84,58,26
Sweatypapa,tichondrius,1718,druid,balance,114,72,42
Brainlessqt,tichondrius,1717,druid,balance,34,24,10
Animlcracker,emerald-dream,1717,druid,balance,72,47,25
Boosted,bloodscalp,1717,druid,balance,42,27,15
Sym,zuljin,1716,druid,balance,30,19,11
Droodaphobé,sargeras,1714,druid,balance,59,34,25
Cjæ,bleeding-hollow,1713,druid,balance,24,18,6
Dànkness,frostwolf,1713,druid,balance,53,29,24
Frames,area-52,1712,druid,balance,77,39,38
Nophysique,zuljin,1709,druid,balance,112,62,50
Faerie,kaelthas,1708,druid,balance,82,44,38
Slickitty,kelthuzad,1707,druid,balance,30,18,12
Swiftroots,tichondrius,1705,druid,balance,36,21,15
Skeevz,darkspear,1705,druid,balance,56,32,24
Yggdrasil,ravencrest,1705,druid,balance,54,29,25
Mädnhairy,zuljin,1703,druid,balance,45,28,17
Maligoz,nemesis,1703,druid,balance,95,49,46
Beamed,thrall,1702,druid,balance,24,18,6
Convokeula,tichondrius,1702,druid,balance,120,72,48
Rerob,aerie-peak,1702,druid,balance,50,26,24
Doomdawn,sargeras,1701,druid,balance,123,65,58
Coompie,frostmourne,1700,druid,balance,24,19,5
Wasabilol,tichondrius,1700,druid,balance,112,65,47
Delorík,illidan,1700,druid,balance,120,68,52
Smeepy,bleeding-hollow,1700,druid,balance,48,26,22
Animaldoctor,illidan,1699,druid,balance,63,44,19
Binjuicex,frostmourne,1699,druid,balance,45,29,16
Themustafa,tichondrius,1698,druid,balance,48,31,17
Quelarre,velen,1698,druid,balance,100,58,42
Niroxic,frostmourne,1697,druid,balance,48,31,17
Lyshani,thrall,1696,druid,balance,100,56,44
Tunaren,wyrmrest-accord,1696,druid,balance,42,21,21
Boomfold,tichondrius,1696,druid,balance,36,18,18
Raquelitá,ragnaros,1694,druid,balance,28,19,9
Cyclone,darkspear,1693,druid,balance,48,21,27
Ottovonbird,tichondrius,1692,druid,balance,36,21,15
Sibby,barthilas,1691,druid,balance,90,48,42
Meatbender,frostmourne,1691,druid,balance,110,55,55
Moonrg,stormrage,1689,druid,balance,66,35,31
Djayolo,illidan,1688,druid,balance,30,23,7
Reàsons,stormrage,1688,druid,balance,126,62,64
Cirranis,moon-guard,1687,druid,balance,117,68,49
Aule,frostmourne,1687,druid,balance,36,18,18
Realmehji,wyrmrest-accord,1686,druid,balance,36,28,8
Whodoüvoodoo,tichondrius,1686,druid,balance,30,21,9
Kogas,hyjal,1686,druid,balance,44,28,16
Phurr,area-52,1686,druid,balance,54,30,24
Spinach,moon-guard,1686,druid,balance,104,53,51
Ripkinztko,stormrage,1685,druid,balance,24,19,5
Mortqt,tichondrius,1685,druid,balance,42,23,19
Girthybeam,sargeras,1685,druid,balance,50,25,25
Chickenwings,ragnaros,1683,druid,balance,42,27,15
Ghaal,tichondrius,1683,druid,balance,84,53,31
Gwiffurry,tichondrius,1683,druid,balance,54,32,22
Taurenasarus,area-52,1683,druid,balance,51,30,21
Koratan,frostmourne,1683,druid,balance,43,24,19
Roofty,illidan,1681,druid,balance,34,22,12
Nurtures,sargeras,1680,druid,balance,60,33,27
Readt,malganis,1680,druid,balance,204,109,95
Justsidious,sargeras,1679,druid,balance,30,23,7
Realistik,kelthuzad,1678,druid,balance,60,39,21
Ruthlessbro,sargeras,1677,druid,balance,85,45,40
Pizzaparties,tichondrius,1676,druid,balance,35,28,7
Myex,illidan,1676,druid,balance,48,32,16
Chaossdruid,bleeding-hollow,1676,druid,balance,143,83,60
Abomasnow,turalyon,1675,druid,balance,60,35,25
Glickbear,illidan,1675,druid,balance,54,29,25
Cröòk,malganis,1675,druid,balance,48,24,24
Ànìmàl,stormrage,1674,druid,balance,36,27,9
Finkledurp,dalaran,1674,druid,balance,35,20,15
Beamrooster,silvermoon,1672,druid,balance,50,33,17
Buckwhêât,illidan,1671,druid,balance,70,33,37
Druidk,tichondrius,1671,druid,balance,66,29,37
Frostig,tichondrius,1670,druid,balance,36,22,14
Lostnsauce,tichondrius,1669,druid,balance,60,43,17
Fätål,ysera,1669,druid,balance,60,38,22
Boiledfrogs,zuljin,1669,druid,balance,30,19,11
Sodapooping,azjolnerub,1669,druid,balance,138,82,56
Fancynut,kiljaeden,1668,druid,balance,68,35,33
Halensen,illidan,1668,druid,balance,47,23,24
Scurse,tichondrius,1667,druid,balance,114,60,54
Wallower,malganis,1667,druid,balance,54,24,30
Aethisra,moon-guard,1666,druid,balance,155,88,67
Yipëë,moon-guard,1666,druid,balance,64,34,30
Ðøomkinz,azjolnerub,1665,druid,balance,48,33,15
Nickyü,ragnaros,1665,druid,balance,54,23,31
Partybeast,malganis,1664,druid,balance,74,55,19
Gumbawl,sargeras,1662,druid,balance,36,22,14
Gokki,zuljin,1660,druid,balance,77,53,24
Foafoa,illidan,1657,druid,balance,31,19,12
Verbz,arthas,1656,druid,balance,54,26,28
Zils,bleeding-hollow,1654,druid,balance,49,25,24
Yazmawma,tichondrius,1653,druid,balance,42,24,18
Aull,kelthuzad,1653,druid,balance,36,19,17
Roar,moon-guard,1652,druid,balance,45,31,14
Vergota,emerald-dream,1652,druid,balance,73,50,23
Loudpax,zuljin,1652,druid,balance,53,36,17
Renithen,trollbane,1652,druid,balance,42,28,14
Înfamous,thrall,1652,druid,balance,36,24,12
Starlyxo,malganis,1652,druid,balance,59,37,22
Chernlyssayo,stormrage,1652,druid,balance,50,30,20
Drmf,frostmourne,1652,druid,balance,42,25,17
Ashstarfall,barthilas,1651,druid,balance,36,26,10
Chengxiaopao,tichondrius,1651,druid,balance,38,26,12
Druentia,tichondrius,1650,druid,balance,30,20,10
Coldkill,burning-legion,1650,druid,balance,36,20,16
Khryllx,tichondrius,1649,druid,balance,42,27,15
Torrox,tichondrius,1649,druid,balance,208,115,93
Epicworld,stormrage,1647,druid,balance,156,92,64
Thatboiscrew,tichondrius,1646,druid,balance,80,56,24
Dreveron,bleeding-hollow,1646,druid,balance,54,23,31
Ironsightsdr,dalaran,1645,druid,balance,51,29,22
Hennydru,dalaran,1644,druid,balance,36,20,16
Midnitetoker,hyjal,1644,druid,balance,54,29,25
Josepha,tichondrius,1643,druid,balance,30,20,10
Wizdùm,frostmourne,1643,druid,balance,53,34,19
Pankecito,ragnaros,1643,druid,balance,52,30,22
Rayzer,bleeding-hollow,1643,druid,balance,126,70,56
Rezlur,tichondrius,1643,druid,balance,47,24,23
Masan,burning-blade,1642,druid,balance,36,23,13
Boomchickens,area-52,1642,druid,balance,60,33,27
Partylord,malganis,1642,druid,balance,108,57,51
Knoxdog,illidan,1641,druid,balance,51,32,19
Irl,frostmane,1641,druid,balance,41,23,18
Dcountts,area-52,1640,druid,balance,44,28,16
Grapeful,frostmourne,1640,druid,balance,66,37,29
Rumorxo,illidan,1639,druid,balance,30,18,12
Chøpstixs,bleeding-hollow,1639,druid,balance,48,28,20
Snugglin,kelthuzad,1639,druid,balance,60,31,29
Goochies,aerie-peak,1638,druid,balance,29,18,11
Jillferal,proudmoore,1638,druid,balance,96,56,40
Killiamp,tichondrius,1636,druid,balance,41,27,14
Supafat,thrall,1636,druid,balance,31,20,11
Kïx,illidan,1636,druid,balance,38,23,15
Thamoonsbak,aggramar,1635,druid,balance,35,18,17
Ehleven,tichondrius,1634,druid,balance,48,29,19
Dharmatra,quelthalas,1634,druid,balance,101,56,45
Ahrilee,area-52,1634,druid,balance,90,47,43
Komaner,frostmourne,1634,druid,balance,48,21,27
Starsiee,drakkari,1634,druid,balance,42,18,24
Taylorshift,misha,1633,druid,balance,27,23,4
Johnnydrip,malganis,1633,druid,balance,36,19,17
Comidru,tichondrius,1632,druid,balance,54,23,31
Marutot,tichondrius,1631,druid,balance,36,26,10
Mayanardz,bleeding-hollow,1631,druid,balance,24,17,7
Trapkin,tichondrius,1631,druid,balance,167,101,66
Muunragery,illidan,1631,druid,balance,36,19,17
Drufasa,tichondrius,1631,druid,balance,65,32,33
Bearyhalls,sargeras,1630,druid,balance,24,17,7
Boome,blackrock,1630,druid,balance,132,72,60
Relaeh,andorhal,1629,druid,balance,36,19,17
Kekepöp,illidan,1628,druid,balance,36,25,11
Fìlø,bleeding-hollow,1628,druid,balance,243,136,107
Elyveen,proudmoore,1627,druid,balance,63,46,17
Jimrobloxttv,emerald-dream,1627,druid,balance,36,24,12
Rokk,baelgun,1627,druid,balance,98,61,37
Woog,moon-guard,1627,druid,balance,96,57,39
Oppose,akama,1627,druid,balance,65,37,28
Dreamwalker,bleeding-hollow,1626,druid,balance,24,17,7
Ripdimebag,frostmourne,1626,druid,balance,58,37,21
Restorationz,tichondrius,1626,druid,balance,107,65,42
Muwudred,stormrage,1626,druid,balance,48,28,20
Spacedruidx,illidan,1626,druid,balance,85,47,38
Dôcteurowl,zuljin,1626,druid,balance,89,41,48
Scrubrat,moon-guard,1625,druid,balance,52,40,12
Scoon,aegwynn,1625,druid,balance,45,24,21
Moongodx,stormrage,1624,druid,balance,24,17,7
Ablackdruid,moon-guard,1624,druid,balance,35,21,14
Moonra,malganis,1623,druid,balance,66,38,28
Soonntkgo,ragnaros,1623,druid,balance,56,29,27
Bhboom,tichondrius,1623,druid,balance,54,23,31
Eseldra,area-52,1622,druid,balance,58,34,24
Harryhotter,blackrock,1622,druid,balance,109,54,55
Haymade,sargeras,1620,druid,balance,120,69,51
Kelagoat,kiljaeden,1620,druid,balance,54,26,28
Mûû,tichondrius,1619,druid,balance,80,46,34
Contrololol,hyjal,1619,druid,balance,60,32,28
Gatø,area-52,1619,druid,balance,90,42,48
Wildslash,proudmoore,1617,druid,balance,75,37,38
Softkiller,chogall,1616,druid,balance,60,36,24
Mastabtw,illidan,1616,druid,balance,30,17,13
Treeshift,tichondrius,1615,druid,balance,53,32,21
Héisénbérg,sargeras,1615,druid,balance,60,33,27
Starsurgeon,thrall,1615,druid,balance,155,85,70
Flapperz,sargeras,1615,druid,balance,66,31,35
Gsd,sargeras,1614,druid,balance,36,22,14
Nasuu,bleeding-hollow,1614,druid,balance,84,50,34
Furryswipe,proudmoore,1614,druid,balance,56,33,23
Polánd,area-52,1614,druid,balance,75,43,32
Yosuzume,thrall,1613,druid,balance,54,33,21
Schneidèr,quelthalas,1613,druid,balance,42,20,22
Targareyen,sargeras,1613,druid,balance,53,25,28
Yoglosmas,tichondrius,1612,druid,balance,42,28,14
Auras,kelthuzad,1612,druid,balance,120,73,47
Duglas,illidan,1612,druid,balance,91,55,36
Ellguin,malganis,1611,druid,balance,60,44,16
Yorkville,sargeras,1611,druid,balance,30,18,12
Laradea,argent-dawn,1609,druid,balance,38,27,11
Pänzerkin,sargeras,1609,druid,balance,30,21,9
Lupintk,tichondrius,1609,druid,balance,84,51,33
Alaillais,moon-guard,1609,druid,balance,48,28,20
Shafted,kelthuzad,1609,druid,balance,36,21,15
Canek,ghostlands,1609,druid,balance,107,62,45
Quaras,frostmourne,1609,druid,balance,241,129,112
Rikezz,black-dragonflight,1608,druid,balance,48,34,14
Padavore,wyrmrest-accord,1608,druid,balance,77,50,27
Kittyboy,emerald-dream,1607,druid,balance,30,21,9
Kittiepurry,blackrock,1607,druid,balance,112,63,49
Swiftydel,frostmourne,1607,druid,balance,54,29,25
Flappyjacks,elune,1607,druid,balance,54,27,27
Boys,bleeding-hollow,1606,druid,balance,42,24,18
Braviel,stormrage,1605,druid,balance,54,32,22
Tinkeress,stormrage,1605,druid,balance,127,72,55
Raddosaurus,area-52,1605,druid,balance,89,48,41
Clarice,shattered-halls,1605,druid,balance,117,61,56
Yehaw,bloodhoof,1604,druid,balance,54,35,19
Awazing,illidan,1604,druid,balance,53,25,28
Nehrudruid,area-52,1603,druid,balance,24,17,7
Dorobloom,sargeras,1603,druid,balance,54,36,18
Anchunlol,tichondrius,1603,druid,balance,36,19,17
Quefemme,kelthuzad,1602,druid,balance,35,21,14
Jentlegiant,tichondrius,1602,druid,balance,36,21,15
Gallianö,frostmourne,1601,druid,balance,40,23,17
Boattastic,terenas,1601,druid,balance,78,36,42
Brodda,sargeras,1600,druid,balance,194,101,93
Kletys,azralon,1599,druid,balance,113,57,56
Stellar,steamwheedle-cartel,1597,druid,balance,24,19,5
Dirtmaggot,barthilas,1597,druid,balance,31,21,10
Inuyasha,sargeras,1597,druid,balance,59,34,25
Odirtytshirt,malganis,1595,druid,balance,55,27,28
Skurts,tichondrius,1594,druid,balance,39,25,14
Blackjésüs,kelthuzad,1594,druid,balance,153,86,67
Sigure,zuljin,1593,druid,balance,27,19,8
Taszy,blackrock,1593,druid,balance,40,24,16
Soupbeandru,zuljin,1593,druid,balance,48,28,20
Deed,korialstrasz,1593,druid,balance,34,19,15
Faelonk,frostmourne,1592,druid,balance,30,23,7
Cenariun,stormrage,1592,druid,balance,60,32,28
Kittycleave,tichondrius,1591,druid,balance,24,17,7
Ånðrømæðå,sargeras,1588,druid,balance,48,26,22
Seyedo,sargeras,1587,druid,balance,65,38,27
Skirts,area-52,1587,druid,balance,59,34,25
Còyot,stormrage,1586,druid,balance,60,30,30
Watchugonndo,tichondrius,1585,druid,balance,24,17,7
Korbö,zuljin,1585,druid,balance,30,18,12
Aralix,zuljin,1585,druid,balance,142,76,66
Druizzy,illidan,1585,druid,balance,54,21,33
Zesto,nazjatar,1584,druid,balance,36,24,12
Xenöchrist,ragnaros,1582,druid,balance,86,55,31
Bigherbo,zuljin,1582,druid,balance,78,43,35
Chedisdru,mugthol,1580,druid,balance,48,28,20
Shîfty,ysondre,1580,druid,balance,65,35,30
Trippyshift,hyjal,1580,druid,balance,60,30,30
Jeanz,bonechewer,1579,druid,balance,36,22,14
Draide,dragonblight,1579,druid,balance,43,22,21
Druiddruid,daggerspine,1577,druid,balance,59,36,23
Astrals,runetotem,1577,druid,balance,39,21,18
Cottonpaw,sargeras,1576,druid,balance,264,147,117
Lewïs,stormrage,1576,druid,balance,57,30,27
Darach,boulderfist,1575,druid,balance,30,21,9
Wildbloom,draenor,1574,druid,balance,42,28,14
Charmandxr,hyjal,1573,druid,balance,53,28,25
Djsummer,tichondrius,1573,druid,balance,125,64,61
Sombrien,stormrage,1573,druid,balance,90,46,44
Nodadpullout,tichondrius,1572,druid,balance,51,25,26
Twcrazyk,tichondrius,1572,druid,balance,44,20,24
Beretta,rexxar,1571,druid,balance,84,48,36
Theboomkin,kelthuzad,1570,druid,balance,30,19,11
Saltydru,illidan,1570,druid,balance,44,25,19
Bugbugz,tichondrius,1570,druid,balance,36,18,18
Starsurgê,tichondrius,1569,druid,balance,66,42,24
Kg,cenarion-circle,1569,druid,balance,156,91,65
Sadsex,illidan,1567,druid,balance,101,59,42
Fondra,sargeras,1567,druid,balance,55,32,23
Atagoo,tichondrius,1566,druid,balance,198,103,95
Venkin,gnomeregan,1566,druid,balance,96,47,49
Polvinhoo,azralon,1564,druid,balance,66,37,29
Rakex,tichondrius,1564,druid,balance,74,38,36
Groggs,frostwolf,1564,druid,balance,39,20,19
Swoopy,stormrage,1563,druid,balance,79,44,35
Slumpxaddy,illidan,1562,druid,balance,35,21,14
Xiaoshuaigê,illidan,1562,druid,balance,30,18,12
Kitinglol,alexstrasza,1560,druid,balance,68,35,33
Indicamicah,tichondrius,1558,druid,balance,60,33,27
Kazamura,tichondrius,1557,druid,balance,82,37,45
Buckbumble,frostmourne,1556,druid,balance,60,36,24
Neytîrî,tichondrius,1554,druid,balance,101,55,46
Syclonez,stormrage,1554,druid,balance,42,21,21
Hasteley,khadgar,1554,druid,balance,71,34,37
Empriona,wildhammer,1553,druid,balance,31,18,13
Thespían,tichondrius,1553,druid,balance,369,193,176
Midoo,proudmoore,1553,druid,balance,48,25,23
Drdrulittle,darkspear,1553,druid,balance,78,40,38
Lowkie,llane,1552,druid,balance,45,24,21
Darkombra,frostmourne,1552,druid,balance,60,28,32
Entakkt,cenarius,1551,druid,balance,24,18,6
Boompoizan,tichondrius,1550,druid,balance,57,31,26
Moonfart,zuljin,1548,druid,balance,119,66,53
Starcastic,tichondrius,1548,druid,balance,108,57,51
Boõsty,bleeding-hollow,1548,druid,balance,58,29,29
Tyapet,area-52,1547,druid,balance,120,63,57
Balanci,stormrage,1547,druid,balance,70,36,34
Galind,rexxar,1546,druid,balance,52,28,24
Blitzkreigtv,area-52,1546,druid,balance,54,29,25
Hayop,illidan,1543,druid,balance,60,28,32
Hoagiecannon,moon-guard,1541,druid,balance,167,89,78
Ihavehothots,kiljaeden,1540,druid,balance,38,26,12
Zettka,tichondrius,1539,druid,balance,55,32,23
Donresantis,stormreaver,1539,druid,balance,90,46,44
Qs,rivendare,1539,druid,balance,89,39,50
November,wyrmrest-accord,1538,druid,balance,110,62,48
Offthezaza,tichondrius,1538,druid,balance,82,43,39
Cyeq,blackrock,1538,druid,balance,274,143,131
Hikoro,sargeras,1536,druid,balance,126,74,52
Skum,bloodscalp,1536,druid,balance,69,30,39
Velaana,tichondrius,1535,druid,balance,121,60,61
Almarasta,azralon,1534,druid,balance,82,50,32
Slowreverb,silver-hand,1534,druid,balance,30,16,14
Fironous,nerzhul,1532,druid,balance,36,20,16
Twinscroll,tichondrius,1528,druid,balance,71,48,23
Brockolini,tichondrius,1528,druid,balance,82,44,38
Cauroth,azralon,1527,druid,balance,133,72,61
Rabbithomas,malygos,1525,druid,balance,24,16,8
Âzn,tichondrius,1523,druid,balance,54,39,15
Sweatydruidx,tichondrius,1523,druid,balance,24,16,8
Afpak,sargeras,1522,druid,balance,66,35,31
Abn,sargeras,1521,druid,balance,30,17,13
Ocâ,cenarius,1520,druid,balance,50,30,20
Thorothir,ragnaros,1520,druid,balance,110,62,48
Druidlolwtf,area-52,1520,druid,balance,108,52,56
Myeow,illidan,1520,druid,balance,74,35,39
Alecxeon,tichondrius,1519,druid,balance,42,28,14
Swooped,emerald-dream,1519,druid,balance,53,29,24
Gaawdx,illidan,1519,druid,balance,119,57,62
Adaptivv,sargeras,1518,druid,balance,30,21,9
Rogsdruid,sargeras,1518,druid,balance,73,32,41
Børing,sargeras,1517,druid,balance,81,44,37
Musha,tichondrius,1517,druid,balance,57,30,27
Hagatta,stormrage,1517,druid,balance,151,77,74
Dudur,zuljin,1517,druid,balance,99,50,49
Skyde,sargeras,1517,druid,balance,36,17,19
Yorch,stormrage,1517,druid,balance,47,21,26
Whiteseal,frostmourne,1516,druid,balance,37,28,9
Faruu,tichondrius,1516,druid,balance,24,16,8
Ghostowl,thrall,1516,druid,balance,66,42,24
Jruids,stormrage,1516,druid,balance,60,37,23
Groovyroom,tichondrius,1516,druid,balance,42,23,19
Pirira,quelthalas,1515,druid,balance,43,24,19
Lumala,drakkari,1514,druid,balance,48,27,21
Pëps,emerald-dream,1514,druid,balance,48,27,21
Lavanis,stormrage,1514,druid,balance,199,105,94
Kittygoboom,kiljaeden,1514,druid,balance,78,35,43
Piping,thunderlord,1513,druid,balance,30,17,13
Mk,caelestrasz,1511,druid,balance,30,17,13
Luke,ghostlands,1510,druid,balance,24,16,8
Zorn,lightnings-blade,1508,druid,balance,48,26,22
Cfp,tichondrius,1507,druid,balance,42,19,23
Tanawak,tichondrius,1507,druid,balance,59,25,34
Montrá,stormrage,1505,druid,balance,126,58,68
Vyrrath,stormrage,1504,druid,balance,32,19,13
Árès,frostmourne,1504,druid,balance,77,43,34
Shebleeder,aegwynn,1503,druid,balance,54,30,24
Velyring,moon-guard,1502,druid,balance,43,23,20
Jxrx,malganis,1501,druid,balance,24,16,8
Rootchan,azralon,1501,druid,balance,58,38,20
Swampduck,saurfang,1500,druid,balance,30,18,12
Watchmecap,silvermoon,1499,druid,balance,24,20,4
Nuubmurph,stormrage,1499,druid,balance,33,20,13
Nephdruid,stormrage,1499,druid,balance,98,57,41
Enlil,the-underbog,1499,druid,balance,42,23,19
Treetard,altar-of-storms,1499,druid,balance,66,32,34
Clonexlt,wyrmrest-accord,1496,druid,balance,46,28,18
Tak,garrosh,1496,druid,balance,36,17,19
Herbzlova,lightnings-blade,1494,druid,balance,48,25,23
Yoloboomkin,tichondrius,1494,druid,balance,46,23,23
Rashmi,kiljaeden,1494,druid,balance,36,18,18
Redhotbean,tichondrius,1492,druid,balance,65,32,33
Wildsïde,tichondrius,1490,druid,balance,48,28,20
Thetruetrue,sargeras,1490,druid,balance,48,22,26
Drunknoodles,stormrage,1489,druid,balance,35,20,15
Huggerino,stormrage,1489,druid,balance,58,32,26
Cabek,malganis,1488,druid,balance,60,32,28
Cdroo,burning-blade,1486,druid,balance,24,16,8
Boxtops,bleeding-hollow,1486,druid,balance,36,23,13
Umadornahh,malganis,1484,druid,balance,54,28,26
Maplêleaf,moon-guard,1484,druid,balance,147,72,75
Byte,ragnaros,1482,druid,balance,29,16,13
Pawpurrazzi,darkspear,1482,druid,balance,53,27,26
Owlgz,barthilas,1482,druid,balance,36,18,18
Dreamkin,tichondrius,1481,druid,balance,84,43,41
Boostgu,illidan,1478,druid,balance,41,24,17
Fahnir,ragnaros,1477,druid,balance,72,40,32
Maviç,hyjal,1477,druid,balance,90,45,45
Ryügähidëki,tichondrius,1476,druid,balance,61,32,29
Harlisu,stormrage,1475,druid,balance,26,17,9
Kuwä,proudmoore,1474,druid,balance,72,36,36
Qelthalas,sargeras,1473,druid,balance,228,121,107
Gepardéx,ragnaros,1473,druid,balance,186,95,91
Gummoo,tichondrius,1472,druid,balance,42,30,12
Monsin,illidan,1470,druid,balance,156,81,75
Meowmixx,frostmane,1470,druid,balance,71,35,36
Zukru,malganis,1469,druid,balance,54,32,22
Charnlok,thunderlord,1468,druid,balance,47,31,16
Suncintus,aggramar,1468,druid,balance,54,24,30
Thatscute,moon-guard,1466,druid,balance,312,161,151
Eyzie,stormrage,1466,druid,balance,68,34,34
Brettdadad,shandris,1465,druid,balance,36,23,13
Boomybalboa,stormrage,1463,druid,balance,23,16,7
Unclenya,barthilas,1463,druid,balance,72,32,40
Catahoula,lothar,1462,druid,balance,30,18,12
Ayelune,stormrage,1462,druid,balance,42,24,18
Clense,tichondrius,1461,druid,balance,67,38,29
Bruddahderpp,tichondrius,1460,druid,balance,42,28,14
Rajionu,kiljaeden,1460,druid,balance,30,20,10
Zhinger,tichondrius,1460,druid,balance,79,39,40
Bearserk,rexxar,1460,druid,balance,48,22,26
Seyon,tichondrius,1459,druid,balance,33,17,16
Shiftyn,proudmoore,1457,druid,balance,30,22,8
Lãzy,tichondrius,1456,druid,balance,96,53,43
Swappy,korgath,1456,druid,balance,46,25,21
Yaboidakota,stormrage,1456,druid,balance,166,87,79
Metal,jaedenar,1456,druid,balance,61,30,31
Dontfloodit,tichondrius,1455,druid,balance,122,59,63
Druuyid,jubeithos,1454,druid,balance,126,68,58
Ereshkïgal,stormrage,1454,druid,balance,69,37,32
Tahunne,tichondrius,1452,druid,balance,106,63,43
Aranuir,emerald-dream,1452,druid,balance,35,20,15
Atmospherè,tichondrius,1452,druid,balance,108,57,51
Queiq,kelthuzad,1452,druid,balance,42,22,20
Thunderhox,tichondrius,1451,druid,balance,67,36,31
Sammio,emerald-dream,1451,druid,balance,104,55,49
Basulto,tichondrius,1450,druid,balance,84,45,39
Paddywhacked,tichondrius,1449,druid,balance,36,22,14
Cerest,kaelthas,1448,druid,balance,34,21,13
Juicywap,proudmoore,1448,druid,balance,47,26,21
Druidlow,azralon,1448,druid,balance,79,41,38
Instanodle,proudmoore,1447,druid,balance,36,20,16
Windstag,korgath,1447,druid,balance,36,17,19
Yaboydave,stonemaul,1446,druid,balance,30,16,14
Fripp,stormrage,1446,druid,balance,54,28,26
Awkwarder,emerald-dream,1446,druid,balance,159,79,80
Sileda,nemesis,1445,druid,balance,25,18,7
Rdruidchump,the-forgotten-coast,1445,druid,balance,32,19,13
Syntheris,kaelthas,1445,druid,balance,87,51,36
Bighomïe,emerald-dream,1445,druid,balance,48,27,21
Hitchslaps,tichondrius,1445,druid,balance,36,19,17
Pavati,bleeding-hollow,1444,druid,balance,38,21,17
Genghisz,area-52,1444,druid,balance,77,39,38
Clawandørder,tichondrius,1442,druid,balance,26,16,10
Lepolle,ragnaros,1441,druid,balance,31,21,10
Formmaster,malganis,1441,druid,balance,76,38,38
Nicotinefien,sargeras,1439,druid,balance,24,15,9
Drubuzz,tichondrius,1439,druid,balance,102,56,46
Armorkits,area-52,1438,druid,balance,24,15,9
Jokerdks,tichondrius,1438,druid,balance,32,17,15
Lunarbalance,veknilash,1438,druid,balance,99,44,55
Elvishrage,zuljin,1437,druid,balance,18,15,3
Roundtummy,area-52,1437,druid,balance,90,45,45
Wombatform,malganis,1436,druid,balance,24,15,9
Softdog,stormrage,1436,druid,balance,70,38,32
Hosehead,malganis,1435,druid,balance,74,46,28
Envoy,sargeras,1435,druid,balance,60,33,27
Chonkykitty,frostmourne,1434,druid,balance,36,23,13
Alliess,aerie-peak,1434,druid,balance,111,56,55
Moonowl,crushridge,1433,druid,balance,60,35,25
Falkond,tichondrius,1433,druid,balance,35,18,17
Sunmoonkong,area-52,1433,druid,balance,35,18,17
Squidwonk,sargeras,1433,druid,balance,48,23,25
Sallyshifts,area-52,1433,druid,balance,39,18,21
Arealdruid,moon-guard,1433,druid,balance,42,18,24
Kallabaluwa,azralon,1433,druid,balance,59,25,34
Tanguanota,quelthalas,1431,druid,balance,90,47,43
Shapedance,sargeras,1431,druid,balance,35,16,19
Druiddreams,frostmourne,1430,druid,balance,30,23,7
Catatonik,emerald-dream,1430,druid,balance,36,15,21
Cerionis,tichondrius,1426,druid,balance,24,15,9
Livilla,sargeras,1425,druid,balance,53,29,24
Illilydan,tichondrius,1425,druid,balance,130,67,63
Therooster,whisperwind,1425,druid,balance,53,22,31
Nokash,tichondrius,1425,druid,balance,43,17,26
Squidrific,tichondrius,1424,druid,balance,71,47,24
Pooöòôp,kiljaeden,1424,druid,balance,30,19,11
Justinheras,area-52,1424,druid,balance,94,53,41
Nebulose,moon-guard,1424,druid,balance,59,26,33
Mèowcenaary,chogall,1423,druid,balance,60,35,25
Meatcat,sargeras,1421,druid,balance,30,16,14
Knoxella,moon-guard,1419,druid,balance,146,78,68
Solarcannon,shuhalo,1418,druid,balance,195,105,90
Maxspeed,tichondrius,1417,druid,balance,24,15,9
Raximus,moon-guard,1417,druid,balance,84,42,42
Chakrabeam,kelthuzad,1417,druid,balance,48,22,26
Faroo,azralon,1416,druid,balance,40,24,16
Axiomisop,tichondrius,1416,druid,balance,59,35,24
Rígél,ragnaros,1416,druid,balance,190,98,92
Daddymaple,tichondrius,1416,druid,balance,60,29,31
Crocface,tichondrius,1415,druid,balance,66,38,28
Muffbfloppn,zuljin,1414,druid,balance,24,15,9
Bocephus,dark-iron,1413,druid,balance,24,15,9
Lightconvoke,norgannon,1413,druid,balance,38,19,19
Gullmock,quelthalas,1412,druid,balance,78,35,43
Fastlife,drakkari,1411,druid,balance,30,15,15
Seannybhoy,emerald-dream,1411,druid,balance,63,27,36
Wiiee,darkspear,1410,druid,balance,80,48,32
Dalsardirn,sargeras,1410,druid,balance,30,17,13
Sofereir,frostmourne,1410,druid,balance,155,77,78
Snailbeam,shattered-hand,1410,druid,balance,48,20,28
Espoir,azuremyst,1409,druid,balance,24,15,9
Feroz,frostmourne,1409,druid,balance,24,15,9
Coorvinus,stormrage,1409,druid,balance,36,18,18
Kawshuhn,bleeding-hollow,1407,druid,balance,90,51,39
Côheed,bleeding-hollow,1407,druid,balance,30,15,15
Scoobyshiftz,frostmourne,1405,druid,balance,29,18,11
Skrimshaw,burning-legion,1405,druid,balance,72,36,36
Swagdaddyjr,area-52,1403,druid,balance,24,15,9
Slyfoxx,stonemaul,1403,druid,balance,92,53,39
Jonoa,nagrand,1402,druid,balance,90,54,36
Vicorin,illidan,1402,druid,balance,30,17,13
Naurrog,tichondrius,1401,druid,balance,60,37,23
Ularda,bleeding-hollow,1400,druid,balance,42,24,18
Jainzar,dreadmaul,1400,druid,balance,48,22,26
Cudbacrakhed,tichondrius,1399,druid,balance,48,27,21
Aolus,kaelthas,1398,druid,balance,54,31,23
Jaduss,thrall,1398,druid,balance,38,18,20
Zuice,thrall,1398,druid,balance,69,32,37
Nightstalkr,kelthuzad,1397,druid,balance,210,110,100
Deathkahn,lightninghoof,1397,druid,balance,60,31,29
Zetii,emerald-dream,1397,druid,balance,36,18,18
Ulcera,nemesis,1396,druid,balance,33,17,16
Haneulso,tichondrius,1393,druid,balance,267,138,129
Yseraspawn,kelthuzad,1392,druid,balance,42,21,21
Trickatreyy,kelthuzad,1392,druid,balance,43,21,22
Beastsworn,alexstrasza,1388,druid,balance,42,15,27
Seneshy,azralon,1387,druid,balance,30,22,8
Bäñgarang,tichondrius,1387,druid,balance,80,41,39
Bigbeugs,frostmourne,1382,druid,balance,36,19,17
Driftwood,bonechewer,1381,druid,balance,53,30,23
Envasions,emerald-dream,1380,druid,balance,24,15,9
Threk,spirestone,1379,druid,balance,42,16,26
Nanashi,tichondrius,1378,druid,balance,30,15,15
Nightshàdowz,barthilas,1377,druid,balance,30,16,14
Huskars,tichondrius,1375,druid,balance,48,26,22
Gorgoncity,illidan,1375,druid,balance,28,15,13
Alshari,proudmoore,1375,druid,balance,66,35,31
Milksquirts,thrall,1374,druid,balance,140,71,69
Shemeus,malganis,1374,druid,balance,54,27,27
Wrathmighty,frostmourne,1374,druid,balance,39,19,20
Buyadoge,area-52,1374,druid,balance,34,16,18
Airinsurgent,stormrage,1374,druid,balance,41,17,24
Starsaber,dalaran,1372,druid,balance,42,24,18
Trollsmind,tichondrius,1372,druid,balance,46,26,20
Scarymon,tichondrius,1369,druid,balance,61,33,28
Isomer,kilrogg,1368,druid,balance,24,15,9
Asteriel,stormrage,1367,druid,balance,54,24,30
Binnchook,barthilas,1366,druid,balance,31,19,12
Barrahjr,frostmourne,1366,druid,balance,51,28,23
Skagakr,moon-guard,1366,druid,balance,131,65,66
Throatjelly,blackrock,1363,druid,balance,42,23,19
Leonardsby,tichondrius,1363,druid,balance,67,33,34
Mctree,cenarius,1358,druid,balance,60,39,21
Ðjx,stormrage,1357,druid,balance,31,22,9
Mommyx,stormrage,1357,druid,balance,60,27,33
Durdern,barthilas,1356,druid,balance,63,42,21
Styless,azjolnerub,1356,druid,balance,60,31,29
Katobe,tichondrius,1355,druid,balance,36,19,17
Graffsworth,emerald-dream,1354,druid,balance,110,55,55
Bluechew,bleeding-hollow,1353,druid,balance,24,15,9
Gitsnshigles,frostmourne,1352,druid,balance,43,23,20
Stärfäll,frostmourne,1351,druid,balance,24,17,7
Tahnu,deathwing,1350,druid,balance,23,15,8
Mythelian,icecrown,1348,druid,balance,60,34,26
Ironbark,azuremyst,1344,druid,balance,33,15,18
Dekmdrui,quelthalas,1343,druid,balance,21,16,5
Ehloheim,stormrage,1342,druid,balance,24,14,10
Flôkey,tichondrius,1341,druid,balance,48,25,23
Starfallgg,sargeras,1340,druid,balance,18,14,4
Starboy,garona,1340,druid,balance,24,14,10
Indoee,mannoroth,1339,druid,balance,154,73,81
Cheezaygx,arthas,1338,druid,balance,24,14,10
Xevão,nemesis,1338,druid,balance,32,15,17
Boomchí,tichondrius,1337,druid,balance,18,14,4
Verelyris,nordrassil,1335,druid,balance,18,14,4
Saturday,frostmourne,1335,druid,balance,35,24,11
Audacities,bloodhoof,1335,druid,balance,58,30,28
Brawndiboom,stormrage,1335,druid,balance,71,33,38
Mntra,emerald-dream,1334,druid,balance,24,14,10
Ligerbomb,bleeding-hollow,1334,druid,balance,24,14,10
Shibbith,nordrassil,1333,druid,balance,24,14,10
Imnotinhuman,tichondrius,1333,druid,balance,41,22,19
Droody,earthen-ring,1333,druid,balance,40,20,20
Breynna,draenor,1333,druid,balance,41,20,21
Yungterp,zuljin,1332,druid,balance,18,14,4
Eldenis,drakkari,1332,druid,balance,106,55,51
Calfurion,stormscale,1331,druid,balance,18,14,4
Bâzinga,bleeding-hollow,1331,druid,balance,47,24,23
Medibull,tichondrius,1330,druid,balance,24,14,10
Repanda,proudmoore,1328,druid,balance,107,51,56
Salvattor,stormrage,1327,druid,balance,44,30,14
Noteff,illidan,1327,druid,balance,36,22,14
Shumarina,mannoroth,1325,druid,balance,24,14,10
Pecopeco,sargeras,1325,druid,balance,30,14,16
Moonsliced,kiljaeden,1324,druid,balance,24,14,10
Renamebdsm,cenarius,1324,druid,balance,30,14,16
Datdruidrod,illidan,1322,druid,balance,108,56,52
Moohok,bleeding-hollow,1321,druid,balance,33,14,19
Hamïlton,ragnaros,1318,druid,balance,37,16,21
Lucidkiaru,moon-guard,1317,druid,balance,37,19,18
Winekoolers,malganis,1317,druid,balance,54,27,27
Limikeen,bleeding-hollow,1316,druid,balance,42,18,24
Saeval,korgath,1314,druid,balance,93,47,46
Shuxz,sargeras,1313,druid,balance,30,20,10
Alagoano,azralon,1311,druid,balance,86,57,29
Réko,sargeras,1311,druid,balance,46,26,20
Evilakali,tichondrius,1311,druid,balance,49,27,22
Ernest,goldrinn,1311,druid,balance,70,34,36
Theirs,tichondrius,1310,druid,balance,176,97,79
Stepdru,sargeras,1308,druid,balance,24,14,10
Amanara,echo-isles,1307,druid,balance,53,24,29
Dahts,destromath,1306,druid,balance,24,16,8
Thiccyiff,frostmourne,1305,druid,balance,36,22,14
Fugginskoden,twisting-nether,1305,druid,balance,23,14,9
Duakx,malganis,1305,druid,balance,30,14,16
Beyondbeef,sargeras,1304,druid,balance,49,31,18
Vallk,area-52,1304,druid,balance,26,15,11
Deez,korgath,1304,druid,balance,56,23,33
Bdsurges,illidan,1303,druid,balance,21,15,6
Doomkiñ,darkspear,1303,druid,balance,29,14,15
Treemendous,nemesis,1303,druid,balance,30,14,16
Råstafart,tichondrius,1302,druid,balance,42,22,20
Annef,tichondrius,1302,druid,balance,44,21,23
Treezús,thrall,1300,druid,balance,64,32,32
Meekgrylls,frostmourne,1300,druid,balance,58,27,31
Dkat,malganis,1299,druid,balance,46,24,22
Alwind,alleria,1297,druid,balance,65,27,38
Jynxy,sargeras,1296,druid,balance,41,18,23
Smitenkiten,baelgun,1295,druid,balance,52,23,29
Pneumashift,tichondrius,1294,druid,balance,18,14,4
Lükê,tichondrius,1292,druid,balance,39,14,25
Enrÿu,nemesis,1290,druid,balance,24,14,10
Imshiftastic,area-52,1289,druid,balance,64,32,32
Thickmoo,tichondrius,1288,druid,balance,93,43,50
Uuli,area-52,1287,druid,balance,24,16,8
Stupidranga,barthilas,1286,druid,balance,54,29,25
Jâykeup,lightbringer,1286,druid,balance,78,39,39
Minusdruid,dalaran,1286,druid,balance,117,57,60
Lokdu,area-52,1284,druid,balance,30,15,15
Xodz,sargeras,1282,druid,balance,42,21,21
Barrah,barthilas,1280,druid,balance,70,34,36
Kasparhauser,illidan,1280,druid,balance,36,14,22
Druidoy,tichondrius,1279,druid,balance,36,21,15
Nimfaa,nemesis,1279,druid,balance,36,21,15
Beal,azgalor,1279,druid,balance,93,41,52
Sergat,stormreaver,1276,druid,balance,66,33,33
Floote,thrall,1274,druid,balance,73,34,39
Hanaak,illidan,1273,druid,balance,23,14,9
Zeanasfaratu,spinebreaker,1273,druid,balance,45,19,26
Softshirtxo,ragnaros,1271,druid,balance,24,14,10
Ascension,emerald-dream,1270,druid,balance,30,16,14
Odweaven,thunderlord,1270,druid,balance,76,35,41
Solaress,moon-guard,1268,druid,balance,48,23,25
Mercz,illidan,1267,druid,balance,48,29,19
Sochin,nemesis,1267,druid,balance,90,49,41
Kyabe,ragnaros,1267,druid,balance,73,30,43
Lønewolf,sargeras,1263,druid,balance,65,32,33
Hootie,arygos,1263,druid,balance,45,19,26
Floridajoe,blackrock,1262,druid,balance,54,36,18
Lavanca,azralon,1262,druid,balance,36,16,20
Spicydurid,tichondrius,1261,druid,balance,32,15,17
Bouffecul,zuljin,1260,druid,balance,36,17,19
Craftdruid,tichondrius,1258,druid,balance,48,27,21
Muscelmilk,tichondrius,1258,druid,balance,51,25,26
Lavenderowl,arthas,1257,druid,balance,54,29,25
Zèrkz,tichondrius,1256,druid,balance,140,71,69
Furu,bonechewer,1254,druid,balance,78,36,42
Maimz,tichondrius,1250,druid,balance,91,51,40
Barekat,emerald-dream,1249,druid,balance,34,18,16
Rigotakz,illidan,1249,druid,balance,51,24,27
Thecovid,illidan,1248,druid,balance,113,56,57
Édzar,area-52,1248,druid,balance,77,38,39
Gatorskin,sargeras,1247,druid,balance,15,14,1
Atherra,sargeras,1247,druid,balance,90,50,40
Hugodruid,frostmourne,1247,druid,balance,24,13,11
Ssantirap,quelthalas,1247,druid,balance,30,13,17
Galeshift,stormrage,1246,druid,balance,18,13,5
Jaegerbombx,sargeras,1246,druid,balance,18,13,5
Lawlz,aegwynn,1246,druid,balance,51,28,23
Dirtdog,uther,1246,druid,balance,24,13,11
Daspd,tichondrius,1246,druid,balance,24,13,11
Rslm,tichondrius,1246,druid,balance,43,21,22
Antiherø,sargeras,1245,druid,balance,18,13,5
Slowbleeds,blood-furnace,1245,druid,balance,18,13,5
Ghoouul,tichondrius,1245,druid,balance,35,14,21
Jáguar,frostmourne,1244,druid,balance,36,18,18
Orkinetvx,frostmourne,1243,druid,balance,43,28,15
Sahksi,lothar,1243,druid,balance,24,13,11
Mooseknukel,zuljin,1243,druid,balance,24,13,11
Spudpatikins,barthilas,1243,druid,balance,30,14,16
Foxwit,jubeithos,1242,druid,balance,22,14,8
Bbkingschair,tichondrius,1241,druid,balance,18,13,5
Avishominem,magtheridon,1241,druid,balance,24,13,11
Tummycummy,thrall,1240,druid,balance,18,13,5
Bigboðm,tichondrius,1239,druid,balance,48,24,24
Rizzdja,frostmourne,1238,druid,balance,18,13,5
Gwub,illidan,1238,druid,balance,18,13,5
Tickler,durotan,1238,druid,balance,24,13,11
Jawnfurry,tichondrius,1238,druid,balance,24,13,11
Girthygramps,sargeras,1238,druid,balance,24,13,11
Guojue,tichondrius,1237,druid,balance,46,25,21
Hawkk,azralon,1237,druid,balance,56,26,30
Astrixx,frostmourne,1233,druid,balance,18,13,5
Greenseed,nagrand,1233,druid,balance,18,13,5
Jeezelouise,kelthuzad,1232,druid,balance,18,13,5
Jubeam,area-52,1230,druid,balance,24,13,11
Slimeyjoe,moon-guard,1227,druid,balance,48,25,23
Basilix,moon-guard,1226,druid,balance,63,30,33
Vorare,tichondrius,1225,druid,balance,26,14,12
Zentabra,proudmoore,1225,druid,balance,42,18,24
Kuroshizen,tichondrius,1224,druid,balance,94,39,55
Ssïp,tichondrius,1223,druid,balance,31,14,17
Morphkow,sargeras,1222,druid,balance,69,36,33
Sunboy,tichondrius,1221,druid,balance,73,36,37
Deths,frostmourne,1219,druid,balance,18,13,5
Mooing,azralon,1219,druid,balance,28,19,9
Acidmoon,tichondrius,1219,druid,balance,52,22,30
Pokémon,grizzly-hills,1218,druid,balance,24,13,11
Cien,thrall,1218,druid,balance,93,43,50
Strallà,illidan,1217,druid,balance,96,49,47
Flatnose,agamaggan,1216,druid,balance,30,13,17
Nuppxx,frostmourne,1215,druid,balance,18,13,5
Mutlèy,gundrak,1215,druid,balance,18,13,5
Vuginas,bleeding-hollow,1215,druid,balance,62,33,29
Judgedruid,scilla,1213,druid,balance,36,22,14
Suist,moonrunner,1212,druid,balance,22,13,9
Crazystorm,ragnaros,1212,druid,balance,66,37,29
Shivlary,stormrage,1211,druid,balance,51,29,22
Goofyfoot,wyrmrest-accord,1211,druid,balance,64,32,32
Volddy,tichondrius,1210,druid,balance,36,22,14
Lindzy,moon-guard,1210,druid,balance,78,43,35
Torrwin,area-52,1210,druid,balance,28,14,14
Elpako,ragnaros,1208,druid,balance,54,23,31
Liñk,sargeras,1207,druid,balance,29,15,14
Bayaba,tichondrius,1206,druid,balance,24,14,10
Møønscar,tichondrius,1204,druid,balance,48,22,26
Lazerchicken,boulderfist,1204,druid,balance,30,13,17
Tankbareass,aerie-peak,1203,druid,balance,42,16,26
Huoxiaoying,tichondrius,1202,druid,balance,36,21,15
Pleasepime,stormrage,1202,druid,balance,84,35,49
Drßoom,stormrage,1201,druid,balance,89,38,51
Thehooligan,stormrage,1200,druid,balance,75,41,34
Vaalser,frostmourne,1196,druid,balance,71,31,40
Feralchild,emerald-dream,1195,druid,balance,24,13,11
Chillcat,illidan,1194,druid,balance,18,14,4
Immortalwild,tichondrius,1193,druid,balance,101,50,51
Nolifer,sargeras,1192,druid,balance,30,17,13
Dumdumdugan,korgath,1191,druid,balance,83,41,42
Crashägásm,proudmoore,1190,druid,balance,67,30,37
Dampnr,tichondrius,1186,druid,balance,30,14,16
Maxable,alleria,1184,druid,balance,27,14,13
Zelyvia,moon-guard,1181,druid,balance,31,14,17
Xvenusaur,bleeding-hollow,1179,druid,balance,24,16,8
Quincunx,tichondrius,1179,druid,balance,76,41,35
Stringbeáns,tanaris,1179,druid,balance,42,21,21
Thorsèn,sargeras,1175,druid,balance,48,25,23
Mufaasa,boulderfist,1174,druid,balance,72,37,35
Vicvc,tichondrius,1169,druid,balance,60,30,30
Aberdare,tichondrius,1169,druid,balance,29,13,16
Kudro,garithos,1169,druid,balance,60,25,35
Høt,thunderhorn,1168,druid,balance,22,13,9
Trythis,tichondrius,1167,druid,balance,61,28,33
Blackmoons,thunderlord,1166,druid,balance,42,15,27
Alphakatt,area-52,1165,druid,balance,84,38,46
Dirtydot,ragnaros,1164,druid,balance,24,14,10
Baboongodx,frostmourne,1164,druid,balance,23,13,10
Ryxu,emerald-dream,1161,druid,balance,26,15,11
Lydariel,tichondrius,1159,druid,balance,30,20,10
Nobullshift,icecrown,1159,druid,balance,32,19,13
Rahkaaga,kiljaeden,1158,druid,balance,36,21,15
Mihnt,sargeras,1158,druid,balance,40,14,26
Kattel,blackrock,1157,druid,balance,75,37,38
Levincy,thrall,1156,druid,balance,60,33,27
Mambuz,tichondrius,1154,druid,balance,66,35,31
Dojacow,mannoroth,1154,druid,balance,34,16,18
Hllw,tichondrius,1152,druid,balance,24,12,12
Katbriel,zuljin,1151,druid,balance,18,12,6
Rougaroux,andorhal,1151,druid,balance,18,12,6
Ballnout,zuljin,1151,druid,balance,18,12,6
Scraww,tichondrius,1151,druid,balance,29,14,15
Mcy,nerzhul,1150,druid,balance,24,12,12
Borrdru,arthas,1150,druid,balance,24,12,12
Zebyn,tichondrius,1149,druid,balance,18,12,6
Hefe,terenas,1149,druid,balance,18,12,6
Ralphrawr,barthilas,1149,druid,balance,24,12,12
Stinky,bleeding-hollow,1149,druid,balance,24,12,12
Numbkin,stormrage,1149,druid,balance,30,12,18
Maserati,emerald-dream,1148,druid,balance,18,12,6
Yoona,kiljaeden,1148,druid,balance,24,12,12
Jocek,stormrage,1146,druid,balance,18,12,6
Exxosd,tichondrius,1146,druid,balance,18,12,6
Columpio,area-52,1146,druid,balance,24,12,12
Cthulhuqt,kelthuzad,1145,druid,balance,18,12,6
Dbanned,nemesis,1144,druid,balance,24,12,12
Roots,boulderfist,1144,druid,balance,30,13,17
Gravshift,zuljin,1143,druid,balance,18,12,6
Worldbullguy,area-52,1141,druid,balance,30,13,17
Radagaste,stormrage,1139,druid,balance,24,12,12
Timdillon,emerald-dream,1139,druid,balance,24,12,12
Serega,skywall,1138,druid,balance,24,12,12
Leetpete,eitrigg,1138,druid,balance,24,12,12
Jawsbar,tichondrius,1138,druid,balance,30,12,18
Dodid,laughing-skull,1137,druid,balance,60,30,30
Aozeh,kiljaeden,1136,druid,balance,18,12,6
Furrycringe,stormrage,1135,druid,balance,30,12,18
Hootyhoot,illidan,1133,druid,balance,18,12,6
Ðementia,stormrage,1131,druid,balance,36,12,24
Coggtron,uther,1130,druid,balance,24,16,8
Redbbull,tichondrius,1129,druid,balance,73,42,31
Prismo,ravencrest,1129,druid,balance,24,12,12
Treeteej,kelthuzad,1128,druid,balance,36,16,20
Lunapuma,stonemaul,1127,druid,balance,18,12,6
Kuthian,moon-guard,1126,druid,balance,39,17,22
Iamatomic,illidan,1120,druid,balance,78,36,42
Dennyyd,illidan,1118,druid,balance,18,13,5
Burninmôön,tichondrius,1118,druid,balance,35,12,23
Gazwazluz,lothar,1115,druid,balance,30,18,12
Toofast,lightninghoof,1114,druid,balance,18,12,6
Smashthatbox,illidan,1113,druid,balance,44,17,27
Seytu,sargeras,1112,druid,balance,26,13,13
Wïldmain,area-52,1111,druid,balance,20,13,7
Naturlig,area-52,1109,druid,balance,24,13,11
Ilgalsard,frostmourne,1109,druid,balance,36,16,20
Pigmanbear,kelthuzad,1109,druid,balance,30,12,18
Nozgöth,quelthalas,1105,druid,balance,128,67,61
Ûñø,frostmourne,1101,druid,balance,42,24,18
Alucardxd,ragnaros,1094,druid,balance,29,12,17
Coppersnout,moon-guard,1091,druid,balance,60,32,28
Krazykritz,illidan,1090,druid,balance,27,13,14
Moistcream,tichondrius,1087,druid,balance,21,12,9
Zeromeme,frostmourne,1086,druid,balance,20,12,8
Circadion,illidan,1084,druid,balance,59,23,36
Bethemarble,sargeras,1084,druid,balance,57,22,35
Wyldthangz,stormrage,1077,druid,balance,26,12,14
Pilaufakka,zuljin,1074,druid,balance,36,19,17
Critthisbruh,stormrage,1074,druid,balance,62,29,33
Miggzii,draka,1061,druid,balance,45,19,26
Drdoomerkin,area-52,1056,druid,balance,12,11,1
Roccko,illidan,1056,druid,balance,18,11,7
Mastahskills,illidan,1055,druid,balance,18,11,7
Sharialawl,stormreaver,1055,druid,balance,18,11,7
Smwise,tichondrius,1055,druid,balance,18,11,7
Likorit,azralon,1055,druid,balance,18,11,7
Docleave,tichondrius,1055,druid,balance,18,11,7
Kahpooya,tichondrius,1054,druid,balance,18,11,7
Buffclyde,blackrock,1054,druid,balance,18,11,7
Erealana,tichondrius,1054,druid,balance,18,11,7
Ryannshiftz,proudmoore,1054,druid,balance,18,11,7
Cumvokinlol,sargeras,1054,druid,balance,18,11,7
Slipprypickl,archimonde,1054,druid,balance,24,11,13
Johnnybigg,frostmourne,1053,druid,balance,18,11,7
Junaleska,lightbringer,1053,druid,balance,18,11,7
Elliar,akama,1053,druid,balance,24,11,13
Jacinty,saurfang,1052,druid,balance,18,11,7
Milkman,mannoroth,1052,druid,balance,30,11,19
Awguseon,proudmoore,1051,druid,balance,18,11,7
Milkshift,demon-soul,1051,druid,balance,24,11,13
Fjblol,sargeras,1051,druid,balance,24,11,13
Samsshifter,tichondrius,1050,druid,balance,24,11,13
Arnlu,malganis,1050,druid,balance,24,11,13
Msparker,illidan,1050,druid,balance,36,11,25
Bearyhalls,frostmourne,1049,druid,balance,21,13,8
Àbyss,moon-guard,1049,druid,balance,18,11,7
Völsüng,tichondrius,1049,druid,balance,24,11,13
Balverixqt,tichondrius,1048,druid,balance,24,11,13
Fluff,gurubashi,1048,druid,balance,24,11,13
Shavedtaco,azshara,1047,druid,balance,12,11,1
Sekzor,darkspear,1047,druid,balance,18,11,7
Chikenflu,tichondrius,1047,druid,balance,22,11,11
Karpin,area-52,1046,druid,balance,18,11,7
Eintier,tichondrius,1046,druid,balance,23,12,11
Catrene,mannoroth,1045,druid,balance,45,28,17
Maulinyou,whisperwind,1045,druid,balance,18,11,7
Druihd,stormrage,1042,druid,balance,36,20,16
Andrés,azralon,1041,druid,balance,18,11,7
Jinglebells,kiljaeden,1038,druid,balance,18,11,7
Jherrak,area-52,1035,druid,balance,18,11,7
Bluechicken,sargeras,1035,druid,balance,24,13,11
Hyperdryve,bonechewer,1035,druid,balance,30,11,19
Xoth,executus,1033,druid,balance,24,11,13
Superhorsey,aggramar,1031,druid,balance,36,19,17
Schmeatbawls,illidan,1031,druid,balance,23,11,12
Balantina,tichondrius,1029,druid,balance,36,15,21
Muhana,runetotem,1028,druid,balance,24,11,13
Reeiyna,gallywix,1026,druid,balance,60,35,25
Tuggmyudder,area-52,1026,druid,balance,43,21,22
Gavalle,khaz-modan,1024,druid,balance,60,33,27
Thèbearjèw,tichondrius,1024,druid,balance,55,23,32
Malamew,antonidas,1016,druid,balance,18,12,6
Lumipawz,frostmourne,1014,druid,balance,19,12,7
Riprip,tichondrius,1012,druid,balance,27,12,15
Bloomsong,emerald-dream,1012,druid,balance,30,13,17
Araminka,drakkari,1011,druid,balance,12,11,1
Vapeculture,lightbringer,1004,druid,balance,54,31,23
ßrian,stormscale,1002,druid,balance,24,11,13
Dustin,moon-guard,1000,druid,balance,22,12,10
Clawriander,barthilas,995,druid,balance,29,12,17
Finntröll,area-52,993,druid,balance,29,11,18
Caminanube,quelthalas,989,druid,balance,30,13,17
Amigomel,emerald-dream,985,druid,balance,23,11,12
Indy,rivendare,980,druid,balance,22,11,11
Spazz,firetree,975,druid,balance,17,11,6
Abzyplasm,sargeras,975,druid,balance,24,11,13
Sever,ysera,974,druid,balance,30,13,17
Cowel,tichondrius,969,druid,balance,25,11,14
Soahclleh,sargeras,960,druid,balance,12,10,2
Jubi,bleeding-hollow,960,druid,balance,12,10,2
Fäncy,sargeras,960,druid,balance,12,10,2
Beamerboy,bleeding-hollow,960,druid,balance,18,10,8
Sÿndru,illidan,960,druid,balance,18,10,8
Omnigrind,frostmourne,960,druid,balance,18,10,8
Jgb,dalaran,960,druid,balance,18,10,8
Roben,tichondrius,960,druid,balance,18,10,8
Bfaboomy,stormrage,960,druid,balance,24,10,14
Feaveldin,moon-guard,959,druid,balance,12,10,2
Jshwills,sargeras,959,druid,balance,12,10,2
Rahwan,bleeding-hollow,959,druid,balance,12,10,2
Hautheurel,illidan,959,druid,balance,12,10,2
Jaz,jubeithos,959,druid,balance,18,10,8
Sàbrè,darkspear,959,druid,balance,18,10,8
Skaie,ragnaros,959,druid,balance,18,10,8
Credd,zuljin,959,druid,balance,18,10,8
Ephwürd,malganis,959,druid,balance,18,10,8
Mofan,tichondrius,959,druid,balance,18,10,8
Kohru,moon-guard,959,druid,balance,18,10,8
Sill,illidan,959,druid,balance,18,10,8
Tankzsz,malganis,959,druid,balance,18,10,8
Furor,eonar,959,druid,balance,24,10,14
Biggieclawz,tichondrius,958,druid,balance,12,10,2
Zùnma,tichondrius,958,druid,balance,18,10,8
Swiftboom,stormrage,958,druid,balance,18,10,8
Hornny,shattered-hand,958,druid,balance,18,10,8
Immortalowl,illidan,958,druid,balance,18,10,8
Bumbleebee,azralon,958,druid,balance,18,10,8
Psilo,kelthuzad,958,druid,balance,18,10,8
Sìrfüzzy,proudmoore,958,druid,balance,18,10,8
Fal,bloodscalp,958,druid,balance,21,11,10
Tensuen,boulderfist,958,druid,balance,22,10,12
Kushidabs,tichondrius,958,druid,balance,34,11,23
Messyboom,illidan,957,druid,balance,12,10,2
Islayne,moon-guard,957,druid,balance,12,10,2
Fugg,frostmourne,957,druid,balance,18,10,8
Nøzopium,kelthuzad,956,druid,balance,18,10,8
Drewpg,zuljin,955,druid,balance,18,10,8
Mofoogoo,laughing-skull,955,druid,balance,24,10,14
Guitarsolos,nagrand,955,druid,balance,24,10,14
Partydip,stormrage,955,druid,balance,24,10,14
Bozart,stormrage,954,druid,balance,18,10,8
Maldobear,stormrage,954,druid,balance,24,10,14
Ridicules,cenarius,953,druid,balance,18,10,8
Santogrial,blood-furnace,953,druid,balance,46,25,21
Dethkight,area-52,953,druid,balance,22,11,11
Jal,khazgoroth,953,druid,balance,20,10,10
Wìtchdoctor,barthilas,953,druid,balance,24,10,14
Crunkk,thunderlord,952,druid,balance,18,10,8
Hadoriss,kelthuzad,952,druid,balance,24,10,14
Barecowbear,bleeding-hollow,951,druid,balance,24,10,14
Ohzú,ragnaros,950,druid,balance,18,10,8
Smallrichard,bleeding-hollow,949,druid,balance,24,10,14
Hucklebeary,terokkar,948,druid,balance,24,10,14
Bobedroods,bonechewer,946,druid,balance,18,10,8
Ðarkscar,laughing-skull,943,druid,balance,50,18,32
Skiouros,emerald-dream,943,druid,balance,36,10,26
Blckyoungsta,illidan,942,druid,balance,12,10,2
Overfunk,ragnaros,942,druid,balance,24,10,14
Gidam,moon-guard,941,druid,balance,18,10,8
Lacroix,wildhammer,938,druid,balance,12,10,2
Rakelan,tichondrius,937,druid,balance,146,75,71
Chrisclones,stormrage,925,druid,balance,29,10,19
Beleraine,moon-guard,915,druid,balance,23,10,13
Krustyora,khazgoroth,911,druid,balance,17,10,7
Rennar,stormrage,911,druid,balance,17,10,7
Fancyprance,dalaran,910,druid,balance,29,10,19
Nîghtcráwlér,tichondrius,909,druid,balance,18,11,7
Athious,moon-guard,909,druid,balance,29,13,16
Jokey,quelthalas,906,druid,balance,18,11,7
Tinyypuppyy,sargeras,903,druid,balance,36,12,24
Stretchhxd,tichondrius,900,druid,balance,21,10,11
Bellä,nazjatar,900,druid,balance,37,11,26
Weezydende,area-52,897,druid,balance,27,10,17
Wantto,moknathal,894,druid,balance,54,26,28
Azevedoo,nemesis,884,druid,balance,37,10,27
Nalarin,kaelthas,878,druid,balance,72,35,37
Maen,kelthuzad,864,druid,balance,12,9,3
Gerrt,bleeding-hollow,864,druid,balance,12,9,3
Toastsdruid,tichondrius,864,druid,balance,12,9,3
Daifuku,illidan,864,druid,balance,12,9,3
Markers,gorefiend,864,druid,balance,12,9,3
Hëllchaos,sargeras,864,druid,balance,12,9,3
Foxxyroxxy,malganis,864,druid,balance,12,9,3
Lunartiç,kelthuzad,864,druid,balance,18,9,9
Mvpps,thrall,864,druid,balance,18,9,9
Jssy,tichondrius,864,druid,balance,18,9,9
Kûramä,dalaran,864,druid,balance,18,9,9
Kittycatman,tichondrius,864,druid,balance,18,9,9
Gôdôfwow,tichondrius,864,druid,balance,18,9,9
Töm,durotan,864,druid,balance,24,9,15
Flamejacker,tichondrius,863,druid,balance,12,9,3
Cócorosie,tichondrius,863,druid,balance,12,9,3
Hàchi,malganis,863,druid,balance,12,9,3
Jesterdru,area-52,863,druid,balance,12,9,3
Zmk,barthilas,863,druid,balance,12,9,3
Cerberus,tanaris,863,druid,balance,12,9,3
Cyclíze,sargeras,863,druid,balance,12,9,3
Cösmic,anetheron,863,druid,balance,18,9,9
Wattami,area-52,863,druid,balance,18,9,9
Starkraven,firetree,863,druid,balance,18,9,9
Bullcritzz,saurfang,863,druid,balance,18,9,9
Amookelia,tichondrius,863,druid,balance,18,9,9
Miviaris,alleria,863,druid,balance,18,9,9
Doots,aegwynn,863,druid,balance,18,9,9
Môônkîn,chogall,863,druid,balance,18,9,9
Velaar,arthas,863,druid,balance,18,9,9
Dolwizz,tichondrius,863,druid,balance,24,9,15
Galadriowl,dalaran,863,druid,balance,24,9,15
Rootslayer,tichondrius,862,druid,balance,12,9,3
Oreoshift,illidan,862,druid,balance,12,9,3
Zugdruid,tichondrius,862,druid,balance,13,9,4
Shiftybiznes,black-dragonflight,862,druid,balance,16,10,6
Elydaria,destromath,862,druid,balance,24,12,12
Shack,alterac-mountains,862,druid,balance,18,9,9
Mäya,jubeithos,862,druid,balance,18,9,9
Hallthrok,stormrage,862,druid,balance,18,9,9
Furrmissile,area-52,862,druid,balance,18,9,9
Felløwship,nemesis,862,druid,balance,18,9,9
Muagor,tichondrius,862,druid,balance,18,9,9
Tinkker,zuljin,861,druid,balance,12,9,3
Actiad,stormrage,861,druid,balance,16,10,6
Thullian,stormrage,861,druid,balance,19,10,9
Starslicer,vashj,861,druid,balance,18,9,9
Goldentaint,tichondrius,861,druid,balance,24,9,15
Kelrelyrare,kiljaeden,861,druid,balance,24,9,15
Blizdontcuur,area-52,860,druid,balance,12,9,3
Sanleba,tichondrius,860,druid,balance,18,9,9
Itchyrat,moon-guard,859,druid,balance,18,9,9
Bestik,quelthalas,859,druid,balance,24,9,15
Moringo,azralon,858,druid,balance,12,9,3
Amandi,magtheridon,858,druid,balance,24,9,15
Kamionero,drakkari,856,druid,balance,12,9,3
Firesun,quelthalas,856,druid,balance,12,9,3
Elatheris,stormrage,855,druid,balance,18,9,9
Shiffterzz,tichondrius,855,druid,balance,18,9,9
Slingin,illidan,855,druid,balance,30,9,21
Dizzyshiftz,dalaran,852,druid,balance,30,9,21
Sleek,illidan,850,druid,balance,24,9,15
Owlbearthing,sargeras,848,druid,balance,36,9,27
Everglim,azralon,847,druid,balance,24,9,15
Dèmønblâckev,malganis,842,druid,balance,24,11,13
Klyadedfogud,trollbane,839,druid,balance,18,9,9
Bulldohz,tichondrius,837,druid,balance,18,9,9
Starsfall,tichondrius,831,druid,balance,16,9,7
Nokther,muradin,830,druid,balance,28,9,19
Dankasauras,tichondrius,830,druid,balance,42,13,29
Taurenosorus,illidan,827,druid,balance,64,29,35
Shifterx,illidan,810,druid,balance,22,13,9
Veraciouss,sargeras,802,druid,balance,18,10,8
Stetile,azralon,800,druid,balance,16,9,7
Asenna,moon-guard,799,druid,balance,11,9,2
Jieter,malganis,799,druid,balance,14,9,5
Leeteracola,malganis,798,druid,balance,20,9,11
Monicaduan,frostmourne,795,druid,balance,20,9,11
Grgcostanza,bleeding-hollow,793,druid,balance,14,9,5
Meliódás,area-52,787,druid,balance,198,81,117
Astroshift,emerald-dream,784,druid,balance,20,9,11
Thallid,hydraxis,768,druid,balance,12,8,4
Eskimocowboy,sargeras,768,druid,balance,12,8,4
Elyiaida,emerald-dream,768,druid,balance,12,8,4
Nyzear,bleeding-hollow,768,druid,balance,12,8,4
Argento,frostmourne,768,druid,balance,12,8,4
Mikelovin,nemesis,768,druid,balance,12,8,4
Oopygoopy,bleeding-hollow,768,druid,balance,12,8,4
Chococrispis,quelthalas,768,druid,balance,12,8,4
Catmoomoo,tichondrius,768,druid,balance,12,8,4
Mådge,frostmourne,768,druid,balance,12,8,4
Sñìp,zuljin,768,druid,balance,12,8,4
Yøpìèrre,zuljin,768,druid,balance,12,8,4
Laserxo,tichondrius,768,druid,balance,12,8,4
Treesrlegal,area-52,768,druid,balance,12,8,4
Wakeenfiendx,sargeras,768,druid,balance,12,8,4
Shaney,zuljin,768,druid,balance,12,8,4
Shiftytom,spirestone,768,druid,balance,12,8,4
Xiaodlol,tichondrius,768,druid,balance,12,8,4
Aconcat,bleeding-hollow,768,druid,balance,12,8,4
Abelladañger,area-52,768,druid,balance,12,8,4
Nothecia,sargeras,768,druid,balance,12,8,4
Duckdie,moon-guard,768,druid,balance,12,8,4
Guuh,tichondrius,768,druid,balance,12,8,4
Jisoojwa,frostmourne,768,druid,balance,12,8,4
Drakemaster,aggramar,768,druid,balance,12,8,4
Aenari,anvilmar,768,druid,balance,12,8,4
Hootforce,spirestone,768,druid,balance,12,8,4
Azakai,sargeras,768,druid,balance,12,8,4
Chayten,bleeding-hollow,768,druid,balance,12,8,4
Ryanspeed,mugthol,768,druid,balance,12,8,4
Chickenbeam,tichondrius,768,druid,balance,17,8,9
Dotdmage,tichondrius,768,druid,balance,18,8,10
Onsen,tichondrius,768,druid,balance,18,8,10
Drop,shadow-council,767,druid,balance,10,9,1
Smokeheaters,dalaran,767,druid,balance,12,8,4
Eøle,stormrage,767,druid,balance,12,8,4
Cimanin,malganis,767,druid,balance,12,8,4
Starbender,arygos,767,druid,balance,12,8,4
Arntu,malganis,767,druid,balance,12,8,4
Bearmäntle,ragnaros,767,druid,balance,12,8,4
Redrocket,eldrethalas,767,druid,balance,12,8,4
Xornhxb,tichondrius,767,druid,balance,12,8,4
Koluna,stormrage,767,druid,balance,12,8,4
Neurotoxins,tichondrius,767,druid,balance,12,8,4
Wizgarkin,area-52,767,druid,balance,12,8,4
Harddeenball,area-52,767,druid,balance,15,9,6
Ïny,emerald-dream,767,druid,balance,18,8,10
Tomletrain,zuljin,767,druid,balance,18,8,10
Ruckiz,stormrage,767,druid,balance,18,8,10
Whiteglade,moon-guard,767,druid,balance,18,8,10
Ebonclaw,malganis,767,druid,balance,18,8,10
Jiya,zuljin,767,druid,balance,18,8,10
Gloomcat,illidan,767,druid,balance,18,8,10
Khristine,spinebreaker,767,druid,balance,24,8,16
Narthurs,ragnaros,767,druid,balance,24,8,16
Volgoro,thrall,766,druid,balance,12,8,4
Mornis,zuljin,766,druid,balance,12,8,4
Melizaa,stormrage,766,druid,balance,12,8,4
Onidudu,frostmourne,766,druid,balance,12,8,4
Nxghtfall,tichondrius,766,druid,balance,18,8,10
Kastro,frostwolf,766,druid,balance,18,8,10
Jashrus,korgath,765,druid,balance,12,8,4
Whitekongg,blackhand,765,druid,balance,15,9,6
Sefestria,senjin,765,druid,balance,18,8,10
Tegrizelle,cenarion-circle,765,druid,balance,18,8,10
Motörcharge,bleeding-hollow,764,druid,balance,12,8,4
Aton,frostwolf,764,druid,balance,12,8,4
Apoc,bleeding-hollow,764,druid,balance,12,8,4
Justwade,tichondrius,764,druid,balance,18,8,10
Crépes,bleeding-hollow,764,druid,balance,18,8,10
Wabbehkus,barthilas,764,druid,balance,26,8,18
Psnárf,area-52,763,druid,balance,12,8,4
Eiel,undermine,763,druid,balance,12,8,4
Anttfj,mannoroth,763,druid,balance,18,8,10
Druisole,zuljin,763,druid,balance,24,8,16
Herbirove,frostmourne,762,druid,balance,12,8,4
Astromyles,tichondrius,762,druid,balance,25,8,17
Baaksau,illidan,761,druid,balance,18,8,10
Exillïs,frostmourne,761,druid,balance,23,9,14
Freyaborn,sargeras,760,druid,balance,17,9,8
Jtogethendr,area-52,759,druid,balance,12,8,4
Elsombrak,onyxia,759,druid,balance,12,8,4
Bulldog,runetotem,758,druid,balance,12,8,4
Jashyd,tichondrius,758,druid,balance,15,9,6
Boneheir,proudmoore,757,druid,balance,21,9,12
Seethert,quelthalas,751,druid,balance,12,8,4
Stormmantlé,moon-guard,735,druid,balance,17,8,9
Outclone,tichondrius,734,druid,balance,10,9,1
Outandy,quelthalas,727,druid,balance,17,8,9
Druz,spirestone,703,druid,balance,11,8,3
Jukebóx,stormrage,701,druid,balance,20,8,12
Mooncry,wyrmrest-accord,700,druid,balance,26,9,17
Alaskanimal,illidan,696,druid,balance,16,8,8
Shiftness,nordrassil,679,druid,balance,11,8,3
Tereeke,moon-guard,672,druid,balance,12,7,5
Covidcarrier,thrall,672,druid,balance,12,7,5
Donaldsr,area-52,672,druid,balance,12,7,5
Eizruk,tichondrius,672,druid,balance,12,7,5
Notsofat,deathwing,672,druid,balance,12,7,5
Supriix,moon-guard,672,druid,balance,12,7,5
Taysfriend,tichondrius,672,druid,balance,12,7,5
Rongrong,kargath,672,druid,balance,12,7,5
Hootiepie,hyjal,672,druid,balance,12,7,5
Slickthick,sargeras,672,druid,balance,12,7,5
Alteraim,thrall,672,druid,balance,12,7,5
Nbnbnb,proudmoore,672,druid,balance,12,7,5
Talinel,illidan,672,druid,balance,12,7,5
Redscyclone,dalaran,672,druid,balance,12,7,5
Zoonkin,tichondrius,672,druid,balance,12,7,5
Straitbeast,tichondrius,672,druid,balance,12,7,5
Stacker,malganis,672,druid,balance,12,7,5
Bippygucci,tichondrius,672,druid,balance,12,7,5
Riptin,kelthuzad,672,druid,balance,12,7,5
Flapping,illidan,672,druid,balance,12,7,5
Boomypower,dalaran,672,druid,balance,12,7,5
Elithyra,area-52,672,druid,balance,12,7,5
Saltkin,frostmourne,672,druid,balance,12,7,5
Suedou,moon-guard,672,druid,balance,12,7,5
Pantec,eredar,672,druid,balance,12,7,5
Hyzah,tichondrius,672,druid,balance,12,7,5
Fixxitfelix,sargeras,672,druid,balance,12,7,5
Xioqt,chogall,672,druid,balance,12,7,5
Omegablasted,tichondrius,672,druid,balance,12,7,5
Céléstial,azralon,672,druid,balance,12,7,5
Floofi,kelthuzad,672,druid,balance,12,7,5
Pepperpawz,emerald-dream,672,druid,balance,12,7,5
Martians,laughing-skull,672,druid,balance,12,7,5
Wildllama,moon-guard,672,druid,balance,12,7,5
Bronnasaurus,tichondrius,672,druid,balance,12,7,5
Kickconvoke,sargeras,672,druid,balance,12,7,5
Moonkiin,sargeras,672,druid,balance,12,7,5
Lalalu,frostmourne,672,druid,balance,15,8,7
Ginunaga,tichondrius,672,druid,balance,18,7,11
Dooruid,tichondrius,672,druid,balance,18,7,11
Sunspot,tichondrius,672,druid,balance,18,7,11
Slaÿr,malganis,672,druid,balance,18,7,11
Alastras,tichondrius,672,druid,balance,18,7,11
Avbox,proudmoore,672,druid,balance,18,7,11
Trashytrash,bleeding-hollow,672,druid,balance,18,7,11
Dupaface,stormrage,672,druid,balance,18,7,11
Dgas,tichondrius,671,druid,balance,12,7,5
Trìckyz,tichondrius,671,druid,balance,12,7,5
Tubemagnet,tichondrius,671,druid,balance,12,7,5
Bvó,stormrage,671,druid,balance,12,7,5
Stickyleavz,sargeras,671,druid,balance,12,7,5
Coochi,sargeras,671,druid,balance,12,7,5
Feathergun,ragnaros,671,druid,balance,12,7,5
Ripx,khadgar,671,druid,balance,12,7,5
Antagonist,burning-blade,671,druid,balance,12,7,5
Dobidas,tichondrius,671,druid,balance,12,7,5
Jazzmaster,barthilas,671,druid,balance,12,7,5
Juicedkin,tichondrius,671,druid,balance,12,7,5
Cashgame,malganis,671,druid,balance,12,7,5
Longstory,bonechewer,671,druid,balance,12,7,5
Catalytic,frostmourne,671,druid,balance,15,8,7
Boomfire,thaurissan,671,druid,balance,15,8,7
Starsurged,moon-guard,671,druid,balance,18,7,11
Skêet,tichondrius,671,druid,balance,18,7,11
Oakmont,darkspear,671,druid,balance,18,7,11
Barkcheeks,area-52,671,druid,balance,18,7,11
Dashio,lightnings-blade,671,druid,balance,18,7,11
Ichangeabull,bleeding-hollow,671,druid,balance,18,7,11
Dèrpin,thrall,671,druid,balance,27,8,19
Rabbismang,area-52,671,druid,balance,24,7,17
Traxxo,tichondrius,670,druid,balance,12,7,5
Torhok,azralon,670,druid,balance,12,7,5
Runhe,zuljin,670,druid,balance,12,7,5
Budtender,moon-guard,670,druid,balance,12,7,5
Chukksz,nerzhul,670,druid,balance,12,7,5
Oâk,farstriders,670,druid,balance,12,7,5
Nucleardruid,khadgar,670,druid,balance,18,7,11
Teziq,sargeras,670,druid,balance,18,7,11
Draden,moknathal,670,druid,balance,18,7,11
Bruddanature,dawnbringer,670,druid,balance,24,7,17
Eurotrance,frostmourne,669,druid,balance,12,7,5
Aviendiana,thrall,669,druid,balance,12,7,5
Flapjack,malganis,669,druid,balance,18,7,11
Hpcorrection,bleeding-hollow,669,druid,balance,18,7,11
Onecalf,tichondrius,668,druid,balance,12,7,5
Manglehornn,dalaran,668,druid,balance,14,7,7
Wresty,frostmourne,667,druid,balance,12,7,5
Ganh,demon-soul,667,druid,balance,12,7,5
Boatox,jubeithos,666,druid,balance,24,7,17
Krunge,frostwolf,665,druid,balance,12,7,5
Coqeh,frostwolf,664,druid,balance,12,7,5
Beammz,stormrage,664,druid,balance,15,8,7
Pao,nordrassil,664,druid,balance,18,7,11
Sennur,kelthuzad,663,druid,balance,12,7,5
Kångåwalafox,sargeras,663,druid,balance,12,7,5
Nazrelar,ragnaros,663,druid,balance,26,10,16
Meiling,spirestone,659,druid,balance,12,7,5
Abzuri,kiljaeden,655,druid,balance,15,8,7
Convoken,tichondrius,639,druid,balance,17,7,10
Spacéchicken,stormrage,638,druid,balance,10,8,2
Tumblr,terenas,624,druid,balance,9,7,2
Desiration,area-52,624,druid,balance,15,7,8
Neurologist,tichondrius,623,druid,balance,11,7,4
Arescarriess,shuhalo,622,druid,balance,17,7,10
Marakar,nazjatar,622,druid,balance,17,7,10
Gutanamo,stormrage,620,druid,balance,14,8,6
Chankletta,quelthalas,618,druid,balance,18,8,10
Warberton,moon-guard,616,druid,balance,15,7,8
Zalothianx,thrall,608,druid,balance,16,7,9
Lawnkin,dalaran,608,druid,balance,16,7,9
Murkdruid,frostmourne,607,druid,balance,14,7,7
Feldstarx,stormrage,607,druid,balance,14,7,7
Bleedsxd,tichondrius,606,druid,balance,14,7,7
Lunnæ,ragnaros,595,druid,balance,14,7,7
Razzldazzle,thrall,590,druid,balance,13,7,6
Ory,illidan,576,druid,balance,6,6,0
Prev,arathor,576,druid,balance,6,6,0
Mittns,arthas,576,druid,balance,6,6,0
Starsùrge,moon-guard,576,druid,balance,6,6,0
Cattpiss,tichondrius,576,druid,balance,6,6,0
Nardwaur,tichondrius,576,druid,balance,6,6,0
Claws,elune,576,druid,balance,6,6,0
Theshy,tanaris,576,druid,balance,6,6,0
Animatronz,area-52,576,druid,balance,6,6,0
Shiftzy,thrall,576,druid,balance,6,6,0
Juìcedbro,illidan,576,druid,balance,6,6,0
Trynayeet,area-52,576,druid,balance,6,6,0
Starship,frostmourne,576,druid,balance,6,6,0
Joux,barthilas,576,druid,balance,12,6,6
Zaaduu,tichondrius,576,druid,balance,12,6,6
Scykin,stormrage,576,druid,balance,12,6,6
Grayfan,malganis,576,druid,balance,12,6,6
Bar,stormrage,576,druid,balance,12,6,6
Dalaverrunis,tichondrius,576,druid,balance,12,6,6
Formz,nagrand,576,druid,balance,12,6,6
Bamfferal,tichondrius,576,druid,balance,12,6,6
Shyn,goldrinn,576,druid,balance,12,6,6
Juqzy,area-52,576,druid,balance,12,6,6
Jmackd,frostmourne,576,druid,balance,12,6,6
Polyproof,emerald-dream,576,druid,balance,12,6,6
Jamuestus,illidan,576,druid,balance,12,6,6
Birdmandaddy,bleeding-hollow,576,druid,balance,12,6,6
Jacknit,illidan,576,druid,balance,12,6,6
Tylërðûrðên,sargeras,576,druid,balance,12,6,6
Dazedru,stormrage,576,druid,balance,12,6,6
Fixn,tichondrius,576,druid,balance,12,6,6
Nature,haomarush,576,druid,balance,12,6,6
Gigathicc,malganis,576,druid,balance,12,6,6
Pincho,hyjal,576,druid,balance,12,6,6
Brocooli,tichondrius,576,druid,balance,12,6,6
Kitem,tichondrius,576,druid,balance,12,6,6
Lolimatree,proudmoore,576,druid,balance,12,6,6
Skydín,stormrage,576,druid,balance,12,6,6
Gâlaxy,sargeras,576,druid,balance,12,6,6
Chickenaeg,stormrage,576,druid,balance,12,6,6
Hudalu,wyrmrest-accord,576,druid,balance,12,6,6
Reconus,frostmourne,576,druid,balance,12,6,6
Prebark,sargeras,576,druid,balance,12,6,6
Exiledruid,area-52,576,druid,balance,12,6,6
Peteybears,stormrage,576,druid,balance,12,6,6
Loadstar,burning-blade,576,druid,balance,12,6,6
Ggae,tichondrius,576,druid,balance,12,6,6
Maidah,malganis,576,druid,balance,12,6,6
Nerfdemo,kiljaeden,576,druid,balance,12,6,6
Fungamezx,bleeding-hollow,576,druid,balance,12,6,6
Shwìftmend,area-52,576,druid,balance,12,6,6
Drulicious,tichondrius,576,druid,balance,12,6,6
Wyldfire,azjolnerub,576,druid,balance,12,6,6
Nýla,stormrage,576,druid,balance,12,6,6
Celetra,kiljaeden,576,druid,balance,12,6,6
Iefts,stormrage,576,druid,balance,12,6,6
Cantheal,frostmourne,576,druid,balance,12,6,6
Runforest,tichondrius,576,druid,balance,12,6,6
Tone,illidan,576,druid,balance,12,6,6
Treehard,malganis,576,druid,balance,12,6,6
Swapclone,sargeras,576,druid,balance,12,6,6
Wondercat,illidan,576,druid,balance,12,6,6
Zgg,ragnaros,576,druid,balance,12,6,6
Beomjun,tichondrius,576,druid,balance,12,6,6
Notpodruida,tichondrius,576,druid,balance,13,6,7
Sample,dark-iron,576,druid,balance,18,6,12
Gåiâ,malganis,576,druid,balance,18,6,12
Longnus,stormrage,576,druid,balance,18,6,12
Drphilsmith,moon-guard,576,druid,balance,18,6,12
Faletra,eitrigg,576,druid,balance,18,6,12
Sooey,wyrmrest-accord,576,druid,balance,18,6,12
Packinmeat,tichondrius,576,druid,balance,18,6,12
Proudmom,barthilas,576,druid,balance,18,6,12
Droodad,mannoroth,576,druid,balance,18,6,12
Doomky,area-52,576,druid,balance,18,6,12
Zieda,sisters-of-elune,575,druid,balance,12,6,6
Goldzin,stormrage,575,druid,balance,12,6,6
Tariksha,sargeras,575,druid,balance,12,6,6
Regnier,burning-blade,575,druid,balance,12,6,6
Runarok,ragnaros,575,druid,balance,12,6,6
Miçangak,azralon,575,druid,balance,12,6,6
Ebichu,fenris,575,druid,balance,12,6,6
Chodkiewicz,echo-isles,575,druid,balance,12,6,6
Emolia,amanthul,575,druid,balance,12,6,6
Guybranch,illidan,575,druid,balance,12,6,6
Dibinha,azralon,575,druid,balance,12,6,6
Tiju,wyrmrest-accord,575,druid,balance,18,6,12
Ahruan,stormrage,575,druid,balance,18,6,12
Einraedon,dalaran,575,druid,balance,18,6,12
Sokodruid,tichondrius,575,druid,balance,18,6,12
Samelthios,proudmoore,575,druid,balance,20,6,14
Dradugun,hyjal,574,druid,balance,12,6,6
Painsbrook,thrall,574,druid,balance,12,6,6
Rosalba,zuljin,574,druid,balance,12,6,6
Quagsire,moon-guard,574,druid,balance,18,6,12
Xinnii,illidan,573,druid,balance,18,7,11
Proñgs,tichondrius,566,druid,balance,12,6,6
Matock,malganis,543,druid,balance,11,6,5
Casaran,anetheron,543,druid,balance,11,6,5
Hchhi,ragnaros,543,druid,balance,14,7,7
Boufa,dentarg,527,druid,balance,9,7,2
Guron,aegwynn,526,druid,balance,27,6,21
Imhealer,drakkari,522,druid,balance,17,8,9
Velais,exodar,512,druid,balance,22,6,16
Gemineye,stormrage,511,druid,balance,11,6,5
Istayfrawsty,darkspear,511,druid,balance,14,6,8
Tulkan,kelthuzad,508,druid,balance,15,7,8
Rank,nerzhul,496,druid,balance,13,6,7
Beestwithin,illidan,480,druid,balance,6,5,1
Tinwhiskerz,bleeding-hollow,480,druid,balance,6,5,1
ßælot,quelthalas,480,druid,balance,6,5,1
Smitebacklol,tichondrius,480,druid,balance,6,5,1
Dtefy,ragnaros,480,druid,balance,6,5,1
Løk,sargeras,480,druid,balance,6,5,1
Oo,grizzly-hills,480,druid,balance,6,5,1
Prøspect,moon-guard,480,druid,balance,6,5,1
Grymdruid,wyrmrest-accord,480,druid,balance,6,5,1
Galadon,tichondrius,480,druid,balance,6,5,1
Blàtté,zuljin,480,druid,balance,6,5,1
Chillaxin,gundrak,480,druid,balance,6,5,1
Swergz,tichondrius,480,druid,balance,6,5,1
Daroot,spinebreaker,480,druid,balance,6,5,1
Hooffy,emerald-dream,480,druid,balance,6,5,1
Fidgy,tichondrius,480,druid,balance,6,5,1
Ragiix,tichondrius,480,druid,balance,6,5,1
Yurself,feathermoon,480,druid,balance,6,5,1
Yokux,thunderlord,480,druid,balance,6,5,1
Simperella,dalaran,480,druid,balance,6,5,1
Guår,tichondrius,480,druid,balance,6,5,1
Aoewynn,nerzhul,480,druid,balance,6,5,1
Alindrä,moon-guard,480,druid,balance,6,5,1
Dojacat,tichondrius,480,druid,balance,6,5,1
Joink,sargeras,480,druid,balance,6,5,1
Iconicxz,malganis,480,druid,balance,6,5,1
Mithroi,tichondrius,480,druid,balance,6,5,1
Zoomchicken,stormrage,480,druid,balance,6,5,1
Sandriuzs,nemesis,480,druid,balance,6,5,1
Arwëna,tichondrius,480,druid,balance,6,5,1
Rowdie,area-52,480,druid,balance,6,5,1
Rastakant,malganis,480,druid,balance,6,5,1
Crazystarz,frostmourne,480,druid,balance,6,5,1
Psychosocîal,kiljaeden,480,druid,balance,6,5,1
Fattdiabetic,tichondrius,480,druid,balance,6,5,1
Ulfaar,frostmourne,480,druid,balance,6,5,1
Canuatemyrat,tichondrius,480,druid,balance,6,5,1
Moonlitgrove,silvermoon,480,druid,balance,6,5,1
Coramoor,mannoroth,480,druid,balance,6,5,1
Hännibal,hydraxis,480,druid,balance,6,5,1
Ilovebutter,illidan,480,druid,balance,6,5,1
Megåtron,kelthuzad,480,druid,balance,6,5,1
Horizøns,gorefiend,480,druid,balance,6,5,1
Nephsis,kelthuzad,480,druid,balance,6,5,1
Shadowformer,kelthuzad,480,druid,balance,9,6,3
Nodeathz,sargeras,480,druid,balance,10,6,4
Cloninglol,darkspear,480,druid,balance,12,5,7
Bigtammy,moon-guard,480,druid,balance,12,5,7
Stratego,drenden,480,druid,balance,12,5,7
Bubblybear,winterhoof,480,druid,balance,12,5,7
Drufasä,sargeras,480,druid,balance,12,5,7
Môistman,tichondrius,480,druid,balance,12,5,7
Bullquenepas,dalaran,480,druid,balance,12,5,7
Ellysian,malganis,480,druid,balance,12,5,7
Ragerag,trollbane,480,druid,balance,12,5,7
Trippykitty,tichondrius,480,druid,balance,12,5,7
Ripter,moon-guard,480,druid,balance,12,5,7
Saucyy,malganis,480,druid,balance,12,5,7
Fakechower,stormreaver,480,druid,balance,12,5,7
Veganmom,zuluhed,480,druid,balance,12,5,7
Psycloned,undermine,480,druid,balance,12,5,7
Sharkfighter,sargeras,480,druid,balance,12,5,7
Ornaaga,blackrock,480,druid,balance,12,5,7
Phatpat,illidan,480,druid,balance,12,5,7
Milkmoneymeo,illidan,480,druid,balance,12,5,7
Vèrsusapp,thrall,480,druid,balance,12,5,7
Verdagris,skullcrusher,480,druid,balance,12,5,7
Deergut,illidan,480,druid,balance,12,5,7
Zuga,the-venture-co,480,druid,balance,12,5,7
Voelcan,tichondrius,480,druid,balance,12,5,7
Salanzô,bleeding-hollow,480,druid,balance,12,5,7
Stumphugger,tichondrius,480,druid,balance,12,5,7
Cynderellaa,proudmoore,480,druid,balance,12,5,7
Paintlicker,emerald-dream,480,druid,balance,12,5,7
Tugboat,saurfang,480,druid,balance,12,5,7
Cassatopia,zuljin,480,druid,balance,12,5,7
Bigdaddyferg,illidan,480,druid,balance,12,5,7
Sodacream,illidan,480,druid,balance,12,5,7
Beastin,queldorei,480,druid,balance,12,5,7
Havócdh,tichondrius,480,druid,balance,12,5,7
Zimah,illidan,480,druid,balance,12,5,7
Bearwithit,sargeras,480,druid,balance,12,5,7
Nöches,quelthalas,480,druid,balance,12,5,7
Trenboloone,area-52,480,druid,balance,12,5,7
Dsoul,tichondrius,480,druid,balance,12,5,7
Yoshinorii,tichondrius,480,druid,balance,12,5,7
Hream,echo-isles,480,druid,balance,12,5,7
Lickmypaws,sargeras,480,druid,balance,12,5,7
Redness,daggerspine,480,druid,balance,12,5,7
Kushkilla,malganis,480,druid,balance,12,5,7
Coomlauncher,area-52,480,druid,balance,16,6,10
Boomiè,tichondrius,480,druid,balance,18,5,13
Dobrman,sargeras,480,druid,balance,18,5,13
Chillygraves,stormrage,480,druid,balance,18,5,13
Tuppyboom,barthilas,480,druid,balance,24,5,19
Wtfiisthis,tichondrius,479,druid,balance,6,5,1
Bwokhanji,proudmoore,479,druid,balance,12,5,7
Raknary,kelthuzad,479,druid,balance,12,5,7
Smhyle,frostmourne,479,druid,balance,12,5,7
Fourthkind,illidan,479,druid,balance,12,5,7
Damallis,anubarak,479,druid,balance,12,5,7
Palermo,aerie-peak,479,druid,balance,12,5,7
Angelbigbutt,borean-tundra,479,druid,balance,12,5,7
Morphntime,blackrock,479,druid,balance,18,5,13
Loggoruk,illidan,479,druid,balance,18,5,13
Mantis,the-underbog,478,druid,balance,12,5,7
Sunneater,azuremyst,478,druid,balance,12,5,7
Wardruidkvn,stormreaver,474,druid,balance,35,5,30
Formgodx,malganis,448,druid,balance,16,5,11
Bearcathawk,sargeras,447,druid,balance,11,5,6
Kyuub,barthilas,446,druid,balance,11,5,6
Simeron,silvermoon,431,druid,balance,11,5,6
Féralis,sargeras,431,druid,balance,11,5,6
Versena,moon-guard,426,druid,balance,15,6,9
Theriomorph,barthilas,424,druid,balance,28,6,22
Feond,illidan,416,druid,balance,10,5,5
Sneakichode,tichondrius,415,druid,balance,8,5,3
Thebruiser,baelgun,415,druid,balance,14,5,9
Haallanna,thunderlord,412,druid,balance,10,5,5
Gigajuiced,proudmoore,400,druid,balance,7,5,2
Äbÿss,tichondrius,400,druid,balance,7,5,2
Altha,proudmoore,400,druid,balance,13,5,8
Nevershiftx,kirin-tor,384,druid,balance,6,4,2
Boomtre,malganis,384,druid,balance,6,4,2
Kkamagwi,illidan,384,druid,balance,6,4,2
Upps,kelthuzad,384,druid,balance,6,4,2
Medsurgdruid,emerald-dream,384,druid,balance,6,4,2
Oldcreg,emerald-dream,384,druid,balance,6,4,2
Spèèdy,illidan,384,druid,balance,6,4,2
Kiwidru,frostmourne,384,druid,balance,6,4,2
Bäldir,dalaran,384,druid,balance,6,4,2
Bearlylegál,sargeras,384,druid,balance,6,4,2
Nicklul,llane,384,druid,balance,6,4,2
Fuzzytaco,stormrage,384,druid,balance,6,4,2
Mcdizzil,bloodscalp,384,druid,balance,6,4,2
Cujjoh,tichondrius,384,druid,balance,6,4,2
Withwind,dalaran,384,druid,balance,6,4,2
Shinazugawa,maiev,384,druid,balance,6,4,2
Küb,sargeras,384,druid,balance,6,4,2
Socknsandals,tichondrius,384,druid,balance,6,4,2
Còry,kiljaeden,384,druid,balance,6,4,2
Nightshift,dalvengyr,384,druid,balance,6,4,2
Tankyguy,ragnaros,384,druid,balance,6,4,2
Elonmuskirl,illidan,384,druid,balance,6,4,2
Kunigami,malganis,384,druid,balance,6,4,2
Duo,demon-soul,384,druid,balance,6,4,2
Joiczar,maelstrom,384,druid,balance,6,4,2
Söökie,tichondrius,384,druid,balance,6,4,2
Korlstone,zuljin,384,druid,balance,6,4,2
Anamoorphicc,kelthuzad,384,druid,balance,6,4,2
Givemethatcr,tichondrius,384,druid,balance,6,4,2
Gønkh,quelthalas,384,druid,balance,6,4,2
Gameisass,illidan,384,druid,balance,6,4,2
Ðrood,bleeding-hollow,384,druid,balance,6,4,2
Selfplay,barthilas,384,druid,balance,6,4,2
Yoshí,emerald-dream,384,druid,balance,6,4,2
Splintered,kelthuzad,384,druid,balance,6,4,2
Matinee,tichondrius,384,druid,balance,6,4,2
Lunchßox,emerald-dream,384,druid,balance,6,4,2
Germainee,shandris,384,druid,balance,6,4,2
Critkatbear,detheroc,384,druid,balance,6,4,2
Zxve,stormrage,384,druid,balance,6,4,2
Clawyou,illidan,384,druid,balance,6,4,2
Hbf,tichondrius,384,druid,balance,6,4,2
Mmbessa,tichondrius,384,druid,balance,6,4,2
Drmnheal,frostmourne,384,druid,balance,6,4,2
Seekamp,khazgoroth,384,druid,balance,6,4,2
Déi,malganis,384,druid,balance,6,4,2
Blams,stormrage,384,druid,balance,6,4,2
Kiddohhz,tichondrius,384,druid,balance,6,4,2
Nidalie,frostmourne,384,druid,balance,6,4,2
Nicenature,gilneas,384,druid,balance,6,4,2
Cleppy,korgath,384,druid,balance,6,4,2
Sethfurian,magtheridon,384,druid,balance,6,4,2
Jherdugo,durotan,384,druid,balance,6,4,2
Bäyter,tichondrius,384,druid,balance,6,4,2
Daddyfresh,ursin,384,druid,balance,6,4,2
Somarythe,moon-guard,384,druid,balance,6,4,2
Twostars,thrall,384,druid,balance,6,4,2
Dokasaurus,lightbringer,384,druid,balance,6,4,2
Notadopted,sargeras,384,druid,balance,6,4,2
Luvgames,area-52,384,druid,balance,6,4,2
Shînx,malganis,384,druid,balance,6,4,2
Sappyroots,area-52,384,druid,balance,6,4,2
Tinishaker,ragnaros,384,druid,balance,6,4,2
Kornobluss,azralon,384,druid,balance,6,4,2
Qyuka,area-52,384,druid,balance,6,4,2
Oscillater,illidan,384,druid,balance,6,4,2
Deelark,skywall,384,druid,balance,6,4,2
Lukass,tichondrius,384,druid,balance,6,4,2
Boomkinbob,malganis,384,druid,balance,6,4,2
Iloveweed,tichondrius,384,druid,balance,6,4,2
Trogshift,blackrock,384,druid,balance,6,4,2
Balancz,thrall,384,druid,balance,10,5,5
Tasselhoof,hyjal,384,druid,balance,12,4,8
Amaryllis,the-underbog,384,druid,balance,12,4,8
Omnipaw,kelthuzad,384,druid,balance,12,4,8
Slottpocket,malganis,384,druid,balance,12,4,8
Aesthetical,frostmourne,384,druid,balance,12,4,8
Bowlpacka,malganis,384,druid,balance,12,4,8
Aexs,kelthuzad,384,druid,balance,12,4,8
Lilrichdps,sargeras,384,druid,balance,12,4,8
Stormclaw,elune,384,druid,balance,12,4,8
Blipshift,tichondrius,384,druid,balance,12,4,8
Dweralin,nemesis,384,druid,balance,12,4,8
Sinistuhd,tichondrius,384,druid,balance,12,4,8
Bignosecow,illidan,384,druid,balance,12,4,8
Veyrønn,stormrage,384,druid,balance,12,4,8
Uckin,bleeding-hollow,384,druid,balance,12,4,8
Altius,drakkari,384,druid,balance,12,4,8
Winmax,tichondrius,384,druid,balance,12,4,8
Zenowl,turalyon,384,druid,balance,12,4,8
Simo,kaelthas,384,druid,balance,12,4,8
Wintarz,sargeras,384,druid,balance,12,4,8
Donti,laughing-skull,384,druid,balance,12,4,8
Lutein,tichondrius,384,druid,balance,12,4,8
Jakermans,area-52,384,druid,balance,12,4,8
Purrfessor,proudmoore,384,druid,balance,12,4,8
Bigsmurph,illidan,384,druid,balance,12,4,8
Alexserina,dalaran,384,druid,balance,12,4,8
Necromos,argent-dawn,384,druid,balance,12,4,8
Sorh,stormrage,384,druid,balance,12,4,8
Shinoßi,area-52,384,druid,balance,12,4,8
Vashida,stormrage,384,druid,balance,12,4,8
Dirtytiger,sargeras,384,druid,balance,12,4,8
Menlove,area-52,384,druid,balance,12,4,8
Maular,jubeithos,384,druid,balance,18,4,14
Spatulas,malganis,384,druid,balance,18,4,14
Katdog,warsong,384,druid,balance,18,4,14
Kukulkann,tichondrius,383,druid,balance,6,4,2
Donokokiya,destromath,383,druid,balance,6,4,2
Aessinawisp,frostmourne,383,druid,balance,6,4,2
Thiccybear,darkspear,383,druid,balance,6,4,2
Papitank,drakkari,383,druid,balance,6,4,2
Nahlem,greymane,383,druid,balance,6,4,2
Kornaz,guldan,383,druid,balance,6,4,2
Xisloko,azralon,383,druid,balance,6,4,2
Chatdôux,zuljin,383,druid,balance,6,4,2
Tyrana,bloodscalp,383,druid,balance,6,4,2
Balthøs,moon-guard,383,druid,balance,6,4,2
Skke,barthilas,383,druid,balance,12,4,8
Scienttific,malganis,383,druid,balance,12,4,8
Tïcks,illidan,383,druid,balance,12,4,8
Pãl,quelthalas,383,druid,balance,12,4,8
Nukaboom,elune,382,druid,balance,6,4,2
Boomanon,illidan,382,druid,balance,6,4,2
Psychoboomi,bleeding-hollow,382,druid,balance,6,4,2
Korduroi,malygos,380,druid,balance,12,4,8
Meowfacebby,stormrage,367,druid,balance,11,4,7
Teladrizzle,dalaran,351,druid,balance,11,4,7
Rahdek,azgalor,330,druid,balance,7,5,2
Kimnim,tichondrius,330,druid,balance,9,6,3
Ihjx,sargeras,330,druid,balance,11,6,5
Yangrou,tichondrius,330,druid,balance,11,5,6
Tugond,tichondrius,330,druid,balance,22,5,17
Mythianan,aggramar,328,druid,balance,10,7,3
Raquelíta,stormrage,319,druid,balance,5,4,1
Tehnklox,malorne,319,druid,balance,5,4,1
Riddickd,malfurion,288,druid,balance,11,6,5
Rhorr,frostmourne,288,druid,balance,6,3,3
Cdrü,illidan,288,druid,balance,6,3,3
Bleedum,guldan,288,druid,balance,6,3,3
Azoth,hyjal,288,druid,balance,6,3,3
Cronosphere,stormrage,288,druid,balance,6,3,3
Rúdo,quelthalas,288,druid,balance,6,3,3
Aroxus,tichondrius,288,druid,balance,6,3,3
Koreanboom,tichondrius,288,druid,balance,6,3,3
Jayroneowo,frostmourne,288,druid,balance,6,3,3
Ménd,thrall,288,druid,balance,6,3,3
Endingitall,illidan,288,druid,balance,6,3,3
Shalaz,magtheridon,288,druid,balance,6,3,3
Taztoc,stormrage,288,druid,balance,6,3,3
Vykarux,suramar,288,druid,balance,6,3,3
Alleae,stormrage,288,druid,balance,6,3,3
Sodapoopins,stormrage,288,druid,balance,6,3,3
Pergutory,frostmourne,288,druid,balance,6,3,3
Delrin,garona,288,druid,balance,6,3,3
Fauck,illidan,288,druid,balance,6,3,3
Alcorria,area-52,288,druid,balance,6,3,3
Celestialife,frostmourne,288,druid,balance,6,3,3
Shaftomatic,tichondrius,288,druid,balance,6,3,3
Laazz,area-52,288,druid,balance,6,3,3
Dsavart,stormrage,288,druid,balance,6,3,3
Cutely,tichondrius,288,druid,balance,6,3,3
Sypìí,stormrage,288,druid,balance,6,3,3
Teribad,area-52,288,druid,balance,6,3,3
Astería,sentinels,288,druid,balance,6,3,3
Noheárt,kelthuzad,288,druid,balance,6,3,3
Hallwanted,area-52,288,druid,balance,6,3,3
Helpmeimbad,stormrage,288,druid,balance,6,3,3
Deimos,jubeithos,288,druid,balance,6,3,3
Levelboostx,tichondrius,288,druid,balance,6,3,3
Jyuaiai,tichondrius,288,druid,balance,6,3,3
Ferar,frostmourne,288,druid,balance,6,3,3
Guidoanchovz,thrall,288,druid,balance,6,3,3
Silynce,tichondrius,288,druid,balance,6,3,3
Loraxx,bleeding-hollow,288,druid,balance,6,3,3
Jabawockdeez,area-52,288,druid,balance,6,3,3
Brodinmmx,bleeding-hollow,288,druid,balance,6,3,3
Thumpb,bronzebeard,288,druid,balance,6,3,3
Sáwá,frostmourne,288,druid,balance,6,3,3
Çãñçèr,frostmourne,288,druid,balance,6,3,3
Cbark,ravencrest,288,druid,balance,6,3,3
Bridgerén,tichondrius,288,druid,balance,6,3,3
Haaha,area-52,288,druid,balance,6,3,3
Ÿùp,tichondrius,288,druid,balance,6,3,3
Bearys,area-52,288,druid,balance,6,3,3
Loren,gorefiend,288,druid,balance,6,3,3
Tsochickenn,bleeding-hollow,288,druid,balance,6,3,3
Waiv,area-52,288,druid,balance,6,3,3
Ðeepsixx,burning-legion,288,druid,balance,6,3,3
Icefang,tichondrius,288,druid,balance,6,3,3
Voodoopipe,tichondrius,288,druid,balance,6,3,3
Bhíkkhu,stormrage,288,druid,balance,6,3,3
Iploopedyogf,bleeding-hollow,288,druid,balance,6,3,3
Leafthief,whisperwind,288,druid,balance,6,3,3
Druidma,aegwynn,288,druid,balance,6,3,3
Nutbutterpie,stormrage,288,druid,balance,6,3,3
Tabbo,uther,288,druid,balance,6,3,3
Kalalana,illidan,288,druid,balance,6,3,3
Fengfeidruid,illidan,288,druid,balance,6,3,3
Jxred,illidan,288,druid,balance,6,3,3
Teddybëar,illidan,288,druid,balance,6,3,3
Deathprofit,thrall,288,druid,balance,6,3,3
Mar,misha,288,druid,balance,6,3,3
Jerm,coilfang,288,druid,balance,6,3,3
Healthycow,illidan,288,druid,balance,6,3,3
Jpylm,ysera,288,druid,balance,6,3,3
Wuckfød,tichondrius,288,druid,balance,6,3,3
Kî,thunderlord,288,druid,balance,6,3,3
Nidalie,zuljin,288,druid,balance,6,3,3
Rykudruid,azuremyst,288,druid,balance,6,3,3
Papacard,stormrage,288,druid,balance,6,3,3
Pawpa,daggerspine,288,druid,balance,6,3,3
Kaldelar,emerald-dream,288,druid,balance,6,3,3
Jammi,skywall,288,druid,balance,6,3,3
Luuxia,tichondrius,288,druid,balance,6,3,3
Beörne,sargeras,288,druid,balance,6,3,3
Revitalize,shadowsong,288,druid,balance,6,3,3
Targeted,sargeras,288,druid,balance,6,3,3
Sodah,tichondrius,288,druid,balance,6,3,3
Kyndel,kiljaeden,288,druid,balance,6,3,3
Silkyroad,tichondrius,288,druid,balance,6,3,3
Wp,proudmoore,288,druid,balance,6,3,3
Akiza,sargeras,288,druid,balance,6,3,3
Spooser,proudmoore,288,druid,balance,6,3,3
Slütcakes,tichondrius,288,druid,balance,6,3,3
Dauncy,sargeras,288,druid,balance,6,3,3
Besto,moon-guard,288,druid,balance,6,3,3
Druidnim,tichondrius,288,druid,balance,6,3,3
Crotchlicker,bloodscalp,288,druid,balance,6,3,3
Sylvanna,tichondrius,288,druid,balance,6,3,3
Clubs,sargeras,288,druid,balance,6,3,3
Ohsnapz,silvermoon,288,druid,balance,6,3,3
Redwallon,emerald-dream,288,druid,balance,6,3,3
Icastsmells,tichondrius,288,druid,balance,6,3,3
Däll,tichondrius,288,druid,balance,6,3,3
Kuaite,azralon,288,druid,balance,6,3,3
Krittykitkat,chogall,288,druid,balance,9,4,5
Vawdka,proudmoore,288,druid,balance,9,4,5
Bigswaag,malganis,288,druid,balance,7,3,4
Xail,hyjal,288,druid,balance,8,3,5
Retsarehard,illidan,288,druid,balance,8,3,5
Wreckingcrew,emerald-dream,288,druid,balance,8,3,5
Alalletsa,destromath,288,druid,balance,12,3,9
Mulgorer,tichondrius,288,druid,balance,12,3,9
Mukay,stormrage,288,druid,balance,12,3,9
Nintrus,nazjatar,288,druid,balance,12,3,9
Nightnes,sargeras,288,druid,balance,12,3,9
Jalapenoz,wyrmrest-accord,288,druid,balance,12,3,9
Uezzon,tol-barad,288,druid,balance,12,3,9
Xalstarrot,sargeras,288,druid,balance,12,3,9
Scythé,stormrage,288,druid,balance,12,3,9
Gilgorash,kiljaeden,288,druid,balance,12,3,9
Drchronic,boulderfist,288,druid,balance,12,3,9
Cêania,moon-guard,288,druid,balance,12,3,9
Teyollocuani,sargeras,288,druid,balance,12,3,9
Koan,proudmoore,288,druid,balance,12,3,9
Plye,korgath,288,druid,balance,12,3,9
Runestar,malganis,288,druid,balance,12,3,9
Machinex,illidan,288,druid,balance,12,3,9
Meowzedon,sargeras,288,druid,balance,12,3,9
Evarene,vashj,288,druid,balance,12,3,9
Hottiecake,bronzebeard,288,druid,balance,12,3,9
Plopperoo,caelestrasz,288,druid,balance,12,3,9
Loathe,korialstrasz,288,druid,balance,12,3,9
Mørphea,darkspear,288,druid,balance,12,3,9
Davelombardo,tichondrius,288,druid,balance,12,3,9
Edinhalfhorn,bonechewer,288,druid,balance,12,3,9
Feyrien,dalaran,288,druid,balance,12,3,9
Killersilent,quelthalas,288,druid,balance,18,3,15
Johnee,barthilas,287,druid,balance,6,3,3
Wweegyy,tichondrius,287,druid,balance,6,3,3
Guston,lightbringer,287,druid,balance,6,3,3
Ravii,nemesis,287,druid,balance,6,3,3
Kniitvekitta,jubeithos,287,druid,balance,6,3,3
Wiseoldman,jubeithos,286,druid,balance,6,3,3
Dainerysz,proudmoore,286,druid,balance,6,3,3
Biig,stormreaver,275,druid,balance,11,9,2
Clownprince,barthilas,256,druid,balance,10,3,7
Minxminx,moon-guard,256,druid,balance,10,3,7
Vollzar,sargeras,255,druid,balance,11,3,8
Oddclaw,stormrage,239,druid,balance,5,3,2
Bigtoeess,tichondrius,239,druid,balance,5,3,2
Corym,frostmourne,239,druid,balance,11,3,8
Gorfrog,tichondrius,234,druid,balance,9,4,5
Mclarenz,frostmourne,223,druid,balance,8,3,5
Variandruid,kelthuzad,223,druid,balance,8,3,5
Jazzman,jubeithos,223,druid,balance,14,3,11
Flummoz,frostmourne,192,druid,balance,4,3,1
Niwßor,azralon,192,druid,balance,10,4,6
Meowed,sargeras,192,druid,balance,6,2,4
Spicyorange,dalaran,192,druid,balance,6,2,4
Tansdruid,area-52,192,druid,balance,6,2,4
Hoptimus,zuljin,192,druid,balance,6,2,4
Cérus,barthilas,192,druid,balance,6,2,4
Hellabanx,tichondrius,192,druid,balance,6,2,4
Bubblebraìn,area-52,192,druid,balance,6,2,4
Hasemilë,dalaran,192,druid,balance,6,2,4
Crycloné,stormrage,192,druid,balance,6,2,4
Injeckx,tichondrius,192,druid,balance,6,2,4
Mòónwhisper,moon-guard,192,druid,balance,6,2,4
Centauri,shandris,192,druid,balance,6,2,4
Hzu,kelthuzad,192,druid,balance,6,2,4
Nokitty,tichondrius,192,druid,balance,6,2,4
Stones,lightbringer,192,druid,balance,6,2,4
Isunami,emerald-dream,192,druid,balance,6,2,4
Kimgurdian,tichondrius,192,druid,balance,6,2,4
Glowstixz,tichondrius,192,druid,balance,6,2,4
Dedgame,malfurion,192,druid,balance,6,2,4
Outofreach,tichondrius,192,druid,balance,6,2,4
Slavenhausen,azralon,192,druid,balance,6,2,4
Xay,runetotem,192,druid,balance,6,2,4
Bullwïnkle,uther,192,druid,balance,6,2,4
Tp,dragonblight,192,druid,balance,6,2,4
Cbreezyy,tichondrius,192,druid,balance,6,2,4
Kångåwålafox,sargeras,192,druid,balance,6,2,4
Potus,illidan,192,druid,balance,6,2,4
Lindsanr,illidan,192,druid,balance,6,2,4
Laymonath,elune,192,druid,balance,6,2,4
Malcavelli,tichondrius,192,druid,balance,6,2,4
Ganjácookies,stormrage,192,druid,balance,6,2,4
Phatê,nerzhul,192,druid,balance,6,2,4
Speaks,moon-guard,192,druid,balance,6,2,4
Natureww,sargeras,192,druid,balance,6,2,4
Blackchina,tichondrius,192,druid,balance,6,2,4
Linful,tichondrius,192,druid,balance,6,2,4
Explicít,sargeras,192,druid,balance,6,2,4
Aprendíz,azralon,192,druid,balance,6,2,4
Absentteeth,stormrage,192,druid,balance,6,2,4
Zigh,azralon,192,druid,balance,6,2,4
Boomtastik,frostmourne,192,druid,balance,6,2,4
Saìyori,area-52,192,druid,balance,6,2,4
Pawswap,tichondrius,192,druid,balance,6,2,4
Jackdru,illidan,192,druid,balance,6,2,4
Hagenws,azralon,192,druid,balance,6,2,4
Totorostard,tichondrius,192,druid,balance,6,2,4
Katherine,moon-guard,192,druid,balance,6,2,4
Astroprof,bloodscalp,192,druid,balance,6,2,4
Feorb,azuremyst,192,druid,balance,6,2,4
Mäûled,fizzcrank,192,druid,balance,6,2,4
Azshunara,moon-guard,192,druid,balance,6,2,4
Sloppysheila,sargeras,192,druid,balance,6,2,4
Satyrø,frostmourne,192,druid,balance,6,2,4
Lilherb,azralon,192,druid,balance,6,2,4
Enyu,sargeras,192,druid,balance,6,2,4
Chèétøhz,moon-guard,192,druid,balance,6,2,4
Kitsurumi,ragnaros,192,druid,balance,6,2,4
Deadpoóll,area-52,192,druid,balance,6,2,4
Skylightt,illidan,192,druid,balance,6,2,4
Hawtzi,stormrage,192,druid,balance,6,2,4
Mythicdruid,ragnaros,192,druid,balance,6,2,4
Bearhug,dragonmaw,192,druid,balance,6,2,4
Octacer,malfurion,192,druid,balance,6,2,4
Srbestias,quelthalas,192,druid,balance,6,2,4
Moistism,tichondrius,192,druid,balance,6,2,4
Jujubeartank,darkspear,192,druid,balance,6,2,4
Markóla,stormrage,192,druid,balance,6,2,4
Hawgs,bleeding-hollow,192,druid,balance,6,2,4
Schnitter,thrall,192,druid,balance,6,2,4
Lappz,malganis,192,druid,balance,6,2,4
Loodichriss,area-52,192,druid,balance,6,2,4
Sweetcat,malganis,192,druid,balance,6,2,4
Shredstitute,tichondrius,192,druid,balance,6,2,4
Milkz,zuljin,192,druid,balance,6,2,4
Jitlit,malganis,192,druid,balance,6,2,4
Bobobear,proudmoore,192,druid,balance,6,2,4
Hancalimon,nemesis,192,druid,balance,6,2,4
Guap,bleeding-hollow,192,druid,balance,6,2,4
Soviclol,malganis,192,druid,balance,6,2,4
Wtfhommie,madoran,192,druid,balance,6,2,4
Flarkage,area-52,192,druid,balance,6,2,4
Adonalsium,area-52,192,druid,balance,6,2,4
Lilgushy,area-52,192,druid,balance,6,2,4
Murrmerly,moon-guard,192,druid,balance,6,2,4
Skig,stormreaver,192,druid,balance,6,2,4
Blassen,sargeras,192,druid,balance,6,2,4
Treezyn,sargeras,192,druid,balance,6,2,4
Bigboomy,sargeras,192,druid,balance,6,2,4
Wokker,mannoroth,192,druid,balance,6,2,4
Malffurryan,draktharon,192,druid,balance,6,2,4
Arienne,kelthuzad,192,druid,balance,6,2,4
Moonhorn,kelthuzad,192,druid,balance,6,2,4
Cathelyana,tichondrius,192,druid,balance,10,3,7
Panchuwuanky,sargeras,192,druid,balance,8,2,6
Alluminax,sargeras,192,druid,balance,12,2,10
Trisinz,perenolde,192,druid,balance,12,2,10
Unhappystill,tichondrius,192,druid,balance,12,2,10
Visûcius,moon-guard,192,druid,balance,12,2,10
Daydaygo,illidan,192,druid,balance,12,2,10
Papaland,tichondrius,192,druid,balance,12,2,10
Rakuath,zuljin,192,druid,balance,12,2,10
Thundyrcat,tichondrius,192,druid,balance,12,2,10
Pusscat,illidan,192,druid,balance,18,2,16
Thicchicken,emerald-dream,191,druid,balance,12,2,10
Sludgischonk,stormrage,159,druid,balance,5,2,3
Stealthhero,lightbringer,159,druid,balance,5,2,3
Irontree,dunemaul,159,druid,balance,5,2,3
Moonkingx,ragnaros,159,druid,balance,5,2,3
Formality,kalecgos,159,druid,balance,5,2,3
Xylemcow,malganis,159,druid,balance,5,2,3
Mayarí,sargeras,159,druid,balance,16,3,13
Appitrap,emerald-dream,137,druid,balance,19,3,16
Nightruffles,moon-guard,128,druid,balance,4,2,2
Hirtenweg,stormrage,127,druid,balance,14,2,12
Aeo,frostmourne,112,druid,balance,7,2,5
Stradamus,sargeras,96,druid,balance,3,2,1
Yøpièrre,bleeding-hollow,96,druid,balance,3,2,1
Alistar,scilla,96,druid,balance,3,2,1
Dendríta,ragnaros,96,druid,balance,6,1,5
Travys,sargeras,96,druid,balance,6,1,5
Goodhealer,akama,96,druid,balance,6,1,5
Sinapticc,proudmoore,96,druid,balance,6,1,5
Harambetwo,quelthalas,96,druid,balance,6,1,5
Chalupà,illidan,96,druid,balance,6,1,5
Brucey,khadgar,96,druid,balance,6,1,5
Rennan,cenarius,96,druid,balance,6,1,5
Schlaankeyy,stormrage,96,druid,balance,6,1,5
Oatmeals,fizzcrank,96,druid,balance,6,1,5
Sheeftah,illidan,96,druid,balance,6,1,5
Feralmain,illidan,96,druid,balance,6,1,5
Scatpanties,moon-guard,96,druid,balance,6,1,5
Walkdown,turalyon,96,druid,balance,6,1,5
Klint,darkspear,96,druid,balance,6,1,5
Thissaene,sargeras,96,druid,balance,6,1,5
Zazinium,illidan,96,druid,balance,6,1,5
Torpina,malganis,96,druid,balance,6,1,5
Aelena,whisperwind,96,druid,balance,6,1,5
Caponetonejr,steamwheedle-cartel,96,druid,balance,6,1,5
Lharast,stormrage,96,druid,balance,6,1,5
Skaidi,quelthalas,96,druid,balance,6,1,5
Stinkycrotch,malganis,96,druid,balance,6,1,5
Stalfrus,area-52,96,druid,balance,6,1,5
Cloyer,stormrage,96,druid,balance,6,1,5
Oyweklefga,kelthuzad,96,druid,balance,6,1,5
Drilnos,hyjal,96,druid,balance,6,1,5
Sneakydikns,tichondrius,96,druid,balance,6,1,5
Interfury,magtheridon,96,druid,balance,6,1,5
Youlived,aegwynn,96,druid,balance,6,1,5
Slackoth,dalaran,96,druid,balance,6,1,5
Grimmb,emerald-dream,96,druid,balance,6,1,5
Shmooglite,emerald-dream,96,druid,balance,6,1,5
Gaìjin,barthilas,96,druid,balance,6,1,5
Ultracatx,tichondrius,96,druid,balance,6,1,5
Mirudru,stormrage,96,druid,balance,6,1,5
Breedable,elune,96,druid,balance,6,1,5
Furryluvr,tichondrius,96,druid,balance,6,1,5
Notdev,grizzly-hills,96,druid,balance,6,1,5
Sundae,khazgoroth,96,druid,balance,6,1,5
Tsaß,bleeding-hollow,96,druid,balance,6,1,5
Bernwolf,moon-guard,96,druid,balance,6,1,5
Øvernight,azralon,96,druid,balance,6,1,5
Zelø,zuljin,96,druid,balance,6,1,5
Chulogringo,tichondrius,96,druid,balance,6,1,5
Kipsmiffly,darkspear,96,druid,balance,6,1,5
Edorant,illidan,96,druid,balance,6,1,5
Omegabeast,frostmourne,96,druid,balance,6,1,5
Kirrel,frostmourne,96,druid,balance,6,1,5
Ggumy,tichondrius,96,druid,balance,6,1,5
Idontknowbro,bonechewer,96,druid,balance,6,1,5
Hurloon,demon-soul,96,druid,balance,6,1,5
Elivacheth,zuljin,96,druid,balance,6,1,5
Invisakitty,demon-soul,96,druid,balance,6,1,5
Anímorph,sargeras,96,druid,balance,6,1,5
Scarn,nathrezim,96,druid,balance,6,1,5
Selling,moon-guard,96,druid,balance,6,1,5
Florgsgorgan,sargeras,96,druid,balance,6,1,5
Faldrynn,sargeras,96,druid,balance,6,1,5
Boomybum,bleeding-hollow,96,druid,balance,6,1,5
Watchlady,thunderhorn,96,druid,balance,6,1,5
Encosan,azralon,96,druid,balance,7,1,6
Simbaa,blades-edge,96,druid,balance,10,1,9
Kängawalafox,frostmourne,96,druid,balance,12,1,11
Kodrän,stormrage,96,druid,balance,12,1,11
Ranokaliki,tichondrius,89,druid,balance,10,3,7
Drewcarriesu,arthas,79,druid,balance,5,2,3
Foggie,spirestone,79,druid,balance,5,1,4
Hydraulick,tichondrius,79,druid,balance,5,1,4
Manalune,firetree,79,druid,balance,5,1,4
Raahmirtah,illidan,79,druid,balance,5,1,4
Lutzenberger,nemesis,79,druid,balance,5,1,4
Zephiee,kelthuzad,79,druid,balance,5,1,4
Doingo,destromath,79,druid,balance,11,1,10
Morpheûs,bleeding-hollow,64,druid,balance,4,1,3
Hughhefferr,illidan,63,druid,balance,2,2,0
Policë,skullcrusher,42,druid,balance,8,2,6
Krooksy,tichondrius,42,druid,balance,8,2,6
Naturae,spirestone,31,druid,balance,2,1,1
Highs,sargeras,16,druid,balance,1,1,0
Garbagevoker,scilla,2242,evoker,preservation,192,99,93
Dracob,sargeras,2180,evoker,preservation,252,140,112
Sleepiihead,stormrage,2130,evoker,preservation,96,50,46
Meraxes,moonrunner,2124,evoker,preservation,131,64,67
Sleepiiheadx,stormrage,2112,evoker,preservation,114,63,51
Dragocula,tichondrius,2106,evoker,preservation,109,55,54
Sheepstealer,shuhalo,2104,evoker,preservation,133,69,64
Jakedrake,stormrage,2062,evoker,preservation,235,117,118
Idk,proudmoore,2004,evoker,preservation,66,34,32
Kiry,emerald-dream,1998,evoker,preservation,90,44,46
Lucardeht,illidan,1996,evoker,preservation,62,35,27
Eskrizzle,thrall,1991,evoker,preservation,78,38,40
Jdbthyr,malganis,1989,evoker,preservation,245,118,127
Eyjes,stormrage,1977,evoker,preservation,175,93,82
Kallie,whisperwind,1971,evoker,preservation,503,250,253
Dracthyrfang,elune,1962,evoker,preservation,226,113,113
Healpumper,kelthuzad,1950,evoker,preservation,70,41,29
Walf,stormrage,1941,evoker,preservation,385,197,188
Storeypagoda,tichondrius,1939,evoker,preservation,131,68,63
Idrinkurine,tichondrius,1918,evoker,preservation,88,45,43
Ellafortnite,emerald-dream,1915,evoker,preservation,55,31,24
Didy,tichondrius,1913,evoker,preservation,351,173,178
Advancedonly,tichondrius,1912,evoker,preservation,54,26,28
Soô,tichondrius,1900,evoker,preservation,36,20,16
Sloane,dunemaul,1899,evoker,preservation,51,32,19
Bimbus,illidan,1887,evoker,preservation,154,85,69
Philmcracken,proudmoore,1883,evoker,preservation,34,24,10
Joc,khazgoroth,1881,evoker,preservation,83,49,34
Benym,tichondrius,1873,evoker,preservation,60,32,28
Lieferant,area-52,1867,evoker,preservation,48,25,23
Draconian,frostmourne,1866,evoker,preservation,76,36,40
Drupy,tichondrius,1860,evoker,preservation,60,31,29
Dragongunz,illidan,1853,evoker,preservation,48,21,27
Dragonkok,stormrage,1848,evoker,preservation,48,28,20
Thnake,zuljin,1839,evoker,preservation,72,38,34
Ancalagøn,ragnaros,1833,evoker,preservation,70,35,35
Ojigi,sargeras,1833,evoker,preservation,69,28,41
Driceses,area-52,1831,evoker,preservation,72,44,28
Versezz,tichondrius,1829,evoker,preservation,42,28,14
Iba,tichondrius,1828,evoker,preservation,96,54,42
Ravebae,frostmourne,1828,evoker,preservation,45,25,20
Neskor,moon-guard,1827,evoker,preservation,101,58,43
Hamine,tichondrius,1825,evoker,preservation,113,52,61
Dunkinonem,black-dragonflight,1823,evoker,preservation,789,399,390
Cenchii,proudmoore,1822,evoker,preservation,54,28,26
Patzdormu,area-52,1812,evoker,preservation,73,32,41
Mngxaltx,ragnaros,1810,evoker,preservation,96,42,54
Zarref,sargeras,1809,evoker,preservation,48,26,22
Hlaargh,illidan,1809,evoker,preservation,60,31,29
Dragonclause,stormrage,1809,evoker,preservation,72,32,40
Aymadragon,sargeras,1807,evoker,preservation,68,38,30
Furegos,zuljin,1807,evoker,preservation,48,23,25
Lodekiim,malganis,1806,evoker,preservation,66,30,36
Mcdonovan,stormrage,1805,evoker,preservation,81,36,45
Révoked,magtheridon,1802,evoker,preservation,323,179,144
Dragonchip,bleeding-hollow,1801,evoker,preservation,101,46,55
Selkisaurus,area-52,1801,evoker,preservation,90,39,51
Obama,dragonmaw,1801,evoker,preservation,78,33,45
Novustrasza,lightbringer,1800,evoker,preservation,66,43,23
Petezra,ragnaros,1800,evoker,preservation,70,33,37
Livesey,thunderhorn,1791,evoker,preservation,96,56,40
Usedbandage,sargeras,1780,evoker,preservation,235,125,110
Dweamfuego,sargeras,1777,evoker,preservation,30,19,11
Drerick,illidan,1772,evoker,preservation,104,53,51
Fatsu,executus,1768,evoker,preservation,54,24,30
Dragontrees,illidan,1765,evoker,preservation,54,28,26
Enderal,stormrage,1765,evoker,preservation,48,24,24
Fxii,tichondrius,1760,evoker,preservation,30,24,6
Neocellx,frostwolf,1757,evoker,preservation,55,31,24
Ugg,stormrage,1756,evoker,preservation,171,76,95
Elimi,tichondrius,1748,evoker,preservation,36,22,14
Berquone,tichondrius,1747,evoker,preservation,72,31,41
Áäøxgød,ravencrest,1747,evoker,preservation,70,29,41
Starkiller,stormrage,1745,evoker,preservation,60,37,23
Phooby,sargeras,1736,evoker,preservation,72,37,35
Rosestrasza,silvermoon,1734,evoker,preservation,132,63,69
Stønemonkey,sargeras,1730,evoker,preservation,147,73,74
Skyheal,ragnaros,1728,evoker,preservation,36,21,15
Dirtydragon,uther,1724,evoker,preservation,54,22,32
Kainalaz,moon-guard,1715,evoker,preservation,55,28,27
Basherm,moon-guard,1711,evoker,preservation,96,47,49
Dracadukez,illidan,1711,evoker,preservation,72,26,46
Moralies,area-52,1705,evoker,preservation,48,24,24
Deathdrake,jubeithos,1703,evoker,preservation,215,106,109
Siire,tichondrius,1697,evoker,preservation,36,19,17
Chañïng,frostmourne,1695,evoker,preservation,36,18,18
Schmitty,hellscream,1689,evoker,preservation,100,48,52
Evokethisdik,tichondrius,1684,evoker,preservation,37,20,17
Mirandaxo,tichondrius,1684,evoker,preservation,161,73,88
Yukiormi,sargeras,1677,evoker,preservation,36,18,18
Lodedragon,tichondrius,1672,evoker,preservation,132,58,74
Got,burning-blade,1668,evoker,preservation,45,25,20
Yoyke,tichondrius,1667,evoker,preservation,48,24,24
Dragboy,stormrage,1666,evoker,preservation,152,83,69
Redseal,tichondrius,1666,evoker,preservation,104,50,54
Judra,barthilas,1665,evoker,preservation,74,38,36
Velstrasza,stormrage,1664,evoker,preservation,36,20,16
Dupastrasza,illidan,1664,evoker,preservation,60,25,35
Vulkerr,stormrage,1663,evoker,preservation,90,51,39
Gharkul,frostmourne,1663,evoker,preservation,48,25,23
Tallcanman,kelthuzad,1660,evoker,preservation,42,20,22
Daegonz,lightbringer,1657,evoker,preservation,116,57,59
Sandragon,ragnaros,1646,evoker,preservation,57,25,32
Domavem,tichondrius,1642,evoker,preservation,66,28,38
Flamedramon,bleeding-hollow,1641,evoker,preservation,223,103,120
Nyzara,emerald-dream,1640,evoker,preservation,150,78,72
Sanninv,barthilas,1638,evoker,preservation,57,26,31
Cokobra,haomarush,1636,evoker,preservation,36,21,15
Trákanon,mugthol,1634,evoker,preservation,67,37,30
Ðrac,bleeding-hollow,1633,evoker,preservation,53,30,23
Twizzthyr,bleeding-hollow,1632,evoker,preservation,150,73,77
Modenzu,malganis,1629,evoker,preservation,66,33,33
Dripdrop,stormscale,1627,evoker,preservation,94,49,45
Junkstam,malganis,1627,evoker,preservation,75,34,41
Wingsoflyfe,frostmourne,1625,evoker,preservation,48,20,28
Dragonman,twisting-nether,1624,evoker,preservation,47,26,21
Yop,proudmoore,1624,evoker,preservation,108,45,63
Dragondikz,tichondrius,1622,evoker,preservation,48,25,23
Congodragon,frostmourne,1620,evoker,preservation,48,28,20
Allevesh,shadow-council,1620,evoker,preservation,30,17,13
Dgevoker,tichondrius,1620,evoker,preservation,47,19,28
Seeyn,tichondrius,1615,evoker,preservation,66,27,39
Grunkthyr,moon-guard,1614,evoker,preservation,47,25,22
Vokr,area-52,1613,evoker,preservation,74,38,36
Egglayer,tichondrius,1611,evoker,preservation,196,91,105
Leonilxd,tichondrius,1610,evoker,preservation,97,51,46
Tinine,frostmourne,1608,evoker,preservation,109,56,53
Bigdwagon,stormrage,1608,evoker,preservation,36,17,19
Wimsx,malganis,1607,evoker,preservation,66,30,36
Triarcs,sargeras,1606,evoker,preservation,40,21,19
Deadlybx,bleeding-hollow,1603,evoker,preservation,70,32,38
Drakjar,nemesis,1602,evoker,preservation,48,23,25
Layugos,azralon,1601,evoker,preservation,35,20,15
Emperör,quelthalas,1601,evoker,preservation,97,52,45
Provokker,drakkari,1600,evoker,preservation,30,21,9
Purrlynn,tichondrius,1600,evoker,preservation,72,42,30
Veraxsys,wyrmrest-accord,1600,evoker,preservation,52,20,32
Jnitoscaly,tichondrius,1598,evoker,preservation,30,20,10
Kwebab,tichondrius,1595,evoker,preservation,48,19,29
Chessyk,ragnaros,1594,evoker,preservation,53,33,20
Adragon,garithos,1585,evoker,preservation,77,30,47
Stinkler,stormscale,1584,evoker,preservation,102,48,54
Thinprivlege,area-52,1583,evoker,preservation,60,26,34
Evokesyn,stormrage,1580,evoker,preservation,105,55,50
Zenot,malganis,1575,evoker,preservation,46,34,12
Dragisha,gnomeregan,1575,evoker,preservation,166,93,73
Lucidreamx,tichondrius,1575,evoker,preservation,67,34,33
Vormontis,azralon,1568,evoker,preservation,117,60,57
Elcigala,ragnaros,1566,evoker,preservation,285,147,138
Drepz,dalaran,1564,evoker,preservation,63,45,18
Linkinloatr,tichondrius,1563,evoker,preservation,54,23,31
Buttcrease,emerald-dream,1562,evoker,preservation,42,22,20
Møritz,stormrage,1562,evoker,preservation,86,40,46
Flyboy,malganis,1558,evoker,preservation,36,18,18
Vhaegart,area-52,1553,evoker,preservation,141,66,75
Courtvoke,turalyon,1552,evoker,preservation,229,117,112
Dougreen,azralon,1552,evoker,preservation,38,18,20
Shruikan,lightnings-blade,1552,evoker,preservation,42,19,23
Dracore,firetree,1549,evoker,preservation,215,112,103
Longaot,tichondrius,1547,evoker,preservation,76,48,28
Alitasbbq,malganis,1547,evoker,preservation,48,19,29
Ffaarrvv,illidan,1545,evoker,preservation,108,63,45
Stableboy,bleeding-hollow,1542,evoker,preservation,36,21,15
Tonysaur,lethon,1537,evoker,preservation,30,19,11
Kwitty,illidan,1535,evoker,preservation,48,27,21
Whethersmell,tichondrius,1535,evoker,preservation,188,84,104
Fláppÿbírd,bleeding-hollow,1533,evoker,preservation,24,16,8
Corncrake,sargeras,1530,evoker,preservation,50,23,27
Jlucks,wyrmrest-accord,1529,evoker,preservation,172,94,78
Velocîraptor,bleeding-hollow,1524,evoker,preservation,92,53,39
Sineexe,illidan,1523,evoker,preservation,98,58,40
Bigbaojian,tichondrius,1522,evoker,preservation,24,16,8
Eyolker,kelthuzad,1522,evoker,preservation,71,37,34
Transmogplz,tichondrius,1522,evoker,preservation,66,27,39
Nulldd,tichondrius,1521,evoker,preservation,59,21,38
Gobananas,sargeras,1520,evoker,preservation,29,17,12
Thevochr,area-52,1514,evoker,preservation,42,27,15
Dragonsteppz,aegwynn,1512,evoker,preservation,30,16,14
Trembulos,malganis,1512,evoker,preservation,48,23,25
Mfka,dalaran,1512,evoker,preservation,83,39,44
Earthshatter,lightbringer,1510,evoker,preservation,166,91,75
Ninereeds,malganis,1510,evoker,preservation,96,49,47
Suffler,warsong,1509,evoker,preservation,267,139,128
Madegood,tichondrius,1508,evoker,preservation,54,26,28
Dragdezenutz,bleeding-hollow,1508,evoker,preservation,112,45,67
Waggon,moon-guard,1504,evoker,preservation,48,26,22
Cyndragosa,dalvengyr,1503,evoker,preservation,119,54,65
Skrimbles,tichondrius,1501,evoker,preservation,42,19,23
Youngyongdie,tichondrius,1499,evoker,preservation,52,25,27
Masondragon,darkspear,1492,evoker,preservation,36,16,20
Snuggleboo,malganis,1490,evoker,preservation,24,16,8
Emoker,magtheridon,1490,evoker,preservation,84,46,38
Spyrox,zuluhed,1488,evoker,preservation,36,21,15
Dragoncods,velen,1488,evoker,preservation,48,26,22
Buttfinger,bladefist,1488,evoker,preservation,86,39,47
Hepzibah,kelthuzad,1488,evoker,preservation,53,23,30
Virtualcrush,sisters-of-elune,1486,evoker,preservation,94,49,45
Nikholatrus,malganis,1483,evoker,preservation,106,52,54
Splendadaddy,kiljaeden,1482,evoker,preservation,30,16,14
Ycnpass,tichondrius,1479,evoker,preservation,146,84,62
Ajiz,mannoroth,1479,evoker,preservation,48,23,25
Darchomp,illidan,1478,evoker,preservation,42,17,25
Kaidagos,tichondrius,1477,evoker,preservation,30,17,13
Ralzital,auchindoun,1476,evoker,preservation,68,29,39
Jacm,fizzcrank,1475,evoker,preservation,95,45,50
Yotus,illidan,1474,evoker,preservation,60,35,25
Stinkybussy,mannoroth,1473,evoker,preservation,54,29,25
Diavai,area-52,1471,evoker,preservation,93,41,52
Qiblii,moon-guard,1470,evoker,preservation,48,24,24
Monavoker,bleeding-hollow,1466,evoker,preservation,36,20,16
Delivv,hyjal,1466,evoker,preservation,90,48,42
Ponnukii,tichondrius,1466,evoker,preservation,184,93,91
Runawayslave,frostmane,1466,evoker,preservation,233,110,123
Setalet,zuljin,1465,evoker,preservation,47,19,28
Weagle,zuljin,1465,evoker,preservation,45,18,27
Bucket,wyrmrest-accord,1464,evoker,preservation,44,17,27
Necrathma,tichondrius,1461,evoker,preservation,169,84,85
Enazen,kiljaeden,1460,evoker,preservation,83,45,38
Pauly,suramar,1457,evoker,preservation,82,42,40
Unknowndrago,kul-tiras,1457,evoker,preservation,36,18,18
Giratina,area-52,1457,evoker,preservation,102,50,52
Lalargata,azralon,1455,evoker,preservation,77,38,39
Slimez,malganis,1455,evoker,preservation,119,52,67
Cringilisk,kelthuzad,1454,evoker,preservation,126,82,44
Xmystique,area-52,1449,evoker,preservation,35,18,17
Suedeshoes,bleeding-hollow,1448,evoker,preservation,162,88,74
Evoskunk,kelthuzad,1448,evoker,preservation,48,24,24
Nyxtari,ragnaros,1447,evoker,preservation,108,57,51
Nazzadormu,tichondrius,1445,evoker,preservation,70,30,40
Hageiz,tichondrius,1441,evoker,preservation,60,27,33
Slither,terenas,1440,evoker,preservation,176,93,83
Linguistic,tichondrius,1439,evoker,preservation,42,18,24
Squarter,kiljaeden,1437,evoker,preservation,48,28,20
Darthjarjar,bloodscalp,1437,evoker,preservation,224,116,108
Kratheu,azralon,1436,evoker,preservation,47,20,27
Venjolly,wyrmrest-accord,1435,evoker,preservation,57,29,28
Usedaspirin,sargeras,1435,evoker,preservation,30,15,15
Dragonmyass,tichondrius,1434,evoker,preservation,43,17,26
Biggestbroie,frostmourne,1431,evoker,preservation,30,15,15
Dragonkink,sargeras,1429,evoker,preservation,61,32,29
Zakaraki,bloodscalp,1427,evoker,preservation,60,35,25
Kymoxien,sargeras,1427,evoker,preservation,30,16,14
Handeezol,malganis,1426,evoker,preservation,48,27,21
Sovietønion,tichondrius,1425,evoker,preservation,83,38,45
Kjerne,stormrage,1424,evoker,preservation,64,34,30
Macismighty,emerald-dream,1423,evoker,preservation,101,54,47
Nandrolona,sargeras,1423,evoker,preservation,30,15,15
Spyrodadrago,malganis,1423,evoker,preservation,113,50,63
Annum,moon-guard,1423,evoker,preservation,60,22,38
Nandrolona,malganis,1422,evoker,preservation,30,15,15
Xurota,proudmoore,1422,evoker,preservation,92,40,52
Bendover,proudmoore,1420,evoker,preservation,36,19,17
Epsilon,laughing-skull,1419,evoker,preservation,24,15,9
Nazatra,wyrmrest-accord,1417,evoker,preservation,125,60,65
Derazar,malganis,1416,evoker,preservation,273,122,151
Kephii,eonar,1415,evoker,preservation,42,22,20
Nakyp,dalaran,1415,evoker,preservation,30,15,15
Kcwt,illidan,1412,evoker,preservation,36,18,18
Garchamp,area-52,1412,evoker,preservation,48,20,28
Vyndormu,moon-guard,1410,evoker,preservation,46,22,24
Zka,nemesis,1408,evoker,preservation,43,21,22
Meiron,azralon,1407,evoker,preservation,66,33,33
Apollygos,malganis,1406,evoker,preservation,78,41,37
Kigglypuff,illidan,1406,evoker,preservation,36,15,21
Mordrakhuul,chogall,1405,evoker,preservation,54,23,31
Cyntheticdr,malganis,1404,evoker,preservation,54,30,24
Roogye,illidan,1403,evoker,preservation,96,49,47
Sía,drakkari,1402,evoker,preservation,60,36,24
Miliolievo,azralon,1402,evoker,preservation,265,131,134
Kaldobar,stormrage,1401,evoker,preservation,24,15,9
Coldspawn,nerzhul,1400,evoker,preservation,30,15,15
Thicscales,tichondrius,1400,evoker,preservation,76,36,40
Anthyrsia,zuljin,1398,evoker,preservation,35,18,17
Dylôn,tichondrius,1398,evoker,preservation,58,27,31
Masquemeto,illidan,1396,evoker,preservation,49,25,24
Ráigon,ragnaros,1394,evoker,preservation,142,64,78
Grousegamer,barthilas,1389,evoker,preservation,82,35,47
Jmir,tichondrius,1389,evoker,preservation,59,24,35
Fusrodude,shuhalo,1386,evoker,preservation,92,49,43
Laggathaa,emerald-dream,1382,evoker,preservation,50,22,28
Gogmagog,korgath,1381,evoker,preservation,95,43,52
Jamörant,tichondrius,1378,evoker,preservation,24,15,9
Santokki,tichondrius,1378,evoker,preservation,158,76,82
Tazarke,dawnbringer,1375,evoker,preservation,60,35,25
Tigthyr,alleria,1375,evoker,preservation,30,15,15
Growthyy,malganis,1373,evoker,preservation,45,26,19
Bigdrag,blackhand,1373,evoker,preservation,103,56,47
Sylf,kiljaeden,1372,evoker,preservation,177,98,79
Flowsmoke,tichondrius,1371,evoker,preservation,66,34,32
Dragonpel,azralon,1371,evoker,preservation,124,62,62
Chambea,kelthuzad,1370,evoker,preservation,77,40,37
Errier,tichondrius,1370,evoker,preservation,33,17,16
Cjin,tichondrius,1370,evoker,preservation,36,18,18
Healmeta,sargeras,1369,evoker,preservation,308,154,154
Vodkasauce,tichondrius,1369,evoker,preservation,30,15,15
Xerroh,area-52,1368,evoker,preservation,88,44,44
Pootylizard,daggerspine,1367,evoker,preservation,44,16,28
Kikokosta,tichondrius,1365,evoker,preservation,124,65,59
Tzindelor,illidan,1364,evoker,preservation,60,27,33
Primshin,illidan,1363,evoker,preservation,117,59,58
Quickshootin,tichondrius,1361,evoker,preservation,297,137,160
Otsira,frostmourne,1359,evoker,preservation,60,37,23
Friedwings,wyrmrest-accord,1359,evoker,preservation,27,16,11
Naykir,khazgoroth,1358,evoker,preservation,30,19,11
Greenscales,frostmourne,1358,evoker,preservation,105,43,62
Misico,illidan,1355,evoker,preservation,78,46,32
Thepplschamp,bloodhoof,1354,evoker,preservation,48,23,25
Lifewing,bleeding-hollow,1352,evoker,preservation,67,25,42
Bomber,frostwolf,1351,evoker,preservation,34,16,18
Quesodillas,stormreaver,1350,evoker,preservation,48,18,30
Eldenkingy,sargeras,1350,evoker,preservation,64,23,41
Tigdragon,proudmoore,1348,evoker,preservation,36,16,20
Garboker,area-52,1346,evoker,preservation,158,75,83
Neffiie,dalaran,1345,evoker,preservation,96,45,51
Kîñggïgàçhäð,stormrage,1343,evoker,preservation,24,14,10
Feijiwang,aegwynn,1342,evoker,preservation,69,41,28
Boseijwho,emerald-dream,1342,evoker,preservation,60,33,27
Kalsit,emerald-dream,1341,evoker,preservation,64,30,34
Enalen,azjolnerub,1338,evoker,preservation,62,29,33
Actïoncat,emerald-dream,1338,evoker,preservation,69,26,43
Unidragon,malganis,1336,evoker,preservation,30,14,16
Gumbåll,bleeding-hollow,1335,evoker,preservation,192,93,99
Prettycooll,dathremar,1335,evoker,preservation,30,14,16
Bryagh,executus,1334,evoker,preservation,54,28,26
Forsakentime,sargeras,1333,evoker,preservation,60,32,28
Chunkè,moon-guard,1332,evoker,preservation,69,29,40
Charbothyr,gorgonnash,1331,evoker,preservation,49,24,25
Nuunos,tichondrius,1330,evoker,preservation,41,17,24
Zindrozarath,area-52,1329,evoker,preservation,123,61,62
Mäverick,kelthuzad,1327,evoker,preservation,35,23,12
Radragão,azralon,1326,evoker,preservation,48,28,20
Kalikani,moon-guard,1326,evoker,preservation,99,45,54
Caphe,nerzhul,1323,evoker,preservation,54,24,30
Dawitchvoker,illidan,1321,evoker,preservation,252,130,122
Dendywings,zuljin,1321,evoker,preservation,30,14,16
Altevoker,frostmourne,1320,evoker,preservation,65,38,27
Cadwaladr,frostmourne,1317,evoker,preservation,24,14,10
Gavstarz,frostmourne,1317,evoker,preservation,74,32,42
Dracniel,illidan,1316,evoker,preservation,69,38,31
Elurb,illidan,1316,evoker,preservation,66,30,36
Velaryonhero,arthas,1313,evoker,preservation,74,40,34
Gloamdream,cenarius,1313,evoker,preservation,261,138,123
Nitalzith,area-52,1311,evoker,preservation,48,23,25
Solong,sargeras,1310,evoker,preservation,67,38,29
Inkdsy,detheroc,1310,evoker,preservation,30,16,14
Jazzdragon,tichondrius,1310,evoker,preservation,51,24,27
Lamentation,area-52,1309,evoker,preservation,54,32,22
Glizzurd,proudmoore,1309,evoker,preservation,285,140,145
Whinks,zangarmarsh,1307,evoker,preservation,35,18,17
Saviorkai,barthilas,1306,evoker,preservation,22,15,7
Deepbreather,sargeras,1303,evoker,preservation,24,15,9
Wangasaur,emerald-dream,1302,evoker,preservation,55,26,29
Matchamjölk,tichondrius,1302,evoker,preservation,53,23,30
Zmaj,jubeithos,1301,evoker,preservation,36,23,13
Verk,deathwing,1299,evoker,preservation,144,77,67
Fuoco,kiljaeden,1299,evoker,preservation,62,31,31
Cynderrellaa,proudmoore,1299,evoker,preservation,152,73,79
Icthelestron,black-dragonflight,1297,evoker,preservation,44,30,14
Lilacstrasza,moon-guard,1297,evoker,preservation,158,77,81
Oogiewoogie,doomhammer,1294,evoker,preservation,23,14,9
Lizzardload,stormreaver,1294,evoker,preservation,83,37,46
Straxolotl,frostmourne,1293,evoker,preservation,81,33,48
Rustty,bleeding-hollow,1289,evoker,preservation,49,20,29
Amnemís,tichondrius,1288,evoker,preservation,38,22,16
Shudo,moon-guard,1288,evoker,preservation,113,58,55
Hydrrax,dalaran,1288,evoker,preservation,255,126,129
Gotbreath,dalaran,1287,evoker,preservation,90,46,44
Rynntynn,blood-furnace,1286,evoker,preservation,30,15,15
Nitalash,moon-guard,1286,evoker,preservation,29,14,15
Paladinex,tichondrius,1284,evoker,preservation,47,27,20
Thereptile,frostmourne,1284,evoker,preservation,90,41,49
Dragûn,stormrage,1279,evoker,preservation,30,16,14
Shellessturt,kelthuzad,1278,evoker,preservation,27,14,13
Feelzz,illidan,1275,evoker,preservation,43,22,21
Drgndeeznüts,tichondrius,1272,evoker,preservation,58,27,31
Voithyr,moon-guard,1270,evoker,preservation,235,107,128
Hamanv,tichondrius,1270,evoker,preservation,36,16,20
Hotdawgin,korgath,1269,evoker,preservation,70,30,40
Antirrhinum,zuljin,1268,evoker,preservation,48,32,16
Selfhealzer,korgath,1268,evoker,preservation,92,43,49
Cronós,tichondrius,1266,evoker,preservation,90,38,52
Lickndragons,sargeras,1265,evoker,preservation,36,14,22
Riz,blackhand,1262,evoker,preservation,102,51,51
Karganos,darkspear,1255,evoker,preservation,42,26,16
Ayavi,illidan,1255,evoker,preservation,40,23,17
Skailyx,zuljin,1254,evoker,preservation,30,14,16
Vgt,nemesis,1254,evoker,preservation,102,44,58
Brantley,stormscale,1253,evoker,preservation,86,41,45
Dmuzh,drakkari,1252,evoker,preservation,376,206,170
Agony,emerald-dream,1252,evoker,preservation,249,121,128
Xhamon,quelthalas,1251,evoker,preservation,98,49,49
Mãttyy,malganis,1250,evoker,preservation,42,23,19
Xazxander,tichondrius,1249,evoker,preservation,78,37,41
Mëleys,ragnaros,1249,evoker,preservation,47,22,25
Dreamfuego,tichondrius,1248,evoker,preservation,24,13,11
Aoibae,frostmourne,1248,evoker,preservation,126,57,69
Mikoriivoker,tichondrius,1247,evoker,preservation,30,13,17
Wethotgarbee,tichondrius,1245,evoker,preservation,44,23,21
Justbreathez,tichondrius,1245,evoker,preservation,35,13,22
Ultis,tichondrius,1244,evoker,preservation,379,191,188
Thendroz,aerie-peak,1242,evoker,preservation,95,54,41
Valarakuu,illidan,1242,evoker,preservation,24,13,11
Dansauce,sargeras,1241,evoker,preservation,56,30,26
Lilithlittle,daggerspine,1241,evoker,preservation,247,121,126
Wildcard,shattered-hand,1241,evoker,preservation,35,16,19
Allaston,tichondrius,1240,evoker,preservation,45,28,17
Zandragosa,dalaran,1240,evoker,preservation,24,13,11
Rubellite,azralon,1238,evoker,preservation,71,36,35
Döublepenn,tichondrius,1237,evoker,preservation,78,43,35
Xboy,tichondrius,1237,evoker,preservation,31,13,18
Dkvastate,tichondrius,1236,evoker,preservation,112,56,56
Zerath,frostmane,1236,evoker,preservation,30,13,17
Lavagurl,stormscale,1235,evoker,preservation,30,13,17
Xaxas,boulderfist,1234,evoker,preservation,30,13,17
Dragocser,drakkari,1233,evoker,preservation,30,13,17
Tinyvoker,area-52,1232,evoker,preservation,72,26,46
Astoragosa,moon-guard,1231,evoker,preservation,61,38,23
Everglow,the-forgotten-coast,1231,evoker,preservation,30,17,13
Verosria,area-52,1230,evoker,preservation,24,13,11
Shenlong,malganis,1230,evoker,preservation,116,59,57
Mythsvoker,barthilas,1229,evoker,preservation,61,33,28
Zippityzoom,barthilas,1229,evoker,preservation,59,30,29
Onornun,magtheridon,1229,evoker,preservation,66,32,34
Gannsito,emerald-dream,1228,evoker,preservation,24,13,11
Macdrag,malganis,1228,evoker,preservation,24,13,11
Kycaka,area-52,1228,evoker,preservation,46,14,32
Nicegirl,stormrage,1227,evoker,preservation,36,17,19
Bassblasterr,dalaran,1226,evoker,preservation,18,13,5
Lévocatrice,hakkar,1225,evoker,preservation,64,31,33
Dracndanuts,draenor,1225,evoker,preservation,32,13,19
Lebronjmz,kiljaeden,1224,evoker,preservation,127,58,69
Scalesona,black-dragonflight,1222,evoker,preservation,31,14,17
Mungwings,area-52,1221,evoker,preservation,43,22,21
Barneydragon,stormrage,1220,evoker,preservation,24,14,10
Milfwizard,tichondrius,1219,evoker,preservation,24,13,11
Sadeyes,dalaran,1218,evoker,preservation,42,21,21
Aspecto,area-52,1216,evoker,preservation,105,48,57
Dunkelzahn,gorgonnash,1214,evoker,preservation,30,15,15
Amniotic,hyjal,1212,evoker,preservation,54,31,23
Ysondrius,durotan,1212,evoker,preservation,48,26,22
Raptormoto,lothar,1211,evoker,preservation,32,14,18
Balèrion,illidan,1207,evoker,preservation,60,33,27
Ghidorah,sentinels,1207,evoker,preservation,59,32,27
Gadiel,draka,1207,evoker,preservation,50,25,25
Weirdclassx,tichondrius,1207,evoker,preservation,41,20,21
Frozanat,kelthuzad,1205,evoker,preservation,75,34,41
Sanaz,stormreaver,1204,evoker,preservation,48,25,23
Allaker,kargath,1204,evoker,preservation,39,16,23
Fenalysten,cenarius,1203,evoker,preservation,48,24,24
Doogiehowser,azshara,1202,evoker,preservation,162,78,84
Razerazenoth,tichondrius,1201,evoker,preservation,30,17,13
Nêwt,darkspear,1201,evoker,preservation,238,115,123
Dragonfruits,lightbringer,1201,evoker,preservation,66,31,35
Assassasin,bonechewer,1200,evoker,preservation,60,27,33
Partysnaxx,thrall,1199,evoker,preservation,72,35,37
Çhara,illidan,1198,evoker,preservation,126,65,61
Lazioo,frostmourne,1196,evoker,preservation,22,14,8
Maldormu,stormrage,1196,evoker,preservation,37,16,21
Shênlong,sargeras,1193,evoker,preservation,54,22,32
Crowqt,frostmourne,1190,evoker,preservation,95,34,61
Goonwing,frostmourne,1188,evoker,preservation,24,13,11
Brôcôlînî,zuljin,1187,evoker,preservation,43,29,14
Bahamut,magtheridon,1186,evoker,preservation,60,25,35
Shook,baelgun,1181,evoker,preservation,173,86,87
Wyldefire,senjin,1180,evoker,preservation,48,22,26
Evokas,tichondrius,1179,evoker,preservation,240,121,119
Deralan,khaz-modan,1179,evoker,preservation,108,40,68
Yozhz,ragnaros,1177,evoker,preservation,53,25,28
Héllfire,ghostlands,1171,evoker,preservation,36,17,19
Frëëbîë,area-52,1170,evoker,preservation,30,13,17
Dandera,stormrage,1169,evoker,preservation,106,50,56
Kaguax,tichondrius,1167,evoker,preservation,84,32,52
Worldx,illidan,1166,evoker,preservation,24,13,11
Lyingdragon,tichondrius,1166,evoker,preservation,60,26,34
Mazalagon,trollbane,1165,evoker,preservation,29,15,14
Detreshan,stormreaver,1163,evoker,preservation,164,87,77
Hlf,tichondrius,1162,evoker,preservation,38,21,17
Draginnuts,illidan,1162,evoker,preservation,53,25,28
Hakuroyime,ragnaros,1161,evoker,preservation,30,18,12
Repairraptor,area-52,1159,evoker,preservation,81,37,44
Naszeebo,frostmourne,1156,evoker,preservation,42,16,26
Vermitor,sargeras,1155,evoker,preservation,24,13,11
Firebreather,quelthalas,1155,evoker,preservation,30,13,17
Skithyrix,bleeding-hollow,1153,evoker,preservation,68,32,36
Mikoribreath,moknathal,1151,evoker,preservation,18,12,6
Crsevencr,tichondrius,1150,evoker,preservation,18,12,6
Kilawatt,barthilas,1150,evoker,preservation,23,15,8
Djdavi,azralon,1150,evoker,preservation,132,77,55
Raundur,ragnaros,1150,evoker,preservation,24,12,12
Miradrake,icecrown,1150,evoker,preservation,24,12,12
Mysticenergy,tichondrius,1150,evoker,preservation,60,28,32
Careflight,barthilas,1149,evoker,preservation,60,35,25
Smokeflare,frostmane,1149,evoker,preservation,24,12,12
Cycircle,tichondrius,1149,evoker,preservation,24,12,12
Emozoomer,malganis,1148,evoker,preservation,66,25,41
Derkscale,stormrage,1146,evoker,preservation,36,17,19
Norvoker,area-52,1145,evoker,preservation,18,12,6
Distortion,drakthul,1145,evoker,preservation,117,62,55
Xiwinnie,illidan,1144,evoker,preservation,36,14,22
Visserion,sargeras,1143,evoker,preservation,25,14,11
Satratren,moon-guard,1142,evoker,preservation,30,12,18
Deezdragon,stormrage,1140,evoker,preservation,24,13,11
Zackxo,moon-guard,1136,evoker,preservation,38,24,14
Fibonac,frostmourne,1136,evoker,preservation,54,32,22
Vermax,akama,1133,evoker,preservation,45,17,28
Buttstough,aerie-peak,1132,evoker,preservation,23,13,10
Rorie,farstriders,1131,evoker,preservation,30,14,16
Treadcinder,tichondrius,1130,evoker,preservation,30,14,16
Blay,elune,1130,evoker,preservation,36,15,21
Draczod,proudmoore,1123,evoker,preservation,59,23,36
Saphfire,burning-legion,1122,evoker,preservation,24,16,8
Kathendrov,sargeras,1121,evoker,preservation,54,29,25
Endroz,tichondrius,1119,evoker,preservation,24,12,12
Drathron,tichondrius,1118,evoker,preservation,28,13,15
Smaaugg,area-52,1117,evoker,preservation,18,12,6
Zitasanazen,tichondrius,1117,evoker,preservation,263,134,129
Prevoker,kirin-tor,1115,evoker,preservation,42,25,17
Kersava,frostmourne,1115,evoker,preservation,53,27,26
Raykwaza,tichondrius,1114,evoker,preservation,24,12,12
Darksmoke,spirestone,1112,evoker,preservation,24,12,12
Drozul,stormrage,1112,evoker,preservation,42,14,28
Rayvoker,elune,1111,evoker,preservation,36,15,21
Thegrinchh,malganis,1107,evoker,preservation,93,45,48
Potfase,tichondrius,1106,evoker,preservation,66,28,38
Cycircle,proudmoore,1102,evoker,preservation,17,12,5
Dragonwench,sargeras,1101,evoker,preservation,22,13,9
Geico,spinebreaker,1100,evoker,preservation,15,13,2
Droggerdrago,stormreaver,1100,evoker,preservation,24,14,10
Ilithiphobia,ghostlands,1100,evoker,preservation,38,16,22
Ashandshadow,area-52,1099,evoker,preservation,68,30,38
Dragonarchy,draenor,1098,evoker,preservation,30,15,15
Daikis,proudmoore,1098,evoker,preservation,42,20,22
Dreamvisage,silvermoon,1097,evoker,preservation,26,13,13
Krossbones,cenarion-circle,1096,evoker,preservation,80,47,33
Djornmustman,sargeras,1094,evoker,preservation,36,12,24
Bayvoker,area-52,1093,evoker,preservation,56,29,27
Abigaile,illidan,1088,evoker,preservation,24,17,7
Emyhr,sargeras,1084,evoker,preservation,24,13,11
Drimare,quelthalas,1084,evoker,preservation,42,14,28
Draisin,zuljin,1083,evoker,preservation,24,13,11
Tryhard,wyrmrest-accord,1083,evoker,preservation,78,33,45
Dragndeez,garrosh,1083,evoker,preservation,46,12,34
Setash,hyjal,1081,evoker,preservation,24,12,12
Clubmetro,boulderfist,1081,evoker,preservation,39,18,21
Lahfly,tichondrius,1079,evoker,preservation,54,33,21
Qiuhan,tichondrius,1076,evoker,preservation,48,23,25
Lilithà,kelthuzad,1075,evoker,preservation,30,20,10
Stankywing,thrall,1075,evoker,preservation,34,17,17
Deàthwing,proudmoore,1074,evoker,preservation,53,16,37
Bobstrasz,tichondrius,1073,evoker,preservation,36,12,24
Bumbledragn,moon-guard,1071,evoker,preservation,37,23,14
Maxyz,khadgar,1071,evoker,preservation,42,13,29
Balmoze,tichondrius,1070,evoker,preservation,60,31,29
Dragonknght,tichondrius,1066,evoker,preservation,30,16,14
Draganoche,zuljin,1066,evoker,preservation,30,14,16
Kharizard,moon-guard,1065,evoker,preservation,27,12,15
Sacrementus,tichondrius,1062,evoker,preservation,66,24,42
Dragown,sargeras,1059,evoker,preservation,30,13,17
Flybro,malganis,1056,evoker,preservation,18,11,7
Draggin,barthilas,1056,evoker,preservation,24,11,13
Bronzus,ragnaros,1056,evoker,preservation,60,21,39
Binidragon,tichondrius,1055,evoker,preservation,12,11,1
Whelp,shadow-council,1055,evoker,preservation,18,11,7
Unclelroh,kelthuzad,1054,evoker,preservation,24,11,13
Pnse,perenolde,1054,evoker,preservation,30,11,19
Dragonfroot,darkspear,1052,evoker,preservation,24,11,13
Slippee,mugthol,1051,evoker,preservation,12,11,1
Imugee,sargeras,1051,evoker,preservation,24,11,13
Puraimaru,sargeras,1049,evoker,preservation,30,11,19
Salusx,proudmoore,1046,evoker,preservation,24,11,13
Smögg,quelthalas,1046,evoker,preservation,42,19,23
Draghyon,tichondrius,1044,evoker,preservation,42,11,31
Drittles,illidan,1043,evoker,preservation,62,28,34
Drokula,darkspear,1042,evoker,preservation,24,11,13
Uniqqe,tichondrius,1041,evoker,preservation,18,11,7
Dracoly,medivh,1041,evoker,preservation,24,12,12
Jorlozthyr,ragnaros,1039,evoker,preservation,36,12,24
Charadrius,zuljin,1038,evoker,preservation,41,23,18
Niraz,dalaran,1035,evoker,preservation,18,11,7
Myxter,tichondrius,1035,evoker,preservation,49,25,24
Carloxd,tichondrius,1035,evoker,preservation,34,12,22
Boomlvx,frostmourne,1034,evoker,preservation,24,11,13
Fránky,ragnaros,1033,evoker,preservation,71,31,40
Blankebr,gallywix,1032,evoker,preservation,36,24,12
Skkuld,stormrage,1029,evoker,preservation,24,11,13
Degghurtni,area-52,1026,evoker,preservation,18,11,7
Mokkdala,blackrock,1026,evoker,preservation,40,12,28
Evoke,boulderfist,1025,evoker,preservation,28,12,16
Sïgrìd,tichondrius,1024,evoker,preservation,45,30,15
Sophdrac,illidan,1024,evoker,preservation,43,25,18
Karmakulax,wildhammer,1024,evoker,preservation,31,12,19
Trillis,eldrethalas,1023,evoker,preservation,36,23,13
Vandinus,stormrage,1023,evoker,preservation,38,17,21
Adessa,lothar,1020,evoker,preservation,36,14,22
Ownlyfans,silvermoon,1018,evoker,preservation,24,12,12
Cunk,illidan,1018,evoker,preservation,24,11,13
Prahvlord,shuhalo,1018,evoker,preservation,60,26,34
Turukmakto,illidan,1017,evoker,preservation,29,14,15
Tarnuss,skullcrusher,1017,evoker,preservation,42,14,28
Caucasian,aegwynn,1015,evoker,preservation,51,14,37
Mightywings,skywall,1011,evoker,preservation,138,70,68
Ohffs,malganis,1011,evoker,preservation,30,14,16
Richviewrd,illidan,1010,evoker,preservation,36,19,17
Esq,sargeras,1007,evoker,preservation,17,11,6
Kaeszandrus,azralon,1007,evoker,preservation,64,29,35
Boomon,blades-edge,1006,evoker,preservation,42,21,21
Wheyvern,malganis,1005,evoker,preservation,78,33,45
Draconys,shattered-hand,1002,evoker,preservation,18,12,6
Lightbeing,nazjatar,1001,evoker,preservation,48,29,19
Brahown,altar-of-storms,998,evoker,preservation,36,11,25
Shenrøn,altar-of-storms,994,evoker,preservation,32,17,15
Lawroadt,tichondrius,991,evoker,preservation,60,31,29
Gemis,anvilmar,991,evoker,preservation,55,25,30
Straightman,stormrage,991,evoker,preservation,38,17,21
Falsedaze,sargeras,990,evoker,preservation,43,20,23
Terpsy,area-52,989,evoker,preservation,17,11,6
Hover,vashj,989,evoker,preservation,27,13,14
Ozmayzin,proudmoore,989,evoker,preservation,63,27,36
Gdragons,tichondrius,988,evoker,preservation,17,11,6
Items,frostmourne,987,evoker,preservation,22,11,11
Vyreth,sargeras,987,evoker,preservation,81,38,43
Arazerazer,thrall,984,evoker,preservation,66,23,43
Smaugett,zuljin,979,evoker,preservation,44,23,21
Mesamune,bonechewer,978,evoker,preservation,73,30,43
Echoker,destromath,968,evoker,preservation,55,26,29
Milkspurt,tichondrius,962,evoker,preservation,52,23,29
Syraxiez,sargeras,960,evoker,preservation,18,10,8
Rubyzz,illidan,960,evoker,preservation,18,10,8
Seviant,tichondrius,960,evoker,preservation,18,10,8
Uncleìroh,tichondrius,960,evoker,preservation,24,10,14
Gaslightqt,tichondrius,960,evoker,preservation,25,10,15
Abevv,bonechewer,959,evoker,preservation,18,10,8
Readwise,tichondrius,959,evoker,preservation,20,10,10
Cripcuhz,tichondrius,959,evoker,preservation,54,24,30
Spyrotime,tichondrius,959,evoker,preservation,27,10,17
Whelpling,cenarion-circle,958,evoker,preservation,12,10,2
Puffthemagic,lightnings-blade,958,evoker,preservation,18,10,8
Truffleßutta,tichondrius,958,evoker,preservation,18,10,8
Dragonsand,area-52,958,evoker,preservation,62,30,32
Drakthussey,illidan,957,evoker,preservation,18,10,8
Dokthyr,lightbringer,956,evoker,preservation,12,10,2
Goonguy,gnomeregan,955,evoker,preservation,12,10,2
Holdherhorn,area-52,955,evoker,preservation,18,10,8
Dragy,bonechewer,954,evoker,preservation,24,10,14
Soziin,skullcrusher,953,evoker,preservation,18,10,8
Hoverharder,stormrage,953,evoker,preservation,18,10,8
Dragonblazer,illidan,952,evoker,preservation,18,10,8
Gemish,lethon,952,evoker,preservation,26,11,15
Chue,quelthalas,952,evoker,preservation,24,10,14
Proevoker,illidan,951,evoker,preservation,18,10,8
Cootietooter,icecrown,950,evoker,preservation,18,10,8
Frozonic,tichondrius,948,evoker,preservation,36,17,19
Dracthyrius,thunderlord,941,evoker,preservation,18,12,6
Zeldaryel,azralon,934,evoker,preservation,12,10,2
Gidury,tichondrius,934,evoker,preservation,96,44,52
Kivoke,proudmoore,934,evoker,preservation,36,14,22
Faethana,thrall,929,evoker,preservation,23,11,12
Solryp,terokkar,929,evoker,preservation,143,68,75
Azuril,wyrmrest-accord,929,evoker,preservation,90,29,61
Furygos,stormrage,927,evoker,preservation,23,10,13
Dragonbro,spirestone,923,evoker,preservation,18,10,8
Eiselhuus,moon-guard,923,evoker,preservation,42,11,31
Justbreathe,sargeras,911,evoker,preservation,17,10,7
Kaelestian,ragnaros,910,evoker,preservation,36,18,18
Saintetoile,tichondrius,905,evoker,preservation,48,24,24
Badvoker,area-52,902,evoker,preservation,71,26,45
Cransvoker,illidan,902,evoker,preservation,30,10,20
Bandel,tichondrius,896,evoker,preservation,22,12,10
Kerlaan,illidan,895,evoker,preservation,18,10,8
Shintrax,ragnaros,894,evoker,preservation,72,35,37
Spitdafire,tichondrius,894,evoker,preservation,27,10,17
Medrathion,wyrmrest-accord,887,evoker,preservation,23,10,13
Bizzstrasza,shadowsong,886,evoker,preservation,52,21,31
Drewskie,malganis,885,evoker,preservation,78,29,49
Mugenyan,ragnaros,879,evoker,preservation,41,21,20
Ayoitspav,malganis,872,evoker,preservation,19,10,9
Drakthuul,icecrown,869,evoker,preservation,64,29,35
Willowflight,illidan,867,evoker,preservation,50,23,27
Toonahzy,area-52,864,evoker,preservation,12,9,3
Mikorivoker,illidan,864,evoker,preservation,12,9,3
Mewoker,sargeras,864,evoker,preservation,12,9,3
Benbm,proudmoore,864,evoker,preservation,18,9,9
Venitsu,malganis,864,evoker,preservation,18,9,9
Calvoker,moon-guard,864,evoker,preservation,18,9,9
Yaaty,tichondrius,864,evoker,preservation,24,9,15
Lizardfaith,tichondrius,863,evoker,preservation,12,9,3
Smnsevoker,emerald-dream,863,evoker,preservation,12,9,3
Badbill,moon-guard,863,evoker,preservation,12,9,3
Nuubvoker,stormrage,863,evoker,preservation,18,9,9
Tonymanitoba,whisperwind,863,evoker,preservation,18,9,9
Wonderk,frostmourne,863,evoker,preservation,18,9,9
Velocivraull,malganis,862,evoker,preservation,12,9,3
Flaemer,thaurissan,862,evoker,preservation,12,9,3
Xerithious,bleeding-hollow,862,evoker,preservation,18,9,9
Jesstrasza,quelthalas,862,evoker,preservation,96,42,54
Kakanjutan,azralon,861,evoker,preservation,16,10,6
Evvookkeerr,tichondrius,861,evoker,preservation,18,9,9
Gravityblast,tichondrius,861,evoker,preservation,24,9,15
Chewydragoon,kelthuzad,860,evoker,preservation,12,9,3
Binxyboy,garrosh,860,evoker,preservation,16,10,6
Arûmat,tichondrius,859,evoker,preservation,30,9,21
Glamorousbra,tichondrius,857,evoker,preservation,18,9,9
Aethrys,zuljin,856,evoker,preservation,12,9,3
Salakhar,drakkari,856,evoker,preservation,18,9,9
Bjason,tichondrius,855,evoker,preservation,18,9,9
Linabeauty,ragnaros,854,evoker,preservation,24,9,15
Moxa,doomhammer,850,evoker,preservation,83,41,42
Dragginhealz,stormrage,850,evoker,preservation,101,47,54
Moiraine,kargath,850,evoker,preservation,24,9,15
Hentaizilla,kiljaeden,850,evoker,preservation,55,19,36
Lickyertits,tichondrius,849,evoker,preservation,24,9,15
Dreezoo,tichondrius,848,evoker,preservation,18,10,8
Lechonlechon,tichondrius,847,evoker,preservation,12,9,3
Orïon,azralon,845,evoker,preservation,24,9,15
Spliffdragon,sargeras,843,evoker,preservation,47,18,29
Drákô,ragnaros,841,evoker,preservation,30,9,21
Wtsgoldpst,tichondrius,838,evoker,preservation,20,11,9
Aurastella,frostwolf,837,evoker,preservation,24,9,15
Decyrion,bleeding-hollow,830,evoker,preservation,29,9,20
Sandrozeria,wyrmrest-accord,822,evoker,preservation,14,10,4
Saintpablox,illidan,810,evoker,preservation,34,10,24
Yaaj,black-dragonflight,808,evoker,preservation,23,10,13
Risumon,uldum,802,evoker,preservation,156,60,96
Darkspyro,area-52,799,evoker,preservation,11,9,2
Icallthecops,tichondrius,798,evoker,preservation,16,9,7
Lendren,sargeras,795,evoker,preservation,28,9,19
Azuragon,illidan,793,evoker,preservation,71,23,48
Itsac,daggerspine,792,evoker,preservation,30,13,17
Drackaras,stormrage,790,evoker,preservation,18,9,9
Slyfur,burning-legion,786,evoker,preservation,18,9,9
Æsshayád,area-52,768,evoker,preservation,12,8,4
Rvrbzv,stormrage,768,evoker,preservation,12,8,4
Hasstle,tichondrius,768,evoker,preservation,12,8,4
Kaddyragon,mannoroth,768,evoker,preservation,12,8,4
Dragoontekka,tichondrius,768,evoker,preservation,12,8,4
Evokeondeez,stormrage,768,evoker,preservation,12,8,4
Airschlong,tichondrius,768,evoker,preservation,18,8,10
Ryóng,tichondrius,768,evoker,preservation,18,8,10
Babylons,area-52,768,evoker,preservation,18,8,10
Sheepdoll,icecrown,768,evoker,preservation,18,8,10
Messyvok,illidan,768,evoker,preservation,18,8,10
Dendedewd,sargeras,767,evoker,preservation,12,8,4
Fluffelss,moon-guard,767,evoker,preservation,12,8,4
Walloper,malganis,767,evoker,preservation,12,8,4
Djvoker,zuljin,767,evoker,preservation,12,8,4
Baradad,frostmourne,767,evoker,preservation,12,8,4
Swanzea,sargeras,767,evoker,preservation,12,8,4
Léthée,zuljin,767,evoker,preservation,18,8,10
Xiaolongmei,frostmourne,767,evoker,preservation,18,8,10
Innervoker,tichondrius,767,evoker,preservation,18,8,10
Slèv,frostmourne,767,evoker,preservation,18,8,10
Dracritzzx,ragnaros,767,evoker,preservation,18,8,10
Dracthott,thrall,767,evoker,preservation,18,8,10
Shrimpshumai,malganis,767,evoker,preservation,18,8,10
Azarke,rivendare,767,evoker,preservation,24,8,16
Nfts,darkspear,767,evoker,preservation,24,8,16
Devilmanguy,bonechewer,767,evoker,preservation,24,8,16
Christína,tichondrius,766,evoker,preservation,12,8,4
Rewind,draka,766,evoker,preservation,18,8,10
Sunfyrion,sargeras,766,evoker,preservation,24,8,16
Neewhad,malganis,764,evoker,preservation,24,8,16
Snitx,stormrage,764,evoker,preservation,24,8,16
Nutsdragon,tichondrius,763,evoker,preservation,18,8,10
Wrathiøn,sargeras,763,evoker,preservation,24,8,16
Matsutake,kelthuzad,762,evoker,preservation,18,8,10
Cindermint,mugthol,760,evoker,preservation,20,8,12
Draehgor,hyjal,758,evoker,preservation,18,8,10
Crumbflaps,kelthuzad,758,evoker,preservation,24,8,16
Lervish,durotan,755,evoker,preservation,12,8,4
Cinderoz,moon-guard,751,evoker,preservation,12,8,4
Tooby,velen,751,evoker,preservation,12,8,4
Drevoker,lightbringer,748,evoker,preservation,18,8,10
Criteria,burning-legion,748,evoker,preservation,18,8,10
Madvillin,stormrage,747,evoker,preservation,12,8,4
Zaldraka,cairne,739,evoker,preservation,20,9,11
Durtyvoker,illidan,735,evoker,preservation,22,8,14
Butta,darkspear,734,evoker,preservation,17,8,9
Enuzan,dalaran,734,evoker,preservation,32,8,24
Polland,area-52,731,evoker,preservation,17,8,9
Geicovoker,tichondrius,714,evoker,preservation,28,9,19
Shardsnorta,chogall,708,evoker,preservation,17,8,9
Kyrusic,tichondrius,705,evoker,preservation,27,11,16
Lunadragon,spinebreaker,704,evoker,preservation,16,8,8
Tëssarion,quelthalas,704,evoker,preservation,26,10,16
Murozond,burning-blade,703,evoker,preservation,20,8,12
Kleptomancy,moon-guard,702,evoker,preservation,11,8,3
Wilbog,moon-guard,700,evoker,preservation,44,10,34
Letharrian,sargeras,698,evoker,preservation,12,10,2
Razen,silvermoon,692,evoker,preservation,16,8,8
Orame,dalaran,685,evoker,preservation,25,8,17
Venlormi,moon-guard,675,evoker,preservation,46,15,31
Yessirs,shadow-council,672,evoker,preservation,12,7,5
Vroomby,area-52,672,evoker,preservation,12,7,5
Suekeysaurus,frostmourne,672,evoker,preservation,12,7,5
Vroomby,sargeras,672,evoker,preservation,12,7,5
Beatxqt,area-52,672,evoker,preservation,12,7,5
Dmt,ravencrest,672,evoker,preservation,12,7,5
Fionyan,proudmoore,672,evoker,preservation,12,7,5
Hypetwo,bleeding-hollow,672,evoker,preservation,12,7,5
Iantern,dalaran,672,evoker,preservation,12,7,5
Dzdv,stormrage,672,evoker,preservation,12,7,5
Clm,staghelm,672,evoker,preservation,12,7,5
Goursaud,malganis,672,evoker,preservation,12,7,5
Vrondiss,trollbane,672,evoker,preservation,12,7,5
Slrepeat,frostmourne,672,evoker,preservation,12,7,5
Lilrandal,emerald-dream,672,evoker,preservation,12,7,5
Golden,area-52,672,evoker,preservation,18,7,11
Soyum,sargeras,672,evoker,preservation,18,7,11
Draikia,zuljin,672,evoker,preservation,18,7,11
Iamg,stormscale,672,evoker,preservation,18,7,11
Toastsevoker,tichondrius,672,evoker,preservation,18,7,11
Briggsybear,malganis,672,evoker,preservation,18,7,11
Orncen,emerald-dream,672,evoker,preservation,18,7,11
Draislyn,cenarion-circle,672,evoker,preservation,18,7,11
Hdyl,tichondrius,672,evoker,preservation,24,7,17
Kontaz,icecrown,672,evoker,preservation,24,7,17
Flapthewap,illidan,671,evoker,preservation,12,7,5
Tyrøs,illidan,671,evoker,preservation,12,7,5
Forlornomens,area-52,671,evoker,preservation,12,7,5
Spicypnuts,zuljin,671,evoker,preservation,12,7,5
Doramifa,tichondrius,671,evoker,preservation,12,7,5
Vaxilia,sargeras,671,evoker,preservation,12,7,5
Vertorgon,proudmoore,671,evoker,preservation,12,7,5
Kaidough,tichondrius,671,evoker,preservation,12,7,5
Reskue,burning-legion,671,evoker,preservation,12,7,5
Toppedyouoff,thrall,671,evoker,preservation,15,7,8
Nunez,frostmourne,671,evoker,preservation,18,7,11
Trogdør,illidan,671,evoker,preservation,18,7,11
Jigsz,illidan,671,evoker,preservation,18,7,11
Longxx,dalaran,671,evoker,preservation,18,7,11
Bookkoo,burning-legion,671,evoker,preservation,24,7,17
Lampizard,bonechewer,671,evoker,preservation,24,7,17
Mad,aerie-peak,670,evoker,preservation,19,9,10
Zumanitÿ,zangarmarsh,670,evoker,preservation,18,7,11
Shockragosa,chogall,670,evoker,preservation,30,7,23
Woozul,malganis,670,evoker,preservation,30,7,23
Deezyroller,sargeras,669,evoker,preservation,12,7,5
Retcondragon,sargeras,669,evoker,preservation,18,7,11
Dragonballer,trollbane,669,evoker,preservation,18,7,11
Shartzypoo,thrall,668,evoker,preservation,24,7,17
Drizzydrag,jubeithos,667,evoker,preservation,18,7,11
Rilex,kelthuzad,666,evoker,preservation,12,7,5
Rainwalkers,illidan,666,evoker,preservation,12,7,5
Pypokay,nemesis,665,evoker,preservation,18,7,11
Azulnova,tichondrius,665,evoker,preservation,18,7,11
Erso,hellscream,664,evoker,preservation,12,7,5
Acidbreath,tichondrius,661,evoker,preservation,18,7,11
Mulutlaser,frostmourne,659,evoker,preservation,18,7,11
Tribunalis,stormrage,657,evoker,preservation,12,7,5
Densgone,aggramar,654,evoker,preservation,18,7,11
Yiptondabs,emerald-dream,650,evoker,preservation,29,7,22
Thenasath,sargeras,640,evoker,preservation,17,7,10
Hotblower,tichondrius,640,evoker,preservation,22,8,14
Ramas,burning-blade,638,evoker,preservation,32,8,24
Elderdragon,nerzhul,629,evoker,preservation,16,8,8
Kixxely,sargeras,623,evoker,preservation,12,8,4
Tsuruda,illidan,618,evoker,preservation,21,8,13
Soukizilla,sargeras,608,evoker,preservation,16,7,9
Abelldragon,tichondrius,605,evoker,preservation,16,7,9
Saxthyr,stormreaver,592,evoker,preservation,13,7,6
Ambadragon,frostmourne,591,evoker,preservation,11,7,4
Madzul,emerald-dream,590,evoker,preservation,13,7,6
Hwansu,tichondrius,576,evoker,preservation,6,6,0
Cheesedragon,tichondrius,576,evoker,preservation,6,6,0
Tatsurai,tichondrius,576,evoker,preservation,10,7,3
Oldgeorge,tichondrius,576,evoker,preservation,12,6,6
Ccguzzlerx,tichondrius,576,evoker,preservation,12,6,6
Datinysmaug,stormrage,576,evoker,preservation,12,6,6
Rayquazä,kelthuzad,576,evoker,preservation,12,6,6
Localfemboy,area-52,576,evoker,preservation,12,6,6
Bookwyrm,khadgar,576,evoker,preservation,12,6,6
Daylenx,thrall,576,evoker,preservation,12,6,6
Wtfhappen,tichondrius,576,evoker,preservation,12,6,6
Kwaz,kelthuzad,576,evoker,preservation,12,6,6
Melvoker,tichondrius,576,evoker,preservation,12,6,6
Unclefarmer,illidan,576,evoker,preservation,12,6,6
Arcanasz,thrall,576,evoker,preservation,12,6,6
Thegoone,bleeding-hollow,576,evoker,preservation,12,6,6
Baldpython,area-52,576,evoker,preservation,12,6,6
Teëst,malganis,576,evoker,preservation,12,6,6
Diregon,kelthuzad,576,evoker,preservation,12,6,6
Theyevokbuda,kelthuzad,576,evoker,preservation,12,6,6
Ozvoker,area-52,576,evoker,preservation,12,6,6
Jugemjugempe,icecrown,576,evoker,preservation,12,6,6
Uneedawhip,zuljin,576,evoker,preservation,12,6,6
Whitesnow,korgath,576,evoker,preservation,12,6,6
Talzindera,sargeras,576,evoker,preservation,12,6,6
Teddydarg,tichondrius,576,evoker,preservation,14,6,8
Mastadragndz,illidan,576,evoker,preservation,18,6,12
Ablunxs,drakkari,576,evoker,preservation,18,6,12
Phanthyr,tichondrius,576,evoker,preservation,18,6,12
Dragonk,dragonblight,576,evoker,preservation,18,6,12
Murphymonsta,stormscale,576,evoker,preservation,18,6,12
Meepslol,kiljaeden,576,evoker,preservation,18,6,12
Ryloun,sargeras,576,evoker,preservation,24,6,18
Flyingmooie,frostmourne,576,evoker,preservation,24,6,18
Toodllesz,stormrage,575,evoker,preservation,6,6,0
Valadrakth,tichondrius,575,evoker,preservation,12,6,6
Drakistraz,draenor,575,evoker,preservation,12,6,6
Tokeandvoke,haomarush,575,evoker,preservation,12,6,6
Valeshkanyel,ragnaros,575,evoker,preservation,12,6,6
Bhfflove,area-52,575,evoker,preservation,12,6,6
Dragonpaws,illidan,575,evoker,preservation,12,6,6
Flameschosen,malganis,575,evoker,preservation,12,6,6
Tekath,altar-of-storms,575,evoker,preservation,12,6,6
Magnito,thorium-brotherhood,575,evoker,preservation,12,6,6
Shinryuu,warsong,575,evoker,preservation,12,6,6
Crayonshinch,tichondrius,575,evoker,preservation,12,6,6
Nâpâlm,aggramar,575,evoker,preservation,12,6,6
Moiraine,frostwolf,575,evoker,preservation,18,6,12
Naùghtygames,area-52,575,evoker,preservation,18,6,12
Sgtskip,blackrock,575,evoker,preservation,24,6,18
Kyloflight,thrall,575,evoker,preservation,24,6,18
Toothless,garithos,574,evoker,preservation,6,6,0
Evalker,tichondrius,574,evoker,preservation,12,6,6
Drippydragon,stormrage,574,evoker,preservation,12,6,6
Zascar,stormrage,574,evoker,preservation,12,6,6
Amun,frostwolf,574,evoker,preservation,12,6,6
Cinderazerat,moon-guard,574,evoker,preservation,18,6,12
Azalana,thrall,574,evoker,preservation,24,6,18
Rzdrag,nemesis,574,evoker,preservation,36,6,30
Ozsandlbs,tichondrius,573,evoker,preservation,12,6,6
Moraise,bonechewer,573,evoker,preservation,12,6,6
Siquitraki,illidan,573,evoker,preservation,18,6,12
Zulidar,silvermoon,572,evoker,preservation,12,6,6
Lishalthen,frostmourne,569,evoker,preservation,12,6,6
Rhaeynes,moon-guard,568,evoker,preservation,12,6,6
Ankhalagor,ragnaros,567,evoker,preservation,12,6,6
Preservant,stormrage,567,evoker,preservation,12,6,6
Dragussy,illidan,548,evoker,preservation,28,10,18
Hecklinheals,hyjal,544,evoker,preservation,13,7,6
Biagi,proudmoore,543,evoker,preservation,10,6,4
Hexavalent,tichondrius,542,evoker,preservation,11,6,5
Galrend,firetree,542,evoker,preservation,17,6,11
Arazen,frostmourne,539,evoker,preservation,23,6,17
Fieros,area-52,527,evoker,preservation,13,6,7
Aspects,dreadmaul,522,evoker,preservation,25,8,17
Imperialist,proudmoore,522,evoker,preservation,29,7,22
Shenlòng,drakkari,521,evoker,preservation,15,7,8
Akavoker,sargeras,521,evoker,preservation,20,7,13
Supernovax,illidan,512,evoker,preservation,16,6,10
Imaginedrgn,tichondrius,511,evoker,preservation,11,6,5
Nwo,shattered-hand,494,evoker,preservation,11,6,5
Brindletail,proudmoore,494,evoker,preservation,19,6,13
Timaeuz,malganis,480,evoker,preservation,6,5,1
Chinadragon,balnazzar,480,evoker,preservation,6,5,1
Arzaria,stormrage,480,evoker,preservation,6,5,1
Finnahorns,sargeras,480,evoker,preservation,6,5,1
Cutewing,tichondrius,480,evoker,preservation,12,5,7
Oldmandrake,mannoroth,480,evoker,preservation,12,5,7
Draktharl,tichondrius,480,evoker,preservation,12,5,7
Roastdrake,tichondrius,480,evoker,preservation,12,5,7
Supernamv,sargeras,480,evoker,preservation,12,5,7
Cirroaltos,aerie-peak,480,evoker,preservation,12,5,7
Evizzar,zuljin,480,evoker,preservation,12,5,7
Ezarra,tichondrius,480,evoker,preservation,12,5,7
Fazedd,tichondrius,480,evoker,preservation,12,5,7
Hicane,tichondrius,480,evoker,preservation,12,5,7
Spyroguts,thrall,480,evoker,preservation,12,5,7
Chronocolter,thunderhorn,480,evoker,preservation,12,5,7
Shazdrag,stormrage,480,evoker,preservation,12,5,7
Spaceox,tichondrius,480,evoker,preservation,12,5,7
Imwoker,illidan,480,evoker,preservation,12,5,7
Minzur,illidan,480,evoker,preservation,21,6,15
Olindoe,tichondrius,480,evoker,preservation,18,5,13
Aetherz,illidan,480,evoker,preservation,18,5,13
Zalpx,sargeras,480,evoker,preservation,18,5,13
Cruv,boulderfist,480,evoker,preservation,18,5,13
Selenian,area-52,480,evoker,preservation,24,5,19
Bronyflexy,sargeras,480,evoker,preservation,24,5,19
Alexstrazaa,hyjal,479,evoker,preservation,6,5,1
Mikkaelin,ragnaros,479,evoker,preservation,6,5,1
Bvo,stormrage,479,evoker,preservation,6,5,1
Drektar,the-scryers,479,evoker,preservation,12,5,7
Rhaènyra,sargeras,479,evoker,preservation,12,5,7
Wrathykos,thrall,479,evoker,preservation,12,5,7
Surasi,frostmourne,479,evoker,preservation,12,5,7
Lazzarross,area-52,479,evoker,preservation,12,5,7
Álln,sargeras,479,evoker,preservation,12,5,7
Dracdeez,dreadmaul,479,evoker,preservation,12,5,7
Selden,boulderfist,479,evoker,preservation,12,5,7
Kratostrasz,moon-guard,479,evoker,preservation,12,5,7
Seiros,garrosh,479,evoker,preservation,18,5,13
Psyydragon,azralon,479,evoker,preservation,18,5,13
Bitkoinz,tichondrius,479,evoker,preservation,18,5,13
Dracomedicus,frostmourne,479,evoker,preservation,22,5,17
Melbu,thunderlord,478,evoker,preservation,12,5,7
Lizardtrash,ragnaros,478,evoker,preservation,12,5,7
Livemaximii,moon-guard,477,evoker,preservation,12,5,7
Scaryðragon,akama,477,evoker,preservation,12,5,7
Wetsponge,kelthuzad,477,evoker,preservation,12,5,7
Dracorblaq,bleeding-hollow,476,evoker,preservation,12,5,7
Tazeneth,sargeras,476,evoker,preservation,12,5,7
Astaro,area-52,476,evoker,preservation,18,5,13
Interracial,stormscale,475,evoker,preservation,10,6,4
Lisatallie,moon-guard,475,evoker,preservation,12,5,7
Amoraz,tichondrius,460,evoker,preservation,23,5,18
Jcii,tichondrius,447,evoker,preservation,11,5,6
Enoch,chogall,440,evoker,preservation,21,7,14
Drakonyx,mugthol,439,evoker,preservation,17,5,12
Voíd,sargeras,432,evoker,preservation,9,6,3
Temporal,mannoroth,431,evoker,preservation,9,6,3
Bootymágic,tichondrius,431,evoker,preservation,9,6,3
Tailia,sargeras,431,evoker,preservation,17,5,12
Gaserick,quelthalas,426,evoker,preservation,17,6,11
Tealik,frostmourne,416,evoker,preservation,16,5,11
Monzydrake,emerald-dream,408,evoker,preservation,20,5,15
Ancalagðn,quelthalas,384,evoker,preservation,6,4,2
Syneestra,nemesis,384,evoker,preservation,6,4,2
Odmehbb,tichondrius,384,evoker,preservation,6,4,2
Ygnizem,ysera,384,evoker,preservation,6,4,2
Wheeziex,tichondrius,384,evoker,preservation,6,4,2
Blackdragôn,stormrage,384,evoker,preservation,6,4,2
Docevoker,tichondrius,384,evoker,preservation,6,4,2
Treysongz,area-52,384,evoker,preservation,6,4,2
Exrtj,stormrage,384,evoker,preservation,6,4,2
Taegon,area-52,384,evoker,preservation,6,4,2
Nøzmosis,area-52,384,evoker,preservation,6,4,2
Tygor,arthas,384,evoker,preservation,6,4,2
Azurgos,proudmoore,384,evoker,preservation,6,4,2
Mtndewboy,illidan,384,evoker,preservation,6,4,2
Dyvyne,demon-soul,384,evoker,preservation,6,4,2
Flyingkush,illidan,384,evoker,preservation,6,4,2
Jëthrø,illidan,384,evoker,preservation,6,4,2
Murloc,shadowsong,384,evoker,preservation,6,4,2
Atraxian,tichondrius,384,evoker,preservation,6,4,2
Velahesa,sargeras,384,evoker,preservation,6,4,2
Zaedor,stormrage,384,evoker,preservation,10,5,5
Mvpjs,medivh,384,evoker,preservation,8,4,4
Meilokkttv,sargeras,384,evoker,preservation,10,4,6
Zandet,thunderlord,384,evoker,preservation,12,4,8
Yujirohanma,frostmourne,384,evoker,preservation,12,4,8
Vanyalus,uldum,384,evoker,preservation,12,4,8
Caredormu,frostmourne,384,evoker,preservation,12,4,8
Williamjong,tichondrius,384,evoker,preservation,12,4,8
Boppled,tichondrius,384,evoker,preservation,12,4,8
Mignificent,sargeras,384,evoker,preservation,12,4,8
Rawrexp,emerald-dream,384,evoker,preservation,12,4,8
Raphdragon,stormrage,384,evoker,preservation,12,4,8
Bryágh,wyrmrest-accord,384,evoker,preservation,12,4,8
Flipturn,illidan,384,evoker,preservation,12,4,8
Dragwyn,senjin,384,evoker,preservation,12,4,8
Crumbsock,thrall,384,evoker,preservation,12,4,8
Scalethorne,illidan,384,evoker,preservation,12,4,8
Dragrenghost,illidan,384,evoker,preservation,12,4,8
Shoestrings,tichondrius,384,evoker,preservation,12,4,8
Pensini,illidan,384,evoker,preservation,12,4,8
Donresantis,tichondrius,384,evoker,preservation,12,4,8
Oldui,frostmourne,384,evoker,preservation,12,4,8
Imadargin,malganis,384,evoker,preservation,12,4,8
Upsdriver,dentarg,384,evoker,preservation,18,4,14
Tidehunter,chogall,384,evoker,preservation,18,4,14
Aceu,bloodhoof,383,evoker,preservation,6,4,2
Banevoker,tichondrius,383,evoker,preservation,11,5,6
Flymuch,illidan,383,evoker,preservation,12,4,8
Lunearia,stormrage,383,evoker,preservation,12,4,8
Quesovoke,eldrethalas,383,evoker,preservation,12,4,8
Tihkal,spinebreaker,383,evoker,preservation,12,4,8
Xdragon,lightbringer,383,evoker,preservation,12,4,8
Razhion,arathor,383,evoker,preservation,12,4,8
Dombi,moon-guard,383,evoker,preservation,12,4,8
Enlighteni,area-52,382,evoker,preservation,12,4,8
Bigtoots,illidan,382,evoker,preservation,12,4,8
Stroker,boulderfist,381,evoker,preservation,12,4,8
Tadhg,mugthol,380,evoker,preservation,12,4,8
Danatreseth,moon-guard,380,evoker,preservation,12,4,8
Galaxiz,bonechewer,377,evoker,preservation,18,4,14
Ragendragon,hellscream,377,evoker,preservation,18,4,14
Daddyrp,tichondrius,372,evoker,preservation,26,9,17
Nyxstrasza,moknathal,366,evoker,preservation,11,4,7
Chronoloop,tichondrius,351,evoker,preservation,8,5,3
Snailor,eldrethalas,351,evoker,preservation,10,4,6
Annazara,stormrage,336,evoker,preservation,9,4,5
Zathasar,tichondrius,333,evoker,preservation,28,4,24
Rápturé,tichondrius,330,evoker,preservation,16,7,9
Corlys,thunderhorn,330,evoker,preservation,17,5,12
Homiedraconi,nordrassil,329,evoker,preservation,12,5,7
Jolynne,illidan,320,evoker,preservation,14,4,10
Vlysage,dark-iron,319,evoker,preservation,5,4,1
Kalswyrm,burning-blade,319,evoker,preservation,8,4,4
Lantur,perenolde,319,evoker,preservation,16,4,12
Polyrhythmic,ysera,304,evoker,preservation,7,4,3
Kheeleesi,illidan,288,evoker,preservation,6,3,3
Cambodian,whisperwind,288,evoker,preservation,6,3,3
Vokefuu,illidan,288,evoker,preservation,6,3,3
Thefish,tichondrius,288,evoker,preservation,6,3,3
Dalechance,tichondrius,288,evoker,preservation,6,3,3
Beelzeyob,illidan,288,evoker,preservation,6,3,3
Gvoker,nemesis,288,evoker,preservation,6,3,3
Kñuj,illidan,288,evoker,preservation,6,3,3
Knowragretz,tichondrius,288,evoker,preservation,6,3,3
Razdargon,kiljaeden,288,evoker,preservation,6,3,3
Karuikei,proudmoore,288,evoker,preservation,6,3,3
Bigtitsdrag,illidan,288,evoker,preservation,6,3,3
Thendetra,mannoroth,288,evoker,preservation,6,3,3
Paradïsso,tichondrius,288,evoker,preservation,6,3,3
Bad,nerzhul,288,evoker,preservation,6,3,3
Flappeebird,area-52,288,evoker,preservation,6,3,3
Flexlong,tichondrius,288,evoker,preservation,6,3,3
Spyrä,moon-guard,288,evoker,preservation,6,3,3
Redhorn,frostmourne,288,evoker,preservation,6,3,3
Tamagotchî,quelthalas,288,evoker,preservation,6,3,3
Dracoon,madoran,288,evoker,preservation,6,3,3
Evoketage,malganis,288,evoker,preservation,6,3,3
Halcyonxz,tichondrius,288,evoker,preservation,6,3,3
Ruffee,frostmourne,288,evoker,preservation,6,3,3
Lìthium,frostmourne,288,evoker,preservation,6,3,3
Drakush,tichondrius,288,evoker,preservation,6,3,3
Draseew,drakkari,288,evoker,preservation,6,3,3
Jokko,moon-guard,288,evoker,preservation,6,3,3
Rangä,caelestrasz,288,evoker,preservation,6,3,3
Predacious,draktharon,288,evoker,preservation,6,3,3
Iggyytv,area-52,288,evoker,preservation,6,3,3
Chawp,tichondrius,288,evoker,preservation,6,3,3
Dragonsama,area-52,288,evoker,preservation,6,3,3
Heidibibe,tichondrius,288,evoker,preservation,6,3,3
Jakburnon,stormrage,288,evoker,preservation,6,3,3
Vaeghar,anvilmar,288,evoker,preservation,6,3,3
Æg,zuljin,288,evoker,preservation,6,3,3
Vygrax,nerzhul,288,evoker,preservation,6,3,3
Lirøu,azralon,288,evoker,preservation,6,3,3
Livebate,tichondrius,288,evoker,preservation,6,3,3
Ðçßñÿåæéîùøð,tichondrius,288,evoker,preservation,6,3,3
Kreutzhauser,tichondrius,288,evoker,preservation,6,3,3
Dragonleaves,sargeras,288,evoker,preservation,6,3,3
Swagdriver,moon-guard,288,evoker,preservation,6,3,3
Dimpulse,zuljin,288,evoker,preservation,6,3,3
Garrgle,sargeras,288,evoker,preservation,6,3,3
Cônflicted,emerald-dream,288,evoker,preservation,6,3,3
Atpsuspect,nerzhul,288,evoker,preservation,6,3,3
Setren,antonidas,288,evoker,preservation,6,3,3
Hopefire,zuljin,288,evoker,preservation,6,3,3
Simplerules,zuljin,288,evoker,preservation,6,3,3
Raxdragon,sargeras,288,evoker,preservation,6,3,3
Sylvee,bleeding-hollow,288,evoker,preservation,7,3,4
Hel,stormrage,288,evoker,preservation,12,3,9
Stormdagger,proudmoore,288,evoker,preservation,12,3,9
Nowon,tichondrius,288,evoker,preservation,12,3,9
Jammstraza,skywall,288,evoker,preservation,12,3,9
Velzelya,zuljin,288,evoker,preservation,12,3,9
Westyvoker,arthas,288,evoker,preservation,12,3,9
Jumpmaster,black-dragonflight,288,evoker,preservation,12,3,9
Teldormu,drenden,288,evoker,preservation,12,3,9
Drakkar,elune,288,evoker,preservation,12,3,9
Ðrízzy,area-52,288,evoker,preservation,12,3,9
Fkndragon,proudmoore,288,evoker,preservation,12,3,9
Fugginuhh,proudmoore,288,evoker,preservation,12,3,9
Aethyrious,moon-guard,288,evoker,preservation,12,3,9
Reflexd,malganis,288,evoker,preservation,12,3,9
Discussion,area-52,288,evoker,preservation,12,3,9
Ahahaa,frostmourne,288,evoker,preservation,12,3,9
Phosphothel,moon-guard,288,evoker,preservation,12,3,9
Vxfire,sargeras,288,evoker,preservation,12,3,9
Vandornomu,illidan,288,evoker,preservation,12,3,9
Tyrannicull,sargeras,288,evoker,preservation,12,3,9
Raegon,wyrmrest-accord,288,evoker,preservation,12,3,9
Snáckbóx,alexstrasza,288,evoker,preservation,12,3,9
Galfiore,malganis,288,evoker,preservation,12,3,9
Dragonbabu,area-52,288,evoker,preservation,12,3,9
Simmnyxia,area-52,288,evoker,preservation,12,3,9
Dwacawys,zuljin,288,evoker,preservation,12,3,9
Explosives,blades-edge,288,evoker,preservation,12,3,9
Cøømbuya,sargeras,288,evoker,preservation,12,3,9
Mouthgorawr,tichondrius,288,evoker,preservation,13,3,10
Rogir,zuljin,288,evoker,preservation,18,3,15
Windchaser,kelthuzad,288,evoker,preservation,18,3,15
Wapowthion,blades-edge,288,evoker,preservation,18,3,15
Rizzanomics,zuljin,287,evoker,preservation,8,4,4
Killerdragon,darkspear,287,evoker,preservation,6,3,3
Drakier,kelthuzad,287,evoker,preservation,6,3,3
Retroo,dark-iron,287,evoker,preservation,6,3,3
Supereragon,area-52,287,evoker,preservation,6,3,3
Deralizrd,tichondrius,287,evoker,preservation,6,3,3
Notvez,bleeding-hollow,287,evoker,preservation,6,3,3
Draktarion,ragnaros,287,evoker,preservation,12,3,9
Bilbodragons,stormreaver,287,evoker,preservation,12,3,9
Dragoreo,illidan,287,evoker,preservation,12,3,9
Tazen,bleeding-hollow,287,evoker,preservation,12,3,9
Chenrong,sargeras,287,evoker,preservation,12,3,9
Toothlesz,draka,287,evoker,preservation,18,3,15
Kalistro,quelthalas,286,evoker,preservation,6,3,3
Arazarion,mugthol,285,evoker,preservation,12,3,9
Sodre,illidan,285,evoker,preservation,24,3,21
Jsb,moon-guard,282,evoker,preservation,30,3,27
Uskrait,tichondrius,255,evoker,preservation,14,4,10
Stíckyj,tichondrius,255,evoker,preservation,11,3,8
Dragontamz,the-forgotten-coast,239,evoker,preservation,5,3,2
Slashprovoke,frostmourne,239,evoker,preservation,5,3,2
Setrazen,illidan,234,evoker,preservation,9,4,5
Tugmapvpean,kelthuzad,208,evoker,preservation,7,3,4
Lexazule,bleeding-hollow,192,evoker,preservation,6,2,4
Scyyterr,azralon,192,evoker,preservation,6,2,4
Emopidgey,dalaran,192,evoker,preservation,6,2,4
Stickvoker,sargeras,192,evoker,preservation,6,2,4
Sensandors,tichondrius,192,evoker,preservation,6,2,4
Racovoker,zuljin,192,evoker,preservation,6,2,4
Dwagonwage,zuljin,192,evoker,preservation,6,2,4
Nite,lothar,192,evoker,preservation,6,2,4
Flappyboy,bleeding-hollow,192,evoker,preservation,6,2,4
Dscim,zuljin,192,evoker,preservation,6,2,4
Custipiu,azralon,192,evoker,preservation,6,2,4
Daemon,terokkar,192,evoker,preservation,6,2,4
Kalrid,sargeras,192,evoker,preservation,6,2,4
Topg,boulderfist,192,evoker,preservation,6,2,4
Jessefurr,undermine,192,evoker,preservation,6,2,4
Trensetra,sargeras,192,evoker,preservation,6,2,4
Drapary,dathremar,192,evoker,preservation,6,2,4
Carrnedge,area-52,192,evoker,preservation,6,2,4
Blazor,sisters-of-elune,192,evoker,preservation,6,2,4
Saenys,ragnaros,192,evoker,preservation,6,2,4
Hochelaga,arthas,192,evoker,preservation,6,2,4
Sketchybum,tichondrius,192,evoker,preservation,6,2,4
Lëåf,area-52,192,evoker,preservation,6,2,4
Preserveluke,moon-guard,192,evoker,preservation,6,2,4
Evokesaint,wyrmrest-accord,192,evoker,preservation,6,2,4
Conorvokes,tichondrius,192,evoker,preservation,6,2,4
Drugdoer,illidan,192,evoker,preservation,6,2,4
Alexevoker,tichondrius,192,evoker,preservation,6,2,4
Ignicion,quelthalas,192,evoker,preservation,6,2,4
Ndr,proudmoore,192,evoker,preservation,6,2,4
Slaymedaddy,proudmoore,192,evoker,preservation,6,2,4
Exiztx,tichondrius,192,evoker,preservation,6,2,4
Likelybaked,kiljaeden,192,evoker,preservation,6,2,4
Ashgaar,sargeras,192,evoker,preservation,6,2,4
Syfen,burning-blade,192,evoker,preservation,6,2,4
Koopa,malygos,192,evoker,preservation,6,2,4
Arnoeryan,ragnaros,192,evoker,preservation,6,2,4
Ineptqt,frostmourne,192,evoker,preservation,6,2,4
Originull,tichondrius,192,evoker,preservation,6,2,4
Wse,illidan,192,evoker,preservation,6,2,4
Froky,stormrage,192,evoker,preservation,6,2,4
Drakhaz,azralon,192,evoker,preservation,6,2,4
Smurgma,frostmane,192,evoker,preservation,6,2,4
Nil,malganis,192,evoker,preservation,6,2,4
Sekidrac,ragnaros,192,evoker,preservation,6,2,4
Tagritash,kelthuzad,192,evoker,preservation,6,2,4
Wonyoungx,frostmourne,192,evoker,preservation,6,2,4
Invdkill,azralon,192,evoker,preservation,6,2,4
Oatmealneil,bleeding-hollow,192,evoker,preservation,10,2,8
Drakthyrmonk,hyjal,192,evoker,preservation,12,2,10
Contractor,emerald-dream,192,evoker,preservation,12,2,10
Luxxa,bloodhoof,192,evoker,preservation,12,2,10
Hutáo,tichondrius,192,evoker,preservation,12,2,10
Raphd,sargeras,192,evoker,preservation,12,2,10
Olesmokey,tichondrius,192,evoker,preservation,12,2,10
Toyatoki,stormrage,192,evoker,preservation,12,2,10
Drachenatem,skywall,192,evoker,preservation,12,2,10
Ceraxxes,tichondrius,192,evoker,preservation,12,2,10
Zagze,stormrage,192,evoker,preservation,12,2,10
Tightp,malganis,192,evoker,preservation,12,2,10
Shellybelly,shadowmoon,192,evoker,preservation,12,2,10
Timecøp,zuljin,192,evoker,preservation,12,2,10
Arkaan,malganis,192,evoker,preservation,12,2,10
Takasaki,dalaran,192,evoker,preservation,12,2,10
Chaosrebørn,bleeding-hollow,192,evoker,preservation,18,2,16
Dadydafather,sargeras,192,evoker,preservation,24,2,22
Lacost,area-52,191,evoker,preservation,6,2,4
Dracalis,thrall,191,evoker,preservation,6,2,4
Draxitar,blackrock,191,evoker,preservation,6,2,4
Spyrð,emerald-dream,191,evoker,preservation,6,2,4
Valethal,ragnaros,191,evoker,preservation,6,2,4
Shadowyasuke,area-52,191,evoker,preservation,12,2,10
Evooern,frostmourne,175,evoker,preservation,11,2,9
Devokerkofwa,tichondrius,159,evoker,preservation,5,2,3
Jetthryx,emerald-dream,159,evoker,preservation,11,2,9
Dragonbush,sargeras,138,evoker,preservation,10,3,7
Scalendar,frostmourne,138,evoker,preservation,11,3,8
Shíkyo,stormrage,138,evoker,preservation,20,3,17
Hutterbut,malganis,96,evoker,preservation,3,2,1
Dragoondeez,bleeding-hollow,96,evoker,preservation,3,2,1
Azgrodragon,stonemaul,96,evoker,preservation,6,1,5
Beanflickher,tichondrius,96,evoker,preservation,6,1,5
Zendrov,skywall,96,evoker,preservation,6,1,5
Mookthyr,area-52,96,evoker,preservation,6,1,5
Vermax,spirestone,96,evoker,preservation,6,1,5
Etereosthel,ragnaros,96,evoker,preservation,6,1,5
Keedrori,thrall,96,evoker,preservation,6,1,5
Ohmylanta,stormrage,96,evoker,preservation,6,1,5
Nivekk,zuljin,96,evoker,preservation,6,1,5
Sobuker,wyrmrest-accord,96,evoker,preservation,6,1,5
Iamthêt,sargeras,96,evoker,preservation,6,1,5
Hausebat,moon-guard,96,evoker,preservation,6,1,5
Pyrepeanut,tichondrius,96,evoker,preservation,6,1,5
Vvhip,tichondrius,96,evoker,preservation,6,1,5
Caelïn,malganis,96,evoker,preservation,6,1,5
Uwuspit,tichondrius,96,evoker,preservation,6,1,5
Gamerwords,barthilas,96,evoker,preservation,6,1,5
Saînt,thrall,96,evoker,preservation,6,1,5
Xampusaurio,ragnaros,96,evoker,preservation,6,1,5
Atreign,blackwing-lair,96,evoker,preservation,6,1,5
Tobee,stormrage,96,evoker,preservation,6,1,5
Patrdorasz,zuljin,96,evoker,preservation,6,1,5
Azurflame,tichondrius,96,evoker,preservation,6,1,5
Neroker,malganis,96,evoker,preservation,6,1,5
Dragondoh,frostmourne,96,evoker,preservation,6,1,5
Vulpyre,ragnaros,96,evoker,preservation,6,1,5
Spyroh,crushridge,96,evoker,preservation,6,1,5
Omars,sargeras,96,evoker,preservation,6,1,5
Daraz,tichondrius,96,evoker,preservation,6,1,5
Simarity,thrall,96,evoker,preservation,6,1,5
Deviantart,emerald-dream,96,evoker,preservation,6,1,5
Rdrako,emerald-dream,96,evoker,preservation,6,1,5
Ripdumpster,bonechewer,96,evoker,preservation,6,1,5
Ðräco,quelthalas,96,evoker,preservation,6,1,5
Dragnips,bleeding-hollow,96,evoker,preservation,6,1,5
Freeblaze,blackhand,96,evoker,preservation,6,1,5
Henryvoker,moknathal,96,evoker,preservation,6,1,5
Nändy,tichondrius,96,evoker,preservation,6,1,5
Trrxx,tichondrius,96,evoker,preservation,6,1,5
Hardstuckirl,tichondrius,96,evoker,preservation,6,1,5
Backuphealer,bleeding-hollow,96,evoker,preservation,6,1,5
Myjewelshurt,stormrage,96,evoker,preservation,6,1,5
Liltj,tichondrius,96,evoker,preservation,6,1,5
Tasdarallar,frostmourne,96,evoker,preservation,6,1,5
Zenetar,area-52,96,evoker,preservation,12,1,11
Shimshine,destromath,96,evoker,preservation,12,1,11
Dakotakek,illidan,96,evoker,preservation,12,1,11
Morkite,moon-guard,96,evoker,preservation,12,1,11
Jeeyell,malganis,96,evoker,preservation,12,1,11
Khorvin,proudmoore,96,evoker,preservation,12,1,11
Draghone,illidan,96,evoker,preservation,12,1,11
Eragon,feathermoon,96,evoker,preservation,12,1,11
Derath,maelstrom,96,evoker,preservation,12,1,11
Dracarus,crushridge,96,evoker,preservation,12,1,11
Nelphemuer,wyrmrest-accord,96,evoker,preservation,12,1,11
Exilence,alleria,96,evoker,preservation,17,1,16
Blowmiê,area-52,79,evoker,preservation,5,1,4
Dragcules,thrall,42,evoker,preservation,11,2,9
Tenyeen,moonrunner,31,evoker,preservation,2,1,1
Luøzheng,drakkari,16,evoker,preservation,1,1,0
Sëverus,moon-guard,9,evoker,preservation,8,5,3
Thiqc,zuluhed,9,evoker,preservation,9,3,6
Nikthevoker,tichondrius,2207,evoker,devastation,176,96,80
Caedalade,spirestone,2180,evoker,devastation,123,70,53
Nikthevoker,area-52,2162,evoker,devastation,189,98,91
Ocdgamer,malganis,2133,evoker,devastation,115,58,57
Whilefalse,stormrage,2125,evoker,devastation,95,48,47
Lizzimcguire,zuljin,2118,evoker,devastation,90,60,30
Dametra,proudmoore,2100,evoker,devastation,108,62,46
Chun,malganis,2096,evoker,devastation,54,32,22
Shamblewing,arthas,2094,evoker,devastation,89,44,45
Caedalade,proudmoore,2041,evoker,devastation,262,131,131
Eastwubz,norgannon,2036,evoker,devastation,156,83,73
Rothvoker,tichondrius,2033,evoker,devastation,121,70,51
Breathalizer,sargeras,2029,evoker,devastation,90,51,39
Frequevoker,tichondrius,2016,evoker,devastation,59,29,30
Somyr,area-52,2003,evoker,devastation,78,43,35
Evokemedaddy,bleeding-hollow,1974,evoker,devastation,161,83,78
Wazgon,emerald-dream,1969,evoker,devastation,242,119,123
Drogu,kelthuzad,1964,evoker,devastation,48,29,19
Meltharian,frostmourne,1938,evoker,devastation,104,59,45
Hutaothighs,illidan,1937,evoker,devastation,130,67,63
Saryuja,thunderhorn,1922,evoker,devastation,52,36,16
Dzrn,moon-guard,1922,evoker,devastation,144,72,72
Katadrak,area-52,1920,evoker,devastation,36,21,15
Crappysmellz,tichondrius,1918,evoker,devastation,55,34,21
Kinndyvoker,sargeras,1909,evoker,devastation,59,28,31
Arzaria,stormrage,1906,evoker,devastation,158,88,70
Rõÿ,area-52,1903,evoker,devastation,42,25,17
Juicyjom,staghelm,1900,evoker,devastation,60,30,30
Bigdrag,blackhand,1896,evoker,devastation,198,104,94
Ayavi,illidan,1890,evoker,devastation,96,61,35
Trogdør,illidan,1887,evoker,devastation,159,79,80
Quadude,illidan,1886,evoker,devastation,221,109,112
Artemad,moon-guard,1885,evoker,devastation,48,32,16
Gôdzevoker,area-52,1879,evoker,devastation,129,73,56
Seldantria,dalaran,1875,evoker,devastation,71,36,35
Azazél,borean-tundra,1868,evoker,devastation,257,136,121
Krashbandico,zangarmarsh,1863,evoker,devastation,61,30,31
Mtndewboy,illidan,1856,evoker,devastation,126,67,59
Thrawn,arygos,1855,evoker,devastation,59,37,22
Bugberry,illidan,1854,evoker,devastation,96,51,45
Xxkimura,tichondrius,1854,evoker,devastation,228,121,107
Strepo,proudmoore,1851,evoker,devastation,66,34,32
Royquaza,illidan,1850,evoker,devastation,60,33,27
Wheezee,emerald-dream,1850,evoker,devastation,46,25,21
Rescued,wyrmrest-accord,1848,evoker,devastation,54,31,23
Azradormu,zuljin,1847,evoker,devastation,198,94,104
Tatsurai,tichondrius,1845,evoker,devastation,43,24,19
Fores,tichondrius,1845,evoker,devastation,127,65,62
Eshen,ragnaros,1843,evoker,devastation,298,158,140
Koalaman,area-52,1840,evoker,devastation,294,149,145
Plep,wyrmrest-accord,1836,evoker,devastation,51,30,21
Laneva,moon-guard,1835,evoker,devastation,128,86,42
Anachronormu,mannoroth,1833,evoker,devastation,83,46,37
Venarys,dalaran,1826,evoker,devastation,42,30,12
Raxdragon,sargeras,1826,evoker,devastation,36,22,14
Draxarys,tichondrius,1826,evoker,devastation,286,140,146
Srb,chogall,1824,evoker,devastation,113,63,50
Krúnsh,ragnaros,1823,evoker,devastation,191,104,87
Airgordan,area-52,1821,evoker,devastation,77,37,40
Zoomi,whisperwind,1819,evoker,devastation,35,20,15
Komodolong,tichondrius,1819,evoker,devastation,53,26,27
Evokes,moon-guard,1818,evoker,devastation,80,41,39
Kyloflight,thrall,1817,evoker,devastation,50,33,17
Dracaryz,blackhand,1814,evoker,devastation,60,35,25
Puf,magtheridon,1814,evoker,devastation,268,146,122
Gridskully,quelthalas,1814,evoker,devastation,81,38,43
Teriarch,stormrage,1813,evoker,devastation,39,23,16
Drakori,azralon,1812,evoker,devastation,80,49,31
Gojirastraza,stormrage,1810,evoker,devastation,53,32,21
Gwaelii,tichondrius,1809,evoker,devastation,105,62,43
Pykan,skullcrusher,1809,evoker,devastation,47,24,23
Ragedizzle,twisting-nether,1808,evoker,devastation,91,49,42
Mil,lightnings-blade,1808,evoker,devastation,69,37,32
Geicovoker,tichondrius,1806,evoker,devastation,52,30,22
Juicylizard,stormrage,1805,evoker,devastation,212,111,101
Tazriak,tichondrius,1803,evoker,devastation,83,52,31
Thordak,drakkari,1801,evoker,devastation,72,40,32
Fractalz,alterac-mountains,1800,evoker,devastation,169,92,77
Mcglizzy,stormrage,1796,evoker,devastation,155,86,69
Obsidianimp,sargeras,1785,evoker,devastation,54,24,30
Yrue,moon-guard,1779,evoker,devastation,36,19,17
Swolegarian,emerald-dream,1777,evoker,devastation,53,32,21
Draxarys,area-52,1776,evoker,devastation,224,112,112
Mfquietus,illidan,1773,evoker,devastation,84,49,35
Nørbert,frostmourne,1769,evoker,devastation,48,29,19
Dooklord,shuhalo,1763,evoker,devastation,54,24,30
Ethalem,thrall,1757,evoker,devastation,271,146,125
Coltist,elune,1753,evoker,devastation,30,22,8
Tagzy,tichondrius,1750,evoker,devastation,99,63,36
Dilon,area-52,1750,evoker,devastation,72,41,31
Oldxdrake,sargeras,1748,evoker,devastation,144,73,71
Milkymike,uldum,1745,evoker,devastation,54,33,21
Emiriss,thrall,1744,evoker,devastation,88,45,43
Flapples,stormrage,1743,evoker,devastation,96,53,43
Vhagarius,tichondrius,1735,evoker,devastation,94,47,47
Theredmenace,barthilas,1734,evoker,devastation,41,26,15
Cowboyydann,malganis,1733,evoker,devastation,29,19,10
Stickvoker,sargeras,1733,evoker,devastation,66,40,26
Golden,area-52,1733,evoker,devastation,46,24,22
Vizora,moon-guard,1732,evoker,devastation,116,65,51
Rá,drenden,1728,evoker,devastation,78,34,44
Beatdownbill,sargeras,1725,evoker,devastation,130,66,64
Derite,bonechewer,1723,evoker,devastation,40,29,11
Fizzlevoker,malganis,1715,evoker,devastation,53,26,27
Nunez,frostmourne,1713,evoker,devastation,41,22,19
Betasoldier,kelthuzad,1708,evoker,devastation,95,56,39
Æthyr,anubarak,1707,evoker,devastation,36,26,10
Blowmiê,area-52,1706,evoker,devastation,158,84,74
Evokez,barthilas,1705,evoker,devastation,42,31,11
Mushugon,wyrmrest-accord,1704,evoker,devastation,47,29,18
Ðeepßreath,sargeras,1703,evoker,devastation,66,35,31
Spyrodadrago,malganis,1700,evoker,devastation,66,38,28
Drgua,tichondrius,1696,evoker,devastation,42,25,17
Jase,gilneas,1691,evoker,devastation,74,45,29
Dwagonwage,zuljin,1689,evoker,devastation,72,35,37
Scaleychad,zuljin,1688,evoker,devastation,53,27,26
Qbgosa,malganis,1686,evoker,devastation,48,27,21
Arkeryte,moon-guard,1686,evoker,devastation,126,66,60
Djvoker,zuljin,1681,evoker,devastation,62,32,30
Darkwingz,icecrown,1680,evoker,devastation,44,25,19
Izzythelizzy,tichondrius,1679,evoker,devastation,174,93,81
Eszel,thunderlord,1679,evoker,devastation,184,98,86
Caelïn,malganis,1679,evoker,devastation,186,99,87
Catvoker,area-52,1678,evoker,devastation,114,58,56
Alekoslol,area-52,1677,evoker,devastation,46,27,19
Shoestrings,tichondrius,1675,evoker,devastation,108,51,57
Nazaral,mannoroth,1674,evoker,devastation,84,45,39
Garlicbreth,stormrage,1671,evoker,devastation,76,40,36
Bucket,wyrmrest-accord,1665,evoker,devastation,48,24,24
Xhamon,quelthalas,1661,evoker,devastation,124,60,64
Nändy,tichondrius,1659,evoker,devastation,42,25,17
Shalander,proudmoore,1658,evoker,devastation,141,79,62
Dracthael,stormrage,1658,evoker,devastation,80,43,37
Balrôg,malganis,1656,evoker,devastation,63,29,34
Dovàhkin,moon-guard,1655,evoker,devastation,66,35,31
Mindme,tichondrius,1652,evoker,devastation,53,30,23
Haramcad,tichondrius,1652,evoker,devastation,165,89,76
Bombs,shattered-hand,1651,evoker,devastation,144,77,67
Wonyoungx,frostmourne,1651,evoker,devastation,62,29,33
Wingdeadly,tichondrius,1650,evoker,devastation,66,35,31
Koralia,moon-guard,1647,evoker,devastation,42,18,24
Sofyon,dalaran,1646,evoker,devastation,40,20,20
Deralan,khaz-modan,1645,evoker,devastation,36,20,16
Psynister,illidan,1644,evoker,devastation,168,76,92
Rotscale,proudmoore,1643,evoker,devastation,36,22,14
Hmong,proudmoore,1643,evoker,devastation,48,20,28
Erizcdraa,tichondrius,1642,evoker,devastation,46,26,20
Blackdragôn,stormrage,1641,evoker,devastation,43,22,21
Epollyon,sargeras,1639,evoker,devastation,42,25,17
Zeranthal,moon-guard,1632,evoker,devastation,32,21,11
Burnyxia,zuljin,1628,evoker,devastation,48,23,25
Quickshootin,tichondrius,1628,evoker,devastation,65,28,37
Rizzanomics,zuljin,1626,evoker,devastation,76,32,44
Evòker,tichondrius,1625,evoker,devastation,54,28,26
Galakrønd,illidan,1624,evoker,devastation,116,63,53
Draislyn,cenarion-circle,1622,evoker,devastation,36,23,13
Mmrglmrglmr,stormrage,1620,evoker,devastation,65,37,28
Quadarius,tichondrius,1617,evoker,devastation,147,82,65
Lorb,icecrown,1616,evoker,devastation,170,94,76
Eternabeam,gilneas,1614,evoker,devastation,89,45,44
Smoochies,emerald-dream,1614,evoker,devastation,72,36,36
Zyzzy,icecrown,1613,evoker,devastation,80,48,32
Embarasi,moon-guard,1613,evoker,devastation,60,36,24
Jòrmungandr,moon-guard,1613,evoker,devastation,56,24,32
Endoveire,tichondrius,1613,evoker,devastation,54,23,31
Âvalon,zuljin,1611,evoker,devastation,24,17,7
Bréáth,tichondrius,1608,evoker,devastation,48,33,15
Youdig,nazjatar,1608,evoker,devastation,42,24,18
Rðsè,tichondrius,1608,evoker,devastation,150,71,79
Akajills,tichondrius,1607,evoker,devastation,124,70,54
Pewnee,eonar,1607,evoker,devastation,83,40,43
Eshaybruh,barthilas,1605,evoker,devastation,34,20,14
Dracomalfoyy,caelestrasz,1605,evoker,devastation,33,18,15
Xplode,area-52,1605,evoker,devastation,206,108,98
Dubskis,area-52,1603,evoker,devastation,122,63,59
Jereico,stonemaul,1603,evoker,devastation,78,39,39
Bently,bloodhoof,1603,evoker,devastation,48,21,27
Marccuss,bleeding-hollow,1601,evoker,devastation,24,17,7
Ryuback,sargeras,1601,evoker,devastation,42,26,16
Xhaal,tichondrius,1601,evoker,devastation,168,83,85
Rengöku,skullcrusher,1599,evoker,devastation,48,24,24
Dragonkings,tichondrius,1599,evoker,devastation,75,33,42
Imugee,sargeras,1598,evoker,devastation,54,27,27
Zona,moon-guard,1597,evoker,devastation,54,26,28
Juooun,tichondrius,1597,evoker,devastation,77,35,42
Potfase,tichondrius,1596,evoker,devastation,50,23,27
Lïzzy,tichondrius,1594,evoker,devastation,30,21,9
Ackreshanaz,nagrand,1594,evoker,devastation,36,17,19
Zenithria,thrall,1593,evoker,devastation,106,54,52
Rinstraza,thrall,1592,evoker,devastation,138,70,68
Curtis,shadowmoon,1590,evoker,devastation,112,66,46
Batwig,tichondrius,1590,evoker,devastation,71,39,32
Hochenblume,proudmoore,1590,evoker,devastation,59,30,29
Kozukimomo,area-52,1586,evoker,devastation,119,59,60
Linguistic,tichondrius,1585,evoker,devastation,54,29,25
Terraxkhan,quelthalas,1585,evoker,devastation,66,29,37
Mayhemvoker,rexxar,1584,evoker,devastation,54,32,22
Flysokan,tichondrius,1582,evoker,devastation,63,32,31
Algonir,wyrmrest-accord,1581,evoker,devastation,30,17,13
Kalisee,skullcrusher,1579,evoker,devastation,85,46,39
Netreset,illidan,1578,evoker,devastation,37,20,17
Envisioned,kelthuzad,1572,evoker,devastation,36,19,17
Voithyr,moon-guard,1571,evoker,devastation,98,54,44
Aarax,tichondrius,1570,evoker,devastation,89,45,44
Ævoker,tichondrius,1569,evoker,devastation,111,54,57
Drachenatem,skywall,1561,evoker,devastation,36,22,14
Spicyrooster,area-52,1560,evoker,devastation,38,21,17
Devilmanguy,bonechewer,1558,evoker,devastation,72,34,38
Karox,moon-guard,1552,evoker,devastation,143,71,72
Bryiona,proudmoore,1550,evoker,devastation,81,40,41
Flippyflappy,zuljin,1549,evoker,devastation,30,17,13
Breezemordus,zuljin,1547,evoker,devastation,36,20,16
Shortdargon,zuljin,1547,evoker,devastation,36,18,18
Nishalethen,moon-guard,1547,evoker,devastation,68,33,35
Sintholo,sargeras,1544,evoker,devastation,104,52,52
Agheel,firetree,1543,evoker,devastation,44,23,21
Zindraco,thrall,1542,evoker,devastation,36,17,19
Jiminsgf,tichondrius,1539,evoker,devastation,56,37,19
Dragnmÿballs,blackrock,1536,evoker,devastation,34,20,14
Emoker,magtheridon,1535,evoker,devastation,54,31,23
Hoodwings,stormrage,1533,evoker,devastation,79,46,33
Deathwingtwo,sargeras,1533,evoker,devastation,61,34,27
Hydrogenbomb,sargeras,1530,evoker,devastation,86,47,39
Børedom,burning-legion,1529,evoker,devastation,48,30,18
Nxnevo,tichondrius,1529,evoker,devastation,36,19,17
You,deathwing,1528,evoker,devastation,42,24,18
Chànge,lothar,1527,evoker,devastation,71,36,35
Zandrov,greymane,1526,evoker,devastation,51,29,22
Hotdragon,zuljin,1526,evoker,devastation,78,43,35
Meleyx,saurfang,1526,evoker,devastation,66,33,33
Trákanon,mugthol,1524,evoker,devastation,47,25,22
Valentis,bleeding-hollow,1522,evoker,devastation,84,49,35
Madjeckyl,dalaran,1518,evoker,devastation,30,16,14
Bryágh,wyrmrest-accord,1517,evoker,devastation,147,76,71
Bumbaclot,illidan,1516,evoker,devastation,30,16,14
Devdjinn,tichondrius,1516,evoker,devastation,198,105,93
Olesmokey,tichondrius,1513,evoker,devastation,86,45,41
Zenasatral,sargeras,1512,evoker,devastation,25,17,8
Encouraçado,stormrage,1512,evoker,devastation,47,26,21
Galrend,firetree,1511,evoker,devastation,78,41,37
Baigels,thrall,1510,evoker,devastation,36,18,18
Polyrhythmic,ysera,1510,evoker,devastation,79,38,41
Growthyy,malganis,1506,evoker,devastation,24,16,8
Whethersmell,tichondrius,1505,evoker,devastation,33,20,13
Abaddragon,dalaran,1505,evoker,devastation,47,20,27
Tinine,frostmourne,1503,evoker,devastation,60,33,27
Mythsvoker,barthilas,1503,evoker,devastation,37,18,19
Drussyboy,illidan,1499,evoker,devastation,82,42,40
Atreign,blackwing-lair,1499,evoker,devastation,55,22,33
Tezzyl,kiljaeden,1498,evoker,devastation,30,16,14
Tealetaz,area-52,1495,evoker,devastation,49,32,17
Famousdr,stormrage,1495,evoker,devastation,50,26,24
Dunkinonem,black-dragonflight,1494,evoker,devastation,42,25,17
Kylidon,garrosh,1494,evoker,devastation,53,28,25
Kozara,trollbane,1494,evoker,devastation,35,17,18
Puffthemagiq,mugthol,1491,evoker,devastation,48,28,20
Ùwüdragon,tichondrius,1490,evoker,devastation,118,71,47
Erling,duskwood,1490,evoker,devastation,84,46,38
Jgdragon,sargeras,1489,evoker,devastation,36,18,18
Dimatis,ragnaros,1488,evoker,devastation,42,17,25
Xaeradroz,area-52,1486,evoker,devastation,78,41,37
Dragontales,stormrage,1483,evoker,devastation,90,48,42
Bloodwings,tichondrius,1482,evoker,devastation,30,16,14
Qfyre,frostmourne,1480,evoker,devastation,57,34,23
Bellerion,proudmoore,1480,evoker,devastation,54,26,28
Jowtzprev,ragnaros,1476,evoker,devastation,66,35,31
Dragonvore,moon-guard,1475,evoker,devastation,23,17,6
Elurb,illidan,1475,evoker,devastation,50,30,20
Narissian,wyrmrest-accord,1473,evoker,devastation,114,58,56
Setash,kiljaeden,1465,evoker,devastation,62,36,26
Dekux,elune,1459,evoker,devastation,36,16,20
Mustardtiger,malorne,1458,evoker,devastation,56,31,25
Rhÿu,quelthalas,1455,evoker,devastation,71,36,35
Dragondis,thrall,1454,evoker,devastation,47,23,24
Unseenzblack,tichondrius,1453,evoker,devastation,30,19,11
Tabebuya,illidan,1453,evoker,devastation,50,19,31
Dragontrees,illidan,1450,evoker,devastation,36,19,17
Amlug,illidan,1450,evoker,devastation,88,38,50
Ýüp,tichondrius,1448,evoker,devastation,34,21,13
Lizardik,lightnings-blade,1448,evoker,devastation,26,16,10
Midi,boulderfist,1446,evoker,devastation,42,21,21
Lilfootmommy,emerald-dream,1446,evoker,devastation,36,16,20
Serthius,darkspear,1439,evoker,devastation,24,17,7
Peef,tichondrius,1439,evoker,devastation,24,15,9
Topg,boulderfist,1439,evoker,devastation,33,18,15
Salakhar,drakkari,1438,evoker,devastation,38,24,14
Kheeleesi,illidan,1438,evoker,devastation,113,55,58
Monkeydrake,tichondrius,1438,evoker,devastation,72,31,41
Zalzin,agamaggan,1435,evoker,devastation,92,48,44
Jurokiel,sargeras,1434,evoker,devastation,135,73,62
Vexosza,moon-guard,1434,evoker,devastation,30,16,14
Joopydrake,tichondrius,1431,evoker,devastation,30,15,15
Raller,malganis,1430,evoker,devastation,24,15,9
Dracthyrius,thunderlord,1430,evoker,devastation,30,16,14
Valthenax,frostmourne,1430,evoker,devastation,94,39,55
Brounno,area-52,1429,evoker,devastation,76,49,27
Brendormu,moon-guard,1428,evoker,devastation,36,15,21
Zartolas,moon-guard,1426,evoker,devastation,106,48,58
Kinto,stormrage,1425,evoker,devastation,36,15,21
Neith,aerie-peak,1425,evoker,devastation,47,18,29
Dylawn,illidan,1424,evoker,devastation,54,31,23
Dragonbic,illidan,1423,evoker,devastation,36,16,20
Evoqz,stormrage,1422,evoker,devastation,30,18,12
Drêki,bleeding-hollow,1422,evoker,devastation,36,16,20
Grapthar,korgath,1418,evoker,devastation,78,41,37
Trenash,illidan,1418,evoker,devastation,76,32,44
Kjerne,stormrage,1417,evoker,devastation,35,23,12
Nethenezoth,auchindoun,1414,evoker,devastation,30,15,15
Rangel,tol-barad,1414,evoker,devastation,39,17,22
Talanoth,skullcrusher,1408,evoker,devastation,57,34,23
Dreamtalons,area-52,1408,evoker,devastation,36,20,16
Desiinger,tichondrius,1406,evoker,devastation,48,25,23
Chinesedragn,tichondrius,1406,evoker,devastation,88,44,44
Toastragosa,cenarius,1406,evoker,devastation,149,66,83
Drayongari,tichondrius,1405,evoker,devastation,36,16,20
Thechadwasgr,bleeding-hollow,1403,evoker,devastation,62,31,31
Dragoom,saurfang,1402,evoker,devastation,36,20,16
Firkrag,bleeding-hollow,1402,evoker,devastation,60,28,32
Jarzilla,illidan,1401,evoker,devastation,24,15,9
Spicy,mannoroth,1400,evoker,devastation,40,22,18
Favoredson,area-52,1400,evoker,devastation,48,25,23
Valkalas,moon-guard,1400,evoker,devastation,63,30,33
Dillss,tichondrius,1397,evoker,devastation,66,31,35
Veserion,azralon,1396,evoker,devastation,90,50,40
Drflame,quelthalas,1394,evoker,devastation,41,22,19
Rodgoesinya,blackrock,1392,evoker,devastation,54,30,24
Blittlle,bleeding-hollow,1391,evoker,devastation,66,39,27
Deewey,sargeras,1389,evoker,devastation,30,16,14
Prevocker,sargeras,1387,evoker,devastation,85,37,48
Tyrvin,kiljaeden,1382,evoker,devastation,145,72,73
Howtew,jubeithos,1377,evoker,devastation,72,37,35
Ashenoth,antonidas,1376,evoker,devastation,42,23,19
Devonstation,zuljin,1372,evoker,devastation,48,25,23
Zeetash,illidan,1372,evoker,devastation,78,30,48
Malygoz,frostmourne,1370,evoker,devastation,60,24,36
Monyz,emerald-dream,1369,evoker,devastation,56,38,18
Kosstro,thunderlord,1366,evoker,devastation,52,32,20
Dailon,stormreaver,1365,evoker,devastation,39,17,22
Bvo,stormrage,1364,evoker,devastation,77,41,36
Gutterskank,illidan,1362,evoker,devastation,35,22,13
Navaji,tichondrius,1362,evoker,devastation,55,30,25
Evokedx,area-52,1361,evoker,devastation,42,21,21
Sidrasza,norgannon,1360,evoker,devastation,73,40,33
Zayllaerth,illidan,1360,evoker,devastation,82,42,40
Cròk,quelthalas,1360,evoker,devastation,33,15,18
Ezarke,madoran,1359,evoker,devastation,35,17,18
Thendroz,moon-guard,1357,evoker,devastation,30,18,12
Grendalevo,tichondrius,1357,evoker,devastation,57,28,29
Drogan,demon-soul,1356,evoker,devastation,92,55,37
Valyrik,illidan,1356,evoker,devastation,110,54,56
Lexgrossman,kelthuzad,1353,evoker,devastation,98,50,48
Kêristrasza,wyrmrest-accord,1352,evoker,devastation,54,27,27
Hugehorns,jubeithos,1349,evoker,devastation,24,15,9
Daydrac,thrall,1348,evoker,devastation,32,15,17
Trazana,wyrmrest-accord,1344,evoker,devastation,29,16,13
Bumbledragn,moon-guard,1344,evoker,devastation,101,49,52
Superscales,zuljin,1343,evoker,devastation,25,15,10
Sylnathaire,wyrmrest-accord,1343,evoker,devastation,84,41,43
Aydetal,eonar,1343,evoker,devastation,42,20,22
Dragoness,azralon,1341,evoker,devastation,65,26,39
Jwoker,malganis,1340,evoker,devastation,36,14,22
Zendrov,skywall,1339,evoker,devastation,36,17,19
Yuukee,thrall,1338,evoker,devastation,43,23,20
Madashy,durotan,1336,evoker,devastation,48,21,27
Dîego,azralon,1333,evoker,devastation,40,24,16
Drakoris,malganis,1331,evoker,devastation,117,61,56
Zlandicaar,area-52,1329,evoker,devastation,66,31,35
Acoldwall,illidan,1328,evoker,devastation,24,15,9
Koralia,wyrmrest-accord,1328,evoker,devastation,30,14,16
Vaelikai,korgath,1326,evoker,devastation,18,14,4
Dvrk,frostmourne,1326,evoker,devastation,47,23,24
Dovå,moon-guard,1322,evoker,devastation,32,16,16
Wackthyr,frostmourne,1320,evoker,devastation,36,18,18
Emikothyr,thrall,1319,evoker,devastation,74,41,33
Tekath,altar-of-storms,1317,evoker,devastation,56,26,30
Dragneel,wyrmrest-accord,1316,evoker,devastation,62,25,37
Drahconne,illidan,1312,evoker,devastation,76,40,36
Jabbawockeëz,drakkari,1310,evoker,devastation,97,51,46
Skooby,drenden,1309,evoker,devastation,30,16,14
Targaryenz,malganis,1304,evoker,devastation,48,25,23
Raghnard,illidan,1303,evoker,devastation,70,37,33
Senven,blackhand,1303,evoker,devastation,48,21,27
Skykeeper,quelthalas,1300,evoker,devastation,130,67,63
Zlolykcir,malganis,1299,evoker,devastation,89,48,41
Midnights,scarlet-crusade,1296,evoker,devastation,89,52,37
Vahaerys,stormrage,1296,evoker,devastation,48,21,27
Panicnodisco,zuljin,1292,evoker,devastation,23,14,9
Darazen,scarlet-crusade,1290,evoker,devastation,36,17,19
Tinà,tichondrius,1288,evoker,devastation,36,18,18
Obeahfire,tichondrius,1288,evoker,devastation,64,24,40
Wrecketz,tichondrius,1284,evoker,devastation,100,53,47
Vokeero,ysera,1284,evoker,devastation,72,36,36
Aktas,illidan,1280,evoker,devastation,40,19,21
Benares,zuljin,1279,evoker,devastation,91,43,48
Vlåd,tichondrius,1279,evoker,devastation,42,19,23
Sylverion,thrall,1277,evoker,devastation,70,35,35
Zorashal,kiljaeden,1276,evoker,devastation,52,31,21
Puffthemagik,doomhammer,1276,evoker,devastation,118,51,67
Narthraxion,destromath,1268,evoker,devastation,51,25,26
Evokjoe,tortheldrin,1262,evoker,devastation,58,29,29
Døvahkiin,sargeras,1260,evoker,devastation,29,14,15
Nathenezital,frostmourne,1255,evoker,devastation,39,21,18
Itwasntthis,tichondrius,1254,evoker,devastation,123,61,62
Crogosa,quelthalas,1251,evoker,devastation,36,14,22
Êsh,lightbringer,1249,evoker,devastation,24,14,10
Ezgamedeez,tichondrius,1247,evoker,devastation,24,13,11
Aoxila,proudmoore,1247,evoker,devastation,239,114,125
Marknormand,area-52,1246,evoker,devastation,24,13,11
Shanegillis,emerald-dream,1244,evoker,devastation,18,13,5
Sindraxx,stormrage,1242,evoker,devastation,57,30,27
Taeloc,frostmourne,1240,evoker,devastation,30,13,17
Dracfire,saurfang,1239,evoker,devastation,24,13,11
Azorian,vashj,1236,evoker,devastation,36,21,15
Longxx,dalaran,1235,evoker,devastation,24,13,11
Galakraas,proudmoore,1235,evoker,devastation,75,34,41
Xm,emerald-dream,1235,evoker,devastation,31,14,17
Bigbadfred,tichondrius,1234,evoker,devastation,24,13,11
Tasoly,stormrage,1229,evoker,devastation,36,13,23
Klownfiesta,thrall,1227,evoker,devastation,54,30,24
Phlegython,eredar,1226,evoker,devastation,30,13,17
Dingermun,bleeding-hollow,1225,evoker,devastation,20,15,5
Valakaztower,area-52,1225,evoker,devastation,36,19,17
Nazanazar,wyrmrest-accord,1223,evoker,devastation,98,46,52
Craterearth,moon-guard,1223,evoker,devastation,30,13,17
Nathx,drakkari,1222,evoker,devastation,24,18,6
Cheaterz,area-52,1222,evoker,devastation,36,22,14
Dracthul,tichondrius,1222,evoker,devastation,42,22,20
Slitherin,dalaran,1222,evoker,devastation,54,22,32
Alligatorz,sargeras,1219,evoker,devastation,30,14,16
Jugzxs,frostmourne,1213,evoker,devastation,36,14,22
Draginnutz,dunemaul,1206,evoker,devastation,30,13,17
Draconicus,bonechewer,1204,evoker,devastation,142,69,73
Trenot,draenor,1202,evoker,devastation,42,21,21
Layothyr,stormrage,1201,evoker,devastation,24,14,10
Aelvina,moon-guard,1201,evoker,devastation,30,13,17
Ejokerxx,tichondrius,1193,evoker,devastation,24,14,10
Dragkon,azuremyst,1190,evoker,devastation,54,22,32
Ironscale,dalaran,1186,evoker,devastation,30,13,17
Paean,moon-guard,1183,evoker,devastation,32,18,14
Evooern,frostmourne,1181,evoker,devastation,84,39,45
Xampusaurio,ragnaros,1178,evoker,devastation,24,13,11
Kaikisen,malganis,1178,evoker,devastation,41,19,22
Climax,stormrage,1177,evoker,devastation,28,13,15
Vaayu,moon-guard,1176,evoker,devastation,24,13,11
Sethelys,tichondrius,1176,evoker,devastation,26,13,13
Dragonair,spinebreaker,1173,evoker,devastation,27,13,14
Loganvkr,illidan,1172,evoker,devastation,30,14,16
Loginplease,frostmourne,1171,evoker,devastation,86,40,46
Teritwo,stormrage,1166,evoker,devastation,28,13,15
Skizle,destromath,1166,evoker,devastation,29,13,16
Dragonpete,whisperwind,1161,evoker,devastation,48,23,25
Kèrby,frostmourne,1159,evoker,devastation,24,13,11
Drakhaz,azralon,1156,evoker,devastation,22,13,9
Visron,stormrage,1153,evoker,devastation,65,41,24
Asham,azralon,1152,evoker,devastation,63,36,27
Stretonaught,dalaran,1152,evoker,devastation,27,14,13
Tërminus,quelthalas,1151,evoker,devastation,18,12,6
Devokerx,emerald-dream,1151,evoker,devastation,18,12,6
Shwaydbz,zuljin,1151,evoker,devastation,24,12,12
Drsgme,dentarg,1150,evoker,devastation,24,12,12
Aentharion,argent-dawn,1147,evoker,devastation,24,12,12
Zervis,arthas,1147,evoker,devastation,30,12,18
Thalyxia,azralon,1146,evoker,devastation,30,13,17
Drozul,stormrage,1145,evoker,devastation,30,12,18
Dragoceleste,ragnaros,1140,evoker,devastation,54,26,28
Taamyr,wyrmrest-accord,1139,evoker,devastation,96,51,45
Midyr,nemesis,1138,evoker,devastation,30,18,12
Dinnkyion,dalaran,1138,evoker,devastation,24,12,12
Slimyreptile,sargeras,1134,evoker,devastation,69,31,38
Dragonbranch,area-52,1133,evoker,devastation,24,12,12
Lorathyr,lothar,1128,evoker,devastation,24,12,12
Enuzan,dalaran,1128,evoker,devastation,89,41,48
Duamutef,wyrmrest-accord,1127,evoker,devastation,28,16,12
Archion,azgalor,1127,evoker,devastation,35,13,22
Fortwonty,thrall,1120,evoker,devastation,24,14,10
Yiserion,sargeras,1119,evoker,devastation,145,71,74
Skykeeper,dalaran,1118,evoker,devastation,24,12,12
Tralanoth,destromath,1117,evoker,devastation,24,12,12
Bhalaria,ragnaros,1113,evoker,devastation,69,25,44
Paycussy,sargeras,1110,evoker,devastation,18,12,6
Drakonyx,mugthol,1107,evoker,devastation,56,22,34
Zitasanazen,tichondrius,1107,evoker,devastation,64,25,39
Byäkuyá,azralon,1106,evoker,devastation,89,46,43
Drögón,stormrage,1100,evoker,devastation,42,27,15
Crymor,lethon,1099,evoker,devastation,30,16,14
Madelines,tichondrius,1097,evoker,devastation,24,13,11
Zhannecgos,moon-guard,1087,evoker,devastation,28,12,16
Gamerwords,barthilas,1070,evoker,devastation,30,13,17
Durijus,tichondrius,1069,evoker,devastation,35,14,21
Ðarkwyrm,laughing-skull,1062,evoker,devastation,42,22,20
Ezath,zuljin,1062,evoker,devastation,30,15,15
Zlyrax,moon-guard,1056,evoker,devastation,12,11,1
Cunk,illidan,1056,evoker,devastation,35,24,11
Devokèr,tichondrius,1056,evoker,devastation,24,11,13
Kiry,emerald-dream,1055,evoker,devastation,24,11,13
Hydroponicsz,bloodscalp,1055,evoker,devastation,24,11,13
Jwas,tichondrius,1055,evoker,devastation,24,11,13
Gypgo,ragnaros,1054,evoker,devastation,18,11,7
Kubus,emerald-dream,1054,evoker,devastation,18,11,7
Tepaku,thrall,1054,evoker,devastation,18,11,7
Dracopium,tichondrius,1054,evoker,devastation,24,14,10
Yousurper,thunderlord,1054,evoker,devastation,27,14,13
Meepslol,kiljaeden,1053,evoker,devastation,15,12,3
Raygos,nemesis,1053,evoker,devastation,62,23,39
Azulagos,sargeras,1051,evoker,devastation,16,13,3
Eìdolon,sargeras,1049,evoker,devastation,18,11,7
Satanasx,illidan,1048,evoker,devastation,24,11,13
Deàthwing,proudmoore,1045,evoker,devastation,115,45,70
Sübjugador,azralon,1042,evoker,devastation,30,20,10
Notvez,bleeding-hollow,1038,evoker,devastation,31,11,20
Bhristopher,wildhammer,1035,evoker,devastation,12,11,1
Tïtäm,area-52,1032,evoker,devastation,21,12,9
Byssrak,borean-tundra,1029,evoker,devastation,18,11,7
Warhammerxx,tichondrius,1027,evoker,devastation,84,33,51
Zippityzoom,barthilas,1026,evoker,devastation,43,18,25
Razorwing,azgalor,1019,evoker,devastation,24,13,11
Culture,khazgoroth,1006,evoker,devastation,15,11,4
Alnuin,stormrage,1004,evoker,devastation,102,42,60
Flygor,quelthalas,1003,evoker,devastation,66,23,43
Toyatoki,stormrage,1000,evoker,devastation,47,20,27
Stolesom,emerald-dream,994,evoker,devastation,65,32,33
Blazor,sisters-of-elune,993,evoker,devastation,29,11,18
Neofarian,lightbringer,986,evoker,devastation,20,11,9
Dragongrim,silvermoon,986,evoker,devastation,30,14,16
Lostplanet,drakkari,982,evoker,devastation,36,11,25
Popgoesurmom,tichondrius,981,evoker,devastation,24,13,11
Aratre,daggerspine,980,evoker,devastation,78,37,41
Miradrake,icecrown,960,evoker,devastation,12,10,2
Kazrekan,moon-guard,960,evoker,devastation,18,10,8
Iantern,dalaran,960,evoker,devastation,18,10,8
Tjofscales,stormrage,960,evoker,devastation,24,10,14
Rizzlordx,bleeding-hollow,960,evoker,devastation,24,10,14
Cmiygl,proudmoore,959,evoker,devastation,12,10,2
Cløud,hellscream,959,evoker,devastation,12,10,2
Billynobob,tichondrius,959,evoker,devastation,18,10,8
Nasdanot,zuljin,959,evoker,devastation,18,10,8
Xeerus,stormreaver,959,evoker,devastation,18,10,8
Basiliskgodx,tichondrius,959,evoker,devastation,18,10,8
Chime,dalaran,959,evoker,devastation,18,10,8
Moreleth,stormrage,959,evoker,devastation,18,10,8
Hausebat,moon-guard,959,evoker,devastation,18,10,8
Runescape,altar-of-storms,959,evoker,devastation,24,10,14
Grafixx,sargeras,958,evoker,devastation,15,11,4
Averithel,moon-guard,958,evoker,devastation,18,10,8
Ryhu,sargeras,958,evoker,devastation,18,10,8
Vokezuì,sargeras,958,evoker,devastation,30,10,20
Pewpowdragon,malganis,957,evoker,devastation,18,10,8
Dragocser,drakkari,957,evoker,devastation,18,10,8
Jormungandre,wyrmrest-accord,957,evoker,devastation,18,10,8
Galaxiz,bonechewer,957,evoker,devastation,24,12,12
Evokatoke,proudmoore,955,evoker,devastation,30,13,17
Oatmealneil,bleeding-hollow,955,evoker,devastation,24,10,14
Sinepbreath,bleeding-hollow,954,evoker,devastation,18,10,8
Liekki,illidan,953,evoker,devastation,24,10,14
Wizadsa,amanthul,951,evoker,devastation,12,10,2
Fáffy,kelthuzad,950,evoker,devastation,30,10,20
Fìg,wyrmrest-accord,948,evoker,devastation,18,10,8
Jorlozthyr,ragnaros,948,evoker,devastation,24,10,14
Chimo,laughing-skull,946,evoker,devastation,24,10,14
Herikas,tichondrius,943,evoker,devastation,80,39,41
Prolyfe,blood-furnace,942,evoker,devastation,15,11,4
Escanorr,ghostlands,936,evoker,devastation,20,11,9
Ciana,black-dragonflight,936,evoker,devastation,44,23,21
Báalboski,tichondrius,935,evoker,devastation,18,10,8
Hicane,tichondrius,935,evoker,devastation,29,10,19
Drapybaras,bleeding-hollow,934,evoker,devastation,48,22,26
Ryùtt,illidan,933,evoker,devastation,18,10,8
Fukhur,ragnaros,917,evoker,devastation,24,11,13
Vikings,madoran,909,evoker,devastation,23,10,13
Ezdrake,drakkari,900,evoker,devastation,36,11,25
Maximiliam,ragnaros,887,evoker,devastation,18,10,8
Arath,zangarmarsh,879,evoker,devastation,36,18,18
Tireoz,frostmourne,866,evoker,devastation,48,12,36
Kiserys,suramar,864,evoker,devastation,12,9,3
Gobananas,sargeras,864,evoker,devastation,12,9,3
Áspect,aegwynn,864,evoker,devastation,12,9,3
Oracle,duskwood,864,evoker,devastation,12,9,3
Gangbânk,tichondrius,864,evoker,devastation,12,9,3
Orncen,emerald-dream,864,evoker,devastation,16,10,6
Puffthemagic,lightnings-blade,864,evoker,devastation,18,9,9
Creachy,kiljaeden,864,evoker,devastation,18,9,9
Todorøki,hyjal,864,evoker,devastation,18,9,9
Taylordra,tichondrius,864,evoker,devastation,18,9,9
Brakkarion,wyrmrest-accord,864,evoker,devastation,18,9,9
Bhanethyr,illidan,864,evoker,devastation,24,9,15
Weedi,tichondrius,863,evoker,devastation,12,9,3
Raikori,ragnaros,863,evoker,devastation,12,9,3
Dâpper,queldorei,863,evoker,devastation,18,9,9
Dragostephen,nazjatar,863,evoker,devastation,18,9,9
Siatrend,moon-guard,863,evoker,devastation,18,9,9
Dragonsteppz,aegwynn,863,evoker,devastation,18,9,9
Wse,illidan,863,evoker,devastation,18,9,9
Thyatera,ragnaros,863,evoker,devastation,18,9,9
Misik,frostwolf,863,evoker,devastation,18,9,9
Missjenny,korgath,863,evoker,devastation,18,9,9
Naraxus,thrall,863,evoker,devastation,18,9,9
Lardicønn,thrall,863,evoker,devastation,18,9,9
Nelthendros,moon-guard,863,evoker,devastation,18,9,9
Gharscales,tichondrius,863,evoker,devastation,24,9,15
Dracthyrwa,azralon,862,evoker,devastation,12,9,3
Demidas,emerald-dream,862,evoker,devastation,13,9,4
Serathrine,smolderthorn,862,evoker,devastation,18,9,9
Disugaiza,tichondrius,861,evoker,devastation,12,9,3
Sía,drakkari,861,evoker,devastation,12,9,3
Teanie,tichondrius,861,evoker,devastation,18,9,9
Nasath,arthas,861,evoker,devastation,18,9,9
Karaxes,gorefiend,861,evoker,devastation,24,9,15
Derazar,malganis,860,evoker,devastation,12,9,3
Krokuzan,ragnaros,860,evoker,devastation,18,9,9
Doombreath,ragnaros,859,evoker,devastation,18,9,9
Keedrori,thrall,859,evoker,devastation,19,9,10
Aoibae,frostmourne,859,evoker,devastation,24,9,15
Granolajin,ragnaros,857,evoker,devastation,24,9,15
Tattleslug,illidan,856,evoker,devastation,18,9,9
Azuria,lothar,855,evoker,devastation,12,9,3
Furyíon,stormrage,855,evoker,devastation,12,9,3
Acnølogia,stormrage,855,evoker,devastation,18,9,9
Makiabelico,terenas,855,evoker,devastation,30,9,21
Atrocion,wyrmrest-accord,854,evoker,devastation,18,9,9
Stormstryke,queldorei,848,evoker,devastation,41,10,31
Rasec,moon-guard,843,evoker,devastation,20,9,11
Galgaldr,tichondrius,840,evoker,devastation,18,9,9
Acnøløgia,azralon,840,evoker,devastation,30,9,21
Rikfreedom,ragnaros,836,evoker,devastation,42,19,23
Stylez,anetheron,830,evoker,devastation,42,19,23
Nyranblood,zuljin,827,evoker,devastation,36,15,21
Dreampunk,tichondrius,784,evoker,devastation,13,9,4
Saînt,thrall,768,evoker,devastation,12,8,4
Jenovi,tichondrius,768,evoker,devastation,12,8,4
Toastsevoker,tichondrius,768,evoker,devastation,15,9,6
Dragonfarts,frostmourne,768,evoker,devastation,18,8,10
Kazooie,zuljin,768,evoker,devastation,18,8,10
Crosis,azralon,768,evoker,devastation,18,8,10
Puffsmoke,korgath,767,evoker,devastation,12,8,4
Gooliath,madoran,767,evoker,devastation,12,8,4
Ilovequiet,proudmoore,767,evoker,devastation,12,8,4
Dragginballz,twisting-nether,767,evoker,devastation,12,8,4
Vermax,akama,767,evoker,devastation,18,8,10
Daesired,moon-guard,767,evoker,devastation,18,8,10
Rïvé,tichondrius,767,evoker,devastation,24,8,16
Arokh,frostmourne,767,evoker,devastation,30,8,22
Dawitchvoker,illidan,766,evoker,devastation,18,8,10
Zirath,emerald-dream,766,evoker,devastation,18,8,10
Ghostfable,emerald-dream,766,evoker,devastation,18,8,10
Glideoure,stonemaul,766,evoker,devastation,24,8,16
Dracthylian,ragnaros,765,evoker,devastation,12,8,4
Aaztra,whisperwind,765,evoker,devastation,12,8,4
Skrillerv,frostmourne,765,evoker,devastation,18,8,10
Muppetgronk,frostmourne,765,evoker,devastation,24,8,16
Gyirzkaag,illidan,764,evoker,devastation,18,8,10
Vahvan,sargeras,764,evoker,devastation,24,8,16
Aegontargary,azralon,763,evoker,devastation,21,9,12
Zenithgar,aerie-peak,761,evoker,devastation,12,8,4
Redeyés,area-52,761,evoker,devastation,12,8,4
Roksanda,azralon,761,evoker,devastation,24,8,16
Seletgos,quelthalas,761,evoker,devastation,24,8,16
Momonosuke,fizzcrank,760,evoker,devastation,18,8,10
Detraa,illidan,754,evoker,devastation,12,8,4
Daigrefn,echo-isles,751,evoker,devastation,18,8,10
Liefarion,barthilas,734,evoker,devastation,22,8,14
Pouncer,proudmoore,729,evoker,devastation,20,8,12
Littleripper,tichondrius,724,evoker,devastation,18,8,10
Onornun,magtheridon,718,evoker,devastation,17,8,9
Ammar,drakkari,716,evoker,devastation,17,8,9
Ryü,silver-hand,704,evoker,devastation,16,8,8
Zhyrouvion,stormrage,699,evoker,devastation,17,8,9
Torakk,ravencrest,687,evoker,devastation,13,8,5
Chewbigred,vashj,672,evoker,devastation,12,7,5
Evook,tichondrius,672,evoker,devastation,12,7,5
Spryo,illidan,672,evoker,devastation,12,7,5
Axiomoixa,tichondrius,672,evoker,devastation,12,7,5
Dragzun,tichondrius,672,evoker,devastation,12,7,5
Lacadabeef,tichondrius,672,evoker,devastation,12,7,5
Shambly,kelthuzad,672,evoker,devastation,12,7,5
Tiamaat,black-dragonflight,672,evoker,devastation,12,7,5
Dragonherb,zuljin,672,evoker,devastation,12,7,5
Spikeyboi,eonar,672,evoker,devastation,12,7,5
Mlboa,frostmourne,672,evoker,devastation,12,7,5
Dudeofdragon,illidan,672,evoker,devastation,12,7,5
Vokr,area-52,672,evoker,devastation,12,7,5
Nysian,wyrmrest-accord,672,evoker,devastation,12,7,5
Ruination,lightnings-blade,672,evoker,devastation,12,7,5
Lizardgodtko,tichondrius,672,evoker,devastation,12,7,5
Rearcalzone,illidan,672,evoker,devastation,12,7,5
Emberlyn,sargeras,672,evoker,devastation,12,7,5
Écaille,dalaran,672,evoker,devastation,15,8,7
Sådge,frostmourne,672,evoker,devastation,18,7,11
Emopidgey,dalaran,672,evoker,devastation,18,7,11
Dragonstonks,moon-guard,672,evoker,devastation,18,7,11
Müshü,icecrown,672,evoker,devastation,18,7,11
Dragonballzx,kelthuzad,672,evoker,devastation,24,7,17
Razistzegrlz,illidan,672,evoker,devastation,24,7,17
Ggcthulhu,area-52,671,evoker,devastation,12,7,5
Xeretas,bleeding-hollow,671,evoker,devastation,12,7,5
Pågemaster,moon-guard,671,evoker,devastation,12,7,5
Boseijwho,emerald-dream,671,evoker,devastation,12,7,5
Whiegrath,azralon,671,evoker,devastation,12,7,5
Gôdswrath,tichondrius,671,evoker,devastation,12,7,5
Glaurungr,ragnaros,671,evoker,devastation,12,7,5
Mcflý,sargeras,671,evoker,devastation,12,7,5
Garchamp,area-52,671,evoker,devastation,15,8,7
Ackrenoth,emerald-dream,671,evoker,devastation,18,7,11
Phatë,nerzhul,671,evoker,devastation,18,7,11
Hemipenes,tichondrius,671,evoker,devastation,18,7,11
Gulvoke,shattered-hand,670,evoker,devastation,12,7,5
Beastlysoul,tichondrius,670,evoker,devastation,12,7,5
Davidfesago,quelthalas,670,evoker,devastation,12,7,5
Setchagos,emerald-dream,670,evoker,devastation,12,7,5
Takhysis,frostmourne,670,evoker,devastation,18,7,11
Nikeze,kiljaeden,670,evoker,devastation,18,7,11
Lamperr,illidan,670,evoker,devastation,54,10,44
Pyrepapi,thrall,669,evoker,devastation,20,8,12
Pläid,azuremyst,668,evoker,devastation,12,7,5
Mmanigoldo,quelthalas,667,evoker,devastation,18,7,11
Sleepeasy,blackrock,667,evoker,devastation,18,7,11
Evilsquirel,area-52,666,evoker,devastation,12,7,5
Bàkèd,illidan,655,evoker,devastation,17,7,10
Krefugee,tichondrius,637,evoker,devastation,17,7,10
Drahkoo,azralon,623,evoker,devastation,15,7,8
Bähamut,proudmoore,621,evoker,devastation,17,7,10
Nephrites,area-52,605,evoker,devastation,22,7,15
Ilovepolpot,tichondrius,576,evoker,devastation,6,6,0
Zérai,quelthalas,576,evoker,devastation,6,6,0
Yellowker,thrall,576,evoker,devastation,6,6,0
Fuecoco,proudmoore,576,evoker,devastation,6,6,0
Dafiya,thrall,576,evoker,devastation,12,6,6
Uncleìroh,tichondrius,576,evoker,devastation,12,6,6
Alucardragon,turalyon,576,evoker,devastation,12,6,6
Iamtrash,daggerspine,576,evoker,devastation,12,6,6
Dragonage,stormrage,576,evoker,devastation,12,6,6
Shanaynayae,area-52,576,evoker,devastation,12,6,6
Comepancito,quelthalas,576,evoker,devastation,12,6,6
Xurota,proudmoore,576,evoker,devastation,12,6,6
Nemenyah,emerald-dream,576,evoker,devastation,12,6,6
Nessumsar,azralon,576,evoker,devastation,12,6,6
Glizard,firetree,576,evoker,devastation,12,6,6
Sathregos,emerald-dream,576,evoker,devastation,12,6,6
Pÿthön,sargeras,576,evoker,devastation,12,6,6
Drøgon,sargeras,576,evoker,devastation,12,6,6
Dragønbørne,blackrock,576,evoker,devastation,12,6,6
Vysenía,moon-guard,576,evoker,devastation,12,6,6
Bigdvoker,jubeithos,576,evoker,devastation,12,6,6
Joyburn,tichondrius,576,evoker,devastation,12,6,6
Daethwang,moon-guard,576,evoker,devastation,12,6,6
Dukä,dalaran,576,evoker,devastation,15,7,8
Leapofagony,zuljin,576,evoker,devastation,18,6,12
Chaosrebørn,bleeding-hollow,576,evoker,devastation,18,6,12
Syvernius,khazgoroth,576,evoker,devastation,18,6,12
Saxthyr,stormreaver,576,evoker,devastation,24,6,18
Zeldir,ragnaros,575,evoker,devastation,6,6,0
Setasdan,illidan,575,evoker,devastation,12,6,6
Avastri,moon-guard,575,evoker,devastation,12,6,6
Dumbodragon,bleeding-hollow,575,evoker,devastation,12,6,6
Avithori,borean-tundra,575,evoker,devastation,12,6,6
Lòrdope,illidan,575,evoker,devastation,12,6,6
Vrtra,lightbringer,575,evoker,devastation,12,6,6
Kazecgos,zuljin,575,evoker,devastation,12,6,6
Riz,blackhand,575,evoker,devastation,12,6,6
Amaryliss,kelthuzad,575,evoker,devastation,12,6,6
Drãco,area-52,575,evoker,devastation,12,6,6
Rykuvokr,azuremyst,575,evoker,devastation,12,6,6
Cøømbuya,sargeras,575,evoker,devastation,12,6,6
Koriaz,ragnaros,575,evoker,devastation,12,6,6
Altri,lightnings-blade,575,evoker,devastation,12,6,6
Ecksdoom,sargeras,575,evoker,devastation,12,6,6
Finvoker,kalecgos,575,evoker,devastation,12,6,6
Tylexstranza,malganis,575,evoker,devastation,12,6,6
Alragos,ragnaros,575,evoker,devastation,18,6,12
Lindrak,azralon,575,evoker,devastation,18,6,12
Cmdragonbalz,sargeras,575,evoker,devastation,18,6,12
Bazelgos,moon-guard,575,evoker,devastation,24,6,18
Snowdragon,azralon,574,evoker,devastation,12,6,6
Dracnovae,emerald-dream,574,evoker,devastation,12,6,6
Vermáx,caelestrasz,574,evoker,devastation,12,6,6
Emsli,moon-guard,574,evoker,devastation,12,6,6
Carloxd,tichondrius,574,evoker,devastation,24,6,18
Deathb,chromaggus,573,evoker,devastation,12,6,6
Syndue,malganis,573,evoker,devastation,12,6,6
Noodleslut,stormrage,573,evoker,devastation,12,6,6
Azuril,wyrmrest-accord,572,evoker,devastation,12,6,6
Reptyle,emerald-dream,569,evoker,devastation,18,6,12
Toephotos,tichondrius,558,evoker,devastation,17,6,11
Lightaurae,thunderlord,556,evoker,devastation,30,6,24
Pzyko,ragnaros,551,evoker,devastation,17,6,11
Zindrozarath,area-52,544,evoker,devastation,10,6,4
Dragonborn,malganis,528,evoker,devastation,9,7,2
Dragonbreaf,emerald-dream,527,evoker,devastation,11,6,5
Adorablexo,stormrage,527,evoker,devastation,11,6,5
Zovaan,emerald-dream,526,evoker,devastation,11,6,5
Arnoeryan,ragnaros,512,evoker,devastation,16,6,10
Novi,kaelthas,480,evoker,devastation,6,5,1
Schmitty,hellscream,480,evoker,devastation,6,5,1
Solidusz,thrall,480,evoker,devastation,6,5,1
Vellony,kelthuzad,480,evoker,devastation,6,5,1
Drakedrift,malganis,480,evoker,devastation,6,5,1
Kensar,drakkari,480,evoker,devastation,6,5,1
Khalt,quelthalas,480,evoker,devastation,6,5,1
Evokemon,hyjal,480,evoker,devastation,6,5,1
Kharibdis,kul-tiras,480,evoker,devastation,6,5,1
Volksdragen,sargeras,480,evoker,devastation,6,5,1
Ackresh,executus,480,evoker,devastation,12,5,7
Faahrad,azralon,480,evoker,devastation,12,5,7
Purplerocket,illidan,480,evoker,devastation,12,5,7
Jevoker,area-52,480,evoker,devastation,12,5,7
Moltqt,tichondrius,480,evoker,devastation,12,5,7
Skylizard,illidan,480,evoker,devastation,12,5,7
Iamluck,kiljaeden,480,evoker,devastation,12,5,7
Cerisoromis,stormrage,480,evoker,devastation,12,5,7
Rebuk,area-52,480,evoker,devastation,12,5,7
Galakrond,black-dragonflight,480,evoker,devastation,12,5,7
Draygaar,stormrage,480,evoker,devastation,12,5,7
Asatrat,greymane,480,evoker,devastation,12,5,7
Nardleberry,wyrmrest-accord,480,evoker,devastation,12,5,7
Saìntgeorge,sargeras,480,evoker,devastation,12,5,7
Dragonhyde,stormrage,480,evoker,devastation,12,5,7
Eyedxl,magtheridon,480,evoker,devastation,12,5,7
Ventiev,tichondrius,480,evoker,devastation,12,5,7
Darkscale,haomarush,480,evoker,devastation,12,5,7
Draehgor,hyjal,480,evoker,devastation,12,5,7
Dratonos,stormrage,480,evoker,devastation,12,5,7
Stælthßømbèr,baelgun,480,evoker,devastation,12,5,7
Dhcb,tichondrius,480,evoker,devastation,12,5,7
Trillvoker,illidan,480,evoker,devastation,12,5,7
Nuttutted,emerald-dream,480,evoker,devastation,12,5,7
Tikkaratika,nemesis,480,evoker,devastation,12,5,7
Vallath,zuljin,480,evoker,devastation,12,5,7
Kluath,daggerspine,480,evoker,devastation,12,5,7
Deezdragon,stormrage,480,evoker,devastation,12,5,7
Evokinator,zuljin,480,evoker,devastation,12,5,7
Abath,quelthalas,480,evoker,devastation,14,5,9
Velahesa,sargeras,480,evoker,devastation,24,5,19
Müshu,duskwood,479,evoker,devastation,12,5,7
Scalesun,azralon,479,evoker,devastation,12,5,7
Mattykanish,illidan,479,evoker,devastation,12,5,7
Dracoi,illidan,479,evoker,devastation,12,5,7
Historius,proudmoore,479,evoker,devastation,12,5,7
Dedderion,zuljin,479,evoker,devastation,12,5,7
Fpbafome,azralon,479,evoker,devastation,18,5,13
Niratrenn,area-52,478,evoker,devastation,12,5,7
Dracosofi,quelthalas,478,evoker,devastation,18,5,13
Nazervis,silver-hand,478,evoker,devastation,18,5,13
Nathrach,wyrmrest-accord,477,evoker,devastation,6,5,1
Sandrov,kaelthas,477,evoker,devastation,12,5,7
Althenot,emerald-dream,477,evoker,devastation,12,5,7
Odorf,duskwood,474,evoker,devastation,12,5,7
Sammalone,burning-blade,474,evoker,devastation,12,5,7
Zzae,tichondrius,432,evoker,devastation,15,5,10
Xfemboyqt,area-52,426,evoker,devastation,19,7,12
Lifcleal,moon-guard,415,evoker,devastation,14,5,9
Testzvoker,dalaran,384,evoker,devastation,6,4,2
Walmartshoes,tichondrius,384,evoker,devastation,6,4,2
Swagondragon,illidan,384,evoker,devastation,6,4,2
Docevoker,tichondrius,384,evoker,devastation,6,4,2
Opsmybad,ragnaros,384,evoker,devastation,6,4,2
Shënrøn,tichondrius,384,evoker,devastation,6,4,2
Jgxv,dalaran,384,evoker,devastation,6,4,2
Daemon,detheroc,384,evoker,devastation,6,4,2
Whinks,zangarmarsh,384,evoker,devastation,6,4,2
Seaserpent,kelthuzad,384,evoker,devastation,6,4,2
Awexstwaza,bleeding-hollow,384,evoker,devastation,6,4,2
Kusarí,moon-guard,384,evoker,devastation,6,4,2
Skazz,emerald-dream,384,evoker,devastation,6,4,2
Doomn,moon-guard,384,evoker,devastation,6,4,2
Mushú,archimonde,384,evoker,devastation,6,4,2
Foxstrazagos,hellscream,384,evoker,devastation,6,4,2
Atraxian,tichondrius,384,evoker,devastation,6,4,2
Frequentlee,illidan,384,evoker,devastation,6,4,2
Bmbo,illidan,384,evoker,devastation,6,4,2
Zorlstisza,moon-guard,384,evoker,devastation,6,4,2
Biscotti,illidan,384,evoker,devastation,6,4,2
Kaidoxuchihv,ragnaros,384,evoker,devastation,6,4,2
Solazari,tichondrius,384,evoker,devastation,6,4,2
Jammstraza,skywall,384,evoker,devastation,6,4,2
Draisin,zuljin,384,evoker,devastation,6,4,2
Shenròn,kelthuzad,384,evoker,devastation,6,4,2
Machaflux,winterhoof,384,evoker,devastation,6,4,2
Deathraux,tichondrius,384,evoker,devastation,6,4,2
Bodytypetwo,area-52,384,evoker,devastation,6,4,2
Vuldon,area-52,384,evoker,devastation,6,4,2
Dragonsbgay,stormrage,384,evoker,devastation,6,4,2
Azafs,azralon,384,evoker,devastation,9,5,4
Shenrõn,malganis,384,evoker,devastation,15,5,10
Usulamili,stormrage,384,evoker,devastation,12,4,8
Kurulol,ragnaros,384,evoker,devastation,12,4,8
Smacktoch,sargeras,384,evoker,devastation,12,4,8
Idiotlizard,stormrage,384,evoker,devastation,12,4,8
Smackthyr,thrall,384,evoker,devastation,12,4,8
Baddrakthyr,moon-guard,384,evoker,devastation,12,4,8
Cuarta,drakkari,384,evoker,devastation,12,4,8
Kcwt,illidan,384,evoker,devastation,12,4,8
Trazer,malfurion,384,evoker,devastation,12,4,8
Arkevo,tichondrius,384,evoker,devastation,12,4,8
Blay,elune,384,evoker,devastation,12,4,8
Sixjobs,area-52,384,evoker,devastation,12,4,8
Bigsquirt,proudmoore,384,evoker,devastation,12,4,8
Nosrej,hyjal,384,evoker,devastation,12,4,8
Dractheseus,tichondrius,384,evoker,devastation,12,4,8
Nitalzith,area-52,384,evoker,devastation,12,4,8
Butta,darkspear,384,evoker,devastation,12,4,8
Thnake,zuljin,384,evoker,devastation,12,4,8
Devåståtion,tichondrius,384,evoker,devastation,12,4,8
Lukamagik,boulderfist,384,evoker,devastation,12,4,8
Kendrac,wyrmrest-accord,384,evoker,devastation,12,4,8
Uhlive,area-52,384,evoker,devastation,12,4,8
Dragonballer,trollbane,384,evoker,devastation,12,4,8
Munichho,spirestone,384,evoker,devastation,18,4,14
Dadydafather,sargeras,384,evoker,devastation,30,4,26
Rayomcquen,garrosh,383,evoker,devastation,6,4,2
Deralizrd,tichondrius,383,evoker,devastation,6,4,2
Dinossauro,stormrage,383,evoker,devastation,6,4,2
Rysonda,tichondrius,383,evoker,devastation,6,4,2
Odaa,moon-guard,383,evoker,devastation,12,4,8
Bagelsaurus,tichondrius,383,evoker,devastation,12,4,8
Broconian,zuljin,383,evoker,devastation,12,4,8
Gunship,moon-guard,383,evoker,devastation,12,4,8
Jabberwockie,zuljin,383,evoker,devastation,12,4,8
Zaland,whisperwind,383,evoker,devastation,12,4,8
Äpollo,frostmourne,382,evoker,devastation,12,4,8
Fearmybreath,stormrage,370,evoker,devastation,22,7,15
Vermicri,zuljin,351,evoker,devastation,11,4,7
Serazenoth,area-52,336,evoker,devastation,9,4,5
Heizdrag,area-52,335,evoker,devastation,11,4,7
Acindor,stormrage,335,evoker,devastation,11,4,7
Carrnedge,area-52,319,evoker,devastation,5,4,1
Kaeszandrus,azralon,288,evoker,devastation,6,3,3
Unisex,ragnaros,288,evoker,devastation,6,3,3
Derkscale,stormrage,288,evoker,devastation,6,3,3
Lëåf,area-52,288,evoker,devastation,6,3,3
Spyro,nazgrel,288,evoker,devastation,6,3,3
Damo,skullcrusher,288,evoker,devastation,6,3,3
Ráigon,ragnaros,288,evoker,devastation,6,3,3
Scyyterr,azralon,288,evoker,devastation,6,3,3
Aomend,stormrage,288,evoker,devastation,6,3,3
Crankxz,malganis,288,evoker,devastation,6,3,3
Holdherhorn,area-52,288,evoker,devastation,6,3,3
Toenailstew,zuljin,288,evoker,devastation,6,3,3
Dragonpel,azralon,288,evoker,devastation,6,3,3
Platypus,tichondrius,288,evoker,devastation,6,3,3
Kulrainor,drakkari,288,evoker,devastation,6,3,3
Ceraxes,stormscale,288,evoker,devastation,6,3,3
Yeda,barthilas,288,evoker,devastation,6,3,3
Avasd,area-52,288,evoker,devastation,6,3,3
Shenronda,moon-guard,288,evoker,devastation,6,3,3
Jakarn,moon-guard,288,evoker,devastation,6,3,3
Magicev,tichondrius,288,evoker,devastation,6,3,3
Straykitty,moon-guard,288,evoker,devastation,6,3,3
Baddrake,moon-guard,288,evoker,devastation,6,3,3
Koyra,illidan,288,evoker,devastation,6,3,3
Theomarz,nagrand,288,evoker,devastation,6,3,3
Royagon,draktharon,288,evoker,devastation,6,3,3
Inferna,ysera,288,evoker,devastation,6,3,3
Bjarne,hyjal,288,evoker,devastation,6,3,3
Drakthaer,tichondrius,288,evoker,devastation,6,3,3
Brokenscales,nerzhul,288,evoker,devastation,6,3,3
Dragbod,korgath,288,evoker,devastation,6,3,3
Varandir,frostmane,288,evoker,devastation,6,3,3
Skeye,malganis,288,evoker,devastation,6,3,3
Yousmokemids,frostwolf,288,evoker,devastation,6,3,3
Dreamfyrexi,thrall,288,evoker,devastation,6,3,3
Saintpablox,illidan,288,evoker,devastation,6,3,3
Hausebat,aegwynn,288,evoker,devastation,6,3,3
Ripdumpster,bonechewer,288,evoker,devastation,6,3,3
Ecoera,tichondrius,288,evoker,devastation,6,3,3
Soupywings,illidan,288,evoker,devastation,6,3,3
Medusaan,tichondrius,288,evoker,devastation,6,3,3
Kettor,kelthuzad,288,evoker,devastation,6,3,3
Baarss,tichondrius,288,evoker,devastation,6,3,3
Yujirohanma,frostmourne,288,evoker,devastation,6,3,3
Lamdyn,wyrmrest-accord,288,evoker,devastation,6,3,3
Shennron,darkspear,288,evoker,devastation,6,3,3
Skydragonlol,tichondrius,288,evoker,devastation,7,3,4
Viverion,dalaran,288,evoker,devastation,10,4,6
Taegon,area-52,288,evoker,devastation,10,4,6
Vandinus,stormrage,288,evoker,devastation,8,3,5
Nyldra,area-52,288,evoker,devastation,8,3,5
Hopefire,zuljin,288,evoker,devastation,12,3,9
Karmísh,quelthalas,288,evoker,devastation,12,3,9
Zafirina,proudmoore,288,evoker,devastation,12,3,9
Lizardlee,stormrage,288,evoker,devastation,12,3,9
Windylyrics,drakkari,288,evoker,devastation,12,3,9
Chriszilla,tichondrius,288,evoker,devastation,12,3,9
Praac,illidan,288,evoker,devastation,12,3,9
Murtharion,stormrage,288,evoker,devastation,12,3,9
Healmeta,sargeras,288,evoker,devastation,12,3,9
Enserio,stormrage,288,evoker,devastation,12,3,9
Draecion,tichondrius,288,evoker,devastation,12,3,9
Freddragon,illidan,288,evoker,devastation,12,3,9
Talonsong,wyrmrest-accord,288,evoker,devastation,12,3,9
Dracothyst,tichondrius,287,evoker,devastation,6,3,3
Vaegahr,tichondrius,287,evoker,devastation,6,3,3
Zeralzin,aerie-peak,287,evoker,devastation,6,3,3
Myvrth,windrunner,287,evoker,devastation,12,3,9
Kilnarx,uldaman,286,evoker,devastation,6,3,3
Brontez,malganis,286,evoker,devastation,6,3,3
Ghorin,akama,240,evoker,devastation,9,3,6
Dracky,deathwing,239,evoker,devastation,5,3,2
Reombarth,nemesis,234,evoker,devastation,12,6,6
Trrxx,tichondrius,224,evoker,devastation,10,3,7
Spectaclaw,crushridge,223,evoker,devastation,8,3,5
Deathstaind,tichondrius,192,evoker,devastation,4,3,1
Valkhar,illidan,192,evoker,devastation,6,2,4
Dokthyr,lightbringer,192,evoker,devastation,6,2,4
Puffed,frostmourne,192,evoker,devastation,6,2,4
Saraphrodite,hakkar,192,evoker,devastation,6,2,4
Nyaraoorun,uther,192,evoker,devastation,6,2,4
Hoodoo,dark-iron,192,evoker,devastation,6,2,4
Frozanat,kelthuzad,192,evoker,devastation,6,2,4
Theyevokbuda,kelthuzad,192,evoker,devastation,6,2,4
Dixb,illidan,192,evoker,devastation,6,2,4
Paindragon,tol-barad,192,evoker,devastation,6,2,4
Joesount,frostmourne,192,evoker,devastation,6,2,4
Umbrathel,tichondrius,192,evoker,devastation,6,2,4
Parachutes,kelthuzad,192,evoker,devastation,6,2,4
Kazervish,wyrmrest-accord,192,evoker,devastation,6,2,4
Daemon,terokkar,192,evoker,devastation,6,2,4
Scalendar,frostmourne,192,evoker,devastation,6,2,4
Daraz,tichondrius,192,evoker,devastation,6,2,4
Siatren,shadowmoon,192,evoker,devastation,6,2,4
Zuberion,wyrmrest-accord,192,evoker,devastation,6,2,4
Desdinova,tortheldrin,192,evoker,devastation,6,2,4
Grawlix,stormreaver,192,evoker,devastation,6,2,4
Critqueenx,destromath,192,evoker,devastation,6,2,4
Shrikethyr,chogall,192,evoker,devastation,6,2,4
Yalena,illidan,192,evoker,devastation,6,2,4
Mâne,ragnaros,192,evoker,devastation,6,2,4
Lightbeing,nazjatar,192,evoker,devastation,6,2,4
Vermithõr,ragnaros,192,evoker,devastation,6,2,4
Ralzital,auchindoun,192,evoker,devastation,6,2,4
Dragboy,stormrage,192,evoker,devastation,6,2,4
Xazxander,tichondrius,192,evoker,devastation,6,2,4
Dracorblaq,bleeding-hollow,192,evoker,devastation,6,2,4
Hiroshim,stormrage,192,evoker,devastation,6,2,4
Selocky,bleeding-hollow,192,evoker,devastation,6,2,4
Mikaeza,tichondrius,192,evoker,devastation,6,2,4
Dragndesnuts,scilla,192,evoker,devastation,6,2,4
Racovoker,zuljin,192,evoker,devastation,6,2,4
Analogies,stormrage,192,evoker,devastation,6,2,4
Daebruk,ragnaros,192,evoker,devastation,6,2,4
Gorby,tichondrius,192,evoker,devastation,6,2,4
Horusnight,drakkari,192,evoker,devastation,6,2,4
Dragonsand,area-52,192,evoker,devastation,6,2,4
Daikon,kaelthas,192,evoker,devastation,6,2,4
Ilithiphobia,ghostlands,192,evoker,devastation,6,2,4
Draketyr,area-52,192,evoker,devastation,6,2,4
Goreriders,area-52,192,evoker,devastation,6,2,4
Eggvoker,area-52,192,evoker,devastation,6,2,4
Pocketgiga,stormrage,192,evoker,devastation,6,2,4
Aralzit,tichondrius,192,evoker,devastation,6,2,4
Zattanik,ragnaros,192,evoker,devastation,6,2,4
Slydawg,amanthul,192,evoker,devastation,6,2,4
Hellasketchy,sargeras,192,evoker,devastation,6,2,4
Nitalash,moon-guard,192,evoker,devastation,6,2,4
Genderboy,tichondrius,192,evoker,devastation,6,2,4
Nykhel,tichondrius,192,evoker,devastation,6,2,4
Doldorrii,terenas,192,evoker,devastation,6,2,4
Vapegodx,proudmoore,192,evoker,devastation,6,2,4
Actïoncat,emerald-dream,192,evoker,devastation,6,2,4
Noxidian,moon-guard,192,evoker,devastation,6,2,4
Spyspyro,emerald-dream,192,evoker,devastation,6,2,4
Acade,tichondrius,192,evoker,devastation,6,2,4
Swamper,emerald-dream,192,evoker,devastation,6,2,4
Guavomango,moon-guard,192,evoker,devastation,6,2,4
Pyrepeanut,tichondrius,192,evoker,devastation,6,2,4
Kímbah,emerald-dream,192,evoker,devastation,6,2,4
Wydbro,kiljaeden,192,evoker,devastation,6,2,4
Tasdaral,tichondrius,192,evoker,devastation,6,2,4
Álln,sargeras,192,evoker,devastation,6,2,4
Lanati,veknilash,192,evoker,devastation,6,2,4
Shädòwçäsper,kilrogg,192,evoker,devastation,6,2,4
Magnito,thorium-brotherhood,192,evoker,devastation,6,2,4
Cyromancerr,illidan,192,evoker,devastation,8,2,6
Fafnirr,draenor,192,evoker,devastation,8,2,6
Ragtharion,tichondrius,192,evoker,devastation,12,2,10
Chillistraza,tichondrius,192,evoker,devastation,12,2,10
Detralan,draka,192,evoker,devastation,12,2,10
Niraller,tichondrius,192,evoker,devastation,12,2,10
Dragonbornhd,tichondrius,192,evoker,devastation,12,2,10
Forte,terokkar,192,evoker,devastation,12,2,10
Huanglong,sargeras,192,evoker,devastation,12,2,10
Blueblack,proudmoore,192,evoker,devastation,12,2,10
Kuthar,barthilas,192,evoker,devastation,12,2,10
Sørrøw,blades-edge,192,evoker,devastation,18,2,16
Dracalis,thrall,191,evoker,devastation,6,2,4
Kodeser,alleria,191,evoker,devastation,6,2,4
Adraell,illidan,190,evoker,devastation,7,3,4
Dragopnik,tichondrius,185,evoker,devastation,12,5,7
Tevvez,moon-guard,159,evoker,devastation,5,2,3
Goongdi,tichondrius,159,evoker,devastation,5,2,3
Dazei,quelthalas,144,evoker,devastation,9,2,7
Deshalth,dalaran,138,evoker,devastation,11,5,6
Deathflamee,emerald-dream,138,evoker,devastation,12,3,9
Eleechee,magtheridon,128,evoker,devastation,4,2,2
Riyad,emerald-dream,128,evoker,devastation,4,2,2
Vïtmercon,frostmourne,128,evoker,devastation,4,2,2
Shunkagosa,frostmourne,128,evoker,devastation,4,2,2
Booniejimbob,illidan,128,evoker,devastation,4,2,2
Vormontis,azralon,112,evoker,devastation,7,2,5
Gavstarz,frostmourne,96,evoker,devastation,3,2,1
Clarkeboi,barthilas,96,evoker,devastation,3,2,1
Tugmapvpean,kelthuzad,96,evoker,devastation,3,2,1
Batterypowa,frostmourne,96,evoker,devastation,6,1,5
Ðrac,bleeding-hollow,96,evoker,devastation,6,1,5
Demobreath,sargeras,96,evoker,devastation,6,1,5
Skithyrix,bleeding-hollow,96,evoker,devastation,6,1,5
Warchad,stormrage,96,evoker,devastation,6,1,5
Fígment,tichondrius,96,evoker,devastation,6,1,5
Drakkar,elune,96,evoker,devastation,6,1,5
Shintrax,ragnaros,96,evoker,devastation,6,1,5
Asui,senjin,96,evoker,devastation,6,1,5
Spyrofnir,stormrage,96,evoker,devastation,6,1,5
Draconis,onyxia,96,evoker,devastation,6,1,5
Erathiss,wyrmrest-accord,96,evoker,devastation,6,1,5
Zinderaz,runetotem,96,evoker,devastation,6,1,5
Koopa,malygos,96,evoker,devastation,6,1,5
Ackonstraza,frostmourne,96,evoker,devastation,6,1,5
Selfhealzer,korgath,96,evoker,devastation,6,1,5
Ojigi,sargeras,96,evoker,devastation,6,1,5
Pisslizard,stormrage,96,evoker,devastation,6,1,5
Rial,frostmourne,96,evoker,devastation,6,1,5
Myjewelshurt,stormrage,96,evoker,devastation,6,1,5
Lucià,thrall,96,evoker,devastation,6,1,5
Sigroux,area-52,96,evoker,devastation,6,1,5
Charrio,illidan,96,evoker,devastation,6,1,5
Kazadon,icecrown,96,evoker,devastation,6,1,5
Repd,sargeras,96,evoker,devastation,6,1,5
Modenzu,malganis,96,evoker,devastation,6,1,5
Bløssom,malganis,96,evoker,devastation,6,1,5
Handb,tichondrius,96,evoker,devastation,6,1,5
Sneekysnekz,tichondrius,96,evoker,devastation,6,1,5
Zealagon,ragnaros,96,evoker,devastation,6,1,5
Leralan,illidan,96,evoker,devastation,6,1,5
Luceryz,drakkari,96,evoker,devastation,6,1,5
Bigwurrm,illidan,96,evoker,devastation,12,1,11
Ysondrius,durotan,96,evoker,devastation,12,1,11
Surezilla,malganis,96,evoker,devastation,12,1,11
Icedmochaa,thrall,96,evoker,devastation,12,1,11
Donormi,moon-guard,96,evoker,devastation,12,1,11
Colloc,tichondrius,96,evoker,devastation,12,1,11
Carnosaur,lightbringer,96,evoker,devastation,12,1,11
Embeka,illidan,95,evoker,devastation,6,1,5
Starkiller,stormrage,64,evoker,devastation,4,1,3
Nwo,shattered-hand,64,evoker,devastation,4,1,3
Alkden,azralon,63,evoker,devastation,2,2,0
Nyxtari,ragnaros,48,evoker,devastation,3,1,2
Charlestrasz,hyjal,42,evoker,devastation,11,3,8
Ytq,tichondrius,42,evoker,devastation,10,2,8
Remisha,emerald-dream,2136,hunter,marksmanship,82,44,38
Darkshady,tichondrius,2108,hunter,marksmanship,84,44,40
Chadsmanship,kelthuzad,2103,hunter,marksmanship,98,47,51
Dobarantu,tichondrius,2044,hunter,marksmanship,175,90,85
Abolick,area-52,2022,hunter,marksmanship,130,68,62
Imvalence,area-52,2001,hunter,marksmanship,118,56,62
Globalcake,illidan,1940,hunter,marksmanship,162,86,76
Rendel,drakkari,1915,hunter,marksmanship,171,86,85
Fuknhunter,kiljaeden,1905,hunter,marksmanship,110,56,54
Zumago,tichondrius,1898,hunter,marksmanship,72,41,31
Banshee,frostmourne,1886,hunter,marksmanship,40,24,16
Rakan,spinebreaker,1884,hunter,marksmanship,54,33,21
Bøl,ragnaros,1882,hunter,marksmanship,30,20,10
Hokutox,tichondrius,1870,hunter,marksmanship,68,31,37
Blackjesu,blackrock,1868,hunter,marksmanship,72,33,39
Hrafn,illidan,1859,hunter,marksmanship,60,31,29
Preze,moon-guard,1852,hunter,marksmanship,63,37,26
Lely,tichondrius,1851,hunter,marksmanship,60,34,26
Squawkers,sargeras,1848,hunter,marksmanship,78,43,35
Wmsgs,tichondrius,1848,hunter,marksmanship,54,29,25
Astolenis,quelthalas,1847,hunter,marksmanship,60,29,31
Iconvoked,sargeras,1844,hunter,marksmanship,202,105,97
Kensho,illidan,1836,hunter,marksmanship,71,41,30
Moonwind,tichondrius,1836,hunter,marksmanship,65,31,34
Hâwkêyê,thrall,1827,hunter,marksmanship,48,22,26
Ingrutamig,tichondrius,1814,hunter,marksmanship,66,32,34
Colada,malganis,1813,hunter,marksmanship,72,34,38
Bosshunter,tichondrius,1810,hunter,marksmanship,86,43,43
Nishinos,tichondrius,1808,hunter,marksmanship,183,88,95
Kristemis,thrall,1806,hunter,marksmanship,57,30,27
Renaître,tichondrius,1806,hunter,marksmanship,126,58,68
Czeroenjoyer,malganis,1803,hunter,marksmanship,66,33,33
Trapordíe,tichondrius,1800,hunter,marksmanship,42,21,21
Maximos,lightnings-blade,1781,hunter,marksmanship,132,68,64
Drasen,deathwing,1778,hunter,marksmanship,48,27,21
Hagadinn,frostmourne,1765,hunter,marksmanship,48,21,27
Comebacks,ragnaros,1756,hunter,marksmanship,46,26,20
Dynith,sargeras,1756,hunter,marksmanship,39,21,18
Undeadroach,tichondrius,1747,hunter,marksmanship,119,55,64
Notnick,tichondrius,1747,hunter,marksmanship,84,37,47
Overgnome,ragnaros,1736,hunter,marksmanship,66,32,34
Deutêr,quelthalas,1734,hunter,marksmanship,78,39,39
Tánsøxøxø,tichondrius,1733,hunter,marksmanship,54,25,29
Khasu,ragnaros,1732,hunter,marksmanship,36,19,17
Boquiinha,stormrage,1732,hunter,marksmanship,108,54,54
Alyywn,tichondrius,1732,hunter,marksmanship,125,60,65
Dudemanyeah,skullcrusher,1720,hunter,marksmanship,66,26,40
Primalus,tichondrius,1717,hunter,marksmanship,36,18,18
Ladderpolice,tichondrius,1716,hunter,marksmanship,91,49,42
Kkoduckk,tichondrius,1715,hunter,marksmanship,30,19,11
Gohan,jubeithos,1713,hunter,marksmanship,39,22,17
Blungo,azralon,1713,hunter,marksmanship,60,31,29
Dolcece,tichondrius,1713,hunter,marksmanship,48,24,24
Trapstar,aggramar,1705,hunter,marksmanship,51,31,20
Stormjin,arthas,1703,hunter,marksmanship,60,32,28
Babyhydra,frostmourne,1693,hunter,marksmanship,41,23,18
Brewster,burning-legion,1692,hunter,marksmanship,42,22,20
Quickitty,proudmoore,1692,hunter,marksmanship,96,47,49
Shatterwax,area-52,1690,hunter,marksmanship,42,21,21
Blaðe,kelthuzad,1690,hunter,marksmanship,189,89,100
Tropic,proudmoore,1688,hunter,marksmanship,68,28,40
Doves,wyrmrest-accord,1685,hunter,marksmanship,66,38,28
Killatrap,malganis,1677,hunter,marksmanship,42,23,19
Heädshöt,malorne,1672,hunter,marksmanship,66,31,35
Petattack,barthilas,1668,hunter,marksmanship,42,20,22
Tassili,illidan,1666,hunter,marksmanship,60,23,37
Vitekz,illidan,1665,hunter,marksmanship,36,25,11
Tren,blackrock,1657,hunter,marksmanship,41,21,20
Shawtytraps,tichondrius,1652,hunter,marksmanship,131,53,78
Huntkiller,tichondrius,1651,hunter,marksmanship,40,29,11
Gotchã,area-52,1650,hunter,marksmanship,42,27,15
Aymas,sargeras,1646,hunter,marksmanship,125,65,60
Barelyknower,area-52,1639,hunter,marksmanship,90,44,46
Wildder,area-52,1637,hunter,marksmanship,62,35,27
Yønkøu,azralon,1636,hunter,marksmanship,44,19,25
Surprisemfkr,emerald-dream,1635,hunter,marksmanship,72,36,36
Aueria,kiljaeden,1632,hunter,marksmanship,60,25,35
Bigpie,daggerspine,1628,hunter,marksmanship,59,37,22
Taylormadae,frostmourne,1627,hunter,marksmanship,66,37,29
Elfymcelf,arthas,1626,hunter,marksmanship,102,52,50
Gor,hyjal,1622,hunter,marksmanship,47,23,24
Onemoreshot,bleeding-hollow,1622,hunter,marksmanship,176,85,91
Arjunå,sargeras,1621,hunter,marksmanship,101,56,45
Easynightjr,bleeding-hollow,1620,hunter,marksmanship,225,117,108
Xcw,stormrage,1619,hunter,marksmanship,60,28,32
Supersaiyan,antonidas,1618,hunter,marksmanship,36,17,19
Alansho,tichondrius,1618,hunter,marksmanship,53,20,33
Tânsøxøxø,tichondrius,1617,hunter,marksmanship,30,17,13
Latesummer,tichondrius,1616,hunter,marksmanship,48,25,23
Johaylon,sargeras,1616,hunter,marksmanship,42,19,23
Hhappy,tichondrius,1614,hunter,marksmanship,54,23,31
Dezertpower,sargeras,1613,hunter,marksmanship,36,20,16
Darance,sargeras,1612,hunter,marksmanship,40,22,18
Snìpershot,sargeras,1612,hunter,marksmanship,61,33,28
Shotashot,area-52,1612,hunter,marksmanship,36,17,19
Headshoot,tichondrius,1611,hunter,marksmanship,65,35,30
Tommychong,shandris,1609,hunter,marksmanship,58,28,30
Toxarch,aggramar,1609,hunter,marksmanship,60,25,35
Arrowslol,stormrage,1608,hunter,marksmanship,60,32,28
Simbagrove,dalaran,1605,hunter,marksmanship,42,19,23
Evaelfi,illidan,1605,hunter,marksmanship,40,17,23
Dracõ,proudmoore,1602,hunter,marksmanship,122,61,61
Dienasty,zuljin,1601,hunter,marksmanship,30,21,9
Deadshöt,bleeding-hollow,1597,hunter,marksmanship,59,26,33
Shootipie,hyjal,1593,hunter,marksmanship,28,20,8
Spunky,zuluhed,1589,hunter,marksmanship,36,18,18
Nãmki,tichondrius,1585,hunter,marksmanship,36,22,14
Tyrmaakk,emerald-dream,1581,hunter,marksmanship,46,25,21
Freezetrap,proudmoore,1579,hunter,marksmanship,33,20,13
Orber,stormrage,1579,hunter,marksmanship,36,20,16
Mambothehunt,stormrage,1579,hunter,marksmanship,60,33,27
Dummorogh,stormrage,1578,hunter,marksmanship,108,51,57
Markymarc,tichondrius,1575,hunter,marksmanship,41,17,24
Hyyz,proudmoore,1573,hunter,marksmanship,30,20,10
Flämma,azralon,1573,hunter,marksmanship,90,40,50
Bacchantress,tichondrius,1572,hunter,marksmanship,36,19,17
Richmond,lightnings-blade,1572,hunter,marksmanship,54,26,28
Huntonthic,korgath,1570,hunter,marksmanship,62,31,31
Hämhunter,stormrage,1569,hunter,marksmanship,60,38,22
Wìkkihx,emerald-dream,1568,hunter,marksmanship,48,25,23
Drivebymac,tichondrius,1567,hunter,marksmanship,60,29,31
Neverhunter,azralon,1566,hunter,marksmanship,29,17,12
Junglejam,elune,1564,hunter,marksmanship,60,27,33
Swagprince,skullcrusher,1563,hunter,marksmanship,52,32,20
Stimpblimp,jubeithos,1563,hunter,marksmanship,48,19,29
Onemøreshot,bleeding-hollow,1561,hunter,marksmanship,108,54,54
Saloran,akama,1560,hunter,marksmanship,96,54,42
Gnomorecum,kiljaeden,1558,hunter,marksmanship,87,54,33
Shotsphodays,sargeras,1558,hunter,marksmanship,72,37,35
Crounzz,sargeras,1558,hunter,marksmanship,51,23,28
Jubiscleudo,azralon,1557,hunter,marksmanship,103,46,57
Rampagez,tichondrius,1555,hunter,marksmanship,36,19,17
Hmh,burning-legion,1555,hunter,marksmanship,251,125,126
Luchadoris,malganis,1552,hunter,marksmanship,60,30,30
Ryukuzen,tichondrius,1551,hunter,marksmanship,48,20,28
Hötdôg,kiljaeden,1548,hunter,marksmanship,36,20,16
Acelol,proudmoore,1546,hunter,marksmanship,166,94,72
Mukbangbj,terenas,1546,hunter,marksmanship,70,37,33
Kimghak,tichondrius,1544,hunter,marksmanship,67,30,37
Deliond,moon-guard,1538,hunter,marksmanship,180,92,88
Artemyzz,tichondrius,1537,hunter,marksmanship,48,22,26
Sagadegêmeos,stormrage,1535,hunter,marksmanship,67,24,43
Huntncheekz,kelthuzad,1534,hunter,marksmanship,76,38,38
Metalgear,icecrown,1533,hunter,marksmanship,66,34,32
Undien,area-52,1532,hunter,marksmanship,34,18,16
Hitts,barthilas,1531,hunter,marksmanship,53,27,26
Smokabombom,eredar,1530,hunter,marksmanship,34,18,16
Zugbrained,illidan,1529,hunter,marksmanship,48,26,22
Papiskrill,staghelm,1526,hunter,marksmanship,97,44,53
Wockqt,kiljaeden,1522,hunter,marksmanship,49,21,28
Guacmec,tichondrius,1521,hunter,marksmanship,48,28,20
Gretress,azralon,1520,hunter,marksmanship,66,28,38
Grands,tortheldrin,1519,hunter,marksmanship,54,26,28
Lsily,tichondrius,1519,hunter,marksmanship,36,16,20
Maia,frostwolf,1518,hunter,marksmanship,66,30,36
Bowflexen,illidan,1518,hunter,marksmanship,42,19,23
Odin,goldrinn,1516,hunter,marksmanship,101,46,55
Balaria,tichondrius,1515,hunter,marksmanship,35,19,16
Insanedabz,tichondrius,1515,hunter,marksmanship,72,35,37
Legeye,malganis,1514,hunter,marksmanship,54,26,28
Rockenrique,nemesis,1511,hunter,marksmanship,54,27,27
Mehontar,area-52,1509,hunter,marksmanship,42,20,22
Plopslopper,frostmourne,1508,hunter,marksmanship,60,31,29
Lokuhzmarcus,goldrinn,1507,hunter,marksmanship,66,39,27
Lilbang,thrall,1507,hunter,marksmanship,75,34,41
Boggartt,ragnaros,1507,hunter,marksmanship,58,26,32
Lostfaith,tichondrius,1504,hunter,marksmanship,66,36,30
Thebweh,ragnaros,1504,hunter,marksmanship,35,17,18
Rïve,tichondrius,1504,hunter,marksmanship,36,17,19
Marshen,zuljin,1503,hunter,marksmanship,36,17,19
Adive,drakkari,1503,hunter,marksmanship,85,40,45
Tup,guldan,1499,hunter,marksmanship,51,28,23
Amyrkvothe,ragnaros,1499,hunter,marksmanship,60,25,35
Lixniqua,tichondrius,1498,hunter,marksmanship,75,38,37
Bertimus,sargeras,1498,hunter,marksmanship,42,17,25
Papacohen,stormrage,1495,hunter,marksmanship,45,22,23
Lildex,demon-soul,1494,hunter,marksmanship,30,18,12
Takeiya,zuljin,1494,hunter,marksmanship,29,16,13
Rubinaldo,azralon,1494,hunter,marksmanship,30,16,14
Föcker,emerald-dream,1492,hunter,marksmanship,25,19,6
Unravel,tichondrius,1492,hunter,marksmanship,93,51,42
Esler,quelthalas,1490,hunter,marksmanship,54,28,26
Yozsh,azralon,1485,hunter,marksmanship,47,32,15
Ðaybreâker,tichondrius,1483,hunter,marksmanship,37,23,14
Littledougie,boulderfist,1481,hunter,marksmanship,78,44,34
Pâl,quelthalas,1481,hunter,marksmanship,42,21,21
Ssdslol,bleeding-hollow,1478,hunter,marksmanship,109,65,44
Boomphaque,ravencrest,1476,hunter,marksmanship,130,62,68
Metalstorm,draenor,1476,hunter,marksmanship,41,19,22
Booyakah,hyjal,1475,hunter,marksmanship,36,19,17
Windrein,ysondre,1475,hunter,marksmanship,48,20,28
Barrohunt,tichondrius,1473,hunter,marksmanship,49,31,18
Somethinggo,tichondrius,1472,hunter,marksmanship,161,77,84
Xcisiion,nagrand,1470,hunter,marksmanship,167,85,82
Scourgesurge,kiljaeden,1470,hunter,marksmanship,42,21,21
Cloudzbow,moon-guard,1470,hunter,marksmanship,40,18,22
Kekkww,hyjal,1469,hunter,marksmanship,54,26,28
Killshøtß,tichondrius,1466,hunter,marksmanship,54,25,29
Lowlore,moon-guard,1463,hunter,marksmanship,96,52,44
Zeenuts,sargeras,1461,hunter,marksmanship,47,24,23
Angelickon,tichondrius,1459,hunter,marksmanship,62,29,33
Lookøut,moon-guard,1458,hunter,marksmanship,68,32,36
Bomomatic,zuljin,1457,hunter,marksmanship,42,24,18
Soljer,kiljaeden,1457,hunter,marksmanship,60,26,34
Skybourne,nemesis,1455,hunter,marksmanship,66,38,28
Nelosi,shadowmoon,1455,hunter,marksmanship,54,25,29
Cyrsmen,ragnaros,1454,hunter,marksmanship,75,34,41
Chï,zuljin,1453,hunter,marksmanship,110,56,54
Tóri,emerald-dream,1445,hunter,marksmanship,47,25,22
Bwaa,illidan,1444,hunter,marksmanship,83,38,45
Hemathios,drakkari,1442,hunter,marksmanship,50,21,29
Rumzi,thrall,1441,hunter,marksmanship,102,57,45
Backpedalftw,darrowmere,1440,hunter,marksmanship,42,16,26
Katebishop,nemesis,1438,hunter,marksmanship,28,18,10
Jotosalsa,blackrock,1438,hunter,marksmanship,60,30,30
Stupidgodx,tichondrius,1437,hunter,marksmanship,48,25,23
Klitz,lightninghoof,1436,hunter,marksmanship,30,18,12
Pokcmvmxckm,senjin,1433,hunter,marksmanship,66,35,31
Bootywhop,dalaran,1433,hunter,marksmanship,30,15,15
Allondra,proudmoore,1432,hunter,marksmanship,30,17,13
Baixiaochu,area-52,1432,hunter,marksmanship,105,47,58
Madsniper,thunderlord,1431,hunter,marksmanship,66,35,31
Shadowhokage,zuljin,1431,hunter,marksmanship,50,26,24
Crazyeasy,azshara,1431,hunter,marksmanship,30,15,15
Lewanker,zuljin,1429,hunter,marksmanship,42,23,19
Vibøra,stormrage,1429,hunter,marksmanship,126,56,70
Valimhir,tichondrius,1429,hunter,marksmanship,36,16,20
Mèseeks,bleeding-hollow,1427,hunter,marksmanship,60,34,26
Landon,lightnings-blade,1426,hunter,marksmanship,30,15,15
Sï,anubarak,1425,hunter,marksmanship,42,19,23
Grayføxx,twisting-nether,1424,hunter,marksmanship,42,24,18
Cholohippie,blackrock,1424,hunter,marksmanship,55,30,25
Vonkrieg,tichondrius,1424,hunter,marksmanship,42,15,27
Timmee,bleeding-hollow,1421,hunter,marksmanship,24,15,9
Sleepyjoee,dalaran,1421,hunter,marksmanship,54,31,23
Benme,illidan,1421,hunter,marksmanship,210,99,111
Leucis,cenarius,1420,hunter,marksmanship,18,15,3
Hoboh,illidan,1415,hunter,marksmanship,99,49,50
Boombob,sargeras,1415,hunter,marksmanship,59,27,32
Zasnar,malganis,1413,hunter,marksmanship,30,15,15
Vivaswan,tichondrius,1413,hunter,marksmanship,42,15,27
Häydn,emerald-dream,1412,hunter,marksmanship,35,20,15
Shøtii,tichondrius,1411,hunter,marksmanship,34,19,15
Elendïr,tichondrius,1411,hunter,marksmanship,60,33,27
Aimz,zuluhed,1411,hunter,marksmanship,67,26,41
Vergillx,ragnaros,1409,hunter,marksmanship,74,45,29
Klannis,quelthalas,1409,hunter,marksmanship,42,19,23
Dnicee,stormrage,1408,hunter,marksmanship,36,28,8
Joshmckin,area-52,1406,hunter,marksmanship,116,53,63
Mariaassjx,ragnaros,1406,hunter,marksmanship,102,46,56
Automatic,illidan,1405,hunter,marksmanship,63,29,34
Voidmarksman,whisperwind,1404,hunter,marksmanship,49,30,19
Grànd,tortheldrin,1402,hunter,marksmanship,35,17,18
Déadshot,thaurissan,1402,hunter,marksmanship,42,17,25
Dsizzle,tichondrius,1400,hunter,marksmanship,44,18,26
Renzô,sargeras,1398,hunter,marksmanship,70,40,30
Jeezyxxii,shadowmoon,1398,hunter,marksmanship,68,32,36
Ashx,khazgoroth,1392,hunter,marksmanship,30,15,15
Insulin,moonrunner,1390,hunter,marksmanship,36,17,19
ßeãst,bladefist,1387,hunter,marksmanship,24,16,8
Péppérmínt,korgath,1384,hunter,marksmanship,58,29,29
Slayou,uldum,1383,hunter,marksmanship,69,37,32
Fuzzypjs,stormrage,1382,hunter,marksmanship,39,17,22
Toowizeë,barthilas,1381,hunter,marksmanship,53,23,30
Tobroken,perenolde,1380,hunter,marksmanship,51,25,26
Phojuansixx,ghostlands,1377,hunter,marksmanship,32,20,12
Spacelandz,emerald-dream,1374,hunter,marksmanship,30,19,11
Dominate,frostmourne,1374,hunter,marksmanship,48,23,25
Hunsak,ragnaros,1373,hunter,marksmanship,30,20,10
Húntingarrow,area-52,1373,hunter,marksmanship,72,36,36
Precísion,malganis,1372,hunter,marksmanship,35,18,17
Leshwi,ragnaros,1370,hunter,marksmanship,47,23,24
Malebolick,ragnaros,1367,hunter,marksmanship,65,27,38
Lukhas,moon-guard,1367,hunter,marksmanship,60,24,36
Balun,sargeras,1366,hunter,marksmanship,42,18,24
Gq,garona,1365,hunter,marksmanship,66,26,40
Rorijii,tichondrius,1365,hunter,marksmanship,48,18,30
Chokemescara,stormrage,1364,hunter,marksmanship,36,16,20
Akomata,emerald-dream,1363,hunter,marksmanship,30,17,13
Worewolf,lightninghoof,1363,hunter,marksmanship,50,22,28
Jumaanji,gurubashi,1362,hunter,marksmanship,70,36,34
Amonerhunter,bleeding-hollow,1362,hunter,marksmanship,48,20,28
Skelyeelegno,perenolde,1361,hunter,marksmanship,30,17,13
Staticarrow,norgannon,1361,hunter,marksmanship,126,60,66
Glittergun,sargeras,1360,hunter,marksmanship,41,19,22
Kronicbeast,bleeding-hollow,1360,hunter,marksmanship,96,42,54
Trapshawty,darkspear,1359,hunter,marksmanship,54,19,35
Bowinc,greymane,1357,hunter,marksmanship,24,15,9
Pleyadez,drakkari,1356,hunter,marksmanship,42,24,18
Moktarg,archimonde,1356,hunter,marksmanship,41,18,23
Condorexe,illidan,1356,hunter,marksmanship,90,39,51
Ghudi,moon-guard,1354,hunter,marksmanship,39,21,18
Finaqua,sargeras,1352,hunter,marksmanship,32,15,17
Lederniertra,gorefiend,1351,hunter,marksmanship,272,135,137
Watchmanjoe,grizzly-hills,1350,hunter,marksmanship,54,30,24
Kolosaltraps,tichondrius,1349,hunter,marksmanship,33,16,17
Pwnagraphic,barthilas,1349,hunter,marksmanship,70,26,44
Uwuessy,illidan,1348,hunter,marksmanship,66,30,36
Kyukon,illidan,1345,hunter,marksmanship,36,18,18
Diisdik,tichondrius,1344,hunter,marksmanship,51,23,28
Mizhu,ragnaros,1343,hunter,marksmanship,70,38,32
Hurstt,kelthuzad,1341,hunter,marksmanship,56,27,29
Brokenstars,illidan,1339,hunter,marksmanship,54,29,25
Fartingshot,proudmoore,1339,hunter,marksmanship,89,41,48
Toniic,moon-guard,1337,hunter,marksmanship,54,33,21
Dexteros,ragnaros,1337,hunter,marksmanship,66,33,33
Wìllòw,khazgoroth,1337,hunter,marksmanship,48,18,30
Orgpopeyes,illidan,1336,hunter,marksmanship,24,14,10
Dvei,silvermoon,1336,hunter,marksmanship,57,25,32
Thaden,akama,1332,hunter,marksmanship,65,34,31
Booffmeister,area-52,1329,hunter,marksmanship,30,14,16
Dathunterr,azralon,1329,hunter,marksmanship,95,44,51
Lotatinyfish,malganis,1328,hunter,marksmanship,42,25,17
Sindain,bloodscalp,1327,hunter,marksmanship,36,20,16
Tonnyfab,ragnaros,1326,hunter,marksmanship,34,19,15
Bojob,azgalor,1324,hunter,marksmanship,63,34,29
Azaz,khaz-modan,1324,hunter,marksmanship,59,27,32
Softhunter,tichondrius,1324,hunter,marksmanship,36,14,22
Murza,korgath,1323,hunter,marksmanship,24,15,9
Xhartanis,magtheridon,1323,hunter,marksmanship,63,31,32
Kä,blackhand,1321,hunter,marksmanship,66,28,38
Ärtémisa,quelthalas,1320,hunter,marksmanship,41,22,19
Tristiae,stormrage,1319,hunter,marksmanship,67,36,31
Swolfp,tichondrius,1319,hunter,marksmanship,58,23,35
Ilina,malorne,1317,hunter,marksmanship,24,14,10
Dogezandalar,illidan,1317,hunter,marksmanship,40,18,22
Explosief,area-52,1315,hunter,marksmanship,60,30,30
Shooterzz,illidan,1314,hunter,marksmanship,24,16,8
Gorîlla,sargeras,1313,hunter,marksmanship,72,32,40
Zaheerz,sargeras,1312,hunter,marksmanship,36,16,20
Braxigarr,area-52,1310,hunter,marksmanship,223,106,117
Smoothbrain,khadgar,1307,hunter,marksmanship,52,19,33
Thirià,garona,1306,hunter,marksmanship,18,14,4
Rekshot,amanthul,1306,hunter,marksmanship,150,73,77
Wolverhino,thrall,1304,hunter,marksmanship,48,21,27
Albe,azralon,1303,hunter,marksmanship,76,37,39
Cocobread,stormreaver,1303,hunter,marksmanship,48,21,27
Ekzoo,tichondrius,1302,hunter,marksmanship,22,15,7
Revo,darkspear,1301,hunter,marksmanship,30,14,16
Snewboy,malganis,1299,hunter,marksmanship,24,14,10
Celph,moon-guard,1299,hunter,marksmanship,48,20,28
Cullowhee,proudmoore,1299,hunter,marksmanship,35,14,21
Gunther,korgath,1296,hunter,marksmanship,30,14,16
Ahegoface,frostmourne,1295,hunter,marksmanship,60,21,39
Mensrea,illidan,1294,hunter,marksmanship,47,30,17
Hukkx,kalecgos,1294,hunter,marksmanship,56,24,32
Urtthel,stormrage,1293,hunter,marksmanship,28,17,11
Krattøs,bleeding-hollow,1293,hunter,marksmanship,34,16,18
Glediator,tichondrius,1288,hunter,marksmanship,112,51,61
Ricas,malganis,1285,hunter,marksmanship,104,46,58
Kalibah,azralon,1285,hunter,marksmanship,81,30,51
Leeshaarrow,moon-guard,1284,hunter,marksmanship,36,17,19
Juhyeon,tichondrius,1284,hunter,marksmanship,46,17,29
Ripmytoast,chogall,1281,hunter,marksmanship,187,101,86
Kìkìjiki,emerald-dream,1281,hunter,marksmanship,30,16,14
Gromtheponch,area-52,1280,hunter,marksmanship,43,22,21
Ragnarlobkk,ragnaros,1279,hunter,marksmanship,95,49,46
Rawrzy,sargeras,1278,hunter,marksmanship,29,14,15
Bigolhippy,frostmourne,1277,hunter,marksmanship,30,15,15
Clutchxx,tichondrius,1275,hunter,marksmanship,24,14,10
Sniperarmy,dalaran,1274,hunter,marksmanship,103,52,51
Bluecoral,frostmourne,1274,hunter,marksmanship,99,48,51
Darylovejr,destromath,1274,hunter,marksmanship,38,16,22
Amanazàra,tichondrius,1273,hunter,marksmanship,84,41,43
Nights,nemesis,1271,hunter,marksmanship,24,15,9
Gothew,turalyon,1271,hunter,marksmanship,42,22,20
Picaubica,kiljaeden,1268,hunter,marksmanship,41,15,26
Spyhunter,malganis,1266,hunter,marksmanship,67,28,39
Xephert,ragnaros,1265,hunter,marksmanship,48,22,26
Birgite,stormrage,1265,hunter,marksmanship,54,21,33
Cloudbuck,aegwynn,1262,hunter,marksmanship,58,22,36
Blackhuntr,garona,1260,hunter,marksmanship,234,117,117
Gstring,kelthuzad,1258,hunter,marksmanship,121,55,66
Apaweclover,stormrage,1256,hunter,marksmanship,274,135,139
Netorip,azralon,1254,hunter,marksmanship,33,16,17
Jerybery,gundrak,1253,hunter,marksmanship,29,18,11
Infamousorc,chogall,1251,hunter,marksmanship,82,36,46
Solomine,jubeithos,1251,hunter,marksmanship,36,15,21
Rattrap,proudmoore,1250,hunter,marksmanship,41,18,23
Eilleath,zuljin,1249,hunter,marksmanship,24,15,9
Ëzy,frostmourne,1246,hunter,marksmanship,60,33,27
Duruainn,zuljin,1245,hunter,marksmanship,73,33,40
Hoeswannafuk,stormrage,1243,hunter,marksmanship,24,13,11
Vipermaster,azralon,1243,hunter,marksmanship,46,24,22
Oattes,daggerspine,1243,hunter,marksmanship,30,13,17
Hogshanks,moon-guard,1242,hunter,marksmanship,24,13,11
Seenobody,stormrage,1242,hunter,marksmanship,100,51,49
Rudekeef,illidan,1240,hunter,marksmanship,24,13,11
Lafleche,kiljaeden,1239,hunter,marksmanship,29,15,14
Islachan,ragnaros,1238,hunter,marksmanship,30,13,17
Hunimi,elune,1237,hunter,marksmanship,32,14,18
Sootgarbage,sargeras,1235,hunter,marksmanship,18,13,5
Pokeyourbutt,hydraxis,1235,hunter,marksmanship,24,13,11
Wincolt,stormrage,1235,hunter,marksmanship,30,13,17
Killz,skullcrusher,1234,hunter,marksmanship,44,21,23
Drillklinton,tichondrius,1234,hunter,marksmanship,42,18,24
Lolknocked,alexstrasza,1233,hunter,marksmanship,27,14,13
Lightweight,kelthuzad,1229,hunter,marksmanship,53,24,29
Loth,illidan,1228,hunter,marksmanship,24,14,10
Chikkynuggy,destromath,1228,hunter,marksmanship,33,14,19
Mlzj,tichondrius,1225,hunter,marksmanship,24,13,11
Idiiot,sargeras,1223,hunter,marksmanship,68,33,35
Drjingajanga,zuluhed,1218,hunter,marksmanship,39,16,23
Caylix,sargeras,1216,hunter,marksmanship,36,14,22
Targetreaper,proudmoore,1215,hunter,marksmanship,24,13,11
Sukr,korgath,1215,hunter,marksmanship,98,37,61
Bärney,frostmourne,1214,hunter,marksmanship,24,13,11
Give,draktharon,1214,hunter,marksmanship,33,14,19
Malkuri,medivh,1213,hunter,marksmanship,35,13,22
Puresport,hyjal,1212,hunter,marksmanship,24,13,11
Kritsu,tichondrius,1209,hunter,marksmanship,41,20,21
Coolwhip,demon-soul,1209,hunter,marksmanship,46,22,24
Äce,khazgoroth,1208,hunter,marksmanship,30,13,17
Snaafu,duskwood,1206,hunter,marksmanship,30,13,17
Myrfes,ragnaros,1206,hunter,marksmanship,52,19,33
Augus,eredar,1202,hunter,marksmanship,41,15,26
Tîpz,stormrage,1200,hunter,marksmanship,23,14,9
Kalgorn,emerald-dream,1200,hunter,marksmanship,30,13,17
Calî,stormscale,1195,hunter,marksmanship,30,14,16
Vinranya,sargeras,1194,hunter,marksmanship,75,34,41
Cashhapp,zuljin,1193,hunter,marksmanship,165,77,88
Moonet,amanthul,1192,hunter,marksmanship,29,16,13
Chaðs,amanthul,1190,hunter,marksmanship,39,21,18
Kayzia,lightninghoof,1190,hunter,marksmanship,29,13,16
Valieev,black-dragonflight,1188,hunter,marksmanship,42,25,17
Ilovehippos,laughing-skull,1188,hunter,marksmanship,145,67,78
Forthethrill,area-52,1187,hunter,marksmanship,45,24,21
Oopsurtrappd,darkspear,1186,hunter,marksmanship,29,16,13
Juicyjams,moon-guard,1186,hunter,marksmanship,24,13,11
Lavaun,eredar,1185,hunter,marksmanship,36,17,19
Emeri,winterhoof,1181,hunter,marksmanship,36,21,15
Ramdy,quelthalas,1180,hunter,marksmanship,30,14,16
Fova,wyrmrest-accord,1179,hunter,marksmanship,19,14,5
Doubletappz,stormrage,1178,hunter,marksmanship,36,15,21
Chïnchïlla,zuljin,1176,hunter,marksmanship,27,14,13
Zock,lothar,1176,hunter,marksmanship,116,55,61
Rocroc,gurubashi,1175,hunter,marksmanship,66,29,37
Silverweaver,illidan,1174,hunter,marksmanship,30,15,15
Ellishunter,frostmourne,1174,hunter,marksmanship,64,23,41
Tweak,ysera,1172,hunter,marksmanship,24,13,11
Guarambare,ragnaros,1172,hunter,marksmanship,39,15,24
Aftërlyfe,tichondrius,1170,hunter,marksmanship,29,14,15
Huntdawgg,illidan,1170,hunter,marksmanship,51,16,35
Patmypet,terenas,1167,hunter,marksmanship,30,14,16
Mezmore,thrall,1167,hunter,marksmanship,54,24,30
Papiquezo,nagrand,1165,hunter,marksmanship,27,14,13
Clemenlemon,illidan,1162,hunter,marksmanship,36,19,17
Mídnîght,azralon,1161,hunter,marksmanship,39,14,25
Miscreant,kelthuzad,1160,hunter,marksmanship,32,13,19
Cu,frostmourne,1159,hunter,marksmanship,19,13,6
Moüserat,moon-guard,1159,hunter,marksmanship,126,61,65
Rhaygon,arthas,1154,hunter,marksmanship,57,20,37
Huataran,stormrage,1151,hunter,marksmanship,18,12,6
Hunterlist,frostmourne,1151,hunter,marksmanship,24,12,12
Negãn,tichondrius,1151,hunter,marksmanship,24,12,12
Mapp,tichondrius,1150,hunter,marksmanship,18,12,6
Sunnimuffens,deathwing,1150,hunter,marksmanship,53,25,28
Summerrain,illidan,1149,hunter,marksmanship,18,12,6
Floozyfairy,daggerspine,1149,hunter,marksmanship,59,29,30
Zuuvuya,nemesis,1149,hunter,marksmanship,56,20,36
Nes,azuremyst,1148,hunter,marksmanship,24,12,12
Spiketurtle,queldorei,1148,hunter,marksmanship,30,13,17
Volga,haomarush,1147,hunter,marksmanship,52,24,28
Ocromiun,illidan,1146,hunter,marksmanship,39,13,26
Topshotx,tichondrius,1145,hunter,marksmanship,18,12,6
Sugarboyy,darkspear,1145,hunter,marksmanship,39,19,20
Dykbuht,area-52,1144,hunter,marksmanship,24,12,12
Lilnatty,area-52,1143,hunter,marksmanship,33,13,20
Desolater,bleeding-hollow,1143,hunter,marksmanship,36,12,24
Buckethole,doomhammer,1142,hunter,marksmanship,42,19,23
Inability,emerald-dream,1142,hunter,marksmanship,30,12,18
Jenniekim,mugthol,1141,hunter,marksmanship,19,13,6
Alindra,zuluhed,1141,hunter,marksmanship,60,25,35
Zachhunter,frostmourne,1141,hunter,marksmanship,54,20,34
Òriòn,tichondrius,1141,hunter,marksmanship,36,12,24
Zgabriel,azralon,1140,hunter,marksmanship,24,12,12
Chainmaster,misha,1140,hunter,marksmanship,115,54,61
Foxhe,hyjal,1137,hunter,marksmanship,42,22,20
Tenlbbow,illidan,1137,hunter,marksmanship,24,12,12
Thundershots,tichondrius,1136,hunter,marksmanship,80,35,45
Drewshot,sargeras,1134,hunter,marksmanship,18,12,6
Vhan,azralon,1133,hunter,marksmanship,44,19,25
Mathund,gurubashi,1132,hunter,marksmanship,149,70,79
Oqqo,tichondrius,1132,hunter,marksmanship,51,21,30
Jarloo,madoran,1129,hunter,marksmanship,35,19,16
Táká,quelthalas,1129,hunter,marksmanship,30,13,17
Dandogg,tichondrius,1129,hunter,marksmanship,30,12,18
Minzuki,drakkari,1127,hunter,marksmanship,30,13,17
Clockwörk,sargeras,1125,hunter,marksmanship,21,13,8
Tiofil,goldrinn,1124,hunter,marksmanship,24,14,10
Pikochon,illidan,1122,hunter,marksmanship,65,24,41
Linedalina,wyrmrest-accord,1119,hunter,marksmanship,30,14,16
Bowdown,moon-guard,1118,hunter,marksmanship,60,30,30
Starkmeister,stormrage,1118,hunter,marksmanship,30,12,18
Ackzar,ragnaros,1114,hunter,marksmanship,88,44,44
Wixyy,aegwynn,1114,hunter,marksmanship,58,23,35
Redskul,azralon,1113,hunter,marksmanship,36,19,17
Yaboismokey,aerie-peak,1112,hunter,marksmanship,35,15,20
Àlëxx,aegwynn,1111,hunter,marksmanship,48,20,28
Grimbleneep,emerald-dream,1111,hunter,marksmanship,40,16,24
Enuk,nagrand,1110,hunter,marksmanship,85,38,47
Daytrade,stormrage,1108,hunter,marksmanship,18,12,6
Repotro,drakkari,1108,hunter,marksmanship,42,14,28
Aoolfs,stormrage,1107,hunter,marksmanship,72,32,40
Halibut,quelthalas,1106,hunter,marksmanship,47,25,22
Bemaa,frostmourne,1106,hunter,marksmanship,42,21,21
Rykár,kiljaeden,1106,hunter,marksmanship,24,12,12
Wwing,frostwolf,1105,hunter,marksmanship,285,143,142
Huuntard,proudmoore,1104,hunter,marksmanship,29,12,17
Beldhur,archimonde,1102,hunter,marksmanship,23,12,11
Kánnah,ragnaros,1101,hunter,marksmanship,150,77,73
Flacidhunter,kelthuzad,1101,hunter,marksmanship,36,16,20
Týrak,illidan,1100,hunter,marksmanship,24,12,12
Bentrick,altar-of-storms,1097,hunter,marksmanship,33,18,15
Chetta,ragnaros,1096,hunter,marksmanship,59,21,38
Killincrew,scilla,1093,hunter,marksmanship,50,23,27
Returners,emerald-dream,1091,hunter,marksmanship,54,30,24
Veranir,nemesis,1091,hunter,marksmanship,98,49,49
Mikeangel,hydraxis,1091,hunter,marksmanship,27,12,15
Malo,dragonmaw,1090,hunter,marksmanship,30,16,14
Angelacross,azralon,1087,hunter,marksmanship,54,26,28
Maxwel,sargeras,1082,hunter,marksmanship,175,86,89
Ongorn,lightninghoof,1082,hunter,marksmanship,30,12,18
Ud,eldrethalas,1081,hunter,marksmanship,17,12,5
Lezzbow,tichondrius,1081,hunter,marksmanship,61,32,29
Trìggered,dark-iron,1080,hunter,marksmanship,42,20,22
Aïmïng,tichondrius,1074,hunter,marksmanship,42,14,28
Cßo,tichondrius,1073,hunter,marksmanship,96,43,53
Pewpow,barthilas,1072,hunter,marksmanship,60,28,32
Raneldar,proudmoore,1072,hunter,marksmanship,144,57,87
Mynnokyr,gallywix,1070,hunter,marksmanship,59,28,31
Towness,kelthuzad,1067,hunter,marksmanship,48,23,25
Thoopered,korgath,1062,hunter,marksmanship,65,33,32
Baldor,stormrage,1062,hunter,marksmanship,72,31,41
Thunter,kiljaeden,1060,hunter,marksmanship,24,14,10
Piloks,gallywix,1058,hunter,marksmanship,50,24,26
Imperatrix,emerald-dream,1058,hunter,marksmanship,72,25,47
Runsfromcops,sargeras,1056,hunter,marksmanship,18,11,7
Gvjellybeans,tichondrius,1056,hunter,marksmanship,18,11,7
Lexodream,bleeding-hollow,1056,hunter,marksmanship,18,11,7
Ryutiz,fizzcrank,1056,hunter,marksmanship,30,11,19
Shayelin,frostmourne,1055,hunter,marksmanship,18,11,7
Redzic,tichondrius,1054,hunter,marksmanship,18,11,7
Inktray,durotan,1054,hunter,marksmanship,30,11,19
Tharlor,aegwynn,1054,hunter,marksmanship,30,11,19
Longshánks,stormrage,1052,hunter,marksmanship,24,11,13
Guntrïx,stormrage,1052,hunter,marksmanship,36,11,25
Callenna,zuljin,1051,hunter,marksmanship,18,11,7
Infinitý,zuljin,1051,hunter,marksmanship,24,11,13
Tråppin,sargeras,1050,hunter,marksmanship,21,12,9
Blimpbooty,stormrage,1050,hunter,marksmanship,24,11,13
Doug,illidan,1048,hunter,marksmanship,18,11,7
Vansatih,azralon,1047,hunter,marksmanship,66,27,39
Grimcask,ragnaros,1045,hunter,marksmanship,27,12,15
Fëanora,quelthalas,1044,hunter,marksmanship,24,11,13
Udietofast,illidan,1044,hunter,marksmanship,106,43,63
Porkerr,black-dragonflight,1040,hunter,marksmanship,48,25,23
Styles,thaurissan,1040,hunter,marksmanship,36,18,18
Corruptid,moon-guard,1039,hunter,marksmanship,18,11,7
Tazent,moon-guard,1039,hunter,marksmanship,24,11,13
Lowk,stonemaul,1038,hunter,marksmanship,18,13,5
Deadalot,dalaran,1038,hunter,marksmanship,18,11,7
Yadír,quelthalas,1038,hunter,marksmanship,120,55,65
Yoimiya,thunderlord,1036,hunter,marksmanship,41,18,23
Iililillilii,tichondrius,1035,hunter,marksmanship,34,14,20
Sartros,drakkari,1034,hunter,marksmanship,19,13,6
Sumom,darrowmere,1032,hunter,marksmanship,147,68,79
Huntnfizzle,dethecus,1031,hunter,marksmanship,18,11,7
Vendortrash,aggramar,1029,hunter,marksmanship,24,12,12
Delukzin,azralon,1028,hunter,marksmanship,38,13,25
Silenciozzo,azralon,1026,hunter,marksmanship,42,17,25
Kalinor,cenarius,1022,hunter,marksmanship,48,22,26
Critaclyzm,moon-guard,1019,hunter,marksmanship,37,14,23
Benryats,area-52,1019,hunter,marksmanship,36,11,25
Konar,nemesis,1018,hunter,marksmanship,78,34,44
Madogite,azralon,1017,hunter,marksmanship,66,37,29
Shukucingjr,illidan,1015,hunter,marksmanship,39,23,16
Kødran,stormrage,1013,hunter,marksmanship,54,26,28
Jzander,ragnaros,1010,hunter,marksmanship,20,13,7
Thyraza,proudmoore,1010,hunter,marksmanship,24,11,13
Secure,doomhammer,1010,hunter,marksmanship,42,18,24
Kuramax,senjin,1009,hunter,marksmanship,95,43,52
Triggaplease,jubeithos,1008,hunter,marksmanship,67,37,30
Killerxzxz,stormrage,1007,hunter,marksmanship,24,13,11
Torturekilla,bleeding-hollow,1007,hunter,marksmanship,57,28,29
Salsa,hakkar,1005,hunter,marksmanship,107,39,68
Broking,azralon,1004,hunter,marksmanship,26,12,14
Brenri,boulderfist,1003,hunter,marksmanship,30,15,15
Zengrin,quelthalas,1003,hunter,marksmanship,23,11,12
Mirãbel,drakkari,1001,hunter,marksmanship,42,13,29
Koonorc,dalaran,998,hunter,marksmanship,46,22,24
Sitaelh,quelthalas,994,hunter,marksmanship,48,23,25
Balgair,hakkar,991,hunter,marksmanship,46,24,22
Scottcrume,area-52,990,hunter,marksmanship,60,27,33
Nelay,ragnaros,988,hunter,marksmanship,23,11,12
Ritler,frostmourne,987,hunter,marksmanship,21,11,10
Øparin,azralon,986,hunter,marksmanship,22,14,8
Scoundrella,sargeras,984,hunter,marksmanship,36,17,19
Àbyss,shandris,982,hunter,marksmanship,48,18,30
Galaxxis,bonechewer,974,hunter,marksmanship,51,26,25
Iiwii,burning-legion,969,hunter,marksmanship,19,11,8
Tiidkloul,illidan,968,hunter,marksmanship,18,12,6
Reanivan,kiljaeden,968,hunter,marksmanship,66,24,42
Hanabanana,wyrmrest-accord,960,hunter,marksmanship,12,10,2
Goonsh,tichondrius,960,hunter,marksmanship,18,10,8
Nainit,sargeras,960,hunter,marksmanship,18,10,8
Zota,frostmourne,960,hunter,marksmanship,18,10,8
Kagaramar,hellscream,960,hunter,marksmanship,21,11,10
Taumelz,sargeras,960,hunter,marksmanship,24,10,14
Sylvaa,tichondrius,960,hunter,marksmanship,30,10,20
Throre,bleeding-hollow,959,hunter,marksmanship,18,10,8
Nelandris,tichondrius,959,hunter,marksmanship,72,28,44
Hunghang,frostmourne,959,hunter,marksmanship,30,10,20
Ñðñdêsçrípt,frostmourne,959,hunter,marksmanship,30,10,20
Mù,frostmourne,958,hunter,marksmanship,18,10,8
Austelos,moon-guard,958,hunter,marksmanship,18,10,8
Chasseür,quelthalas,957,hunter,marksmanship,18,10,8
Aewyn,malganis,956,hunter,marksmanship,24,10,14
Zulorion,the-forgotten-coast,956,hunter,marksmanship,24,10,14
Dartháne,moon-guard,956,hunter,marksmanship,29,11,18
Sparemeok,illidan,955,hunter,marksmanship,18,10,8
Chuvug,quelthalas,955,hunter,marksmanship,24,10,14
Hawkeyë,ragnaros,954,hunter,marksmanship,18,10,8
Daymanaahh,malfurion,954,hunter,marksmanship,24,10,14
Xaveco,gallywix,954,hunter,marksmanship,58,23,35
Twist,burning-legion,953,hunter,marksmanship,12,10,2
Larree,kelthuzad,953,hunter,marksmanship,18,10,8
Damadar,tichondrius,953,hunter,marksmanship,24,10,14
Shuweet,moon-guard,953,hunter,marksmanship,24,10,14
Getnukedbud,emerald-dream,952,hunter,marksmanship,18,10,8
Escolhido,azralon,952,hunter,marksmanship,18,10,8
Ragar,korialstrasz,952,hunter,marksmanship,24,10,14
Jahir,tichondrius,952,hunter,marksmanship,30,10,20
Verdao,stormrage,952,hunter,marksmanship,30,10,20
Kazzanval,sargeras,949,hunter,marksmanship,24,11,13
Dairoxd,drakkari,948,hunter,marksmanship,35,18,17
Vanhe,quelthalas,947,hunter,marksmanship,18,10,8
Kidofdeath,borean-tundra,947,hunter,marksmanship,18,10,8
Katnie,azralon,947,hunter,marksmanship,52,25,27
Momomomo,draka,947,hunter,marksmanship,24,10,14
Milktoker,tichondrius,947,hunter,marksmanship,24,10,14
Globlauncher,tichondrius,946,hunter,marksmanship,18,10,8
Bowtech,kelthuzad,942,hunter,marksmanship,25,10,15
Arshuntica,blackrock,940,hunter,marksmanship,36,20,16
Djpwnz,bladefist,940,hunter,marksmanship,24,10,14
Lazygnome,azshara,934,hunter,marksmanship,23,11,12
Zarely,frostmourne,932,hunter,marksmanship,24,10,14
Nachtcloverr,stormrage,931,hunter,marksmanship,63,27,36
Jamzlol,frostmourne,930,hunter,marksmanship,23,14,9
Ontarget,cairne,926,hunter,marksmanship,81,37,44
Silhouettes,barthilas,923,hunter,marksmanship,27,13,14
Wael,perenolde,920,hunter,marksmanship,29,10,19
Lauannÿ,gallywix,917,hunter,marksmanship,130,61,69
Taynen,azralon,916,hunter,marksmanship,23,10,13
Yamanashi,black-dragonflight,914,hunter,marksmanship,120,59,61
Zievieda,hellscream,910,hunter,marksmanship,24,12,12
Viciosa,bleeding-hollow,908,hunter,marksmanship,60,32,28
Fleshfair,kiljaeden,907,hunter,marksmanship,30,12,18
Brenogam,azralon,906,hunter,marksmanship,37,19,18
Ramblinon,bloodhoof,906,hunter,marksmanship,24,11,13
Blaws,tichondrius,906,hunter,marksmanship,27,10,17
Onehitrip,illidan,904,hunter,marksmanship,90,38,52
Flechá,illidan,900,hunter,marksmanship,17,10,7
Cazadorelite,tichondrius,900,hunter,marksmanship,59,16,43
Huntercotoco,azralon,894,hunter,marksmanship,47,24,23
Llachiip,zuljin,889,hunter,marksmanship,23,11,12
Fourkayiv,azgalor,889,hunter,marksmanship,41,18,23
Adbéélitø,ragnaros,883,hunter,marksmanship,60,28,32
Ganeva,sargeras,883,hunter,marksmanship,30,14,16
Alleessa,goldrinn,883,hunter,marksmanship,54,21,33
Panborikat,thaurissan,882,hunter,marksmanship,30,14,16
Jetlinx,thrall,881,hunter,marksmanship,21,12,9
Desolateone,nazgrel,880,hunter,marksmanship,48,23,25
Nightwatch,kelthuzad,877,hunter,marksmanship,18,10,8
Rödrigö,azralon,876,hunter,marksmanship,30,14,16
Thaendra,moon-guard,865,hunter,marksmanship,23,11,12
Karazuba,ragnaros,865,hunter,marksmanship,89,33,56
Saltard,frostmourne,864,hunter,marksmanship,12,9,3
Deletedyou,tichondrius,864,hunter,marksmanship,18,9,9
Ashx,nemesis,864,hunter,marksmanship,18,9,9
Eratichunt,illidan,864,hunter,marksmanship,18,9,9
Rangêr,frostmourne,864,hunter,marksmanship,18,9,9
Xonios,frostwolf,864,hunter,marksmanship,24,9,15
Singletap,barthilas,864,hunter,marksmanship,24,9,15
Keenz,frostmourne,864,hunter,marksmanship,24,9,15
Trapkeithx,frostmourne,864,hunter,marksmanship,24,9,15
Drãgenox,quelthalas,864,hunter,marksmanship,24,9,15
Scareder,malganis,864,hunter,marksmanship,24,9,15
Demolitions,kelthuzad,864,hunter,marksmanship,30,9,21
Tetz,kelthuzad,864,hunter,marksmanship,30,9,21
Rambot,bleeding-hollow,863,hunter,marksmanship,12,9,3
Photos,moon-guard,863,hunter,marksmanship,14,9,5
Ggtooeasy,thrall,863,hunter,marksmanship,19,11,8
Dayanier,ragnaros,863,hunter,marksmanship,18,9,9
Dôntlosmebro,stormrage,863,hunter,marksmanship,18,9,9
Ultrasj,malfurion,863,hunter,marksmanship,18,9,9
Ohifren,proudmoore,863,hunter,marksmanship,18,9,9
Torrthack,area-52,863,hunter,marksmanship,18,9,9
Pkn,chogall,863,hunter,marksmanship,18,9,9
Artois,tichondrius,863,hunter,marksmanship,18,9,9
Telånnas,illidan,863,hunter,marksmanship,18,9,9
Nosmoke,kargath,863,hunter,marksmanship,24,9,15
Candytoxic,quelthalas,863,hunter,marksmanship,24,9,15
Fatehunter,bleeding-hollow,863,hunter,marksmanship,24,9,15
Fangs,arthas,862,hunter,marksmanship,12,9,3
Airpodpro,emerald-dream,862,hunter,marksmanship,12,9,3
Audioannie,thrall,862,hunter,marksmanship,18,9,9
Syrach,area-52,862,hunter,marksmanship,18,9,9
Insgesicht,proudmoore,862,hunter,marksmanship,24,9,15
Varrinda,wyrmrest-accord,862,hunter,marksmanship,24,9,15
Snipastyle,twisting-nether,861,hunter,marksmanship,30,9,21
Twistedtawl,area-52,860,hunter,marksmanship,18,9,9
Illt,blackrock,860,hunter,marksmanship,18,9,9
Junka,bleeding-hollow,860,hunter,marksmanship,18,9,9
Kaeuljua,tichondrius,860,hunter,marksmanship,24,9,15
Lánárhóádés,tichondrius,860,hunter,marksmanship,24,9,15
Loyalrely,tichondrius,859,hunter,marksmanship,18,9,9
Arzant,quelthalas,858,hunter,marksmanship,12,9,3
Wolftracer,sargeras,858,hunter,marksmanship,18,9,9
Coldhunger,uldum,857,hunter,marksmanship,12,9,3
Lahyanhou,azjolnerub,857,hunter,marksmanship,24,9,15
Hobbës,kelthuzad,856,hunter,marksmanship,18,9,9
Lameshot,dalaran,856,hunter,marksmanship,24,9,15
Trikshot,magtheridon,855,hunter,marksmanship,18,10,8
Oorudun,hellscream,855,hunter,marksmanship,53,24,29
Herroo,thrall,855,hunter,marksmanship,30,9,21
Azx,tichondrius,851,hunter,marksmanship,18,9,9
Franzkafka,azralon,851,hunter,marksmanship,48,19,29
Avindal,greymane,850,hunter,marksmanship,18,9,9
Jvmr,azralon,842,hunter,marksmanship,38,17,21
Arbeis,area-52,841,hunter,marksmanship,42,11,31
Apochuntz,greymane,839,hunter,marksmanship,24,11,13
Zelanst,illidan,838,hunter,marksmanship,18,9,9
Mawlotov,barthilas,829,hunter,marksmanship,29,9,20
Baruz,tichondrius,827,hunter,marksmanship,28,9,19
Muggzzy,malygos,824,hunter,marksmanship,18,9,9
Zettl,eredar,816,hunter,marksmanship,110,47,63
Deejwithabow,frostmourne,815,hunter,marksmanship,18,9,9
Déadlyshot,tichondrius,814,hunter,marksmanship,89,39,50
Iamtotoro,area-52,809,hunter,marksmanship,28,9,19
Richihunt,ragnaros,802,hunter,marksmanship,32,10,22
Hoarf,nemesis,799,hunter,marksmanship,14,9,5
Ifeignalot,stormscale,799,hunter,marksmanship,16,9,7
Ciils,sargeras,798,hunter,marksmanship,22,9,13
Kazug,destromath,797,hunter,marksmanship,24,10,14
Fian,lightnings-blade,797,hunter,marksmanship,22,9,13
Qúin,frostmourne,797,hunter,marksmanship,29,10,19
Skyloss,illidan,775,hunter,marksmanship,42,12,30
Tamsynn,stormrage,769,hunter,marksmanship,54,15,39
Ragshunt,stormrage,768,hunter,marksmanship,12,8,4
Entrapment,stormrage,768,hunter,marksmanship,12,8,4
Achillez,bleeding-hollow,768,hunter,marksmanship,18,8,10
Civvo,dalaran,768,hunter,marksmanship,24,8,16
Bonquiesha,area-52,768,hunter,marksmanship,24,8,16
Soul,sargeras,768,hunter,marksmanship,24,8,16
Woeisyou,stormrage,768,hunter,marksmanship,24,8,16
Shootybooty,arygos,768,hunter,marksmanship,24,8,16
Cimotsw,stormrage,767,hunter,marksmanship,12,8,4
Harlory,moon-guard,767,hunter,marksmanship,12,8,4
Côckblocked,tichondrius,767,hunter,marksmanship,12,8,4
Chîll,frostmourne,767,hunter,marksmanship,12,8,4
Suyesh,tichondrius,767,hunter,marksmanship,12,8,4
Huntnmaster,thrall,767,hunter,marksmanship,12,8,4
Wike,hyjal,767,hunter,marksmanship,15,9,6
Xtina,drakkari,767,hunter,marksmanship,18,8,10
Thejessiah,tichondrius,767,hunter,marksmanship,18,8,10
Zensuox,barthilas,767,hunter,marksmanship,18,8,10
Diertz,area-52,767,hunter,marksmanship,18,8,10
Ravanskull,burning-blade,767,hunter,marksmanship,18,8,10
Waqz,tichondrius,767,hunter,marksmanship,18,8,10
Vileplumè,stormrage,767,hunter,marksmanship,18,8,10
Siebee,tichondrius,767,hunter,marksmanship,18,8,10
Mensita,quelthalas,767,hunter,marksmanship,18,8,10
Yory,tol-barad,767,hunter,marksmanship,18,8,10
Runethkape,kelthuzad,767,hunter,marksmanship,18,8,10
Gunshow,wyrmrest-accord,767,hunter,marksmanship,18,8,10
Rickshaw,frostmourne,767,hunter,marksmanship,18,8,10
Cufless,proudmoore,767,hunter,marksmanship,18,8,10
Tarah,lightbringer,767,hunter,marksmanship,24,8,16
Saltz,tichondrius,766,hunter,marksmanship,12,8,4
Mööky,frostmourne,766,hunter,marksmanship,12,8,4
Zèd,azralon,766,hunter,marksmanship,18,8,10
Raiku,aggramar,766,hunter,marksmanship,18,8,10
Noeffort,frostmourne,766,hunter,marksmanship,18,8,10
Deathspot,thrall,766,hunter,marksmanship,18,8,10
Trochillidae,dragonmaw,766,hunter,marksmanship,18,8,10
Ladright,altar-of-storms,766,hunter,marksmanship,18,8,10
Zindula,malganis,766,hunter,marksmanship,19,8,11
Basticus,blackwater-raiders,765,hunter,marksmanship,12,8,4
Dest,azralon,765,hunter,marksmanship,18,8,10
Skillkiting,area-52,765,hunter,marksmanship,24,8,16
Kòng,quelthalas,765,hunter,marksmanship,24,8,16
Youngpo,thunderlord,765,hunter,marksmanship,24,8,16
Daahm,malganis,765,hunter,marksmanship,25,8,17
Myciri,proudmoore,764,hunter,marksmanship,18,8,10
Gramaverde,kelthuzad,763,hunter,marksmanship,24,8,16
Deathwynd,malfurion,762,hunter,marksmanship,12,8,4
Kluako,stormreaver,762,hunter,marksmanship,12,8,4
Thisguÿ,arthas,762,hunter,marksmanship,18,8,10
Sorid,medivh,761,hunter,marksmanship,12,8,4
Emptypokcets,shattered-hand,761,hunter,marksmanship,24,8,16
Enonoa,thunderlord,760,hunter,marksmanship,12,8,4
Porta,zuljin,757,hunter,marksmanship,16,9,7
Aeclpysis,dark-iron,754,hunter,marksmanship,18,10,8
Heapstack,stormrage,753,hunter,marksmanship,18,8,10
Huntercry,ragnaros,751,hunter,marksmanship,12,8,4
Niceshotboi,azgalor,751,hunter,marksmanship,24,8,16
Lynnì,khadgar,750,hunter,marksmanship,18,8,10
Darkmaximus,echo-isles,750,hunter,marksmanship,24,8,16
Xshadowdemon,korgath,749,hunter,marksmanship,12,8,4
Aksalaz,area-52,749,hunter,marksmanship,17,8,9
Belieli,ragnaros,740,hunter,marksmanship,22,8,14
Mackin,maelstrom,740,hunter,marksmanship,24,8,16
Lennfear,frostmourne,739,hunter,marksmanship,24,8,16
Murozz,malganis,736,hunter,marksmanship,18,8,10
Wij,turalyon,725,hunter,marksmanship,30,10,20
Fourtwents,stormrage,716,hunter,marksmanship,19,8,11
Mayohater,sargeras,714,hunter,marksmanship,33,9,24
Andalora,malganis,703,hunter,marksmanship,11,8,3
Dainsleif,perenolde,703,hunter,marksmanship,16,8,8
Dasvydanya,illidan,702,hunter,marksmanship,19,9,10
Glokrag,ysera,702,hunter,marksmanship,20,8,12
Obsol,hyjal,702,hunter,marksmanship,25,8,17
Fizzleshot,malganis,699,hunter,marksmanship,18,8,10
Felkrozzul,kalecgos,672,hunter,marksmanship,9,8,1
Goosejuicer,emerald-dream,672,hunter,marksmanship,12,7,5
Mms,frostmourne,672,hunter,marksmanship,12,7,5
Swayshunt,area-52,672,hunter,marksmanship,12,7,5
Mörgoth,quelthalas,672,hunter,marksmanship,12,7,5
Enty,khazgoroth,672,hunter,marksmanship,12,7,5
Winotah,barthilas,672,hunter,marksmanship,12,7,5
Keboks,alleria,672,hunter,marksmanship,12,7,5
Kaznik,ragnaros,672,hunter,marksmanship,12,7,5
Drupert,tichondrius,672,hunter,marksmanship,12,7,5
Snipezone,kelthuzad,672,hunter,marksmanship,12,7,5
Bodaki,proudmoore,672,hunter,marksmanship,12,7,5
Hyrus,shadowmoon,672,hunter,marksmanship,12,7,5
Shotmaster,tichondrius,672,hunter,marksmanship,12,7,5
Topgronk,tichondrius,672,hunter,marksmanship,12,7,5
Kaptincrunch,skywall,672,hunter,marksmanship,12,7,5
Ehnub,stormrage,672,hunter,marksmanship,12,7,5
Raktama,proudmoore,672,hunter,marksmanship,12,7,5
Kookh,area-52,672,hunter,marksmanship,12,7,5
Luoshi,proudmoore,672,hunter,marksmanship,12,7,5
Mochaxd,stormrage,672,hunter,marksmanship,14,7,7
Segfault,korgath,672,hunter,marksmanship,16,7,9
Clawdio,ragnaros,672,hunter,marksmanship,18,7,11
Ping,tol-barad,672,hunter,marksmanship,18,7,11
Focusfire,khazgoroth,672,hunter,marksmanship,18,7,11
Bombanodos,kelthuzad,672,hunter,marksmanship,18,7,11
Mochigelato,kelthuzad,672,hunter,marksmanship,18,7,11
Tirrill,malganis,672,hunter,marksmanship,18,7,11
Phatshiet,anvilmar,672,hunter,marksmanship,18,7,11
Jimryl,illidan,672,hunter,marksmanship,18,7,11
Datbigbowdoe,illidan,672,hunter,marksmanship,24,7,17
Bigkolache,zuljin,672,hunter,marksmanship,24,7,17
Bigzane,darkspear,672,hunter,marksmanship,24,7,17
Kneecrippler,proudmoore,671,hunter,marksmanship,12,7,5
Vatits,dalaran,671,hunter,marksmanship,12,7,5
Ocui,ragnaros,671,hunter,marksmanship,12,7,5
Sunyourmom,proudmoore,671,hunter,marksmanship,12,7,5
Hannover,ragnaros,671,hunter,marksmanship,12,7,5
Neoxbow,wyrmrest-accord,671,hunter,marksmanship,12,7,5
Ethne,garithos,671,hunter,marksmanship,12,7,5
Texploto,area-52,671,hunter,marksmanship,12,7,5
Foxyevermew,tichondrius,671,hunter,marksmanship,12,7,5
Zhions,ragnaros,671,hunter,marksmanship,12,7,5
Geraldson,proudmoore,671,hunter,marksmanship,12,7,5
Xhare,stormrage,671,hunter,marksmanship,12,7,5
Zhetsu,cenarius,671,hunter,marksmanship,18,7,11
Bstic,quelthalas,671,hunter,marksmanship,18,7,11
Såvagehunter,malganis,671,hunter,marksmanship,18,7,11
Löbo,quelthalas,671,hunter,marksmanship,18,7,11
Kalizra,quelthalas,671,hunter,marksmanship,18,7,11
Sáns,sargeras,671,hunter,marksmanship,18,7,11
Navagee,tichondrius,671,hunter,marksmanship,18,7,11
Toesgoes,thrall,671,hunter,marksmanship,18,7,11
Goatshots,lightninghoof,671,hunter,marksmanship,18,7,11
Bowsbéforhos,stormrage,671,hunter,marksmanship,18,7,11
Schbaltz,tichondrius,671,hunter,marksmanship,18,7,11
Hyü,hyjal,671,hunter,marksmanship,18,7,11
Jackrandall,frostmourne,671,hunter,marksmanship,18,7,11
Atallstalker,sargeras,671,hunter,marksmanship,18,7,11
Lyricly,lightbringer,671,hunter,marksmanship,18,7,11
Temara,icecrown,671,hunter,marksmanship,24,7,17
Valane,ragnaros,671,hunter,marksmanship,24,7,17
Deathhshott,area-52,670,hunter,marksmanship,12,7,5
Joogeenda,kaelthas,670,hunter,marksmanship,12,7,5
Kìngjaybroni,sargeras,670,hunter,marksmanship,12,7,5
Untermench,tichondrius,670,hunter,marksmanship,12,7,5
Cócaine,tichondrius,670,hunter,marksmanship,19,8,11
Gemky,ragnaros,670,hunter,marksmanship,19,8,11
Wolfyyxx,stormrage,670,hunter,marksmanship,18,7,11
Gagau,stormrage,670,hunter,marksmanship,18,7,11
Westbrooke,illidan,669,hunter,marksmanship,18,7,11
Lionnheart,wyrmrest-accord,668,hunter,marksmanship,12,7,5
Lilzoomer,barthilas,668,hunter,marksmanship,12,7,5
Niteynite,duskwood,668,hunter,marksmanship,12,7,5
Ues,shuhalo,667,hunter,marksmanship,13,7,6
Mulnaaj,zuljin,666,hunter,marksmanship,24,7,17
Getkited,tichondrius,665,hunter,marksmanship,12,7,5
Mahty,stormrage,665,hunter,marksmanship,12,7,5
Steelfeather,hellscream,662,hunter,marksmanship,12,7,5
Lulaladraun,azralon,662,hunter,marksmanship,24,7,17
Cassîdy,quelthalas,651,hunter,marksmanship,24,7,17
Righthole,area-52,640,hunter,marksmanship,22,7,15
Grukar,tichondrius,623,hunter,marksmanship,17,7,10
Muerteaterry,ragnaros,618,hunter,marksmanship,18,8,10
Mesiauzx,stormrage,618,hunter,marksmanship,22,9,13
Maveraxx,executus,616,hunter,marksmanship,21,7,14
Kushminion,zuljin,607,hunter,marksmanship,14,9,5
Typh,saurfang,607,hunter,marksmanship,11,7,4
Hokutoxx,tichondrius,607,hunter,marksmanship,20,7,13
Krossx,thrall,591,hunter,marksmanship,12,7,5
Póra,stormrage,582,hunter,marksmanship,17,8,9
Adjusted,frostmourne,576,hunter,marksmanship,6,6,0
Tkrenshaw,proudmoore,576,hunter,marksmanship,6,6,0
Shotpig,proudmoore,576,hunter,marksmanship,6,6,0
Rizzbow,dalvengyr,576,hunter,marksmanship,12,6,6
Juwannaaim,lethon,576,hunter,marksmanship,12,6,6
Vårelse,sargeras,576,hunter,marksmanship,12,6,6
Bigvudu,illidan,576,hunter,marksmanship,12,6,6
Kimbaa,tichondrius,576,hunter,marksmanship,12,6,6
Vigero,proudmoore,576,hunter,marksmanship,12,6,6
Birbwatcher,moon-guard,576,hunter,marksmanship,12,6,6
Elmozz,thrall,576,hunter,marksmanship,12,6,6
Donotrunaway,ragnaros,576,hunter,marksmanship,12,6,6
Êlautismo,wyrmrest-accord,576,hunter,marksmanship,12,6,6
Nerfmeplezz,area-52,576,hunter,marksmanship,12,6,6
Groomme,area-52,576,hunter,marksmanship,12,6,6
Aurzwraek,proudmoore,576,hunter,marksmanship,12,6,6
Laurenx,illidan,576,hunter,marksmanship,12,6,6
Murderone,undermine,576,hunter,marksmanship,12,6,6
Xernen,thrall,576,hunter,marksmanship,12,6,6
Ozarks,kiljaeden,576,hunter,marksmanship,12,6,6
Trapwiz,firetree,576,hunter,marksmanship,12,6,6
Vicecheney,illidan,576,hunter,marksmanship,12,6,6
Aoti,nerzhul,576,hunter,marksmanship,12,6,6
Pulso,illidan,576,hunter,marksmanship,12,6,6
Gugubird,proudmoore,576,hunter,marksmanship,12,6,6
Zaamsa,ragnaros,576,hunter,marksmanship,12,6,6
Xohzabu,wyrmrest-accord,576,hunter,marksmanship,12,6,6
Viralshot,tichondrius,576,hunter,marksmanship,12,6,6
Gritzix,frostmourne,576,hunter,marksmanship,12,6,6
Cù,frostmourne,576,hunter,marksmanship,12,6,6
Mhd,stormrage,576,hunter,marksmanship,12,6,6
Kynigi,bleeding-hollow,576,hunter,marksmanship,12,6,6
Dougv,stormrage,576,hunter,marksmanship,12,6,6
Mdizzly,zuljin,576,hunter,marksmanship,12,6,6
Spanerd,moon-guard,576,hunter,marksmanship,12,6,6
Dranel,nordrassil,576,hunter,marksmanship,12,6,6
Ssds,sargeras,576,hunter,marksmanship,12,6,6
Kyudo,moon-guard,576,hunter,marksmanship,12,6,6
Blackbrute,nathrezim,576,hunter,marksmanship,12,6,6
Grimdrakk,zuljin,576,hunter,marksmanship,12,6,6
Nightgecko,elune,576,hunter,marksmanship,12,6,6
Tokez,moon-guard,576,hunter,marksmanship,14,6,8
Aaggros,sargeras,576,hunter,marksmanship,18,6,12
Tandope,sargeras,576,hunter,marksmanship,18,6,12
Ojmo,arthas,576,hunter,marksmanship,18,6,12
Lightbullet,kelthuzad,576,hunter,marksmanship,18,6,12
Shcrimps,proudmoore,576,hunter,marksmanship,18,6,12
Gnometoprace,illidan,576,hunter,marksmanship,18,6,12
Thunderox,tichondrius,576,hunter,marksmanship,24,7,17
Shotfromhell,sargeras,576,hunter,marksmanship,21,6,15
Najmoira,area-52,576,hunter,marksmanship,24,6,18
Jônathan,tichondrius,576,hunter,marksmanship,24,6,18
Projectilez,sargeras,575,hunter,marksmanship,12,6,6
Lagginwaggin,azgalor,575,hunter,marksmanship,12,6,6
Brosk,drakthul,575,hunter,marksmanship,12,6,6
Murderville,illidan,575,hunter,marksmanship,12,6,6
Onlyfeìgns,frostmourne,575,hunter,marksmanship,12,6,6
Gresga,dalaran,575,hunter,marksmanship,12,6,6
Chapushoot,ragnaros,575,hunter,marksmanship,12,6,6
Chipsncheese,korgath,575,hunter,marksmanship,12,6,6
Littlespike,queldorei,575,hunter,marksmanship,12,6,6
Cobrag,tichondrius,575,hunter,marksmanship,12,6,6
Kazes,stormrage,575,hunter,marksmanship,12,6,6
Taphh,moon-guard,575,hunter,marksmanship,12,6,6
Silentzkill,tichondrius,575,hunter,marksmanship,12,6,6
Muckenfoose,frostmourne,575,hunter,marksmanship,12,6,6
Alinûs,stormrage,575,hunter,marksmanship,12,6,6
Thehunturd,dalaran,575,hunter,marksmanship,12,6,6
Aragörnn,azralon,575,hunter,marksmanship,12,6,6
Cerrundan,icecrown,575,hunter,marksmanship,12,6,6
Sylvaethas,lightninghoof,575,hunter,marksmanship,12,6,6
Dirtbagchaz,illidan,575,hunter,marksmanship,12,6,6
Tajo,sargeras,575,hunter,marksmanship,12,6,6
Biubiubiubiu,proudmoore,575,hunter,marksmanship,18,6,12
Ididntdoit,blackhand,575,hunter,marksmanship,18,6,12
Tazmaniak,gorefiend,575,hunter,marksmanship,18,6,12
Arbclimbs,frostmane,575,hunter,marksmanship,18,6,12
Zeddunn,stormrage,574,hunter,marksmanship,12,6,6
Ligmubhole,queldorei,574,hunter,marksmanship,12,6,6
Hildihunt,stormrage,574,hunter,marksmanship,12,6,6
Marcusrarnis,zuljin,574,hunter,marksmanship,12,6,6
Folgadoo,azralon,574,hunter,marksmanship,18,6,12
Arïya,azralon,573,hunter,marksmanship,12,6,6
Blåckhat,frostmourne,573,hunter,marksmanship,30,6,24
Recebaa,barthilas,572,hunter,marksmanship,12,6,6
Soulbutter,malganis,572,hunter,marksmanship,12,6,6
Jogoran,thunderlord,571,hunter,marksmanship,12,6,6
Strelyatil,trollbane,571,hunter,marksmanship,12,6,6
Zandrá,drakkari,570,hunter,marksmanship,12,6,6
Drâgônâr,stormrage,570,hunter,marksmanship,18,6,12
Tungles,tichondrius,570,hunter,marksmanship,24,6,18
Vaelanor,destromath,566,hunter,marksmanship,12,6,6
Beastmodeqt,blood-furnace,566,hunter,marksmanship,18,6,12
Ikkare,dalaran,565,hunter,marksmanship,12,6,6
Nickhell,azralon,565,hunter,marksmanship,12,6,6
Weirdjeff,alexstrasza,565,hunter,marksmanship,12,6,6
Neef,mannoroth,564,hunter,marksmanship,24,6,18
Ratspit,chogall,557,hunter,marksmanship,17,6,11
Erudraugdin,quelthalas,545,hunter,marksmanship,24,6,18
Cloveth,wyrmrest-accord,543,hunter,marksmanship,11,6,5
Gymli,destromath,543,hunter,marksmanship,11,6,5
Stephkurryz,tichondrius,543,hunter,marksmanship,14,7,7
Päinal,area-52,528,hunter,marksmanship,9,6,3
Zombified,moon-guard,527,hunter,marksmanship,11,6,5
Jaydemo,thunderhorn,527,hunter,marksmanship,17,6,11
Xtremesnipez,frostmourne,522,hunter,marksmanship,15,9,6
Ayrelial,tichondrius,522,hunter,marksmanship,13,7,6
Remixjy,burning-blade,522,hunter,marksmanship,16,7,9
Cns,tichondrius,521,hunter,marksmanship,20,7,13
Jonsnow,lightnings-blade,519,hunter,marksmanship,15,6,9
Bont,jubeithos,511,hunter,marksmanship,11,6,5
Tracershot,malganis,511,hunter,marksmanship,14,6,8
Pogcheddar,tichondrius,511,hunter,marksmanship,14,6,8
Cplski,kelthuzad,511,hunter,marksmanship,16,6,10
Stepbroski,moon-guard,510,hunter,marksmanship,14,6,8
Brainzz,emerald-dream,509,hunter,marksmanship,16,7,9
Thekilla,ragnaros,480,hunter,marksmanship,6,5,1
Squarë,ragnaros,480,hunter,marksmanship,6,5,1
Chickenzzack,tichondrius,480,hunter,marksmanship,6,5,1
Knerf,silvermoon,480,hunter,marksmanship,6,5,1
Thrandrial,smolderthorn,480,hunter,marksmanship,6,5,1
Bendotexe,stormrage,480,hunter,marksmanship,6,5,1
Qthunterr,dalaran,480,hunter,marksmanship,6,5,1
Zmghost,nathrezim,480,hunter,marksmanship,6,5,1
Shootandloot,zuljin,480,hunter,marksmanship,6,5,1
Johhnweed,ragnaros,480,hunter,marksmanship,6,5,1
Taije,arthas,480,hunter,marksmanship,6,5,1
Kimchishotxo,tichondrius,480,hunter,marksmanship,6,5,1
Idtrapthat,nordrassil,480,hunter,marksmanship,9,5,4
Duckpow,frostmourne,480,hunter,marksmanship,12,5,7
Eldotbrod,quelthalas,480,hunter,marksmanship,12,5,7
Jaywuz,tichondrius,480,hunter,marksmanship,12,5,7
Aloa,nagrand,480,hunter,marksmanship,12,5,7
Arraza,ragnaros,480,hunter,marksmanship,12,5,7
Baehydra,frostmourne,480,hunter,marksmanship,12,5,7
Ownshot,kiljaeden,480,hunter,marksmanship,12,5,7
Ellissniper,frostmourne,480,hunter,marksmanship,12,5,7
Hunt,the-underbog,480,hunter,marksmanship,12,5,7
Kattarry,moon-guard,480,hunter,marksmanship,12,5,7
Døubletap,gundrak,480,hunter,marksmanship,12,5,7
Hawkeyees,ragnaros,480,hunter,marksmanship,12,5,7
Kaelhim,warsong,480,hunter,marksmanship,12,5,7
Omniquiver,sargeras,480,hunter,marksmanship,12,5,7
Xísa,proudmoore,480,hunter,marksmanship,12,5,7
Scruffiebear,deathwing,480,hunter,marksmanship,12,5,7
Javoj,drakkari,480,hunter,marksmanship,12,5,7
Shooked,area-52,480,hunter,marksmanship,12,5,7
Teaks,aggramar,480,hunter,marksmanship,12,5,7
Qqshot,emerald-dream,480,hunter,marksmanship,12,5,7
Fjdominador,azralon,480,hunter,marksmanship,12,5,7
Årcter,alexstrasza,480,hunter,marksmanship,12,5,7
Searobot,kelthuzad,480,hunter,marksmanship,12,5,7
Josyv,quelthalas,480,hunter,marksmanship,12,5,7
Smokabonbon,eredar,480,hunter,marksmanship,12,5,7
Thewïld,tichondrius,480,hunter,marksmanship,12,5,7
Slobon,tichondrius,480,hunter,marksmanship,12,5,7
Lagshots,kelthuzad,480,hunter,marksmanship,12,5,7
Kankuro,proudmoore,480,hunter,marksmanship,12,5,7
Lianm,stormrage,480,hunter,marksmanship,12,5,7
Connora,stormrage,480,hunter,marksmanship,12,5,7
Davidbowey,bonechewer,480,hunter,marksmanship,12,5,7
Bowjoby,kelthuzad,480,hunter,marksmanship,12,5,7
Bullzeyê,kelthuzad,480,hunter,marksmanship,12,5,7
Soloshuffle,kelthuzad,480,hunter,marksmanship,12,5,7
Valro,hyjal,480,hunter,marksmanship,12,5,7
Boomheadshot,blood-furnace,480,hunter,marksmanship,12,5,7
Lilbowbigdam,emerald-dream,480,hunter,marksmanship,12,5,7
Snoplow,illidan,480,hunter,marksmanship,12,5,7
Snipedown,bonechewer,480,hunter,marksmanship,12,5,7
Stingyshot,thrall,480,hunter,marksmanship,12,5,7
Reys,bonechewer,480,hunter,marksmanship,15,6,9
Regretful,kelthuzad,480,hunter,marksmanship,13,5,8
Shootybootìe,tichondrius,480,hunter,marksmanship,18,5,13
Blickys,area-52,480,hunter,marksmanship,18,5,13
Jagwaar,malganis,480,hunter,marksmanship,18,5,13
Eurekasl,ragnaros,480,hunter,marksmanship,18,5,13
Absinther,emerald-dream,480,hunter,marksmanship,18,5,13
Ikiteforfood,zuljin,480,hunter,marksmanship,18,5,13
Keelif,arthas,480,hunter,marksmanship,18,5,13
Ownyoufast,darkspear,480,hunter,marksmanship,24,5,19
Ritrune,anvilmar,479,hunter,marksmanship,6,5,1
Runimurder,zuljin,479,hunter,marksmanship,6,5,1
Hishamo,aggramar,479,hunter,marksmanship,6,5,1
Lws,ragnaros,479,hunter,marksmanship,6,5,1
Banhunter,tichondrius,479,hunter,marksmanship,12,5,7
Peitowyn,illidan,479,hunter,marksmanship,12,5,7
Hunchback,emerald-dream,479,hunter,marksmanship,12,5,7
Bionix,sargeras,479,hunter,marksmanship,12,5,7
Blurrí,area-52,479,hunter,marksmanship,12,5,7
Logonman,rexxar,479,hunter,marksmanship,12,5,7
Alluminant,gilneas,479,hunter,marksmanship,12,5,7
Ohhsnaapp,blood-furnace,479,hunter,marksmanship,12,5,7
Deadlyattack,barthilas,479,hunter,marksmanship,12,5,7
Pilk,daggerspine,479,hunter,marksmanship,12,5,7
Pathius,uldaman,479,hunter,marksmanship,12,5,7
Rykbad,area-52,479,hunter,marksmanship,12,5,7
Ëz,ragnaros,479,hunter,marksmanship,12,5,7
Globalhunter,emerald-dream,479,hunter,marksmanship,12,5,7
Mayhunter,ragnaros,479,hunter,marksmanship,13,5,8
Diur,ragnaros,479,hunter,marksmanship,15,5,10
Kiteftw,tichondrius,479,hunter,marksmanship,21,6,15
Seyd,barthilas,479,hunter,marksmanship,18,5,13
Ashaelyn,wyrmrest-accord,479,hunter,marksmanship,18,5,13
Enzym,archimonde,479,hunter,marksmanship,18,5,13
Johar,nerzhul,479,hunter,marksmanship,18,5,13
Drakkoniss,spinebreaker,478,hunter,marksmanship,12,5,7
Ozzoty,tol-barad,478,hunter,marksmanship,12,5,7
Ensnare,wyrmrest-accord,478,hunter,marksmanship,12,5,7
Lyssavirhus,azralon,478,hunter,marksmanship,12,5,7
Damnnicebutt,borean-tundra,478,hunter,marksmanship,20,7,13
Nobelscarlet,wildhammer,477,hunter,marksmanship,12,5,7
Tularac,sentinels,477,hunter,marksmanship,12,5,7
Cio,fizzcrank,477,hunter,marksmanship,12,5,7
Survival,dentarg,477,hunter,marksmanship,12,5,7
Puttry,stormrage,476,hunter,marksmanship,12,5,7
Akbu,azralon,476,hunter,marksmanship,12,5,7
Àrsha,gallywix,475,hunter,marksmanship,12,5,7
Nubberton,sargeras,473,hunter,marksmanship,16,8,8
Lanney,firetree,473,hunter,marksmanship,12,5,7
Hartman,frostwolf,473,hunter,marksmanship,18,5,13
Mazkeen,bonechewer,472,hunter,marksmanship,12,5,7
Butimbutters,bleeding-hollow,467,hunter,marksmanship,23,8,15
Raun,anvilmar,453,hunter,marksmanship,17,5,12
Againzt,tichondrius,447,hunter,marksmanship,12,6,6
Diavál,area-52,447,hunter,marksmanship,11,5,6
Ryonel,moon-guard,447,hunter,marksmanship,17,5,12
Zøkøtrøkø,ragnaros,446,hunter,marksmanship,22,5,17
Mukeru,stormrage,432,hunter,marksmanship,9,5,4
Jud,thunderlord,432,hunter,marksmanship,21,5,16
Irontoast,kelthuzad,431,hunter,marksmanship,11,5,6
Wook,hyjal,431,hunter,marksmanship,11,5,6
Noriee,destromath,431,hunter,marksmanship,15,5,10
Diacachimbaa,ragnaros,430,hunter,marksmanship,15,5,10
Nirika,moon-guard,416,hunter,marksmanship,10,5,5
Hitemup,bleeding-hollow,384,hunter,marksmanship,6,4,2
Scubby,anetheron,384,hunter,marksmanship,6,4,2
Hyjix,stormrage,384,hunter,marksmanship,6,4,2
Trappah,stormrage,384,hunter,marksmanship,6,4,2
Seyu,tichondrius,384,hunter,marksmanship,6,4,2
Krissiz,drakkari,384,hunter,marksmanship,6,4,2
Tdarknet,quelthalas,384,hunter,marksmanship,6,4,2
Maidán,azralon,384,hunter,marksmanship,6,4,2
Wellerman,firetree,384,hunter,marksmanship,6,4,2
Swoljashotxp,area-52,384,hunter,marksmanship,6,4,2
Goldensour,malganis,384,hunter,marksmanship,6,4,2
Shootbert,malganis,384,hunter,marksmanship,6,4,2
Beatnass,cairne,384,hunter,marksmanship,6,4,2
Jojojobo,tichondrius,384,hunter,marksmanship,6,4,2
Atraksis,thrall,384,hunter,marksmanship,6,4,2
Swish,burning-legion,384,hunter,marksmanship,6,4,2
Melkmane,emerald-dream,384,hunter,marksmanship,6,4,2
Infatuatedx,moon-guard,384,hunter,marksmanship,6,4,2
Frîck,bleeding-hollow,384,hunter,marksmanship,6,4,2
Arteene,illidan,384,hunter,marksmanship,6,4,2
Llhopital,ragnaros,384,hunter,marksmanship,6,4,2
Aimbôt,frostmourne,384,hunter,marksmanship,6,4,2
Zendarae,tichondrius,384,hunter,marksmanship,6,4,2
Anecko,zuljin,384,hunter,marksmanship,6,4,2
Cashisabeast,zuljin,384,hunter,marksmanship,6,4,2
Sylos,moon-guard,384,hunter,marksmanship,6,4,2
Junmuxiao,ragnaros,384,hunter,marksmanship,6,4,2
Unclepez,barthilas,384,hunter,marksmanship,6,4,2
Elchavo,malganis,384,hunter,marksmanship,6,4,2
Illine,azralon,384,hunter,marksmanship,6,4,2
Zenkhi,quelthalas,384,hunter,marksmanship,6,4,2
Silvertokay,ragnaros,384,hunter,marksmanship,6,4,2
Emilysamuels,tichondrius,384,hunter,marksmanship,6,4,2
Kluetus,sargeras,384,hunter,marksmanship,6,4,2
Stfd,illidan,384,hunter,marksmanship,6,4,2
Folf,turalyon,384,hunter,marksmanship,6,4,2
Malcab,tichondrius,384,hunter,marksmanship,6,4,2
Arenthius,lothar,384,hunter,marksmanship,6,4,2
Oromís,dalaran,384,hunter,marksmanship,6,4,2
Relapse,dreadmaul,384,hunter,marksmanship,6,4,2
Gunstorms,dalaran,384,hunter,marksmanship,6,4,2
Huumpoutine,burning-blade,384,hunter,marksmanship,6,4,2
Gogey,area-52,384,hunter,marksmanship,6,4,2
Huntersuck,burning-blade,384,hunter,marksmanship,6,4,2
Blamethenaga,sargeras,384,hunter,marksmanship,6,4,2
Venj,proudmoore,384,hunter,marksmanship,6,4,2
Elmerfuddx,terokkar,384,hunter,marksmanship,6,4,2
Subdue,tichondrius,384,hunter,marksmanship,6,4,2
Nyxus,tichondrius,384,hunter,marksmanship,6,4,2
Halford,tol-barad,384,hunter,marksmanship,6,4,2
Cornstalk,area-52,384,hunter,marksmanship,6,4,2
Goonlmao,hyjal,384,hunter,marksmanship,6,4,2
Ysoseriusg,area-52,384,hunter,marksmanship,6,4,2
Valtolimor,moon-guard,384,hunter,marksmanship,6,4,2
Moyria,quelthalas,384,hunter,marksmanship,6,4,2
Archetype,bladefist,384,hunter,marksmanship,6,4,2
Raevon,kelthuzad,384,hunter,marksmanship,6,4,2
Déwi,tichondrius,384,hunter,marksmanship,6,4,2
Rektarrow,area-52,384,hunter,marksmanship,6,4,2
Malthiz,antonidas,384,hunter,marksmanship,8,4,4
Baydog,moon-guard,384,hunter,marksmanship,11,4,7
Robobop,stormrage,384,hunter,marksmanship,12,4,8
Limpnoodle,nerzhul,384,hunter,marksmanship,12,4,8
Dropflag,stormrage,384,hunter,marksmanship,12,4,8
Sylvanâs,bleeding-hollow,384,hunter,marksmanship,12,4,8
Xeriife,stormrage,384,hunter,marksmanship,12,4,8
Karev,area-52,384,hunter,marksmanship,12,4,8
Aquastasia,aegwynn,384,hunter,marksmanship,12,4,8
Lilbic,bleeding-hollow,384,hunter,marksmanship,12,4,8
Percision,bonechewer,384,hunter,marksmanship,12,4,8
Bunryl,thorium-brotherhood,384,hunter,marksmanship,12,4,8
Enchantras,jaedenar,384,hunter,marksmanship,12,4,8
Skillvanas,stormrage,384,hunter,marksmanship,12,4,8
Bigclamz,dragonmaw,384,hunter,marksmanship,12,4,8
Hywhan,stormrage,384,hunter,marksmanship,12,4,8
Ningiiwose,garona,384,hunter,marksmanship,12,4,8
Shottz,blackhand,384,hunter,marksmanship,12,4,8
Sogeki,kelthuzad,384,hunter,marksmanship,12,4,8
Crimsonmm,ragnaros,384,hunter,marksmanship,12,4,8
Dmasterbiter,zuljin,384,hunter,marksmanship,12,4,8
Kyler,draka,384,hunter,marksmanship,12,4,8
Revö,area-52,384,hunter,marksmanship,12,4,8
Vion,mannoroth,384,hunter,marksmanship,12,4,8
Kumari,lothar,384,hunter,marksmanship,12,4,8
Taurenseason,sargeras,384,hunter,marksmanship,12,4,8
Tsubakï,ragnaros,384,hunter,marksmanship,12,4,8
Joton,tichondrius,384,hunter,marksmanship,12,4,8
Vélos,illidan,384,hunter,marksmanship,12,4,8
Msghunter,sargeras,384,hunter,marksmanship,12,4,8
Ganzilla,aerie-peak,384,hunter,marksmanship,12,4,8
Crackshotzz,illidan,384,hunter,marksmanship,12,4,8
Samsin,sargeras,384,hunter,marksmanship,12,4,8
Ðïanä,azralon,384,hunter,marksmanship,12,4,8
Gstygodx,frostmourne,384,hunter,marksmanship,12,4,8
Whatalexa,tichondrius,384,hunter,marksmanship,12,4,8
Patroclo,azralon,384,hunter,marksmanship,12,4,8
Trippyhunter,akama,384,hunter,marksmanship,12,4,8
Gotrap,saurfang,384,hunter,marksmanship,12,4,8
Artemisagro,greymane,384,hunter,marksmanship,12,4,8
Mabaku,tichondrius,384,hunter,marksmanship,12,4,8
Bleedwolf,tichondrius,384,hunter,marksmanship,12,4,8
Emérr,drakkari,384,hunter,marksmanship,12,4,8
Sabo,nemesis,384,hunter,marksmanship,12,4,8
Resonatorrob,illidan,384,hunter,marksmanship,12,4,8
Aaron,jubeithos,384,hunter,marksmanship,12,4,8
Saralli,thrall,384,hunter,marksmanship,12,4,8
Zipzyup,tichondrius,384,hunter,marksmanship,12,4,8
Junglar,eitrigg,384,hunter,marksmanship,12,4,8
Braindeadorc,illidan,384,hunter,marksmanship,12,4,8
Hordworld,tichondrius,384,hunter,marksmanship,12,4,8
Gotskill,lethon,384,hunter,marksmanship,18,4,14
Tòxophilite,tichondrius,384,hunter,marksmanship,18,4,14
Bunb,area-52,384,hunter,marksmanship,18,4,14
Abloodelf,zuljin,384,hunter,marksmanship,18,4,14
Peashooter,sargeras,384,hunter,marksmanship,19,4,15
Dathronin,chogall,383,hunter,marksmanship,6,4,2
Snäpträp,stormrage,383,hunter,marksmanship,6,4,2
Comtambisuon,frostmourne,383,hunter,marksmanship,6,4,2
Essya,frostmourne,383,hunter,marksmanship,6,4,2
Meriah,bleeding-hollow,383,hunter,marksmanship,6,4,2
Euphylesz,garrosh,383,hunter,marksmanship,10,4,6
Fermra,dunemaul,383,hunter,marksmanship,12,4,8
Rottinghood,hyjal,383,hunter,marksmanship,12,4,8
Brody,eitrigg,383,hunter,marksmanship,12,4,8
Zenwrath,illidan,383,hunter,marksmanship,12,4,8
Juanita,laughing-skull,383,hunter,marksmanship,12,4,8
Derenit,ragnaros,383,hunter,marksmanship,12,4,8
Cornbreadfed,gorgonnash,383,hunter,marksmanship,12,4,8
Aridan,area-52,383,hunter,marksmanship,12,4,8
Ytsejammer,eonar,383,hunter,marksmanship,12,4,8
Shootingjaem,tichondrius,383,hunter,marksmanship,12,4,8
Amsalja,tichondrius,383,hunter,marksmanship,12,4,8
Zérõ,area-52,383,hunter,marksmanship,12,4,8
Minibrö,tichondrius,383,hunter,marksmanship,12,4,8
Hunternao,nemesis,383,hunter,marksmanship,18,4,14
Nevon,azralon,383,hunter,marksmanship,18,4,14
Rzan,fenris,382,hunter,marksmanship,6,4,2
Oohuntsoo,emerald-dream,382,hunter,marksmanship,6,4,2
Eaudelune,vashj,382,hunter,marksmanship,12,4,8
Lovek,ragnaros,382,hunter,marksmanship,12,4,8
Twofeathers,wyrmrest-accord,381,hunter,marksmanship,12,4,8
Skatenos,tortheldrin,381,hunter,marksmanship,12,4,8
Äzrael,elune,379,hunter,marksmanship,12,4,8
Venessie,moon-guard,379,hunter,marksmanship,12,4,8
Arighthunt,frostmourne,367,hunter,marksmanship,17,4,13
Onekz,ragnaros,367,hunter,marksmanship,29,4,25
Hyesik,tichondrius,362,hunter,marksmanship,21,7,14
Pérséús,ragnaros,351,hunter,marksmanship,12,5,7
Bloodarrow,tichondrius,351,hunter,marksmanship,11,4,7
Tarkovs,area-52,351,hunter,marksmanship,11,4,7
Rnger,aerie-peak,350,hunter,marksmanship,12,5,7
Trappxy,sargeras,336,hunter,marksmanship,9,4,5
Zucarita,tichondrius,330,hunter,marksmanship,9,5,4
Nubcaks,nerzhul,330,hunter,marksmanship,21,5,16
Stupïd,tichondrius,319,hunter,marksmanship,5,4,1
Misogynistaf,tichondrius,319,hunter,marksmanship,5,4,1
Aimian,frostmourne,319,hunter,marksmanship,8,4,4
Ròllinafatty,dark-iron,319,hunter,marksmanship,8,4,4
Ðeathßyarrøw,bloodscalp,319,hunter,marksmanship,10,4,6
Berkhof,tichondrius,319,hunter,marksmanship,14,4,10
Streetcrime,stormrage,304,hunter,marksmanship,7,4,3
Dahunterguy,illidan,304,hunter,marksmanship,7,4,3
Dagre,the-forgotten-coast,304,hunter,marksmanship,13,4,9
Peña,trollbane,304,hunter,marksmanship,13,4,9
Uc,khadgar,288,hunter,marksmanship,6,3,3
Keedub,stormrage,288,hunter,marksmanship,6,3,3
Mikey,exodar,288,hunter,marksmanship,6,3,3
Baoßun,thrall,288,hunter,marksmanship,6,3,3
Chootembro,thunderlord,288,hunter,marksmanship,6,3,3
Waldrom,arathor,288,hunter,marksmanship,6,3,3
Caraméla,stormrage,288,hunter,marksmanship,6,3,3
Canadïan,stormrage,288,hunter,marksmanship,6,3,3
Playnogames,moon-guard,288,hunter,marksmanship,6,3,3
Starsabov,emerald-dream,288,hunter,marksmanship,6,3,3
Stupedhunter,tichondrius,288,hunter,marksmanship,6,3,3
Thugbeast,tichondrius,288,hunter,marksmanship,6,3,3
Racoon,spinebreaker,288,hunter,marksmanship,6,3,3
Bernelli,kelthuzad,288,hunter,marksmanship,6,3,3
Vinksy,sargeras,288,hunter,marksmanship,6,3,3
Azairxd,tichondrius,288,hunter,marksmanship,6,3,3
Orì,stormrage,288,hunter,marksmanship,6,3,3
Sylvãnâs,tichondrius,288,hunter,marksmanship,6,3,3
Silvershot,emerald-dream,288,hunter,marksmanship,6,3,3
Physical,destromath,288,hunter,marksmanship,6,3,3
Eatmybow,nemesis,288,hunter,marksmanship,6,3,3
Trænquility,tichondrius,288,hunter,marksmanship,6,3,3
Krelas,eldrethalas,288,hunter,marksmanship,6,3,3
Boxpatrol,ravencrest,288,hunter,marksmanship,6,3,3
Graid,azralon,288,hunter,marksmanship,6,3,3
Mtuanwm,tichondrius,288,hunter,marksmanship,6,3,3
Bloodyman,korgath,288,hunter,marksmanship,6,3,3
Humiliation,mugthol,288,hunter,marksmanship,6,3,3
Antily,kelthuzad,288,hunter,marksmanship,6,3,3
Keliara,dunemaul,288,hunter,marksmanship,6,3,3
Stoopkid,dunemaul,288,hunter,marksmanship,6,3,3
Zzackchicken,tichondrius,288,hunter,marksmanship,6,3,3
Kong,tichondrius,288,hunter,marksmanship,6,3,3
Rhovanni,ragnaros,288,hunter,marksmanship,6,3,3
Cyboreg,stormrage,288,hunter,marksmanship,6,3,3
Sabanna,proudmoore,288,hunter,marksmanship,6,3,3
Rivs,detheroc,288,hunter,marksmanship,6,3,3
Sosaho,sargeras,288,hunter,marksmanship,6,3,3
Buzzkiller,sargeras,288,hunter,marksmanship,6,3,3
Vashra,stormrage,288,hunter,marksmanship,6,3,3
Halosucks,sargeras,288,hunter,marksmanship,6,3,3
Wannakill,stormrage,288,hunter,marksmanship,6,3,3
Arithrawn,area-52,288,hunter,marksmanship,6,3,3
Kallindo,sargeras,288,hunter,marksmanship,6,3,3
Volarsomar,shattered-hand,288,hunter,marksmanship,6,3,3
Ropivacaine,illidan,288,hunter,marksmanship,6,3,3
Wolfmilkers,illidan,288,hunter,marksmanship,6,3,3
Maximuhm,vashj,288,hunter,marksmanship,6,3,3
Wasteyou,tichondrius,288,hunter,marksmanship,6,3,3
Alliestrasza,azralon,288,hunter,marksmanship,6,3,3
Kormas,illidan,288,hunter,marksmanship,6,3,3
Bacin,tichondrius,288,hunter,marksmanship,6,3,3
Cloakedninja,illidan,288,hunter,marksmanship,6,3,3
Auset,aegwynn,288,hunter,marksmanship,6,3,3
Iannieht,illidan,288,hunter,marksmanship,6,3,3
Slantedshot,coilfang,288,hunter,marksmanship,6,3,3
Maxifier,tichondrius,288,hunter,marksmanship,6,3,3
Casadora,dark-iron,288,hunter,marksmanship,6,3,3
Tugh,maiev,288,hunter,marksmanship,6,3,3
Deepbowjob,sargeras,288,hunter,marksmanship,6,3,3
Blakespace,area-52,288,hunter,marksmanship,6,3,3
Gorhound,tichondrius,288,hunter,marksmanship,6,3,3
Tìnker,stormrage,288,hunter,marksmanship,6,3,3
Zeonas,tichondrius,288,hunter,marksmanship,6,3,3
Angelicarrow,area-52,288,hunter,marksmanship,6,3,3
Bigmommah,durotan,288,hunter,marksmanship,6,3,3
Guncontrol,malganis,288,hunter,marksmanship,6,3,3
Perfectcrit,area-52,288,hunter,marksmanship,6,3,3
Innerhunt,aegwynn,288,hunter,marksmanship,6,3,3
Brumbuh,tichondrius,288,hunter,marksmanship,6,3,3
Carot,dalaran,288,hunter,marksmanship,6,3,3
Fruitenveg,frostmourne,288,hunter,marksmanship,6,3,3
Exabyssus,bleeding-hollow,288,hunter,marksmanship,6,3,3
Remak,barthilas,288,hunter,marksmanship,6,3,3
Madjango,illidan,288,hunter,marksmanship,6,3,3
Quondo,boulderfist,288,hunter,marksmanship,6,3,3
Skum,tichondrius,288,hunter,marksmanship,6,3,3
Konungr,zuljin,288,hunter,marksmanship,6,3,3
Jackohun,quelthalas,288,hunter,marksmanship,6,3,3
Sereom,frostmourne,288,hunter,marksmanship,6,3,3
Internade,frostmourne,288,hunter,marksmanship,6,3,3
Zestia,tichondrius,288,hunter,marksmanship,6,3,3
Weegnomie,wyrmrest-accord,288,hunter,marksmanship,6,3,3
Niche,jaedenar,288,hunter,marksmanship,6,3,3
Inked,frostmourne,288,hunter,marksmanship,6,3,3
Candîce,moon-guard,288,hunter,marksmanship,6,3,3
Wonshawt,tichondrius,288,hunter,marksmanship,6,3,3
Tichong,tichondrius,288,hunter,marksmanship,6,3,3
Kaitoo,tichondrius,288,hunter,marksmanship,6,3,3
Getgaped,bronzebeard,288,hunter,marksmanship,6,3,3
Darforner,shandris,288,hunter,marksmanship,6,3,3
Muffhuntér,blackrock,288,hunter,marksmanship,6,3,3
Traphouse,blackrock,288,hunter,marksmanship,6,3,3
Kargathx,ragnaros,288,hunter,marksmanship,6,3,3
Kansolly,tichondrius,288,hunter,marksmanship,6,3,3
Kogger,frostmourne,288,hunter,marksmanship,6,3,3
Ðurostar,area-52,288,hunter,marksmanship,6,3,3
Chimpx,moon-guard,288,hunter,marksmanship,6,3,3
Plastera,zuljin,288,hunter,marksmanship,6,3,3
Bamfhunt,darkspear,288,hunter,marksmanship,6,3,3
Triggamikê,tichondrius,288,hunter,marksmanship,6,3,3
Exotichunter,the-underbog,288,hunter,marksmanship,6,3,3
Zym,the-forgotten-coast,288,hunter,marksmanship,6,3,3
Eforas,ragnaros,288,hunter,marksmanship,6,3,3
Deathshoôt,suramar,288,hunter,marksmanship,6,3,3
Airchick,frostmourne,288,hunter,marksmanship,6,3,3
Strudelshot,tichondrius,288,hunter,marksmanship,6,3,3
Iresa,bleeding-hollow,288,hunter,marksmanship,6,3,3
Luckynoodlle,frostmourne,288,hunter,marksmanship,6,3,3
Daggétt,zuljin,288,hunter,marksmanship,6,3,3
Ÿöskë,tichondrius,288,hunter,marksmanship,6,3,3
Royshot,stormrage,288,hunter,marksmanship,7,3,4
Evilslaug,tichondrius,288,hunter,marksmanship,8,3,5
Mojopojo,tichondrius,288,hunter,marksmanship,12,4,8
Snigskytte,dreadmaul,288,hunter,marksmanship,11,3,8
Prpl,sargeras,288,hunter,marksmanship,15,4,11
Alyzza,sargeras,288,hunter,marksmanship,12,3,9
Strixx,emerald-dream,288,hunter,marksmanship,12,3,9
Lesley,illidan,288,hunter,marksmanship,12,3,9
Surfbum,lightbringer,288,hunter,marksmanship,12,3,9
Wadadly,malganis,288,hunter,marksmanship,12,3,9
Princssdaizy,zuljin,288,hunter,marksmanship,12,3,9
Shablagoosh,zuljin,288,hunter,marksmanship,12,3,9
Uro,illidan,288,hunter,marksmanship,12,3,9
Zeedii,dalaran,288,hunter,marksmanship,12,3,9
Sliperysaly,tichondrius,288,hunter,marksmanship,12,3,9
Oua,queldorei,288,hunter,marksmanship,12,3,9
Drysst,tichondrius,288,hunter,marksmanship,12,3,9
Ouchiies,barthilas,288,hunter,marksmanship,12,3,9
Sásori,area-52,288,hunter,marksmanship,12,3,9
Shifted,quelthalas,288,hunter,marksmanship,12,3,9
Hefty,azuremyst,288,hunter,marksmanship,12,3,9
Hatara,quelthalas,288,hunter,marksmanship,12,3,9
Tmd,thrall,288,hunter,marksmanship,12,3,9
Aerefix,frostmourne,288,hunter,marksmanship,12,3,9
Skywrecker,bleeding-hollow,288,hunter,marksmanship,12,3,9
Blaisian,frostmourne,288,hunter,marksmanship,12,3,9
Quackattack,arthas,288,hunter,marksmanship,12,3,9
Gustavitch,executus,288,hunter,marksmanship,12,3,9
Blarck,shattered-halls,288,hunter,marksmanship,12,3,9
Sparkco,area-52,288,hunter,marksmanship,12,3,9
Exiun,sargeras,288,hunter,marksmanship,12,3,9
Ryhew,emerald-dream,288,hunter,marksmanship,12,3,9
Tastysauce,wyrmrest-accord,288,hunter,marksmanship,12,3,9
Boltflux,nemesis,288,hunter,marksmanship,12,3,9
Xsparkys,kargath,288,hunter,marksmanship,12,3,9
Samloomis,ursin,288,hunter,marksmanship,12,3,9
Lumbygoblin,illidan,288,hunter,marksmanship,13,3,10
Winstônwolf,spinebreaker,288,hunter,marksmanship,18,3,15
Zarknoth,cenarius,288,hunter,marksmanship,18,3,15
Jgodsslayer,tichondrius,288,hunter,marksmanship,18,3,15
Minihunter,onyxia,287,hunter,marksmanship,6,3,3
Ghazzghkuull,ragnaros,287,hunter,marksmanship,6,3,3
Jxoxex,wildhammer,287,hunter,marksmanship,6,3,3
Slayemz,barthilas,287,hunter,marksmanship,6,3,3
Lapelada,ragnaros,287,hunter,marksmanship,6,3,3
Downtimes,illidan,287,hunter,marksmanship,6,3,3
Multicereal,quelthalas,287,hunter,marksmanship,6,3,3
Braindeadly,malganis,287,hunter,marksmanship,6,3,3
Allready,stormrage,287,hunter,marksmanship,12,3,9
Bumbow,tichondrius,287,hunter,marksmanship,12,3,9
Divinee,undermine,287,hunter,marksmanship,12,3,9
Tarbabies,mannoroth,287,hunter,marksmanship,12,3,9
Darthwillie,cenarius,287,hunter,marksmanship,12,3,9
Axtlas,moonrunner,286,hunter,marksmanship,6,3,3
Lorelåii,tichondrius,286,hunter,marksmanship,6,3,3
Irishnia,bleeding-hollow,286,hunter,marksmanship,6,3,3
Dashing,magtheridon,271,hunter,marksmanship,11,3,8
Mythman,area-52,255,hunter,marksmanship,14,4,10
Tanneritez,bleeding-hollow,240,hunter,marksmanship,17,3,14
Setepalms,azralon,239,hunter,marksmanship,5,3,2
Brorc,kul-tiras,239,hunter,marksmanship,5,3,2
Glôck,dalaran,239,hunter,marksmanship,11,3,8
Knowtraps,area-52,234,hunter,marksmanship,7,4,3
Druskritag,moon-guard,234,hunter,marksmanship,10,4,6
Demongirl,arathor,231,hunter,marksmanship,25,4,21
Almighty,trollbane,229,hunter,marksmanship,29,6,23
Downworlder,darkspear,223,hunter,marksmanship,8,3,5
Andrømeda,frostmourne,208,hunter,marksmanship,7,3,4
Lamb,undermine,202,hunter,marksmanship,11,4,7
Farverr,area-52,192,hunter,marksmanship,4,3,1
Traitorously,daggerspine,192,hunter,marksmanship,9,3,6
Gadorim,kelthuzad,192,hunter,marksmanship,6,2,4
Valcyoneus,dragonmaw,192,hunter,marksmanship,6,2,4
Torvauk,bleeding-hollow,192,hunter,marksmanship,6,2,4
Kïwwï,tichondrius,192,hunter,marksmanship,6,2,4
Cuchulláin,area-52,192,hunter,marksmanship,6,2,4
Firskin,frostmourne,192,hunter,marksmanship,6,2,4
Camorcaist,stormrage,192,hunter,marksmanship,6,2,4
Dikbender,tichondrius,192,hunter,marksmanship,6,2,4
Fkurrules,frostmourne,192,hunter,marksmanship,6,2,4
Huntingyou,destromath,192,hunter,marksmanship,6,2,4
Voodoohunter,blood-furnace,192,hunter,marksmanship,6,2,4
Mordriva,azjolnerub,192,hunter,marksmanship,6,2,4
Kusz,bleeding-hollow,192,hunter,marksmanship,6,2,4
Áppóló,spinebreaker,192,hunter,marksmanship,6,2,4
Rëxx,moon-guard,192,hunter,marksmanship,6,2,4
Holytrap,destromath,192,hunter,marksmanship,6,2,4
Warsh,anubarak,192,hunter,marksmanship,6,2,4
Ilîiìîìiilil,bleeding-hollow,192,hunter,marksmanship,6,2,4
Erebor,malganis,192,hunter,marksmanship,6,2,4
Pichsolika,frostmourne,192,hunter,marksmanship,6,2,4
Mtq,thrall,192,hunter,marksmanship,6,2,4
Tus,tichondrius,192,hunter,marksmanship,6,2,4
Alorick,ragnaros,192,hunter,marksmanship,6,2,4
Jebote,frostmourne,192,hunter,marksmanship,6,2,4
Lycanthropei,illidan,192,hunter,marksmanship,6,2,4
Huntbodom,drakkari,192,hunter,marksmanship,6,2,4
Magvez,tichondrius,192,hunter,marksmanship,6,2,4
Ðao,nazjatar,192,hunter,marksmanship,6,2,4
Arbos,ragnaros,192,hunter,marksmanship,6,2,4
Angrypepe,bleeding-hollow,192,hunter,marksmanship,6,2,4
Dreezzy,bleeding-hollow,192,hunter,marksmanship,6,2,4
Symz,ragnaros,192,hunter,marksmanship,6,2,4
Xxunderoath,frostwolf,192,hunter,marksmanship,6,2,4
Arantir,drakkari,192,hunter,marksmanship,6,2,4
Huntkillerx,illidan,192,hunter,marksmanship,6,2,4
Ramchi,burning-blade,192,hunter,marksmanship,6,2,4
Nord,draka,192,hunter,marksmanship,6,2,4
Tyraelias,kaelthas,192,hunter,marksmanship,6,2,4
Anilora,wyrmrest-accord,192,hunter,marksmanship,6,2,4
Muscletooth,moon-guard,192,hunter,marksmanship,6,2,4
Mohz,kiljaeden,192,hunter,marksmanship,6,2,4
Huntugz,frostmourne,192,hunter,marksmanship,6,2,4
Lorgor,eonar,192,hunter,marksmanship,6,2,4
Penelòpe,wyrmrest-accord,192,hunter,marksmanship,6,2,4
Pumpydumpy,malganis,192,hunter,marksmanship,6,2,4
Àngèl,malganis,192,hunter,marksmanship,6,2,4
Zaghoward,fenris,192,hunter,marksmanship,6,2,4
Shoccka,thrall,192,hunter,marksmanship,6,2,4
Haki,gallywix,192,hunter,marksmanship,6,2,4
Yortrox,ragnaros,192,hunter,marksmanship,6,2,4
Desdee,icecrown,192,hunter,marksmanship,6,2,4
Ticey,frostmourne,192,hunter,marksmanship,6,2,4
Bôdon,illidan,192,hunter,marksmanship,6,2,4
Defacegg,illidan,192,hunter,marksmanship,6,2,4
Stormwardenx,turalyon,192,hunter,marksmanship,6,2,4
Lanarhoades,firetree,192,hunter,marksmanship,6,2,4
Doopers,kiljaeden,192,hunter,marksmanship,6,2,4
Aridias,mannoroth,192,hunter,marksmanship,6,2,4
Kanta,bleeding-hollow,192,hunter,marksmanship,6,2,4
Ðevil,ragnaros,192,hunter,marksmanship,6,2,4
Córnell,tichondrius,192,hunter,marksmanship,6,2,4
Namøscä,nemesis,192,hunter,marksmanship,6,2,4
Blowedazchit,bonechewer,192,hunter,marksmanship,6,2,4
Faldran,earthen-ring,192,hunter,marksmanship,6,2,4
Ctrlaltdel,gundrak,192,hunter,marksmanship,6,2,4
Bloodrainia,ravencrest,192,hunter,marksmanship,6,2,4
Cefla,illidan,192,hunter,marksmanship,6,2,4
Pandaslayr,garrosh,192,hunter,marksmanship,6,2,4
Whitemàne,dalaran,192,hunter,marksmanship,6,2,4
Sergunter,area-52,192,hunter,marksmanship,6,2,4
Zackmorris,kelthuzad,192,hunter,marksmanship,6,2,4
Nellond,malganis,192,hunter,marksmanship,6,2,4
Xpyroshot,area-52,192,hunter,marksmanship,6,2,4
Hideontrap,malganis,192,hunter,marksmanship,6,2,4
Léfty,nagrand,192,hunter,marksmanship,6,2,4
Otirrub,deathwing,192,hunter,marksmanship,6,2,4
Amptx,tichondrius,192,hunter,marksmanship,6,2,4
Jathriel,zuljin,192,hunter,marksmanship,6,2,4
Alssong,tichondrius,192,hunter,marksmanship,6,2,4
Ramblin,ragnaros,192,hunter,marksmanship,6,2,4
Zhona,moon-guard,192,hunter,marksmanship,6,2,4
Vitae,shattered-halls,192,hunter,marksmanship,6,2,4
Isitrng,aggramar,192,hunter,marksmanship,6,2,4
Kahtniss,quelthalas,192,hunter,marksmanship,6,2,4
Commonbuck,area-52,192,hunter,marksmanship,6,2,4
Petmydog,aegwynn,192,hunter,marksmanship,6,2,4
Terapista,area-52,192,hunter,marksmanship,6,2,4
Saveawp,stormrage,192,hunter,marksmanship,6,2,4
Blury,tichondrius,192,hunter,marksmanship,6,2,4
Percival,firetree,192,hunter,marksmanship,6,2,4
Valdevenator,illidan,192,hunter,marksmanship,6,2,4
Lulafourdedo,stormrage,192,hunter,marksmanship,6,2,4
Illweedx,kiljaeden,192,hunter,marksmanship,6,2,4
Ayrana,tichondrius,192,hunter,marksmanship,6,2,4
Thiccshawts,moon-guard,192,hunter,marksmanship,6,2,4
Rumnaheim,nemesis,192,hunter,marksmanship,6,2,4
Yonzo,area-52,192,hunter,marksmanship,6,2,4
Wartoz,dragonblight,192,hunter,marksmanship,6,2,4
Greyk,moon-guard,192,hunter,marksmanship,6,2,4
Huntgar,earthen-ring,192,hunter,marksmanship,6,2,4
Cazaaires,quelthalas,192,hunter,marksmanship,6,2,4
Fleshfeast,tichondrius,192,hunter,marksmanship,6,2,4
Nughunter,area-52,192,hunter,marksmanship,6,2,4
Íkíte,zuljin,192,hunter,marksmanship,6,2,4
Noisetrader,illidan,192,hunter,marksmanship,6,2,4
Huntmeplz,proudmoore,192,hunter,marksmanship,6,2,4
Xuxoo,nemesis,192,hunter,marksmanship,6,2,4
Crownchild,illidan,192,hunter,marksmanship,6,2,4
Hárd,illidan,192,hunter,marksmanship,6,2,4
Inurah,malganis,192,hunter,marksmanship,6,2,4
Geldyn,stormreaver,192,hunter,marksmanship,6,2,4
Glockin,zuljin,192,hunter,marksmanship,6,2,4
Geeshot,area-52,192,hunter,marksmanship,6,2,4
Salvatiel,stormrage,192,hunter,marksmanship,6,2,4
Hfn,stormrage,192,hunter,marksmanship,6,2,4
Lukara,darkspear,192,hunter,marksmanship,6,2,4
Sinsix,akama,192,hunter,marksmanship,6,2,4
Latherel,bleeding-hollow,192,hunter,marksmanship,6,2,4
Justhunter,moknathal,192,hunter,marksmanship,6,2,4
Sobala,azralon,192,hunter,marksmanship,6,2,4
Bowzørx,tichondrius,192,hunter,marksmanship,6,2,4
Fizzleegear,area-52,192,hunter,marksmanship,6,2,4
Yembohi,queldorei,192,hunter,marksmanship,6,2,4
Skolzero,azralon,192,hunter,marksmanship,6,2,4
Jaigo,stormrage,192,hunter,marksmanship,6,2,4
Knator,area-52,192,hunter,marksmanship,6,2,4
Mickyluvin,emerald-dream,192,hunter,marksmanship,6,2,4
Lemmiewînkzz,sargeras,192,hunter,marksmanship,6,2,4
Thugio,sargeras,192,hunter,marksmanship,6,2,4
Nixuis,stormrage,192,hunter,marksmanship,6,2,4
Bendoon,sargeras,192,hunter,marksmanship,6,2,4
Kreaytion,sargeras,192,hunter,marksmanship,6,2,4
Gangstashot,burning-legion,192,hunter,marksmanship,6,2,4
Regerts,sargeras,192,hunter,marksmanship,6,2,4
Ðecarlis,azralon,192,hunter,marksmanship,6,2,4
Happyhunting,sargeras,192,hunter,marksmanship,6,2,4
Zeaks,emerald-dream,192,hunter,marksmanship,6,2,4
Durbìn,sargeras,192,hunter,marksmanship,6,2,4
Brindlë,kelthuzad,192,hunter,marksmanship,11,3,8
Roidbum,barthilas,192,hunter,marksmanship,10,2,8
Kîra,stormrage,192,hunter,marksmanship,16,3,13
Sharpzy,jubeithos,192,hunter,marksmanship,12,2,10
Dojaqat,frostmourne,192,hunter,marksmanship,12,2,10
Zumythriel,stormrage,192,hunter,marksmanship,12,2,10
Eaglesx,skullcrusher,192,hunter,marksmanship,12,2,10
Killdred,bonechewer,192,hunter,marksmanship,12,2,10
Luffzy,barthilas,192,hunter,marksmanship,12,2,10
Warrioress,illidan,192,hunter,marksmanship,12,2,10
Roboputa,quelthalas,192,hunter,marksmanship,12,2,10
Sevitham,dalaran,192,hunter,marksmanship,12,2,10
Larts,fenris,192,hunter,marksmanship,12,2,10
Seekem,destromath,192,hunter,marksmanship,12,2,10
Johnwayne,alterac-mountains,192,hunter,marksmanship,12,2,10
Warpedshots,malganis,192,hunter,marksmanship,12,2,10
Littleagu,proudmoore,192,hunter,marksmanship,12,2,10
Xulag,tichondrius,192,hunter,marksmanship,12,2,10
Shafttrapper,queldorei,192,hunter,marksmanship,12,2,10
Findbind,altar-of-storms,192,hunter,marksmanship,12,2,10
Josthar,thrall,192,hunter,marksmanship,12,2,10
Luvtits,bonechewer,192,hunter,marksmanship,12,2,10
Hatros,stormrage,192,hunter,marksmanship,12,2,10
Jmonger,runetotem,192,hunter,marksmanship,12,2,10
Hunterish,area-52,192,hunter,marksmanship,12,2,10
Gunnpowder,malganis,192,hunter,marksmanship,12,2,10
Stïinck,azralon,192,hunter,marksmanship,12,2,10
Chinchompas,bleeding-hollow,192,hunter,marksmanship,18,2,16
Cruelhuntres,tichondrius,192,hunter,marksmanship,18,2,16
Griffox,frostwolf,191,hunter,marksmanship,4,3,1
Dorg,azjolnerub,191,hunter,marksmanship,6,2,4
Sylviannas,frostmourne,191,hunter,marksmanship,6,2,4
Wörg,elune,191,hunter,marksmanship,6,2,4
Goofyfingers,illidan,191,hunter,marksmanship,12,2,10
Actaeom,area-52,191,hunter,marksmanship,12,2,10
ßonßon,stormrage,160,hunter,marksmanship,10,2,8
Thesloott,azshara,159,hunter,marksmanship,5,2,3
Hunntard,veknilash,159,hunter,marksmanship,5,2,3
Clintbartun,shadowsong,159,hunter,marksmanship,5,2,3
Amorial,barthilas,159,hunter,marksmanship,5,2,3
Dusle,azralon,138,hunter,marksmanship,8,3,5
Darthski,drenden,138,hunter,marksmanship,12,4,8
Pvrisxoxo,frostmourne,138,hunter,marksmanship,9,3,6
Ünknown,sargeras,138,hunter,marksmanship,10,3,7
Huntersaul,dalvengyr,138,hunter,marksmanship,11,3,8
Tinylegzz,illidan,138,hunter,marksmanship,14,3,11
Plsnobanmee,frostmourne,137,hunter,marksmanship,9,5,4
Yarthax,illidan,128,hunter,marksmanship,4,2,2
Mookvader,illidan,128,hunter,marksmanship,4,2,2
Lúthiel,azralon,127,hunter,marksmanship,8,2,6
Ïmprîsôñ,dalaran,96,hunter,marksmanship,3,2,1
Razer,anvilmar,96,hunter,marksmanship,3,2,1
Shootr,darkspear,96,hunter,marksmanship,3,2,1
Bensonlmn,tichondrius,96,hunter,marksmanship,9,2,7
Dogtagluke,stormrage,96,hunter,marksmanship,6,1,5
Cocobage,destromath,96,hunter,marksmanship,6,1,5
Fritzy,nazjatar,96,hunter,marksmanship,6,1,5
Brändöncody,stormrage,96,hunter,marksmanship,6,1,5
Wínchester,stormrage,96,hunter,marksmanship,6,1,5
Nightfall,azshara,96,hunter,marksmanship,6,1,5
Wolfmastera,zuljin,96,hunter,marksmanship,6,1,5
Samanta,blood-furnace,96,hunter,marksmanship,6,1,5
Ikiteforgold,zuljin,96,hunter,marksmanship,6,1,5
Arawnz,emerald-dream,96,hunter,marksmanship,6,1,5
Hopsmatei,azralon,96,hunter,marksmanship,6,1,5
Shootdogg,mannoroth,96,hunter,marksmanship,6,1,5
Seizedhunt,frostmourne,96,hunter,marksmanship,6,1,5
Autaila,thunderlord,96,hunter,marksmanship,6,1,5
Zirstorm,altar-of-storms,96,hunter,marksmanship,6,1,5
Gabitoqt,gallywix,96,hunter,marksmanship,6,1,5
Legoretzlas,durotan,96,hunter,marksmanship,6,1,5
Wellfaír,area-52,96,hunter,marksmanship,6,1,5
Insönnia,azralon,96,hunter,marksmanship,6,1,5
Rockehm,frostmourne,96,hunter,marksmanship,6,1,5
Ethùg,area-52,96,hunter,marksmanship,6,1,5
Kkurama,area-52,96,hunter,marksmanship,6,1,5
Traxêx,nemesis,96,hunter,marksmanship,6,1,5
Jaidev,nemesis,96,hunter,marksmanship,6,1,5
Allerios,alleria,96,hunter,marksmanship,6,1,5
Cowboytroy,exodar,96,hunter,marksmanship,6,1,5
Siimmplicitz,area-52,96,hunter,marksmanship,6,1,5
Hellcry,khadgar,96,hunter,marksmanship,6,1,5
Shootermgavn,frostmourne,96,hunter,marksmanship,6,1,5
Sarutovy,kelthuzad,96,hunter,marksmanship,6,1,5
Slaughterr,kelthuzad,96,hunter,marksmanship,6,1,5
Rensv,frostmourne,96,hunter,marksmanship,6,1,5
Hyena,kelthuzad,96,hunter,marksmanship,6,1,5
Minnervva,malganis,96,hunter,marksmanship,6,1,5
Puppyghoul,malganis,96,hunter,marksmanship,6,1,5
Boongtokes,illidan,96,hunter,marksmanship,6,1,5
Feignqt,illidan,96,hunter,marksmanship,6,1,5
Laudion,quelthalas,96,hunter,marksmanship,6,1,5
Rämbow,frostmourne,96,hunter,marksmanship,6,1,5
Konflako,quelthalas,96,hunter,marksmanship,6,1,5
Ashner,illidan,96,hunter,marksmanship,6,1,5
Smackadoodlé,illidan,96,hunter,marksmanship,6,1,5
Vilguz,illidan,96,hunter,marksmanship,6,1,5
Artilleria,quelthalas,96,hunter,marksmanship,6,1,5
Dreygar,dawnbringer,96,hunter,marksmanship,6,1,5
Nodar,quelthalas,96,hunter,marksmanship,6,1,5
Panchovill,ragnaros,96,hunter,marksmanship,6,1,5
Brotag,aggramar,96,hunter,marksmanship,6,1,5
Crazyshot,drakkari,96,hunter,marksmanship,6,1,5
Qua,perenolde,96,hunter,marksmanship,6,1,5
Seldinna,wyrmrest-accord,96,hunter,marksmanship,6,1,5
Blaptz,wyrmrest-accord,96,hunter,marksmanship,6,1,5
Coppersnout,wyrmrest-accord,96,hunter,marksmanship,6,1,5
Ruvathir,wyrmrest-accord,96,hunter,marksmanship,6,1,5
Clacktar,wyrmrest-accord,96,hunter,marksmanship,6,1,5
Gunwalk,azjolnerub,96,hunter,marksmanship,6,1,5
Saeculorum,azralon,96,hunter,marksmanship,6,1,5
Longshott,azralon,96,hunter,marksmanship,6,1,5
Lemmetrap,illidan,96,hunter,marksmanship,6,1,5
Evemae,sargeras,96,hunter,marksmanship,6,1,5
Elknut,sargeras,96,hunter,marksmanship,6,1,5
Dalzar,darkspear,96,hunter,marksmanship,6,1,5
Ruhak,windrunner,96,hunter,marksmanship,6,1,5
Arin,suramar,96,hunter,marksmanship,6,1,5
Staytrill,tichondrius,96,hunter,marksmanship,6,1,5
Terezhunt,tichondrius,96,hunter,marksmanship,6,1,5
Savageshot,daggerspine,96,hunter,marksmanship,6,1,5
Lailyann,sargeras,96,hunter,marksmanship,6,1,5
Htcrazykofwa,tichondrius,96,hunter,marksmanship,6,1,5
Brutalhit,bonechewer,96,hunter,marksmanship,6,1,5
Solderboi,tichondrius,96,hunter,marksmanship,6,1,5
Garkia,hyjal,96,hunter,marksmanship,6,1,5
Exitwoundz,hyjal,96,hunter,marksmanship,6,1,5
Darkarcher,hyjal,96,hunter,marksmanship,6,1,5
Necroshotz,kul-tiras,96,hunter,marksmanship,6,1,5
Fawn,moon-guard,96,hunter,marksmanship,6,1,5
Smashfacehnt,tichondrius,96,hunter,marksmanship,6,1,5
Faceshots,tichondrius,96,hunter,marksmanship,6,1,5
Zral,dragonmaw,96,hunter,marksmanship,6,1,5
Citizen,dragonmaw,96,hunter,marksmanship,6,1,5
Maquire,tichondrius,96,hunter,marksmanship,6,1,5
Clydebarro,sargeras,96,hunter,marksmanship,6,1,5
Jumeog,stormscale,96,hunter,marksmanship,6,1,5
Kiatus,nesingwary,96,hunter,marksmanship,6,1,5
Narukín,tichondrius,96,hunter,marksmanship,6,1,5
Anndaria,tichondrius,96,hunter,marksmanship,6,1,5
Fingamyquill,tichondrius,96,hunter,marksmanship,6,1,5
Hyora,tichondrius,96,hunter,marksmanship,6,1,5
Hovahdo,proudmoore,96,hunter,marksmanship,6,1,5
Desarus,archimonde,96,hunter,marksmanship,6,1,5
Zünma,tichondrius,96,hunter,marksmanship,6,1,5
Biehuixin,tichondrius,96,hunter,marksmanship,6,1,5
Nickaz,frostmourne,96,hunter,marksmanship,8,1,7
Hawneyduo,skullcrusher,96,hunter,marksmanship,12,1,11
Bophadeaz,sargeras,96,hunter,marksmanship,12,1,11
Kofan,darkspear,96,hunter,marksmanship,12,1,11
Xalmoinmybow,illidan,96,hunter,marksmanship,12,1,11
Jacobsladder,illidan,96,hunter,marksmanship,12,1,11
Missedshot,frostmourne,96,hunter,marksmanship,12,1,11
Cerébro,illidan,96,hunter,marksmanship,12,1,11
Tarapandas,kilrogg,96,hunter,marksmanship,12,1,11
Elanor,feathermoon,96,hunter,marksmanship,18,1,17
Strixis,blood-furnace,95,hunter,marksmanship,6,1,5
Trionias,malfurion,79,hunter,marksmanship,5,1,4
Bownappetite,bleeding-hollow,79,hunter,marksmanship,5,1,4
Setbackhunt,illidan,79,hunter,marksmanship,5,1,4
Coffetaum,illidan,64,hunter,marksmanship,4,1,3
Raymose,tichondrius,64,hunter,marksmanship,4,1,3
Huntsmate,tichondrius,64,hunter,marksmanship,4,1,3
Archemp,stormrage,64,hunter,marksmanship,4,1,3
Creatuuree,zuljin,64,hunter,marksmanship,4,1,3
Nyloc,dalvengyr,64,hunter,marksmanship,4,1,3
Boyarsky,area-52,48,hunter,marksmanship,3,1,2
Killarth,quelthalas,48,hunter,marksmanship,3,1,2
Ahncheolsoo,tichondrius,42,hunter,marksmanship,11,2,9
Dapoosyx,tichondrius,31,hunter,marksmanship,2,1,1
Venerer,tichondrius,16,hunter,marksmanship,1,1,0
Suntail,dalaran,2208,hunter,survival,111,58,53
Saiiph,bleeding-hollow,2169,hunter,survival,144,74,70
Cëb,stormrage,2157,hunter,survival,168,84,84
Disciple,darkspear,2152,hunter,survival,74,43,31
Cadencex,stormrage,2131,hunter,survival,135,69,66
Buffmm,kelthuzad,2130,hunter,survival,90,46,44
Hotmuscleman,tichondrius,2127,hunter,survival,74,45,29
Malukaca,azralon,2121,hunter,survival,137,69,68
Capncams,emerald-dream,2120,hunter,survival,130,68,62
Missedmytrap,draenor,2109,hunter,survival,71,44,27
Aimbotmir,zuljin,2065,hunter,survival,74,35,39
Pridefulz,stormrage,2062,hunter,survival,170,85,85
Cndavyjones,akama,2057,hunter,survival,90,42,48
Gloomy,dark-iron,2054,hunter,survival,54,41,13
Legoelass,emerald-dream,2040,hunter,survival,191,105,86
Kansolly,tichondrius,2040,hunter,survival,105,54,51
Djtraphouse,stormrage,2013,hunter,survival,132,67,65
Ferex,tichondrius,2003,hunter,survival,63,39,24
Ungrella,malganis,2001,hunter,survival,81,44,37
Endsnear,stormrage,2000,hunter,survival,102,51,51
Wmsgs,tichondrius,1998,hunter,survival,201,99,102
Dijhoni,moon-guard,1996,hunter,survival,137,72,65
Noimnotokay,tichondrius,1992,hunter,survival,113,57,56
Maxiam,frostmourne,1989,hunter,survival,71,37,34
Nearly,wyrmrest-accord,1987,hunter,survival,79,40,39
Veyronnx,stormrage,1980,hunter,survival,108,62,46
Koupon,tichondrius,1979,hunter,survival,119,60,59
Dyucol,tichondrius,1971,hunter,survival,172,98,74
Hamslapper,shattered-hand,1971,hunter,survival,135,66,69
Bicmex,sargeras,1970,hunter,survival,42,29,13
Xyzv,tichondrius,1965,hunter,survival,81,41,40
Pokìmane,tichondrius,1961,hunter,survival,98,62,36
Galavant,frostmourne,1960,hunter,survival,98,52,46
Lèkïnhø,azralon,1953,hunter,survival,72,36,36
Aurelx,tichondrius,1950,hunter,survival,48,32,16
Foxyhood,ragnaros,1941,hunter,survival,125,67,58
Sikhunt,frostmourne,1939,hunter,survival,60,35,25
Ynoit,sargeras,1939,hunter,survival,94,49,45
Kubu,emerald-dream,1930,hunter,survival,109,68,41
Neverturtlex,tichondrius,1929,hunter,survival,42,24,18
Dirtysoap,sargeras,1918,hunter,survival,66,32,34
Dwx,bleeding-hollow,1911,hunter,survival,66,35,31
Leonilc,tichondrius,1907,hunter,survival,78,36,42
Fictìon,kelthuzad,1895,hunter,survival,58,32,26
Briggsx,sargeras,1894,hunter,survival,48,26,22
Töxic,dalaran,1889,hunter,survival,61,35,26
Møéÿsgïrîxø,tichondrius,1888,hunter,survival,31,20,11
Gabiña,tichondrius,1882,hunter,survival,243,123,120
Drasen,deathwing,1874,hunter,survival,54,30,24
Chimeralol,area-52,1873,hunter,survival,114,73,41
Bergy,thrall,1873,hunter,survival,54,30,24
Budika,ragnaros,1872,hunter,survival,30,23,7
Finito,bladefist,1872,hunter,survival,223,112,111
Queríde,emerald-dream,1871,hunter,survival,59,41,18
Kzmo,gnomeregan,1870,hunter,survival,30,23,7
Coggenda,sargeras,1866,hunter,survival,192,106,86
Jalinhabbei,azralon,1862,hunter,survival,53,28,25
Hwslol,tichondrius,1861,hunter,survival,136,71,65
Dirtysoap,tichondrius,1861,hunter,survival,63,31,32
Saltstream,tichondrius,1860,hunter,survival,114,53,61
Gvoo,tichondrius,1858,hunter,survival,36,28,8
Covlol,illidan,1857,hunter,survival,42,21,21
Runecrossbow,barthilas,1855,hunter,survival,162,79,83
Destrumz,zuljin,1855,hunter,survival,66,31,35
Tyjes,stormrage,1851,hunter,survival,75,41,34
Notnunca,tichondrius,1850,hunter,survival,60,33,27
Chiline,frostmourne,1849,hunter,survival,54,29,25
Truckrsaurus,tichondrius,1849,hunter,survival,105,56,49
Pathofsexile,tichondrius,1848,hunter,survival,164,84,80
Ikiteforfood,zuljin,1847,hunter,survival,32,20,12
Kelarcia,moon-guard,1846,hunter,survival,65,29,36
Pylorih,area-52,1842,hunter,survival,51,35,16
Neonjz,ragnaros,1841,hunter,survival,66,31,35
Raef,azralon,1838,hunter,survival,72,38,34
Ssds,sargeras,1834,hunter,survival,42,26,16
Foxwalk,nemesis,1834,hunter,survival,70,33,37
Queride,area-52,1833,hunter,survival,54,27,27
Stinkyfob,barthilas,1831,hunter,survival,48,27,21
Fizzleegear,area-52,1831,hunter,survival,189,92,97
Nishinos,tichondrius,1829,hunter,survival,273,139,134
Exhausted,blackrock,1829,hunter,survival,90,38,52
Sobit,tichondrius,1827,hunter,survival,36,23,13
Goonsh,tichondrius,1826,hunter,survival,48,32,16
Mlemily,stormrage,1826,hunter,survival,47,31,16
Effyh,emerald-dream,1825,hunter,survival,176,89,87
Bjornwald,thrall,1824,hunter,survival,410,214,196
Angrybow,ragnaros,1821,hunter,survival,36,25,11
Misogynistaf,tichondrius,1821,hunter,survival,40,22,18
Thoromel,wyrmrest-accord,1820,hunter,survival,66,33,33
Alphaqt,dethecus,1816,hunter,survival,48,27,21
Savagerko,illidan,1816,hunter,survival,75,42,33
Kisuke,khaz-modan,1815,hunter,survival,54,34,20
Trapula,tichondrius,1814,hunter,survival,84,46,38
Terapista,area-52,1813,hunter,survival,90,45,45
Axezul,tichondrius,1810,hunter,survival,78,45,33
Percival,firetree,1809,hunter,survival,42,22,20
Joón,moon-guard,1808,hunter,survival,43,26,17
Jagaerz,emerald-dream,1808,hunter,survival,42,23,19
Krømatik,tichondrius,1807,hunter,survival,42,23,19
Aaggros,sargeras,1807,hunter,survival,36,19,17
Adjusted,frostmourne,1802,hunter,survival,36,21,15
Ratonh,ragnaros,1801,hunter,survival,156,88,68
Huntmon,nemesis,1800,hunter,survival,48,31,17
Jîñßæçhïñæ,sargeras,1800,hunter,survival,66,29,37
Moroally,sargeras,1799,hunter,survival,42,25,17
Otii,tichondrius,1797,hunter,survival,156,71,85
Carnidon,area-52,1796,hunter,survival,193,97,96
Concur,frostmourne,1792,hunter,survival,126,65,61
Cadenxr,bleeding-hollow,1791,hunter,survival,32,21,11
Shootin,frostmourne,1790,hunter,survival,54,30,24
Hibyexo,illidan,1788,hunter,survival,42,27,15
Lawyerpbj,tichondrius,1788,hunter,survival,42,21,21
Mørødox,sargeras,1780,hunter,survival,24,19,5
Skàdii,tichondrius,1778,hunter,survival,115,63,52
Sartel,tichondrius,1778,hunter,survival,184,93,91
Leaku,illidan,1775,hunter,survival,52,34,18
Buffnac,tichondrius,1775,hunter,survival,54,25,29
Sniffler,barthilas,1772,hunter,survival,42,19,23
Éshen,illidan,1767,hunter,survival,89,45,44
Acres,emerald-dream,1765,hunter,survival,66,32,34
Robotwo,illidan,1763,hunter,survival,36,27,9
Sylvanne,sargeras,1762,hunter,survival,57,28,29
Pathed,azralon,1761,hunter,survival,54,31,23
Anisphia,tichondrius,1761,hunter,survival,239,127,112
Woriath,quelthalas,1761,hunter,survival,96,50,46
Sensator,barthilas,1753,hunter,survival,58,33,25
Vlf,tichondrius,1753,hunter,survival,60,30,30
Kensho,illidan,1735,hunter,survival,48,21,27
Henroyer,quelthalas,1733,hunter,survival,42,27,15
Lenacraft,frostmourne,1731,hunter,survival,48,28,20
Snowynightt,proudmoore,1731,hunter,survival,156,79,77
Caiodluffy,malganis,1729,hunter,survival,60,30,30
Peppancini,wyrmrest-accord,1725,hunter,survival,53,34,19
Vigon,stormrage,1725,hunter,survival,111,62,49
Wvwvwvwvwvww,stormrage,1721,hunter,survival,42,24,18
Róckzero,quelthalas,1714,hunter,survival,163,81,82
Stevemonday,stormrage,1711,hunter,survival,96,53,43
Yeahimsad,tichondrius,1709,hunter,survival,24,18,6
Blåker,bleeding-hollow,1709,hunter,survival,72,38,34
Douggigadome,illidan,1707,hunter,survival,30,18,12
Soyos,sargeras,1707,hunter,survival,116,64,52
Názzul,area-52,1705,hunter,survival,30,18,12
Partz,darkspear,1702,hunter,survival,56,35,21
Scytsbow,illidan,1700,hunter,survival,48,26,22
Samcro,rivendare,1700,hunter,survival,65,33,32
Poston,ragnaros,1700,hunter,survival,93,46,47
Toxarch,aggramar,1698,hunter,survival,48,26,22
Yip,moon-guard,1698,hunter,survival,39,20,19
Spinze,stormrage,1697,hunter,survival,35,23,12
Xtralitê,tichondrius,1696,hunter,survival,50,38,12
Bbaronsamedi,darkspear,1693,hunter,survival,51,27,24
Svhunt,frostmourne,1692,hunter,survival,32,18,14
Gnarwallz,stormrage,1691,hunter,survival,60,32,28
Henhøuse,illidan,1691,hunter,survival,48,24,24
Táká,quelthalas,1689,hunter,survival,60,38,22
Knewbee,emerald-dream,1689,hunter,survival,69,37,32
Noxtis,kiljaeden,1689,hunter,survival,36,18,18
Arrów,duskwood,1688,hunter,survival,36,18,18
Boogiemas,akama,1686,hunter,survival,30,20,10
Budgetben,stormrage,1682,hunter,survival,33,19,14
Grandpopjim,illidan,1678,hunter,survival,36,20,16
Shablagoosh,zuljin,1672,hunter,survival,45,23,22
Réxon,quelthalas,1672,hunter,survival,105,51,54
Arsk,ragnaros,1670,hunter,survival,45,19,26
Ingridaniela,aegwynn,1668,hunter,survival,30,20,10
Dju,stormrage,1665,hunter,survival,60,27,33
Crypy,illidan,1664,hunter,survival,48,24,24
Trapgodxo,moon-guard,1658,hunter,survival,27,19,8
Fleche,aggramar,1658,hunter,survival,30,20,10
Blackdevil,magtheridon,1656,hunter,survival,48,24,24
Focús,laughing-skull,1656,hunter,survival,48,20,28
Ganemdar,sargeras,1653,hunter,survival,57,22,35
Frêäkk,ragnaros,1649,hunter,survival,39,21,18
Ajacs,zuljin,1647,hunter,survival,35,24,11
Undien,area-52,1647,hunter,survival,60,35,25
Krøww,azralon,1642,hunter,survival,39,22,17
Reeiko,ragnaros,1641,hunter,survival,36,22,14
Yolloswag,tichondrius,1641,hunter,survival,96,54,42
Clawdio,ragnaros,1641,hunter,survival,114,60,54
Ryukotsu,tichondrius,1641,hunter,survival,49,24,25
Randël,nemesis,1639,hunter,survival,42,28,14
Bendotexe,stormrage,1638,hunter,survival,36,21,15
Asarden,jubeithos,1637,hunter,survival,60,35,25
Nandorius,proudmoore,1636,hunter,survival,66,33,33
Iyne,stormrage,1635,hunter,survival,36,23,13
Plainrain,tichondrius,1634,hunter,survival,30,18,12
Covloltrap,illidan,1633,hunter,survival,24,21,3
Vhelkan,senjin,1632,hunter,survival,42,26,16
Nimeer,tichondrius,1632,hunter,survival,82,45,37
Moartraps,zuljin,1631,hunter,survival,42,24,18
Dooper,malfurion,1628,hunter,survival,87,45,42
Nightarrows,area-52,1626,hunter,survival,41,24,17
Fälke,stormrage,1626,hunter,survival,42,23,19
Hazzeth,thrall,1625,hunter,survival,30,19,11
Bigbillx,tichondrius,1623,hunter,survival,30,17,13
Viòlenc,tichondrius,1621,hunter,survival,41,24,17
Skyland,tichondrius,1621,hunter,survival,60,32,28
Dazarrow,burning-blade,1621,hunter,survival,47,20,27
Køjo,emerald-dream,1620,hunter,survival,50,31,19
Mxabyycc,tichondrius,1619,hunter,survival,60,33,27
Emart,bloodhoof,1618,hunter,survival,45,21,24
Interleukin,frostwolf,1615,hunter,survival,220,118,102
Triplethreat,bleeding-hollow,1614,hunter,survival,89,48,41
Cuddlestomp,magtheridon,1614,hunter,survival,46,24,22
Kaitoo,tichondrius,1613,hunter,survival,59,32,27
Pivott,wyrmrest-accord,1612,hunter,survival,259,136,123
Mmx,whisperwind,1611,hunter,survival,67,40,27
Swordshot,moon-guard,1611,hunter,survival,109,55,54
Uhm,laughing-skull,1610,hunter,survival,100,56,44
Fkurrules,frostmourne,1608,hunter,survival,109,59,50
Haemøphilus,area-52,1606,hunter,survival,36,21,15
Cybella,darkspear,1606,hunter,survival,47,24,23
Killshøtß,tichondrius,1604,hunter,survival,102,51,51
Tøkÿöghøül,agamaggan,1603,hunter,survival,30,19,11
Nicochan,senjin,1603,hunter,survival,76,34,42
Schurk,illidan,1602,hunter,survival,120,64,56
Adobo,garona,1600,hunter,survival,30,21,9
Zakorai,thrall,1600,hunter,survival,146,85,61
Limpingspoon,kelthuzad,1600,hunter,survival,114,64,50
Imapacifist,barthilas,1600,hunter,survival,69,37,32
Rojpube,frostmourne,1596,hunter,survival,35,17,18
Apokryph,stormrage,1595,hunter,survival,94,65,29
Mckim,tichondrius,1595,hunter,survival,47,23,24
Kukulkan,haomarush,1592,hunter,survival,132,71,61
Stylebende,tichondrius,1588,hunter,survival,42,22,20
Noxickk,sargeras,1587,hunter,survival,30,19,11
Squeakerx,sargeras,1585,hunter,survival,29,19,10
Liekis,darkspear,1585,hunter,survival,66,27,39
Huntingjutsu,kelthuzad,1584,hunter,survival,47,30,17
Arazian,stormrage,1578,hunter,survival,52,29,23
Xtina,drakkari,1577,hunter,survival,71,40,31
Helïos,drakkari,1576,hunter,survival,42,23,19
Titanaxis,tichondrius,1575,hunter,survival,224,114,110
Bigiesmalls,moon-guard,1572,hunter,survival,54,28,26
Xebbec,sargeras,1571,hunter,survival,80,43,37
Shooting,sargeras,1570,hunter,survival,87,47,40
Drifting,bleeding-hollow,1569,hunter,survival,66,37,29
Warhog,wyrmrest-accord,1568,hunter,survival,67,35,32
Fabfilter,tichondrius,1564,hunter,survival,40,21,19
Xenonviper,bleeding-hollow,1564,hunter,survival,84,42,42
Vinnieone,kiljaeden,1561,hunter,survival,30,20,10
Ryohlin,sargeras,1561,hunter,survival,54,32,22
Mckennagrace,tichondrius,1558,hunter,survival,54,29,25
Lovethabeans,zangarmarsh,1556,hunter,survival,48,29,19
Huntranger,malganis,1555,hunter,survival,53,28,25
Ripsurvival,area-52,1554,hunter,survival,40,24,16
Lfg,bleeding-hollow,1553,hunter,survival,53,31,22
Hrywnn,azralon,1553,hunter,survival,218,117,101
Kimbaa,tichondrius,1553,hunter,survival,83,41,42
Huntasaurus,saurfang,1553,hunter,survival,66,32,34
Hildebald,moon-guard,1549,hunter,survival,64,37,27
Viólenc,tichondrius,1548,hunter,survival,36,18,18
Rimjobranger,bleeding-hollow,1545,hunter,survival,36,21,15
Demtings,dark-iron,1545,hunter,survival,50,21,29
Equilibrium,tol-barad,1544,hunter,survival,147,76,71
Krouno,ragnaros,1543,hunter,survival,36,18,18
Dephobius,azralon,1540,hunter,survival,71,37,34
Legalt,tichondrius,1539,hunter,survival,80,42,38
Opsi,ragnaros,1535,hunter,survival,58,27,31
Trapdaddyx,thrall,1534,hunter,survival,24,16,8
Garfieldbb,tichondrius,1531,hunter,survival,36,16,20
Viiu,sargeras,1528,hunter,survival,24,16,8
Arcobaleno,tichondrius,1528,hunter,survival,30,16,14
Arrowmatic,frostmourne,1527,hunter,survival,24,16,8
Exh,tichondrius,1527,hunter,survival,107,52,55
Berenal,moon-guard,1525,hunter,survival,162,77,85
Sativ,moknathal,1524,hunter,survival,54,27,27
Envoltorio,ragnaros,1521,hunter,survival,24,16,8
Dorkins,azralon,1521,hunter,survival,75,35,40
Meowtard,kaelthas,1520,hunter,survival,66,31,35
Brewster,burning-legion,1517,hunter,survival,30,16,14
Ronnïn,proudmoore,1517,hunter,survival,42,21,21
Lyler,tichondrius,1514,hunter,survival,40,23,17
Met,dentarg,1514,hunter,survival,50,24,26
Trap,vashj,1512,hunter,survival,36,21,15
Ceejaee,tichondrius,1511,hunter,survival,66,31,35
Awârz,drakkari,1510,hunter,survival,32,20,12
Mateko,amanthul,1510,hunter,survival,74,35,39
Huntardadoo,nemesis,1509,hunter,survival,33,17,16
Jubulba,frostwolf,1502,hunter,survival,24,16,8
Kurnos,hyjal,1500,hunter,survival,40,24,16
Spromix,ragnaros,1500,hunter,survival,42,23,19
Pfizershot,tichondrius,1496,hunter,survival,54,28,26
Fâmôûs,tichondrius,1495,hunter,survival,36,19,17
Tharoks,tichondrius,1495,hunter,survival,60,30,30
Dogwoöd,emerald-dream,1488,hunter,survival,30,16,14
Kekkww,hyjal,1486,hunter,survival,40,17,23
Woeisyou,stormrage,1484,hunter,survival,48,23,25
Darkèlfo,azralon,1483,hunter,survival,64,39,25
Rooman,ragnaros,1477,hunter,survival,48,24,24
Nussyo,tichondrius,1474,hunter,survival,30,17,13
Elmoon,zuljin,1474,hunter,survival,36,18,18
Civvo,dalaran,1472,hunter,survival,81,42,39
Rúdrá,area-52,1468,hunter,survival,145,76,69
Eliandriss,quelthalas,1468,hunter,survival,70,33,37
Liñcoln,sargeras,1467,hunter,survival,34,18,16
Altarare,ragnaros,1467,hunter,survival,279,135,144
Wharble,illidan,1465,hunter,survival,42,22,20
Gadorim,kelthuzad,1465,hunter,survival,115,54,61
Ogamì,aegwynn,1463,hunter,survival,40,27,13
Darkvicious,area-52,1459,hunter,survival,30,16,14
Alby,deathwing,1459,hunter,survival,67,33,34
Kaawhii,stormrage,1457,hunter,survival,24,18,6
Kyoü,drakkari,1457,hunter,survival,64,41,23
Dversive,nagrand,1452,hunter,survival,33,18,15
Shadeckz,stormrage,1451,hunter,survival,80,36,44
Volkr,bleeding-hollow,1450,hunter,survival,102,51,51
Gilæd,kelthuzad,1446,hunter,survival,29,16,13
Platonium,stormrage,1445,hunter,survival,44,27,17
Shtealo,ragnaros,1443,hunter,survival,60,31,29
Core,gorefiend,1442,hunter,survival,45,21,24
Hunterdemond,ragnaros,1439,hunter,survival,95,47,48
Seanpennis,barthilas,1437,hunter,survival,24,15,9
Fallacies,moon-guard,1437,hunter,survival,200,104,96
Yiyixx,tichondrius,1437,hunter,survival,30,15,15
Saelym,arthas,1433,hunter,survival,30,15,15
Jarhar,nesingwary,1432,hunter,survival,96,44,52
Toozz,frostmourne,1431,hunter,survival,24,15,9
Raiku,aggramar,1427,hunter,survival,36,17,19
Dudemanyeah,black-dragonflight,1426,hunter,survival,112,54,58
Kula,haomarush,1424,hunter,survival,52,24,28
Offensive,dragonmaw,1422,hunter,survival,37,19,18
Grizzlydeath,stormrage,1421,hunter,survival,54,33,21
Henesis,sargeras,1421,hunter,survival,54,28,26
Shinhyez,tichondrius,1419,hunter,survival,30,15,15
Soulwarden,haomarush,1417,hunter,survival,36,17,19
Zizzo,eonar,1415,hunter,survival,42,23,19
Exxonerous,sargeras,1414,hunter,survival,72,37,35
Krimzus,hyjal,1414,hunter,survival,71,35,36
Audiofly,tichondrius,1413,hunter,survival,109,60,49
Mayamia,ragnaros,1413,hunter,survival,54,24,30
Fangtreason,sargeras,1412,hunter,survival,30,16,14
Ivansotes,quelthalas,1409,hunter,survival,39,18,21
Prv,stormrage,1407,hunter,survival,24,15,9
Tejodite,thrall,1407,hunter,survival,42,20,22
Weedhoof,barthilas,1406,hunter,survival,66,36,30
Evilfury,tichondrius,1406,hunter,survival,184,90,94
Aniraza,ragnaros,1404,hunter,survival,33,18,15
Htniss,tichondrius,1401,hunter,survival,60,28,32
Darkarrow,hyjal,1399,hunter,survival,55,30,25
Rayuwa,azralon,1398,hunter,survival,85,42,43
Tuohnosaj,sargeras,1398,hunter,survival,90,40,50
Quepop,demon-soul,1396,hunter,survival,36,21,15
Pdg,ragnaros,1396,hunter,survival,60,33,27
Kenjipoo,tichondrius,1395,hunter,survival,30,15,15
Gildthorn,frostmourne,1394,hunter,survival,60,31,29
Hawkethorn,moon-guard,1388,hunter,survival,92,42,50
Zänich,tichondrius,1387,hunter,survival,36,18,18
Nigthunt,quelthalas,1385,hunter,survival,53,27,26
Toross,stormscale,1379,hunter,survival,73,29,44
Bolognã,tichondrius,1378,hunter,survival,29,15,14
Jawbreakër,tichondrius,1377,hunter,survival,50,23,27
Hankjr,thunderlord,1369,hunter,survival,108,63,45
Killconfirm,sargeras,1369,hunter,survival,59,24,35
Fìebs,queldorei,1368,hunter,survival,53,25,28
Vilguz,illidan,1365,hunter,survival,77,35,42
Navagee,tichondrius,1364,hunter,survival,47,25,22
Ophois,lightbringer,1364,hunter,survival,38,16,22
Gichiwalrus,emerald-dream,1362,hunter,survival,72,40,32
Sukr,korgath,1361,hunter,survival,87,40,47
Wetpeach,frostmourne,1357,hunter,survival,58,29,29
Luckboy,tichondrius,1356,hunter,survival,142,71,71
Shytshot,dalaran,1351,hunter,survival,61,28,33
Gunka,illidan,1349,hunter,survival,35,17,18
Dreebizz,gorefiend,1348,hunter,survival,80,38,42
Lavo,borean-tundra,1348,hunter,survival,37,16,21
Xfo,bleeding-hollow,1346,hunter,survival,42,25,17
Lamerpvp,tichondrius,1343,hunter,survival,18,14,4
Ickstab,illidan,1342,hunter,survival,18,14,4
Figurinet,sargeras,1342,hunter,survival,24,15,9
Tumerok,barthilas,1342,hunter,survival,24,14,10
Animityx,illidan,1340,hunter,survival,39,18,21
Champjones,senjin,1339,hunter,survival,24,14,10
Wingclippin,stormrage,1338,hunter,survival,24,16,8
Jollycraze,spirestone,1337,hunter,survival,18,14,4
Stepzback,malganis,1337,hunter,survival,24,14,10
Zêrø,moon-guard,1336,hunter,survival,18,14,4
Vanthel,ragnaros,1336,hunter,survival,79,39,40
Rirand,dalaran,1336,hunter,survival,59,27,32
Åpe,illidan,1334,hunter,survival,24,14,10
Clinteastwoo,ragnaros,1334,hunter,survival,30,14,16
Thalrae,quelthalas,1334,hunter,survival,48,22,26
Bowzørx,tichondrius,1331,hunter,survival,30,14,16
Pedropete,barthilas,1331,hunter,survival,36,14,22
Bigsexi,kiljaeden,1329,hunter,survival,62,27,35
Inheart,khazgoroth,1328,hunter,survival,48,19,29
Viró,sargeras,1325,hunter,survival,27,15,12
Freebeë,area-52,1320,hunter,survival,30,14,16
Taiberianrex,khazgoroth,1317,hunter,survival,48,28,20
Buggyhuntz,stormrage,1317,hunter,survival,42,16,26
Carnosynn,sargeras,1315,hunter,survival,24,14,10
Cocobread,stormreaver,1315,hunter,survival,102,43,59
Nippoc,aerie-peak,1314,hunter,survival,18,14,4
Chiad,kargath,1313,hunter,survival,36,22,14
Ryonel,moon-guard,1313,hunter,survival,167,81,86
Mypeach,frostmourne,1310,hunter,survival,66,33,33
Xuxoo,nemesis,1307,hunter,survival,24,14,10
Draban,stormrage,1305,hunter,survival,30,14,16
Zorht,ragnaros,1301,hunter,survival,206,103,103
Extremis,emerald-dream,1301,hunter,survival,78,37,41
Bredys,quelthalas,1295,hunter,survival,42,15,27
Hovahdo,proudmoore,1287,hunter,survival,35,14,21
Rogaldornn,thrall,1280,hunter,survival,47,23,24
Lashga,wyrmrest-accord,1279,hunter,survival,45,17,28
Ajira,stormrage,1277,hunter,survival,30,14,16
Vongard,wyrmrest-accord,1277,hunter,survival,52,24,28
Orgpopeyes,illidan,1275,hunter,survival,37,15,22
Nanotorque,moon-guard,1273,hunter,survival,84,44,40
Lorethor,kaelthas,1270,hunter,survival,36,15,21
Gxswow,tichondrius,1268,hunter,survival,66,30,36
Seratoninx,malganis,1267,hunter,survival,29,14,15
Vhan,azralon,1266,hunter,survival,81,42,39
Cvelian,tichondrius,1263,hunter,survival,54,19,35
Ghuntcassh,quelthalas,1262,hunter,survival,30,18,12
Rykbad,area-52,1257,hunter,survival,36,20,16
Riivali,quelthalas,1254,hunter,survival,48,21,27
Félíx,ragnaros,1251,hunter,survival,42,16,26
Fancyox,frostmourne,1247,hunter,survival,18,13,5
Honorola,twisting-nether,1247,hunter,survival,18,13,5
Tinsho,drakkari,1247,hunter,survival,66,34,32
Duckpow,frostmourne,1247,hunter,survival,60,24,36
Hawkem,illidan,1246,hunter,survival,24,13,11
Maran,chogall,1245,hunter,survival,18,13,5
Bicflop,azralon,1241,hunter,survival,18,13,5
Ganderion,sargeras,1240,hunter,survival,27,14,13
Nowê,azralon,1239,hunter,survival,36,15,21
Ariädne,sargeras,1239,hunter,survival,72,27,45
Mokuraak,emerald-dream,1236,hunter,survival,30,17,13
Crongar,magtheridon,1234,hunter,survival,24,13,11
Ropivacaine,illidan,1232,hunter,survival,30,13,17
Sealteamrick,frostmourne,1231,hunter,survival,30,15,15
Azx,tichondrius,1230,hunter,survival,30,13,17
Daymanaahh,malfurion,1225,hunter,survival,48,23,25
Nucleosome,stormrage,1219,hunter,survival,24,13,11
Skriill,tichondrius,1211,hunter,survival,60,26,34
Cufless,proudmoore,1204,hunter,survival,36,13,23
Arkeryn,azralon,1203,hunter,survival,18,13,5
Firesail,kelthuzad,1199,hunter,survival,79,36,43
Wartoz,dragonblight,1190,hunter,survival,59,40,19
Rairin,tichondrius,1190,hunter,survival,47,20,27
Bangerzx,stormrage,1185,hunter,survival,24,13,11
Rensv,frostmourne,1183,hunter,survival,42,22,20
Wìllòw,khazgoroth,1174,hunter,survival,42,14,28
Spitballa,emerald-dream,1170,hunter,survival,35,14,21
Allahakbar,ragnaros,1169,hunter,survival,36,15,21
Gruì,malganis,1168,hunter,survival,26,13,13
Kukulkán,muradin,1164,hunter,survival,28,13,15
Trapordie,stormrage,1162,hunter,survival,30,13,17
Banai,the-underbog,1161,hunter,survival,67,26,41
Gigabigly,wyrmrest-accord,1152,hunter,survival,18,12,6
Broskina,stormrage,1150,hunter,survival,24,12,12
Drunknachos,bleeding-hollow,1150,hunter,survival,24,12,12
Violenc,tichondrius,1150,hunter,survival,24,12,12
Laralodge,stormrage,1150,hunter,survival,78,32,46
Crimsoncoast,tichondrius,1149,hunter,survival,18,12,6
Barnbougle,sargeras,1149,hunter,survival,24,12,12
Imbrokenlol,kiljaeden,1148,hunter,survival,30,12,18
Giraffetrap,zuljin,1147,hunter,survival,18,12,6
Rhyzen,drenden,1146,hunter,survival,18,12,6
Pablita,drakkari,1140,hunter,survival,18,12,6
Leftty,illidan,1140,hunter,survival,30,12,18
Arcos,emerald-dream,1138,hunter,survival,18,12,6
Xitara,stormrage,1137,hunter,survival,24,12,12
Chopsley,feathermoon,1136,hunter,survival,71,30,41
Vansatih,azralon,1133,hunter,survival,106,59,47
Ligerjin,ragnaros,1122,hunter,survival,30,12,18
Natsai,illidan,1121,hunter,survival,33,13,20
Eastera,tichondrius,1119,hunter,survival,68,30,38
Eithelleta,frostmourne,1119,hunter,survival,74,31,43
Rayhuntard,tichondrius,1115,hunter,survival,23,12,11
Expskippy,darkspear,1114,hunter,survival,49,30,19
Jésús,dalaran,1104,hunter,survival,21,12,9
Kimchishotxo,tichondrius,1103,hunter,survival,23,12,11
Chicall,kalecgos,1096,hunter,survival,31,13,18
Eskii,moon-guard,1079,hunter,survival,18,12,6
Lesseneth,aegwynn,1072,hunter,survival,48,20,28
Kaïmsael,kelthuzad,1071,hunter,survival,83,48,35
Zhafiro,drakkari,1067,hunter,survival,36,21,15
Scythedom,tichondrius,1056,hunter,survival,18,11,7
Cptx,kelthuzad,1056,hunter,survival,18,11,7
Nevertraps,frostmourne,1055,hunter,survival,18,11,7
Lovevv,frostmourne,1055,hunter,survival,18,11,7
Ïkite,zuljin,1055,hunter,survival,18,11,7
Plsbepatient,wyrmrest-accord,1054,hunter,survival,18,11,7
Shakeasaurus,sargeras,1054,hunter,survival,24,11,13
Sagadegêmeos,stormrage,1053,hunter,survival,18,11,7
Reignwolf,nemesis,1053,hunter,survival,18,11,7
Jaw,hakkar,1053,hunter,survival,18,11,7
Thoriden,amanthul,1051,hunter,survival,54,14,40
Aheefeog,proudmoore,1050,hunter,survival,21,12,9
Jyñ,malganis,1050,hunter,survival,24,11,13
Pokeahuntasz,frostmourne,1045,hunter,survival,18,11,7
Bubblesh,whisperwind,1044,hunter,survival,18,11,7
Panm,runetotem,1034,hunter,survival,27,12,15
Akigga,arthas,1033,hunter,survival,18,11,7
Kalgorn,emerald-dream,1030,hunter,survival,28,13,15
Fisthammer,frostmane,995,hunter,survival,24,13,11
Arucedd,frostmourne,994,hunter,survival,27,15,12
Luangg,tichondrius,989,hunter,survival,20,11,9
Lucarcher,stormrage,988,hunter,survival,17,11,6
Thrandrial,smolderthorn,985,hunter,survival,20,11,9
Hellrayserr,azralon,970,hunter,survival,24,11,13
Virindi,barthilas,960,hunter,survival,12,10,2
Sbgrv,dalaran,960,hunter,survival,18,10,8
Covlolzz,illidan,960,hunter,survival,24,10,14
Zipzyo,tichondrius,960,hunter,survival,24,10,14
Corpo,area-52,960,hunter,survival,24,10,14
Snipin,ragnaros,960,hunter,survival,30,10,20
Kêdokî,sargeras,959,hunter,survival,12,10,2
Ifoxs,bleeding-hollow,959,hunter,survival,18,10,8
Rickybobby,warsong,959,hunter,survival,18,10,8
Anêmos,ragnaros,959,hunter,survival,18,10,8
Egurl,firetree,959,hunter,survival,18,10,8
Piñg,tichondrius,959,hunter,survival,18,10,8
Zizilio,kelthuzad,959,hunter,survival,18,10,8
Tyleraq,area-52,959,hunter,survival,18,10,8
Venoc,bleeding-hollow,959,hunter,survival,24,10,14
Downer,antonidas,958,hunter,survival,24,10,14
Kimchimaster,tichondrius,958,hunter,survival,26,10,16
Fanikita,azralon,957,hunter,survival,15,11,4
Wouow,tichondrius,957,hunter,survival,18,10,8
Snoopinator,malganis,957,hunter,survival,30,10,20
Daréz,blackrock,956,hunter,survival,16,11,5
Rukkora,deathwing,951,hunter,survival,60,25,35
Syvarris,medivh,943,hunter,survival,17,10,7
Tempistworg,greymane,931,hunter,survival,70,33,37
Khaoskills,thunderlord,926,hunter,survival,49,26,23
Survïvalïst,bleeding-hollow,911,hunter,survival,17,10,7
Dirtypolee,bleeding-hollow,909,hunter,survival,23,10,13
Narakara,stormreaver,896,hunter,survival,17,10,7
Prêd,malganis,895,hunter,survival,16,10,6
Crapshot,daggerspine,885,hunter,survival,33,10,23
Weedzy,tichondrius,864,hunter,survival,12,9,3
Puffcopeak,illidan,864,hunter,survival,12,9,3
Hunterguyy,tichondrius,864,hunter,survival,12,9,3
Jaywaz,tichondrius,864,hunter,survival,12,9,3
Unicom,malganis,864,hunter,survival,12,9,3
Tigglyjits,tichondrius,864,hunter,survival,12,9,3
Alansho,tichondrius,864,hunter,survival,18,9,9
Survchris,bleeding-hollow,864,hunter,survival,18,9,9
Desari,thunderhorn,864,hunter,survival,18,9,9
Wingclipt,stormrage,864,hunter,survival,23,9,14
Ordius,azralon,864,hunter,survival,24,9,15
Sharkzooka,illidan,864,hunter,survival,24,9,15
Scottmeyers,proudmoore,864,hunter,survival,24,9,15
Twodoobies,ghostlands,863,hunter,survival,18,9,9
Arigon,frostmane,863,hunter,survival,18,9,9
Sarvaxagar,tichondrius,863,hunter,survival,18,9,9
Serpantsting,moon-guard,863,hunter,survival,18,9,9
Riram,stormrage,863,hunter,survival,18,9,9
Daspx,nagrand,863,hunter,survival,18,9,9
Landscape,kiljaeden,863,hunter,survival,24,9,15
Keenai,moon-guard,862,hunter,survival,12,9,3
Lovoo,sargeras,862,hunter,survival,12,9,3
Contrack,zuljin,862,hunter,survival,19,10,9
Vietnrg,doomhammer,862,hunter,survival,18,9,9
Vulkru,azralon,862,hunter,survival,18,9,9
Deerhunt,black-dragonflight,862,hunter,survival,18,9,9
Lasagnadaddy,maiev,862,hunter,survival,18,9,9
Packlead,sargeras,861,hunter,survival,18,9,9
Éygon,sargeras,860,hunter,survival,24,9,15
Zotahunterx,ragnaros,859,hunter,survival,24,9,15
Mabaku,tichondrius,858,hunter,survival,12,9,3
Obsididan,aerie-peak,855,hunter,survival,24,9,15
Prettysure,nesingwary,851,hunter,survival,25,12,13
Lisbboax,stormrage,844,hunter,survival,27,11,16
Shukucingjr,illidan,842,hunter,survival,18,9,9
Blaymorrd,senjin,839,hunter,survival,18,9,9
Defiance,rexxar,831,hunter,survival,16,9,7
Gairkill,area-52,831,hunter,survival,98,50,48
Jaykwan,boulderfist,829,hunter,survival,17,9,8
Elccid,tichondrius,768,hunter,survival,12,8,4
Iizerd,illidan,768,hunter,survival,12,8,4
Ðfac,moon-guard,768,hunter,survival,12,8,4
Eain,wyrmrest-accord,768,hunter,survival,12,8,4
Árröw,arygos,768,hunter,survival,12,8,4
Yøske,tichondrius,768,hunter,survival,12,8,4
Noguns,tichondrius,768,hunter,survival,12,8,4
Anooß,tichondrius,768,hunter,survival,15,9,6
Fineye,illidan,768,hunter,survival,14,8,6
Maxlol,stormrage,768,hunter,survival,18,8,10
Nautílus,ragnaros,768,hunter,survival,18,8,10
Buttercocoa,kelthuzad,768,hunter,survival,18,8,10
Diddycombe,stormrage,768,hunter,survival,18,8,10
Michaeljfox,area-52,768,hunter,survival,18,8,10
Kimssis,tichondrius,768,hunter,survival,18,8,10
Madival,ragnaros,768,hunter,survival,18,8,10
Eref,sargeras,768,hunter,survival,24,8,16
Deejwithabow,frostmourne,767,hunter,survival,12,8,4
Soukken,ragnaros,767,hunter,survival,18,8,10
Korasaya,area-52,767,hunter,survival,18,8,10
Rummaker,mugthol,767,hunter,survival,18,8,10
Trixster,lethon,767,hunter,survival,18,8,10
Brissy,sargeras,767,hunter,survival,18,8,10
Wakkå,mugthol,767,hunter,survival,21,9,12
Soberish,bleeding-hollow,767,hunter,survival,24,8,16
Mmchode,zuljin,767,hunter,survival,24,8,16
Chokemescara,stormrage,767,hunter,survival,30,8,22
Greyh,madoran,766,hunter,survival,12,8,4
Hunfor,anubarak,766,hunter,survival,18,8,10
Sarqis,lightbringer,766,hunter,survival,18,8,10
Segulah,dalaran,766,hunter,survival,18,8,10
Ariran,illidan,766,hunter,survival,18,8,10
Lohse,emerald-dream,765,hunter,survival,18,8,10
Jathriel,zuljin,765,hunter,survival,18,8,10
Loochlin,sargeras,765,hunter,survival,21,8,13
Sterge,maiev,764,hunter,survival,18,8,10
Haumer,wyrmrest-accord,763,hunter,survival,12,8,4
Emiri,dalaran,763,hunter,survival,24,8,16
Travail,illidan,760,hunter,survival,12,8,4
Querosushi,ragnaros,760,hunter,survival,18,8,10
Gaahl,aggramar,735,hunter,survival,14,9,5
Iraxium,illidan,735,hunter,survival,14,9,5
Thrakgor,wyrmrest-accord,713,hunter,survival,23,10,13
Mookvader,illidan,712,hunter,survival,21,9,12
Superiorkill,arathor,686,hunter,survival,13,8,5
Turkshot,area-52,686,hunter,survival,19,8,11
Tsuka,eldrethalas,672,hunter,survival,12,7,5
Trenbolone,frostmourne,672,hunter,survival,12,7,5
Equalizér,sargeras,672,hunter,survival,12,7,5
Jamesön,sargeras,672,hunter,survival,12,7,5
Bowowner,aggramar,672,hunter,survival,12,7,5
Endxworld,tichondrius,672,hunter,survival,12,7,5
Vânillaice,stormrage,672,hunter,survival,12,7,5
Arraza,ragnaros,672,hunter,survival,12,7,5
Zouzu,area-52,672,hunter,survival,12,7,5
Pfheign,area-52,672,hunter,survival,12,7,5
Huntbay,destromath,672,hunter,survival,12,7,5
Bonquiesha,area-52,672,hunter,survival,12,7,5
Glediator,tichondrius,672,hunter,survival,12,7,5
Joree,medivh,672,hunter,survival,12,7,5
Negligent,sargeras,672,hunter,survival,12,7,5
Ozzsimp,stormrage,672,hunter,survival,12,7,5
Oronir,frostmourne,672,hunter,survival,12,7,5
Onécare,bleeding-hollow,672,hunter,survival,12,7,5
Mattyhuntz,tichondrius,672,hunter,survival,12,7,5
Magvez,tichondrius,672,hunter,survival,12,7,5
Fannypacks,dragonmaw,672,hunter,survival,12,7,5
Greyhollow,sargeras,672,hunter,survival,15,8,7
Rvn,kelthuzad,672,hunter,survival,18,7,11
Trumpmerica,illidan,672,hunter,survival,18,7,11
Porrainga,auchindoun,672,hunter,survival,18,7,11
Bombbot,zuljin,672,hunter,survival,18,7,11
Meowimadog,spinebreaker,672,hunter,survival,18,7,11
Ziaxel,bleeding-hollow,671,hunter,survival,12,7,5
Otternaught,tichondrius,671,hunter,survival,12,7,5
Genocell,thunderlord,671,hunter,survival,12,7,5
Gaezangsu,tichondrius,671,hunter,survival,24,7,17
Wrathofexwif,proudmoore,670,hunter,survival,12,7,5
Turquesaa,wyrmrest-accord,670,hunter,survival,12,7,5
Catboikilla,altar-of-storms,639,hunter,survival,17,7,10
Cagooggo,moon-guard,638,hunter,survival,16,7,9
Rotthem,ragnaros,638,hunter,survival,20,8,12
Trappin,malganis,623,hunter,survival,11,7,4
Lartrius,bleeding-hollow,621,hunter,survival,15,8,7
Arrebol,tichondrius,608,hunter,survival,16,7,9
Primez,sargeras,607,hunter,survival,11,7,4
Crissy,crushridge,606,hunter,survival,14,7,7
Odynshowl,stormrage,605,hunter,survival,11,7,4
Ÿöskë,tichondrius,576,hunter,survival,6,6,0
Ðevil,ragnaros,576,hunter,survival,6,6,0
Garkia,hyjal,576,hunter,survival,6,6,0
Drees,nerzhul,576,hunter,survival,6,6,0
Ivanjackenov,illidan,576,hunter,survival,10,7,3
Yoske,tichondrius,576,hunter,survival,12,6,6
Zugfeito,nemesis,576,hunter,survival,12,6,6
Wezkerh,ragnaros,576,hunter,survival,12,6,6
Amhavgun,tichondrius,576,hunter,survival,12,6,6
Kelx,azralon,576,hunter,survival,12,6,6
Traponomics,stormrage,576,hunter,survival,12,6,6
Nedad,tichondrius,576,hunter,survival,12,6,6
Drupert,tichondrius,576,hunter,survival,12,6,6
Tazsic,mannoroth,576,hunter,survival,12,6,6
Mctrapturds,tichondrius,576,hunter,survival,12,6,6
Mythfive,stormrage,576,hunter,survival,12,6,6
Chootyboi,bronzebeard,576,hunter,survival,12,6,6
Walterwhite,trollbane,576,hunter,survival,12,6,6
Cosmodome,daggerspine,576,hunter,survival,12,6,6
Zerark,kelthuzad,576,hunter,survival,13,6,7
Lahinch,darkspear,576,hunter,survival,21,7,14
Pilesofpoop,sargeras,576,hunter,survival,18,6,12
Chetvi,uldum,576,hunter,survival,18,6,12
Jerza,emerald-dream,575,hunter,survival,12,6,6
Xeiana,proudmoore,575,hunter,survival,12,6,6
Dgs,nemesis,575,hunter,survival,12,6,6
Bôwbafett,sargeras,575,hunter,survival,12,6,6
Týrak,illidan,575,hunter,survival,12,6,6
Dfnhdft,stormrage,575,hunter,survival,12,6,6
Zepplin,medivh,575,hunter,survival,12,6,6
Vortann,proudmoore,575,hunter,survival,18,6,12
Javlinz,thrall,574,hunter,survival,16,7,9
Berzxd,stormrage,573,hunter,survival,12,6,6
Bushytails,illidan,573,hunter,survival,18,6,12
Gelter,stormrage,543,hunter,survival,11,6,5
Tyrokk,barthilas,543,hunter,survival,18,6,12
Thesniperx,sargeras,528,hunter,survival,15,6,9
Dräkö,tichondrius,527,hunter,survival,15,7,8
Kovoth,darkspear,526,hunter,survival,15,6,9
Showtheio,azralon,522,hunter,survival,16,7,9
Lawafla,area-52,521,hunter,survival,14,7,7
Raeshots,area-52,518,hunter,survival,21,8,13
Pxry,drenden,511,hunter,survival,11,6,5
Madhuntter,azralon,480,hunter,survival,6,5,1
Joeexotíc,moknathal,480,hunter,survival,6,5,1
Jäger,zuljin,480,hunter,survival,6,5,1
Jonah,sargeras,480,hunter,survival,6,5,1
Kanta,bleeding-hollow,480,hunter,survival,6,5,1
Poorapple,tichondrius,480,hunter,survival,6,5,1
Tmzsteezy,tichondrius,480,hunter,survival,6,5,1
Selenis,khadgar,480,hunter,survival,6,5,1
Grimbrew,garona,480,hunter,survival,6,5,1
Gufanyaun,tichondrius,480,hunter,survival,6,5,1
Ewife,illidan,480,hunter,survival,6,5,1
Fiftyyddash,tichondrius,480,hunter,survival,6,5,1
Narukín,tichondrius,480,hunter,survival,6,5,1
Casadega,sargeras,480,hunter,survival,10,6,4
Sniperælite,korgath,480,hunter,survival,12,5,7
Igotloud,illidan,480,hunter,survival,12,5,7
Firskin,frostmourne,480,hunter,survival,12,5,7
Cuervostreet,ragnaros,480,hunter,survival,12,5,7
Cefirhok,ragnaros,480,hunter,survival,12,5,7
Droj,stormrage,480,hunter,survival,12,5,7
Minxed,sargeras,480,hunter,survival,12,5,7
Mambothehunt,stormrage,480,hunter,survival,12,5,7
Slimshadie,kiljaeden,480,hunter,survival,12,5,7
Glockin,zuljin,480,hunter,survival,12,5,7
Bastÿ,area-52,480,hunter,survival,12,5,7
Jumpkick,azralon,480,hunter,survival,12,5,7
Downrange,stonemaul,480,hunter,survival,12,5,7
Luckione,destromath,480,hunter,survival,12,5,7
Mìtáng,moon-guard,480,hunter,survival,12,5,7
Goromi,tichondrius,480,hunter,survival,12,5,7
Adroi,tichondrius,480,hunter,survival,12,5,7
Veluci,tichondrius,480,hunter,survival,12,5,7
Thiccita,tichondrius,480,hunter,survival,12,5,7
Shootnoscore,vashj,480,hunter,survival,15,6,9
Ashtron,trollbane,480,hunter,survival,18,5,13
Hatespark,bonechewer,479,hunter,survival,6,5,1
Mcgoob,tichondrius,479,hunter,survival,12,5,7
Villainshunt,stormrage,479,hunter,survival,12,5,7
Laurett,ragnaros,479,hunter,survival,12,5,7
Belvhar,skullcrusher,479,hunter,survival,12,5,7
Pastelitoz,tichondrius,479,hunter,survival,21,6,15
Calvarîam,korgath,479,hunter,survival,18,5,13
Sitalces,ragnaros,474,hunter,survival,12,5,7
Légölás,tichondrius,463,hunter,survival,17,5,12
Crumpit,moon-guard,426,hunter,survival,22,6,16
Cinnybunz,malganis,415,hunter,survival,16,6,10
Rinehart,dalaran,415,hunter,survival,14,5,9
Pulso,illidan,384,hunter,survival,6,4,2
Chasseür,quelthalas,384,hunter,survival,6,4,2
Pouncedgg,sargeras,384,hunter,survival,6,4,2
Ikitefordmt,zuljin,384,hunter,survival,6,4,2
Trapful,illidan,384,hunter,survival,6,4,2
Litchi,illidan,384,hunter,survival,6,4,2
Zyzzmirin,illidan,384,hunter,survival,6,4,2
Kapukapu,illidan,384,hunter,survival,6,4,2
Ratherbully,tichondrius,384,hunter,survival,6,4,2
Ethxx,emerald-dream,384,hunter,survival,6,4,2
Huntardxo,moon-guard,384,hunter,survival,6,4,2
Malkuri,medivh,384,hunter,survival,6,4,2
Gluegobbler,spinebreaker,384,hunter,survival,6,4,2
Thalyxion,moon-guard,384,hunter,survival,6,4,2
Suyesh,tichondrius,384,hunter,survival,6,4,2
Petstun,moon-guard,384,hunter,survival,6,4,2
Wapnonymous,mugthol,384,hunter,survival,6,4,2
Hunterlolxd,altar-of-storms,384,hunter,survival,6,4,2
Jigua,stormrage,384,hunter,survival,6,4,2
Bigpets,azralon,384,hunter,survival,6,4,2
Ehhee,twisting-nether,384,hunter,survival,6,4,2
Junglefever,skywall,384,hunter,survival,6,4,2
Vindication,ysera,384,hunter,survival,6,4,2
Keelif,arthas,384,hunter,survival,6,4,2
Thefanbus,tichondrius,384,hunter,survival,6,4,2
Aurelqt,tichondrius,384,hunter,survival,6,4,2
Pumpkinovo,tichondrius,384,hunter,survival,6,4,2
Elcap,tichondrius,384,hunter,survival,6,4,2
Alfaan,moon-guard,384,hunter,survival,6,4,2
Darkshady,tichondrius,384,hunter,survival,6,4,2
Bendoon,sargeras,384,hunter,survival,6,4,2
Nastoid,area-52,384,hunter,survival,6,4,2
Volbz,barthilas,384,hunter,survival,6,4,2
Mihall,tichondrius,384,hunter,survival,6,4,2
Ofthedeath,ragnaros,384,hunter,survival,6,4,2
Tenzën,drakkari,384,hunter,survival,6,4,2
Gaymonbarnet,sargeras,384,hunter,survival,6,4,2
Failtrap,ragnaros,384,hunter,survival,6,4,2
Shootypie,hyjal,384,hunter,survival,6,4,2
Virgim,kelthuzad,384,hunter,survival,6,4,2
Swagprince,skullcrusher,384,hunter,survival,6,4,2
Boomseed,nagrand,384,hunter,survival,6,4,2
Æßç,ragnaros,384,hunter,survival,6,4,2
Mameikilled,saurfang,384,hunter,survival,6,4,2
Rankonee,area-52,384,hunter,survival,6,4,2
Hyena,kelthuzad,384,hunter,survival,9,5,4
Braindeadorc,illidan,384,hunter,survival,12,4,8
Camfeed,illidan,384,hunter,survival,12,4,8
Blizhunt,thunderlord,384,hunter,survival,12,4,8
Oatmeallover,stormrage,384,hunter,survival,12,4,8
Golorn,malganis,384,hunter,survival,12,4,8
Fâpple,stormrage,384,hunter,survival,12,4,8
Ganash,gallywix,384,hunter,survival,12,4,8
Aeht,illidan,384,hunter,survival,12,4,8
Àngèl,malganis,384,hunter,survival,12,4,8
Keenz,frostmourne,384,hunter,survival,12,4,8
Goonlmao,hyjal,384,hunter,survival,12,4,8
Stupidgodx,tichondrius,384,hunter,survival,12,4,8
Wkx,tichondrius,384,hunter,survival,12,4,8
Gunicks,illidan,384,hunter,survival,12,4,8
Wolfsok,norgannon,384,hunter,survival,12,4,8
Eforas,ragnaros,384,hunter,survival,12,4,8
Malikyr,moon-guard,384,hunter,survival,12,4,8
Bambii,fizzcrank,384,hunter,survival,12,4,8
Troglav,drakkari,384,hunter,survival,12,4,8
Cakeislife,kelthuzad,384,hunter,survival,18,4,14
Onehitrip,illidan,383,hunter,survival,6,4,2
Tydee,nagrand,383,hunter,survival,18,4,14
Violénc,tichondrius,330,hunter,survival,22,5,17
Acidhunt,tichondrius,320,hunter,survival,16,4,12
Adamariss,stormrage,319,hunter,survival,16,4,12
Skolfongoun,malfurion,318,hunter,survival,14,4,10
Twom,area-52,288,hunter,survival,6,3,3
Rustyspork,muradin,288,hunter,survival,6,3,3
Slaughterr,kelthuzad,288,hunter,survival,6,3,3
Goodtimez,sargeras,288,hunter,survival,6,3,3
Samsin,sargeras,288,hunter,survival,6,3,3
Giorvannar,ragnaros,288,hunter,survival,6,3,3
Slowdamage,ragnaros,288,hunter,survival,6,3,3
Pistolon,quelthalas,288,hunter,survival,6,3,3
Petkd,frostmourne,288,hunter,survival,6,3,3
Embaçado,bleeding-hollow,288,hunter,survival,6,3,3
Loogan,sargeras,288,hunter,survival,6,3,3
Hackerman,tichondrius,288,hunter,survival,6,3,3
Mistrj,frostmourne,288,hunter,survival,6,3,3
Soul,sargeras,288,hunter,survival,6,3,3
Dirtymongrel,barthilas,288,hunter,survival,6,3,3
Trapmasterx,tichondrius,288,hunter,survival,6,3,3
Yoppa,zuljin,288,hunter,survival,6,3,3
Wooftoof,frostmourne,288,hunter,survival,6,3,3
Slowhunterr,tichondrius,288,hunter,survival,6,3,3
Hazzersk,ragnaros,288,hunter,survival,6,3,3
Makeastinky,malfurion,288,hunter,survival,6,3,3
Cantantie,tichondrius,288,hunter,survival,6,3,3
Pridefulzjr,stormrage,288,hunter,survival,6,3,3
Antø,tichondrius,288,hunter,survival,6,3,3
Whitemàne,dalaran,288,hunter,survival,6,3,3
Griefs,malganis,288,hunter,survival,6,3,3
Gorgrokk,area-52,288,hunter,survival,6,3,3
Badseedz,kargath,288,hunter,survival,6,3,3
Furipoon,stormrage,288,hunter,survival,6,3,3
Killswitches,dragonmaw,288,hunter,survival,6,3,3
Moistbooger,emerald-dream,288,hunter,survival,6,3,3
Fearna,destromath,288,hunter,survival,6,3,3
Shootdogg,mannoroth,288,hunter,survival,6,3,3
Rûff,azralon,288,hunter,survival,6,3,3
Calidian,moon-guard,288,hunter,survival,6,3,3
Ünitedi,nemesis,288,hunter,survival,6,3,3
Vaz,haomarush,288,hunter,survival,6,3,3
Spårrow,alleria,288,hunter,survival,6,3,3
Zà,sargeras,288,hunter,survival,6,3,3
Lemmetrap,illidan,288,hunter,survival,6,3,3
Lowlore,moon-guard,288,hunter,survival,6,3,3
Trapirl,tichondrius,288,hunter,survival,6,3,3
Seiber,quelthalas,288,hunter,survival,6,3,3
Guncontrol,malganis,288,hunter,survival,6,3,3
Gutshott,tichondrius,288,hunter,survival,12,3,9
Dartoo,ragnaros,288,hunter,survival,12,3,9
Daxar,ragnaros,288,hunter,survival,12,3,9
Krispyflayz,sargeras,288,hunter,survival,12,3,9
Kalibah,azralon,288,hunter,survival,12,3,9
Kharñe,tichondrius,288,hunter,survival,12,3,9
Pooshot,kelthuzad,288,hunter,survival,12,3,9
Lixniqua,tichondrius,288,hunter,survival,12,3,9
Wildhùnt,tichondrius,288,hunter,survival,12,3,9
Kowabungy,tichondrius,288,hunter,survival,12,3,9
Iol,blades-edge,288,hunter,survival,12,3,9
Aiyanafox,moon-guard,288,hunter,survival,12,3,9
Runecbow,eonar,288,hunter,survival,12,3,9
Vizkha,azralon,287,hunter,survival,6,3,3
Waylòn,moon-guard,287,hunter,survival,12,3,9
Mokaonly,wildhammer,256,hunter,survival,8,4,4
Yogurtti,zuljin,239,hunter,survival,5,3,2
Crèpes,bleeding-hollow,239,hunter,survival,5,3,2
Moscato,cenarion-circle,232,hunter,survival,14,4,10
Cumman,sargeras,208,hunter,survival,7,3,4
Rifomen,illidan,192,hunter,survival,9,3,6
Gaim,dalaran,192,hunter,survival,6,2,4
Harposmash,trollbane,192,hunter,survival,6,2,4
Razzldazzlbb,thrall,192,hunter,survival,6,2,4
Pedropete,frostmourne,192,hunter,survival,6,2,4
Sebastian,blackhand,192,hunter,survival,6,2,4
Trígger,azshara,192,hunter,survival,6,2,4
Xoxono,frostmourne,192,hunter,survival,6,2,4
Nahzah,stormrage,192,hunter,survival,6,2,4
Pint,madoran,192,hunter,survival,6,2,4
Eekbarbadrkl,frostmourne,192,hunter,survival,6,2,4
Achilles,twisting-nether,192,hunter,survival,6,2,4
ßn,zuljin,192,hunter,survival,6,2,4
Sharpster,zuljin,192,hunter,survival,6,2,4
Gunudown,haomarush,192,hunter,survival,6,2,4
Zirstorm,altar-of-storms,192,hunter,survival,6,2,4
Gobygobbs,magtheridon,192,hunter,survival,6,2,4
Rimbar,ysera,192,hunter,survival,6,2,4
Cernos,malganis,192,hunter,survival,6,2,4
Heãdhunter,area-52,192,hunter,survival,6,2,4
Zackèse,area-52,192,hunter,survival,6,2,4
Femboyfatale,stormrage,192,hunter,survival,6,2,4
Rainzs,stormrage,192,hunter,survival,6,2,4
Shaftgravy,area-52,192,hunter,survival,6,2,4
Splewsh,area-52,192,hunter,survival,6,2,4
Kharvaash,onyxia,192,hunter,survival,6,2,4
Zèd,azralon,192,hunter,survival,6,2,4
Ishotmydog,malganis,192,hunter,survival,6,2,4
Gswag,malganis,192,hunter,survival,6,2,4
Kravern,ragnaros,192,hunter,survival,6,2,4
Shïndow,ragnaros,192,hunter,survival,6,2,4
Comebacks,ragnaros,192,hunter,survival,6,2,4
Cio,fizzcrank,192,hunter,survival,6,2,4
Eclipsie,aerie-peak,192,hunter,survival,6,2,4
Sunchea,arygos,192,hunter,survival,6,2,4
Giovasper,sargeras,192,hunter,survival,6,2,4
Qua,perenolde,192,hunter,survival,6,2,4
Slipox,sargeras,192,hunter,survival,6,2,4
Cynya,wyrmrest-accord,192,hunter,survival,6,2,4
Viio,sargeras,192,hunter,survival,6,2,4
Zellor,wyrmrest-accord,192,hunter,survival,6,2,4
Blackjesu,blackrock,192,hunter,survival,6,2,4
Dikkins,windrunner,192,hunter,survival,6,2,4
Oattes,daggerspine,192,hunter,survival,6,2,4
Bboo,bonechewer,192,hunter,survival,6,2,4
Gomrog,gurubashi,192,hunter,survival,6,2,4
Traptations,sargeras,192,hunter,survival,6,2,4
Toruhagakure,tichondrius,192,hunter,survival,6,2,4
Dobuu,tichondrius,192,hunter,survival,6,2,4
Woobinman,tichondrius,192,hunter,survival,6,2,4
Côckblocked,tichondrius,192,hunter,survival,6,2,4
Nelandris,tichondrius,192,hunter,survival,6,2,4
Ælij,tichondrius,192,hunter,survival,6,2,4
Clampula,sargeras,192,hunter,survival,6,2,4
Imraghorn,sargeras,192,hunter,survival,6,2,4
Lenyuecf,proudmoore,192,hunter,survival,6,2,4
Mukbangbj,terenas,192,hunter,survival,6,2,4
Araghrn,draktharon,192,hunter,survival,6,2,4
Spizsnipes,malganis,192,hunter,survival,6,2,4
Mirdous,moon-guard,192,hunter,survival,6,2,4
Zerkie,area-52,192,hunter,survival,6,2,4
Thazen,sargeras,192,hunter,survival,6,2,4
Raythør,area-52,192,hunter,survival,12,2,10
Kaldrool,frostmourne,192,hunter,survival,12,2,10
Linova,stormrage,192,hunter,survival,12,2,10
Skrìms,tichondrius,192,hunter,survival,12,2,10
Zhona,moon-guard,192,hunter,survival,12,2,10
Yukisong,bleeding-hollow,192,hunter,survival,12,2,10
Triggers,ghostlands,192,hunter,survival,12,2,10
Xradû,dawnbringer,138,hunter,survival,9,3,6
Morganson,moon-guard,138,hunter,survival,22,4,18
Bránn,quelthalas,128,hunter,survival,4,2,2
Drunkbunny,tichondrius,121,hunter,survival,16,5,11
Whitecake,area-52,96,hunter,survival,3,2,1
Fenrock,cenarius,96,hunter,survival,3,2,1
Skybourne,nemesis,96,hunter,survival,6,1,5
Critz,undermine,96,hunter,survival,6,1,5
Esser,mannoroth,96,hunter,survival,6,1,5
Lammy,bleeding-hollow,96,hunter,survival,6,1,5
Feignqt,illidan,96,hunter,survival,6,1,5
Elroyjetson,arthas,96,hunter,survival,6,1,5
Floorislava,durotan,96,hunter,survival,6,1,5
Tezlekhan,haomarush,96,hunter,survival,6,1,5
Kdik,azralon,96,hunter,survival,6,1,5
Taofang,emerald-dream,96,hunter,survival,6,1,5
Kölhberg,azralon,96,hunter,survival,6,1,5
Survbot,malganis,96,hunter,survival,6,1,5
Killerxzxz,stormrage,96,hunter,survival,6,1,5
Alorick,ragnaros,96,hunter,survival,6,1,5
Symz,ragnaros,96,hunter,survival,6,1,5
Jîlt,aerie-peak,96,hunter,survival,6,1,5
Shottz,aerie-peak,96,hunter,survival,6,1,5
Sobala,azralon,96,hunter,survival,6,1,5
Weegnomie,wyrmrest-accord,96,hunter,survival,6,1,5
Lance,darrowmere,96,hunter,survival,6,1,5
Fearlesarrow,suramar,96,hunter,survival,6,1,5
Legosshi,darrowmere,96,hunter,survival,6,1,5
Berkhof,tichondrius,96,hunter,survival,6,1,5
Dusle,azralon,96,hunter,survival,6,1,5
Caliente,tichondrius,96,hunter,survival,6,1,5
Bloodarrow,tichondrius,96,hunter,survival,6,1,5
Terrabytés,kelthuzad,96,hunter,survival,6,1,5
Nevertraps,tichondrius,96,hunter,survival,6,1,5
Feorbxl,proudmoore,96,hunter,survival,6,1,5
Kissmylin,tichondrius,96,hunter,survival,6,1,5
Montakka,illidan,79,hunter,survival,5,1,4
Therealpafo,tichondrius,31,hunter,survival,8,1,7
Hurrican,kaelthas,16,hunter,survival,1,1,0
Saiiph,bleeding-hollow,2274,hunter,beastmastery,136,76,60
Sphericsnow,shuhalo,2210,hunter,beastmastery,95,51,44
Missedmytrap,agamaggan,2149,hunter,beastmastery,80,46,34
Zujo,emerald-dream,2134,hunter,beastmastery,173,89,84
Ucl,tichondrius,2125,hunter,beastmastery,90,45,45
Eref,sargeras,2116,hunter,beastmastery,78,42,36
Wmsgs,tichondrius,2116,hunter,beastmastery,129,64,65
Traptations,sargeras,2114,hunter,beastmastery,90,43,47
Warpath,ursin,2113,hunter,beastmastery,138,76,62
Studiosx,tichondrius,2105,hunter,beastmastery,88,46,42
Pokìmane,tichondrius,2084,hunter,beastmastery,158,91,67
Maiyev,quelthalas,2074,hunter,beastmastery,95,52,43
Fish,darkspear,2070,hunter,beastmastery,90,45,45
Hfn,stormrage,2058,hunter,beastmastery,70,37,33
Pãrzival,tichondrius,2042,hunter,beastmastery,60,30,30
Manyu,tichondrius,2035,hunter,beastmastery,69,34,35
Trapandclap,tichondrius,2034,hunter,beastmastery,107,54,53
Orber,stormrage,2028,hunter,beastmastery,290,153,137
Hazzersk,ragnaros,2023,hunter,beastmastery,161,78,83
Antø,tichondrius,1997,hunter,beastmastery,135,66,69
Genom,tichondrius,1996,hunter,beastmastery,342,175,167
Cannondale,tichondrius,1993,hunter,beastmastery,42,21,21
Trapful,illidan,1992,hunter,beastmastery,96,49,47
Øverdose,ragnaros,1989,hunter,beastmastery,60,31,29
Beastmunster,frostmourne,1984,hunter,beastmastery,72,34,38
Pikabow,tichondrius,1968,hunter,beastmastery,57,31,26
Outz,anvilmar,1965,hunter,beastmastery,365,183,182
Arcobaleno,tichondrius,1952,hunter,beastmastery,89,44,45
Arsk,ragnaros,1934,hunter,beastmastery,136,70,66
Trappxy,sargeras,1932,hunter,beastmastery,84,44,40
Blackathena,tichondrius,1931,hunter,beastmastery,150,77,73
Vëëv,proudmoore,1926,hunter,beastmastery,107,55,52
Zugbrained,illidan,1925,hunter,beastmastery,142,78,64
Headshotzplz,tichondrius,1924,hunter,beastmastery,71,39,32
Lenacraft,frostmourne,1917,hunter,beastmastery,66,41,25
Wodhunterxdd,sargeras,1915,hunter,beastmastery,70,34,36
Kensho,illidan,1914,hunter,beastmastery,178,89,89
Benay,emerald-dream,1904,hunter,beastmastery,84,49,35
Veevx,proudmoore,1890,hunter,beastmastery,77,50,27
Nyxus,tichondrius,1887,hunter,beastmastery,125,63,62
Fxsb,tichondrius,1886,hunter,beastmastery,116,58,58
Lamerpvp,tichondrius,1885,hunter,beastmastery,50,31,19
Axlee,tichondrius,1885,hunter,beastmastery,297,144,153
Perawantua,frostmourne,1878,hunter,beastmastery,61,35,26
Carlitocool,tichondrius,1877,hunter,beastmastery,36,28,8
Mugiwara,frostwolf,1877,hunter,beastmastery,42,25,17
Zeddead,magtheridon,1874,hunter,beastmastery,172,87,85
Argryta,azralon,1872,hunter,beastmastery,47,22,25
Graar,tichondrius,1871,hunter,beastmastery,48,25,23
Taterballs,illidan,1871,hunter,beastmastery,84,43,41
Notvn,illidan,1869,hunter,beastmastery,53,29,24
Ciany,elune,1869,hunter,beastmastery,119,64,55
Twopumphunt,tichondrius,1868,hunter,beastmastery,36,23,13
Lilstinstin,tichondrius,1867,hunter,beastmastery,42,23,19
Dekestei,bleeding-hollow,1867,hunter,beastmastery,65,27,38
Kenshaunter,azralon,1864,hunter,beastmastery,71,31,40
Hogx,sargeras,1862,hunter,beastmastery,72,32,40
Edarkness,gurubashi,1860,hunter,beastmastery,133,65,68
Nelay,ragnaros,1857,hunter,beastmastery,106,59,47
Koridelse,nemesis,1854,hunter,beastmastery,126,62,64
Faniquitinha,stormrage,1854,hunter,beastmastery,54,25,29
Easonl,tichondrius,1853,hunter,beastmastery,157,72,85
Ñotorious,frostmane,1852,hunter,beastmastery,53,27,26
Cashisabeast,zuljin,1851,hunter,beastmastery,46,25,21
Nutellacrepe,kelthuzad,1851,hunter,beastmastery,200,101,99
Nollzey,frostmourne,1847,hunter,beastmastery,45,22,23
Bolanite,illidan,1846,hunter,beastmastery,48,27,21
Bogen,nemesis,1846,hunter,beastmastery,82,44,38
Skysmile,tichondrius,1845,hunter,beastmastery,60,34,26
Karumä,thrall,1845,hunter,beastmastery,66,31,35
Inktray,durotan,1844,hunter,beastmastery,37,22,15
Ðeatheater,tichondrius,1843,hunter,beastmastery,41,21,20
Skywvlker,illidan,1843,hunter,beastmastery,82,40,42
Aqq,moon-guard,1842,hunter,beastmastery,98,58,40
Monffbe,tichondrius,1842,hunter,beastmastery,60,28,32
Auwstin,tichondrius,1837,hunter,beastmastery,55,31,24
Bowrockobama,illidan,1836,hunter,beastmastery,75,40,35
Ârtæmïs,stormrage,1835,hunter,beastmastery,48,24,24
Sxra,area-52,1834,hunter,beastmastery,58,32,26
Mørodox,sargeras,1834,hunter,beastmastery,54,24,30
Rëxx,moon-guard,1833,hunter,beastmastery,103,62,41
Hollymarie,nazjatar,1832,hunter,beastmastery,48,31,17
Mhter,tichondrius,1831,hunter,beastmastery,73,34,39
Absinther,emerald-dream,1829,hunter,beastmastery,66,41,25
Lkw,tichondrius,1829,hunter,beastmastery,80,37,43
Nerfthepet,blackrock,1828,hunter,beastmastery,66,42,24
Dju,stormrage,1828,hunter,beastmastery,95,51,44
Playnogames,moon-guard,1828,hunter,beastmastery,42,21,21
Oromia,proudmoore,1828,hunter,beastmastery,60,29,31
Tyleraq,area-52,1827,hunter,beastmastery,41,24,17
Negãn,tichondrius,1826,hunter,beastmastery,80,41,39
Sosaho,sargeras,1825,hunter,beastmastery,41,21,20
Sniperælite,korgath,1824,hunter,beastmastery,55,32,23
Phatshiet,anvilmar,1823,hunter,beastmastery,50,31,19
Jeffersan,illidan,1823,hunter,beastmastery,149,72,77
Zumago,tichondrius,1823,hunter,beastmastery,118,54,64
Zefbaby,quelthalas,1822,hunter,beastmastery,66,31,35
Somethinggo,tichondrius,1821,hunter,beastmastery,162,79,83
Tyreu,tichondrius,1820,hunter,beastmastery,59,30,29
Torolol,tichondrius,1819,hunter,beastmastery,126,73,53
Grimrokk,malganis,1819,hunter,beastmastery,78,40,38
Phayzd,sargeras,1818,hunter,beastmastery,66,34,32
Scuffedshots,tichondrius,1817,hunter,beastmastery,74,43,31
Yucca,drenden,1816,hunter,beastmastery,42,23,19
Flitt,zuljin,1815,hunter,beastmastery,36,19,17
Audeline,tichondrius,1815,hunter,beastmastery,69,33,36
Comebacks,ragnaros,1814,hunter,beastmastery,72,41,31
Goonsh,tichondrius,1813,hunter,beastmastery,40,25,15
Asukaw,barthilas,1813,hunter,beastmastery,57,28,29
Mythxplosive,ragnaros,1813,hunter,beastmastery,73,32,41
Drektorath,bleeding-hollow,1812,hunter,beastmastery,66,34,32
Logjohn,frostmourne,1811,hunter,beastmastery,40,20,20
Survchris,bleeding-hollow,1811,hunter,beastmastery,94,43,51
Kybelís,dalaran,1810,hunter,beastmastery,110,61,49
Hogd,sargeras,1810,hunter,beastmastery,54,26,28
Robinhooz,illidan,1807,hunter,beastmastery,187,102,85
Wilmaßallfit,malganis,1807,hunter,beastmastery,65,29,36
Lilprimary,tichondrius,1806,hunter,beastmastery,48,23,25
Swang,kiljaeden,1805,hunter,beastmastery,49,24,25
Sobewan,staghelm,1805,hunter,beastmastery,92,42,50
Kytan,shadowmoon,1804,hunter,beastmastery,168,82,86
Sarutobi,black-dragonflight,1804,hunter,beastmastery,66,29,37
Bustyredhead,kelthuzad,1804,hunter,beastmastery,89,39,50
Shot,shuhalo,1802,hunter,beastmastery,30,24,6
Kabalaku,moon-guard,1802,hunter,beastmastery,130,72,58
Warcher,azralon,1802,hunter,beastmastery,60,32,28
Hg,illidan,1800,hunter,beastmastery,38,25,13
Kangarookyle,illidan,1800,hunter,beastmastery,96,58,38
Shafttrapper,queldorei,1800,hunter,beastmastery,119,64,55
Funkyjunk,arthas,1800,hunter,beastmastery,72,35,37
Tânsøxøxø,tichondrius,1797,hunter,beastmastery,48,19,29
Songhammer,tichondrius,1790,hunter,beastmastery,88,49,39
Cuchulláin,area-52,1787,hunter,beastmastery,138,73,65
Vox,tichondrius,1784,hunter,beastmastery,42,27,15
Wickyz,malganis,1783,hunter,beastmastery,36,19,17
Pathofsexile,tichondrius,1783,hunter,beastmastery,93,43,50
Xgoh,sargeras,1782,hunter,beastmastery,42,22,20
Lenalena,tichondrius,1779,hunter,beastmastery,101,53,48
Ashenga,cairne,1779,hunter,beastmastery,175,90,85
Liarael,illidan,1779,hunter,beastmastery,95,46,49
Hunterphil,hyjal,1777,hunter,beastmastery,66,39,27
Mckim,tichondrius,1775,hunter,beastmastery,48,28,20
Tyrokk,barthilas,1774,hunter,beastmastery,66,33,33
Kyló,sargeras,1774,hunter,beastmastery,54,26,28
Quietqt,ragnaros,1770,hunter,beastmastery,106,54,52
Savagerko,illidan,1770,hunter,beastmastery,63,29,34
Tytonic,bleeding-hollow,1765,hunter,beastmastery,54,28,26
Vonkrieg,tichondrius,1764,hunter,beastmastery,41,25,16
Perffect,sargeras,1763,hunter,beastmastery,57,24,33
Infinit,onyxia,1761,hunter,beastmastery,76,33,43
Geeshot,area-52,1755,hunter,beastmastery,60,26,34
Tracershot,malganis,1754,hunter,beastmastery,83,49,34
Survivalists,kelthuzad,1752,hunter,beastmastery,36,24,12
Datbigbowdoe,illidan,1752,hunter,beastmastery,36,23,13
Nflmaster,malganis,1752,hunter,beastmastery,48,25,23
Tembaktytyd,barthilas,1751,hunter,beastmastery,49,24,25
Fockewulf,dragonmaw,1750,hunter,beastmastery,90,40,50
Airpodpro,emerald-dream,1747,hunter,beastmastery,36,21,15
Lrnb,tichondrius,1745,hunter,beastmastery,45,24,21
Wodhunterxdd,tichondrius,1743,hunter,beastmastery,26,19,7
Zå,dalaran,1742,hunter,beastmastery,69,35,34
Madbéê,tichondrius,1741,hunter,beastmastery,41,19,22
Puffcopeak,illidan,1740,hunter,beastmastery,60,36,24
Austelos,moon-guard,1738,hunter,beastmastery,83,44,39
Flanzo,illidan,1738,hunter,beastmastery,53,27,26
Livelovelaff,tichondrius,1736,hunter,beastmastery,48,26,22
Deathtomyfoe,sargeras,1735,hunter,beastmastery,54,21,33
Pineapplees,tichondrius,1733,hunter,beastmastery,54,29,25
Åspect,aegwynn,1732,hunter,beastmastery,53,28,25
Dahmer,greymane,1732,hunter,beastmastery,62,29,33
Spizsnipes,malganis,1730,hunter,beastmastery,60,29,31
Melov,frostmourne,1730,hunter,beastmastery,64,30,34
Kidao,emerald-dream,1729,hunter,beastmastery,54,30,24
Xonios,frostwolf,1727,hunter,beastmastery,84,43,41
Krunkz,frostmourne,1724,hunter,beastmastery,53,33,20
Ðfac,moon-guard,1724,hunter,beastmastery,84,42,42
Turtlegirl,tichondrius,1724,hunter,beastmastery,41,20,21
Reparcero,quelthalas,1723,hunter,beastmastery,42,20,22
Bootydoo,illidan,1721,hunter,beastmastery,130,67,63
Gumbro,malganis,1716,hunter,beastmastery,108,63,45
Kenji,sargeras,1716,hunter,beastmastery,80,40,40
Twixzorz,boulderfist,1716,hunter,beastmastery,60,28,32
Lucki,blades-edge,1715,hunter,beastmastery,60,34,26
Acres,emerald-dream,1714,hunter,beastmastery,27,19,8
Çute,moon-guard,1714,hunter,beastmastery,48,29,19
Mikey,exodar,1714,hunter,beastmastery,151,87,64
Warrccjr,steamwheedle-cartel,1714,hunter,beastmastery,47,21,26
Ryûkø,quelthalas,1712,hunter,beastmastery,84,41,43
Revalay,emerald-dream,1711,hunter,beastmastery,54,32,22
Petmanx,tichondrius,1711,hunter,beastmastery,84,48,36
Edelyysa,arthas,1711,hunter,beastmastery,180,89,91
Squeekin,sargeras,1709,hunter,beastmastery,33,26,7
Shablagoosh,zuljin,1706,hunter,beastmastery,37,25,12
Sbplayshunt,akama,1706,hunter,beastmastery,48,19,29
Xorian,frostmourne,1705,hunter,beastmastery,36,18,18
Ipickmynose,tichondrius,1702,hunter,beastmastery,53,33,20
Zemphoths,eredar,1702,hunter,beastmastery,75,34,41
Hyjax,darkspear,1701,hunter,beastmastery,43,26,17
Snowmnz,tichondrius,1701,hunter,beastmastery,53,30,23
Raymose,tichondrius,1701,hunter,beastmastery,64,30,34
Killshøtß,tichondrius,1701,hunter,beastmastery,65,30,35
Fatalshots,bonechewer,1699,hunter,beastmastery,42,24,18
Pepepls,proudmoore,1699,hunter,beastmastery,72,38,34
Wodunaz,stormrage,1698,hunter,beastmastery,71,45,26
Jfkd,sargeras,1694,hunter,beastmastery,52,21,31
Nobito,quelthalas,1691,hunter,beastmastery,153,82,71
Diegoshotz,zuljin,1689,hunter,beastmastery,46,23,23
Shadowfangs,tichondrius,1689,hunter,beastmastery,66,31,35
Sniper,area-52,1688,hunter,beastmastery,146,71,75
Hxnry,barthilas,1686,hunter,beastmastery,30,18,12
Cresselia,drakkari,1686,hunter,beastmastery,53,29,24
Fabbs,frostmourne,1686,hunter,beastmastery,52,26,26
Kenpachie,jubeithos,1684,hunter,beastmastery,29,20,9
Assbow,kiljaeden,1683,hunter,beastmastery,48,25,23
Dirtymongrel,barthilas,1683,hunter,beastmastery,78,40,38
Smullik,wyrmrest-accord,1683,hunter,beastmastery,102,46,56
Lilskill,lightnings-blade,1682,hunter,beastmastery,30,18,12
Shyck,ragnaros,1681,hunter,beastmastery,48,27,21
Asynic,blades-edge,1681,hunter,beastmastery,75,37,38
Kapukapu,illidan,1679,hunter,beastmastery,30,18,12
Mukbangbj,terenas,1679,hunter,beastmastery,90,49,41
Mojopotato,stormrage,1679,hunter,beastmastery,71,35,36
Silverbite,garona,1678,hunter,beastmastery,92,51,41
Shootnskoot,icecrown,1677,hunter,beastmastery,30,20,10
Shootiepie,hyjal,1677,hunter,beastmastery,30,19,11
Coopshot,darkspear,1675,hunter,beastmastery,69,40,29
Saiiphz,bleeding-hollow,1675,hunter,beastmastery,40,22,18
Tuân,azgalor,1674,hunter,beastmastery,36,23,13
Alaurys,moon-guard,1674,hunter,beastmastery,35,18,17
Nalasdottirh,moon-guard,1673,hunter,beastmastery,48,27,21
Facerolled,area-52,1671,hunter,beastmastery,87,51,36
Sissleto,tichondrius,1667,hunter,beastmastery,347,172,175
Koalahunter,area-52,1667,hunter,beastmastery,76,31,45
Junglefever,skywall,1664,hunter,beastmastery,34,20,14
Mortalz,barthilas,1663,hunter,beastmastery,208,108,100
Spídër,maiev,1663,hunter,beastmastery,50,25,25
Hokutoxx,tichondrius,1663,hunter,beastmastery,61,25,36
Yughii,stormrage,1662,hunter,beastmastery,42,20,22
Fanikita,azralon,1662,hunter,beastmastery,63,26,37
Pinêapplê,bleeding-hollow,1661,hunter,beastmastery,36,23,13
Thtswap,moon-guard,1661,hunter,beastmastery,48,30,18
Bicas,emerald-dream,1661,hunter,beastmastery,66,33,33
Cw,gorefiend,1660,hunter,beastmastery,36,20,16
Sasorï,nemesis,1659,hunter,beastmastery,30,19,11
Dj,arygos,1658,hunter,beastmastery,36,21,15
Dpdóugh,illidan,1658,hunter,beastmastery,112,59,53
Pkkfantasy,archimonde,1658,hunter,beastmastery,70,36,34
Illsugoi,frostwolf,1657,hunter,beastmastery,141,70,71
Showmakerc,proudmoore,1656,hunter,beastmastery,77,35,42
Gufanyaun,tichondrius,1654,hunter,beastmastery,34,18,16
Beasting,moon-guard,1653,hunter,beastmastery,48,28,20
Rndx,sargeras,1653,hunter,beastmastery,46,20,26
Sylviai,hyjal,1652,hunter,beastmastery,77,40,37
Kwinoah,zuljin,1652,hunter,beastmastery,174,84,90
Odb,kelthuzad,1650,hunter,beastmastery,48,20,28
Ñðñdêsçrípt,frostmourne,1648,hunter,beastmastery,99,54,45
Eastwood,tichondrius,1648,hunter,beastmastery,92,41,51
Rcman,tichondrius,1647,hunter,beastmastery,54,41,13
Camhaanes,area-52,1646,hunter,beastmastery,119,67,52
Urzoth,tichondrius,1644,hunter,beastmastery,54,35,19
Trapordíe,tichondrius,1644,hunter,beastmastery,42,23,19
Mauklindaufe,fenris,1644,hunter,beastmastery,85,43,42
Mlemily,stormrage,1643,hunter,beastmastery,63,36,27
Cachín,ragnaros,1642,hunter,beastmastery,54,26,28
Icecaffemoca,tichondrius,1641,hunter,beastmastery,56,25,31
Razor,destromath,1640,hunter,beastmastery,60,28,32
Andalora,malganis,1638,hunter,beastmastery,67,30,37
Publicpooper,tichondrius,1637,hunter,beastmastery,36,21,15
Elad,tichondrius,1637,hunter,beastmastery,72,41,31
Energiser,stormrage,1637,hunter,beastmastery,58,29,29
Dreygar,dawnbringer,1636,hunter,beastmastery,111,58,53
Mcclintock,executus,1636,hunter,beastmastery,41,21,20
Drakarth,khazgoroth,1635,hunter,beastmastery,47,22,25
Kahll,azralon,1634,hunter,beastmastery,54,24,30
Montano,area-52,1633,hunter,beastmastery,32,22,10
Damadar,tichondrius,1632,hunter,beastmastery,42,19,23
Airhunt,thrall,1632,hunter,beastmastery,42,19,23
Bowreckage,malganis,1630,hunter,beastmastery,215,101,114
Axxll,tichondrius,1629,hunter,beastmastery,55,25,30
Cocoapuffs,cenarius,1627,hunter,beastmastery,36,17,19
Onemoreshot,bleeding-hollow,1626,hunter,beastmastery,84,44,40
Layloww,thrall,1626,hunter,beastmastery,36,18,18
Kushaddict,lightnings-blade,1625,hunter,beastmastery,174,79,95
Liadrelle,proudmoore,1624,hunter,beastmastery,57,24,33
Whitecake,area-52,1623,hunter,beastmastery,40,25,15
Grimbrew,garona,1623,hunter,beastmastery,41,24,17
Svsnipe,tichondrius,1623,hunter,beastmastery,58,33,25
Casperonni,illidan,1623,hunter,beastmastery,102,54,48
Fernn,illidan,1623,hunter,beastmastery,148,69,79
Illweedx,kiljaeden,1623,hunter,beastmastery,101,42,59
Shootsb,tichondrius,1623,hunter,beastmastery,58,24,34
Phiyuh,stormrage,1622,hunter,beastmastery,61,36,25
Zakalla,malganis,1622,hunter,beastmastery,62,33,29
Trickshotss,illidan,1621,hunter,beastmastery,106,63,43
Metrallon,black-dragonflight,1621,hunter,beastmastery,53,29,24
Beastkets,area-52,1621,hunter,beastmastery,48,25,23
Brokiînn,aegwynn,1619,hunter,beastmastery,129,67,62
Consanguin,sargeras,1618,hunter,beastmastery,36,22,14
Rürü,illidan,1618,hunter,beastmastery,40,21,19
Darkoshuntar,tichondrius,1617,hunter,beastmastery,30,17,13
Montakka,illidan,1617,hunter,beastmastery,54,28,26
Sambucca,daggerspine,1617,hunter,beastmastery,42,21,21
Oblivîon,illidan,1616,hunter,beastmastery,59,38,21
Huntinpuss,tichondrius,1616,hunter,beastmastery,32,18,14
Terpa,nemesis,1616,hunter,beastmastery,161,83,78
Telånnas,illidan,1616,hunter,beastmastery,42,21,21
Skytrooper,boulderfist,1616,hunter,beastmastery,59,26,33
Nooche,bleeding-hollow,1615,hunter,beastmastery,36,22,14
Wøden,draka,1614,hunter,beastmastery,72,38,34
Cyrsmen,ragnaros,1614,hunter,beastmastery,216,110,106
Legoflaiz,drakkari,1614,hunter,beastmastery,48,23,25
Apøllö,kilrogg,1614,hunter,beastmastery,262,123,139
Ecl,azralon,1613,hunter,beastmastery,48,27,21
Xionos,wyrmrest-accord,1612,hunter,beastmastery,120,61,59
Mojopojo,tichondrius,1611,hunter,beastmastery,43,23,20
Thamie,tichondrius,1610,hunter,beastmastery,24,17,7
Mambothehunt,stormrage,1610,hunter,beastmastery,59,27,32
Feignmilf,tichondrius,1608,hunter,beastmastery,72,45,27
Mournebow,tichondrius,1608,hunter,beastmastery,279,151,128
Statistic,black-dragonflight,1608,hunter,beastmastery,59,30,29
Bertimus,sargeras,1608,hunter,beastmastery,132,61,71
Parnicyon,frostmourne,1607,hunter,beastmastery,209,109,100
Focusfire,khazgoroth,1607,hunter,beastmastery,66,32,34
Mordriva,azjolnerub,1607,hunter,beastmastery,53,25,28
Shootnoscore,vashj,1606,hunter,beastmastery,83,46,37
Legacyhunter,nazgrel,1605,hunter,beastmastery,30,17,13
Légölás,tichondrius,1603,hunter,beastmastery,84,47,37
Bamfhunt,darkspear,1603,hunter,beastmastery,46,25,21
Jillypoo,azralon,1602,hunter,beastmastery,30,21,9
Axis,mugthol,1601,hunter,beastmastery,85,45,40
Aazua,frostmourne,1601,hunter,beastmastery,45,22,23
Snewfly,tichondrius,1600,hunter,beastmastery,54,36,18
Getrekt,azralon,1600,hunter,beastmastery,78,38,40
Squeeb,frostmourne,1599,hunter,beastmastery,50,25,25
Vanero,eonar,1598,hunter,beastmastery,48,22,26
Lexandr,tichondrius,1597,hunter,beastmastery,120,65,55
Asurvivor,suramar,1596,hunter,beastmastery,157,81,76
Sñïpêr,tichondrius,1595,hunter,beastmastery,36,19,17
Hillside,frostmourne,1595,hunter,beastmastery,83,42,41
Sonichunterr,illidan,1591,hunter,beastmastery,70,42,28
Biehuixin,tichondrius,1588,hunter,beastmastery,68,33,35
Killwill,illidan,1587,hunter,beastmastery,54,28,26
Hofftimus,tichondrius,1585,hunter,beastmastery,82,53,29
Häm,dalaran,1585,hunter,beastmastery,126,68,58
Sashagreen,frostmourne,1585,hunter,beastmastery,83,43,40
Toxarch,aggramar,1585,hunter,beastmastery,78,39,39
Crounzz,sargeras,1581,hunter,beastmastery,66,22,44
Partz,darkspear,1580,hunter,beastmastery,30,19,11
Teneightt,tichondrius,1578,hunter,beastmastery,62,30,32
Zyzzmirin,illidan,1577,hunter,beastmastery,72,32,40
Overshot,tichondrius,1577,hunter,beastmastery,72,31,41
Squishasf,tichondrius,1575,hunter,beastmastery,30,18,12
Zennifi,bleeding-hollow,1573,hunter,beastmastery,73,36,37
Yager,kalecgos,1570,hunter,beastmastery,46,25,21
Snipin,ragnaros,1570,hunter,beastmastery,48,18,30
Kopula,illidan,1569,hunter,beastmastery,55,30,25
Petkd,frostmourne,1566,hunter,beastmastery,48,27,21
Ddänz,kiljaeden,1564,hunter,beastmastery,63,23,40
Uzpak,tichondrius,1561,hunter,beastmastery,77,44,33
Merkidy,illidan,1559,hunter,beastmastery,29,18,11
Lasix,burning-blade,1559,hunter,beastmastery,107,52,55
Lemmetrap,illidan,1554,hunter,beastmastery,41,22,19
Keboks,alleria,1551,hunter,beastmastery,33,18,15
Reay,frostmourne,1551,hunter,beastmastery,36,19,17
Khaydarin,sargeras,1551,hunter,beastmastery,48,21,27
Kniightjayyx,kelthuzad,1551,hunter,beastmastery,108,47,61
Grindal,drakkari,1550,hunter,beastmastery,42,18,24
Scythedom,tichondrius,1550,hunter,beastmastery,42,17,25
Pillarington,tichondrius,1549,hunter,beastmastery,34,21,13
Oceandoom,tichondrius,1549,hunter,beastmastery,119,68,51
Readtitle,malganis,1546,hunter,beastmastery,60,35,25
Gernon,frostmourne,1546,hunter,beastmastery,39,20,19
Horcnbeans,bleeding-hollow,1544,hunter,beastmastery,189,92,97
Despairius,moon-guard,1543,hunter,beastmastery,44,25,19
Xcisiion,nagrand,1543,hunter,beastmastery,64,30,34
Outfazed,tichondrius,1541,hunter,beastmastery,105,57,48
Ungoliánt,cairne,1541,hunter,beastmastery,54,28,26
Rektarrow,area-52,1541,hunter,beastmastery,41,19,22
Dôntlosmebro,stormrage,1540,hunter,beastmastery,66,37,29
Varka,area-52,1539,hunter,beastmastery,36,20,16
Bubbzar,frostmourne,1539,hunter,beastmastery,42,22,20
Cerébro,illidan,1538,hunter,beastmastery,78,31,47
Laurenx,illidan,1537,hunter,beastmastery,33,20,13
Kaizong,hyjal,1537,hunter,beastmastery,29,17,12
Yandralen,kiljaeden,1537,hunter,beastmastery,111,59,52
Runforthehil,barthilas,1537,hunter,beastmastery,60,30,30
ßoness,area-52,1532,hunter,beastmastery,86,38,48
Freebeë,area-52,1531,hunter,beastmastery,85,49,36
Tsuro,area-52,1530,hunter,beastmastery,59,30,29
Teaks,aggramar,1527,hunter,beastmastery,30,16,14
Breezekeeper,area-52,1527,hunter,beastmastery,78,40,38
Shadowtensai,stormrage,1527,hunter,beastmastery,78,34,44
Robnhunt,tichondrius,1526,hunter,beastmastery,30,16,14
Sindragostra,tichondrius,1526,hunter,beastmastery,123,62,61
Robitur,sargeras,1526,hunter,beastmastery,36,17,19
Tus,tichondrius,1526,hunter,beastmastery,36,16,20
Phindo,agamaggan,1525,hunter,beastmastery,30,17,13
Nodougaelark,dalaran,1525,hunter,beastmastery,36,16,20
Exitwoundz,hyjal,1524,hunter,beastmastery,47,23,24
Reloadz,shattered-hand,1523,hunter,beastmastery,46,24,22
Lindsang,illidan,1520,hunter,beastmastery,60,31,29
Bonnèy,zuljin,1518,hunter,beastmastery,49,32,17
Tinyted,nathrezim,1518,hunter,beastmastery,48,23,25
Clinteastwoo,ragnaros,1517,hunter,beastmastery,48,16,32
Hazzeth,thrall,1516,hunter,beastmastery,30,21,9
Nitroxl,illidan,1516,hunter,beastmastery,66,34,32
Junmuxiao,ragnaros,1516,hunter,beastmastery,100,50,50
Bigolekack,tichondrius,1516,hunter,beastmastery,54,27,27
Askelon,firetree,1511,hunter,beastmastery,45,22,23
Gamestopceo,tichondrius,1511,hunter,beastmastery,84,41,43
Selhort,quelthalas,1511,hunter,beastmastery,72,31,41
Setepalms,azralon,1510,hunter,beastmastery,33,18,15
Hobbingtons,thunderlord,1510,hunter,beastmastery,36,19,17
Yugno,wildhammer,1509,hunter,beastmastery,36,19,17
Internade,frostmourne,1509,hunter,beastmastery,54,25,29
Myladyy,zuljin,1509,hunter,beastmastery,59,24,35
Jjack,muradin,1508,hunter,beastmastery,60,33,27
Sanchode,tichondrius,1508,hunter,beastmastery,48,20,28
Velhokoira,illidan,1507,hunter,beastmastery,54,31,23
Diavál,area-52,1506,hunter,beastmastery,42,24,18
Sereom,frostmourne,1505,hunter,beastmastery,131,74,57
Volbz,barthilas,1505,hunter,beastmastery,36,16,20
Shockwave,velen,1504,hunter,beastmastery,188,96,92
Morganson,moon-guard,1504,hunter,beastmastery,198,99,99
Kript,dragonmaw,1504,hunter,beastmastery,361,174,187
Emilysamuels,tichondrius,1503,hunter,beastmastery,24,16,8
Pankyrangs,kelthuzad,1503,hunter,beastmastery,48,24,24
Stalkstride,destromath,1503,hunter,beastmastery,72,35,37
Fkkroglash,barthilas,1501,hunter,beastmastery,42,23,19
Mmeep,illidan,1501,hunter,beastmastery,30,16,14
Chrest,sargeras,1500,hunter,beastmastery,76,39,37
Irøneye,sargeras,1499,hunter,beastmastery,55,20,35
Thebush,dragonmaw,1498,hunter,beastmastery,48,25,23
Limpnoodle,nerzhul,1498,hunter,beastmastery,136,68,68
Folf,turalyon,1497,hunter,beastmastery,78,34,44
Kolyanis,stormrage,1496,hunter,beastmastery,65,36,29
Ramchi,burning-blade,1494,hunter,beastmastery,61,33,28
Xuorias,area-52,1494,hunter,beastmastery,47,24,23
Balldik,bleeding-hollow,1493,hunter,beastmastery,30,16,14
Punjisticks,tichondrius,1492,hunter,beastmastery,110,53,57
Finalshot,barthilas,1491,hunter,beastmastery,39,18,21
Pavlovik,ragnaros,1491,hunter,beastmastery,60,25,35
Limcross,drakkari,1489,hunter,beastmastery,56,28,28
Wredd,nemesis,1488,hunter,beastmastery,35,20,15
Borudin,stormrage,1488,hunter,beastmastery,203,98,105
Bootylickin,tichondrius,1487,hunter,beastmastery,30,17,13
Laras,blades-edge,1484,hunter,beastmastery,36,22,14
Chizhi,tichondrius,1484,hunter,beastmastery,90,45,45
Ullr,gurubashi,1484,hunter,beastmastery,60,19,41
Chowyunfatss,proudmoore,1481,hunter,beastmastery,112,53,59
Rengarok,emerald-dream,1480,hunter,beastmastery,44,23,21
Grànd,tortheldrin,1480,hunter,beastmastery,66,33,33
Angdre,tichondrius,1480,hunter,beastmastery,36,18,18
Shedowhunter,azralon,1479,hunter,beastmastery,30,20,10
Ahuamax,tichondrius,1479,hunter,beastmastery,40,23,17
Scourgesurge,kiljaeden,1478,hunter,beastmastery,145,71,74
Josyv,quelthalas,1477,hunter,beastmastery,36,21,15
Garzb,area-52,1476,hunter,beastmastery,42,22,20
Aguntur,ragnaros,1474,hunter,beastmastery,99,59,40
Chaw,nathrezim,1472,hunter,beastmastery,152,77,75
Unrealpewpew,lightbringer,1472,hunter,beastmastery,90,42,48
Virolac,tichondrius,1469,hunter,beastmastery,32,16,16
Caetomon,kiljaeden,1467,hunter,beastmastery,29,18,11
Zaetor,ragnaros,1466,hunter,beastmastery,78,43,35
Tacos,kelthuzad,1465,hunter,beastmastery,36,22,14
Loktarnum,illidan,1465,hunter,beastmastery,40,18,22
Sootgarbage,sargeras,1464,hunter,beastmastery,72,42,30
Danncer,alexstrasza,1459,hunter,beastmastery,102,56,46
Pheijaumn,azralon,1458,hunter,beastmastery,55,32,23
Ehnó,illidan,1458,hunter,beastmastery,39,19,20
Mikly,ragnaros,1457,hunter,beastmastery,44,18,26
Bronke,azralon,1456,hunter,beastmastery,37,17,20
Wolfarms,area-52,1455,hunter,beastmastery,87,42,45
Szone,tichondrius,1454,hunter,beastmastery,106,51,55
Kleankilla,malganis,1453,hunter,beastmastery,44,25,19
Lele,stormrage,1452,hunter,beastmastery,43,22,21
Kaliaraan,bleeding-hollow,1448,hunter,beastmastery,60,30,30
Jacss,azralon,1446,hunter,beastmastery,30,17,13
Kouandjio,area-52,1444,hunter,beastmastery,36,18,18
Sabanna,proudmoore,1442,hunter,beastmastery,36,20,16
Zanahoria,stormscale,1442,hunter,beastmastery,43,19,24
Daarrk,thrall,1441,hunter,beastmastery,82,39,43
Dontmissz,tichondrius,1439,hunter,beastmastery,59,32,27
Lashga,wyrmrest-accord,1439,hunter,beastmastery,47,22,25
Yná,azralon,1438,hunter,beastmastery,24,15,9
Dayquillx,illidan,1438,hunter,beastmastery,30,15,15
Critterz,gorgonnash,1438,hunter,beastmastery,71,32,39
Bigclamz,dragonmaw,1437,hunter,beastmastery,39,22,17
Bliv,tichondrius,1436,hunter,beastmastery,18,15,3
Aristæos,kelthuzad,1436,hunter,beastmastery,77,40,37
Sungoro,tichondrius,1436,hunter,beastmastery,78,35,43
Squírtle,ragnaros,1436,hunter,beastmastery,36,15,21
Sarahbeara,moonrunner,1435,hunter,beastmastery,24,15,9
Scirfreez,ragnaros,1435,hunter,beastmastery,60,25,35
Seatback,arathor,1432,hunter,beastmastery,76,33,43
Kkoner,illidan,1431,hunter,beastmastery,24,15,9
Cyboreg,stormrage,1431,hunter,beastmastery,53,30,23
Seljzs,zuljin,1430,hunter,beastmastery,24,15,9
Zarova,moon-guard,1428,hunter,beastmastery,24,15,9
Mhters,tichondrius,1428,hunter,beastmastery,30,15,15
Lilbic,bleeding-hollow,1427,hunter,beastmastery,33,22,11
Sharpster,zuljin,1427,hunter,beastmastery,61,30,31
Iyne,stormrage,1427,hunter,beastmastery,36,15,21
Munyshotz,tichondrius,1426,hunter,beastmastery,86,50,36
Yaisk,tichondrius,1426,hunter,beastmastery,74,38,36
Taelen,aegwynn,1424,hunter,beastmastery,50,26,24
Elyssandrá,thrall,1424,hunter,beastmastery,57,28,29
Skeetslinger,illidan,1424,hunter,beastmastery,39,16,23
Syldris,proudmoore,1423,hunter,beastmastery,24,15,9
Kellsier,nordrassil,1422,hunter,beastmastery,30,15,15
Whatfoxsay,tichondrius,1421,hunter,beastmastery,24,15,9
Lissavi,tichondrius,1421,hunter,beastmastery,30,15,15
Keknine,gnomeregan,1421,hunter,beastmastery,92,44,48
Ogkhalifa,tichondrius,1421,hunter,beastmastery,41,19,22
Pingaamarela,nemesis,1420,hunter,beastmastery,180,94,86
Boomseed,nagrand,1420,hunter,beastmastery,34,16,18
Mukeru,stormrage,1418,hunter,beastmastery,24,15,9
Araghrn,draktharon,1417,hunter,beastmastery,111,54,57
Celarla,tichondrius,1416,hunter,beastmastery,27,16,11
Gannidema,illidan,1416,hunter,beastmastery,30,17,13
Eldlichi,proudmoore,1416,hunter,beastmastery,48,20,28
Sartel,tichondrius,1415,hunter,beastmastery,24,15,9
Belime,korgath,1415,hunter,beastmastery,96,53,43
Sülivan,zuljin,1415,hunter,beastmastery,49,27,22
Terminatôr,malganis,1415,hunter,beastmastery,36,15,21
Drunkhunter,malygos,1414,hunter,beastmastery,24,15,9
Legolasbow,tichondrius,1414,hunter,beastmastery,58,30,28
Wrècked,kiljaeden,1413,hunter,beastmastery,42,19,23
Existential,moon-guard,1412,hunter,beastmastery,59,27,32
Turbows,proudmoore,1412,hunter,beastmastery,48,20,28
ßutter,thunderlord,1410,hunter,beastmastery,153,72,81
Mopgodxqt,nemesis,1410,hunter,beastmastery,48,19,29
Shangowar,darrowmere,1409,hunter,beastmastery,24,15,9
Hobbléfoot,proudmoore,1409,hunter,beastmastery,36,15,21
Drig,korgath,1409,hunter,beastmastery,47,19,28
Dorkins,azralon,1406,hunter,beastmastery,27,16,11
Lunarlunar,khadgar,1405,hunter,beastmastery,36,15,21
Dlabio,emerald-dream,1404,hunter,beastmastery,96,47,49
Thralzun,dunemaul,1403,hunter,beastmastery,31,17,14
Sioul,bleeding-hollow,1403,hunter,beastmastery,30,15,15
Ruffini,tichondrius,1403,hunter,beastmastery,42,18,24
Darthski,drenden,1402,hunter,beastmastery,51,24,27
Sliturthroat,barthilas,1402,hunter,beastmastery,50,20,30
Thezeus,barthilas,1402,hunter,beastmastery,41,15,26
Orcanjo,azralon,1400,hunter,beastmastery,42,19,23
Floopze,burning-legion,1399,hunter,beastmastery,30,16,14
Droneshot,tichondrius,1398,hunter,beastmastery,24,17,7
Luckshot,destromath,1398,hunter,beastmastery,60,27,33
Overshot,barthilas,1397,hunter,beastmastery,24,16,8
Fleetfox,tichondrius,1397,hunter,beastmastery,91,45,46
Jyttrg,tichondrius,1396,hunter,beastmastery,65,34,31
Fifie,azgalor,1395,hunter,beastmastery,43,20,23
Spèedbump,stormrage,1394,hunter,beastmastery,81,40,41
Petmayo,tichondrius,1393,hunter,beastmastery,30,19,11
Huntncheekz,kelthuzad,1393,hunter,beastmastery,30,15,15
Timmee,bleeding-hollow,1392,hunter,beastmastery,36,15,21
Liillilliil,tichondrius,1391,hunter,beastmastery,31,16,15
Paganfinn,tichondrius,1391,hunter,beastmastery,66,29,37
Fuzzypjs,stormrage,1390,hunter,beastmastery,42,24,18
Tentoontrey,emerald-dream,1390,hunter,beastmastery,42,20,22
Recha,emerald-dream,1388,hunter,beastmastery,42,21,21
Unloaded,illidan,1387,hunter,beastmastery,27,17,10
Rycksanches,quelthalas,1387,hunter,beastmastery,56,26,30
Jaysuper,zuljin,1387,hunter,beastmastery,42,15,27
Revbubs,darkspear,1382,hunter,beastmastery,60,30,30
Narus,whisperwind,1381,hunter,beastmastery,66,38,28
Bingdat,area-52,1381,hunter,beastmastery,55,30,25
Tearsofnoobs,tichondrius,1381,hunter,beastmastery,33,16,17
Viperstng,area-52,1380,hunter,beastmastery,70,40,30
Orcbeast,illidan,1377,hunter,beastmastery,36,16,20
Lastanar,amanthul,1376,hunter,beastmastery,120,64,56
Fruitenveg,frostmourne,1374,hunter,beastmastery,36,18,18
Cigâro,thrall,1374,hunter,beastmastery,129,64,65
Tearsofrogue,tichondrius,1373,hunter,beastmastery,30,16,14
Lilpoots,warsong,1373,hunter,beastmastery,71,33,38
Chrise,darkspear,1371,hunter,beastmastery,24,18,6
Phaction,tichondrius,1369,hunter,beastmastery,60,26,34
Jangle,mannoroth,1368,hunter,beastmastery,34,19,15
Stonëdpimp,moon-guard,1366,hunter,beastmastery,24,15,9
Bubbz,bloodscalp,1365,hunter,beastmastery,96,52,44
Jugi,wyrmrest-accord,1365,hunter,beastmastery,42,18,24
Terrygross,sargeras,1364,hunter,beastmastery,36,15,21
Yembohi,queldorei,1363,hunter,beastmastery,24,15,9
Aggargh,baelgun,1362,hunter,beastmastery,51,28,23
Boward,illidan,1362,hunter,beastmastery,67,36,31
Blackspit,ragnaros,1362,hunter,beastmastery,59,31,28
Ryukuzen,tichondrius,1359,hunter,beastmastery,35,15,20
Femonemos,nemesis,1358,hunter,beastmastery,30,17,13
Shlandy,frostmourne,1356,hunter,beastmastery,32,18,14
Oblíviion,stormrage,1356,hunter,beastmastery,62,33,29
Reallybroke,stormrage,1355,hunter,beastmastery,33,16,17
Saintshaka,drakkari,1353,hunter,beastmastery,23,15,8
Tokendaily,sargeras,1353,hunter,beastmastery,72,40,32
Nephewblasty,nagrand,1353,hunter,beastmastery,36,18,18
Hughneutron,kirin-tor,1349,hunter,beastmastery,194,104,90
Cinamong,blackrock,1347,hunter,beastmastery,30,15,15
Pokérap,dalaran,1347,hunter,beastmastery,42,17,25
Djfortnité,tichondrius,1343,hunter,beastmastery,24,14,10
Wildlifezoo,tichondrius,1343,hunter,beastmastery,30,14,16
Reachme,moon-guard,1343,hunter,beastmastery,30,14,16
Pressbro,tichondrius,1342,hunter,beastmastery,30,14,16
Lilien,khazgoroth,1341,hunter,beastmastery,30,18,12
Goongarg,frostmourne,1341,hunter,beastmastery,24,14,10
Tergls,illidan,1341,hunter,beastmastery,73,33,40
Kârân,tichondrius,1341,hunter,beastmastery,60,27,33
Choclit,scilla,1341,hunter,beastmastery,42,14,28
Oatmeallover,stormrage,1339,hunter,beastmastery,30,14,16
Cantcatchtin,tichondrius,1339,hunter,beastmastery,30,14,16
Clydebarro,sargeras,1339,hunter,beastmastery,30,14,16
Peterming,tichondrius,1339,hunter,beastmastery,108,49,59
Bettallana,tichondrius,1338,hunter,beastmastery,24,14,10
Euclase,bleeding-hollow,1338,hunter,beastmastery,46,23,23
Aiollus,stormreaver,1338,hunter,beastmastery,30,14,16
Pvrisxoxo,frostmourne,1337,hunter,beastmastery,31,15,16
Bro,malorne,1337,hunter,beastmastery,96,45,51
Ordius,azralon,1337,hunter,beastmastery,36,14,22
Crownchild,illidan,1336,hunter,beastmastery,24,14,10
Soulreaperts,ragnaros,1336,hunter,beastmastery,40,21,19
Skulgor,zuljin,1336,hunter,beastmastery,66,34,32
Psychiatry,bonechewer,1336,hunter,beastmastery,70,35,35
Alwaysblazed,hyjal,1336,hunter,beastmastery,30,15,15
Azx,tichondrius,1336,hunter,beastmastery,42,19,23
Stel,tichondrius,1335,hunter,beastmastery,33,17,16
Norcklow,ragnaros,1335,hunter,beastmastery,64,31,33
Vruul,sargeras,1334,hunter,beastmastery,76,36,40
Highdroe,tichondrius,1333,hunter,beastmastery,84,47,37
Boomsprocket,khazgoroth,1331,hunter,beastmastery,20,16,4
Vurlo,tichondrius,1330,hunter,beastmastery,24,14,10
Daken,ysera,1330,hunter,beastmastery,24,14,10
Argent,altar-of-storms,1330,hunter,beastmastery,42,23,19
Khels,stormreaver,1330,hunter,beastmastery,28,15,13
Whoshotu,tichondrius,1330,hunter,beastmastery,30,14,16
Mvpwonder,frostmourne,1330,hunter,beastmastery,42,14,28
Luprikus,maelstrom,1328,hunter,beastmastery,29,14,15
Puppe,sargeras,1328,hunter,beastmastery,46,21,25
Frostyarrow,moon-guard,1325,hunter,beastmastery,55,28,27
Bulleitrye,illidan,1325,hunter,beastmastery,58,28,30
Hitts,kelthuzad,1323,hunter,beastmastery,31,17,14
Bowna,stormscale,1323,hunter,beastmastery,54,20,34
Wârhunt,frostmourne,1320,hunter,beastmastery,42,25,17
Fusionrpg,quelthalas,1320,hunter,beastmastery,30,17,13
Eightbeers,bleeding-hollow,1320,hunter,beastmastery,56,29,27
Jesticles,zuljin,1320,hunter,beastmastery,60,30,30
Doug,illidan,1317,hunter,beastmastery,30,14,16
Nøtsurê,llane,1317,hunter,beastmastery,66,25,41
Deirrë,saurfang,1315,hunter,beastmastery,119,59,60
Youngteflon,bonechewer,1314,hunter,beastmastery,30,15,15
Xeminis,area-52,1314,hunter,beastmastery,30,14,16
Velkhan,sargeras,1314,hunter,beastmastery,30,14,16
Jetzy,illidan,1311,hunter,beastmastery,65,30,35
Hoboh,illidan,1310,hunter,beastmastery,66,32,34
Huntmeplz,proudmoore,1309,hunter,beastmastery,35,17,18
Lizymcguire,malganis,1308,hunter,beastmastery,42,23,19
Varthurg,ragnaros,1308,hunter,beastmastery,30,15,15
Fames,shuhalo,1308,hunter,beastmastery,73,30,43
Wulfgeng,azgalor,1307,hunter,beastmastery,94,47,47
Pooterdrip,shadowmoon,1307,hunter,beastmastery,30,14,16
Starsworn,moon-guard,1306,hunter,beastmastery,60,29,31
Kamikazey,tichondrius,1304,hunter,beastmastery,36,18,18
Bluebow,tichondrius,1302,hunter,beastmastery,96,46,50
Javoz,drakkari,1302,hunter,beastmastery,36,14,22
Radat,stormscale,1301,hunter,beastmastery,25,17,8
Bacatran,darkspear,1301,hunter,beastmastery,58,32,26
Wook,hyjal,1300,hunter,beastmastery,30,14,16
Sunchea,arygos,1300,hunter,beastmastery,30,14,16
Deadlyarrows,ragnaros,1299,hunter,beastmastery,59,24,35
Zzsocrateszz,dragonmaw,1295,hunter,beastmastery,128,64,64
Jacobsladder,illidan,1293,hunter,beastmastery,113,51,62
Cottonshots,dalaran,1292,hunter,beastmastery,89,39,50
Dabznblunts,twisting-nether,1292,hunter,beastmastery,36,15,21
Artemisa,warsong,1291,hunter,beastmastery,84,34,50
Darksector,nemesis,1290,hunter,beastmastery,41,14,27
Mitulla,wyrmrest-accord,1289,hunter,beastmastery,56,27,29
Wogolas,barthilas,1288,hunter,beastmastery,30,16,14
Alitharia,nerzhul,1288,hunter,beastmastery,171,76,95
Huukend,azjolnerub,1286,hunter,beastmastery,54,27,27
Voodoohunter,blood-furnace,1286,hunter,beastmastery,30,15,15
Vaettai,barthilas,1286,hunter,beastmastery,72,32,40
Snypêr,tichondrius,1284,hunter,beastmastery,36,14,22
Roostersauce,durotan,1283,hunter,beastmastery,30,15,15
Exotichunter,the-underbog,1281,hunter,beastmastery,58,24,34
Peppiee,tichondrius,1279,hunter,beastmastery,23,14,9
Bepee,auchindoun,1279,hunter,beastmastery,95,51,44
Thiccphat,sargeras,1277,hunter,beastmastery,23,14,9
Conizle,sargeras,1275,hunter,beastmastery,30,14,16
Genx,frostmane,1275,hunter,beastmastery,59,25,34
Scaredcrow,azshara,1272,hunter,beastmastery,40,14,26
Snipershot,blackrock,1271,hunter,beastmastery,42,19,23
Iar,tichondrius,1270,hunter,beastmastery,30,18,12
Ascer,gurubashi,1270,hunter,beastmastery,110,55,55
Plastera,zuljin,1270,hunter,beastmastery,40,14,26
Glediator,tichondrius,1269,hunter,beastmastery,45,21,24
Fallenfates,stormrage,1268,hunter,beastmastery,78,36,42
Trapz,hellscream,1267,hunter,beastmastery,96,48,48
Rnger,aerie-peak,1267,hunter,beastmastery,61,28,33
Gigawrench,darkspear,1265,hunter,beastmastery,24,16,8
Airtight,area-52,1265,hunter,beastmastery,59,26,33
Piu,illidan,1264,hunter,beastmastery,42,18,24
Therooth,bleeding-hollow,1262,hunter,beastmastery,24,14,10
Haiume,nemesis,1261,hunter,beastmastery,30,14,16
Scattertrap,ragnaros,1260,hunter,beastmastery,19,14,5
Saltz,tichondrius,1259,hunter,beastmastery,27,15,12
Bobbysmurica,cenarion-circle,1256,hunter,beastmastery,54,24,30
Trianthel,azralon,1255,hunter,beastmastery,24,15,9
Böuntyhuntêr,area-52,1254,hunter,beastmastery,54,25,29
Ownyoufast,darkspear,1251,hunter,beastmastery,54,23,31
Vesity,tichondrius,1250,hunter,beastmastery,62,29,33
Broydiesnipe,illidan,1247,hunter,beastmastery,18,13,5
Alexxspewpew,ragnaros,1247,hunter,beastmastery,23,13,10
Lfghunter,frostmourne,1247,hunter,beastmastery,24,13,11
Wastdpenguin,area-52,1247,hunter,beastmastery,30,13,17
Frankabingle,area-52,1247,hunter,beastmastery,30,13,17
Slowhunterr,tichondrius,1247,hunter,beastmastery,36,13,23
Refinedx,sargeras,1246,hunter,beastmastery,18,13,5
Sotsöl,ragnaros,1246,hunter,beastmastery,24,13,11
Sylriynn,moon-guard,1246,hunter,beastmastery,59,29,30
Thiccit,illidan,1246,hunter,beastmastery,54,26,28
Gabulmenina,nemesis,1245,hunter,beastmastery,24,13,11
Reeload,tichondrius,1244,hunter,beastmastery,24,13,11
Shotmieye,thunderhorn,1244,hunter,beastmastery,60,30,30
Maquire,tichondrius,1244,hunter,beastmastery,36,17,19
Digitizoid,tichondrius,1244,hunter,beastmastery,30,13,17
Craftarrow,tichondrius,1243,hunter,beastmastery,41,21,20
Mms,frostmourne,1242,hunter,beastmastery,18,13,5
Blury,tichondrius,1242,hunter,beastmastery,41,22,19
Gïzmo,malganis,1242,hunter,beastmastery,30,15,15
Heparinqt,area-52,1242,hunter,beastmastery,36,13,23
Gunbladez,burning-blade,1240,hunter,beastmastery,27,13,14
Angrypepe,bleeding-hollow,1240,hunter,beastmastery,30,13,17
Flor,boulderfist,1240,hunter,beastmastery,30,13,17
Deepcarver,tichondrius,1240,hunter,beastmastery,41,16,25
Wadadly,malganis,1239,hunter,beastmastery,138,66,72
Chrønic,khadgar,1238,hunter,beastmastery,30,16,14
Ioioi,tichondrius,1238,hunter,beastmastery,34,16,18
Fistbirtdor,illidan,1237,hunter,beastmastery,30,13,17
Nebulahaze,stormrage,1236,hunter,beastmastery,44,21,23
Timogen,illidan,1236,hunter,beastmastery,36,16,20
Nogaro,nemesis,1235,hunter,beastmastery,42,20,22
Bowflëx,zuljin,1235,hunter,beastmastery,42,19,23
Kleivar,alleria,1234,hunter,beastmastery,24,13,11
Yesterday,draka,1234,hunter,beastmastery,30,13,17
Hynathios,azralon,1233,hunter,beastmastery,30,13,17
Honeygold,tichondrius,1233,hunter,beastmastery,51,19,32
Rbtz,illidan,1231,hunter,beastmastery,17,13,4
Xtop,draktharon,1231,hunter,beastmastery,23,15,8
Tanarin,bleeding-hollow,1230,hunter,beastmastery,30,13,17
Blanar,quelthalas,1230,hunter,beastmastery,42,13,29
Tiraa,kelthuzad,1228,hunter,beastmastery,48,19,29
Luoca,shuhalo,1227,hunter,beastmastery,24,13,11
Skywrecker,bleeding-hollow,1226,hunter,beastmastery,24,13,11
Morbow,proudmoore,1225,hunter,beastmastery,28,14,14
Hovahdo,proudmoore,1224,hunter,beastmastery,23,13,10
Urimiel,daggerspine,1223,hunter,beastmastery,36,16,20
Peiching,proudmoore,1223,hunter,beastmastery,30,13,17
Mithrandiel,blood-furnace,1221,hunter,beastmastery,97,49,48
Bromance,kaelthas,1221,hunter,beastmastery,36,18,18
Grands,tortheldrin,1219,hunter,beastmastery,29,14,15
Havymetal,andorhal,1219,hunter,beastmastery,48,20,28
Machiko,gorefiend,1218,hunter,beastmastery,30,13,17
Anaiset,hyjal,1217,hunter,beastmastery,24,13,11
Xxo,frostmourne,1215,hunter,beastmastery,34,13,21
Alexbm,amanthul,1207,hunter,beastmastery,51,28,23
Hairyhype,malganis,1207,hunter,beastmastery,48,22,26
Artilleria,quelthalas,1207,hunter,beastmastery,42,18,24
Myrfes,ragnaros,1207,hunter,beastmastery,42,18,24
Desydn,draenor,1206,hunter,beastmastery,143,72,71
Omegalulzxd,kelthuzad,1206,hunter,beastmastery,111,49,62
Ydaine,alexstrasza,1206,hunter,beastmastery,75,33,42
Gejagt,sargeras,1201,hunter,beastmastery,25,14,11
Winchestyr,lightbringer,1201,hunter,beastmastery,30,14,16
Tmac,winterhoof,1198,hunter,beastmastery,53,28,25
Kathoey,wyrmrest-accord,1198,hunter,beastmastery,48,19,29
Monatre,fizzcrank,1197,hunter,beastmastery,27,13,14
Rypunzul,proudmoore,1196,hunter,beastmastery,24,13,11
Shootaids,illidan,1192,hunter,beastmastery,44,22,22
Alaranel,kiljaeden,1190,hunter,beastmastery,68,29,39
Gaktog,area-52,1189,hunter,beastmastery,27,13,14
Zombified,moon-guard,1188,hunter,beastmastery,27,13,14
Itsdoom,sargeras,1187,hunter,beastmastery,48,28,20
Chetta,ragnaros,1187,hunter,beastmastery,66,28,38
Kaxer,illidan,1182,hunter,beastmastery,65,33,32
Shneedle,illidan,1180,hunter,beastmastery,54,22,32
Thetrickyone,area-52,1180,hunter,beastmastery,52,20,32
Devised,proudmoore,1179,hunter,beastmastery,23,13,10
Aztrappin,illidan,1177,hunter,beastmastery,63,24,39
Fixnoone,moon-guard,1176,hunter,beastmastery,38,18,20
Warsh,anubarak,1173,hunter,beastmastery,34,19,15
Trailbreaker,trollbane,1169,hunter,beastmastery,87,47,40
Loathin,stormrage,1168,hunter,beastmastery,21,15,6
Meowimadog,spinebreaker,1165,hunter,beastmastery,24,13,11
Elfinballz,khadgar,1164,hunter,beastmastery,36,18,18
Pikochon,illidan,1164,hunter,beastmastery,51,22,29
Jezoo,frostmourne,1163,hunter,beastmastery,42,18,24
Thiccshawts,moon-guard,1162,hunter,beastmastery,24,13,11
Frenzyfire,whisperwind,1162,hunter,beastmastery,39,16,23
Iffy,dentarg,1161,hunter,beastmastery,24,14,10
Minkô,tichondrius,1159,hunter,beastmastery,30,13,17
Totorostarh,tichondrius,1158,hunter,beastmastery,33,13,20
Neymoxi,icecrown,1156,hunter,beastmastery,36,18,18
Arucedd,frostmourne,1154,hunter,beastmastery,74,32,42
Zullypewpew,stormrage,1153,hunter,beastmastery,23,15,8
Lustblitz,illidan,1152,hunter,beastmastery,18,12,6
Malvnfresh,tichondrius,1152,hunter,beastmastery,24,12,12
Survenant,zuljin,1151,hunter,beastmastery,24,12,12
Urukkz,goldrinn,1151,hunter,beastmastery,24,12,12
Awps,sargeras,1150,hunter,beastmastery,18,12,6
Shrian,illidan,1150,hunter,beastmastery,25,12,13
Chrisp,bloodhoof,1150,hunter,beastmastery,30,12,18
Kroozeh,illidan,1149,hunter,beastmastery,24,12,12
Funnk,tichondrius,1148,hunter,beastmastery,24,12,12
Berreydingle,norgannon,1148,hunter,beastmastery,24,12,12
Stonehard,mugthol,1148,hunter,beastmastery,30,12,18
Elfo,kelthuzad,1147,hunter,beastmastery,18,12,6
Sax,stormreaver,1147,hunter,beastmastery,24,12,12
Suetyic,tichondrius,1147,hunter,beastmastery,24,12,12
Cuteorcgirl,sargeras,1145,hunter,beastmastery,38,15,23
Ragnarlobkk,ragnaros,1144,hunter,beastmastery,148,71,77
Souperman,malganis,1144,hunter,beastmastery,30,12,18
Thoridhal,quelthalas,1143,hunter,beastmastery,24,12,12
Cotó,stormrage,1142,hunter,beastmastery,24,12,12
Dooper,malfurion,1141,hunter,beastmastery,30,12,18
Dayneryz,quelthalas,1140,hunter,beastmastery,81,35,46
Gratmuk,ragnaros,1139,hunter,beastmastery,30,12,18
Hatteras,drakthul,1139,hunter,beastmastery,50,16,34
Riivali,quelthalas,1138,hunter,beastmastery,81,36,45
Dyz,ragnaros,1137,hunter,beastmastery,28,13,15
Daréz,blackrock,1136,hunter,beastmastery,31,14,17
Traxêx,nemesis,1136,hunter,beastmastery,30,13,17
Danion,aerie-peak,1135,hunter,beastmastery,40,14,26
Karev,area-52,1134,hunter,beastmastery,24,12,12
Blimpbooty,stormrage,1130,hunter,beastmastery,41,20,21
Revö,area-52,1129,hunter,beastmastery,30,12,18
Juicedhunter,tichondrius,1128,hunter,beastmastery,24,12,12
Baconzola,dalaran,1127,hunter,beastmastery,18,12,6
Camperbill,borean-tundra,1127,hunter,beastmastery,25,14,11
Huñté,stormrage,1127,hunter,beastmastery,24,12,12
Kälec,quelthalas,1127,hunter,beastmastery,66,32,34
Neverhunter,azralon,1127,hunter,beastmastery,30,13,17
Xarmozao,nemesis,1127,hunter,beastmastery,39,14,25
Lieolaste,area-52,1126,hunter,beastmastery,35,17,18
Socrato,tichondrius,1124,hunter,beastmastery,36,17,19
Qpoc,tichondrius,1120,hunter,beastmastery,44,20,24
Mvpbunny,tichondrius,1117,hunter,beastmastery,46,21,25
Vegamax,illidan,1115,hunter,beastmastery,30,17,13
Brokenstars,illidan,1108,hunter,beastmastery,146,70,76
Ukamau,ragnaros,1105,hunter,beastmastery,30,17,13
Wildfirefly,whisperwind,1104,hunter,beastmastery,36,14,22
Rhonishot,tichondrius,1104,hunter,beastmastery,43,15,28
Berelai,area-52,1102,hunter,beastmastery,30,12,18
Despise,frostmourne,1098,hunter,beastmastery,27,12,15
Fusbowdah,bleeding-hollow,1095,hunter,beastmastery,22,13,9
Shmurda,duskwood,1095,hunter,beastmastery,100,40,60
Valintine,the-scryers,1090,hunter,beastmastery,23,12,11
Funwell,dalaran,1090,hunter,beastmastery,29,14,15
Zalyssavara,aerie-peak,1085,hunter,beastmastery,27,12,15
Hetaya,haomarush,1081,hunter,beastmastery,123,55,68
Morenarösa,nemesis,1081,hunter,beastmastery,42,17,25
Smallsouljah,demon-soul,1078,hunter,beastmastery,27,12,15
Eithelleta,frostmourne,1078,hunter,beastmastery,48,18,30
Quigfoot,area-52,1077,hunter,beastmastery,63,25,38
Topshunter,sargeras,1076,hunter,beastmastery,88,45,43
Buyaga,stormreaver,1073,hunter,beastmastery,72,37,35
Brendenhunt,area-52,1071,hunter,beastmastery,17,12,5
Dracð,malganis,1071,hunter,beastmastery,30,14,16
Jackcoügh,frostmourne,1069,hunter,beastmastery,31,12,19
Jayken,gnomeregan,1067,hunter,beastmastery,28,12,16
Dadhatesme,stormrage,1066,hunter,beastmastery,27,12,15
Nightfal,emerald-dream,1064,hunter,beastmastery,75,28,47
Mouthymerc,zuljin,1063,hunter,beastmastery,35,12,23
Trapinc,sargeras,1056,hunter,beastmastery,18,11,7
Hog,darkspear,1056,hunter,beastmastery,18,11,7
Jawnhunter,tichondrius,1056,hunter,beastmastery,24,11,13
Esstark,bleeding-hollow,1056,hunter,beastmastery,24,11,13
Prêd,malganis,1056,hunter,beastmastery,27,12,15
Unicom,malganis,1056,hunter,beastmastery,30,11,19
Ryutiz,fizzcrank,1055,hunter,beastmastery,18,11,7
Recklaw,frostmourne,1055,hunter,beastmastery,18,11,7
Tashio,aerie-peak,1055,hunter,beastmastery,24,11,13
Emmihunt,tichondrius,1055,hunter,beastmastery,24,11,13
Undeadroach,tichondrius,1055,hunter,beastmastery,24,11,13
Toozz,frostmourne,1055,hunter,beastmastery,30,11,19
Prierhunt,frostmourne,1055,hunter,beastmastery,30,11,19
Datadyne,stormrage,1054,hunter,beastmastery,12,11,1
Selljzs,zuljin,1054,hunter,beastmastery,18,11,7
Ispamtraps,emerald-dream,1054,hunter,beastmastery,18,11,7
Qlbl,tichondrius,1054,hunter,beastmastery,18,11,7
Houdan,frostmourne,1054,hunter,beastmastery,22,11,11
Rogshunt,sargeras,1054,hunter,beastmastery,24,11,13
Anastasia,gorgonnash,1052,hunter,beastmastery,18,11,7
Hitx,tichondrius,1052,hunter,beastmastery,18,11,7
Sagadegêmeos,stormrage,1052,hunter,beastmastery,30,11,19
Cummis,skullcrusher,1051,hunter,beastmastery,18,11,7
Hohohohahah,gallywix,1051,hunter,beastmastery,30,11,19
Booffmeister,area-52,1050,hunter,beastmastery,24,11,13
Zünma,tichondrius,1050,hunter,beastmastery,24,11,13
Gølin,aerie-peak,1049,hunter,beastmastery,30,11,19
Memënto,barthilas,1049,hunter,beastmastery,30,11,19
Wingclipped,kelthuzad,1048,hunter,beastmastery,18,11,7
Freeside,emerald-dream,1048,hunter,beastmastery,18,11,7
Computer,darkspear,1048,hunter,beastmastery,24,11,13
ßaelon,malganis,1047,hunter,beastmastery,12,11,1
Flacidpasta,sargeras,1047,hunter,beastmastery,18,11,7
Kynagidas,korgath,1047,hunter,beastmastery,24,11,13
Vord,frostmourne,1046,hunter,beastmastery,24,11,13
Cilnolm,moon-guard,1045,hunter,beastmastery,24,11,13
Gandson,fizzcrank,1045,hunter,beastmastery,29,12,17
Jijiyoyo,tichondrius,1041,hunter,beastmastery,41,13,28
Robingear,baelgun,1039,hunter,beastmastery,165,81,84
Zooker,tichondrius,1039,hunter,beastmastery,29,11,18
Frenzygirl,azralon,1036,hunter,beastmastery,18,11,7
Harÿn,nemesis,1036,hunter,beastmastery,24,11,13
Leannon,stormrage,1035,hunter,beastmastery,18,11,7
More,khadgar,1035,hunter,beastmastery,30,11,19
Vicluvv,stormrage,1034,hunter,beastmastery,23,11,12
Huntercry,ragnaros,1026,hunter,beastmastery,18,11,7
Wrekkthal,illidan,1023,hunter,beastmastery,41,16,25
Elisen,frostmourne,1021,hunter,beastmastery,42,13,29
Cocstrong,darrowmere,1020,hunter,beastmastery,42,23,19
Bolbathefett,shadowsong,1020,hunter,beastmastery,30,11,19
Taedulos,azralon,1019,hunter,beastmastery,36,19,17
Brendie,thrall,1018,hunter,beastmastery,214,101,113
Jônathan,tichondrius,1010,hunter,beastmastery,18,11,7
Caytano,quelthalas,1010,hunter,beastmastery,30,17,13
Erik,nemesis,1009,hunter,beastmastery,165,79,86
Killerronald,ragnaros,1009,hunter,beastmastery,24,11,13
Hunterjim,tichondrius,1005,hunter,beastmastery,26,12,14
Rairin,tichondrius,1004,hunter,beastmastery,65,33,32
Håwkeye,hyjal,1003,hunter,beastmastery,109,53,56
Antihero,norgannon,1001,hunter,beastmastery,20,12,8
Eddyholiday,tichondrius,1001,hunter,beastmastery,26,13,13
Falesta,sargeras,999,hunter,beastmastery,28,12,16
Shikago,wyrmrest-accord,997,hunter,beastmastery,30,11,19
Puhpsy,azralon,995,hunter,beastmastery,48,26,22
Flexxbow,thrall,994,hunter,beastmastery,23,13,10
Robobrain,area-52,993,hunter,beastmastery,23,11,12
Londen,tichondrius,987,hunter,beastmastery,30,15,15
Onihanzo,thrall,987,hunter,beastmastery,25,12,13
Arrowae,sargeras,981,hunter,beastmastery,56,24,32
Faldran,earthen-ring,977,hunter,beastmastery,112,46,66
Ruthgarth,akama,970,hunter,beastmastery,24,11,13
Erovianoria,silver-hand,968,hunter,beastmastery,57,29,28
Skillvanas,stormrage,965,hunter,beastmastery,25,11,14
Ahhpash,tichondrius,960,hunter,beastmastery,16,11,5
Dualp,tichondrius,960,hunter,beastmastery,18,10,8
Worsthunt,tichondrius,960,hunter,beastmastery,18,10,8
Wovow,tichondrius,960,hunter,beastmastery,18,10,8
Pumplum,kiljaeden,960,hunter,beastmastery,18,10,8
Xbee,shattered-halls,960,hunter,beastmastery,18,10,8
Shinhyez,tichondrius,960,hunter,beastmastery,18,10,8
Gööber,hyjal,960,hunter,beastmastery,18,10,8
Csantana,sargeras,960,hunter,beastmastery,18,10,8
Sniperfx,lightbringer,960,hunter,beastmastery,18,10,8
Willdey,frostmourne,960,hunter,beastmastery,24,10,14
Bloodymalik,tichondrius,960,hunter,beastmastery,24,10,14
Focús,laughing-skull,960,hunter,beastmastery,24,10,14
Fishxxo,frostmourne,960,hunter,beastmastery,24,10,14
Justforfunxx,tichondrius,960,hunter,beastmastery,30,10,20
Rosebullets,bleeding-hollow,959,hunter,beastmastery,18,10,8
Bigkolache,zuljin,959,hunter,beastmastery,18,10,8
Tmnarcanttv,tichondrius,959,hunter,beastmastery,18,10,8
Geregaux,sargeras,959,hunter,beastmastery,18,10,8
Evolushun,kiljaeden,959,hunter,beastmastery,21,11,10
Vigon,stormrage,959,hunter,beastmastery,24,10,14
Huntfaceguy,agamaggan,959,hunter,beastmastery,24,10,14
Orgpopeyes,illidan,959,hunter,beastmastery,24,10,14
Yangthekhunt,tichondrius,959,hunter,beastmastery,24,10,14
Tangoda,tichondrius,959,hunter,beastmastery,24,10,14
Leyliann,quelthalas,959,hunter,beastmastery,27,11,16
Kimbaa,tichondrius,959,hunter,beastmastery,30,10,20
Yolloswag,tichondrius,959,hunter,beastmastery,36,10,26
Motegi,illidan,959,hunter,beastmastery,36,10,26
Aquabat,wildhammer,958,hunter,beastmastery,18,10,8
Quickfyre,stormrage,958,hunter,beastmastery,18,10,8
Tazer,area-52,958,hunter,beastmastery,24,10,14
Chunco,ragnaros,958,hunter,beastmastery,24,10,14
Pafäcïle,tichondrius,958,hunter,beastmastery,24,10,14
Marexx,tichondrius,958,hunter,beastmastery,24,10,14
Behavior,nemesis,957,hunter,beastmastery,18,10,8
Xua,frostmourne,957,hunter,beastmastery,18,10,8
Imthaböss,nazjatar,957,hunter,beastmastery,23,10,13
Xuv,illidan,957,hunter,beastmastery,24,10,14
Sumom,darrowmere,957,hunter,beastmastery,44,18,26
Littledougie,boulderfist,957,hunter,beastmastery,30,10,20
Kaiholeo,tichondrius,957,hunter,beastmastery,30,10,20
Killshotqq,tichondrius,956,hunter,beastmastery,24,10,14
Bowjobe,tichondrius,955,hunter,beastmastery,24,10,14
Chimpx,moon-guard,955,hunter,beastmastery,24,10,14
Hyena,kelthuzad,955,hunter,beastmastery,24,10,14
Rocchettâ,kirin-tor,954,hunter,beastmastery,18,10,8
Trim,tichondrius,954,hunter,beastmastery,18,10,8
Murdaugh,icecrown,954,hunter,beastmastery,18,10,8
Rezkiin,tichondrius,953,hunter,beastmastery,18,10,8
Dunkam,quelthalas,952,hunter,beastmastery,24,10,14
Huntertimes,ragnaros,951,hunter,beastmastery,12,10,2
Steelaeon,moon-guard,951,hunter,beastmastery,24,10,14
Handicrap,tichondrius,950,hunter,beastmastery,22,11,11
Easypoacher,tichondrius,948,hunter,beastmastery,18,10,8
Namikawa,stormrage,948,hunter,beastmastery,18,10,8
Flacidhunter,kelthuzad,948,hunter,beastmastery,24,10,14
ßaeløn,malganis,947,hunter,beastmastery,15,11,4
Bittitan,frostmourne,947,hunter,beastmastery,18,10,8
Therealgam,the-underbog,946,hunter,beastmastery,18,10,8
Leaii,thrall,944,hunter,beastmastery,43,24,19
Malthiz,antonidas,934,hunter,beastmastery,34,15,19
Braii,blood-furnace,930,hunter,beastmastery,24,10,14
Salurian,destromath,930,hunter,beastmastery,40,15,25
Shootyurshot,stormrage,927,hunter,beastmastery,20,11,9
Finol,azralon,926,hunter,beastmastery,14,11,3
Entrapment,emerald-dream,924,hunter,beastmastery,23,10,13
Hunbatz,dalaran,923,hunter,beastmastery,31,16,15
Sleepywrld,area-52,921,hunter,beastmastery,23,10,13
Ashantii,hakkar,919,hunter,beastmastery,24,10,14
Guapshot,stormreaver,917,hunter,beastmastery,29,10,19
Maveraxx,executus,916,hunter,beastmastery,42,15,27
Pewpew,gallywix,915,hunter,beastmastery,29,10,19
Çhexmix,kiljaeden,910,hunter,beastmastery,15,10,5
Actehón,ragnaros,909,hunter,beastmastery,36,18,18
Coyner,tichondrius,907,hunter,beastmastery,21,10,11
Capnjack,hyjal,906,hunter,beastmastery,33,10,23
Wael,perenolde,905,hunter,beastmastery,17,10,7
Glizzys,cairne,904,hunter,beastmastery,29,12,17
Cernos,malganis,902,hunter,beastmastery,23,10,13
Raikuu,skullcrusher,900,hunter,beastmastery,48,22,26
Ketulirantle,azralon,891,hunter,beastmastery,46,13,33
Boww,sargeras,890,hunter,beastmastery,20,10,10
Moistlegs,proudmoore,890,hunter,beastmastery,26,10,16
Foh,kelthuzad,888,hunter,beastmastery,17,10,7
Rotokrim,emerald-dream,882,hunter,beastmastery,184,87,97
Dragonman,grizzly-hills,876,hunter,beastmastery,42,10,32
Spitballa,emerald-dream,870,hunter,beastmastery,31,11,20
Bmhuntlol,illidan,864,hunter,beastmastery,12,9,3
Slipox,sargeras,864,hunter,beastmastery,12,9,3
Naestrá,bleeding-hollow,864,hunter,beastmastery,12,9,3
Huntations,sargeras,864,hunter,beastmastery,12,9,3
Lilperc,zuljin,864,hunter,beastmastery,12,9,3
Lubze,bleeding-hollow,864,hunter,beastmastery,12,9,3
Petattack,barthilas,864,hunter,beastmastery,12,9,3
Elaisse,uther,864,hunter,beastmastery,12,9,3
Phetch,bleeding-hollow,864,hunter,beastmastery,12,9,3
Laoai,tichondrius,864,hunter,beastmastery,12,9,3
Lilsynchfyb,sargeras,864,hunter,beastmastery,18,9,9
Xbloody,tichondrius,864,hunter,beastmastery,18,9,9
Yatyegatchun,illidan,864,hunter,beastmastery,18,9,9
Airlol,tichondrius,864,hunter,beastmastery,18,9,9
Zizilio,kelthuzad,864,hunter,beastmastery,18,9,9
Deutêr,quelthalas,864,hunter,beastmastery,18,9,9
Chouklak,zuljin,864,hunter,beastmastery,18,9,9
Déwi,tichondrius,864,hunter,beastmastery,18,9,9
Hagadinn,frostmourne,864,hunter,beastmastery,18,9,9
Scurvypete,perenolde,864,hunter,beastmastery,24,9,15
Balrröt,malganis,864,hunter,beastmastery,24,9,15
Kaitoo,tichondrius,864,hunter,beastmastery,24,9,15
Dirtyytroll,area-52,864,hunter,beastmastery,24,9,15
Arteene,illidan,864,hunter,beastmastery,24,9,15
Katiepie,frostmourne,864,hunter,beastmastery,30,9,21
Saynice,warsong,863,hunter,beastmastery,12,9,3
Noisetrader,illidan,863,hunter,beastmastery,12,9,3
Reic,kiljaeden,863,hunter,beastmastery,15,10,5
Twoshotzz,darkspear,863,hunter,beastmastery,15,10,5
Xernen,thrall,863,hunter,beastmastery,18,9,9
Luçkyan,tichondrius,863,hunter,beastmastery,18,9,9
Hendó,korgath,863,hunter,beastmastery,18,9,9
Berkhof,tichondrius,863,hunter,beastmastery,18,9,9
Tethro,zuljin,863,hunter,beastmastery,18,9,9
Jamzlol,frostmourne,863,hunter,beastmastery,18,9,9
Dbrickashaw,proudmoore,863,hunter,beastmastery,18,9,9
Burguir,ragnaros,863,hunter,beastmastery,18,9,9
Nikronos,quelthalas,863,hunter,beastmastery,18,9,9
Akoshi,illidan,863,hunter,beastmastery,18,9,9
Wellerman,firetree,863,hunter,beastmastery,18,9,9
Viral,grizzly-hills,863,hunter,beastmastery,18,9,9
Drivebyjuju,dentarg,863,hunter,beastmastery,18,9,9
Snowjin,stormrage,863,hunter,beastmastery,18,9,9
Jockitch,wildhammer,863,hunter,beastmastery,18,9,9
Nubberton,sargeras,863,hunter,beastmastery,24,9,15
Tarah,lightbringer,863,hunter,beastmastery,24,9,15
Bighuntz,bleeding-hollow,863,hunter,beastmastery,30,9,21
Bleedwish,tichondrius,863,hunter,beastmastery,31,9,22
Seáhawk,kiljaeden,862,hunter,beastmastery,12,9,3
Loriandel,proudmoore,862,hunter,beastmastery,14,9,5
Strongene,aegwynn,862,hunter,beastmastery,18,9,9
Toross,stormscale,862,hunter,beastmastery,18,9,9
Qúin,frostmourne,862,hunter,beastmastery,18,9,9
Kinete,proudmoore,862,hunter,beastmastery,18,9,9
Hawkeye,boulderfist,862,hunter,beastmastery,24,9,15
Korasaurus,tichondrius,861,hunter,beastmastery,12,9,3
Alikay,ragnaros,861,hunter,beastmastery,24,9,15
Hrodvitnir,quelthalas,861,hunter,beastmastery,24,9,15
Trápngap,barthilas,861,hunter,beastmastery,24,9,15
Jahir,tichondrius,860,hunter,beastmastery,18,9,9
Shdwhntrclub,wyrmrest-accord,860,hunter,beastmastery,24,9,15
Byrdh,zuljin,860,hunter,beastmastery,27,10,17
Goinghuntin,frostmourne,859,hunter,beastmastery,18,9,9
Trionias,malfurion,859,hunter,beastmastery,30,9,21
Xeriife,stormrage,858,hunter,beastmastery,19,9,10
Soulshots,malganis,858,hunter,beastmastery,30,9,21
Chuphunts,tichondrius,857,hunter,beastmastery,12,9,3
Vexxør,bleeding-hollow,856,hunter,beastmastery,18,9,9
Kalekros,tichondrius,856,hunter,beastmastery,30,9,21
Galerius,illidan,855,hunter,beastmastery,30,9,21
Sagittarion,malfurion,854,hunter,beastmastery,19,10,9
Shiztec,malganis,854,hunter,beastmastery,24,9,15
Foffy,darkspear,851,hunter,beastmastery,18,9,9
Hunterdps,gurubashi,851,hunter,beastmastery,18,9,9
Survival,dentarg,851,hunter,beastmastery,24,9,15
Nalsa,tichondrius,847,hunter,beastmastery,17,9,8
Eggsquatch,emerald-dream,844,hunter,beastmastery,12,9,3
Skullgrain,eitrigg,844,hunter,beastmastery,23,9,14
Noahxkhalel,azralon,832,hunter,beastmastery,29,9,20
Hikkupz,tichondrius,831,hunter,beastmastery,23,9,14
Flamenco,arthas,830,hunter,beastmastery,17,9,8
Spunky,zuluhed,830,hunter,beastmastery,17,9,8
Vastiks,dalaran,829,hunter,beastmastery,26,9,17
Tupirani,azralon,828,hunter,beastmastery,16,9,7
Coletrickle,chogall,822,hunter,beastmastery,32,10,22
Rawspits,kiljaeden,814,hunter,beastmastery,29,9,20
Vyalaris,emerald-dream,813,hunter,beastmastery,21,9,12
Showtheio,azralon,809,hunter,beastmastery,23,11,12
Bagurgur,tichondrius,799,hunter,beastmastery,16,9,7
Jonyvi,stormrage,798,hunter,beastmastery,19,10,9
Ryøkø,nemesis,796,hunter,beastmastery,11,9,2
Owoonisan,illidan,794,hunter,beastmastery,22,9,13
Anya,proudmoore,789,hunter,beastmastery,36,13,23
Bowzørx,tichondrius,768,hunter,beastmastery,12,8,4
Dragonspider,zuljin,768,hunter,beastmastery,12,8,4
Ogstrutt,zuljin,768,hunter,beastmastery,12,8,4
Puns,stormreaver,768,hunter,beastmastery,12,8,4
Disper,hyjal,768,hunter,beastmastery,12,8,4
Rthr,kiljaeden,768,hunter,beastmastery,12,8,4
Kolotak,kelthuzad,768,hunter,beastmastery,12,8,4
Flub,shadow-council,768,hunter,beastmastery,12,8,4
Zute,sargeras,768,hunter,beastmastery,12,8,4
Chippendales,illidan,768,hunter,beastmastery,12,8,4
Jsrhuntz,sargeras,768,hunter,beastmastery,12,8,4
Kite,dathremar,768,hunter,beastmastery,12,8,4
Meshunt,tichondrius,768,hunter,beastmastery,12,8,4
Newcomb,sargeras,768,hunter,beastmastery,12,8,4
Deinaito,bleeding-hollow,768,hunter,beastmastery,12,8,4
Darylovejr,destromath,768,hunter,beastmastery,12,8,4
Tigglyjits,tichondrius,768,hunter,beastmastery,18,8,10
Teammatescba,tichondrius,768,hunter,beastmastery,18,8,10
Barosan,illidan,768,hunter,beastmastery,18,8,10
Urukah,gallywix,768,hunter,beastmastery,18,8,10
Oblitus,zuljin,768,hunter,beastmastery,18,8,10
Heädshöt,malorne,768,hunter,beastmastery,18,8,10
Oblio,silvermoon,768,hunter,beastmastery,18,8,10
Yonzo,area-52,768,hunter,beastmastery,18,8,10
Ddukgue,tichondrius,768,hunter,beastmastery,18,8,10
Seongnam,tichondrius,768,hunter,beastmastery,18,8,10
Gotrap,saurfang,768,hunter,beastmastery,18,8,10
Katherìnelol,tichondrius,768,hunter,beastmastery,21,9,12
Aamoody,bloodhoof,768,hunter,beastmastery,24,8,16
Kolosaltraps,tichondrius,768,hunter,beastmastery,24,8,16
Keldrek,wyrmrest-accord,767,hunter,beastmastery,12,8,4
Remièl,frostmourne,767,hunter,beastmastery,12,8,4
Hackerman,tichondrius,767,hunter,beastmastery,12,8,4
Cxnt,saurfang,767,hunter,beastmastery,15,9,6
Gorgoon,sargeras,767,hunter,beastmastery,16,9,7
Eatmybow,nemesis,767,hunter,beastmastery,16,9,7
Jesselos,stormrage,767,hunter,beastmastery,18,8,10
Leandrox,quelthalas,767,hunter,beastmastery,18,8,10
Raphgun,stormrage,767,hunter,beastmastery,18,8,10
Zephanno,sargeras,767,hunter,beastmastery,18,8,10
Picapaul,stormrage,767,hunter,beastmastery,18,8,10
Vindication,ysera,767,hunter,beastmastery,18,8,10
Iamreek,sargeras,767,hunter,beastmastery,18,8,10
Thehunturd,dalaran,767,hunter,beastmastery,18,8,10
Bowjingles,blackrock,767,hunter,beastmastery,18,8,10
Jímmycorn,sargeras,767,hunter,beastmastery,18,8,10
Flîp,daggerspine,767,hunter,beastmastery,18,8,10
Brickgrimes,illidan,767,hunter,beastmastery,19,8,11
Lûrtz,aegwynn,767,hunter,beastmastery,21,8,13
Laudion,quelthalas,766,hunter,beastmastery,12,8,4
Thirtyeight,blades-edge,766,hunter,beastmastery,18,8,10
Hideontrap,malganis,766,hunter,beastmastery,18,8,10
Föcker,emerald-dream,766,hunter,beastmastery,18,8,10
Traps,deathwing,766,hunter,beastmastery,18,8,10
Atheranni,azralon,766,hunter,beastmastery,18,8,10
Satours,quelthalas,766,hunter,beastmastery,18,8,10
Tirocertobr,azralon,766,hunter,beastmastery,18,8,10
Thugio,sargeras,766,hunter,beastmastery,18,8,10
Ghostone,sargeras,766,hunter,beastmastery,18,8,10
Crumpit,moon-guard,766,hunter,beastmastery,27,8,19
Calbone,stormrage,765,hunter,beastmastery,12,8,4
Ivix,sargeras,765,hunter,beastmastery,12,8,4
Hunt,akama,765,hunter,beastmastery,24,8,16
Franzosisch,stormrage,764,hunter,beastmastery,12,8,4
Henski,wyrmrest-accord,764,hunter,beastmastery,18,8,10
Grøøves,dalaran,763,hunter,beastmastery,18,8,10
Skarioth,azralon,763,hunter,beastmastery,18,8,10
Dodirty,laughing-skull,763,hunter,beastmastery,24,8,16
Jayker,illidan,762,hunter,beastmastery,12,8,4
Halberick,quelthalas,762,hunter,beastmastery,12,8,4
Shamtus,bladefist,762,hunter,beastmastery,12,8,4
Tookoid,sargeras,762,hunter,beastmastery,12,8,4
Stillkrow,sargeras,762,hunter,beastmastery,18,8,10
Kluetus,sargeras,762,hunter,beastmastery,18,8,10
Élmérfudd,tichondrius,762,hunter,beastmastery,24,8,16
Àléç,mannoroth,760,hunter,beastmastery,18,8,10
Bakharnabi,azralon,760,hunter,beastmastery,18,8,10
Johnwïck,moon-guard,760,hunter,beastmastery,24,8,16
Ophiela,shuhalo,759,hunter,beastmastery,36,8,28
Eeremm,drakkari,758,hunter,beastmastery,12,8,4
Massivattack,skullcrusher,758,hunter,beastmastery,24,8,16
Blankshot,doomhammer,757,hunter,beastmastery,18,8,10
Drpenatrator,barthilas,755,hunter,beastmastery,18,8,10
Bblsallday,illidan,754,hunter,beastmastery,12,8,4
Androki,stormrage,752,hunter,beastmastery,12,8,4
Krispyflayz,sargeras,751,hunter,beastmastery,17,8,9
Raevenah,dalaran,747,hunter,beastmastery,12,8,4
Stimpblimp,jubeithos,736,hunter,beastmastery,16,8,8
Hawkkeye,thunderlord,734,hunter,beastmastery,23,8,15
Vendortrash,aggramar,733,hunter,beastmastery,17,8,9
Wkg,azgalor,728,hunter,beastmastery,41,19,22
Kathelvia,area-52,727,hunter,beastmastery,26,9,17
Acotas,blades-edge,724,hunter,beastmastery,24,9,15
Eksd,sargeras,719,hunter,beastmastery,11,8,3
Timberex,drenden,715,hunter,beastmastery,15,8,7
Kysii,burning-blade,714,hunter,beastmastery,21,8,13
Cloxygen,moon-guard,713,hunter,beastmastery,22,9,13
Popster,cenarius,704,hunter,beastmastery,16,8,8
Petpenguin,kelthuzad,703,hunter,beastmastery,11,8,3
Yozomoto,nordrassil,703,hunter,beastmastery,14,8,6
Oppshot,kul-tiras,703,hunter,beastmastery,19,8,11
Jinchuriki,shadow-council,703,hunter,beastmastery,28,8,20
Qua,perenolde,702,hunter,beastmastery,17,8,9
Snoozee,emerald-dream,702,hunter,beastmastery,20,8,12
Jawnhunterii,tichondrius,672,hunter,beastmastery,12,7,5
Jsr,tichondrius,672,hunter,beastmastery,12,7,5
Gentledream,dalaran,672,hunter,beastmastery,12,7,5
Cinnybunz,malganis,672,hunter,beastmastery,12,7,5
Artames,tichondrius,672,hunter,beastmastery,12,7,5
Handmemygun,aggramar,672,hunter,beastmastery,12,7,5
Crimsoncoast,tichondrius,672,hunter,beastmastery,12,7,5
Beabalm,dalaran,672,hunter,beastmastery,12,7,5
Pmø,sargeras,672,hunter,beastmastery,12,7,5
Wabí,tichondrius,672,hunter,beastmastery,12,7,5
Grannygatya,tichondrius,672,hunter,beastmastery,12,7,5
Downor,malganis,672,hunter,beastmastery,12,7,5
Ztyer,stormrage,672,hunter,beastmastery,12,7,5
Aredbull,jubeithos,672,hunter,beastmastery,12,7,5
Alfentanil,thrall,672,hunter,beastmastery,12,7,5
Hollowhunt,sentinels,672,hunter,beastmastery,12,7,5
Mauiies,sargeras,672,hunter,beastmastery,12,7,5
Akirarika,wyrmrest-accord,672,hunter,beastmastery,12,7,5
Mylaqt,malganis,672,hunter,beastmastery,12,7,5
Barainto,tichondrius,672,hunter,beastmastery,12,7,5
Küky,ragnaros,672,hunter,beastmastery,12,7,5
Sakedji,area-52,672,hunter,beastmastery,12,7,5
Buzzkilla,mannoroth,672,hunter,beastmastery,12,7,5
Tusxx,tichondrius,672,hunter,beastmastery,12,7,5
Ajukeo,tichondrius,672,hunter,beastmastery,12,7,5
Jxbupx,tichondrius,672,hunter,beastmastery,12,7,5
Cumman,sargeras,672,hunter,beastmastery,12,7,5
Yolotraps,thrall,672,hunter,beastmastery,12,7,5
Starkhaven,firetree,672,hunter,beastmastery,12,7,5
Litchi,illidan,672,hunter,beastmastery,12,7,5
Skippyh,zuluhed,672,hunter,beastmastery,12,7,5
Gun,shadowsong,672,hunter,beastmastery,12,7,5
Xerosa,emerald-dream,672,hunter,beastmastery,12,7,5
Snapyaf,area-52,672,hunter,beastmastery,12,7,5
Mehontar,area-52,672,hunter,beastmastery,12,7,5
Kaikunoshiri,tichondrius,672,hunter,beastmastery,12,7,5
Shaytime,proudmoore,672,hunter,beastmastery,16,8,8
Szeh,tichondrius,672,hunter,beastmastery,14,7,7
Huntard,stormrage,672,hunter,beastmastery,18,7,11
Joerogan,hydraxis,672,hunter,beastmastery,18,7,11
Shorÿuken,tichondrius,672,hunter,beastmastery,18,7,11
Clowntown,illidan,672,hunter,beastmastery,18,7,11
Zakrogg,tichondrius,672,hunter,beastmastery,18,7,11
Greenmamba,thrall,672,hunter,beastmastery,18,7,11
Deuzebuk,azralon,672,hunter,beastmastery,18,7,11
Mostmanly,tichondrius,672,hunter,beastmastery,18,7,11
Dreagneal,ragnaros,672,hunter,beastmastery,18,7,11
Sylpheous,bleeding-hollow,672,hunter,beastmastery,18,7,11
Velaknahtou,illidan,672,hunter,beastmastery,18,7,11
Hyperíon,draenor,672,hunter,beastmastery,18,7,11
Ðevil,ragnaros,672,hunter,beastmastery,18,7,11
Antares,dalaran,672,hunter,beastmastery,18,7,11
Sèasons,tichondrius,672,hunter,beastmastery,21,7,14
Sunsinfour,proudmoore,672,hunter,beastmastery,24,7,17
Titanaxis,tichondrius,672,hunter,beastmastery,24,7,17
Lavo,borean-tundra,671,hunter,beastmastery,12,7,5
Winzip,whisperwind,671,hunter,beastmastery,12,7,5
Spunkked,tichondrius,671,hunter,beastmastery,12,7,5
Terezhunt,tichondrius,671,hunter,beastmastery,12,7,5
Scruffiebear,deathwing,671,hunter,beastmastery,12,7,5
Mannypew,kelthuzad,671,hunter,beastmastery,12,7,5
Óriion,zuljin,671,hunter,beastmastery,12,7,5
Jendell,area-52,671,hunter,beastmastery,12,7,5
Ziêg,eonar,671,hunter,beastmastery,12,7,5
Anniefuchsia,stormrage,671,hunter,beastmastery,12,7,5
Exploits,stormrage,671,hunter,beastmastery,12,7,5
Tremobbin,kelthuzad,671,hunter,beastmastery,12,7,5
Melinda,kilrogg,671,hunter,beastmastery,12,7,5
Scrubmastery,emerald-dream,671,hunter,beastmastery,12,7,5
Beardedeagle,tichondrius,671,hunter,beastmastery,15,8,7
Threethirty,thrall,671,hunter,beastmastery,18,7,11
Heylenny,area-52,671,hunter,beastmastery,18,7,11
Léfty,burning-blade,671,hunter,beastmastery,18,7,11
Mooséhunt,wyrmrest-accord,671,hunter,beastmastery,18,7,11
Jagare,tichondrius,671,hunter,beastmastery,18,7,11
Amortiz,illidan,671,hunter,beastmastery,18,7,11
Genowin,sargeras,671,hunter,beastmastery,18,7,11
Riukyv,ragnaros,671,hunter,beastmastery,18,7,11
Ratfood,tichondrius,671,hunter,beastmastery,23,7,16
Madness,zuljin,670,hunter,beastmastery,12,7,5
Topgun,laughing-skull,670,hunter,beastmastery,12,7,5
Yanzz,spinebreaker,670,hunter,beastmastery,12,7,5
Enigmer,area-52,670,hunter,beastmastery,12,7,5
Fawn,moon-guard,670,hunter,beastmastery,18,7,11
Spaeth,borean-tundra,670,hunter,beastmastery,24,7,17
Neurosurgery,azralon,669,hunter,beastmastery,18,7,11
Fynnigan,shandris,669,hunter,beastmastery,18,7,11
Oneshotman,hydraxis,668,hunter,beastmastery,12,7,5
Zhanzu,quelthalas,668,hunter,beastmastery,18,7,11
Terusa,ragnaros,667,hunter,beastmastery,24,7,17
Arielma,illidan,667,hunter,beastmastery,30,7,23
Badboyzcry,deathwing,666,hunter,beastmastery,12,7,5
Strafenshoot,darkspear,666,hunter,beastmastery,12,7,5
Rikitiki,bleeding-hollow,663,hunter,beastmastery,18,7,11
Eastera,tichondrius,663,hunter,beastmastery,27,8,19
Cbramatacera,drakkari,661,hunter,beastmastery,12,7,5
Theprovider,burning-blade,659,hunter,beastmastery,12,7,5
Benryats,area-52,657,hunter,beastmastery,21,8,13
Legendhunter,quelthalas,655,hunter,beastmastery,12,8,4
Lyduc,barthilas,655,hunter,beastmastery,17,7,10
Wuzi,echo-isles,653,hunter,beastmastery,18,7,11
Linszsz,nemesis,648,hunter,beastmastery,23,9,14
Árescarries,shuhalo,623,hunter,beastmastery,15,7,8
Ashx,nemesis,623,hunter,beastmastery,17,7,10
Twatshót,burning-legion,611,hunter,beastmastery,22,10,12
Supdawg,aggramar,607,hunter,beastmastery,17,7,10
Stfd,illidan,607,hunter,beastmastery,20,7,13
Shootdogg,mannoroth,607,hunter,beastmastery,20,7,13
Lulafourdedo,stormrage,606,hunter,beastmastery,9,7,2
Shanghunt,cenarius,604,hunter,beastmastery,14,7,7
Oshosiwar,ragnaros,588,hunter,beastmastery,21,7,14
Jjaro,area-52,576,hunter,beastmastery,6,6,0
Drwíggles,smolderthorn,576,hunter,beastmastery,6,6,0
Rekkis,area-52,576,hunter,beastmastery,6,6,0
Píps,maelstrom,576,hunter,beastmastery,6,6,0
Igotapvpness,tichondrius,576,hunter,beastmastery,6,6,0
Gassmask,area-52,576,hunter,beastmastery,6,6,0
Ziraiel,tichondrius,576,hunter,beastmastery,12,6,6
Gennaro,ragnaros,576,hunter,beastmastery,12,6,6
Jwzz,tichondrius,576,hunter,beastmastery,12,6,6
Mcfibers,malganis,576,hunter,beastmastery,12,6,6
Jonah,sargeras,576,hunter,beastmastery,12,6,6
Retaâáàäãart,tichondrius,576,hunter,beastmastery,12,6,6
Raadun,terokkar,576,hunter,beastmastery,12,6,6
Chriscal,zuljin,576,hunter,beastmastery,12,6,6
Alochol,vashj,576,hunter,beastmastery,12,6,6
Orqism,tichondrius,576,hunter,beastmastery,12,6,6
Evilblammo,thorium-brotherhood,576,hunter,beastmastery,12,6,6
Wapnonymous,mugthol,576,hunter,beastmastery,12,6,6
Zertkal,undermine,576,hunter,beastmastery,12,6,6
Relaxnerd,antonidas,576,hunter,beastmastery,12,6,6
Gilv,frostmourne,576,hunter,beastmastery,12,6,6
Toniic,moon-guard,576,hunter,beastmastery,12,6,6
Wolfzburg,moon-guard,576,hunter,beastmastery,12,6,6
Jalinhabbei,azralon,576,hunter,beastmastery,12,6,6
Skyfel,aggramar,576,hunter,beastmastery,12,6,6
Darksniper,proudmoore,576,hunter,beastmastery,12,6,6
Zookeepah,tichondrius,576,hunter,beastmastery,12,6,6
Khanittus,area-52,576,hunter,beastmastery,12,6,6
Somethinglit,sargeras,576,hunter,beastmastery,12,6,6
Gravshot,zuljin,576,hunter,beastmastery,12,6,6
Zeedii,dalaran,576,hunter,beastmastery,12,6,6
Rockoutt,emerald-dream,576,hunter,beastmastery,12,6,6
Balboa,tortheldrin,576,hunter,beastmastery,12,6,6
Arrebol,tichondrius,576,hunter,beastmastery,12,6,6
Shøz,wyrmrest-accord,576,hunter,beastmastery,12,6,6
Hunterpk,lightbringer,576,hunter,beastmastery,12,6,6
Invisabootz,hyjal,576,hunter,beastmastery,12,6,6
Daylilycoast,emerald-dream,576,hunter,beastmastery,12,6,6
Kyoü,drakkari,576,hunter,beastmastery,12,6,6
Jboogie,malganis,576,hunter,beastmastery,12,6,6
Nampa,stormrage,576,hunter,beastmastery,12,6,6
Kånade,ragnaros,576,hunter,beastmastery,12,6,6
Dd,frostmourne,576,hunter,beastmastery,12,6,6
Nytefell,skullcrusher,576,hunter,beastmastery,12,6,6
Aduurant,quelthalas,576,hunter,beastmastery,12,6,6
Boybawang,area-52,576,hunter,beastmastery,12,6,6
Jellyleg,bleeding-hollow,576,hunter,beastmastery,12,6,6
Peregrin,burning-legion,576,hunter,beastmastery,12,6,6
Ahncheolsoo,tichondrius,576,hunter,beastmastery,12,6,6
Spottedoger,burning-legion,576,hunter,beastmastery,12,6,6
Wongy,tichondrius,576,hunter,beastmastery,12,6,6
Drdill,gorefiend,576,hunter,beastmastery,12,6,6
Raerdun,bonechewer,576,hunter,beastmastery,12,6,6
Fma,stormrage,576,hunter,beastmastery,12,6,6
Supernamh,sargeras,576,hunter,beastmastery,12,6,6
Harmfulwang,emerald-dream,576,hunter,beastmastery,12,6,6
Actioh,stormrage,576,hunter,beastmastery,12,6,6
Misakilr,illidan,576,hunter,beastmastery,13,6,7
Arraza,ragnaros,576,hunter,beastmastery,16,7,9
Ærês,ysondre,576,hunter,beastmastery,14,6,8
Ljai,gilneas,576,hunter,beastmastery,18,6,12
Mørødox,sargeras,576,hunter,beastmastery,18,6,12
Pieman,azuremyst,576,hunter,beastmastery,18,6,12
Poonbaddy,kiljaeden,576,hunter,beastmastery,18,6,12
Kanta,bleeding-hollow,576,hunter,beastmastery,18,6,12
Møoo,ragnaros,576,hunter,beastmastery,18,6,12
Khattab,tichondrius,576,hunter,beastmastery,18,6,12
Virgim,kelthuzad,576,hunter,beastmastery,18,6,12
Nishinos,tichondrius,576,hunter,beastmastery,18,6,12
Sáns,sargeras,576,hunter,beastmastery,18,6,12
Beastbaal,sargeras,576,hunter,beastmastery,24,6,18
Sniffler,barthilas,576,hunter,beastmastery,24,6,18
Noitrag,azralon,575,hunter,beastmastery,11,6,5
Ovî,area-52,575,hunter,beastmastery,12,6,6
Drimhuzzah,velen,575,hunter,beastmastery,12,6,6
Asuryakha,darkspear,575,hunter,beastmastery,12,6,6
Rankhor,darkspear,575,hunter,beastmastery,12,6,6
Wdb,tichondrius,575,hunter,beastmastery,12,6,6
Recoyl,proudmoore,575,hunter,beastmastery,12,6,6
Fireshots,tichondrius,575,hunter,beastmastery,12,6,6
Ontop,draka,575,hunter,beastmastery,12,6,6
Horsegirl,chogall,575,hunter,beastmastery,12,6,6
Míbu,lightbringer,575,hunter,beastmastery,12,6,6
Burtone,aegwynn,575,hunter,beastmastery,12,6,6
Yobby,area-52,575,hunter,beastmastery,12,6,6
Gwarnar,stormrage,575,hunter,beastmastery,12,6,6
Eastwake,stormrage,575,hunter,beastmastery,12,6,6
Mindbreaker,illidan,575,hunter,beastmastery,12,6,6
Gammaraven,dalaran,575,hunter,beastmastery,12,6,6
Orangegummy,frostmourne,575,hunter,beastmastery,15,7,8
Eggbertx,frostmourne,575,hunter,beastmastery,18,6,12
Balsagoth,azralon,575,hunter,beastmastery,18,6,12
Aliciaomg,andorhal,575,hunter,beastmastery,18,6,12
Tozier,destromath,575,hunter,beastmastery,18,6,12
Nikå,ragnaros,575,hunter,beastmastery,18,6,12
Camorcaist,stormrage,575,hunter,beastmastery,18,6,12
Galadrieel,magtheridon,575,hunter,beastmastery,18,6,12
Hugehuntard,frostmane,575,hunter,beastmastery,30,6,24
Nekrongar,agamaggan,574,hunter,beastmastery,12,6,6
Arcticuz,aegwynn,574,hunter,beastmastery,12,6,6
Ripmytoast,chogall,574,hunter,beastmastery,12,6,6
Kalibah,azralon,574,hunter,beastmastery,18,6,12
Sapphie,frostmourne,574,hunter,beastmastery,24,6,18
Flooring,illidan,573,hunter,beastmastery,12,6,6
Dakirell,drakkari,573,hunter,beastmastery,18,6,12
Pewpewd,tichondrius,572,hunter,beastmastery,12,6,6
Dethh,dunemaul,572,hunter,beastmastery,12,6,6
Høød,aggramar,571,hunter,beastmastery,12,6,6
Kelgar,the-scryers,571,hunter,beastmastery,18,6,12
Katmang,frostmourne,571,hunter,beastmastery,18,6,12
Speirs,tichondrius,570,hunter,beastmastery,18,6,12
Kargathx,ragnaros,569,hunter,beastmastery,20,8,12
Bluehead,emerald-dream,566,hunter,beastmastery,12,6,6
Parâsite,kelthuzad,559,hunter,beastmastery,23,6,17
Jîa,tichondrius,544,hunter,beastmastery,16,6,10
Ullria,frostmourne,544,hunter,beastmastery,16,6,10
Habanero,anetheron,543,hunter,beastmastery,14,7,7
Tezlekhan,haomarush,543,hunter,beastmastery,17,6,11
Viserysll,azralon,542,hunter,beastmastery,11,6,5
Beolwolf,darkspear,527,hunter,beastmastery,11,6,5
Rachetbutt,tichondrius,527,hunter,beastmastery,11,6,5
Trycen,bleeding-hollow,527,hunter,beastmastery,11,6,5
Pikepounder,tichondrius,527,hunter,beastmastery,15,6,9
Memorypet,proudmoore,527,hunter,beastmastery,15,6,9
Oromme,ragnaros,526,hunter,beastmastery,20,7,13
Porkrager,doomhammer,522,hunter,beastmastery,14,7,7
Mïsërý,tichondrius,522,hunter,beastmastery,21,7,14
Bugsßunny,sargeras,521,hunter,beastmastery,22,7,15
Ataxyus,area-52,512,hunter,beastmastery,10,6,4
Bowjobs,stormscale,511,hunter,beastmastery,14,6,8
Pigmaster,tichondrius,511,hunter,beastmastery,14,6,8
Aluminumfoil,kelthuzad,510,hunter,beastmastery,11,6,5
Bagodonuts,malganis,510,hunter,beastmastery,17,7,10
Zock,lothar,494,hunter,beastmastery,19,6,13
Bluez,tichondrius,480,hunter,beastmastery,6,5,1
Nokda,tichondrius,480,hunter,beastmastery,6,5,1
Kkoduckk,tichondrius,480,hunter,beastmastery,6,5,1
Arthäsxd,azralon,480,hunter,beastmastery,6,5,1
Buffhunt,tichondrius,480,hunter,beastmastery,6,5,1
Cyrads,darkspear,480,hunter,beastmastery,6,5,1
Glacierr,emerald-dream,480,hunter,beastmastery,6,5,1
Wopper,moon-guard,480,hunter,beastmastery,6,5,1
Brokensnipez,area-52,480,hunter,beastmastery,6,5,1
Añtø,tichondrius,480,hunter,beastmastery,6,5,1
Goodwillhunt,tichondrius,480,hunter,beastmastery,6,5,1
Chimeralol,area-52,480,hunter,beastmastery,6,5,1
Oeoeoeoeoeoe,alterac-mountains,480,hunter,beastmastery,6,5,1
Arleesta,thrall,480,hunter,beastmastery,6,5,1
Cojáx,dalaran,480,hunter,beastmastery,6,5,1
Megahuntard,bleeding-hollow,480,hunter,beastmastery,6,5,1
Yajr,black-dragonflight,480,hunter,beastmastery,6,5,1
Tèrrabite,sargeras,480,hunter,beastmastery,6,5,1
Zansnipes,dalaran,480,hunter,beastmastery,6,5,1
Linkolnn,sargeras,480,hunter,beastmastery,6,5,1
Tukki,quelthalas,480,hunter,beastmastery,6,5,1
Nsjp,darkspear,480,hunter,beastmastery,6,5,1
Jareeth,bleeding-hollow,480,hunter,beastmastery,6,5,1
Slêv,frostmourne,480,hunter,beastmastery,6,5,1
Plsnobanmee,frostmourne,480,hunter,beastmastery,6,5,1
Paraxh,tichondrius,480,hunter,beastmastery,6,5,1
Dankshunt,arthas,480,hunter,beastmastery,6,5,1
Traptrinket,sargeras,480,hunter,beastmastery,6,5,1
Devilborne,tichondrius,480,hunter,beastmastery,6,5,1
Airoh,gorefiend,480,hunter,beastmastery,10,6,4
Hitcompleted,moon-guard,480,hunter,beastmastery,12,5,7
Wønky,stormrage,480,hunter,beastmastery,12,5,7
Smexyhunter,moon-guard,480,hunter,beastmastery,12,5,7
Grizmin,sargeras,480,hunter,beastmastery,12,5,7
Silveraero,ghostlands,480,hunter,beastmastery,12,5,7
Fallacies,moon-guard,480,hunter,beastmastery,12,5,7
Killaseason,akama,480,hunter,beastmastery,12,5,7
Taphh,moon-guard,480,hunter,beastmastery,12,5,7
Køk,agamaggan,480,hunter,beastmastery,12,5,7
Banai,the-underbog,480,hunter,beastmastery,12,5,7
Twoshotz,stormrage,480,hunter,beastmastery,12,5,7
Skitso,illidan,480,hunter,beastmastery,12,5,7
Alssong,tichondrius,480,hunter,beastmastery,12,5,7
Bowzza,area-52,480,hunter,beastmastery,12,5,7
Thejw,firetree,480,hunter,beastmastery,12,5,7
Ferex,tichondrius,480,hunter,beastmastery,12,5,7
Imperatrix,emerald-dream,480,hunter,beastmastery,12,5,7
Drakku,zuljin,480,hunter,beastmastery,12,5,7
Pichsolika,frostmourne,480,hunter,beastmastery,12,5,7
Kaloh,daggerspine,480,hunter,beastmastery,12,5,7
Kansolly,tichondrius,480,hunter,beastmastery,12,5,7
Nashi,burning-blade,480,hunter,beastmastery,12,5,7
Àthenaa,malygos,480,hunter,beastmastery,12,5,7
Boradin,lightbringer,480,hunter,beastmastery,12,5,7
Powdersoak,area-52,480,hunter,beastmastery,12,5,7
Sinvat,tichondrius,480,hunter,beastmastery,12,5,7
Kurmojo,hyjal,480,hunter,beastmastery,12,5,7
Michaeljfox,area-52,480,hunter,beastmastery,12,5,7
Tureckk,illidan,480,hunter,beastmastery,12,5,7
Exabyssus,bleeding-hollow,480,hunter,beastmastery,12,5,7
Nj,kiljaeden,480,hunter,beastmastery,12,5,7
Sunflwerdawn,emerald-dream,480,hunter,beastmastery,12,5,7
Backa,jubeithos,480,hunter,beastmastery,12,5,7
Ariais,zangarmarsh,480,hunter,beastmastery,12,5,7
Squiik,wildhammer,480,hunter,beastmastery,12,5,7
Tarkovs,area-52,480,hunter,beastmastery,12,5,7
Zinelun,quelthalas,480,hunter,beastmastery,12,5,7
Chipsncheese,korgath,480,hunter,beastmastery,12,5,7
Pàstor,azralon,480,hunter,beastmastery,12,5,7
Tosila,tichondrius,480,hunter,beastmastery,12,5,7
Mcbacon,illidan,480,hunter,beastmastery,12,5,7
Valeous,azjolnerub,480,hunter,beastmastery,12,5,7
Hellbow,ragnaros,480,hunter,beastmastery,12,5,7
Mav,dragonmaw,480,hunter,beastmastery,14,5,9
Bøl,ragnaros,480,hunter,beastmastery,16,5,11
Amoreiene,stormrage,480,hunter,beastmastery,18,5,13
Chetxs,bleeding-hollow,480,hunter,beastmastery,18,5,13
Semiautmatic,thrall,480,hunter,beastmastery,18,5,13
Mingsomnia,kiljaeden,480,hunter,beastmastery,18,5,13
Blockbusters,sargeras,480,hunter,beastmastery,18,5,13
Trycaza,ragnaros,480,hunter,beastmastery,18,5,13
Snoogen,illidan,480,hunter,beastmastery,18,5,13
Cophunter,tichondrius,480,hunter,beastmastery,18,5,13
Kango,azgalor,480,hunter,beastmastery,24,5,19
Segulah,dalaran,479,hunter,beastmastery,6,5,1
Mafghine,malganis,479,hunter,beastmastery,6,5,1
Sizzimus,area-52,479,hunter,beastmastery,6,5,1
Zpax,area-52,479,hunter,beastmastery,6,5,1
Shoya,nerzhul,479,hunter,beastmastery,12,5,7
Livershot,zuljin,479,hunter,beastmastery,12,5,7
Deadlyattack,barthilas,479,hunter,beastmastery,12,5,7
Ashevan,stormrage,479,hunter,beastmastery,12,5,7
Equipmunk,arthas,479,hunter,beastmastery,12,5,7
Ellarise,stormrage,479,hunter,beastmastery,12,5,7
Yatolo,barthilas,479,hunter,beastmastery,12,5,7
Chosan,sargeras,479,hunter,beastmastery,12,5,7
Pickshot,boulderfist,479,hunter,beastmastery,12,5,7
Kairoke,azralon,479,hunter,beastmastery,12,5,7
Dwarfpecker,hydraxis,479,hunter,beastmastery,12,5,7
Mecatrón,quelthalas,479,hunter,beastmastery,12,5,7
Trushôtz,tichondrius,479,hunter,beastmastery,17,5,12
Boomup,tichondrius,479,hunter,beastmastery,21,6,15
Smider,magtheridon,479,hunter,beastmastery,18,5,13
Starkmeister,stormrage,479,hunter,beastmastery,18,5,13
Morngrimm,area-52,479,hunter,beastmastery,18,5,13
Seenobody,stormrage,479,hunter,beastmastery,29,5,24
Zarrockk,emerald-dream,478,hunter,beastmastery,12,5,7
Fiznits,nerzhul,478,hunter,beastmastery,18,5,13
Isagypsy,ragnaros,477,hunter,beastmastery,12,5,7
Slowbear,kiljaeden,477,hunter,beastmastery,12,5,7
Feralhuntard,muradin,477,hunter,beastmastery,12,5,7
Braindeadly,malganis,476,hunter,beastmastery,12,5,7
Syphiel,moon-guard,476,hunter,beastmastery,12,5,7
Gilonate,tichondrius,476,hunter,beastmastery,30,5,25
Ogma,mugthol,475,hunter,beastmastery,12,5,7
Larthas,greymane,475,hunter,beastmastery,12,5,7
Mehtcurious,ragnaros,470,hunter,beastmastery,18,5,13
Redrum,turalyon,448,hunter,beastmastery,10,5,5
Gunther,korgath,447,hunter,beastmastery,11,5,6
Revenantz,stormrage,447,hunter,beastmastery,11,5,6
Travisshot,tichondrius,447,hunter,beastmastery,11,5,6
Verzatyle,frostwolf,447,hunter,beastmastery,11,5,6
Vuur,korialstrasz,447,hunter,beastmastery,19,6,13
Òrìòn,tichondrius,432,hunter,beastmastery,9,5,4
Lelreisw,goldrinn,432,hunter,beastmastery,15,5,10
Rástakhan,ragnaros,431,hunter,beastmastery,11,5,6
Fiury,hyjal,428,hunter,beastmastery,9,5,4
Hazzlôk,cairne,426,hunter,beastmastery,20,7,13
Malgar,zuljin,415,hunter,beastmastery,11,5,6
Missionfiggs,malganis,415,hunter,beastmastery,14,5,9
Kaiso,chogall,415,hunter,beastmastery,14,5,9
Resonators,tichondrius,400,hunter,beastmastery,13,5,8
Chikkynuggy,destromath,384,hunter,beastmastery,6,4,2
Celdiirn,dragonmaw,384,hunter,beastmastery,6,4,2
Gorillafart,spirestone,384,hunter,beastmastery,6,4,2
Jerso,zuljin,384,hunter,beastmastery,6,4,2
Zarnick,frostwolf,384,hunter,beastmastery,6,4,2
Shotgunpain,nazjatar,384,hunter,beastmastery,6,4,2
Putos,zuljin,384,hunter,beastmastery,6,4,2
Tezcâtlipocâ,sargeras,384,hunter,beastmastery,6,4,2
Bufluu,bleeding-hollow,384,hunter,beastmastery,6,4,2
Hyyz,proudmoore,384,hunter,beastmastery,6,4,2
Deddita,zuljin,384,hunter,beastmastery,6,4,2
Bodangel,galakrond,384,hunter,beastmastery,6,4,2
Bowfox,area-52,384,hunter,beastmastery,6,4,2
Eglon,bleeding-hollow,384,hunter,beastmastery,6,4,2
Moash,spinebreaker,384,hunter,beastmastery,6,4,2
Yeaheh,area-52,384,hunter,beastmastery,6,4,2
Bmobepip,malganis,384,hunter,beastmastery,6,4,2
Shiki,icecrown,384,hunter,beastmastery,6,4,2
Drexzo,tichondrius,384,hunter,beastmastery,6,4,2
Missedtrap,tichondrius,384,hunter,beastmastery,6,4,2
Anisphia,tichondrius,384,hunter,beastmastery,6,4,2
Naxhunter,stormrage,384,hunter,beastmastery,6,4,2
Ezari,zuljin,384,hunter,beastmastery,6,4,2
Stallwart,bronzebeard,384,hunter,beastmastery,6,4,2
Vanquisher,trollbane,384,hunter,beastmastery,6,4,2
Loranoh,illidan,384,hunter,beastmastery,6,4,2
Skað,lightbringer,384,hunter,beastmastery,6,4,2
Dcousins,tichondrius,384,hunter,beastmastery,6,4,2
Mexishots,tichondrius,384,hunter,beastmastery,6,4,2
Lowlore,moon-guard,384,hunter,beastmastery,6,4,2
Eazyaimz,thrall,384,hunter,beastmastery,6,4,2
Kong,tichondrius,384,hunter,beastmastery,6,4,2
Ithanna,quelthalas,384,hunter,beastmastery,6,4,2
Malcab,tichondrius,384,hunter,beastmastery,6,4,2
Hunterquim,stormrage,384,hunter,beastmastery,6,4,2
Reilerhunt,stormrage,384,hunter,beastmastery,6,4,2
Silvershot,emerald-dream,384,hunter,beastmastery,6,4,2
Snipingmilfs,zuluhed,384,hunter,beastmastery,6,4,2
Drinktodrown,moon-guard,384,hunter,beastmastery,6,4,2
Skytah,darkspear,384,hunter,beastmastery,6,4,2
Infatuatedx,moon-guard,384,hunter,beastmastery,6,4,2
Sindshai,onyxia,384,hunter,beastmastery,6,4,2
Redzic,tichondrius,384,hunter,beastmastery,6,4,2
Sôuleater,moon-guard,384,hunter,beastmastery,6,4,2
Yosra,frostmourne,384,hunter,beastmastery,6,4,2
Dexh,frostmourne,384,hunter,beastmastery,6,4,2
Splosiv,stormrage,384,hunter,beastmastery,6,4,2
Fizzpow,blackrock,384,hunter,beastmastery,6,4,2
Jerusa,illidan,384,hunter,beastmastery,6,4,2
Probo,aegwynn,384,hunter,beastmastery,6,4,2
Chokemescara,stormrage,384,hunter,beastmastery,6,4,2
Priapismxh,stormrage,384,hunter,beastmastery,6,4,2
Coppersnout,wyrmrest-accord,384,hunter,beastmastery,6,4,2
Zubo,tichondrius,384,hunter,beastmastery,6,4,2
Ragerab,trollbane,384,hunter,beastmastery,6,4,2
Chichi,korgath,384,hunter,beastmastery,6,4,2
Markymarc,tichondrius,384,hunter,beastmastery,6,4,2
Nakyash,ragnaros,384,hunter,beastmastery,9,5,4
Chutput,dalaran,384,hunter,beastmastery,9,5,4
Jeonghun,tichondrius,384,hunter,beastmastery,9,5,4
Anteróz,tichondrius,384,hunter,beastmastery,9,4,5
Jaboe,thrall,384,hunter,beastmastery,12,4,8
Grimshot,boulderfist,384,hunter,beastmastery,12,4,8
Bazanguita,tichondrius,384,hunter,beastmastery,12,4,8
Ælij,tichondrius,384,hunter,beastmastery,12,4,8
Grumaku,area-52,384,hunter,beastmastery,12,4,8
Bowsauce,khadgar,384,hunter,beastmastery,12,4,8
Alkynabm,kelthuzad,384,hunter,beastmastery,12,4,8
Kharvaash,onyxia,384,hunter,beastmastery,12,4,8
Coolbeanz,boulderfist,384,hunter,beastmastery,12,4,8
Gaydin,zuljin,384,hunter,beastmastery,12,4,8
Shatterwax,area-52,384,hunter,beastmastery,12,4,8
Zeront,garona,384,hunter,beastmastery,12,4,8
Kok,andorhal,384,hunter,beastmastery,12,4,8
Logandawgfan,thunderlord,384,hunter,beastmastery,12,4,8
Killatrap,malganis,384,hunter,beastmastery,12,4,8
Macabre,scilla,384,hunter,beastmastery,12,4,8
Cndavyjones,akama,384,hunter,beastmastery,12,4,8
Dubbledee,malganis,384,hunter,beastmastery,12,4,8
Massacration,area-52,384,hunter,beastmastery,12,4,8
Devastavi,proudmoore,384,hunter,beastmastery,12,4,8
Saharä,illidan,384,hunter,beastmastery,12,4,8
Cluhaywood,zuljin,384,hunter,beastmastery,12,4,8
Xhítt,sargeras,384,hunter,beastmastery,12,4,8
Zoëx,amanthul,384,hunter,beastmastery,12,4,8
Skycaptaín,lightbringer,384,hunter,beastmastery,12,4,8
Softhunter,tichondrius,384,hunter,beastmastery,12,4,8
Lookoutt,tichondrius,384,hunter,beastmastery,12,4,8
Moùrningwood,stormrage,384,hunter,beastmastery,12,4,8
Bangerzx,stormrage,384,hunter,beastmastery,12,4,8
Throwadox,malganis,384,hunter,beastmastery,12,4,8
Miansi,tichondrius,384,hunter,beastmastery,12,4,8
Dampteeth,sargeras,384,hunter,beastmastery,12,4,8
Gandury,tichondrius,384,hunter,beastmastery,12,4,8
Inetpub,stormrage,384,hunter,beastmastery,12,4,8
Bówjòb,nordrassil,384,hunter,beastmastery,12,4,8
Elywen,alexstrasza,384,hunter,beastmastery,12,4,8
Pirateninja,illidan,384,hunter,beastmastery,12,4,8
Dangerclam,barthilas,384,hunter,beastmastery,12,4,8
Doves,wyrmrest-accord,384,hunter,beastmastery,12,4,8
Oddangel,azuremyst,384,hunter,beastmastery,12,4,8
Twopawshunta,tichondrius,384,hunter,beastmastery,12,4,8
Zylen,tichondrius,384,hunter,beastmastery,12,4,8
Vencc,tichondrius,384,hunter,beastmastery,12,4,8
Noxura,illidan,384,hunter,beastmastery,12,4,8
Withoutraps,quelthalas,384,hunter,beastmastery,12,4,8
Shaevie,lothar,384,hunter,beastmastery,12,4,8
Teddybowschi,sargeras,384,hunter,beastmastery,12,4,8
Thorssman,illidan,384,hunter,beastmastery,12,4,8
Coggter,uther,384,hunter,beastmastery,12,4,8
Arcuz,quelthalas,384,hunter,beastmastery,12,4,8
Päinal,area-52,384,hunter,beastmastery,12,4,8
Seanpaì,tichondrius,384,hunter,beastmastery,12,4,8
Oztroza,grizzly-hills,384,hunter,beastmastery,12,4,8
Vandescar,illidan,384,hunter,beastmastery,12,4,8
Calypso,chromaggus,384,hunter,beastmastery,12,4,8
Mídnîght,azralon,384,hunter,beastmastery,12,4,8
Valrosan,stormrage,384,hunter,beastmastery,12,4,8
Deahtgab,ragnaros,384,hunter,beastmastery,12,4,8
Rhyzen,drenden,384,hunter,beastmastery,12,4,8
Tigerswood,sargeras,384,hunter,beastmastery,12,4,8
Fydehunt,stormrage,384,hunter,beastmastery,14,4,10
Atheos,gallywix,384,hunter,beastmastery,18,4,14
Skpro,tichondrius,384,hunter,beastmastery,18,4,14
Löö,arthas,384,hunter,beastmastery,23,4,19
Volga,haomarush,383,hunter,beastmastery,6,4,2
Ganaja,laughing-skull,383,hunter,beastmastery,6,4,2
Bboo,bonechewer,383,hunter,beastmastery,6,4,2
Olelf,chogall,383,hunter,beastmastery,6,4,2
Gichiwalrus,emerald-dream,383,hunter,beastmastery,6,4,2
Beatnyou,tichondrius,383,hunter,beastmastery,12,4,8
Gals,saurfang,383,hunter,beastmastery,12,4,8
Lamper,emerald-dream,383,hunter,beastmastery,12,4,8
Paulayork,drakthul,383,hunter,beastmastery,12,4,8
Lazygnome,azshara,383,hunter,beastmastery,12,4,8
Mortia,thunderlord,383,hunter,beastmastery,12,4,8
Tarakii,moon-guard,383,hunter,beastmastery,12,4,8
Böwjøb,illidan,383,hunter,beastmastery,12,4,8
Etb,bleeding-hollow,382,hunter,beastmastery,12,4,8
Alby,daggerspine,367,hunter,beastmastery,11,4,7
Ire,kelthuzad,367,hunter,beastmastery,11,4,7
Sylaris,arathor,366,hunter,beastmastery,11,4,7
Kemper,dragonmaw,351,hunter,beastmastery,11,4,7
Clinkz,chogall,351,hunter,beastmastery,11,4,7
Vínçent,blood-furnace,351,hunter,beastmastery,17,4,13
Sadarrow,frostmourne,334,hunter,beastmastery,11,4,7
Drakarÿs,drakkari,326,hunter,beastmastery,18,5,13
Vanasir,moon-guard,319,hunter,beastmastery,5,4,1
Rachael,veknilash,319,hunter,beastmastery,8,4,4
Khillin,destromath,319,hunter,beastmastery,8,4,4
Punkrockguy,illidan,319,hunter,beastmastery,14,4,10
Longbeau,gnomeregan,288,hunter,beastmastery,6,3,3
Euamomilfs,azralon,288,hunter,beastmastery,6,3,3
Ocxhunter,nemesis,288,hunter,beastmastery,6,3,3
Redthedeer,warsong,288,hunter,beastmastery,6,3,3
Latrampoza,quelthalas,288,hunter,beastmastery,6,3,3
Jungling,kelthuzad,288,hunter,beastmastery,6,3,3
Makeastinky,malfurion,288,hunter,beastmastery,6,3,3
Crinkx,arthas,288,hunter,beastmastery,6,3,3
Chadbowsman,tichondrius,288,hunter,beastmastery,6,3,3
Siimmplicitz,area-52,288,hunter,beastmastery,6,3,3
Mastasnipa,illidan,288,hunter,beastmastery,6,3,3
Seeq,illidan,288,hunter,beastmastery,6,3,3
Sensitivthug,sargeras,288,hunter,beastmastery,6,3,3
Braxigarr,area-52,288,hunter,beastmastery,6,3,3
Catharsis,quelthalas,288,hunter,beastmastery,6,3,3
Adapted,proudmoore,288,hunter,beastmastery,6,3,3
Atlacatl,tichondrius,288,hunter,beastmastery,6,3,3
Beastmodex,quelthalas,288,hunter,beastmastery,6,3,3
Vivaswan,tichondrius,288,hunter,beastmastery,6,3,3
Georgigeo,turalyon,288,hunter,beastmastery,6,3,3
Longshott,azralon,288,hunter,beastmastery,6,3,3
Limpingspoon,kelthuzad,288,hunter,beastmastery,6,3,3
Norgalys,proudmoore,288,hunter,beastmastery,6,3,3
Miraclez,nerzhul,288,hunter,beastmastery,6,3,3
Vinksy,sargeras,288,hunter,beastmastery,6,3,3
Harosh,azralon,288,hunter,beastmastery,6,3,3
Dontkillpet,shandris,288,hunter,beastmastery,6,3,3
Guacmec,tichondrius,288,hunter,beastmastery,6,3,3
Saucypapi,kiljaeden,288,hunter,beastmastery,6,3,3
Moroallytwo,sargeras,288,hunter,beastmastery,6,3,3
Grayføxx,twisting-nether,288,hunter,beastmastery,6,3,3
Díllý,area-52,288,hunter,beastmastery,6,3,3
Bountybud,kiljaeden,288,hunter,beastmastery,6,3,3
Terrabytés,kelthuzad,288,hunter,beastmastery,6,3,3
Teaa,dalaran,288,hunter,beastmastery,6,3,3
Brenoob,azralon,288,hunter,beastmastery,6,3,3
Enonoa,thunderlord,288,hunter,beastmastery,6,3,3
Lelantos,stonemaul,288,hunter,beastmastery,6,3,3
Barrohunt,tichondrius,288,hunter,beastmastery,6,3,3
Tonysting,sargeras,288,hunter,beastmastery,6,3,3
Zeroday,emerald-dream,288,hunter,beastmastery,6,3,3
Tuanorz,proudmoore,288,hunter,beastmastery,6,3,3
Tetzuo,illidan,288,hunter,beastmastery,6,3,3
Ballistik,area-52,288,hunter,beastmastery,6,3,3
Goraku,dalaran,288,hunter,beastmastery,6,3,3
Britannian,moon-guard,288,hunter,beastmastery,6,3,3
Fakerz,stormrage,288,hunter,beastmastery,6,3,3
Nyloc,dalvengyr,288,hunter,beastmastery,6,3,3
Gudlukk,stormrage,288,hunter,beastmastery,6,3,3
Blastinnagas,tichondrius,288,hunter,beastmastery,6,3,3
Huntmon,nemesis,288,hunter,beastmastery,6,3,3
Moralidawn,illidan,288,hunter,beastmastery,6,3,3
Nexxa,muradin,288,hunter,beastmastery,6,3,3
Wanshöt,tichondrius,288,hunter,beastmastery,6,3,3
Anatric,illidan,288,hunter,beastmastery,6,3,3
Mulnaaj,zuljin,288,hunter,beastmastery,6,3,3
Lyler,tichondrius,288,hunter,beastmastery,6,3,3
Pewpewbang,muradin,288,hunter,beastmastery,6,3,3
Kaboomza,tichondrius,288,hunter,beastmastery,6,3,3
Smoothbrainz,blackrock,288,hunter,beastmastery,6,3,3
Kupupor,area-52,288,hunter,beastmastery,6,3,3
Yoyoletsgo,malganis,288,hunter,beastmastery,6,3,3
Archicur,darkspear,288,hunter,beastmastery,6,3,3
Perfectcrit,area-52,288,hunter,beastmastery,6,3,3
Vikshen,illidan,288,hunter,beastmastery,6,3,3
Ironova,illidan,288,hunter,beastmastery,6,3,3
Moyria,quelthalas,288,hunter,beastmastery,6,3,3
Bmsurvmm,tichondrius,288,hunter,beastmastery,6,3,3
Añto,tichondrius,288,hunter,beastmastery,6,3,3
Cefla,illidan,288,hunter,beastmastery,6,3,3
Gugubird,proudmoore,288,hunter,beastmastery,6,3,3
Nightstålkër,moon-guard,288,hunter,beastmastery,6,3,3
Raainha,stormrage,288,hunter,beastmastery,6,3,3
Soberish,bleeding-hollow,288,hunter,beastmastery,6,3,3
Mynds,stormrage,288,hunter,beastmastery,6,3,3
Mogradme,shadowsong,288,hunter,beastmastery,6,3,3
Arrazyne,jubeithos,288,hunter,beastmastery,6,3,3
Viavii,barthilas,288,hunter,beastmastery,6,3,3
Salvatiel,stormrage,288,hunter,beastmastery,6,3,3
Leadblaster,gorefiend,288,hunter,beastmastery,6,3,3
Hordworld,tichondrius,288,hunter,beastmastery,6,3,3
Schumann,ursin,288,hunter,beastmastery,6,3,3
Trixex,darkspear,288,hunter,beastmastery,6,3,3
Gnurfgun,proudmoore,288,hunter,beastmastery,6,3,3
Hannes,boulderfist,288,hunter,beastmastery,6,3,3
Shallaiya,stormrage,288,hunter,beastmastery,6,3,3
Venj,proudmoore,288,hunter,beastmastery,6,3,3
Skulltøn,area-52,288,hunter,beastmastery,6,3,3
Grimpossible,sargeras,288,hunter,beastmastery,6,3,3
Doubletappz,stormrage,288,hunter,beastmastery,6,3,3
Tulipbee,moon-guard,288,hunter,beastmastery,6,3,3
Mondlicht,tichondrius,288,hunter,beastmastery,6,3,3
Trailed,dalaran,288,hunter,beastmastery,6,3,3
Djpopshot,thrall,288,hunter,beastmastery,6,3,3
Aldurion,wyrmrest-accord,288,hunter,beastmastery,6,3,3
Billcsbyswtr,sargeras,288,hunter,beastmastery,6,3,3
Popshotz,khazgoroth,288,hunter,beastmastery,6,3,3
Skarsnick,draenor,288,hunter,beastmastery,6,3,3
Scolhunter,scarlet-crusade,288,hunter,beastmastery,6,3,3
Vicarnam,uldum,288,hunter,beastmastery,6,3,3
Tibineids,stormrage,288,hunter,beastmastery,6,3,3
Onahai,tichondrius,288,hunter,beastmastery,6,3,3
Toxicbowjobs,tichondrius,288,hunter,beastmastery,6,3,3
Sibbleiv,boulderfist,288,hunter,beastmastery,6,3,3
Makag,illidan,288,hunter,beastmastery,6,3,3
Tribë,emerald-dream,288,hunter,beastmastery,6,3,3
Bagofsnit,frostmourne,288,hunter,beastmastery,6,3,3
Realzanderr,antonidas,288,hunter,beastmastery,6,3,3
Herroo,thrall,288,hunter,beastmastery,6,3,3
Emart,bloodhoof,288,hunter,beastmastery,6,3,3
Shikay,frostmourne,288,hunter,beastmastery,6,3,3
Çrimson,frostmourne,288,hunter,beastmastery,6,3,3
Comtambisuon,frostmourne,288,hunter,beastmastery,6,3,3
Hahahahahaha,frostmourne,288,hunter,beastmastery,6,3,3
Elroyjetson,arthas,288,hunter,beastmastery,6,3,3
Shootin,frostmourne,288,hunter,beastmastery,6,3,3
Coachs,tichondrius,288,hunter,beastmastery,6,3,3
Wannakill,stormrage,288,hunter,beastmastery,6,3,3
Brorc,kul-tiras,288,hunter,beastmastery,6,3,3
Wiittig,hyjal,288,hunter,beastmastery,6,3,3
Trickshot,hakkar,288,hunter,beastmastery,6,3,3
Talksic,bladefist,288,hunter,beastmastery,6,3,3
Archetype,bladefist,288,hunter,beastmastery,6,3,3
Firskin,frostmourne,288,hunter,beastmastery,6,3,3
Kahoykeso,frostmourne,288,hunter,beastmastery,6,3,3
Gupples,frostwolf,288,hunter,beastmastery,6,3,3
Shallwe,frostmourne,288,hunter,beastmastery,6,3,3
Llachiip,zuljin,288,hunter,beastmastery,10,4,6
Rhaygon,arthas,288,hunter,beastmastery,12,3,9
Ruckq,stormrage,288,hunter,beastmastery,12,3,9
Rooman,ragnaros,288,hunter,beastmastery,12,3,9
Autismo,garithos,288,hunter,beastmastery,12,3,9
Jgalth,chogall,288,hunter,beastmastery,12,3,9
Ryanderanged,wyrmrest-accord,288,hunter,beastmastery,12,3,9
Neríne,drakkari,288,hunter,beastmastery,12,3,9
Auset,aegwynn,288,hunter,beastmastery,12,3,9
Gunwalk,azjolnerub,288,hunter,beastmastery,12,3,9
Wave,kelthuzad,288,hunter,beastmastery,12,3,9
Thiande,zuljin,288,hunter,beastmastery,12,3,9
Leggodex,caelestrasz,288,hunter,beastmastery,12,3,9
Grlzzlyadams,norgannon,288,hunter,beastmastery,12,3,9
Brewster,burning-legion,288,hunter,beastmastery,12,3,9
Natnat,sargeras,288,hunter,beastmastery,12,3,9
Prowd,staghelm,288,hunter,beastmastery,12,3,9
Dieplox,thunderhorn,288,hunter,beastmastery,12,3,9
Icculus,norgannon,288,hunter,beastmastery,12,3,9
Tanrith,dark-iron,288,hunter,beastmastery,12,3,9
Delanooch,rexxar,288,hunter,beastmastery,12,3,9
Digsites,emerald-dream,288,hunter,beastmastery,12,3,9
ßloodmain,tichondrius,288,hunter,beastmastery,12,3,9
Legacee,shattered-hand,288,hunter,beastmastery,12,3,9
Zhona,moon-guard,288,hunter,beastmastery,12,3,9
Wargodthor,blades-edge,288,hunter,beastmastery,12,3,9
Dsizzle,tichondrius,288,hunter,beastmastery,12,3,9
Rinasonline,sargeras,288,hunter,beastmastery,12,3,9
Kharthorin,moon-guard,288,hunter,beastmastery,12,3,9
Fosberry,sargeras,288,hunter,beastmastery,12,3,9
Rice,veknilash,288,hunter,beastmastery,12,3,9
Worewolf,lightninghoof,288,hunter,beastmastery,12,3,9
Zaydenm,sargeras,288,hunter,beastmastery,12,3,9
Bëcäüsë,proudmoore,288,hunter,beastmastery,18,3,15
Fiercetamer,azuremyst,288,hunter,beastmastery,18,3,15
Yiyixx,tichondrius,288,hunter,beastmastery,18,3,15
Mphunter,azralon,288,hunter,beastmastery,24,3,21
Euroniimus,ragnaros,287,hunter,beastmastery,6,3,3
Pureguava,gorefiend,287,hunter,beastmastery,6,3,3
Ledan,lightnings-blade,287,hunter,beastmastery,6,3,3
Wolftracer,sargeras,287,hunter,beastmastery,6,3,3
Luzyfer,quelthalas,287,hunter,beastmastery,6,3,3
Snaken,the-forgotten-coast,287,hunter,beastmastery,12,3,9
Frenchhtoast,sargeras,287,hunter,beastmastery,12,3,9
Kenhay,wyrmrest-accord,287,hunter,beastmastery,12,3,9
Arin,suramar,287,hunter,beastmastery,12,3,9
Darkally,blades-edge,285,hunter,beastmastery,18,3,15
Bulszeye,azgalor,255,hunter,beastmastery,8,4,4
Cuddle,arathor,255,hunter,beastmastery,11,3,8
Pokeyourbutt,hydraxis,240,hunter,beastmastery,15,3,12
Kaelhim,warsong,239,hunter,beastmastery,5,3,2
Diisdik,tichondrius,239,hunter,beastmastery,5,3,2
Vicecheney,illidan,239,hunter,beastmastery,5,3,2
Léfty,nagrand,239,hunter,beastmastery,11,3,8
Djcummyfeet,stormrage,234,hunter,beastmastery,17,6,11
Iililillilii,tichondrius,234,hunter,beastmastery,14,4,10
Ijii,tichondrius,223,hunter,beastmastery,14,3,11
Feralcat,nazjatar,208,hunter,beastmastery,13,3,10
Fistbèk,bleeding-hollow,201,hunter,beastmastery,17,5,12
Ellishunter,frostmourne,192,hunter,beastmastery,6,2,4
Wooftoof,frostmourne,192,hunter,beastmastery,6,2,4
Elivivia,tichondrius,192,hunter,beastmastery,6,2,4
Illrannevian,garrosh,192,hunter,beastmastery,6,2,4
Solderboi,tichondrius,192,hunter,beastmastery,6,2,4
Purpreynolds,tichondrius,192,hunter,beastmastery,6,2,4
Slobon,tichondrius,192,hunter,beastmastery,6,2,4
Quinnshot,tichondrius,192,hunter,beastmastery,6,2,4
Clütch,darkspear,192,hunter,beastmastery,6,2,4
Gohan,jubeithos,192,hunter,beastmastery,6,2,4
Garble,darkspear,192,hunter,beastmastery,6,2,4
Bloodstark,dreadmaul,192,hunter,beastmastery,6,2,4
Antwonziezz,tichondrius,192,hunter,beastmastery,6,2,4
Farva,tanaris,192,hunter,beastmastery,6,2,4
Expskippy,darkspear,192,hunter,beastmastery,6,2,4
Autoshotxprt,frostmourne,192,hunter,beastmastery,6,2,4
Bernice,darrowmere,192,hunter,beastmastery,6,2,4
Dreadrahl,deathwing,192,hunter,beastmastery,6,2,4
Presleyjane,tichondrius,192,hunter,beastmastery,6,2,4
Ratbasterrd,darkspear,192,hunter,beastmastery,6,2,4
Islapuwitaro,azjolnerub,192,hunter,beastmastery,6,2,4
Tichong,tichondrius,192,hunter,beastmastery,6,2,4
Graatata,shandris,192,hunter,beastmastery,6,2,4
Rämbow,frostmourne,192,hunter,beastmastery,6,2,4
Blickymon,wyrmrest-accord,192,hunter,beastmastery,6,2,4
Mojito,frostmourne,192,hunter,beastmastery,6,2,4
Shootermgavn,frostmourne,192,hunter,beastmastery,6,2,4
Johnnybee,demon-soul,192,hunter,beastmastery,6,2,4
Shootr,darkspear,192,hunter,beastmastery,6,2,4
Frìtz,barthilas,192,hunter,beastmastery,6,2,4
Hunata,crushridge,192,hunter,beastmastery,6,2,4
Zellor,wyrmrest-accord,192,hunter,beastmastery,6,2,4
Spoojshot,frostmourne,192,hunter,beastmastery,6,2,4
Nfo,lightbringer,192,hunter,beastmastery,6,2,4
Jbahh,hyjal,192,hunter,beastmastery,6,2,4
Fova,wyrmrest-accord,192,hunter,beastmastery,6,2,4
Zarknoth,cenarius,192,hunter,beastmastery,6,2,4
Magvez,tichondrius,192,hunter,beastmastery,6,2,4
Zoopdapoop,dalaran,192,hunter,beastmastery,6,2,4
Neverwipes,frostmourne,192,hunter,beastmastery,6,2,4
Barrelsofrum,illidan,192,hunter,beastmastery,6,2,4
Castíèl,thrall,192,hunter,beastmastery,6,2,4
Defacecilth,dalaran,192,hunter,beastmastery,6,2,4
Ussy,area-52,192,hunter,beastmastery,6,2,4
Sukr,korgath,192,hunter,beastmastery,6,2,4
Nanotorque,moon-guard,192,hunter,beastmastery,6,2,4
Ikiteforfood,zuljin,192,hunter,beastmastery,6,2,4
Xxty,stormrage,192,hunter,beastmastery,6,2,4
Madsniper,thunderlord,192,hunter,beastmastery,6,2,4
Nubcaks,nerzhul,192,hunter,beastmastery,6,2,4
Izanägi,sargeras,192,hunter,beastmastery,6,2,4
Revengexyz,zuljin,192,hunter,beastmastery,6,2,4
Rsttlegore,stormscale,192,hunter,beastmastery,6,2,4
Skolzero,azralon,192,hunter,beastmastery,6,2,4
Hollee,turalyon,192,hunter,beastmastery,6,2,4
Nixuis,stormrage,192,hunter,beastmastery,6,2,4
Nevon,azralon,192,hunter,beastmastery,6,2,4
Thunderbúll,tichondrius,192,hunter,beastmastery,6,2,4
Åî,tichondrius,192,hunter,beastmastery,6,2,4
Caligar,tichondrius,192,hunter,beastmastery,6,2,4
Søapbubble,tichondrius,192,hunter,beastmastery,6,2,4
Xavííer,tichondrius,192,hunter,beastmastery,6,2,4
Jagwaar,malganis,192,hunter,beastmastery,6,2,4
Fjdominador,azralon,192,hunter,beastmastery,6,2,4
Survbot,malganis,192,hunter,beastmastery,6,2,4
Krissiz,drakkari,192,hunter,beastmastery,6,2,4
Powerful,aerie-peak,192,hunter,beastmastery,6,2,4
Bambii,fizzcrank,192,hunter,beastmastery,6,2,4
Sylvãnâs,tichondrius,192,hunter,beastmastery,6,2,4
Panzerfäust,zuljin,192,hunter,beastmastery,6,2,4
Impërïum,zuljin,192,hunter,beastmastery,6,2,4
Sogékíng,illidan,192,hunter,beastmastery,6,2,4
Skillhunter,tichondrius,192,hunter,beastmastery,6,2,4
Munrrack,ragnaros,192,hunter,beastmastery,6,2,4
Monffbc,tichondrius,192,hunter,beastmastery,6,2,4
Kudzue,illidan,192,hunter,beastmastery,6,2,4
Pfheign,area-52,192,hunter,beastmastery,6,2,4
Critaclyzm,moon-guard,192,hunter,beastmastery,6,2,4
Smokiiganja,proudmoore,192,hunter,beastmastery,6,2,4
Juicyfruit,bleeding-hollow,192,hunter,beastmastery,6,2,4
Thazen,sargeras,192,hunter,beastmastery,6,2,4
Sativ,moknathal,192,hunter,beastmastery,6,2,4
Dnicee,stormrage,192,hunter,beastmastery,6,2,4
Iapsux,bleeding-hollow,192,hunter,beastmastery,6,2,4
Ivanjackenov,illidan,192,hunter,beastmastery,6,2,4
Lilaeth,khadgar,192,hunter,beastmastery,6,2,4
Swettx,bleeding-hollow,192,hunter,beastmastery,6,2,4
Greasyboi,tichondrius,192,hunter,beastmastery,6,2,4
Diacachimbaa,ragnaros,192,hunter,beastmastery,6,2,4
Halaruka,area-52,192,hunter,beastmastery,6,2,4
Rostter,azralon,192,hunter,beastmastery,6,2,4
Viracha,stormrage,192,hunter,beastmastery,6,2,4
Shådé,stormrage,192,hunter,beastmastery,6,2,4
Resonatorrob,illidan,192,hunter,beastmastery,6,2,4
Hectorbuñue,quelthalas,192,hunter,beastmastery,6,2,4
Kaptincrunch,skywall,192,hunter,beastmastery,6,2,4
Forsaken,bleeding-hollow,192,hunter,beastmastery,6,2,4
Totolol,trollbane,192,hunter,beastmastery,6,2,4
Flawwless,eredar,192,hunter,beastmastery,6,2,4
Arrowbadoors,azralon,192,hunter,beastmastery,6,2,4
Aaggros,sargeras,192,hunter,beastmastery,6,2,4
Chaseurnoir,exodar,192,hunter,beastmastery,6,2,4
Xeneye,tichondrius,192,hunter,beastmastery,6,2,4
Hìrcine,nesingwary,192,hunter,beastmastery,6,2,4
Nahzah,stormrage,192,hunter,beastmastery,6,2,4
Spicycheezit,malganis,192,hunter,beastmastery,6,2,4
Estilingada,azralon,192,hunter,beastmastery,6,2,4
Titzyø,area-52,192,hunter,beastmastery,6,2,4
Hötdôg,kiljaeden,192,hunter,beastmastery,6,2,4
Mennis,archimonde,192,hunter,beastmastery,6,2,4
Etarie,malganis,192,hunter,beastmastery,6,2,4
Crawl,auchindoun,192,hunter,beastmastery,6,2,4
Moonraven,laughing-skull,192,hunter,beastmastery,6,2,4
Camfeed,illidan,192,hunter,beastmastery,6,2,4
Vanpeltz,illidan,192,hunter,beastmastery,6,2,4
Hüh,area-52,192,hunter,beastmastery,6,2,4
Ganderion,sargeras,192,hunter,beastmastery,6,2,4
Gruì,malganis,192,hunter,beastmastery,6,2,4
Klepty,stormrage,192,hunter,beastmastery,6,2,4
Fáelin,proudmoore,192,hunter,beastmastery,6,2,4
Singer,lothar,192,hunter,beastmastery,6,2,4
Equalizér,sargeras,192,hunter,beastmastery,6,2,4
Elmozz,thrall,192,hunter,beastmastery,6,2,4
Zeenuts,sargeras,192,hunter,beastmastery,6,2,4
Bluntcrushed,area-52,192,hunter,beastmastery,6,2,4
Firesail,kelthuzad,192,hunter,beastmastery,6,2,4
Jojojobo,tichondrius,192,hunter,beastmastery,6,2,4
Öops,hyjal,192,hunter,beastmastery,6,2,4
Csadark,nemesis,192,hunter,beastmastery,6,2,4
Varianhunter,kelthuzad,192,hunter,beastmastery,6,2,4
Royshot,stormrage,192,hunter,beastmastery,6,2,4
Cufless,proudmoore,192,hunter,beastmastery,6,2,4
Saveawp,stormrage,192,hunter,beastmastery,6,2,4
Taintz,altar-of-storms,192,hunter,beastmastery,6,2,4
Jämmëdclïp,emerald-dream,192,hunter,beastmastery,6,2,4
Verzoz,illidan,192,hunter,beastmastery,6,2,4
Chømp,tichondrius,192,hunter,beastmastery,6,2,4
Twocranes,tichondrius,192,hunter,beastmastery,6,2,4
Harrowin,area-52,192,hunter,beastmastery,6,2,4
Budget,emerald-dream,192,hunter,beastmastery,6,2,4
Hedshot,kelthuzad,192,hunter,beastmastery,6,2,4
Dynith,sargeras,192,hunter,beastmastery,6,2,4
Dradran,kelthuzad,192,hunter,beastmastery,6,2,4
Notoffended,sargeras,192,hunter,beastmastery,6,2,4
Boquiinha,stormrage,192,hunter,beastmastery,6,2,4
Rúdrá,area-52,192,hunter,beastmastery,6,2,4
Blakespace,area-52,192,hunter,beastmastery,6,2,4
Warplaquee,zuljin,192,hunter,beastmastery,6,2,4
Bombashotz,sargeras,192,hunter,beastmastery,6,2,4
Honeyhunt,thrall,192,hunter,beastmastery,6,2,4
Apolex,velen,192,hunter,beastmastery,6,2,4
Kekorator,illidan,192,hunter,beastmastery,11,3,8
Shekiro,illidan,192,hunter,beastmastery,13,3,10
Seratoninx,malganis,192,hunter,beastmastery,9,2,7
Khabul,area-52,192,hunter,beastmastery,12,2,10
Aeriladin,moon-guard,192,hunter,beastmastery,12,2,10
Arrowzpeckt,tichondrius,192,hunter,beastmastery,12,2,10
Ãmi,moon-guard,192,hunter,beastmastery,12,2,10
Bjj,eonar,192,hunter,beastmastery,12,2,10
Gunnpowder,malganis,192,hunter,beastmastery,12,2,10
Hughboner,illidan,192,hunter,beastmastery,12,2,10
Meetdmonster,illidan,192,hunter,beastmastery,12,2,10
Tánsøxøxø,tichondrius,192,hunter,beastmastery,12,2,10
Alexañdra,proudmoore,192,hunter,beastmastery,12,2,10
Lhax,stormrage,192,hunter,beastmastery,12,2,10
Tjota,azralon,192,hunter,beastmastery,12,2,10
Carloslaun,drakkari,192,hunter,beastmastery,12,2,10
Thyladaern,kiljaeden,192,hunter,beastmastery,12,2,10
Sojun,jaedenar,192,hunter,beastmastery,14,2,12
Recebaa,barthilas,191,hunter,beastmastery,6,2,4
Moapax,azralon,191,hunter,beastmastery,6,2,4
Aiilton,gallywix,191,hunter,beastmastery,6,2,4
Tuvasa,blood-furnace,191,hunter,beastmastery,6,2,4
Stoneforged,ragnaros,191,hunter,beastmastery,6,2,4
Kolarius,emerald-dream,191,hunter,beastmastery,6,2,4
Enrage,queldorei,191,hunter,beastmastery,12,2,10
Kangarang,khazgoroth,191,hunter,beastmastery,12,2,10
Stèlla,frostmourne,159,hunter,beastmastery,5,2,3
Maximum,tichondrius,159,hunter,beastmastery,5,2,3
Helikaon,deathwing,159,hunter,beastmastery,5,2,3
Warwonka,magtheridon,159,hunter,beastmastery,5,2,3
Skrìms,tichondrius,159,hunter,beastmastery,5,2,3
Luckione,destromath,144,hunter,beastmastery,9,2,7
Beastmastr,garrosh,128,hunter,beastmastery,4,2,2
Piñg,tichondrius,128,hunter,beastmastery,4,2,2
Laviè,tichondrius,112,hunter,beastmastery,4,3,1
Ophois,lightbringer,96,hunter,beastmastery,6,1,5
Taurenseason,sargeras,96,hunter,beastmastery,6,1,5
Uncann,boulderfist,96,hunter,beastmastery,6,1,5
Boyarsky,area-52,96,hunter,beastmastery,6,1,5
Jägermeistër,twisting-nether,96,hunter,beastmastery,6,1,5
Cynasia,maelstrom,96,hunter,beastmastery,6,1,5
Locket,maelstrom,96,hunter,beastmastery,6,1,5
Nimbioth,proudmoore,96,hunter,beastmastery,6,1,5
Audiofly,tichondrius,96,hunter,beastmastery,6,1,5
Shoccka,thrall,96,hunter,beastmastery,6,1,5
Trolljinyou,thrall,96,hunter,beastmastery,6,1,5
Taumelz,sargeras,96,hunter,beastmastery,6,1,5
Appä,lightnings-blade,96,hunter,beastmastery,6,1,5
Darkhunterr,tichondrius,96,hunter,beastmastery,6,1,5
Robious,tichondrius,96,hunter,beastmastery,6,1,5
Espaada,tichondrius,96,hunter,beastmastery,6,1,5
Allgasnocap,kelthuzad,96,hunter,beastmastery,6,1,5
Jootuber,barthilas,96,hunter,beastmastery,6,1,5
Pampas,darkspear,96,hunter,beastmastery,6,1,5
Singletap,barthilas,96,hunter,beastmastery,6,1,5
Teddyboy,proudmoore,96,hunter,beastmastery,6,1,5
Elenin,tichondrius,96,hunter,beastmastery,6,1,5
Tybierious,illidan,96,hunter,beastmastery,6,1,5
Rexxiga,kiljaeden,96,hunter,beastmastery,6,1,5
Ballinpotato,tichondrius,96,hunter,beastmastery,6,1,5
Mtuanwm,tichondrius,96,hunter,beastmastery,6,1,5
Båttousai,kiljaeden,96,hunter,beastmastery,6,1,5
Xcopel,azralon,96,hunter,beastmastery,6,1,5
Warpedshots,malganis,96,hunter,beastmastery,6,1,5
Bosshunt,whisperwind,96,hunter,beastmastery,6,1,5
Marksmanpain,malganis,96,hunter,beastmastery,6,1,5
Bithiáh,quelthalas,96,hunter,beastmastery,6,1,5
Nearsightedd,area-52,96,hunter,beastmastery,6,1,5
Penelòpe,wyrmrest-accord,96,hunter,beastmastery,6,1,5
Varag,amanthul,96,hunter,beastmastery,6,1,5
Cocobread,stormreaver,96,hunter,beastmastery,6,1,5
Jarless,hydraxis,96,hunter,beastmastery,6,1,5
Arthanyz,quelthalas,96,hunter,beastmastery,6,1,5
Henhøuse,illidan,96,hunter,beastmastery,6,1,5
Ferrettss,bleeding-hollow,96,hunter,beastmastery,6,1,5
Globlauncher,tichondrius,96,hunter,beastmastery,6,1,5
Ilîiìîìiilil,bleeding-hollow,96,hunter,beastmastery,6,1,5
Slimetime,tichondrius,96,hunter,beastmastery,6,1,5
Opsi,ragnaros,96,hunter,beastmastery,6,1,5
Percival,firetree,96,hunter,beastmastery,6,1,5
Sobala,azralon,96,hunter,beastmastery,6,1,5
Murk,spirestone,96,hunter,beastmastery,6,1,5
Jiawoweixin,illidan,96,hunter,beastmastery,6,1,5
Predatðr,frostmourne,96,hunter,beastmastery,6,1,5
Sóggybóxers,tichondrius,96,hunter,beastmastery,6,1,5
Jabbar,bleeding-hollow,96,hunter,beastmastery,6,1,5
Birggitte,the-venture-co,96,hunter,beastmastery,6,1,5
Dusle,azralon,96,hunter,beastmastery,6,1,5
Xclaw,llane,96,hunter,beastmastery,6,1,5
Wamion,zuljin,96,hunter,beastmastery,6,1,5
Abundalacaca,sargeras,96,hunter,beastmastery,6,1,5
Derekscrow,tichondrius,96,hunter,beastmastery,6,1,5
Lorishblood,blackrock,96,hunter,beastmastery,6,1,5
Matahunt,blackwing-lair,96,hunter,beastmastery,6,1,5
Wixyy,aegwynn,96,hunter,beastmastery,6,1,5
Fourkayiv,azgalor,96,hunter,beastmastery,6,1,5
Deletedyou,tichondrius,96,hunter,beastmastery,6,1,5
Bertiebott,zuljin,96,hunter,beastmastery,6,1,5
Carot,dalaran,96,hunter,beastmastery,6,1,5
Fadingtrapz,jubeithos,96,hunter,beastmastery,6,1,5
Slipperyqt,frostmourne,96,hunter,beastmastery,6,1,5
Physical,destromath,96,hunter,beastmastery,6,1,5
Patcherson,kargath,96,hunter,beastmastery,6,1,5
Chîll,frostmourne,96,hunter,beastmastery,6,1,5
Foakus,zuljin,96,hunter,beastmastery,6,1,5
Huntardness,moon-guard,96,hunter,beastmastery,6,1,5
Brokenfoot,bonechewer,96,hunter,beastmastery,6,1,5
Bigpie,daggerspine,96,hunter,beastmastery,6,1,5
Oldmandave,stormrage,96,hunter,beastmastery,6,1,5
Panm,runetotem,96,hunter,beastmastery,6,1,5
Muckenfoose,frostmourne,96,hunter,beastmastery,6,1,5
Brody,eitrigg,96,hunter,beastmastery,6,1,5
Analtraps,tichondrius,96,hunter,beastmastery,6,1,5
Sõulhunter,frostmourne,96,hunter,beastmastery,6,1,5
Slideby,tichondrius,96,hunter,beastmastery,6,1,5
Shadeckz,stormrage,96,hunter,beastmastery,6,1,5
Boido,ghostlands,96,hunter,beastmastery,6,1,5
Justin,agamaggan,96,hunter,beastmastery,6,1,5
Bellaphonte,stormrage,96,hunter,beastmastery,6,1,5
Grullandàr,hakkar,96,hunter,beastmastery,6,1,5
Nachtcloverr,stormrage,96,hunter,beastmastery,6,1,5
Bendotexe,stormrage,96,hunter,beastmastery,7,1,6
Tydee,nagrand,96,hunter,beastmastery,12,1,11
Bee,shattered-halls,96,hunter,beastmastery,12,1,11
Blackstaur,illidan,96,hunter,beastmastery,12,1,11
Tstormzz,stormrage,96,hunter,beastmastery,12,1,11
Rekows,stormrage,96,hunter,beastmastery,12,1,11
Divineseraph,dentarg,96,hunter,beastmastery,12,1,11
Twistedx,tichondrius,96,hunter,beastmastery,12,1,11
Desoh,kelthuzad,96,hunter,beastmastery,12,1,11
Caletten,destromath,96,hunter,beastmastery,12,1,11
Tinsho,drakkari,96,hunter,beastmastery,12,1,11
Sylvanãs,ragnaros,96,hunter,beastmastery,12,1,11
Ferdphin,dalaran,96,hunter,beastmastery,12,1,11
Baehydra,frostmourne,96,hunter,beastmastery,12,1,11
Newdanni,barthilas,95,hunter,beastmastery,18,1,17
Muffkick,illidan,64,hunter,beastmastery,4,1,3
Kölhberg,azralon,64,hunter,beastmastery,10,1,9
Triggamikê,tichondrius,63,hunter,beastmastery,2,2,0
Piess,thrall,48,hunter,beastmastery,3,1,2
Falsifier,ragnaros,48,hunter,beastmastery,3,1,2
Dwrhunt,ragnaros,48,hunter,beastmastery,3,1,2
Yory,tol-barad,48,hunter,beastmastery,3,1,2
Aceventurapð,area-52,48,hunter,beastmastery,3,1,2
Wonshawt,tichondrius,48,hunter,beastmastery,3,1,2
Jumeog,stormscale,42,hunter,beastmastery,7,2,5
Bowjoblul,stormrage,42,hunter,beastmastery,9,2,7
Timesteal,tichondrius,31,hunter,beastmastery,2,1,1
Voladren,moon-guard,31,hunter,beastmastery,2,1,1
Gasslight,area-52,31,hunter,beastmastery,2,1,1
Juicemage,tichondrius,2243,mage,arcane,107,58,49
Numbing,sargeras,2233,mage,arcane,100,54,46
Ktp,tichondrius,2208,mage,arcane,95,59,36
Oneschool,sargeras,2174,mage,arcane,78,45,33
Venruki,tichondrius,2137,mage,arcane,78,44,34
Cvark,sargeras,2123,mage,arcane,76,45,31
Junglejape,tichondrius,1967,mage,arcane,54,35,19
Arcanemagek,tichondrius,1907,mage,arcane,48,32,16
Whiterice,zuljin,1879,mage,arcane,50,31,19
Bíscuít,illidan,1864,mage,arcane,139,76,63
Birdfather,tichondrius,1861,mage,arcane,48,33,15
Hocusjokus,frostmourne,1851,mage,arcane,47,31,16
Esien,tichondrius,1848,mage,arcane,80,41,39
Snortmeth,area-52,1841,mage,arcane,90,58,32
Bambambilly,kelthuzad,1836,mage,arcane,144,75,69
Vampìrelolz,tichondrius,1809,mage,arcane,48,26,22
Ezchallenger,undermine,1782,mage,arcane,102,47,55
Elfmage,tichondrius,1777,mage,arcane,30,19,11
Edgkey,illidan,1771,mage,arcane,103,54,49
Mokelovin,sargeras,1763,mage,arcane,65,33,32
Bananappeal,kelthuzad,1717,mage,arcane,52,26,26
Lmaginedying,illidan,1715,mage,arcane,30,24,6
Arianark,sargeras,1715,mage,arcane,99,61,38
Dawitchery,illidan,1712,mage,arcane,52,23,29
Spellstéal,tichondrius,1711,mage,arcane,30,18,12
Zps,illidan,1706,mage,arcane,72,40,32
Badboykilla,dentarg,1704,mage,arcane,39,33,6
Melkdud,wyrmrest-accord,1703,mage,arcane,30,18,12
Sestren,zuljin,1702,mage,arcane,85,41,44
Delibro,tichondrius,1700,mage,arcane,82,41,41
Mageboy,bonechewer,1699,mage,arcane,67,33,34
Spart,runetotem,1676,mage,arcane,45,20,25
Clutchy,gorefiend,1672,mage,arcane,42,29,13
Tbkz,amanthul,1672,mage,arcane,48,21,27
Magnesiium,illidan,1670,mage,arcane,42,24,18
Nyj,tichondrius,1668,mage,arcane,59,33,26
Zhanna,nazjatar,1668,mage,arcane,152,80,72
Maegwynah,jaedenar,1665,mage,arcane,40,20,20
Shwaysted,burning-blade,1657,mage,arcane,42,22,20
Exterminatüs,tichondrius,1653,mage,arcane,87,44,43
Höövalt,illidan,1641,mage,arcane,30,20,10
Spitemage,tichondrius,1638,mage,arcane,103,49,54
Xialing,tichondrius,1631,mage,arcane,40,24,16
Spellsteål,malganis,1627,mage,arcane,53,31,22
Hallat,archimonde,1623,mage,arcane,368,177,191
Magecombe,thrall,1617,mage,arcane,30,17,13
Dbox,stormscale,1615,mage,arcane,93,53,40
Dmgperseç,tichondrius,1612,mage,arcane,30,20,10
Proximalol,tichondrius,1610,mage,arcane,36,20,16
Snoogma,illidan,1609,mage,arcane,42,20,22
Ject,ragnaros,1606,mage,arcane,155,84,71
Hööva,illidan,1604,mage,arcane,30,17,13
Rhythmdog,tichondrius,1603,mage,arcane,45,21,24
Primearcanis,tol-barad,1601,mage,arcane,48,22,26
Höövaltx,illidan,1600,mage,arcane,36,19,17
Ligmmah,stormrage,1590,mage,arcane,64,37,27
Felsparkles,area-52,1589,mage,arcane,54,30,24
Waisted,kelthuzad,1573,mage,arcane,45,25,20
Sky,lightnings-blade,1563,mage,arcane,101,54,47
Lucidaze,daggerspine,1551,mage,arcane,184,93,91
Wïzarduous,mannoroth,1548,mage,arcane,42,22,20
Clernlol,emerald-dream,1548,mage,arcane,60,27,33
Perrc,area-52,1546,mage,arcane,174,88,86
Balencii,kiljaeden,1540,mage,arcane,30,18,12
Étel,nemesis,1539,mage,arcane,39,19,20
Alode,moon-guard,1526,mage,arcane,54,33,21
Prosperoh,burning-legion,1526,mage,arcane,48,25,23
Agoniey,illidan,1525,mage,arcane,138,69,69
Vênsêr,emerald-dream,1523,mage,arcane,36,17,19
Hennimage,sargeras,1507,mage,arcane,229,127,102
Enthy,frostmourne,1500,mage,arcane,30,16,14
Cyphen,proudmoore,1500,mage,arcane,30,16,14
Beerbelly,tichondrius,1486,mage,arcane,77,45,32
Hustle,frostmourne,1483,mage,arcane,102,53,49
Maplemage,akama,1480,mage,arcane,177,93,84
Wretchy,ragnaros,1473,mage,arcane,61,33,28
Hoçuspoçus,moon-guard,1463,mage,arcane,36,17,19
Missile,frostmourne,1454,mage,arcane,36,17,19
Swàn,stormrage,1444,mage,arcane,42,23,19
Caseyjelly,tichondrius,1436,mage,arcane,36,20,16
Sáron,quelthalas,1431,mage,arcane,78,41,37
Lünå,onyxia,1429,mage,arcane,54,34,20
Unguided,moon-guard,1426,mage,arcane,24,15,9
Raazzamage,moon-guard,1395,mage,arcane,75,42,33
Söngs,goldrinn,1387,mage,arcane,24,15,9
Frozonnee,aggramar,1379,mage,arcane,24,15,9
Wizzyx,illidan,1373,mage,arcane,40,21,19
Castarcane,nordrassil,1370,mage,arcane,36,17,19
Kickpollyplx,lothar,1368,mage,arcane,71,45,26
Somariais,illidan,1368,mage,arcane,48,22,26
Avandal,proudmoore,1362,mage,arcane,71,29,42
Astrojrue,sargeras,1353,mage,arcane,41,21,20
Melkra,tichondrius,1348,mage,arcane,66,36,30
Blaxmagic,stormrage,1338,mage,arcane,36,15,21
Szrp,stormrage,1336,mage,arcane,57,27,30
Pufs,stormrage,1329,mage,arcane,35,16,19
Themagicman,whisperwind,1324,mage,arcane,42,17,25
Thewizârd,stormrage,1323,mage,arcane,293,155,138
Chelseâ,emerald-dream,1317,mage,arcane,35,18,17
Zayth,silvermoon,1315,mage,arcane,45,24,21
Oharvestero,illidan,1314,mage,arcane,43,23,20
Coôler,illidan,1313,mage,arcane,39,16,23
Zukoprince,azralon,1312,mage,arcane,24,14,10
Linkolni,azralon,1312,mage,arcane,111,59,52
Ruzam,area-52,1303,mage,arcane,186,91,95
Draell,drakkari,1301,mage,arcane,54,30,24
Véyda,emerald-dream,1300,mage,arcane,60,30,30
Airbnb,area-52,1299,mage,arcane,46,26,20
Valrendor,nazjatar,1298,mage,arcane,96,54,42
Gin,nemesis,1296,mage,arcane,48,24,24
Chezzmasterx,misha,1289,mage,arcane,69,34,35
Fruitdealerr,tichondrius,1269,mage,arcane,30,17,13
Jedamere,proudmoore,1260,mage,arcane,48,23,25
Strêss,kelthuzad,1255,mage,arcane,123,60,63
Antifreezex,tichondrius,1253,mage,arcane,76,43,33
Sorankim,tichondrius,1248,mage,arcane,24,13,11
Gessin,area-52,1245,mage,arcane,100,50,50
Nedrin,nemesis,1244,mage,arcane,66,32,34
Velvetlurker,sargeras,1243,mage,arcane,30,13,17
Aosin,wyrmrest-accord,1240,mage,arcane,18,13,5
Unlike,sargeras,1235,mage,arcane,71,29,42
Edisia,moon-guard,1231,mage,arcane,24,13,11
Skywalkerino,azralon,1224,mage,arcane,145,74,71
Kevymarts,tichondrius,1210,mage,arcane,36,14,22
Cokézero,frostmourne,1200,mage,arcane,55,30,25
Smoks,stormrage,1188,mage,arcane,32,16,16
Dereliction,nagrand,1185,mage,arcane,102,52,50
Softbody,barthilas,1179,mage,arcane,68,31,37
Chëryl,proudmoore,1177,mage,arcane,222,106,116
Holbrook,greymane,1175,mage,arcane,90,41,49
Privilege,dragonmaw,1174,mage,arcane,41,20,21
Greenwise,illidan,1170,mage,arcane,54,28,26
Gryd,area-52,1165,mage,arcane,90,47,43
Yonzho,area-52,1160,mage,arcane,20,13,7
Fearhades,drakkari,1159,mage,arcane,24,13,11
Sceledrus,quelthalas,1156,mage,arcane,36,18,18
Nekrobear,nemesis,1150,mage,arcane,36,16,20
Allýria,stormrage,1138,mage,arcane,30,12,18
Firehawk,azralon,1133,mage,arcane,24,15,9
Celciius,stormrage,1129,mage,arcane,50,16,34
Billzeye,dalaran,1128,mage,arcane,24,12,12
Nunezz,mannoroth,1123,mage,arcane,54,27,27
Badwoman,tichondrius,1111,mage,arcane,36,13,23
Oyagi,moon-guard,1097,mage,arcane,89,42,47
Klausgc,sargeras,1084,mage,arcane,20,12,8
Overratedxd,moon-guard,1084,mage,arcane,24,12,12
Randalf,dragonmaw,1056,mage,arcane,24,15,9
Flaux,sargeras,1055,mage,arcane,18,11,7
Tommagic,tichondrius,1055,mage,arcane,30,11,19
Glaciated,the-forgotten-coast,1053,mage,arcane,24,11,13
Shmage,dragonmaw,1050,mage,arcane,24,11,13
Måndias,tichondrius,1041,mage,arcane,24,11,13
Cassanara,moon-guard,1032,mage,arcane,36,13,23
Frozorfs,tichondrius,1028,mage,arcane,30,11,19
Thetodd,emerald-dream,1017,mage,arcane,24,16,8
Tsarevich,fizzcrank,1009,mage,arcane,60,26,34
Zulugara,barthilas,1009,mage,arcane,28,11,17
Kittikk,tichondrius,1005,mage,arcane,119,53,66
Mixler,feathermoon,1000,mage,arcane,36,19,17
Maiddan,azralon,1000,mage,arcane,26,12,14
Raeign,frostmourne,972,mage,arcane,141,67,74
Nightsaber,blackrock,960,mage,arcane,12,10,2
Windwìtch,quelthalas,960,mage,arcane,18,10,8
Jazzgroyper,sargeras,960,mage,arcane,24,10,14
Lightsoran,tichondrius,960,mage,arcane,24,10,14
Gachaguy,bleeding-hollow,960,mage,arcane,30,10,20
Parapio,tichondrius,959,mage,arcane,12,10,2
Zerathremar,proudmoore,958,mage,arcane,18,10,8
Haze,hyjal,955,mage,arcane,18,10,8
Tagere,moon-guard,954,mage,arcane,24,10,14
Orderlight,alexstrasza,954,mage,arcane,24,10,14
Wizfajita,malganis,951,mage,arcane,24,10,14
Wøogles,sargeras,946,mage,arcane,24,10,14
Morkleen,korgath,943,mage,arcane,30,10,20
Knotyouagain,emerald-dream,936,mage,arcane,30,17,13
Shadows,exodar,934,mage,arcane,24,10,14
Akagamix,sargeras,924,mage,arcane,36,17,19
Dietdeww,borean-tundra,913,mage,arcane,18,10,8
Mastablastar,windrunner,899,mage,arcane,23,10,13
Søkø,tichondrius,868,mage,arcane,30,11,19
Viôlentj,area-52,863,mage,arcane,12,9,3
Arcalìte,illidan,863,mage,arcane,15,10,5
Harshx,bleeding-hollow,863,mage,arcane,18,9,9
Pandazed,proudmoore,863,mage,arcane,18,9,9
Mageyoulooks,kelthuzad,856,mage,arcane,24,9,15
Khierlana,hellscream,848,mage,arcane,72,28,44
Magicå,area-52,845,mage,arcane,12,9,3
Waef,quelthalas,838,mage,arcane,18,9,9
Instataterz,eonar,833,mage,arcane,29,9,20
Sherian,queldorei,832,mage,arcane,18,9,9
Jackson,altar-of-storms,809,mage,arcane,60,17,43
Kirayu,gilneas,798,mage,arcane,16,9,7
Unmix,tichondrius,794,mage,arcane,20,9,11
Drainbamage,coilfang,786,mage,arcane,94,26,68
Cinnamon,boulderfist,768,mage,arcane,12,8,4
Lewpithy,area-52,768,mage,arcane,12,8,4
Eludin,aegwynn,768,mage,arcane,18,8,10
Jööz,deathwing,768,mage,arcane,18,8,10
Crøwgawd,tichondrius,767,mage,arcane,12,8,4
Watchmepog,tichondrius,767,mage,arcane,12,8,4
Azeroth,boulderfist,767,mage,arcane,13,8,5
Fakebusiness,area-52,767,mage,arcane,18,8,10
Firèballin,tichondrius,767,mage,arcane,18,8,10
Delana,darkspear,766,mage,arcane,24,8,16
Boredmoomoo,thunderlord,765,mage,arcane,12,8,4
Archtype,azralon,764,mage,arcane,24,8,16
Iseltwald,proudmoore,761,mage,arcane,12,8,4
Christensen,stormrage,761,mage,arcane,18,8,10
Aycc,tichondrius,735,mage,arcane,17,8,9
Ebah,tichondrius,734,mage,arcane,20,9,11
Failedwizard,frostmourne,714,mage,arcane,34,10,24
Perkaset,turalyon,703,mage,arcane,17,8,9
Noescaping,illidan,687,mage,arcane,19,8,11
Rof,sargeras,672,mage,arcane,12,7,5
Valériemeow,tichondrius,672,mage,arcane,18,7,11
Mävra,emerald-dream,671,mage,arcane,12,7,5
Murr,boulderfist,671,mage,arcane,12,7,5
Zezima,spirestone,671,mage,arcane,12,7,5
Mershon,tichondrius,671,mage,arcane,12,7,5
Ankidar,quelthalas,671,mage,arcane,18,7,11
Warthormage,stormrage,670,mage,arcane,12,7,5
Austere,boulderfist,670,mage,arcane,12,7,5
Derkrìeger,turalyon,670,mage,arcane,18,7,11
Oogleymoogly,zuljin,669,mage,arcane,18,7,11
Zimzum,bladefist,666,mage,arcane,12,7,5
Cubanarox,gallywix,661,mage,arcane,24,7,17
Brazcane,skullcrusher,655,mage,arcane,17,7,10
Karamzov,zuljin,652,mage,arcane,24,7,17
Xplozion,lightninghoof,623,mage,arcane,15,8,7
Arcanochillz,ghostlands,621,mage,arcane,21,8,13
Uhh,blackrock,607,mage,arcane,14,7,7
Moogician,aerie-peak,592,mage,arcane,13,7,6
Icecreamboy,tichondrius,576,mage,arcane,12,6,6
Fryry,dalaran,576,mage,arcane,12,6,6
Aeghis,stormrage,576,mage,arcane,12,6,6
Astroner,frostmourne,576,mage,arcane,12,6,6
Nazmagus,hydraxis,576,mage,arcane,18,6,12
Fuchsia,boulderfist,576,mage,arcane,18,6,12
Cicciozi,sargeras,576,mage,arcane,24,6,18
Snâred,aggramar,575,mage,arcane,6,6,0
Nachtt,sargeras,575,mage,arcane,12,6,6
Moond,drakkari,575,mage,arcane,12,6,6
Kârén,aggramar,575,mage,arcane,12,6,6
Furrblock,tichondrius,575,mage,arcane,18,6,12
Lacouet,lightnings-blade,575,mage,arcane,24,6,18
Ispell,tichondrius,573,mage,arcane,24,6,18
Enfuegoe,tichondrius,571,mage,arcane,12,6,6
Francious,echo-isles,566,mage,arcane,12,6,6
Belven,proudmoore,559,mage,arcane,17,6,11
Vires,kelthuzad,543,mage,arcane,11,6,5
Kaiokenxten,bleeding-hollow,527,mage,arcane,17,6,11
Fredcouples,tichondrius,520,mage,arcane,13,7,6
Baskal,area-52,510,mage,arcane,22,6,16
Ilovejwoanna,kiljaeden,480,mage,arcane,6,5,1
Zeró,frostmourne,480,mage,arcane,6,5,1
Umpire,boulderfist,480,mage,arcane,6,5,1
Skillsbro,arthas,480,mage,arcane,6,5,1
Icydubya,illidan,480,mage,arcane,6,5,1
Onibeef,duskwood,480,mage,arcane,6,5,1
Maxtorgar,quelthalas,480,mage,arcane,12,5,7
Rebdoomer,skullcrusher,480,mage,arcane,12,5,7
Lorlene,frostmourne,480,mage,arcane,12,5,7
Dagreatone,malganis,480,mage,arcane,12,5,7
Shäräpova,zuljin,480,mage,arcane,12,5,7
Wauzcrol,quelthalas,480,mage,arcane,12,5,7
Diamondx,ragnaros,480,mage,arcane,12,5,7
Hansol,farstriders,480,mage,arcane,12,5,7
Inmylife,tichondrius,480,mage,arcane,15,6,9
Kosiris,tichondrius,480,mage,arcane,18,5,13
Hogdog,illidan,480,mage,arcane,18,5,13
Shocknawes,illidan,478,mage,arcane,15,5,10
Humpadumplin,wyrmrest-accord,478,mage,arcane,24,5,19
Merlon,dalaran,476,mage,arcane,12,5,7
Culours,stormrage,472,mage,arcane,12,5,7
Combusty,sargeras,447,mage,arcane,14,6,8
Squishymage,moon-guard,446,mage,arcane,17,5,12
Tubby,boulderfist,431,mage,arcane,11,5,6
Larouse,quelthalas,415,mage,arcane,8,5,3
Asalumm,quelthalas,398,mage,arcane,13,6,7
Magicos,frostmourne,384,mage,arcane,6,4,2
Wanming,tichondrius,384,mage,arcane,6,4,2
Riddickl,malfurion,384,mage,arcane,6,4,2
Cømbust,frostmourne,384,mage,arcane,6,4,2
Imbusting,kiljaeden,384,mage,arcane,6,4,2
Lavaera,illidan,384,mage,arcane,6,4,2
Gelokay,tichondrius,384,mage,arcane,6,4,2
Dogmagetw,tichondrius,384,mage,arcane,6,4,2
Tuggernaug,malganis,384,mage,arcane,6,4,2
Skoals,thrall,384,mage,arcane,6,4,2
Hasteboy,kelthuzad,384,mage,arcane,6,4,2
Chilléd,tichondrius,384,mage,arcane,6,4,2
Garrieto,sargeras,384,mage,arcane,6,4,2
Rositajonez,terenas,384,mage,arcane,6,4,2
Jordèb,sargeras,384,mage,arcane,6,4,2
Gobbstoppers,dalaran,384,mage,arcane,12,4,8
Granmago,azralon,384,mage,arcane,12,4,8
Nesomage,destromath,384,mage,arcane,12,4,8
Muskinite,maiev,384,mage,arcane,12,4,8
Hogslop,saurfang,384,mage,arcane,12,4,8
Pwnstarx,proudmoore,384,mage,arcane,12,4,8
Bigbuttangel,borean-tundra,384,mage,arcane,12,4,8
Khaldyn,tichondrius,384,mage,arcane,12,4,8
Forestella,tichondrius,384,mage,arcane,12,4,8
Scxut,tichondrius,384,mage,arcane,12,4,8
Döömsage,hydraxis,384,mage,arcane,12,4,8
Biotic,kiljaeden,384,mage,arcane,12,4,8
Raxxor,muradin,383,mage,arcane,6,4,2
Skoffla,executus,383,mage,arcane,6,4,2
Seaon,malganis,383,mage,arcane,6,4,2
Preckwinkle,moon-guard,382,mage,arcane,12,4,8
Dchee,nerzhul,381,mage,arcane,12,4,8
Ærtai,black-dragonflight,304,mage,arcane,7,4,3
Grarg,stormrage,301,mage,arcane,13,4,9
Smãlls,sargeras,288,mage,arcane,6,3,3
Milfmaster,aerie-peak,288,mage,arcane,6,3,3
Fatso,boulderfist,288,mage,arcane,6,3,3
Xzude,korgath,288,mage,arcane,6,3,3
Kev,sentinels,288,mage,arcane,6,3,3
Neverbroke,illidan,288,mage,arcane,6,3,3
Fennix,ragnaros,288,mage,arcane,6,3,3
Jizzlez,tichondrius,288,mage,arcane,6,3,3
Kogin,thrall,288,mage,arcane,6,3,3
Crøwgxd,tichondrius,288,mage,arcane,6,3,3
Myrondor,tichondrius,288,mage,arcane,6,3,3
Sksteve,rexxar,288,mage,arcane,6,3,3
Bobbyyx,sargeras,288,mage,arcane,6,3,3
Watchmesleep,tichondrius,288,mage,arcane,6,3,3
Natzue,sargeras,288,mage,arcane,6,3,3
Madpoondog,frostmourne,288,mage,arcane,6,3,3
Zakume,stormrage,288,mage,arcane,6,3,3
Koro,tichondrius,288,mage,arcane,6,3,3
Zerodium,sargeras,288,mage,arcane,6,3,3
Adrazell,sargeras,288,mage,arcane,6,3,3
Poggywoggy,frostmourne,288,mage,arcane,6,3,3
Unknownblast,kul-tiras,288,mage,arcane,6,3,3
Xythros,stormrage,288,mage,arcane,6,3,3
Feorbxx,proudmoore,288,mage,arcane,6,3,3
Sazza,tichondrius,288,mage,arcane,6,3,3
Ksauce,twisting-nether,288,mage,arcane,6,3,3
Levalol,aggramar,288,mage,arcane,10,4,6
Heflash,azralon,288,mage,arcane,12,3,9
Elux,whisperwind,288,mage,arcane,12,3,9
Arçanemage,tichondrius,288,mage,arcane,12,3,9
Toknsmoke,tichondrius,288,mage,arcane,12,3,9
Fasttwitch,kiljaeden,288,mage,arcane,12,3,9
Skittels,azshara,288,mage,arcane,12,3,9
Matmagic,drakkari,288,mage,arcane,13,3,10
Freehoñgkong,tichondrius,288,mage,arcane,18,3,15
Calcaster,aegwynn,287,mage,arcane,6,3,3
Kryptekk,area-52,287,mage,arcane,6,3,3
Hýdro,ghostlands,287,mage,arcane,6,3,3
Ìgnìtìöñ,whisperwind,287,mage,arcane,12,3,9
Ottsca,emerald-dream,286,mage,arcane,6,3,3
Prosperoo,aerie-peak,286,mage,arcane,6,3,3
Arcanin,thunderlord,285,mage,arcane,12,3,9
Sausage,boulderfist,276,mage,arcane,16,6,10
Arkanons,azralon,240,mage,arcane,9,4,5
Etyx,tichondrius,239,mage,arcane,5,3,2
Pay,nordrassil,223,mage,arcane,9,3,6
Røcco,azralon,192,mage,arcane,4,3,1
Akunimon,ragnaros,192,mage,arcane,6,2,4
Emden,khadgar,192,mage,arcane,6,2,4
Sweetypie,fenris,192,mage,arcane,6,2,4
Blastgodx,stormrage,192,mage,arcane,6,2,4
Opiumlord,tichondrius,192,mage,arcane,6,2,4
Sheepshot,dentarg,192,mage,arcane,6,2,4
Chinkins,illidan,192,mage,arcane,6,2,4
Pullmefingy,illidan,192,mage,arcane,6,2,4
Caimil,echo-isles,192,mage,arcane,6,2,4
Xannymancan,tichondrius,192,mage,arcane,6,2,4
Fakelovè,area-52,192,mage,arcane,6,2,4
Alìv,tichondrius,192,mage,arcane,6,2,4
Blinkmind,stormrage,192,mage,arcane,6,2,4
Maguín,tichondrius,192,mage,arcane,6,2,4
Vengx,tichondrius,192,mage,arcane,6,2,4
Vensyr,stormrage,192,mage,arcane,6,2,4
Alùcârd,tichondrius,192,mage,arcane,6,2,4
Yellowfevrz,thrall,192,mage,arcane,6,2,4
Wayferz,illidan,192,mage,arcane,6,2,4
Aenomaus,stormrage,192,mage,arcane,6,2,4
Highafrn,area-52,192,mage,arcane,6,2,4
Duffs,hyjal,192,mage,arcane,6,2,4
Tarmiel,quelthalas,192,mage,arcane,6,2,4
Markage,stormrage,192,mage,arcane,6,2,4
Xpez,stormrage,192,mage,arcane,6,2,4
Arcp,illidan,192,mage,arcane,6,2,4
Ichor,blackhand,192,mage,arcane,6,2,4
Ferdabombs,tichondrius,192,mage,arcane,6,2,4
Lilfruitsnac,illidan,192,mage,arcane,6,2,4
Mymaage,andorhal,192,mage,arcane,6,2,4
Umber,dreadmaul,192,mage,arcane,6,2,4
Burna,amanthul,192,mage,arcane,6,2,4
Icebish,skullcrusher,192,mage,arcane,6,2,4
Shimmerpoly,sargeras,192,mage,arcane,6,2,4
Xunalatu,frostmourne,192,mage,arcane,6,2,4
Frostecho,moon-guard,192,mage,arcane,6,2,4
Crinkit,frostmourne,192,mage,arcane,6,2,4
Mcshwackin,area-52,192,mage,arcane,12,2,10
Compactor,emerald-dream,192,mage,arcane,12,2,10
Amoredis,the-venture-co,192,mage,arcane,12,2,10
Rahahm,altar-of-storms,192,mage,arcane,12,2,10
Barbarabush,hellscream,192,mage,arcane,12,2,10
Gatka,quelthalas,192,mage,arcane,12,2,10
Lifeinaday,proudmoore,191,mage,arcane,6,2,4
Vengefuly,tichondrius,138,mage,arcane,6,3,3
Respektwaman,tichondrius,128,mage,arcane,4,2,2
Pyropie,frostmourne,96,mage,arcane,3,2,1
Purpledrank,nagrand,96,mage,arcane,9,2,7
Casarenarrus,staghelm,96,mage,arcane,6,1,5
Darthez,darkspear,96,mage,arcane,6,1,5
Octané,illidan,96,mage,arcane,6,1,5
Pollybot,tichondrius,96,mage,arcane,6,1,5
Mageki,ragnaros,96,mage,arcane,6,1,5
Noyade,illidan,96,mage,arcane,6,1,5
Shinneex,ragnaros,96,mage,arcane,6,1,5
Xlordpagan,sargeras,96,mage,arcane,6,1,5
Sahaquiel,tichondrius,96,mage,arcane,6,1,5
Mandrakë,nemesis,96,mage,arcane,6,1,5
Coldrin,tichondrius,96,mage,arcane,6,1,5
Elemenopi,thrall,96,mage,arcane,6,1,5
Trippy,senjin,96,mage,arcane,6,1,5
Omnislasher,terenas,96,mage,arcane,6,1,5
Quinnfreeze,boulderfist,96,mage,arcane,6,1,5
Singheart,tichondrius,96,mage,arcane,6,1,5
Krazsus,tichondrius,96,mage,arcane,6,1,5
Burrbon,area-52,96,mage,arcane,6,1,5
Flomin,tichondrius,96,mage,arcane,6,1,5
Sula,muradin,96,mage,arcane,6,1,5
Smôl,emerald-dream,96,mage,arcane,6,1,5
Copperfield,dreadmaul,96,mage,arcane,6,1,5
Hhavok,scarlet-crusade,96,mage,arcane,6,1,5
Telkham,tichondrius,96,mage,arcane,6,1,5
Gôøglëlòl,nemesis,96,mage,arcane,6,1,5
Hvnlyfathr,stormrage,96,mage,arcane,6,1,5
Ignit,stormrage,96,mage,arcane,6,1,5
Nazztwren,bleeding-hollow,96,mage,arcane,6,1,5
Illúmi,moon-guard,96,mage,arcane,6,1,5
Genozyde,elune,96,mage,arcane,6,1,5
Helloimazu,gilneas,96,mage,arcane,6,1,5
Needmyvape,moon-guard,96,mage,arcane,6,1,5
Nikittomage,echo-isles,96,mage,arcane,12,1,11
Greaterbust,tichondrius,96,mage,arcane,12,1,11
Kralien,dalaran,95,mage,arcane,6,1,5
Poofnpass,malorne,95,mage,arcane,6,1,5
Scribe,anvilmar,79,mage,arcane,5,1,4
Pyroeuphoria,dark-iron,79,mage,arcane,5,1,4
Frostmaul,dreadmaul,79,mage,arcane,11,1,10
Keepinitnoob,tichondrius,63,mage,arcane,2,2,0
Setback,illidan,2122,mage,fire,138,69,69
Hansol,farstriders,2120,mage,fire,84,42,42
Ranj,tichondrius,2110,mage,fire,97,48,49
Valériemeow,tichondrius,2097,mage,fire,115,57,58
Benisp,stormrage,2070,mage,fire,98,56,42
Bigfirebat,tichondrius,2061,mage,fire,167,87,80
Vcamus,tichondrius,2056,mage,fire,92,48,44
Kyphosis,illidan,2054,mage,fire,113,68,45
Gohonn,emerald-dream,2043,mage,fire,159,92,67
Talibandzx,sargeras,2042,mage,fire,159,77,82
Asetback,illidan,2035,mage,fire,120,58,62
Taylorlol,tichondrius,2019,mage,fire,141,67,74
Horoba,sargeras,2009,mage,fire,204,99,105
Adjudicatory,tichondrius,2003,mage,fire,69,34,35
Kasperkar,illidan,1991,mage,fire,251,127,124
Xiaoxiaochu,tichondrius,1973,mage,fire,205,119,86
Vcamusorz,tichondrius,1970,mage,fire,166,87,79
Udmx,zuljin,1958,mage,fire,85,51,34
Aeghis,stormrage,1958,mage,fire,48,26,22
Getmaged,bleeding-hollow,1943,mage,fire,64,40,24
Undeadmerlin,zuljin,1937,mage,fire,66,36,30
Purpscurp,illidan,1932,mage,fire,147,83,64
Peachygamer,stormscale,1921,mage,fire,198,99,99
Starxen,tichondrius,1915,mage,fire,54,31,23
Dáddyshark,sargeras,1911,mage,fire,169,80,89
Poundcakezx,tichondrius,1905,mage,fire,54,28,26
Sorankim,tichondrius,1893,mage,fire,54,30,24
Vazlgs,tichondrius,1872,mage,fire,78,44,34
Rmxd,malganis,1870,mage,fire,102,54,48
Nightsaber,blackrock,1869,mage,fire,42,26,16
Sorcerous,bloodhoof,1863,mage,fire,163,95,68
Notini,azralon,1862,mage,fire,149,74,75
Ròÿ,area-52,1861,mage,fire,72,37,35
Opisop,kelthuzad,1858,mage,fire,60,32,28
Sunskim,tichondrius,1851,mage,fire,76,37,39
Háté,ragnaros,1849,mage,fire,179,84,95
Degen,laughing-skull,1842,mage,fire,46,31,15
Ksmackm,illidan,1842,mage,fire,65,34,31
Zoryack,azralon,1836,mage,fire,150,79,71
Wanming,tichondrius,1831,mage,fire,78,44,34
Pinkmagetko,tichondrius,1830,mage,fire,48,26,22
Vampìrelolz,tichondrius,1828,mage,fire,47,25,22
Csx,turalyon,1826,mage,fire,132,73,59
Cinnablast,darkspear,1824,mage,fire,26,20,6
Fwooshinator,malganis,1823,mage,fire,71,56,15
Epod,illidan,1823,mage,fire,78,36,42
Dmgdaddy,zuljin,1822,mage,fire,42,20,22
Såni,tichondrius,1819,mage,fire,67,39,28
Kraxos,stormrage,1814,mage,fire,108,62,46
Yaya,kargath,1811,mage,fire,105,51,54
Wiredcc,illidan,1805,mage,fire,30,20,10
Juju,tichondrius,1796,mage,fire,75,44,31
Fixrexbaxlls,tichondrius,1780,mage,fire,66,35,31
Snoogma,illidan,1772,mage,fire,41,30,11
Volkazar,sargeras,1766,mage,fire,39,21,18
Käxs,ragnaros,1762,mage,fire,42,21,21
Daddymayhem,proudmoore,1756,mage,fire,120,61,59
Charkoalzz,moon-guard,1749,mage,fire,53,26,27
Alenikus,blackhand,1738,mage,fire,110,58,52
Yorgøs,ragnaros,1736,mage,fire,60,31,29
Dexpy,tichondrius,1732,mage,fire,43,26,17
Farragan,ragnaros,1732,mage,fire,48,21,27
Icetomeetyu,bleeding-hollow,1726,mage,fire,185,92,93
Deepgodsz,azralon,1725,mage,fire,42,23,19
Wizarts,ragnaros,1725,mage,fire,60,27,33
Sol,shandris,1721,mage,fire,36,18,18
Stergenutfr,tichondrius,1720,mage,fire,42,27,15
Kindle,malorne,1714,mage,fire,56,33,23
Englavian,frostmane,1709,mage,fire,54,28,26
Snaregodx,area-52,1707,mage,fire,30,21,9
Gelußabadook,kelthuzad,1700,mage,fire,30,22,8
Mângo,frostmourne,1699,mage,fire,24,18,6
Highms,stormrage,1699,mage,fire,60,30,30
Muztaccio,tichondrius,1697,mage,fire,77,43,34
Likebutter,tichondrius,1695,mage,fire,30,22,8
Younghehe,tichondrius,1692,mage,fire,148,77,71
Dagreatone,malganis,1687,mage,fire,46,24,22
Banquetmeal,emerald-dream,1686,mage,fire,42,27,15
Nickioxox,tichondrius,1674,mage,fire,24,18,6
Bighot,tichondrius,1673,mage,fire,90,53,37
Torched,stormreaver,1671,mage,fire,84,44,40
Ligmmah,stormrage,1669,mage,fire,66,39,27
Dropdeadlol,bonechewer,1669,mage,fire,96,55,41
Ööf,emerald-dream,1667,mage,fire,72,33,39
Asap,frostmourne,1666,mage,fire,48,26,22
Varroc,quelthalas,1666,mage,fire,208,101,107
Wotl,tichondrius,1665,mage,fire,219,115,104
Blockjkdead,frostmourne,1663,mage,fire,32,21,11
Magibe,thrall,1652,mage,fire,36,24,12
Itshug,area-52,1652,mage,fire,53,27,26
Thxo,hyjal,1650,mage,fire,111,54,57
Lycheeoolong,frostmourne,1649,mage,fire,38,22,16
Téhflip,tichondrius,1649,mage,fire,42,24,18
Pootysmooch,sargeras,1639,mage,fire,54,33,21
Myrondor,tichondrius,1639,mage,fire,90,50,40
Setbackx,illidan,1638,mage,fire,48,19,29
Oi,frostwolf,1636,mage,fire,75,48,27
Chionê,velen,1634,mage,fire,30,18,12
Tuniepop,sargeras,1631,mage,fire,89,44,45
Rockoe,tichondrius,1630,mage,fire,76,44,32
Trippy,senjin,1630,mage,fire,60,30,30
Ârcano,ragnaros,1628,mage,fire,53,29,24
Nazmagus,hydraxis,1624,mage,fire,119,70,49
Enthy,frostmourne,1623,mage,fire,60,30,30
Bigpøppapump,tichondrius,1622,mage,fire,42,19,23
Tweydey,tichondrius,1621,mage,fire,30,17,13
Iblïs,kelthuzad,1612,mage,fire,24,17,7
Gigatuts,stormrage,1612,mage,fire,61,31,30
Creaystar,area-52,1611,mage,fire,220,106,114
Formi,frostmourne,1611,mage,fire,88,41,47
Chainpoly,area-52,1609,mage,fire,37,25,12
Fruitdealerr,tichondrius,1607,mage,fire,48,29,19
Albbano,tichondrius,1605,mage,fire,30,21,9
Zarkanis,tichondrius,1604,mage,fire,49,25,24
Mushys,stormrage,1601,mage,fire,35,22,13
Grynthwzrd,stormrage,1601,mage,fire,60,37,23
Jardz,area-52,1597,mage,fire,42,21,21
Sakurai,tichondrius,1593,mage,fire,48,28,20
Velvetlurker,tichondrius,1588,mage,fire,30,17,13
Marrioo,tichondrius,1586,mage,fire,54,29,25
Jasmine,moon-guard,1584,mage,fire,57,30,27
Pzaz,moon-guard,1582,mage,fire,50,30,20
Sandylove,zuljin,1582,mage,fire,36,17,19
Ogfresh,area-52,1581,mage,fire,42,26,16
Bigdjohnson,dalaran,1580,mage,fire,42,19,23
Hpthewizard,deathwing,1579,mage,fire,89,52,37
Iceward,frostmourne,1579,mage,fire,66,30,36
Engage,garrosh,1578,mage,fire,48,29,19
Garbagemage,barthilas,1572,mage,fire,78,41,37
Firewreckage,malganis,1566,mage,fire,68,31,37
Djpolymorph,stormrage,1560,mage,fire,108,60,48
Kev,sentinels,1559,mage,fire,108,58,50
Lolololololo,kelthuzad,1557,mage,fire,204,104,100
Polypolypoly,kiljaeden,1550,mage,fire,28,19,9
Wickymorph,barthilas,1549,mage,fire,53,25,28
Leonr,tichondrius,1546,mage,fire,86,53,33
Trolson,sargeras,1546,mage,fire,54,26,28
Ferdabombs,tichondrius,1544,mage,fire,112,64,48
Mudohir,stormrage,1542,mage,fire,46,20,26
Dreadparadox,bleeding-hollow,1539,mage,fire,46,23,23
Xs,stormrage,1534,mage,fire,120,67,53
Murcury,tichondrius,1531,mage,fire,261,132,129
Teetems,sargeras,1530,mage,fire,116,59,57
Fifthelëment,emerald-dream,1529,mage,fire,119,65,54
Ultrá,stormscale,1528,mage,fire,84,49,35
Bajaoreily,zangarmarsh,1528,mage,fire,42,19,23
Magekylex,proudmoore,1522,mage,fire,99,58,41
Pyroshima,barthilas,1522,mage,fire,95,47,48
Magicmaghar,area-52,1521,mage,fire,60,31,29
Biscobush,turalyon,1519,mage,fire,30,18,12
Crazytime,tichondrius,1519,mage,fire,42,23,19
Lilbabyx,stormrage,1519,mage,fire,98,51,47
Audacy,sargeras,1518,mage,fire,144,71,73
Marfaz,ravencrest,1517,mage,fire,57,27,30
Yeetcannøn,illidan,1516,mage,fire,36,18,18
Fookz,malganis,1515,mage,fire,60,32,28
Squishymage,frostmourne,1515,mage,fire,37,19,18
Imannoyingha,darkspear,1510,mage,fire,71,37,34
Mager,dentarg,1508,mage,fire,62,40,22
Worldonfire,ragnaros,1506,mage,fire,172,88,84
Coneofkony,bleeding-hollow,1503,mage,fire,36,23,13
Mageonthc,korgath,1503,mage,fire,35,20,15
Anuub,kelthuzad,1497,mage,fire,36,20,16
Willzada,azralon,1497,mage,fire,51,24,27
Pòlly,illidan,1495,mage,fire,42,25,17
Mariomario,tichondrius,1494,mage,fire,66,38,28
Juul,emerald-dream,1492,mage,fire,126,62,64
Xanthan,runetotem,1491,mage,fire,51,29,22
Beerandmagic,zuljin,1487,mage,fire,30,16,14
Coolhandz,tichondrius,1487,mage,fire,47,24,23
Dârkus,sargeras,1487,mage,fire,122,60,62
Xoese,illidan,1481,mage,fire,54,20,34
Jojomage,thrall,1473,mage,fire,138,71,67
Chickenspank,stormrage,1473,mage,fire,36,18,18
Anàrchy,emerald-dream,1469,mage,fire,51,29,22
Squantanimo,shadowmoon,1468,mage,fire,65,30,35
Frostpimp,anubarak,1460,mage,fire,60,22,38
Singheart,tichondrius,1457,mage,fire,162,80,82
Toastedoats,hyjal,1456,mage,fire,97,51,46
Aerligar,area-52,1455,mage,fire,36,20,16
Pyroflinger,stormrage,1453,mage,fire,90,46,44
Sparklepoof,tichondrius,1449,mage,fire,29,17,12
Bettybonk,cenarius,1449,mage,fire,42,20,22
Grymorum,ragnaros,1448,mage,fire,42,18,24
Yooyar,barthilas,1447,mage,fire,168,80,88
Jööz,deathwing,1447,mage,fire,51,24,27
Firèballin,tichondrius,1441,mage,fire,31,17,14
Sabrita,proudmoore,1440,mage,fire,36,16,20
Wïzarduous,mannoroth,1438,mage,fire,66,37,29
Gasolína,stormrage,1436,mage,fire,84,48,36
Swaglo,illidan,1435,mage,fire,40,18,22
Grandpapi,arthas,1433,mage,fire,35,20,15
Affewxd,lothar,1428,mage,fire,54,27,27
Streetember,nemesis,1424,mage,fire,84,36,48
Mirimida,ragnaros,1422,mage,fire,153,82,71
Snanth,black-dragonflight,1420,mage,fire,51,29,22
Skryte,mannoroth,1417,mage,fire,58,28,30
Øzmage,area-52,1416,mage,fire,21,16,5
Skoffla,executus,1411,mage,fire,48,25,23
Eekzlol,illidan,1409,mage,fire,30,16,14
Snuurf,ragnaros,1406,mage,fire,60,31,29
Ålmøst,tichondrius,1405,mage,fire,65,36,29
Smallbrainz,emerald-dream,1404,mage,fire,66,35,31
Marajaade,tichondrius,1403,mage,fire,80,38,42
Elysõna,area-52,1402,mage,fire,78,40,38
Mayumî,moon-guard,1401,mage,fire,34,18,16
Whiteyx,saurfang,1399,mage,fire,52,29,23
Cumbus,stormrage,1399,mage,fire,42,15,27
Connorq,stormrage,1394,mage,fire,51,27,24
Ruzam,area-52,1394,mage,fire,66,31,35
Jundead,dalaran,1393,mage,fire,79,46,33
Sydrol,area-52,1392,mage,fire,143,74,69
Hööva,illidan,1392,mage,fire,71,35,36
Jizzlez,tichondrius,1392,mage,fire,48,23,25
Eazzybaby,eredar,1388,mage,fire,424,217,207
Coôler,illidan,1388,mage,fire,84,40,44
Zstyle,frostmourne,1385,mage,fire,55,32,23
Purpledrank,nagrand,1385,mage,fire,85,39,46
Leaso,tichondrius,1384,mage,fire,45,22,23
Ingrumatig,tichondrius,1376,mage,fire,42,18,24
Aliive,tichondrius,1375,mage,fire,30,16,14
Amge,uldum,1373,mage,fire,26,15,11
Wzrdxz,tichondrius,1370,mage,fire,36,17,19
Melkra,tichondrius,1366,mage,fire,64,32,32
Waffles,ravencrest,1363,mage,fire,68,34,34
Diewnuts,zuljin,1363,mage,fire,42,20,22
Garungar,antonidas,1361,mage,fire,24,15,9
Coltrip,azralon,1359,mage,fire,83,38,45
Elwyn,dunemaul,1358,mage,fire,60,29,31
Magiaguarra,ragnaros,1353,mage,fire,36,17,19
Wakkaflame,stormrage,1348,mage,fire,78,33,45
Prinseza,quelthalas,1345,mage,fire,55,27,28
Badaszbich,tichondrius,1344,mage,fire,36,20,16
Sikeyzlol,bleeding-hollow,1343,mage,fire,24,14,10
Coldcaster,mugthol,1340,mage,fire,74,40,34
Kraftfull,azralon,1338,mage,fire,19,15,4
Subscribe,malganis,1336,mage,fire,48,22,26
Dearasian,ragnaros,1335,mage,fire,60,32,28
Búrsting,kelthuzad,1334,mage,fire,31,16,15
Adrazell,sargeras,1333,mage,fire,42,21,21
Sahala,frostmourne,1333,mage,fire,60,25,35
Christjan,tichondrius,1326,mage,fire,181,96,85
Gødvana,frostmourne,1320,mage,fire,42,23,19
Nukeit,azgalor,1320,mage,fire,42,20,22
Carnelius,bleeding-hollow,1319,mage,fire,75,39,36
Holbrook,greymane,1316,mage,fire,49,24,25
Magination,frostmourne,1313,mage,fire,48,22,26
Quizzard,blackrock,1310,mage,fire,28,15,13
Snoü,proudmoore,1309,mage,fire,42,14,28
Raynark,nemesis,1307,mage,fire,30,18,12
Kevymarts,tichondrius,1304,mage,fire,30,15,15
Jjijuns,tichondrius,1302,mage,fire,40,18,22
Abzy,sargeras,1294,mage,fire,72,36,36
Rudeswizard,area-52,1291,mage,fire,73,32,41
Raisonmage,tichondrius,1280,mage,fire,48,18,30
Hypernova,vashj,1277,mage,fire,41,19,22
Cymbalta,azralon,1272,mage,fire,35,24,11
Alzagen,ragnaros,1270,mage,fire,62,30,32
Helcarwen,area-52,1261,mage,fire,60,30,30
Adronicus,tichondrius,1259,mage,fire,66,33,33
Zulugara,barthilas,1258,mage,fire,36,19,17
Absolutepowa,bleeding-hollow,1255,mage,fire,26,14,12
Reddfire,proudmoore,1253,mage,fire,42,15,27
Babysharky,uther,1249,mage,fire,34,14,20
Glaucus,illidan,1247,mage,fire,18,13,5
Leakyboots,illidan,1247,mage,fire,24,13,11
Kronicblast,bleeding-hollow,1240,mage,fire,63,26,37
Frostymart,arthas,1239,mage,fire,24,13,11
Feogato,proudmoore,1237,mage,fire,60,29,31
Polymedaddi,tichondrius,1236,mage,fire,36,13,23
Blinksz,korgath,1235,mage,fire,30,13,17
Politeness,tichondrius,1233,mage,fire,24,13,11
Christensen,stormrage,1231,mage,fire,30,17,13
Slumpgodd,frostmourne,1230,mage,fire,30,13,17
Gadgítte,moon-guard,1229,mage,fire,24,13,11
Eatnu,tichondrius,1225,mage,fire,30,13,17
Dragonie,nordrassil,1224,mage,fire,45,23,22
Smigui,azralon,1223,mage,fire,164,76,88
Psycles,dragonmaw,1223,mage,fire,54,21,33
Zinnos,tichondrius,1218,mage,fire,30,13,17
Archtype,azralon,1217,mage,fire,18,13,5
Vanairel,emerald-dream,1216,mage,fire,30,18,12
Sorgannon,malganis,1216,mage,fire,30,13,17
Genthruz,ragnaros,1215,mage,fire,48,22,26
Fíery,blades-edge,1211,mage,fire,90,42,48
Putridìty,thrall,1210,mage,fire,30,16,14
Licklix,tichondrius,1205,mage,fire,34,19,15
Mongomike,stormrage,1205,mage,fire,63,26,37
Pyrotactics,sargeras,1205,mage,fire,46,17,29
Hadlly,tichondrius,1197,mage,fire,23,13,10
Hositonet,malganis,1188,mage,fire,78,40,38
Sorrenton,sargeras,1186,mage,fire,41,23,18
Burist,illidan,1185,mage,fire,38,19,19
Esfire,frostmourne,1185,mage,fire,48,23,25
Zonmague,drakkari,1177,mage,fire,36,17,19
Iguanodon,proudmoore,1159,mage,fire,56,29,27
Tamarolfrost,illidan,1158,mage,fire,19,13,6
Gradmage,proudmoore,1156,mage,fire,50,20,30
Maxvila,kelthuzad,1152,mage,fire,18,12,6
Kjuuler,moon-guard,1151,mage,fire,24,12,12
Mágos,stormrage,1150,mage,fire,18,12,6
Rhykx,malganis,1149,mage,fire,18,12,6
Balmunc,proudmoore,1147,mage,fire,18,12,6
Chumpp,tichondrius,1147,mage,fire,18,12,6
Dorkski,bleeding-hollow,1147,mage,fire,139,61,78
Absentbrain,stormrage,1145,mage,fire,24,12,12
Domotricks,illidan,1142,mage,fire,29,12,17
Arrcadia,darkspear,1142,mage,fire,30,12,18
Jonboym,illidan,1141,mage,fire,24,12,12
Fleët,tichondrius,1139,mage,fire,18,12,6
Fakewarlockk,illidan,1138,mage,fire,24,12,12
Nachtt,sargeras,1136,mage,fire,24,12,12
Lorlene,frostmourne,1135,mage,fire,18,12,6
Usirfail,bleeding-hollow,1133,mage,fire,30,12,18
Gnarwallx,stormrage,1132,mage,fire,30,12,18
Priyel,hyjal,1130,mage,fire,30,15,15
Xzilence,aerie-peak,1118,mage,fire,30,12,18
Sánzunokawa,quelthalas,1109,mage,fire,27,16,11
Isendra,bleeding-hollow,1105,mage,fire,23,12,11
Noescaping,illidan,1102,mage,fire,24,12,12
Saladguy,thrall,1101,mage,fire,42,14,28
Wawakun,ragnaros,1098,mage,fire,36,16,20
Gempette,tichondrius,1095,mage,fire,23,12,11
Wazzerd,moon-guard,1093,mage,fire,27,12,15
Guccilaflur,proudmoore,1082,mage,fire,27,12,15
Crnomage,area-52,1081,mage,fire,23,12,11
Frogpapi,illidan,1072,mage,fire,48,22,26
Pikoda,azralon,1066,mage,fire,28,12,16
Lmaginedying,illidan,1056,mage,fire,18,11,7
Flaux,sargeras,1055,mage,fire,18,11,7
Lightsoran,tichondrius,1055,mage,fire,18,11,7
Alorae,wyrmrest-accord,1054,mage,fire,18,11,7
Piratecaster,kargath,1054,mage,fire,18,11,7
Dbox,stormscale,1054,mage,fire,18,11,7
Marxeflamer,ragnaros,1054,mage,fire,24,11,13
Avicci,shattered-halls,1054,mage,fire,30,11,19
Cinns,moon-guard,1051,mage,fire,24,11,13
Radakos,emerald-dream,1050,mage,fire,24,11,13
Kiz,zuljin,1050,mage,fire,24,11,13
Gualter,nemesis,1049,mage,fire,18,11,7
Frogbum,fizzcrank,1049,mage,fire,22,12,10
Harlloo,the-underbog,1049,mage,fire,30,11,19
Kryptekk,area-52,1048,mage,fire,24,11,13
Vamkari,ragnaros,1046,mage,fire,24,12,12
Erlendr,moon-guard,1041,mage,fire,44,22,22
Scmage,exodar,1040,mage,fire,30,11,19
Sasghengis,frostmourne,1039,mage,fire,48,24,24
Freez,garona,1037,mage,fire,27,12,15
Daggoe,nazjatar,1032,mage,fire,24,11,13
Flame,arthas,1028,mage,fire,30,11,19
Ispell,tichondrius,1024,mage,fire,89,38,51
Søkø,tichondrius,1021,mage,fire,38,18,20
Asönia,illidan,1020,mage,fire,30,11,19
Pyrepad,moon-guard,1015,mage,fire,24,11,13
Ops,frostmourne,1009,mage,fire,117,62,55
Hotjazzfarts,sargeras,1003,mage,fire,61,35,26
Minerves,tichondrius,1001,mage,fire,28,13,15
Coldblooded,zuljin,991,mage,fire,41,14,27
Bàttlemage,nagrand,982,mage,fire,36,21,15
Hýdro,ghostlands,978,mage,fire,42,23,19
Shashyta,drakkari,974,mage,fire,66,18,48
Lilmj,kelthuzad,970,mage,fire,25,11,14
Endmepls,ysera,965,mage,fire,96,40,56
Loopsyliu,stormrage,960,mage,fire,12,10,2
Deathlist,frostmourne,960,mage,fire,12,10,2
Papita,mugthol,960,mage,fire,12,10,2
Tupactopus,tichondrius,960,mage,fire,18,10,8
Pollybot,tichondrius,959,mage,fire,12,10,2
Mokelovin,sargeras,959,mage,fire,18,10,8
Squidio,stormrage,959,mage,fire,18,10,8
Sky,lightnings-blade,958,mage,fire,18,10,8
Zakume,stormrage,958,mage,fire,18,10,8
Preceptør,azralon,957,mage,fire,24,10,14
Osh,malorne,957,mage,fire,24,10,14
Alunarassra,tichondrius,956,mage,fire,24,10,14
Dårks,area-52,955,mage,fire,24,10,14
Ripburn,stormrage,953,mage,fire,47,20,27
Etyx,tichondrius,953,mage,fire,30,10,20
Flavaflame,mugthol,952,mage,fire,18,10,8
Clapsyou,illidan,951,mage,fire,24,10,14
Zukoprince,azralon,950,mage,fire,12,10,2
Brànd,antonidas,947,mage,fire,18,11,7
Abstractgoat,tichondrius,946,mage,fire,30,15,15
Trollsita,thrall,945,mage,fire,18,10,8
Aphazia,kiljaeden,933,mage,fire,18,10,8
Senegau,azralon,932,mage,fire,57,27,30
Magalí,nemesis,930,mage,fire,66,24,42
Coldarei,nagrand,928,mage,fire,27,12,15
Dojacute,frostmourne,910,mage,fire,17,10,7
Coldrin,tichondrius,897,mage,fire,28,11,17
Alywgard,sargeras,894,mage,fire,22,10,12
Beji,frostmourne,894,mage,fire,38,17,21
Béssie,area-52,891,mage,fire,62,30,32
Alaramaria,sargeras,886,mage,fire,18,10,8
Jaysaucetv,tichondrius,878,mage,fire,19,10,9
Tungstentoes,shuhalo,875,mage,fire,21,12,9
Nakana,area-52,875,mage,fire,52,25,27
Strêss,kelthuzad,870,mage,fire,22,12,10
Itizar,frostmourne,864,mage,fire,12,9,3
Ñïz,bleeding-hollow,864,mage,fire,18,9,9
Fullsheep,emerald-dream,863,mage,fire,12,9,3
Trés,ragnaros,863,mage,fire,12,9,3
Dabsx,moon-guard,863,mage,fire,18,9,9
Gtown,kelthuzad,863,mage,fire,18,9,9
Ddouble,tichondrius,863,mage,fire,18,9,9
Shimmerpoly,sargeras,863,mage,fire,24,9,15
Avócadó,malganis,863,mage,fire,24,9,15
Desfunz,mugthol,862,mage,fire,18,9,9
Unknownblast,kul-tiras,862,mage,fire,26,9,17
Garion,moon-guard,860,mage,fire,20,9,11
Fryry,dalaran,860,mage,fire,24,9,15
Baelthezer,moon-guard,858,mage,fire,21,12,9
Halfsquad,malfurion,858,mage,fire,18,9,9
Product,mugthol,858,mage,fire,18,9,9
Gadalka,frostmourne,857,mage,fire,18,9,9
Othokk,tichondrius,852,mage,fire,24,9,15
Dánó,lightbringer,843,mage,fire,62,26,36
Umber,dreadmaul,829,mage,fire,17,9,8
Ljaie,lightbringer,813,mage,fire,17,9,8
Phantose,sargeras,808,mage,fire,22,10,12
Arcanemain,kargath,799,mage,fire,42,18,24
Drewann,draenor,799,mage,fire,22,9,13
Supermajor,frostmourne,799,mage,fire,25,10,15
Certifried,emerald-dream,797,mage,fire,20,9,11
Gominsi,tichondrius,768,mage,fire,12,8,4
Dandrix,sargeras,768,mage,fire,12,8,4
Keepv,tichondrius,768,mage,fire,12,8,4
Pherixsw,stormrage,768,mage,fire,12,8,4
Rendézvous,tichondrius,768,mage,fire,12,8,4
Original,ysera,768,mage,fire,18,8,10
Sunstry,tichondrius,768,mage,fire,18,8,10
Castana,tichondrius,768,mage,fire,18,8,10
Salvick,emerald-dream,768,mage,fire,18,8,10
Sahlokinn,stormrage,768,mage,fire,18,8,10
Majjix,illidan,767,mage,fire,12,8,4
Hexed,kiljaeden,767,mage,fire,12,8,4
Kawailenard,tichondrius,767,mage,fire,12,8,4
Preplex,thrall,767,mage,fire,18,8,10
Mccorkle,azshara,767,mage,fire,21,9,12
Wayferz,illidan,767,mage,fire,24,8,16
Ashenlad,moon-guard,766,mage,fire,18,8,10
Tarmiel,quelthalas,765,mage,fire,24,8,16
Wetguuch,area-52,763,mage,fire,18,8,10
Isoicast,moon-guard,759,mage,fire,22,11,11
Noyade,illidan,758,mage,fire,18,8,10
Pyromidget,khazgoroth,756,mage,fire,18,8,10
Orianne,windrunner,750,mage,fire,12,8,4
Ashex,moon-guard,750,mage,fire,24,9,15
Zendrix,bonechewer,749,mage,fire,24,8,16
Pyrlos,terokkar,738,mage,fire,24,9,15
Orionmage,frostmourne,720,mage,fire,15,8,7
Dìus,malganis,719,mage,fire,17,8,9
Letitgoo,azralon,715,mage,fire,25,9,16
Shmagee,azralon,684,mage,fire,13,8,5
Belven,proudmoore,672,mage,fire,12,7,5
Tuggernaug,malganis,672,mage,fire,12,7,5
Vamplol,tichondrius,672,mage,fire,12,7,5
Wînx,barthilas,672,mage,fire,12,7,5
Sos,kelthuzad,672,mage,fire,12,7,5
Warpfactor,malganis,672,mage,fire,12,7,5
Wienerjeff,area-52,672,mage,fire,12,7,5
Silimage,area-52,672,mage,fire,12,7,5
Zoobiz,tichondrius,672,mage,fire,12,7,5
Frankkie,mugthol,672,mage,fire,12,7,5
Osirax,frostmane,672,mage,fire,12,7,5
Coldkite,tichondrius,672,mage,fire,12,7,5
Xythros,stormrage,672,mage,fire,12,7,5
Strumms,tichondrius,672,mage,fire,18,7,11
Vastlord,stormrage,672,mage,fire,18,7,11
Allhitz,ragnaros,671,mage,fire,12,7,5
Lucidaze,daggerspine,671,mage,fire,12,7,5
Mymrmage,mannoroth,671,mage,fire,12,7,5
Keileon,tichondrius,671,mage,fire,12,7,5
Shírley,tichondrius,671,mage,fire,12,7,5
Aulle,whisperwind,671,mage,fire,12,7,5
Blastfire,stormrage,671,mage,fire,12,7,5
Ásune,moon-guard,671,mage,fire,12,7,5
Alàh,stormscale,671,mage,fire,18,7,11
Dreaming,draktharon,670,mage,fire,12,7,5
Fanshen,tichondrius,670,mage,fire,17,7,10
Tmo,mannoroth,670,mage,fire,24,7,17
Boptimus,moonrunner,666,mage,fire,12,7,5
Rageymagey,azshara,665,mage,fire,24,7,17
Vonfrmdao,illidan,624,mage,fire,15,8,7
Tmharp,tichondrius,623,mage,fire,15,8,7
Proximalol,tichondrius,607,mage,fire,11,7,4
Slipqt,tichondrius,607,mage,fire,22,7,15
Chumleyson,eonar,606,mage,fire,14,7,7
Mômö,argent-dawn,606,mage,fire,22,7,15
Mzr,proudmoore,576,mage,fire,6,6,0
Strdelmaker,tichondrius,576,mage,fire,6,6,0
Jajaragnaros,bleeding-hollow,576,mage,fire,12,6,6
Omagawd,tichondrius,576,mage,fire,12,6,6
Sourpatchkds,emerald-dream,576,mage,fire,12,6,6
Amage,drakthul,576,mage,fire,12,6,6
Crøwgxd,tichondrius,576,mage,fire,12,6,6
Fredcouples,tichondrius,576,mage,fire,12,6,6
Magicmichel,malganis,576,mage,fire,12,6,6
Magicmidget,malganis,576,mage,fire,12,6,6
Cuterthanyou,sargeras,576,mage,fire,12,6,6
Toteypotter,frostmourne,576,mage,fire,12,6,6
Eludin,aegwynn,576,mage,fire,12,6,6
Laradria,kiljaeden,576,mage,fire,12,6,6
Plutón,tichondrius,576,mage,fire,12,6,6
Kaylemage,tichondrius,576,mage,fire,12,6,6
Mageboy,bonechewer,576,mage,fire,12,6,6
Wakamage,area-52,576,mage,fire,12,6,6
Kylar,icecrown,576,mage,fire,12,6,6
Chapelrat,sargeras,576,mage,fire,12,6,6
Darkisfrosty,tichondrius,576,mage,fire,12,6,6
Shmoked,kelthuzad,576,mage,fire,12,6,6
Catchmage,bleeding-hollow,576,mage,fire,12,6,6
Myfamilygpie,nazgrel,576,mage,fire,12,6,6
Tearsfórgód,kelthuzad,576,mage,fire,12,6,6
Bøfa,tichondrius,576,mage,fire,12,6,6
Ghili,tichondrius,576,mage,fire,12,6,6
Frostboy,borean-tundra,576,mage,fire,12,6,6
Herzthroh,stormrage,576,mage,fire,12,6,6
Aangx,stormrage,576,mage,fire,16,7,9
Pecs,kiljaeden,576,mage,fire,18,6,12
Linkolni,azralon,576,mage,fire,18,6,12
Shivamode,thrall,576,mage,fire,18,6,12
Stimml,blood-furnace,576,mage,fire,18,6,12
Choccoeu,illidan,576,mage,fire,20,6,14
Insightæ,frostmourne,575,mage,fire,10,7,3
Tigerzinho,stormrage,575,mage,fire,12,6,6
Magja,bloodhoof,575,mage,fire,12,6,6
Minuswizard,dalaran,575,mage,fire,12,6,6
Astroblasty,tichondrius,575,mage,fire,18,6,12
Calínico,quelthalas,575,mage,fire,24,6,18
Eraticmage,illidan,575,mage,fire,24,6,18
Pellemus,malganis,574,mage,fire,12,6,6
Spellpowa,khaz-modan,574,mage,fire,12,6,6
Calcaster,aegwynn,573,mage,fire,18,6,12
Xannymancan,tichondrius,573,mage,fire,30,6,24
Shotö,skullcrusher,558,mage,fire,23,6,17
Glacier,firetree,543,mage,fire,11,6,5
Thragè,sargeras,543,mage,fire,11,6,5
Magicke,azgalor,542,mage,fire,22,6,16
Sossmage,jaedenar,528,mage,fire,9,6,3
Ghostrr,tichondrius,511,mage,fire,8,6,2
Uhh,blackrock,511,mage,fire,16,6,10
Yasmani,drakkari,501,mage,fire,14,7,7
Ject,ragnaros,480,mage,fire,6,5,1
Mana,shuhalo,480,mage,fire,6,5,1
Youezdawg,tichondrius,480,mage,fire,6,5,1
Maxmie,sargeras,480,mage,fire,6,5,1
Slavic,sargeras,480,mage,fire,6,5,1
Hocusjokus,frostmourne,480,mage,fire,6,5,1
Shaabby,shadowmoon,480,mage,fire,6,5,1
Magicalbuns,illidan,480,mage,fire,12,5,7
Weedzerd,illidan,480,mage,fire,12,5,7
Baida,kelthuzad,480,mage,fire,12,5,7
Arishasis,tichondrius,480,mage,fire,12,5,7
Espyy,area-52,480,mage,fire,12,5,7
Kyriê,darkspear,480,mage,fire,12,5,7
Cnumlab,proudmoore,480,mage,fire,12,5,7
Pugsmugg,icecrown,480,mage,fire,12,5,7
Jikario,zuljin,480,mage,fire,12,5,7
Bxgs,tichondrius,480,mage,fire,12,5,7
Numbing,sargeras,480,mage,fire,12,5,7
Honeydutchss,black-dragonflight,480,mage,fire,12,5,7
Skillcap,nagrand,480,mage,fire,12,5,7
Chadicewayne,tichondrius,480,mage,fire,12,5,7
Marther,whisperwind,480,mage,fire,12,5,7
Akephálos,drakkari,480,mage,fire,12,5,7
Diamondx,ragnaros,480,mage,fire,12,5,7
Zerosaspect,thrall,480,mage,fire,12,5,7
Covín,malganis,480,mage,fire,12,5,7
Quikcast,archimonde,480,mage,fire,12,5,7
Dbsheep,kul-tiras,480,mage,fire,12,5,7
Imhotboi,illidan,480,mage,fire,12,5,7
Kushjointz,tichondrius,480,mage,fire,12,5,7
Icestory,tichondrius,480,mage,fire,12,5,7
Entomas,quelthalas,480,mage,fire,12,5,7
Lambsalsa,tichondrius,480,mage,fire,12,5,7
Kqlyy,tichondrius,480,mage,fire,12,5,7
Rennifer,malganis,480,mage,fire,15,6,9
Lavarain,illidan,480,mage,fire,15,5,10
Aapple,tichondrius,480,mage,fire,17,5,12
Mageyoulooks,kelthuzad,480,mage,fire,18,5,13
Tunax,tichondrius,480,mage,fire,18,5,13
Siayo,stormscale,480,mage,fire,24,5,19
Mescudi,bonechewer,479,mage,fire,12,5,7
Ghostblaze,blackhand,479,mage,fire,12,5,7
Xunalatu,frostmourne,479,mage,fire,12,5,7
Finanahs,sargeras,479,mage,fire,12,5,7
Shadowgalaxy,arthas,479,mage,fire,12,5,7
Apolarus,bonechewer,478,mage,fire,12,5,7
Infusion,ysondre,477,mage,fire,12,5,7
Gwenage,tichondrius,472,mage,fire,12,5,7
Normethy,illidan,447,mage,fire,11,5,6
Roastbeefxd,tichondrius,447,mage,fire,11,5,6
Prepcook,dalaran,447,mage,fire,11,5,6
Jazen,quelthalas,432,mage,fire,15,6,9
Myelvenlady,proudmoore,431,mage,fire,11,5,6
Pyroeuphoria,dark-iron,414,mage,fire,16,5,11
Vakina,tichondrius,413,mage,fire,21,5,16
Molassess,illidan,400,mage,fire,13,5,8
Mithràndìr,tichondrius,384,mage,fire,6,4,2
Animatronic,nordrassil,384,mage,fire,6,4,2
Zaxrie,malganis,384,mage,fire,6,4,2
Codeine,darkspear,384,mage,fire,6,4,2
Bonyobo,stormrage,384,mage,fire,6,4,2
Refreshments,bleeding-hollow,384,mage,fire,6,4,2
Neät,frostmourne,384,mage,fire,6,4,2
Brbsheepingx,illidan,384,mage,fire,6,4,2
Burstyboi,frostmourne,384,mage,fire,6,4,2
Frozonnee,aggramar,384,mage,fire,6,4,2
Sifr,tichondrius,384,mage,fire,6,4,2
Fïtz,quelthalas,384,mage,fire,6,4,2
Pyröz,kelthuzad,384,mage,fire,6,4,2
Haze,hyjal,384,mage,fire,6,4,2
Extremeways,tichondrius,384,mage,fire,6,4,2
Cømbust,frostmourne,384,mage,fire,6,4,2
Crøwgawd,tichondrius,384,mage,fire,6,4,2
Jazzgroyper,sargeras,384,mage,fire,6,4,2
Poonfarmer,zangarmarsh,384,mage,fire,6,4,2
Zokorzik,area-52,384,mage,fire,6,4,2
Playsfrost,skullcrusher,384,mage,fire,6,4,2
Wolfgangs,thrall,384,mage,fire,6,4,2
Gíldrin,proudmoore,384,mage,fire,6,4,2
Playtimex,proudmoore,384,mage,fire,6,4,2
Floatyz,tichondrius,384,mage,fire,6,4,2
Terarosa,tichondrius,384,mage,fire,6,4,2
Mysticlotus,doomhammer,384,mage,fire,6,4,2
Cruelhabbits,tichondrius,384,mage,fire,6,4,2
Stratokvn,ragnaros,384,mage,fire,6,4,2
Mxdeez,tichondrius,384,mage,fire,9,5,4
Dytonie,moon-guard,384,mage,fire,9,4,5
Sarahbeth,khadgar,384,mage,fire,12,4,8
Percivaltp,scarlet-crusade,384,mage,fire,12,4,8
Uwuwhatnow,tichondrius,384,mage,fire,12,4,8
Spookydookie,dark-iron,384,mage,fire,12,4,8
Tìnkerspell,stormrage,384,mage,fire,12,4,8
Dasanimomo,sargeras,384,mage,fire,12,4,8
Hogslop,saurfang,384,mage,fire,12,4,8
Arialla,mannoroth,384,mage,fire,12,4,8
Galsola,bronzebeard,384,mage,fire,12,4,8
Elfmage,tichondrius,384,mage,fire,12,4,8
Droppinbombs,draka,384,mage,fire,12,4,8
Aeg,stormrage,384,mage,fire,12,4,8
Cacaushow,stormrage,384,mage,fire,12,4,8
Ejzok,dreadmaul,384,mage,fire,12,4,8
Missingxx,silvermoon,384,mage,fire,12,4,8
Thiio,tichondrius,384,mage,fire,12,4,8
Pòpsmóke,tichondrius,384,mage,fire,12,4,8
Udó,proudmoore,384,mage,fire,12,4,8
Aquralina,moon-guard,384,mage,fire,12,4,8
Cam,kul-tiras,384,mage,fire,12,4,8
Felsparkles,area-52,384,mage,fire,12,4,8
Pigdancel,tichondrius,384,mage,fire,12,4,8
Djp,tichondrius,384,mage,fire,12,4,8
Gôøglëlòl,nemesis,384,mage,fire,18,4,14
Theodosa,frostmourne,383,mage,fire,6,4,2
Dedlyspells,dalaran,383,mage,fire,6,4,2
Neferpitøu,tichondrius,383,mage,fire,6,4,2
Drewzz,tichondrius,383,mage,fire,8,4,4
Chuggin,emerald-dream,383,mage,fire,15,5,10
Hockisonz,moon-guard,383,mage,fire,12,4,8
Soulwiper,illidan,383,mage,fire,17,5,12
Smoney,icecrown,383,mage,fire,18,4,14
Kopke,ragnaros,381,mage,fire,13,4,9
Hollfz,nemesis,367,mage,fire,11,4,7
Vixm,stormrage,352,mage,fire,10,5,5
Wabï,tichondrius,330,mage,fire,15,5,10
Elemenopi,thrall,304,mage,fire,14,4,10
Lampert,tichondrius,288,mage,fire,6,3,3
Zenzoh,azuremyst,288,mage,fire,6,3,3
Hasteboy,kelthuzad,288,mage,fire,6,3,3
Syntacks,lightnings-blade,288,mage,fire,6,3,3
Sølár,ragnaros,288,mage,fire,6,3,3
Sikamikanico,kiljaeden,288,mage,fire,6,3,3
Taevy,tichondrius,288,mage,fire,6,3,3
Whyze,malganis,288,mage,fire,6,3,3
Mntaindew,bleeding-hollow,288,mage,fire,6,3,3
Emvepee,sargeras,288,mage,fire,6,3,3
Thecorruptor,malorne,288,mage,fire,6,3,3
Kandyperreo,ragnaros,288,mage,fire,6,3,3
Hannahaa,area-52,288,mage,fire,6,3,3
Yòkai,tichondrius,288,mage,fire,6,3,3
Gö,tichondrius,288,mage,fire,6,3,3
Bhalec,kelthuzad,288,mage,fire,6,3,3
Slinkyslink,area-52,288,mage,fire,6,3,3
Bergan,sargeras,288,mage,fire,6,3,3
Kassekx,area-52,288,mage,fire,6,3,3
Easyfreeze,sargeras,288,mage,fire,6,3,3
Slapmesilly,destromath,288,mage,fire,6,3,3
Polyburst,darkspear,288,mage,fire,6,3,3
Zerathremar,proudmoore,288,mage,fire,6,3,3
Rhoadies,malfurion,288,mage,fire,6,3,3
Ancientmagik,area-52,288,mage,fire,6,3,3
Azuriex,tichondrius,288,mage,fire,6,3,3
Ave,anetheron,288,mage,fire,6,3,3
Gåndalf,ragnaros,288,mage,fire,6,3,3
Síra,firetree,288,mage,fire,6,3,3
Tráshmage,zuljin,288,mage,fire,6,3,3
Polyenjoyerx,ysera,288,mage,fire,6,3,3
Chilléd,tichondrius,288,mage,fire,6,3,3
Dicmojo,area-52,288,mage,fire,6,3,3
Hüz,frostmourne,288,mage,fire,6,3,3
Urbadxd,llane,288,mage,fire,6,3,3
Gandrich,drakkari,288,mage,fire,6,3,3
Zuhbo,moon-guard,288,mage,fire,6,3,3
Globglob,tichondrius,288,mage,fire,6,3,3
Frostkage,tichondrius,288,mage,fire,6,3,3
Novice,barthilas,288,mage,fire,6,3,3
Kuther,draenor,288,mage,fire,6,3,3
Chez,tichondrius,288,mage,fire,6,3,3
Rích,tichondrius,288,mage,fire,6,3,3
Botoslàp,dragonmaw,288,mage,fire,6,3,3
Angryßirdz,kelthuzad,288,mage,fire,6,3,3
Lunatti,frostmourne,288,mage,fire,6,3,3
Blinkinghobo,sargeras,288,mage,fire,6,3,3
Hunchojack,tichondrius,288,mage,fire,6,3,3
Bombr,sargeras,288,mage,fire,6,3,3
Kyliec,tichondrius,288,mage,fire,6,3,3
Hittheshower,tichondrius,288,mage,fire,6,3,3
Wqnmlgbdy,tichondrius,288,mage,fire,6,3,3
Jimmyhendrix,wildhammer,288,mage,fire,6,3,3
Pollylol,proudmoore,288,mage,fire,6,3,3
Rhunón,dalaran,288,mage,fire,6,3,3
Mindthegap,tichondrius,288,mage,fire,6,3,3
Svips,illidan,288,mage,fire,6,3,3
Boorster,illidan,288,mage,fire,6,3,3
Maressara,sargeras,288,mage,fire,6,3,3
Rikko,gundrak,288,mage,fire,15,4,11
Danggurl,tichondrius,288,mage,fire,12,3,9
Nilla,hyjal,288,mage,fire,12,3,9
Funkeoto,thrall,288,mage,fire,12,3,9
Mendittorosa,tichondrius,288,mage,fire,12,3,9
Keionti,dalaran,288,mage,fire,12,3,9
Orkinekek,frostmourne,288,mage,fire,12,3,9
Turbogeo,shuhalo,288,mage,fire,12,3,9
Fatalexo,tichondrius,288,mage,fire,12,3,9
Chelseâ,emerald-dream,288,mage,fire,18,3,15
Xroz,barthilas,288,mage,fire,18,3,15
Gnomegeddons,dalaran,288,mage,fire,24,3,21
Seaon,malganis,287,mage,fire,6,3,3
Frostyii,stonemaul,287,mage,fire,6,3,3
Harlen,quelthalas,287,mage,fire,6,3,3
Navira,feathermoon,287,mage,fire,6,3,3
Nushala,stonemaul,287,mage,fire,11,3,8
Baelzharon,hellscream,287,mage,fire,12,3,9
Zipacna,antonidas,286,mage,fire,12,3,9
Mageymeows,dalaran,285,mage,fire,12,3,9
Kittikk,tichondrius,284,mage,fire,18,3,15
Nesomage,destromath,256,mage,fire,10,3,7
Icewrld,nemesis,255,mage,fire,8,4,4
Rossanopolis,tichondrius,255,mage,fire,17,3,14
Nephalem,moknathal,240,mage,fire,9,3,6
Orderlight,alexstrasza,239,mage,fire,5,3,2
Genozyde,elune,239,mage,fire,5,3,2
Fizario,barthilas,239,mage,fire,5,3,2
Feenìx,tichondrius,234,mage,fire,6,4,2
Flomin,tichondrius,234,mage,fire,16,6,10
Mcdfries,tichondrius,208,mage,fire,7,3,4
Karameltart,barthilas,192,mage,fire,6,2,4
Wetworx,illidan,192,mage,fire,6,2,4
Itension,tichondrius,192,mage,fire,6,2,4
Coldnuke,stormrage,192,mage,fire,6,2,4
Zënith,quelthalas,192,mage,fire,6,2,4
Variex,tichondrius,192,mage,fire,6,2,4
Elhechizero,quelthalas,192,mage,fire,6,2,4
Bojackal,illidan,192,mage,fire,6,2,4
Stooki,tichondrius,192,mage,fire,6,2,4
Juicemage,tichondrius,192,mage,fire,6,2,4
Tannbone,illidan,192,mage,fire,6,2,4
Dustychill,illidan,192,mage,fire,6,2,4
Wauzcrol,quelthalas,192,mage,fire,6,2,4
Magiër,tichondrius,192,mage,fire,6,2,4
Fullsénd,tichondrius,192,mage,fire,6,2,4
Trebbiano,illidan,192,mage,fire,6,2,4
Naimi,malganis,192,mage,fire,6,2,4
Likelyhard,tichondrius,192,mage,fire,6,2,4
Burna,amanthul,192,mage,fire,6,2,4
Arianark,sargeras,192,mage,fire,6,2,4
Maddoggs,tichondrius,192,mage,fire,6,2,4
Hugostiglets,dreadmaul,192,mage,fire,6,2,4
Burrbon,area-52,192,mage,fire,6,2,4
Notria,illidan,192,mage,fire,6,2,4
Magifish,malganis,192,mage,fire,6,2,4
Shardgodx,kelthuzad,192,mage,fire,6,2,4
Yellowfevrz,thrall,192,mage,fire,6,2,4
Telkham,tichondrius,192,mage,fire,6,2,4
Chanko,bleeding-hollow,192,mage,fire,6,2,4
Jinglehz,frostmourne,192,mage,fire,6,2,4
Killemz,dragonmaw,192,mage,fire,6,2,4
Quickwizard,tichondrius,192,mage,fire,6,2,4
Valodrin,tichondrius,192,mage,fire,6,2,4
Trízín,frostmourne,192,mage,fire,6,2,4
Privilege,dragonmaw,192,mage,fire,6,2,4
Hempy,mannoroth,192,mage,fire,6,2,4
Zogo,bleeding-hollow,192,mage,fire,6,2,4
Friézá,stormrage,192,mage,fire,6,2,4
Ignitex,bleeding-hollow,192,mage,fire,6,2,4
Aquafiona,garona,192,mage,fire,6,2,4
Swàn,stormrage,192,mage,fire,6,2,4
Faeylyn,stormrage,192,mage,fire,6,2,4
Laf,frostmourne,192,mage,fire,6,2,4
Copperfield,dreadmaul,192,mage,fire,6,2,4
Kaboodlz,stormrage,192,mage,fire,6,2,4
Orangemilk,hyjal,192,mage,fire,6,2,4
Ellywizzle,tichondrius,192,mage,fire,6,2,4
Muhfin,tichondrius,192,mage,fire,6,2,4
Dohnutt,tichondrius,192,mage,fire,6,2,4
Alïce,kelthuzad,192,mage,fire,6,2,4
Avandal,proudmoore,192,mage,fire,6,2,4
Gódsfather,kelthuzad,192,mage,fire,6,2,4
Josephaqil,tichondrius,192,mage,fire,6,2,4
Ogpdk,sargeras,192,mage,fire,6,2,4
Massivepoo,barthilas,192,mage,fire,6,2,4
Gunzz,aegwynn,192,mage,fire,6,2,4
Gotya,tichondrius,192,mage,fire,6,2,4
Kymowiz,sargeras,192,mage,fire,6,2,4
Zerii,aggramar,192,mage,fire,6,2,4
Xxnova,moon-guard,192,mage,fire,6,2,4
Pipeguzzler,zuljin,192,mage,fire,6,2,4
Rbn,tichondrius,192,mage,fire,6,2,4
Parruka,warsong,192,mage,fire,6,2,4
Twizz,haomarush,192,mage,fire,6,2,4
Missile,frostmourne,192,mage,fire,6,2,4
Magicshroomy,frostmourne,192,mage,fire,6,2,4
Juniel,bleeding-hollow,192,mage,fire,6,2,4
Melkdud,wyrmrest-accord,192,mage,fire,6,2,4
Natzue,sargeras,192,mage,fire,6,2,4
Berrur,azralon,192,mage,fire,6,2,4
Thedodgex,sargeras,192,mage,fire,6,2,4
Sogood,tanaris,192,mage,fire,6,2,4
Emìlia,malygos,192,mage,fire,6,2,4
Yonzho,area-52,192,mage,fire,6,2,4
Mävra,emerald-dream,192,mage,fire,6,2,4
Roggitman,emerald-dream,192,mage,fire,6,2,4
Khelzter,area-52,192,mage,fire,6,2,4
Zuqo,sargeras,192,mage,fire,6,2,4
Remana,anvilmar,192,mage,fire,6,2,4
Chillstep,dark-iron,192,mage,fire,6,2,4
Briklyx,zuljin,192,mage,fire,6,2,4
Keii,bleeding-hollow,192,mage,fire,6,2,4
Pendrake,sargeras,192,mage,fire,6,2,4
Iludron,aegwynn,192,mage,fire,6,2,4
Clickhard,suramar,192,mage,fire,6,2,4
Snowday,nerzhul,192,mage,fire,6,2,4
Cradic,tichondrius,192,mage,fire,6,2,4
Randommagi,area-52,192,mage,fire,6,2,4
Lauroca,azralon,192,mage,fire,6,2,4
Starguy,terenas,192,mage,fire,6,2,4
Ðfuego,azralon,192,mage,fire,6,2,4
Defaultx,turalyon,192,mage,fire,6,2,4
Abrácadaver,frostwolf,192,mage,fire,10,3,7
Flamiohotman,illidan,192,mage,fire,7,2,5
Arnx,tichondrius,192,mage,fire,11,2,9
Flippendicus,stormrage,192,mage,fire,12,2,10
Saydar,stormrage,192,mage,fire,12,2,10
Granmago,azralon,192,mage,fire,12,2,10
Bic,darrowmere,192,mage,fire,12,2,10
Firehawk,azralon,192,mage,fire,12,2,10
Abruaa,area-52,192,mage,fire,12,2,10
Skatas,barthilas,192,mage,fire,12,2,10
Driel,illidan,192,mage,fire,12,2,10
Spellbrker,stormrage,192,mage,fire,12,2,10
Ëfc,nemesis,192,mage,fire,12,2,10
Itslilme,gurubashi,191,mage,fire,6,2,4
Magemajor,uldum,191,mage,fire,12,2,10
Prosperoo,aerie-peak,191,mage,fire,12,2,10
Neroclover,ysera,191,mage,fire,24,2,22
Madalon,nemesis,160,mage,fire,10,2,8
Zezima,spirestone,159,mage,fire,5,2,3
Kindlin,frostmourne,159,mage,fire,5,2,3
Razaklov,tichondrius,159,mage,fire,5,2,3
Vengefuly,tichondrius,138,mage,fire,8,4,4
Nuzzle,boulderfist,138,mage,fire,9,3,6
Fingerblaste,malganis,138,mage,fire,16,3,13
Dwayniewayni,tichondrius,128,mage,fire,4,2,2
Eromir,dawnbringer,128,mage,fire,4,2,2
Ratfather,the-forgotten-coast,128,mage,fire,4,2,2
Yeweiliang,tichondrius,128,mage,fire,4,2,2
Supremeboxer,tichondrius,127,mage,fire,8,2,6
Neltar,dalaran,112,mage,fire,7,2,5
Haliax,bronzebeard,96,mage,fire,3,2,1
Caldian,wyrmrest-accord,96,mage,fire,6,1,5
Rolypolyman,tichondrius,96,mage,fire,6,1,5
Clutchy,gorefiend,96,mage,fire,6,1,5
Fireblast,stormscale,96,mage,fire,6,1,5
Arkuran,proudmoore,96,mage,fire,6,1,5
Couto,tichondrius,96,mage,fire,6,1,5
Trojay,malganis,96,mage,fire,6,1,5
Ignit,stormrage,96,mage,fire,6,1,5
Dildope,frostmourne,96,mage,fire,6,1,5
Nomidian,area-52,96,mage,fire,6,1,5
Tonydippin,illidan,96,mage,fire,6,1,5
Truewinter,tichondrius,96,mage,fire,6,1,5
Lv,stormscale,96,mage,fire,6,1,5
Merreda,sargeras,96,mage,fire,6,1,5
Gnomoguapo,altar-of-storms,96,mage,fire,6,1,5
Édika,area-52,96,mage,fire,6,1,5
Iamsol,area-52,96,mage,fire,6,1,5
Bigmêan,boulderfist,96,mage,fire,6,1,5
Brayni,wyrmrest-accord,96,mage,fire,6,1,5
Magicmooman,thunderlord,96,mage,fire,6,1,5
Minverces,tichondrius,96,mage,fire,6,1,5
Tabuta,ravenholdt,96,mage,fire,6,1,5
Pyrophobia,mannoroth,96,mage,fire,6,1,5
Rieltar,barthilas,96,mage,fire,6,1,5
Hèrò,barthilas,96,mage,fire,6,1,5
Hyndoriann,azgalor,96,mage,fire,6,1,5
Ross,deathwing,96,mage,fire,6,1,5
Dezax,malfurion,96,mage,fire,6,1,5
Blinkmind,stormrage,96,mage,fire,6,1,5
Bloomper,stormrage,96,mage,fire,6,1,5
Bbaxter,stormrage,96,mage,fire,6,1,5
Memnor,amanthul,96,mage,fire,6,1,5
Dâzk,sargeras,96,mage,fire,6,1,5
Muted,frostmourne,96,mage,fire,6,1,5
Jaçkjaçk,moon-guard,96,mage,fire,6,1,5
Magichands,darkspear,96,mage,fire,6,1,5
Jarethleon,ragnaros,96,mage,fire,6,1,5
Litiria,burning-blade,96,mage,fire,6,1,5
Bdmxd,stormrage,96,mage,fire,6,1,5
Phrana,tichondrius,96,mage,fire,6,1,5
Nazztwren,bleeding-hollow,96,mage,fire,6,1,5
Eldrielle,frostmourne,96,mage,fire,6,1,5
Pyromaniac,stormscale,96,mage,fire,6,1,5
Firemids,thrall,96,mage,fire,6,1,5
Clickersz,sargeras,96,mage,fire,6,1,5
Miapolyafoo,stormrage,96,mage,fire,6,1,5
Ssmurfett,dalaran,96,mage,fire,6,1,5
Prosperoh,burning-legion,96,mage,fire,6,1,5
Tisao,bronzebeard,96,mage,fire,6,1,5
Gurion,bleeding-hollow,96,mage,fire,6,1,5
Somnuss,barthilas,96,mage,fire,7,1,6
Allesanda,sargeras,96,mage,fire,12,1,11
Eanur,azralon,96,mage,fire,12,1,11
Zuroz,dathremar,96,mage,fire,12,1,11
Duhquarius,warsong,96,mage,fire,12,1,11
Mideon,whisperwind,95,mage,fire,6,1,5
Cînderellas,proudmoore,84,mage,fire,14,5,9
Jaked,frostmourne,79,mage,fire,5,1,4
Jarvase,mugthol,79,mage,fire,5,1,4
Noquemacuuh,ragnaros,79,mage,fire,5,1,4
Kibazn,sisters-of-elune,79,mage,fire,5,1,4
Savanali,kelthuzad,79,mage,fire,5,1,4
Skerei,azralon,48,mage,fire,3,1,2
Redeyez,arthas,48,mage,fire,9,1,8
Juicemage,tichondrius,2203,mage,frost,168,90,78
Stonedmonkeý,tichondrius,2103,mage,frost,149,75,74
Juicechanel,tichondrius,2071,mage,frost,70,38,32
Cremgotrockd,blackrock,2061,mage,frost,113,62,51
Valériemeow,tichondrius,2047,mage,frost,118,60,58
Ghostrr,tichondrius,2023,mage,frost,178,93,85
Lawuera,quelthalas,2011,mage,frost,96,48,48
Easyfreeze,sargeras,1996,mage,frost,48,27,21
Cunzhang,tichondrius,1989,mage,frost,78,39,39
Backjing,tichondrius,1969,mage,frost,87,42,45
Koro,tichondrius,1956,mage,frost,121,63,58
Zlint,quelthalas,1951,mage,frost,97,48,49
Zerodium,sargeras,1938,mage,frost,83,44,39
Kassmage,skullcrusher,1936,mage,frost,126,61,65
Hogmantwo,illidan,1935,mage,frost,54,29,25
Factszxy,area-52,1934,mage,frost,59,41,18
Douyuweifa,tichondrius,1911,mage,frost,65,31,34
Elkiador,area-52,1909,mage,frost,30,21,9
Grumpyòlfart,tichondrius,1898,mage,frost,132,67,65
Vazlgs,tichondrius,1896,mage,frost,82,47,35
Miilky,tichondrius,1893,mage,frost,66,33,33
Flaux,sargeras,1892,mage,frost,88,50,38
Ams,aerie-peak,1890,mage,frost,60,33,27
Snaregodx,area-52,1885,mage,frost,59,31,28
Politeness,tichondrius,1873,mage,frost,42,20,22
Chrisxo,azuremyst,1866,mage,frost,48,27,21
Gôøglëlòl,nemesis,1864,mage,frost,235,125,110
Tupactopus,tichondrius,1861,mage,frost,54,27,27
Stöpwatch,hyjal,1859,mage,frost,66,43,23
Theydeadx,illidan,1858,mage,frost,47,31,16
Pigdancell,tichondrius,1858,mage,frost,60,25,35
Corgim,thrall,1857,mage,frost,65,33,32
Fròzt,ragnaros,1857,mage,frost,72,31,41
Mcdfries,tichondrius,1853,mage,frost,60,32,28
Hunchojack,tichondrius,1852,mage,frost,66,27,39
Xanthilia,chogall,1849,mage,frost,96,49,47
Chunzhangfs,tichondrius,1843,mage,frost,46,23,23
Hideongp,barthilas,1842,mage,frost,108,54,54
Maebalim,tichondrius,1835,mage,frost,48,27,21
Evilnuts,quelthalas,1832,mage,frost,61,34,27
Dahp,thrall,1831,mage,frost,47,23,24
Smuky,stormrage,1829,mage,frost,113,52,61
Gelokay,tichondrius,1821,mage,frost,42,25,17
Miketao,tichondrius,1820,mage,frost,67,31,36
Evilear,andorhal,1819,mage,frost,66,33,33
Chez,tichondrius,1818,mage,frost,30,19,11
Bamx,stormrage,1817,mage,frost,48,26,22
Cømbust,frostmourne,1816,mage,frost,72,50,22
Theetwotime,area-52,1814,mage,frost,148,77,71
Quippy,kiljaeden,1813,mage,frost,309,156,153
Leakyboots,illidan,1812,mage,frost,47,25,22
Ribot,sargeras,1812,mage,frost,60,28,32
Faynet,dalaran,1806,mage,frost,129,67,62
Koozay,kelthuzad,1805,mage,frost,65,38,27
Dace,tichondrius,1804,mage,frost,53,29,24
Maegwynah,stormrage,1804,mage,frost,66,29,37
Aapple,tichondrius,1803,mage,frost,60,32,28
Instincts,uldum,1796,mage,frost,42,25,17
Ligmmah,stormrage,1792,mage,frost,110,61,49
Yellowfevrz,thrall,1791,mage,frost,42,19,23
Dtbmar,misha,1788,mage,frost,76,35,41
Yeweiliang,tichondrius,1786,mage,frost,452,230,222
Drewdy,stormreaver,1783,mage,frost,30,19,11
Valtessa,stormrage,1781,mage,frost,54,32,22
Endymiòn,tichondrius,1780,mage,frost,48,24,24
Sheepgodx,malganis,1779,mage,frost,35,20,15
Kleinz,quelthalas,1776,mage,frost,91,54,37
Golfirl,doomhammer,1774,mage,frost,54,24,30
Tjofmajik,stormrage,1771,mage,frost,54,28,26
Tris,malganis,1766,mage,frost,57,28,29
Sestren,zuljin,1766,mage,frost,54,25,29
Joe,llane,1763,mage,frost,183,87,96
Kissradiox,tichondrius,1763,mage,frost,138,65,73
Laserface,bleeding-hollow,1760,mage,frost,66,38,28
Rhythmdog,tichondrius,1758,mage,frost,60,25,35
Hogdog,illidan,1751,mage,frost,54,28,26
Frikabust,stormrage,1747,mage,frost,65,39,26
Stealing,barthilas,1746,mage,frost,59,30,29
Mokelovin,sargeras,1744,mage,frost,47,30,17
Téfy,ragnaros,1744,mage,frost,59,34,25
Riddickl,malfurion,1738,mage,frost,102,50,52
Jerawokee,undermine,1737,mage,frost,91,42,49
Srinshi,sargeras,1736,mage,frost,142,68,74
Tofusmell,illidan,1735,mage,frost,54,31,23
Bravden,area-52,1735,mage,frost,72,40,32
Kymowiz,sargeras,1731,mage,frost,54,26,28
Lantx,tichondrius,1730,mage,frost,68,35,33
Pitball,area-52,1730,mage,frost,139,70,69
Ingcho,tichondrius,1730,mage,frost,72,32,40
Castana,tichondrius,1729,mage,frost,116,54,62
Feener,stormreaver,1722,mage,frost,42,19,23
Zssy,tichondrius,1720,mage,frost,53,38,15
Illumià,illidan,1719,mage,frost,26,20,6
Atra,spinebreaker,1717,mage,frost,60,29,31
Traelol,blades-edge,1715,mage,frost,114,58,56
Dorsia,jaedenar,1714,mage,frost,58,38,20
Sifr,tichondrius,1713,mage,frost,36,18,18
Covil,tichondrius,1713,mage,frost,102,48,54
Fgnb,sargeras,1710,mage,frost,48,30,18
Zhangxiaowu,tichondrius,1706,mage,frost,56,37,19
Headbake,malganis,1705,mage,frost,42,24,18
Isellstuff,thrall,1704,mage,frost,78,40,38
Luckysir,illidan,1704,mage,frost,42,21,21
Xuxä,stormrage,1701,mage,frost,68,36,32
Polyenjoyerx,ysera,1701,mage,frost,106,55,51
Rizke,tichondrius,1701,mage,frost,35,18,17
Chinye,tichondrius,1691,mage,frost,68,32,36
Fromcanadaqc,stormrage,1689,mage,frost,41,24,17
Zinnos,tichondrius,1684,mage,frost,214,105,109
Pichorrá,quelthalas,1683,mage,frost,86,49,37
Moyuu,proudmoore,1683,mage,frost,247,129,118
Persia,illidan,1683,mage,frost,53,24,29
Sabrita,proudmoore,1680,mage,frost,92,47,45
Jtizzlè,tichondrius,1679,mage,frost,59,33,26
Deallus,tichondrius,1677,mage,frost,82,40,42
Alurion,moon-guard,1673,mage,frost,32,21,11
Factsx,area-52,1669,mage,frost,42,22,20
Bmuafgfe,tichondrius,1668,mage,frost,36,22,14
Syntacks,lightnings-blade,1667,mage,frost,255,129,126
Tommagic,tichondrius,1666,mage,frost,40,23,17
Praestigium,barthilas,1665,mage,frost,98,54,44
Stimml,blood-furnace,1662,mage,frost,66,38,28
Arcayne,tichondrius,1662,mage,frost,127,69,58
Tatertots,bladefist,1658,mage,frost,47,18,29
Bambambilly,kelthuzad,1655,mage,frost,75,35,40
Hüz,frostmourne,1653,mage,frost,47,34,13
Minverces,tichondrius,1653,mage,frost,40,23,17
Arcánè,velen,1652,mage,frost,29,19,10
Dve,frostmourne,1651,mage,frost,84,51,33
Entm,burning-blade,1651,mage,frost,42,22,20
Kassody,kelthuzad,1650,mage,frost,36,22,14
Luxør,aegwynn,1647,mage,frost,30,18,12
Zorexx,area-52,1643,mage,frost,61,30,31
Sheepshot,dentarg,1641,mage,frost,48,24,24
Glaciated,the-forgotten-coast,1641,mage,frost,86,42,44
Lemmiwïnks,area-52,1640,mage,frost,32,21,11
Frostitutex,illidan,1639,mage,frost,43,22,21
Gûmbÿ,illidan,1636,mage,frost,36,28,8
Charmed,black-dragonflight,1635,mage,frost,86,45,41
Venachi,emerald-dream,1633,mage,frost,146,83,63
Mayumî,moon-guard,1632,mage,frost,42,21,21
Lambsalsa,tichondrius,1631,mage,frost,42,18,24
Scarablast,bleeding-hollow,1628,mage,frost,73,35,38
Bemaster,area-52,1626,mage,frost,39,27,12
Magecombe,thrall,1626,mage,frost,67,33,34
Zezima,spirestone,1625,mage,frost,36,23,13
Elyandria,proudmoore,1625,mage,frost,42,23,19
Xialing,tichondrius,1625,mage,frost,35,18,17
Harmõny,tichondrius,1621,mage,frost,31,18,13
Mashii,kiljaeden,1620,mage,frost,36,17,19
Triuneward,tichondrius,1619,mage,frost,42,22,20
Neverblockx,kirin-tor,1618,mage,frost,30,17,13
Gwyn,nemesis,1614,mage,frost,54,29,25
Kabrax,nerzhul,1613,mage,frost,48,22,26
Swagbased,tichondrius,1610,mage,frost,36,17,19
Whosdismage,illidan,1608,mage,frost,36,22,14
Soulberg,emerald-dream,1606,mage,frost,107,53,54
Jaked,frostmourne,1604,mage,frost,62,27,35
Sheepu,bladefist,1603,mage,frost,112,64,48
Snoogensftw,tichondrius,1602,mage,frost,36,17,19
Preceptør,azralon,1601,mage,frost,61,33,28
Janchi,moon-guard,1600,mage,frost,66,28,38
Fawcett,khazgoroth,1598,mage,frost,78,40,38
Savanali,kelthuzad,1596,mage,frost,48,26,22
Trippy,senjin,1595,mage,frost,38,19,19
Frostpimp,anubarak,1594,mage,frost,62,27,35
Flâvor,illidan,1593,mage,frost,54,29,25
Blinkbow,tichondrius,1592,mage,frost,113,51,62
Littlejay,kelthuzad,1591,mage,frost,42,19,23
Animatronic,moon-guard,1590,mage,frost,207,103,104
Enflame,tichondrius,1583,mage,frost,66,42,24
Mageonthcc,korgath,1583,mage,frost,98,49,49
Orderlight,alexstrasza,1582,mage,frost,144,68,76
Warmweather,nagrand,1580,mage,frost,48,25,23
Axecap,tichondrius,1578,mage,frost,72,38,34
Fizario,barthilas,1574,mage,frost,83,41,42
Alùcârd,tichondrius,1572,mage,frost,64,34,30
Micfiyah,thrall,1570,mage,frost,30,19,11
Squidio,stormrage,1570,mage,frost,125,68,57
Mkudos,ragnaros,1570,mage,frost,113,61,52
Eldrielle,frostmourne,1569,mage,frost,312,162,150
Crithappy,baelgun,1568,mage,frost,48,26,22
Dexd,laughing-skull,1567,mage,frost,66,35,31
Frizbee,sargeras,1567,mage,frost,39,19,20
Nickioxox,tichondrius,1567,mage,frost,41,17,24
Kylar,icecrown,1566,mage,frost,36,20,16
Getsheepedon,boulderfist,1565,mage,frost,42,21,21
Videux,emerald-dream,1563,mage,frost,66,33,33
Pocsermage,drakkari,1562,mage,frost,34,17,17
Affewxd,lothar,1557,mage,frost,126,65,61
Baleiabranca,stormrage,1554,mage,frost,177,81,96
Fracxure,area-52,1554,mage,frost,47,21,26
Deathrøll,moon-guard,1552,mage,frost,84,48,36
Snôz,malganis,1549,mage,frost,48,21,27
Chrislongtv,tichondrius,1547,mage,frost,642,322,320
Marisadaze,tichondrius,1546,mage,frost,57,23,34
Marrioo,tichondrius,1545,mage,frost,42,18,24
Maxtorgar,quelthalas,1545,mage,frost,48,17,31
Lorlene,frostmourne,1544,mage,frost,187,85,102
Couto,tichondrius,1544,mage,frost,59,26,33
Nairmage,tichondrius,1540,mage,frost,38,20,18
Omnislasher,terenas,1537,mage,frost,145,70,75
Lilpolyx,illidan,1537,mage,frost,36,17,19
Priyel,hyjal,1536,mage,frost,62,32,30
Biglance,frostmourne,1533,mage,frost,36,17,19
Aramire,drakkari,1532,mage,frost,33,18,15
Frostqt,area-52,1532,mage,frost,132,71,61
Froshar,ragnaros,1532,mage,frost,60,29,31
Agoniey,illidan,1532,mage,frost,42,18,24
Icyspring,tichondrius,1530,mage,frost,24,16,8
Yorgøs,ragnaros,1530,mage,frost,30,16,14
Mcfry,illidan,1528,mage,frost,70,40,30
Hotrunner,sargeras,1528,mage,frost,181,90,91
Pëpz,emerald-dream,1527,mage,frost,42,17,25
Slipqt,tichondrius,1519,mage,frost,77,38,39
Aosin,wyrmrest-accord,1519,mage,frost,36,17,19
Kabonkle,drakthul,1518,mage,frost,62,28,34
Megladon,tichondrius,1517,mage,frost,53,35,18
Floofies,moon-guard,1516,mage,frost,133,65,68
Fakebusiness,area-52,1515,mage,frost,198,102,96
Fakewarlockk,illidan,1514,mage,frost,70,41,29
Maagin,zuljin,1513,mage,frost,152,80,72
Deverror,frostmourne,1507,mage,frost,189,89,100
Guyza,frostmourne,1507,mage,frost,77,36,41
Myxzz,barthilas,1506,mage,frost,348,179,169
Trebbiano,illidan,1503,mage,frost,163,85,78
Playsfrost,skullcrusher,1501,mage,frost,106,62,44
Khadberry,aerie-peak,1501,mage,frost,71,34,37
Yulian,tichondrius,1500,mage,frost,103,58,45
Sáron,quelthalas,1499,mage,frost,69,37,32
Yourefat,emerald-dream,1497,mage,frost,96,60,36
Qsc,barthilas,1496,mage,frost,189,93,96
Wolfgangvn,stormrage,1495,mage,frost,43,20,23
Toaststrudel,tichondrius,1494,mage,frost,82,38,44
Noescaping,illidan,1494,mage,frost,53,24,29
Kazmir,area-52,1494,mage,frost,41,16,25
Burstage,destromath,1493,mage,frost,36,16,20
Galacticslug,tichondrius,1491,mage,frost,54,30,24
Burritsacold,bleeding-hollow,1491,mage,frost,54,26,28
Ehcos,stormrage,1490,mage,frost,54,23,31
Kandyperreo,ragnaros,1489,mage,frost,46,22,24
Datazonfire,illidan,1488,mage,frost,36,22,14
Lachawr,stormrage,1487,mage,frost,149,79,70
Umber,dreadmaul,1487,mage,frost,192,94,98
Genswift,thrall,1486,mage,frost,60,27,33
Song,sargeras,1485,mage,frost,83,42,41
Supergun,tichondrius,1485,mage,frost,45,21,24
Emetah,ysera,1485,mage,frost,60,27,33
Icegiants,tichondrius,1484,mage,frost,65,35,30
Betrian,quelthalas,1482,mage,frost,72,33,39
Hermanmiller,tichondrius,1480,mage,frost,78,41,37
Pibb,rivendare,1480,mage,frost,48,25,23
Léstat,quelthalas,1479,mage,frost,36,21,15
Magneto,blood-furnace,1479,mage,frost,36,17,19
Cubanmage,drakkari,1477,mage,frost,42,19,23
Osnapmage,malganis,1475,mage,frost,249,124,125
Fbd,bloodscalp,1473,mage,frost,30,16,14
Ado,zuluhed,1471,mage,frost,114,59,55
Snowmassive,illidan,1471,mage,frost,42,20,22
Bruxelejolie,twisting-nether,1468,mage,frost,24,16,8
Enterthevoid,proudmoore,1463,mage,frost,36,21,15
Tynka,drakkari,1463,mage,frost,30,16,14
Magetherian,frostmourne,1463,mage,frost,96,46,50
Erykk,mugthol,1463,mage,frost,51,17,34
Revised,sargeras,1462,mage,frost,94,52,42
Zeshilol,stormrage,1460,mage,frost,51,21,30
Corruptionz,nemesis,1455,mage,frost,72,36,36
Tifrodo,azralon,1452,mage,frost,70,39,31
Üman,bleeding-hollow,1451,mage,frost,30,17,13
Coôler,illidan,1451,mage,frost,160,90,70
Kfortyone,kiljaeden,1450,mage,frost,30,16,14
Jikario,zuljin,1450,mage,frost,36,18,18
Dillor,tichondrius,1450,mage,frost,177,88,89
Scrúmp,tichondrius,1448,mage,frost,66,33,33
Nereidan,drakkari,1448,mage,frost,56,26,30
Minerves,tichondrius,1446,mage,frost,42,20,22
Roseofsharon,tichondrius,1446,mage,frost,42,18,24
Tylers,moon-guard,1443,mage,frost,42,23,19
Bettybonk,cenarius,1441,mage,frost,59,26,33
Aloredron,illidan,1440,mage,frost,53,27,26
Kyphosis,illidan,1439,mage,frost,24,15,9
Pvpbilly,tichondrius,1439,mage,frost,24,15,9
Siayo,stormscale,1438,mage,frost,40,22,18
Ciaooh,tichondrius,1437,mage,frost,78,37,41
Zirkur,mannoroth,1437,mage,frost,56,26,30
Fròzen,moon-guard,1436,mage,frost,74,35,39
Forged,tichondrius,1436,mage,frost,60,25,35
Sesshomaru,emerald-dream,1433,mage,frost,51,18,33
Kazimìr,tichondrius,1432,mage,frost,24,15,9
Creatïne,stormrage,1431,mage,frost,139,71,68
Mmine,tichondrius,1430,mage,frost,30,15,15
Crøwgxd,tichondrius,1428,mage,frost,24,15,9
Respectx,nemesis,1425,mage,frost,76,34,42
Trolson,sargeras,1425,mage,frost,102,45,57
Renoria,norgannon,1424,mage,frost,30,15,15
Raisonmage,tichondrius,1421,mage,frost,54,28,26
Vornz,sargeras,1421,mage,frost,96,45,51
Choxiy,illidan,1419,mage,frost,36,15,21
Mclanda,frostmourne,1418,mage,frost,98,47,51
Tessar,moon-guard,1418,mage,frost,59,27,32
Rossanopolis,tichondrius,1413,mage,frost,42,22,20
Gazzuu,ragnaros,1413,mage,frost,42,22,20
Kitenic,proudmoore,1412,mage,frost,71,37,34
Vecna,tichondrius,1411,mage,frost,103,47,56
Paü,illidan,1409,mage,frost,76,31,45
Perrc,area-52,1407,mage,frost,128,56,72
Canva,barthilas,1406,mage,frost,41,25,16
Nate,black-dragonflight,1404,mage,frost,128,65,63
Gualter,nemesis,1403,mage,frost,141,79,62
Gunzup,lightnings-blade,1403,mage,frost,30,15,15
Nargine,tichondrius,1403,mage,frost,30,15,15
Gasolína,stormrage,1401,mage,frost,100,47,53
Cheesebuns,proudmoore,1401,mage,frost,68,30,38
Koulder,zuljin,1400,mage,frost,62,35,27
Archewing,azjolnerub,1399,mage,frost,42,16,26
Deadsayru,drakkari,1398,mage,frost,36,18,18
Hugostiglets,dreadmaul,1398,mage,frost,119,55,64
Icestory,tichondrius,1398,mage,frost,115,41,74
Frussy,blood-furnace,1395,mage,frost,114,57,57
Starscreamm,ragnaros,1394,mage,frost,34,20,14
Azhim,tichondrius,1394,mage,frost,54,25,29
Hirune,ragnaros,1394,mage,frost,64,25,39
Erîol,ragnaros,1392,mage,frost,137,65,72
Crymachine,garrosh,1391,mage,frost,33,17,16
Boejanglz,frostmourne,1390,mage,frost,28,17,11
Kahili,stormrage,1390,mage,frost,77,35,42
Chadyus,illidan,1390,mage,frost,42,17,25
Affinitty,zuljin,1389,mage,frost,42,24,18
Safety,stormreaver,1387,mage,frost,128,70,58
Wienerjeff,area-52,1385,mage,frost,47,28,19
Maguín,tichondrius,1384,mage,frost,30,15,15
Kouks,tichondrius,1383,mage,frost,23,15,8
Ultrá,stormscale,1379,mage,frost,33,16,17
Mëlkart,ragnaros,1377,mage,frost,72,36,36
Zoidy,bleeding-hollow,1377,mage,frost,35,15,20
Shatturd,sargeras,1376,mage,frost,48,17,31
Kh,stormrage,1374,mage,frost,99,50,49
Numz,sargeras,1374,mage,frost,100,48,52
Wojnova,zuljin,1372,mage,frost,24,15,9
Hhappier,tichondrius,1371,mage,frost,65,32,33
Harrypothead,senjin,1370,mage,frost,35,24,11
Tagere,moon-guard,1370,mage,frost,80,38,42
Nhinsanity,ghostlands,1369,mage,frost,27,17,10
Clm,lightnings-blade,1367,mage,frost,131,64,67
Rrite,tichondrius,1366,mage,frost,29,15,14
Linhny,tichondrius,1365,mage,frost,105,54,51
Dazby,tichondrius,1363,mage,frost,35,17,18
Ruzam,area-52,1361,mage,frost,103,52,51
Kevymarts,tichondrius,1358,mage,frost,54,31,23
Starkp,ragnaros,1357,mage,frost,177,86,91
Tentaçao,stormrage,1352,mage,frost,68,34,34
Iladiin,malganis,1350,mage,frost,52,26,26
Magicmooman,thunderlord,1349,mage,frost,36,17,19
Asparagoose,stormrage,1347,mage,frost,29,15,14
Radiku,blood-furnace,1347,mage,frost,31,16,15
Freez,garona,1346,mage,frost,40,18,22
Anarista,wyrmrest-accord,1345,mage,frost,24,15,9
Vampìrelolz,tichondrius,1344,mage,frost,24,14,10
Osh,malorne,1343,mage,frost,26,15,11
Mâsterkush,tichondrius,1343,mage,frost,46,23,23
Cryogeniks,illidan,1343,mage,frost,30,14,16
Thatlejund,tichondrius,1342,mage,frost,34,15,19
Pizzatest,area-52,1342,mage,frost,46,16,30
Mageyoulooks,kelthuzad,1340,mage,frost,36,17,19
Plainblaine,illidan,1337,mage,frost,98,47,51
Krabby,malganis,1337,mage,frost,66,26,40
Clownspocket,tichondrius,1336,mage,frost,83,46,37
Luckysix,illidan,1336,mage,frost,36,14,22
Safu,bleeding-hollow,1335,mage,frost,120,63,57
Nicemangoes,proudmoore,1335,mage,frost,30,15,15
Hammed,dalaran,1334,mage,frost,68,32,36
Aherom,ragnaros,1333,mage,frost,51,30,21
Soia,ragnaros,1330,mage,frost,131,67,64
Rích,tichondrius,1330,mage,frost,126,56,70
Juul,emerald-dream,1328,mage,frost,237,109,128
Zaddyx,whisperwind,1326,mage,frost,30,14,16
Epifeni,blackrock,1326,mage,frost,49,19,30
Selless,zuljin,1325,mage,frost,66,33,33
Vorass,kelthuzad,1325,mage,frost,30,15,15
Eriktherod,maelstrom,1321,mage,frost,36,15,21
Tarmiel,quelthalas,1319,mage,frost,54,28,26
Guji,area-52,1316,mage,frost,41,21,20
Andorlin,barthilas,1315,mage,frost,47,22,25
Icybanter,emerald-dream,1314,mage,frost,48,22,26
Elegantbroth,illidan,1312,mage,frost,30,14,16
Ragemage,borean-tundra,1311,mage,frost,59,20,39
Milambehr,elune,1309,mage,frost,36,18,18
Mntaindew,bleeding-hollow,1309,mage,frost,35,14,21
Frøzzen,quelthalas,1307,mage,frost,147,67,80
Tyning,blood-furnace,1304,mage,frost,54,27,27
Abracadaver,greymane,1302,mage,frost,64,36,28
Xárdas,quelthalas,1302,mage,frost,107,56,51
Haruká,ragnaros,1300,mage,frost,45,15,30
Frostítute,alterac-mountains,1299,mage,frost,60,28,32
Jugobomb,madoran,1297,mage,frost,30,17,13
Frostitutå,eonar,1293,mage,frost,118,54,64
Magicbunny,andorhal,1291,mage,frost,195,97,98
Cìfel,quelthalas,1281,mage,frost,31,18,13
Dohnutt,tichondrius,1281,mage,frost,53,25,28
Dumblexgamer,ragnaros,1281,mage,frost,72,33,39
Thergon,kul-tiras,1279,mage,frost,32,17,15
Ràmdas,hyjal,1278,mage,frost,60,30,30
Derpmanjr,area-52,1277,mage,frost,60,39,21
Skynhet,ragnaros,1277,mage,frost,36,16,20
Kryliak,ragnaros,1273,mage,frost,60,33,27
Somethinglos,sargeras,1273,mage,frost,106,47,59
Cheapsects,drakthul,1272,mage,frost,32,17,15
Unleáshed,moonrunner,1272,mage,frost,135,68,67
Hotpeachpie,zuljin,1271,mage,frost,78,40,38
Feogato,proudmoore,1271,mage,frost,147,73,74
Meer,stonemaul,1270,mage,frost,30,17,13
Giovannie,zuluhed,1270,mage,frost,30,17,13
Lucyphilis,stormrage,1270,mage,frost,80,41,39
Quietusllil,gurubashi,1269,mage,frost,102,60,42
Ignit,stormrage,1269,mage,frost,34,17,17
Throatdemon,hakkar,1269,mage,frost,36,15,21
Missingxx,silvermoon,1268,mage,frost,36,18,18
Luckysi,illidan,1268,mage,frost,38,15,23
Vengefuly,tichondrius,1264,mage,frost,34,17,17
Kevdra,kelthuzad,1263,mage,frost,66,30,36
Bossmage,tichondrius,1263,mage,frost,37,15,22
Valtaira,wyrmrest-accord,1262,mage,frost,112,61,51
Whyammage,dalaran,1260,mage,frost,77,46,31
Satív,moknathal,1258,mage,frost,42,25,17
Alìv,tichondrius,1254,mage,frost,184,82,102
Yamitenshi,dalaran,1254,mage,frost,56,21,35
Degenhours,illidan,1253,mage,frost,51,25,26
Juniel,bleeding-hollow,1247,mage,frost,28,14,14
Messiaah,tichondrius,1246,mage,frost,30,13,17
Mângo,frostmourne,1243,mage,frost,24,13,11
Kromeus,illidan,1243,mage,frost,48,23,25
Merkkinz,thrall,1239,mage,frost,65,31,34
Agniih,azralon,1236,mage,frost,72,34,38
ßlitzkreig,area-52,1235,mage,frost,24,18,6
Tyrecgosa,tichondrius,1235,mage,frost,66,35,31
Phoenixic,frostmourne,1232,mage,frost,174,75,99
Rankryman,quelthalas,1231,mage,frost,58,29,29
Frostzadan,quelthalas,1228,mage,frost,56,23,33
Mageosaurusx,tichondrius,1228,mage,frost,36,13,23
Arcaninez,bleeding-hollow,1224,mage,frost,24,13,11
Samuoa,tichondrius,1223,mage,frost,41,21,20
Gsr,nerzhul,1222,mage,frost,46,19,27
Jobar,malganis,1221,mage,frost,24,13,11
Magifish,malganis,1220,mage,frost,44,25,19
Jagmag,area-52,1219,mage,frost,18,14,4
Jejihev,drakkari,1219,mage,frost,35,17,18
Makén,illidan,1218,mage,frost,48,32,16
Rahzac,dalaran,1217,mage,frost,44,17,27
Wowenjoyer,area-52,1213,mage,frost,82,39,43
Rastafarix,ragnaros,1211,mage,frost,30,13,17
Åquå,area-52,1208,mage,frost,33,18,15
Iceehott,kargath,1205,mage,frost,67,35,32
Akagamix,sargeras,1205,mage,frost,47,20,27
Gunzz,aegwynn,1200,mage,frost,42,18,24
Acarilla,stormrage,1199,mage,frost,54,20,34
Sturmrevenge,lightnings-blade,1194,mage,frost,131,66,65
Ejzok,dreadmaul,1194,mage,frost,142,61,81
Valrendor,nazjatar,1191,mage,frost,79,36,43
Dooie,sargeras,1188,mage,frost,28,19,9
Copperfield,dreadmaul,1185,mage,frost,86,36,50
Palruki,tichondrius,1185,mage,frost,54,19,35
Saski,nathrezim,1184,mage,frost,24,14,10
Canassa,azralon,1183,mage,frost,131,66,65
Djp,tichondrius,1180,mage,frost,30,18,12
Maigoddess,proudmoore,1180,mage,frost,71,29,42
Twinklestars,sargeras,1179,mage,frost,72,40,32
Numaïr,kiljaeden,1179,mage,frost,68,27,41
Featherboo,stormrage,1178,mage,frost,35,16,19
Chade,dunemaul,1178,mage,frost,53,22,31
Icebboxx,tichondrius,1176,mage,frost,36,21,15
Daddyplease,bleeding-hollow,1176,mage,frost,36,17,19
Sahir,thaurissan,1173,mage,frost,30,14,16
Pendrake,sargeras,1170,mage,frost,34,13,21
Defarefa,frostmourne,1169,mage,frost,96,44,52
Darkrukia,tichondrius,1168,mage,frost,63,32,31
Cocmagic,kelthuzad,1167,mage,frost,33,15,18
Aquariusmoon,bonechewer,1166,mage,frost,60,31,29
Toesuckerlol,tichondrius,1164,mage,frost,33,16,17
Bubbleblower,hakkar,1161,mage,frost,30,15,15
Corrmic,winterhoof,1159,mage,frost,60,31,29
Devlux,area-52,1158,mage,frost,104,50,54
Khaldyn,tichondrius,1156,mage,frost,132,65,67
Cavit,wyrmrest-accord,1153,mage,frost,63,29,34
Iceward,frostmourne,1151,mage,frost,18,12,6
Czq,tichondrius,1150,mage,frost,18,12,6
Damage,skullcrusher,1150,mage,frost,31,13,18
Seeu,tichondrius,1149,mage,frost,42,12,30
Layolis,area-52,1146,mage,frost,62,30,32
Snipymagus,shattered-hand,1146,mage,frost,27,13,14
Alatria,frostmourne,1146,mage,frost,66,24,42
Yungice,hyjal,1144,mage,frost,36,14,22
Frenk,moon-guard,1143,mage,frost,42,15,27
Vasthrash,bleeding-hollow,1142,mage,frost,78,33,45
Diixynormus,illidan,1141,mage,frost,30,17,13
Travarra,terenas,1141,mage,frost,54,19,35
Tsuchek,tichondrius,1139,mage,frost,24,12,12
Boldwarp,dalaran,1138,mage,frost,29,14,15
Thatotherguy,lightnings-blade,1137,mage,frost,22,13,9
Eskimoan,frostmourne,1137,mage,frost,30,12,18
Skdonkay,nerzhul,1132,mage,frost,83,43,40
Skillcap,nagrand,1130,mage,frost,24,12,12
Mageeoh,bleeding-hollow,1128,mage,frost,41,14,27
Littlebeth,azjolnerub,1125,mage,frost,65,34,31
Fatum,ragnaros,1124,mage,frost,32,14,18
Elwyn,dunemaul,1123,mage,frost,27,13,14
Nazneen,elune,1122,mage,frost,73,31,42
Paidemago,azralon,1121,mage,frost,24,14,10
Coldfrønt,moon-guard,1120,mage,frost,48,21,27
Dannyyoo,blackrock,1116,mage,frost,23,12,11
Bellåtrîx,quelthalas,1115,mage,frost,18,12,6
Who,emerald-dream,1113,mage,frost,52,24,28
Menacë,tichondrius,1112,mage,frost,30,12,18
Sølem,frostmourne,1112,mage,frost,42,16,26
Osda,azralon,1111,mage,frost,36,19,17
Levitaine,bleeding-hollow,1110,mage,frost,38,19,19
Shäräpova,zuljin,1109,mage,frost,24,12,12
Ibalyn,khazgoroth,1109,mage,frost,101,49,52
Castingmommy,moon-guard,1108,mage,frost,73,37,36
Discoinferno,kelthuzad,1107,mage,frost,21,13,8
Granmago,azralon,1106,mage,frost,30,12,18
Twirkin,proudmoore,1102,mage,frost,36,18,18
Corucia,echo-isles,1100,mage,frost,214,102,112
Hollerin,whisperwind,1098,mage,frost,18,12,6
Memnor,amanthul,1098,mage,frost,24,12,12
Magedango,bleeding-hollow,1095,mage,frost,35,14,21
Pizzle,perenolde,1094,mage,frost,46,24,22
Peetufo,whisperwind,1092,mage,frost,29,12,17
Azzurn,doomhammer,1090,mage,frost,24,13,11
Esun,moon-guard,1088,mage,frost,36,17,19
Drumzter,ragnaros,1085,mage,frost,41,21,20
Ralzarek,zuluhed,1085,mage,frost,30,15,15
Helcarwen,area-52,1081,mage,frost,31,13,18
Magekingz,shattered-halls,1080,mage,frost,54,27,27
Wickednoob,malganis,1080,mage,frost,132,62,70
Blancnoir,tichondrius,1078,mage,frost,33,14,19
Deadmarley,blackhand,1076,mage,frost,30,15,15
Därkmägician,tichondrius,1075,mage,frost,26,12,14
Smáckington,tichondrius,1074,mage,frost,99,45,54
Arkoz,tichondrius,1071,mage,frost,18,12,6
Leets,mugthol,1070,mage,frost,18,12,6
Gryd,area-52,1070,mage,frost,88,43,45
Brashen,stormrage,1069,mage,frost,38,20,18
Raáiden,stormrage,1068,mage,frost,30,14,16
Evierix,illidan,1065,mage,frost,81,36,45
Mageolisious,kelthuzad,1063,mage,frost,30,12,18
Bootnet,drakkari,1063,mage,frost,54,16,38
Lildabpen,tichondrius,1057,mage,frost,86,34,52
Dealzy,malganis,1056,mage,frost,18,11,7
Saydar,stormrage,1056,mage,frost,36,11,25
Redhell,dalaran,1055,mage,frost,18,11,7
Cayoux,darkspear,1055,mage,frost,18,11,7
Pivnert,boulderfist,1055,mage,frost,24,11,13
Cumbustyomom,illidan,1055,mage,frost,24,11,13
Angerfrost,khazgoroth,1054,mage,frost,36,22,14
Babyspise,nathrezim,1054,mage,frost,18,11,7
Gadogear,draka,1054,mage,frost,30,11,19
Doubledown,kiljaeden,1053,mage,frost,18,11,7
Horrendum,azralon,1053,mage,frost,24,11,13
Xannymancan,tichondrius,1052,mage,frost,60,23,37
Walrusxo,kelthuzad,1052,mage,frost,30,11,19
Auralyn,wyrmrest-accord,1051,mage,frost,25,11,14
Zuqo,sargeras,1050,mage,frost,18,11,7
Lilkyrie,senjin,1050,mage,frost,24,11,13
Moistcream,bloodscalp,1047,mage,frost,22,12,10
Arcaneshally,area-52,1047,mage,frost,30,11,19
Zibbo,ragnaros,1046,mage,frost,18,11,7
Ceadruk,darkspear,1046,mage,frost,30,14,16
Skywalkerino,azralon,1045,mage,frost,24,11,13
Mindthegap,tichondrius,1044,mage,frost,57,30,27
Keahiláni,area-52,1043,mage,frost,27,13,14
Vyninovan,aggramar,1043,mage,frost,24,11,13
Magicke,azgalor,1042,mage,frost,23,14,9
Gradivous,emerald-dream,1042,mage,frost,88,39,49
Ispell,tichondrius,1040,mage,frost,30,20,10
Devoh,dunemaul,1040,mage,frost,20,11,9
Gelile,tichondrius,1040,mage,frost,47,20,27
Mageyoulooks,shattered-hand,1039,mage,frost,24,11,13
Xoxmage,frostmourne,1037,mage,frost,66,35,31
Khrixa,illidan,1036,mage,frost,114,55,59
Codexzero,bleeding-hollow,1035,mage,frost,54,24,30
Trentos,illidan,1033,mage,frost,54,29,25
Gatka,quelthalas,1032,mage,frost,297,138,159
Pugsmugg,icecrown,1032,mage,frost,49,13,36
Sluagh,terenas,1031,mage,frost,52,24,28
Samaë,zuljin,1026,mage,frost,29,11,18
Kannim,sargeras,1021,mage,frost,60,25,35
Drbloodmuscl,black-dragonflight,1020,mage,frost,36,15,21
Trollsita,thrall,1013,mage,frost,18,11,7
Sènding,sargeras,1010,mage,frost,42,11,31
Icelordd,ragnaros,1009,mage,frost,24,11,13
Oopsyourapig,darkspear,1007,mage,frost,48,17,31
Rizzbot,sargeras,1005,mage,frost,75,27,48
Neacel,tichondrius,1004,mage,frost,24,11,13
Vynruki,area-52,1003,mage,frost,30,15,15
Jaymage,agamaggan,994,mage,frost,37,13,24
Vantus,tichondrius,993,mage,frost,32,17,15
Worknlurk,malganis,992,mage,frost,24,12,12
Megapasta,illidan,989,mage,frost,23,11,12
Superoirity,trollbane,988,mage,frost,48,24,24
Drfrostie,anvilmar,987,mage,frost,20,11,9
Prometheus,crushridge,986,mage,frost,52,27,25
Tristania,archimonde,984,mage,frost,87,46,41
Jayfunk,sargeras,984,mage,frost,23,11,12
Rekonx,tichondrius,983,mage,frost,73,28,45
Maac,nemesis,981,mage,frost,23,11,12
Bòóyah,muradin,980,mage,frost,40,21,19
Grudel,archimonde,979,mage,frost,41,21,20
Iesca,ragnaros,978,mage,frost,23,12,11
Bigpinkies,korgath,976,mage,frost,36,13,23
Dejavuh,dalaran,972,mage,frost,54,25,29
Rephlex,tichondrius,970,mage,frost,19,11,8
Édika,area-52,967,mage,frost,24,11,13
Sciona,suramar,966,mage,frost,129,54,75
Crankweigth,rivendare,965,mage,frost,84,40,44
Frøstdrægöñ,illidan,960,mage,frost,12,10,2
Blinkmind,stormrage,960,mage,frost,12,10,2
Torthie,burning-blade,960,mage,frost,12,10,2
Bigsplosions,kiljaeden,960,mage,frost,15,11,4
Hadlly,tichondrius,960,mage,frost,18,10,8
Hýdramist,sargeras,960,mage,frost,18,10,8
Ntys,frostmourne,959,mage,frost,18,10,8
Nukedat,proudmoore,959,mage,frost,18,10,8
Legendkiller,bleeding-hollow,959,mage,frost,18,10,8
Qcomberoo,frostmane,959,mage,frost,27,11,16
Aluce,frostmourne,958,mage,frost,18,10,8
Bigmêan,boulderfist,958,mage,frost,18,10,8
Pyroshima,barthilas,958,mage,frost,34,11,23
Zunyu,tichondrius,957,mage,frost,18,10,8
Hylord,tichondrius,957,mage,frost,18,10,8
Fireblast,stormscale,957,mage,frost,35,14,21
Aurumpaleas,moon-guard,956,mage,frost,24,11,13
Trízín,frostmourne,954,mage,frost,18,10,8
Nnenna,bonechewer,952,mage,frost,18,10,8
Juxmcmage,kiljaeden,952,mage,frost,36,10,26
Imoen,zangarmarsh,951,mage,frost,36,15,21
Nksbluedeath,area-52,949,mage,frost,18,10,8
Keelaron,proudmoore,949,mage,frost,24,10,14
Rasmin,greymane,948,mage,frost,40,22,18
Shírley,tichondrius,948,mage,frost,30,10,20
Misfyre,malganis,946,mage,frost,28,11,17
Onlyfansme,dalaran,939,mage,frost,18,10,8
Gaduri,tichondrius,938,mage,frost,23,11,12
Diegoneally,bleeding-hollow,937,mage,frost,42,15,27
Vendizzle,malganis,937,mage,frost,29,10,19
Bôsco,bleeding-hollow,936,mage,frost,20,11,9
Mystics,dawnbringer,935,mage,frost,110,44,66
Briélla,area-52,934,mage,frost,24,10,14
Hasty,emerald-dream,927,mage,frost,29,10,19
Ärià,sargeras,926,mage,frost,18,10,8
Trollings,azralon,925,mage,frost,63,30,33
Fireace,emerald-dream,922,mage,frost,17,10,7
Drpeppor,blades-edge,922,mage,frost,18,10,8
Dieselonfire,the-venture-co,917,mage,frost,26,13,13
Redeyez,arthas,917,mage,frost,72,32,40
Mongera,bonechewer,909,mage,frost,50,25,25
Moesel,emerald-dream,908,mage,frost,15,11,4
Hambürglar,garrosh,907,mage,frost,24,12,12
Moonfhang,azralon,906,mage,frost,229,109,120
Leocius,daggerspine,906,mage,frost,23,10,13
Marschubas,drakthul,905,mage,frost,83,37,46
Critique,malorne,894,mage,frost,54,27,27
Mageboy,bonechewer,894,mage,frost,29,10,19
Puvö,tichondrius,889,mage,frost,26,10,16
Scár,blackrock,873,mage,frost,20,10,10
Furisheep,stormrage,864,mage,frost,12,9,3
Nalabb,illidan,864,mage,frost,12,9,3
Kaylemage,tichondrius,864,mage,frost,12,9,3
Benzos,eitrigg,864,mage,frost,12,9,3
Finnancy,stormrage,864,mage,frost,12,9,3
Rositajonez,terenas,864,mage,frost,12,9,3
Fromcanada,eitrigg,864,mage,frost,18,9,9
Weathersmell,tichondrius,864,mage,frost,18,9,9
Hyoonsfeet,stormrage,864,mage,frost,18,9,9
Skoals,thrall,864,mage,frost,29,10,19
Jottami,azralon,863,mage,frost,18,9,9
Låvazza,tichondrius,863,mage,frost,18,9,9
Gnitraf,malganis,863,mage,frost,18,9,9
Lastiari,wyrmrest-accord,863,mage,frost,18,9,9
Blinkbotx,proudmoore,863,mage,frost,18,9,9
Juanmánce,quelthalas,863,mage,frost,20,9,11
Soukidiot,sargeras,863,mage,frost,24,9,15
Blinkharder,stormrage,863,mage,frost,24,9,15
Wolfsmind,frostmourne,863,mage,frost,30,9,21
Cryyo,queldorei,862,mage,frost,18,9,9
Jodebabss,dalaran,862,mage,frost,18,9,9
Boredomkïlls,burning-legion,862,mage,frost,18,9,9
Faire,stonemaul,862,mage,frost,18,9,9
Åøe,tichondrius,862,mage,frost,18,9,9
Neomage,elune,862,mage,frost,22,9,13
Jasmine,moon-guard,862,mage,frost,24,9,15
Tunax,tichondrius,862,mage,frost,24,9,15
Shenme,moon-guard,861,mage,frost,20,9,11
Fruza,emerald-dream,860,mage,frost,16,10,6
Zaxrie,malganis,860,mage,frost,18,9,9
Remana,anvilmar,859,mage,frost,18,9,9
Plunks,bleeding-hollow,859,mage,frost,39,10,29
Vallet,ragnaros,858,mage,frost,12,9,3
Cuoreforte,moon-guard,858,mage,frost,24,9,15
Cùrtiñ,tichondrius,858,mage,frost,30,9,21
Telios,azralon,857,mage,frost,16,10,6
Cransmage,illidan,856,mage,frost,18,9,9
Kaboozles,area-52,853,mage,frost,24,9,15
Soya,sargeras,852,mage,frost,24,9,15
Naoz,ragnaros,851,mage,frost,18,9,9
Bandagris,garrosh,840,mage,frost,21,10,11
Rathrizar,emerald-dream,840,mage,frost,30,13,17
Jarethleon,ragnaros,837,mage,frost,21,11,10
Âürõrâ,firetree,834,mage,frost,24,9,15
Cawyro,caelestrasz,831,mage,frost,24,10,14
Taylorrain,arthas,829,mage,frost,36,14,22
Craftin,sargeras,827,mage,frost,18,9,9
Hiiamtay,azralon,826,mage,frost,14,10,4
Itoncruxy,tichondrius,825,mage,frost,69,30,39
Assasix,tichondrius,810,mage,frost,36,12,24
Zionist,earthen-ring,796,mage,frost,14,9,5
Eyesofrage,tichondrius,768,mage,frost,12,8,4
Pandazed,stormscale,768,mage,frost,12,8,4
Wiztopher,frostmourne,768,mage,frost,12,8,4
Tonystonerz,lightnings-blade,768,mage,frost,12,8,4
Terarosa,tichondrius,768,mage,frost,12,8,4
Arrokoth,malganis,768,mage,frost,12,8,4
Frightmare,sargeras,768,mage,frost,12,8,4
Dearyuanmage,tichondrius,768,mage,frost,12,8,4
Nefm,frostmourne,768,mage,frost,12,8,4
Justmoss,sargeras,768,mage,frost,12,8,4
Lycheeoolong,frostmourne,768,mage,frost,18,8,10
Pigdancel,tichondrius,768,mage,frost,18,8,10
Georgian,malfurion,768,mage,frost,18,8,10
Magibe,thrall,768,mage,frost,18,8,10
Zstyle,frostmourne,768,mage,frost,18,8,10
Mcdude,kiljaeden,768,mage,frost,18,8,10
Yeetcannøn,illidan,768,mage,frost,18,8,10
Dead,nemesis,768,mage,frost,18,8,10
Magnificaxd,area-52,768,mage,frost,24,8,16
Bigdjohnson,dalaran,767,mage,frost,12,8,4
Songnineone,tichondrius,767,mage,frost,12,8,4
Seeumaybe,proudmoore,767,mage,frost,12,8,4
Frosttwoop,moon-guard,767,mage,frost,12,8,4
Mempool,darkspear,767,mage,frost,12,8,4
Nôtôrious,thrall,767,mage,frost,12,8,4
Vamplol,tichondrius,767,mage,frost,18,8,10
Jayma,moon-guard,767,mage,frost,18,8,10
Wickymorph,barthilas,767,mage,frost,18,8,10
Staytrill,stormreaver,767,mage,frost,18,8,10
Qtqq,malganis,767,mage,frost,18,8,10
Numb,trollbane,767,mage,frost,18,8,10
Badboykilla,dentarg,767,mage,frost,21,9,12
Gardes,tichondrius,767,mage,frost,24,8,16
Aqcamus,illidan,766,mage,frost,12,8,4
Teloiv,malganis,766,mage,frost,12,8,4
Mägï,tichondrius,766,mage,frost,12,8,4
Zzyuh,proudmoore,766,mage,frost,18,8,10
Baemers,tichondrius,766,mage,frost,24,8,16
Moonpie,frostmane,765,mage,frost,12,8,4
Showtíme,spirestone,765,mage,frost,12,8,4
Rmprmp,tichondrius,764,mage,frost,18,8,10
Limeade,ursin,764,mage,frost,18,8,10
Nynalith,area-52,764,mage,frost,18,8,10
Snowjôb,illidan,764,mage,frost,24,8,16
Marvelcuck,sargeras,763,mage,frost,12,8,4
Syndra,korialstrasz,763,mage,frost,24,8,16
Crizzpy,tichondrius,762,mage,frost,18,8,10
Ashklabam,azralon,761,mage,frost,12,8,4
Scmage,exodar,755,mage,frost,18,8,10
Ratrider,dreadmaul,752,mage,frost,12,8,4
Icepickk,blackwater-raiders,752,mage,frost,12,8,4
Artruis,detheroc,748,mage,frost,12,8,4
Brynach,trollbane,744,mage,frost,18,8,10
Bandmaid,emerald-dream,736,mage,frost,16,9,7
Cowwboydan,malganis,735,mage,frost,14,9,5
Comaner,frostmourne,735,mage,frost,17,8,9
Arckayne,zuljin,735,mage,frost,17,8,9
Omegablink,sargeras,734,mage,frost,17,8,9
Letitgoo,azralon,733,mage,frost,34,17,17
Heca,tichondrius,719,mage,frost,11,8,3
Stankfreezer,thrall,719,mage,frost,11,8,3
Ìgnìtìöñ,whisperwind,718,mage,frost,21,8,13
Lünâliä,bleeding-hollow,686,mage,frost,14,8,6
Proximalol,tichondrius,672,mage,frost,12,7,5
Sylendron,area-52,672,mage,frost,12,7,5
Crnomage,area-52,672,mage,frost,12,7,5
Toteypotter,frostmourne,672,mage,frost,12,7,5
Ankidar,quelthalas,672,mage,frost,12,7,5
Reptär,demon-soul,672,mage,frost,12,7,5
Tibbit,kelthuzad,672,mage,frost,12,7,5
Playtimex,proudmoore,672,mage,frost,12,7,5
Arillius,malganis,672,mage,frost,12,7,5
Neovim,stormrage,672,mage,frost,12,7,5
Mushys,stormrage,672,mage,frost,12,7,5
Kygores,tichondrius,672,mage,frost,12,7,5
Myfamilygpie,nazgrel,672,mage,frost,12,7,5
Kujousara,stormrage,672,mage,frost,12,7,5
Brobo,chogall,672,mage,frost,12,7,5
Zacx,area-52,672,mage,frost,12,7,5
Kogin,thrall,672,mage,frost,12,7,5
Elfvis,deathwing,672,mage,frost,12,7,5
Stinkyblinky,bleeding-hollow,672,mage,frost,12,7,5
Emvepee,sargeras,672,mage,frost,12,7,5
Matchstickk,tichondrius,672,mage,frost,15,8,7
Arynnwyll,chogall,672,mage,frost,18,7,11
Coldshouldér,nerzhul,672,mage,frost,18,7,11
Licklix,tichondrius,672,mage,frost,18,7,11
Xàr,ragnaros,672,mage,frost,18,7,11
Privilege,burning-legion,672,mage,frost,18,7,11
Lillb,bleeding-hollow,672,mage,frost,18,7,11
Fortemage,tichondrius,672,mage,frost,24,7,17
Tokiaro,tortheldrin,671,mage,frost,12,7,5
Khaziiong,scilla,671,mage,frost,12,7,5
Burist,illidan,671,mage,frost,12,7,5
Snoogma,illidan,671,mage,frost,12,7,5
Zedroçk,shadowmoon,671,mage,frost,12,7,5
Kyll,moon-guard,671,mage,frost,12,7,5
Blinksz,korgath,671,mage,frost,12,7,5
Nihilitý,malganis,671,mage,frost,12,7,5
Dairian,whisperwind,671,mage,frost,12,7,5
Solusek,garona,671,mage,frost,12,7,5
Rekys,black-dragonflight,671,mage,frost,12,7,5
Msspelld,turalyon,671,mage,frost,14,7,7
Kasparhausar,garithos,671,mage,frost,18,7,11
Oharvestero,illidan,671,mage,frost,18,7,11
Annalee,ragnaros,671,mage,frost,18,7,11
Elemenopi,thrall,671,mage,frost,18,7,11
Nickygift,tichondrius,671,mage,frost,18,7,11
Optic,chogall,671,mage,frost,18,7,11
Ranje,kiljaeden,670,mage,frost,12,7,5
Tchass,skullcrusher,670,mage,frost,12,7,5
Kidfurry,wyrmrest-accord,670,mage,frost,12,7,5
Aulie,burning-blade,670,mage,frost,12,7,5
Syura,ragnaros,670,mage,frost,18,7,11
Putosucio,nordrassil,670,mage,frost,18,7,11
Sparklmotion,cenarius,670,mage,frost,18,7,11
Akhilá,stormrage,670,mage,frost,18,7,11
Cäelüm,area-52,670,mage,frost,24,7,17
Hhavok,scarlet-crusade,670,mage,frost,24,7,17
Scorgasm,thrall,669,mage,frost,12,7,5
Criticalness,illidan,669,mage,frost,12,7,5
Zalatirix,bleeding-hollow,669,mage,frost,12,7,5
Banída,stormrage,669,mage,frost,12,7,5
Dchee,nerzhul,669,mage,frost,18,7,11
Nohealani,dragonmaw,667,mage,frost,15,8,7
Fíebs,queldorei,667,mage,frost,18,7,11
Aumar,shandris,665,mage,frost,9,8,1
Evieril,tichondrius,665,mage,frost,12,7,5
Dánó,lightbringer,663,mage,frost,24,7,17
Tigoditties,emerald-dream,662,mage,frost,12,7,5
Slaash,barthilas,639,mage,frost,14,8,6
Grausum,tichondrius,638,mage,frost,16,7,9
Shaynna,tichondrius,624,mage,frost,15,7,8
Leeandroo,quelthalas,623,mage,frost,17,7,10
Ghostblaze,blackhand,621,mage,frost,15,8,7
Thaldarian,emerald-dream,616,mage,frost,19,8,11
Lillbean,thunderlord,615,mage,frost,19,8,11
Ghili,tichondrius,607,mage,frost,11,7,4
Ghrámz,stormrage,607,mage,frost,16,7,9
Gralnur,kelthuzad,606,mage,frost,14,7,7
Ineedashave,shandris,606,mage,frost,20,7,13
Skywarp,blackhand,606,mage,frost,25,7,18
Parruka,warsong,605,mage,frost,26,7,19
Fakewizard,frostmane,576,mage,frost,6,6,0
Iceqube,drenden,576,mage,frost,6,6,0
Manadart,quelthalas,576,mage,frost,12,6,6
Moogician,aerie-peak,576,mage,frost,12,6,6
Drdocx,frostmourne,576,mage,frost,12,6,6
Mägë,kirin-tor,576,mage,frost,12,6,6
Ingrumatig,tichondrius,576,mage,frost,12,6,6
Wetsocks,alexstrasza,576,mage,frost,12,6,6
Fireguard,azralon,576,mage,frost,12,6,6
Alludèd,illidan,576,mage,frost,12,6,6
Vamage,goldrinn,576,mage,frost,12,6,6
Pollylol,proudmoore,576,mage,frost,12,6,6
Arittamordio,sargeras,576,mage,frost,12,6,6
Magemagick,mannoroth,576,mage,frost,12,6,6
Saymenre,tichondrius,576,mage,frost,12,6,6
Johncxvii,sargeras,576,mage,frost,12,6,6
Galiax,illidan,576,mage,frost,12,6,6
Thefridge,shadowmoon,576,mage,frost,12,6,6
Phuzadd,tichondrius,576,mage,frost,12,6,6
Tuçhi,tichondrius,576,mage,frost,12,6,6
Angelsarebad,illidan,576,mage,frost,12,6,6
Vague,tichondrius,576,mage,frost,15,6,9
Fatalexo,tichondrius,576,mage,frost,18,6,12
Snowybunny,emerald-dream,576,mage,frost,18,6,12
Krazemagi,stormrage,576,mage,frost,18,6,12
Fromcanada,tichondrius,576,mage,frost,18,6,12
Klinkr,illidan,576,mage,frost,18,6,12
Bustercraft,kelthuzad,576,mage,frost,18,6,12
Phergo,ragnaros,576,mage,frost,24,6,18
Twiztidwitch,burning-legion,576,mage,frost,24,6,18
Oogabooga,lethon,575,mage,frost,12,6,6
Smoney,icecrown,575,mage,frost,12,6,6
Tundraga,malganis,575,mage,frost,12,6,6
Baultery,moon-guard,575,mage,frost,12,6,6
Highafrn,area-52,575,mage,frost,12,6,6
Bootygoats,emerald-dream,575,mage,frost,12,6,6
Shinneex,ragnaros,575,mage,frost,12,6,6
Casual,arthas,575,mage,frost,12,6,6
Bloodpumper,thrall,575,mage,frost,12,6,6
Lucidgaze,bonechewer,575,mage,frost,18,6,12
Fabled,stonemaul,575,mage,frost,18,6,12
Rieltar,barthilas,575,mage,frost,18,6,12
Aarne,thrall,575,mage,frost,18,6,12
Kalzak,hyjal,574,mage,frost,12,6,6
Icetooseeyou,barthilas,574,mage,frost,12,6,6
Irrandina,moon-guard,574,mage,frost,12,6,6
Kaël,area-52,574,mage,frost,12,6,6
Tonepedo,zuljin,574,mage,frost,18,6,12
Lincepotter,quelthalas,574,mage,frost,18,6,12
Harmful,frostmourne,574,mage,frost,18,6,12
Srloko,azralon,574,mage,frost,24,6,18
Zehlks,garrosh,573,mage,frost,12,6,6
Josemayer,nemesis,573,mage,frost,12,6,6
Sohotritenow,malganis,573,mage,frost,18,6,12
Litiria,burning-blade,573,mage,frost,18,6,12
Crimpster,illidan,573,mage,frost,24,6,18
Avers,frostwolf,572,mage,frost,18,6,12
Sodrezinn,illidan,571,mage,frost,12,6,6
Eatmyfritter,stonemaul,570,mage,frost,12,6,6
Freyia,mugthol,569,mage,frost,18,6,12
Silverstrza,gnomeregan,567,mage,frost,12,6,6
Meliam,tichondrius,557,mage,frost,29,6,23
Ozwauld,emerald-dream,526,mage,frost,11,6,5
Triambukh,grizzly-hills,525,mage,frost,20,7,13
Jooss,quelthalas,521,mage,frost,18,7,11
Starguy,laughing-skull,520,mage,frost,22,7,15
Pidge,aggramar,519,mage,frost,22,6,16
Tatersmaccs,sargeras,517,mage,frost,20,7,13
Emieralol,tichondrius,512,mage,frost,10,6,4
Aycc,tichondrius,512,mage,frost,10,6,4
Ereblink,proudmoore,511,mage,frost,11,6,5
Frostytoez,firetree,511,mage,frost,14,6,8
Zabaione,stormrage,508,mage,frost,16,6,10
Korisaurus,tichondrius,496,mage,frost,13,6,7
Sorankim,tichondrius,496,mage,frost,19,6,13
Melkdud,wyrmrest-accord,480,mage,frost,6,5,1
Elwynnforest,sargeras,480,mage,frost,6,5,1
Magerat,icecrown,480,mage,frost,6,5,1
Hansol,farstriders,480,mage,frost,6,5,1
Vonte,elune,480,mage,frost,6,5,1
Fatamericanx,area-52,480,mage,frost,6,5,1
Fromcanadaqc,zuljin,480,mage,frost,6,5,1
Dasanimomo,sargeras,480,mage,frost,6,5,1
Truemagician,tichondrius,480,mage,frost,6,5,1
Flavaflame,mugthol,480,mage,frost,6,5,1
Jarvase,mugthol,480,mage,frost,10,6,4
Veritas,wildhammer,480,mage,frost,10,6,4
Polymurph,terenas,480,mage,frost,12,5,7
Vires,kelthuzad,480,mage,frost,12,5,7
Arendelle,kiljaeden,480,mage,frost,12,5,7
Mcshwackin,area-52,480,mage,frost,12,5,7
Gadwick,alexstrasza,480,mage,frost,12,5,7
Kayenri,area-52,480,mage,frost,12,5,7
Isömetrics,tichondrius,480,mage,frost,12,5,7
Garbagemage,barthilas,480,mage,frost,12,5,7
Vênsêr,emerald-dream,480,mage,frost,12,5,7
Freezerburnz,illidan,480,mage,frost,12,5,7
Iceyhott,bloodhoof,480,mage,frost,12,5,7
Barcilas,proudmoore,480,mage,frost,12,5,7
Starguy,terenas,480,mage,frost,12,5,7
Lewpithy,area-52,480,mage,frost,12,5,7
Legendary,deathwing,480,mage,frost,12,5,7
Hustle,frostmourne,480,mage,frost,12,5,7
Blinkinghobo,sargeras,480,mage,frost,12,5,7
Nunezz,mannoroth,480,mage,frost,12,5,7
Skizzlés,bleeding-hollow,480,mage,frost,12,5,7
Emppty,tichondrius,480,mage,frost,12,5,7
Foodfish,bleeding-hollow,480,mage,frost,12,5,7
Harlloo,the-underbog,480,mage,frost,12,5,7
Swaxi,illidan,480,mage,frost,12,5,7
Cinns,moon-guard,480,mage,frost,12,5,7
Zime,moon-guard,480,mage,frost,12,5,7
Icetomeetyu,bleeding-hollow,480,mage,frost,12,5,7
Tëy,zuljin,480,mage,frost,12,5,7
Adronicus,tichondrius,480,mage,frost,12,5,7
Siobhána,moon-guard,480,mage,frost,12,5,7
Rbn,tichondrius,480,mage,frost,21,6,15
Dreddpool,barthilas,480,mage,frost,18,5,13
Coolbuts,area-52,480,mage,frost,18,5,13
Mikwam,proudmoore,479,mage,frost,6,5,1
Piixxiie,sargeras,479,mage,frost,6,5,1
Paintsicle,thunderlord,479,mage,frost,12,5,7
Kpoppin,stormrage,479,mage,frost,12,5,7
Grimreefer,trollbane,479,mage,frost,12,5,7
Odinzz,azralon,479,mage,frost,12,5,7
Phazora,suramar,479,mage,frost,12,5,7
Loa,hydraxis,479,mage,frost,12,5,7
Raynark,nemesis,479,mage,frost,12,5,7
Icesickle,barthilas,479,mage,frost,12,5,7
Cezax,frostmourne,479,mage,frost,12,5,7
Inumano,laughing-skull,479,mage,frost,12,5,7
Brokser,quelthalas,479,mage,frost,12,5,7
Dimmershnitz,draka,479,mage,frost,12,5,7
Suprido,illidan,478,mage,frost,15,6,9
Rkbj,korgath,478,mage,frost,24,5,19
Ehduh,onyxia,477,mage,frost,12,5,7
Colddevil,hyjal,476,mage,frost,19,5,14
Spazzticblur,frostwolf,473,mage,frost,12,5,7
Claddagh,kelthuzad,473,mage,frost,12,5,7
Hoecakez,tichondrius,463,mage,frost,11,6,5
Magusia,emerald-dream,447,mage,frost,11,5,6
Polyblart,hyjal,446,mage,frost,10,6,4
Barkäi,ragnaros,432,mage,frost,15,5,10
Cerisium,kiljaeden,431,mage,frost,11,5,6
Summey,tichondrius,431,mage,frost,11,5,6
Aggrosheep,tichondrius,416,mage,frost,10,5,5
Quinnfreeze,boulderfist,414,mage,frost,11,5,6
Powder,lightninghoof,400,mage,frost,15,7,8
Hocusjokus,frostmourne,384,mage,frost,6,4,2
Schwab,warsong,384,mage,frost,6,4,2
Frðstítutè,tichondrius,384,mage,frost,6,4,2
Tainx,frostmourne,384,mage,frost,6,4,2
Jamesper,tichondrius,384,mage,frost,6,4,2
Ratfather,the-forgotten-coast,384,mage,frost,6,4,2
Frobo,mannoroth,384,mage,frost,6,4,2
Gnomoguapo,altar-of-storms,384,mage,frost,6,4,2
Frostkage,tichondrius,384,mage,frost,6,4,2
Myrondor,tichondrius,384,mage,frost,6,4,2
Polymedaddi,tichondrius,384,mage,frost,6,4,2
Froznpizza,zuljin,384,mage,frost,6,4,2
Vixm,stormrage,384,mage,frost,6,4,2
Unlike,sargeras,384,mage,frost,6,4,2
Dezz,gilneas,384,mage,frost,6,4,2
Lampert,tichondrius,384,mage,frost,6,4,2
Marfaz,ravencrest,384,mage,frost,6,4,2
Pzaz,moon-guard,384,mage,frost,6,4,2
Kälis,zuljin,384,mage,frost,6,4,2
Zgodspeedz,stormrage,384,mage,frost,6,4,2
Dashdoor,stormrage,384,mage,frost,6,4,2
Lohkey,darkspear,384,mage,frost,6,4,2
Aigam,hyjal,384,mage,frost,6,4,2
Pew,dathremar,384,mage,frost,6,4,2
Voiddude,proudmoore,384,mage,frost,6,4,2
Variex,tichondrius,384,mage,frost,6,4,2
Shãy,area-52,384,mage,frost,6,4,2
Arkane,barthilas,384,mage,frost,6,4,2
Finnese,medivh,384,mage,frost,6,4,2
Fromcanadaqc,tichondrius,384,mage,frost,6,4,2
Çhíllßrõ,tichondrius,384,mage,frost,6,4,2
Expozed,icecrown,384,mage,frost,6,4,2
Belven,proudmoore,384,mage,frost,6,4,2
Kutulu,aerie-peak,384,mage,frost,6,4,2
Zolix,malganis,384,mage,frost,6,4,2
Bçøløñápûðgé,illidan,384,mage,frost,6,4,2
Sheepard,sargeras,384,mage,frost,6,4,2
Poonfarmer,zangarmarsh,384,mage,frost,6,4,2
Scarlin,proudmoore,384,mage,frost,6,4,2
Mèduså,tichondrius,384,mage,frost,6,4,2
Danbì,ragnaros,384,mage,frost,6,4,2
Neverbroke,illidan,384,mage,frost,6,4,2
Gai,lightnings-blade,384,mage,frost,6,4,2
Cewchí,tichondrius,384,mage,frost,6,4,2
Wuzzo,tichondrius,384,mage,frost,12,4,8
Nexttmage,area-52,384,mage,frost,12,4,8
Fantabulous,korgath,384,mage,frost,12,4,8
Yippmagus,area-52,384,mage,frost,12,4,8
Perkaset,turalyon,384,mage,frost,12,4,8
Slot,kirin-tor,384,mage,frost,12,4,8
Dallamar,frostwolf,384,mage,frost,12,4,8
Meduka,proudmoore,384,mage,frost,12,4,8
Yeuxbleus,tichondrius,384,mage,frost,12,4,8
Aangx,stormrage,384,mage,frost,12,4,8
Oneminute,tichondrius,384,mage,frost,12,4,8
Novokaine,area-52,384,mage,frost,12,4,8
Artty,velen,384,mage,frost,12,4,8
Slurpey,moon-guard,384,mage,frost,12,4,8
Arcanatos,emerald-dream,384,mage,frost,12,4,8
Horizons,moon-guard,384,mage,frost,12,4,8
Badaszbich,tichondrius,384,mage,frost,12,4,8
Darthez,darkspear,384,mage,frost,12,4,8
Bluedustfart,illidan,384,mage,frost,12,4,8
Coldcaster,mugthol,384,mage,frost,12,4,8
Unmix,tichondrius,384,mage,frost,12,4,8
Caseyjelly,tichondrius,384,mage,frost,12,4,8
Timêrmórk,kalecgos,384,mage,frost,12,4,8
Gemaicy,sargeras,384,mage,frost,12,4,8
Icebish,skullcrusher,384,mage,frost,12,4,8
Splocke,azralon,384,mage,frost,12,4,8
Percivaltp,scarlet-crusade,384,mage,frost,12,4,8
Îùx,stormrage,384,mage,frost,12,4,8
Jorzan,kelthuzad,384,mage,frost,12,4,8
Themageguy,eitrigg,384,mage,frost,12,4,8
Snowyj,khaz-modan,384,mage,frost,13,4,9
Astería,ragnaros,384,mage,frost,14,4,10
Fullmetal,jaedenar,384,mage,frost,18,4,14
Snanth,black-dragonflight,384,mage,frost,18,4,14
Rolypolyman,tichondrius,384,mage,frost,24,4,20
Billionnaire,tichondrius,383,mage,frost,6,4,2
Floopse,agamaggan,383,mage,frost,6,4,2
Abstractgoat,tichondrius,383,mage,frost,12,4,8
Surrsly,tortheldrin,383,mage,frost,12,4,8
Undersky,tichondrius,383,mage,frost,12,4,8
Cynafox,moon-guard,383,mage,frost,12,4,8
Robinesque,moon-guard,383,mage,frost,12,4,8
Magemochi,dalaran,382,mage,frost,6,4,2
Brezman,tichondrius,382,mage,frost,12,4,8
Kuni,ghostlands,382,mage,frost,12,4,8
Georgez,ragnaros,382,mage,frost,20,4,16
Zoninsasseo,tichondrius,381,mage,frost,12,4,8
Killerflaco,drakkari,381,mage,frost,24,4,20
Eirwan,illidan,379,mage,frost,12,4,8
Homodilf,blackrock,379,mage,frost,12,4,8
Eanur,azralon,352,mage,frost,16,4,12
Magicginger,barthilas,352,mage,frost,16,4,12
Lirahmi,quelthalas,351,mage,frost,11,4,7
Freezeup,area-52,349,mage,frost,14,7,7
Titsncoke,proudmoore,336,mage,frost,9,4,5
Mugiara,azralon,335,mage,frost,9,4,5
Jizzlez,tichondrius,335,mage,frost,11,4,7
Coldrin,tichondrius,330,mage,frost,15,5,10
Devkek,area-52,330,mage,frost,22,7,15
Icëblöck,ysera,329,mage,frost,6,5,1
Lezafort,area-52,320,mage,frost,16,4,12
Niscra,nemesis,320,mage,frost,22,4,18
Lightsoran,tichondrius,319,mage,frost,5,4,1
Crøwgawd,tichondrius,304,mage,frost,7,4,3
Krililin,stormrage,288,mage,frost,6,3,3
Decady,stormrage,288,mage,frost,6,3,3
Címegripe,stormrage,288,mage,frost,6,3,3
Natallyn,stormrage,288,mage,frost,6,3,3
Blâzer,nazjatar,288,mage,frost,6,3,3
Jaklinburton,stormrage,288,mage,frost,6,3,3
Léras,stormrage,288,mage,frost,6,3,3
Hýdro,ghostlands,288,mage,frost,6,3,3
Pyroseraph,bleeding-hollow,288,mage,frost,6,3,3
Coneofkony,bleeding-hollow,288,mage,frost,6,3,3
Betaduck,bleeding-hollow,288,mage,frost,6,3,3
Riverb,bleeding-hollow,288,mage,frost,6,3,3
Youngwiz,arthas,288,mage,frost,6,3,3
Linsz,nemesis,288,mage,frost,6,3,3
Dotznsheep,zuljin,288,mage,frost,6,3,3
Kryptekk,area-52,288,mage,frost,6,3,3
Fishfood,bleeding-hollow,288,mage,frost,6,3,3
Felsparkles,area-52,288,mage,frost,6,3,3
Isuikido,nemesis,288,mage,frost,6,3,3
Casualboy,skullcrusher,288,mage,frost,6,3,3
Aurumium,illidan,288,mage,frost,6,3,3
Ariezx,kelthuzad,288,mage,frost,6,3,3
Bigchilly,malganis,288,mage,frost,6,3,3
Oomoo,malganis,288,mage,frost,6,3,3
Dcup,quelthalas,288,mage,frost,6,3,3
Eraticmage,illidan,288,mage,frost,6,3,3
Índís,ragnaros,288,mage,frost,6,3,3
Urbadxd,llane,288,mage,frost,6,3,3
Feldt,korgath,288,mage,frost,6,3,3
Nalla,nerzhul,288,mage,frost,6,3,3
Ðontßlink,illidan,288,mage,frost,6,3,3
Dragonie,nordrassil,288,mage,frost,6,3,3
Personah,darkspear,288,mage,frost,6,3,3
Thxo,hyjal,288,mage,frost,6,3,3
Orangemilk,hyjal,288,mage,frost,6,3,3
Wabï,tichondrius,288,mage,frost,6,3,3
Shiryu,thrall,288,mage,frost,6,3,3
Lunchfirst,tichondrius,288,mage,frost,6,3,3
Toastmg,tichondrius,288,mage,frost,6,3,3
Atwyxn,illidan,288,mage,frost,6,3,3
Abruaa,area-52,288,mage,frost,6,3,3
Murcury,tichondrius,288,mage,frost,6,3,3
Chriglol,black-dragonflight,288,mage,frost,6,3,3
Maelista,tichondrius,288,mage,frost,6,3,3
Magicianqt,tichondrius,288,mage,frost,6,3,3
Fredcouples,tichondrius,288,mage,frost,6,3,3
Icecreamboy,tichondrius,288,mage,frost,6,3,3
Kqlyy,tichondrius,288,mage,frost,6,3,3
Cruxx,ragnaros,288,mage,frost,6,3,3
Murderlin,tichondrius,288,mage,frost,6,3,3
Quinnc,tichondrius,288,mage,frost,6,3,3
Odaravla,proudmoore,288,mage,frost,6,3,3
Frostytits,spirestone,288,mage,frost,6,3,3
Mäz,malorne,288,mage,frost,6,3,3
Killemz,dragonmaw,288,mage,frost,6,3,3
Botoslàp,dragonmaw,288,mage,frost,6,3,3
Illúmi,moon-guard,288,mage,frost,6,3,3
Hékate,moon-guard,288,mage,frost,6,3,3
Honchó,velen,288,mage,frost,6,3,3
Bound,emerald-dream,288,mage,frost,6,3,3
Maagão,azralon,288,mage,frost,6,3,3
Trozkov,dalaran,288,mage,frost,6,3,3
Lisaerys,dalaran,288,mage,frost,6,3,3
Asthar,ursin,288,mage,frost,6,3,3
Packaged,emerald-dream,288,mage,frost,6,3,3
Morti,sargeras,288,mage,frost,6,3,3
Bønemage,azralon,288,mage,frost,6,3,3
Lilsake,sargeras,288,mage,frost,6,3,3
Combusty,sargeras,288,mage,frost,6,3,3
Gobstpper,nagrand,288,mage,frost,6,3,3
Trincando,azralon,288,mage,frost,6,3,3
Zukoprince,azralon,288,mage,frost,6,3,3
Dersão,azralon,288,mage,frost,6,3,3
Etyx,tichondrius,288,mage,frost,10,4,6
Argyron,fizzcrank,288,mage,frost,12,3,9
Hqscoltt,azralon,288,mage,frost,12,3,9
Steefers,arygos,288,mage,frost,12,3,9
Houdiinii,illidan,288,mage,frost,12,3,9
Voidera,wyrmrest-accord,288,mage,frost,12,3,9
Frostcakes,quelthalas,288,mage,frost,12,3,9
Rabeiro,tichondrius,288,mage,frost,12,3,9
Fineous,kalecgos,288,mage,frost,12,3,9
Calcaster,aegwynn,288,mage,frost,12,3,9
Millions,jubeithos,288,mage,frost,12,3,9
Worldonfire,ragnaros,288,mage,frost,12,3,9
Kaïdis,nemesis,288,mage,frost,12,3,9
Littleguzto,garrosh,288,mage,frost,12,3,9
Bootyclapper,shadowmoon,288,mage,frost,12,3,9
Anuub,kelthuzad,288,mage,frost,12,3,9
Draell,drakkari,288,mage,frost,12,3,9
Linadeslayer,chogall,288,mage,frost,12,3,9
Albbano,tichondrius,288,mage,frost,12,3,9
Fingeredx,zuljin,288,mage,frost,12,3,9
Ezchallenger,undermine,288,mage,frost,12,3,9
Daydreamz,lightnings-blade,288,mage,frost,12,3,9
Bartholomew,lothar,288,mage,frost,12,3,9
Stinker,nazjatar,288,mage,frost,12,3,9
Radakos,emerald-dream,288,mage,frost,12,3,9
Grynthwzrd,stormrage,288,mage,frost,12,3,9
Tracemaker,emerald-dream,288,mage,frost,18,3,15
Polymorphlol,queldorei,288,mage,frost,18,3,15
Cölossus,gorefiend,287,mage,frost,6,3,3
Applemage,ragnaros,287,mage,frost,6,3,3
Icehero,tichondrius,287,mage,frost,6,3,3
Shimotama,malganis,287,mage,frost,6,3,3
Gufi,drakkari,287,mage,frost,6,3,3
Clausolas,ragnaros,287,mage,frost,6,3,3
Wawakun,ragnaros,287,mage,frost,6,3,3
Queimabixo,azralon,287,mage,frost,6,3,3
Mideon,whisperwind,286,mage,frost,6,3,3
Chuekona,ragnaros,256,mage,frost,10,3,7
Taevy,tichondrius,256,mage,frost,10,3,7
Arielak,kelthuzad,239,mage,frost,5,3,2
Cheyz,onyxia,239,mage,frost,5,3,2
Unydae,frostmourne,239,mage,frost,5,3,2
Drewann,draenor,239,mage,frost,5,3,2
Itsoveryo,jubeithos,239,mage,frost,11,3,8
Kizran,frostmourne,239,mage,frost,11,3,8
Gtown,kelthuzad,234,mage,frost,11,4,7
Skerei,azralon,234,mage,frost,19,4,15
Brôcolîni,zuljin,233,mage,frost,11,4,7
Ophian,shattered-hand,222,mage,frost,8,3,5
Rayricefan,blood-furnace,192,mage,frost,4,3,1
Pyrod,tichondrius,192,mage,frost,6,2,4
Cradic,tichondrius,192,mage,frost,6,2,4
Kickpollyplx,lothar,192,mage,frost,6,2,4
Fleët,tichondrius,192,mage,frost,6,2,4
Audacy,sargeras,192,mage,frost,6,2,4
Ess,tichondrius,192,mage,frost,6,2,4
Duhquarius,warsong,192,mage,frost,6,2,4
Vailor,whisperwind,192,mage,frost,6,2,4
Stìnkfîst,tichondrius,192,mage,frost,6,2,4
Afknz,frostmourne,192,mage,frost,6,2,4
Roarly,stonemaul,192,mage,frost,6,2,4
Winstonchill,zuljin,192,mage,frost,6,2,4
Whiteyx,saurfang,192,mage,frost,6,2,4
Getmaged,bleeding-hollow,192,mage,frost,6,2,4
Muskybiggie,bleeding-hollow,192,mage,frost,6,2,4
Blînxx,bleeding-hollow,192,mage,frost,6,2,4
Mager,dentarg,192,mage,frost,6,2,4
Elvin,frostmourne,192,mage,frost,6,2,4
Nachtt,sargeras,192,mage,frost,6,2,4
Khaosflare,stormrage,192,mage,frost,6,2,4
Echoz,frostmourne,192,mage,frost,6,2,4
Indignatio,arthas,192,mage,frost,6,2,4
Urmagesty,daggerspine,192,mage,frost,6,2,4
Alfaflux,nemesis,192,mage,frost,6,2,4
Makius,area-52,192,mage,frost,6,2,4
Viccluvin,stormrage,192,mage,frost,6,2,4
Anyahs,tichondrius,192,mage,frost,6,2,4
Magewara,area-52,192,mage,frost,6,2,4
Magika,area-52,192,mage,frost,6,2,4
Arkuran,proudmoore,192,mage,frost,6,2,4
Gradmage,proudmoore,192,mage,frost,6,2,4
Sparqablink,tichondrius,192,mage,frost,6,2,4
Cantblocklul,baelgun,192,mage,frost,6,2,4
Vortex,fenris,192,mage,frost,6,2,4
Kevinfan,area-52,192,mage,frost,6,2,4
Xü,stormrage,192,mage,frost,6,2,4
Biillionaire,frostmourne,192,mage,frost,6,2,4
Wïzarduous,mannoroth,192,mage,frost,6,2,4
Ryusuke,thrall,192,mage,frost,6,2,4
Ayci,velen,192,mage,frost,6,2,4
Kammany,thrall,192,mage,frost,6,2,4
Massivepoo,barthilas,192,mage,frost,6,2,4
Xar,guldan,192,mage,frost,6,2,4
Avicci,shattered-halls,192,mage,frost,6,2,4
Choctøp,frostmourne,192,mage,frost,6,2,4
Sophrates,burning-blade,192,mage,frost,6,2,4
Korky,dalvengyr,192,mage,frost,6,2,4
Tanedos,tichondrius,192,mage,frost,6,2,4
Bluishhue,thrall,192,mage,frost,6,2,4
Shivamode,thrall,192,mage,frost,6,2,4
Dinklord,azuremyst,192,mage,frost,6,2,4
Jainamommy,emerald-dream,192,mage,frost,6,2,4
Pyröz,kelthuzad,192,mage,frost,6,2,4
Karameltart,barthilas,192,mage,frost,6,2,4
Thebrain,twisting-nether,192,mage,frost,6,2,4
Uhh,blackrock,192,mage,frost,6,2,4
Maxvila,kelthuzad,192,mage,frost,6,2,4
Strêss,kelthuzad,192,mage,frost,6,2,4
Earff,kiljaeden,192,mage,frost,6,2,4
Lilbabyx,stormrage,192,mage,frost,6,2,4
Jimmygibbler,illidan,192,mage,frost,6,2,4
Herzthroh,stormrage,192,mage,frost,6,2,4
Westii,illidan,192,mage,frost,6,2,4
Undeadmager,nerzhul,192,mage,frost,6,2,4
Magickus,korgath,192,mage,frost,6,2,4
Vallfire,malganis,192,mage,frost,6,2,4
Vyyp,echo-isles,192,mage,frost,6,2,4
Airsickjet,kiljaeden,192,mage,frost,6,2,4
Raidem,dalaran,192,mage,frost,6,2,4
Xenagozs,antonidas,192,mage,frost,6,2,4
Stefan,malganis,192,mage,frost,6,2,4
Chelseâ,emerald-dream,192,mage,frost,6,2,4
Kzm,illidan,192,mage,frost,6,2,4
Rapidmage,malganis,192,mage,frost,6,2,4
Cottonmage,malganis,192,mage,frost,6,2,4
Drewzz,tichondrius,192,mage,frost,6,2,4
Fïtz,quelthalas,192,mage,frost,6,2,4
Elhechizero,quelthalas,192,mage,frost,6,2,4
Mageethot,moon-guard,192,mage,frost,6,2,4
Quesomancer,illidan,192,mage,frost,6,2,4
Raxxor,muradin,192,mage,frost,6,2,4
Iguanodon,proudmoore,192,mage,frost,6,2,4
Gattmage,illidan,192,mage,frost,6,2,4
Halimage,zuljin,192,mage,frost,6,2,4
Crazytime,tichondrius,192,mage,frost,6,2,4
Wyss,azralon,192,mage,frost,6,2,4
Benjamming,ragnaros,192,mage,frost,6,2,4
Firehawk,azralon,192,mage,frost,6,2,4
Kârén,aggramar,192,mage,frost,6,2,4
Magiaguarra,ragnaros,192,mage,frost,6,2,4
Smók,ragnaros,192,mage,frost,6,2,4
Clickhard,suramar,192,mage,frost,9,2,7
Bibi,ragnaros,192,mage,frost,9,2,7
Adxion,quelthalas,192,mage,frost,12,2,10
Sîmply,zuljin,192,mage,frost,12,2,10
Joare,area-52,192,mage,frost,12,2,10
Kinrow,stormrage,192,mage,frost,12,2,10
Mônstâ,thrall,192,mage,frost,12,2,10
Eretik,ragnaros,192,mage,frost,12,2,10
Converseqt,stormrage,192,mage,frost,12,2,10
Lemmepoly,illidan,192,mage,frost,12,2,10
Hositonet,malganis,192,mage,frost,12,2,10
Rán,spirestone,192,mage,frost,12,2,10
Zerg,fenris,192,mage,frost,12,2,10
Shwack,boulderfist,192,mage,frost,12,2,10
Èvilmage,blackrock,192,mage,frost,12,2,10
Alode,moon-guard,192,mage,frost,12,2,10
Ironwolft,tichondrius,192,mage,frost,12,2,10
Mendittorosa,tichondrius,192,mage,frost,12,2,10
Excentral,tichondrius,192,mage,frost,12,2,10
Dylanpickles,darkspear,192,mage,frost,12,2,10
Wqnmlgbdy,tichondrius,192,mage,frost,18,2,16
Pândàfæçé,ghostlands,191,mage,frost,4,3,1
Kahldyn,stormrage,191,mage,frost,4,3,1
Alladen,anubarak,191,mage,frost,6,2,4
Bittérs,tichondrius,191,mage,frost,6,2,4
Hense,stormrage,191,mage,frost,6,2,4
Cheapped,emerald-dream,175,mage,frost,6,3,3
Blakus,tichondrius,159,mage,frost,6,3,3
Frosteddiks,shattered-halls,159,mage,frost,5,2,3
Csx,turalyon,144,mage,frost,3,3,0
Noyade,illidan,144,mage,frost,9,2,7
Erudit,tichondrius,144,mage,frost,15,2,13
Shardgodx,kelthuzad,138,mage,frost,8,4,4
Vìllyn,boulderfist,138,mage,frost,12,4,8
Máximus,illidan,128,mage,frost,4,2,2
Firèballin,tichondrius,128,mage,frost,4,2,2
Idamnedu,crushridge,128,mage,frost,4,2,2
Goingmassive,frostmourne,127,mage,frost,4,2,2
Proviet,frostmourne,127,mage,frost,8,2,6
Thebraveonee,frostmourne,126,mage,frost,8,2,6
Faeylyn,stormrage,96,mage,frost,3,2,1
Thôrsena,ursin,96,mage,frost,3,2,1
Sillycole,emerald-dream,96,mage,frost,3,2,1
Ricter,hyjal,96,mage,frost,6,1,5
Kbola,tichondrius,96,mage,frost,6,1,5
Sky,lightnings-blade,96,mage,frost,6,1,5
Daêgon,area-52,96,mage,frost,6,1,5
Furrblock,tichondrius,96,mage,frost,6,1,5
Truewinter,tichondrius,96,mage,frost,6,1,5
Gnòmêrcy,kelthuzad,96,mage,frost,6,1,5
Hruine,chogall,96,mage,frost,6,1,5
Oring,tichondrius,96,mage,frost,6,1,5
Tmi,darkspear,96,mage,frost,6,1,5
Coolhandz,tichondrius,96,mage,frost,6,1,5
Ârcano,ragnaros,96,mage,frost,6,1,5
Thiccness,hydraxis,96,mage,frost,6,1,5
Beerandmagic,zuljin,96,mage,frost,6,1,5
Boxslinger,illidan,96,mage,frost,6,1,5
Kaoz,emerald-dream,96,mage,frost,6,1,5
Ogfresh,area-52,96,mage,frost,6,1,5
Aerodynamiq,area-52,96,mage,frost,6,1,5
Åpollous,frostmourne,96,mage,frost,6,1,5
Michaelbust,tichondrius,96,mage,frost,6,1,5
Naviator,tichondrius,96,mage,frost,6,1,5
Mïzzfreeze,haomarush,96,mage,frost,6,1,5
Yeonmok,tichondrius,96,mage,frost,6,1,5
Magicmom,wyrmrest-accord,96,mage,frost,6,1,5
Trevihl,malganis,96,mage,frost,6,1,5
Fookz,malganis,96,mage,frost,6,1,5
Themose,sargeras,96,mage,frost,6,1,5
Adrazell,sargeras,96,mage,frost,6,1,5
Failzy,darkspear,96,mage,frost,6,1,5
Ñõxx,sargeras,96,mage,frost,6,1,5
Mastacombust,illidan,96,mage,frost,6,1,5
Freezze,malganis,96,mage,frost,6,1,5
Pblastdatass,stormrage,96,mage,frost,6,1,5
Fadedfire,area-52,96,mage,frost,6,1,5
Ichirou,stormrage,96,mage,frost,6,1,5
Pikoda,azralon,96,mage,frost,6,1,5
Loopsyliu,stormrage,96,mage,frost,6,1,5
Neverworks,tichondrius,96,mage,frost,6,1,5
Geekm,frostmourne,96,mage,frost,6,1,5
Dathoe,laughing-skull,96,mage,frost,6,1,5
Pyrofrost,stonemaul,96,mage,frost,6,1,5
Soulbite,barthilas,96,mage,frost,6,1,5
Stormfrieza,tichondrius,96,mage,frost,6,1,5
Exonerate,mannoroth,96,mage,frost,6,1,5
Majx,eldrethalas,96,mage,frost,6,1,5
Professor,khadgar,96,mage,frost,6,1,5
Gíldrin,proudmoore,96,mage,frost,6,1,5
Oab,proudmoore,96,mage,frost,6,1,5
Ëfc,nemesis,96,mage,frost,6,1,5
Jmanpk,stormrage,96,mage,frost,12,1,11
Voxbluvine,hakkar,96,mage,frost,12,1,11
Taladas,suramar,96,mage,frost,12,1,11
Vensyr,stormrage,96,mage,frost,12,1,11
Pyrophobia,mannoroth,96,mage,frost,12,1,11
Ldc,kelthuzad,96,mage,frost,12,1,11
Zei,bleeding-hollow,96,mage,frost,12,1,11
Badiatorr,alterac-mountains,96,mage,frost,12,1,11
Icemaker,destromath,95,mage,frost,18,1,17
Notria,illidan,79,mage,frost,5,1,4
Spellsurg,malganis,79,mage,frost,5,1,4
Ventiarcana,area-52,79,mage,frost,5,1,4
Buckybever,illidan,79,mage,frost,11,1,10
Frostybihh,bonechewer,64,mage,frost,4,1,3
Unclekyle,skullcrusher,48,mage,frost,3,1,2
Lv,stormscale,48,mage,frost,9,1,8
Kushjointz,tichondrius,42,mage,frost,11,3,8
Fizzlepops,kiljaeden,31,mage,frost,2,1,1
Dãnwun,tichondrius,2284,monk,mistweaver,102,63,39
Sharkpiggie,illidan,2283,monk,mistweaver,102,66,36
Meepmonk,tichondrius,2283,monk,mistweaver,102,64,38
Dannycarey,tichondrius,2278,monk,mistweaver,78,55,23
Garbagemonk,scilla,2277,monk,mistweaver,191,120,71
Woezx,stormreaver,2264,monk,mistweaver,68,47,21
Mysticallx,sargeras,2259,monk,mistweaver,84,53,31
Sharkpiglet,illidan,2249,monk,mistweaver,96,60,36
Boogstyle,malganis,2245,monk,mistweaver,136,79,57
Linlol,tichondrius,2240,monk,mistweaver,472,274,198
Mãsterpõ,tichondrius,2227,monk,mistweaver,313,170,143
Weavied,sargeras,2215,monk,mistweaver,156,84,72
Zenjj,thorium-brotherhood,2211,monk,mistweaver,158,92,66
Raddxd,illidan,2202,monk,mistweaver,89,58,31
Jep,tichondrius,2190,monk,mistweaver,138,88,50
Hernameplz,proudmoore,2179,monk,mistweaver,117,64,53
Ðrägønéyèz,malygos,2168,monk,mistweaver,211,119,92
Cool,crushridge,2167,monk,mistweaver,126,75,51
Dowsk,tichondrius,2162,monk,mistweaver,105,63,42
Idiotgriefer,tichondrius,2160,monk,mistweaver,78,48,30
Vaen,kelthuzad,2156,monk,mistweaver,96,57,39
Emoeres,kelthuzad,2151,monk,mistweaver,104,55,49
Flarks,area-52,2151,monk,mistweaver,155,80,75
Oliveirarr,tichondrius,2150,monk,mistweaver,144,81,63
Moonym,nagrand,2144,monk,mistweaver,80,48,32
Oblivæon,tichondrius,2143,monk,mistweaver,72,45,27
Sloppyroppy,tichondrius,2143,monk,mistweaver,107,62,45
Dro,khadgar,2141,monk,mistweaver,66,39,27
Moremoretea,tichondrius,2140,monk,mistweaver,87,53,34
Illify,tichondrius,2139,monk,mistweaver,66,52,14
Cuteballs,tichondrius,2138,monk,mistweaver,81,50,31
Oldmanswirl,mugthol,2137,monk,mistweaver,84,50,34
Crunchyrollx,tichondrius,2135,monk,mistweaver,66,49,17
Xeus,darkspear,2133,monk,mistweaver,60,38,22
Jetnoob,sargeras,2132,monk,mistweaver,120,66,54
Parodies,illidan,2131,monk,mistweaver,103,53,50
Woggitie,jubeithos,2129,monk,mistweaver,68,45,23
Igriefidiots,tichondrius,2129,monk,mistweaver,71,40,31
Ringofpeace,sargeras,2128,monk,mistweaver,60,40,20
Griefgodx,tichondrius,2127,monk,mistweaver,88,49,39
Wheatsli,malganis,2126,monk,mistweaver,138,81,57
Vaemonka,stormrage,2123,monk,mistweaver,201,120,81
Babyfaceqt,skullcrusher,2123,monk,mistweaver,184,103,81
Canghaigg,tichondrius,2122,monk,mistweaver,150,94,56
Purgenm,tichondrius,2122,monk,mistweaver,90,52,38
Secdog,tichondrius,2118,monk,mistweaver,84,44,40
Nfm,cairne,2117,monk,mistweaver,209,119,90
Kicub,emerald-dream,2115,monk,mistweaver,84,44,40
Itzokinlol,malganis,2113,monk,mistweaver,114,70,44
Firewatches,emerald-dream,2113,monk,mistweaver,72,42,30
Akiramenaide,tichondrius,2112,monk,mistweaver,60,43,17
Tekuto,tichondrius,2112,monk,mistweaver,174,109,65
Moldboy,area-52,2112,monk,mistweaver,75,45,30
Akkiira,sargeras,2112,monk,mistweaver,72,42,30
Hydroz,dethecus,2112,monk,mistweaver,95,55,40
Nezly,sargeras,2112,monk,mistweaver,138,71,67
Sintifissti,sargeras,2111,monk,mistweaver,62,41,21
Wolf,shattered-hand,2111,monk,mistweaver,60,36,24
Yangroumo,tichondrius,2110,monk,mistweaver,131,78,53
Gsdfjskpx,sargeras,2107,monk,mistweaver,306,165,141
Drdabz,illidan,2105,monk,mistweaver,60,35,25
Gameníne,tichondrius,2103,monk,mistweaver,72,42,30
Waggìes,moon-guard,2101,monk,mistweaver,83,50,33
Melonmuncher,duskwood,2101,monk,mistweaver,135,79,56
Heywhatsup,emerald-dream,2097,monk,mistweaver,102,50,52
Furiousfrank,stormrage,2094,monk,mistweaver,66,42,24
Zuhak,tichondrius,2094,monk,mistweaver,78,45,33
Proghouse,illidan,2089,monk,mistweaver,90,47,43
Vramonk,area-52,2081,monk,mistweaver,109,59,50
Yogapantsx,nerzhul,2079,monk,mistweaver,68,37,31
Gabîmaru,area-52,2065,monk,mistweaver,165,98,67
Drracaryss,sargeras,2060,monk,mistweaver,203,125,78
Natalié,caelestrasz,2060,monk,mistweaver,90,54,36
Strugglebus,sargeras,2056,monk,mistweaver,42,31,11
Glqjkglbfgdl,zuljin,2053,monk,mistweaver,156,86,70
Timermørk,kalecgos,2050,monk,mistweaver,133,80,53
Huaren,tichondrius,2048,monk,mistweaver,137,78,59
Breadweaver,malganis,2046,monk,mistweaver,96,47,49
Wagfu,moon-guard,2045,monk,mistweaver,70,40,30
Chadweave,moon-guard,2040,monk,mistweaver,339,182,157
Praggers,proudmoore,2039,monk,mistweaver,151,77,74
Jakethegreat,moknathal,2033,monk,mistweaver,205,120,85
Nohandslost,blackrock,2033,monk,mistweaver,206,103,103
Elvenmonk,frostmane,2032,monk,mistweaver,66,41,25
Réðçräñé,sargeras,2031,monk,mistweaver,54,36,18
Fizzlefarmer,moon-guard,2031,monk,mistweaver,89,54,35
Morzmyth,nemesis,2031,monk,mistweaver,202,107,95
Millé,frostmourne,2025,monk,mistweaver,60,36,24
Michæ,ragnaros,2025,monk,mistweaver,249,144,105
Zhoku,tichondrius,2020,monk,mistweaver,58,34,24
Taichí,tichondrius,2020,monk,mistweaver,107,60,47
Originull,darkspear,2020,monk,mistweaver,107,58,49
Triixxy,thrall,2018,monk,mistweaver,101,64,37
Xdfu,stormrage,2015,monk,mistweaver,119,73,46
Mcoos,tichondrius,2011,monk,mistweaver,186,112,74
Punchgodx,greymane,2010,monk,mistweaver,78,46,32
Brazfu,skullcrusher,2008,monk,mistweaver,135,79,56
Kris,llane,2004,monk,mistweaver,95,55,40
Thèwy,tichondrius,2003,monk,mistweaver,59,37,22
Ccain,stormrage,2002,monk,mistweaver,73,41,32
Físterxd,bleeding-hollow,2001,monk,mistweaver,264,144,120
Voidstate,stormrage,2001,monk,mistweaver,131,71,60
Leetcoder,tichondrius,2000,monk,mistweaver,195,120,75
Sypìì,stormrage,2000,monk,mistweaver,108,58,50
Àvríam,stormrage,1999,monk,mistweaver,113,54,59
Orbgodx,darkspear,1996,monk,mistweaver,66,39,27
Taeeun,tichondrius,1994,monk,mistweaver,57,38,19
Tyrfan,sargeras,1994,monk,mistweaver,154,84,70
Ezqueue,area-52,1992,monk,mistweaver,36,27,9
Bhoredom,kiljaeden,1992,monk,mistweaver,146,80,66
Sevymonk,stormrage,1990,monk,mistweaver,102,62,40
Thet,sargeras,1989,monk,mistweaver,177,90,87
Wingchungus,sargeras,1987,monk,mistweaver,42,30,12
Jiwå,terenas,1985,monk,mistweaver,648,328,320
Canghaimonk,tichondrius,1984,monk,mistweaver,107,54,53
Danarolls,spirestone,1982,monk,mistweaver,83,40,43
Nesoween,tichondrius,1979,monk,mistweaver,110,65,45
Bungfist,stormrage,1977,monk,mistweaver,35,25,10
Vinnyd,tichondrius,1976,monk,mistweaver,39,27,12
Benneroy,moon-guard,1976,monk,mistweaver,36,24,12
Meepmonk,kilrogg,1975,monk,mistweaver,51,27,24
Martiálfarts,malganis,1973,monk,mistweaver,42,30,12
Xcrispy,scilla,1969,monk,mistweaver,67,43,24
Liltuna,icecrown,1968,monk,mistweaver,42,26,16
Heha,tichondrius,1966,monk,mistweaver,346,176,170
Assez,tichondrius,1966,monk,mistweaver,74,37,37
Sqmw,tichondrius,1965,monk,mistweaver,48,32,16
Actualcrime,tichondrius,1965,monk,mistweaver,60,33,27
Pragma,kiljaeden,1964,monk,mistweaver,66,37,29
Venfuki,tichondrius,1963,monk,mistweaver,60,35,25
Shlunks,illidan,1960,monk,mistweaver,267,155,112
Nuriva,tichondrius,1956,monk,mistweaver,82,58,24
Wetchickennz,tichondrius,1955,monk,mistweaver,148,84,64
Speedcapped,area-52,1954,monk,mistweaver,138,67,71
Hafezassad,illidan,1954,monk,mistweaver,48,23,25
Swurvex,bleeding-hollow,1953,monk,mistweaver,72,34,38
Qtmonk,emerald-dream,1950,monk,mistweaver,159,93,66
Vongg,tichondrius,1950,monk,mistweaver,66,36,30
Zamist,sargeras,1949,monk,mistweaver,84,52,32
Nakedidiot,kelthuzad,1948,monk,mistweaver,60,39,21
Poscom,tichondrius,1944,monk,mistweaver,155,104,51
Stinkycok,tichondrius,1944,monk,mistweaver,60,34,26
Grif,nazjatar,1942,monk,mistweaver,207,108,99
Yasysy,tichondrius,1938,monk,mistweaver,42,25,17
Ilovekok,sargeras,1933,monk,mistweaver,84,64,20
Xzeer,illidan,1933,monk,mistweaver,53,36,17
Brews,black-dragonflight,1933,monk,mistweaver,103,55,48
Zaqqari,wyrmrest-accord,1931,monk,mistweaver,77,40,37
Beez,balnazzar,1931,monk,mistweaver,69,35,34
Stepfistz,aegwynn,1930,monk,mistweaver,154,90,64
Crypomunkz,malganis,1929,monk,mistweaver,53,32,21
Mixon,archimonde,1927,monk,mistweaver,36,25,11
Pandacottoco,azralon,1924,monk,mistweaver,78,44,34
Carzzy,sargeras,1923,monk,mistweaver,47,29,18
Imdabes,velen,1923,monk,mistweaver,72,39,33
Postmark,tichondrius,1922,monk,mistweaver,60,34,26
Vethosis,illidan,1921,monk,mistweaver,43,27,16
Lmhs,tichondrius,1920,monk,mistweaver,54,32,22
Ònó,quelthalas,1919,monk,mistweaver,67,39,28
Brewsome,bloodhoof,1919,monk,mistweaver,82,43,39
Lodbork,tichondrius,1917,monk,mistweaver,72,45,27
Soprà,zuljin,1914,monk,mistweaver,63,39,24
Kansú,ragnaros,1913,monk,mistweaver,100,53,47
Rokkon,sargeras,1912,monk,mistweaver,96,55,41
Abellmonk,tichondrius,1910,monk,mistweaver,203,117,86
Paperfist,stormrage,1906,monk,mistweaver,126,87,39
Neuron,spirestone,1906,monk,mistweaver,44,23,21
Basedbuck,dalaran,1904,monk,mistweaver,36,23,13
Mavvi,tichondrius,1904,monk,mistweaver,140,77,63
Lexxbtw,thrall,1903,monk,mistweaver,148,84,64
Qup,lightbringer,1902,monk,mistweaver,114,76,38
Liteup,smolderthorn,1902,monk,mistweaver,450,229,221
Sillyguy,stormrage,1901,monk,mistweaver,107,69,38
Aegea,illidan,1901,monk,mistweaver,67,37,30
Cardrik,thrall,1901,monk,mistweaver,149,79,70
Toyotasupra,emerald-dream,1898,monk,mistweaver,72,46,26
Friendshipx,emerald-dream,1896,monk,mistweaver,30,24,6
Watersheep,darkspear,1896,monk,mistweaver,72,38,34
Fenriranger,tichondrius,1895,monk,mistweaver,155,97,58
Worldhopperx,area-52,1894,monk,mistweaver,89,57,32
Kristië,stormrage,1891,monk,mistweaver,42,30,12
Hawainpunch,stormscale,1890,monk,mistweaver,54,33,21
Monktease,tichondrius,1890,monk,mistweaver,96,50,46
Suamw,tichondrius,1888,monk,mistweaver,115,55,60
Wrxx,kelthuzad,1886,monk,mistweaver,352,174,178
Zengriff,ysondre,1885,monk,mistweaver,72,44,28
Ekn,tichondrius,1883,monk,mistweaver,54,35,19
Poppinbrews,thrall,1880,monk,mistweaver,46,27,19
Zeçe,tichondrius,1879,monk,mistweaver,36,23,13
Suhjoon,bleeding-hollow,1878,monk,mistweaver,160,80,80
Timbomist,kelthuzad,1877,monk,mistweaver,74,42,32
Toozmania,stormrage,1876,monk,mistweaver,52,31,21
Gentleuncle,tichondrius,1874,monk,mistweaver,137,80,57
Sifu,bleeding-hollow,1873,monk,mistweaver,59,36,23
Discurzed,barthilas,1873,monk,mistweaver,175,99,76
Spicyx,kiljaeden,1871,monk,mistweaver,30,24,6
Spook,kalecgos,1871,monk,mistweaver,67,44,23
Canadá,bleeding-hollow,1869,monk,mistweaver,54,37,17
Robocto,area-52,1869,monk,mistweaver,102,61,41
Shùù,tichondrius,1866,monk,mistweaver,65,37,28
Dalillama,stormreaver,1865,monk,mistweaver,48,31,17
Logtich,moon-guard,1864,monk,mistweaver,78,42,36
Ileffsinll,illidan,1863,monk,mistweaver,113,64,49
Søpra,zuljin,1861,monk,mistweaver,126,74,52
Dancah,eitrigg,1861,monk,mistweaver,41,22,19
Papermade,barthilas,1860,monk,mistweaver,48,26,22
Quitw,tichondrius,1859,monk,mistweaver,61,32,29
Cmonktwo,turalyon,1858,monk,mistweaver,54,31,23
Sevenmonk,tichondrius,1857,monk,mistweaver,54,36,18
Tokol,tichondrius,1857,monk,mistweaver,168,90,78
Wpola,tichondrius,1856,monk,mistweaver,48,31,17
Keshir,sargeras,1856,monk,mistweaver,93,60,33
Esqu,sargeras,1856,monk,mistweaver,36,22,14
Cmonk,turalyon,1856,monk,mistweaver,40,24,16
Threefanandy,kelthuzad,1855,monk,mistweaver,36,23,13
Cbrewfeaver,malganis,1855,monk,mistweaver,54,31,23
Piilsburry,sargeras,1855,monk,mistweaver,48,26,22
Okchat,emerald-dream,1854,monk,mistweaver,155,94,61
Slunka,tichondrius,1854,monk,mistweaver,48,27,21
Chimme,skywall,1853,monk,mistweaver,48,31,17
Shad,frostmourne,1853,monk,mistweaver,102,58,44
Zdeg,tichondrius,1852,monk,mistweaver,51,28,23
Senseipwnda,stormrage,1851,monk,mistweaver,77,46,31
Velzarria,zuljin,1850,monk,mistweaver,48,32,16
Fluval,moon-guard,1850,monk,mistweaver,71,47,24
Celerein,illidan,1850,monk,mistweaver,112,60,52
Bootÿmagic,tichondrius,1849,monk,mistweaver,126,83,43
Damogen,spinebreaker,1849,monk,mistweaver,54,28,26
Zipmw,tichondrius,1848,monk,mistweaver,66,36,30
Proxy,ragnaros,1846,monk,mistweaver,46,31,15
Tonyboloney,tichondrius,1845,monk,mistweaver,42,25,17
Wizlee,tichondrius,1845,monk,mistweaver,60,34,26
Dampdampdamp,tichondrius,1844,monk,mistweaver,24,20,4
Fîstweave,emerald-dream,1844,monk,mistweaver,77,45,32
Yujiro,draktharon,1843,monk,mistweaver,36,23,13
Dwánesan,tichondrius,1843,monk,mistweaver,72,44,28
Crabfest,zuljin,1843,monk,mistweaver,60,35,25
Sniffinsteak,laughing-skull,1842,monk,mistweaver,36,29,7
Proventos,azralon,1842,monk,mistweaver,318,178,140
Xinergy,illidan,1840,monk,mistweaver,98,65,33
Stonemists,ragnaros,1840,monk,mistweaver,71,43,28
Fingies,whisperwind,1838,monk,mistweaver,60,36,24
Caffeinated,barthilas,1838,monk,mistweaver,274,135,139
Nabunaga,illidan,1837,monk,mistweaver,42,34,8
Hinåta,thrall,1837,monk,mistweaver,40,26,14
Baychiz,sargeras,1837,monk,mistweaver,42,25,17
Irraeine,malganis,1836,monk,mistweaver,48,31,17
Itspoils,illidan,1835,monk,mistweaver,73,53,20
Zuhakmw,tichondrius,1835,monk,mistweaver,130,60,70
Zarenki,tichondrius,1835,monk,mistweaver,73,33,40
Spacebar,ysondre,1834,monk,mistweaver,54,31,23
Blackoutmonk,stormreaver,1833,monk,mistweaver,131,80,51
Harkwind,azralon,1833,monk,mistweaver,187,108,79
Gogumamonk,tichondrius,1833,monk,mistweaver,48,24,24
Guarantee,tichondrius,1832,monk,mistweaver,182,102,80
Cmonkey,turalyon,1831,monk,mistweaver,48,31,17
Nilox,sargeras,1831,monk,mistweaver,138,72,66
Elesm,area-52,1831,monk,mistweaver,96,41,55
Aviee,illidan,1830,monk,mistweaver,180,83,97
Chonmist,darkspear,1829,monk,mistweaver,92,60,32
Drunkenfist,chogall,1829,monk,mistweaver,71,32,39
Itsbald,bleeding-hollow,1828,monk,mistweaver,54,35,19
Tirionx,area-52,1828,monk,mistweaver,215,125,90
Qxt,tichondrius,1828,monk,mistweaver,76,44,32
Jtea,malganis,1827,monk,mistweaver,29,20,9
Baoma,tichondrius,1827,monk,mistweaver,95,55,40
Monklike,illidan,1827,monk,mistweaver,60,30,30
Wigglygiggly,mannoroth,1826,monk,mistweaver,113,64,49
Macrobrewski,tichondrius,1825,monk,mistweaver,41,32,9
Youstop,stormrage,1825,monk,mistweaver,78,50,28
Jackouse,frostmourne,1824,monk,mistweaver,50,31,19
Hugdealer,warsong,1823,monk,mistweaver,80,47,33
Gtmdyjs,illidan,1822,monk,mistweaver,29,20,9
Jojostar,shadowsong,1822,monk,mistweaver,54,32,22
Zenchi,kelthuzad,1821,monk,mistweaver,36,26,10
Tazi,chromaggus,1821,monk,mistweaver,84,50,34
Mackiechan,kelthuzad,1821,monk,mistweaver,134,77,57
Voltio,frostmane,1820,monk,mistweaver,103,68,35
Chaddington,malorne,1820,monk,mistweaver,48,30,18
Barelroll,proudmoore,1819,monk,mistweaver,122,83,39
Monknutt,tichondrius,1819,monk,mistweaver,56,32,24
Ilovefrogs,stormrage,1819,monk,mistweaver,60,30,30
Malibrew,proudmoore,1817,monk,mistweaver,42,29,13
Deathsteel,emerald-dream,1817,monk,mistweaver,41,25,16
Fistinator,blackrock,1817,monk,mistweaver,120,71,49
Toxicbeans,tichondrius,1817,monk,mistweaver,100,58,42
Rektral,ragnaros,1817,monk,mistweaver,127,73,54
Oppsimop,frostmourne,1817,monk,mistweaver,102,55,47
Ándi,barthilas,1817,monk,mistweaver,53,28,25
Bubblepony,illidan,1817,monk,mistweaver,313,164,149
Chaihard,sargeras,1816,monk,mistweaver,45,25,20
Yobeel,tichondrius,1816,monk,mistweaver,54,23,31
Xhilong,quelthalas,1815,monk,mistweaver,48,28,20
Mð,vashj,1815,monk,mistweaver,229,119,110
Phunkymonkey,mannoroth,1814,monk,mistweaver,90,50,40
Miley,lethon,1812,monk,mistweaver,36,23,13
Intra,exodar,1812,monk,mistweaver,150,79,71
Takugava,illidan,1811,monk,mistweaver,90,62,28
Mistpump,tichondrius,1811,monk,mistweaver,48,26,22
Cangry,area-52,1809,monk,mistweaver,60,31,29
Epî,tichondrius,1809,monk,mistweaver,312,155,157
Phattea,thrall,1808,monk,mistweaver,48,31,17
Manggi,tichondrius,1808,monk,mistweaver,139,87,52
Jiskweaver,sargeras,1808,monk,mistweaver,36,22,14
Djkungfu,thrall,1808,monk,mistweaver,156,95,61
Enfold,stormrage,1808,monk,mistweaver,48,26,22
Yokuu,thunderlord,1808,monk,mistweaver,54,29,25
Jaja,kiljaeden,1807,monk,mistweaver,48,28,20
Abeldra,moon-guard,1807,monk,mistweaver,82,42,40
Sayflight,tichondrius,1807,monk,mistweaver,72,31,41
Itdreams,illidan,1806,monk,mistweaver,42,25,17
Taekwonscro,proudmoore,1806,monk,mistweaver,54,30,24
Timed,shuhalo,1806,monk,mistweaver,49,26,23
Shiinobi,area-52,1806,monk,mistweaver,140,74,66
Astrino,zuljin,1805,monk,mistweaver,42,29,13
Chimaekrush,tichondrius,1805,monk,mistweaver,36,24,12
Crispeel,tichondrius,1805,monk,mistweaver,54,33,21
Briàr,area-52,1805,monk,mistweaver,48,27,21
Strongmandan,twisting-nether,1805,monk,mistweaver,42,23,19
Onlyfansx,ragnaros,1805,monk,mistweaver,256,139,117
Cenfu,malganis,1805,monk,mistweaver,72,29,43
Imdabes,destromath,1804,monk,mistweaver,87,38,49
Vrieden,illidan,1804,monk,mistweaver,99,42,57
Zundor,ghostlands,1802,monk,mistweaver,32,25,7
Zenno,darkspear,1802,monk,mistweaver,51,31,20
Kungfoocious,tichondrius,1802,monk,mistweaver,57,33,24
Ojarax,bleeding-hollow,1802,monk,mistweaver,60,34,26
ßullsack,barthilas,1802,monk,mistweaver,108,57,51
Mixflo,bleeding-hollow,1802,monk,mistweaver,39,20,19
Wootzhu,zuljin,1802,monk,mistweaver,122,62,60
Séthrogèn,tichondrius,1801,monk,mistweaver,47,30,17
Mistweave,aerie-peak,1801,monk,mistweaver,54,34,20
Vanmonk,eonar,1801,monk,mistweaver,54,33,21
Squalicorax,area-52,1801,monk,mistweaver,47,24,23
Jiucho,dalaran,1800,monk,mistweaver,35,23,12
Exuperjun,emerald-dream,1800,monk,mistweaver,46,26,20
Mekawa,gurubashi,1799,monk,mistweaver,40,26,14
Tiptea,stormrage,1799,monk,mistweaver,42,23,19
Battlecruise,tichondrius,1798,monk,mistweaver,30,20,10
Femalejam,darkspear,1798,monk,mistweaver,66,40,26
Toonington,sargeras,1797,monk,mistweaver,57,39,18
Karatechawp,bleeding-hollow,1795,monk,mistweaver,58,41,17
Vamplyyz,kelthuzad,1794,monk,mistweaver,54,29,25
Swoleypoley,tichondrius,1794,monk,mistweaver,54,29,25
Cromulent,saurfang,1792,monk,mistweaver,134,70,64
Zukki,zuljin,1791,monk,mistweaver,166,87,79
Valhira,kiljaeden,1787,monk,mistweaver,78,45,33
Chadmw,illidan,1786,monk,mistweaver,36,28,8
Milkshayx,kiljaeden,1786,monk,mistweaver,30,19,11
Roypoker,illidan,1785,monk,mistweaver,48,34,14
Rexfiend,tichondrius,1782,monk,mistweaver,24,19,5
Triarcs,area-52,1781,monk,mistweaver,36,24,12
Hepp,stormrage,1781,monk,mistweaver,54,35,19
Ttvchickchau,tichondrius,1779,monk,mistweaver,125,75,50
Coomweaver,stormrage,1778,monk,mistweaver,42,22,20
Veejaex,stormreaver,1774,monk,mistweaver,33,24,9
Lgee,kelthuzad,1774,monk,mistweaver,30,19,11
Bickli,tichondrius,1774,monk,mistweaver,51,28,23
Qarmax,azralon,1772,monk,mistweaver,41,23,18
Turbokíll,proudmoore,1771,monk,mistweaver,42,26,16
Copula,illidan,1770,monk,mistweaver,296,150,146
Akkiraa,sargeras,1769,monk,mistweaver,36,23,13
Trackstarx,area-52,1767,monk,mistweaver,30,25,5
Daito,jubeithos,1767,monk,mistweaver,110,62,48
Cyrøwø,ragnaros,1765,monk,mistweaver,36,27,9
Iknwmyname,proudmoore,1764,monk,mistweaver,29,23,6
Iightning,dentarg,1762,monk,mistweaver,66,40,26
Jayvex,illidan,1762,monk,mistweaver,72,37,35
Dræmwalker,malygos,1761,monk,mistweaver,705,352,353
Beerflow,stormrage,1760,monk,mistweaver,118,61,57
Mikamonk,illidan,1755,monk,mistweaver,75,45,30
Monkeymonk,eonar,1755,monk,mistweaver,36,19,17
Rîce,burning-blade,1754,monk,mistweaver,42,29,13
Boomtac,moon-guard,1754,monk,mistweaver,92,55,37
Rokk,rivendare,1754,monk,mistweaver,78,44,34
Onecoolmonk,tichondrius,1753,monk,mistweaver,45,31,14
Grabbitz,kelthuzad,1751,monk,mistweaver,42,27,15
Vernki,laughing-skull,1751,monk,mistweaver,71,43,28
Bouncycheeks,frostmourne,1751,monk,mistweaver,90,50,40
Lovehate,zuljin,1751,monk,mistweaver,77,39,38
Spinharder,stormrage,1750,monk,mistweaver,65,38,27
Ensaymada,frostmourne,1750,monk,mistweaver,138,71,67
Callmekoldi,dalaran,1748,monk,mistweaver,93,52,41
Gamesuxlol,the-underbog,1747,monk,mistweaver,96,55,41
Tippity,stormrage,1746,monk,mistweaver,37,24,13
Gramazen,tichondrius,1746,monk,mistweaver,72,39,33
Bebuu,proudmoore,1744,monk,mistweaver,65,44,21
Grublord,stormrage,1744,monk,mistweaver,53,27,26
Mxf,tichondrius,1743,monk,mistweaver,36,23,13
Cystweaver,dalaran,1743,monk,mistweaver,71,45,26
Mistpowaz,stormrage,1742,monk,mistweaver,143,84,59
Baittor,proudmoore,1741,monk,mistweaver,56,36,20
Monkeyhealz,tichondrius,1741,monk,mistweaver,179,102,77
Tyforprecog,kelthuzad,1739,monk,mistweaver,54,33,21
Yepcocc,lightbringer,1739,monk,mistweaver,41,24,17
Bobbytheorc,tichondrius,1738,monk,mistweaver,35,21,14
Confa,ragnaros,1738,monk,mistweaver,202,92,110
Soö,tichondrius,1737,monk,mistweaver,48,25,23
Ichiros,cenarion-circle,1736,monk,mistweaver,310,175,135
Decompress,illidan,1734,monk,mistweaver,93,55,38
Antriai,icecrown,1734,monk,mistweaver,60,26,34
Sleeks,bonechewer,1733,monk,mistweaver,114,64,50
Pichau,zuljin,1732,monk,mistweaver,51,31,20
Ricearolli,area-52,1731,monk,mistweaver,36,26,10
Lasagnacàt,moon-guard,1731,monk,mistweaver,180,105,75
Gummycat,bonechewer,1729,monk,mistweaver,204,107,97
Fistofchanny,tichondrius,1725,monk,mistweaver,104,57,47
Ajizzaÿ,saurfang,1725,monk,mistweaver,92,46,46
Pp,icecrown,1724,monk,mistweaver,43,38,5
Flavier,illidan,1724,monk,mistweaver,48,25,23
Smoovhoov,kiljaeden,1723,monk,mistweaver,30,19,11
Supbro,hyjal,1723,monk,mistweaver,30,18,12
Smallboots,area-52,1722,monk,mistweaver,30,24,6
Steelcase,frostmourne,1722,monk,mistweaver,47,26,21
Igaku,windrunner,1721,monk,mistweaver,54,33,21
Kawali,thrall,1721,monk,mistweaver,96,53,43
Ðescubra,stormrage,1721,monk,mistweaver,80,44,36
Roogymw,emerald-dream,1720,monk,mistweaver,88,49,39
Moushindeiru,sargeras,1719,monk,mistweaver,42,35,7
Calvana,tichondrius,1719,monk,mistweaver,143,63,80
Sixesm,dalaran,1717,monk,mistweaver,48,25,23
Monkyou,area-52,1717,monk,mistweaver,54,26,28
Joonbug,moonrunner,1715,monk,mistweaver,83,47,36
Alexìn,sargeras,1712,monk,mistweaver,79,50,29
Inalambrico,quelthalas,1712,monk,mistweaver,36,22,14
Alphamist,thrall,1711,monk,mistweaver,30,18,12
Onepunçhman,stormreaver,1711,monk,mistweaver,232,128,104
Buhmonk,thrall,1710,monk,mistweaver,60,34,26
Noremaç,frostmourne,1709,monk,mistweaver,36,21,15
Gauche,arygos,1709,monk,mistweaver,168,88,80
Betasquadxd,bleeding-hollow,1707,monk,mistweaver,43,25,18
Gundamfish,tichondrius,1707,monk,mistweaver,42,22,20
Kharazim,skullcrusher,1707,monk,mistweaver,102,47,55
Meâghân,bladefist,1705,monk,mistweaver,27,19,8
Misthealz,black-dragonflight,1705,monk,mistweaver,89,57,32
Gnappyy,tichondrius,1705,monk,mistweaver,30,18,12
Knuqz,stormrage,1705,monk,mistweaver,36,18,18
Røllitup,illidan,1704,monk,mistweaver,54,34,20
Bouncymoo,frostmourne,1704,monk,mistweaver,30,18,12
Yamatoqt,frostmourne,1704,monk,mistweaver,60,35,25
Omihli,sargeras,1704,monk,mistweaver,48,28,20
Whaes,thrall,1704,monk,mistweaver,36,21,15
Bloodyxmonk,firetree,1704,monk,mistweaver,55,31,24
Spot,kelthuzad,1704,monk,mistweaver,48,24,24
Kynalla,thunderlord,1703,monk,mistweaver,30,18,12
Lilsloptop,moon-guard,1701,monk,mistweaver,155,95,60
Monjimen,ragnaros,1701,monk,mistweaver,323,169,154
Sparksgamer,ragnaros,1701,monk,mistweaver,36,18,18
Badonkadonk,kiljaeden,1701,monk,mistweaver,66,27,39
Hansul,tichondrius,1700,monk,mistweaver,83,38,45
Starçandy,tichondrius,1699,monk,mistweaver,120,62,58
Snuggubae,moon-guard,1698,monk,mistweaver,138,71,67
Ellesig,ragnaros,1698,monk,mistweaver,214,110,104
Zilph,malganis,1697,monk,mistweaver,36,22,14
Suppfastlol,nemesis,1697,monk,mistweaver,54,30,24
Mexii,hellscream,1697,monk,mistweaver,247,119,128
Krömbopulos,magtheridon,1696,monk,mistweaver,36,24,12
Donnieyen,area-52,1696,monk,mistweaver,60,33,27
Rizzdriver,moon-guard,1694,monk,mistweaver,60,37,23
Zawlp,sargeras,1693,monk,mistweaver,62,37,25
Kênpächi,rexxar,1693,monk,mistweaver,39,21,18
Gellindra,malganis,1692,monk,mistweaver,30,22,8
Jaige,illidan,1692,monk,mistweaver,30,18,12
Greenstar,bleeding-hollow,1692,monk,mistweaver,181,97,84
Florla,illidan,1692,monk,mistweaver,46,24,22
Anandamayi,emerald-dream,1691,monk,mistweaver,48,27,21
Linsey,frostmourne,1691,monk,mistweaver,36,20,16
Jiubak,dalaran,1691,monk,mistweaver,48,26,22
Suntzulml,quelthalas,1691,monk,mistweaver,118,62,56
Teewin,area-52,1690,monk,mistweaver,89,61,28
Mariabaraks,darkspear,1690,monk,mistweaver,102,56,46
Greenbrews,area-52,1690,monk,mistweaver,192,100,92
Mymissteak,darkspear,1689,monk,mistweaver,85,54,31
Gujunpyó,sargeras,1688,monk,mistweaver,78,48,30
Hyori,saurfang,1688,monk,mistweaver,42,23,19
Integrity,durotan,1688,monk,mistweaver,196,103,93
Goldenfoot,tichondrius,1687,monk,mistweaver,110,59,51
Bromonster,zuljin,1687,monk,mistweaver,36,18,18
Cohenn,tichondrius,1686,monk,mistweaver,24,18,6
Botweaver,proudmoore,1686,monk,mistweaver,80,45,35
Spencere,hyjal,1686,monk,mistweaver,84,44,40
Unclety,tichondrius,1685,monk,mistweaver,42,24,18
Alternatives,sargeras,1684,monk,mistweaver,24,18,6
Ropturttlê,tichondrius,1684,monk,mistweaver,36,24,12
Tazermw,sargeras,1684,monk,mistweaver,68,41,27
Hogarg,emerald-dream,1684,monk,mistweaver,36,21,15
Doomstroller,aegwynn,1684,monk,mistweaver,177,91,86
Versachi,stormreaver,1683,monk,mistweaver,111,62,49
Cherep,kiljaeden,1683,monk,mistweaver,99,53,46
Vïolët,moon-guard,1682,monk,mistweaver,213,124,89
Aráshicage,malganis,1681,monk,mistweaver,48,29,19
Monke,onyxia,1681,monk,mistweaver,48,27,21
Yeji,altar-of-storms,1681,monk,mistweaver,115,54,61
Fisetèrr,kelthuzad,1680,monk,mistweaver,59,35,24
Motogp,tichondrius,1680,monk,mistweaver,128,61,67
Dwãrf,tichondrius,1678,monk,mistweaver,36,25,11
Thraging,sargeras,1678,monk,mistweaver,54,29,25
Jinker,malganis,1677,monk,mistweaver,36,24,12
Zeroskil,thrall,1677,monk,mistweaver,51,28,23
Noneedlokita,illidan,1676,monk,mistweaver,30,22,8
Seokdenam,tichondrius,1676,monk,mistweaver,93,52,41
Maicuta,thrall,1675,monk,mistweaver,42,26,16
Zenox,rexxar,1675,monk,mistweaver,90,46,44
Xblingtron,malganis,1675,monk,mistweaver,59,24,35
Brewy,bloodhoof,1674,monk,mistweaver,24,19,5
Phlexz,jubeithos,1674,monk,mistweaver,30,22,8
Drunkentoker,illidan,1673,monk,mistweaver,48,26,22
Tezcatyo,malganis,1671,monk,mistweaver,54,32,22
Stonymcblaze,malganis,1671,monk,mistweaver,48,28,20
Djuice,tichondrius,1670,monk,mistweaver,42,25,17
Fisticufs,bleeding-hollow,1670,monk,mistweaver,42,23,19
Phtarded,stormreaver,1670,monk,mistweaver,140,70,70
Quitschi,tichondrius,1669,monk,mistweaver,42,26,16
Yulfee,kelthuzad,1669,monk,mistweaver,39,22,17
Alekun,quelthalas,1669,monk,mistweaver,146,75,71
Mistastep,tichondrius,1668,monk,mistweaver,121,63,58
Ïtächï,illidan,1668,monk,mistweaver,66,27,39
Tweiliax,tichondrius,1667,monk,mistweaver,34,19,15
Loudpäck,dalaran,1666,monk,mistweaver,41,26,15
Nahr,tichondrius,1666,monk,mistweaver,39,22,17
Nugskis,dalaran,1666,monk,mistweaver,263,135,128
Twoshero,tichondrius,1665,monk,mistweaver,34,22,12
Mememories,tichondrius,1665,monk,mistweaver,74,46,28
Crypslegacy,tichondrius,1664,monk,mistweaver,162,85,77
Winfred,bleeding-hollow,1663,monk,mistweaver,54,36,18
Jamerino,jubeithos,1663,monk,mistweaver,96,62,34
Blasê,frostmourne,1662,monk,mistweaver,36,22,14
Mistweaverxo,malganis,1662,monk,mistweaver,116,65,51
Zuen,ragnaros,1662,monk,mistweaver,200,101,99
Vynchi,area-52,1661,monk,mistweaver,53,38,15
Gomon,terenas,1661,monk,mistweaver,29,20,9
Èmacs,barthilas,1661,monk,mistweaver,35,24,11
Coldridge,bleeding-hollow,1661,monk,mistweaver,42,20,22
Jeskâi,tichondrius,1660,monk,mistweaver,45,26,19
Chessyx,ragnaros,1660,monk,mistweaver,42,20,22
Rectus,proudmoore,1659,monk,mistweaver,30,22,8
Dupaweaver,stormrage,1659,monk,mistweaver,59,26,33
Cheetosnmilk,malganis,1658,monk,mistweaver,35,20,15
Damndaniel,hyjal,1658,monk,mistweaver,106,53,53
Serikko,frostmourne,1657,monk,mistweaver,44,26,18
Carlyjepsen,shadowmoon,1657,monk,mistweaver,85,45,40
Sóntix,sargeras,1656,monk,mistweaver,71,38,33
Cööked,illidan,1656,monk,mistweaver,63,33,30
Greenrice,thrall,1655,monk,mistweaver,52,33,19
Velenious,tichondrius,1655,monk,mistweaver,113,68,45
Alocxo,drakkari,1654,monk,mistweaver,34,24,10
Moonhealsyou,moon-guard,1653,monk,mistweaver,88,55,33
Zachxd,onyxia,1653,monk,mistweaver,42,26,16
Groundways,sargeras,1653,monk,mistweaver,65,31,34
Lýøp,illidan,1652,monk,mistweaver,36,22,14
Raígon,ragnaros,1652,monk,mistweaver,36,20,16
Tonytornado,proudmoore,1651,monk,mistweaver,84,40,44
Lartridia,malganis,1650,monk,mistweaver,45,27,18
Udderpunch,barthilas,1650,monk,mistweaver,53,30,23
Toastsmonk,tichondrius,1649,monk,mistweaver,38,24,14
Immamonkey,tichondrius,1649,monk,mistweaver,176,103,73
Rexzilla,tichondrius,1648,monk,mistweaver,36,25,11
Ccop,kelthuzad,1647,monk,mistweaver,36,25,11
Notblakexo,tichondrius,1647,monk,mistweaver,35,19,16
Bradyfour,moon-guard,1645,monk,mistweaver,95,53,42
Ashamah,bleeding-hollow,1644,monk,mistweaver,30,22,8
Dryungpwnz,zuljin,1644,monk,mistweaver,202,116,86
Miillkz,zuljin,1644,monk,mistweaver,47,25,22
Ahnlev,ragnaros,1643,monk,mistweaver,116,66,50
Ææøææôææôææô,illidan,1642,monk,mistweaver,138,88,50
Swiftm,thrall,1641,monk,mistweaver,237,136,101
Tenoseven,area-52,1640,monk,mistweaver,21,19,2
Centalink,barthilas,1640,monk,mistweaver,56,38,18
Rhorkfist,frostmourne,1640,monk,mistweaver,43,23,20
Djux,zuljin,1639,monk,mistweaver,30,20,10
Senseii,dathremar,1639,monk,mistweaver,66,43,23
Brewjitsu,tichondrius,1639,monk,mistweaver,42,23,19
Rañga,caelestrasz,1638,monk,mistweaver,77,45,32
Pandaiax,area-52,1638,monk,mistweaver,65,36,29
Grizzm,sargeras,1637,monk,mistweaver,78,48,30
Genjen,bleeding-hollow,1637,monk,mistweaver,46,26,20
Liké,tichondrius,1636,monk,mistweaver,54,32,22
Paralee,tichondrius,1635,monk,mistweaver,48,34,14
Ropgobbler,muradin,1634,monk,mistweaver,30,18,12
Sixsticks,tichondrius,1633,monk,mistweaver,70,37,33
Ermac,kiljaeden,1632,monk,mistweaver,47,32,15
Minaffection,tichondrius,1632,monk,mistweaver,36,19,17
Avm,azralon,1632,monk,mistweaver,60,31,29
Fatnugly,sargeras,1631,monk,mistweaver,44,29,15
Mêlon,tichondrius,1630,monk,mistweaver,24,17,7
Dragonwhirl,stormrage,1630,monk,mistweaver,95,54,41
Cranekicks,moon-guard,1630,monk,mistweaver,269,148,121
Ludan,eredar,1629,monk,mistweaver,160,85,75
Místme,tichondrius,1629,monk,mistweaver,78,41,37
Tuesdây,wyrmrest-accord,1628,monk,mistweaver,30,20,10
Raymond,malganis,1628,monk,mistweaver,46,29,17
Baldbutcute,darkspear,1627,monk,mistweaver,28,19,9
Iovegõd,tichondrius,1627,monk,mistweaver,72,47,25
Avãrîce,stormrage,1626,monk,mistweaver,24,17,7
Cryptmist,frostmourne,1626,monk,mistweaver,48,32,16
Wittymonk,illidan,1625,monk,mistweaver,99,57,42
Bodhisattvax,bleeding-hollow,1625,monk,mistweaver,42,24,18
Zlatan,thaurissan,1625,monk,mistweaver,30,17,13
Innerchii,tichondrius,1624,monk,mistweaver,24,17,7
Snoodle,korgath,1624,monk,mistweaver,132,76,56
Dirtyde,sargeras,1624,monk,mistweaver,181,87,94
Fistergand,frostwolf,1623,monk,mistweaver,37,30,7
Starryysky,illidan,1623,monk,mistweaver,48,32,16
Lickthefist,sargeras,1623,monk,mistweaver,30,20,10
Röshi,kelthuzad,1623,monk,mistweaver,54,35,19
Zhíu,ragnaros,1623,monk,mistweaver,54,33,21
Liteup,korgath,1623,monk,mistweaver,102,62,40
Nicotinetap,tichondrius,1623,monk,mistweaver,30,18,12
Kaylux,stormrage,1623,monk,mistweaver,30,17,13
Swuseng,tichondrius,1622,monk,mistweaver,48,26,22
Ywingtsuan,frostmourne,1622,monk,mistweaver,41,21,20
Diobrando,illidan,1621,monk,mistweaver,63,40,23
Valian,tichondrius,1621,monk,mistweaver,42,22,20
Gabaan,azralon,1620,monk,mistweaver,30,17,13
Monkwalker,tichondrius,1620,monk,mistweaver,66,35,31
Swolington,proudmoore,1619,monk,mistweaver,41,26,15
Intertwine,frostmourne,1619,monk,mistweaver,30,17,13
Avz,azralon,1618,monk,mistweaver,30,21,9
Tamonger,stormrage,1618,monk,mistweaver,200,109,91
Metakillër,ragnaros,1618,monk,mistweaver,98,53,45
Kelstrike,sargeras,1617,monk,mistweaver,24,17,7
Stormpounder,proudmoore,1616,monk,mistweaver,60,40,20
Fistwrapped,bleeding-hollow,1616,monk,mistweaver,30,20,10
Locusta,tichondrius,1616,monk,mistweaver,30,19,11
Drinkkin,bleeding-hollow,1616,monk,mistweaver,114,68,46
Mwgodqtxtko,nazjatar,1616,monk,mistweaver,54,32,22
Sebsws,proudmoore,1616,monk,mistweaver,100,59,41
Nekzí,sargeras,1615,monk,mistweaver,30,20,10
Bréwmaster,stormrage,1615,monk,mistweaver,36,17,19
Mukboo,tichondrius,1615,monk,mistweaver,36,17,19
Kungfuturdle,tichondrius,1614,monk,mistweaver,101,58,43
Xtacie,sargeras,1614,monk,mistweaver,66,30,36
Furyjames,quelthalas,1614,monk,mistweaver,97,43,54
Keiirah,zuluhed,1614,monk,mistweaver,60,24,36
Greenvan,tichondrius,1613,monk,mistweaver,24,17,7
Pacee,deathwing,1613,monk,mistweaver,24,17,7
Kûshi,stormrage,1613,monk,mistweaver,35,23,12
Kendro,trollbane,1613,monk,mistweaver,59,38,21
Somebodym,illidan,1613,monk,mistweaver,36,22,14
Yunmen,blades-edge,1613,monk,mistweaver,113,61,52
Craziediemon,malganis,1612,monk,mistweaver,38,23,15
Qords,tichondrius,1612,monk,mistweaver,148,77,71
Musedz,barthilas,1612,monk,mistweaver,60,23,37
Braindi,arathor,1611,monk,mistweaver,54,30,24
Dlysezzic,tichondrius,1611,monk,mistweaver,98,54,44
Prisonike,bleeding-hollow,1610,monk,mistweaver,60,36,24
Sudury,tichondrius,1610,monk,mistweaver,96,55,41
Pingpang,stormreaver,1610,monk,mistweaver,81,46,35
Korata,frostwolf,1610,monk,mistweaver,42,23,19
Healzpapi,tichondrius,1609,monk,mistweaver,214,117,97
Samzo,barthilas,1609,monk,mistweaver,45,24,21
Hîbîscus,illidan,1609,monk,mistweaver,32,17,15
Lazura,tichondrius,1609,monk,mistweaver,65,33,32
Planetariumz,bleeding-hollow,1608,monk,mistweaver,320,168,152
Revivalol,dragonmaw,1608,monk,mistweaver,77,40,37
Mîstchievous,sargeras,1607,monk,mistweaver,28,21,7
Jadestørmz,illidan,1607,monk,mistweaver,30,20,10
Azahri,sargeras,1607,monk,mistweaver,46,29,17
Gooncave,stormrage,1607,monk,mistweaver,64,29,35
Santiaguiño,ragnaros,1607,monk,mistweaver,71,27,44
Tubby,eredar,1606,monk,mistweaver,36,22,14
Mýthik,hyjal,1606,monk,mistweaver,66,37,29
Gooseoba,tichondrius,1605,monk,mistweaver,24,18,6
Slipperybobs,tichondrius,1605,monk,mistweaver,71,46,25
Tarkir,quelthalas,1605,monk,mistweaver,89,55,34
Bossmonk,tichondrius,1605,monk,mistweaver,122,68,54
Tamingpanda,wildhammer,1605,monk,mistweaver,60,33,27
Eppsmonk,tichondrius,1604,monk,mistweaver,30,18,12
Oblivion,wildhammer,1604,monk,mistweaver,61,36,25
Xtramist,tichondrius,1604,monk,mistweaver,30,17,13
Gnetic,nemesis,1604,monk,mistweaver,86,46,40
Oochi,illidan,1604,monk,mistweaver,60,31,29
Goochtickles,bleeding-hollow,1602,monk,mistweaver,128,79,49
Gess,stormscale,1602,monk,mistweaver,108,54,54
Docpalpatine,tichondrius,1602,monk,mistweaver,36,17,19
Xuenws,tichondrius,1602,monk,mistweaver,84,36,48
Bowstâff,lightbringer,1601,monk,mistweaver,36,22,14
Manicata,tichondrius,1601,monk,mistweaver,160,95,65
Zeroxe,area-52,1600,monk,mistweaver,42,30,12
Bobbybiz,bleeding-hollow,1600,monk,mistweaver,134,77,57
Manchu,stormrage,1599,monk,mistweaver,30,18,12
Ramisan,barthilas,1598,monk,mistweaver,53,32,21
Swiixm,frostmourne,1596,monk,mistweaver,58,34,24
Snoozzy,kelthuzad,1596,monk,mistweaver,42,21,21
Solusek,korgath,1595,monk,mistweaver,30,23,7
Monkney,tichondrius,1595,monk,mistweaver,72,48,24
Whoonmonk,tichondrius,1595,monk,mistweaver,63,38,25
Lightskinmon,area-52,1595,monk,mistweaver,42,23,19
Cisneros,doomhammer,1590,monk,mistweaver,249,135,114
Onees,tichondrius,1590,monk,mistweaver,99,49,50
Merkey,tichondrius,1588,monk,mistweaver,66,35,31
Brosiedon,sargeras,1588,monk,mistweaver,148,71,77
Coralys,sargeras,1587,monk,mistweaver,42,36,6
Toastage,tichondrius,1587,monk,mistweaver,48,28,20
Songwei,barthilas,1587,monk,mistweaver,89,50,39
Rileyreidfan,azjolnerub,1586,monk,mistweaver,30,21,9
Neonep,stormrage,1586,monk,mistweaver,130,72,58
Tharja,bonechewer,1585,monk,mistweaver,44,27,17
Kwoon,hyjal,1585,monk,mistweaver,52,30,22
Luvdeluxe,skullcrusher,1585,monk,mistweaver,67,32,35
Musachi,barthilas,1582,monk,mistweaver,84,41,43
Patfu,area-52,1581,monk,mistweaver,29,17,12
Zoltwo,sargeras,1581,monk,mistweaver,78,45,33
Adop,dark-iron,1581,monk,mistweaver,84,46,38
Josciel,ragnaros,1581,monk,mistweaver,499,253,246
Pandacottoca,azralon,1578,monk,mistweaver,36,20,16
Mistysweep,sargeras,1578,monk,mistweaver,79,41,38
Waataafaak,malganis,1578,monk,mistweaver,92,47,45
Victuskk,tichondrius,1577,monk,mistweaver,67,45,22
Pumakicks,tichondrius,1576,monk,mistweaver,70,37,33
Lozza,jubeithos,1574,monk,mistweaver,54,32,22
Xhangtu,thrall,1574,monk,mistweaver,130,74,56
Masamunes,thrall,1573,monk,mistweaver,44,33,11
Chevvyy,azshara,1573,monk,mistweaver,36,18,18
Beboté,quelthalas,1573,monk,mistweaver,205,97,108
Drama,tichondrius,1572,monk,mistweaver,38,25,13
Sodamint,sargeras,1572,monk,mistweaver,48,23,25
Slothman,nagrand,1571,monk,mistweaver,84,50,34
Buffmonkdmg,tichondrius,1571,monk,mistweaver,90,48,42
Rakia,moon-guard,1571,monk,mistweaver,207,103,104
Ckqt,stormrage,1569,monk,mistweaver,41,23,18
Boneykicks,tichondrius,1569,monk,mistweaver,42,21,21
Treessome,tichondrius,1567,monk,mistweaver,29,20,9
Chiang,chogall,1566,monk,mistweaver,41,30,11
Ghðst,ragnaros,1566,monk,mistweaver,36,20,16
Mvqws,tichondrius,1564,monk,mistweaver,32,24,8
Bebess,moon-guard,1564,monk,mistweaver,51,28,23
Eatmykïtty,dalaran,1563,monk,mistweaver,36,23,13
Frogsarecool,stormrage,1563,monk,mistweaver,40,20,20
Zkingmonk,stormrage,1563,monk,mistweaver,48,20,28
Hatsu,madoran,1562,monk,mistweaver,155,79,76
Muzzen,fizzcrank,1562,monk,mistweaver,40,20,20
Tiduskies,crushridge,1562,monk,mistweaver,54,25,29
Fistuhcuffs,sargeras,1561,monk,mistweaver,87,49,38
Wide,scarlet-crusade,1560,monk,mistweaver,30,17,13
Spaazz,tichondrius,1559,monk,mistweaver,83,53,30
Todnerey,sargeras,1558,monk,mistweaver,29,23,6
Muzzye,frostmourne,1558,monk,mistweaver,250,142,108
Buoymoose,bleeding-hollow,1557,monk,mistweaver,53,35,18
Bunnygal,thaurissan,1557,monk,mistweaver,143,73,70
Bobthedrag,illidan,1555,monk,mistweaver,147,79,68
Pappaya,tichondrius,1554,monk,mistweaver,30,20,10
Aramonk,tichondrius,1554,monk,mistweaver,64,37,27
Jackphan,azralon,1553,monk,mistweaver,106,61,45
Lonebamboo,tichondrius,1553,monk,mistweaver,56,28,28
Zerker,nagrand,1552,monk,mistweaver,61,29,32
Nelly,grizzly-hills,1552,monk,mistweaver,36,17,19
Zugroi,frostmourne,1551,monk,mistweaver,30,25,5
Ekèl,tichondrius,1551,monk,mistweaver,107,57,50
Dedracula,quelthalas,1550,monk,mistweaver,51,37,14
Nailtech,tichondrius,1550,monk,mistweaver,66,37,29
Sabersatin,sargeras,1550,monk,mistweaver,42,21,21
Statue,cenarius,1549,monk,mistweaver,29,17,12
Hunkymonky,thrall,1549,monk,mistweaver,81,44,37
Kungfused,frostmourne,1549,monk,mistweaver,54,28,26
Frenchfries,dragonmaw,1547,monk,mistweaver,72,34,38
Krob,bleeding-hollow,1544,monk,mistweaver,33,17,16
Chopschtichs,kiljaeden,1543,monk,mistweaver,41,24,17
Haiyà,malganis,1542,monk,mistweaver,30,17,13
Bruceki,bleeding-hollow,1540,monk,mistweaver,47,26,21
Omii,darkspear,1540,monk,mistweaver,34,17,17
Miniswag,arthas,1540,monk,mistweaver,42,18,24
Notfw,tichondrius,1540,monk,mistweaver,64,27,37
Hiiyaa,tichondrius,1537,monk,mistweaver,110,56,54
Bøkky,frostmourne,1536,monk,mistweaver,108,64,44
Scrapfu,proudmoore,1536,monk,mistweaver,83,44,39
Roloyolo,illidan,1536,monk,mistweaver,52,19,33
Babychi,frostmourne,1535,monk,mistweaver,91,49,42
Chavbrew,stormrage,1535,monk,mistweaver,65,34,31
Squaanched,emerald-dream,1535,monk,mistweaver,48,17,31
Forgèt,kelthuzad,1534,monk,mistweaver,30,16,14
Keileas,moon-guard,1534,monk,mistweaver,94,43,51
Garg,malganis,1532,monk,mistweaver,24,16,8
Austinm,tichondrius,1532,monk,mistweaver,24,16,8
Fehthermane,area-52,1531,monk,mistweaver,82,51,31
Kungpaofish,tichondrius,1531,monk,mistweaver,30,16,14
Jugies,emerald-dream,1530,monk,mistweaver,60,37,23
Ghorb,boulderfist,1530,monk,mistweaver,99,54,45
Brucechez,tichondrius,1529,monk,mistweaver,24,16,8
Chiban,misha,1529,monk,mistweaver,30,18,12
Monkgyfatso,tichondrius,1528,monk,mistweaver,21,18,3
Banterx,sargeras,1528,monk,mistweaver,79,39,40
Carzo,area-52,1527,monk,mistweaver,38,23,15
Turbofist,bleeding-hollow,1526,monk,mistweaver,35,17,18
Lépøissøn,tichondrius,1525,monk,mistweaver,30,16,14
Atsugin,khazgoroth,1525,monk,mistweaver,36,16,20
Fister,garithos,1524,monk,mistweaver,70,46,24
Rockemsockem,gorefiend,1524,monk,mistweaver,72,41,31
Mistohh,kiljaeden,1522,monk,mistweaver,24,16,8
Marsha,tichondrius,1522,monk,mistweaver,72,31,41
Jitsu,frostmane,1521,monk,mistweaver,105,64,41
Yuï,bleeding-hollow,1519,monk,mistweaver,24,16,8
Kiqz,stormrage,1519,monk,mistweaver,30,16,14
Jlowbob,tichondrius,1519,monk,mistweaver,78,40,38
Yurm,moon-guard,1518,monk,mistweaver,54,38,16
Brewswayne,argent-dawn,1518,monk,mistweaver,36,23,13
Hoofweaver,proudmoore,1518,monk,mistweaver,42,16,26
Aledal,agamaggan,1517,monk,mistweaver,66,41,25
Ophibrew,zuljin,1516,monk,mistweaver,30,16,14
Pimpolhona,nemesis,1516,monk,mistweaver,102,54,48
Romdansik,tichondrius,1515,monk,mistweaver,136,73,63
Lørðjimmy,sargeras,1513,monk,mistweaver,30,22,8
Soothinn,tichondrius,1513,monk,mistweaver,54,37,17
Bussyweaver,sargeras,1513,monk,mistweaver,123,74,49
Tirêd,sargeras,1513,monk,mistweaver,102,55,47
Xenitate,bleeding-hollow,1513,monk,mistweaver,36,19,17
Chelada,sargeras,1513,monk,mistweaver,48,22,26
Sorowblade,lothar,1512,monk,mistweaver,56,35,21
Themonkfunk,bleeding-hollow,1511,monk,mistweaver,36,25,11
Wildfists,tichondrius,1511,monk,mistweaver,705,351,354
Caliroll,gorefiend,1511,monk,mistweaver,42,20,22
Lariv,bleeding-hollow,1510,monk,mistweaver,67,35,32
Äncient,quelthalas,1509,monk,mistweaver,89,56,33
Aristea,emerald-dream,1509,monk,mistweaver,30,16,14
Zettelkasten,tichondrius,1508,monk,mistweaver,42,18,24
Oakleet,bleeding-hollow,1507,monk,mistweaver,48,27,21
Ghim,frostmourne,1507,monk,mistweaver,85,36,49
Greenpigo,tichondrius,1504,monk,mistweaver,18,17,1
Närza,kelthuzad,1504,monk,mistweaver,54,30,24
Hazelbazel,bleeding-hollow,1502,monk,mistweaver,42,27,15
Brewmanchew,frostmourne,1502,monk,mistweaver,96,55,41
Jerumay,tichondrius,1502,monk,mistweaver,52,29,23
Axellrod,tichondrius,1500,monk,mistweaver,60,38,22
Dareelyst,arygos,1500,monk,mistweaver,42,17,25
Xomonik,borean-tundra,1499,monk,mistweaver,66,39,27
Ferrarí,quelthalas,1499,monk,mistweaver,281,153,128
Lekrosa,thrall,1499,monk,mistweaver,71,38,33
Vohdka,malganis,1497,monk,mistweaver,103,61,42
Grimaku,tichondrius,1497,monk,mistweaver,45,20,25
Fissg,frostmourne,1496,monk,mistweaver,30,17,13
Märthä,azralon,1496,monk,mistweaver,143,74,69
Tinypunch,emerald-dream,1496,monk,mistweaver,72,34,38
Fidgetspinna,zuljin,1493,monk,mistweaver,44,21,23
Hoggs,sargeras,1492,monk,mistweaver,181,105,76
Seung,duskwood,1492,monk,mistweaver,255,121,134
Juchiyosamu,illidan,1491,monk,mistweaver,27,16,11
Caellum,quelthalas,1490,monk,mistweaver,41,27,14
Thors,gorgonnash,1488,monk,mistweaver,54,35,19
Abdoolah,illidan,1488,monk,mistweaver,140,73,67
Fistnanweavn,dawnbringer,1488,monk,mistweaver,132,62,70
Slashsmack,caelestrasz,1487,monk,mistweaver,54,26,28
Conormonk,tichondrius,1486,monk,mistweaver,24,18,6
Warzsong,azralon,1486,monk,mistweaver,54,33,21
Saeloon,frostmourne,1486,monk,mistweaver,77,36,41
Buddhabud,sargeras,1485,monk,mistweaver,54,28,26
Hymasterlol,tichondrius,1485,monk,mistweaver,42,20,22
Wohrfnok,illidan,1484,monk,mistweaver,30,20,10
Grandpå,tichondrius,1484,monk,mistweaver,42,23,19
Swiftyboi,tichondrius,1483,monk,mistweaver,132,64,68
Anagark,barthilas,1482,monk,mistweaver,30,21,9
Barnåcle,darkspear,1482,monk,mistweaver,60,37,23
Gsv,sargeras,1482,monk,mistweaver,138,80,58
Pagtuk,daggerspine,1482,monk,mistweaver,60,28,32
Pcyesh,nemesis,1481,monk,mistweaver,80,43,37
Jinjunxi,tichondrius,1480,monk,mistweaver,60,35,25
Âfrika,ysondre,1480,monk,mistweaver,65,31,34
Clipping,tichondrius,1478,monk,mistweaver,48,29,19
Monkybidness,tichondrius,1478,monk,mistweaver,51,24,27
Talented,azuremyst,1477,monk,mistweaver,63,41,22
Bastilaqt,korgath,1477,monk,mistweaver,157,83,74
Monkpowaz,stormrage,1476,monk,mistweaver,42,26,16
Popchi,stormrage,1475,monk,mistweaver,48,18,30
Zarma,stormrage,1474,monk,mistweaver,82,46,36
Bruceteå,area-52,1473,monk,mistweaver,29,19,10
Mòñk,shattered-halls,1473,monk,mistweaver,42,26,16
Missweaver,sargeras,1473,monk,mistweaver,62,31,31
Wheygodx,lothar,1471,monk,mistweaver,42,28,14
Willowa,frostmourne,1470,monk,mistweaver,50,30,20
Fisthealz,area-52,1469,monk,mistweaver,30,22,8
Rockcalm,malganis,1468,monk,mistweaver,62,28,34
Tuss,tichondrius,1468,monk,mistweaver,76,31,45
Dovhug,draenor,1465,monk,mistweaver,66,30,36
Gotmonk,aggramar,1464,monk,mistweaver,30,19,11
Mustaf,stormrage,1462,monk,mistweaver,132,67,65
Iamamonk,kelthuzad,1461,monk,mistweaver,26,20,6
Topnotch,malganis,1460,monk,mistweaver,66,38,28
Odindad,tichondrius,1460,monk,mistweaver,108,57,51
Glad,stormscale,1460,monk,mistweaver,300,158,142
Himah,area-52,1460,monk,mistweaver,36,16,20
Gnomepuncher,dalaran,1459,monk,mistweaver,48,25,23
Iluvthugnmcz,sargeras,1459,monk,mistweaver,112,58,54
Fistea,frostmourne,1459,monk,mistweaver,51,24,27
Kazov,proudmoore,1458,monk,mistweaver,178,92,86
Hitaru,azralon,1457,monk,mistweaver,64,39,25
Çät,frostmourne,1457,monk,mistweaver,38,22,16
Guïnness,tichondrius,1455,monk,mistweaver,30,18,12
Telospateo,ragnaros,1454,monk,mistweaver,66,37,29
Americå,zuljin,1453,monk,mistweaver,60,39,21
Saulgóòdman,tichondrius,1453,monk,mistweaver,42,18,24
Fairyeflora,wyrmrest-accord,1452,monk,mistweaver,48,31,17
Rosellina,kelthuzad,1451,monk,mistweaver,38,23,15
Baee,cairne,1451,monk,mistweaver,43,17,26
Pomonk,nazjatar,1450,monk,mistweaver,69,45,24
Endér,tichondrius,1450,monk,mistweaver,157,82,75
Jeolmyung,tichondrius,1450,monk,mistweaver,33,17,16
Xtrememisty,frostmourne,1449,monk,mistweaver,66,35,31
Docwang,malganis,1448,monk,mistweaver,48,33,15
Hadryan,proudmoore,1448,monk,mistweaver,160,83,77
Bresmeatfore,barthilas,1446,monk,mistweaver,54,33,21
Lidela,sargeras,1445,monk,mistweaver,52,27,25
Göat,emerald-dream,1445,monk,mistweaver,45,22,23
Showshoway,tichondrius,1444,monk,mistweaver,223,105,118
Damemasduro,ragnaros,1442,monk,mistweaver,460,225,235
Meshugah,quelthalas,1441,monk,mistweaver,124,59,65
Sangthos,darkspear,1441,monk,mistweaver,150,66,84
Nerf,malganis,1438,monk,mistweaver,24,15,9
Chignar,dathremar,1438,monk,mistweaver,24,15,9
Elcidx,tichondrius,1438,monk,mistweaver,24,15,9
Kariwanji,tichondrius,1438,monk,mistweaver,305,155,150
Bigs,duskwood,1438,monk,mistweaver,35,15,20
Taekwondope,antonidas,1437,monk,mistweaver,25,16,9
Kaelastra,stormrage,1437,monk,mistweaver,114,62,52
Nijl,sargeras,1436,monk,mistweaver,18,15,3
Pinkgucci,thrall,1436,monk,mistweaver,65,27,38
Bengotitboi,magtheridon,1435,monk,mistweaver,24,15,9
Outhume,eredar,1435,monk,mistweaver,30,15,15
Themys,zuljin,1434,monk,mistweaver,30,19,11
Dhomonk,rexxar,1434,monk,mistweaver,29,17,12
Benex,tichondrius,1434,monk,mistweaver,35,19,16
Monktor,dalaran,1433,monk,mistweaver,78,41,37
Fartknocker,magtheridon,1433,monk,mistweaver,30,15,15
Safiel,proudmoore,1433,monk,mistweaver,118,51,67
Softer,frostmane,1432,monk,mistweaver,24,15,9
Mungka,tichondrius,1432,monk,mistweaver,94,47,47
Gotosleepkid,dalaran,1432,monk,mistweaver,50,25,25
Phatcheeks,aegwynn,1431,monk,mistweaver,78,44,34
Anxin,tichondrius,1431,monk,mistweaver,30,15,15
Nelda,gorgonnash,1430,monk,mistweaver,78,46,32
Kemmy,ravencrest,1429,monk,mistweaver,37,21,16
Dharma,khaz-modan,1428,monk,mistweaver,54,28,26
Fuqame,kiljaeden,1428,monk,mistweaver,42,19,23
Titanus,chogall,1427,monk,mistweaver,48,26,22
Vorikson,stormrage,1426,monk,mistweaver,228,108,120
Poundmedaddi,tichondrius,1425,monk,mistweaver,111,69,42
Fistlord,zuljin,1425,monk,mistweaver,32,18,14
Zonianman,tichondrius,1425,monk,mistweaver,107,59,48
Zarakna,sargeras,1425,monk,mistweaver,187,100,87
Bbyyoda,illidan,1425,monk,mistweaver,132,70,62
Tenshu,runetotem,1425,monk,mistweaver,93,48,45
Pøkemonk,malganis,1424,monk,mistweaver,24,15,9
Emporertrump,bleeding-hollow,1423,monk,mistweaver,205,102,103
Bergoth,bleeding-hollow,1422,monk,mistweaver,24,15,9
Vegoku,moon-guard,1422,monk,mistweaver,119,64,55
Friskyfister,tichondrius,1422,monk,mistweaver,30,15,15
Leemîn,tichondrius,1421,monk,mistweaver,36,24,12
Brüce,ragnaros,1421,monk,mistweaver,57,33,24
Presas,nemesis,1421,monk,mistweaver,42,21,21
Jasonmonk,sargeras,1420,monk,mistweaver,31,19,12
Sob,frostmourne,1420,monk,mistweaver,113,66,47
Taijutzu,darkspear,1419,monk,mistweaver,24,15,9
Jèricho,thrall,1418,monk,mistweaver,72,40,32
Sshri,illidan,1418,monk,mistweaver,204,95,109
Mightbweavin,bleeding-hollow,1418,monk,mistweaver,120,55,65
Reque,illidan,1417,monk,mistweaver,218,121,97
Comonk,area-52,1416,monk,mistweaver,24,15,9
Güwop,tichondrius,1416,monk,mistweaver,78,42,36
Prf,ragnaros,1414,monk,mistweaver,34,21,13
Jooshy,tichondrius,1413,monk,mistweaver,60,27,33
Markofzugzug,tichondrius,1413,monk,mistweaver,36,15,21
Ralphiex,tichondrius,1411,monk,mistweaver,101,53,48
Ninetrigrams,illidan,1411,monk,mistweaver,32,15,17
Shoumi,turalyon,1410,monk,mistweaver,30,17,13
Chuks,nerzhul,1410,monk,mistweaver,200,111,89
Sobuu,wyrmrest-accord,1406,monk,mistweaver,30,24,6
Jmonks,stormrage,1406,monk,mistweaver,66,27,39
Ojiin,wyrmrest-accord,1405,monk,mistweaver,197,105,92
Ggjudo,sargeras,1404,monk,mistweaver,30,15,15
Thirteendads,turalyon,1403,monk,mistweaver,35,17,18
Sonicenergy,tichondrius,1402,monk,mistweaver,57,27,30
Xiang,dreadmaul,1401,monk,mistweaver,48,29,19
Lunarc,mannoroth,1401,monk,mistweaver,93,50,43
Goocn,tichondrius,1401,monk,mistweaver,48,25,23
Bbunglee,tichondrius,1400,monk,mistweaver,41,27,14
Ric,gundrak,1400,monk,mistweaver,81,48,33
Carlosm,tichondrius,1398,monk,mistweaver,30,19,11
Janeil,wyrmrest-accord,1397,monk,mistweaver,228,119,109
ßrewslèè,tichondrius,1396,monk,mistweaver,157,84,73
Sodosopaw,area-52,1396,monk,mistweaver,41,21,20
Edbtz,illidan,1394,monk,mistweaver,24,18,6
Mcfisted,area-52,1393,monk,mistweaver,57,25,32
Htm,barthilas,1392,monk,mistweaver,41,16,25
Mcfluffey,area-52,1391,monk,mistweaver,89,49,40
Metapôd,tichondrius,1389,monk,mistweaver,63,32,31
Dblfistez,stormreaver,1389,monk,mistweaver,52,23,29
Twirl,mugthol,1389,monk,mistweaver,42,18,24
Taipanni,sargeras,1388,monk,mistweaver,40,16,24
Verelaana,moon-guard,1386,monk,mistweaver,41,21,20
Vum,quelthalas,1385,monk,mistweaver,21,16,5
Monkeynut,whisperwind,1385,monk,mistweaver,107,60,47
Bârcõdë,tichondrius,1384,monk,mistweaver,36,23,13
Ebrew,frostmourne,1384,monk,mistweaver,48,27,21
Justsidiousm,sargeras,1383,monk,mistweaver,24,16,8
Redweave,moon-guard,1383,monk,mistweaver,36,17,19
Flixz,stormrage,1382,monk,mistweaver,48,25,23
Riokhan,ragnaros,1381,monk,mistweaver,54,31,23
Valiantroar,shandris,1381,monk,mistweaver,38,16,22
Hummerkungfu,azralon,1380,monk,mistweaver,79,40,39
Phoenixspark,gnomeregan,1379,monk,mistweaver,44,30,14
Noodalie,moon-guard,1378,monk,mistweaver,24,18,6
Akván,ragnaros,1378,monk,mistweaver,85,43,42
Shandaspanda,rivendare,1378,monk,mistweaver,54,26,28
Pablojám,ragnaros,1375,monk,mistweaver,42,23,19
Mystafista,tichondrius,1375,monk,mistweaver,29,15,14
Xxgonchi,quelthalas,1374,monk,mistweaver,140,77,63
Afabled,drakkari,1373,monk,mistweaver,48,26,22
Ozen,burning-blade,1373,monk,mistweaver,74,38,36
Baroon,chogall,1373,monk,mistweaver,93,40,53
Metalmønk,nerzhul,1372,monk,mistweaver,43,29,14
Hybrid,draenor,1371,monk,mistweaver,36,21,15
Sinistuhm,tichondrius,1371,monk,mistweaver,47,25,22
Rhynoo,lothar,1371,monk,mistweaver,96,51,45
Kylièjenner,gilneas,1370,monk,mistweaver,70,39,31
Peege,kelthuzad,1369,monk,mistweaver,36,23,13
Thyfist,frostmourne,1369,monk,mistweaver,28,16,12
Fonnf,nemesis,1368,monk,mistweaver,26,15,11
Kymist,stormrage,1368,monk,mistweaver,104,55,49
Mintÿ,wyrmrest-accord,1366,monk,mistweaver,48,24,24
Trüa,stormrage,1364,monk,mistweaver,30,20,10
Lanifer,area-52,1364,monk,mistweaver,35,20,15
Vonn,drakkari,1364,monk,mistweaver,72,36,36
Tianji,malganis,1363,monk,mistweaver,42,26,16
Tert,aerie-peak,1363,monk,mistweaver,146,83,63
Bibibi,moon-guard,1362,monk,mistweaver,30,15,15
Anthuri,frostmourne,1357,monk,mistweaver,89,60,29
Aokuâng,malganis,1356,monk,mistweaver,91,56,35
Ataxic,illidan,1355,monk,mistweaver,29,15,14
Ninjagordu,nemesis,1353,monk,mistweaver,118,57,61
Ragemore,emerald-dream,1349,monk,mistweaver,25,15,10
Pandemikmonk,turalyon,1349,monk,mistweaver,48,22,26
Cdeez,malganis,1347,monk,mistweaver,36,23,13
Nornangus,sargeras,1346,monk,mistweaver,53,25,28
Monkqi,lightbringer,1344,monk,mistweaver,30,23,7
Itsnoozes,illidan,1343,monk,mistweaver,18,14,4
Onegai,tichondrius,1343,monk,mistweaver,18,14,4
Rylens,draka,1343,monk,mistweaver,40,25,15
Siserfister,sargeras,1343,monk,mistweaver,24,14,10
Khylu,kelthuzad,1342,monk,mistweaver,18,14,4
Cnww,tichondrius,1342,monk,mistweaver,24,14,10
Jonnymon,sargeras,1341,monk,mistweaver,18,14,4
Cilantrõ,malorne,1341,monk,mistweaver,30,21,9
Vardeh,stormscale,1341,monk,mistweaver,48,28,20
Lõgan,azralon,1341,monk,mistweaver,58,29,29
Evyllyn,bleeding-hollow,1340,monk,mistweaver,18,14,4
Azurro,jubeithos,1339,monk,mistweaver,18,14,4
Pisswalker,area-52,1338,monk,mistweaver,18,14,4
Catmonk,the-forgotten-coast,1338,monk,mistweaver,24,14,10
Kungfuchious,dalaran,1338,monk,mistweaver,31,18,13
Inkar,tichondrius,1338,monk,mistweaver,30,14,16
Zenmasta,exodar,1336,monk,mistweaver,30,17,13
Ðamntaiyo,sargeras,1336,monk,mistweaver,35,19,16
Ryantiger,tichondrius,1336,monk,mistweaver,30,14,16
Valelarus,doomhammer,1335,monk,mistweaver,24,14,10
Chainwax,korgath,1335,monk,mistweaver,36,20,16
Karynia,illidan,1335,monk,mistweaver,110,56,54
Lazeekick,sargeras,1335,monk,mistweaver,30,14,16
Iielia,wyrmrest-accord,1335,monk,mistweaver,35,16,19
Chañi,ragnaros,1333,monk,mistweaver,59,33,26
Kungfumika,ragnaros,1333,monk,mistweaver,42,21,21
Chongal,whisperwind,1332,monk,mistweaver,24,14,10
Naxanax,area-52,1332,monk,mistweaver,66,33,33
Inebriated,auchindoun,1329,monk,mistweaver,24,14,10
Tobyblack,illidan,1329,monk,mistweaver,105,50,55
Waxxi,barthilas,1327,monk,mistweaver,109,62,47
Pandalee,skullcrusher,1324,monk,mistweaver,54,33,21
Tenzing,azgalor,1324,monk,mistweaver,24,14,10
Awwchi,tichondrius,1324,monk,mistweaver,54,26,28
Selfhealings,korgath,1324,monk,mistweaver,53,24,29
Gguldduk,tichondrius,1323,monk,mistweaver,34,24,10
Momochi,malygos,1323,monk,mistweaver,30,16,14
Nerfmonk,spirestone,1322,monk,mistweaver,24,14,10
Jeffdagnome,moon-guard,1320,monk,mistweaver,96,48,48
Zeevaliara,caelestrasz,1320,monk,mistweaver,30,15,15
Psykhed,emerald-dream,1319,monk,mistweaver,78,33,45
Gerranni,wyrmrest-accord,1318,monk,mistweaver,24,16,8
Nazvik,quelthalas,1318,monk,mistweaver,24,14,10
Tanskee,sargeras,1318,monk,mistweaver,53,29,24
Lotusdream,argent-dawn,1317,monk,mistweaver,78,40,38
Shon,frostmourne,1316,monk,mistweaver,24,14,10
Albusventos,azralon,1315,monk,mistweaver,35,21,14
Smackdat,azjolnerub,1315,monk,mistweaver,58,29,29
Johnkreese,andorhal,1313,monk,mistweaver,30,14,16
Turkspin,smolderthorn,1312,monk,mistweaver,27,20,7
Tankozorr,zuljin,1312,monk,mistweaver,54,25,29
Breezymist,doomhammer,1311,monk,mistweaver,30,14,16
Nuubchi,stormrage,1310,monk,mistweaver,24,14,10
Dashenna,illidan,1310,monk,mistweaver,84,32,52
Orgrrim,area-52,1309,monk,mistweaver,24,14,10
Punch,lothar,1309,monk,mistweaver,31,18,13
Trapeez,kelthuzad,1308,monk,mistweaver,24,16,8
Odogin,tichondrius,1307,monk,mistweaver,65,41,24
Sweatweaver,frostmourne,1306,monk,mistweaver,94,43,51
Hafu,wildhammer,1305,monk,mistweaver,54,29,25
Shizunô,stormrage,1305,monk,mistweaver,36,17,19
Purging,draka,1304,monk,mistweaver,89,62,27
Dextr,arthas,1302,monk,mistweaver,27,14,13
Fânnybâws,stormrage,1302,monk,mistweaver,36,18,18
Moltenbeard,trollbane,1301,monk,mistweaver,48,31,17
Hirahxx,frostmourne,1301,monk,mistweaver,27,16,11
Alianli,tichondrius,1301,monk,mistweaver,59,14,45
Bluemyselph,tichondrius,1300,monk,mistweaver,40,21,19
Kickbone,tichondrius,1300,monk,mistweaver,60,30,30
Raidenmnx,tichondrius,1300,monk,mistweaver,96,47,49
Chitacos,trollbane,1300,monk,mistweaver,30,14,16
Szuka,tichondrius,1297,monk,mistweaver,36,20,16
Lawroadp,tichondrius,1295,monk,mistweaver,57,33,24
Cooltran,tichondrius,1294,monk,mistweaver,24,14,10
Rapope,quelthalas,1294,monk,mistweaver,65,32,33
Izolatedrin,tichondrius,1293,monk,mistweaver,17,14,3
Ymiron,smolderthorn,1292,monk,mistweaver,42,15,27
Monkisses,bonechewer,1290,monk,mistweaver,65,36,29
Healyboi,bronzebeard,1290,monk,mistweaver,40,17,23
Speedymonk,malfurion,1289,monk,mistweaver,60,25,35
Gomey,bleeding-hollow,1287,monk,mistweaver,26,15,11
Gallorex,frostmourne,1286,monk,mistweaver,42,24,18
Giatzo,barthilas,1286,monk,mistweaver,61,29,32
Valapan,tichondrius,1285,monk,mistweaver,60,32,28
Boozebear,spirestone,1282,monk,mistweaver,136,68,68
Kìmjungheal,tichondrius,1281,monk,mistweaver,41,21,20
Ungankable,sargeras,1281,monk,mistweaver,130,63,67
Stendari,moon-guard,1281,monk,mistweaver,30,14,16
Chnzhs,tichondrius,1281,monk,mistweaver,58,18,40
Zeiana,proudmoore,1280,monk,mistweaver,38,22,16
Holdmychi,stormrage,1279,monk,mistweaver,55,29,26
Iloki,shuhalo,1279,monk,mistweaver,81,40,41
Siddlez,frostmourne,1278,monk,mistweaver,53,36,17
Miçrosoft,area-52,1278,monk,mistweaver,66,40,26
Byakugan,moon-guard,1277,monk,mistweaver,41,23,18
Börg,bleeding-hollow,1277,monk,mistweaver,38,19,19
Fludz,burning-blade,1276,monk,mistweaver,66,28,38
Asliam,undermine,1275,monk,mistweaver,24,15,9
Åvå,emerald-dream,1273,monk,mistweaver,48,15,33
Rustedbarrel,azjolnerub,1271,monk,mistweaver,46,23,23
Mortimir,echo-isles,1269,monk,mistweaver,42,21,21
Cthulumonk,lightnings-blade,1269,monk,mistweaver,36,14,22
Onlyhands,whisperwind,1268,monk,mistweaver,47,24,23
Makimä,stormrage,1267,monk,mistweaver,80,41,39
Miretunie,arathor,1266,monk,mistweaver,98,57,41
Onekickman,dalaran,1262,monk,mistweaver,66,37,29
Hotpotatoee,aerie-peak,1260,monk,mistweaver,60,27,33
Zenquadz,elune,1259,monk,mistweaver,36,25,11
Wmo,tichondrius,1258,monk,mistweaver,23,15,8
Marimonkori,stormscale,1258,monk,mistweaver,63,32,31
Monkêy,ghostlands,1258,monk,mistweaver,66,30,36
Keyszz,tichondrius,1258,monk,mistweaver,218,97,121
Teil,illidan,1257,monk,mistweaver,48,25,23
Pépto,bleeding-hollow,1257,monk,mistweaver,70,35,35
Zuchi,frostmourne,1255,monk,mistweaver,24,14,10
Ninjatoots,aerie-peak,1255,monk,mistweaver,79,42,37
Liamaz,amanthul,1254,monk,mistweaver,30,14,16
Monktyson,barthilas,1252,monk,mistweaver,60,38,22
Omimonk,sargeras,1251,monk,mistweaver,56,24,32
Donnieyen,aerie-peak,1250,monk,mistweaver,19,14,5
Maiitoguy,illidan,1250,monk,mistweaver,48,24,24
Lelomonk,ragnaros,1249,monk,mistweaver,84,43,41
Shefcurry,boulderfist,1248,monk,mistweaver,24,13,11
Mwomegalul,sargeras,1248,monk,mistweaver,30,13,17
Feel,frostmourne,1247,monk,mistweaver,18,13,5
Healmart,bloodhoof,1247,monk,mistweaver,18,13,5
Beefyteet,tichondrius,1247,monk,mistweaver,18,13,5
Annisokay,bleeding-hollow,1247,monk,mistweaver,18,13,5
Ticmonk,frostmourne,1247,monk,mistweaver,18,13,5
Flagreturned,illidan,1247,monk,mistweaver,24,13,11
Gothamonk,tichondrius,1247,monk,mistweaver,24,13,11
Evilstep,tichondrius,1247,monk,mistweaver,60,31,29
Steadfastsr,black-dragonflight,1246,monk,mistweaver,18,13,5
Mirokushan,skywall,1246,monk,mistweaver,117,65,52
Fheng,emerald-dream,1246,monk,mistweaver,24,13,11
Bullët,tichondrius,1246,monk,mistweaver,84,43,41
Hîddëncløùdx,tichondrius,1245,monk,mistweaver,18,13,5
Floka,bleeding-hollow,1245,monk,mistweaver,18,13,5
Afw,moon-guard,1245,monk,mistweaver,32,18,14
Nawzhy,emerald-dream,1245,monk,mistweaver,24,13,11
Ieatshrooms,malfurion,1245,monk,mistweaver,60,25,35
Drunkgiraffe,zuljin,1244,monk,mistweaver,18,13,5
Ironfistorm,stormrage,1244,monk,mistweaver,36,24,12
Shilakamesn,tichondrius,1244,monk,mistweaver,24,13,11
Mis,tichondrius,1243,monk,mistweaver,24,13,11
Psypalm,zuljin,1242,monk,mistweaver,18,13,5
React,frostwolf,1242,monk,mistweaver,18,13,5
Ammonk,bloodhoof,1242,monk,mistweaver,18,13,5
Kreacher,ravencrest,1242,monk,mistweaver,71,37,34
Rehder,barthilas,1241,monk,mistweaver,24,13,11
Puya,nemesis,1241,monk,mistweaver,36,18,18
Poppyharlow,saurfang,1240,monk,mistweaver,24,17,7
Meldrop,tichondrius,1240,monk,mistweaver,30,13,17
Taichichuan,tichondrius,1239,monk,mistweaver,59,31,28
Noogiie,barthilas,1238,monk,mistweaver,22,14,8
Originalmonk,tichondrius,1237,monk,mistweaver,18,13,5
Julipz,tichondrius,1237,monk,mistweaver,30,13,17
Madkickzack,blades-edge,1237,monk,mistweaver,30,13,17
Oyyo,tichondrius,1237,monk,mistweaver,95,35,60
Dangerkage,stormrage,1235,monk,mistweaver,30,13,17
Lolkungfu,spirestone,1234,monk,mistweaver,24,13,11
Kodrik,tichondrius,1234,monk,mistweaver,84,44,40
Vchii,tichondrius,1234,monk,mistweaver,30,13,17
Midfrie,ghostlands,1233,monk,mistweaver,24,15,9
Knaveus,frostmourne,1233,monk,mistweaver,54,30,24
Critôris,tichondrius,1233,monk,mistweaver,24,13,11
Lothnälar,ragnaros,1231,monk,mistweaver,36,26,10
Azizyzz,barthilas,1231,monk,mistweaver,42,20,22
Shinarri,thrall,1230,monk,mistweaver,132,71,61
Kaølin,azralon,1228,monk,mistweaver,18,13,5
Enfoque,quelthalas,1227,monk,mistweaver,71,41,30
Fkedyourwife,dalaran,1227,monk,mistweaver,30,13,17
Gôrr,tichondrius,1226,monk,mistweaver,42,23,19
Zefta,moon-guard,1226,monk,mistweaver,42,18,24
Petsëmatary,bleeding-hollow,1224,monk,mistweaver,41,16,25
Snuzzao,darkspear,1223,monk,mistweaver,26,13,13
Cheesemónk,tichondrius,1222,monk,mistweaver,30,13,17
Chìforce,sargeras,1222,monk,mistweaver,41,13,28
Habuba,eredar,1221,monk,mistweaver,18,13,5
Binghe,illidan,1221,monk,mistweaver,63,35,28
Ninjahogan,azgalor,1221,monk,mistweaver,32,15,17
Cammy,aerie-peak,1219,monk,mistweaver,32,20,12
Troutline,bonechewer,1218,monk,mistweaver,84,50,34
Hashìba,kiljaeden,1217,monk,mistweaver,18,13,5
Mingchen,tichondrius,1217,monk,mistweaver,24,13,11
Xulieng,tichondrius,1215,monk,mistweaver,331,169,162
Sedition,emerald-dream,1215,monk,mistweaver,323,162,161
Monxellius,moon-guard,1215,monk,mistweaver,99,48,51
Hongmeï,illidan,1215,monk,mistweaver,36,17,19
Ludafist,whisperwind,1212,monk,mistweaver,72,37,35
Aeress,kelthuzad,1208,monk,mistweaver,30,13,17
Razod,stormrage,1207,monk,mistweaver,223,115,108
Biggoosie,korgath,1206,monk,mistweaver,76,47,29
Chunkynorris,stormscale,1206,monk,mistweaver,38,18,20
Foomanshoes,shandris,1204,monk,mistweaver,52,14,38
Dokfu,tichondrius,1201,monk,mistweaver,207,113,94
Mango,spirestone,1201,monk,mistweaver,30,15,15
Michaeljordn,destromath,1199,monk,mistweaver,44,16,28
Pepperoncini,korgath,1199,monk,mistweaver,54,17,37
Knucklebadge,tichondrius,1198,monk,mistweaver,24,13,11
Menadraene,wyrmrest-accord,1198,monk,mistweaver,26,14,12
Puffpuffp,nazgrel,1196,monk,mistweaver,24,13,11
Zsalcior,jaedenar,1195,monk,mistweaver,36,24,12
Safigirl,doomhammer,1195,monk,mistweaver,54,32,22
Darkheälzz,sargeras,1194,monk,mistweaver,93,44,49
Drexlla,barthilas,1191,monk,mistweaver,38,23,15
Titofresh,quelthalas,1191,monk,mistweaver,33,15,18
Eqoy,moon-guard,1191,monk,mistweaver,30,13,17
Raphzen,stormrage,1189,monk,mistweaver,33,17,16
Soapy,moon-guard,1188,monk,mistweaver,35,16,19
Soothem,tichondrius,1187,monk,mistweaver,30,19,11
Smokee,blackhand,1187,monk,mistweaver,30,15,15
Puoll,gallywix,1186,monk,mistweaver,116,59,57
Soderbergh,ysera,1185,monk,mistweaver,36,13,23
Orenj,boulderfist,1182,monk,mistweaver,30,16,14
Ratioed,moon-guard,1181,monk,mistweaver,47,32,15
Galiplays,zangarmarsh,1180,monk,mistweaver,29,16,13
Blackthorne,illidan,1179,monk,mistweaver,30,14,16
Kreezoo,tichondrius,1178,monk,mistweaver,51,24,27
Haruko,baelgun,1178,monk,mistweaver,40,13,27
Kromkwando,burning-blade,1177,monk,mistweaver,42,13,29
Iseeyouqt,tichondrius,1176,monk,mistweaver,20,13,7
Touchkarma,stormrage,1175,monk,mistweaver,90,45,45
Mongénoio,nemesis,1172,monk,mistweaver,26,13,13
Hamandchi,sargeras,1169,monk,mistweaver,23,16,7
Evílryü,quelthalas,1168,monk,mistweaver,27,16,11
Darrhon,illidan,1166,monk,mistweaver,113,54,59
Hie,laughing-skull,1166,monk,mistweaver,90,38,52
Shwankeesha,thrall,1165,monk,mistweaver,28,14,14
Brewball,illidan,1164,monk,mistweaver,23,13,10
Stephani,turalyon,1162,monk,mistweaver,37,17,20
Madmint,illidan,1159,monk,mistweaver,60,26,34
Valdosta,bloodscalp,1158,monk,mistweaver,48,25,23
Callibella,amanthul,1155,monk,mistweaver,26,13,13
Xaurian,firetree,1153,monk,mistweaver,22,13,9
Zxenn,tichondrius,1152,monk,mistweaver,18,12,6
Envymonk,tichondrius,1152,monk,mistweaver,18,12,6
Magmuruk,garrosh,1152,monk,mistweaver,18,12,6
Iilgayrob,stormrage,1151,monk,mistweaver,18,12,6
Billycobham,tichondrius,1151,monk,mistweaver,24,12,12
Monkoala,illidan,1151,monk,mistweaver,36,17,19
Fistër,area-52,1150,monk,mistweaver,24,12,12
Strixx,silvermoon,1148,monk,mistweaver,30,21,9
Onlythumbs,area-52,1148,monk,mistweaver,18,12,6
Santhz,ragnaros,1148,monk,mistweaver,18,12,6
Trojanz,malganis,1148,monk,mistweaver,24,12,12
Zallie,frostmourne,1147,monk,mistweaver,18,12,6
Kaniou,proudmoore,1146,monk,mistweaver,29,13,16
Azenia,barthilas,1146,monk,mistweaver,30,12,18
Jagichan,area-52,1145,monk,mistweaver,18,12,6
Monkaveli,ursin,1145,monk,mistweaver,78,37,41
Tamagotchi,emerald-dream,1144,monk,mistweaver,18,12,6
Antimoine,saurfang,1144,monk,mistweaver,54,31,23
Wraithfire,uldum,1144,monk,mistweaver,36,16,20
Silito,drakkari,1142,monk,mistweaver,114,50,64
Noctes,thunderlord,1141,monk,mistweaver,30,18,12
Dreadknotz,hyjal,1139,monk,mistweaver,51,25,26
Calmemaybe,darkspear,1138,monk,mistweaver,18,12,6
Drfoochi,tichondrius,1138,monk,mistweaver,30,12,18
Çuß,kelthuzad,1137,monk,mistweaver,30,12,18
Lumïnous,moon-guard,1136,monk,mistweaver,30,14,16
Kexti,wyrmrest-accord,1135,monk,mistweaver,45,18,27
Paraíba,azralon,1135,monk,mistweaver,35,12,23
Affrika,ragnaros,1133,monk,mistweaver,47,21,26
Illushadio,moon-guard,1132,monk,mistweaver,18,12,6
Herbivorous,sargeras,1131,monk,mistweaver,24,12,12
Modelman,area-52,1130,monk,mistweaver,26,14,12
Gobfu,emerald-dream,1130,monk,mistweaver,65,26,39
Kongpoo,kelthuzad,1127,monk,mistweaver,21,14,7
Fitmonje,drakkari,1126,monk,mistweaver,43,22,21
Boostmonk,terenas,1126,monk,mistweaver,78,34,44
Fistmeister,tichondrius,1125,monk,mistweaver,30,19,11
Hastle,windrunner,1125,monk,mistweaver,72,40,32
Crãsh,quelthalas,1125,monk,mistweaver,28,15,13
Rxtea,darkspear,1124,monk,mistweaver,25,13,12
Joeyfists,frostwolf,1124,monk,mistweaver,30,14,16
Ursorcen,frostmourne,1122,monk,mistweaver,33,16,17
Honjada,tichondrius,1121,monk,mistweaver,18,12,6
Tinze,bonechewer,1121,monk,mistweaver,43,17,26
Esotericzeo,mugthol,1119,monk,mistweaver,30,18,12
Fluffykitty,deathwing,1119,monk,mistweaver,45,19,26
Whiteknight,tichondrius,1118,monk,mistweaver,14,13,1
Orbí,tichondrius,1111,monk,mistweaver,48,32,16
Sukrit,darkspear,1111,monk,mistweaver,52,24,28
Halfaling,tichondrius,1109,monk,mistweaver,18,12,6
Lepasfin,sargeras,1108,monk,mistweaver,18,14,4
Hammonk,deathwing,1107,monk,mistweaver,30,15,15
Lolcutie,shandris,1105,monk,mistweaver,37,21,16
Rowbur,thrall,1101,monk,mistweaver,57,36,21
Emenboats,zuljin,1096,monk,mistweaver,70,44,26
Fruitcakezz,arthas,1095,monk,mistweaver,18,12,6
Kimonk,proudmoore,1095,monk,mistweaver,36,21,15
Lushona,ragnaros,1093,monk,mistweaver,36,26,10
Gentle,cenarius,1093,monk,mistweaver,26,12,14
Dirtyshef,deathwing,1093,monk,mistweaver,57,18,39
Shoguns,zuljin,1091,monk,mistweaver,48,24,24
Brewamp,zuljin,1091,monk,mistweaver,29,13,16
Coachputmein,barthilas,1086,monk,mistweaver,17,12,5
Shaolyyn,zuljin,1086,monk,mistweaver,132,69,63
Focalors,proudmoore,1085,monk,mistweaver,20,12,8
Pwned,ghostlands,1078,monk,mistweaver,63,21,42
Lzt,ragnaros,1075,monk,mistweaver,34,13,21
Hapgido,deathwing,1074,monk,mistweaver,62,31,31
Harryrichard,sargeras,1073,monk,mistweaver,23,12,11
Rollypunch,illidan,1072,monk,mistweaver,22,12,10
Lita,barthilas,1071,monk,mistweaver,17,12,5
Keeanuweaves,tichondrius,1069,monk,mistweaver,13,12,1
Hakushin,ragnaros,1067,monk,mistweaver,36,20,16
Jackburton,deathwing,1066,monk,mistweaver,18,13,5
Knucklez,frostwolf,1066,monk,mistweaver,64,36,28
Lizavet,stormrage,1065,monk,mistweaver,30,22,8
Cosetteb,proudmoore,1064,monk,mistweaver,23,12,11
Hache,azjolnerub,1062,monk,mistweaver,86,37,49
Chugs,malorne,1062,monk,mistweaver,57,16,41
Duelist,the-scryers,1056,monk,mistweaver,12,11,1
Lustymonk,kelthuzad,1056,monk,mistweaver,12,11,1
Jmanownz,stormrage,1056,monk,mistweaver,12,11,1
Mistussy,sargeras,1056,monk,mistweaver,18,11,7
Yangzai,tichondrius,1056,monk,mistweaver,18,11,7
Haren,gundrak,1056,monk,mistweaver,18,11,7
Saitamâ,tichondrius,1056,monk,mistweaver,18,11,7
Solidww,moon-guard,1055,monk,mistweaver,12,11,1
Nevercranex,kirin-tor,1055,monk,mistweaver,12,11,1
Ryanx,azjolnerub,1055,monk,mistweaver,18,11,7
Iplus,thrall,1055,monk,mistweaver,18,11,7
Bubear,stormreaver,1055,monk,mistweaver,18,11,7
Undertickle,illidan,1055,monk,mistweaver,18,11,7
Fkinbis,area-52,1055,monk,mistweaver,18,11,7
Stephenia,tichondrius,1055,monk,mistweaver,18,11,7
Alandis,spinebreaker,1055,monk,mistweaver,18,11,7
Axibar,tichondrius,1055,monk,mistweaver,18,11,7
Imafqnbaby,tichondrius,1055,monk,mistweaver,24,11,13
Chillionaíre,proudmoore,1055,monk,mistweaver,24,11,13
Kriticalkush,kelthuzad,1055,monk,mistweaver,24,11,13
Pai,sargeras,1055,monk,mistweaver,24,11,13
Lemmetouch,illidan,1055,monk,mistweaver,24,11,13
Raonoc,sargeras,1055,monk,mistweaver,30,11,19
Taelinn,moonrunner,1055,monk,mistweaver,30,11,19
Wokoon,kelthuzad,1054,monk,mistweaver,15,12,3
Børraicho,ragnaros,1054,monk,mistweaver,18,11,7
Evilbit,boulderfist,1054,monk,mistweaver,18,11,7
Punchopuncho,malganis,1054,monk,mistweaver,24,11,13
Cungflu,crushridge,1054,monk,mistweaver,24,11,13
Lindraice,illidan,1053,monk,mistweaver,18,11,7
Zeelos,kelthuzad,1053,monk,mistweaver,18,11,7
Zoochans,tichondrius,1053,monk,mistweaver,67,40,27
Arahabaki,wyrmrest-accord,1053,monk,mistweaver,24,11,13
Topanga,azralon,1053,monk,mistweaver,42,12,30
Theymistbuda,kelthuzad,1052,monk,mistweaver,12,11,1
Djslimweaver,stormrage,1052,monk,mistweaver,14,11,3
Misooyom,moon-guard,1052,monk,mistweaver,18,11,7
Wungpo,the-forgotten-coast,1052,monk,mistweaver,18,11,7
Havasupai,turalyon,1052,monk,mistweaver,18,11,7
Repbrew,sargeras,1052,monk,mistweaver,24,11,13
Karnbroo,frostmourne,1052,monk,mistweaver,24,11,13
Rolybones,boulderfist,1051,monk,mistweaver,19,11,8
Steenkk,tichondrius,1051,monk,mistweaver,60,29,31
Superbae,area-52,1051,monk,mistweaver,24,11,13
Mcdubbles,korgath,1051,monk,mistweaver,30,11,19
Fistful,destromath,1050,monk,mistweaver,12,11,1
Eldrik,stormrage,1050,monk,mistweaver,18,11,7
Dégg,thrall,1050,monk,mistweaver,18,11,7
Mahhnaga,tichondrius,1050,monk,mistweaver,95,40,55
Sevenpunch,area-52,1050,monk,mistweaver,30,11,19
Dellunnax,azralon,1049,monk,mistweaver,18,11,7
Pichiquechi,frostmourne,1049,monk,mistweaver,24,11,13
Allegedheals,tichondrius,1048,monk,mistweaver,24,11,13
Lochekx,stonemaul,1048,monk,mistweaver,48,17,31
Ilani,malganis,1047,monk,mistweaver,18,11,7
Proctology,tichondrius,1047,monk,mistweaver,18,11,7
Gngrbeardman,tichondrius,1047,monk,mistweaver,27,12,15
Shaolinmists,malganis,1045,monk,mistweaver,12,11,1
Feynzen,frostmourne,1044,monk,mistweaver,18,11,7
Philthyjutsu,moon-guard,1042,monk,mistweaver,12,11,1
Dustyweaver,illidan,1039,monk,mistweaver,55,22,33
Patman,nazjatar,1038,monk,mistweaver,18,12,6
Teancrumpets,wyrmrest-accord,1038,monk,mistweaver,48,20,28
Leësin,ragnaros,1037,monk,mistweaver,18,11,7
Tadaku,dalaran,1033,monk,mistweaver,37,17,20
Reinah,malganis,1033,monk,mistweaver,30,11,19
Merand,tichondrius,1031,monk,mistweaver,36,20,16
Baiji,gorefiend,1030,monk,mistweaver,12,11,1
Joxo,nordrassil,1028,monk,mistweaver,18,13,5
Marnartou,zuljin,1026,monk,mistweaver,12,11,1
Ambuinc,burning-blade,1024,monk,mistweaver,18,11,7
Dalillamas,sargeras,1023,monk,mistweaver,14,12,2
Schein,sargeras,1023,monk,mistweaver,17,11,6
Venomqt,laughing-skull,1021,monk,mistweaver,17,11,6
Grizzchan,sargeras,1017,monk,mistweaver,17,11,6
Ainz,nagrand,1016,monk,mistweaver,30,15,15
Kocksnapper,stormreaver,1014,monk,mistweaver,86,48,38
Hyugga,azralon,1010,monk,mistweaver,23,11,12
Vitcheztein,ragnaros,1007,monk,mistweaver,17,11,6
Twizzurp,magtheridon,1007,monk,mistweaver,21,12,9
Bigjuicers,bleeding-hollow,1006,monk,mistweaver,17,11,6
Bakus,tichondrius,1004,monk,mistweaver,23,12,11
Kpeste,tichondrius,1001,monk,mistweaver,72,38,34
Vencö,tichondrius,1001,monk,mistweaver,33,11,22
Yookho,tichondrius,1000,monk,mistweaver,17,12,5
Clutchinmist,malganis,1000,monk,mistweaver,40,12,28
Chopy,dragonblight,999,monk,mistweaver,60,28,32
Zendemic,thrall,996,monk,mistweaver,30,17,13
Telrande,ysondre,994,monk,mistweaver,35,24,11
Gòss,azgalor,993,monk,mistweaver,61,25,36
Tisafister,kelthuzad,992,monk,mistweaver,28,12,16
Bonquavius,thrall,990,monk,mistweaver,20,11,9
Diagrams,tichondrius,988,monk,mistweaver,17,11,6
Mintbear,illidan,984,monk,mistweaver,14,11,3
Monkgringo,azralon,983,monk,mistweaver,48,27,21
Hinudhera,barthilas,981,monk,mistweaver,80,37,43
Bomer,moknathal,980,monk,mistweaver,49,29,20
Winniethepoo,borean-tundra,975,monk,mistweaver,19,11,8
Ogsimpsonn,tichondrius,972,monk,mistweaver,20,11,9
Deadlyzz,gilneas,970,monk,mistweaver,93,48,45
Whitepotato,bleeding-hollow,969,monk,mistweaver,126,65,61
Sipu,wyrmrest-accord,969,monk,mistweaver,41,20,21
Djwushu,blackhand,969,monk,mistweaver,26,11,15
Woes,stormreaver,960,monk,mistweaver,12,10,2
Drizzywow,arathor,960,monk,mistweaver,12,10,2
Toonahroll,area-52,960,monk,mistweaver,12,10,2
Klanianhere,sargeras,960,monk,mistweaver,12,10,2
Gnet,azralon,960,monk,mistweaver,12,10,2
Hype,ursin,960,monk,mistweaver,12,10,2
Mywave,bleeding-hollow,960,monk,mistweaver,18,10,8
Thatfknguy,sargeras,960,monk,mistweaver,18,10,8
Dapperdabz,illidan,960,monk,mistweaver,18,10,8
Greenfriend,illidan,960,monk,mistweaver,18,10,8
Titti,korgath,960,monk,mistweaver,18,10,8
Agilities,sargeras,960,monk,mistweaver,18,10,8
Mauvem,tichondrius,960,monk,mistweaver,18,10,8
Mlngo,illidan,960,monk,mistweaver,18,10,8
Barlyfe,tichondrius,960,monk,mistweaver,24,10,14
Suitosky,ragnaros,960,monk,mistweaver,24,10,14
Nezkabad,frostmourne,959,monk,mistweaver,12,10,2
Sharpstorm,darkspear,959,monk,mistweaver,12,10,2
Hanlover,tichondrius,959,monk,mistweaver,12,10,2
Shâdòw,ragnaros,959,monk,mistweaver,12,10,2
Mïstyfïsty,moon-guard,959,monk,mistweaver,12,10,2
Cymonka,sargeras,959,monk,mistweaver,18,10,8
Insidedog,frostmourne,959,monk,mistweaver,18,10,8
Truefists,stormrage,959,monk,mistweaver,18,10,8
Diâblomw,barthilas,959,monk,mistweaver,18,10,8
Chanîng,frostmourne,959,monk,mistweaver,18,10,8
Melpaine,frostmourne,959,monk,mistweaver,18,10,8
Monkmarz,malygos,959,monk,mistweaver,23,10,13
Anabolicx,khazgoroth,959,monk,mistweaver,24,10,14
Kåtê,sargeras,958,monk,mistweaver,12,10,2
Monkgov,illidan,958,monk,mistweaver,18,10,8
Trazmold,emerald-dream,958,monk,mistweaver,18,10,8
Lostinmistz,tichondrius,958,monk,mistweaver,18,10,8
Inkers,detheroc,957,monk,mistweaver,18,10,8
Oldfashheals,tichondrius,957,monk,mistweaver,24,10,14
Mizzycash,malganis,957,monk,mistweaver,26,10,16
Bamboozile,arthas,956,monk,mistweaver,18,10,8
Diligentmonk,illidan,955,monk,mistweaver,27,11,16
Indigojo,silver-hand,955,monk,mistweaver,30,10,20
Bojflow,dalaran,954,monk,mistweaver,18,10,8
Wessex,sargeras,954,monk,mistweaver,18,10,8
Aotd,tichondrius,954,monk,mistweaver,24,10,14
Melrose,kiljaeden,953,monk,mistweaver,18,10,8
Divaweaver,sargeras,953,monk,mistweaver,24,10,14
Onemonkk,tichondrius,952,monk,mistweaver,91,43,48
Kurtall,area-52,952,monk,mistweaver,24,10,14
Rdmptn,bleeding-hollow,952,monk,mistweaver,24,10,14
Fìst,hyjal,951,monk,mistweaver,18,10,8
Kailzchi,area-52,951,monk,mistweaver,18,10,8
Brewtalitops,illidan,950,monk,mistweaver,18,10,8
Shinobui,jubeithos,950,monk,mistweaver,18,10,8
Omegasix,nazjatar,949,monk,mistweaver,18,10,8
Tigraxus,proudmoore,949,monk,mistweaver,24,10,14
Palomagozzu,ragnaros,947,monk,mistweaver,18,10,8
Gazzoxsan,chogall,946,monk,mistweaver,25,10,15
Jæmz,moon-guard,944,monk,mistweaver,36,13,23
Polofasho,illidan,934,monk,mistweaver,17,10,7
Xbrewtal,tichondrius,929,monk,mistweaver,36,21,15
Sahalee,sargeras,927,monk,mistweaver,38,18,20
Ultramaga,dentarg,927,monk,mistweaver,28,10,18
Nosweaver,malganis,926,monk,mistweaver,14,11,3
Peachtea,burning-legion,926,monk,mistweaver,20,11,9
Tcoon,frostmourne,925,monk,mistweaver,26,11,15
Siamack,illidan,920,monk,mistweaver,14,11,3
Madmoose,smolderthorn,919,monk,mistweaver,30,12,18
Kratis,doomhammer,915,monk,mistweaver,71,28,43
Karkata,sargeras,914,monk,mistweaver,48,20,28
Kangeroo,tichondrius,912,monk,mistweaver,21,11,10
Sensey,veknilash,910,monk,mistweaver,17,10,7
Lovechabill,darkspear,906,monk,mistweaver,17,10,7
Ægo,sargeras,906,monk,mistweaver,22,11,11
Kfpanda,hellscream,897,monk,mistweaver,75,35,40
Delassian,moon-guard,894,monk,mistweaver,37,16,21
Inbu,tichondrius,893,monk,mistweaver,26,10,16
Stickbundle,illidan,888,monk,mistweaver,15,11,4
Edj,drenden,884,monk,mistweaver,75,37,38
Galyndra,darkspear,877,monk,mistweaver,13,10,3
Boojaa,silvermoon,866,monk,mistweaver,78,30,48
Franqx,tichondrius,864,monk,mistweaver,12,9,3
Rumor,lethon,864,monk,mistweaver,12,9,3
Ggonext,wyrmrest-accord,864,monk,mistweaver,12,9,3
Horndog,skullcrusher,864,monk,mistweaver,12,9,3
Imnumberone,alterac-mountains,864,monk,mistweaver,12,9,3
Miyung,quelthalas,864,monk,mistweaver,12,9,3
Zbhm,illidan,864,monk,mistweaver,12,9,3
Sâx,stormreaver,864,monk,mistweaver,12,9,3
Flicksx,arthas,864,monk,mistweaver,12,9,3
Mistyfisty,laughing-skull,864,monk,mistweaver,14,9,5
Pantypirate,tichondrius,864,monk,mistweaver,18,9,9
Gottí,sargeras,864,monk,mistweaver,18,9,9
Kármah,emerald-dream,864,monk,mistweaver,18,9,9
Xitearith,ragnaros,864,monk,mistweaver,18,9,9
Demisodax,tichondrius,864,monk,mistweaver,18,9,9
Pinkfairy,wyrmrest-accord,864,monk,mistweaver,18,9,9
Hulkhogan,mugthol,863,monk,mistweaver,14,11,3
Nevershower,malganis,863,monk,mistweaver,12,9,3
Theminivan,sargeras,863,monk,mistweaver,12,9,3
Brewley,thrall,863,monk,mistweaver,12,9,3
Brewtillis,tichondrius,863,monk,mistweaver,12,9,3
Kazzichi,area-52,863,monk,mistweaver,12,9,3
Ztalian,moon-guard,863,monk,mistweaver,12,9,3
Beastmonk,sargeras,863,monk,mistweaver,12,9,3
Fistfreak,stormrage,863,monk,mistweaver,12,9,3
Tjab,kiljaeden,863,monk,mistweaver,18,9,9
Sumaran,hydraxis,863,monk,mistweaver,18,9,9
Bootytoes,emerald-dream,863,monk,mistweaver,18,9,9
Srgtbingo,azgalor,863,monk,mistweaver,18,9,9
Icytoned,kelthuzad,863,monk,mistweaver,24,9,15
Zac,veknilash,862,monk,mistweaver,12,9,3
Ørçhid,ravenholdt,862,monk,mistweaver,12,9,3
Pharmasee,proudmoore,862,monk,mistweaver,12,9,3
Kungupanda,nesingwary,862,monk,mistweaver,24,9,15
Kromrax,stormrage,862,monk,mistweaver,24,9,15
Jhaded,tichondrius,862,monk,mistweaver,24,9,15
Madussy,zuljin,862,monk,mistweaver,24,9,15
Kirshta,kelthuzad,861,monk,mistweaver,12,9,3
Gitwwrekd,area-52,861,monk,mistweaver,12,9,3
Moonkers,tichondrius,860,monk,mistweaver,18,9,9
Håzê,kul-tiras,860,monk,mistweaver,18,9,9
Yudrin,zuljin,859,monk,mistweaver,24,9,15
Atiantian,proudmoore,859,monk,mistweaver,30,9,21
Monkism,warsong,855,monk,mistweaver,12,9,3
Kafuru,quelthalas,855,monk,mistweaver,16,10,6
Winwakamank,sargeras,855,monk,mistweaver,24,9,15
Eago,sargeras,852,monk,mistweaver,24,9,15
Mfmiscreant,illidan,852,monk,mistweaver,36,12,24
Zeeboogerton,wildhammer,851,monk,mistweaver,12,9,3
Bullshido,aerie-peak,851,monk,mistweaver,18,9,9
Epptwo,aggramar,851,monk,mistweaver,30,9,21
Ragepalm,aegwynn,848,monk,mistweaver,18,9,9
Lilbee,azjolnerub,845,monk,mistweaver,18,9,9
Sìrtankallot,stormrage,837,monk,mistweaver,32,9,23
Kimchimaj,tichondrius,832,monk,mistweaver,18,9,9
Twinktoez,bleeding-hollow,831,monk,mistweaver,14,10,4
Sihgriid,tichondrius,826,monk,mistweaver,20,10,10
Seaja,malganis,823,monk,mistweaver,99,26,73
Kyndrïa,tichondrius,819,monk,mistweaver,65,26,39
Eggwoll,velen,814,monk,mistweaver,15,10,5
Matsakaicin,azralon,809,monk,mistweaver,22,10,12
Goodluck,madoran,809,monk,mistweaver,27,10,17
Gino,proudmoore,806,monk,mistweaver,178,79,99
Tokkyo,frostmourne,804,monk,mistweaver,66,15,51
Miraculer,drakkari,802,monk,mistweaver,22,10,12
Picoree,frostmourne,799,monk,mistweaver,15,10,5
Mastahp,tichondrius,797,monk,mistweaver,22,9,13
Akfourseven,barthilas,795,monk,mistweaver,71,32,39
Sivedrafely,arthas,793,monk,mistweaver,35,10,25
Qlispe,bloodscalp,784,monk,mistweaver,76,35,41
Dreamy,mugthol,773,monk,mistweaver,42,12,30
Kobuya,tichondrius,768,monk,mistweaver,12,8,4
Kaystorm,stormrage,768,monk,mistweaver,12,8,4
Funkmunk,aegwynn,768,monk,mistweaver,12,8,4
Tuladura,tichondrius,768,monk,mistweaver,12,8,4
Shquiz,sargeras,768,monk,mistweaver,12,8,4
Ninjachavez,tichondrius,768,monk,mistweaver,12,8,4
Fangerlia,moon-guard,768,monk,mistweaver,12,8,4
Monkzilla,tichondrius,768,monk,mistweaver,12,8,4
Trezzic,aegwynn,768,monk,mistweaver,12,8,4
Omnly,stormrage,768,monk,mistweaver,12,8,4
Sainlaurent,tichondrius,768,monk,mistweaver,12,8,4
Cuckoon,malganis,768,monk,mistweaver,12,8,4
Udmonk,tichondrius,768,monk,mistweaver,12,8,4
Picklefartjr,malfurion,768,monk,mistweaver,12,8,4
Tubescreamer,barthilas,768,monk,mistweaver,12,8,4
Bralex,black-dragonflight,768,monk,mistweaver,12,8,4
Kaskã,tichondrius,768,monk,mistweaver,12,8,4
Scrypter,proudmoore,768,monk,mistweaver,12,8,4
Sàìñtàsønìà,kelthuzad,768,monk,mistweaver,12,8,4
Snowbunny,llane,768,monk,mistweaver,12,8,4
Danceschi,area-52,768,monk,mistweaver,18,8,10
Backflip,nemesis,768,monk,mistweaver,18,8,10
Pumpsx,area-52,768,monk,mistweaver,18,8,10
Kwatann,bonechewer,768,monk,mistweaver,18,8,10
Mmrmonkey,tichondrius,768,monk,mistweaver,18,8,10
Watercowz,tichondrius,768,monk,mistweaver,18,8,10
Rockyßalboa,sargeras,768,monk,mistweaver,18,8,10
Torakigai,hyjal,768,monk,mistweaver,18,8,10
Erwynz,tichondrius,768,monk,mistweaver,24,8,16
Pungeebi,tichondrius,767,monk,mistweaver,12,8,4
Abird,tichondrius,767,monk,mistweaver,12,8,4
Mightbewôrth,thunderhorn,767,monk,mistweaver,12,8,4
Blitzcombo,thrall,767,monk,mistweaver,12,8,4
Sììre,tichondrius,767,monk,mistweaver,12,8,4
Zenspice,stormrage,767,monk,mistweaver,12,8,4
Chicheez,sargeras,767,monk,mistweaver,12,8,4
Rilenn,area-52,767,monk,mistweaver,12,8,4
Lenee,frostmourne,767,monk,mistweaver,12,8,4
Kymosolomk,sargeras,767,monk,mistweaver,12,8,4
Voltekkor,tichondrius,767,monk,mistweaver,14,8,6
Bopmykarma,kelthuzad,767,monk,mistweaver,18,8,10
Dabnhash,emerald-dream,767,monk,mistweaver,18,8,10
Voodubrew,area-52,767,monk,mistweaver,18,8,10
Dùffmán,jubeithos,767,monk,mistweaver,18,8,10
Ocmonk,hyjal,767,monk,mistweaver,18,8,10
Bogez,area-52,767,monk,mistweaver,18,8,10
Barleygar,tichondrius,767,monk,mistweaver,18,8,10
Benedïct,korgath,767,monk,mistweaver,18,8,10
Elfass,bleeding-hollow,767,monk,mistweaver,18,8,10
Onegai,illidan,767,monk,mistweaver,24,8,16
Apexian,kelthuzad,766,monk,mistweaver,12,8,4
Selfiestíck,tichondrius,766,monk,mistweaver,12,8,4
Karaka,ysera,766,monk,mistweaver,12,8,4
Shyntä,dalaran,766,monk,mistweaver,12,8,4
Artomist,stormrage,766,monk,mistweaver,12,8,4
Nakiki,cenarion-circle,766,monk,mistweaver,12,8,4
Tàekwondo,drakkari,766,monk,mistweaver,18,8,10
Fattyboy,area-52,765,monk,mistweaver,12,8,4
Kung,tichondrius,765,monk,mistweaver,18,8,10
Wzzi,tichondrius,765,monk,mistweaver,18,8,10
Slinger,kalecgos,764,monk,mistweaver,16,9,7
Scips,fizzcrank,764,monk,mistweaver,18,8,10
Savyi,stormreaver,763,monk,mistweaver,12,8,4
Kushmintz,whisperwind,762,monk,mistweaver,18,8,10
Fufu,terokkar,761,monk,mistweaver,18,8,10
Angrybrewski,tichondrius,757,monk,mistweaver,18,8,10
Fusionspell,stormrage,747,monk,mistweaver,24,8,16
Prddoss,quelthalas,745,monk,mistweaver,12,8,4
Sätsu,bleeding-hollow,735,monk,mistweaver,17,8,9
Áasuna,ragnaros,734,monk,mistweaver,20,9,11
Thaliondor,stormrage,720,monk,mistweaver,15,9,6
Kryflex,frostmourne,720,monk,mistweaver,15,9,6
Bombshellxo,illidan,719,monk,mistweaver,11,8,3
Cloq,kelthuzad,719,monk,mistweaver,17,8,9
Keekirx,tichondrius,711,monk,mistweaver,22,10,12
Rektfu,emerald-dream,708,monk,mistweaver,21,9,12
Whee,wyrmrest-accord,703,monk,mistweaver,11,8,3
Teddybéar,illidan,703,monk,mistweaver,14,8,6
Keloxx,ragnaros,702,monk,mistweaver,16,10,6
Hirav,khazgoroth,697,monk,mistweaver,21,9,12
Shortbuss,aegwynn,696,monk,mistweaver,14,8,6
Minttea,kiljaeden,690,monk,mistweaver,28,9,19
Hunchojack,undermine,672,monk,mistweaver,10,8,2
Galeindra,whisperwind,672,monk,mistweaver,12,7,5
Laggytoodope,kelthuzad,672,monk,mistweaver,12,7,5
Sweetröll,stormrage,672,monk,mistweaver,12,7,5
Saiyañ,proudmoore,672,monk,mistweaver,12,7,5
Abevx,bonechewer,672,monk,mistweaver,12,7,5
Tooflyfobrew,sargeras,672,monk,mistweaver,12,7,5
Alinejat,auchindoun,672,monk,mistweaver,12,7,5
Pandatrainer,drakkari,672,monk,mistweaver,12,7,5
Rookere,malganis,672,monk,mistweaver,12,7,5
Mwr,frostmourne,672,monk,mistweaver,12,7,5
Kegwalker,earthen-ring,672,monk,mistweaver,12,7,5
Dogmonster,stormrage,672,monk,mistweaver,12,7,5
Notrof,korgath,672,monk,mistweaver,12,7,5
Moönk,tichondrius,672,monk,mistweaver,12,7,5
Toothpick,blackrock,672,monk,mistweaver,12,7,5
Mundane,sargeras,672,monk,mistweaver,12,7,5
Lynio,area-52,672,monk,mistweaver,12,7,5
Yaloon,stormrage,672,monk,mistweaver,12,7,5
Kyrap,stormscale,672,monk,mistweaver,12,7,5
Brimhildaa,tichondrius,672,monk,mistweaver,12,7,5
Copamine,dalaran,672,monk,mistweaver,12,7,5
Synpunch,tichondrius,672,monk,mistweaver,12,7,5
Missclickx,azralon,672,monk,mistweaver,12,7,5
Immersion,the-forgotten-coast,672,monk,mistweaver,12,7,5
Aniwhy,tichondrius,672,monk,mistweaver,12,7,5
Monkybizniss,skywall,672,monk,mistweaver,12,7,5
Brokenfeels,azralon,672,monk,mistweaver,12,7,5
Lilpøøter,tichondrius,672,monk,mistweaver,12,7,5
Ashmisty,kelthuzad,672,monk,mistweaver,12,7,5
Brantkicks,tichondrius,672,monk,mistweaver,12,7,5
Jaxvisto,dalaran,672,monk,mistweaver,12,7,5
Boorams,tichondrius,672,monk,mistweaver,12,7,5
Zbell,sargeras,672,monk,mistweaver,12,7,5
Darong,tichondrius,672,monk,mistweaver,12,7,5
Fistay,burning-legion,672,monk,mistweaver,15,8,7
Beejae,tichondrius,672,monk,mistweaver,14,7,7
Èxpèrtisè,jubeithos,672,monk,mistweaver,14,7,7
Sjw,icecrown,672,monk,mistweaver,14,7,7
Argoholic,proudmoore,672,monk,mistweaver,18,7,11
Thevy,area-52,672,monk,mistweaver,18,7,11
Audrun,frostmourne,672,monk,mistweaver,18,7,11
Monktu,frostmourne,672,monk,mistweaver,18,7,11
Matthew,ravencrest,672,monk,mistweaver,18,7,11
Rôbo,emerald-dream,671,monk,mistweaver,12,7,5
Alisoly,tichondrius,671,monk,mistweaver,12,7,5
Touzin,bleeding-hollow,671,monk,mistweaver,12,7,5
Shwrmist,bleeding-hollow,671,monk,mistweaver,12,7,5
Universalize,zuljin,671,monk,mistweaver,12,7,5
Iwonson,mugthol,671,monk,mistweaver,12,7,5
Delightni,area-52,671,monk,mistweaver,12,7,5
Crankxx,malganis,671,monk,mistweaver,12,7,5
Niculinha,nemesis,671,monk,mistweaver,12,7,5
Jbonk,hyjal,671,monk,mistweaver,12,7,5
Hornymonkale,thrall,671,monk,mistweaver,12,7,5
Decha,skywall,671,monk,mistweaver,12,7,5
Monkydoo,blackhand,671,monk,mistweaver,12,7,5
Shórtlived,skullcrusher,671,monk,mistweaver,13,7,6
Táishen,wyrmrest-accord,671,monk,mistweaver,16,8,8
Bükki,ragnaros,671,monk,mistweaver,18,7,11
Thahomie,nordrassil,671,monk,mistweaver,24,7,17
Onlyfistss,illidan,670,monk,mistweaver,12,7,5
Swann,stormreaver,670,monk,mistweaver,12,7,5
Microdose,blackrock,670,monk,mistweaver,18,7,11
Khaldi,tichondrius,670,monk,mistweaver,19,7,12
Tusil,tichondrius,670,monk,mistweaver,24,7,17
Pandaranga,saurfang,670,monk,mistweaver,28,8,20
Unlemike,runetotem,669,monk,mistweaver,12,7,5
Nymchi,stormrage,669,monk,mistweaver,12,7,5
Melyodis,thrall,669,monk,mistweaver,18,7,11
Rosinhood,illidan,667,monk,mistweaver,12,7,5
Balooballs,frostmourne,667,monk,mistweaver,18,7,11
Ghostmk,nagrand,667,monk,mistweaver,18,7,11
Shihfu,azralon,667,monk,mistweaver,24,7,17
Wetspaghetti,malganis,661,monk,mistweaver,18,7,11
Munchan,hyjal,654,monk,mistweaver,11,9,2
Matchuh,stormrage,643,monk,mistweaver,25,8,17
Karu,barthilas,639,monk,mistweaver,18,8,10
Rènh,ragnaros,639,monk,mistweaver,17,7,10
Reflexsivex,malganis,638,monk,mistweaver,11,7,4
Tomaz,nazjatar,632,monk,mistweaver,11,7,4
Sourcandyx,area-52,624,monk,mistweaver,15,7,8
Blessedbalor,tichondrius,624,monk,mistweaver,21,7,14
Praydoh,tichondrius,623,monk,mistweaver,11,7,4
Dasubb,crushridge,623,monk,mistweaver,11,7,4
Azz,barthilas,623,monk,mistweaver,11,7,4
Jetchi,proudmoore,623,monk,mistweaver,11,7,4
Aerona,stormreaver,617,monk,mistweaver,12,8,4
Jayjaybrew,area-52,615,monk,mistweaver,22,8,14
Pandica,kiljaeden,607,monk,mistweaver,11,7,4
Robochöp,emerald-dream,606,monk,mistweaver,14,7,7
Monjepa,illidan,604,monk,mistweaver,20,7,13
Kruxx,anvilmar,576,monk,mistweaver,6,6,0
Chrîstmas,proudmoore,576,monk,mistweaver,6,6,0
Larkssmw,zuljin,576,monk,mistweaver,6,6,0
Watty,zuljin,576,monk,mistweaver,6,6,0
Bdâwg,frostmourne,576,monk,mistweaver,6,6,0
Søck,malfurion,576,monk,mistweaver,6,6,0
Jg,staghelm,576,monk,mistweaver,6,6,0
Munkï,tichondrius,576,monk,mistweaver,6,6,0
Minivanmom,illidan,576,monk,mistweaver,6,6,0
Nukeproof,stormreaver,576,monk,mistweaver,12,6,6
Tunchii,sargeras,576,monk,mistweaver,12,6,6
Chingwang,frostmourne,576,monk,mistweaver,12,6,6
Imakeplaysyo,illidan,576,monk,mistweaver,12,6,6
Magnustavick,bleeding-hollow,576,monk,mistweaver,12,6,6
Bearmode,wyrmrest-accord,576,monk,mistweaver,12,6,6
Mtsalt,bleeding-hollow,576,monk,mistweaver,12,6,6
Broyoulined,spirestone,576,monk,mistweaver,12,6,6
Fïish,stormrage,576,monk,mistweaver,12,6,6
Dungfish,mugthol,576,monk,mistweaver,12,6,6
Até,azralon,576,monk,mistweaver,12,6,6
Jbg,staghelm,576,monk,mistweaver,12,6,6
Boppweave,tichondrius,576,monk,mistweaver,12,6,6
Trins,azjolnerub,576,monk,mistweaver,12,6,6
Beaver,zuljin,576,monk,mistweaver,12,6,6
Frothy,bleeding-hollow,576,monk,mistweaver,12,6,6
Karrigwyn,tichondrius,576,monk,mistweaver,12,6,6
Dracc,zuljin,576,monk,mistweaver,12,6,6
Dreamfist,emerald-dream,576,monk,mistweaver,12,6,6
Aerlin,tichondrius,576,monk,mistweaver,12,6,6
Danceofchiji,tichondrius,576,monk,mistweaver,12,6,6
Brujitsu,thrall,576,monk,mistweaver,12,6,6
Lackofsleep,tichondrius,576,monk,mistweaver,12,6,6
Zeshmo,firetree,576,monk,mistweaver,12,6,6
Mënmä,ragnaros,576,monk,mistweaver,12,6,6
Cerrado,emerald-dream,576,monk,mistweaver,12,6,6
Kaztíel,ragnaros,576,monk,mistweaver,12,6,6
Transcend,nerzhul,576,monk,mistweaver,12,6,6
Faccemelter,illidan,576,monk,mistweaver,12,6,6
Steyi,nazjatar,576,monk,mistweaver,12,6,6
Gnomshini,proudmoore,576,monk,mistweaver,12,6,6
Wèave,tichondrius,576,monk,mistweaver,12,6,6
Janim,illidan,576,monk,mistweaver,12,6,6
Meisterbrew,garona,576,monk,mistweaver,12,6,6
Vayce,barthilas,576,monk,mistweaver,12,6,6
Ñightingale,queldorei,576,monk,mistweaver,12,6,6
Shadowbringr,proudmoore,576,monk,mistweaver,12,6,6
Aiswalle,illidan,576,monk,mistweaver,12,6,6
Wuwei,onyxia,576,monk,mistweaver,12,6,6
Sekushî,kelthuzad,576,monk,mistweaver,12,6,6
Ryukenshin,proudmoore,576,monk,mistweaver,12,6,6
Khungfeu,area-52,576,monk,mistweaver,12,6,6
Jieterchan,malganis,576,monk,mistweaver,12,6,6
Eightpoint,illidan,576,monk,mistweaver,12,6,6
Lumiän,area-52,576,monk,mistweaver,12,6,6
Shaqkobe,area-52,576,monk,mistweaver,12,6,6
Underpants,skullcrusher,576,monk,mistweaver,12,6,6
Mesak,ragnaros,576,monk,mistweaver,15,7,8
Zenblazer,illidan,576,monk,mistweaver,19,8,11
Fistweebin,area-52,576,monk,mistweaver,18,6,12
Tragictea,zuljin,576,monk,mistweaver,18,6,12
Mwgapper,sargeras,576,monk,mistweaver,18,6,12
Simarity,kelthuzad,576,monk,mistweaver,18,6,12
Littlegeorge,moon-guard,575,monk,mistweaver,6,6,0
Tohkmonk,crushridge,575,monk,mistweaver,6,6,0
Nf,zuljin,575,monk,mistweaver,12,6,6
Biglinky,sargeras,575,monk,mistweaver,12,6,6
Laopow,area-52,575,monk,mistweaver,12,6,6
Morhe,the-forgotten-coast,575,monk,mistweaver,12,6,6
Medge,kelthuzad,575,monk,mistweaver,12,6,6
Hibìscus,tichondrius,575,monk,mistweaver,12,6,6
Clytpuncher,emerald-dream,575,monk,mistweaver,12,6,6
Sknypicho,sargeras,575,monk,mistweaver,12,6,6
Glitchi,area-52,575,monk,mistweaver,12,6,6
Soysaucë,malganis,575,monk,mistweaver,12,6,6
Criarla,tichondrius,575,monk,mistweaver,12,6,6
Putisucia,nordrassil,575,monk,mistweaver,12,6,6
Xinn,kiljaeden,575,monk,mistweaver,12,6,6
Misha,akama,575,monk,mistweaver,12,6,6
Itsjohnnylol,azuremyst,575,monk,mistweaver,12,6,6
Rocketfist,bleeding-hollow,575,monk,mistweaver,12,6,6
Ormchi,stormrage,575,monk,mistweaver,13,6,7
Freepunchz,frostmourne,575,monk,mistweaver,18,6,12
Opmother,elune,575,monk,mistweaver,18,6,12
Fortyozkilla,thrall,575,monk,mistweaver,18,6,12
Neww,tichondrius,575,monk,mistweaver,18,6,12
Yanedin,dalaran,574,monk,mistweaver,12,6,6
Beatboxblues,skullcrusher,574,monk,mistweaver,12,6,6
Blorkk,area-52,574,monk,mistweaver,12,6,6
Tubbytiph,ghostlands,574,monk,mistweaver,24,6,18
Dokuho,silvermoon,572,monk,mistweaver,12,6,6
Mënace,skullcrusher,572,monk,mistweaver,12,6,6
Soulex,blackwater-raiders,572,monk,mistweaver,15,6,9
Gaturis,tichondrius,572,monk,mistweaver,21,7,14
Samanosukee,illidan,571,monk,mistweaver,12,6,6
Bógus,tichondrius,571,monk,mistweaver,12,6,6
Paladinei,tichondrius,571,monk,mistweaver,12,6,6
Paniku,sargeras,569,monk,mistweaver,12,6,6
Whosaidthat,frostmourne,568,monk,mistweaver,12,6,6
Keekismonk,gorefiend,566,monk,mistweaver,12,6,6
Dejohnette,quelthalas,565,monk,mistweaver,12,6,6
Boofie,perenolde,559,monk,mistweaver,11,6,5
Gyunyumanjuu,proudmoore,559,monk,mistweaver,11,6,5
Sohéi,proudmoore,559,monk,mistweaver,17,6,11
Fakelove,kelthuzad,544,monk,mistweaver,16,7,9
Ñoobmonk,tichondrius,543,monk,mistweaver,11,6,5
Saltyone,firetree,543,monk,mistweaver,14,7,7
Monkeybooze,sargeras,543,monk,mistweaver,14,7,7
Bigolagile,velen,537,monk,mistweaver,22,6,16
Domisalamii,sargeras,527,monk,mistweaver,11,6,5
Mastamonksta,illidan,512,monk,mistweaver,16,6,10
Räyè,tichondrius,511,monk,mistweaver,8,6,2
Oldmanwalker,mannoroth,511,monk,mistweaver,11,6,5
Tbrew,area-52,511,monk,mistweaver,14,6,8
Figurines,sargeras,496,monk,mistweaver,19,6,13
Roskoh,area-52,493,monk,mistweaver,19,6,13
Grumpî,tichondrius,480,monk,mistweaver,6,5,1
Elcidw,tichondrius,480,monk,mistweaver,6,5,1
Møzy,tichondrius,480,monk,mistweaver,6,5,1
Pandatong,tichondrius,480,monk,mistweaver,6,5,1
Rivnn,sargeras,480,monk,mistweaver,6,5,1
Zammymonk,area-52,480,monk,mistweaver,6,5,1
Theodôn,dalaran,480,monk,mistweaver,6,5,1
Pyoapple,tichondrius,480,monk,mistweaver,6,5,1
Getswept,area-52,480,monk,mistweaver,6,5,1
Daddbear,kiljaeden,480,monk,mistweaver,6,5,1
Yajirobei,area-52,480,monk,mistweaver,6,5,1
Mistwalk,tichondrius,480,monk,mistweaver,6,5,1
Satiremaster,frostmourne,480,monk,mistweaver,6,5,1
Yuldaddy,tichondrius,480,monk,mistweaver,6,5,1
Jurassaf,illidan,480,monk,mistweaver,6,5,1
Pinot,dragonmaw,480,monk,mistweaver,6,5,1
Koyon,sargeras,480,monk,mistweaver,6,5,1
Zhuangnimane,tichondrius,480,monk,mistweaver,6,5,1
Stepfíster,tichondrius,480,monk,mistweaver,6,5,1
Vybe,frostmourne,480,monk,mistweaver,6,5,1
Zuchi,barthilas,480,monk,mistweaver,6,5,1
Kayflock,tichondrius,480,monk,mistweaver,6,5,1
Møzy,darkspear,480,monk,mistweaver,6,5,1
Meepz,arthas,480,monk,mistweaver,6,5,1
Alvinete,tichondrius,480,monk,mistweaver,6,5,1
Nickimínaj,illidan,480,monk,mistweaver,6,5,1
Donatello,arthas,480,monk,mistweaver,6,5,1
Khidda,barthilas,480,monk,mistweaver,6,5,1
Genia,ragnaros,480,monk,mistweaver,6,5,1
Spirits,dreadmaul,480,monk,mistweaver,6,5,1
Ceronash,dalaran,480,monk,mistweaver,6,5,1
Dbmmonk,malganis,480,monk,mistweaver,6,5,1
Touchoftism,proudmoore,480,monk,mistweaver,6,5,1
Siddharthä,barthilas,480,monk,mistweaver,6,5,1
Choibaedal,tichondrius,480,monk,mistweaver,7,5,2
Dragonwarior,zuluhed,480,monk,mistweaver,8,5,3
Zenwyatt,area-52,480,monk,mistweaver,12,5,7
Masonn,kiljaeden,480,monk,mistweaver,12,5,7
Ouibaguette,kelthuzad,480,monk,mistweaver,12,5,7
Amybaby,sargeras,480,monk,mistweaver,12,5,7
Xavelha,tichondrius,480,monk,mistweaver,12,5,7
Snooky,kiljaeden,480,monk,mistweaver,12,5,7
Kaiøken,tichondrius,480,monk,mistweaver,12,5,7
Whipllash,tichondrius,480,monk,mistweaver,12,5,7
Piece,blackrock,480,monk,mistweaver,12,5,7
Touchofdell,illidan,480,monk,mistweaver,12,5,7
Kungfused,antonidas,480,monk,mistweaver,12,5,7
Zarrend,stormrage,480,monk,mistweaver,12,5,7
Cloudl,silvermoon,480,monk,mistweaver,12,5,7
Biggyballs,tichondrius,480,monk,mistweaver,12,5,7
Eraticmonk,illidan,480,monk,mistweaver,12,5,7
Harmoñize,moon-guard,480,monk,mistweaver,12,5,7
Chronost,sargeras,480,monk,mistweaver,12,5,7
Btipton,tichondrius,480,monk,mistweaver,12,5,7
Thehomìe,tichondrius,480,monk,mistweaver,12,5,7
Judo,khadgar,480,monk,mistweaver,12,5,7
Bigolbootay,tichondrius,480,monk,mistweaver,12,5,7
Palumorww,deathwing,480,monk,mistweaver,12,5,7
Malusiftw,tichondrius,480,monk,mistweaver,12,5,7
Linxiss,tichondrius,480,monk,mistweaver,12,5,7
Kimjongkick,sargeras,480,monk,mistweaver,12,5,7
Vashnir,lothar,480,monk,mistweaver,12,5,7
Duckpond,nerzhul,480,monk,mistweaver,12,5,7
Femifist,lightbringer,480,monk,mistweaver,12,5,7
Palden,blackrock,480,monk,mistweaver,12,5,7
Gnarmony,malganis,480,monk,mistweaver,12,5,7
Mistymarc,zuljin,480,monk,mistweaver,12,5,7
Paradissô,tichondrius,480,monk,mistweaver,12,5,7
Mythsmonkx,barthilas,480,monk,mistweaver,12,5,7
Crìstiano,malganis,480,monk,mistweaver,12,5,7
Nîxs,frostmourne,480,monk,mistweaver,12,5,7
Otzyy,turalyon,480,monk,mistweaver,12,5,7
Catchmemaybe,stormscale,480,monk,mistweaver,12,5,7
Xiaotaimei,frostmourne,480,monk,mistweaver,12,5,7
Onak,illidan,480,monk,mistweaver,12,5,7
Cannenmonk,sargeras,480,monk,mistweaver,12,5,7
Blackflag,queldorei,480,monk,mistweaver,18,5,13
Bruiseu,illidan,480,monk,mistweaver,18,5,13
Sna,dragonmaw,480,monk,mistweaver,18,5,13
Cckknckr,sargeras,480,monk,mistweaver,24,5,19
Màngø,ragnaros,480,monk,mistweaver,24,5,19
Monqq,tichondrius,479,monk,mistweaver,6,5,1
Badkarmasix,tichondrius,479,monk,mistweaver,6,5,1
Chimpo,ragnaros,479,monk,mistweaver,12,5,7
Wisepaw,tichondrius,479,monk,mistweaver,12,5,7
Paticus,area-52,479,monk,mistweaver,12,5,7
Bitrau,destromath,479,monk,mistweaver,12,5,7
Troutz,sargeras,479,monk,mistweaver,12,5,7
Tigmo,alleria,479,monk,mistweaver,12,5,7
Annara,tichondrius,479,monk,mistweaver,12,5,7
Tianhu,sargeras,479,monk,mistweaver,12,5,7
Satchelgizmo,tichondrius,479,monk,mistweaver,18,5,13
Manxxin,illidan,479,monk,mistweaver,18,5,13
Ltsneaky,bladefist,479,monk,mistweaver,30,5,25
Darksoult,kelthuzad,479,monk,mistweaver,30,5,25
Shmello,akama,478,monk,mistweaver,6,5,1
Cahuun,baelgun,478,monk,mistweaver,12,5,7
Moojìtsu,stormrage,478,monk,mistweaver,12,5,7
Tutulee,tichondrius,477,monk,mistweaver,6,5,1
Yungsun,ragnaros,463,monk,mistweaver,13,6,7
Drgigglez,tichondrius,463,monk,mistweaver,11,5,6
Whatdaheal,darkspear,451,monk,mistweaver,36,9,27
Majinyooshi,kelthuzad,448,monk,mistweaver,10,5,5
Bengal,arthas,447,monk,mistweaver,11,5,6
Beefdadyfist,tichondrius,440,monk,mistweaver,24,8,16
Supmybrew,frostmourne,431,monk,mistweaver,11,5,6
Indrazzxx,jubeithos,426,monk,mistweaver,11,7,4
Bellátíx,quelthalas,426,monk,mistweaver,17,9,8
Mindengo,sargeras,426,monk,mistweaver,15,7,8
Obàma,tichondrius,426,monk,mistweaver,13,6,7
Durath,burning-blade,415,monk,mistweaver,10,5,5
Snoogiee,khazgoroth,384,monk,mistweaver,6,4,2
Talker,stormrage,384,monk,mistweaver,6,4,2
Renzin,gilneas,384,monk,mistweaver,6,4,2
Brucetea,chogall,384,monk,mistweaver,6,4,2
Vvsm,tichondrius,384,monk,mistweaver,6,4,2
Fistfyre,kiljaeden,384,monk,mistweaver,6,4,2
Moistspot,frostmourne,384,monk,mistweaver,6,4,2
Põng,tichondrius,384,monk,mistweaver,6,4,2
Globalmonk,emerald-dream,384,monk,mistweaver,6,4,2
Lingerer,aerie-peak,384,monk,mistweaver,6,4,2
Reoc,bleeding-hollow,384,monk,mistweaver,6,4,2
Dude,tichondrius,384,monk,mistweaver,6,4,2
Keepcryin,gorefiend,384,monk,mistweaver,6,4,2
Kharazina,azralon,384,monk,mistweaver,6,4,2
Nikitip,tichondrius,384,monk,mistweaver,6,4,2
Doodoodookie,thunderhorn,384,monk,mistweaver,6,4,2
Healkinxo,tichondrius,384,monk,mistweaver,6,4,2
Ericfu,tichondrius,384,monk,mistweaver,6,4,2
Qimeng,sargeras,384,monk,mistweaver,6,4,2
Drchake,quelthalas,384,monk,mistweaver,6,4,2
Nipfuu,maelstrom,384,monk,mistweaver,6,4,2
Crentist,mannoroth,384,monk,mistweaver,6,4,2
Scovillah,emerald-dream,384,monk,mistweaver,6,4,2
Beersmonk,tichondrius,384,monk,mistweaver,6,4,2
Tinyboots,area-52,384,monk,mistweaver,6,4,2
Danie,nerzhul,384,monk,mistweaver,6,4,2
Rizzjutsu,stormrage,384,monk,mistweaver,6,4,2
Kokochiggy,tichondrius,384,monk,mistweaver,6,4,2
Jellobag,frostmane,384,monk,mistweaver,6,4,2
Glorioushole,area-52,384,monk,mistweaver,6,4,2
Alshee,nagrand,384,monk,mistweaver,6,4,2
Justamönk,moon-guard,384,monk,mistweaver,6,4,2
Chopsake,khadgar,384,monk,mistweaver,6,4,2
Mistyheals,emerald-dream,384,monk,mistweaver,6,4,2
Howziexd,tichondrius,384,monk,mistweaver,6,4,2
Throws,stormrage,384,monk,mistweaver,6,4,2
Ufs,illidan,384,monk,mistweaver,6,4,2
Avendare,tichondrius,384,monk,mistweaver,6,4,2
Balduglybaby,tichondrius,384,monk,mistweaver,6,4,2
Monkatron,arthas,384,monk,mistweaver,6,4,2
Jâzze,zuljin,384,monk,mistweaver,6,4,2
Freeoni,sargeras,384,monk,mistweaver,6,4,2
Blpkosher,tichondrius,384,monk,mistweaver,6,4,2
Kwazinator,area-52,384,monk,mistweaver,6,4,2
Levoz,area-52,384,monk,mistweaver,6,4,2
Vexed,illidan,384,monk,mistweaver,6,4,2
Shakeweightt,blackrock,384,monk,mistweaver,6,4,2
Creamchop,stormreaver,384,monk,mistweaver,6,4,2
Scoopyafupa,illidan,384,monk,mistweaver,6,4,2
Treysongz,illidan,384,monk,mistweaver,6,4,2
Keyndanlamor,sargeras,384,monk,mistweaver,6,4,2
Macnia,frostmourne,384,monk,mistweaver,6,4,2
Dontchattome,sargeras,384,monk,mistweaver,6,4,2
Dakism,sargeras,384,monk,mistweaver,6,4,2
Zamzae,tichondrius,384,monk,mistweaver,6,4,2
Lyla,aegwynn,384,monk,mistweaver,6,4,2
Plopnspheres,arthas,384,monk,mistweaver,10,4,6
Mockz,dentarg,384,monk,mistweaver,12,4,8
Pandàmonium,frostmourne,384,monk,mistweaver,12,4,8
Mõnk,illidan,384,monk,mistweaver,12,4,8
Sim,frostmourne,384,monk,mistweaver,12,4,8
Jincíe,area-52,384,monk,mistweaver,12,4,8
Crakgirl,malganis,384,monk,mistweaver,12,4,8
Hoyocochino,quelthalas,384,monk,mistweaver,12,4,8
Frankènmonk,illidan,384,monk,mistweaver,12,4,8
Valkana,kelthuzad,384,monk,mistweaver,12,4,8
Pax,boulderfist,384,monk,mistweaver,12,4,8
Mccoy,quelthalas,384,monk,mistweaver,12,4,8
Nicolascåge,destromath,384,monk,mistweaver,12,4,8
Hungrydevil,tichondrius,384,monk,mistweaver,12,4,8
Chèmosh,fenris,384,monk,mistweaver,12,4,8
Macktickle,zuljin,384,monk,mistweaver,12,4,8
Shredmw,tichondrius,384,monk,mistweaver,12,4,8
Tanipto,tichondrius,384,monk,mistweaver,12,4,8
Jimbojenkins,bleeding-hollow,384,monk,mistweaver,12,4,8
Sprinkli,sargeras,384,monk,mistweaver,12,4,8
Windwalken,sargeras,384,monk,mistweaver,12,4,8
Yunei,tichondrius,384,monk,mistweaver,12,4,8
Fluffykaboom,destromath,384,monk,mistweaver,12,4,8
Zënløvë,tichondrius,384,monk,mistweaver,12,4,8
Fistorcstar,daggerspine,384,monk,mistweaver,12,4,8
Neversweep,tichondrius,384,monk,mistweaver,12,4,8
Nutbag,norgannon,384,monk,mistweaver,12,4,8
Darylphilbin,emerald-dream,384,monk,mistweaver,12,4,8
Darkeiji,stormrage,384,monk,mistweaver,12,4,8
Mingfei,uther,384,monk,mistweaver,12,4,8
Migchi,sargeras,384,monk,mistweaver,12,4,8
Iamapotato,tichondrius,384,monk,mistweaver,18,4,14
Rakesh,azralon,383,monk,mistweaver,6,4,2
Therivermist,tichondrius,383,monk,mistweaver,6,4,2
Fvl,barthilas,383,monk,mistweaver,12,4,8
Zyemell,tichondrius,383,monk,mistweaver,12,4,8
Esleif,moonrunner,383,monk,mistweaver,12,4,8
Ciru,zangarmarsh,383,monk,mistweaver,12,4,8
Jigong,bleeding-hollow,383,monk,mistweaver,12,4,8
Izgoku,frostmane,383,monk,mistweaver,18,4,14
Rollbot,kelthuzad,382,monk,mistweaver,6,4,2
Drzoid,thrall,382,monk,mistweaver,12,4,8
Sence,lightnings-blade,382,monk,mistweaver,18,4,14
Jeme,tichondrius,379,monk,mistweaver,12,4,8
Sáble,stormrage,351,monk,mistweaver,11,4,7
Lenakai,malganis,351,monk,mistweaver,11,4,7
Daddywarpig,tichondrius,336,monk,mistweaver,9,4,5
Zhihua,moon-guard,336,monk,mistweaver,21,4,17
ßiggiesmallz,barthilas,330,monk,mistweaver,12,5,7
Xiaovega,dalaran,329,monk,mistweaver,16,5,11
Kimchidelite,gorefiend,319,monk,mistweaver,5,4,1
Hauntings,hellscream,319,monk,mistweaver,5,4,1
Drkeen,frostmourne,288,monk,mistweaver,10,5,5
Chayim,wyrmrest-accord,288,monk,mistweaver,6,3,3
Berzerk,dalvengyr,288,monk,mistweaver,6,3,3
Zchi,zuljin,288,monk,mistweaver,6,3,3
Spacoli,stormrage,288,monk,mistweaver,6,3,3
Austaar,frostmourne,288,monk,mistweaver,6,3,3
Lundch,tichondrius,288,monk,mistweaver,6,3,3
Ase,frostwolf,288,monk,mistweaver,6,3,3
Stigzz,stormrage,288,monk,mistweaver,6,3,3
Lyántrying,korgath,288,monk,mistweaver,6,3,3
Giggacuck,frostmourne,288,monk,mistweaver,6,3,3
Zaçh,frostmane,288,monk,mistweaver,6,3,3
Seii,ravenholdt,288,monk,mistweaver,6,3,3
Kayla,ursin,288,monk,mistweaver,6,3,3
Lemeta,tichondrius,288,monk,mistweaver,6,3,3
Zargtruth,proudmoore,288,monk,mistweaver,6,3,3
Imisswodxo,illidan,288,monk,mistweaver,6,3,3
Monkgodx,tichondrius,288,monk,mistweaver,6,3,3
Gguldduck,tichondrius,288,monk,mistweaver,6,3,3
Madson,darkspear,288,monk,mistweaver,6,3,3
Növa,alterac-mountains,288,monk,mistweaver,6,3,3
Bosschops,illidan,288,monk,mistweaver,6,3,3
Khadfu,sargeras,288,monk,mistweaver,6,3,3
Notcheez,area-52,288,monk,mistweaver,6,3,3
Arinix,tichondrius,288,monk,mistweaver,6,3,3
Greenteafrãp,bleeding-hollow,288,monk,mistweaver,6,3,3
Skâ,kiljaeden,288,monk,mistweaver,6,3,3
Voguex,area-52,288,monk,mistweaver,6,3,3
Fammi,stormrage,288,monk,mistweaver,6,3,3
Nomonko,tichondrius,288,monk,mistweaver,6,3,3
Hundski,bleeding-hollow,288,monk,mistweaver,6,3,3
Ðreadhot,malganis,288,monk,mistweaver,6,3,3
Foxjade,thrall,288,monk,mistweaver,6,3,3
Cädemaddöx,stormrage,288,monk,mistweaver,6,3,3
Maripaulita,ragnaros,288,monk,mistweaver,6,3,3
Chingu,ragnaros,288,monk,mistweaver,6,3,3
Streetcreds,bleeding-hollow,288,monk,mistweaver,6,3,3
Misswalk,ragnaros,288,monk,mistweaver,6,3,3
Vidrus,gorefiend,288,monk,mistweaver,6,3,3
Kármâ,darkspear,288,monk,mistweaver,6,3,3
Densíty,kiljaeden,288,monk,mistweaver,6,3,3
Dedmk,azralon,288,monk,mistweaver,6,3,3
Droppinfast,sargeras,288,monk,mistweaver,6,3,3
Miýagi,sargeras,288,monk,mistweaver,6,3,3
Swansational,sargeras,288,monk,mistweaver,6,3,3
Dbgzx,illidan,288,monk,mistweaver,6,3,3
Nefazzto,ragnaros,288,monk,mistweaver,6,3,3
ßöe,sargeras,288,monk,mistweaver,6,3,3
Aphrodîîte,area-52,288,monk,mistweaver,6,3,3
Cashina,azralon,288,monk,mistweaver,6,3,3
Furrykisser,tichondrius,288,monk,mistweaver,6,3,3
Jnziww,area-52,288,monk,mistweaver,6,3,3
Maybeyooshi,kelthuzad,288,monk,mistweaver,6,3,3
Möösê,moon-guard,288,monk,mistweaver,6,3,3
Fysicalx,stormrage,288,monk,mistweaver,6,3,3
Ighostgirls,thrall,288,monk,mistweaver,6,3,3
Polyphia,lothar,288,monk,mistweaver,6,3,3
Macproblem,malganis,288,monk,mistweaver,6,3,3
Graoul,thaurissan,288,monk,mistweaver,6,3,3
Fistin,laughing-skull,288,monk,mistweaver,6,3,3
Bakanani,magtheridon,288,monk,mistweaver,6,3,3
Tambher,lightbringer,288,monk,mistweaver,6,3,3
Teclas,ragnaros,288,monk,mistweaver,6,3,3
Rzeznik,boulderfist,288,monk,mistweaver,6,3,3
Rasgacrú,stormrage,288,monk,mistweaver,6,3,3
Kotonnoha,quelthalas,288,monk,mistweaver,6,3,3
Thiccstroke,illidan,288,monk,mistweaver,6,3,3
Mystï,silvermoon,288,monk,mistweaver,6,3,3
Stunnedheals,arthas,288,monk,mistweaver,6,3,3
Darkjab,tichondrius,288,monk,mistweaver,6,3,3
Qoong,tichondrius,288,monk,mistweaver,6,3,3
Spiritmist,sargeras,288,monk,mistweaver,6,3,3
Grogio,wyrmrest-accord,288,monk,mistweaver,6,3,3
Monaks,barthilas,288,monk,mistweaver,6,3,3
Omnivò,emerald-dream,288,monk,mistweaver,6,3,3
Zzizzi,tichondrius,288,monk,mistweaver,6,3,3
Loppjr,tichondrius,288,monk,mistweaver,6,3,3
Quartztiger,sargeras,288,monk,mistweaver,6,3,3
Dgmonk,tichondrius,288,monk,mistweaver,6,3,3
Duckingkarma,tichondrius,288,monk,mistweaver,6,3,3
Feelsogöod,tichondrius,288,monk,mistweaver,6,3,3
Quander,tichondrius,288,monk,mistweaver,6,3,3
Facekandy,tichondrius,288,monk,mistweaver,6,3,3
Spicybrew,tichondrius,288,monk,mistweaver,6,3,3
Backup,lothar,288,monk,mistweaver,11,4,7
Kúrios,azralon,288,monk,mistweaver,10,3,7
Chilliweaver,frostmourne,288,monk,mistweaver,12,3,9
Øtpp,sargeras,288,monk,mistweaver,12,3,9
Sterow,kiljaeden,288,monk,mistweaver,12,3,9
Mwtouch,nemesis,288,monk,mistweaver,12,3,9
Korvishka,malganis,288,monk,mistweaver,12,3,9
Hixemonk,illidan,288,monk,mistweaver,12,3,9
Badnboojie,malganis,288,monk,mistweaver,12,3,9
Katalina,alexstrasza,288,monk,mistweaver,12,3,9
Fitofryfitof,aegwynn,288,monk,mistweaver,12,3,9
Zignzag,stormscale,288,monk,mistweaver,12,3,9
Dreadneck,sargeras,288,monk,mistweaver,12,3,9
Gentlefists,sargeras,288,monk,mistweaver,12,3,9
Absolutvodca,nemesis,288,monk,mistweaver,12,3,9
Wørm,emerald-dream,288,monk,mistweaver,12,3,9
Porkmist,icecrown,288,monk,mistweaver,12,3,9
Selfîe,ysera,288,monk,mistweaver,12,3,9
Wizcaulifa,stormrage,288,monk,mistweaver,12,3,9
Prodivuss,stormrage,288,monk,mistweaver,12,3,9
Imakiya,tichondrius,288,monk,mistweaver,17,3,14
Iarw,tichondrius,287,monk,mistweaver,6,3,3
Starskreem,tichondrius,287,monk,mistweaver,6,3,3
Alanimistw,khadgar,287,monk,mistweaver,6,3,3
Holandri,moon-guard,287,monk,mistweaver,6,3,3
Baaron,sargeras,287,monk,mistweaver,6,3,3
Gatsbi,arthas,287,monk,mistweaver,6,3,3
Deyseddia,azgalor,287,monk,mistweaver,6,3,3
Fistidmi,area-52,287,monk,mistweaver,11,4,7
Shlumpuh,tichondrius,287,monk,mistweaver,16,4,12
Uninvited,perenolde,286,monk,mistweaver,6,3,3
Lilpielover,zuljin,286,monk,mistweaver,15,4,11
Klassik,thrall,286,monk,mistweaver,21,4,17
Fingies,garrosh,271,monk,mistweaver,11,3,8
Howu,tichondrius,271,monk,mistweaver,11,3,8
Timjongill,stormrage,271,monk,mistweaver,11,3,8
Fiztingfaded,area-52,265,monk,mistweaver,20,6,14
Lildae,burning-legion,256,monk,mistweaver,4,4,0
Koragro,tichondrius,239,monk,mistweaver,5,3,2
Honorviejos,illidan,239,monk,mistweaver,11,3,8
Zeisei,wyrmrest-accord,234,monk,mistweaver,10,4,6
Friedpanda,kelthuzad,234,monk,mistweaver,16,4,12
Hirado,kelthuzad,234,monk,mistweaver,16,4,12
Happymonk,tichondrius,233,monk,mistweaver,37,4,33
Shaotee,tichondrius,208,monk,mistweaver,7,3,4
Fujiô,illidan,192,monk,mistweaver,4,3,1
Furryfisttin,illidan,192,monk,mistweaver,8,3,5
Feihung,executus,192,monk,mistweaver,6,2,4
Hitchslapz,tichondrius,192,monk,mistweaver,6,2,4
Djbluezx,tichondrius,192,monk,mistweaver,6,2,4
Alfonzó,tichondrius,192,monk,mistweaver,6,2,4
Tigerlust,sargeras,192,monk,mistweaver,6,2,4
Fortnight,emerald-dream,192,monk,mistweaver,6,2,4
Wamii,tichondrius,192,monk,mistweaver,6,2,4
Míyãgí,tichondrius,192,monk,mistweaver,6,2,4
Aquamonk,tichondrius,192,monk,mistweaver,6,2,4
Rollsrice,area-52,192,monk,mistweaver,6,2,4
Lilknucks,bonechewer,192,monk,mistweaver,6,2,4
Broxxenidas,quelthalas,192,monk,mistweaver,6,2,4
Bamboøzled,daggerspine,192,monk,mistweaver,6,2,4
Zxychi,hyjal,192,monk,mistweaver,6,2,4
Melocotonn,goldrinn,192,monk,mistweaver,6,2,4
Acena,stormrage,192,monk,mistweaver,6,2,4
Rubntug,zuljin,192,monk,mistweaver,6,2,4
Rekque,amanthul,192,monk,mistweaver,6,2,4
Caralia,exodar,192,monk,mistweaver,6,2,4
Banidiin,moon-guard,192,monk,mistweaver,6,2,4
Zåz,nazgrel,192,monk,mistweaver,6,2,4
Odradek,thunderlord,192,monk,mistweaver,6,2,4
Theriní,stormrage,192,monk,mistweaver,6,2,4
Silkymoves,tichondrius,192,monk,mistweaver,6,2,4
Bodyshot,area-52,192,monk,mistweaver,6,2,4
Skadouch,wyrmrest-accord,192,monk,mistweaver,6,2,4
Hugerichard,wyrmrest-accord,192,monk,mistweaver,6,2,4
Iililiililil,stormrage,192,monk,mistweaver,6,2,4
Nilonsso,sargeras,192,monk,mistweaver,6,2,4
Primez,frostmourne,192,monk,mistweaver,6,2,4
Notastreamer,frostmourne,192,monk,mistweaver,6,2,4
Ashenn,area-52,192,monk,mistweaver,6,2,4
Xanzee,area-52,192,monk,mistweaver,6,2,4
Sebasu,perenolde,192,monk,mistweaver,6,2,4
Mistbeard,aggramar,192,monk,mistweaver,6,2,4
Fäded,trollbane,192,monk,mistweaver,6,2,4
Shaweaver,caelestrasz,192,monk,mistweaver,6,2,4
Streetjezus,bloodhoof,192,monk,mistweaver,6,2,4
Privm,moonrunner,192,monk,mistweaver,6,2,4
Monky,black-dragonflight,192,monk,mistweaver,6,2,4
Tarae,nagrand,192,monk,mistweaver,6,2,4
Kîkû,moon-guard,192,monk,mistweaver,6,2,4
Kickflipy,dalaran,192,monk,mistweaver,6,2,4
Drfistyfingr,malganis,192,monk,mistweaver,6,2,4
Maqaveli,sargeras,192,monk,mistweaver,6,2,4
Zengoku,zuljin,192,monk,mistweaver,6,2,4
Jaybum,sargeras,192,monk,mistweaver,6,2,4
Selocke,bleeding-hollow,192,monk,mistweaver,6,2,4
Fïstbeaver,malganis,192,monk,mistweaver,6,2,4
Demödras,stormrage,192,monk,mistweaver,6,2,4
Foxmacleod,bleeding-hollow,192,monk,mistweaver,6,2,4
Prodigious,illidan,192,monk,mistweaver,6,2,4
Taintickler,stormrage,192,monk,mistweaver,6,2,4
Kåelarayn,moon-guard,192,monk,mistweaver,6,2,4
Apparent,lightnings-blade,192,monk,mistweaver,6,2,4
Quickhands,dalaran,192,monk,mistweaver,6,2,4
Jittersx,silvermoon,192,monk,mistweaver,6,2,4
Onepunch,exodar,192,monk,mistweaver,7,2,5
Coffeek,area-52,192,monk,mistweaver,8,2,6
Glowsgreenby,area-52,192,monk,mistweaver,8,2,6
Whtnyhuston,sargeras,192,monk,mistweaver,8,2,6
Whynotec,tichondrius,192,monk,mistweaver,12,2,10
Hellcow,frostmourne,192,monk,mistweaver,12,2,10
Bubblekit,nerzhul,192,monk,mistweaver,12,2,10
Missmagda,darkspear,192,monk,mistweaver,12,2,10
Tacoma,sargeras,192,monk,mistweaver,12,2,10
Mung,boulderfist,192,monk,mistweaver,12,2,10
Gândhi,kiljaeden,192,monk,mistweaver,12,2,10
Monkik,laughing-skull,192,monk,mistweaver,12,2,10
Taymonk,stormrage,192,monk,mistweaver,12,2,10
Yomamaflo,wildhammer,192,monk,mistweaver,12,2,10
Kick,dragonmaw,192,monk,mistweaver,12,2,10
Ixport78F298,moon-guard,192,monk,mistweaver,12,2,10
Ðetroitsmash,sargeras,192,monk,mistweaver,12,2,10
Sanytea,sargeras,192,monk,mistweaver,12,2,10
Chuggernaut,illidan,192,monk,mistweaver,15,2,13
Fatde,daggerspine,192,monk,mistweaver,18,2,16
Farmerstan,sargeras,192,monk,mistweaver,18,2,16
Senzmist,lightbringer,191,monk,mistweaver,6,2,4
Honestworkz,area-52,191,monk,mistweaver,6,2,4
Realisthands,barthilas,191,monk,mistweaver,6,2,4
Rorik,deathwing,191,monk,mistweaver,12,2,10
Phystweaver,malganis,175,monk,mistweaver,11,2,9
Saucyfists,silvermoon,144,monk,mistweaver,3,3,0
Miestro,tichondrius,138,monk,mistweaver,6,3,3
Fijiwater,stormrage,138,monk,mistweaver,9,3,6
ßøøstêðçhåñ,illidan,138,monk,mistweaver,9,3,6
Slimweaver,stormrage,138,monk,mistweaver,13,4,9
Vyostao,ragnaros,138,monk,mistweaver,11,3,8
Averagéjoe,tichondrius,127,monk,mistweaver,8,2,6
Mysstickle,icecrown,96,monk,mistweaver,3,2,1
Danicah,altar-of-storms,96,monk,mistweaver,6,1,5
Jamesboong,illidan,96,monk,mistweaver,6,1,5
Ogmonk,skullcrusher,96,monk,mistweaver,6,1,5
Stickyloads,illidan,96,monk,mistweaver,6,1,5
Kenvuki,emerald-dream,96,monk,mistweaver,6,1,5
Kaÿñ,area-52,96,monk,mistweaver,6,1,5
Ünarù,area-52,96,monk,mistweaver,6,1,5
Shrimptown,dalaran,96,monk,mistweaver,6,1,5
Théophila,illidan,96,monk,mistweaver,6,1,5
Raylá,kelthuzad,96,monk,mistweaver,6,1,5
Charrek,zuljin,96,monk,mistweaver,6,1,5
Kiawe,zuljin,96,monk,mistweaver,6,1,5
Kungfucheeks,illidan,96,monk,mistweaver,6,1,5
Ezpzmonk,bloodscalp,96,monk,mistweaver,6,1,5
Zrza,tichondrius,96,monk,mistweaver,6,1,5
Monkuxe,zuljin,96,monk,mistweaver,6,1,5
Bannedbybliz,thrall,96,monk,mistweaver,6,1,5
Dirack,quelthalas,96,monk,mistweaver,6,1,5
Naveex,bleeding-hollow,96,monk,mistweaver,6,1,5
Brewtalìty,tichondrius,96,monk,mistweaver,6,1,5
Yangdingtian,sargeras,96,monk,mistweaver,6,1,5
Turkeydinner,frostmourne,96,monk,mistweaver,6,1,5
Kimmyfists,tichondrius,96,monk,mistweaver,6,1,5
Fatboyswag,tichondrius,96,monk,mistweaver,6,1,5
Súprä,stormrage,96,monk,mistweaver,6,1,5
Dankestkhan,korialstrasz,96,monk,mistweaver,6,1,5
Findorato,windrunner,96,monk,mistweaver,6,1,5
Limejuulpod,malganis,96,monk,mistweaver,6,1,5
Squidbillie,moon-guard,96,monk,mistweaver,6,1,5
Rockfu,illidan,96,monk,mistweaver,6,1,5
Tzobee,stormrage,96,monk,mistweaver,6,1,5
Kayakpunch,moon-guard,96,monk,mistweaver,6,1,5
Ruion,moon-guard,96,monk,mistweaver,6,1,5
Criminall,aegwynn,96,monk,mistweaver,6,1,5
Samaera,uther,96,monk,mistweaver,6,1,5
Froggie,illidan,96,monk,mistweaver,6,1,5
Notthefather,area-52,96,monk,mistweaver,6,1,5
Lomist,nazjatar,96,monk,mistweaver,6,1,5
Daeio,burning-legion,96,monk,mistweaver,6,1,5
Hedgefrogs,stormrage,96,monk,mistweaver,6,1,5
Lainerya,moon-guard,96,monk,mistweaver,6,1,5
Faméd,stormrage,96,monk,mistweaver,8,1,7
Eliwenn,ragnaros,96,monk,mistweaver,12,1,11
Zenmidget,kelthuzad,96,monk,mistweaver,12,1,11
Ghostsofur,tichondrius,96,monk,mistweaver,12,1,11
Selectra,malfurion,95,monk,mistweaver,6,1,5
Sputnîk,nemesis,84,monk,mistweaver,16,6,10
Excitable,moon-guard,84,monk,mistweaver,11,4,7
Clixstermonk,area-52,79,monk,mistweaver,5,1,4
Fairymonk,frostwolf,79,monk,mistweaver,5,1,4
Jentmonk,tichondrius,64,monk,mistweaver,4,1,3
Thalreyzian,vashj,64,monk,mistweaver,4,1,3
Deethnutth,bleeding-hollow,63,monk,mistweaver,2,2,0
Fumoo,sargeras,42,monk,mistweaver,10,3,7
Yuløn,illidan,31,monk,mistweaver,2,1,1
Vazana,moon-guard,30,monk,mistweaver,18,7,11
Epucphail,kelthuzad,1221,monk,brewmaster,78,33,45
Worldpvp,nerzhul,1049,monk,brewmaster,33,12,21
Omgar,frostmourne,1046,monk,brewmaster,44,17,27
Daesun,quelthalas,672,monk,brewmaster,12,7,5
Morpheous,whisperwind,383,monk,brewmaster,6,4,2
Doughboy,skullcrusher,383,monk,brewmaster,12,4,8
Robbo,tichondrius,288,monk,brewmaster,6,3,3
Genié,moon-guard,288,monk,brewmaster,6,3,3
Quaria,moon-guard,288,monk,brewmaster,18,3,15
Lonebamboo,tichondrius,192,monk,brewmaster,6,2,4
Rín,dalaran,192,monk,brewmaster,6,2,4
Drunkfight,zuljin,192,monk,brewmaster,18,2,16
Encry,zuljin,191,monk,brewmaster,6,2,4
Ferrarí,quelthalas,79,monk,brewmaster,11,1,10
Neighbors,sargeras,2287,monk,windwalker,139,76,63
Iminglee,area-52,2240,monk,windwalker,112,59,53
Keyam,illidan,2208,monk,windwalker,101,54,47
Primez,frostmourne,2195,monk,windwalker,83,45,38
Yerky,stormrage,2184,monk,windwalker,83,46,37
Judo,agamaggan,2157,monk,windwalker,86,46,40
Fueld,burning-legion,2156,monk,windwalker,360,184,176
Sean,nazjatar,2143,monk,windwalker,72,38,34
Senseiww,sargeras,2143,monk,windwalker,126,64,62
Pacmankr,tichondrius,2135,monk,windwalker,153,80,73
Thewy,tichondrius,2132,monk,windwalker,108,55,53
Droguex,tichondrius,2128,monk,windwalker,222,111,111
Cmx,sargeras,2125,monk,windwalker,172,88,84
Riversøng,frostmourne,2115,monk,windwalker,84,46,38
Chyx,tichondrius,2113,monk,windwalker,112,57,55
Flattsww,tichondrius,2111,monk,windwalker,274,140,134
Stárset,illidan,2104,monk,windwalker,96,54,42
Iílílílílílí,area-52,2101,monk,windwalker,84,43,41
Catgallery,tichondrius,2100,monk,windwalker,203,105,98
Homun,tichondrius,2100,monk,windwalker,94,46,48
Fatal,bonechewer,2059,monk,windwalker,118,65,53
Rickybobbyx,vashj,2057,monk,windwalker,113,56,57
Hypnøtìze,frostmourne,2055,monk,windwalker,185,98,87
Larryjonés,area-52,2051,monk,windwalker,203,103,100
Rytes,moon-guard,2050,monk,windwalker,171,91,80
Bigherosixx,tichondrius,2042,monk,windwalker,114,60,54
Liamllama,barthilas,2036,monk,windwalker,176,92,84
Hiurge,tichondrius,2035,monk,windwalker,72,41,31
Edenx,sargeras,2022,monk,windwalker,54,33,21
Blackpandax,tichondrius,2008,monk,windwalker,107,55,52
Spotifyfan,ysera,1994,monk,windwalker,189,103,86
Madtiger,scilla,1993,monk,windwalker,123,64,59
Cuteirl,tichondrius,1970,monk,windwalker,84,53,31
Inbu,tichondrius,1968,monk,windwalker,135,68,67
Shïvïr,azralon,1962,monk,windwalker,171,89,82
Fínzy,tichondrius,1962,monk,windwalker,203,104,99
Crashandflow,zuljin,1961,monk,windwalker,60,33,27
Bdw,tichondrius,1955,monk,windwalker,142,84,58
Robbo,tichondrius,1949,monk,windwalker,71,37,34
Shírÿu,azralon,1943,monk,windwalker,71,39,32
Chopt,zuljin,1940,monk,windwalker,78,36,42
Repbrew,sargeras,1934,monk,windwalker,81,40,41
Touchofdeáth,stormrage,1933,monk,windwalker,143,77,66
Baddi,uldum,1931,monk,windwalker,154,79,75
Wondý,quelthalas,1931,monk,windwalker,173,86,87
Nehji,illidan,1927,monk,windwalker,141,70,71
Serthean,illidan,1919,monk,windwalker,158,81,77
Conngaline,stormreaver,1918,monk,windwalker,359,177,182
Dzq,stormrage,1906,monk,windwalker,87,48,39
Xølik,draenor,1905,monk,windwalker,42,30,12
Omnly,stormrage,1901,monk,windwalker,56,30,26
Artam,thrall,1900,monk,windwalker,71,44,27
Weathermanxv,kelthuzad,1896,monk,windwalker,123,56,67
Duhäst,sargeras,1895,monk,windwalker,78,46,32
Wwlékinhø,azralon,1894,monk,windwalker,60,35,25
Threnody,malganis,1891,monk,windwalker,82,39,43
Sínsayer,tichondrius,1888,monk,windwalker,102,45,57
Lodbork,tichondrius,1887,monk,windwalker,437,223,214
Lhiri,moon-guard,1886,monk,windwalker,65,33,32
Marçi,moon-guard,1883,monk,windwalker,127,61,66
Maozhën,tichondrius,1882,monk,windwalker,60,31,29
Frootsmoothi,thrall,1871,monk,windwalker,95,45,50
Gaslighterr,tichondrius,1869,monk,windwalker,42,27,15
Jaxvisto,dalaran,1868,monk,windwalker,101,51,50
Screwz,tichondrius,1867,monk,windwalker,67,33,34
Yuujitsu,sargeras,1863,monk,windwalker,157,82,75
Mikeyx,area-52,1862,monk,windwalker,36,21,15
Choplo,demon-soul,1859,monk,windwalker,60,32,28
Mikephoenix,tichondrius,1851,monk,windwalker,121,62,59
Torkscrew,bleeding-hollow,1850,monk,windwalker,36,21,15
Alshee,nagrand,1846,monk,windwalker,45,24,21
Guylian,tichondrius,1845,monk,windwalker,58,30,28
Tschi,illidan,1844,monk,windwalker,42,29,13
Helvectius,tichondrius,1843,monk,windwalker,192,90,102
Smokechief,hyjal,1841,monk,windwalker,48,27,21
Züdo,area-52,1841,monk,windwalker,105,55,50
Allmight,wyrmrest-accord,1839,monk,windwalker,105,58,47
Broomooster,bleeding-hollow,1839,monk,windwalker,53,24,29
Napbox,bleeding-hollow,1837,monk,windwalker,152,79,73
Absurd,mannoroth,1836,monk,windwalker,33,21,12
Unhappyclown,tichondrius,1836,monk,windwalker,155,87,68
Kuranchi,sargeras,1836,monk,windwalker,42,23,19
Sunfistway,sargeras,1835,monk,windwalker,80,48,32
Karmerr,proudmoore,1835,monk,windwalker,66,35,31
Tippytap,bleeding-hollow,1826,monk,windwalker,83,39,44
Lopez,sargeras,1825,monk,windwalker,54,35,19
Backfliptime,ragnaros,1825,monk,windwalker,46,28,18
Lahri,silvermoon,1824,monk,windwalker,74,45,29
Nelariah,wyrmrest-accord,1822,monk,windwalker,59,28,31
Sylash,ragnaros,1821,monk,windwalker,36,21,15
Sentomaru,bleeding-hollow,1820,monk,windwalker,66,33,33
Vybïn,tichondrius,1816,monk,windwalker,294,146,148
Micai,thrall,1813,monk,windwalker,42,25,17
Doczen,malganis,1812,monk,windwalker,60,29,31
Jamut,stormrage,1812,monk,windwalker,54,23,31
Maomaogun,tichondrius,1810,monk,windwalker,42,29,13
Xìðñ,moon-guard,1808,monk,windwalker,102,70,32
Shisama,area-52,1807,monk,windwalker,38,26,12
Percentx,tichondrius,1806,monk,windwalker,48,22,26
Turbofist,bleeding-hollow,1803,monk,windwalker,42,25,17
Accidntprone,zangarmarsh,1801,monk,windwalker,54,28,26
Muhli,kiljaeden,1800,monk,windwalker,42,22,20
Monkatron,arthas,1799,monk,windwalker,113,57,56
Xanaxåddict,sargeras,1798,monk,windwalker,209,106,103
Ghooch,illidan,1791,monk,windwalker,60,36,24
Fátë,tichondrius,1790,monk,windwalker,114,50,64
Brewceo,area-52,1787,monk,windwalker,66,34,32
Dwarfmonk,tichondrius,1782,monk,windwalker,48,22,26
Innerverse,tichondrius,1781,monk,windwalker,53,26,27
Alps,darkspear,1780,monk,windwalker,48,24,24
Atsuyuki,nemesis,1778,monk,windwalker,55,25,30
Rockyßalboa,sargeras,1774,monk,windwalker,85,50,35
Thuyvan,barthilas,1773,monk,windwalker,54,31,23
Mhmmzz,sargeras,1769,monk,windwalker,114,58,56
Zionk,tichondrius,1768,monk,windwalker,108,74,34
Monkgyatso,drakthul,1761,monk,windwalker,120,63,57
Tristantwo,sargeras,1761,monk,windwalker,96,47,49
Furiamvp,stormrage,1759,monk,windwalker,48,26,22
Gigached,zuljin,1759,monk,windwalker,75,35,40
Jümmy,area-52,1757,monk,windwalker,54,26,28
Snebyos,tichondrius,1751,monk,windwalker,95,55,40
Bakha,illidan,1750,monk,windwalker,29,19,10
Phistea,area-52,1749,monk,windwalker,75,37,38
Jåðëðrägøñ,sargeras,1745,monk,windwalker,61,36,25
Kagebunshin,kelthuzad,1744,monk,windwalker,42,25,17
Bruceteå,area-52,1744,monk,windwalker,36,19,17
Zynflex,tichondrius,1743,monk,windwalker,59,27,32
Xyän,bleeding-hollow,1741,monk,windwalker,48,25,23
Tragorin,tichondrius,1740,monk,windwalker,60,31,29
Pandagirlw,tichondrius,1735,monk,windwalker,72,43,29
Lidä,tichondrius,1735,monk,windwalker,60,25,35
Ambal,hellscream,1734,monk,windwalker,55,32,23
Syerzie,dalaran,1732,monk,windwalker,93,42,51
Kárma,malganis,1731,monk,windwalker,42,24,18
Jasey,area-52,1729,monk,windwalker,29,21,8
Jükedx,stormrage,1728,monk,windwalker,91,54,37
Mechamonk,aerie-peak,1728,monk,windwalker,105,46,59
Iremía,azralon,1727,monk,windwalker,48,26,22
Xas,sentinels,1724,monk,windwalker,72,34,38
Raphåel,area-52,1722,monk,windwalker,35,18,17
Khawai,sargeras,1720,monk,windwalker,36,23,13
Boostedww,bloodscalp,1720,monk,windwalker,48,25,23
Vai,korgath,1716,monk,windwalker,94,46,48
Takkeya,zuljin,1713,monk,windwalker,42,25,17
Livitsu,aerie-peak,1712,monk,windwalker,30,18,12
Orkmonk,tichondrius,1708,monk,windwalker,42,28,14
Tenooki,illidan,1707,monk,windwalker,41,19,22
Setback,tichondrius,1706,monk,windwalker,24,18,6
Rakije,barthilas,1703,monk,windwalker,72,44,28
Tôpsônworld,tichondrius,1700,monk,windwalker,66,39,27
Öñlýfåñs,tichondrius,1698,monk,windwalker,65,33,32
Senritsuh,drakkari,1698,monk,windwalker,46,22,24
Wolffangfist,sargeras,1695,monk,windwalker,75,45,30
Daracus,kelthuzad,1694,monk,windwalker,38,24,14
Mastâ,kelthuzad,1694,monk,windwalker,116,62,54
Galaxystrike,illidan,1689,monk,windwalker,48,27,21
Titanus,chogall,1689,monk,windwalker,379,195,184
Xï,proudmoore,1688,monk,windwalker,86,47,39
Ojii,tichondrius,1687,monk,windwalker,58,26,32
Haharetsdead,illidan,1686,monk,windwalker,131,71,60
Shids,barthilas,1686,monk,windwalker,47,22,25
Excalibrew,malganis,1685,monk,windwalker,42,24,18
Zenluckydo,grizzly-hills,1683,monk,windwalker,113,61,52
Thåi,anubarak,1682,monk,windwalker,48,19,29
Vanmonk,eonar,1681,monk,windwalker,36,18,18
Jatzai,emerald-dream,1680,monk,windwalker,52,24,28
Nyofu,moon-guard,1679,monk,windwalker,41,20,21
Hellstabberm,lightbringer,1678,monk,windwalker,48,26,22
Zhoku,tichondrius,1674,monk,windwalker,30,19,11
Jdanîel,ragnaros,1671,monk,windwalker,42,21,21
Zenigma,area-52,1670,monk,windwalker,45,24,21
Dea,thrall,1670,monk,windwalker,84,43,41
Watercowz,tichondrius,1669,monk,windwalker,36,22,14
Miýagi,sargeras,1668,monk,windwalker,41,25,16
Bigpoppap,tichondrius,1668,monk,windwalker,54,29,25
Madtigon,scilla,1668,monk,windwalker,42,22,20
Hèllòkîttý,illidan,1666,monk,windwalker,30,19,11
Hæt,stormrage,1665,monk,windwalker,48,23,25
Shaszx,zuljin,1661,monk,windwalker,47,25,22
Altaidm,ragnaros,1661,monk,windwalker,55,25,30
Rigi,stormrage,1661,monk,windwalker,95,43,52
Bamron,fizzcrank,1660,monk,windwalker,113,57,56
Bussÿ,area-52,1659,monk,windwalker,43,25,18
Windmónk,tichondrius,1657,monk,windwalker,156,76,80
Quanyaozu,ragnaros,1654,monk,windwalker,32,19,13
Rockxtv,illidan,1651,monk,windwalker,42,18,24
Dumplíngs,emerald-dream,1647,monk,windwalker,59,27,32
Bearface,blades-edge,1646,monk,windwalker,88,36,52
Capiirotta,nemesis,1645,monk,windwalker,104,61,43
Mists,velen,1645,monk,windwalker,54,31,23
Oxli,emerald-dream,1645,monk,windwalker,46,26,20
Ludanford,eitrigg,1643,monk,windwalker,48,22,26
Rïggen,thrall,1642,monk,windwalker,76,44,32
Foxchik,zuljin,1641,monk,windwalker,76,42,34
Gøgeta,stormrage,1641,monk,windwalker,161,82,79
Sonsia,arthas,1639,monk,windwalker,94,56,38
Pankekz,tichondrius,1639,monk,windwalker,192,97,95
Bakedmonk,smolderthorn,1639,monk,windwalker,70,30,40
Hím,garrosh,1638,monk,windwalker,81,50,31
Akumà,tichondrius,1636,monk,windwalker,48,19,29
Akir,zuljin,1635,monk,windwalker,29,20,9
Jaspier,quelthalas,1633,monk,windwalker,48,24,24
Hotwatertank,area-52,1629,monk,windwalker,60,34,26
Kungpóa,sargeras,1628,monk,windwalker,39,23,16
Singao,malganis,1628,monk,windwalker,74,36,38
Ddoongmonk,tichondrius,1625,monk,windwalker,48,21,27
Plucky,tichondrius,1624,monk,windwalker,37,18,19
Tnsnow,illidan,1623,monk,windwalker,36,21,15
Fuqmeh,darkspear,1621,monk,windwalker,84,42,42
Phistycuffs,bleeding-hollow,1621,monk,windwalker,85,40,45
Fistyuh,illidan,1620,monk,windwalker,48,29,19
Jigong,bleeding-hollow,1620,monk,windwalker,42,23,19
Karelio,wyrmrest-accord,1619,monk,windwalker,48,22,26
Aidenww,area-52,1618,monk,windwalker,24,17,7
Jerax,thunderlord,1617,monk,windwalker,97,55,42
Fimeu,kiljaeden,1617,monk,windwalker,54,28,26
Corsan,illidan,1616,monk,windwalker,42,30,12
Hadoukeñ,thrall,1616,monk,windwalker,41,22,19
Jbills,muradin,1615,monk,windwalker,71,41,30
Zeati,tichondrius,1613,monk,windwalker,24,17,7
Azizyzz,barthilas,1613,monk,windwalker,30,20,10
Euman,sargeras,1613,monk,windwalker,36,21,15
Themanski,area-52,1612,monk,windwalker,46,24,22
Cpapi,sargeras,1612,monk,windwalker,60,30,30
Fapmonk,illidan,1611,monk,windwalker,59,39,20
Bunnygal,thaurissan,1611,monk,windwalker,44,19,25
Whøru,azralon,1611,monk,windwalker,42,17,25
Fistnu,aggramar,1608,monk,windwalker,83,49,34
Toyotatacoma,bleeding-hollow,1605,monk,windwalker,42,27,15
Daeio,burning-legion,1605,monk,windwalker,31,19,12
Rennafgc,stormrage,1605,monk,windwalker,36,20,16
Flyingfury,illidan,1604,monk,windwalker,54,25,29
Haco,malganis,1603,monk,windwalker,45,23,22
Wenisdeep,frostmourne,1602,monk,windwalker,52,29,23
Facekandy,tichondrius,1602,monk,windwalker,34,18,16
Ranchy,zuljin,1602,monk,windwalker,132,67,65
Xradu,dawnbringer,1601,monk,windwalker,82,49,33
Bruhmesoftly,thrall,1601,monk,windwalker,60,34,26
Pepeloser,illidan,1601,monk,windwalker,48,23,25
Ronk,the-forgotten-coast,1600,monk,windwalker,30,17,13
Dirtypunch,proudmoore,1598,monk,windwalker,42,19,23
Windwalker,blackhand,1597,monk,windwalker,35,19,16
Mitras,dragonblight,1594,monk,windwalker,30,19,11
Lingerer,aerie-peak,1593,monk,windwalker,110,57,53
Marcusm,bleeding-hollow,1592,monk,windwalker,33,20,13
Surgarush,moon-guard,1592,monk,windwalker,106,64,42
Nject,malganis,1590,monk,windwalker,78,48,30
Druta,illidan,1589,monk,windwalker,42,32,10
Feyalash,stormrage,1589,monk,windwalker,74,33,41
Reprap,elune,1582,monk,windwalker,58,33,25
Kogoli,frostwolf,1580,monk,windwalker,101,47,54
Wonderx,darkspear,1579,monk,windwalker,30,20,10
Råii,sargeras,1579,monk,windwalker,30,20,10
Copenfist,black-dragonflight,1578,monk,windwalker,36,21,15
Yogiji,proudmoore,1578,monk,windwalker,48,26,22
Chucksandmk,barthilas,1577,monk,windwalker,66,32,34
Panduh,moon-guard,1576,monk,windwalker,150,77,73
Pinot,dragonmaw,1572,monk,windwalker,42,17,25
Meatwrap,mugthol,1566,monk,windwalker,52,26,26
Unlike,tichondrius,1566,monk,windwalker,102,49,53
Brewbaker,hyjal,1556,monk,windwalker,86,48,38
Banyasong,tichondrius,1555,monk,windwalker,102,57,45
Dïsturbedtko,azralon,1552,monk,windwalker,120,58,62
Fistnafurry,tichondrius,1550,monk,windwalker,42,21,21
Jegann,tichondrius,1550,monk,windwalker,128,63,65
Udderpunch,barthilas,1550,monk,windwalker,37,18,19
Saucyfists,silvermoon,1550,monk,windwalker,54,26,28
Chongzly,frostmourne,1547,monk,windwalker,72,35,37
Fornoraisin,thrall,1547,monk,windwalker,54,21,33
Npepper,khadgar,1546,monk,windwalker,58,28,30
Nagato,nemesis,1545,monk,windwalker,23,17,6
Chingu,ragnaros,1543,monk,windwalker,123,59,64
Therapeutics,moon-guard,1543,monk,windwalker,102,47,55
Hòlygòd,dalaran,1536,monk,windwalker,76,40,36
Pokinpooters,stormrage,1536,monk,windwalker,129,65,64
Grimpossible,malganis,1534,monk,windwalker,48,26,22
Çraßsßùrgêr,bonechewer,1533,monk,windwalker,24,16,8
Adilm,illidan,1533,monk,windwalker,30,16,14
Flattswwjr,tichondrius,1532,monk,windwalker,30,16,14
Homunculusx,bleeding-hollow,1532,monk,windwalker,36,16,20
Healzpapi,tichondrius,1530,monk,windwalker,114,70,44
Zaabuza,azralon,1528,monk,windwalker,60,39,21
Feelsogöod,tichondrius,1528,monk,windwalker,64,38,26
Drakfu,tichondrius,1527,monk,windwalker,45,26,19
Napoleonic,vashj,1524,monk,windwalker,30,20,10
Peacefulpaco,malganis,1524,monk,windwalker,36,19,17
Ehdunno,kelthuzad,1524,monk,windwalker,50,25,25
Hagano,drakkari,1523,monk,windwalker,107,55,52
Muritors,ragnaros,1523,monk,windwalker,36,17,19
Byakugun,wyrmrest-accord,1522,monk,windwalker,36,21,15
Kuffy,kelthuzad,1522,monk,windwalker,35,19,16
Naagg,tichondrius,1521,monk,windwalker,30,16,14
Yoshifistsu,malganis,1521,monk,windwalker,54,26,28
Odogin,tichondrius,1520,monk,windwalker,65,42,23
Okoh,wyrmrest-accord,1518,monk,windwalker,38,21,17
Göllyjee,tichondrius,1517,monk,windwalker,90,39,51
Bløødÿ,ragnaros,1516,monk,windwalker,21,17,4
Wartenja,frostmourne,1516,monk,windwalker,84,41,43
Kómugi,area-52,1514,monk,windwalker,137,72,65
Sterow,kiljaeden,1513,monk,windwalker,36,16,20
Borekkar,emerald-dream,1512,monk,windwalker,47,24,23
Kutz,proudmoore,1512,monk,windwalker,81,40,41
Odi,stonemaul,1509,monk,windwalker,101,48,53
Sgarbossa,tortheldrin,1509,monk,windwalker,42,16,26
Arizøna,illidan,1507,monk,windwalker,80,44,36
Geekweek,frostmourne,1503,monk,windwalker,30,17,13
Dabzin,stormrage,1501,monk,windwalker,87,44,43
Varn,frostmourne,1500,monk,windwalker,95,46,49
Captnmurphy,tichondrius,1498,monk,windwalker,29,16,13
Ascilica,firetree,1495,monk,windwalker,24,16,8
Tigerstrikes,sargeras,1494,monk,windwalker,30,19,11
Harde,thrall,1492,monk,windwalker,65,29,36
Monkings,tichondrius,1491,monk,windwalker,59,27,32
Senseî,altar-of-storms,1487,monk,windwalker,54,25,29
Simonb,tichondrius,1487,monk,windwalker,54,24,30
Rockemsockem,gorefiend,1485,monk,windwalker,90,48,42
Wizcaulifa,stormrage,1484,monk,windwalker,30,17,13
Astteell,proudmoore,1484,monk,windwalker,45,18,27
Kiulang,kelthuzad,1483,monk,windwalker,93,44,49
Yamoshì,stormrage,1482,monk,windwalker,54,30,24
Jdkick,sargeras,1482,monk,windwalker,42,16,26
Skippa,emerald-dream,1480,monk,windwalker,42,25,17
Aubiemonk,malygos,1479,monk,windwalker,30,16,14
Daddyrugburn,area-52,1477,monk,windwalker,95,47,48
Sivedrafely,arthas,1475,monk,windwalker,60,30,30
Atreia,malganis,1474,monk,windwalker,26,17,9
Ökami,tichondrius,1473,monk,windwalker,48,24,24
ßlesséd,tichondrius,1472,monk,windwalker,67,27,40
Ohgiddyttv,dalaran,1468,monk,windwalker,83,43,40
Shôckley,tichondrius,1468,monk,windwalker,105,54,51
Sckmonk,tichondrius,1466,monk,windwalker,34,16,18
Butjaum,stormrage,1464,monk,windwalker,70,34,36
Akanq,tichondrius,1463,monk,windwalker,33,16,17
Katsübooy,azralon,1458,monk,windwalker,310,158,152
Tyroneßanks,stormrage,1457,monk,windwalker,36,20,16
Mastahp,tichondrius,1457,monk,windwalker,42,23,19
Callae,dreadmaul,1453,monk,windwalker,48,25,23
Shishosenin,quelthalas,1450,monk,windwalker,194,92,102
Showshoway,tichondrius,1450,monk,windwalker,59,26,33
Minimonke,moon-guard,1448,monk,windwalker,60,30,30
Lickthefist,sargeras,1445,monk,windwalker,24,16,8
Wind,misha,1440,monk,windwalker,55,35,20
Chuchinga,tichondrius,1439,monk,windwalker,79,38,41
Lavinci,area-52,1437,monk,windwalker,30,15,15
Smoothboxing,tichondrius,1436,monk,windwalker,116,66,50
Aizu,ragnaros,1435,monk,windwalker,30,15,15
Rocketfrogg,bleeding-hollow,1434,monk,windwalker,36,15,21
Kungfupurk,bleeding-hollow,1433,monk,windwalker,24,15,9
Fistys,area-52,1433,monk,windwalker,117,60,57
Izu,senjin,1433,monk,windwalker,30,15,15
Heiwei,stormrage,1432,monk,windwalker,24,15,9
Elfoverde,stormrage,1430,monk,windwalker,24,15,9
Xuenws,tichondrius,1429,monk,windwalker,24,15,9
Ráchez,tichondrius,1429,monk,windwalker,51,28,23
Gêrôx,sargeras,1429,monk,windwalker,30,15,15
Squidie,tichondrius,1426,monk,windwalker,42,15,27
Pånkekz,tichondrius,1425,monk,windwalker,78,39,39
Sleýin,tichondrius,1424,monk,windwalker,172,90,82
Punchiboi,thrall,1423,monk,windwalker,30,16,14
Mattyj,darkspear,1423,monk,windwalker,30,15,15
Domiik,ragnaros,1421,monk,windwalker,30,15,15
Rocketfist,bleeding-hollow,1421,monk,windwalker,90,42,48
Dazzler,ragnaros,1419,monk,windwalker,66,35,31
Gún,ragnaros,1416,monk,windwalker,89,45,44
Convectuoso,illidan,1414,monk,windwalker,24,15,9
Sarious,lightbringer,1414,monk,windwalker,201,107,94
Daslow,quelthalas,1412,monk,windwalker,146,75,71
Nightww,area-52,1412,monk,windwalker,30,15,15
Sodamint,sargeras,1403,monk,windwalker,44,16,28
Saiyajinsoul,ragnaros,1402,monk,windwalker,60,29,31
Bhodie,zuljin,1401,monk,windwalker,58,23,35
Chingwang,frostmourne,1400,monk,windwalker,29,18,11
Bradyfour,moon-guard,1400,monk,windwalker,77,40,37
Creonus,proudmoore,1400,monk,windwalker,56,24,32
Eavale,destromath,1399,monk,windwalker,104,54,50
Ahrk,emerald-dream,1399,monk,windwalker,70,25,45
Headsmasher,wyrmrest-accord,1393,monk,windwalker,77,34,43
Milkychi,frostmourne,1392,monk,windwalker,40,15,25
Onepunchman,quelthalas,1389,monk,windwalker,51,19,32
Giatzo,barthilas,1387,monk,windwalker,42,24,18
Versuri,azralon,1387,monk,windwalker,117,60,57
Killmachine,farstriders,1385,monk,windwalker,161,79,82
Shlumpuh,tichondrius,1385,monk,windwalker,42,18,24
Trapeez,kelthuzad,1383,monk,windwalker,70,40,30
Kawasakii,tichondrius,1382,monk,windwalker,166,83,83
Pepepunch,bleeding-hollow,1381,monk,windwalker,36,15,21
Niked,tichondrius,1379,monk,windwalker,36,15,21
Allure,frostmourne,1378,monk,windwalker,36,15,21
Shianjuo,ragnaros,1372,monk,windwalker,42,20,22
Astrofu,tichondrius,1371,monk,windwalker,76,32,44
Kungxxl,kiljaeden,1369,monk,windwalker,85,43,42
Tassmonk,hyjal,1367,monk,windwalker,36,17,19
Brewmaker,sargeras,1366,monk,windwalker,51,24,27
Varekaî,frostmourne,1365,monk,windwalker,62,32,30
Kriticalkush,kelthuzad,1353,monk,windwalker,24,17,7
Infest,azralon,1353,monk,windwalker,30,21,9
Owned,dreadmaul,1349,monk,windwalker,36,23,13
Kungfusacks,sargeras,1346,monk,windwalker,24,16,8
Sultanofwind,malganis,1344,monk,windwalker,24,14,10
Hîddènsõündx,tichondrius,1343,monk,windwalker,30,14,16
Zuì,sargeras,1342,monk,windwalker,24,14,10
Garmakasmonk,skullcrusher,1341,monk,windwalker,34,19,15
Dakenprime,tichondrius,1340,monk,windwalker,82,40,42
Bluntdoctor,stormreaver,1340,monk,windwalker,66,24,42
Dkdakìng,stormrage,1339,monk,windwalker,24,14,10
Gigagirth,emerald-dream,1338,monk,windwalker,30,14,16
Skymonge,stormrage,1338,monk,windwalker,104,48,56
Tingum,kelthuzad,1337,monk,windwalker,34,15,19
Ghaelessi,senjin,1336,monk,windwalker,77,42,35
Novoctek,quelthalas,1336,monk,windwalker,30,14,16
Tacofox,tichondrius,1329,monk,windwalker,96,44,52
Resolver,stormscale,1327,monk,windwalker,46,24,22
Owenxdd,stormrage,1326,monk,windwalker,50,28,22
Saltystepbro,illidan,1323,monk,windwalker,24,14,10
Jajabelugeng,tichondrius,1315,monk,windwalker,24,14,10
Omimonk,sargeras,1314,monk,windwalker,24,14,10
Shocclol,stormrage,1306,monk,windwalker,27,17,10
Acharä,tichondrius,1305,monk,windwalker,36,20,16
Goonkeg,frostmourne,1304,monk,windwalker,30,14,16
Madbuffz,nemesis,1304,monk,windwalker,72,32,40
Xøxo,trollbane,1303,monk,windwalker,30,15,15
Xiaowën,nemesis,1298,monk,windwalker,57,28,29
Tianhu,sargeras,1295,monk,windwalker,36,20,16
Tino,kelthuzad,1295,monk,windwalker,66,35,31
Jacquelline,moon-guard,1294,monk,windwalker,36,19,17
Chopsake,khadgar,1291,monk,windwalker,36,22,14
Anarska,thrall,1291,monk,windwalker,96,46,50
Dodried,ragnaros,1290,monk,windwalker,52,24,28
Kungfüsed,stormrage,1288,monk,windwalker,30,15,15
Yrn,crushridge,1287,monk,windwalker,60,32,28
Fanetö,stormrage,1283,monk,windwalker,48,15,33
Highku,drenden,1282,monk,windwalker,30,17,13
Screwballz,blackrock,1282,monk,windwalker,81,32,49
Gesir,tichondrius,1281,monk,windwalker,51,21,30
Siddharthä,barthilas,1274,monk,windwalker,36,20,16
Hitchslapz,tichondrius,1271,monk,windwalker,30,15,15
Wutangkillaß,kiljaeden,1266,monk,windwalker,48,18,30
Weezzyboi,tichondrius,1263,monk,windwalker,42,22,20
Chigang,deathwing,1263,monk,windwalker,30,14,16
Natus,greymane,1262,monk,windwalker,36,18,18
Allmother,area-52,1258,monk,windwalker,31,14,17
Murder,magtheridon,1256,monk,windwalker,43,21,22
Supremekick,frostmourne,1254,monk,windwalker,43,27,16
Opmother,elune,1252,monk,windwalker,41,22,19
Pangpoong,tichondrius,1249,monk,windwalker,99,44,55
Djjackyd,stormrage,1247,monk,windwalker,24,13,11
Hamyu,illidan,1247,monk,windwalker,30,15,15
Baconbiscuit,area-52,1247,monk,windwalker,30,13,17
Prostotak,area-52,1246,monk,windwalker,18,13,5
Molta,tichondrius,1246,monk,windwalker,24,13,11
Pamii,quelthalas,1246,monk,windwalker,36,13,23
Båshkin,terenas,1245,monk,windwalker,42,19,23
Hèàvy,stormrage,1244,monk,windwalker,24,13,11
Bükki,ragnaros,1243,monk,windwalker,18,13,5
Bowlbreak,sargeras,1243,monk,windwalker,36,20,16
Nuclearpunch,tichondrius,1242,monk,windwalker,24,13,11
Gelgameks,eredar,1242,monk,windwalker,30,13,17
Sedition,emerald-dream,1241,monk,windwalker,94,46,48
Xinghao,tichondrius,1240,monk,windwalker,24,13,11
Grocerymonk,malganis,1240,monk,windwalker,30,13,17
Slapcîty,bleeding-hollow,1238,monk,windwalker,30,13,17
Yeawe,tichondrius,1236,monk,windwalker,24,13,11
Ilvory,tichondrius,1235,monk,windwalker,30,13,17
Zettelkasten,tichondrius,1232,monk,windwalker,72,35,37
Starymww,tichondrius,1230,monk,windwalker,24,13,11
Finesse,frostwolf,1227,monk,windwalker,18,13,5
Rbs,tichondrius,1226,monk,windwalker,54,17,37
Ruckm,stormrage,1225,monk,windwalker,24,13,11
Sahhalea,sargeras,1225,monk,windwalker,50,25,25
Stickyloads,illidan,1220,monk,windwalker,72,33,39
Currycooker,tichondrius,1220,monk,windwalker,29,13,16
Razielic,frostmourne,1212,monk,windwalker,66,29,37
Rasta,ragnaros,1211,monk,windwalker,30,17,13
Mannkin,zuluhed,1208,monk,windwalker,32,14,18
Gurda,wyrmrest-accord,1203,monk,windwalker,72,34,38
Ofn,moon-guard,1202,monk,windwalker,96,45,51
Xéia,area-52,1201,monk,windwalker,60,23,37
Rufaso,sargeras,1199,monk,windwalker,54,24,30
Wwmonks,sargeras,1197,monk,windwalker,18,13,5
Honeyjaem,tichondrius,1193,monk,windwalker,29,14,15
Marstol,bleeding-hollow,1186,monk,windwalker,53,31,22
Metios,aggramar,1180,monk,windwalker,46,17,29
Slapstun,barthilas,1176,monk,windwalker,77,28,49
Hinakii,dalaran,1175,monk,windwalker,144,62,82
Sleepÿ,area-52,1171,monk,windwalker,84,34,50
Silvopanda,azralon,1168,monk,windwalker,149,75,74
Milktank,medivh,1167,monk,windwalker,69,40,29
Mommysalamii,moon-guard,1167,monk,windwalker,25,13,12
Whizz,frostmane,1160,monk,windwalker,25,13,12
Kandinarra,jubeithos,1156,monk,windwalker,58,31,27
Linkya,daggerspine,1152,monk,windwalker,22,14,8
Xedou,azralon,1151,monk,windwalker,18,12,6
Telospateo,ragnaros,1151,monk,windwalker,24,12,12
Soprà,zuljin,1151,monk,windwalker,24,12,12
Lalpu,tichondrius,1151,monk,windwalker,30,12,18
Hybrid,stormrage,1150,monk,windwalker,18,12,6
Hulkapro,azralon,1150,monk,windwalker,51,30,21
Pikotaro,tichondrius,1150,monk,windwalker,24,12,12
Antiherox,sargeras,1149,monk,windwalker,18,12,6
Boxxzer,kelthuzad,1147,monk,windwalker,18,12,6
Stendari,moon-guard,1147,monk,windwalker,30,12,18
Misery,stormscale,1146,monk,windwalker,23,15,8
Lexivixi,khazgoroth,1144,monk,windwalker,66,34,32
Anavara,drakkari,1144,monk,windwalker,36,18,18
Tenshu,runetotem,1141,monk,windwalker,24,12,12
Mechabre,stormrage,1140,monk,windwalker,18,12,6
Acindian,malganis,1140,monk,windwalker,36,18,18
Delorenzi,hellscream,1137,monk,windwalker,24,12,12
Chihad,stormrage,1135,monk,windwalker,18,12,6
Kfpeeves,sargeras,1134,monk,windwalker,30,15,15
Shinjiki,tichondrius,1134,monk,windwalker,29,12,17
Bigxthaplug,moon-guard,1132,monk,windwalker,30,12,18
Boldyr,sargeras,1128,monk,windwalker,24,12,12
Shinaniganz,chogall,1128,monk,windwalker,42,17,25
Çhëèch,tichondrius,1126,monk,windwalker,29,12,17
Moopdahoop,stormrage,1123,monk,windwalker,94,50,44
Leehofook,azshara,1123,monk,windwalker,72,32,40
Monkii,bonechewer,1121,monk,windwalker,33,21,12
Stigzz,stormrage,1118,monk,windwalker,23,12,11
Jimothydab,lightbringer,1117,monk,windwalker,23,12,11
Gorton,lightbringer,1114,monk,windwalker,24,12,12
Imonkalot,destromath,1111,monk,windwalker,55,23,32
Lyfegiver,blackrock,1110,monk,windwalker,20,13,7
Jinpo,lightninghoof,1110,monk,windwalker,60,32,28
Loadedfries,frostmourne,1110,monk,windwalker,24,12,12
Fitmonje,drakkari,1108,monk,windwalker,28,13,15
Drektarz,area-52,1105,monk,windwalker,81,37,44
Tochtlea,wyrmrest-accord,1102,monk,windwalker,23,12,11
Angerday,illidan,1097,monk,windwalker,30,12,18
Deadlyfist,stormrage,1089,monk,windwalker,47,19,28
Vokarhi,whisperwind,1082,monk,windwalker,24,15,9
Lööpér,tichondrius,1081,monk,windwalker,24,13,11
Ojiin,wyrmrest-accord,1079,monk,windwalker,24,13,11
Quanon,stormreaver,1071,monk,windwalker,33,14,19
Sandii,azralon,1070,monk,windwalker,81,45,36
Calmpunchman,mannoroth,1070,monk,windwalker,25,12,13
Bonflur,quelthalas,1063,monk,windwalker,328,163,165
Raskalnikov,kelthuzad,1062,monk,windwalker,26,13,13
Veso,tichondrius,1056,monk,windwalker,12,11,1
Yavaxye,stormrage,1056,monk,windwalker,24,11,13
Danimalz,stormrage,1055,monk,windwalker,18,11,7
Hate,korialstrasz,1055,monk,windwalker,18,11,7
Songokusan,thrall,1055,monk,windwalker,18,11,7
Abenobashi,malganis,1055,monk,windwalker,18,11,7
Rubntug,zuljin,1055,monk,windwalker,18,11,7
Whitepandax,tichondrius,1055,monk,windwalker,18,11,7
Sockem,arthas,1055,monk,windwalker,24,11,13
Maunk,illidan,1054,monk,windwalker,12,11,1
Monkamax,tichondrius,1054,monk,windwalker,18,11,7
Powerfisterr,stormrage,1054,monk,windwalker,18,11,7
Zenpachi,hyjal,1053,monk,windwalker,27,11,16
Wimdrewk,quelthalas,1053,monk,windwalker,39,12,27
Kristiana,aegwynn,1052,monk,windwalker,18,11,7
Razekahl,wyrmrest-accord,1052,monk,windwalker,30,11,19
Hira,zuljin,1052,monk,windwalker,30,11,19
Drunkmaster,frostmourne,1051,monk,windwalker,18,11,7
Lotusdream,argent-dawn,1051,monk,windwalker,23,11,12
Píñg,area-52,1051,monk,windwalker,30,11,19
Suntzuvius,tichondrius,1050,monk,windwalker,24,11,13
Turbodyne,tichondrius,1050,monk,windwalker,24,11,13
Whtnyhuston,sargeras,1049,monk,windwalker,24,11,13
Chowlaos,coilfang,1048,monk,windwalker,18,11,7
Chaosrose,area-52,1044,monk,windwalker,18,11,7
Tremonk,kelthuzad,1043,monk,windwalker,18,11,7
Tsubal,mugthol,1042,monk,windwalker,18,11,7
Gentlefists,sargeras,1041,monk,windwalker,24,11,13
Hylithia,proudmoore,1040,monk,windwalker,30,17,13
Tobearus,stormscale,1038,monk,windwalker,35,18,17
Jnx,emerald-dream,1038,monk,windwalker,24,11,13
Arshavin,skullcrusher,1038,monk,windwalker,30,11,19
Mcnipple,moonrunner,1036,monk,windwalker,18,11,7
Averagewang,sargeras,1036,monk,windwalker,42,23,19
Dynamo,blackrock,1036,monk,windwalker,30,11,19
Kungfused,frostmourne,1035,monk,windwalker,30,11,19
Aedale,emerald-dream,1032,monk,windwalker,42,21,21
Natintell,drakkari,1032,monk,windwalker,71,33,38
Abboo,hyjal,1030,monk,windwalker,24,12,12
Blackychan,scilla,1027,monk,windwalker,36,15,21
Steenkk,tichondrius,1023,monk,windwalker,24,11,13
Sébástián,drakkari,1021,monk,windwalker,52,28,24
Åsurã,stormrage,1021,monk,windwalker,34,11,23
Leafondawind,boulderfist,1020,monk,windwalker,29,11,18
Tzidkiyahu,barthilas,1018,monk,windwalker,28,16,12
Miyage,emerald-dream,1013,monk,windwalker,24,15,9
Rosarìolover,stormrage,1008,monk,windwalker,36,18,18
Ighostgirls,thrall,1007,monk,windwalker,23,11,12
Brewzllee,tichondrius,1000,monk,windwalker,66,34,32
Nutcrakerz,tichondrius,995,monk,windwalker,30,18,12
Romeoe,muradin,992,monk,windwalker,30,11,19
Fatde,daggerspine,991,monk,windwalker,47,27,20
Xinpa,quelthalas,989,monk,windwalker,26,11,15
Kush,dalvengyr,983,monk,windwalker,27,14,13
Rollsroycist,trollbane,975,monk,windwalker,49,27,22
Mynamegeorge,area-52,968,monk,windwalker,46,21,25
Glad,tichondrius,960,monk,windwalker,12,10,2
Fettywhopper,kaelthas,960,monk,windwalker,12,10,2
Aýre,ravencrest,960,monk,windwalker,12,10,2
Shadmtwo,tichondrius,960,monk,windwalker,12,10,2
Bumbleechi,azralon,960,monk,windwalker,18,10,8
Afrosamurai,thrall,960,monk,windwalker,18,10,8
ßájkà,area-52,960,monk,windwalker,24,10,14
Kinkykyle,emerald-dream,960,monk,windwalker,24,10,14
Tazermw,sargeras,959,monk,windwalker,12,10,2
Rskmedaddy,tichondrius,959,monk,windwalker,12,10,2
Neejitsu,malganis,959,monk,windwalker,18,10,8
Iol,whisperwind,959,monk,windwalker,18,10,8
Goldfornudez,area-52,959,monk,windwalker,18,10,8
Undertickle,illidan,959,monk,windwalker,18,10,8
Wørm,emerald-dream,958,monk,windwalker,18,10,8
Sxywind,azgalor,957,monk,windwalker,18,10,8
Mônkdunk,daggerspine,957,monk,windwalker,18,10,8
Avz,azralon,957,monk,windwalker,24,10,14
Vuadeira,azralon,957,monk,windwalker,30,10,20
Skyvaan,barthilas,956,monk,windwalker,18,10,8
Ezpzmonk,bloodscalp,956,monk,windwalker,21,11,10
Thalreyzian,vashj,954,monk,windwalker,24,10,14
Megatraun,tichondrius,953,monk,windwalker,18,10,8
Alcaquito,goldrinn,950,monk,windwalker,18,10,8
Hehex,bleeding-hollow,943,monk,windwalker,23,10,13
Madmint,illidan,941,monk,windwalker,23,11,12
Ryucko,azralon,933,monk,windwalker,18,10,8
Mcwallets,moon-guard,933,monk,windwalker,78,33,45
Nedpanders,nagrand,930,monk,windwalker,18,11,7
Thäiländiä,bleeding-hollow,928,monk,windwalker,36,20,16
Clytpuncher,emerald-dream,926,monk,windwalker,23,10,13
Scarlos,tichondrius,911,monk,windwalker,187,89,98
Smalltall,area-52,895,monk,windwalker,20,10,10
Ipmán,moon-guard,892,monk,windwalker,41,18,23
Veganbacon,mannoroth,875,monk,windwalker,14,10,4
Reeperfist,area-52,864,monk,windwalker,12,9,3
Peachcactus,sargeras,864,monk,windwalker,12,9,3
Loenius,wyrmrest-accord,864,monk,windwalker,12,9,3
Poormanx,illidan,864,monk,windwalker,12,9,3
Wwrizz,frostmane,864,monk,windwalker,12,9,3
Rhyskrispiez,sargeras,864,monk,windwalker,12,9,3
Gucchimane,illidan,864,monk,windwalker,12,9,3
Garypool,emerald-dream,864,monk,windwalker,15,9,6
Jaige,illidan,864,monk,windwalker,18,9,9
Tmjojo,tichondrius,864,monk,windwalker,24,9,15
Chiang,chogall,864,monk,windwalker,24,9,15
Aligned,zuljin,863,monk,windwalker,12,9,3
Kahpital,azralon,863,monk,windwalker,18,9,9
Azzmane,bronzebeard,863,monk,windwalker,18,9,9
Röllup,area-52,863,monk,windwalker,18,9,9
Helicopter,borean-tundra,863,monk,windwalker,18,9,9
Stepsista,sargeras,863,monk,windwalker,18,9,9
Tomatosaucin,area-52,863,monk,windwalker,18,9,9
Omashu,nemesis,863,monk,windwalker,18,9,9
Inko,ragnaros,863,monk,windwalker,24,9,15
Honkbazz,illidan,863,monk,windwalker,24,9,15
Somethingre,sargeras,862,monk,windwalker,12,9,3
Duwhack,wyrmrest-accord,862,monk,windwalker,18,9,9
Blumpfu,thrall,862,monk,windwalker,18,9,9
Mapaly,ragnaros,862,monk,windwalker,18,9,9
Æeeæ,hakkar,861,monk,windwalker,12,9,3
Kaishya,emerald-dream,861,monk,windwalker,12,9,3
Spinning,nagrand,861,monk,windwalker,18,9,9
Caulífla,barthilas,861,monk,windwalker,18,9,9
Kentodne,stormrage,861,monk,windwalker,18,9,9
Zackesé,area-52,861,monk,windwalker,24,9,15
Pandagendon,quelthalas,860,monk,windwalker,12,9,3
Ryútt,illidan,860,monk,windwalker,24,9,15
Romeonjuliet,tichondrius,859,monk,windwalker,18,9,9
Selfless,gilneas,858,monk,windwalker,18,9,9
Felgolos,azralon,857,monk,windwalker,15,10,5
Acena,stormrage,856,monk,windwalker,24,9,15
Poanda,illidan,845,monk,windwalker,18,10,8
Agroétudo,azralon,838,monk,windwalker,18,9,9
Thekilla,aegwynn,827,monk,windwalker,18,9,9
Lolqtxd,sargeras,810,monk,windwalker,26,10,16
Cráne,duskwood,797,monk,windwalker,14,9,5
Yeonguo,drakthul,795,monk,windwalker,16,9,7
Rykouu,area-52,784,monk,windwalker,19,9,10
Zòrrò,area-52,768,monk,windwalker,12,8,4
Mcbluffin,onyxia,768,monk,windwalker,12,8,4
Jackdaniel,sargeras,768,monk,windwalker,12,8,4
Sistuhfista,tichondrius,768,monk,windwalker,12,8,4
Zoomerxd,stormrage,768,monk,windwalker,12,8,4
Twichyling,tichondrius,768,monk,windwalker,12,8,4
Kranelo,tichondrius,768,monk,windwalker,12,8,4
Bootowsky,zuljin,768,monk,windwalker,12,8,4
Khungfeu,area-52,768,monk,windwalker,12,8,4
Hitman,thrall,768,monk,windwalker,12,8,4
Kkonaman,illidan,768,monk,windwalker,12,8,4
Fiddletix,stormrage,768,monk,windwalker,13,8,5
Dobsy,bleeding-hollow,768,monk,windwalker,18,8,10
Taggz,thunderlord,768,monk,windwalker,18,8,10
Leegueen,tichondrius,768,monk,windwalker,18,8,10
Hitt,barthilas,768,monk,windwalker,18,8,10
Ballok,bleeding-hollow,768,monk,windwalker,18,8,10
Skela,emerald-dream,768,monk,windwalker,18,8,10
Richywayne,bleeding-hollow,768,monk,windwalker,18,8,10
Gnomepuncher,dalaran,768,monk,windwalker,18,8,10
Slimcognito,zuljin,768,monk,windwalker,18,8,10
Güwop,tichondrius,768,monk,windwalker,18,8,10
Stepfistz,aegwynn,768,monk,windwalker,18,8,10
Chunlee,tichondrius,768,monk,windwalker,18,8,10
Lørdjåshïn,azjolnerub,768,monk,windwalker,18,8,10
Ludenz,emerald-dream,768,monk,windwalker,18,8,10
Mahatmä,dalaran,768,monk,windwalker,18,8,10
Rerolled,moon-guard,768,monk,windwalker,18,8,10
Imasterl,proudmoore,768,monk,windwalker,21,9,12
Röllö,tichondrius,768,monk,windwalker,21,9,12
Blackìce,sargeras,768,monk,windwalker,24,8,16
Shinobiww,area-52,768,monk,windwalker,24,8,16
Monke,onyxia,768,monk,windwalker,24,8,16
Tews,quelthalas,767,monk,windwalker,12,8,4
Raikou,frostmourne,767,monk,windwalker,12,8,4
Prickhead,sargeras,767,monk,windwalker,15,9,6
Fumoo,sargeras,767,monk,windwalker,16,9,7
Memonk,ysera,767,monk,windwalker,18,8,10
Silkzy,frostwolf,767,monk,windwalker,18,8,10
Biggyballs,tichondrius,767,monk,windwalker,18,8,10
Zukki,zuljin,767,monk,windwalker,18,8,10
Rozlynnww,tichondrius,767,monk,windwalker,18,8,10
Faashbae,illidan,767,monk,windwalker,18,8,10
Akrethar,medivh,767,monk,windwalker,18,8,10
Xunzao,emerald-dream,767,monk,windwalker,18,8,10
Pipochen,ragnaros,767,monk,windwalker,18,8,10
Suspicious,malfurion,767,monk,windwalker,18,8,10
Supernam,sargeras,767,monk,windwalker,18,8,10
Metalmønk,nerzhul,767,monk,windwalker,18,8,10
Luckystrike,area-52,767,monk,windwalker,24,8,16
Yoshimotto,area-52,766,monk,windwalker,12,8,4
Anatomyx,kelthuzad,766,monk,windwalker,12,8,4
Nf,zuljin,766,monk,windwalker,12,8,4
Ragraxx,quelthalas,766,monk,windwalker,18,8,10
Jãe,stormrage,764,monk,windwalker,24,8,16
Extinctión,stormscale,762,monk,windwalker,12,8,4
Sprinkli,sargeras,761,monk,windwalker,24,8,16
Weewalker,wyrmrest-accord,760,monk,windwalker,21,9,12
Iamanangel,illidan,759,monk,windwalker,12,8,4
Kylièjenner,gilneas,755,monk,windwalker,18,8,10
Hontaruk,ragnaros,749,monk,windwalker,29,8,21
Kilabit,azshara,742,monk,windwalker,22,9,13
Deathgoku,norgannon,735,monk,windwalker,17,8,9
Habzz,tichondrius,734,monk,windwalker,17,8,9
Raninn,bleeding-hollow,704,monk,windwalker,16,8,8
Chaipie,kelthuzad,703,monk,windwalker,11,8,3
Onepunch,exodar,702,monk,windwalker,14,8,6
Kurha,queldorei,690,monk,windwalker,24,8,16
Kudrix,frostwolf,672,monk,windwalker,12,7,5
Gothamonk,tichondrius,672,monk,windwalker,12,7,5
Crittinka,bonechewer,672,monk,windwalker,12,7,5
Porxhub,tichondrius,672,monk,windwalker,12,7,5
Atengie,stormrage,672,monk,windwalker,12,7,5
Ristion,moon-guard,672,monk,windwalker,12,7,5
Tag,tichondrius,672,monk,windwalker,12,7,5
Bibis,sargeras,672,monk,windwalker,12,7,5
Garofalo,tichondrius,672,monk,windwalker,12,7,5
Tokyozesty,area-52,672,monk,windwalker,12,7,5
Dragonwhirl,stormrage,672,monk,windwalker,12,7,5
Touchbot,tichondrius,672,monk,windwalker,12,7,5
Bangtanboy,tichondrius,672,monk,windwalker,12,7,5
Kryptikkyt,gilneas,672,monk,windwalker,12,7,5
Bigfel,nazjatar,672,monk,windwalker,12,7,5
Incaustik,ragnaros,672,monk,windwalker,12,7,5
Dublefist,draktharon,672,monk,windwalker,12,7,5
Goldx,ragnaros,672,monk,windwalker,12,7,5
Ganjäsmoke,skullcrusher,672,monk,windwalker,12,7,5
Ftxyolo,azralon,672,monk,windwalker,12,7,5
Bramicaye,malganis,672,monk,windwalker,12,7,5
Ázão,stormrage,672,monk,windwalker,12,7,5
Shiphappens,barthilas,672,monk,windwalker,12,7,5
Jxyfist,illidan,672,monk,windwalker,12,7,5
Yoojimin,kiljaeden,672,monk,windwalker,12,7,5
Lilpøøter,tichondrius,672,monk,windwalker,12,7,5
Shry,kiljaeden,672,monk,windwalker,12,7,5
Jowtaro,azralon,672,monk,windwalker,12,7,5
Buffmonkdmg,tichondrius,672,monk,windwalker,15,8,7
Stevezee,barthilas,672,monk,windwalker,18,7,11
Paracetamonk,kelthuzad,672,monk,windwalker,18,7,11
Popchi,stormrage,672,monk,windwalker,18,7,11
Tapzm,area-52,672,monk,windwalker,18,7,11
Verizani,stormrage,672,monk,windwalker,18,7,11
Awcfanboy,bleeding-hollow,672,monk,windwalker,21,8,13
Judgevr,frostmourne,672,monk,windwalker,23,8,15
Monkyun,tichondrius,672,monk,windwalker,24,7,17
Zenkam,ragnaros,672,monk,windwalker,24,7,17
Quietbegger,sargeras,671,monk,windwalker,12,7,5
Bauddor,ragnaros,671,monk,windwalker,12,7,5
Mosaden,suramar,671,monk,windwalker,12,7,5
Arimonk,mannoroth,671,monk,windwalker,12,7,5
Keys,earthen-ring,671,monk,windwalker,12,7,5
Bataan,tichondrius,671,monk,windwalker,12,7,5
Asaltofsorts,tichondrius,671,monk,windwalker,12,7,5
Reckin,frostmourne,671,monk,windwalker,12,7,5
Leozen,skullcrusher,671,monk,windwalker,18,7,11
Jackboi,the-underbog,671,monk,windwalker,18,7,11
Huángbó,blackhand,670,monk,windwalker,10,8,2
Minusmonk,dalaran,670,monk,windwalker,12,7,5
Astorari,illidan,670,monk,windwalker,12,7,5
Cryptique,tichondrius,670,monk,windwalker,12,7,5
Merand,tichondrius,670,monk,windwalker,18,7,11
Samaelsin,emerald-dream,670,monk,windwalker,24,7,17
Santiie,drakkari,669,monk,windwalker,18,7,11
Kuungfoo,tichondrius,667,monk,windwalker,12,7,5
Hyun,stormrage,666,monk,windwalker,12,7,5
Traxshin,kelthuzad,664,monk,windwalker,18,7,11
Pastarasta,malganis,658,monk,windwalker,12,7,5
Liänä,quelthalas,658,monk,windwalker,18,7,11
Knuckbutter,sargeras,658,monk,windwalker,24,7,17
Thedeäd,stormrage,658,monk,windwalker,30,7,23
Léesin,stormrage,655,monk,windwalker,17,7,10
Titsmagees,frostwolf,639,monk,windwalker,23,7,16
Shadowstripe,the-venture-co,638,monk,windwalker,11,7,4
Mùnkey,nagrand,638,monk,windwalker,17,7,10
Alkaholik,stormrage,623,monk,windwalker,17,7,10
Iilmachoggy,stormrage,607,monk,windwalker,11,7,4
Warblaze,barthilas,607,monk,windwalker,14,7,7
Sistafistaa,akama,606,monk,windwalker,14,7,7
Twïst,tichondrius,576,monk,windwalker,6,6,0
Griswolld,ragnaros,576,monk,windwalker,6,6,0
Srýbrø,illidan,576,monk,windwalker,6,6,0
Makgøra,malganis,576,monk,windwalker,6,6,0
Goblinitto,archimonde,576,monk,windwalker,6,6,0
Selfîe,ysera,576,monk,windwalker,6,6,0
Aveium,moon-guard,576,monk,windwalker,6,6,0
Monkfy,moon-guard,576,monk,windwalker,11,6,5
Pinkgucci,thrall,576,monk,windwalker,12,6,6
Gójó,tichondrius,576,monk,windwalker,12,6,6
Tahs,azralon,576,monk,windwalker,12,6,6
Tulalong,area-52,576,monk,windwalker,12,6,6
Xoir,tichondrius,576,monk,windwalker,12,6,6
Ugrak,chogall,576,monk,windwalker,12,6,6
Creamchop,stormreaver,576,monk,windwalker,12,6,6
Xua,sargeras,576,monk,windwalker,12,6,6
Tinypunch,emerald-dream,576,monk,windwalker,12,6,6
Jaykun,ragnaros,576,monk,windwalker,12,6,6
Fúgg,zuljin,576,monk,windwalker,12,6,6
Vandamme,durotan,576,monk,windwalker,12,6,6
Funtscat,zuljin,576,monk,windwalker,12,6,6
Varicin,zuljin,576,monk,windwalker,12,6,6
Plotting,tichondrius,576,monk,windwalker,12,6,6
Monksoon,tichondrius,576,monk,windwalker,12,6,6
Yimmy,zuluhed,576,monk,windwalker,12,6,6
Silvyrx,boulderfist,576,monk,windwalker,12,6,6
Syffer,sargeras,576,monk,windwalker,12,6,6
Bakacia,ragnaros,576,monk,windwalker,12,6,6
Monasticc,undermine,576,monk,windwalker,12,6,6
Xuenfu,tichondrius,576,monk,windwalker,12,6,6
Affected,lightninghoof,576,monk,windwalker,12,6,6
Läôtzu,fizzcrank,576,monk,windwalker,12,6,6
Wât,bleeding-hollow,576,monk,windwalker,12,6,6
Bvndio,ragnaros,576,monk,windwalker,12,6,6
Coldridge,bleeding-hollow,576,monk,windwalker,12,6,6
Forthekicks,tichondrius,576,monk,windwalker,19,8,11
Awsmonk,malygos,576,monk,windwalker,18,6,12
Monjimen,ragnaros,576,monk,windwalker,18,6,12
Káizen,area-52,576,monk,windwalker,18,6,12
Obiiwan,tichondrius,576,monk,windwalker,18,6,12
Ipnam,kelthuzad,575,monk,windwalker,10,7,3
Kalrsk,frostmourne,575,monk,windwalker,12,6,6
Frimayadri,area-52,575,monk,windwalker,12,6,6
Tayden,korgath,575,monk,windwalker,12,6,6
Atulzo,emerald-dream,575,monk,windwalker,12,6,6
Yoshimoku,dalaran,575,monk,windwalker,12,6,6
Rowenoa,tichondrius,575,monk,windwalker,18,6,12
Kajjou,illidan,575,monk,windwalker,20,6,14
Dragorovich,aerie-peak,574,monk,windwalker,12,6,6
Linwong,garithos,574,monk,windwalker,12,6,6
Habana,stormreaver,574,monk,windwalker,24,6,18
Fistidmi,area-52,573,monk,windwalker,12,6,6
Tøxicø,quelthalas,572,monk,windwalker,16,7,9
Shnooze,barthilas,568,monk,windwalker,30,6,24
Meniscusmonk,emerald-dream,543,monk,windwalker,11,8,3
Phuumyn,llane,543,monk,windwalker,11,6,5
Wft,frostmourne,527,monk,windwalker,11,6,5
Shindoro,bonechewer,521,monk,windwalker,16,10,6
Hennyww,dalaran,480,monk,windwalker,6,5,1
Monkskiiz,tichondrius,480,monk,windwalker,6,5,1
Nitrobrewed,stormrage,480,monk,windwalker,6,5,1
Shevchenkô,quelthalas,480,monk,windwalker,6,5,1
Varimå,area-52,480,monk,windwalker,6,5,1
Iflykites,zuljin,480,monk,windwalker,6,5,1
Poem,grizzly-hills,480,monk,windwalker,6,5,1
Miresa,kelthuzad,480,monk,windwalker,6,5,1
Yenjung,azralon,480,monk,windwalker,6,5,1
Bomba,arthas,480,monk,windwalker,6,5,1
Koochies,aegwynn,480,monk,windwalker,6,5,1
Zakaza,kelthuzad,480,monk,windwalker,6,5,1
Getmistéd,sargeras,480,monk,windwalker,6,5,1
Iloveabby,sargeras,480,monk,windwalker,6,5,1
Kuranchi,illidan,480,monk,windwalker,6,5,1
Danksweaver,malganis,480,monk,windwalker,6,5,1
Kimmyfists,tichondrius,480,monk,windwalker,6,5,1
Pikadejegue,nemesis,480,monk,windwalker,6,5,1
Pleasetouch,emerald-dream,480,monk,windwalker,6,5,1
Blazebeast,blackhand,480,monk,windwalker,9,6,3
Kfchi,tichondrius,480,monk,windwalker,10,6,4
Tyrus,kelthuzad,480,monk,windwalker,9,5,4
Ultraop,emerald-dream,480,monk,windwalker,12,5,7
Tripster,wyrmrest-accord,480,monk,windwalker,12,5,7
Mepepegaclap,malganis,480,monk,windwalker,12,5,7
Ferknights,moon-guard,480,monk,windwalker,12,5,7
Zakuu,blackrock,480,monk,windwalker,12,5,7
Lokimana,zuljin,480,monk,windwalker,12,5,7
Chrisdamonk,stormrage,480,monk,windwalker,12,5,7
Xueyu,malganis,480,monk,windwalker,12,5,7
Zhíu,ragnaros,480,monk,windwalker,12,5,7
Idonthustle,area-52,480,monk,windwalker,12,5,7
Antril,bleeding-hollow,480,monk,windwalker,12,5,7
Tenkix,zuljin,480,monk,windwalker,12,5,7
Kickkick,burning-blade,480,monk,windwalker,12,5,7
Bokchoii,sargeras,480,monk,windwalker,12,5,7
Hakri,arthas,480,monk,windwalker,12,5,7
Plagai,fizzcrank,480,monk,windwalker,12,5,7
Trunkx,area-52,480,monk,windwalker,12,5,7
Chakrah,laughing-skull,480,monk,windwalker,12,5,7
Birean,area-52,480,monk,windwalker,12,5,7
Valdur,sargeras,480,monk,windwalker,12,5,7
Zadaa,alleria,480,monk,windwalker,12,5,7
Tigerwoo,tichondrius,480,monk,windwalker,12,5,7
Nomonko,tichondrius,480,monk,windwalker,12,5,7
Abdoolah,illidan,480,monk,windwalker,12,5,7
Aydowon,illidan,480,monk,windwalker,12,5,7
Miuss,illidan,480,monk,windwalker,12,5,7
Vinndz,azralon,480,monk,windwalker,18,5,13
Ãcé,ragnaros,480,monk,windwalker,18,5,13
Rafên,moon-guard,480,monk,windwalker,18,5,13
Maisoftheart,barthilas,480,monk,windwalker,18,5,13
Smigz,area-52,480,monk,windwalker,18,5,13
Gabaan,azralon,480,monk,windwalker,18,5,13
Zmajevratnik,illidan,479,monk,windwalker,6,5,1
Elmanteca,ragnaros,479,monk,windwalker,6,5,1
Shà,kelthuzad,479,monk,windwalker,12,5,7
Brzy,spinebreaker,479,monk,windwalker,12,5,7
Søuei,skullcrusher,479,monk,windwalker,12,5,7
Kiukiukiu,tichondrius,479,monk,windwalker,12,5,7
Breakbonez,dalaran,479,monk,windwalker,24,5,19
Tamonk,veknilash,478,monk,windwalker,6,5,1
Leisa,jaedenar,463,monk,windwalker,11,5,6
Mcmaplol,tichondrius,447,monk,windwalker,11,5,6
Chisuschrist,hyjal,432,monk,windwalker,15,5,10
Prettyflacko,thrall,416,monk,windwalker,10,5,5
Ezpumpm,azralon,384,monk,windwalker,6,4,2
Iarw,tichondrius,384,monk,windwalker,6,4,2
Gorblox,emerald-dream,384,monk,windwalker,6,4,2
Kiggo,bonechewer,384,monk,windwalker,6,4,2
Kame,moon-guard,384,monk,windwalker,6,4,2
Orbgodx,darkspear,384,monk,windwalker,6,4,2
Jbebe,tichondrius,384,monk,windwalker,6,4,2
Barleygar,tichondrius,384,monk,windwalker,6,4,2
Punchbuggy,frostmourne,384,monk,windwalker,6,4,2
Dippy,moon-guard,384,monk,windwalker,6,4,2
Trembull,gurubashi,384,monk,windwalker,6,4,2
Illiea,cenarius,384,monk,windwalker,6,4,2
Ðøhkø,nemesis,384,monk,windwalker,6,4,2
Karatay,tichondrius,384,monk,windwalker,6,4,2
Cowsgonuts,gorefiend,384,monk,windwalker,6,4,2
Molific,gurubashi,384,monk,windwalker,6,4,2
Hazed,lightbringer,384,monk,windwalker,6,4,2
Xulieng,tichondrius,384,monk,windwalker,6,4,2
Beverage,frostmourne,384,monk,windwalker,6,4,2
Pathad,stormrage,384,monk,windwalker,6,4,2
Thewyjr,illidan,384,monk,windwalker,6,4,2
Vernki,laughing-skull,384,monk,windwalker,6,4,2
Korgark,tichondrius,384,monk,windwalker,6,4,2
Evanyfist,proudmoore,384,monk,windwalker,6,4,2
Delaî,dalaran,384,monk,windwalker,6,4,2
Chopana,malganis,384,monk,windwalker,6,4,2
Liucang,archimonde,384,monk,windwalker,6,4,2
Monkespin,stormrage,384,monk,windwalker,6,4,2
Research,frostmourne,384,monk,windwalker,6,4,2
Dalearnhardt,proudmoore,384,monk,windwalker,6,4,2
Aedalithe,stormrage,384,monk,windwalker,6,4,2
Ganksyou,sargeras,384,monk,windwalker,6,4,2
Lowkn,sargeras,384,monk,windwalker,6,4,2
Preceptonk,azralon,384,monk,windwalker,6,4,2
Satchelgizmo,tichondrius,384,monk,windwalker,6,4,2
Arunaa,tichondrius,384,monk,windwalker,6,4,2
Fistedby,nesingwary,384,monk,windwalker,6,4,2
Hailan,area-52,384,monk,windwalker,6,4,2
Fivebears,blackwing-lair,384,monk,windwalker,6,4,2
Jackphan,azralon,384,monk,windwalker,6,4,2
Vetting,stormrage,384,monk,windwalker,6,4,2
Saitamami,tichondrius,384,monk,windwalker,6,4,2
Champoo,executus,384,monk,windwalker,6,4,2
Imperio,stormrage,384,monk,windwalker,6,4,2
Castiwhite,quelthalas,384,monk,windwalker,6,4,2
Cowhoe,icecrown,384,monk,windwalker,6,4,2
Crave,tichondrius,384,monk,windwalker,6,4,2
Milli,twisting-nether,384,monk,windwalker,6,4,2
Stevìl,medivh,384,monk,windwalker,6,4,2
Zenitsu,burning-blade,384,monk,windwalker,6,4,2
Eçua,tichondrius,384,monk,windwalker,7,4,3
Dangodxz,quelthalas,384,monk,windwalker,10,5,5
Serenitys,tanaris,384,monk,windwalker,9,4,5
Gngrbeardman,tichondrius,384,monk,windwalker,12,4,8
Machita,spirestone,384,monk,windwalker,12,4,8
Raekwan,area-52,384,monk,windwalker,12,4,8
Sïfu,barthilas,384,monk,windwalker,12,4,8
Fmbbasedgód,tichondrius,384,monk,windwalker,12,4,8
Mysticzen,tichondrius,384,monk,windwalker,12,4,8
Giorhno,ragnaros,384,monk,windwalker,12,4,8
Rookz,drakthul,384,monk,windwalker,12,4,8
Ohtani,frostwolf,384,monk,windwalker,12,4,8
Tesdra,moon-guard,384,monk,windwalker,12,4,8
Solrise,wyrmrest-accord,384,monk,windwalker,12,4,8
Evilstep,tichondrius,384,monk,windwalker,12,4,8
Boeycalma,illidan,384,monk,windwalker,12,4,8
Xinvictus,frostmourne,384,monk,windwalker,12,4,8
Thiccdih,area-52,384,monk,windwalker,12,4,8
Jxytwo,arygos,384,monk,windwalker,12,4,8
Merçeÿ,tichondrius,384,monk,windwalker,12,4,8
Sickbanga,barthilas,384,monk,windwalker,12,4,8
Cudzingtin,dalaran,384,monk,windwalker,12,4,8
Wheresmyjuul,malganis,384,monk,windwalker,12,4,8
Talondien,dalaran,384,monk,windwalker,12,4,8
Cranjis,agamaggan,384,monk,windwalker,12,4,8
Bwan,kelthuzad,384,monk,windwalker,12,4,8
Piece,blackrock,384,monk,windwalker,12,4,8
Threnz,magtheridon,384,monk,windwalker,12,4,8
Ferrarí,quelthalas,384,monk,windwalker,12,4,8
Nakwood,proudmoore,384,monk,windwalker,12,4,8
Chijinx,area-52,384,monk,windwalker,12,4,8
Fruitpünch,tichondrius,384,monk,windwalker,12,4,8
Kfp,gorefiend,384,monk,windwalker,12,4,8
Ramisan,barthilas,384,monk,windwalker,12,4,8
Fluffykitty,deathwing,384,monk,windwalker,12,4,8
Ruì,malganis,384,monk,windwalker,18,4,14
Jayr,bleeding-hollow,384,monk,windwalker,18,4,14
Fistermus,tichondrius,384,monk,windwalker,36,4,32
Zanmonk,moon-guard,383,monk,windwalker,6,4,2
Chugs,malorne,383,monk,windwalker,18,4,14
Viko,llane,382,monk,windwalker,6,4,2
Pandalex,draenor,382,monk,windwalker,12,4,8
Honghong,kargath,367,monk,windwalker,11,5,6
Liw,quelthalas,362,monk,windwalker,21,7,14
Broxxenidas,quelthalas,351,monk,windwalker,11,4,7
Nakuang,tichondrius,339,monk,windwalker,24,7,17
Ariannahxd,malganis,330,monk,windwalker,15,5,10
Mistyfist,bleeding-hollow,330,monk,windwalker,22,5,17
Mgzx,kelthuzad,288,monk,windwalker,6,3,3
ßluedream,dalaran,288,monk,windwalker,6,3,3
Sosm,kelthuzad,288,monk,windwalker,6,3,3
Highaskite,tichondrius,288,monk,windwalker,6,3,3
Slurrpslutt,proudmoore,288,monk,windwalker,6,3,3
Rafyww,tichondrius,288,monk,windwalker,6,3,3
Spaaca,kelthuzad,288,monk,windwalker,6,3,3
Kyzen,trollbane,288,monk,windwalker,6,3,3
Atezo,tichondrius,288,monk,windwalker,6,3,3
Redami,gnomeregan,288,monk,windwalker,6,3,3
Karategood,dalaran,288,monk,windwalker,6,3,3
Reflexsivex,malganis,288,monk,windwalker,6,3,3
Bakicaa,dalaran,288,monk,windwalker,6,3,3
Rhonco,quelthalas,288,monk,windwalker,6,3,3
Choibaedal,tichondrius,288,monk,windwalker,6,3,3
Tababtz,illidan,288,monk,windwalker,6,3,3
Pusily,tichondrius,288,monk,windwalker,6,3,3
Monkdruffy,tichondrius,288,monk,windwalker,6,3,3
Daspmonk,nagrand,288,monk,windwalker,6,3,3
Lackofsleep,tichondrius,288,monk,windwalker,6,3,3
Pandaforlife,area-52,288,monk,windwalker,6,3,3
Harvex,area-52,288,monk,windwalker,6,3,3
Raires,tichondrius,288,monk,windwalker,6,3,3
Tribunez,stormrage,288,monk,windwalker,6,3,3
Fysicalx,stormrage,288,monk,windwalker,6,3,3
Hábìtz,area-52,288,monk,windwalker,6,3,3
Evilbit,boulderfist,288,monk,windwalker,6,3,3
Burash,frostwolf,288,monk,windwalker,6,3,3
Jubei,dragonmaw,288,monk,windwalker,6,3,3
Bromonster,zuljin,288,monk,windwalker,6,3,3
Sýññ,illidan,288,monk,windwalker,6,3,3
Bogez,area-52,288,monk,windwalker,6,3,3
Dorander,frostmourne,288,monk,windwalker,6,3,3
Dripharder,tichondrius,288,monk,windwalker,6,3,3
Hanzøu,ragnaros,288,monk,windwalker,6,3,3
Oyyo,tichondrius,288,monk,windwalker,6,3,3
Gageismonk,mugthol,288,monk,windwalker,6,3,3
Axtîn,stormreaver,288,monk,windwalker,6,3,3
Kuafu,illidan,288,monk,windwalker,6,3,3
Solafyde,aerie-peak,288,monk,windwalker,6,3,3
Lomist,nazjatar,288,monk,windwalker,6,3,3
Brewtool,tichondrius,288,monk,windwalker,6,3,3
Maserati,azjolnerub,288,monk,windwalker,6,3,3
Mistérfister,blackrock,288,monk,windwalker,6,3,3
Thalassassin,bleeding-hollow,288,monk,windwalker,6,3,3
Mlngo,illidan,288,monk,windwalker,6,3,3
Hellcow,frostmourne,288,monk,windwalker,6,3,3
Gulmokk,tichondrius,288,monk,windwalker,6,3,3
Leemîn,tichondrius,288,monk,windwalker,6,3,3
Swurvex,bleeding-hollow,288,monk,windwalker,6,3,3
Tonkchi,khaz-modan,288,monk,windwalker,6,3,3
Legolos,runetotem,288,monk,windwalker,6,3,3
Triixxy,thrall,288,monk,windwalker,6,3,3
Zexana,gorefiend,288,monk,windwalker,6,3,3
Monklad,malganis,288,monk,windwalker,6,3,3
Mcfluffey,area-52,288,monk,windwalker,6,3,3
Momkisserl,sargeras,288,monk,windwalker,6,3,3
Carmelfist,kargath,288,monk,windwalker,6,3,3
Heavytrain,azralon,288,monk,windwalker,6,3,3
Tigerlust,sargeras,288,monk,windwalker,6,3,3
Karkata,sargeras,288,monk,windwalker,6,3,3
Kallandron,thunderhorn,288,monk,windwalker,6,3,3
Fistay,burning-legion,288,monk,windwalker,6,3,3
Tictox,sargeras,288,monk,windwalker,6,3,3
Rumlee,sargeras,288,monk,windwalker,6,3,3
Goodluck,madoran,288,monk,windwalker,6,3,3
Muffinz,shattered-halls,288,monk,windwalker,6,3,3
Apølon,azralon,288,monk,windwalker,6,3,3
Detox,sargeras,288,monk,windwalker,6,3,3
Rampant,anubarak,288,monk,windwalker,9,4,5
Bujiburger,frostmourne,288,monk,windwalker,12,3,9
Paramendic,frostwolf,288,monk,windwalker,12,3,9
Joreg,moon-guard,288,monk,windwalker,12,3,9
Meatcleave,kiljaeden,288,monk,windwalker,12,3,9
Raviolipolie,sargeras,288,monk,windwalker,12,3,9
Setzua,cairne,288,monk,windwalker,12,3,9
Vova,bleeding-hollow,288,monk,windwalker,12,3,9
Wwx,whisperwind,288,monk,windwalker,12,3,9
Tofugoku,area-52,288,monk,windwalker,12,3,9
Shizzyowoxd,bleeding-hollow,288,monk,windwalker,12,3,9
Kickxy,sargeras,288,monk,windwalker,12,3,9
Keloxx,ragnaros,288,monk,windwalker,12,3,9
Saohta,quelthalas,288,monk,windwalker,12,3,9
Donn,illidan,288,monk,windwalker,12,3,9
Atarii,emerald-dream,288,monk,windwalker,12,3,9
Howlit,illidan,288,monk,windwalker,12,3,9
Messym,illidan,288,monk,windwalker,12,3,9
Maziyen,thunderlord,288,monk,windwalker,12,3,9
Senseixww,sargeras,288,monk,windwalker,12,3,9
Dmhsaint,sargeras,288,monk,windwalker,12,3,9
Rnmedic,stormrage,288,monk,windwalker,14,3,11
Ogre,the-venture-co,287,monk,windwalker,6,3,3
Brewmooser,area-52,287,monk,windwalker,6,3,3
Vigilanteon,stormrage,287,monk,windwalker,12,3,9
Gaziee,tichondrius,271,monk,windwalker,11,3,8
Dafuqk,stormrage,256,monk,windwalker,16,3,13
Hellrosennin,area-52,239,monk,windwalker,5,3,2
Rockfu,illidan,239,monk,windwalker,5,3,2
Mùk,tichondrius,192,monk,windwalker,4,3,1
Klamfu,thrall,192,monk,windwalker,4,3,1
Lìpz,zuljin,192,monk,windwalker,6,2,4
Dragoro,exodar,192,monk,windwalker,6,2,4
Brokenfeels,azralon,192,monk,windwalker,6,2,4
Monkuban,destromath,192,monk,windwalker,6,2,4
Fistpumps,thrall,192,monk,windwalker,6,2,4
Defacen,illidan,192,monk,windwalker,6,2,4
Sdns,stormrage,192,monk,windwalker,6,2,4
Bubblewater,illidan,192,monk,windwalker,6,2,4
Gumrag,illidan,192,monk,windwalker,6,2,4
Undmonge,azralon,192,monk,windwalker,6,2,4
Brëwslee,twisting-nether,192,monk,windwalker,6,2,4
Strongmandan,twisting-nether,192,monk,windwalker,6,2,4
Tenfingers,dalaran,192,monk,windwalker,6,2,4
Kakusanni,nemesis,192,monk,windwalker,6,2,4
Deyasth,zuljin,192,monk,windwalker,6,2,4
Hutmok,dalaran,192,monk,windwalker,6,2,4
Toxicaff,dalaran,192,monk,windwalker,6,2,4
Pvptone,bleeding-hollow,192,monk,windwalker,6,2,4
Tadaku,dalaran,192,monk,windwalker,6,2,4
Bakusao,bleeding-hollow,192,monk,windwalker,6,2,4
Xarra,bleeding-hollow,192,monk,windwalker,6,2,4
Jüdo,barthilas,192,monk,windwalker,6,2,4
Salanzoww,bleeding-hollow,192,monk,windwalker,6,2,4
Spirits,dreadmaul,192,monk,windwalker,6,2,4
Icesmoker,frostmourne,192,monk,windwalker,6,2,4
Hêrsh,frostmourne,192,monk,windwalker,6,2,4
Streetcreds,bleeding-hollow,192,monk,windwalker,6,2,4
Coomerww,kelthuzad,192,monk,windwalker,6,2,4
Zengawd,magtheridon,192,monk,windwalker,6,2,4
Monkbro,altar-of-storms,192,monk,windwalker,6,2,4
Flicksx,arthas,192,monk,windwalker,6,2,4
Sukrit,darkspear,192,monk,windwalker,6,2,4
Mtnbrew,sargeras,192,monk,windwalker,6,2,4
Saywha,windrunner,192,monk,windwalker,6,2,4
Hossdelgadoe,kiljaeden,192,monk,windwalker,6,2,4
Bhoredom,kiljaeden,192,monk,windwalker,6,2,4
Kitfisty,kiljaeden,192,monk,windwalker,6,2,4
Jadiel,quelthalas,192,monk,windwalker,6,2,4
Robocto,area-52,192,monk,windwalker,6,2,4
Merrell,area-52,192,monk,windwalker,6,2,4
Sinistuhm,tichondrius,192,monk,windwalker,6,2,4
Mîstchievous,sargeras,192,monk,windwalker,6,2,4
Privix,tichondrius,192,monk,windwalker,6,2,4
Induhca,area-52,192,monk,windwalker,6,2,4
Averagéjoe,tichondrius,192,monk,windwalker,6,2,4
Imafqnbaby,tichondrius,192,monk,windwalker,6,2,4
Takazawas,bonechewer,192,monk,windwalker,6,2,4
Upcoming,moon-guard,192,monk,windwalker,6,2,4
Grëyfox,sargeras,192,monk,windwalker,6,2,4
Metaxzy,sargeras,192,monk,windwalker,6,2,4
Mcoos,tichondrius,192,monk,windwalker,6,2,4
Troutz,sargeras,192,monk,windwalker,6,2,4
Akiiko,draenor,192,monk,windwalker,6,2,4
Gøldéngødx,tichondrius,192,monk,windwalker,6,2,4
Heävenly,kelthuzad,192,monk,windwalker,6,2,4
Boeingair,kelthuzad,192,monk,windwalker,6,2,4
Ked,ragnaros,192,monk,windwalker,6,2,4
Lonebamboo,tichondrius,192,monk,windwalker,6,2,4
Möösê,moon-guard,192,monk,windwalker,6,2,4
Yopper,tichondrius,192,monk,windwalker,6,2,4
Hydraoxy,moon-guard,192,monk,windwalker,6,2,4
Youngnudy,sargeras,192,monk,windwalker,6,2,4
Thöran,ragnaros,192,monk,windwalker,6,2,4
Gracesowner,moon-guard,192,monk,windwalker,6,2,4
Transcend,nerzhul,192,monk,windwalker,6,2,4
Furrykisser,tichondrius,192,monk,windwalker,6,2,4
Fuchizaki,ragnaros,192,monk,windwalker,6,2,4
Puraimu,sargeras,192,monk,windwalker,6,2,4
Prf,ragnaros,192,monk,windwalker,6,2,4
Epî,tichondrius,192,monk,windwalker,6,2,4
Taringa,drakkari,192,monk,windwalker,6,2,4
Théwy,tichondrius,192,monk,windwalker,6,2,4
Khnum,fizzcrank,192,monk,windwalker,6,2,4
Guyfíeri,velen,192,monk,windwalker,8,2,6
Motivmonk,uldum,192,monk,windwalker,12,2,10
Dankestkhan,korialstrasz,192,monk,windwalker,12,2,10
Pongo,kelthuzad,192,monk,windwalker,12,2,10
Eliwenn,ragnaros,192,monk,windwalker,12,2,10
Bruceflea,gurubashi,192,monk,windwalker,18,2,16
Punch,agamaggan,175,monk,windwalker,11,2,9
Wheatsli,malganis,159,monk,windwalker,5,2,3
Goku,frostmourne,159,monk,windwalker,5,2,3
Stellae,emerald-dream,159,monk,windwalker,5,2,3
Lazy,shattered-halls,159,monk,windwalker,5,2,3
Fendi,stormrage,159,monk,windwalker,5,2,3
Choyou,bleeding-hollow,138,monk,windwalker,10,4,6
Heartsies,sargeras,128,monk,windwalker,4,2,2
Vanishm,ragnaros,96,monk,windwalker,3,2,1
Jayjaybrew,area-52,96,monk,windwalker,3,2,1
Monkwayz,emerald-dream,96,monk,windwalker,3,2,1
Neaxain,tichondrius,96,monk,windwalker,3,2,1
Srshy,drakkari,96,monk,windwalker,6,1,5
Murgleh,misha,96,monk,windwalker,6,1,5
Nbatrap,stormrage,96,monk,windwalker,6,1,5
Cerocool,hyjal,96,monk,windwalker,6,1,5
Buddaba,tichondrius,96,monk,windwalker,6,1,5
Molsonicee,tichondrius,96,monk,windwalker,6,1,5
Zinque,emerald-dream,96,monk,windwalker,6,1,5
Jh,korgath,96,monk,windwalker,6,1,5
Munnk,stormreaver,96,monk,windwalker,6,1,5
Okuraseru,bleeding-hollow,96,monk,windwalker,6,1,5
Gablle,tol-barad,96,monk,windwalker,6,1,5
Smashdmonk,gnomeregan,96,monk,windwalker,6,1,5
Chipócluda,ragnaros,96,monk,windwalker,6,1,5
Forestweaver,area-52,96,monk,windwalker,6,1,5
Friëden,quelthalas,96,monk,windwalker,6,1,5
Giriom,thrall,96,monk,windwalker,6,1,5
Legsweeps,tichondrius,96,monk,windwalker,6,1,5
Windlordx,illidan,96,monk,windwalker,6,1,5
Omoplàta,illidan,96,monk,windwalker,6,1,5
Tubshark,kelthuzad,96,monk,windwalker,6,1,5
Ischys,kelthuzad,96,monk,windwalker,6,1,5
Pléb,kelthuzad,96,monk,windwalker,6,1,5
Spicybrew,tichondrius,96,monk,windwalker,6,1,5
Xhu,kelthuzad,96,monk,windwalker,6,1,5
Comical,malygos,96,monk,windwalker,6,1,5
Netang,emerald-dream,96,monk,windwalker,6,1,5
Memurk,bleeding-hollow,96,monk,windwalker,6,1,5
Imingleejr,illidan,96,monk,windwalker,6,1,5
Boomboomspin,illidan,96,monk,windwalker,6,1,5
Kickflipy,dalaran,96,monk,windwalker,6,1,5
Tmtricks,tichondrius,96,monk,windwalker,6,1,5
Monkspanka,nemesis,96,monk,windwalker,6,1,5
Jg,staghelm,96,monk,windwalker,6,1,5
Teewin,area-52,96,monk,windwalker,6,1,5
Minimonki,bleeding-hollow,96,monk,windwalker,6,1,5
Piccolo,emerald-dream,96,monk,windwalker,6,1,5
Monkanome,gilneas,96,monk,windwalker,6,1,5
Cystweaver,dalaran,96,monk,windwalker,6,1,5
Srgtbingo,azgalor,96,monk,windwalker,6,1,5
Saruyo,frostmourne,96,monk,windwalker,6,1,5
Lainerya,moon-guard,96,monk,windwalker,6,1,5
Yípman,uldum,96,monk,windwalker,6,1,5
Æsir,moon-guard,96,monk,windwalker,6,1,5
Banidiin,moon-guard,96,monk,windwalker,6,1,5
Sanemi,amanthul,96,monk,windwalker,6,1,5
Quaria,moon-guard,96,monk,windwalker,6,1,5
Kablam,frostmourne,96,monk,windwalker,6,1,5
Tuskytwofist,kargath,96,monk,windwalker,12,1,11
Cmon,icecrown,96,monk,windwalker,12,1,11
Yosisoy,zuljin,79,monk,windwalker,5,1,4
Hít,bonechewer,64,monk,windwalker,4,1,3
Criminall,aegwynn,64,monk,windwalker,4,1,3
Zhatafaq,ragnaros,48,monk,windwalker,3,1,2
Alzen,tichondrius,42,monk,windwalker,9,2,7
Kreese,rivendare,42,monk,windwalker,9,2,7
Cosetteb,proudmoore,31,monk,windwalker,2,1,1
Notamønk,bonechewer,31,monk,windwalker,2,1,1
Laggyfist,frostmourne,16,monk,windwalker,1,1,0
Rèxpéi,area-52,2157,paladin,holy,84,48,36
Overwhelm,muradin,2125,paladin,holy,64,39,25
Sunita,arthas,2116,paladin,holy,189,99,90
Pattar,area-52,2107,paladin,holy,66,37,29
Dreathhammer,muradin,2093,paladin,holy,96,48,48
Tmborn,tichondrius,2080,paladin,holy,101,48,53
Holylolz,ragnaros,2042,paladin,holy,198,99,99
Digglesx,area-52,2012,paladin,holy,78,35,43
Bubblebuddyx,tichondrius,2010,paladin,holy,136,66,70
Bilmurii,zuljin,1981,paladin,holy,96,51,45
Curator,emerald-dream,1964,paladin,holy,74,37,37
Reverbz,malganis,1953,paladin,holy,120,56,64
Badnold,area-52,1952,paladin,holy,55,26,29
Braindeadrsj,anetheron,1942,paladin,holy,173,94,79
Eskerda,azralon,1942,paladin,holy,166,80,86
Bombboyoz,area-52,1936,paladin,holy,84,44,40
Nickimahoj,tichondrius,1920,paladin,holy,93,47,46
Flõw,gnomeregan,1919,paladin,holy,84,52,32
Hamsti,sargeras,1909,paladin,holy,125,63,62
Baelsimp,illidan,1898,paladin,holy,96,50,46
Flashv,barthilas,1896,paladin,holy,62,32,30
Saacbot,area-52,1890,paladin,holy,75,29,46
Angrycubanx,black-dragonflight,1887,paladin,holy,50,25,25
Jaywalker,baelgun,1885,paladin,holy,78,45,33
Thejustice,tichondrius,1870,paladin,holy,162,79,83
Careless,malganis,1869,paladin,holy,54,28,26
Cynthianna,tichondrius,1865,paladin,holy,266,137,129
Bravepala,tichondrius,1862,paladin,holy,78,35,43
Thejustices,tichondrius,1860,paladin,holy,36,22,14
Sde,kelthuzad,1855,paladin,holy,132,61,71
Pelletbrain,emerald-dream,1850,paladin,holy,262,133,129
Nyctemavanna,ragnaros,1848,paladin,holy,124,65,59
Hats,icecrown,1846,paladin,holy,227,119,108
Ðáxø,sargeras,1846,paladin,holy,48,25,23
Truluck,area-52,1845,paladin,holy,135,69,66
Dýstopia,stormrage,1841,paladin,holy,41,21,20
Skillenjoyer,tichondrius,1839,paladin,holy,78,49,29
Bobthemad,proudmoore,1838,paladin,holy,59,33,26
Bushyy,tichondrius,1838,paladin,holy,54,26,28
Duallkore,stormrage,1835,paladin,holy,78,42,36
Ðáx,sargeras,1828,paladin,holy,75,39,36
Sojupapi,area-52,1826,paladin,holy,239,119,120
Ppgdx,azralon,1826,paladin,holy,78,34,44
Caveyodeler,zuluhed,1822,paladin,holy,47,28,19
Cyphinx,darkspear,1822,paladin,holy,103,48,55
Csupremacy,tichondrius,1822,paladin,holy,99,46,53
Memnoche,frostmane,1821,paladin,holy,89,53,36
Sacbubldead,area-52,1820,paladin,holy,126,79,47
Perfect,crushridge,1820,paladin,holy,56,28,28
Deadlyassian,sargeras,1819,paladin,holy,100,54,46
Judgejim,barthilas,1819,paladin,holy,162,75,87
Scrubbinton,zuljin,1818,paladin,holy,102,51,51
Everrlasting,tichondrius,1817,paladin,holy,72,36,36
Fonypally,tichondrius,1815,paladin,holy,332,171,161
Uxe,zuljin,1812,paladin,holy,60,30,30
Esd,kelthuzad,1812,paladin,holy,59,25,34
Chobbler,tichondrius,1812,paladin,holy,60,24,36
Fukndibs,kiljaeden,1811,paladin,holy,172,85,87
Sd,kelthuzad,1811,paladin,holy,123,59,64
Bubblist,tichondrius,1811,paladin,holy,68,28,40
Bravepl,tichondrius,1808,paladin,holy,73,28,45
Dracfire,zuljin,1807,paladin,holy,45,24,21
Zetsubõ,stormrage,1806,paladin,holy,54,24,30
Ængelic,barthilas,1803,paladin,holy,202,107,95
Dyppally,moon-guard,1803,paladin,holy,102,51,51
Wtbmana,frostmourne,1801,paladin,holy,72,39,33
Varies,kelthuzad,1801,paladin,holy,58,28,30
Tylennis,archimonde,1801,paladin,holy,172,82,90
Richpiana,nathrezim,1800,paladin,holy,106,60,46
Hongwoosang,tichondrius,1795,paladin,holy,188,89,99
Colepal,zuljin,1792,paladin,holy,96,42,54
Amourranth,stormrage,1785,paladin,holy,52,30,22
Scamlikely,tichondrius,1785,paladin,holy,121,62,59
Airbad,tichondrius,1785,paladin,holy,53,23,30
Boomda,tichondrius,1781,paladin,holy,193,106,87
Insthy,illidan,1777,paladin,holy,131,69,62
Veejayx,tichondrius,1775,paladin,holy,44,21,23
Chenzo,exodar,1774,paladin,holy,196,102,94
Zilea,kiljaeden,1768,paladin,holy,48,24,24
Hps,argent-dawn,1759,paladin,holy,42,22,20
Theebus,tichondrius,1753,paladin,holy,71,28,43
Kevinthecube,nerzhul,1749,paladin,holy,48,36,12
Defensezone,tichondrius,1749,paladin,holy,74,36,38
Xciss,kiljaeden,1739,paladin,holy,294,146,148
Ihaveajob,zuluhed,1730,paladin,holy,42,23,19
Cewekmbek,barthilas,1727,paladin,holy,48,19,29
Ddeuk,tichondrius,1725,paladin,holy,570,293,277
Mercedez,bleeding-hollow,1724,paladin,holy,54,28,26
Brynnhild,stormrage,1722,paladin,holy,102,55,47
Kustp,tichondrius,1718,paladin,holy,183,105,78
Fixyouz,mannoroth,1718,paladin,holy,118,55,63
Ckaïnë,stormrage,1714,paladin,holy,68,36,32
Pallice,queldorei,1714,paladin,holy,126,61,65
Softsister,tichondrius,1713,paladin,holy,42,22,20
Heaven,gurubashi,1705,paladin,holy,47,22,25
Taargaryenn,tichondrius,1701,paladin,holy,60,32,28
Holymooie,frostmourne,1692,paladin,holy,30,18,12
Fortold,bloodhoof,1692,paladin,holy,54,23,31
Virabelle,gurubashi,1690,paladin,holy,48,25,23
Evylinn,burning-legion,1684,paladin,holy,126,69,57
Citylights,tichondrius,1677,paladin,holy,51,28,23
Beyondsausag,malganis,1676,paladin,holy,113,51,62
Tenêbrae,area-52,1674,paladin,holy,52,33,19
Mangoflash,malganis,1673,paladin,holy,66,26,40
Barcie,lothar,1673,paladin,holy,72,26,46
Sàga,hyjal,1671,paladin,holy,53,29,24
Mvpj,medivh,1669,paladin,holy,153,78,75
Cheerleader,bleeding-hollow,1668,paladin,holy,138,62,76
Eskerda,nemesis,1666,paladin,holy,41,18,23
Zacháry,sargeras,1663,paladin,holy,261,137,124
Imshmackedd,darkspear,1663,paladin,holy,84,35,49
Tiernoo,illidan,1662,paladin,holy,98,46,52
Landrysdad,malorne,1660,paladin,holy,54,26,28
Ivan,tichondrius,1659,paladin,holy,136,62,74
Stephon,area-52,1659,paladin,holy,54,22,32
Sacridas,fizzcrank,1657,paladin,holy,36,20,16
Zunit,laughing-skull,1656,paladin,holy,46,22,24
Thorfinaa,moon-guard,1653,paladin,holy,71,38,33
Avengom,tichondrius,1653,paladin,holy,357,179,178
Mayru,ragnaros,1651,paladin,holy,39,20,19
Bombboyozjr,area-52,1649,paladin,holy,30,20,10
Lalatinaford,amanthul,1647,paladin,holy,76,44,32
Chenzio,garona,1646,paladin,holy,39,27,12
Gazapal,thrall,1645,paladin,holy,162,93,69
Kensyzs,tichondrius,1644,paladin,holy,60,24,36
Ppgddxx,azralon,1643,paladin,holy,30,18,12
Nerfretpls,area-52,1642,paladin,holy,42,20,22
Beejae,stormreaver,1640,paladin,holy,47,21,26
Arcanux,thrall,1639,paladin,holy,42,19,23
Dazargeros,moon-guard,1638,paladin,holy,132,66,66
Bushys,tichondrius,1638,paladin,holy,42,21,21
Bpalaayo,kelthuzad,1636,paladin,holy,94,37,57
Ellyarian,emerald-dream,1635,paladin,holy,42,22,20
Teenytoots,burning-legion,1635,paladin,holy,69,26,43
Oing,tichondrius,1634,paladin,holy,76,45,31
Yuuichi,moon-guard,1634,paladin,holy,64,29,35
Enzõ,illidan,1632,paladin,holy,48,26,22
Castleknight,tichondrius,1632,paladin,holy,77,38,39
Rhönin,sargeras,1632,paladin,holy,54,22,32
Rhunon,dalaran,1631,paladin,holy,78,41,37
Shazuwu,illidan,1630,paladin,holy,30,17,13
Xcuse,tichondrius,1630,paladin,holy,84,43,41
Killmoth,illidan,1630,paladin,holy,251,124,127
Boundric,emerald-dream,1629,paladin,holy,42,23,19
Pála,dalaran,1625,paladin,holy,164,80,84
Songminsu,proudmoore,1625,paladin,holy,99,47,52
Deepnasty,galakrond,1624,paladin,holy,215,110,105
Solfire,stormreaver,1622,paladin,holy,92,45,47
Bopbotx,area-52,1621,paladin,holy,49,17,32
Gospel,duskwood,1617,paladin,holy,65,37,28
Scoopzi,frostmourne,1616,paladin,holy,47,27,20
Rhönin,illidan,1616,paladin,holy,42,22,20
Sinfolly,whisperwind,1615,paladin,holy,90,47,43
Ascion,tichondrius,1614,paladin,holy,119,58,61
Censy,tichondrius,1613,paladin,holy,30,17,13
Caitthegreat,malorne,1613,paladin,holy,42,23,19
Nodenom,blackrock,1612,paladin,holy,30,18,12
Sekitar,ragnaros,1611,paladin,holy,155,79,76
Zergmé,executus,1610,paladin,holy,42,21,21
Ricopal,frostmourne,1610,paladin,holy,36,17,19
Sevenword,tichondrius,1609,paladin,holy,61,36,25
Jealp,sargeras,1608,paladin,holy,42,26,16
Roundhere,area-52,1608,paladin,holy,30,18,12
Naxzy,quelthalas,1608,paladin,holy,46,27,19
Moonmi,tichondrius,1608,paladin,holy,187,106,81
Larryhoova,malganis,1608,paladin,holy,36,20,16
Crâfty,bleeding-hollow,1608,paladin,holy,83,45,38
Madorian,bleeding-hollow,1607,paladin,holy,60,25,35
Dwarrior,quelthalas,1606,paladin,holy,39,18,21
Forsakenlite,sargeras,1606,paladin,holy,90,41,49
Raigha,stormrage,1604,paladin,holy,42,22,20
Abellpally,tichondrius,1604,paladin,holy,48,21,27
Minefujiko,tichondrius,1603,paladin,holy,377,191,186
Erikx,smolderthorn,1601,paladin,holy,120,66,54
Orphandog,zuljin,1600,paladin,holy,29,21,8
Gjoker,azralon,1600,paladin,holy,42,25,17
Jiraya,nemesis,1598,paladin,holy,79,39,40
Wuhbp,illidan,1596,paladin,holy,88,44,44
Ricardão,emerald-dream,1592,paladin,holy,36,17,19
Asherm,moon-guard,1590,paladin,holy,98,48,50
Klam,kelthuzad,1588,paladin,holy,36,18,18
Madsama,quelthalas,1587,paladin,holy,66,36,30
Retsincewod,zuluhed,1586,paladin,holy,54,28,26
Kencyz,tichondrius,1585,paladin,holy,37,22,15
Molki,tichondrius,1583,paladin,holy,99,59,40
Bopthebomb,sargeras,1580,paladin,holy,71,33,38
Chonsic,darkspear,1579,paladin,holy,84,37,47
Thelac,dalaran,1575,paladin,holy,72,39,33
Regivän,azralon,1575,paladin,holy,78,39,39
Dodgeandhoj,nerzhul,1572,paladin,holy,36,19,17
Gwok,thrall,1569,paladin,holy,167,89,78
Aluríel,quelthalas,1568,paladin,holy,56,28,28
Peelmeree,kelthuzad,1565,paladin,holy,36,18,18
Hônòr,thrall,1564,paladin,holy,51,29,22
Ashley,sargeras,1563,paladin,holy,42,22,20
Runihaveaids,stormrage,1563,paladin,holy,196,101,95
Sprjustice,frostmourne,1562,paladin,holy,36,18,18
Nontheism,malganis,1559,paladin,holy,42,19,23
Quertz,sargeras,1557,paladin,holy,116,71,45
Drägonmynuts,tichondrius,1556,paladin,holy,103,43,60
Montageflav,illidan,1554,paladin,holy,56,27,29
Gorgona,illidan,1551,paladin,holy,107,53,54
Crabsaladpal,illidan,1550,paladin,holy,112,62,50
Jiberish,illidan,1548,paladin,holy,110,53,57
Jässy,muradin,1545,paladin,holy,59,29,30
Amiigo,tichondrius,1545,paladin,holy,54,24,30
Vitabro,bleeding-hollow,1540,paladin,holy,137,76,61
Riptonix,stormrage,1540,paladin,holy,121,66,55
Discordnitro,illidan,1539,paladin,holy,36,20,16
Slüg,bleeding-hollow,1537,paladin,holy,204,104,100
Guerrer,hyjal,1537,paladin,holy,488,248,240
Vaerume,sargeras,1534,paladin,holy,84,47,37
Shagalaga,tichondrius,1534,paladin,holy,78,37,41
Handsomedan,twisting-nether,1533,paladin,holy,72,34,38
Holyknight,veknilash,1532,paladin,holy,89,45,44
Rg,nerzhul,1532,paladin,holy,219,108,111
Saphri,kiljaeden,1529,paladin,holy,136,70,66
Avahir,moon-guard,1528,paladin,holy,60,30,30
Saveursavior,bleeding-hollow,1524,paladin,holy,147,70,77
Kidstable,nathrezim,1523,paladin,holy,70,27,43
Beyönd,quelthalas,1520,paladin,holy,78,39,39
Pandahorn,tichondrius,1520,paladin,holy,54,23,31
Wokeinator,malganis,1519,paladin,holy,249,135,114
Dageraad,tichondrius,1519,paladin,holy,30,16,14
Bigoldman,tichondrius,1519,paladin,holy,72,37,35
Drisx,sargeras,1514,paladin,holy,78,35,43
Maeyz,sargeras,1511,paladin,holy,126,67,59
Bërzerk,zuluhed,1511,paladin,holy,69,26,43
Handyandy,kelthuzad,1510,paladin,holy,112,60,52
Bosat,drakkari,1509,paladin,holy,48,19,29
Bushÿ,tichondrius,1508,paladin,holy,94,52,42
Vmxp,barthilas,1507,paladin,holy,58,33,25
Humañ,tichondrius,1507,paladin,holy,60,32,28
Cjqcjq,tichondrius,1507,paladin,holy,41,21,20
Buqi,barthilas,1506,paladin,holy,39,17,22
Kdex,tichondrius,1505,paladin,holy,84,37,47
Kencyxx,tichondrius,1504,paladin,holy,42,19,23
Ageroÿ,sargeras,1503,paladin,holy,61,31,30
Doofum,stormrage,1503,paladin,holy,131,58,73
Serendipidy,bleeding-hollow,1503,paladin,holy,98,43,55
Brumm,quelthalas,1501,paladin,holy,77,39,38
Rodrigo,frostmourne,1499,paladin,holy,81,39,42
Denthus,dragonmaw,1497,paladin,holy,36,16,20
Rarth,nemesis,1497,paladin,holy,47,20,27
Harryhui,tichondrius,1496,paladin,holy,42,23,19
Jeromee,area-52,1496,paladin,holy,48,19,29
Bebebig,tichondrius,1494,paladin,holy,166,91,75
Haitishammer,stormrage,1494,paladin,holy,78,37,41
Lightkillerx,thrall,1494,paladin,holy,84,37,47
Daenrahh,azralon,1491,paladin,holy,176,91,85
Nickiminhoj,stormrage,1488,paladin,holy,51,29,22
Donkeydumper,wyrmrest-accord,1486,paladin,holy,118,67,51
Condone,earthen-ring,1484,paladin,holy,90,41,49
Baitur,zuljin,1480,paladin,holy,49,21,28
Regivan,nemesis,1479,paladin,holy,42,16,26
Aulty,sargeras,1479,paladin,holy,77,28,49
Senorbaxter,emerald-dream,1478,paladin,holy,48,17,31
Dewlight,zuljin,1477,paladin,holy,161,77,84
Jorik,lightbringer,1477,paladin,holy,42,20,22
Dimix,sargeras,1476,paladin,holy,65,32,33
Lhpal,ragnaros,1475,paladin,holy,30,19,11
Irunnal,kelthuzad,1474,paladin,holy,36,24,12
Percüles,sargeras,1473,paladin,holy,66,38,28
Konvi,tichondrius,1472,paladin,holy,105,47,58
Judgemode,the-scryers,1468,paladin,holy,96,41,55
Ryhighdi,sargeras,1467,paladin,holy,48,22,26
Ooppa,proudmoore,1467,paladin,holy,61,26,35
Pasda,frostmourne,1467,paladin,holy,77,29,48
Blarr,azshara,1466,paladin,holy,84,34,50
Glørythrives,tichondrius,1465,paladin,holy,57,25,32
Traumaboy,terenas,1463,paladin,holy,87,44,43
Danpros,azralon,1462,paladin,holy,84,34,50
Cohesion,draenor,1461,paladin,holy,77,35,42
Allitharis,tichondrius,1458,paladin,holy,112,59,53
Indemnity,wildhammer,1457,paladin,holy,69,40,29
Arral,malganis,1457,paladin,holy,60,30,30
Wonpai,frostmourne,1457,paladin,holy,57,26,31
Wonpaiv,frostmourne,1456,paladin,holy,53,21,32
Holyramen,illidan,1455,paladin,holy,159,77,82
Gankstapwn,tichondrius,1455,paladin,holy,53,24,29
Devöut,aggramar,1453,paladin,holy,103,48,55
Herakleitos,firetree,1451,paladin,holy,57,36,21
Holyterror,dentarg,1451,paladin,holy,42,23,19
Prettylightx,kelthuzad,1451,paladin,holy,171,82,89
Zakath,the-underbog,1449,paladin,holy,72,31,41
Zoeyxo,tichondrius,1448,paladin,holy,80,42,38
Noback,ragnaros,1448,paladin,holy,66,31,35
Kihluxo,frostmourne,1446,paladin,holy,101,56,45
Dartpuncher,frostmourne,1446,paladin,holy,114,61,53
Celsica,kelthuzad,1443,paladin,holy,153,73,80
Chowdar,proudmoore,1443,paladin,holy,78,36,42
Vodokus,area-52,1443,paladin,holy,100,44,56
Holyprotectr,tichondrius,1442,paladin,holy,30,17,13
Cykcp,burning-legion,1441,paladin,holy,72,34,38
Danyuel,zuljin,1441,paladin,holy,86,39,47
Holyhades,auchindoun,1439,paladin,holy,125,70,55
Sigmapepe,quelthalas,1436,paladin,holy,96,52,44
Ryhigh,sargeras,1436,paladin,holy,89,38,51
Omfgitsyang,tichondrius,1433,paladin,holy,36,21,15
Xinqingle,tichondrius,1433,paladin,holy,419,205,214
Xuantianchai,tichondrius,1431,paladin,holy,30,15,15
Zephyrvalor,sargeras,1430,paladin,holy,42,18,24
Kriegmeister,amanthul,1429,paladin,holy,48,24,24
Maleguz,azralon,1428,paladin,holy,249,131,118
Nume,nesingwary,1428,paladin,holy,96,49,47
Lyticmartyr,bleeding-hollow,1427,paladin,holy,48,24,24
Gotomars,tichondrius,1426,paladin,holy,83,39,44
Nrpzy,stormrage,1425,paladin,holy,83,39,44
Lothnalar,ragnaros,1424,paladin,holy,54,23,31
Mabia,tichondrius,1421,paladin,holy,215,111,104
Graceyrae,tichondrius,1419,paladin,holy,50,30,20
Jpwx,barthilas,1419,paladin,holy,30,15,15
Amadeo,hyjal,1418,paladin,holy,95,44,51
Droopyz,quelthalas,1418,paladin,holy,66,27,39
Decalli,tichondrius,1417,paladin,holy,69,35,34
Alessan,nemesis,1413,paladin,holy,31,18,13
Cynical,dalvengyr,1413,paladin,holy,120,64,56
Xuanxingchai,tichondrius,1413,paladin,holy,72,30,42
Unbreakable,antonidas,1412,paladin,holy,51,36,15
Piïls,sargeras,1410,paladin,holy,36,15,21
Quadrifoglio,moon-guard,1409,paladin,holy,205,106,99
Stormzy,zuljin,1409,paladin,holy,59,30,29
Vasar,tichondrius,1406,paladin,holy,37,26,11
Kokomö,kelthuzad,1404,paladin,holy,47,21,26
Nxkita,sargeras,1403,paladin,holy,54,28,26
Oralen,daggerspine,1402,paladin,holy,48,24,24
Nanøha,frostmourne,1402,paladin,holy,88,26,62
Crüst,proudmoore,1401,paladin,holy,42,21,21
Liå,frostmourne,1399,paladin,holy,96,49,47
Talantyr,zuljin,1398,paladin,holy,48,23,25
Uprise,chogall,1397,paladin,holy,66,33,33
Fabîan,guldan,1395,paladin,holy,42,22,20
Kirilx,vashj,1395,paladin,holy,48,25,23
Dadcantsac,frostmourne,1395,paladin,holy,87,41,46
Paladinaiko,nemesis,1394,paladin,holy,117,57,60
Vêgenace,proudmoore,1394,paladin,holy,39,19,20
Anea,kelthuzad,1388,paladin,holy,32,17,15
Sapphiros,tichondrius,1388,paladin,holy,68,25,43
Summercarma,area-52,1387,paladin,holy,27,15,12
Luminainre,zuljin,1384,paladin,holy,149,66,83
Galeras,norgannon,1383,paladin,holy,160,70,90
Palazin,frostmourne,1383,paladin,holy,104,43,61
Berseus,tichondrius,1383,paladin,holy,72,27,45
Ricemang,kiljaeden,1380,paladin,holy,53,24,29
Doorii,tichondrius,1377,paladin,holy,47,18,29
Ibury,quelthalas,1376,paladin,holy,139,67,72
Delilahxoxo,mugthol,1376,paladin,holy,63,26,37
Leónrey,stormrage,1376,paladin,holy,92,33,59
Twck,hyjal,1374,paladin,holy,114,55,59
Wálker,ragnaros,1373,paladin,holy,86,41,45
Notdjalex,zuljin,1372,paladin,holy,24,15,9
Mawning,kelthuzad,1371,paladin,holy,160,84,76
Lu,the-venture-co,1371,paladin,holy,34,15,19
Fiate,azralon,1370,paladin,holy,36,16,20
Massivesac,frostmourne,1369,paladin,holy,36,22,14
Jimmipepe,quelthalas,1369,paladin,holy,42,24,18
Palltard,illidan,1369,paladin,holy,42,18,24
Shaidd,bleeding-hollow,1368,paladin,holy,77,34,43
Clare,burning-blade,1367,paladin,holy,55,26,29
Saeranella,moon-guard,1366,paladin,holy,106,44,62
Granitei,quelthalas,1365,paladin,holy,39,18,21
Paladinaa,lothar,1364,paladin,holy,104,41,63
Odiinn,stormscale,1363,paladin,holy,73,32,41
Gorilla,kiljaeden,1362,paladin,holy,59,15,44
Samaze,tichondrius,1361,paladin,holy,108,50,58
Rengen,frostmourne,1360,paladin,holy,42,22,20
Choonsly,tichondrius,1356,paladin,holy,69,36,33
Bakoø,tichondrius,1354,paladin,holy,53,24,29
Palapoxi,arygos,1353,paladin,holy,54,23,31
Splashleyy,bleeding-hollow,1353,paladin,holy,96,40,56
Brioc,tichondrius,1352,paladin,holy,30,17,13
Galabanja,malganis,1350,paladin,holy,42,24,18
Bulgecranker,tichondrius,1350,paladin,holy,36,20,16
Hawtwangs,proudmoore,1349,paladin,holy,48,26,22
Flippo,sargeras,1346,paladin,holy,36,17,19
Airbusx,tichondrius,1343,paladin,holy,24,14,10
Aberos,stonemaul,1343,paladin,holy,69,24,45
Mctacos,proudmoore,1342,paladin,holy,18,14,4
Imabandagins,bleeding-hollow,1342,paladin,holy,36,19,17
Miswalkpally,ragnaros,1342,paladin,holy,30,14,16
Rhamadicinu,frostmourne,1341,paladin,holy,55,31,24
Chunzhangsqs,tichondrius,1339,paladin,holy,36,14,22
Htmlar,tichondrius,1338,paladin,holy,75,41,34
Xiaoladin,frostmourne,1337,paladin,holy,25,16,9
Güido,stormrage,1337,paladin,holy,42,23,19
Röniin,ragnaros,1337,paladin,holy,298,156,142
Minereth,quelthalas,1337,paladin,holy,59,30,29
Leonrey,stormrage,1337,paladin,holy,43,21,22
Bakoo,tichondrius,1336,paladin,holy,42,21,21
Donoph,blades-edge,1336,paladin,holy,42,20,22
Malakor,thrall,1334,paladin,holy,87,46,41
Finerkane,quelthalas,1334,paladin,holy,138,62,76
Alphanerd,burning-blade,1333,paladin,holy,55,27,28
Therealdeal,sargeras,1332,paladin,holy,77,41,36
Hawianbread,stormrage,1331,paladin,holy,60,33,27
Nepnade,stormrage,1331,paladin,holy,47,25,22
Rezmefool,tichondrius,1331,paladin,holy,133,59,74
Buri,tichondrius,1330,paladin,holy,42,17,25
Phinnik,tichondrius,1329,paladin,holy,250,125,125
Syrenz,khazgoroth,1327,paladin,holy,42,24,18
Ashgrim,kiljaeden,1327,paladin,holy,77,37,40
Negodoskate,nemesis,1326,paladin,holy,201,101,100
Catechism,laughing-skull,1325,paladin,holy,44,24,20
Deepsearide,illidan,1324,paladin,holy,150,82,68
Alcaedra,shadowsong,1324,paladin,holy,92,45,47
Jordenz,bonechewer,1324,paladin,holy,30,14,16
Consecrated,daggerspine,1324,paladin,holy,75,30,45
Mcllovin,kiljaeden,1323,paladin,holy,60,28,32
Lucciuzz,tichondrius,1323,paladin,holy,68,29,39
Dimior,quelthalas,1322,paladin,holy,54,29,25
Zantdemption,frostmourne,1322,paladin,holy,30,15,15
Kektrixia,tichondrius,1318,paladin,holy,24,15,9
Tigranes,proudmoore,1318,paladin,holy,30,14,16
Ùnholypally,jubeithos,1316,paladin,holy,71,42,29
Nilin,tichondrius,1316,paladin,holy,24,14,10
Mânz,stormrage,1315,paladin,holy,36,14,22
Valandiel,proudmoore,1315,paladin,holy,61,15,46
Jaenus,azralon,1314,paladin,holy,66,32,34
Hodl,barthilas,1313,paladin,holy,113,58,55
Viviana,shadowmoon,1312,paladin,holy,30,14,16
Ryhighh,sargeras,1311,paladin,holy,93,37,56
Holyredx,bleeding-hollow,1307,paladin,holy,126,70,56
Solanin,frostmourne,1307,paladin,holy,75,38,37
Ramphastoz,quelthalas,1307,paladin,holy,60,26,34
Ozpal,burning-blade,1305,paladin,holy,38,24,14
Errant,bonechewer,1305,paladin,holy,53,31,22
Santiadin,ragnaros,1304,paladin,holy,20,15,5
Jestiny,amanthul,1302,paladin,holy,73,39,34
Dreadrot,azralon,1302,paladin,holy,50,24,26
Sorkar,tichondrius,1301,paladin,holy,129,66,63
Einjerhar,quelthalas,1300,paladin,holy,48,22,26
Dóminos,quelthalas,1298,paladin,holy,48,24,24
Ironpaladin,sargeras,1297,paladin,holy,90,39,51
Vurian,uther,1295,paladin,holy,90,36,54
Goodwood,ghostlands,1293,paladin,holy,90,41,49
Jacobhowda,tichondrius,1292,paladin,holy,54,25,29
Daphillen,frostmourne,1288,paladin,holy,41,23,18
Yadiyadiyada,barthilas,1287,paladin,holy,42,24,18
Heniou,tichondrius,1286,paladin,holy,55,24,31
Blessthfall,bleeding-hollow,1286,paladin,holy,51,14,37
Undefeatæd,korgath,1285,paladin,holy,52,29,23
Psuito,ragnaros,1285,paladin,holy,60,32,28
Atelva,moon-guard,1280,paladin,holy,41,20,21
Sanasana,spirestone,1272,paladin,holy,24,14,10
Swordstrikes,tichondrius,1271,paladin,holy,29,14,15
Merll,ragnaros,1267,paladin,holy,121,58,63
Cowladino,tichondrius,1265,paladin,holy,55,27,28
Affrika,ysondre,1264,paladin,holy,104,52,52
Pallin,sargeras,1264,paladin,holy,90,41,49
Quarall,blackhand,1263,paladin,holy,52,25,27
Sneakypal,dalaran,1263,paladin,holy,46,16,30
Motoa,stormrage,1262,paladin,holy,36,19,17
Chånïng,frostmourne,1262,paladin,holy,42,16,26
Thiccholy,deathwing,1260,paladin,holy,170,93,77
Lilfingered,malganis,1260,paladin,holy,57,29,28
Vithar,bleeding-hollow,1259,paladin,holy,173,84,89
Randuir,proudmoore,1258,paladin,holy,68,38,30
Salipally,dalaran,1258,paladin,holy,101,46,55
Brenenk,quelthalas,1257,paladin,holy,65,32,33
Dumpytrucks,sargeras,1256,paladin,holy,36,18,18
Caobobby,tichondrius,1256,paladin,holy,45,15,30
Holyslapy,illidan,1255,paladin,holy,71,38,33
Holysplonk,stonemaul,1255,paladin,holy,72,30,42
Lightleadsme,sargeras,1253,paladin,holy,168,82,86
Swazanaseger,frostmourne,1252,paladin,holy,42,22,20
Wukongsunn,dalaran,1251,paladin,holy,30,14,16
Sinay,azshara,1250,paladin,holy,40,23,17
Whitekao,illidan,1247,paladin,holy,18,13,5
Colbroggins,crushridge,1246,paladin,holy,36,18,18
Denke,thrall,1244,paladin,holy,30,13,17
Bubblepigo,tichondrius,1243,paladin,holy,36,22,14
Sologriefer,sargeras,1242,paladin,holy,30,13,17
Herroprease,frostmane,1241,paladin,holy,30,13,17
Scarlet,skywall,1241,paladin,holy,30,13,17
Goldensmile,frostmourne,1238,paladin,holy,24,13,11
Cudiskush,tichondrius,1237,paladin,holy,45,26,19
Anatnof,malganis,1237,paladin,holy,30,16,14
Chewyjitsu,tichondrius,1237,paladin,holy,54,23,31
Kristienna,boulderfist,1236,paladin,holy,35,16,19
Saibasita,tichondrius,1235,paladin,holy,18,13,5
Hughmyron,stormrage,1235,paladin,holy,18,13,5
Cbm,tichondrius,1235,paladin,holy,23,14,9
Chewiipal,dalaran,1235,paladin,holy,57,31,26
Judgynomnom,the-underbog,1234,paladin,holy,36,13,23
Tuor,nerzhul,1233,paladin,holy,18,13,5
Neurôtoxins,frostmourne,1233,paladin,holy,24,13,11
Twìceborn,emerald-dream,1233,paladin,holy,24,13,11
Zenkk,sargeras,1232,paladin,holy,45,14,31
Kariack,malganis,1231,paladin,holy,30,15,15
Diebeatus,zuljin,1231,paladin,holy,54,25,29
Justizz,vashj,1228,paladin,holy,65,35,30
Mobitz,dalvengyr,1228,paladin,holy,36,16,20
Wodlim,azralon,1228,paladin,holy,37,13,24
Enuug,malfurion,1226,paladin,holy,42,23,19
Mundomaloo,quelthalas,1226,paladin,holy,59,31,28
Crocfacex,tichondrius,1226,paladin,holy,46,18,28
Harke,drakkari,1224,paladin,holy,18,13,5
Szsfstnoob,tichondrius,1224,paladin,holy,30,13,17
Paladanim,tichondrius,1223,paladin,holy,65,17,48
Aellithiene,tichondrius,1221,paladin,holy,30,13,17
Elizzabeth,skullcrusher,1220,paladin,holy,35,21,14
Ramspartan,drakkari,1218,paladin,holy,106,52,54
Justeight,stormrage,1217,paladin,holy,48,25,23
Whangsta,tichondrius,1217,paladin,holy,48,21,27
Bárdokø,ragnaros,1216,paladin,holy,84,42,42
Monts,azralon,1215,paladin,holy,61,24,37
Saffranzord,azralon,1214,paladin,holy,73,35,38
Tandury,tichondrius,1214,paladin,holy,60,28,32
Lafasíta,ragnaros,1212,paladin,holy,30,14,16
Kamaelyn,proudmoore,1211,paladin,holy,133,68,65
Ballsmcgee,bleeding-hollow,1210,paladin,holy,70,25,45
Capedcrusade,area-52,1208,paladin,holy,24,13,11
Yérn,barthilas,1208,paladin,holy,42,15,27
Kënsi,quelthalas,1206,paladin,holy,158,82,76
Nikopala,tichondrius,1204,paladin,holy,36,19,17
Burgalveist,azgalor,1202,paladin,holy,25,15,10
Chopsparks,khadgar,1201,paladin,holy,147,75,72
Holodecoy,bleeding-hollow,1200,paladin,holy,39,20,19
Maaxxee,zuljin,1200,paladin,holy,27,13,14
Aoishie,bleeding-hollow,1200,paladin,holy,90,40,50
Stemi,kelthuzad,1200,paladin,holy,53,18,35
Boarfarmer,tichondrius,1199,paladin,holy,87,37,50
Hobbsone,trollbane,1198,paladin,holy,131,51,80
Mörphêus,tichondrius,1197,paladin,holy,54,30,24
Elutherios,tichondrius,1197,paladin,holy,24,13,11
Kenric,quelthalas,1196,paladin,holy,73,28,45
Shorthordeon,kelthuzad,1194,paladin,holy,54,30,24
Dreemie,tichondrius,1194,paladin,holy,54,20,34
Dbolpala,frostmourne,1192,paladin,holy,48,26,22
Jessuss,shandris,1192,paladin,holy,51,21,30
Swanp,stormrage,1191,paladin,holy,60,26,34
Encantado,thrall,1190,paladin,holy,43,20,23
Yogafire,kelthuzad,1188,paladin,holy,24,13,11
Fredward,bleeding-hollow,1187,paladin,holy,23,13,10
Pallythre,proudmoore,1187,paladin,holy,54,23,31
Faileeria,malganis,1185,paladin,holy,36,25,11
Sinara,detheroc,1184,paladin,holy,143,69,74
Bubblebooty,drakthul,1182,paladin,holy,60,38,22
Granklol,tichondrius,1181,paladin,holy,98,41,57
Paladinomoto,sargeras,1180,paladin,holy,46,22,24
Sixtynine,nathrezim,1180,paladin,holy,78,35,43
Bunksta,kelthuzad,1179,paladin,holy,46,24,22
Prosykt,sargeras,1179,paladin,holy,36,14,22
Myrthedara,kargath,1178,paladin,holy,33,16,17
Vänhélsing,tichondrius,1176,paladin,holy,37,16,21
Barbaluzz,quelthalas,1174,paladin,holy,257,123,134
Coltlocks,sargeras,1168,paladin,holy,36,14,22
Clehley,turalyon,1162,paladin,holy,36,16,20
Pemodyne,illidan,1161,paladin,holy,66,21,45
Oldgrumpster,stormrage,1159,paladin,holy,99,43,56
Jazzmatic,dalaran,1157,paladin,holy,53,24,29
Babylonfive,zuluhed,1157,paladin,holy,126,53,73
Hammercy,tichondrius,1155,paladin,holy,73,39,34
Onecmpeter,kelthuzad,1152,paladin,holy,67,38,29
Holycowisroy,illidan,1150,paladin,holy,24,12,12
Bignum,illidan,1150,paladin,holy,36,12,24
Boxjang,tichondrius,1149,paladin,holy,24,12,12
Savagegirlz,tichondrius,1147,paladin,holy,76,33,43
Lindnerxo,malganis,1147,paladin,holy,36,12,24
Toesy,area-52,1146,paladin,holy,64,27,37
Renteria,sargeras,1144,paladin,holy,24,12,12
Rogrmurtaugh,sargeras,1143,paladin,holy,47,23,24
Homiepaldino,nordrassil,1143,paladin,holy,30,12,18
Repèntance,stormrage,1142,paladin,holy,24,12,12
Iramm,gallywix,1141,paladin,holy,18,12,6
Daik,proudmoore,1140,paladin,holy,34,20,14
Dazztrain,barthilas,1139,paladin,holy,24,12,12
Exxin,turalyon,1139,paladin,holy,90,40,50
Elogant,mannoroth,1138,paladin,holy,58,33,25
Ramhammerz,sargeras,1138,paladin,holy,108,54,54
Flareous,moon-guard,1138,paladin,holy,30,12,18
Toroke,nemesis,1133,paladin,holy,54,29,25
Rajava,gallywix,1132,paladin,holy,78,43,35
Mellidi,azralon,1130,paladin,holy,24,12,12
Gareyn,moon-guard,1129,paladin,holy,30,12,18
Alarter,azralon,1128,paladin,holy,36,13,23
Belmonte,greymane,1125,paladin,holy,18,12,6
Dawnhammer,mugthol,1125,paladin,holy,58,28,30
Jiaofu,illidan,1123,paladin,holy,24,12,12
Kentö,area-52,1123,paladin,holy,30,14,16
Bonz,ragnaros,1121,paladin,holy,24,12,12
Jezëbel,azralon,1120,paladin,holy,34,17,17
Sloppybobby,zuljin,1119,paladin,holy,30,16,14
Ziggzag,hyjal,1117,paladin,holy,78,34,44
Biwi,zuljin,1115,paladin,holy,61,25,36
Meatburger,stormrage,1113,paladin,holy,30,12,18
Holyhali,zuljin,1111,paladin,holy,80,27,53
Ëd,moon-guard,1110,paladin,holy,180,89,91
Holymorph,tichondrius,1108,paladin,holy,22,13,9
Zowolf,quelthalas,1108,paladin,holy,65,33,32
Acori,azralon,1108,paladin,holy,39,18,21
Kelthor,azralon,1104,paladin,holy,36,18,18
Lovehan,tichondrius,1103,paladin,holy,27,12,15
Holysols,zuljin,1102,paladin,holy,24,12,12
Lavarball,tichondrius,1098,paladin,holy,41,14,27
Ahsys,tichondrius,1097,paladin,holy,41,16,25
Rykeran,warsong,1096,paladin,holy,96,55,41
Whosharted,area-52,1092,paladin,holy,66,36,30
Darkbringer,frostmourne,1092,paladin,holy,70,34,36
Balanoriaa,azralon,1092,paladin,holy,62,29,33
Unworn,proudmoore,1087,paladin,holy,66,34,32
Lobõ,ragnaros,1086,paladin,holy,48,18,30
Maín,tichondrius,1085,paladin,holy,22,12,10
Liadrin,sentinels,1085,paladin,holy,29,12,17
Teloniow,quelthalas,1084,paladin,holy,38,19,19
Salivan,darkspear,1082,paladin,holy,27,13,14
Palaadiin,sargeras,1081,paladin,holy,60,33,27
Hivers,stormrage,1081,paladin,holy,48,22,26
Realpalada,tichondrius,1080,paladin,holy,47,13,34
Spikele,barthilas,1079,paladin,holy,30,13,17
Shocka,norgannon,1078,paladin,holy,90,48,42
Maldobarr,stormrage,1075,paladin,holy,30,12,18
Resio,illidan,1068,paladin,holy,36,13,23
Moogmodular,malganis,1066,paladin,holy,51,18,33
Lycheelz,illidan,1064,paladin,holy,48,26,22
Júpiter,kiljaeden,1064,paladin,holy,40,17,23
Fuzed,frostmourne,1063,paladin,holy,163,81,82
Vidalia,barthilas,1062,paladin,holy,23,12,11
Holyginger,barthilas,1062,paladin,holy,71,22,49
Buckybarnes,gorefiend,1061,paladin,holy,42,26,16
Mitshuki,ragnaros,1060,paladin,holy,30,12,18
Lukas,vashj,1059,paladin,holy,176,89,87
Cephadrome,proudmoore,1058,paladin,holy,42,20,22
Wrathmatics,arthas,1058,paladin,holy,64,30,34
Mèdic,illidan,1057,paladin,holy,62,34,28
Narcissism,emerald-dream,1056,paladin,holy,18,11,7
Odriew,sargeras,1056,paladin,holy,18,11,7
Babe,crushridge,1056,paladin,holy,30,11,19
Waifu,area-52,1055,paladin,holy,18,11,7
Twichy,tichondrius,1055,paladin,holy,18,11,7
Sheriff,tanaris,1055,paladin,holy,24,11,13
Lazio,frostmourne,1055,paladin,holy,24,11,13
Lickmysacx,tichondrius,1055,paladin,holy,30,11,19
Roundbutts,stormrage,1054,paladin,holy,18,11,7
Aldrion,stormrage,1054,paladin,holy,24,11,13
Pality,illidan,1054,paladin,holy,24,11,13
Holygutzz,barthilas,1054,paladin,holy,30,11,19
Beerüs,crushridge,1053,paladin,holy,48,22,26
Eldessia,wyrmrest-accord,1052,paladin,holy,24,11,13
Malakk,zuljin,1051,paladin,holy,47,25,22
Trivv,illidan,1050,paladin,holy,30,11,19
Joeboomers,tichondrius,1048,paladin,holy,105,53,52
Kolmourn,deathwing,1048,paladin,holy,30,11,19
Palooma,area-52,1047,paladin,holy,72,29,43
Boostsixty,proudmoore,1046,paladin,holy,36,13,23
Hybbo,runetotem,1042,paladin,holy,24,12,12
Tig,alleria,1042,paladin,holy,30,11,19
Troxnar,ragnaros,1040,paladin,holy,40,26,14
Tyriam,stormscale,1038,paladin,holy,18,11,7
Salitheion,queldorei,1038,paladin,holy,24,11,13
Mcduss,proudmoore,1037,paladin,holy,18,11,7
Xq,aegwynn,1037,paladin,holy,41,18,23
Cloûd,tichondrius,1036,paladin,holy,25,14,11
Overthrrow,kelthuzad,1035,paladin,holy,156,78,78
Nugsbunne,tichondrius,1035,paladin,holy,115,49,66
Pheriox,agamaggan,1032,paladin,holy,24,11,13
Starfaith,illidan,1032,paladin,holy,67,27,40
Seonghwa,kelthuzad,1031,paladin,holy,70,40,30
Va,onyxia,1029,paladin,holy,54,26,28
Palqq,tichondrius,1025,paladin,holy,24,11,13
Kipow,proudmoore,1024,paladin,holy,24,11,13
Stompcomp,tichondrius,1024,paladin,holy,75,32,43
Klansey,magtheridon,1023,paladin,holy,54,30,24
Ahundo,stonemaul,1022,paladin,holy,35,18,17
Center,ragnaros,1022,paladin,holy,23,11,12
Voxoen,bleeding-hollow,1021,paladin,holy,24,11,13
Lexdor,quelthalas,1021,paladin,holy,24,11,13
Tylnish,hyjal,1021,paladin,holy,24,11,13
Èmmà,stormrage,1018,paladin,holy,49,22,27
Tacori,gorefiend,1017,paladin,holy,24,13,11
Xöchïqüëtzäl,tichondrius,1016,paladin,holy,23,11,12
Varenka,stormrage,1015,paladin,holy,83,36,47
Iamholyman,dragonmaw,1014,paladin,holy,29,14,15
Vamir,magtheridon,1014,paladin,holy,30,13,17
Kbot,zuljin,1005,paladin,holy,15,11,4
Imajeala,thrall,1005,paladin,holy,64,37,27
Tarnak,kelthuzad,1005,paladin,holy,33,11,22
Adventholy,tichondrius,1004,paladin,holy,42,19,23
Dissident,stormrage,1002,paladin,holy,66,25,41
Erán,quelthalas,1001,paladin,holy,74,36,38
Paulx,malganis,999,paladin,holy,87,46,41
Gigadunker,tichondrius,999,paladin,holy,29,13,16
Minouther,area-52,996,paladin,holy,68,25,43
Ðß,arthas,995,paladin,holy,30,15,15
Westlysñipes,tichondrius,995,paladin,holy,92,44,48
Asclepiius,frostmourne,993,paladin,holy,53,28,25
Hzo,tichondrius,989,paladin,holy,17,11,6
Kaina,wildhammer,987,paladin,holy,53,22,31
Colombía,illidan,986,paladin,holy,54,27,27
Agravaine,moon-guard,986,paladin,holy,23,11,12
Ihr,kiljaeden,985,paladin,holy,78,34,44
Ckemosabe,emerald-dream,985,paladin,holy,32,11,21
Ramzäbeoulve,tichondrius,984,paladin,holy,90,25,65
Lysetskriger,azralon,981,paladin,holy,18,12,6
Dispirit,the-forgotten-coast,981,paladin,holy,17,11,6
Gillgamesh,sentinels,978,paladin,holy,24,16,8
Eradrae,mannoroth,978,paladin,holy,38,15,23
Shanvo,tichondrius,977,paladin,holy,40,24,16
Hoonjojjyanp,tichondrius,974,paladin,holy,29,11,18
Marcopolo,azralon,972,paladin,holy,29,11,18
Huijji,illidan,967,paladin,holy,24,15,9
Photons,emerald-dream,966,paladin,holy,24,13,11
Romeoo,silver-hand,964,paladin,holy,66,26,40
Hammerabi,moon-guard,963,paladin,holy,21,13,8
Thoryin,tichondrius,960,paladin,holy,12,10,2
Síríús,malganis,960,paladin,holy,15,11,4
Svitanie,bleeding-hollow,960,paladin,holy,80,38,42
Arevia,stormrage,959,paladin,holy,18,10,8
Showtíme,steamwheedle-cartel,959,paladin,holy,18,10,8
Kagranac,moon-guard,959,paladin,holy,24,10,14
Zakh,proudmoore,959,paladin,holy,32,12,20
Bubblet,bleeding-hollow,958,paladin,holy,18,10,8
Lightswitchx,stormrage,957,paladin,holy,24,10,14
Vajuicy,dalaran,957,paladin,holy,24,10,14
Zayiro,eonar,957,paladin,holy,30,10,20
Jdxqt,darkspear,957,paladin,holy,30,10,20
Marklite,area-52,955,paladin,holy,24,10,14
Raenilil,area-52,955,paladin,holy,30,12,18
Tèhflip,tichondrius,954,paladin,holy,24,10,14
Evanlina,bleeding-hollow,953,paladin,holy,18,10,8
Ljusett,frostmourne,953,paladin,holy,73,34,39
Avasti,proudmoore,953,paladin,holy,24,10,14
Dragonchaos,ragnaros,953,paladin,holy,27,11,16
Zafenate,nemesis,952,paladin,holy,24,10,14
Palladomal,azralon,952,paladin,holy,30,10,20
Snnow,stormrage,951,paladin,holy,30,19,11
Sventyn,frostmourne,951,paladin,holy,25,11,14
Caike,frostmourne,950,paladin,holy,18,10,8
Palawun,nerzhul,949,paladin,holy,45,11,34
Paladam,burning-blade,948,paladin,holy,24,10,14
Hitsilent,warsong,947,paladin,holy,18,10,8
Holydood,thunderhorn,947,paladin,holy,18,10,8
Tolliver,area-52,944,paladin,holy,18,11,7
Lazygamerr,sargeras,944,paladin,holy,18,10,8
Blackiron,frostmourne,941,paladin,holy,23,10,13
Doidyph,frostmourne,935,paladin,holy,24,10,14
Cooldbrew,frostmourne,932,paladin,holy,34,11,23
Divinadin,stormrage,930,paladin,holy,88,46,42
Gênji,eldrethalas,930,paladin,holy,54,20,34
Saìdelia,moon-guard,929,paladin,holy,71,24,47
Finaldecis,zuljin,929,paladin,holy,42,10,32
Swamprat,zuljin,922,paladin,holy,23,10,13
Shâka,stormrage,921,paladin,holy,57,28,29
Monad,nazjatar,921,paladin,holy,60,29,31
Mianheyo,quelthalas,919,paladin,holy,35,14,21
Hentaiangel,kiljaeden,918,paladin,holy,39,19,20
Ascension,amanthul,915,paladin,holy,144,57,87
Iwaterboy,malganis,912,paladin,holy,24,14,10
Ilse,deathwing,911,paladin,holy,27,10,17
Psychorino,tichondrius,906,paladin,holy,27,10,17
Grumpybubble,sargeras,905,paladin,holy,19,11,8
Zhahira,hakkar,905,paladin,holy,24,10,14
Thaedrun,hydraxis,896,paladin,holy,54,26,28
Durendin,bonechewer,894,paladin,holy,14,10,4
Fedpowell,tichondrius,894,paladin,holy,23,10,13
Shananakin,azshara,892,paladin,holy,29,13,16
Takodaddy,elune,889,paladin,holy,16,10,6
Lennon,stormrage,885,paladin,holy,78,35,43
Letsirk,doomhammer,880,paladin,holy,30,11,19
Papakatsu,proudmoore,878,paladin,holy,48,22,26
Trâshcårt,sargeras,864,paladin,holy,12,9,3
Sovice,illidan,864,paladin,holy,12,9,3
Mâdâra,stormrage,864,paladin,holy,18,9,9
Rachaelucky,malganis,864,paladin,holy,18,9,9
Deadry,ysera,864,paladin,holy,18,9,9
Adrizzyx,barthilas,864,paladin,holy,18,9,9
Zilzag,moon-guard,864,paladin,holy,23,9,14
Picorii,frostmourne,864,paladin,holy,24,9,15
Diamondwater,tichondrius,864,paladin,holy,24,9,15
Racketyman,illidan,863,paladin,holy,12,9,3
Superzero,area-52,863,paladin,holy,12,9,3
Sutadansa,doomhammer,863,paladin,holy,77,42,35
Cheers,garona,863,paladin,holy,18,9,9
Auraingraham,stormscale,863,paladin,holy,18,9,9
Flow,spinebreaker,863,paladin,holy,24,9,15
Onlycams,sargeras,863,paladin,holy,24,9,15
Paintthinner,frostmourne,863,paladin,holy,24,9,15
Proxima,laughing-skull,863,paladin,holy,24,9,15
Potatopasta,area-52,861,paladin,holy,12,9,3
Msheen,azralon,861,paladin,holy,12,9,3
Kusotarão,nemesis,861,paladin,holy,18,9,9
Hopeyouheal,sargeras,859,paladin,holy,18,9,9
Stricken,kul-tiras,857,paladin,holy,24,9,15
Spamsalot,malganis,857,paladin,holy,24,9,15
Saxmurderz,tichondrius,853,paladin,holy,18,9,9
Holyiseasy,alleria,853,paladin,holy,29,11,18
Nedorshock,stormrage,853,paladin,holy,24,9,15
Veronica,sentinels,852,paladin,holy,42,9,33
Vëlar,tichondrius,851,paladin,holy,18,9,9
Mytolo,malganis,851,paladin,holy,24,9,15
Nualrossan,veknilash,848,paladin,holy,53,21,32
Ðeathspire,tichondrius,846,paladin,holy,18,10,8
Maalik,thrall,844,paladin,holy,18,9,9
Andormu,wyrmrest-accord,841,paladin,holy,24,9,15
Allegiance,drenden,840,paladin,holy,17,10,7
Vaalbara,fizzcrank,834,paladin,holy,24,9,15
Jaok,tichondrius,831,paladin,holy,21,10,11
Supercutee,malganis,830,paladin,holy,22,9,13
Redentor,dalaran,824,paladin,holy,18,9,9
Bainn,nerzhul,822,paladin,holy,73,31,42
Alltoohuman,nagrand,821,paladin,holy,23,9,14
Palaknight,tichondrius,812,paladin,holy,60,21,39
Nea,argent-dawn,811,paladin,holy,77,29,48
Jonfox,stormrage,808,paladin,holy,19,10,9
Praisin,zuljin,805,paladin,holy,18,9,9
Davinity,senjin,799,paladin,holy,23,9,14
Athanaiëll,proudmoore,792,paladin,holy,16,10,6
Holythunderx,tichondrius,782,paladin,holy,25,9,16
Trivana,durotan,781,paladin,holy,13,9,4
Holyfrénzy,thrall,776,paladin,holy,25,9,16
Archerxx,ragnaros,768,paladin,holy,12,8,4
Siebens,illidan,768,paladin,holy,12,8,4
Lòuisvuttion,tichondrius,768,paladin,holy,12,8,4
Swellowsx,tichondrius,768,paladin,holy,12,8,4
Fary,malganis,768,paladin,holy,12,8,4
Alkyna,kelthuzad,768,paladin,holy,12,8,4
Kritzyx,stormrage,768,paladin,holy,12,8,4
Loganholy,tichondrius,768,paladin,holy,18,8,10
Zero,anetheron,768,paladin,holy,18,8,10
Artús,ragnaros,768,paladin,holy,18,8,10
Voladis,malganis,768,paladin,holy,30,8,22
Usebandage,sargeras,767,paladin,holy,12,8,4
Mhera,sargeras,767,paladin,holy,12,8,4
Linaiah,moon-guard,767,paladin,holy,12,8,4
Kriegstier,scarlet-crusade,767,paladin,holy,12,8,4
Bestpally,alterac-mountains,767,paladin,holy,12,8,4
Trancelancer,kelthuzad,767,paladin,holy,18,8,10
Lanzzelot,goldrinn,767,paladin,holy,18,8,10
Miniweiner,proudmoore,767,paladin,holy,18,8,10
Wonpai,barthilas,767,paladin,holy,18,8,10
Bopsamdi,barthilas,767,paladin,holy,24,8,16
Hruuhwa,wyrmrest-accord,766,paladin,holy,12,8,4
Wiley,dark-iron,766,paladin,holy,12,8,4
Wrekster,tichondrius,766,paladin,holy,18,8,10
Holydeath,arthas,766,paladin,holy,24,8,16
Thonar,stormrage,765,paladin,holy,12,8,4
Lightsòut,frostmourne,765,paladin,holy,24,8,16
Revenere,tichondrius,765,paladin,holy,36,8,28
Grumpy,the-forgotten-coast,764,paladin,holy,12,8,4
Instaded,illidan,764,paladin,holy,18,8,10
Plsdontburst,tichondrius,763,paladin,holy,12,8,4
Pambam,thrall,763,paladin,holy,18,9,9
Jereth,kelthuzad,763,paladin,holy,18,8,10
Etlas,windrunner,763,paladin,holy,18,8,10
Porkwatchy,eonar,762,paladin,holy,24,8,16
Sweettartts,zuljin,762,paladin,holy,30,8,22
Blacktemplar,area-52,755,paladin,holy,18,8,10
Unsungherø,skywall,752,paladin,holy,12,8,4
Jyin,emerald-dream,750,paladin,holy,24,8,16
Willycrow,nordrassil,740,paladin,holy,18,8,10
Møcha,moon-guard,732,paladin,holy,20,9,11
Mirotchburns,illidan,724,paladin,holy,16,9,7
Ashera,amanthul,722,paladin,holy,26,9,17
Mfn,tichondrius,714,paladin,holy,18,9,9
Deidei,blood-furnace,713,paladin,holy,17,8,9
Loyantal,tichondrius,672,paladin,holy,12,7,5
Imsuffering,zuljin,672,paladin,holy,12,7,5
Bigolbittiez,tichondrius,672,paladin,holy,12,7,5
Zpsychotycx,tichondrius,672,paladin,holy,12,7,5
Oîn,area-52,672,paladin,holy,12,7,5
Ilovecanada,sargeras,672,paladin,holy,12,7,5
Busdid,sargeras,672,paladin,holy,12,7,5
Crinject,sargeras,672,paladin,holy,12,7,5
Shxz,illidan,672,paladin,holy,12,7,5
Gimmethéloot,stormrage,672,paladin,holy,12,7,5
Canny,emerald-dream,672,paladin,holy,12,7,5
Mlpx,stormrage,672,paladin,holy,12,7,5
Xiaoholy,barthilas,672,paladin,holy,12,7,5
Iamguess,stormscale,672,paladin,holy,18,7,11
Emmipal,tichondrius,672,paladin,holy,18,7,11
Obllivionn,wildhammer,672,paladin,holy,18,7,11
Orekilol,stormrage,672,paladin,holy,18,7,11
Sensible,sargeras,672,paladin,holy,24,7,17
Stompedlawl,illidan,672,paladin,holy,24,7,17
Boraz,bleeding-hollow,672,paladin,holy,36,7,29
Rahruan,wyrmrest-accord,671,paladin,holy,12,7,5
Doktavius,lightbringer,671,paladin,holy,12,7,5
Thrandeill,bleeding-hollow,671,paladin,holy,12,7,5
Billytwoshoe,laughing-skull,671,paladin,holy,12,7,5
Thin,ragnaros,671,paladin,holy,12,7,5
Lördnextdoor,tichondrius,671,paladin,holy,12,7,5
Cirillah,quelthalas,671,paladin,holy,12,7,5
Animal,korialstrasz,671,paladin,holy,18,7,11
Galearn,ragnaros,671,paladin,holy,18,7,11
Votasha,tichondrius,671,paladin,holy,18,7,11
Shoppee,jubeithos,671,paladin,holy,18,7,11
Lemmiéwinkzz,sargeras,671,paladin,holy,18,7,11
Milonus,frostmourne,671,paladin,holy,18,7,11
Virkas,area-52,671,paladin,holy,18,7,11
Loguto,stormrage,671,paladin,holy,18,7,11
Kymosolopal,sargeras,671,paladin,holy,24,7,17
Sýteck,sargeras,671,paladin,holy,24,7,17
Piura,stormreaver,671,paladin,holy,24,7,17
Éætûgýäëí,area-52,671,paladin,holy,42,8,34
Korvén,area-52,670,paladin,holy,12,7,5
Extee,proudmoore,670,paladin,holy,12,7,5
Rebelion,nagrand,670,paladin,holy,24,7,17
Drgn,azgalor,670,paladin,holy,30,7,23
Pluto,the-underbog,669,paladin,holy,12,7,5
Røusseff,azralon,669,paladin,holy,18,7,11
Whiteknight,kilrogg,669,paladin,holy,18,7,11
Solef,stormrage,669,paladin,holy,18,7,11
Jiralla,ragnaros,669,paladin,holy,18,7,11
Stationarity,frostmourne,669,paladin,holy,18,7,11
Kimahri,anvilmar,669,paladin,holy,36,7,29
Lovinglight,zuljin,668,paladin,holy,12,7,5
Madcandy,illidan,667,paladin,holy,12,7,5
Mikeawk,tichondrius,667,paladin,holy,30,7,23
Raqu,laughing-skull,666,paladin,holy,24,7,17
Vanquishyr,stormrage,666,paladin,holy,30,7,23
Geroden,tichondrius,665,paladin,holy,18,7,11
Bangerzzx,sargeras,663,paladin,holy,18,7,11
Chaós,queldorei,657,paladin,holy,18,7,11
Snowdawg,blackhand,654,paladin,holy,24,7,17
Orleenz,zuljin,642,paladin,holy,26,8,18
Ryuzu,arathor,640,paladin,holy,16,8,8
Emojunz,ragnaros,638,paladin,holy,11,7,4
Mycow,tichondrius,638,paladin,holy,17,7,10
Mikiná,proudmoore,638,paladin,holy,22,7,15
Bullivan,sisters-of-elune,630,paladin,holy,23,7,16
Luxsit,tichondrius,626,paladin,holy,30,9,21
Mamothman,barthilas,622,paladin,holy,18,9,9
Mojiberus,wyrmrest-accord,606,paladin,holy,14,7,7
Hildibrandt,stormrage,606,paladin,holy,14,7,7
Darkwingdad,illidan,602,paladin,holy,34,13,21
Turnevil,wyrmrest-accord,591,paladin,holy,19,7,12
Wonpait,frostmourne,576,paladin,holy,9,7,2
Neeks,zuljin,576,paladin,holy,12,6,6
Tolentino,elune,576,paladin,holy,12,6,6
Squarehammer,blackrock,576,paladin,holy,12,6,6
Ùthèr,tichondrius,576,paladin,holy,12,6,6
Gbj,staghelm,576,paladin,holy,12,6,6
Drossp,illidan,576,paladin,holy,12,6,6
Pseudoret,tichondrius,576,paladin,holy,12,6,6
Amadin,winterhoof,576,paladin,holy,12,6,6
Tríno,malganis,576,paladin,holy,12,6,6
Dequincy,tichondrius,576,paladin,holy,12,6,6
Fadiez,sargeras,576,paladin,holy,12,6,6
Holymomia,blackrock,576,paladin,holy,12,6,6
Ocean,sargeras,576,paladin,holy,12,6,6
Valhallaborn,illidan,576,paladin,holy,12,6,6
Catharsis,tichondrius,576,paladin,holy,12,6,6
Ironjudge,hakkar,576,paladin,holy,17,6,11
Shocksta,dalaran,576,paladin,holy,18,6,12
Ahkairee,whisperwind,576,paladin,holy,18,6,12
Okcheon,tichondrius,576,paladin,holy,18,6,12
Nikxx,tichondrius,576,paladin,holy,18,6,12
Kelosia,bonechewer,576,paladin,holy,18,6,12
Remibear,tichondrius,576,paladin,holy,18,6,12
Marien,kelthuzad,576,paladin,holy,18,6,12
Marleigh,kelthuzad,576,paladin,holy,18,6,12
Imsoholy,tichondrius,576,paladin,holy,18,6,12
Santiagolol,ragnaros,576,paladin,holy,24,6,18
Acpally,tichondrius,576,paladin,holy,24,6,18
Bloodyhull,azralon,575,paladin,holy,6,6,0
Okx,illidan,575,paladin,holy,6,6,0
Roachpally,area-52,575,paladin,holy,12,6,6
Mendes,stormrage,575,paladin,holy,12,6,6
Borntocoom,stormrage,575,paladin,holy,12,6,6
Bigpal,area-52,575,paladin,holy,12,6,6
Leatherfase,dalaran,575,paladin,holy,12,6,6
Auralyon,tichondrius,575,paladin,holy,12,6,6
Anderious,moon-guard,575,paladin,holy,12,6,6
Cassiel,barthilas,575,paladin,holy,12,6,6
Septimia,illidan,575,paladin,holy,12,6,6
Nochance,queldorei,575,paladin,holy,12,6,6
Kromthael,burning-blade,575,paladin,holy,12,6,6
Emptyjump,eredar,575,paladin,holy,12,6,6
Nøzawkalypse,kelthuzad,575,paladin,holy,12,6,6
Hojadin,area-52,575,paladin,holy,18,6,12
Asunä,bloodscalp,575,paladin,holy,18,6,12
Theprimus,darkspear,574,paladin,holy,6,6,0
Mcpuffin,aggramar,574,paladin,holy,12,6,6
Rhonielson,tichondrius,574,paladin,holy,12,6,6
Pizzaface,stormrage,574,paladin,holy,12,6,6
Freyr,deathwing,574,paladin,holy,12,6,6
Sixthycent,kiljaeden,574,paladin,holy,12,6,6
Kilion,illidan,574,paladin,holy,18,6,12
Mileihot,quelthalas,574,paladin,holy,18,6,12
Iluvitar,kiljaeden,573,paladin,holy,18,6,12
Holymomo,malganis,572,paladin,holy,12,6,6
Nellie,deathwing,572,paladin,holy,12,6,6
Ducii,stormrage,571,paladin,holy,18,6,12
Maplleafs,kelthuzad,560,paladin,holy,24,6,18
Fleshoflíght,azjolnerub,559,paladin,holy,17,6,11
Fayernaa,proudmoore,557,paladin,holy,10,7,3
Powtilted,thrall,543,paladin,holy,11,6,5
Redpally,emerald-dream,543,paladin,holy,16,6,10
Antivaxer,frostmourne,543,paladin,holy,17,6,11
Eboi,daggerspine,542,paladin,holy,26,7,19
Leggomyagro,fenris,522,paladin,holy,26,7,19
Tyygore,nagrand,521,paladin,holy,19,8,11
Biggestkritz,frostmourne,511,paladin,holy,14,6,8
Splyts,stormrage,490,paladin,holy,23,7,16
Zenastra,moon-guard,480,paladin,holy,6,5,1
Isecretly,stormrage,480,paladin,holy,6,5,1
Mjölk,tichondrius,480,paladin,holy,6,5,1
Bigboiyahurd,sargeras,480,paladin,holy,6,5,1
Badboí,azralon,480,paladin,holy,6,5,1
Dlt,frostmourne,480,paladin,holy,6,5,1
Zanduncy,stormrage,480,paladin,holy,6,5,1
Mightypally,area-52,480,paladin,holy,12,5,7
Hamen,frostwolf,480,paladin,holy,12,5,7
Leddie,stormrage,480,paladin,holy,12,5,7
Drunknbum,area-52,480,paladin,holy,12,5,7
Timeparadox,illidan,480,paladin,holy,12,5,7
Gøldenlight,illidan,480,paladin,holy,12,5,7
Inmortall,illidan,480,paladin,holy,12,5,7
Botburger,stormrage,480,paladin,holy,12,5,7
Velline,tichondrius,480,paladin,holy,12,5,7
Trycider,lightninghoof,480,paladin,holy,12,5,7
Saintus,proudmoore,480,paladin,holy,12,5,7
Vicentê,ragnaros,480,paladin,holy,12,5,7
Beila,illidan,480,paladin,holy,12,5,7
Garethorne,illidan,480,paladin,holy,12,5,7
Subotai,frostmourne,480,paladin,holy,12,5,7
Zhangliyi,tichondrius,480,paladin,holy,12,5,7
Scubblez,zuljin,480,paladin,holy,12,5,7
Fartburger,saurfang,480,paladin,holy,12,5,7
Mattc,tichondrius,480,paladin,holy,12,5,7
Twoshockz,stormrage,480,paladin,holy,12,5,7
Bíteme,sargeras,480,paladin,holy,15,6,9
Chimp,kiljaeden,480,paladin,holy,18,5,13
Trevmagoosey,tichondrius,480,paladin,holy,18,5,13
Oopalaoo,azralon,480,paladin,holy,18,5,13
Wêsleypipes,crushridge,480,paladin,holy,18,5,13
Chrisgrin,malganis,480,paladin,holy,18,5,13
Stahz,illidan,480,paladin,holy,18,5,13
Mootumba,boulderfist,480,paladin,holy,24,5,19
Annii,aegwynn,479,paladin,holy,6,5,1
Bubbleosèven,tichondrius,479,paladin,holy,6,5,1
Judgejitsu,black-dragonflight,479,paladin,holy,12,5,7
Gyle,stormrage,479,paladin,holy,12,5,7
Holyshasha,tichondrius,479,paladin,holy,12,5,7
Mightythorxx,tichondrius,479,paladin,holy,12,5,7
Tankgreed,quelthalas,479,paladin,holy,12,5,7
Loabandit,malorne,479,paladin,holy,12,5,7
Goksuu,ragnaros,479,paladin,holy,12,5,7
Lmy,stormrage,479,paladin,holy,12,5,7
Nielec,arygos,479,paladin,holy,12,5,7
Lachaple,illidan,479,paladin,holy,12,5,7
Joelsama,area-52,479,paladin,holy,12,5,7
Healadelphia,illidan,479,paladin,holy,18,5,13
Bubbleosevèn,frostmourne,479,paladin,holy,18,5,13
Meistyr,thrall,479,paladin,holy,18,5,13
Mfpink,thrall,478,paladin,holy,12,5,7
Boiducéu,azralon,478,paladin,holy,12,5,7
Yobnai,zuljin,478,paladin,holy,12,5,7
Sihylde,quelthalas,478,paladin,holy,18,5,13
Duecesz,area-52,478,paladin,holy,26,5,21
Sovereignt,aggramar,477,paladin,holy,12,5,7
Goingturbo,wyrmrest-accord,477,paladin,holy,12,5,7
Thaeldan,archimonde,477,paladin,holy,18,5,13
Stilreigning,darkspear,476,paladin,holy,12,5,7
Visanth,bonechewer,474,paladin,holy,15,5,10
Callmeweazy,arathor,472,paladin,holy,18,5,13
Parts,aerie-peak,468,paladin,holy,30,5,25
Toastedheals,stormreaver,463,paladin,holy,17,5,12
Blancaflór,ragnaros,447,paladin,holy,11,5,6
Blassphamy,chogall,447,paladin,holy,14,6,8
Nabora,aggramar,446,paladin,holy,29,5,24
Ziggerqt,stormrage,432,paladin,holy,15,5,10
Belfordz,stormrage,430,paladin,holy,15,6,9
Nivie,moon-guard,430,paladin,holy,15,5,10
Rashell,garrosh,426,paladin,holy,16,7,9
Mousesack,dragonmaw,426,paladin,holy,16,7,9
Retribution,mannoroth,426,paladin,holy,23,6,17
Ziti,bonechewer,415,paladin,holy,8,5,3
Sushiopath,area-52,415,paladin,holy,14,5,9
Malthisz,antonidas,415,paladin,holy,14,5,9
Cyandra,moon-guard,400,paladin,holy,7,5,2
Dewagon,area-52,398,paladin,holy,25,5,20
Vgeater,ysera,397,paladin,holy,13,5,8
Icac,stormrage,384,paladin,holy,6,4,2
Runterran,illidan,384,paladin,holy,6,4,2
Decree,rexxar,384,paladin,holy,6,4,2
Arleos,mannoroth,384,paladin,holy,6,4,2
Eladore,hakkar,384,paladin,holy,6,4,2
Mywifeisbad,tichondrius,384,paladin,holy,6,4,2
Anonymvs,eredar,384,paladin,holy,6,4,2
Ladanthal,barthilas,384,paladin,holy,6,4,2
Gendevo,suramar,384,paladin,holy,6,4,2
Respect,black-dragonflight,384,paladin,holy,6,4,2
Kigz,illidan,384,paladin,holy,6,4,2
Robötwizard,tichondrius,384,paladin,holy,6,4,2
Rc,tichondrius,384,paladin,holy,6,4,2
Lightwerk,frostmourne,384,paladin,holy,6,4,2
Ceeten,tichondrius,384,paladin,holy,6,4,2
Shijielol,tichondrius,384,paladin,holy,6,4,2
Volphorix,illidan,384,paladin,holy,6,4,2
Pradå,tichondrius,384,paladin,holy,6,4,2
Ohthatguy,sargeras,384,paladin,holy,6,4,2
Immensepower,tichondrius,384,paladin,holy,6,4,2
Îcandy,stormrage,384,paladin,holy,6,4,2
Nfl,moon-guard,384,paladin,holy,9,5,4
Dragnix,dalaran,384,paladin,holy,11,4,7
Nikkixo,ysera,384,paladin,holy,12,4,8
Bighardshock,aggramar,384,paladin,holy,12,4,8
Ajlol,thrall,384,paladin,holy,12,4,8
Demonsbane,frostmourne,384,paladin,holy,12,4,8
Contémpt,kelthuzad,384,paladin,holy,12,4,8
Floweezy,thrall,384,paladin,holy,12,4,8
Gùmbý,illidan,384,paladin,holy,12,4,8
Tyryan,azralon,384,paladin,holy,12,4,8
Derbizzle,darkspear,384,paladin,holy,12,4,8
Swolsus,illidan,384,paladin,holy,12,4,8
Waldir,silver-hand,384,paladin,holy,12,4,8
Bigtimepali,tichondrius,384,paladin,holy,12,4,8
Palastik,malganis,384,paladin,holy,12,4,8
Cadap,bleeding-hollow,384,paladin,holy,12,4,8
Sacratess,area-52,384,paladin,holy,12,4,8
Lesauceboss,tichondrius,384,paladin,holy,12,4,8
Justarius,stormrage,384,paladin,holy,12,4,8
Daflash,emerald-dream,384,paladin,holy,12,4,8
Alicethemad,aerie-peak,384,paladin,holy,12,4,8
Purdicks,emerald-dream,384,paladin,holy,12,4,8
Devsrdumb,bonechewer,384,paladin,holy,12,4,8
Gotredwings,proudmoore,384,paladin,holy,12,4,8
Smitty,korgath,384,paladin,holy,12,4,8
Alkina,kelthuzad,384,paladin,holy,12,4,8
Klamindor,emerald-dream,384,paladin,holy,12,4,8
Wangzu,wildhammer,384,paladin,holy,12,4,8
Saintcassi,wyrmrest-accord,384,paladin,holy,12,4,8
Cubic,wyrmrest-accord,384,paladin,holy,12,4,8
Nerfrets,stormrage,384,paladin,holy,12,4,8
Penpal,sargeras,384,paladin,holy,12,4,8
Cutebtw,zuljin,384,paladin,holy,18,4,14
Hímüra,nemesis,384,paladin,holy,18,4,14
Bloodangelz,sargeras,384,paladin,holy,18,4,14
Ardrider,emerald-dream,384,paladin,holy,18,4,14
Beebopper,illidan,384,paladin,holy,18,4,14
Retholyprot,tichondrius,384,paladin,holy,18,4,14
Riyu,blackrock,384,paladin,holy,18,4,14
Kaminasol,quelthalas,384,paladin,holy,18,4,14
Shockzer,bloodscalp,384,paladin,holy,23,4,19
Scah,illidan,383,paladin,holy,6,4,2
Holyflux,winterhoof,383,paladin,holy,6,4,2
Thulamon,zuljin,383,paladin,holy,12,4,8
Lunchmoney,aggramar,383,paladin,holy,12,4,8
Vorex,ragnaros,383,paladin,holy,12,4,8
Akromma,drakkari,383,paladin,holy,12,4,8
Rënner,stormrage,383,paladin,holy,12,4,8
Lightbeard,feathermoon,383,paladin,holy,12,4,8
Namaru,hellscream,383,paladin,holy,12,4,8
Guççi,thunderlord,383,paladin,holy,12,4,8
Gokzurah,dragonmaw,383,paladin,holy,18,4,14
Anjøs,azralon,383,paladin,holy,18,4,14
Alyosya,barthilas,383,paladin,holy,24,4,20
Veliona,thaurissan,382,paladin,holy,12,4,8
Densom,aggramar,381,paladin,holy,12,4,8
Rustacian,area-52,380,paladin,holy,12,4,8
Gnomeslapper,frostmourne,351,paladin,holy,11,4,7
Aärøn,stormrage,351,paladin,holy,11,4,7
Palewan,kiljaeden,351,paladin,holy,11,4,7
Cristineth,tanaris,351,paladin,holy,14,5,9
Nvgesus,undermine,329,paladin,holy,16,5,11
Veeve,emerald-dream,304,paladin,holy,7,4,3
Nskkbr,frostmourne,304,paladin,holy,13,4,9
Nulric,moon-guard,304,paladin,holy,13,4,9
Rett,chogall,288,paladin,holy,8,5,3
Schwârts,blackrock,288,paladin,holy,6,3,3
Breesh,nerzhul,288,paladin,holy,6,3,3
Thyedron,azralon,288,paladin,holy,6,3,3
Hèró,barthilas,288,paladin,holy,6,3,3
Stormvikingx,darkspear,288,paladin,holy,6,3,3
Kaleroenin,cenarius,288,paladin,holy,6,3,3
Ingrìd,ragnaros,288,paladin,holy,6,3,3
Paen,area-52,288,paladin,holy,6,3,3
Soapgirl,area-52,288,paladin,holy,6,3,3
Gothsick,zuljin,288,paladin,holy,6,3,3
Barquin,dalaran,288,paladin,holy,6,3,3
Repgodx,illidan,288,paladin,holy,6,3,3
Miggsy,stormrage,288,paladin,holy,6,3,3
Brightcore,stormrage,288,paladin,holy,6,3,3
Leronos,zuljin,288,paladin,holy,6,3,3
Nipon,stormrage,288,paladin,holy,6,3,3
Alîcë,wyrmrest-accord,288,paladin,holy,6,3,3
Sigfriéd,tichondrius,288,paladin,holy,6,3,3
Hazkal,sargeras,288,paladin,holy,6,3,3
Mindfoolness,sargeras,288,paladin,holy,6,3,3
Grimmey,azjolnerub,288,paladin,holy,6,3,3
Holysheesh,cenarion-circle,288,paladin,holy,6,3,3
Holzinger,quelthalas,288,paladin,holy,6,3,3
Arena,mannoroth,288,paladin,holy,6,3,3
Datguysname,illidan,288,paladin,holy,6,3,3
Aiyoku,illidan,288,paladin,holy,6,3,3
Slippyp,darkspear,288,paladin,holy,6,3,3
Sadamell,tichondrius,288,paladin,holy,6,3,3
Wonpæi,frostmourne,288,paladin,holy,6,3,3
Phut,stormrage,288,paladin,holy,6,3,3
Kusunoki,kelthuzad,288,paladin,holy,6,3,3
Árrest,tichondrius,288,paladin,holy,6,3,3
Yacè,moon-guard,288,paladin,holy,6,3,3
Jackywacky,malganis,288,paladin,holy,6,3,3
Kharissia,proudmoore,288,paladin,holy,6,3,3
Odinns,proudmoore,288,paladin,holy,6,3,3
Dayatthespa,stormrage,288,paladin,holy,6,3,3
Lamas,kelthuzad,288,paladin,holy,6,3,3
Lànd,tichondrius,288,paladin,holy,6,3,3
Grombaby,lightnings-blade,288,paladin,holy,6,3,3
Banpally,tichondrius,288,paladin,holy,6,3,3
Psalms,lightnings-blade,288,paladin,holy,6,3,3
Feelsögood,tichondrius,288,paladin,holy,6,3,3
Vamplyy,kelthuzad,288,paladin,holy,6,3,3
Laythoz,hyjal,288,paladin,holy,6,3,3
Aduhrawl,moon-guard,288,paladin,holy,6,3,3
Sixty,sargeras,288,paladin,holy,6,3,3
Gutzzx,frostmourne,288,paladin,holy,6,3,3
Haldry,wyrmrest-accord,288,paladin,holy,12,3,9
Yanggongru,sargeras,288,paladin,holy,12,3,9
Dartherion,shandris,288,paladin,holy,12,3,9
Repths,illidan,288,paladin,holy,12,3,9
Dráugus,azralon,288,paladin,holy,12,3,9
Drippinheals,eitrigg,288,paladin,holy,12,3,9
Ariste,emerald-dream,288,paladin,holy,12,3,9
Serca,khadgar,288,paladin,holy,12,3,9
Hemmyr,deathwing,288,paladin,holy,12,3,9
Imabigkidnow,emerald-dream,288,paladin,holy,12,3,9
Sanctifyd,kiljaeden,288,paladin,holy,12,3,9
Quits,tichondrius,288,paladin,holy,12,3,9
Prâytorian,illidan,288,paladin,holy,12,3,9
Deckter,ragnaros,288,paladin,holy,12,3,9
Thichammer,frostmourne,288,paladin,holy,12,3,9
Teerblood,illidan,288,paladin,holy,12,3,9
Kommuna,stormscale,288,paladin,holy,12,3,9
Tooholy,kiljaeden,288,paladin,holy,18,3,15
Bigboppapump,lightnings-blade,288,paladin,holy,18,3,15
Mathalt,area-52,288,paladin,holy,18,3,15
Capsiel,caelestrasz,288,paladin,holy,18,3,15
Alogagain,frostmourne,288,paladin,holy,18,3,15
Flarisic,kelthuzad,288,paladin,holy,18,3,15
Hugokpz,quelthalas,288,paladin,holy,18,3,15
Papaa,nemesis,288,paladin,holy,18,3,15
Holyslapz,nazjatar,287,paladin,holy,6,3,3
Fokatayew,korialstrasz,287,paladin,holy,12,3,9
Avantasias,sargeras,287,paladin,holy,12,3,9
Tehgodofdmg,tichondrius,287,paladin,holy,12,3,9
Spacebacon,thunderlord,287,paladin,holy,12,3,9
Rost,jaedenar,287,paladin,holy,24,3,21
Hehealsyou,alleria,285,paladin,holy,12,3,9
Schnabdain,exodar,285,paladin,holy,18,3,15
Sellathice,khadgar,271,paladin,holy,11,3,8
Iradruidz,tichondrius,255,paladin,holy,11,3,8
Holywoof,agamaggan,234,paladin,holy,11,5,6
Itheternal,dalaran,234,paladin,holy,9,4,5
Wëlch,nemesis,234,paladin,holy,16,4,12
Inarit,thrall,232,paladin,holy,22,5,17
Jaxal,nordrassil,208,paladin,holy,7,3,4
Bigdmcgee,frostmourne,192,paladin,holy,6,2,4
Raywhite,kelthuzad,192,paladin,holy,6,2,4
Pgpal,kelthuzad,192,paladin,holy,6,2,4
Healheal,tichondrius,192,paladin,holy,6,2,4
Borngood,tichondrius,192,paladin,holy,6,2,4
Akj,tichondrius,192,paladin,holy,6,2,4
Ronnierawdog,frostmourne,192,paladin,holy,6,2,4
Hitabull,hyjal,192,paladin,holy,6,2,4
Tumatauenga,burning-blade,192,paladin,holy,6,2,4
Ironmanfrank,tichondrius,192,paladin,holy,6,2,4
Goldieg,tichondrius,192,paladin,holy,6,2,4
Iolwhat,sargeras,192,paladin,holy,6,2,4
Breach,blades-edge,192,paladin,holy,6,2,4
Pathalerix,eonar,192,paladin,holy,6,2,4
Irêsha,quelthalas,192,paladin,holy,6,2,4
Beaconlol,proudmoore,192,paladin,holy,6,2,4
Smôres,sargeras,192,paladin,holy,6,2,4
Lazydin,tichondrius,192,paladin,holy,6,2,4
Flexxborn,thrall,192,paladin,holy,6,2,4
Eckò,malganis,192,paladin,holy,6,2,4
Goldirock,quelthalas,192,paladin,holy,6,2,4
Gabs,quelthalas,192,paladin,holy,6,2,4
Lóli,azralon,192,paladin,holy,6,2,4
Misakiqs,sargeras,192,paladin,holy,6,2,4
Gilazhar,eldrethalas,192,paladin,holy,6,2,4
Eicke,malganis,192,paladin,holy,6,2,4
Trâgedy,azjolnerub,192,paladin,holy,6,2,4
Drii,moon-guard,192,paladin,holy,6,2,4
Lørdthemar,azralon,192,paladin,holy,6,2,4
Razzypal,sargeras,192,paladin,holy,6,2,4
Bakapal,tichondrius,192,paladin,holy,6,2,4
Stormwinter,azralon,192,paladin,holy,6,2,4
Romaztlan,area-52,192,paladin,holy,6,2,4
Mangchì,tichondrius,192,paladin,holy,6,2,4
Turnipfãrmer,tichondrius,192,paladin,holy,6,2,4
Raiel,aegwynn,192,paladin,holy,6,2,4
Aldrukor,quelthalas,192,paladin,holy,6,2,4
Svane,thunderlord,192,paladin,holy,6,2,4
Elchupalibre,tichondrius,192,paladin,holy,6,2,4
Tolipos,earthen-ring,192,paladin,holy,6,2,4
Câno,quelthalas,192,paladin,holy,6,2,4
Jastella,illidan,192,paladin,holy,6,2,4
Pallydeen,illidan,192,paladin,holy,6,2,4
Veguê,ragnaros,192,paladin,holy,6,2,4
Gnomesexer,illidan,192,paladin,holy,6,2,4
Xtabelcnu,illidan,192,paladin,holy,6,2,4
Pearlx,ragnaros,192,paladin,holy,6,2,4
Chinaballoon,moonrunner,192,paladin,holy,6,2,4
Antoniano,ragnaros,192,paladin,holy,6,2,4
Cheliere,kiljaeden,192,paladin,holy,6,2,4
Bluemitch,malfurion,192,paladin,holy,6,2,4
Toonchies,barthilas,192,paladin,holy,6,2,4
Healnsqueal,stormrage,192,paladin,holy,6,2,4
Rawpaladin,blackrock,192,paladin,holy,6,2,4
Kimbr,gallywix,192,paladin,holy,6,2,4
Zhula,nerzhul,192,paladin,holy,6,2,4
Nachius,ragnaros,192,paladin,holy,6,2,4
Sainttom,sargeras,192,paladin,holy,6,2,4
Numenor,kiljaeden,192,paladin,holy,6,2,4
Hoopzz,illidan,192,paladin,holy,6,2,4
Illbubble,duskwood,192,paladin,holy,7,2,5
Naxzero,shadowsong,192,paladin,holy,8,2,6
Anderentonso,tichondrius,192,paladin,holy,9,2,7
Einheilagr,stormrage,192,paladin,holy,12,2,10
Piupiubiu,stormrage,192,paladin,holy,12,2,10
Carmiínha,azralon,192,paladin,holy,12,2,10
Bighausse,thrall,192,paladin,holy,12,2,10
Murkpal,frostmourne,192,paladin,holy,12,2,10
Minzyy,frostmourne,192,paladin,holy,12,2,10
Trojani,malganis,192,paladin,holy,12,2,10
Dwemeor,azuremyst,192,paladin,holy,12,2,10
Willywønka,azgalor,192,paladin,holy,12,2,10
Spoons,malganis,192,paladin,holy,12,2,10
Gavril,kirin-tor,192,paladin,holy,12,2,10
Märdrius,tichondrius,192,paladin,holy,12,2,10
Cehart,windrunner,192,paladin,holy,12,2,10
Hxnny,kiljaeden,192,paladin,holy,12,2,10
Milkovir,quelthalas,192,paladin,holy,18,2,16
Shoresy,terokkar,192,paladin,holy,18,2,16
Krypton,tichondrius,192,paladin,holy,18,2,16
Levarious,thunderlord,192,paladin,holy,18,2,16
Waifupaladin,azralon,192,paladin,holy,18,2,16
Prh,frostmourne,191,paladin,holy,6,2,4
Holygota,nemesis,191,paladin,holy,6,2,4
Mose,scilla,191,paladin,holy,6,2,4
Arobelse,sargeras,191,paladin,holy,12,2,10
Itsoverninek,emerald-dream,159,paladin,holy,17,2,15
Hearthledger,ragnaros,144,paladin,holy,3,3,0
Whitedozer,darkspear,138,paladin,holy,10,4,6
Zela,ghostlands,137,paladin,holy,21,3,18
Myû,korgath,112,paladin,holy,7,2,5
Guelmin,azralon,112,paladin,holy,7,2,5
Boppal,tichondrius,96,paladin,holy,6,1,5
Cremefraichè,tichondrius,96,paladin,holy,6,1,5
Sevina,twisting-nether,96,paladin,holy,6,1,5
Elrecka,stormrage,96,paladin,holy,6,1,5
Tarpeeksi,tichondrius,96,paladin,holy,6,1,5
Zwilliam,frostmourne,96,paladin,holy,6,1,5
Khaosactual,proudmoore,96,paladin,holy,6,1,5
Burgasari,tichondrius,96,paladin,holy,6,1,5
Ploppers,sargeras,96,paladin,holy,6,1,5
Combidin,garrosh,96,paladin,holy,6,1,5
Oncehumanoid,stormrage,96,paladin,holy,6,1,5
Couchz,area-52,96,paladin,holy,6,1,5
Hibunny,thaurissan,96,paladin,holy,6,1,5
Arturias,kiljaeden,96,paladin,holy,6,1,5
Luxs,tichondrius,96,paladin,holy,6,1,5
Sherrill,nagrand,96,paladin,holy,6,1,5
Kamí,elune,96,paladin,holy,6,1,5
Tradorel,illidan,96,paladin,holy,6,1,5
Parzsival,blood-furnace,96,paladin,holy,6,1,5
Chakris,wyrmrest-accord,96,paladin,holy,6,1,5
Greddlok,rivendare,96,paladin,holy,6,1,5
Stophamrtime,barthilas,96,paladin,holy,6,1,5
Palabora,kelthuzad,96,paladin,holy,6,1,5
Trixzthot,barthilas,96,paladin,holy,6,1,5
Lgbtq,trollbane,96,paladin,holy,6,1,5
Tfcpaladin,the-forgotten-coast,96,paladin,holy,6,1,5
Wings,arygos,96,paladin,holy,6,1,5
Criaharn,turalyon,96,paladin,holy,6,1,5
Evilpallie,illidan,96,paladin,holy,6,1,5
Therëv,zuljin,96,paladin,holy,6,1,5
Yikyok,stormrage,96,paladin,holy,6,1,5
Hulkamaniac,blackhand,96,paladin,holy,6,1,5
Netéro,skywall,96,paladin,holy,6,1,5
Owllii,frostwolf,96,paladin,holy,6,1,5
Cathraga,moknathal,96,paladin,holy,6,1,5
Syrenadrel,hydraxis,96,paladin,holy,6,1,5
Deadlyassian,ysera,96,paladin,holy,6,1,5
Rhinno,lothar,96,paladin,holy,6,1,5
Keltheas,rivendare,96,paladin,holy,6,1,5
Victores,illidan,96,paladin,holy,6,1,5
Silreck,ragnaros,96,paladin,holy,6,1,5
Elronda,malganis,96,paladin,holy,6,1,5
Kurook,moon-guard,96,paladin,holy,6,1,5
Jeffylolmar,sargeras,96,paladin,holy,6,1,5
Crosjudge,zuljin,96,paladin,holy,6,1,5
ßls,illidan,96,paladin,holy,6,1,5
Romeh,malganis,96,paladin,holy,6,1,5
Traditionalp,area-52,96,paladin,holy,6,1,5
Vîxey,ragnaros,96,paladin,holy,6,1,5
Kaynè,senjin,96,paladin,holy,6,1,5
Tetulia,quelthalas,96,paladin,holy,6,1,5
Ripadin,dunemaul,96,paladin,holy,11,1,10
Grîshnâkh,ragnaros,96,paladin,holy,11,1,10
Nickpala,bleeding-hollow,96,paladin,holy,12,1,11
Ordained,moonrunner,96,paladin,holy,12,1,11
Vexe,emerald-dream,96,paladin,holy,12,1,11
Midnightboto,dragonmaw,96,paladin,holy,12,1,11
Clonazedin,ragnaros,96,paladin,holy,12,1,11
Soloist,tichondrius,96,paladin,holy,12,1,11
Yccorz,frostmourne,96,paladin,holy,12,1,11
Elladan,illidan,96,paladin,holy,12,1,11
Lafawndah,blackhand,96,paladin,holy,12,1,11
Zentrick,whisperwind,96,paladin,holy,12,1,11
Jwilks,black-dragonflight,96,paladin,holy,12,1,11
Dapallytroll,area-52,96,paladin,holy,12,1,11
Aenwyl,quelthalas,96,paladin,holy,24,1,23
Granada,kirin-tor,95,paladin,holy,6,1,5
Arlé,stormrage,95,paladin,holy,6,1,5
Ååron,thrall,89,paladin,holy,11,3,8
Emilywilis,sargeras,84,paladin,holy,17,5,12
Zaeris,proudmoore,79,paladin,holy,5,1,4
Athenia,moon-guard,63,paladin,holy,6,3,3
Jkethuhsnake,ghostlands,48,paladin,holy,21,1,20
Alpinestârs,tichondrius,42,paladin,holy,9,2,7
Justinbebr,tichondrius,42,paladin,holy,14,3,11
Kziwei,stormrage,31,paladin,holy,2,1,1
Shkafell,ragnaros,9,paladin,holy,8,2,6
Oghal,frostmourne,9,paladin,holy,23,3,20
Vanguards,tichondrius,2192,paladin,retribution,78,43,35
Vânguards,tichondrius,2190,paladin,retribution,105,57,48
Imitlol,alexstrasza,2154,paladin,retribution,181,91,90
Zozo,zuljin,2152,paladin,retribution,95,50,45
Venguards,azralon,2151,paladin,retribution,127,68,59
Hamburgeryu,tichondrius,2119,paladin,retribution,100,49,51
Condiments,earthen-ring,2110,paladin,retribution,144,77,67
Coolvelic,tichondrius,2110,paladin,retribution,156,79,77
Evanguards,tichondrius,2105,paladin,retribution,202,102,100
Picachü,ragnaros,2104,paladin,retribution,125,63,62
Yuji,darkspear,2102,paladin,retribution,108,54,54
Shôtgun,tichondrius,2101,paladin,retribution,138,69,69
Lanteranth,drenden,2096,paladin,retribution,204,102,102
Notvelic,tichondrius,2079,paladin,retribution,141,70,71
Lvladen,sargeras,2065,paladin,retribution,84,41,43
Hollyflame,tichondrius,2060,paladin,retribution,167,84,83
Quitzz,tichondrius,2050,paladin,retribution,117,58,59
Aldda,azralon,2047,paladin,retribution,128,62,66
Tramatic,sargeras,2045,paladin,retribution,108,52,56
Slíckhuman,spinebreaker,2043,paladin,retribution,78,50,28
Xexe,stormreaver,2030,paladin,retribution,150,74,76
Xiaoqingye,tichondrius,2026,paladin,retribution,113,59,54
Caperx,tichondrius,2026,paladin,retribution,66,31,35
Wasteddwolf,tichondrius,2025,paladin,retribution,177,90,87
Angryvelic,tichondrius,2019,paladin,retribution,87,41,46
Alicê,moon-guard,2018,paladin,retribution,84,41,43
Bartharious,malganis,2017,paladin,retribution,102,50,52
Dreamcastx,tichondrius,2016,paladin,retribution,149,74,75
Furylolz,tichondrius,2009,paladin,retribution,70,35,35
Maledraenei,sargeras,2004,paladin,retribution,119,58,61
Mashbringer,moon-guard,2001,paladin,retribution,78,42,36
Genericuser,sargeras,1984,paladin,retribution,82,44,38
Ryuseiblade,ragnaros,1983,paladin,retribution,120,56,64
Simplybést,zuljin,1976,paladin,retribution,153,75,78
Ashenhallow,alexstrasza,1973,paladin,retribution,42,27,15
Smortain,tichondrius,1973,paladin,retribution,84,39,45
Bigdickrick,ragnaros,1972,paladin,retribution,54,32,22
Ämoureux,bleeding-hollow,1970,paladin,retribution,141,67,74
Theblèss,tichondrius,1969,paladin,retribution,127,59,68
Conndiment,earthen-ring,1968,paladin,retribution,90,45,45
Mikeqiaodan,tichondrius,1966,paladin,retribution,144,73,71
Alpinestârs,tichondrius,1965,paladin,retribution,146,72,74
Holychris,shadowmoon,1965,paladin,retribution,138,64,74
Caveyodeler,zuluhed,1962,paladin,retribution,66,31,35
Kubota,sargeras,1958,paladin,retribution,60,36,24
Dreamcastz,tichondrius,1957,paladin,retribution,48,33,15
Draenkz,quelthalas,1954,paladin,retribution,57,37,20
Ðori,tichondrius,1952,paladin,retribution,82,38,44
Lazypally,frostmourne,1951,paladin,retribution,60,32,28
Asukaba,sargeras,1950,paladin,retribution,68,33,35
Dayuanzhong,tichondrius,1946,paladin,retribution,81,38,43
Xuantianchai,tichondrius,1944,paladin,retribution,60,36,24
Dratzq,ragnaros,1938,paladin,retribution,90,49,41
Animepower,moon-guard,1932,paladin,retribution,106,66,40
Nbtv,tichondrius,1931,paladin,retribution,78,36,42
Indivisionxp,tichondrius,1928,paladin,retribution,55,34,21
Xxwitcherxx,stormrage,1928,paladin,retribution,105,58,47
Omnnii,tichondrius,1928,paladin,retribution,71,38,33
Damionblade,proudmoore,1928,paladin,retribution,217,116,101
Fossilz,sargeras,1927,paladin,retribution,59,31,28
Mcconnell,sargeras,1925,paladin,retribution,60,36,24
Yccorz,frostmourne,1924,paladin,retribution,219,111,108
Monkeypala,dathremar,1911,paladin,retribution,54,30,24
Metallíka,nemesis,1910,paladin,retribution,77,36,41
Daxxj,akama,1910,paladin,retribution,158,73,85
Memorisë,ragnaros,1907,paladin,retribution,283,146,137
Hammrekt,illidan,1905,paladin,retribution,48,25,23
Furgalicious,area-52,1904,paladin,retribution,125,60,65
Bestowed,moon-guard,1903,paladin,retribution,93,46,47
Valytonz,wyrmrest-accord,1901,paladin,retribution,72,35,37
Angelguards,tichondrius,1900,paladin,retribution,60,30,30
Clapstick,illidan,1900,paladin,retribution,72,33,39
Gelosagrado,illidan,1900,paladin,retribution,131,60,71
Zanthus,shadow-council,1896,paladin,retribution,35,20,15
Bullmarket,tichondrius,1895,paladin,retribution,161,73,88
Danceholy,tichondrius,1894,paladin,retribution,81,39,42
Swurvezx,bleeding-hollow,1892,paladin,retribution,47,28,19
Cønk,khadgar,1892,paladin,retribution,170,100,70
Kamadonezuko,illidan,1892,paladin,retribution,89,44,45
Peledin,azralon,1890,paladin,retribution,95,48,47
Attkdmgcurry,illidan,1890,paladin,retribution,71,34,37
Dtaitou,tichondrius,1889,paladin,retribution,60,28,32
Dankrachet,thrall,1888,paladin,retribution,72,35,37
Vendatha,darkspear,1887,paladin,retribution,30,25,5
Thørmento,azralon,1887,paladin,retribution,141,69,72
Hellsingwolf,zuljin,1885,paladin,retribution,30,20,10
Pécorino,malganis,1884,paladin,retribution,52,31,21
Kurôsh,kalecgos,1883,paladin,retribution,90,46,44
Bøgård,sargeras,1882,paladin,retribution,263,131,132
Mwqyyds,tichondrius,1882,paladin,retribution,142,67,75
Dréveleth,quelthalas,1881,paladin,retribution,107,50,57
Iäl,tichondrius,1881,paladin,retribution,71,31,40
Ðiviñe,zuluhed,1880,paladin,retribution,126,69,57
Zeldoul,magtheridon,1879,paladin,retribution,71,36,35
Homelanderp,tichondrius,1879,paladin,retribution,81,41,40
Roushex,sargeras,1875,paladin,retribution,72,35,37
Voidaz,stormscale,1873,paladin,retribution,60,31,29
Beautiful,proudmoore,1870,paladin,retribution,135,72,63
Toughxguy,sargeras,1870,paladin,retribution,92,49,43
Kraggar,arthas,1869,paladin,retribution,54,33,21
Zanur,tichondrius,1869,paladin,retribution,154,78,76
Fairgame,dathremar,1869,paladin,retribution,60,28,32
Bluerunebar,illidan,1868,paladin,retribution,48,28,20
Koyoikonan,tichondrius,1867,paladin,retribution,42,28,14
Alexjones,stormrage,1866,paladin,retribution,78,43,35
Bohring,bleeding-hollow,1865,paladin,retribution,54,29,25
Parlore,moon-guard,1865,paladin,retribution,168,89,79
Xilio,tichondrius,1865,paladin,retribution,72,36,36
Juffury,illidan,1861,paladin,retribution,66,32,34
Getmeabag,tichondrius,1861,paladin,retribution,54,25,29
Talymra,ragnaros,1860,paladin,retribution,72,38,34
Víkk,zuljin,1860,paladin,retribution,182,94,88
Teniale,moon-guard,1859,paladin,retribution,54,28,26
Chuoo,proudmoore,1859,paladin,retribution,46,22,24
Zyzzftw,stormrage,1856,paladin,retribution,53,31,22
Retroreq,tichondrius,1854,paladin,retribution,166,88,78
Therëv,zuljin,1853,paladin,retribution,83,41,42
Savøx,sargeras,1852,paladin,retribution,157,90,67
Mürlin,illidan,1851,paladin,retribution,183,92,91
Foofs,shadowmoon,1851,paladin,retribution,53,26,27
Ozzium,ragnaros,1851,paladin,retribution,143,69,74
Xuanxingchai,tichondrius,1850,paladin,retribution,71,29,42
Solanin,frostmourne,1849,paladin,retribution,35,20,15
Burnning,tichondrius,1849,paladin,retribution,57,30,27
Hurv,area-52,1848,paladin,retribution,53,30,23
Miktley,area-52,1847,paladin,retribution,66,32,34
Iloveqiqi,sargeras,1846,paladin,retribution,54,26,28
Matthrian,moon-guard,1846,paladin,retribution,84,34,50
Galeatus,tichondrius,1846,paladin,retribution,70,28,42
Retxsilver,thrall,1845,paladin,retribution,136,69,67
Sacredknight,kelthuzad,1845,paladin,retribution,48,23,25
Mixz,bleeding-hollow,1843,paladin,retribution,60,36,24
Nishru,sargeras,1843,paladin,retribution,60,32,28
Auxilio,arathor,1843,paladin,retribution,60,29,31
Divinehammer,proudmoore,1843,paladin,retribution,66,31,35
Ohuo,tichondrius,1842,paladin,retribution,304,158,146
Saakero,illidan,1841,paladin,retribution,36,22,14
Mikhàël,stormscale,1840,paladin,retribution,52,37,15
Sukilol,tichondrius,1840,paladin,retribution,96,49,47
Truthkeeper,moon-guard,1840,paladin,retribution,47,23,24
Luosiding,tichondrius,1840,paladin,retribution,155,68,87
Chuckvandam,illidan,1839,paladin,retribution,54,36,18
Popje,zuljin,1839,paladin,retribution,36,20,16
Grifnballs,agamaggan,1839,paladin,retribution,56,31,25
Roguesmoker,zuljin,1839,paladin,retribution,59,31,28
Immobilized,frostmourne,1839,paladin,retribution,58,29,29
Mvpj,medivh,1839,paladin,retribution,48,23,25
Marthellus,quelthalas,1839,paladin,retribution,69,33,36
Kushsessions,zuljin,1837,paladin,retribution,42,20,22
Alodorx,tichondrius,1836,paladin,retribution,36,23,13
Vip,frostmourne,1836,paladin,retribution,108,55,53
Avenging,wyrmrest-accord,1835,paladin,retribution,62,32,30
Kangsang,illidan,1835,paladin,retribution,70,33,37
Lolcraftv,tichondrius,1834,paladin,retribution,60,30,30
Dkdldkdld,tichondrius,1833,paladin,retribution,36,27,9
Lilglick,illidan,1833,paladin,retribution,36,21,15
Holyfused,illidan,1833,paladin,retribution,53,28,25
Masqadin,tichondrius,1832,paladin,retribution,36,26,10
Leonilx,tichondrius,1832,paladin,retribution,48,21,27
Kaitúr,stormrage,1831,paladin,retribution,56,29,27
Younghova,kelthuzad,1831,paladin,retribution,90,43,47
ßò,area-52,1830,paladin,retribution,46,31,15
Awbie,moon-guard,1830,paladin,retribution,60,30,30
Slaneesh,ragnaros,1830,paladin,retribution,54,24,30
Eldenblade,moon-guard,1829,paladin,retribution,54,31,23
Coldzerox,ragnaros,1829,paladin,retribution,161,82,79
Honeydutchtv,black-dragonflight,1829,paladin,retribution,174,79,95
Hammrekt,kelthuzad,1829,paladin,retribution,47,20,27
Chainsapally,stormrage,1828,paladin,retribution,54,38,16
Palabora,kelthuzad,1828,paladin,retribution,53,28,25
Bornterrible,queldorei,1828,paladin,retribution,54,25,29
Idenline,moon-guard,1827,paladin,retribution,59,30,29
Wolfs,firetree,1826,paladin,retribution,66,29,37
Lyrz,sargeras,1824,paladin,retribution,115,69,46
Monchmon,tichondrius,1824,paladin,retribution,47,24,23
Praysnblaze,zuljin,1824,paladin,retribution,55,28,27
Zèrà,thunderhorn,1823,paladin,retribution,54,26,28
Pantufä,stormrage,1822,paladin,retribution,53,29,24
Jonathein,barthilas,1822,paladin,retribution,138,72,66
Saradomin,kelthuzad,1822,paladin,retribution,129,66,63
Fuchí,tichondrius,1822,paladin,retribution,206,100,106
Cryof,illidan,1822,paladin,retribution,72,28,44
Olixx,blackrock,1821,paladin,retribution,54,30,24
Promethèus,jubeithos,1821,paladin,retribution,66,34,32
Kíngkáísér,azralon,1820,paladin,retribution,29,20,9
Malakor,thrall,1820,paladin,retribution,150,79,71
Draidan,area-52,1819,paladin,retribution,131,81,50
Blackcandle,tichondrius,1819,paladin,retribution,48,29,19
Yorøchi,azralon,1819,paladin,retribution,57,31,26
Backdrop,proudmoore,1819,paladin,retribution,169,91,78
Geöspäwn,tichondrius,1819,paladin,retribution,39,20,19
Anbivilent,moon-guard,1819,paladin,retribution,48,23,25
Cardynivans,tichondrius,1819,paladin,retribution,67,25,42
Zett,jubeithos,1818,paladin,retribution,97,45,52
Dorex,moon-guard,1817,paladin,retribution,111,72,39
Dazargeros,moon-guard,1817,paladin,retribution,30,19,11
Nr,blood-furnace,1817,paladin,retribution,54,32,22
Dwimberlike,ragnaros,1816,paladin,retribution,56,37,19
Chadsteroid,sargeras,1816,paladin,retribution,48,29,19
Kooi,illidan,1816,paladin,retribution,78,35,43
Tyrillian,aerie-peak,1816,paladin,retribution,48,21,27
Kíngkáiser,azralon,1815,paladin,retribution,46,27,19
Zulmay,malganis,1814,paladin,retribution,156,78,78
Traize,kelthuzad,1813,paladin,retribution,48,30,18
Ìshen,illidan,1813,paladin,retribution,54,30,24
Dorktanian,stormrage,1813,paladin,retribution,78,40,38
Heatyr,malganis,1813,paladin,retribution,59,28,31
Arquidea,tichondrius,1812,paladin,retribution,114,61,53
Gabbynator,emerald-dream,1812,paladin,retribution,59,28,31
Møemøeda,illidan,1812,paladin,retribution,42,19,23
Rethumtv,tichondrius,1812,paladin,retribution,72,30,42
Arkadiano,drakkari,1812,paladin,retribution,78,29,49
Iqt,moon-guard,1811,paladin,retribution,108,47,61
Triston,area-52,1810,paladin,retribution,120,66,54
Lilcyans,ragnaros,1810,paladin,retribution,66,34,32
Primaryee,tichondrius,1810,paladin,retribution,121,53,68
Ladeon,proudmoore,1809,paladin,retribution,72,44,28
Bigdaddysdic,illidan,1809,paladin,retribution,108,57,51
Émiluss,stormrage,1809,paladin,retribution,66,33,33
Fussyotter,stormreaver,1808,paladin,retribution,103,59,44
Rédbarön,illidan,1808,paladin,retribution,72,32,40
Màli,akama,1808,paladin,retribution,52,20,32
Stêvêts,tichondrius,1807,paladin,retribution,36,20,16
Downways,sargeras,1807,paladin,retribution,73,39,34
Profundity,area-52,1807,paladin,retribution,70,37,33
Ratg,frostmourne,1807,paladin,retribution,46,24,22
Andelko,tichondrius,1807,paladin,retribution,46,23,23
Strøngkiing,bleeding-hollow,1807,paladin,retribution,66,31,35
Velstadt,sargeras,1807,paladin,retribution,66,29,37
Jhasøn,quelthalas,1806,paladin,retribution,60,40,20
Pornenjoyer,dalaran,1806,paladin,retribution,30,19,11
Darcobs,ragnaros,1806,paladin,retribution,172,90,82
Pambeazley,bronzebeard,1806,paladin,retribution,46,23,23
Zeyrox,stormrage,1806,paladin,retribution,54,26,28
Pramethious,sargeras,1806,paladin,retribution,72,34,38
Erodan,moon-guard,1806,paladin,retribution,88,38,50
Annihilàtion,frostmourne,1805,paladin,retribution,42,30,12
Antlkd,quelthalas,1805,paladin,retribution,59,31,28
Christtel,stormrage,1805,paladin,retribution,72,36,36
Koketsu,ragnaros,1805,paladin,retribution,219,109,110
Huuzhaa,tichondrius,1805,paladin,retribution,92,44,48
Panncakeman,tichondrius,1804,paladin,retribution,60,33,27
Ironblade,zuljin,1804,paladin,retribution,54,29,25
Sweetfish,kiljaeden,1804,paladin,retribution,59,31,28
Outkas,area-52,1804,paladin,retribution,54,28,26
Palli,moon-guard,1804,paladin,retribution,60,31,29
Lumbersnack,moon-guard,1804,paladin,retribution,75,36,39
Thantore,scilla,1804,paladin,retribution,76,34,42
Justicejosh,frostmourne,1803,paladin,retribution,42,25,17
Reypally,dalaran,1803,paladin,retribution,132,66,66
Niubcjq,tichondrius,1803,paladin,retribution,42,19,23
Lucy,sargeras,1803,paladin,retribution,72,32,40
Disappearing,stormrage,1802,paladin,retribution,48,31,17
Arkcadius,frostmourne,1802,paladin,retribution,96,52,44
Sâdê,bleeding-hollow,1802,paladin,retribution,36,19,17
Tèhflip,tichondrius,1801,paladin,retribution,36,19,17
Gunderbok,emerald-dream,1801,paladin,retribution,63,33,30
Mabia,tichondrius,1801,paladin,retribution,72,37,35
Iloveyouxoxo,tichondrius,1800,paladin,retribution,54,29,25
Duhvine,malganis,1800,paladin,retribution,41,22,19
Ashkandi,tichondrius,1800,paladin,retribution,101,53,48
Sôck,zuljin,1800,paladin,retribution,44,22,22
Kalgormoth,ragnaros,1800,paladin,retribution,89,43,46
Ha,bleeding-hollow,1800,paladin,retribution,64,26,38
Määx,bleeding-hollow,1799,paladin,retribution,42,25,17
Angelicwhim,stormrage,1799,paladin,retribution,42,24,18
Ulcerà,azralon,1797,paladin,retribution,61,28,33
Joeschmo,area-52,1795,paladin,retribution,48,29,19
Dúrnir,stormscale,1794,paladin,retribution,30,19,11
Kádabrak,tichondrius,1794,paladin,retribution,54,34,20
Beaconlol,proudmoore,1792,paladin,retribution,94,60,34
Chadatron,tichondrius,1791,paladin,retribution,42,21,21
Dippedxd,tichondrius,1790,paladin,retribution,78,43,35
Johnmacclane,azralon,1790,paladin,retribution,183,98,85
Galatus,tichondrius,1790,paladin,retribution,59,26,33
Pomboxd,stormrage,1786,paladin,retribution,89,50,39
Youguessedit,stormrage,1785,paladin,retribution,30,19,11
Abegáil,area-52,1783,paladin,retribution,54,28,26
Giørther,ragnaros,1783,paladin,retribution,57,29,28
Retsaíyan,tichondrius,1783,paladin,retribution,66,31,35
Judgejudyx,sargeras,1781,paladin,retribution,31,21,10
Lunalunar,quelthalas,1781,paladin,retribution,65,30,35
Moød,ragnaros,1780,paladin,retribution,95,53,42
Naverpay,tichondrius,1779,paladin,retribution,40,22,18
Dampenedxd,bleeding-hollow,1779,paladin,retribution,98,45,53
Zakladchick,illidan,1778,paladin,retribution,48,26,22
Paladincane,sargeras,1778,paladin,retribution,179,94,85
Incubus,rexxar,1778,paladin,retribution,66,30,36
Nhsvikings,bleeding-hollow,1777,paladin,retribution,59,31,28
Galedance,tichondrius,1777,paladin,retribution,52,25,27
Litium,frostmourne,1776,paladin,retribution,54,30,24
Hargol,stormrage,1776,paladin,retribution,102,47,55
Rasler,stormrage,1773,paladin,retribution,144,73,71
Thebless,tichondrius,1770,paladin,retribution,47,27,20
Filthyape,wyrmrest-accord,1769,paladin,retribution,118,73,45
Blake,frostmourne,1769,paladin,retribution,41,19,22
Syleith,shadow-council,1768,paladin,retribution,115,54,61
Ibullyourmom,tichondrius,1767,paladin,retribution,125,63,62
Teknik,stormscale,1767,paladin,retribution,136,68,68
Rahkinishu,khaz-modan,1766,paladin,retribution,189,109,80
Talivar,kelthuzad,1766,paladin,retribution,150,86,64
Pallehx,tichondrius,1765,paladin,retribution,59,28,31
Aegious,darkspear,1764,paladin,retribution,42,22,20
Dippedlol,tichondrius,1762,paladin,retribution,48,28,20
Ópsv,quelthalas,1758,paladin,retribution,167,96,71
Fylerz,blackhand,1758,paladin,retribution,84,47,37
Attkdamdam,illidan,1758,paladin,retribution,42,20,22
Mervor,quelthalas,1758,paladin,retribution,54,25,29
Tofuupal,tichondrius,1757,paladin,retribution,60,30,30
Lejeñd,stormrage,1756,paladin,retribution,53,25,28
Berryblast,shadowmoon,1755,paladin,retribution,48,32,16
Quinnzel,barthilas,1754,paladin,retribution,74,41,33
Palimedic,sargeras,1754,paladin,retribution,96,47,49
Puredecuy,ragnaros,1754,paladin,retribution,48,21,27
Hge,proudmoore,1752,paladin,retribution,47,26,21
Neonblade,illidan,1752,paladin,retribution,88,42,46
Whosyadaddy,tichondrius,1750,paladin,retribution,84,44,40
Konesky,dalaran,1750,paladin,retribution,46,24,22
Scarotv,malganis,1750,paladin,retribution,60,29,31
Plniss,tichondrius,1749,paladin,retribution,66,34,32
Zensargge,tichondrius,1749,paladin,retribution,78,33,45
Apollidin,malganis,1747,paladin,retribution,94,39,55
Rethir,illidan,1746,paladin,retribution,65,40,25
Traceless,emerald-dream,1745,paladin,retribution,111,66,45
Soverejgn,bleeding-hollow,1745,paladin,retribution,329,156,173
Thebubbajay,illidan,1743,paladin,retribution,54,31,23
Xiddin,frostmourne,1743,paladin,retribution,60,31,29
Htnhy,aegwynn,1743,paladin,retribution,60,24,36
Rashbringer,azgalor,1742,paladin,retribution,67,34,33
Josxth,stormrage,1741,paladin,retribution,54,29,25
Lundor,ragnaros,1740,paladin,retribution,125,60,65
Galess,tichondrius,1740,paladin,retribution,60,24,36
Helldevil,zuljin,1739,paladin,retribution,48,25,23
Popwings,azralon,1738,paladin,retribution,52,27,25
Alxndrr,area-52,1738,paladin,retribution,90,46,44
Shiryn,illidan,1737,paladin,retribution,56,27,29
Honeybunza,area-52,1736,paladin,retribution,64,32,32
Nitemareforu,stormreaver,1735,paladin,retribution,90,54,36
Gellehar,barthilas,1735,paladin,retribution,36,19,17
Siire,darkspear,1734,paladin,retribution,66,38,28
Zoliz,tichondrius,1730,paladin,retribution,78,42,36
Galeast,tichondrius,1729,paladin,retribution,66,28,38
Alduur,aggramar,1728,paladin,retribution,48,30,18
Loisterly,bladefist,1728,paladin,retribution,110,58,52
Thrax,spirestone,1727,paladin,retribution,129,59,70
Cristø,stormrage,1727,paladin,retribution,72,30,42
Ienhova,area-52,1726,paladin,retribution,60,27,33
Coleta,stormrage,1725,paladin,retribution,42,28,14
Bigdogchief,stormrage,1725,paladin,retribution,36,22,14
Nah,emerald-dream,1725,paladin,retribution,57,30,27
Whathehell,black-dragonflight,1725,paladin,retribution,216,107,109
Aeterias,dalaran,1724,paladin,retribution,147,78,69
Nume,nesingwary,1724,paladin,retribution,64,26,38
Riseandgrind,tichondrius,1723,paladin,retribution,36,18,18
Mihawk,drenden,1721,paladin,retribution,30,21,9
Marvinceo,stormreaver,1721,paladin,retribution,36,18,18
Raxadin,stormrage,1720,paladin,retribution,48,25,23
Çestlavie,korgath,1719,paladin,retribution,72,39,33
Mmbakes,shadowsong,1718,paladin,retribution,30,19,11
Holywaffle,nemesis,1718,paladin,retribution,109,57,52
Retrachet,thrall,1717,paladin,retribution,42,21,21
Notae,icecrown,1717,paladin,retribution,42,21,21
Shotgunzs,tichondrius,1717,paladin,retribution,42,18,24
Enjoy,frostmourne,1716,paladin,retribution,30,18,12
Vanath,bleeding-hollow,1716,paladin,retribution,54,30,24
Éætûgýäëí,area-52,1716,paladin,retribution,42,18,24
Marvallous,area-52,1713,paladin,retribution,64,36,28
Ssjlimit,tichondrius,1713,paladin,retribution,53,27,26
Áldin,ragnaros,1711,paladin,retribution,40,23,17
Nqe,area-52,1711,paladin,retribution,94,54,40
Lillm,malganis,1710,paladin,retribution,90,47,43
Imcomingbro,blackrock,1710,paladin,retribution,56,27,29
Markcrisman,quelthalas,1709,paladin,retribution,45,22,23
Apnea,ragnaros,1709,paladin,retribution,146,66,80
Svinadin,emerald-dream,1708,paladin,retribution,36,21,15
Luzoscura,quelthalas,1708,paladin,retribution,78,43,35
Handyandy,kelthuzad,1708,paladin,retribution,102,44,58
Watchamebaba,malganis,1708,paladin,retribution,54,21,33
Palban,tichondrius,1706,paladin,retribution,78,43,35
Sathandrä,sargeras,1706,paladin,retribution,73,36,37
Lokâr,lightbringer,1706,paladin,retribution,66,30,36
Egirlret,tichondrius,1706,paladin,retribution,48,21,27
Lilthroatbby,malganis,1705,paladin,retribution,120,51,69
Jereth,kelthuzad,1704,paladin,retribution,59,33,26
Oneaßoveall,azralon,1704,paladin,retribution,103,57,46
Genovah,sargeras,1703,paladin,retribution,36,22,14
Glowbulled,area-52,1703,paladin,retribution,60,32,28
Comeuppance,wyrmrest-accord,1703,paladin,retribution,160,84,76
Cuteluna,tichondrius,1703,paladin,retribution,54,28,26
Bakafish,tichondrius,1702,paladin,retribution,24,18,6
Sugnidrom,frostmourne,1700,paladin,retribution,58,31,27
Griffïth,thrall,1699,paladin,retribution,36,21,15
Buckey,kilrogg,1699,paladin,retribution,52,28,24
Lepirate,emerald-dream,1699,paladin,retribution,36,18,18
Yérn,barthilas,1697,paladin,retribution,36,18,18
Voodoovon,tichondrius,1697,paladin,retribution,89,42,47
Bubblemark,tichondrius,1697,paladin,retribution,91,39,52
Izidar,tichondrius,1696,paladin,retribution,42,29,13
Bizzaz,moon-guard,1696,paladin,retribution,72,30,42
Evangelìne,darkspear,1695,paladin,retribution,36,23,13
Lidranas,sargeras,1695,paladin,retribution,57,35,22
Axcvnz,draka,1694,paladin,retribution,42,23,19
Danaimei,tichondrius,1694,paladin,retribution,50,27,23
Vapanor,ragnaros,1694,paladin,retribution,48,25,23
Nadinebb,proudmoore,1694,paladin,retribution,54,23,31
Dazn,tichondrius,1693,paladin,retribution,78,26,52
Keltar,burning-blade,1692,paladin,retribution,30,18,12
Justnikop,tichondrius,1692,paladin,retribution,115,56,59
Dârkk,tichondrius,1691,paladin,retribution,36,20,16
Arkantion,whisperwind,1690,paladin,retribution,47,30,17
Alecx,tichondrius,1690,paladin,retribution,36,21,15
Clownfister,barthilas,1690,paladin,retribution,54,29,25
Elegan,frostmourne,1690,paladin,retribution,66,32,34
Xeldar,tichondrius,1689,paladin,retribution,72,37,35
Pickleret,emerald-dream,1689,paladin,retribution,108,51,57
Sandokhán,ragnaros,1689,paladin,retribution,53,25,28
Lalatinx,quelthalas,1687,paladin,retribution,96,49,47
Remethea,sargeras,1687,paladin,retribution,141,71,70
ßountystrike,sargeras,1687,paladin,retribution,60,26,34
Noctisu,tichondrius,1687,paladin,retribution,48,18,30
Ítsyôúñötmé,tichondrius,1686,paladin,retribution,104,58,46
Pathalerix,eonar,1686,paladin,retribution,53,29,24
Healmeboi,tichondrius,1686,paladin,retribution,74,39,35
Borntobebad,barthilas,1686,paladin,retribution,36,18,18
Titannious,stormrage,1686,paladin,retribution,107,52,55
Djdiogø,azralon,1686,paladin,retribution,104,50,54
Utherparty,frostmourne,1685,paladin,retribution,103,55,48
Sabotsaint,tichondrius,1685,paladin,retribution,55,22,33
Wing,frostwolf,1684,paladin,retribution,96,49,47
Triginhall,moon-guard,1684,paladin,retribution,77,35,42
Nizzy,caelestrasz,1683,paladin,retribution,42,18,24
Hînøkåmí,tichondrius,1681,paladin,retribution,42,24,18
Usdacertifed,lightnings-blade,1680,paladin,retribution,179,87,92
Bravepala,tichondrius,1680,paladin,retribution,54,20,34
Sasorï,stormrage,1679,paladin,retribution,90,41,49
Konsentrate,tichondrius,1678,paladin,retribution,156,80,76
Clee,sargeras,1678,paladin,retribution,93,47,46
Mordirhar,tichondrius,1678,paladin,retribution,54,23,31
Hólyélf,illidan,1678,paladin,retribution,84,35,49
Shirael,ragnaros,1677,paladin,retribution,54,27,27
Shakalot,illidan,1677,paladin,retribution,78,35,43
Syreqt,nemesis,1676,paladin,retribution,48,25,23
Shieldheart,moon-guard,1674,paladin,retribution,42,23,19
Kuico,ragnaros,1674,paladin,retribution,48,24,24
Trippën,tichondrius,1673,paladin,retribution,193,102,91
Jelial,chogall,1673,paladin,retribution,69,35,34
Moolishous,frostmourne,1672,paladin,retribution,89,48,41
Todesgott,tichondrius,1671,paladin,retribution,42,25,17
Amanzhul,quelthalas,1671,paladin,retribution,84,40,44
Chriskriego,frostmourne,1671,paladin,retribution,60,24,36
Pumperjer,tichondrius,1669,paladin,retribution,53,26,27
Bisket,illidan,1669,paladin,retribution,41,20,21
Boarfarmer,tichondrius,1669,paladin,retribution,48,23,25
Obsolete,onyxia,1668,paladin,retribution,54,24,30
Zcho,proudmoore,1667,paladin,retribution,45,23,22
Tuuro,stormrage,1667,paladin,retribution,206,100,106
Theseusz,tichondrius,1666,paladin,retribution,42,30,12
Sniper,uther,1666,paladin,retribution,54,29,25
Powermonster,tichondrius,1666,paladin,retribution,42,19,23
Haiden,goldrinn,1665,paladin,retribution,55,23,32
Bübbleqt,exodar,1664,paladin,retribution,30,18,12
Anjurus,moon-guard,1664,paladin,retribution,42,24,18
Jxke,barthilas,1663,paladin,retribution,41,20,21
Pérona,tichondrius,1663,paladin,retribution,42,20,22
Stompëd,proudmoore,1663,paladin,retribution,62,29,33
Mardùk,stormrage,1662,paladin,retribution,30,21,9
Finaljustice,sargeras,1661,paladin,retribution,30,19,11
Jucker,tichondrius,1661,paladin,retribution,54,23,31
Xenk,moon-guard,1659,paladin,retribution,34,18,16
Crismj,tichondrius,1659,paladin,retribution,78,41,37
Fatkidslag,sargeras,1659,paladin,retribution,42,19,23
Happybubbles,tichondrius,1658,paladin,retribution,42,25,17
Bigjiba,proudmoore,1658,paladin,retribution,48,25,23
Kaithen,quelthalas,1658,paladin,retribution,227,114,113
Alyxandr,dalaran,1658,paladin,retribution,48,24,24
Redoubt,archimonde,1658,paladin,retribution,47,23,24
Vanas,stormrage,1657,paladin,retribution,57,26,31
Midheaven,moon-guard,1656,paladin,retribution,59,36,23
Slashnroses,tichondrius,1656,paladin,retribution,44,19,25
Waffletrain,tichondrius,1655,paladin,retribution,46,22,24
Reckcowning,area-52,1655,paladin,retribution,48,20,28
Alexese,area-52,1654,paladin,retribution,89,55,34
Paladinomg,darkspear,1654,paladin,retribution,130,74,56
Forthestreet,tichondrius,1654,paladin,retribution,88,48,40
Iggÿ,illidan,1654,paladin,retribution,70,30,40
Itzcupcake,illidan,1653,paladin,retribution,120,69,51
Duffnroses,tichondrius,1653,paladin,retribution,60,27,33
Hozna,andorhal,1652,paladin,retribution,61,36,25
Lanach,lightbringer,1651,paladin,retribution,64,33,31
Orivia,spirestone,1651,paladin,retribution,54,26,28
Trixtur,tichondrius,1651,paladin,retribution,60,28,32
Rexx,frostmourne,1650,paladin,retribution,48,27,21
Mazaltoff,proudmoore,1650,paladin,retribution,96,48,48
Lecheroø,tichondrius,1649,paladin,retribution,60,32,28
Likzebawlz,tichondrius,1648,paladin,retribution,42,25,17
Divínos,area-52,1647,paladin,retribution,60,31,29
Nasnyl,stormrage,1646,paladin,retribution,42,20,22
Xerobite,quelthalas,1646,paladin,retribution,70,32,38
Weike,barthilas,1646,paladin,retribution,88,38,50
Parkwons,tichondrius,1646,paladin,retribution,60,23,37
Amgirlinv,malganis,1645,paladin,retribution,32,20,12
Bigolcriddys,barthilas,1645,paladin,retribution,36,21,15
Geedee,ysera,1645,paladin,retribution,70,39,31
Tyirr,kelthuzad,1645,paladin,retribution,120,58,62
Eneraxx,proudmoore,1645,paladin,retribution,48,20,28
Yusha,barthilas,1644,paladin,retribution,47,32,15
Semellem,bloodhoof,1644,paladin,retribution,48,23,25
Därth,azralon,1644,paladin,retribution,46,20,26
Palabeshar,area-52,1644,paladin,retribution,48,18,30
Toguro,kelthuzad,1643,paladin,retribution,73,40,33
Blackpie,bleeding-hollow,1643,paladin,retribution,48,23,25
Jackstank,dragonmaw,1642,paladin,retribution,53,33,20
Garlond,moon-guard,1642,paladin,retribution,42,25,17
Seraphini,illidan,1642,paladin,retribution,65,34,31
Agamemnom,tichondrius,1642,paladin,retribution,180,94,86
Oathen,proudmoore,1642,paladin,retribution,56,27,29
Practícal,moon-guard,1641,paladin,retribution,90,45,45
Serås,silvermoon,1640,paladin,retribution,66,43,23
Shiadfang,tichondrius,1640,paladin,retribution,72,39,33
Hallmark,kelthuzad,1640,paladin,retribution,42,21,21
Lleo,nemesis,1640,paladin,retribution,118,54,64
Bakapal,tichondrius,1639,paladin,retribution,42,22,20
Craq,alexstrasza,1639,paladin,retribution,134,64,70
Candysugar,tichondrius,1638,paladin,retribution,30,18,12
Notneo,zuljin,1638,paladin,retribution,59,34,25
Ceyh,ragnaros,1638,paladin,retribution,53,25,28
Benoít,zuljin,1637,paladin,retribution,84,48,36
Brightstar,azjolnerub,1637,paladin,retribution,71,39,32
Dimdabbin,malganis,1637,paladin,retribution,42,22,20
Palejandro,illidan,1637,paladin,retribution,95,49,46
Saccro,area-52,1637,paladin,retribution,114,57,57
Sosalo,sargeras,1637,paladin,retribution,51,23,28
Jud,frostmourne,1636,paladin,retribution,90,43,47
Gimlias,kelthuzad,1635,paladin,retribution,54,25,29
Nattandin,ragnaros,1634,paladin,retribution,42,22,20
Lightowen,draka,1634,paladin,retribution,46,22,24
Cyanss,ragnaros,1634,paladin,retribution,47,19,28
Beardy,emerald-dream,1633,paladin,retribution,60,36,24
Inmortall,illidan,1632,paladin,retribution,54,30,24
Mílkywayx,stormrage,1632,paladin,retribution,102,51,51
Dreneisha,malganis,1631,paladin,retribution,42,22,20
Mesmi,moon-guard,1631,paladin,retribution,66,31,35
Zayblade,dragonblight,1630,paladin,retribution,40,23,17
Tobaz,azralon,1630,paladin,retribution,85,48,37
Ulrah,moon-guard,1629,paladin,retribution,120,68,52
Thoreal,thrall,1629,paladin,retribution,78,37,41
Varekaì,frostmourne,1628,paladin,retribution,147,78,69
Intense,moonrunner,1628,paladin,retribution,40,20,20
Derigoth,quelthalas,1628,paladin,retribution,42,20,22
Kíbá,malganis,1627,paladin,retribution,33,18,15
Masqadin,stormrage,1627,paladin,retribution,36,17,19
Gareesa,wyrmrest-accord,1626,paladin,retribution,78,39,39
Xinqingle,tichondrius,1626,paladin,retribution,52,26,26
Fluffnac,tichondrius,1625,paladin,retribution,30,17,13
Davinshki,stormrage,1625,paladin,retribution,55,31,24
Notbärry,area-52,1625,paladin,retribution,48,27,21
Tatakaicjq,tichondrius,1625,paladin,retribution,81,43,38
Renckay,ragnaros,1625,paladin,retribution,99,52,47
Chajaaro,ragnaros,1625,paladin,retribution,67,33,34
Lasteroy,nemesis,1623,paladin,retribution,52,28,24
Techno,tichondrius,1623,paladin,retribution,175,89,86
Radacos,emerald-dream,1623,paladin,retribution,160,80,80
Joeyrat,area-52,1623,paladin,retribution,42,20,22
Retrodino,anvilmar,1623,paladin,retribution,48,21,27
Holyflopper,malganis,1623,paladin,retribution,48,21,27
Alianór,tichondrius,1623,paladin,retribution,47,19,28
Cyrenity,tichondrius,1623,paladin,retribution,59,19,40
Litler,tichondrius,1622,paladin,retribution,44,30,14
Gobblerr,blackrock,1622,paladin,retribution,30,20,10
Munaru,illidan,1621,paladin,retribution,36,22,14
Pandoro,tichondrius,1621,paladin,retribution,55,33,22
Liadrives,area-52,1621,paladin,retribution,60,34,26
Hazexd,illidan,1621,paladin,retribution,36,20,16
Dashhighborn,sargeras,1621,paladin,retribution,71,38,33
Faladrim,moon-guard,1621,paladin,retribution,160,84,76
Michaelsmith,frostmourne,1621,paladin,retribution,36,17,19
Lêggy,moon-guard,1621,paladin,retribution,54,23,31
Rukkas,sargeras,1621,paladin,retribution,54,21,33
Pinkies,frostmourne,1620,paladin,retribution,75,42,33
Alanthor,ragnaros,1620,paladin,retribution,120,58,62
Yukíteru,illidan,1620,paladin,retribution,69,32,37
Marcêl,quelthalas,1619,paladin,retribution,36,22,14
Merculios,stormrage,1619,paladin,retribution,63,34,29
Bbtea,frostmourne,1619,paladin,retribution,48,20,28
Glørious,drakkari,1618,paladin,retribution,90,42,48
Adamantïum,azralon,1618,paladin,retribution,54,20,34
Sunnix,illidan,1618,paladin,retribution,48,17,31
Subtilizer,tichondrius,1617,paladin,retribution,24,17,7
Beefjustice,velen,1617,paladin,retribution,60,32,28
Aleríon,ragnaros,1617,paladin,retribution,181,92,89
Lawmower,sargeras,1616,paladin,retribution,54,32,22
Jackedx,sargeras,1615,paladin,retribution,36,21,15
Kozk,quelthalas,1615,paladin,retribution,180,103,77
Feelsögood,tichondrius,1615,paladin,retribution,45,24,21
Drholypurp,tichondrius,1615,paladin,retribution,59,31,28
Øðyn,sargeras,1615,paladin,retribution,59,30,29
Outstrike,tichondrius,1615,paladin,retribution,36,17,19
Thenextx,illidan,1615,paladin,retribution,66,22,44
Raelan,icecrown,1614,paladin,retribution,71,49,22
Sevik,garithos,1614,paladin,retribution,78,40,38
Goldnhart,wyrmrest-accord,1614,paladin,retribution,78,37,41
Stax,moon-guard,1614,paladin,retribution,42,17,25
Pockopea,arygos,1613,paladin,retribution,84,52,32
Bramot,moon-guard,1613,paladin,retribution,36,20,16
Xbloodknight,malganis,1613,paladin,retribution,50,27,23
Gattís,stormrage,1613,paladin,retribution,79,42,37
Milizi,zuljin,1613,paladin,retribution,72,32,40
Telarøn,stormrage,1612,paladin,retribution,200,101,99
Hristian,tichondrius,1612,paladin,retribution,60,30,30
Poisson,wildhammer,1612,paladin,retribution,60,27,33
Jvbai,area-52,1612,paladin,retribution,87,39,48
Kevybevy,stormrage,1611,paladin,retribution,150,81,69
Accépting,sargeras,1611,paladin,retribution,84,40,44
Rahmie,kiljaeden,1611,paladin,retribution,96,41,55
Purejudgemnt,area-52,1610,paladin,retribution,54,33,21
Kadabrak,area-52,1610,paladin,retribution,36,17,19
Ÿøzsh,azralon,1610,paladin,retribution,54,24,30
Perturabeau,bonechewer,1609,paladin,retribution,34,22,12
Atair,antonidas,1609,paladin,retribution,36,21,15
Beeftink,tichondrius,1609,paladin,retribution,100,51,49
Allîe,malganis,1609,paladin,retribution,73,37,36
Battlepope,thrall,1609,paladin,retribution,59,27,32
Ellyee,jaedenar,1609,paladin,retribution,94,43,51
Utherpendrag,bladefist,1609,paladin,retribution,78,32,46
Regivan,nemesis,1609,paladin,retribution,54,21,33
Pheonixpally,azralon,1609,paladin,retribution,54,21,33
Sololeveling,malganis,1608,paladin,retribution,98,48,50
Golden,tichondrius,1608,paladin,retribution,42,20,22
Htmlar,tichondrius,1608,paladin,retribution,46,19,27
Holyroro,area-52,1607,paladin,retribution,44,26,18
Yezzyll,korgath,1607,paladin,retribution,30,17,13
Humbubble,cairne,1607,paladin,retribution,41,22,19
Shampin,alexstrasza,1607,paladin,retribution,72,38,34
Trolladin,rivendare,1607,paladin,retribution,110,51,59
Zadquel,ragnaros,1606,paladin,retribution,95,55,40
Marehk,thrall,1606,paladin,retribution,59,32,27
Southerly,tichondrius,1606,paladin,retribution,78,39,39
Aefuezar,earthen-ring,1606,paladin,retribution,56,28,28
Lit,alexstrasza,1606,paladin,retribution,52,22,30
Hurtmypp,stormrage,1605,paladin,retribution,48,31,17
Pçpaladin,stormrage,1605,paladin,retribution,36,21,15
Chrisader,stormrage,1605,paladin,retribution,36,19,17
Zarrakra,daggerspine,1605,paladin,retribution,99,52,47
Dïlly,area-52,1605,paladin,retribution,84,43,41
Ragarèn,emerald-dream,1605,paladin,retribution,42,20,22
Cuchuflaiz,drakkari,1604,paladin,retribution,30,17,13
Virtuosi,area-52,1604,paladin,retribution,42,23,19
Xeniél,illidan,1604,paladin,retribution,36,19,17
Rycerzforge,ragnaros,1604,paladin,retribution,74,38,36
Actionb,aggramar,1604,paladin,retribution,90,41,49
Rhegyna,quelthalas,1603,paladin,retribution,48,26,22
Plophero,moon-guard,1603,paladin,retribution,54,28,26
Tanishalfelf,stormrage,1603,paladin,retribution,36,18,18
Rëtribution,tichondrius,1603,paladin,retribution,68,33,35
Ascetic,barthilas,1603,paladin,retribution,218,99,119
Skylinator,bleeding-hollow,1603,paladin,retribution,59,26,33
Mfgspally,kelthuzad,1602,paladin,retribution,70,42,28
Leona,stormrage,1601,paladin,retribution,34,20,14
Jowliet,stormrage,1601,paladin,retribution,36,17,19
Tonimâster,misha,1601,paladin,retribution,47,21,26
Spala,tichondrius,1601,paladin,retribution,63,27,36
Aethelwulf,stormrage,1600,paladin,retribution,42,24,18
Mcbroken,tichondrius,1599,paladin,retribution,45,22,23
Elëssar,ragnaros,1598,paladin,retribution,83,44,39
Samgonz,tichondrius,1597,paladin,retribution,54,32,22
Esçanór,darkspear,1597,paladin,retribution,49,25,24
Løøsè,frostmourne,1595,paladin,retribution,36,20,16
Layonhánd,ragnaros,1593,paladin,retribution,54,25,29
Umbrasanctus,daggerspine,1592,paladin,retribution,54,29,25
Palaxoto,nemesis,1591,paladin,retribution,66,27,39
Cøøkïë,frostmourne,1590,paladin,retribution,42,22,20
Torinel,illidan,1590,paladin,retribution,35,17,18
Auralyon,tichondrius,1590,paladin,retribution,42,17,25
Deepsearide,illidan,1589,paladin,retribution,155,82,73
Beardedbrute,korgath,1589,paladin,retribution,42,19,23
Aiseyqt,frostmourne,1588,paladin,retribution,108,67,41
Sinmca,moon-guard,1588,paladin,retribution,60,34,26
Royalfather,tichondrius,1587,paladin,retribution,52,31,21
Whyta,azralon,1587,paladin,retribution,157,81,76
Hedilyan,azralon,1587,paladin,retribution,96,48,48
Lucianz,ragnaros,1587,paladin,retribution,60,29,31
Ilovecl,tichondrius,1586,paladin,retribution,54,32,22
Cowsecration,ragnaros,1585,paladin,retribution,24,17,7
Ënfos,azralon,1584,paladin,retribution,42,20,22
Skilladin,zuljin,1583,paladin,retribution,71,36,35
Lightlana,frostwolf,1583,paladin,retribution,68,34,34
Arlanso,frostmourne,1583,paladin,retribution,46,22,24
Angrytitan,tichondrius,1583,paladin,retribution,54,24,30
Chuizz,frostmourne,1583,paladin,retribution,48,19,29
Stöneblood,moon-guard,1583,paladin,retribution,54,18,36
Landeren,khazgoroth,1582,paladin,retribution,48,22,26
Taphos,icecrown,1581,paladin,retribution,53,30,23
Lumaros,wyrmrest-accord,1581,paladin,retribution,54,29,25
Ulrìck,quelthalas,1580,paladin,retribution,65,39,26
Eurekasret,ragnaros,1580,paladin,retribution,83,42,41
Bastiion,stormrage,1580,paladin,retribution,88,43,45
Borrus,malygos,1579,paladin,retribution,78,40,38
Sneeber,stormrage,1578,paladin,retribution,84,42,42
Alpengeist,turalyon,1577,paladin,retribution,54,27,27
Rimjobrachel,barthilas,1577,paladin,retribution,86,42,44
Fuknshané,area-52,1577,paladin,retribution,68,32,36
Malacriianza,quelthalas,1576,paladin,retribution,54,30,24
Leztatium,quelthalas,1576,paladin,retribution,42,21,21
Cloaxy,azgalor,1576,paladin,retribution,136,64,72
Trullz,illidan,1576,paladin,retribution,88,40,48
Daddytoad,tichondrius,1576,paladin,retribution,54,24,30
Wantsome,frostmourne,1575,paladin,retribution,43,18,25
Fìlìgree,tichondrius,1574,paladin,retribution,55,30,25
Ruhn,eldrethalas,1574,paladin,retribution,36,18,18
Ajulgedang,frostmourne,1574,paladin,retribution,114,52,62
Renzo,frostmourne,1574,paladin,retribution,63,28,35
Skynn,stormrage,1573,paladin,retribution,30,17,13
Razneroka,ragnaros,1573,paladin,retribution,39,22,17
Daleroth,ragnaros,1573,paladin,retribution,39,22,17
Tesak,emerald-dream,1573,paladin,retribution,114,58,56
Tagex,malganis,1573,paladin,retribution,155,74,81
Wasembroder,ragnaros,1572,paladin,retribution,94,51,43
Purdicks,emerald-dream,1572,paladin,retribution,154,77,77
Stackmymoney,kelthuzad,1572,paladin,retribution,50,22,28
Holydiver,sargeras,1571,paladin,retribution,128,63,65
Kdym,azralon,1570,paladin,retribution,30,19,11
Chancellor,azralon,1570,paladin,retribution,204,110,94
Tatánka,ragnaros,1569,paladin,retribution,36,19,17
Guerrer,hyjal,1568,paladin,retribution,66,36,30
Palmangels,bleeding-hollow,1568,paladin,retribution,44,18,26
Coffeepal,tichondrius,1567,paladin,retribution,48,23,25
Chiphazard,stormscale,1566,paladin,retribution,58,23,35
Nilin,tichondrius,1565,paladin,retribution,60,31,29
Ödin,scarlet-crusade,1565,paladin,retribution,42,21,21
Andrilsteh,malganis,1565,paladin,retribution,108,48,60
Fionno,quelthalas,1564,paladin,retribution,116,58,58
Bogùs,tichondrius,1564,paladin,retribution,48,23,25
Tantradin,area-52,1564,paladin,retribution,48,20,28
Blasstar,quelthalas,1563,paladin,retribution,53,27,26
Moocowd,senjin,1562,paladin,retribution,42,18,24
Lagwat,sargeras,1561,paladin,retribution,48,31,17
Rxes,frostmourne,1561,paladin,retribution,99,43,56
Feannor,drakkari,1560,paladin,retribution,70,35,35
Baeflux,kelthuzad,1560,paladin,retribution,48,19,29
Lawbandit,tichondrius,1557,paladin,retribution,34,19,15
Chewyjitsu,tichondrius,1557,paladin,retribution,36,20,16
Ironcoco,ragnaros,1557,paladin,retribution,53,27,26
Luret,tichondrius,1557,paladin,retribution,34,17,17
Insideous,kelthuzad,1557,paladin,retribution,69,34,35
Tarnyb,illidan,1557,paladin,retribution,44,20,24
Vêgenace,proudmoore,1556,paladin,retribution,48,24,24
Missusomutch,azralon,1556,paladin,retribution,50,17,33
Fótm,bleeding-hollow,1555,paladin,retribution,78,38,40
Souyiro,sargeras,1555,paladin,retribution,42,18,24
Swiftskillz,bleeding-hollow,1554,paladin,retribution,139,73,66
Bubblelol,bloodhoof,1554,paladin,retribution,78,32,46
Crybátt,quelthalas,1553,paladin,retribution,68,35,33
Luminiscente,ragnaros,1553,paladin,retribution,58,29,29
Alexieus,wyrmrest-accord,1553,paladin,retribution,71,32,39
Thastrian,stormreaver,1552,paladin,retribution,60,31,29
Yree,ragnaros,1552,paladin,retribution,78,37,41
Notoriouus,bleeding-hollow,1552,paladin,retribution,42,18,24
Damnhammer,tichondrius,1551,paladin,retribution,36,21,15
Yovan,proudmoore,1551,paladin,retribution,90,51,39
Narsys,tichondrius,1551,paladin,retribution,91,43,48
Albïreo,drakkari,1550,paladin,retribution,54,28,26
Detrimentãl,nagrand,1550,paladin,retribution,69,33,36
Holyjoint,uther,1550,paladin,retribution,98,42,56
Mcholy,thrall,1549,paladin,retribution,50,27,23
Ylilliana,illidan,1548,paladin,retribution,31,17,14
Caribourider,tichondrius,1548,paladin,retribution,65,29,36
Scrubble,thrall,1547,paladin,retribution,90,44,46
Evilmerdoc,kelthuzad,1547,paladin,retribution,54,26,28
Cobaine,illidan,1547,paladin,retribution,74,34,40
Redemptiøn,nemesis,1547,paladin,retribution,66,26,40
Neovincent,aggramar,1545,paladin,retribution,60,32,28
Ibustcheeks,sargeras,1545,paladin,retribution,59,28,31
Varlip,wyrmrest-accord,1545,paladin,retribution,53,18,35
Lorienv,sargeras,1544,paladin,retribution,36,17,19
Pocserpala,drakkari,1543,paladin,retribution,36,21,15
Elcíd,quelthalas,1542,paladin,retribution,99,38,61
Dallyon,stormrage,1541,paladin,retribution,30,17,13
Mormdring,fizzcrank,1541,paladin,retribution,71,31,40
Thaldun,wyrmrest-accord,1541,paladin,retribution,95,41,54
Ðoflamingo,area-52,1540,paladin,retribution,72,38,34
Quadrifoglio,moon-guard,1540,paladin,retribution,138,70,68
Cillessá,kelthuzad,1539,paladin,retribution,108,55,53
Brokeniron,wyrmrest-accord,1539,paladin,retribution,66,31,35
Noholy,nemesis,1539,paladin,retribution,55,21,34
Frùglé,sargeras,1538,paladin,retribution,36,20,16
Sowasred,emerald-dream,1538,paladin,retribution,78,43,35
Zalndraeda,barthilas,1538,paladin,retribution,96,48,48
Celethor,wyrmrest-accord,1537,paladin,retribution,54,30,24
Joltie,quelthalas,1537,paladin,retribution,185,99,86
Thepinkdept,proudmoore,1537,paladin,retribution,38,20,18
Aberpal,illidan,1535,paladin,retribution,41,23,18
Freddieroach,tichondrius,1535,paladin,retribution,72,33,39
Greciâ,ragnaros,1535,paladin,retribution,42,18,24
Hammrekt,sargeras,1534,paladin,retribution,24,16,8
Tearet,tichondrius,1534,paladin,retribution,24,16,8
Álkair,ragnaros,1534,paladin,retribution,83,36,47
Stônemôuntan,moon-guard,1534,paladin,retribution,84,29,55
Jager,medivh,1533,paladin,retribution,71,41,30
Snussp,emerald-dream,1533,paladin,retribution,75,38,37
Retcuzyaknow,illidan,1533,paladin,retribution,36,16,20
Jonfox,stormrage,1532,paladin,retribution,91,49,42
Forzanapoli,tichondrius,1532,paladin,retribution,36,16,20
Minidin,kiljaeden,1532,paladin,retribution,78,34,44
Dzx,nemesis,1531,paladin,retribution,311,161,150
Yiqieyouwei,proudmoore,1531,paladin,retribution,55,25,30
Ezcoatl,stormrage,1530,paladin,retribution,92,47,45
Loyality,sargeras,1530,paladin,retribution,36,16,20
Schankyy,stormrage,1529,paladin,retribution,36,19,17
Mortaine,moon-guard,1529,paladin,retribution,120,49,71
Unfairness,skullcrusher,1528,paladin,retribution,63,33,30
Dazedpal,tichondrius,1528,paladin,retribution,315,163,152
Ástridr,moon-guard,1528,paladin,retribution,95,43,52
Arturias,kiljaeden,1527,paladin,retribution,77,38,39
Hefaista,ragnaros,1527,paladin,retribution,42,16,26
Muffinknight,quelthalas,1526,paladin,retribution,66,44,22
Sunraiz,tichondrius,1526,paladin,retribution,40,25,15
Tìg,proudmoore,1526,paladin,retribution,83,49,34
Oneshotman,stormrage,1526,paladin,retribution,30,16,14
Kenpachí,doomhammer,1525,paladin,retribution,42,30,12
Venxpeita,azralon,1525,paladin,retribution,24,16,8
Rektwings,area-52,1525,paladin,retribution,30,16,14
Dragin,azralon,1525,paladin,retribution,41,21,20
Tinymeatgang,misha,1524,paladin,retribution,36,19,17
Holybirkkal,arthas,1524,paladin,retribution,56,29,27
Shaidd,bleeding-hollow,1524,paladin,retribution,98,49,49
Flykzu,azralon,1524,paladin,retribution,166,76,90
Sephiroth,hyjal,1523,paladin,retribution,54,23,31
Rillumas,wyrmrest-accord,1523,paladin,retribution,54,22,32
Worder,tichondrius,1522,paladin,retribution,36,25,11
Jizii,tichondrius,1522,paladin,retribution,72,41,31
Blitzzed,area-52,1522,paladin,retribution,35,18,17
Whackadin,illidan,1521,paladin,retribution,67,32,35
Whitearmor,draenor,1520,paladin,retribution,69,41,28
Björñ,moon-guard,1520,paladin,retribution,46,25,21
Castïël,area-52,1519,paladin,retribution,157,77,80
Againstfilet,azralon,1519,paladin,retribution,88,35,53
Tzakial,area-52,1519,paladin,retribution,42,16,26
Andallar,nordrassil,1518,paladin,retribution,60,34,26
Gude,sargeras,1518,paladin,retribution,30,16,14
Shartea,moon-guard,1518,paladin,retribution,58,29,29
Konthrus,azralon,1517,paladin,retribution,83,53,30
Týrael,uldum,1517,paladin,retribution,54,31,23
Worshipmex,tichondrius,1517,paladin,retribution,36,20,16
Eustace,thunderhorn,1517,paladin,retribution,35,19,16
Sweetcandy,sargeras,1517,paladin,retribution,42,21,21
Arreliya,sargeras,1517,paladin,retribution,100,49,51
Lorenzinho,azralon,1516,paladin,retribution,80,42,38
Relentless,magtheridon,1516,paladin,retribution,89,45,44
Soterios,daggerspine,1516,paladin,retribution,72,33,39
Sorhihi,illidan,1515,paladin,retribution,36,19,17
Ignasius,blood-furnace,1515,paladin,retribution,54,26,28
Kadbury,icecrown,1514,paladin,retribution,215,99,116
Kawkpaladin,kaelthas,1512,paladin,retribution,60,31,29
Ziberax,chogall,1511,paladin,retribution,46,27,19
Thazadin,barthilas,1510,paladin,retribution,28,17,11
Kaupe,barthilas,1509,paladin,retribution,41,16,25
Protein,magtheridon,1509,paladin,retribution,42,16,26
Mysticblade,sargeras,1508,paladin,retribution,54,31,23
Sacredstella,illidan,1508,paladin,retribution,72,36,36
Jøestar,proudmoore,1508,paladin,retribution,82,39,43
Cyreus,emerald-dream,1508,paladin,retribution,57,26,31
Snoogans,korgath,1508,paladin,retribution,36,16,20
Miemiesage,illidan,1508,paladin,retribution,42,16,26
Yazuka,wyrmrest-accord,1506,paladin,retribution,54,30,24
Cókelol,zuljin,1506,paladin,retribution,78,42,36
Rethöe,tichondrius,1506,paladin,retribution,30,16,14
Istril,ragnaros,1506,paladin,retribution,292,152,140
Preacherfudd,area-52,1506,paladin,retribution,42,21,21
Bigpin,shattered-hand,1506,paladin,retribution,47,22,25
Bojanglz,frostmourne,1504,paladin,retribution,39,21,18
Pvrisxx,frostmourne,1503,paladin,retribution,54,28,26
Ezpzxd,arygos,1503,paladin,retribution,92,45,47
Piea,tichondrius,1503,paladin,retribution,66,32,34
Liquidkoala,lightbringer,1503,paladin,retribution,52,25,27
Kiritazuma,ravencrest,1502,paladin,retribution,78,37,41
Eskannór,quelthalas,1502,paladin,retribution,42,18,24
Alphanerd,burning-blade,1501,paladin,retribution,42,26,16
Rohrn,firetree,1501,paladin,retribution,55,32,23
Mesaa,illidan,1501,paladin,retribution,39,18,21
Notae,alexstrasza,1501,paladin,retribution,35,16,19
Ezael,crushridge,1501,paladin,retribution,48,21,27
Margit,moon-guard,1500,paladin,retribution,30,18,12
Pirofosfato,azralon,1500,paladin,retribution,36,16,20
Wickedpälly,kelthuzad,1499,paladin,retribution,42,25,17
Norlannd,ragnaros,1499,paladin,retribution,30,16,14
Kookamønga,tichondrius,1498,paladin,retribution,67,32,35
Mordered,proudmoore,1498,paladin,retribution,64,24,40
Mäýhëm,sargeras,1497,paladin,retribution,36,22,14
Hinataa,illidan,1497,paladin,retribution,81,45,36
Yawnbringer,tichondrius,1497,paladin,retribution,128,65,63
Audris,chogall,1497,paladin,retribution,65,29,36
Shishoknight,quelthalas,1497,paladin,retribution,50,21,29
Jagehbombs,tichondrius,1496,paladin,retribution,48,28,20
Moutai,dalaran,1495,paladin,retribution,54,26,28
Schwârts,blackrock,1494,paladin,retribution,70,36,34
Sprinkills,frostmourne,1493,paladin,retribution,48,31,17
Gronmpa,nemesis,1492,paladin,retribution,24,16,8
Holdup,moon-guard,1491,paladin,retribution,35,25,10
Upaitaon,stormrage,1491,paladin,retribution,54,27,27
Sàgadegemeós,stormrage,1489,paladin,retribution,60,32,28
Mathieü,zuljin,1488,paladin,retribution,36,20,16
Dgâza,tichondrius,1488,paladin,retribution,36,17,19
Phokboi,shattered-hand,1487,paladin,retribution,46,27,19
Grîshnâkh,ragnaros,1487,paladin,retribution,119,61,58
Avvenging,tichondrius,1487,paladin,retribution,36,16,20
Haunter,akama,1485,paladin,retribution,54,25,29
Dcountt,area-52,1484,paladin,retribution,47,22,25
Wwanntae,tichondrius,1484,paladin,retribution,70,32,38
Imhardirl,area-52,1483,paladin,retribution,29,17,12
Donao,illidan,1483,paladin,retribution,78,43,35
Levian,spirestone,1483,paladin,retribution,90,46,44
Mixnut,tichondrius,1483,paladin,retribution,47,17,30
Greasysteve,stormrage,1482,paladin,retribution,60,33,27
Smallhammer,aegwynn,1482,paladin,retribution,66,28,38
Dalgren,quelthalas,1482,paladin,retribution,81,30,51
Quotation,silvermoon,1481,paladin,retribution,50,28,22
Janokaluo,wyrmrest-accord,1481,paladin,retribution,101,52,49
Kemono,dathremar,1480,paladin,retribution,32,22,10
Sammyste,elune,1480,paladin,retribution,86,46,40
Ralo,khaz-modan,1480,paladin,retribution,30,16,14
Freiermoth,shadowmoon,1480,paladin,retribution,135,69,66
Forlam,sargeras,1480,paladin,retribution,108,45,63
Areuss,tichondrius,1479,paladin,retribution,29,16,13
Pàladwarf,stormrage,1479,paladin,retribution,69,34,35
Articilia,ragnaros,1478,paladin,retribution,30,16,14
Yamush,silver-hand,1478,paladin,retribution,48,24,24
Vaqoh,ragnaros,1478,paladin,retribution,42,17,25
Temote,anvilmar,1477,paladin,retribution,108,53,55
Buddyolpally,proudmoore,1477,paladin,retribution,48,23,25
Killeralan,quelthalas,1477,paladin,retribution,74,34,40
Malandru,darrowmere,1477,paladin,retribution,93,37,56
Pugnosano,black-dragonflight,1475,paladin,retribution,42,21,21
Sconci,whisperwind,1475,paladin,retribution,42,20,22
Azoruken,quelthalas,1475,paladin,retribution,71,31,40
Arecht,moon-guard,1474,paladin,retribution,30,19,11
Rhodela,illidan,1474,paladin,retribution,54,26,28
Viclovin,stormrage,1473,paladin,retribution,52,27,25
Fressbee,nathrezim,1473,paladin,retribution,41,19,22
Blulux,ragnaros,1472,paladin,retribution,95,52,43
Whets,thrall,1472,paladin,retribution,79,38,41
Zuthora,alleria,1471,paladin,retribution,70,37,33
Ellanaria,thrall,1471,paladin,retribution,117,61,56
Beshiki,hakkar,1471,paladin,retribution,292,142,150
Yoboyindahiz,stormrage,1471,paladin,retribution,57,23,34
Rykorth,moon-guard,1470,paladin,retribution,33,20,13
Carnagias,bleeding-hollow,1470,paladin,retribution,71,38,33
Charleyy,stormscale,1469,paladin,retribution,78,45,33
Pijbins,moon-guard,1469,paladin,retribution,66,34,32
Atterz,azralon,1469,paladin,retribution,40,18,22
Polypal,zuljin,1468,paladin,retribution,42,18,24
Vasharien,nerzhul,1467,paladin,retribution,80,38,42
Dawncröwn,stormrage,1467,paladin,retribution,59,20,39
Hamertime,wyrmrest-accord,1466,paladin,retribution,98,49,49
Dimmadome,frostmourne,1465,paladin,retribution,78,50,28
Weskar,garithos,1465,paladin,retribution,82,45,37
Bilbain,proudmoore,1465,paladin,retribution,215,110,105
Nicret,tichondrius,1464,paladin,retribution,24,18,6
Xk,kiljaeden,1464,paladin,retribution,60,26,34
Toughlife,tichondrius,1464,paladin,retribution,72,28,44
Nohpalli,kelthuzad,1463,paladin,retribution,79,43,36
Bañe,lightbringer,1463,paladin,retribution,81,35,46
Biloro,azralon,1462,paladin,retribution,42,27,15
Bronytime,illidan,1462,paladin,retribution,29,16,13
Dreyan,wyrmrest-accord,1462,paladin,retribution,47,23,24
Sakicc,dalaran,1462,paladin,retribution,48,21,27
Killmönger,tichondrius,1462,paladin,retribution,58,25,33
Sanguinata,shadowsong,1461,paladin,retribution,47,30,17
Crayt,tichondrius,1461,paladin,retribution,97,40,57
Silvabac,illidan,1459,paladin,retribution,41,23,18
Konarik,stormrage,1459,paladin,retribution,46,25,21
Bapped,dalaran,1459,paladin,retribution,54,24,30
Athenauwu,illidan,1458,paladin,retribution,40,19,21
Valardaharis,thunderlord,1457,paladin,retribution,100,43,57
Theholysword,tichondrius,1457,paladin,retribution,41,16,25
Dentarg,garrosh,1456,paladin,retribution,54,29,25
Damndoi,tichondrius,1456,paladin,retribution,36,17,19
Vindictacho,tichondrius,1456,paladin,retribution,42,18,24
Esixtytwoone,area-52,1455,paladin,retribution,30,21,9
Folgimar,moon-guard,1455,paladin,retribution,72,37,35
Orestis,stormrage,1455,paladin,retribution,39,20,19
Thalorian,azshara,1455,paladin,retribution,51,25,26
Astharor,stormrage,1454,paladin,retribution,70,40,30
Layoya,aerie-peak,1454,paladin,retribution,34,19,15
Rusinator,bonechewer,1454,paladin,retribution,48,25,23
Wesdarian,jaedenar,1454,paladin,retribution,119,56,63
Sovereignt,aggramar,1453,paladin,retribution,157,84,73
Monchy,bleeding-hollow,1453,paladin,retribution,52,27,25
Vexxa,nerzhul,1451,paladin,retribution,36,18,18
Tacien,tichondrius,1451,paladin,retribution,112,54,58
Cyäbyë,frostmourne,1450,paladin,retribution,30,18,12
Drtom,mannoroth,1450,paladin,retribution,39,21,18
Liaadrin,azralon,1450,paladin,retribution,32,16,16
Gokuu,korgath,1450,paladin,retribution,90,44,46
Solandiis,tichondrius,1450,paladin,retribution,67,32,35
Prosykt,sargeras,1450,paladin,retribution,38,16,22
Airplane,malygos,1449,paladin,retribution,24,16,8
Shourins,tichondrius,1449,paladin,retribution,36,17,19
Lustros,stormrage,1449,paladin,retribution,66,28,38
Avati,sargeras,1448,paladin,retribution,22,16,6
Californía,bleeding-hollow,1448,paladin,retribution,37,23,14
Bladetm,proudmoore,1448,paladin,retribution,62,28,34
Lebowski,nordrassil,1447,paladin,retribution,54,27,27
Natsîrt,bleeding-hollow,1446,paladin,retribution,36,20,16
Glizzybertz,bleeding-hollow,1445,paladin,retribution,36,21,15
Lichkingdenn,stormrage,1445,paladin,retribution,42,18,24
Aoishie,bleeding-hollow,1444,paladin,retribution,96,45,51
Lestaroth,goldrinn,1444,paladin,retribution,48,16,32
Iluminadoor,nemesis,1442,paladin,retribution,29,19,10
Urpi,drakkari,1442,paladin,retribution,29,18,11
Ogholyhands,bleeding-hollow,1442,paladin,retribution,65,34,31
Dannyram,zuljin,1441,paladin,retribution,69,36,33
Hakson,stormrage,1441,paladin,retribution,43,21,22
Murtag,bloodscalp,1440,paladin,retribution,48,23,25
Taeret,tichondrius,1439,paladin,retribution,24,15,9
Awake,chogall,1439,paladin,retribution,24,15,9
Kkgame,tichondrius,1439,paladin,retribution,37,19,18
Ozirus,frostmourne,1439,paladin,retribution,56,25,31
Thragar,stormrage,1438,paladin,retribution,30,15,15
Getdiswork,malygos,1437,paladin,retribution,108,52,56
Cesah,tichondrius,1436,paladin,retribution,24,15,9
Bubbledober,tichondrius,1435,paladin,retribution,18,15,3
Xalø,ragnaros,1435,paladin,retribution,24,15,9
Kêrmit,zuljin,1435,paladin,retribution,43,26,17
Zolktro,stormrage,1435,paladin,retribution,52,27,25
Bebopin,tichondrius,1435,paladin,retribution,40,19,21
Psadin,thunderlord,1435,paladin,retribution,54,25,29
Warmpôcket,proudmoore,1435,paladin,retribution,66,26,40
Giulio,moon-guard,1434,paladin,retribution,95,52,43
Lumíty,sargeras,1434,paladin,retribution,137,70,67
Gimli,mannoroth,1434,paladin,retribution,36,15,21
Robo,tichondrius,1433,paladin,retribution,24,15,9
Badbad,icecrown,1433,paladin,retribution,30,15,15
Onitenshi,stormscale,1432,paladin,retribution,85,41,44
Antarcticala,frostmourne,1432,paladin,retribution,48,20,28
Saakadin,illidan,1431,paladin,retribution,24,15,9
Perzeføne,quelthalas,1431,paladin,retribution,41,20,21
Rasc,barthilas,1431,paladin,retribution,62,28,34
Richiggaa,illidan,1430,paladin,retribution,47,29,18
Aztraseneco,ragnaros,1430,paladin,retribution,104,59,45
Lmd,tichondrius,1430,paladin,retribution,66,35,31
Supercharged,area-52,1429,paladin,retribution,30,15,15
Gorriuke,wyrmrest-accord,1428,paladin,retribution,30,18,12
Falaran,azralon,1428,paladin,retribution,62,32,30
Alexandros,nordrassil,1428,paladin,retribution,30,15,15
Aiethyria,tichondrius,1427,paladin,retribution,24,15,9
Messeb,veknilash,1427,paladin,retribution,145,80,65
Cammack,thrall,1427,paladin,retribution,87,36,51
Demonissh,area-52,1427,paladin,retribution,42,15,27
Sonatas,ursin,1426,paladin,retribution,27,16,11
Talantyr,zuljin,1426,paladin,retribution,78,36,42
Holiness,stormreaver,1426,paladin,retribution,42,15,27
Tribiani,lightbringer,1425,paladin,retribution,24,15,9
Mathalt,area-52,1425,paladin,retribution,51,26,25
Superpaladin,stormrage,1425,paladin,retribution,53,23,30
Floquiinhos,azralon,1425,paladin,retribution,36,15,21
Angriel,azralon,1424,paladin,retribution,47,20,27
Tekar,altar-of-storms,1424,paladin,retribution,42,17,25
Pallyseeker,thrall,1420,paladin,retribution,24,15,9
Arahann,bleeding-hollow,1420,paladin,retribution,29,16,13
Palpinga,kelthuzad,1420,paladin,retribution,44,18,26
Tåine,suramar,1420,paladin,retribution,48,16,32
Wutefuh,azgalor,1419,paladin,retribution,24,15,9
Holyshôckz,stormrage,1418,paladin,retribution,80,44,36
Emethala,windrunner,1418,paladin,retribution,42,23,19
Annhette,sargeras,1418,paladin,retribution,31,15,16
Nocomus,andorhal,1418,paladin,retribution,78,35,43
Lolslikeomg,malganis,1418,paladin,retribution,102,42,60
Galanblack,dalaran,1417,paladin,retribution,56,31,25
Cyniaria,moon-guard,1417,paladin,retribution,96,49,47
Napstër,ragnaros,1417,paladin,retribution,36,15,21
Imperious,anetheron,1416,paladin,retribution,48,26,22
Wagyou,skywall,1416,paladin,retribution,30,15,15
Jaikerino,emerald-dream,1416,paladin,retribution,42,15,27
Balrok,cenarius,1415,paladin,retribution,185,93,92
Mitchyc,stormrage,1415,paladin,retribution,90,45,45
Hdmi,darkspear,1415,paladin,retribution,41,20,21
Andrinn,nemesis,1415,paladin,retribution,51,24,27
Minzyy,frostmourne,1414,paladin,retribution,24,15,9
Savagedemise,barthilas,1413,paladin,retribution,55,28,27
Justicierø,aegwynn,1413,paladin,retribution,42,21,21
Hägär,tichondrius,1413,paladin,retribution,67,27,40
Solgrïm,wyrmrest-accord,1412,paladin,retribution,48,24,24
Rhoche,ysera,1412,paladin,retribution,36,17,19
Faowin,sargeras,1412,paladin,retribution,78,34,44
Oppression,kul-tiras,1412,paladin,retribution,77,29,48
Nuggetpusher,thunderlord,1410,paladin,retribution,31,16,15
Sote,lightnings-blade,1410,paladin,retribution,45,22,23
Bullzor,aerie-peak,1409,paladin,retribution,49,33,16
Smashnasty,area-52,1409,paladin,retribution,24,15,9
Velyssatha,moon-guard,1409,paladin,retribution,35,17,18
Releváncé,barthilas,1409,paladin,retribution,66,31,35
Holyskeeter,thunderhorn,1409,paladin,retribution,43,17,26
Kalboko,twisting-nether,1408,paladin,retribution,45,23,22
Anivan,moon-guard,1408,paladin,retribution,60,27,33
Reìarthur,stormrage,1408,paladin,retribution,72,32,40
Søøka,azralon,1408,paladin,retribution,84,36,48
Kulandis,stormrage,1408,paladin,retribution,57,24,33
Modjytech,tichondrius,1408,paladin,retribution,83,32,51
Anafensa,malganis,1408,paladin,retribution,42,15,27
Industry,firetree,1407,paladin,retribution,33,18,15
Milke,chogall,1407,paladin,retribution,36,17,19
Tooholy,kiljaeden,1406,paladin,retribution,87,54,33
Mundomaloo,quelthalas,1405,paladin,retribution,33,17,16
Szeq,tichondrius,1405,paladin,retribution,32,16,16
Snuggymuffin,barthilas,1404,paladin,retribution,24,15,9
Taîno,thrall,1404,paladin,retribution,86,47,39
Puresight,kelthuzad,1404,paladin,retribution,36,19,17
Outlivz,hyjal,1404,paladin,retribution,33,17,16
Fây,sargeras,1404,paladin,retribution,42,15,27
Zimzob,stormscale,1403,paladin,retribution,30,15,15
Swietomierz,proudmoore,1403,paladin,retribution,48,20,28
Keltec,bonechewer,1403,paladin,retribution,61,25,36
Holyginger,barthilas,1402,paladin,retribution,41,23,18
Oppressive,moon-guard,1402,paladin,retribution,303,140,163
Pvppaulx,moon-guard,1401,paladin,retribution,65,34,31
Jdgmnt,sargeras,1401,paladin,retribution,72,33,39
Salaminhoo,azralon,1400,paladin,retribution,30,19,11
Eamon,kelthuzad,1400,paladin,retribution,29,15,14
Egufro,frostwolf,1399,paladin,retribution,55,31,24
Holyham,fizzcrank,1398,paladin,retribution,48,27,21
Véxv,emerald-dream,1398,paladin,retribution,80,30,50
Dfbattlepass,kelthuzad,1397,paladin,retribution,91,49,42
Chuckman,skullcrusher,1397,paladin,retribution,30,16,14
Thadose,bonechewer,1396,paladin,retribution,82,52,30
Mechelle,thrall,1396,paladin,retribution,122,67,55
Hrrothgar,muradin,1396,paladin,retribution,42,22,20
Theretpally,kelthuzad,1396,paladin,retribution,60,28,32
Emmastoned,bleeding-hollow,1396,paladin,retribution,84,39,45
Ktwocrank,dalaran,1395,paladin,retribution,43,16,27
Rhodius,dalaran,1393,paladin,retribution,42,23,19
Tmac,azralon,1393,paladin,retribution,68,35,33
Belregn,illidan,1393,paladin,retribution,78,36,42
Öpäf,steamwheedle-cartel,1393,paladin,retribution,49,21,28
Són,ragnaros,1392,paladin,retribution,46,16,30
Sthrealys,quelthalas,1391,paladin,retribution,30,16,14
Tronzyy,trollbane,1391,paladin,retribution,35,15,20
Judgmentor,malganis,1391,paladin,retribution,82,34,48
Droden,tichondrius,1390,paladin,retribution,55,29,26
Levarious,thunderlord,1390,paladin,retribution,114,57,57
Schalpy,illidan,1388,paladin,retribution,60,28,32
Slowedreverb,stormrage,1387,paladin,retribution,81,42,39
Granisdh,aegwynn,1387,paladin,retribution,54,27,27
Morneau,malganis,1387,paladin,retribution,234,116,118
Pallytoot,aerie-peak,1386,paladin,retribution,60,35,25
Erowyn,tichondrius,1385,paladin,retribution,30,15,15
Simplesam,draenor,1385,paladin,retribution,36,15,21
Artherion,kelthuzad,1385,paladin,retribution,45,16,29
Belgrieve,proudmoore,1384,paladin,retribution,48,22,26
Urfavxbf,baelgun,1383,paladin,retribution,116,62,54
Oschy,moon-guard,1382,paladin,retribution,97,48,49
Jursch,emerald-dream,1381,paladin,retribution,163,81,82
Zadragon,sargeras,1381,paladin,retribution,66,31,35
Cryptdog,illidan,1381,paladin,retribution,69,29,40
Luðo,moon-guard,1380,paladin,retribution,35,15,20
Hokkan,quelthalas,1379,paladin,retribution,53,28,25
Blindburn,ragnaros,1379,paladin,retribution,36,17,19
Sozmsjackson,barthilas,1379,paladin,retribution,39,17,22
Miitt,blackrock,1378,paladin,retribution,30,17,13
Trapqueenlol,alterac-mountains,1378,paladin,retribution,48,16,32
Elsinore,senjin,1377,paladin,retribution,35,19,16
Kaelthasar,azralon,1376,paladin,retribution,30,15,15
Wésters,quelthalas,1375,paladin,retribution,139,64,75
Delanadras,kelthuzad,1375,paladin,retribution,47,19,28
Stdee,zuljin,1372,paladin,retribution,63,33,30
Adrockiller,quelthalas,1372,paladin,retribution,68,34,34
Acallysta,moon-guard,1371,paladin,retribution,42,18,24
Dawsonthebos,grizzly-hills,1370,paladin,retribution,30,16,14
Superzooted,sargeras,1370,paladin,retribution,34,15,19
Hurrîcane,illidan,1370,paladin,retribution,48,15,33
Dorzwaz,draka,1369,paladin,retribution,24,16,8
Sländers,sargeras,1369,paladin,retribution,65,29,36
Minitas,blackrock,1369,paladin,retribution,42,15,27
Kellissandra,aerie-peak,1368,paladin,retribution,84,34,50
Reesescupz,kelthuzad,1367,paladin,retribution,44,16,28
Tøpbløke,frostmourne,1366,paladin,retribution,121,60,61
Scubàlicous,magtheridon,1366,paladin,retribution,42,19,23
Wîckèd,tichondrius,1366,paladin,retribution,35,15,20
Eutectic,moon-guard,1366,paladin,retribution,36,15,21
Hurukpaly,azralon,1365,paladin,retribution,52,23,29
Heraolympian,black-dragonflight,1364,paladin,retribution,57,32,25
Uxd,tichondrius,1364,paladin,retribution,48,20,28
Áthz,ragnaros,1363,paladin,retribution,41,21,20
Nest,stormrage,1363,paladin,retribution,30,15,15
Hùck,alexstrasza,1363,paladin,retribution,110,51,59
Alvick,icecrown,1363,paladin,retribution,39,16,23
Brenaluna,tichondrius,1362,paladin,retribution,48,19,29
Akâme,kelthuzad,1361,paladin,retribution,22,15,7
Ðetroity,stormrage,1359,paladin,retribution,105,57,48
Pal,blackhand,1359,paladin,retribution,44,23,21
Sellenagomez,malganis,1359,paladin,retribution,48,21,27
Kalendawn,moon-guard,1358,paladin,retribution,76,43,33
Xoxoxoxoxoxo,aegwynn,1357,paladin,retribution,48,23,25
Lightcast,moon-guard,1357,paladin,retribution,72,34,38
Lyricism,tichondrius,1356,paladin,retribution,42,22,20
Wickedwingz,sargeras,1356,paladin,retribution,30,15,15
Arbarrus,stormrage,1354,paladin,retribution,31,19,12
Dwk,thrall,1353,paladin,retribution,36,15,21
Palypants,proudmoore,1353,paladin,retribution,37,15,22
Andronik,bleeding-hollow,1352,paladin,retribution,33,16,17
Tlahtoani,illidan,1350,paladin,retribution,23,15,8
Chinsta,zuljin,1349,paladin,retribution,36,22,14
Zantdemption,frostmourne,1349,paladin,retribution,29,15,14
Theldart,ragnaros,1348,paladin,retribution,42,21,21
Øxøxø,emerald-dream,1347,paladin,retribution,78,41,37
Hazmât,illidan,1347,paladin,retribution,81,32,49
Dwurim,moon-guard,1346,paladin,retribution,48,26,22
Ddeadwhisper,executus,1345,paladin,retribution,104,56,48
Retman,azuremyst,1344,paladin,retribution,42,17,25
Sophany,shattered-halls,1343,paladin,retribution,34,21,13
Bossmin,tichondrius,1343,paladin,retribution,24,14,10
Dyskrazia,thrall,1343,paladin,retribution,32,15,17
Kumdonia,illidan,1343,paladin,retribution,30,14,16
Lawdeedawh,tichondrius,1342,paladin,retribution,30,14,16
Xygra,stormrage,1342,paladin,retribution,30,14,16
Kikazaru,moon-guard,1341,paladin,retribution,36,14,22
Icepondpal,proudmoore,1340,paladin,retribution,24,16,8
Dmghack,tichondrius,1340,paladin,retribution,30,14,16
Retsonictwo,tichondrius,1340,paladin,retribution,30,14,16
Samphlty,azralon,1340,paladin,retribution,30,14,16
Bubblestar,ragnaros,1340,paladin,retribution,56,23,33
Xandia,aegwynn,1340,paladin,retribution,42,14,28
Grifnshlong,agamaggan,1339,paladin,retribution,21,15,6
Minikalina,ragnaros,1339,paladin,retribution,24,14,10
Bulioevn,emerald-dream,1339,paladin,retribution,51,24,27
Aaralis,ragnaros,1339,paladin,retribution,30,14,16
Healsonyou,windrunner,1338,paladin,retribution,36,14,22
Amarnath,turalyon,1337,paladin,retribution,27,16,11
Palajeans,stormrage,1337,paladin,retribution,24,14,10
Erethonis,bladefist,1337,paladin,retribution,66,31,35
Neró,quelthalas,1337,paladin,retribution,55,25,30
Emaus,tichondrius,1337,paladin,retribution,42,14,28
Wlq,frostmourne,1336,paladin,retribution,71,29,42
Nightz,eonar,1336,paladin,retribution,36,14,22
Rùckûs,tichondrius,1336,paladin,retribution,36,14,22
Refulgent,moon-guard,1335,paladin,retribution,58,35,23
Shecara,malygos,1335,paladin,retribution,72,40,32
Avantasias,sargeras,1335,paladin,retribution,82,39,43
Albagail,draka,1335,paladin,retribution,46,20,26
Prôphêt,stormrage,1334,paladin,retribution,18,14,4
Darguen,ragnaros,1334,paladin,retribution,22,15,7
Justsmiteit,dalaran,1334,paladin,retribution,30,17,13
Äeriah,fizzcrank,1333,paladin,retribution,72,36,36
Väkariän,quelthalas,1333,paladin,retribution,30,14,16
Faaqmee,gorefiend,1332,paladin,retribution,30,19,11
Malorian,azgalor,1332,paladin,retribution,48,21,27
Lüuz,area-52,1332,paladin,retribution,42,15,27
Trogdorpwn,bonechewer,1331,paladin,retribution,30,17,13
Holybalsagna,garrosh,1331,paladin,retribution,66,35,31
Mobitz,dalvengyr,1331,paladin,retribution,48,25,23
Mattilla,tichondrius,1331,paladin,retribution,30,14,16
Keenos,frostmourne,1330,paladin,retribution,25,14,11
Hunsung,tichondrius,1330,paladin,retribution,36,14,22
Allixis,wyrmrest-accord,1330,paladin,retribution,40,15,25
Däkh,sargeras,1329,paladin,retribution,24,14,10
Bigdoosa,frostmourne,1329,paladin,retribution,40,19,21
Gatzu,tichondrius,1329,paladin,retribution,36,14,22
Brightsaber,tichondrius,1328,paladin,retribution,63,34,29
Lunchhboxx,kelthuzad,1328,paladin,retribution,35,16,19
Nerfashen,zuljin,1327,paladin,retribution,24,14,10
Clayban,stormrage,1327,paladin,retribution,42,22,20
Mgjun,ragnaros,1327,paladin,retribution,30,14,16
Snowcrow,tichondrius,1327,paladin,retribution,80,36,44
Ennvy,nemesis,1326,paladin,retribution,30,14,16
Ponytail,dark-iron,1326,paladin,retribution,34,15,19
Melize,area-52,1325,paladin,retribution,118,57,61
Mikezheng,tichondrius,1325,paladin,retribution,42,19,23
Akabanee,ragnaros,1324,paladin,retribution,24,14,10
Gixpal,skullcrusher,1323,paladin,retribution,59,31,28
Christman,illidan,1323,paladin,retribution,78,33,45
Sona,jubeithos,1323,paladin,retribution,36,15,21
Fabolouss,tichondrius,1320,paladin,retribution,96,50,46
Sventyn,frostmourne,1320,paladin,retribution,41,14,27
Bennu,sargeras,1319,paladin,retribution,45,17,28
Lashlan,barthilas,1318,paladin,retribution,32,20,12
Oopalaoo,azralon,1318,paladin,retribution,30,15,15
Arkanica,moon-guard,1318,paladin,retribution,41,16,25
Dralkou,kaelthas,1318,paladin,retribution,75,29,46
Serran,durotan,1318,paladin,retribution,54,20,34
Vallahad,emerald-dream,1317,paladin,retribution,24,14,10
Hwanko,tichondrius,1316,paladin,retribution,34,23,11
Balango,azralon,1316,paladin,retribution,24,14,10
Hapii,tichondrius,1315,paladin,retribution,47,18,29
Maphisto,stormscale,1314,paladin,retribution,24,19,5
ßlððdyßðnez,malganis,1313,paladin,retribution,30,18,12
Vanthor,emerald-dream,1313,paladin,retribution,30,15,15
Siberios,stormrage,1313,paladin,retribution,30,14,16
Ajoladin,illidan,1313,paladin,retribution,57,25,32
Ludvigsen,hakkar,1313,paladin,retribution,36,14,22
Autoattacker,mannoroth,1312,paladin,retribution,24,14,10
Xytoken,tichondrius,1312,paladin,retribution,29,14,15
Melloow,azralon,1311,paladin,retribution,91,43,48
Pallypapa,galakrond,1310,paladin,retribution,30,19,11
Toyotasupra,azgalor,1310,paladin,retribution,48,29,19
Trg,azralon,1310,paladin,retribution,24,14,10
Shlaps,crushridge,1310,paladin,retribution,72,32,40
Verguetas,ragnaros,1310,paladin,retribution,52,22,30
Trainstorm,emerald-dream,1309,paladin,retribution,38,19,19
Normaldude,sargeras,1307,paladin,retribution,30,14,16
Bosutai,dalaran,1307,paladin,retribution,30,14,16
Retrah,azralon,1306,paladin,retribution,24,14,10
Warspyder,alterac-mountains,1305,paladin,retribution,30,18,12
Bayaz,emerald-dream,1304,paladin,retribution,67,36,31
Nadrela,burning-blade,1303,paladin,retribution,54,32,22
Malicia,malorne,1302,paladin,retribution,30,16,14
Happywow,tichondrius,1302,paladin,retribution,59,30,29
Schmïtty,tichondrius,1302,paladin,retribution,32,15,17
Mareaaturbo,azralon,1300,paladin,retribution,41,22,19
Atrayeus,dawnbringer,1300,paladin,retribution,48,21,27
Saucepally,laughing-skull,1299,paladin,retribution,55,30,25
Oneminute,nerzhul,1299,paladin,retribution,42,21,21
Ultralord,dragonmaw,1299,paladin,retribution,28,14,14
Zoobro,tichondrius,1299,paladin,retribution,53,22,31
Vtyr,nemesis,1297,paladin,retribution,51,23,28
Krinkin,illidan,1297,paladin,retribution,42,14,28
Sunwrath,quelthalas,1296,paladin,retribution,72,29,43
Lostkanvas,azralon,1293,paladin,retribution,36,21,15
Paladingirl,darkspear,1292,paladin,retribution,92,50,42
Mendaltv,dalaran,1292,paladin,retribution,36,17,19
Philfred,frostmourne,1290,paladin,retribution,24,15,9
Gigadorff,stormrage,1290,paladin,retribution,36,19,17
Perfectgirl,maiev,1290,paladin,retribution,78,38,40
Dárí,stormrage,1290,paladin,retribution,126,61,65
Walleis,moon-guard,1290,paladin,retribution,58,22,36
Basstian,bleeding-hollow,1289,paladin,retribution,82,35,47
Vêndar,ragnaros,1289,paladin,retribution,78,33,45
Lainn,zuljin,1287,paladin,retribution,36,21,15
Critxx,tichondrius,1287,paladin,retribution,83,38,45
Dedsxy,tichondrius,1286,paladin,retribution,30,14,16
Broxon,tichondrius,1285,paladin,retribution,58,30,28
Gainen,illidan,1285,paladin,retribution,47,24,23
Paliodin,dalaran,1284,paladin,retribution,36,15,21
Arnblass,magtheridon,1283,paladin,retribution,63,27,36
Garcinddra,vashj,1281,paladin,retribution,28,15,13
Hodne,blackhand,1280,paladin,retribution,31,17,14
Smorezz,bonechewer,1280,paladin,retribution,102,48,54
Navicc,zuljin,1279,paladin,retribution,29,14,15
Kiergann,quelthalas,1277,paladin,retribution,54,23,31
Denhoward,proudmoore,1277,paladin,retribution,36,14,22
Dexko,silvermoon,1276,paladin,retribution,28,19,9
Yuccalicious,area-52,1275,paladin,retribution,53,23,30
Carolena,thaurissan,1274,paladin,retribution,74,31,43
Balster,moon-guard,1273,paladin,retribution,85,40,45
Throwable,illidan,1273,paladin,retribution,64,26,38
Webothhateme,tichondrius,1272,paladin,retribution,36,20,16
Khorgus,gundrak,1271,paladin,retribution,54,27,27
Såssy,moon-guard,1270,paladin,retribution,72,31,41
Thankyouswen,tichondrius,1269,paladin,retribution,70,31,39
Synthetic,moon-guard,1268,paladin,retribution,78,40,38
Gramaton,malfurion,1268,paladin,retribution,54,25,29
Giltronix,thrall,1266,paladin,retribution,60,30,30
Palacamâ,quelthalas,1266,paladin,retribution,34,15,19
Mindfoolness,sargeras,1265,paladin,retribution,42,21,21
Formergf,crushridge,1265,paladin,retribution,60,29,31
Tonnerre,silvermoon,1263,paladin,retribution,61,29,32
Alucardlh,ragnaros,1262,paladin,retribution,40,24,16
Quinnl,dreadmaul,1262,paladin,retribution,38,18,20
Galaxahan,bonechewer,1262,paladin,retribution,64,30,34
Athenariel,bleeding-hollow,1262,paladin,retribution,55,24,31
Punative,darkspear,1262,paladin,retribution,48,16,32
Cinacalcet,dalaran,1261,paladin,retribution,23,14,9
Garruckadin,dalaran,1261,paladin,retribution,25,14,11
Irand,area-52,1261,paladin,retribution,61,24,37
Herrit,frostmourne,1260,paladin,retribution,144,76,68
Sïrenek,tichondrius,1260,paladin,retribution,55,27,28
Jugheadqc,mugthol,1260,paladin,retribution,63,30,33
Canadianeh,malganis,1260,paladin,retribution,66,28,38
Belena,jaedenar,1258,paladin,retribution,36,16,20
Quickthing,dalaran,1257,paladin,retribution,65,37,28
Minlarkwa,frostmourne,1257,paladin,retribution,30,16,14
Soana,alexstrasza,1255,paladin,retribution,78,48,30
Aretwin,dalaran,1255,paladin,retribution,30,14,16
Huitz,drakkari,1254,paladin,retribution,66,33,33
Snowcrest,cenarius,1251,paladin,retribution,74,33,41
Lvlone,sargeras,1250,paladin,retribution,30,17,13
Flynnee,illidan,1249,paladin,retribution,38,15,23
Wölfheärt,tichondrius,1247,paladin,retribution,18,13,5
Canadapants,kelthuzad,1247,paladin,retribution,36,21,15
Davinchi,laughing-skull,1247,paladin,retribution,47,27,20
Billystacks,illidan,1247,paladin,retribution,24,13,11
Venturep,azralon,1247,paladin,retribution,24,13,11
Andrevz,ragnaros,1247,paladin,retribution,30,15,15
Dubliner,garona,1247,paladin,retribution,30,13,17
Hojdin,tichondrius,1247,paladin,retribution,30,13,17
Vlandor,area-52,1246,paladin,retribution,35,19,16
Steelbreaker,deathwing,1246,paladin,retribution,47,21,26
Beyönd,quelthalas,1246,paladin,retribution,30,13,17
Zephyrvalor,sargeras,1245,paladin,retribution,54,32,22
Rengen,frostmourne,1245,paladin,retribution,24,13,11
Howlerhead,illidan,1245,paladin,retribution,24,13,11
Paladinaa,lothar,1245,paladin,retribution,30,13,17
Onemassacre,spirestone,1245,paladin,retribution,36,13,23
Rakzan,nerzhul,1244,paladin,retribution,24,13,11
Hammerina,antonidas,1244,paladin,retribution,35,16,19
Skylexx,ragnaros,1244,paladin,retribution,60,27,33
Aduhrawl,moon-guard,1244,paladin,retribution,38,14,24
Goons,frostmourne,1244,paladin,retribution,36,13,23
Doktavius,lightbringer,1243,paladin,retribution,24,13,11
Hellfound,bleeding-hollow,1243,paladin,retribution,24,13,11
Yugee,doomhammer,1243,paladin,retribution,24,13,11
Krixes,firetree,1243,paladin,retribution,30,16,14
Gànnicus,korgath,1243,paladin,retribution,30,13,17
Deployed,kaelthas,1243,paladin,retribution,36,13,23
Rockbell,kiljaeden,1242,paladin,retribution,24,13,11
Tedward,emerald-dream,1242,paladin,retribution,24,13,11
Bebitufiufiu,illidan,1242,paladin,retribution,24,13,11
Anastos,anvilmar,1241,paladin,retribution,24,13,11
Aurken,ragnaros,1241,paladin,retribution,30,13,17
Amadin,emerald-dream,1240,paladin,retribution,24,13,11
Holychow,tichondrius,1240,paladin,retribution,24,13,11
Hellhawk,hellscream,1240,paladin,retribution,30,15,15
Saintpower,stormscale,1239,paladin,retribution,24,13,11
Tifalockhart,dathremar,1239,paladin,retribution,24,13,11
Saphiraz,wildhammer,1239,paladin,retribution,30,13,17
Bawek,azralon,1239,paladin,retribution,36,13,23
Shrektacular,malganis,1238,paladin,retribution,24,13,11
Deftonia,stormrage,1238,paladin,retribution,65,31,34
Ràmetep,illidan,1238,paladin,retribution,30,13,17
Xalixxa,wyrmrest-accord,1237,paladin,retribution,60,27,33
Rigotakp,illidan,1237,paladin,retribution,30,13,17
Siaaryn,darkspear,1237,paladin,retribution,30,13,17
Pristinne,darkspear,1237,paladin,retribution,82,34,48
Sconey,andorhal,1237,paladin,retribution,34,14,20
Ablunedion,illidan,1237,paladin,retribution,41,14,27
Nornix,fenris,1236,paladin,retribution,24,13,11
Darthhelios,illidan,1236,paladin,retribution,30,13,17
Carenye,thunderhorn,1235,paladin,retribution,37,16,21
Hammerzite,whisperwind,1234,paladin,retribution,24,13,11
Noblelight,saurfang,1233,paladin,retribution,29,17,12
Onemorelight,sargeras,1233,paladin,retribution,48,23,25
Gummybearz,doomhammer,1233,paladin,retribution,30,13,17
Fogonaventa,nemesis,1232,paladin,retribution,54,18,36
Airz,stormrage,1231,paladin,retribution,24,13,11
Ôdenswrath,stormscale,1231,paladin,retribution,98,45,53
Chopsparks,khadgar,1231,paladin,retribution,53,21,32
Krawmwell,lothar,1230,paladin,retribution,78,43,35
Uunjaaku,kiljaeden,1230,paladin,retribution,45,22,23
Luke,frostwolf,1230,paladin,retribution,29,13,16
Legible,tichondrius,1228,paladin,retribution,28,15,13
Heindallr,nemesis,1227,paladin,retribution,48,22,26
Forged,steamwheedle-cartel,1227,paladin,retribution,135,56,79
Thorsenâ,sargeras,1226,paladin,retribution,27,17,10
Rafaela,alterac-mountains,1225,paladin,retribution,24,13,11
Hiikari,silver-hand,1225,paladin,retribution,30,14,16
Hasla,tichondrius,1225,paladin,retribution,39,14,25
Keegân,area-52,1224,paladin,retribution,16,14,2
Dankpaladin,frostwolf,1224,paladin,retribution,30,13,17
Amarith,queldorei,1224,paladin,retribution,76,31,45
Menaus,duskwood,1223,paladin,retribution,27,15,12
Aeroßlaze,dragonmaw,1223,paladin,retribution,24,13,11
Ulessys,bleeding-hollow,1223,paladin,retribution,54,27,27
Dynamais,barthilas,1223,paladin,retribution,48,19,29
Ekyu,sargeras,1222,paladin,retribution,25,15,10
Gys,ragnaros,1222,paladin,retribution,60,31,29
Adapa,azralon,1222,paladin,retribution,30,13,17
Albion,sargeras,1222,paladin,retribution,36,13,23
Füriøsa,quelthalas,1221,paladin,retribution,59,29,30
Lungjuice,stormrage,1221,paladin,retribution,41,15,26
Areaky,khazgoroth,1220,paladin,retribution,38,22,16
Demihoj,illidan,1220,paladin,retribution,36,13,23
Aellâ,bloodscalp,1219,paladin,retribution,152,79,73
Theuss,nerzhul,1219,paladin,retribution,47,17,30
Naghret,area-52,1218,paladin,retribution,24,13,11
Lortrin,quelthalas,1218,paladin,retribution,24,13,11
Beastyone,tichondrius,1218,paladin,retribution,110,58,52
Mikehawkhuge,area-52,1218,paladin,retribution,48,23,25
Uglymugz,area-52,1218,paladin,retribution,37,16,21
Sycomaniac,illidan,1218,paladin,retribution,35,13,22
Redeviliu,tichondrius,1217,paladin,retribution,41,15,26
Holyshoc,kiljaeden,1216,paladin,retribution,56,28,28
Brucedwal,moon-guard,1216,paladin,retribution,45,22,23
Ròwdy,area-52,1214,paladin,retribution,23,13,10
Mïkhael,nemesis,1214,paladin,retribution,74,26,48
Brsjak,frostmourne,1212,paladin,retribution,47,21,26
Dewlight,zuljin,1211,paladin,retribution,61,35,26
Pallynation,korgath,1211,paladin,retribution,30,13,17
Armstrongz,bleeding-hollow,1210,paladin,retribution,36,13,23
Nerfmehpls,ragnaros,1208,paladin,retribution,90,50,40
Azëitona,azralon,1208,paladin,retribution,24,13,11
Xupalaa,azralon,1208,paladin,retribution,44,23,21
Barbaluzz,quelthalas,1207,paladin,retribution,31,16,15
Xenagos,akama,1207,paladin,retribution,30,13,17
Gwendolyynn,moon-guard,1206,paladin,retribution,40,24,16
Longinus,eredar,1206,paladin,retribution,24,13,11
Bubbleöseven,agamaggan,1205,paladin,retribution,51,24,27
Shusekki,drakkari,1204,paladin,retribution,111,54,57
Rediems,drakkari,1203,paladin,retribution,42,21,21
Soledad,tichondrius,1202,paladin,retribution,30,15,15
Hibrael,azralon,1201,paladin,retribution,56,32,24
Stõnêdpimp,agamaggan,1201,paladin,retribution,29,13,16
Sturka,illidan,1199,paladin,retribution,60,29,31
Johnyfresh,jubeithos,1199,paladin,retribution,44,20,24
Cexus,tichondrius,1198,paladin,retribution,23,13,10
Oathden,area-52,1198,paladin,retribution,34,18,16
Finishearlyx,kelthuzad,1198,paladin,retribution,35,13,22
Lucigiorna,stormrage,1197,paladin,retribution,50,22,28
Botïs,sargeras,1195,paladin,retribution,33,20,13
Eetswaz,frostmourne,1193,paladin,retribution,36,20,16
Virrata,tichondrius,1193,paladin,retribution,26,14,12
Pikatripa,quelthalas,1192,paladin,retribution,38,17,21
Spartus,area-52,1191,paladin,retribution,26,15,11
Avelane,caelestrasz,1191,paladin,retribution,52,24,28
Malavon,azralon,1190,paladin,retribution,21,14,7
Dinpal,tichondrius,1190,paladin,retribution,36,13,23
Reptaur,bleeding-hollow,1185,paladin,retribution,64,31,33
Excalibur,amanthul,1185,paladin,retribution,31,14,17
Pìerre,ragnaros,1183,paladin,retribution,134,65,69
Holycower,tichondrius,1182,paladin,retribution,24,15,9
Sweatylight,bleeding-hollow,1181,paladin,retribution,56,25,31
Páláx,stormrage,1181,paladin,retribution,51,22,29
Meanlight,zuljin,1180,paladin,retribution,66,34,32
Vassen,echo-isles,1179,paladin,retribution,30,13,17
Paim,tol-barad,1179,paladin,retribution,32,13,19
Daweeki,area-52,1178,paladin,retribution,18,14,4
Noskill,moonrunner,1176,paladin,retribution,48,29,19
Jerseÿ,sargeras,1176,paladin,retribution,39,18,21
Greasy,quelthalas,1173,paladin,retribution,32,13,19
Kaladini,jubeithos,1171,paladin,retribution,22,13,9
Schnabdain,exodar,1171,paladin,retribution,66,36,30
Crosshammer,quelthalas,1170,paladin,retribution,42,20,22
Popwingzz,sargeras,1170,paladin,retribution,66,23,43
Linias,quelthalas,1169,paladin,retribution,21,14,7
Holyrõller,malganis,1169,paladin,retribution,30,14,16
Salasong,hellscream,1169,paladin,retribution,36,13,23
Pengideath,barthilas,1168,paladin,retribution,30,14,16
Souljahgirl,demon-soul,1168,paladin,retribution,42,18,24
Retneyspears,darkspear,1168,paladin,retribution,36,14,22
Kittylickers,tichondrius,1164,paladin,retribution,102,56,46
Soopadupa,trollbane,1164,paladin,retribution,68,36,32
Imposstopzc,chogall,1163,paladin,retribution,42,18,24
Solomonss,frostmourne,1163,paladin,retribution,58,21,37
Thaly,shadowmoon,1161,paladin,retribution,49,20,29
Suncrashkid,nerzhul,1160,paladin,retribution,169,91,78
Draerys,drakkari,1159,paladin,retribution,36,26,10
Oraborra,area-52,1158,paladin,retribution,36,14,22
Procs,hyjal,1157,paladin,retribution,20,15,5
Statícx,ragnaros,1156,paladin,retribution,85,35,50
Thørîm,nazjatar,1154,paladin,retribution,36,15,21
Kaysonso,thunderlord,1153,paladin,retribution,49,18,31
Furylolx,tichondrius,1152,paladin,retribution,18,12,6
Hammrekt,dalaran,1152,paladin,retribution,18,12,6
Huavi,tichondrius,1152,paladin,retribution,18,12,6
Ghøjan,malganis,1152,paladin,retribution,23,15,8
Critwink,illidan,1152,paladin,retribution,21,12,9
Vânguârds,tichondrius,1152,paladin,retribution,24,12,12
Scathol,tichondrius,1152,paladin,retribution,24,12,12
Bigdaddypuff,cenarius,1152,paladin,retribution,24,12,12
Pique,malganis,1152,paladin,retribution,24,12,12
Insanity,dethecus,1152,paladin,retribution,30,12,18
Cöjax,dalaran,1151,paladin,retribution,18,12,6
Selivara,zuljin,1151,paladin,retribution,24,12,12
Fistâcuffs,stormrage,1151,paladin,retribution,24,12,12
ßrittany,gnomeregan,1151,paladin,retribution,24,12,12
Zhaslk,ragnaros,1151,paladin,retribution,24,12,12
Talions,illidan,1151,paladin,retribution,24,12,12
Lhacius,drakkari,1151,paladin,retribution,28,13,15
Ledster,kelthuzad,1151,paladin,retribution,30,12,18
Sukmyret,sargeras,1151,paladin,retribution,30,12,18
Dragynfist,malganis,1151,paladin,retribution,30,12,18
Geospawn,tichondrius,1151,paladin,retribution,30,12,18
Jameson,andorhal,1150,paladin,retribution,18,12,6
Miniell,tichondrius,1150,paladin,retribution,24,12,12
Britanybich,area-52,1150,paladin,retribution,24,12,12
Bubbleblast,elune,1150,paladin,retribution,30,12,18
Trinade,stormrage,1150,paladin,retribution,30,12,18
Dogf,tichondrius,1150,paladin,retribution,41,12,29
Ratburger,blood-furnace,1149,paladin,retribution,18,12,6
Bubblless,thrall,1149,paladin,retribution,18,12,6
Vaaga,quelthalas,1149,paladin,retribution,24,12,12
Yeeter,thrall,1149,paladin,retribution,24,12,12
Retosterone,stormrage,1149,paladin,retribution,30,12,18
Bizarrap,quelthalas,1148,paladin,retribution,18,12,6
Milkmemamma,nordrassil,1148,paladin,retribution,18,12,6
Fakesimp,illidan,1148,paladin,retribution,18,12,6
Kadryck,drakkari,1148,paladin,retribution,18,12,6
Leennoox,quelthalas,1148,paladin,retribution,31,17,14
Daukan,quelthalas,1148,paladin,retribution,24,12,12
Sigmond,azralon,1148,paladin,retribution,27,13,14
Dontaylor,tichondrius,1148,paladin,retribution,30,12,18
Nidalee,kilrogg,1148,paladin,retribution,36,12,24
Bigdpally,frostmourne,1148,paladin,retribution,36,12,24
Pocacoco,azralon,1147,paladin,retribution,22,13,9
Rickadin,bleeding-hollow,1147,paladin,retribution,22,13,9
Arkoth,kelthuzad,1147,paladin,retribution,24,12,12
Phanna,the-forgotten-coast,1147,paladin,retribution,24,12,12
Smudgexy,frostmourne,1147,paladin,retribution,30,12,18
Shïnjïtsu,tichondrius,1146,paladin,retribution,18,12,6
Dachenkov,tichondrius,1146,paladin,retribution,18,12,6
Røshea,hydraxis,1146,paladin,retribution,24,12,12
Marhaus,emerald-dream,1146,paladin,retribution,24,12,12
Barcar,area-52,1146,paladin,retribution,24,12,12
Adathan,ghostlands,1146,paladin,retribution,30,12,18
Luminainre,zuljin,1145,paladin,retribution,24,12,12
Cathode,area-52,1145,paladin,retribution,24,12,12
Deosfires,ragnaros,1145,paladin,retribution,28,13,15
Xdiegox,stormrage,1145,paladin,retribution,30,12,18
Drízzy,ragnaros,1144,paladin,retribution,30,12,18
Riggen,thrall,1144,paladin,retribution,30,12,18
Lightshope,coilfang,1143,paladin,retribution,18,12,6
Thoti,tichondrius,1143,paladin,retribution,25,12,13
Scudstock,tichondrius,1143,paladin,retribution,71,34,37
Seongje,tichondrius,1143,paladin,retribution,39,13,26
Stormwinter,azralon,1143,paladin,retribution,36,12,24
Kanyewes,zuluhed,1142,paladin,retribution,24,12,12
Oniizuna,thrall,1142,paladin,retribution,24,12,12
Ginbirdup,kelthuzad,1141,paladin,retribution,18,12,6
Velarelan,moon-guard,1141,paladin,retribution,30,12,18
Beachyo,tichondrius,1140,paladin,retribution,18,12,6
Elbigboy,tichondrius,1140,paladin,retribution,83,42,41
Restitution,area-52,1140,paladin,retribution,30,12,18
Victidin,quelthalas,1138,paladin,retribution,24,12,12
Brahion,icecrown,1137,paladin,retribution,62,33,29
Sarkorius,moon-guard,1137,paladin,retribution,24,12,12
Akiralons,ragnaros,1137,paladin,retribution,30,12,18
Haiyaa,frostwolf,1137,paladin,retribution,66,25,41
Tutankhammer,stormrage,1136,paladin,retribution,58,28,30
Soyafed,mugthol,1135,paladin,retribution,58,30,28
Vejita,frostmourne,1135,paladin,retribution,24,12,12
Areura,hellscream,1134,paladin,retribution,21,13,8
Dresdén,skullcrusher,1133,paladin,retribution,18,12,6
Unsung,stormreaver,1133,paladin,retribution,41,18,23
Meltedcheese,destromath,1132,paladin,retribution,30,15,15
Ðß,arthas,1132,paladin,retribution,30,13,17
Treizen,frostmourne,1132,paladin,retribution,30,12,18
Eddardstark,agamaggan,1131,paladin,retribution,68,31,37
Joelanson,blood-furnace,1130,paladin,retribution,54,29,25
Jdn,ysera,1130,paladin,retribution,60,29,31
Iceburg,shadowmoon,1128,paladin,retribution,24,12,12
Arun,arthas,1128,paladin,retribution,33,15,18
Chbestafera,nemesis,1127,paladin,retribution,18,12,6
Ducii,stormrage,1126,paladin,retribution,46,22,24
Redyomi,drakkari,1126,paladin,retribution,36,13,23
Damorte,ragnaros,1125,paladin,retribution,30,15,15
Dirkadirkka,stormrage,1125,paladin,retribution,24,12,12
Sparkchaser,proudmoore,1125,paladin,retribution,24,12,12
Newerlight,tichondrius,1124,paladin,retribution,25,13,12
Grimhammer,the-scryers,1123,paladin,retribution,50,27,23
Dannoruk,ragnaros,1121,paladin,retribution,30,12,18
Zaklehblue,daggerspine,1118,paladin,retribution,60,24,36
Gamber,frostmourne,1118,paladin,retribution,36,14,22
Shadowarius,aerie-peak,1117,paladin,retribution,54,24,30
Deathwyz,thunderlord,1116,paladin,retribution,36,14,22
Carliitoz,quelthalas,1116,paladin,retribution,89,31,58
Streetsaint,frostmourne,1114,paladin,retribution,66,32,34
Thal,silvermoon,1113,paladin,retribution,24,13,11
Adelsman,quelthalas,1113,paladin,retribution,30,14,16
Sandicang,azuremyst,1112,paladin,retribution,54,27,27
Drágons,stormrage,1109,paladin,retribution,72,30,42
Wilmâ,ragnaros,1109,paladin,retribution,30,12,18
Drekgor,drakkari,1108,paladin,retribution,30,14,16
Greatgirthy,hyjal,1106,paladin,retribution,30,13,17
Darkknes,quelthalas,1105,paladin,retribution,36,17,19
Thanatiel,area-52,1104,paladin,retribution,66,37,29
Savagefck,sargeras,1103,paladin,retribution,24,15,9
Fortueni,illidan,1103,paladin,retribution,88,51,37
Vanillur,tichondrius,1103,paladin,retribution,55,24,31
Gtate,azjolnerub,1102,paladin,retribution,23,12,11
Decareos,tichondrius,1102,paladin,retribution,29,12,17
Hyperforce,area-52,1099,paladin,retribution,30,12,18
Mádz,ragnaros,1098,paladin,retribution,23,12,11
Trappadin,sargeras,1098,paladin,retribution,30,14,16
Soukaa,illidan,1097,paladin,retribution,23,12,11
Lucifuge,twisting-nether,1095,paladin,retribution,18,12,6
Aowynd,tichondrius,1094,paladin,retribution,79,39,40
Riggar,uther,1094,paladin,retribution,65,25,40
Durothar,dalaran,1093,paladin,retribution,36,19,17
Traditionalp,area-52,1092,paladin,retribution,25,13,12
Omenix,laughing-skull,1091,paladin,retribution,29,12,17
Exwars,moon-guard,1090,paladin,retribution,21,13,8
Cheesetitan,tichondrius,1090,paladin,retribution,52,22,30
Mcbraín,quelthalas,1089,paladin,retribution,30,12,18
Alairius,tichondrius,1087,paladin,retribution,23,15,8
Killumminati,tichondrius,1087,paladin,retribution,21,13,8
Rikkupìgu,sargeras,1087,paladin,retribution,20,12,8
Pldd,tichondrius,1087,paladin,retribution,76,33,43
Pallydin,smolderthorn,1086,paladin,retribution,30,15,15
Mybadfoo,lethon,1085,paladin,retribution,18,13,5
Salvations,queldorei,1085,paladin,retribution,60,30,30
Insîght,frostmourne,1085,paladin,retribution,40,12,28
Xandish,illidan,1084,paladin,retribution,20,12,8
Bubblegums,nagrand,1084,paladin,retribution,69,39,30
Thirtyfivemm,area-52,1083,paladin,retribution,58,29,29
Thorsmites,sargeras,1082,paladin,retribution,42,17,25
Astralweed,quelthalas,1079,paladin,retribution,54,19,35
Uhklathel,quelthalas,1078,paladin,retribution,39,15,24
Shádøwy,nemesis,1078,paladin,retribution,32,12,20
Eliasor,illidan,1077,paladin,retribution,18,13,5
Lízandor,ragnaros,1077,paladin,retribution,17,12,5
Mandragor,borean-tundra,1077,paladin,retribution,24,14,10
Zir,frostmourne,1077,paladin,retribution,47,24,23
Warswordz,stormrage,1077,paladin,retribution,40,16,24
Clefairy,arathor,1076,paladin,retribution,39,23,16
Zorkus,turalyon,1073,paladin,retribution,42,22,20
Jeinova,barthilas,1068,paladin,retribution,76,45,31
Diablosgrim,stormrage,1061,paladin,retribution,18,14,4
Billnighy,alleria,1061,paladin,retribution,42,18,24
Holygerp,darrowmere,1060,paladin,retribution,18,12,6
Anyatay,ragnaros,1060,paladin,retribution,77,28,49
Andras,emerald-dream,1059,paladin,retribution,22,12,10
Caitlyn,nazjatar,1058,paladin,retribution,30,17,13
Jinfandi,gurubashi,1058,paladin,retribution,36,13,23
Zözo,zuljin,1056,paladin,retribution,18,11,7
Retsupreme,tichondrius,1056,paladin,retribution,18,11,7
Hardnow,emerald-dream,1056,paladin,retribution,24,11,13
Makayla,kiljaeden,1056,paladin,retribution,24,11,13
Siq,arthas,1056,paladin,retribution,30,11,19
Bakednub,malganis,1056,paladin,retribution,35,11,24
Redarted,thrall,1055,paladin,retribution,18,11,7
Knuckifubuck,illidan,1055,paladin,retribution,18,11,7
Ricocheto,ragnaros,1055,paladin,retribution,18,11,7
Wonpaiv,frostmourne,1055,paladin,retribution,18,11,7
Reptila,bonechewer,1055,paladin,retribution,18,11,7
Volcathos,moon-guard,1055,paladin,retribution,18,11,7
Bøble,thrall,1055,paladin,retribution,24,11,13
Alequin,stormrage,1055,paladin,retribution,24,11,13
Thrandeill,bleeding-hollow,1055,paladin,retribution,24,11,13
Pallysmack,stormrage,1055,paladin,retribution,24,11,13
Mákis,ragnaros,1055,paladin,retribution,24,11,13
Wde,zuljin,1055,paladin,retribution,31,12,19
Irantir,drakkari,1055,paladin,retribution,89,34,55
Redspine,azralon,1055,paladin,retribution,30,11,19
Grimven,stormrage,1054,paladin,retribution,18,11,7
Hrota,laughing-skull,1054,paladin,retribution,18,11,7
Gannecus,bleeding-hollow,1054,paladin,retribution,18,11,7
Âllmíght,quelthalas,1054,paladin,retribution,18,11,7
Pallyzo,zuljin,1054,paladin,retribution,24,11,13
Protarena,zuljin,1054,paladin,retribution,24,11,13
Telvannî,sargeras,1054,paladin,retribution,24,11,13
Zazaron,kiljaeden,1054,paladin,retribution,30,11,19
Varaben,sargeras,1054,paladin,retribution,36,11,25
Boozier,ragnaros,1053,paladin,retribution,18,11,7
Ðreschí,ragnaros,1053,paladin,retribution,22,11,11
Divineknight,moonrunner,1053,paladin,retribution,24,11,13
Sancthia,area-52,1053,paladin,retribution,24,11,13
Dividin,stormrage,1053,paladin,retribution,24,11,13
Vincible,illidan,1053,paladin,retribution,24,11,13
Cripplemakër,stormrage,1052,paladin,retribution,18,11,7
Vynesonia,emerald-dream,1052,paladin,retribution,21,12,9
Nerilliah,sargeras,1052,paladin,retribution,24,11,13
Brolando,hyjal,1052,paladin,retribution,24,11,13
Iesous,kiljaeden,1051,paladin,retribution,18,11,7
Ragnore,shadow-council,1051,paladin,retribution,21,12,9
Exulta,illidan,1051,paladin,retribution,60,32,28
Misbah,stormrage,1051,paladin,retribution,24,11,13
Hermacles,stormrage,1051,paladin,retribution,25,11,14
Libertylol,tichondrius,1051,paladin,retribution,28,12,16
Tenacer,darkspear,1051,paladin,retribution,28,12,16
Caonizumu,area-52,1051,paladin,retribution,30,11,19
Ranthoril,hydraxis,1050,paladin,retribution,12,11,1
Hellcallerl,quelthalas,1050,paladin,retribution,18,11,7
Cowhair,tichondrius,1050,paladin,retribution,24,11,13
Saîntpaul,shattered-halls,1050,paladin,retribution,24,11,13
Kaélthas,eonar,1050,paladin,retribution,24,11,13
Haawkala,ragnaros,1050,paladin,retribution,24,11,13
Ødin,turalyon,1049,paladin,retribution,18,11,7
Reaslovak,jubeithos,1049,paladin,retribution,18,11,7
Wasimodo,emerald-dream,1049,paladin,retribution,60,29,31
Mangguo,tichondrius,1049,paladin,retribution,24,11,13
Wingalings,malganis,1049,paladin,retribution,28,12,16
Imrahilaf,korialstrasz,1049,paladin,retribution,30,11,19
Gogofisco,moonrunner,1049,paladin,retribution,30,11,19
Lïgma,dalaran,1048,paladin,retribution,18,11,7
Unknownplay,tichondrius,1048,paladin,retribution,18,11,7
Willzaum,azralon,1048,paladin,retribution,18,11,7
Jajabola,zuljin,1048,paladin,retribution,24,11,13
Tieberion,bleeding-hollow,1048,paladin,retribution,30,11,19
Stonekey,warsong,1046,paladin,retribution,18,11,7
Kiboko,tichondrius,1046,paladin,retribution,19,11,8
Corrán,thrall,1046,paladin,retribution,24,11,13
Doogo,cenarius,1045,paladin,retribution,18,11,7
Souiler,thunderlord,1045,paladin,retribution,22,12,10
Guji,jubeithos,1045,paladin,retribution,24,11,13
Strobeyjr,tichondrius,1044,paladin,retribution,24,11,13
Rensvall,frostmourne,1043,paladin,retribution,24,13,11
Missoutale,aerie-peak,1043,paladin,retribution,76,31,45
Biblestomp,laughing-skull,1042,paladin,retribution,18,11,7
Berthalas,stormrage,1042,paladin,retribution,18,11,7
Pallyjs,anetheron,1042,paladin,retribution,18,11,7
Brocolinî,zuljin,1042,paladin,retribution,24,11,13
Holyfilers,thunderlord,1042,paladin,retribution,30,11,19
Weenerboy,nerzhul,1041,paladin,retribution,18,11,7
Neutroo,stormrage,1039,paladin,retribution,24,11,13
Chilenoman,ragnaros,1036,paladin,retribution,42,19,23
Marshman,kelthuzad,1035,paladin,retribution,18,11,7
Hashmaal,tichondrius,1034,paladin,retribution,18,11,7
Willhookah,azralon,1034,paladin,retribution,54,25,29
Gavrill,thrall,1034,paladin,retribution,24,11,13
Bainn,nerzhul,1033,paladin,retribution,49,28,21
Mortika,frostmourne,1033,paladin,retribution,36,17,19
Atreuss,moon-guard,1029,paladin,retribution,42,21,21
Asunima,wyrmrest-accord,1029,paladin,retribution,24,11,13
Bradoxx,thorium-brotherhood,1026,paladin,retribution,42,21,21
Moraxeus,gundrak,1020,paladin,retribution,18,11,7
Theseuus,stormrage,1020,paladin,retribution,60,27,33
Furnost,drenden,1019,paladin,retribution,23,11,12
Stepurgameup,ghostlands,1018,paladin,retribution,18,11,7
Reînhard,drakkari,1018,paladin,retribution,30,12,18
Pleasureman,gallywix,1017,paladin,retribution,24,12,12
Thorviim,azralon,1016,paladin,retribution,32,14,18
Volorick,dalaran,1016,paladin,retribution,38,13,25
Rétribution,farstriders,1014,paladin,retribution,40,16,24
Sisterbubble,dathremar,1013,paladin,retribution,29,11,18
Avlystein,wyrmrest-accord,1013,paladin,retribution,71,24,47
Dirtfunk,illidan,1011,paladin,retribution,48,18,30
Alpine,nordrassil,1009,paladin,retribution,85,44,41
Nejie,nazjatar,1009,paladin,retribution,42,21,21
Kènjii,sargeras,1009,paladin,retribution,34,16,18
Tuff,ysera,1008,paladin,retribution,36,21,15
Keu,emerald-dream,1008,paladin,retribution,63,26,37
Rönän,sargeras,1007,paladin,retribution,23,11,12
Holyrump,bleeding-hollow,1004,paladin,retribution,21,12,9
Cuthroat,area-52,998,paladin,retribution,276,138,138
Smithulu,kelthuzad,997,paladin,retribution,45,24,21
Uholypala,dalaran,996,paladin,retribution,42,12,30
Stealhearsp,tichondrius,993,paladin,retribution,35,11,24
Tyrswrath,sargeras,992,paladin,retribution,36,19,17
Bigsamtp,laughing-skull,992,paladin,retribution,23,11,12
Kaharule,akama,991,paladin,retribution,28,11,17
Iammj,skywall,990,paladin,retribution,17,11,6
Guanglong,malganis,989,paladin,retribution,26,11,15
Ssparkk,stormrage,989,paladin,retribution,35,12,23
Veroth,caelestrasz,988,paladin,retribution,26,11,15
Làzårus,area-52,988,paladin,retribution,28,11,17
Lêe,dalaran,987,paladin,retribution,15,12,3
Tharkeves,cenarius,987,paladin,retribution,22,11,11
Playandrunn,illidan,984,paladin,retribution,22,11,11
Pallyhealed,tichondrius,984,paladin,retribution,31,13,18
Pickypally,moon-guard,983,paladin,retribution,24,13,11
Lessera,tichondrius,982,paladin,retribution,20,11,9
Tsunin,area-52,980,paladin,retribution,34,13,21
Vinjonc,drenden,977,paladin,retribution,54,27,27
Mikkylol,tichondrius,974,paladin,retribution,22,11,11
Loween,thunderlord,973,paladin,retribution,42,15,27
Hammerhitter,lightbringer,972,paladin,retribution,36,14,22
Murtsza,ragnaros,971,paladin,retribution,54,16,38
Follower,sargeras,967,paladin,retribution,71,31,40
Truesound,malganis,960,paladin,retribution,12,10,2
Meleegodx,darkspear,960,paladin,retribution,18,10,8
Holyshockss,stormrage,960,paladin,retribution,18,10,8
Alodor,dalaran,960,paladin,retribution,18,10,8
Kmackk,tichondrius,960,paladin,retribution,18,10,8
Hyphenated,frostmourne,960,paladin,retribution,18,10,8
Hasmere,tichondrius,960,paladin,retribution,18,10,8
Tiduz,tichondrius,960,paladin,retribution,18,10,8
Eloinflated,malganis,960,paladin,retribution,18,10,8
Emiaru,illidan,960,paladin,retribution,22,11,11
Fumaçaa,nemesis,960,paladin,retribution,27,13,14
Talionz,illidan,960,paladin,retribution,24,10,14
Miketavius,moon-guard,960,paladin,retribution,24,10,14
Komonai,illidan,960,paladin,retribution,24,10,14
Friendfriend,proudmoore,960,paladin,retribution,24,10,14
Gwff,tichondrius,960,paladin,retribution,24,10,14
Wryly,mannoroth,960,paladin,retribution,30,10,20
Bizaro,malganis,960,paladin,retribution,30,10,20
Kasoon,illidan,959,paladin,retribution,12,10,2
Jaimi,stormreaver,959,paladin,retribution,12,10,2
Lightsheart,lightbringer,959,paladin,retribution,18,10,8
Kayaman,tichondrius,959,paladin,retribution,18,10,8
Astraelon,bleeding-hollow,959,paladin,retribution,18,10,8
Lawzaddy,tichondrius,959,paladin,retribution,18,10,8
ßöbby,sargeras,959,paladin,retribution,18,10,8
Daeyang,tichondrius,959,paladin,retribution,18,10,8
Strattaltork,ragnaros,959,paladin,retribution,18,10,8
Lyghts,darkspear,959,paladin,retribution,18,10,8
Shawra,moon-guard,959,paladin,retribution,18,10,8
Mavrixz,illidan,959,paladin,retribution,24,10,14
Hôtt,kul-tiras,959,paladin,retribution,24,10,14
Kymmy,ragnaros,959,paladin,retribution,24,10,14
Roddaric,nerzhul,959,paladin,retribution,24,10,14
Déathkiing,area-52,959,paladin,retribution,24,10,14
Runö,frostmourne,959,paladin,retribution,37,10,27
Littlebadbad,tichondrius,958,paladin,retribution,12,10,2
Sathras,madoran,958,paladin,retribution,18,10,8
Svenn,eredar,958,paladin,retribution,18,10,8
Zyden,hellscream,958,paladin,retribution,18,10,8
Avengercc,tichondrius,958,paladin,retribution,24,10,14
Fokatayew,korialstrasz,958,paladin,retribution,30,10,20
Verdicts,moon-guard,958,paladin,retribution,30,10,20
Donmi,dalaran,957,paladin,retribution,15,11,4
Swiftxheal,stormrage,957,paladin,retribution,18,10,8
Grünt,ragnaros,957,paladin,retribution,18,10,8
Checkeettpal,sargeras,957,paladin,retribution,18,10,8
Olsen,stormrage,957,paladin,retribution,18,10,8
Luxord,ysera,957,paladin,retribution,22,11,11
Onnakishi,azralon,957,paladin,retribution,24,10,14
Brifos,sargeras,957,paladin,retribution,31,10,21
Hays,barthilas,956,paladin,retribution,12,10,2
Vulkaros,azralon,956,paladin,retribution,12,10,2
Limitier,proudmoore,956,paladin,retribution,18,10,8
Vacoro,tichondrius,956,paladin,retribution,18,10,8
Caylorn,illidan,956,paladin,retribution,18,10,8
Lygophobia,frostmourne,956,paladin,retribution,24,10,14
Ryumi,lightbringer,956,paladin,retribution,24,10,14
Runscapemain,feathermoon,955,paladin,retribution,22,11,11
Heälmeñow,tichondrius,955,paladin,retribution,24,10,14
Gstbubble,hyjal,955,paladin,retribution,30,10,20
Winbott,sargeras,955,paladin,retribution,30,10,20
Lunchboxpaly,stormrage,954,paladin,retribution,18,10,8
Torujo,drakkari,954,paladin,retribution,18,10,8
Cacaine,goldrinn,954,paladin,retribution,21,11,10
Sòl,stormrage,954,paladin,retribution,24,10,14
Didymus,boulderfist,954,paladin,retribution,41,17,24
Coffiecup,frostmane,953,paladin,retribution,18,10,8
Thortanous,icecrown,953,paladin,retribution,27,11,16
Kelleybelly,black-dragonflight,953,paladin,retribution,25,10,15
Llght,hydraxis,952,paladin,retribution,18,10,8
Aura,stormreaver,952,paladin,retribution,18,10,8
Exeneyder,elune,952,paladin,retribution,25,10,15
Tectorr,proudmoore,951,paladin,retribution,54,28,26
Aewein,ragnaros,950,paladin,retribution,23,10,13
Lionag,ragnaros,950,paladin,retribution,24,10,14
Vargonha,azralon,948,paladin,retribution,24,12,12
Talvyr,icecrown,948,paladin,retribution,24,10,14
Cederas,sargeras,945,paladin,retribution,18,10,8
Xhotbutters,korgath,945,paladin,retribution,31,13,18
Ridethispony,tichondrius,945,paladin,retribution,30,10,20
Grãnd,tortheldrin,942,paladin,retribution,23,10,13
Pathed,aerie-peak,941,paladin,retribution,23,10,13
Sanctum,barthilas,936,paladin,retribution,153,72,81
Bigboytime,area-52,934,paladin,retribution,24,10,14
Cherrypally,area-52,927,paladin,retribution,23,10,13
Nerfret,zuljin,926,paladin,retribution,14,11,3
Mehchelol,azgalor,923,paladin,retribution,24,14,10
Bukkning,tichondrius,922,paladin,retribution,58,17,41
Pallyoh,moknathal,921,paladin,retribution,41,23,18
Diësëlsmoke,bronzebeard,917,paladin,retribution,18,10,8
Toepuller,doomhammer,917,paladin,retribution,42,21,21
Bigjwpb,illidan,917,paladin,retribution,220,104,116
Goldranger,hakkar,916,paladin,retribution,42,22,20
Kokuryuha,quelthalas,916,paladin,retribution,46,21,25
Rebukezz,dalaran,911,paladin,retribution,23,10,13
Stinaz,quelthalas,911,paladin,retribution,23,10,13
Zentrick,whisperwind,902,paladin,retribution,42,16,26
Lilsquirt,proudmoore,901,paladin,retribution,23,14,9
Kilidin,illidan,899,paladin,retribution,21,10,11
Gorostas,kelthuzad,896,paladin,retribution,22,10,12
Denthor,lightbringer,894,paladin,retribution,20,10,10
Karimpro,emerald-dream,893,paladin,retribution,32,13,19
Biggin,garona,890,paladin,retribution,130,47,83
Àmárìs,tichondrius,882,paladin,retribution,22,10,12
Reti,ursin,879,paladin,retribution,175,86,89
Allandaa,frostmourne,878,paladin,retribution,25,10,15
Dragollias,anvilmar,874,paladin,retribution,30,10,20
Deltajk,drakkari,872,paladin,retribution,42,19,23
Jonnywick,duskwood,872,paladin,retribution,36,13,23
Elgigante,azshara,868,paladin,retribution,36,18,18
Sonô,sargeras,864,paladin,retribution,12,9,3
Arimae,turalyon,864,paladin,retribution,12,9,3
Arukan,ragnaros,864,paladin,retribution,12,9,3
Chrigpal,tichondrius,864,paladin,retribution,12,9,3
Slivkoff,wyrmrest-accord,864,paladin,retribution,12,9,3
Dublek,tichondrius,864,paladin,retribution,12,9,3
Warstompgg,ragnaros,864,paladin,retribution,12,9,3
Kaetix,frostmourne,864,paladin,retribution,12,9,3
Raggnarokk,kelthuzad,864,paladin,retribution,12,9,3
Swegswog,frostmourne,864,paladin,retribution,12,9,3
Naughtygames,area-52,864,paladin,retribution,12,9,3
Devvn,laughing-skull,864,paladin,retribution,12,9,3
Brohtato,area-52,864,paladin,retribution,18,9,9
Wogyu,area-52,864,paladin,retribution,18,9,9
Giovannas,tichondrius,864,paladin,retribution,18,9,9
Axeliee,kiljaeden,864,paladin,retribution,18,9,9
Bigdixss,tichondrius,864,paladin,retribution,18,9,9
Beefdaddyx,tichondrius,864,paladin,retribution,18,9,9
Rockdeath,sargeras,864,paladin,retribution,18,9,9
Héber,nemesis,864,paladin,retribution,18,9,9
Strodvarn,proudmoore,864,paladin,retribution,18,9,9
Zzerox,ragnaros,864,paladin,retribution,18,9,9
Rendyrend,frostmourne,864,paladin,retribution,18,9,9
Kishou,stormrage,864,paladin,retribution,21,10,11
Diebygcd,tichondrius,864,paladin,retribution,19,9,10
Yáhtzee,tichondrius,864,paladin,retribution,22,10,12
Justeight,stormrage,864,paladin,retribution,21,9,12
Pistis,kelthuzad,864,paladin,retribution,24,9,15
Yowanehaku,illidan,864,paladin,retribution,24,9,15
Stoof,arygos,864,paladin,retribution,24,9,15
Valinorean,nemesis,864,paladin,retribution,24,9,15
Paradisso,tichondrius,864,paladin,retribution,24,9,15
Bageru,gnomeregan,864,paladin,retribution,24,9,15
Manryux,tichondrius,864,paladin,retribution,24,9,15
Whitepally,kiljaeden,864,paladin,retribution,24,9,15
Traevel,moon-guard,864,paladin,retribution,24,9,15
Hamerfall,tichondrius,864,paladin,retribution,24,9,15
Saintgeórge,frostmourne,864,paladin,retribution,25,9,16
Imnoracist,thrall,864,paladin,retribution,30,9,21
Mightythorxx,tichondrius,863,paladin,retribution,12,9,3
Lenlaar,shadowsong,863,paladin,retribution,12,9,3
Pallyofhell,area-52,863,paladin,retribution,12,9,3
Glorious,drakkari,863,paladin,retribution,12,9,3
Heathen,spirestone,863,paladin,retribution,12,9,3
Inquisídor,nemesis,863,paladin,retribution,12,9,3
Mightymagnus,silvermoon,863,paladin,retribution,12,9,3
Veliona,thaurissan,863,paladin,retribution,12,9,3
Glorgrim,emerald-dream,863,paladin,retribution,18,9,9
Teewrecks,frostmourne,863,paladin,retribution,18,9,9
Ironprice,tichondrius,863,paladin,retribution,18,9,9
Paliwarrior,illidan,863,paladin,retribution,18,9,9
Mongerr,drakkari,863,paladin,retribution,18,9,9
Landryy,icecrown,863,paladin,retribution,18,9,9
Ahzalon,azralon,863,paladin,retribution,18,9,9
Lightballz,vashj,863,paladin,retribution,18,9,9
Escanøor,stormrage,863,paladin,retribution,18,9,9
Savethejelly,moon-guard,863,paladin,retribution,18,9,9
Heizero,area-52,863,paladin,retribution,18,9,9
Jhaann,tichondrius,863,paladin,retribution,18,9,9
Hammertime,boulderfist,863,paladin,retribution,18,9,9
Enril,azgalor,863,paladin,retribution,18,9,9
Sleekz,moon-guard,863,paladin,retribution,18,9,9
Wálker,ragnaros,863,paladin,retribution,18,9,9
Avacii,illidan,863,paladin,retribution,18,9,9
Loraven,wyrmrest-accord,863,paladin,retribution,18,9,9
Rivzx,tichondrius,863,paladin,retribution,24,9,15
Nuuska,dalaran,863,paladin,retribution,24,9,15
Amntir,sargeras,863,paladin,retribution,24,9,15
Stricken,kul-tiras,863,paladin,retribution,24,9,15
Thickdam,korgath,863,paladin,retribution,24,9,15
Peil,illidan,863,paladin,retribution,24,9,15
Galadriele,zuljin,863,paladin,retribution,24,9,15
Zerohöur,emerald-dream,863,paladin,retribution,30,9,21
Kurasi,frostmourne,863,paladin,retribution,30,9,21
Zrkoria,ragnaros,863,paladin,retribution,36,9,27
Keiora,sargeras,862,paladin,retribution,12,9,3
Badboí,azralon,862,paladin,retribution,12,9,3
Ástedór,ragnaros,862,paladin,retribution,12,9,3
Inexcusable,wyrmrest-accord,862,paladin,retribution,18,9,9
Athenax,area-52,862,paladin,retribution,18,9,9
Illëst,stormrage,862,paladin,retribution,18,9,9
Naritan,greymane,862,paladin,retribution,18,9,9
Rocknpally,icecrown,862,paladin,retribution,18,9,9
Xlnc,illidan,862,paladin,retribution,18,9,9
Lightblade,stormrage,862,paladin,retribution,18,9,9
Omegaziion,garrosh,862,paladin,retribution,18,9,9
Pinelli,aegwynn,862,paladin,retribution,18,9,9
Chàrron,garrosh,862,paladin,retribution,18,9,9
Karelys,area-52,862,paladin,retribution,20,9,11
Lightvader,illidan,862,paladin,retribution,24,9,15
Kelthálas,illidan,862,paladin,retribution,24,9,15
Boogerred,korialstrasz,862,paladin,retribution,24,9,15
Gerian,altar-of-storms,862,paladin,retribution,24,9,15
Stevas,khazgoroth,861,paladin,retribution,12,9,3
Clamhammer,malganis,861,paladin,retribution,18,9,9
Bonkky,whisperwind,861,paladin,retribution,18,9,9
Borélock,kelthuzad,861,paladin,retribution,18,9,9
Kommuna,stormscale,861,paladin,retribution,18,9,9
Rennalux,stormrage,861,paladin,retribution,24,9,15
Vaelinarys,ragnaros,860,paladin,retribution,12,9,3
Deztrom,dalaran,860,paladin,retribution,12,9,3
Unholypally,suramar,860,paladin,retribution,24,9,15
Rusticles,aerie-peak,860,paladin,retribution,24,9,15
Kylarha,stormrage,859,paladin,retribution,18,9,9
Layonthis,the-venture-co,859,paladin,retribution,18,9,9
Easiestcomp,sargeras,859,paladin,retribution,18,9,9
Khetzi,thunderhorn,859,paladin,retribution,18,9,9
Chippo,aegwynn,859,paladin,retribution,24,9,15
Madalynn,quelthalas,859,paladin,retribution,24,9,15
Alysca,tichondrius,858,paladin,retribution,18,9,9
Derethen,emerald-dream,858,paladin,retribution,18,9,9
Irongiant,grizzly-hills,858,paladin,retribution,18,9,9
Vick,zuljin,857,paladin,retribution,12,9,3
Holyzeen,darkspear,857,paladin,retribution,17,11,6
Alerz,moon-guard,857,paladin,retribution,15,9,6
Dredberserk,stormrage,857,paladin,retribution,18,9,9
Juang,arthas,857,paladin,retribution,52,22,30
Amyrana,medivh,857,paladin,retribution,24,9,15
Frostbitee,nerzhul,856,paladin,retribution,18,9,9
Atilas,ragnaros,856,paladin,retribution,18,9,9
Morddrohung,hyjal,855,paladin,retribution,12,9,3
Zerolayer,proudmoore,855,paladin,retribution,12,9,3
Maraboujan,nemesis,855,paladin,retribution,18,9,9
Persefaní,moon-guard,855,paladin,retribution,18,9,9
Clariten,ghostlands,855,paladin,retribution,24,9,15
Kaidao,black-dragonflight,854,paladin,retribution,18,9,9
Agonyss,quelthalas,853,paladin,retribution,18,9,9
Goldfînger,zuljin,853,paladin,retribution,24,9,15
Featscrows,nemesis,852,paladin,retribution,30,9,21
Rcon,khadgar,849,paladin,retribution,18,9,9
Noblearthur,feathermoon,849,paladin,retribution,18,9,9
Leyon,alterac-mountains,847,paladin,retribution,18,9,9
Morthalos,moon-guard,845,paladin,retribution,23,9,14
Hotdgwatr,bleeding-hollow,843,paladin,retribution,24,10,14
Avaheal,dragonmaw,842,paladin,retribution,23,9,14
Palgiga,tichondrius,834,paladin,retribution,18,9,9
Brioc,tichondrius,832,paladin,retribution,22,9,13
Bellamor,burning-blade,830,paladin,retribution,17,9,8
Amialra,moon-guard,815,paladin,retribution,21,9,12
Fiate,azralon,815,paladin,retribution,23,9,14
Narthres,drakkari,815,paladin,retribution,23,9,14
Cozzey,amanthul,810,paladin,retribution,17,9,8
Theboxx,frostmourne,810,paladin,retribution,28,11,17
Gorgrand,gorgonnash,810,paladin,retribution,33,11,22
Porterhousee,bleeding-hollow,807,paladin,retribution,23,11,12
Sondaar,madoran,807,paladin,retribution,65,18,47
Connextion,terenas,800,paladin,retribution,22,9,13
Burstpink,zuljin,799,paladin,retribution,16,9,7
Lizzyz,illidan,799,paladin,retribution,20,9,11
Witewolf,illidan,798,paladin,retribution,19,10,9
Erós,azralon,798,paladin,retribution,22,9,13
Lightfdre,rexxar,797,paladin,retribution,33,11,22
Kûrâmâ,ragnaros,796,paladin,retribution,16,9,7
Ájummalukout,tichondrius,792,paladin,retribution,33,11,22
Kiloalpha,area-52,791,paladin,retribution,22,9,13
Lítebearer,kelthuzad,787,paladin,retribution,17,9,8
Kletüs,quelthalas,784,paladin,retribution,13,9,4
Rspect,trollbane,782,paladin,retribution,11,9,2
Jdisco,bonechewer,782,paladin,retribution,19,9,10
Wrekkin,stormrage,772,paladin,retribution,37,9,28
Arellis,barthilas,768,paladin,retribution,12,8,4
Mortalbeef,zuljin,768,paladin,retribution,12,8,4
Pochanaw,wyrmrest-accord,768,paladin,retribution,12,8,4
Luzmu,azralon,768,paladin,retribution,12,8,4
Sebbytheman,tichondrius,768,paladin,retribution,12,8,4
Unicornslayr,antonidas,768,paladin,retribution,12,8,4
Franckz,ragnaros,768,paladin,retribution,12,8,4
Takinvcards,area-52,768,paladin,retribution,12,8,4
Céllash,tichondrius,768,paladin,retribution,12,8,4
Hatchet,skullcrusher,768,paladin,retribution,12,8,4
Dasp,nagrand,768,paladin,retribution,12,8,4
Pennywenny,barthilas,768,paladin,retribution,12,8,4
Solidifyxz,area-52,768,paladin,retribution,12,8,4
Djangø,azuremyst,768,paladin,retribution,12,8,4
Eskynor,sargeras,768,paladin,retribution,12,8,4
Ipomaikai,dragonmaw,768,paladin,retribution,12,8,4
Laboøn,stormrage,768,paladin,retribution,12,8,4
Naxadin,tichondrius,768,paladin,retribution,12,8,4
Zelo,emerald-dream,768,paladin,retribution,12,8,4
Brotherjon,stormrage,768,paladin,retribution,12,8,4
Tolliver,area-52,768,paladin,retribution,12,8,4
Swellows,tichondrius,768,paladin,retribution,12,8,4
Liangguang,tichondrius,768,paladin,retribution,12,8,4
Soymilkdrnka,sargeras,768,paladin,retribution,12,8,4
Cutebtw,zuljin,768,paladin,retribution,16,9,7
Grimreaperx,azralon,768,paladin,retribution,17,8,9
Maanuel,ragnaros,768,paladin,retribution,18,8,10
Bubbletaunt,frostmourne,768,paladin,retribution,18,8,10
Nozfferatu,drakkari,768,paladin,retribution,18,8,10
Vanquishy,burning-legion,768,paladin,retribution,18,8,10
Jeralldo,ragnaros,768,paladin,retribution,18,8,10
Jebpal,tichondrius,768,paladin,retribution,18,8,10
Daion,quelthalas,768,paladin,retribution,18,8,10
Tævèn,tichondrius,768,paladin,retribution,18,8,10
Mizumaru,sargeras,768,paladin,retribution,18,8,10
Smiteup,sargeras,768,paladin,retribution,18,8,10
Saffuki,frostmourne,768,paladin,retribution,18,8,10
Jakkatähn,malganis,768,paladin,retribution,18,8,10
Jachugz,tichondrius,768,paladin,retribution,18,8,10
Ratkiller,barthilas,768,paladin,retribution,18,8,10
Dynamism,frostmourne,768,paladin,retribution,18,8,10
Auranove,azralon,768,paladin,retribution,18,8,10
Dadadalala,tichondrius,768,paladin,retribution,18,8,10
Inquísítor,stormrage,768,paladin,retribution,18,8,10
Torosagrado,drakkari,768,paladin,retribution,18,8,10
Tazanian,aegwynn,768,paladin,retribution,18,8,10
Quiznossubs,kelthuzad,768,paladin,retribution,18,8,10
Caution,rexxar,768,paladin,retribution,18,8,10
Roshord,quelthalas,768,paladin,retribution,18,8,10
Solånar,bloodscalp,768,paladin,retribution,19,8,11
Jivvy,eredar,768,paladin,retribution,24,8,16
Rexpeitaboot,azralon,768,paladin,retribution,24,8,16
Isayas,tichondrius,768,paladin,retribution,24,8,16
Bubbleblade,burning-blade,768,paladin,retribution,24,8,16
Marcopolo,azralon,768,paladin,retribution,24,8,16
Vibránium,tichondrius,768,paladin,retribution,24,8,16
Cnret,tichondrius,768,paladin,retribution,24,8,16
Roundhere,area-52,768,paladin,retribution,30,8,22
Crasíus,quelthalas,768,paladin,retribution,30,8,22
Pallydestroy,stormrage,768,paladin,retribution,30,8,22
Garethorne,illidan,768,paladin,retribution,30,8,22
Awsem,barthilas,767,paladin,retribution,12,8,4
Holydaddyy,area-52,767,paladin,retribution,12,8,4
Mægenta,tichondrius,767,paladin,retribution,12,8,4
Husurdaddy,dalaran,767,paladin,retribution,12,8,4
Invictus,onyxia,767,paladin,retribution,12,8,4
Souldrainlol,quelthalas,767,paladin,retribution,12,8,4
Acidhammer,kelthuzad,767,paladin,retribution,12,8,4
Darkeclipse,area-52,767,paladin,retribution,12,8,4
Rhumil,tichondrius,767,paladin,retribution,12,8,4
Infamoustool,barthilas,767,paladin,retribution,12,8,4
Keit,moon-guard,767,paladin,retribution,12,8,4
Operise,stormrage,767,paladin,retribution,12,8,4
Hqknight,moon-guard,767,paladin,retribution,12,8,4
Gospel,duskwood,767,paladin,retribution,12,8,4
Greybrox,barthilas,767,paladin,retribution,12,8,4
Smitetheweak,rivendare,767,paladin,retribution,12,8,4
Sauceclock,illidan,767,paladin,retribution,12,8,4
Hoelï,stormrage,767,paladin,retribution,12,8,4
Elhoj,illidan,767,paladin,retribution,12,8,4
Dinapal,frostmourne,767,paladin,retribution,12,8,4
Meatyblessin,area-52,767,paladin,retribution,12,8,4
Joeseph,stormrage,767,paladin,retribution,18,8,10
Yehdardi,frostmourne,767,paladin,retribution,18,8,10
Rodsley,zuljin,767,paladin,retribution,18,8,10
Nightfallz,farstriders,767,paladin,retribution,18,8,10
Ashess,sargeras,767,paladin,retribution,18,8,10
Deafheavens,moon-guard,767,paladin,retribution,18,8,10
Holytrev,tichondrius,767,paladin,retribution,18,8,10
Yurinos,illidan,767,paladin,retribution,18,8,10
Hughkane,tichondrius,767,paladin,retribution,18,8,10
Stroods,stormrage,767,paladin,retribution,18,8,10
Bruhstice,area-52,767,paladin,retribution,18,8,10
Doobiehigh,proudmoore,767,paladin,retribution,18,8,10
Angeluquis,quelthalas,767,paladin,retribution,18,8,10
Nooplug,illidan,767,paladin,retribution,18,8,10
Sermon,moon-guard,767,paladin,retribution,18,8,10
Nutsmashèr,illidan,767,paladin,retribution,18,8,10
Abigaile,ragnaros,767,paladin,retribution,18,8,10
Ereksean,sargeras,767,paladin,retribution,18,8,10
Pudgë,bleeding-hollow,767,paladin,retribution,18,8,10
Amlovích,quelthalas,767,paladin,retribution,18,8,10
Revent,stormrage,767,paladin,retribution,18,8,10
Jeffprobstt,kelthuzad,767,paladin,retribution,18,8,10
Dontsleep,magtheridon,767,paladin,retribution,18,8,10
Jèrico,quelthalas,767,paladin,retribution,21,9,12
Ashbrînger,emerald-dream,767,paladin,retribution,24,8,16
Saifollah,area-52,767,paladin,retribution,30,8,22
Dreek,azralon,766,paladin,retribution,12,8,4
Passion,wyrmrest-accord,766,paladin,retribution,12,8,4
Judgementalz,frostwolf,766,paladin,retribution,12,8,4
Deesqueezie,area-52,766,paladin,retribution,12,8,4
Otorten,bladefist,766,paladin,retribution,12,8,4
Dubledeez,malganis,766,paladin,retribution,12,8,4
Bübbleboy,malganis,766,paladin,retribution,12,8,4
Pennedurma,akama,766,paladin,retribution,18,8,10
Nussaar,kelthuzad,766,paladin,retribution,18,8,10
Dragonbait,khadgar,766,paladin,retribution,18,8,10
Masho,skullcrusher,766,paladin,retribution,18,8,10
Crtinsideyou,skullcrusher,766,paladin,retribution,21,9,12
Hanael,quelthalas,766,paladin,retribution,19,8,11
Torvus,bonechewer,766,paladin,retribution,22,9,13
Zuljaboi,thrall,765,paladin,retribution,12,8,4
Mothh,terokkar,765,paladin,retribution,12,8,4
Peepilled,uldum,765,paladin,retribution,12,8,4
Nikinaki,stormrage,765,paladin,retribution,12,8,4
Holyhammered,kelthuzad,765,paladin,retribution,12,8,4
Kristary,ragnaros,765,paladin,retribution,12,8,4
Gírthbrooks,hyjal,765,paladin,retribution,12,8,4
Ichigò,sargeras,765,paladin,retribution,18,8,10
Darktaron,ragnaros,765,paladin,retribution,18,8,10
Butchur,area-52,765,paladin,retribution,30,8,22
Xanamun,magtheridon,764,paladin,retribution,18,8,10
Angelz,garrosh,764,paladin,retribution,18,8,10
Calithia,destromath,764,paladin,retribution,18,8,10
Holladrik,frostmourne,764,paladin,retribution,24,8,16
Yenkmeilleur,zuljin,763,paladin,retribution,12,8,4
Youwillatone,zuljin,763,paladin,retribution,18,8,10
Deathblazer,blades-edge,763,paladin,retribution,18,8,10
Palade,proudmoore,763,paladin,retribution,18,8,10
Guccii,quelthalas,763,paladin,retribution,18,8,10
Amorimbr,area-52,763,paladin,retribution,24,8,16
Jebadia,proudmoore,762,paladin,retribution,12,8,4
Unicochori,drakkari,762,paladin,retribution,18,8,10
Faerdrik,emerald-dream,762,paladin,retribution,18,8,10
Charopiinho,azralon,762,paladin,retribution,24,8,16
Flisk,garona,761,paladin,retribution,12,8,4
Eldirn,bleeding-hollow,761,paladin,retribution,12,8,4
Reivilly,azralon,761,paladin,retribution,18,8,10
Gilmax,emerald-dream,760,paladin,retribution,18,8,10
Slar,emerald-dream,760,paladin,retribution,18,8,10
Mordrime,moon-guard,760,paladin,retribution,18,8,10
Brightfire,dawnbringer,760,paladin,retribution,24,8,16
Palman,frostmourne,759,paladin,retribution,18,8,10
Appolas,shattered-hand,758,paladin,retribution,12,8,4
Aladid,aggramar,758,paladin,retribution,12,8,4
Trodos,quelthalas,758,paladin,retribution,12,8,4
Chombe,tichondrius,758,paladin,retribution,18,8,10
Populate,tichondrius,752,paladin,retribution,12,8,4
Maverickxz,nemesis,751,paladin,retribution,23,8,15
Supreme,farstriders,751,paladin,retribution,29,8,21
Cleavix,tichondrius,751,paladin,retribution,35,8,27
Dunecan,tichondrius,750,paladin,retribution,17,8,9
Maelie,shadowmoon,749,paladin,retribution,12,8,4
Oogablah,wyrmrest-accord,749,paladin,retribution,12,8,4
Palavittar,azralon,749,paladin,retribution,17,9,8
Shanuslight,moon-guard,742,paladin,retribution,21,9,12
Yulasa,area-52,735,paladin,retribution,14,9,5
Hekki,ragnaros,735,paladin,retribution,19,8,11
Xcream,nemesis,735,paladin,retribution,32,9,23
Swholly,senjin,733,paladin,retribution,21,10,11
Felordron,silvermoon,731,paladin,retribution,22,9,13
Retgasm,drakthul,729,paladin,retribution,16,8,8
Jonsnou,tol-barad,729,paladin,retribution,24,9,15
Necrodar,ragnaros,722,paladin,retribution,14,9,5
Whisk,tichondrius,720,paladin,retribution,15,8,7
Bomdia,stormrage,720,paladin,retribution,15,8,7
Romonite,bleeding-hollow,715,paladin,retribution,29,8,21
Lilbursty,tichondrius,714,paladin,retribution,19,9,10
Andorsi,elune,714,paladin,retribution,21,9,12
Ryanslover,kelthuzad,714,paladin,retribution,23,9,14
Pantheeon,altar-of-storms,713,paladin,retribution,30,9,21
Kaallell,blackhand,710,paladin,retribution,22,9,13
Wadalee,tichondrius,702,paladin,retribution,26,8,18
Palaðu,azralon,700,paladin,retribution,14,8,6
Webby,azjolnerub,700,paladin,retribution,20,9,11
Fizzlewig,malganis,688,paladin,retribution,19,8,11
Paullokis,gallywix,686,paladin,retribution,13,8,5
Turtlehoof,thrall,684,paladin,retribution,19,8,11
Steelemantle,moon-guard,672,paladin,retribution,12,7,5
Montecrîsto,area-52,672,paladin,retribution,12,7,5
Deadpoolman,emerald-dream,672,paladin,retribution,12,7,5
Hèlfar,wyrmrest-accord,672,paladin,retribution,12,7,5
Mes,dragonmaw,672,paladin,retribution,12,7,5
Montyer,ragnaros,672,paladin,retribution,12,7,5
Safename,area-52,672,paladin,retribution,12,7,5
Relsetta,sargeras,672,paladin,retribution,12,7,5
Rektributíon,area-52,672,paladin,retribution,12,7,5
Mikâel,cairne,672,paladin,retribution,12,7,5
Armstrong,azralon,672,paladin,retribution,12,7,5
Alahster,sargeras,672,paladin,retribution,12,7,5
Brookeh,frostmourne,672,paladin,retribution,12,7,5
Aurelea,frostmourne,672,paladin,retribution,12,7,5
Holycar,illidan,672,paladin,retribution,12,7,5
Bighoochie,moon-guard,672,paladin,retribution,12,7,5
Iloveket,blackrock,672,paladin,retribution,12,7,5
Skylightz,area-52,672,paladin,retribution,12,7,5
Nailuj,moon-guard,672,paladin,retribution,12,7,5
Nosferätu,illidan,672,paladin,retribution,12,7,5
Dabbicus,tichondrius,672,paladin,retribution,12,7,5
Greatwyrm,illidan,672,paladin,retribution,12,7,5
Nutbro,tichondrius,672,paladin,retribution,12,7,5
Garzzy,tichondrius,672,paladin,retribution,12,7,5
Plusultra,moon-guard,672,paladin,retribution,12,7,5
Steezyret,barthilas,672,paladin,retribution,12,7,5
Seantate,stormrage,672,paladin,retribution,12,7,5
Deathodin,tichondrius,672,paladin,retribution,12,7,5
Schecterbug,stormrage,672,paladin,retribution,12,7,5
Wèbb,burning-legion,672,paladin,retribution,12,7,5
Attackonpal,illidan,672,paladin,retribution,12,7,5
Popwingsz,nemesis,672,paladin,retribution,12,7,5
Skuxxlord,khazgoroth,672,paladin,retribution,12,7,5
Swiftyflower,dawnbringer,672,paladin,retribution,12,7,5
Zaxxous,hyjal,672,paladin,retribution,12,7,5
Condign,moon-guard,672,paladin,retribution,12,7,5
Turner,skullcrusher,672,paladin,retribution,12,7,5
Eduardoap,azralon,672,paladin,retribution,12,7,5
Aurðra,kiljaeden,672,paladin,retribution,12,7,5
Araguaney,bleeding-hollow,672,paladin,retribution,12,7,5
Kanaki,gilneas,672,paladin,retribution,12,7,5
Supernampal,sargeras,672,paladin,retribution,12,7,5
Holreshee,tichondrius,672,paladin,retribution,12,7,5
Vozy,bronzebeard,672,paladin,retribution,12,7,5
Homelord,drakkari,672,paladin,retribution,12,7,5
Pals,bronzebeard,672,paladin,retribution,12,7,5
Theehopper,shandris,672,paladin,retribution,12,7,5
Drinkn,kelthuzad,672,paladin,retribution,12,7,5
Layson,uldum,672,paladin,retribution,12,7,5
Thephreak,madoran,672,paladin,retribution,12,7,5
Tmwesker,azralon,672,paladin,retribution,12,7,5
Teléza,illidan,672,paladin,retribution,12,7,5
Cëlestial,drakkari,672,paladin,retribution,12,7,5
Yugawn,maiev,672,paladin,retribution,12,7,5
Furdaddylant,drenden,672,paladin,retribution,12,7,5
Fermion,illidan,672,paladin,retribution,12,7,5
Unitiss,velen,672,paladin,retribution,12,7,5
Meridional,tichondrius,672,paladin,retribution,12,7,5
Bootyfùnk,tichondrius,672,paladin,retribution,12,7,5
Èmmà,stormrage,672,paladin,retribution,12,7,5
Noitra,azralon,672,paladin,retribution,12,7,5
Paltarrd,bleeding-hollow,672,paladin,retribution,12,7,5
Thüridan,azralon,672,paladin,retribution,12,7,5
Noxtrael,frostmourne,672,paladin,retribution,12,7,5
Qsx,bleeding-hollow,672,paladin,retribution,12,7,5
Trejetë,tichondrius,672,paladin,retribution,12,7,5
Jellybrah,stormrage,672,paladin,retribution,12,7,5
Merkzz,arthas,672,paladin,retribution,12,7,5
Chäinswellx,area-52,672,paladin,retribution,12,7,5
Griezadin,azgalor,672,paladin,retribution,12,7,5
Shadoweelite,sargeras,672,paladin,retribution,12,7,5
Uríel,frostmourne,672,paladin,retribution,12,7,5
Holyåvenger,thunderhorn,672,paladin,retribution,12,7,5
Paladan,tichondrius,672,paladin,retribution,17,7,10
Trfreedomz,frostmourne,672,paladin,retribution,18,7,11
Neverwogx,kirin-tor,672,paladin,retribution,18,7,11
Ziti,bonechewer,672,paladin,retribution,18,7,11
Nawwll,stonemaul,672,paladin,retribution,18,7,11
Hølyshyt,tichondrius,672,paladin,retribution,18,7,11
Paintpumper,malganis,672,paladin,retribution,18,7,11
Hulfsark,stormrage,672,paladin,retribution,18,7,11
Zotro,sargeras,672,paladin,retribution,18,7,11
Geospawn,bleeding-hollow,672,paladin,retribution,18,7,11
Covidin,quelthalas,672,paladin,retribution,18,7,11
Absolution,gurubashi,672,paladin,retribution,18,7,11
Xvetis,thrall,672,paladin,retribution,18,7,11
Randomwalk,illidan,672,paladin,retribution,18,7,11
Shoresy,terokkar,672,paladin,retribution,18,7,11
Anjocaído,nemesis,672,paladin,retribution,18,7,11
Legèndaïry,tichondrius,672,paladin,retribution,18,7,11
Aredel,drakkari,672,paladin,retribution,18,7,11
Aledin,frostmourne,672,paladin,retribution,18,7,11
Édzor,area-52,672,paladin,retribution,18,7,11
Drriz,stormrage,672,paladin,retribution,18,7,11
Arena,mannoroth,672,paladin,retribution,18,7,11
Pâpito,drakkari,672,paladin,retribution,18,7,11
Roundbutts,stormrage,672,paladin,retribution,18,7,11
Eurthswrath,lightbringer,672,paladin,retribution,18,7,11
Lmac,frostmourne,672,paladin,retribution,18,7,11
Uoenò,moon-guard,672,paladin,retribution,18,7,11
Kipow,proudmoore,672,paladin,retribution,18,7,11
Wogharder,stormrage,672,paladin,retribution,18,7,11
Atalzel,kiljaeden,672,paladin,retribution,18,7,11
Zugonomics,proudmoore,672,paladin,retribution,18,7,11
Moistbible,kelthuzad,672,paladin,retribution,18,7,11
Tothegravetv,illidan,672,paladin,retribution,18,7,11
Bdaws,tichondrius,672,paladin,retribution,18,7,11
Teamamerica,proudmoore,672,paladin,retribution,18,7,11
Kendren,ragnaros,672,paladin,retribution,18,7,11
Aldhebarán,ragnaros,672,paladin,retribution,18,7,11
Orin,guldan,672,paladin,retribution,18,7,11
Valantor,anvilmar,672,paladin,retribution,18,7,11
Lakera,proudmoore,672,paladin,retribution,18,7,11
Cliftôn,illidan,672,paladin,retribution,18,7,11
Kloud,sargeras,672,paladin,retribution,18,7,11
Pugnacity,stormrage,672,paladin,retribution,18,7,11
Frepz,illidan,672,paladin,retribution,22,8,14
Kamí,elune,672,paladin,retribution,21,7,14
Ballsmcgee,bleeding-hollow,672,paladin,retribution,24,7,17
Haimdallr,azralon,672,paladin,retribution,24,7,17
Goldmembër,malganis,672,paladin,retribution,24,7,17
Hayden,stormscale,672,paladin,retribution,24,7,17
Heilige,thrall,672,paladin,retribution,24,7,17
Digider,area-52,672,paladin,retribution,24,7,17
Kyuubî,bloodhoof,672,paladin,retribution,24,7,17
Ganan,frostmane,672,paladin,retribution,24,7,17
Goozlight,area-52,672,paladin,retribution,24,7,17
Lystia,malfurion,671,paladin,retribution,12,7,5
Joobas,zuljin,671,paladin,retribution,12,7,5
Kizaru,shuhalo,671,paladin,retribution,12,7,5
Ruca,icecrown,671,paladin,retribution,12,7,5
Elemezs,tichondrius,671,paladin,retribution,12,7,5
Thorean,sargeras,671,paladin,retribution,12,7,5
Annii,aegwynn,671,paladin,retribution,12,7,5
Blingster,hellscream,671,paladin,retribution,12,7,5
Tonytoi,aegwynn,671,paladin,retribution,12,7,5
Hopebreaker,spinebreaker,671,paladin,retribution,12,7,5
Darktank,malganis,671,paladin,retribution,12,7,5
Shivaku,area-52,671,paladin,retribution,12,7,5
Zerofans,ragnaros,671,paladin,retribution,12,7,5
Guthdrak,azgalor,671,paladin,retribution,12,7,5
Koohny,stormrage,671,paladin,retribution,12,7,5
Cuffaladin,fenris,671,paladin,retribution,12,7,5
Kaynè,senjin,671,paladin,retribution,12,7,5
Shadd,destromath,671,paladin,retribution,12,7,5
Dabnpaladin,moon-guard,671,paladin,retribution,12,7,5
Mhelyssa,goldrinn,671,paladin,retribution,12,7,5
Lowkeyy,tichondrius,671,paladin,retribution,12,7,5
Ironpaladin,sargeras,671,paladin,retribution,12,7,5
Crematória,azralon,671,paladin,retribution,12,7,5
Holyretribut,tichondrius,671,paladin,retribution,12,7,5
Ranknoob,khazgoroth,671,paladin,retribution,12,7,5
Smuglý,wyrmrest-accord,671,paladin,retribution,12,7,5
Ðrêâð,kirin-tor,671,paladin,retribution,12,7,5
Darawin,korgath,671,paladin,retribution,12,7,5
Tanesdeline,area-52,671,paladin,retribution,12,7,5
Prophesied,zuljin,671,paladin,retribution,12,7,5
Jaybbers,malganis,671,paladin,retribution,12,7,5
Loctár,tichondrius,671,paladin,retribution,12,7,5
Jåy,nazjatar,671,paladin,retribution,12,7,5
Showfet,dalaran,671,paladin,retribution,16,8,8
Auriol,azshara,671,paladin,retribution,14,7,7
Hasbi,area-52,671,paladin,retribution,18,7,11
Babyshuangs,illidan,671,paladin,retribution,18,7,11
Vaelicus,emerald-dream,671,paladin,retribution,18,7,11
Giorgyos,ragnaros,671,paladin,retribution,18,7,11
Kaidoz,aegwynn,671,paladin,retribution,18,7,11
Nibuwolfx,daggerspine,671,paladin,retribution,18,7,11
Lunchboxz,nazjatar,671,paladin,retribution,18,7,11
Lettuceprey,the-underbog,671,paladin,retribution,18,7,11
Ane,gorefiend,671,paladin,retribution,18,7,11
Jazztice,mannoroth,671,paladin,retribution,18,7,11
Valtariel,wyrmrest-accord,671,paladin,retribution,18,7,11
Littlemoses,exodar,671,paladin,retribution,18,7,11
Gringi,blackrock,671,paladin,retribution,18,7,11
Gemutlich,khazgoroth,671,paladin,retribution,18,7,11
Contritus,kiljaeden,671,paladin,retribution,18,7,11
Misskilljoy,proudmoore,671,paladin,retribution,18,7,11
Blaeng,shandris,671,paladin,retribution,18,7,11
Tyelca,zuljin,671,paladin,retribution,18,7,11
Golozzakum,tichondrius,671,paladin,retribution,18,7,11
Släyèr,tichondrius,671,paladin,retribution,18,7,11
Basslinee,quelthalas,671,paladin,retribution,18,7,11
Daeriius,moon-guard,671,paladin,retribution,18,7,11
Doraléous,illidan,671,paladin,retribution,24,7,17
Indemnity,wildhammer,671,paladin,retribution,24,7,17
Swissalami,proudmoore,670,paladin,retribution,12,7,5
Holychach,tichondrius,670,paladin,retribution,12,7,5
Itsapoc,sargeras,670,paladin,retribution,12,7,5
Hanno,azshara,670,paladin,retribution,12,7,5
Tomaz,ragnaros,670,paladin,retribution,12,7,5
Biggwill,proudmoore,670,paladin,retribution,12,7,5
Pasterõ,ragnaros,670,paladin,retribution,16,9,7
Riek,sargeras,670,paladin,retribution,16,8,8
Augus,arygos,670,paladin,retribution,18,7,11
Delukk,azralon,670,paladin,retribution,18,7,11
Jorgevercilo,azralon,670,paladin,retribution,18,7,11
Vynlorderan,area-52,670,paladin,retribution,18,7,11
Zaeris,proudmoore,670,paladin,retribution,18,7,11
Grindlimg,dalaran,670,paladin,retribution,18,7,11
Tpane,kelthuzad,670,paladin,retribution,18,7,11
Rampetos,mannoroth,670,paladin,retribution,18,7,11
Murdameek,area-52,670,paladin,retribution,24,7,17
Terroll,bonechewer,669,paladin,retribution,13,7,6
Jiasmat,ragnaros,669,paladin,retribution,22,10,12
Sîegfried,moon-guard,669,paladin,retribution,18,7,11
Bingbingcd,tichondrius,669,paladin,retribution,18,7,11
Denstain,kul-tiras,669,paladin,retribution,18,7,11
Tpaartes,mannoroth,669,paladin,retribution,18,7,11
Rynis,arthas,669,paladin,retribution,22,8,14
Salvø,tichondrius,669,paladin,retribution,24,7,17
Sponce,kirin-tor,669,paladin,retribution,30,7,23
Praisin,zuljin,668,paladin,retribution,12,7,5
Vooltron,bonechewer,668,paladin,retribution,12,7,5
Alexanderrex,illidan,668,paladin,retribution,18,7,11
Bennygee,moonrunner,668,paladin,retribution,24,7,17
Kapaw,windrunner,667,paladin,retribution,12,7,5
Tacosmells,thunderlord,667,paladin,retribution,18,7,11
Mandow,tichondrius,667,paladin,retribution,22,8,14
Imsoosmall,sargeras,666,paladin,retribution,12,7,5
Calmador,proudmoore,666,paladin,retribution,12,7,5
Toogud,moon-guard,666,paladin,retribution,21,8,13
Boomeers,emerald-dream,666,paladin,retribution,24,7,17
Chaosbubble,burning-legion,665,paladin,retribution,18,7,11
Kithrin,emerald-dream,664,paladin,retribution,12,7,5
Dweezill,daggerspine,664,paladin,retribution,18,7,11
Nuisances,illidan,661,paladin,retribution,12,7,5
Nicepally,moon-guard,657,paladin,retribution,18,7,11
Slædgæhæmmær,bonechewer,657,paladin,retribution,30,7,23
Mèdic,illidan,654,paladin,retribution,17,7,10
Palliful,runetotem,651,paladin,retribution,18,7,11
Prïmavera,azralon,639,paladin,retribution,11,7,4
Tooperilous,exodar,639,paladin,retribution,16,7,9
Vietnomeez,tichondrius,639,paladin,retribution,17,7,10
Goldclaw,moon-guard,639,paladin,retribution,20,8,12
Epòc,frostmourne,639,paladin,retribution,20,8,12
Hanicon,dragonmaw,638,paladin,retribution,16,7,9
Unversed,illidan,637,paladin,retribution,18,9,9
Fatalpally,antonidas,633,paladin,retribution,17,7,10
Taéyeon,quelthalas,624,paladin,retribution,15,7,8
Táçô,illidan,623,paladin,retribution,11,7,4
Krossfyre,kiljaeden,623,paladin,retribution,17,7,10
Strabic,stormrage,623,paladin,retribution,27,8,19
Jortesh,tichondrius,622,paladin,retribution,15,7,8
Grinzin,azralon,618,paladin,retribution,17,9,8
Modafinil,bonechewer,618,paladin,retribution,26,8,18
Shuckles,windrunner,618,paladin,retribution,26,8,18
Antoniano,ragnaros,617,paladin,retribution,13,8,5
Eljefee,emerald-dream,617,paladin,retribution,23,9,14
Frêyr,barthilas,608,paladin,retribution,22,7,15
Andelk,tichondrius,607,paladin,retribution,11,7,4
Chestbrah,nemesis,607,paladin,retribution,14,7,7
Bubbleosevn,dragonmaw,607,paladin,retribution,14,7,7
Jorix,stormrage,607,paladin,retribution,16,7,9
Tolkki,dalaran,607,paladin,retribution,26,7,19
Krønos,nordrassil,602,paladin,retribution,22,7,15
Sixtynine,nathrezim,592,paladin,retribution,31,7,24
Unïk,zuljin,591,paladin,retribution,11,7,4
Warbird,lightnings-blade,591,paladin,retribution,13,7,6
Theomere,sargeras,586,paladin,retribution,27,10,17
Hinnamnor,tichondrius,576,paladin,retribution,6,6,0
Fierfox,moon-guard,576,paladin,retribution,6,6,0
Fibonaci,sargeras,576,paladin,retribution,6,6,0
Liht,blood-furnace,576,paladin,retribution,6,6,0
Thøradin,moon-guard,576,paladin,retribution,6,6,0
Sabêr,ragnaros,576,paladin,retribution,6,6,0
Xandiê,sargeras,576,paladin,retribution,6,6,0
Lucard,drakkari,576,paladin,retribution,6,6,0
Arraladin,tichondrius,576,paladin,retribution,12,6,6
Soapgirl,area-52,576,paladin,retribution,12,6,6
Bigkspally,korgath,576,paladin,retribution,12,6,6
Memepaladin,area-52,576,paladin,retribution,12,6,6
Beluros,tichondrius,576,paladin,retribution,12,6,6
Immensepower,tichondrius,576,paladin,retribution,12,6,6
Ashley,sargeras,576,paladin,retribution,12,6,6
Sparticuss,frostmane,576,paladin,retribution,12,6,6
Potatopasta,area-52,576,paladin,retribution,12,6,6
Elowod,frostmourne,576,paladin,retribution,12,6,6
Careyprice,area-52,576,paladin,retribution,12,6,6
Byebyetwinks,khaz-modan,576,paladin,retribution,12,6,6
Jåckél,wyrmrest-accord,576,paladin,retribution,12,6,6
Irushthots,tichondrius,576,paladin,retribution,12,6,6
Bleeked,emerald-dream,576,paladin,retribution,12,6,6
Glynisir,sargeras,576,paladin,retribution,12,6,6
Thuggrnaut,darkspear,576,paladin,retribution,12,6,6
Rhoruk,turalyon,576,paladin,retribution,12,6,6
Jabrohnie,sargeras,576,paladin,retribution,12,6,6
Supramario,dragonmaw,576,paladin,retribution,12,6,6
Sonicblazer,darrowmere,576,paladin,retribution,12,6,6
Germ,korgath,576,paladin,retribution,12,6,6
Obeliskk,frostmourne,576,paladin,retribution,12,6,6
Seballedo,drakkari,576,paladin,retribution,12,6,6
Afterdawn,dreadmaul,576,paladin,retribution,12,6,6
Banzz,azralon,576,paladin,retribution,12,6,6
Beato,silvermoon,576,paladin,retribution,12,6,6
Gàreth,aerie-peak,576,paladin,retribution,12,6,6
Epicbro,kiljaeden,576,paladin,retribution,12,6,6
Vozy,shandris,576,paladin,retribution,12,6,6
Pokeyabutt,hydraxis,576,paladin,retribution,12,6,6
Kaïty,azralon,576,paladin,retribution,12,6,6
Lyà,area-52,576,paladin,retribution,12,6,6
Hammerd,area-52,576,paladin,retribution,12,6,6
Mystictoast,area-52,576,paladin,retribution,12,6,6
Accept,frostmourne,576,paladin,retribution,12,6,6
Emetselchs,tichondrius,576,paladin,retribution,12,6,6
Evelimash,bloodhoof,576,paladin,retribution,12,6,6
Zoroastrø,azralon,576,paladin,retribution,12,6,6
Lumberjack,bloodhoof,576,paladin,retribution,12,6,6
Masemune,bonechewer,576,paladin,retribution,12,6,6
Cübe,malganis,576,paladin,retribution,12,6,6
Seeys,tichondrius,576,paladin,retribution,12,6,6
Totalaustin,sargeras,576,paladin,retribution,12,6,6
Valandur,kelthuzad,576,paladin,retribution,12,6,6
Fallenp,hakkar,576,paladin,retribution,12,6,6
Dýnamo,azralon,576,paladin,retribution,12,6,6
Lebubbles,azuremyst,576,paladin,retribution,12,6,6
Bloodeladin,deathwing,576,paladin,retribution,12,6,6
Crânkdât,frostmourne,576,paladin,retribution,12,6,6
Avasti,proudmoore,576,paladin,retribution,12,6,6
Brpistol,azralon,576,paladin,retribution,12,6,6
Aura,emerald-dream,576,paladin,retribution,12,6,6
Roxiomoxa,ragnaros,576,paladin,retribution,12,6,6
Nyroxz,quelthalas,576,paladin,retribution,12,6,6
Sacerbelator,zuluhed,576,paladin,retribution,12,6,6
Thaléros,tichondrius,576,paladin,retribution,12,6,6
Bootacious,tichondrius,576,paladin,retribution,12,6,6
Koyourfamily,proudmoore,576,paladin,retribution,12,6,6
Holycrp,proudmoore,576,paladin,retribution,12,6,6
Snivasgo,ragnaros,576,paladin,retribution,12,6,6
Oynx,emerald-dream,576,paladin,retribution,12,6,6
Koûtt,ragnaros,576,paladin,retribution,12,6,6
Klamindor,emerald-dream,576,paladin,retribution,12,6,6
Venter,bleeding-hollow,576,paladin,retribution,12,6,6
Kissherlin,tichondrius,576,paladin,retribution,12,6,6
Cybopig,kelthuzad,576,paladin,retribution,12,6,6
Pallyalli,burning-blade,576,paladin,retribution,12,6,6
Pállyho,tichondrius,576,paladin,retribution,12,6,6
Gánico,ragnaros,576,paladin,retribution,12,6,6
Bloodyängel,emerald-dream,576,paladin,retribution,12,6,6
Cause,farstriders,576,paladin,retribution,12,6,6
Jacklo,the-venture-co,576,paladin,retribution,12,6,6
Proctrlx,tichondrius,576,paladin,retribution,12,6,6
Alphali,quelthalas,576,paladin,retribution,12,6,6
Holycrusador,bleeding-hollow,576,paladin,retribution,12,6,6
Raywhite,kelthuzad,576,paladin,retribution,12,6,6
Bruxx,twisting-nether,576,paladin,retribution,12,6,6
Çløúdéd,area-52,576,paladin,retribution,12,6,6
Sneely,kelthuzad,576,paladin,retribution,12,6,6
Bigdig,stormrage,576,paladin,retribution,12,6,6
Skarlagen,moon-guard,576,paladin,retribution,12,6,6
Geesworld,nazjatar,576,paladin,retribution,12,6,6
Yungcheezy,illidan,576,paladin,retribution,12,6,6
Sabêr,mannoroth,576,paladin,retribution,12,6,6
Aerandír,stormrage,576,paladin,retribution,12,6,6
Aëriy,moon-guard,576,paladin,retribution,12,6,6
Enj,stormrage,576,paladin,retribution,12,6,6
Rohad,thrall,576,paladin,retribution,12,6,6
Ltt,dalaran,576,paladin,retribution,12,6,6
Zèró,terokkar,576,paladin,retribution,12,6,6
Antonn,stormrage,576,paladin,retribution,12,6,6
Cvpal,stormrage,576,paladin,retribution,12,6,6
Panicbubblin,stormrage,576,paladin,retribution,12,6,6
Çhñkzrèt,illidan,576,paladin,retribution,12,6,6
Vilert,balnazzar,576,paladin,retribution,12,6,6
Yyh,illidan,576,paladin,retribution,12,6,6
Mikeyqt,nemesis,576,paladin,retribution,12,6,6
Xavorn,illidan,576,paladin,retribution,12,6,6
Onixx,kargath,576,paladin,retribution,12,6,6
Troegenator,stormrage,576,paladin,retribution,12,6,6
Retboy,archimonde,576,paladin,retribution,12,6,6
Brubb,illidan,576,paladin,retribution,12,6,6
Octaviak,moon-guard,576,paladin,retribution,12,6,6
Zägreus,moon-guard,576,paladin,retribution,12,6,6
Tacohuntter,stormrage,576,paladin,retribution,12,6,6
Trixzthot,barthilas,576,paladin,retribution,12,6,6
Gambitdin,moon-guard,576,paladin,retribution,12,6,6
Bootcrusader,thrall,576,paladin,retribution,15,7,8
Sunwalker,tichondrius,576,paladin,retribution,17,6,11
Koreancannon,tichondrius,576,paladin,retribution,21,7,14
Joshington,stormrage,576,paladin,retribution,21,7,14
Xpect,spinebreaker,576,paladin,retribution,18,6,12
Niksilp,malfurion,576,paladin,retribution,18,6,12
Goldskìn,sargeras,576,paladin,retribution,18,6,12
Júdgedredd,illidan,576,paladin,retribution,18,6,12
Slowmoshend,illidan,576,paladin,retribution,18,6,12
Kochinodin,ragnaros,576,paladin,retribution,18,6,12
Sourpatchh,stormrage,576,paladin,retribution,18,6,12
Exorcìst,tichondrius,576,paladin,retribution,18,6,12
Omniknìght,stormrage,576,paladin,retribution,18,6,12
Mateeka,malganis,576,paladin,retribution,18,6,12
Kronicle,bleeding-hollow,576,paladin,retribution,18,6,12
Retz,tichondrius,576,paladin,retribution,18,6,12
Felwythe,emerald-dream,576,paladin,retribution,18,6,12
Lightslion,stormrage,576,paladin,retribution,18,6,12
Terrordin,illidan,576,paladin,retribution,18,6,12
Bergz,agamaggan,576,paladin,retribution,18,6,12
Astolfo,tortheldrin,576,paladin,retribution,18,6,12
Hetodo,blood-furnace,576,paladin,retribution,18,6,12
Kramsìb,ragnaros,576,paladin,retribution,18,6,12
Respect,moon-guard,576,paladin,retribution,18,6,12
Emisoul,sargeras,576,paladin,retribution,18,6,12
Nufi,magtheridon,576,paladin,retribution,18,6,12
Shiftybugar,tichondrius,576,paladin,retribution,18,6,12
Liandroa,stormrage,576,paladin,retribution,18,6,12
Jafbe,mugthol,576,paladin,retribution,18,6,12
Divineera,frostmourne,576,paladin,retribution,18,6,12
Wreathy,sargeras,576,paladin,retribution,18,6,12
Suro,moon-guard,576,paladin,retribution,18,6,12
Pallyfreddyy,frostmourne,576,paladin,retribution,24,6,18
Ahsilum,frostmourne,576,paladin,retribution,24,6,18
Dragrias,altar-of-storms,575,paladin,retribution,10,7,3
Übermane,illidan,575,paladin,retribution,12,6,6
Ikanacanyon,stormrage,575,paladin,retribution,12,6,6
Laluce,malganis,575,paladin,retribution,12,6,6
Arkmedys,azralon,575,paladin,retribution,12,6,6
Drágônbôrn,tichondrius,575,paladin,retribution,12,6,6
Knobody,emerald-dream,575,paladin,retribution,12,6,6
Toscadin,ragnaros,575,paladin,retribution,12,6,6
Heiinneken,queldorei,575,paladin,retribution,12,6,6
Vanmauren,quelthalas,575,paladin,retribution,12,6,6
Uvatah,quelthalas,575,paladin,retribution,12,6,6
Vincentnero,runetotem,575,paladin,retribution,12,6,6
Killmode,kelthuzad,575,paladin,retribution,12,6,6
Yuzuru,mannoroth,575,paladin,retribution,12,6,6
Shaggrilla,trollbane,575,paladin,retribution,12,6,6
Skyangel,illidan,575,paladin,retribution,12,6,6
Potiguar,azralon,575,paladin,retribution,12,6,6
Mòse,emerald-dream,575,paladin,retribution,12,6,6
Crixius,eredar,575,paladin,retribution,12,6,6
Blëssëd,zuljin,575,paladin,retribution,12,6,6
Jovolur,dalaran,575,paladin,retribution,12,6,6
Camcam,thrall,575,paladin,retribution,12,6,6
Onecmpeter,kelthuzad,575,paladin,retribution,12,6,6
Holyfaxis,rexxar,575,paladin,retribution,15,7,8
Freesorrow,area-52,575,paladin,retribution,13,6,7
Trekpii,area-52,575,paladin,retribution,13,6,7
Vosailer,illidan,575,paladin,retribution,16,7,9
Bebedor,azralon,575,paladin,retribution,15,6,9
Cropcircles,whisperwind,575,paladin,retribution,18,6,12
Oceangal,illidan,575,paladin,retribution,18,6,12
Haziel,darkspear,575,paladin,retribution,18,6,12
Killstien,illidan,575,paladin,retribution,18,6,12
Palpaladines,quelthalas,575,paladin,retribution,18,6,12
Valdi,stonemaul,575,paladin,retribution,18,6,12
Lecarde,cenarion-circle,575,paladin,retribution,24,6,18
Vecknilashx,quelthalas,575,paladin,retribution,24,6,18
Clasheoff,mannoroth,574,paladin,retribution,12,6,6
Freiror,azralon,574,paladin,retribution,12,6,6
Ihmperiuus,quelthalas,574,paladin,retribution,12,6,6
Akeero,khaz-modan,574,paladin,retribution,12,6,6
Crithealss,dalaran,574,paladin,retribution,12,6,6
Tamahu,azralon,574,paladin,retribution,18,6,12
Darqtank,smolderthorn,574,paladin,retribution,18,6,12
Halordriest,tichondrius,574,paladin,retribution,18,6,12
Fenfrineflo,azralon,574,paladin,retribution,18,6,12
Synnderilla,wyrmrest-accord,574,paladin,retribution,18,6,12
Judgemèntal,illidan,574,paladin,retribution,20,6,14
Phankro,quelthalas,573,paladin,retribution,12,6,6
Kalayton,nesingwary,573,paladin,retribution,12,6,6
Tauyoshi,azjolnerub,573,paladin,retribution,12,6,6
Gämä,azralon,573,paladin,retribution,18,6,12
Alluxian,zuljin,573,paladin,retribution,24,6,18
Chadrickk,tichondrius,572,paladin,retribution,12,6,6
Thorbrecht,moon-guard,572,paladin,retribution,12,6,6
Vanaris,blackrock,571,paladin,retribution,12,6,6
Ajaex,area-52,571,paladin,retribution,12,6,6
Kalerien,wildhammer,571,paladin,retribution,12,6,6
Lucent,duskwood,571,paladin,retribution,18,6,12
Bunkalunk,lightbringer,570,paladin,retribution,15,6,9
Niáa,quelthalas,570,paladin,retribution,18,6,12
Ginwow,hakkar,570,paladin,retribution,18,6,12
Palâdino,azralon,568,paladin,retribution,21,7,14
Arkeon,shadowsong,566,paladin,retribution,12,6,6
Halldhyr,quelthalas,566,paladin,retribution,12,6,6
Ssggk,proudmoore,553,paladin,retribution,17,6,11
Holymanè,tichondrius,543,paladin,retribution,14,7,7
Gloren,garrosh,543,paladin,retribution,17,6,11
Buffalosaucé,illidan,543,paladin,retribution,17,6,11
Suslazin,area-52,543,paladin,retribution,20,7,13
Fødãø,azralon,542,paladin,retribution,11,6,5
Criskaruz,ragnaros,542,paladin,retribution,17,6,11
Hadagoodlay,zuljin,528,paladin,retribution,15,6,9
Yulzypal,tichondrius,527,paladin,retribution,11,6,5
Svaanah,moon-guard,527,paladin,retribution,11,6,5
Sucris,kelthuzad,527,paladin,retribution,11,6,5
Rugay,sargeras,527,paladin,retribution,11,6,5
Tazzul,turalyon,527,paladin,retribution,15,7,8
Vardrik,darkspear,527,paladin,retribution,15,6,9
Oxoslayeroxo,firetree,527,paladin,retribution,15,6,9
ßirdie,ragnaros,527,paladin,retribution,17,6,11
Yuriie,stormrage,527,paladin,retribution,17,6,11
Radiantheart,norgannon,525,paladin,retribution,11,6,5
Briaelyne,tichondrius,522,paladin,retribution,25,8,17
Nathaniel,galakrond,511,paladin,retribution,14,6,8
ßìgdám,bleeding-hollow,511,paladin,retribution,17,6,11
Javiermiléi,quelthalas,511,paladin,retribution,26,6,20
Releváncé,frostmourne,496,paladin,retribution,27,6,21
Spàrhawke,stormrage,495,paladin,retribution,13,6,7
Pemodyne,illidan,495,paladin,retribution,13,6,7
Fionax,frostmourne,495,paladin,retribution,21,6,15
Senorwang,dalaran,494,paladin,retribution,13,6,7
Pickleparker,stormrage,480,paladin,retribution,6,5,1
Lastjedi,whisperwind,480,paladin,retribution,6,5,1
Kelimir,dathremar,480,paladin,retribution,6,5,1
Dragon,uldum,480,paladin,retribution,6,5,1
Mythîcxd,tichondrius,480,paladin,retribution,6,5,1
Mardrïus,tichondrius,480,paladin,retribution,6,5,1
Dartpuncher,frostmourne,480,paladin,retribution,6,5,1
Capsiel,caelestrasz,480,paladin,retribution,6,5,1
Speedlight,ragnaros,480,paladin,retribution,6,5,1
Jianwen,kargath,480,paladin,retribution,6,5,1
Corevp,frostmourne,480,paladin,retribution,6,5,1
Kimitail,tichondrius,480,paladin,retribution,6,5,1
Anarkay,frostmourne,480,paladin,retribution,6,5,1
Adrieoss,stormrage,480,paladin,retribution,6,5,1
Shibbx,quelthalas,480,paladin,retribution,6,5,1
Moozafa,kiljaeden,480,paladin,retribution,6,5,1
Bauschret,thrall,480,paladin,retribution,6,5,1
Pallisix,barthilas,480,paladin,retribution,6,5,1
Jxo,tichondrius,480,paladin,retribution,6,5,1
Strykerrz,tanaris,480,paladin,retribution,6,5,1
Notprot,zuljin,480,paladin,retribution,6,5,1
Romeh,malganis,480,paladin,retribution,6,5,1
Zelowrath,emerald-dream,480,paladin,retribution,6,5,1
Fálko,azralon,480,paladin,retribution,6,5,1
Kongo,darkspear,480,paladin,retribution,6,5,1
Oldlemon,tichondrius,480,paladin,retribution,6,5,1
Shova,nemesis,480,paladin,retribution,6,5,1
Holypillager,zuljin,480,paladin,retribution,6,5,1
Einjerhar,quelthalas,480,paladin,retribution,6,5,1
Mandymuze,illidan,480,paladin,retribution,6,5,1
Van,tichondrius,480,paladin,retribution,6,5,1
Rangedmelee,stormrage,480,paladin,retribution,6,5,1
Fistrozenemy,illidan,480,paladin,retribution,6,5,1
Cès,tichondrius,480,paladin,retribution,6,5,1
Demetriusxy,tichondrius,480,paladin,retribution,6,5,1
Gramsby,aggramar,480,paladin,retribution,6,5,1
Ganrof,mugthol,480,paladin,retribution,6,5,1
Zeprikito,nemesis,480,paladin,retribution,6,5,1
Retxmack,lightnings-blade,480,paladin,retribution,6,5,1
Mollymatt,drenden,480,paladin,retribution,6,5,1
Divenelena,sargeras,480,paladin,retribution,6,5,1
Mmrdonator,icecrown,480,paladin,retribution,6,5,1
Mcjudgin,kilrogg,480,paladin,retribution,6,5,1
Overbet,area-52,480,paladin,retribution,9,6,3
Smaugg,boulderfist,480,paladin,retribution,9,6,3
Siamac,illidan,480,paladin,retribution,13,7,6
Thadrian,nazgrel,480,paladin,retribution,12,5,7
Maxduo,bleeding-hollow,480,paladin,retribution,12,5,7
Jadedx,stormrage,480,paladin,retribution,12,5,7
Valkaurus,drakkari,480,paladin,retribution,12,5,7
Ssawsy,illidan,480,paladin,retribution,12,5,7
Gotwingz,moon-guard,480,paladin,retribution,12,5,7
Kirklandbeef,gorefiend,480,paladin,retribution,12,5,7
Jonbonholy,sargeras,480,paladin,retribution,12,5,7
Uneazyxx,tichondrius,480,paladin,retribution,12,5,7
Wahpop,sargeras,480,paladin,retribution,12,5,7
Faithkiller,garrosh,480,paladin,retribution,12,5,7
Connore,stormrage,480,paladin,retribution,12,5,7
Chenghisret,tichondrius,480,paladin,retribution,12,5,7
Beatman,blades-edge,480,paladin,retribution,12,5,7
Rhaegorn,drakkari,480,paladin,retribution,12,5,7
Thickgirl,bleeding-hollow,480,paladin,retribution,12,5,7
Jaenus,azralon,480,paladin,retribution,12,5,7
Aeoliá,moon-guard,480,paladin,retribution,12,5,7
Lücid,arthas,480,paladin,retribution,12,5,7
Funk,sargeras,480,paladin,retribution,12,5,7
Daddyspit,arthas,480,paladin,retribution,12,5,7
Athamon,nemesis,480,paladin,retribution,12,5,7
Mikeawk,tichondrius,480,paladin,retribution,12,5,7
Trinkhammer,illidan,480,paladin,retribution,12,5,7
Narcolepso,azralon,480,paladin,retribution,12,5,7
Hegarth,archimonde,480,paladin,retribution,12,5,7
Rikku,undermine,480,paladin,retribution,12,5,7
Azerothmajor,tichondrius,480,paladin,retribution,12,5,7
Lightknight,lothar,480,paladin,retribution,12,5,7
Raveen,veknilash,480,paladin,retribution,12,5,7
Shadomourne,arthas,480,paladin,retribution,12,5,7
Ravage,lothar,480,paladin,retribution,12,5,7
Hattie,arthas,480,paladin,retribution,12,5,7
Delightt,sargeras,480,paladin,retribution,12,5,7
Zulyourmom,tichondrius,480,paladin,retribution,12,5,7
Alibuda,tichondrius,480,paladin,retribution,12,5,7
Keelroi,sargeras,480,paladin,retribution,12,5,7
Remorâ,blackrock,480,paladin,retribution,12,5,7
Lowhp,tichondrius,480,paladin,retribution,12,5,7
Bigbleuu,kiljaeden,480,paladin,retribution,12,5,7
Theraptos,frostmourne,480,paladin,retribution,12,5,7
Pussandboots,cairne,480,paladin,retribution,12,5,7
Crucifuk,sargeras,480,paladin,retribution,12,5,7
Jaslexa,illidan,480,paladin,retribution,12,5,7
Shiningtendi,aerie-peak,480,paladin,retribution,12,5,7
Addisen,malganis,480,paladin,retribution,12,5,7
Xizzor,darkspear,480,paladin,retribution,12,5,7
Hallastus,stormrage,480,paladin,retribution,12,5,7
Bettyböp,bleeding-hollow,480,paladin,retribution,12,5,7
Tisu,kiljaeden,480,paladin,retribution,12,5,7
Dragomnnm,stormrage,480,paladin,retribution,12,5,7
Toojazzyleah,proudmoore,480,paladin,retribution,12,5,7
Aeolus,uldaman,480,paladin,retribution,12,5,7
Bigolhammer,khadgar,480,paladin,retribution,12,5,7
Shinymoo,laughing-skull,480,paladin,retribution,12,5,7
ßraveheart,zuljin,480,paladin,retribution,12,5,7
Níngjìngy,tichondrius,480,paladin,retribution,12,5,7
Holytankadin,alleria,480,paladin,retribution,12,5,7
Dinobe,arthas,480,paladin,retribution,12,5,7
Yoroding,tichondrius,480,paladin,retribution,12,5,7
Adrexious,dalaran,480,paladin,retribution,12,5,7
Dehya,sargeras,480,paladin,retribution,12,5,7
Wetterguuch,area-52,480,paladin,retribution,12,5,7
Nohtu,quelthalas,480,paladin,retribution,12,5,7
Liadryn,kiljaeden,480,paladin,retribution,12,5,7
Noleyboo,proudmoore,480,paladin,retribution,12,5,7
Cedwarlancy,sargeras,480,paladin,retribution,12,5,7
Sabericdos,proudmoore,480,paladin,retribution,12,5,7
Mickelodeon,sargeras,480,paladin,retribution,12,5,7
Wreckina,tichondrius,480,paladin,retribution,12,5,7
Hotnchocolat,stormrage,480,paladin,retribution,12,5,7
Mohrdeth,bonechewer,480,paladin,retribution,12,5,7
Holyham,bonechewer,480,paladin,retribution,12,5,7
Kuyueh,tichondrius,480,paladin,retribution,12,5,7
Dipho,illidan,480,paladin,retribution,12,5,7
Meith,ragnaros,480,paladin,retribution,12,5,7
Namiiswan,area-52,480,paladin,retribution,12,5,7
Gotenks,trollbane,480,paladin,retribution,12,5,7
Minzyp,illidan,480,paladin,retribution,12,5,7
Methor,thrall,480,paladin,retribution,12,5,7
Crazymikey,bleeding-hollow,480,paladin,retribution,12,5,7
Únhøly,aegwynn,480,paladin,retribution,12,5,7
Delaswing,quelthalas,480,paladin,retribution,12,5,7
Balmain,moon-guard,480,paladin,retribution,12,5,7
Flavor,cairne,480,paladin,retribution,12,5,7
Gavriel,quelthalas,480,paladin,retribution,12,5,7
Wonas,ragnaros,480,paladin,retribution,12,5,7
Ganster,dreadmaul,480,paladin,retribution,12,5,7
Kaelel,barthilas,480,paladin,retribution,12,5,7
Héathèn,area-52,480,paladin,retribution,12,5,7
Dirtbagg,demon-soul,480,paladin,retribution,12,5,7
Joonzu,frostmane,480,paladin,retribution,12,5,7
Dalance,draka,480,paladin,retribution,12,5,7
Leaelda,wyrmrest-accord,480,paladin,retribution,12,5,7
Hekcthor,ragnaros,480,paladin,retribution,12,5,7
Akain,tichondrius,480,paladin,retribution,12,5,7
Ollyollyawks,bloodscalp,480,paladin,retribution,12,5,7
Merphy,tichondrius,480,paladin,retribution,12,5,7
Lastal,kiljaeden,480,paladin,retribution,12,5,7
Rymondo,sargeras,480,paladin,retribution,12,5,7
Gennara,ragnaros,480,paladin,retribution,12,5,7
Farmerzonly,tichondrius,480,paladin,retribution,12,5,7
Vain,shuhalo,480,paladin,retribution,12,5,7
Yellowmay,sargeras,480,paladin,retribution,12,5,7
Dimsimbar,frostmourne,480,paladin,retribution,12,5,7
Sigismud,quelthalas,480,paladin,retribution,12,5,7
Bold,frostmourne,480,paladin,retribution,12,5,7
Callandør,illidan,480,paladin,retribution,12,5,7
Berapal,tichondrius,480,paladin,retribution,12,5,7
Critadins,thrall,480,paladin,retribution,12,5,7
Shaktii,ragnaros,480,paladin,retribution,12,5,7
Heamis,thunderlord,480,paladin,retribution,12,5,7
Randvi,sargeras,480,paladin,retribution,12,5,7
Thrasheric,ragnaros,480,paladin,retribution,12,5,7
Fixyouz,mannoroth,480,paladin,retribution,12,5,7
Thin,ragnaros,480,paladin,retribution,12,5,7
Jerichô,destromath,480,paladin,retribution,12,5,7
Rakkhalar,ragnaros,480,paladin,retribution,12,5,7
Bullpaladin,barthilas,480,paladin,retribution,12,5,7
Itaghí,sargeras,480,paladin,retribution,12,5,7
Jinuhn,illidan,480,paladin,retribution,12,5,7
Cairdk,ragnaros,480,paladin,retribution,12,5,7
Shadòw,emerald-dream,480,paladin,retribution,12,5,7
Azajudgeman,nemesis,480,paladin,retribution,15,5,10
Holycots,stormrage,480,paladin,retribution,18,5,13
Tikkun,area-52,480,paladin,retribution,18,5,13
Razuel,frostmourne,480,paladin,retribution,18,5,13
Immunelf,azgalor,480,paladin,retribution,18,5,13
Petunias,malganis,480,paladin,retribution,18,5,13
Theril,kelthuzad,480,paladin,retribution,18,5,13
Odiato,stormrage,480,paladin,retribution,18,5,13
Midnightboto,dragonmaw,480,paladin,retribution,18,5,13
Supermetroid,vashj,480,paladin,retribution,18,5,13
Papazon,tichondrius,480,paladin,retribution,18,5,13
Gompa,bleeding-hollow,480,paladin,retribution,18,5,13
Spótt,stormrage,480,paladin,retribution,18,5,13
Melgamis,quelthalas,480,paladin,retribution,18,5,13
Reehzlol,stormrage,480,paladin,retribution,18,5,13
Ztpz,illidan,480,paladin,retribution,18,5,13
Purged,wyrmrest-accord,480,paladin,retribution,18,5,13
Deecompose,sargeras,480,paladin,retribution,18,5,13
Downs,tichondrius,480,paladin,retribution,18,5,13
Tomcat,bladefist,480,paladin,retribution,18,5,13
Parkhwi,tichondrius,480,paladin,retribution,18,5,13
Zightmare,azralon,480,paladin,retribution,18,5,13
Exer,ragnaros,480,paladin,retribution,18,5,13
Typheuz,wyrmrest-accord,480,paladin,retribution,18,5,13
Grubbyhands,tichondrius,480,paladin,retribution,18,5,13
Harke,drakkari,480,paladin,retribution,18,5,13
Chriscoz,korgath,480,paladin,retribution,18,5,13
Photons,emerald-dream,480,paladin,retribution,18,5,13
Firexfist,gurubashi,480,paladin,retribution,24,5,19
Spoelstra,dragonmaw,480,paladin,retribution,24,5,19
Zero,garona,480,paladin,retribution,30,5,25
Azdan,ragnaros,480,paladin,retribution,30,5,25
Lorawynn,cenarion-circle,479,paladin,retribution,6,5,1
Abuenano,ragnaros,479,paladin,retribution,6,5,1
Kremation,zuljin,479,paladin,retribution,6,5,1
Palaknight,tichondrius,479,paladin,retribution,6,5,1
Asttryd,barthilas,479,paladin,retribution,12,7,5
Heneaz,quelthalas,479,paladin,retribution,12,5,7
Inqa,thunderlord,479,paladin,retribution,12,5,7
Noctis,nerzhul,479,paladin,retribution,12,5,7
Memoríez,zuljin,479,paladin,retribution,12,5,7
Minjikim,tichondrius,479,paladin,retribution,12,5,7
Ðarksealz,laughing-skull,479,paladin,retribution,12,5,7
Reedeemer,bonechewer,479,paladin,retribution,12,5,7
Khels,gilneas,479,paladin,retribution,12,5,7
Mereoleona,elune,479,paladin,retribution,12,5,7
Zelrich,moon-guard,479,paladin,retribution,12,5,7
Cóg,area-52,479,paladin,retribution,12,5,7
Cowsavior,terenas,479,paladin,retribution,12,5,7
Ashera,amanthul,479,paladin,retribution,12,5,7
Robz,malygos,479,paladin,retribution,12,5,7
Ceebuck,thrall,479,paladin,retribution,12,5,7
Murderous,frostmourne,479,paladin,retribution,12,5,7
Kaylafell,kelthuzad,479,paladin,retribution,12,5,7
Maswell,emerald-dream,479,paladin,retribution,12,5,7
Sgtskittles,aggramar,479,paladin,retribution,12,5,7
Chrisqwa,sargeras,479,paladin,retribution,12,5,7
Takz,daggerspine,479,paladin,retribution,14,5,9
Provail,stormrage,479,paladin,retribution,18,5,13
Griz,magtheridon,479,paladin,retribution,18,5,13
Oilme,bleeding-hollow,479,paladin,retribution,18,5,13
Kief,emerald-dream,479,paladin,retribution,18,5,13
Kajoruun,bleeding-hollow,479,paladin,retribution,24,5,19
Disconnect,azjolnerub,479,paladin,retribution,24,5,19
Palypunchh,darrowmere,478,paladin,retribution,12,6,6
Impia,tichondrius,478,paladin,retribution,12,5,7
Neipala,ragnaros,478,paladin,retribution,12,5,7
Millicentt,quelthalas,478,paladin,retribution,12,5,7
Chengduqq,illidan,478,paladin,retribution,12,5,7
Lagun,wyrmrest-accord,478,paladin,retribution,12,5,7
Vonfraud,lightbringer,478,paladin,retribution,18,5,13
Alvis,kiljaeden,478,paladin,retribution,24,5,19
Benzen,bleeding-hollow,477,paladin,retribution,12,5,7
Jammsheed,arthas,477,paladin,retribution,12,5,7
Kaminasol,quelthalas,477,paladin,retribution,18,5,13
Pedromuulos,misha,477,paladin,retribution,24,5,19
Solstein,dalaran,474,paladin,retribution,12,5,7
Dubaron,burning-blade,473,paladin,retribution,12,5,7
Vengecide,proudmoore,473,paladin,retribution,12,5,7
Elysés,stormrage,463,paladin,retribution,11,5,6
Kforty,kiljaeden,458,paladin,retribution,18,7,11
Pablito,fizzcrank,457,paladin,retribution,21,7,14
Thepallyx,silvermoon,448,paladin,retribution,16,5,11
Bloodybill,frostmane,447,paladin,retribution,11,5,6
Jireen,tichondrius,447,paladin,retribution,11,5,6
Asarul,ragnaros,447,paladin,retribution,14,6,8
Holythanos,bleeding-hollow,445,paladin,retribution,17,5,12
Árèz,frostmourne,441,paladin,retribution,17,7,10
Alacrity,shadowsong,432,paladin,retribution,15,5,10
Neverforgot,quelthalas,431,paladin,retribution,11,5,6
Zzf,turalyon,431,paladin,retribution,11,5,6
Naeamen,dragonmaw,430,paladin,retribution,9,6,3
Ahzreal,garona,426,paladin,retribution,16,8,8
Regivän,azralon,426,paladin,retribution,12,6,6
Hálløwéð,firetree,426,paladin,retribution,14,6,8
Stankylordz,sargeras,426,paladin,retribution,19,8,11
Rashrind,moon-guard,426,paladin,retribution,23,8,15
Kimochiyuh,illidan,425,paladin,retribution,17,7,10
Yemotis,emerald-dream,416,paladin,retribution,10,5,5
Ææøææøææøææø,illidan,416,paladin,retribution,10,5,5
Molodino,nemesis,416,paladin,retribution,10,5,5
Lndrenk,gallywix,416,paladin,retribution,13,5,8
Stahny,thrall,415,paladin,retribution,10,5,5
Saviorsavior,bleeding-hollow,415,paladin,retribution,11,5,6
Epxilon,ragnaros,415,paladin,retribution,14,5,9
Artaxerxes,stormrage,415,paladin,retribution,14,5,9
Waffulzz,moonrunner,415,paladin,retribution,20,5,15
Rainingrets,tichondrius,404,paladin,retribution,28,10,18
Thechoseno,tichondrius,400,paladin,retribution,13,5,8
Iamriched,illidan,400,paladin,retribution,13,5,8
Tinithis,tichondrius,399,paladin,retribution,5,5,0
Sydnneeyy,kelthuzad,399,paladin,retribution,5,5,0
Kaypross,area-52,384,paladin,retribution,6,4,2
Dwarfineas,dalaran,384,paladin,retribution,6,4,2
Suddify,area-52,384,paladin,retribution,6,4,2
Farlayne,quelthalas,384,paladin,retribution,6,4,2
Laventus,area-52,384,paladin,retribution,6,4,2
Ascencer,spirestone,384,paladin,retribution,6,4,2
Ashlín,sargeras,384,paladin,retribution,6,4,2
Taiffan,azralon,384,paladin,retribution,6,4,2
Dartárok,ragnaros,384,paladin,retribution,6,4,2
Cenital,quelthalas,384,paladin,retribution,6,4,2
Owllii,frostwolf,384,paladin,retribution,6,4,2
Anstyl,moon-guard,384,paladin,retribution,6,4,2
Thottylight,stormrage,384,paladin,retribution,6,4,2
Vólko,frostmourne,384,paladin,retribution,6,4,2
Rexinarr,area-52,384,paladin,retribution,6,4,2
Seven,blackwing-lair,384,paladin,retribution,6,4,2
Leoros,blackrock,384,paladin,retribution,6,4,2
Cålamìty,dalaran,384,paladin,retribution,6,4,2
Tayvar,stormrage,384,paladin,retribution,6,4,2
Trynith,area-52,384,paladin,retribution,6,4,2
Trisøn,area-52,384,paladin,retribution,6,4,2
Pappablanco,stormrage,384,paladin,retribution,6,4,2
Chandlerrj,area-52,384,paladin,retribution,6,4,2
Goontaa,staghelm,384,paladin,retribution,6,4,2
Yuliu,magtheridon,384,paladin,retribution,6,4,2
Inactive,gilneas,384,paladin,retribution,6,4,2
Luluwu,stormrage,384,paladin,retribution,6,4,2
Salithan,gilneas,384,paladin,retribution,6,4,2
Wyrmblood,moon-guard,384,paladin,retribution,6,4,2
Plateßound,black-dragonflight,384,paladin,retribution,6,4,2
Plottwists,bleeding-hollow,384,paladin,retribution,6,4,2
Washavy,drakkari,384,paladin,retribution,6,4,2
Dörisseline,bleeding-hollow,384,paladin,retribution,6,4,2
Babylonfive,zuluhed,384,paladin,retribution,6,4,2
Lothremar,stormrage,384,paladin,retribution,6,4,2
Easiestclass,azshara,384,paladin,retribution,6,4,2
Åphrodite,bleeding-hollow,384,paladin,retribution,6,4,2
Notaefc,icecrown,384,paladin,retribution,6,4,2
Doç,stormrage,384,paladin,retribution,6,4,2
Thêirin,lightbringer,384,paladin,retribution,6,4,2
Ashgrim,kiljaeden,384,paladin,retribution,6,4,2
Temptrez,bleeding-hollow,384,paladin,retribution,6,4,2
Dyreilas,stormrage,384,paladin,retribution,6,4,2
Shadp,frostmourne,384,paladin,retribution,6,4,2
Polisexüs,azralon,384,paladin,retribution,6,4,2
Lalatinaford,amanthul,384,paladin,retribution,6,4,2
Bop,azralon,384,paladin,retribution,6,4,2
Ironpallyx,garrosh,384,paladin,retribution,6,4,2
Palieop,aerie-peak,384,paladin,retribution,6,4,2
Saulhudson,bleeding-hollow,384,paladin,retribution,6,4,2
Pray,thunderlord,384,paladin,retribution,6,4,2
Vxm,illidan,384,paladin,retribution,6,4,2
Crewsade,sargeras,384,paladin,retribution,6,4,2
Baladine,zuljin,384,paladin,retribution,6,4,2
Daylit,proudmoore,384,paladin,retribution,6,4,2
Gilgamesh,moonrunner,384,paladin,retribution,6,4,2
Xs,nagrand,384,paladin,retribution,6,4,2
Dazztrain,barthilas,384,paladin,retribution,6,4,2
Akadios,azralon,384,paladin,retribution,6,4,2
Paredes,demon-soul,384,paladin,retribution,6,4,2
Darkestday,hellscream,384,paladin,retribution,6,4,2
Aohxmathoss,zuljin,384,paladin,retribution,6,4,2
Nikho,thunderlord,384,paladin,retribution,6,4,2
Giancarloss,quelthalas,384,paladin,retribution,6,4,2
Silreck,ragnaros,384,paladin,retribution,6,4,2
Rohlin,boulderfist,384,paladin,retribution,6,4,2
Couraegus,azgalor,384,paladin,retribution,6,4,2
Sasukee,quelthalas,384,paladin,retribution,6,4,2
Dillysdilly,zuljin,384,paladin,retribution,6,4,2
Crocfacex,tichondrius,384,paladin,retribution,6,4,2
Heliösdark,quelthalas,384,paladin,retribution,6,4,2
Slakyph,zuljin,384,paladin,retribution,6,4,2
Darklyght,madoran,384,paladin,retribution,6,4,2
Chunggus,eredar,384,paladin,retribution,6,4,2
Twobuttons,draktharon,384,paladin,retribution,6,4,2
Poobiotic,frostmourne,384,paladin,retribution,6,4,2
Butterbeanz,tanaris,384,paladin,retribution,6,4,2
Cratt,chromaggus,384,paladin,retribution,6,4,2
Wosy,azralon,384,paladin,retribution,6,4,2
Redempshun,drenden,384,paladin,retribution,6,4,2
Aymer,thrall,384,paladin,retribution,6,4,2
Anaxxie,azralon,384,paladin,retribution,6,4,2
Raphaelo,tichondrius,384,paladin,retribution,6,4,2
Navex,tichondrius,384,paladin,retribution,6,4,2
Zetka,tichondrius,384,paladin,retribution,6,4,2
Daylin,tichondrius,384,paladin,retribution,6,4,2
Illustrata,illidan,384,paladin,retribution,6,4,2
Reclusiarch,tichondrius,384,paladin,retribution,6,4,2
Patrikuu,tichondrius,384,paladin,retribution,6,4,2
Dörisseline,tichondrius,384,paladin,retribution,6,4,2
Fxxku,tichondrius,384,paladin,retribution,6,4,2
Bubblebùtt,tichondrius,384,paladin,retribution,6,4,2
Bmorezaddy,tichondrius,384,paladin,retribution,6,4,2
Reckoniing,moon-guard,384,paladin,retribution,6,4,2
Khanid,emerald-dream,384,paladin,retribution,6,4,2
Heniou,tichondrius,384,paladin,retribution,6,4,2
Isevp,illidan,384,paladin,retribution,6,4,2
Täintcrusher,illidan,384,paladin,retribution,6,4,2
Tanrid,moon-guard,384,paladin,retribution,6,4,2
Merlinä,illidan,384,paladin,retribution,6,4,2
Gigantidab,tichondrius,384,paladin,retribution,6,4,2
Xöchïqüëtzäl,tichondrius,384,paladin,retribution,6,4,2
Laurenlight,tichondrius,384,paladin,retribution,6,4,2
Fâmed,tichondrius,384,paladin,retribution,6,4,2
Bloodrefuge,tichondrius,384,paladin,retribution,6,4,2
Gåbrîel,emerald-dream,384,paladin,retribution,6,4,2
Bigddady,quelthalas,384,paladin,retribution,8,4,4
Minaxx,dalaran,384,paladin,retribution,9,4,5
Thõre,frostmourne,384,paladin,retribution,15,5,10
Joepepperoni,korgath,384,paladin,retribution,12,4,8
Crystahlmeth,sargeras,384,paladin,retribution,12,4,8
Tyronethebbc,tichondrius,384,paladin,retribution,12,4,8
Vhaun,cairne,384,paladin,retribution,12,4,8
Varuul,nerzhul,384,paladin,retribution,12,4,8
Volphorix,illidan,384,paladin,retribution,12,4,8
Hisenberg,drakkari,384,paladin,retribution,12,4,8
Roländ,thrall,384,paladin,retribution,12,4,8
Jimithing,senjin,384,paladin,retribution,12,4,8
Lokkillos,drakkari,384,paladin,retribution,12,4,8
Holyhymen,mannoroth,384,paladin,retribution,12,4,8
Moltensilver,emerald-dream,384,paladin,retribution,12,4,8
Givinpowpows,korgath,384,paladin,retribution,12,4,8
Grimdel,moon-guard,384,paladin,retribution,12,4,8
Dohsevèn,tichondrius,384,paladin,retribution,12,4,8
Zexion,azralon,384,paladin,retribution,12,4,8
Zyras,whisperwind,384,paladin,retribution,12,4,8
Sixty,sargeras,384,paladin,retribution,12,4,8
Maelificus,aggramar,384,paladin,retribution,12,4,8
Abregut,ragnaros,384,paladin,retribution,12,4,8
Drpawg,tichondrius,384,paladin,retribution,12,4,8
Kreigvar,moon-guard,384,paladin,retribution,12,4,8
Passinpeace,tichondrius,384,paladin,retribution,12,4,8
Vodulight,tichondrius,384,paladin,retribution,12,4,8
Fengyutongqs,tichondrius,384,paladin,retribution,12,4,8
Eettooko,aegwynn,384,paladin,retribution,12,4,8
Sethy,feathermoon,384,paladin,retribution,12,4,8
Lenneth,nordrassil,384,paladin,retribution,12,4,8
Msjudged,blackrock,384,paladin,retribution,12,4,8
Icekiss,tichondrius,384,paladin,retribution,12,4,8
Niolite,ragnaros,384,paladin,retribution,12,4,8
Bauldrin,moon-guard,384,paladin,retribution,12,4,8
Elflicious,illidan,384,paladin,retribution,12,4,8
Crazysyco,proudmoore,384,paladin,retribution,12,4,8
Bracen,emerald-dream,384,paladin,retribution,12,4,8
Goloh,shadowmoon,384,paladin,retribution,12,4,8
Delvious,proudmoore,384,paladin,retribution,12,4,8
Rightz,muradin,384,paladin,retribution,12,4,8
Botch,drenden,384,paladin,retribution,12,4,8
Retoric,maelstrom,384,paladin,retribution,12,4,8
Aewynn,nemesis,384,paladin,retribution,12,4,8
Saamuus,quelthalas,384,paladin,retribution,12,4,8
Retspec,darkspear,384,paladin,retribution,12,4,8
Simonis,windrunner,384,paladin,retribution,12,4,8
Baptism,shattered-hand,384,paladin,retribution,12,4,8
Mashy,moon-guard,384,paladin,retribution,12,4,8
Gersin,azralon,384,paladin,retribution,12,4,8
Retsáiyan,tichondrius,384,paladin,retribution,12,4,8
Aricen,thunderhorn,384,paladin,retribution,12,4,8
Strugglèbus,thrall,384,paladin,retribution,12,4,8
Lânnâ,tichondrius,384,paladin,retribution,12,4,8
Heavener,tichondrius,384,paladin,retribution,12,4,8
Gloryholy,shattered-hand,384,paladin,retribution,12,4,8
Dorka,illidan,384,paladin,retribution,12,4,8
Dose,moon-guard,384,paladin,retribution,12,4,8
Sigmapepe,quelthalas,384,paladin,retribution,12,4,8
Lightahean,proudmoore,384,paladin,retribution,12,4,8
Phattpump,tichondrius,384,paladin,retribution,12,4,8
Sahbabii,baelgun,384,paladin,retribution,12,4,8
Wolfgrad,stormrage,384,paladin,retribution,12,4,8
Tufybighamer,malganis,384,paladin,retribution,12,4,8
Kratosq,tichondrius,384,paladin,retribution,12,4,8
Andromëdä,hyjal,384,paladin,retribution,12,4,8
Gripadin,tichondrius,384,paladin,retribution,12,4,8
Glexann,sargeras,384,paladin,retribution,12,4,8
Catuvalos,kiljaeden,384,paladin,retribution,12,4,8
Blackmuu,malganis,384,paladin,retribution,12,4,8
Ðorlie,malganis,384,paladin,retribution,12,4,8
Kiami,tichondrius,384,paladin,retribution,12,4,8
Drakensang,tichondrius,384,paladin,retribution,12,4,8
Simpforomenx,emerald-dream,384,paladin,retribution,12,4,8
Greenracer,kiljaeden,384,paladin,retribution,12,4,8
Ddawz,proudmoore,384,paladin,retribution,12,4,8
Kurook,moon-guard,384,paladin,retribution,12,4,8
Prettylightx,kelthuzad,384,paladin,retribution,12,4,8
Bigboynathan,frostmourne,384,paladin,retribution,12,4,8
Ilsey,ragnaros,384,paladin,retribution,12,4,8
Krypton,tichondrius,384,paladin,retribution,12,4,8
Goodgardener,hyjal,384,paladin,retribution,12,4,8
Solambul,tichondrius,384,paladin,retribution,12,4,8
Oroürke,stormrage,384,paladin,retribution,12,4,8
Returdstrenf,illidan,384,paladin,retribution,12,4,8
Kamianna,tichondrius,384,paladin,retribution,12,4,8
Jimxeung,tichondrius,384,paladin,retribution,12,4,8
Jeddmaus,tichondrius,384,paladin,retribution,12,4,8
Slimxx,burning-blade,384,paladin,retribution,12,4,8
Taelpalx,stormrage,384,paladin,retribution,12,4,8
Remm,emerald-dream,384,paladin,retribution,12,4,8
Qunima,tichondrius,384,paladin,retribution,12,4,8
Pallyforeva,sargeras,384,paladin,retribution,12,4,8
Faffyi,thunderlord,384,paladin,retribution,12,4,8
Salvatores,ragnaros,384,paladin,retribution,12,4,8
Wards,thunderlord,384,paladin,retribution,12,4,8
Pogwogs,illidan,384,paladin,retribution,12,4,8
Thaleros,tichondrius,384,paladin,retribution,12,4,8
Jade,black-dragonflight,384,paladin,retribution,12,4,8
Uver,tichondrius,384,paladin,retribution,12,4,8
Senion,velen,384,paladin,retribution,12,4,8
Adauto,illidan,384,paladin,retribution,12,4,8
Aidillon,shadowsong,384,paladin,retribution,12,4,8
Eddf,ursin,384,paladin,retribution,12,4,8
Avataar,blades-edge,384,paladin,retribution,12,4,8
Smöke,frostmourne,384,paladin,retribution,12,4,8
Adrn,tichondrius,384,paladin,retribution,12,4,8
Picorii,frostmourne,384,paladin,retribution,12,4,8
Smontis,sargeras,384,paladin,retribution,12,4,8
Illhaveacoke,moon-guard,384,paladin,retribution,12,4,8
Blargnarg,area-52,384,paladin,retribution,12,4,8
Øathßreaker,laughing-skull,384,paladin,retribution,12,4,8
Dionysius,silvermoon,384,paladin,retribution,12,4,8
Mikeelul,tichondrius,384,paladin,retribution,12,4,8
Leail,frostmourne,384,paladin,retribution,12,4,8
Tymy,tichondrius,384,paladin,retribution,12,4,8
Kyrianjutsu,area-52,384,paladin,retribution,12,4,8
Àpolo,stormrage,384,paladin,retribution,12,4,8
Hrizul,drakthul,384,paladin,retribution,12,4,8
Korijame,area-52,384,paladin,retribution,12,4,8
Dezul,stormscale,384,paladin,retribution,12,4,8
Ibull,stormscale,384,paladin,retribution,12,4,8
Whoowhat,zuljin,384,paladin,retribution,12,4,8
Juliusplzher,area-52,384,paladin,retribution,12,4,8
Toxanator,frostmourne,384,paladin,retribution,12,4,8
Zøzø,zuljin,384,paladin,retribution,12,4,8
Inareus,agamaggan,384,paladin,retribution,12,4,8
Vonmagnus,sargeras,384,paladin,retribution,12,4,8
Anoleak,tichondrius,384,paladin,retribution,12,4,8
Veshral,arthas,384,paladin,retribution,12,4,8
Ippótis,sargeras,384,paladin,retribution,12,4,8
Kegari,tichondrius,384,paladin,retribution,12,4,8
Grimmune,illidan,384,paladin,retribution,12,4,8
Hølyknìght,tichondrius,384,paladin,retribution,12,4,8
Roodictz,zuljin,384,paladin,retribution,12,4,8
Auka,zuljin,384,paladin,retribution,12,4,8
Oppaladin,elune,384,paladin,retribution,12,4,8
Lépéedophil,zuljin,384,paladin,retribution,12,4,8
Blikzy,caelestrasz,384,paladin,retribution,12,4,8
Lightmodel,sargeras,384,paladin,retribution,12,4,8
Valikyr,mugthol,384,paladin,retribution,12,4,8
Tëmplar,bleeding-hollow,384,paladin,retribution,12,4,8
Lowther,bleeding-hollow,384,paladin,retribution,12,4,8
Evilmoocow,grizzly-hills,384,paladin,retribution,12,4,8
Acquiesce,bleeding-hollow,384,paladin,retribution,16,5,11
Batmanp,quelthalas,384,paladin,retribution,13,4,9
Essexqt,blackhand,384,paladin,retribution,18,4,14
Tylnish,hyjal,384,paladin,retribution,18,4,14
Caityaj,illidan,384,paladin,retribution,18,4,14
Hupa,crushridge,384,paladin,retribution,18,4,14
ßén,bleeding-hollow,384,paladin,retribution,18,4,14
Powercelest,quelthalas,384,paladin,retribution,18,4,14
Ccpx,area-52,384,paladin,retribution,18,4,14
Malisaa,tichondrius,384,paladin,retribution,18,4,14
Theadona,runetotem,384,paladin,retribution,18,4,14
Micurs,hyjal,384,paladin,retribution,18,4,14
Xinoh,area-52,384,paladin,retribution,18,4,14
Ongang,illidan,384,paladin,retribution,18,4,14
Fragnum,barthilas,384,paladin,retribution,18,4,14
Draknals,illidan,384,paladin,retribution,18,4,14
Talurius,azralon,384,paladin,retribution,18,4,14
Matrium,kiljaeden,384,paladin,retribution,24,4,20
Backfattammy,bleeding-hollow,384,paladin,retribution,24,4,20
Iskándar,tichondrius,384,paladin,retribution,24,4,20
Mhakoi,bleeding-hollow,384,paladin,retribution,24,4,20
Balador,uldum,383,paladin,retribution,6,4,2
Sinficha,quelthalas,383,paladin,retribution,6,4,2
Charmeine,zuljin,383,paladin,retribution,6,4,2
Brandforge,thunderlord,383,paladin,retribution,6,4,2
Dabsmaster,dalaran,383,paladin,retribution,6,4,2
Pajjy,azralon,383,paladin,retribution,6,4,2
Themachon,stormrage,383,paladin,retribution,6,4,2
Kennysun,azralon,383,paladin,retribution,12,4,8
Holyburger,hakkar,383,paladin,retribution,12,4,8
Mugann,malganis,383,paladin,retribution,12,4,8
Desrexen,malganis,383,paladin,retribution,12,4,8
Mooroy,moon-guard,383,paladin,retribution,12,4,8
Holyqt,thunderlord,383,paladin,retribution,12,4,8
Hølydiver,rivendare,383,paladin,retribution,12,4,8
Øexørcistta,nemesis,383,paladin,retribution,12,4,8
Scyni,kelthuzad,383,paladin,retribution,13,4,9
Piojopaladin,quelthalas,383,paladin,retribution,13,4,9
Balnot,blackrock,383,paladin,retribution,18,4,14
Funkknight,sargeras,383,paladin,retribution,18,4,14
Paladocka,stormrage,383,paladin,retribution,24,4,20
Hadrianus,azralon,383,paladin,retribution,24,4,20
Kenbad,aegwynn,382,paladin,retribution,6,4,2
Kungrowl,emerald-dream,382,paladin,retribution,6,4,2
Zedekia,aerie-peak,382,paladin,retribution,12,4,8
Lailaa,balnazzar,382,paladin,retribution,12,4,8
Derpnstein,gorgonnash,382,paladin,retribution,12,4,8
Sparklepuss,turalyon,379,paladin,retribution,12,4,8
Amerok,malfurion,378,paladin,retribution,18,4,14
Nyms,gallywix,374,paladin,retribution,36,4,32
Novachrono,bladefist,367,paladin,retribution,9,5,4
Crucifine,wyrmrest-accord,367,paladin,retribution,11,4,7
Goinglarge,frostmourne,367,paladin,retribution,11,4,7
Barzø,tichondrius,367,paladin,retribution,11,4,7
Mop,eitrigg,367,paladin,retribution,17,4,13
Kegmight,emerald-dream,367,paladin,retribution,17,4,13
Bibimbop,boulderfist,352,paladin,retribution,13,5,8
Gordonryan,bleeding-hollow,352,paladin,retribution,16,4,12
Páladian,quelthalas,351,paladin,retribution,11,4,7
Sesshomâru,nemesis,351,paladin,retribution,11,4,7
Língnafòx,tichondrius,336,paladin,retribution,9,5,4
Bruujqt,moon-guard,336,paladin,retribution,9,5,4
Titansnake,illidan,336,paladin,retribution,9,4,5
Meduselda,kelthuzad,335,paladin,retribution,9,5,4
Ethernaly,quelthalas,335,paladin,retribution,11,4,7
Newwow,tichondrius,330,paladin,retribution,15,5,10
Asolace,dark-iron,320,paladin,retribution,10,4,6
Ruulight,tichondrius,319,paladin,retribution,5,4,1
Junmá,tichondrius,319,paladin,retribution,5,4,1
Cagowhite,tichondrius,319,paladin,retribution,8,4,4
Jnxzster,sargeras,319,paladin,retribution,8,4,4
Jadelong,azshara,319,paladin,retribution,8,4,4
Holyshasha,tichondrius,319,paladin,retribution,8,4,4
Gryphin,moon-guard,319,paladin,retribution,8,4,4
Karig,sargeras,319,paladin,retribution,8,4,4
Holynaps,malganis,319,paladin,retribution,9,4,5
Darkjewmagic,frostmourne,319,paladin,retribution,14,4,10
Torrthak,area-52,304,paladin,retribution,7,4,3
Naizen,tichondrius,304,paladin,retribution,7,4,3
Dfz,mannoroth,288,paladin,retribution,6,3,3
Netflixnfeet,stormreaver,288,paladin,retribution,6,3,3
Flareous,moon-guard,288,paladin,retribution,6,3,3
Chicoweather,sargeras,288,paladin,retribution,6,3,3
Bivol,whisperwind,288,paladin,retribution,6,3,3
Sóláris,moon-guard,288,paladin,retribution,6,3,3
Zuezz,korialstrasz,288,paladin,retribution,6,3,3
Sâbër,moon-guard,288,paladin,retribution,6,3,3
Kegman,thrall,288,paladin,retribution,6,3,3
Numela,moon-guard,288,paladin,retribution,6,3,3
Mki,kargath,288,paladin,retribution,6,3,3
Leá,illidan,288,paladin,retribution,6,3,3
Vynlen,uldaman,288,paladin,retribution,6,3,3
Jerratt,thrall,288,paladin,retribution,6,3,3
Baelmun,thrall,288,paladin,retribution,6,3,3
Cafre,illidan,288,paladin,retribution,6,3,3
Chiraqret,thunderhorn,288,paladin,retribution,6,3,3
Uritank,thrall,288,paladin,retribution,6,3,3
Reiot,sargeras,288,paladin,retribution,6,3,3
Nalenne,alexstrasza,288,paladin,retribution,6,3,3
Divinetits,sargeras,288,paladin,retribution,6,3,3
Daigorro,illidan,288,paladin,retribution,6,3,3
Vük,destromath,288,paladin,retribution,6,3,3
Shibbz,illidan,288,paladin,retribution,6,3,3
Marof,spirestone,288,paladin,retribution,6,3,3
Lowbb,sargeras,288,paladin,retribution,6,3,3
Senisse,illidan,288,paladin,retribution,6,3,3
Rost,jaedenar,288,paladin,retribution,6,3,3
Varezion,vashj,288,paladin,retribution,6,3,3
Ðova,moon-guard,288,paladin,retribution,6,3,3
Kkrewk,illidan,288,paladin,retribution,6,3,3
Purekiller,destromath,288,paladin,retribution,6,3,3
Lomis,azgalor,288,paladin,retribution,6,3,3
Dev,frostwolf,288,paladin,retribution,6,3,3
Verbum,malfurion,288,paladin,retribution,6,3,3
Obbzz,spirestone,288,paladin,retribution,6,3,3
Edjr,stormrage,288,paladin,retribution,6,3,3
Ludicrus,tichondrius,288,paladin,retribution,6,3,3
Zeroret,tichondrius,288,paladin,retribution,6,3,3
Shockdoctor,stormrage,288,paladin,retribution,6,3,3
Krackanut,kelthuzad,288,paladin,retribution,6,3,3
Eldanx,stormrage,288,paladin,retribution,6,3,3
Revent,drakkari,288,paladin,retribution,6,3,3
Luxuriousman,fizzcrank,288,paladin,retribution,6,3,3
Lorainn,ragnaros,288,paladin,retribution,6,3,3
Alocr,drakkari,288,paladin,retribution,6,3,3
Salamislappr,stormrage,288,paladin,retribution,6,3,3
Elri,ragnaros,288,paladin,retribution,6,3,3
Ximenita,ragnaros,288,paladin,retribution,6,3,3
Légolas,llane,288,paladin,retribution,6,3,3
Nâtion,cenarius,288,paladin,retribution,6,3,3
Hypheríon,ragnaros,288,paladin,retribution,6,3,3
Pallynatir,ragnaros,288,paladin,retribution,6,3,3
Cocodog,kiljaeden,288,paladin,retribution,6,3,3
Kahleesy,sargeras,288,paladin,retribution,6,3,3
Hybrix,tichondrius,288,paladin,retribution,6,3,3
Zercker,ragnaros,288,paladin,retribution,6,3,3
Lightheartx,proudmoore,288,paladin,retribution,6,3,3
Gapingpooter,shadowmoon,288,paladin,retribution,6,3,3
Buttflapster,proudmoore,288,paladin,retribution,6,3,3
Eleonorr,proudmoore,288,paladin,retribution,6,3,3
Locustknight,illidan,288,paladin,retribution,6,3,3
Itzon,proudmoore,288,paladin,retribution,6,3,3
Pipay,proudmoore,288,paladin,retribution,6,3,3
Moox,wyrmrest-accord,288,paladin,retribution,6,3,3
Assaultron,dalaran,288,paladin,retribution,6,3,3
Dráugus,azralon,288,paladin,retribution,6,3,3
Rectaluse,dalaran,288,paladin,retribution,6,3,3
Retsuxks,twisting-nether,288,paladin,retribution,6,3,3
Dominance,blackrock,288,paladin,retribution,6,3,3
Otame,quelthalas,288,paladin,retribution,6,3,3
Víctor,quelthalas,288,paladin,retribution,6,3,3
Condexx,quelthalas,288,paladin,retribution,6,3,3
Thecrusaders,proudmoore,288,paladin,retribution,6,3,3
Boladosx,azralon,288,paladin,retribution,6,3,3
Finnthepally,proudmoore,288,paladin,retribution,6,3,3
Tadaki,dalaran,288,paladin,retribution,6,3,3
Kickflipped,dalaran,288,paladin,retribution,6,3,3
Therocker,darkspear,288,paladin,retribution,6,3,3
Kyperion,stormrage,288,paladin,retribution,6,3,3
Zakh,proudmoore,288,paladin,retribution,6,3,3
Orangepa,dalaran,288,paladin,retribution,6,3,3
Zilladin,darkspear,288,paladin,retribution,6,3,3
Timu,suramar,288,paladin,retribution,6,3,3
Zugzorr,azralon,288,paladin,retribution,6,3,3
Dimitrony,quelthalas,288,paladin,retribution,6,3,3
Rhoynar,quelthalas,288,paladin,retribution,6,3,3
Feikonia,queldorei,288,paladin,retribution,6,3,3
Snippdeux,garrosh,288,paladin,retribution,6,3,3
Darthalion,quelthalas,288,paladin,retribution,6,3,3
Jojoboskies,aegwynn,288,paladin,retribution,6,3,3
Beepsmash,executus,288,paladin,retribution,6,3,3
Hadory,shattered-halls,288,paladin,retribution,6,3,3
Ulfsark,garrosh,288,paladin,retribution,6,3,3
Lencelia,deathwing,288,paladin,retribution,6,3,3
Theßest,baelgun,288,paladin,retribution,6,3,3
Runebane,doomhammer,288,paladin,retribution,6,3,3
Zenpally,doomhammer,288,paladin,retribution,6,3,3
Brodyb,malganis,288,paladin,retribution,6,3,3
Principe,queldorei,288,paladin,retribution,6,3,3
Deadlyskills,arathor,288,paladin,retribution,6,3,3
Apocryphx,stormrage,288,paladin,retribution,6,3,3
Mcfleye,malganis,288,paladin,retribution,6,3,3
Palladini,jubeithos,288,paladin,retribution,6,3,3
Mvpp,dalaran,288,paladin,retribution,6,3,3
Bigdmcgee,frostmourne,288,paladin,retribution,6,3,3
Menjo,malganis,288,paladin,retribution,6,3,3
Transwoman,frostmourne,288,paladin,retribution,6,3,3
Mayfirepal,hyjal,288,paladin,retribution,6,3,3
Àxçël,hyjal,288,paladin,retribution,6,3,3
Dumbledwarf,hyjal,288,paladin,retribution,6,3,3
Holyyness,bleeding-hollow,288,paladin,retribution,6,3,3
Bíteme,sargeras,288,paladin,retribution,6,3,3
Stamptime,emerald-dream,288,paladin,retribution,6,3,3
Pvar,stormrage,288,paladin,retribution,6,3,3
Valadinna,tichondrius,288,paladin,retribution,6,3,3
Nickotines,kelthuzad,288,paladin,retribution,6,3,3
Scamadin,tichondrius,288,paladin,retribution,6,3,3
Judgem,tichondrius,288,paladin,retribution,6,3,3
Aelael,icecrown,288,paladin,retribution,6,3,3
Casadorez,tichondrius,288,paladin,retribution,6,3,3
Reallyfe,skullcrusher,288,paladin,retribution,6,3,3
Warchaos,skullcrusher,288,paladin,retribution,6,3,3
Shakemup,stormrage,288,paladin,retribution,6,3,3
Ýøg,tichondrius,288,paladin,retribution,6,3,3
Taynos,tichondrius,288,paladin,retribution,6,3,3
Pahlevahn,stormrage,288,paladin,retribution,6,3,3
Sinhero,area-52,288,paladin,retribution,6,3,3
Nerfretpls,area-52,288,paladin,retribution,6,3,3
Deltronzerø,area-52,288,paladin,retribution,6,3,3
Xaospaladin,frostmourne,288,paladin,retribution,6,3,3
Chickenlover,tichondrius,288,paladin,retribution,6,3,3
Rektodin,tichondrius,288,paladin,retribution,6,3,3
Halnarran,area-52,288,paladin,retribution,6,3,3
Everyni,area-52,288,paladin,retribution,6,3,3
Morlunè,tichondrius,288,paladin,retribution,6,3,3
Brahlix,area-52,288,paladin,retribution,6,3,3
Makiligos,area-52,288,paladin,retribution,6,3,3
Ankhz,area-52,288,paladin,retribution,6,3,3
Absolvus,emerald-dream,288,paladin,retribution,6,3,3
Syvir,area-52,288,paladin,retribution,6,3,3
Nevanethus,frostmourne,288,paladin,retribution,6,3,3
Xbertiize,tichondrius,288,paladin,retribution,6,3,3
Jorkoh,the-scryers,288,paladin,retribution,6,3,3
Danks,arthas,288,paladin,retribution,6,3,3
Blackop,gallywix,288,paladin,retribution,6,3,3
Ironboxer,tichondrius,288,paladin,retribution,6,3,3
Karwryn,magtheridon,288,paladin,retribution,6,3,3
Holyshrekt,frostmourne,288,paladin,retribution,6,3,3
Nhanless,tichondrius,288,paladin,retribution,6,3,3
Kanachi,bleeding-hollow,288,paladin,retribution,6,3,3
Coldverdict,tichondrius,288,paladin,retribution,6,3,3
Stømpdøwn,tichondrius,288,paladin,retribution,6,3,3
Jónò,tichondrius,288,paladin,retribution,6,3,3
Divinebehind,laughing-skull,288,paladin,retribution,6,3,3
Varo,laughing-skull,288,paladin,retribution,6,3,3
Astasia,laughing-skull,288,paladin,retribution,6,3,3
Kôld,tichondrius,288,paladin,retribution,6,3,3
Sadamell,tichondrius,288,paladin,retribution,6,3,3
Bigdumpy,thaurissan,288,paladin,retribution,6,3,3
Sanctïon,bleeding-hollow,288,paladin,retribution,6,3,3
Holyplaise,tichondrius,288,paladin,retribution,6,3,3
Barbesacrer,zuljin,288,paladin,retribution,6,3,3
Ataraxy,bleeding-hollow,288,paladin,retribution,6,3,3
Borisdablade,bleeding-hollow,288,paladin,retribution,6,3,3
Gorillawings,tichondrius,288,paladin,retribution,6,3,3
Pauliss,sargeras,288,paladin,retribution,6,3,3
Lituation,sargeras,288,paladin,retribution,6,3,3
Konyfotm,bleeding-hollow,288,paladin,retribution,6,3,3
Lasonil,zuljin,288,paladin,retribution,6,3,3
Kithrah,dathremar,288,paladin,retribution,6,3,3
Kloernstarr,sargeras,288,paladin,retribution,6,3,3
Bubblet,bleeding-hollow,288,paladin,retribution,6,3,3
Rebelion,nagrand,288,paladin,retribution,6,3,3
Justsaiyen,bleeding-hollow,288,paladin,retribution,6,3,3
Palinator,bleeding-hollow,288,paladin,retribution,6,3,3
Jestiny,amanthul,288,paladin,retribution,6,3,3
Bigdamham,tichondrius,288,paladin,retribution,6,3,3
Everith,bleeding-hollow,288,paladin,retribution,6,3,3
Nyxkithar,nagrand,288,paladin,retribution,6,3,3
Ivanko,dalaran,288,paladin,retribution,7,3,4
Xanaxlol,sargeras,288,paladin,retribution,10,4,6
Retattack,area-52,288,paladin,retribution,10,4,6
Mightbeard,proudmoore,288,paladin,retribution,8,3,5
Josepala,stormrage,288,paladin,retribution,9,3,6
Claudleon,drakkari,288,paladin,retribution,12,3,9
Ucvnt,illidan,288,paladin,retribution,12,3,9
Spiritkeep,veknilash,288,paladin,retribution,12,3,9
Aeltharix,blackwater-raiders,288,paladin,retribution,12,3,9
Troyamat,nemesis,288,paladin,retribution,12,3,9
Walkerbait,nazgrel,288,paladin,retribution,12,3,9
Sàber,tichondrius,288,paladin,retribution,12,3,9
Koltar,stormrage,288,paladin,retribution,12,3,9
Bringbakbuff,illidan,288,paladin,retribution,12,3,9
Aduynn,tichondrius,288,paladin,retribution,12,3,9
Kaorah,drakkari,288,paladin,retribution,12,3,9
Tíron,dalaran,288,paladin,retribution,12,3,9
Dävis,ragnaros,288,paladin,retribution,12,3,9
Jontapally,stormrage,288,paladin,retribution,12,3,9
Uzbadkhazad,ragnaros,288,paladin,retribution,12,3,9
Ðeathguise,ysera,288,paladin,retribution,12,3,9
Marrike,moon-guard,288,paladin,retribution,12,3,9
Tharinty,ragnaros,288,paladin,retribution,12,3,9
Quelite,sargeras,288,paladin,retribution,12,3,9
Yepsqorz,tichondrius,288,paladin,retribution,12,3,9
Paladatrox,ragnaros,288,paladin,retribution,12,3,9
Amega,bleeding-hollow,288,paladin,retribution,12,3,9
Gingibeno,tichondrius,288,paladin,retribution,12,3,9
Corni,kiljaeden,288,paladin,retribution,12,3,9
Dárkness,blades-edge,288,paladin,retribution,12,3,9
Bubblebooty,drakthul,288,paladin,retribution,12,3,9
Sessybrexy,bleeding-hollow,288,paladin,retribution,12,3,9
Leronos,zuljin,288,paladin,retribution,12,3,9
Homeboywill,hyjal,288,paladin,retribution,12,3,9
Hardclimacks,frostmourne,288,paladin,retribution,12,3,9
Palâdin,zuljin,288,paladin,retribution,12,3,9
Tacoroll,tichondrius,288,paladin,retribution,12,3,9
Rxxkiee,tichondrius,288,paladin,retribution,12,3,9
Ajara,moon-guard,288,paladin,retribution,12,3,9
Darkshield,stormrage,288,paladin,retribution,12,3,9
Mwanmwa,blades-edge,288,paladin,retribution,12,3,9
Tarpeeksi,tichondrius,288,paladin,retribution,12,3,9
Bigplucker,kelthuzad,288,paladin,retribution,12,3,9
Bigjoetheceo,mannoroth,288,paladin,retribution,12,3,9
Kreigan,hellscream,288,paladin,retribution,12,3,9
Vaaleria,dalaran,288,paladin,retribution,12,3,9
Madworld,moon-guard,288,paladin,retribution,12,3,9
Cromsecrate,dalaran,288,paladin,retribution,12,3,9
Flashstark,area-52,288,paladin,retribution,12,3,9
Crusticus,stormrage,288,paladin,retribution,12,3,9
Hahe,tichondrius,288,paladin,retribution,12,3,9
Eljosco,nordrassil,288,paladin,retribution,12,3,9
Ogtandoness,azgalor,288,paladin,retribution,12,3,9
Varthinator,stormrage,288,paladin,retribution,12,3,9
Wälly,garona,288,paladin,retribution,12,3,9
Theodrei,darrowmere,288,paladin,retribution,12,3,9
Lue,boulderfist,288,paladin,retribution,12,3,9
Johnus,lightbringer,288,paladin,retribution,12,3,9
Geekpala,thrall,288,paladin,retribution,12,3,9
Nastenatren,steamwheedle-cartel,288,paladin,retribution,12,3,9
Tolleytrain,malganis,288,paladin,retribution,12,3,9
Sanction,the-forgotten-coast,288,paladin,retribution,12,3,9
Dekho,quelthalas,288,paladin,retribution,12,3,9
Laelias,lightbringer,288,paladin,retribution,12,3,9
Kuoch,shandris,288,paladin,retribution,12,3,9
Bulbi,emerald-dream,288,paladin,retribution,12,3,9
Yeluh,malganis,288,paladin,retribution,12,3,9
Tutle,nathrezim,288,paladin,retribution,12,3,9
Fknnoath,frostmourne,288,paladin,retribution,12,3,9
Dalden,trollbane,288,paladin,retribution,12,3,9
Thnannan,tichondrius,288,paladin,retribution,12,3,9
Donsagrado,quelthalas,288,paladin,retribution,12,3,9
Ultrah,area-52,288,paladin,retribution,12,3,9
Chetmorton,emerald-dream,288,paladin,retribution,12,3,9
Treezey,durotan,288,paladin,retribution,12,3,9
Brutaldeath,area-52,288,paladin,retribution,12,3,9
Svane,thunderlord,288,paladin,retribution,12,3,9
Gashlycrumb,tichondrius,288,paladin,retribution,12,3,9
Boopif,sargeras,288,paladin,retribution,12,3,9
Tarkovkappa,illidan,288,paladin,retribution,12,3,9
Unspankable,burning-legion,288,paladin,retribution,12,3,9
Kentö,area-52,288,paladin,retribution,12,3,9
Flyinpankake,illidan,288,paladin,retribution,12,3,9
Thunddarr,stormrage,288,paladin,retribution,12,3,9
Olorunn,tichondrius,288,paladin,retribution,12,3,9
Elpal,thrall,288,paladin,retribution,12,3,9
Säv,tichondrius,288,paladin,retribution,12,3,9
Fpaladin,tichondrius,288,paladin,retribution,12,3,9
Wasabipal,malganis,288,paladin,retribution,12,3,9
Baconsock,kelthuzad,288,paladin,retribution,12,3,9
Slania,area-52,288,paladin,retribution,12,3,9
Aenwyl,quelthalas,288,paladin,retribution,12,3,9
Smokeys,sargeras,288,paladin,retribution,12,3,9
Calvary,stormscale,288,paladin,retribution,12,3,9
Asukaxt,illidan,288,paladin,retribution,12,3,9
Pallypòwer,garrosh,288,paladin,retribution,12,3,9
Sivan,crushridge,288,paladin,retribution,12,3,9
Nik,the-underbog,288,paladin,retribution,12,3,9
Lìnkzq,frostmourne,288,paladin,retribution,12,3,9
Bellzebut,sargeras,288,paladin,retribution,18,3,15
Fourchon,tichondrius,288,paladin,retribution,18,3,15
Spoons,malganis,288,paladin,retribution,18,3,15
Bullworm,ragnaros,288,paladin,retribution,18,3,15
Zoriå,sargeras,288,paladin,retribution,18,3,15
Divinedabs,stormrage,288,paladin,retribution,18,3,15
Mollybop,stormrage,288,paladin,retribution,18,3,15
Pepepally,area-52,288,paladin,retribution,18,3,15
Voorrkk,kelthuzad,288,paladin,retribution,18,3,15
Lovy,area-52,288,paladin,retribution,18,3,15
Whangsta,tichondrius,288,paladin,retribution,24,3,21
Covidxlx,hakkar,287,paladin,retribution,6,3,3
Sundreland,moon-guard,287,paladin,retribution,6,3,3
Nøxus,azralon,287,paladin,retribution,6,3,3
Matøs,stormrage,287,paladin,retribution,6,3,3
Batix,malfurion,287,paladin,retribution,6,3,3
Sweetpally,moonrunner,287,paladin,retribution,6,3,3
Kimbr,gallywix,287,paladin,retribution,6,3,3
Holytrails,sargeras,287,paladin,retribution,6,3,3
Iralyn,frostmane,287,paladin,retribution,6,3,3
Nalahra,moon-guard,287,paladin,retribution,9,4,5
Reathe,llane,287,paladin,retribution,12,3,9
Stainless,magtheridon,287,paladin,retribution,12,3,9
Laylee,anvilmar,287,paladin,retribution,12,3,9
Níka,turalyon,287,paladin,retribution,12,3,9
Housemix,gurubashi,286,paladin,retribution,6,3,3
Olstonie,garrosh,286,paladin,retribution,6,3,3
Cruz,silver-hand,286,paladin,retribution,12,3,9
Hukah,darkspear,286,paladin,retribution,18,3,15
Ronatiú,tichondrius,271,paladin,retribution,11,3,8
Tyrack,ragnaros,271,paladin,retribution,11,3,8
Feelmenu,deathwing,271,paladin,retribution,11,3,8
Milkmi,frostmourne,271,paladin,retribution,11,3,8
Ôv,norgannon,256,paladin,retribution,4,4,0
Gabrielú,lightninghoof,256,paladin,retribution,10,3,7
Logaen,stormrage,256,paladin,retribution,16,3,13
Kealthamar,wyrmrest-accord,255,paladin,retribution,4,4,0
Gusset,tichondrius,255,paladin,retribution,8,4,4
Wunderbread,dalaran,255,paladin,retribution,11,3,8
Vero,agamaggan,254,paladin,retribution,23,3,20
Lorgax,alterac-mountains,240,paladin,retribution,9,3,6
Fulgal,jubeithos,240,paladin,retribution,9,3,6
Badmix,tichondrius,239,paladin,retribution,5,3,2
Wegie,emerald-dream,239,paladin,retribution,5,3,2
Anoxis,tichondrius,239,paladin,retribution,5,3,2
Hallowgrave,moon-guard,239,paladin,retribution,5,3,2
Helberth,stormrage,239,paladin,retribution,5,3,2
Sôsaboy,tichondrius,239,paladin,retribution,5,3,2
Ðablordx,tichondrius,239,paladin,retribution,9,4,5
Palitard,tichondrius,234,paladin,retribution,7,5,2
Malumá,ragnaros,234,paladin,retribution,11,6,5
Carneguisada,sargeras,234,paladin,retribution,10,5,5
Westee,stormrage,234,paladin,retribution,8,4,4
Swiftysh,ragnaros,234,paladin,retribution,9,4,5
Stinkystan,korgath,234,paladin,retribution,10,4,6
Filoz,ragnaros,234,paladin,retribution,17,5,12
Sølaire,stormrage,234,paladin,retribution,14,4,10
Needbuffs,ysondre,234,paladin,retribution,15,4,11
Wainkywink,malganis,234,paladin,retribution,15,4,11
Matts,sargeras,234,paladin,retribution,15,4,11
Píkachü,azralon,224,paladin,retribution,10,3,7
Livalil,chogall,224,paladin,retribution,16,3,13
Wabukis,twisting-nether,223,paladin,retribution,8,3,5
Lhury,quelthalas,223,paladin,retribution,8,3,5
Argonis,shadowsong,223,paladin,retribution,8,3,5
Tydrialin,tichondrius,223,paladin,retribution,8,3,5
Ráky,quelthalas,223,paladin,retribution,14,3,11
Diotiz,area-52,208,paladin,retribution,11,4,7
Moistsaiyan,blood-furnace,206,paladin,retribution,7,3,4
Biggbraiin,drakkari,192,paladin,retribution,4,3,1
Fante,alleria,192,paladin,retribution,4,3,1
Undrgrndman,dalaran,192,paladin,retribution,4,3,1
Zhspeilian,tichondrius,192,paladin,retribution,11,4,7
Anonymvs,eredar,192,paladin,retribution,9,3,6
Thejüdge,malfurion,192,paladin,retribution,6,2,4
Thaidron,area-52,192,paladin,retribution,6,2,4
Shanehere,thrall,192,paladin,retribution,6,2,4
Capedcrusade,area-52,192,paladin,retribution,6,2,4
Disastroùs,frostmourne,192,paladin,retribution,6,2,4
Twatiegodx,malganis,192,paladin,retribution,6,2,4
Dynastyhero,area-52,192,paladin,retribution,6,2,4
Helioos,stormrage,192,paladin,retribution,6,2,4
Seratonyn,malganis,192,paladin,retribution,6,2,4
Farvadin,illidan,192,paladin,retribution,6,2,4
Greatblade,barthilas,192,paladin,retribution,6,2,4
Stlthykilla,cenarion-circle,192,paladin,retribution,6,2,4
Palåth,barthilas,192,paladin,retribution,6,2,4
Runterran,illidan,192,paladin,retribution,6,2,4
Invïctus,dalaran,192,paladin,retribution,6,2,4
Xenophanes,dalaran,192,paladin,retribution,6,2,4
Thorrh,malganis,192,paladin,retribution,6,2,4
Tuama,frostmourne,192,paladin,retribution,6,2,4
Felourian,malganis,192,paladin,retribution,6,2,4
Bharan,dalaran,192,paladin,retribution,6,2,4
Loocille,frostmourne,192,paladin,retribution,6,2,4
Virisanctii,stormrage,192,paladin,retribution,6,2,4
Révolution,barthilas,192,paladin,retribution,6,2,4
Exalter,malganis,192,paladin,retribution,6,2,4
Réalg,area-52,192,paladin,retribution,6,2,4
Pushabuton,illidan,192,paladin,retribution,6,2,4
Alasper,malganis,192,paladin,retribution,6,2,4
Sigurd,khadgar,192,paladin,retribution,6,2,4
Insidous,galakrond,192,paladin,retribution,6,2,4
Oxycleän,doomhammer,192,paladin,retribution,6,2,4
Lightgasm,alterac-mountains,192,paladin,retribution,6,2,4
Bërzerk,zuluhed,192,paladin,retribution,6,2,4
Nýze,area-52,192,paladin,retribution,6,2,4
Piousgecko,illidan,192,paladin,retribution,6,2,4
Awarena,area-52,192,paladin,retribution,6,2,4
Desterro,quelthalas,192,paladin,retribution,6,2,4
Corthic,area-52,192,paladin,retribution,6,2,4
Angeluzlk,quelthalas,192,paladin,retribution,6,2,4
Repèntance,stormrage,192,paladin,retribution,6,2,4
Petsmacker,dalaran,192,paladin,retribution,6,2,4
Ðuel,area-52,192,paladin,retribution,6,2,4
Wackobeef,barthilas,192,paladin,retribution,6,2,4
Whyurunning,area-52,192,paladin,retribution,6,2,4
Trøn,kalecgos,192,paladin,retribution,6,2,4
Kigz,illidan,192,paladin,retribution,6,2,4
Thejokermp,kelthuzad,192,paladin,retribution,6,2,4
Lilpally,frostmourne,192,paladin,retribution,6,2,4
Nicerice,dalaran,192,paladin,retribution,6,2,4
Prèèd,frostmourne,192,paladin,retribution,6,2,4
Hulc,ysera,192,paladin,retribution,6,2,4
Shaqueefah,illidan,192,paladin,retribution,6,2,4
Jazzmatic,dalaran,192,paladin,retribution,6,2,4
Ordinary,greymane,192,paladin,retribution,6,2,4
Ugotburstt,arthas,192,paladin,retribution,6,2,4
Psychlight,quelthalas,192,paladin,retribution,6,2,4
Alphönsë,quelthalas,192,paladin,retribution,6,2,4
Granada,kirin-tor,192,paladin,retribution,6,2,4
Rây,stormrage,192,paladin,retribution,6,2,4
Retro,magtheridon,192,paladin,retribution,6,2,4
Dexstarr,frostmourne,192,paladin,retribution,6,2,4
Tomackin,quelthalas,192,paladin,retribution,6,2,4
Killmoth,illidan,192,paladin,retribution,6,2,4
Varianpally,kelthuzad,192,paladin,retribution,6,2,4
Drintense,area-52,192,paladin,retribution,6,2,4
Angelscrÿ,stormrage,192,paladin,retribution,6,2,4
Armasexodus,barthilas,192,paladin,retribution,6,2,4
Flexedonyou,sentinels,192,paladin,retribution,6,2,4
Yoúngdolph,elune,192,paladin,retribution,6,2,4
Mikewazowski,chogall,192,paladin,retribution,6,2,4
Outofholy,stormrage,192,paladin,retribution,6,2,4
Legionret,thrall,192,paladin,retribution,6,2,4
Abivion,stormrage,192,paladin,retribution,6,2,4
Mazexd,illidan,192,paladin,retribution,6,2,4
Grim,eonar,192,paladin,retribution,6,2,4
Hinamattsuri,velen,192,paladin,retribution,6,2,4
Cyliex,illidan,192,paladin,retribution,6,2,4
Ryuuku,gilneas,192,paladin,retribution,6,2,4
Mexipaladin,thrall,192,paladin,retribution,6,2,4
Halot,skullcrusher,192,paladin,retribution,6,2,4
Bøzø,stormrage,192,paladin,retribution,6,2,4
Dreadain,gilneas,192,paladin,retribution,6,2,4
Spyglas,quelthalas,192,paladin,retribution,6,2,4
Rekos,zuljin,192,paladin,retribution,6,2,4
Kêy,the-venture-co,192,paladin,retribution,6,2,4
Stunnaax,frostmourne,192,paladin,retribution,6,2,4
Oroth,ragnaros,192,paladin,retribution,6,2,4
Ret,onyxia,192,paladin,retribution,6,2,4
Eull,skullcrusher,192,paladin,retribution,6,2,4
Machoo,laughing-skull,192,paladin,retribution,6,2,4
Honeydews,zuljin,192,paladin,retribution,6,2,4
Baloria,stormrage,192,paladin,retribution,6,2,4
Martin,haomarush,192,paladin,retribution,6,2,4
Yeshayah,dalaran,192,paladin,retribution,6,2,4
Lightkillerx,thrall,192,paladin,retribution,6,2,4
Blackbeerd,stormrage,192,paladin,retribution,6,2,4
Spanx,blackwing-lair,192,paladin,retribution,6,2,4
Ogretchair,zuljin,192,paladin,retribution,6,2,4
Herbzilla,haomarush,192,paladin,retribution,6,2,4
Moohulk,ragnaros,192,paladin,retribution,6,2,4
Citadehl,bleeding-hollow,192,paladin,retribution,6,2,4
Stöny,illidan,192,paladin,retribution,6,2,4
Überlin,whisperwind,192,paladin,retribution,6,2,4
Domiet,bleeding-hollow,192,paladin,retribution,6,2,4
Durotar,ragnaros,192,paladin,retribution,6,2,4
Internadi,frostmourne,192,paladin,retribution,6,2,4
Brucitenjr,illidan,192,paladin,retribution,6,2,4
Paladam,burning-blade,192,paladin,retribution,6,2,4
Gasunits,stormrage,192,paladin,retribution,6,2,4
Voro,barthilas,192,paladin,retribution,6,2,4
Gordyn,khazgoroth,192,paladin,retribution,6,2,4
Liht,khazgoroth,192,paladin,retribution,6,2,4
Darkkantares,ragnaros,192,paladin,retribution,6,2,4
Byonsay,zuljin,192,paladin,retribution,6,2,4
Diänë,ragnaros,192,paladin,retribution,6,2,4
Tôhru,ragnaros,192,paladin,retribution,6,2,4
Johnygoodboi,khazgoroth,192,paladin,retribution,6,2,4
Freslys,zuljin,192,paladin,retribution,6,2,4
Majinpal,illidan,192,paladin,retribution,6,2,4
Felkor,caelestrasz,192,paladin,retribution,6,2,4
Malakk,zuljin,192,paladin,retribution,6,2,4
Ramises,nemesis,192,paladin,retribution,6,2,4
Crosjudge,zuljin,192,paladin,retribution,6,2,4
Madnhairy,zuljin,192,paladin,retribution,6,2,4
Ohsoclose,bleeding-hollow,192,paladin,retribution,6,2,4
Zaghad,ragnaros,192,paladin,retribution,6,2,4
Hafra,zuljin,192,paladin,retribution,6,2,4
Moshio,nagrand,192,paladin,retribution,6,2,4
Blessinofsac,nagrand,192,paladin,retribution,6,2,4
Sweettartts,zuljin,192,paladin,retribution,6,2,4
Azúlá,garona,192,paladin,retribution,6,2,4
Pallypallyy,aerie-peak,192,paladin,retribution,6,2,4
Alkon,quelthalas,192,paladin,retribution,6,2,4
Blackflare,undermine,192,paladin,retribution,6,2,4
Crijr,ragnaros,192,paladin,retribution,6,2,4
Morcant,drakkari,192,paladin,retribution,6,2,4
Lilby,lightbringer,192,paladin,retribution,6,2,4
Neydisa,sargeras,192,paladin,retribution,6,2,4
Blastoise,drakkari,192,paladin,retribution,6,2,4
Rochet,kiljaeden,192,paladin,retribution,6,2,4
Rite,azralon,192,paladin,retribution,6,2,4
Shebas,kilrogg,192,paladin,retribution,6,2,4
Fallóut,proudmoore,192,paladin,retribution,6,2,4
Pelegroot,azralon,192,paladin,retribution,6,2,4
Astrøworld,sargeras,192,paladin,retribution,6,2,4
Gîmply,proudmoore,192,paladin,retribution,6,2,4
Airane,sargeras,192,paladin,retribution,6,2,4
Eyecandý,tichondrius,192,paladin,retribution,6,2,4
Pállymán,proudmoore,192,paladin,retribution,6,2,4
Sleepynug,proudmoore,192,paladin,retribution,6,2,4
Aválerion,proudmoore,192,paladin,retribution,6,2,4
Poppmybubble,frostmourne,192,paladin,retribution,6,2,4
Roity,proudmoore,192,paladin,retribution,6,2,4
Haznthley,proudmoore,192,paladin,retribution,6,2,4
Trê,sargeras,192,paladin,retribution,6,2,4
Gredel,sargeras,192,paladin,retribution,6,2,4
Achalius,queldorei,192,paladin,retribution,6,2,4
Heartsend,nerzhul,192,paladin,retribution,6,2,4
Ohthatguy,sargeras,192,paladin,retribution,6,2,4
Dwarfpaladin,dragonmaw,192,paladin,retribution,6,2,4
Honeyduw,moon-guard,192,paladin,retribution,6,2,4
Reepr,tichondrius,192,paladin,retribution,6,2,4
Smolbeef,tichondrius,192,paladin,retribution,6,2,4
Ríf,sargeras,192,paladin,retribution,6,2,4
Schooiez,tichondrius,192,paladin,retribution,6,2,4
Noscajj,tichondrius,192,paladin,retribution,6,2,4
Tyberas,wyrmrest-accord,192,paladin,retribution,6,2,4
Vengx,sargeras,192,paladin,retribution,6,2,4
Toto,sargeras,192,paladin,retribution,6,2,4
Alvinsane,proudmoore,192,paladin,retribution,6,2,4
Guelmin,azralon,192,paladin,retribution,6,2,4
Krabbiepatty,wyrmrest-accord,192,paladin,retribution,6,2,4
Crimsonjudge,sargeras,192,paladin,retribution,6,2,4
Whittia,wyrmrest-accord,192,paladin,retribution,6,2,4
Dithfeo,tichondrius,192,paladin,retribution,6,2,4
Pallylyfe,wyrmrest-accord,192,paladin,retribution,6,2,4
Verzuhazadon,tichondrius,192,paladin,retribution,6,2,4
Ashheart,the-venture-co,192,paladin,retribution,6,2,4
Nyc,sargeras,192,paladin,retribution,6,2,4
Buri,tichondrius,192,paladin,retribution,6,2,4
Crânkz,blackrock,192,paladin,retribution,6,2,4
Xoppo,tichondrius,192,paladin,retribution,6,2,4
Holypumper,moon-guard,192,paladin,retribution,6,2,4
Pallycow,kargath,192,paladin,retribution,6,2,4
Homiepaldino,nordrassil,192,paladin,retribution,6,2,4
Adavinn,azjolnerub,192,paladin,retribution,6,2,4
Forprophet,blackrock,192,paladin,retribution,6,2,4
Juanvaldez,muradin,192,paladin,retribution,6,2,4
Vindified,tichondrius,192,paladin,retribution,6,2,4
Míguelito,sargeras,192,paladin,retribution,6,2,4
Bigdret,moon-guard,192,paladin,retribution,6,2,4
Palix,bonechewer,192,paladin,retribution,6,2,4
Nëø,moon-guard,192,paladin,retribution,6,2,4
Tysads,darkspear,192,paladin,retribution,6,2,4
Fairbairn,tichondrius,192,paladin,retribution,6,2,4
Jaok,tichondrius,192,paladin,retribution,6,2,4
Stlgunna,tichondrius,192,paladin,retribution,6,2,4
Wyot,tichondrius,192,paladin,retribution,6,2,4
Dreadrein,tichondrius,192,paladin,retribution,6,2,4
Vankaer,uldum,192,paladin,retribution,6,2,4
Holypoizan,tichondrius,192,paladin,retribution,6,2,4
Juiicebox,darrowmere,192,paladin,retribution,6,2,4
Detk,darrowmere,192,paladin,retribution,6,2,4
Realbad,lightbringer,192,paladin,retribution,6,2,4
Hogù,tichondrius,192,paladin,retribution,6,2,4
Motrîn,sargeras,192,paladin,retribution,6,2,4
Holysmokz,emerald-dream,192,paladin,retribution,6,2,4
Litjoint,hyjal,192,paladin,retribution,6,2,4
Mynnorath,emerald-dream,192,paladin,retribution,6,2,4
Zoeyxo,tichondrius,192,paladin,retribution,6,2,4
Banglin,draenor,192,paladin,retribution,6,2,4
Holywafu,tichondrius,192,paladin,retribution,6,2,4
Sac,sargeras,192,paladin,retribution,6,2,4
Issac,tichondrius,192,paladin,retribution,6,2,4
Whataio,tichondrius,192,paladin,retribution,6,2,4
Palee,garrosh,192,paladin,retribution,6,2,4
Softmograne,tichondrius,192,paladin,retribution,6,2,4
Ezekìël,tichondrius,192,paladin,retribution,6,2,4
Retbullvodka,tichondrius,192,paladin,retribution,6,2,4
Yedema,tichondrius,192,paladin,retribution,6,2,4
Bangerr,bonechewer,192,paladin,retribution,6,2,4
Taddedpally,tichondrius,192,paladin,retribution,6,2,4
Theodden,tichondrius,192,paladin,retribution,6,2,4
Sinsy,moon-guard,192,paladin,retribution,6,2,4
Omensageiro,azralon,192,paladin,retribution,6,2,4
Ddeuk,tichondrius,192,paladin,retribution,6,2,4
Aleio,moon-guard,192,paladin,retribution,6,2,4
Izaacckk,hakkar,192,paladin,retribution,6,2,4
Omegabubble,garrosh,192,paladin,retribution,6,2,4
Ghatte,azralon,192,paladin,retribution,6,2,4
Strîkes,emerald-dream,192,paladin,retribution,6,2,4
Avengzeus,tichondrius,192,paladin,retribution,6,2,4
Lxwd,tichondrius,192,paladin,retribution,6,2,4
Roseheart,emerald-dream,192,paladin,retribution,6,2,4
Ladner,tichondrius,192,paladin,retribution,6,2,4
Calmpressure,tichondrius,192,paladin,retribution,6,2,4
Guacamello,emerald-dream,192,paladin,retribution,6,2,4
Retikulous,tichondrius,192,paladin,retribution,6,2,4
Ookcoo,tichondrius,192,paladin,retribution,6,2,4
Alberich,tichondrius,192,paladin,retribution,6,2,4
Alexandros,the-underbog,192,paladin,retribution,6,2,4
Maviskuku,tichondrius,192,paladin,retribution,6,2,4
Unsignedint,hyjal,192,paladin,retribution,6,2,4
Mercuryx,tichondrius,192,paladin,retribution,6,2,4
Rúdely,tichondrius,192,paladin,retribution,6,2,4
Brand,emerald-dream,192,paladin,retribution,6,2,4
Atan,emerald-dream,192,paladin,retribution,6,2,4
Nestus,shuhalo,192,paladin,retribution,6,2,4
Cudiskush,tichondrius,192,paladin,retribution,6,2,4
Caeson,moon-guard,192,paladin,retribution,6,2,4
Lumpypotatos,aegwynn,192,paladin,retribution,10,3,7
Trulymental,bleeding-hollow,192,paladin,retribution,7,2,5
Pòßà,malganis,192,paladin,retribution,7,2,5
Jessecash,tichondrius,192,paladin,retribution,12,3,9
Murgly,tichondrius,192,paladin,retribution,8,2,6
Misease,illidan,192,paladin,retribution,9,2,7
Jachug,tichondrius,192,paladin,retribution,12,2,10
Grimsfate,emerald-dream,192,paladin,retribution,12,2,10
Seratox,illidan,192,paladin,retribution,12,2,10
Cronodxl,quelthalas,192,paladin,retribution,12,2,10
Simbelmyne,thrall,192,paladin,retribution,12,2,10
Vamplyy,kelthuzad,192,paladin,retribution,12,2,10
Rîf,malganis,192,paladin,retribution,12,2,10
Sleepybiden,darkspear,192,paladin,retribution,12,2,10
Hojpack,tichondrius,192,paladin,retribution,12,2,10
Anahl,icecrown,192,paladin,retribution,12,2,10
Criixx,malganis,192,paladin,retribution,12,2,10
Octí,quelthalas,192,paladin,retribution,12,2,10
Ashric,moon-guard,192,paladin,retribution,12,2,10
Dánteé,ragnaros,192,paladin,retribution,12,2,10
Goomie,icecrown,192,paladin,retribution,12,2,10
Cabacarl,quelthalas,192,paladin,retribution,12,2,10
Clrty,area-52,192,paladin,retribution,12,2,10
Vantz,tichondrius,192,paladin,retribution,12,2,10
Ðáddý,zuljin,192,paladin,retribution,12,2,10
Yawnday,farstriders,192,paladin,retribution,12,2,10
Kaiyleigh,sargeras,192,paladin,retribution,12,2,10
Gilfan,proudmoore,192,paladin,retribution,12,2,10
Alyosya,barthilas,192,paladin,retribution,12,2,10
Ålltimer,stormrage,192,paladin,retribution,12,2,10
Nygardian,sargeras,192,paladin,retribution,12,2,10
Krístem,stormrage,192,paladin,retribution,12,2,10
Ghratadin,bleeding-hollow,192,paladin,retribution,12,2,10
Bubzfordubz,sargeras,192,paladin,retribution,12,2,10
Fazoéli,stormrage,192,paladin,retribution,12,2,10
Lamer,proudmoore,192,paladin,retribution,12,2,10
Aetol,proudmoore,192,paladin,retribution,12,2,10
Holyelfs,boulderfist,192,paladin,retribution,12,2,10
Sïncere,frostmourne,192,paladin,retribution,12,2,10
Killerspally,area-52,192,paladin,retribution,12,2,10
Trippierett,bloodscalp,192,paladin,retribution,12,2,10
Milfcrusader,tichondrius,192,paladin,retribution,12,2,10
Rayli,dalaran,192,paladin,retribution,12,2,10
Arminhamer,sargeras,192,paladin,retribution,12,2,10
Seltzer,tichondrius,192,paladin,retribution,12,2,10
Hurlnix,stormscale,192,paladin,retribution,12,2,10
Slithix,stormreaver,192,paladin,retribution,12,2,10
Elarilein,emerald-dream,192,paladin,retribution,12,2,10
Holyshifts,exodar,192,paladin,retribution,12,2,10
Ricopal,frostmourne,192,paladin,retribution,12,2,10
Jarvin,kiljaeden,192,paladin,retribution,12,2,10
Goldfaith,sargeras,192,paladin,retribution,12,2,10
Spîke,sargeras,192,paladin,retribution,12,2,10
Renorhal,moon-guard,192,paladin,retribution,12,2,10
Calferx,area-52,192,paladin,retribution,12,2,10
Runandhide,aerie-peak,192,paladin,retribution,18,2,16
Dorisseline,emerald-dream,192,paladin,retribution,18,2,16
Bratette,fenris,191,paladin,retribution,6,2,4
Pappábear,tichondrius,191,paladin,retribution,6,2,4
Túss,khazgoroth,191,paladin,retribution,6,2,4
Vegetå,malganis,180,paladin,retribution,31,6,25
Thugmuffin,thrall,176,paladin,retribution,7,3,4
Wokeinator,malganis,175,paladin,retribution,11,3,8
Baalduru,borean-tundra,175,paladin,retribution,11,2,9
Divinetoco,stormrage,175,paladin,retribution,11,2,9
Wellowar,moon-guard,170,paladin,retribution,11,4,7
Laysonus,moon-guard,169,paladin,retribution,11,4,7
Bubbletop,tichondrius,169,paladin,retribution,11,4,7
Bringbackrmp,tichondrius,159,paladin,retribution,5,2,3
Zyllo,area-52,159,paladin,retribution,5,2,3
Sorgeno,ursin,159,paladin,retribution,5,2,3
Hobbsone,trollbane,159,paladin,retribution,5,2,3
Pallydeen,illidan,159,paladin,retribution,5,2,3
Kaorii,mannoroth,159,paladin,retribution,5,2,3
Whoopsie,dragonmaw,159,paladin,retribution,5,2,3
Maldayn,quelthalas,159,paladin,retribution,5,2,3
Ubbhe,quelthalas,159,paladin,retribution,5,2,3
Beelzebøss,frostmourne,159,paladin,retribution,5,2,3
Whiplashlol,frostwolf,144,paladin,retribution,3,3,0
Perallta,tichondrius,144,paladin,retribution,3,3,0
Holeesheett,tichondrius,144,paladin,retribution,9,2,7
Leevii,azralon,138,paladin,retribution,11,4,7
Iæl,stormrage,138,paladin,retribution,10,3,7
Åddict,kelthuzad,138,paladin,retribution,10,3,7
Dathromir,stormrage,138,paladin,retribution,15,3,12
Bubbleosèven,tichondrius,138,paladin,retribution,16,3,13
Sundher,ragnaros,138,paladin,retribution,23,4,19
Sweetbunz,altar-of-storms,128,paladin,retribution,4,2,2
Mikwa,ragnaros,128,paladin,retribution,4,2,2
Stârfôx,area-52,128,paladin,retribution,4,2,2
Telaenchufo,ragnaros,128,paladin,retribution,4,2,2
Holyjoe,area-52,128,paladin,retribution,4,2,2
Anbor,azralon,128,paladin,retribution,4,2,2
Khileeha,sargeras,128,paladin,retribution,10,2,8
Sofiora,thunderlord,128,paladin,retribution,10,2,8
Celerios,stormreaver,127,paladin,retribution,8,2,6
Vishpal,malganis,112,paladin,retribution,7,2,5
Gaismagorm,ragnaros,96,paladin,retribution,3,2,1
Swordstrikes,tichondrius,96,paladin,retribution,3,2,1
Utho,wyrmrest-accord,96,paladin,retribution,3,2,1
Dazak,ragnaros,96,paladin,retribution,3,2,1
Shalith,thrall,96,paladin,retribution,3,2,1
Lusangri,thrall,96,paladin,retribution,9,2,7
Simple,ghostlands,96,paladin,retribution,16,3,13
Retx,arthas,96,paladin,retribution,6,1,5
Imbackk,quelthalas,96,paladin,retribution,6,1,5
Zwilliam,frostmourne,96,paladin,retribution,6,1,5
Kírí,quelthalas,96,paladin,retribution,6,1,5
Chainjustice,area-52,96,paladin,retribution,6,1,5
Judgémental,bleeding-hollow,96,paladin,retribution,6,1,5
Lythos,dathremar,96,paladin,retribution,6,1,5
Rodrigo,frostmourne,96,paladin,retribution,6,1,5
Tehbeasty,hyjal,96,paladin,retribution,6,1,5
Lakinipally,lightbringer,96,paladin,retribution,6,1,5
Actionman,bleeding-hollow,96,paladin,retribution,6,1,5
Bruwdblood,bleeding-hollow,96,paladin,retribution,6,1,5
Daivdsonbr,azralon,96,paladin,retribution,6,1,5
Warhero,sargeras,96,paladin,retribution,6,1,5
Duecesz,area-52,96,paladin,retribution,6,1,5
Càséy,zuljin,96,paladin,retribution,6,1,5
Krylaa,madoran,96,paladin,retribution,6,1,5
Maeyz,sargeras,96,paladin,retribution,6,1,5
Coffeebean,quelthalas,96,paladin,retribution,6,1,5
Furrpally,tichondrius,96,paladin,retribution,6,1,5
Kamael,darrowmere,96,paladin,retribution,6,1,5
Serinos,zuljin,96,paladin,retribution,6,1,5
Cots,azralon,96,paladin,retribution,6,1,5
Alk,windrunner,96,paladin,retribution,6,1,5
Adobro,tichondrius,96,paladin,retribution,6,1,5
Partenna,quelthalas,96,paladin,retribution,6,1,5
Chootoy,tichondrius,96,paladin,retribution,6,1,5
Marcovk,quelthalas,96,paladin,retribution,6,1,5
Revendreth,caelestrasz,96,paladin,retribution,6,1,5
Kroman,quelthalas,96,paladin,retribution,6,1,5
Asellusarc,kelthuzad,96,paladin,retribution,6,1,5
Riçky,tichondrius,96,paladin,retribution,6,1,5
Fistopain,staghelm,96,paladin,retribution,6,1,5
Pùteduvilage,zuljin,96,paladin,retribution,6,1,5
Odos,zuljin,96,paladin,retribution,6,1,5
Shortj,malganis,96,paladin,retribution,6,1,5
Retrib,tichondrius,96,paladin,retribution,6,1,5
Phelix,lightninghoof,96,paladin,retribution,6,1,5
Boundric,emerald-dream,96,paladin,retribution,6,1,5
Dìlf,zuljin,96,paladin,retribution,6,1,5
Giita,quelthalas,96,paladin,retribution,6,1,5
Tehgodofdmg,tichondrius,96,paladin,retribution,6,1,5
Fourwives,sargeras,96,paladin,retribution,6,1,5
Smïthh,area-52,96,paladin,retribution,6,1,5
Febimus,magtheridon,96,paladin,retribution,6,1,5
Yøu,tichondrius,96,paladin,retribution,6,1,5
Bigshaftt,gorgonnash,96,paladin,retribution,6,1,5
Ding,wyrmrest-accord,96,paladin,retribution,6,1,5
Dûälïpä,barthilas,96,paladin,retribution,6,1,5
Krelya,ragnaros,96,paladin,retribution,6,1,5
Glowstone,emerald-dream,96,paladin,retribution,6,1,5
Cupidxbye,tichondrius,96,paladin,retribution,6,1,5
Sneakycastro,bleeding-hollow,96,paladin,retribution,6,1,5
Prahv,shuhalo,96,paladin,retribution,6,1,5
Liongolden,azralon,96,paladin,retribution,6,1,5
Ariolo,baelgun,96,paladin,retribution,6,1,5
Coltoniac,kaelthas,96,paladin,retribution,6,1,5
Chøcølatte,azralon,96,paladin,retribution,6,1,5
Salennai,daggerspine,96,paladin,retribution,6,1,5
Aldwyn,deathwing,96,paladin,retribution,6,1,5
Valadinn,tichondrius,96,paladin,retribution,6,1,5
Zealotry,tichondrius,96,paladin,retribution,6,1,5
Chuggawhugga,area-52,96,paladin,retribution,6,1,5
Acpally,tichondrius,96,paladin,retribution,6,1,5
Undefeatæd,korgath,96,paladin,retribution,6,1,5
Àurorâ,tichondrius,96,paladin,retribution,6,1,5
Terppy,stormrage,96,paladin,retribution,6,1,5
Scuffedhoj,tichondrius,96,paladin,retribution,6,1,5
Franchy,stormrage,96,paladin,retribution,6,1,5
Burom,kelthuzad,96,paladin,retribution,6,1,5
Angusbeef,hyjal,96,paladin,retribution,6,1,5
Poeboyz,stormrage,96,paladin,retribution,6,1,5
Urudith,azralon,96,paladin,retribution,6,1,5
Jüstice,tichondrius,96,paladin,retribution,6,1,5
Bigdampally,tichondrius,96,paladin,retribution,6,1,5
Dafoq,stormrage,96,paladin,retribution,6,1,5
Rg,nerzhul,96,paladin,retribution,6,1,5
Thumos,sargeras,96,paladin,retribution,6,1,5
Zulzander,kelthuzad,96,paladin,retribution,6,1,5
Gdesign,tichondrius,96,paladin,retribution,6,1,5
Conámi,ragnaros,96,paladin,retribution,6,1,5
Retsarro,frostmourne,96,paladin,retribution,6,1,5
Rodt,dalaran,96,paladin,retribution,6,1,5
Xkillz,korgath,96,paladin,retribution,6,1,5
Ownedcrazy,stormrage,96,paladin,retribution,6,1,5
Murzo,hyjal,96,paladin,retribution,6,1,5
Gressilin,arthas,96,paladin,retribution,6,1,5
Orthín,stormrage,96,paladin,retribution,6,1,5
Pipesmoke,dunemaul,96,paladin,retribution,6,1,5
Lightmessiah,perenolde,96,paladin,retribution,6,1,5
Kamakazê,sargeras,96,paladin,retribution,6,1,5
Tenethor,area-52,96,paladin,retribution,6,1,5
Palajem,stormrage,96,paladin,retribution,6,1,5
Talahar,boulderfist,96,paladin,retribution,6,1,5
Jeeb,blackrock,96,paladin,retribution,6,1,5
Momhips,bloodscalp,96,paladin,retribution,6,1,5
Këys,earthen-ring,96,paladin,retribution,6,1,5
Ashlane,tichondrius,96,paladin,retribution,6,1,5
Holyclapzy,stormrage,96,paladin,retribution,6,1,5
Balloony,stormrage,96,paladin,retribution,6,1,5
Maldobarr,stormrage,96,paladin,retribution,6,1,5
Sóapbubble,tichondrius,96,paladin,retribution,6,1,5
Cyona,gallywix,96,paladin,retribution,6,1,5
Nvrbubble,area-52,96,paladin,retribution,6,1,5
Yesdaddyxo,emerald-dream,96,paladin,retribution,6,1,5
Chawbanger,proudmoore,96,paladin,retribution,6,1,5
Thòrisòn,stormrage,96,paladin,retribution,6,1,5
Samsaratry,proudmoore,96,paladin,retribution,6,1,5
Skeeta,area-52,96,paladin,retribution,6,1,5
Röniin,ragnaros,96,paladin,retribution,6,1,5
Kuribohs,tichondrius,96,paladin,retribution,6,1,5
Flashbubble,sargeras,96,paladin,retribution,6,1,5
Erindor,emerald-dream,96,paladin,retribution,6,1,5
Nytto,lightnings-blade,96,paladin,retribution,6,1,5
Xamo,drakkari,96,paladin,retribution,6,1,5
Goksuu,ragnaros,96,paladin,retribution,6,1,5
Brynleigh,malganis,96,paladin,retribution,6,1,5
Gazef,proudmoore,96,paladin,retribution,6,1,5
Luiiguii,drakkari,96,paladin,retribution,6,1,5
Palium,stormrage,96,paladin,retribution,6,1,5
Englishdude,tichondrius,96,paladin,retribution,6,1,5
Clorpi,drakkari,96,paladin,retribution,6,1,5
Shamashjoel,black-dragonflight,96,paladin,retribution,6,1,5
Parts,aerie-peak,96,paladin,retribution,6,1,5
Justtrollin,black-dragonflight,96,paladin,retribution,6,1,5
Carloss,drakkari,96,paladin,retribution,6,1,5
Sleyn,stormrage,96,paladin,retribution,6,1,5
Lìghtning,stormrage,96,paladin,retribution,6,1,5
Kytheon,zuluhed,96,paladin,retribution,6,1,5
Madtrollaids,kiljaeden,96,paladin,retribution,6,1,5
Slayalot,icecrown,96,paladin,retribution,6,1,5
Mîrrors,barthilas,96,paladin,retribution,6,1,5
Energizzed,azralon,96,paladin,retribution,6,1,5
Lòuisvuttion,tichondrius,96,paladin,retribution,6,1,5
Meanervini,kiljaeden,96,paladin,retribution,6,1,5
Ünkøwn,stormrage,96,paladin,retribution,6,1,5
Aragonns,illidan,96,paladin,retribution,6,1,5
Darksaint,hellscream,96,paladin,retribution,6,1,5
Thorgard,antonidas,96,paladin,retribution,6,1,5
Serazan,moon-guard,96,paladin,retribution,6,1,5
Mentalíssues,moon-guard,96,paladin,retribution,6,1,5
Deviill,winterhoof,96,paladin,retribution,6,1,5
Djset,blackhand,96,paladin,retribution,6,1,5
Surrogat,ragnaros,96,paladin,retribution,6,1,5
Chapichapi,illidan,96,paladin,retribution,6,1,5
Skadooshh,illidan,96,paladin,retribution,6,1,5
Asheryte,sargeras,96,paladin,retribution,6,1,5
Ashlïe,moon-guard,96,paladin,retribution,6,1,5
Scrubdin,illidan,96,paladin,retribution,6,1,5
Slantee,illidan,96,paladin,retribution,6,1,5
Latchpaladin,sargeras,96,paladin,retribution,6,1,5
Scah,illidan,96,paladin,retribution,6,1,5
Ilumine,mannoroth,96,paladin,retribution,6,1,5
Tharok,spirestone,96,paladin,retribution,6,1,5
Amazarak,stormrage,96,paladin,retribution,6,1,5
Paldan,illidan,96,paladin,retribution,6,1,5
Sanddor,moon-guard,96,paladin,retribution,6,1,5
Wakethelight,illidan,96,paladin,retribution,6,1,5
Hungheracles,thrall,96,paladin,retribution,6,1,5
Topsid,sargeras,96,paladin,retribution,6,1,5
Raams,moon-guard,96,paladin,retribution,6,1,5
Holyxsmokes,illidan,96,paladin,retribution,6,1,5
Léa,illidan,96,paladin,retribution,6,1,5
Tooshka,azshara,96,paladin,retribution,6,1,5
Bravsirrobin,firetree,96,paladin,retribution,6,1,5
Krulu,thrall,96,paladin,retribution,6,1,5
Donoph,blades-edge,96,paladin,retribution,6,1,5
Retski,thrall,96,paladin,retribution,6,1,5
Ret,burning-legion,96,paladin,retribution,6,1,5
Ssjgodvy,illidan,96,paladin,retribution,6,1,5
Tradalia,illidan,96,paladin,retribution,6,1,5
Bosmoklikdat,moon-guard,96,paladin,retribution,6,1,5
Chakin,burning-legion,96,paladin,retribution,6,1,5
Scarllye,illidan,96,paladin,retribution,6,1,5
Ahrieze,moon-guard,96,paladin,retribution,6,1,5
Beebopper,illidan,96,paladin,retribution,6,1,5
Isskandar,moon-guard,96,paladin,retribution,6,1,5
Brank,agamaggan,96,paladin,retribution,6,1,5
Bubbllicious,thrall,96,paladin,retribution,6,1,5
Ryudoshël,nemesis,96,paladin,retribution,6,1,5
Vatherollin,proudmoore,96,paladin,retribution,6,1,5
Daelann,moon-guard,96,paladin,retribution,6,1,5
Kregar,kelthuzad,96,paladin,retribution,7,1,6
Trinkysteve,frostmane,96,paladin,retribution,7,1,6
Lelythia,bleeding-hollow,96,paladin,retribution,7,1,6
Zatoci,shadowsong,96,paladin,retribution,11,1,10
Æpaldin,tichondrius,96,paladin,retribution,12,1,11
Shamo,stormreaver,96,paladin,retribution,12,1,11
Lexdor,quelthalas,96,paladin,retribution,12,1,11
Lorenzojr,sargeras,96,paladin,retribution,12,1,11
Roosterface,azjolnerub,96,paladin,retribution,12,1,11
Yoropal,tichondrius,96,paladin,retribution,12,1,11
Axiskai,gorgonnash,96,paladin,retribution,12,1,11
Oshia,destromath,96,paladin,retribution,12,1,11
Hondacivicsi,mannoroth,96,paladin,retribution,12,1,11
Catholica,tichondrius,96,paladin,retribution,12,1,11
Hojpocketx,tichondrius,96,paladin,retribution,12,1,11
Rimorse,illidan,96,paladin,retribution,12,1,11
Ðrekai,moon-guard,96,paladin,retribution,12,1,11
Séykän,ragnaros,96,paladin,retribution,12,1,11
Bregalad,bleeding-hollow,96,paladin,retribution,12,1,11
Yobnai,zuljin,96,paladin,retribution,12,1,11
Siglud,tichondrius,96,paladin,retribution,12,1,11
Miniminx,malganis,96,paladin,retribution,12,1,11
Whosyourdady,azjolnerub,96,paladin,retribution,12,1,11
Zalacar,azralon,96,paladin,retribution,12,1,11
Kënsi,quelthalas,96,paladin,retribution,12,1,11
Reinhardburm,quelthalas,96,paladin,retribution,12,1,11
Geykum,tichondrius,96,paladin,retribution,17,1,16
Paladinkofwa,tichondrius,95,paladin,retribution,6,2,4
Jaidun,stormrage,95,paladin,retribution,6,1,5
Hottest,wyrmrest-accord,84,paladin,retribution,13,5,8
Torms,illidan,79,paladin,retribution,3,3,0
Yukiikaze,sargeras,79,paladin,retribution,5,2,3
Goldieg,tichondrius,79,paladin,retribution,5,1,4
Taego,tichondrius,79,paladin,retribution,5,1,4
Laydarus,frostmourne,79,paladin,retribution,5,1,4
Iceddcoffee,barthilas,79,paladin,retribution,5,1,4
Ryxxi,sargeras,79,paladin,retribution,5,1,4
Bowdown,wildhammer,79,paladin,retribution,5,1,4
Sprjustice,frostmourne,79,paladin,retribution,6,1,5
Hivers,stormrage,79,paladin,retribution,11,1,10
Wingsproc,stormrage,64,paladin,retribution,4,1,3
Taegwyn,thunderlord,64,paladin,retribution,4,1,3
Piston,kiljaeden,63,paladin,retribution,2,2,0
Clarïtý,stormrage,63,paladin,retribution,2,2,0
Crayonpal,tichondrius,63,paladin,retribution,2,2,0
Dronedròp,illidan,63,paladin,retribution,2,2,0
Belenor,quelthalas,63,paladin,retribution,2,2,0
Kroneckerr,ragnaros,48,paladin,retribution,8,3,5
Judgingu,proudmoore,48,paladin,retribution,3,1,2
Cïelo,dragonmaw,42,paladin,retribution,6,2,4
Dabakle,stormrage,42,paladin,retribution,8,2,6
Thisissus,tichondrius,42,paladin,retribution,8,2,6
Pearlx,ragnaros,42,paladin,retribution,10,2,8
Voncruz,proudmoore,42,paladin,retribution,12,2,10
Tanneth,zuljin,31,paladin,retribution,2,1,1
Gorila,stormrage,31,paladin,retribution,2,1,1
Patrious,moon-guard,31,paladin,retribution,2,1,1
Salx,tichondrius,31,paladin,retribution,8,1,7
Ðivinestørm,stormrage,16,paladin,retribution,1,1,0
Bluether,sargeras,16,paladin,retribution,1,1,0
ßleider,quelthalas,1906,paladin,protection,55,39,16
Ëlmaster,nemesis,1831,paladin,protection,126,80,46
Degenratebri,moon-guard,1779,paladin,protection,53,39,14
Aluvia,malygos,1741,paladin,protection,70,50,20
Zhspeilian,tichondrius,1730,paladin,protection,84,47,37
Höpönpöppö,frostmourne,1729,paladin,protection,48,26,22
Kierolechita,ragnaros,1721,paladin,protection,262,135,127
Jimmipepe,quelthalas,1719,paladin,protection,128,84,44
Crâfty,bleeding-hollow,1717,paladin,protection,113,65,48
Sigmapepe,quelthalas,1706,paladin,protection,102,68,34
Motates,malganis,1706,paladin,protection,93,48,45
Dankerton,tichondrius,1678,paladin,protection,34,19,15
Wilder,turalyon,1676,paladin,protection,47,27,20
Uglyboyryan,sargeras,1666,paladin,protection,96,55,41
Eclipsor,bleeding-hollow,1657,paladin,protection,48,30,18
Zealna,tichondrius,1655,paladin,protection,29,20,9
Vondonna,moon-guard,1655,paladin,protection,113,65,48
Sôlux,quelthalas,1638,paladin,protection,56,31,25
Lxwd,tichondrius,1636,paladin,protection,131,66,65
Sutadansa,doomhammer,1632,paladin,protection,146,71,75
Zephyrvalor,sargeras,1601,paladin,protection,146,69,77
Bighardshock,aggramar,1573,paladin,protection,36,19,17
Blackmiya,tichondrius,1570,paladin,protection,31,20,11
Øziris,goldrinn,1567,paladin,protection,74,33,41
Cusino,tichondrius,1560,paladin,protection,56,34,22
Rehtua,bleeding-hollow,1557,paladin,protection,83,35,48
Aeythyr,wyrmrest-accord,1495,paladin,protection,54,27,27
Chozverialyz,ysondre,1494,paladin,protection,68,32,36
Borrus,malygos,1480,paladin,protection,48,28,20
Zexion,azralon,1450,paladin,protection,45,19,26
Alekvin,moon-guard,1442,paladin,protection,36,19,17
Íaan,drakkari,1433,paladin,protection,70,43,27
Tooholy,kiljaeden,1432,paladin,protection,29,16,13
Wowmike,sargeras,1432,paladin,protection,102,49,53
Domocho,azgalor,1417,paladin,protection,42,22,20
Arcilys,illidan,1398,paladin,protection,60,29,31
Herimi,drakkari,1396,paladin,protection,89,36,53
Modafinil,bonechewer,1390,paladin,protection,117,53,64
Bt,quelthalas,1376,paladin,protection,41,25,16
Khrome,cenarion-circle,1373,paladin,protection,163,58,105
Rakasho,azralon,1370,paladin,protection,60,23,37
Goeun,destromath,1369,paladin,protection,37,16,21
Taillien,bonechewer,1363,paladin,protection,52,29,23
Goldjade,khazgoroth,1357,paladin,protection,101,41,60
Aopidsfihjov,stormrage,1355,paladin,protection,107,55,52
Almeta,kelthuzad,1350,paladin,protection,36,18,18
Jenesis,illidan,1348,paladin,protection,30,20,10
Stormvikingx,darkspear,1336,paladin,protection,24,14,10
Fredward,bleeding-hollow,1329,paladin,protection,30,14,16
Poppadock,veknilash,1315,paladin,protection,28,15,13
Jkethuhsnake,ghostlands,1306,paladin,protection,51,31,20
Poorly,thorium-brotherhood,1296,paladin,protection,36,19,17
Ronor,thorium-brotherhood,1289,paladin,protection,36,17,19
Thorsmites,sargeras,1273,paladin,protection,48,18,30
Canibaluy,ragnaros,1254,paladin,protection,34,15,19
Xbloodknight,malganis,1243,paladin,protection,36,13,23
Lythos,dathremar,1238,paladin,protection,42,19,23
Imthabromb,dragonblight,1189,paladin,protection,41,20,21
Lelythia,bleeding-hollow,1161,paladin,protection,65,25,40
Palahogx,sargeras,1150,paladin,protection,24,12,12
Chanimalf,tichondrius,1118,paladin,protection,18,13,5
Gredo,queldorei,1070,paladin,protection,17,12,5
Zakh,proudmoore,1053,paladin,protection,18,11,7
Penitent,barthilas,1052,paladin,protection,18,11,7
Bullivan,sisters-of-elune,963,paladin,protection,40,14,26
Bubblemark,tichondrius,959,paladin,protection,24,10,14
Strontimus,moon-guard,958,paladin,protection,12,10,2
Ndnpaly,bonechewer,953,paladin,protection,12,10,2
Ratzon,dalaran,950,paladin,protection,18,10,8
Matadore,arygos,908,paladin,protection,22,11,11
Alexcydragon,quelthalas,863,paladin,protection,18,9,9
Holybull,maiev,859,paladin,protection,18,9,9
Hittit,thrall,859,paladin,protection,30,9,21
Negativeiq,moon-guard,798,paladin,protection,10,10,0
Trâgedy,azjolnerub,768,paladin,protection,12,8,4
Protdream,tichondrius,768,paladin,protection,12,8,4
Courageousz,dalaran,768,paladin,protection,18,8,10
Crusâder,area-52,767,paladin,protection,24,8,16
Blicka,dragonblight,763,paladin,protection,24,8,16
Lothwrynn,senjin,762,paladin,protection,18,8,10
Kittié,proudmoore,760,paladin,protection,36,8,28
Halnoth,dethecus,702,paladin,protection,11,8,3
Demloc,doomhammer,672,paladin,protection,18,7,11
Valkaire,area-52,671,paladin,protection,12,7,5
Dirkdigglerz,bleeding-hollow,670,paladin,protection,18,7,11
Nobleblood,emerald-dream,669,paladin,protection,18,7,11
Trågédy,zuljin,576,paladin,protection,6,6,0
Sølis,alleria,576,paladin,protection,12,6,6
Whëëls,stormreaver,576,paladin,protection,12,6,6
Kurokodieru,dalaran,576,paladin,protection,12,6,6
Danthorin,malfurion,575,paladin,protection,24,6,18
Buslightyear,azralon,480,paladin,protection,6,5,1
Typhoontravv,thrall,480,paladin,protection,12,5,7
Tankfest,sargeras,480,paladin,protection,12,5,7
Kiehui,lightbringer,480,paladin,protection,12,5,7
Gotankz,moon-guard,480,paladin,protection,12,5,7
Bullmarket,tichondrius,480,paladin,protection,18,5,13
Lewstelamon,korialstrasz,446,paladin,protection,10,6,4
Ibubblë,wildhammer,384,paladin,protection,6,4,2
Holyknight,veknilash,384,paladin,protection,14,5,9
Gîmply,proudmoore,384,paladin,protection,12,4,8
Bullheaded,silvermoon,384,paladin,protection,12,4,8
Zaeris,proudmoore,384,paladin,protection,12,4,8
Ilovéyou,barthilas,384,paladin,protection,12,4,8
Belmorlin,moon-guard,384,paladin,protection,12,4,8
Rikurena,bonechewer,383,paladin,protection,6,4,2
Jahirie,aegwynn,351,paladin,protection,17,4,13
Isecretly,stormrage,335,paladin,protection,7,7,0
Thortanous,icecrown,288,paladin,protection,6,3,3
Cheers,garona,288,paladin,protection,6,3,3
Drágons,stormrage,288,paladin,protection,6,3,3
Kooshh,thunderlord,288,paladin,protection,12,3,9
Eliteyahtzee,kelthuzad,288,paladin,protection,12,3,9
Urfavxbf,baelgun,288,paladin,protection,13,3,10
Cots,azralon,271,paladin,protection,11,3,8
Saeranella,moon-guard,240,paladin,protection,9,3,6
Blâckhârt,saurfang,234,paladin,protection,9,4,5
Immensepower,tichondrius,192,paladin,protection,6,2,4
Zatheus,area-52,192,paladin,protection,6,2,4
Xinqingle,tichondrius,192,paladin,protection,6,2,4
Zifre,ragnaros,192,paladin,protection,12,2,10
Consecrated,daggerspine,192,paladin,protection,12,2,10
Dwarvendude,sargeras,159,paladin,protection,11,2,9
Holykura,thrall,96,paladin,protection,6,1,5
Combidin,garrosh,96,paladin,protection,6,1,5
Thrandaic,frostmourne,96,paladin,protection,6,1,5
Lasonil,zuljin,96,paladin,protection,6,1,5
Qtipds,moon-guard,96,paladin,protection,6,1,5
Irahan,stormrage,96,paladin,protection,6,1,5
Airane,sargeras,96,paladin,protection,6,1,5
Mtanchokeme,stormrage,96,paladin,protection,9,1,8
Chàrron,garrosh,79,paladin,protection,5,1,4
Garbagedisc,scilla,2139,priest,holy,114,56,58
Yötönyö,sargeras,2082,priest,holy,114,57,57
Priestlike,tichondrius,2010,priest,holy,127,68,59
Pianohouse,illidan,1998,priest,holy,132,70,62
Rustymvp,nagrand,1998,priest,holy,113,55,58
Dogbutt,burning-legion,1996,priest,holy,222,111,111
Pickle,illidan,1974,priest,holy,86,49,37
Fusira,gurubashi,1941,priest,holy,48,25,23
Tirrify,frostmourne,1899,priest,holy,54,29,25
Cokeheals,kelthuzad,1897,priest,holy,42,26,16
Fluent,emerald-dream,1895,priest,holy,192,91,101
Onemission,whisperwind,1889,priest,holy,72,27,45
Cinnalite,darkspear,1870,priest,holy,42,29,13
Teslashield,bleeding-hollow,1856,priest,holy,54,25,29
Ninbara,tichondrius,1851,priest,holy,102,49,53
Tookiex,stormrage,1847,priest,holy,61,29,32
Lilyxo,bleeding-hollow,1845,priest,holy,72,36,36
Hyouka,area-52,1844,priest,holy,268,143,125
Peat,hyjal,1844,priest,holy,54,27,27
Lëønë,nemesis,1842,priest,holy,148,93,55
Superduperr,illidan,1840,priest,holy,66,33,33
Saintjpii,tichondrius,1839,priest,holy,143,84,59
Whalexo,kelthuzad,1838,priest,holy,225,111,114
Vandalia,shadowsong,1837,priest,holy,181,89,92
Citrinesta,illidan,1835,priest,holy,197,121,76
Gerpe,stormrage,1830,priest,holy,189,106,83
Lagemela,quelthalas,1825,priest,holy,101,47,54
Pmos,sargeras,1823,priest,holy,40,21,19
Nickydamous,moon-guard,1817,priest,holy,66,38,28
Iniquitatem,tichondrius,1817,priest,holy,60,23,37
Tromnasty,area-52,1816,priest,holy,90,53,37
Whitetails,illidan,1816,priest,holy,54,31,23
Rootandboot,frostmourne,1815,priest,holy,49,29,20
Onikûdaki,sargeras,1814,priest,holy,86,37,49
Sweatynick,proudmoore,1813,priest,holy,227,109,118
Immthuggin,tichondrius,1813,priest,holy,120,53,67
Scyner,bleeding-hollow,1811,priest,holy,152,87,65
Dmgisop,illidan,1811,priest,holy,141,80,61
Clarifytwo,arathor,1809,priest,holy,48,29,19
Qnzo,tichondrius,1806,priest,holy,60,39,21
Pipelayerx,illidan,1804,priest,holy,50,25,25
Murkd,tichondrius,1804,priest,holy,145,68,77
Mynaevis,malganis,1800,priest,holy,66,35,31
Gill,proudmoore,1800,priest,holy,148,78,70
Meatboxmoldy,blood-furnace,1795,priest,holy,76,37,39
Jjmms,akama,1789,priest,holy,251,127,124
Moonideli,moon-guard,1783,priest,holy,90,46,44
Turnipp,sargeras,1780,priest,holy,42,19,23
Dreckie,sargeras,1779,priest,holy,141,71,70
Zenelu,tichondrius,1775,priest,holy,482,239,243
Haruspex,azralon,1774,priest,holy,123,58,65
Santyel,ragnaros,1768,priest,holy,72,43,29
Bloodlinex,malganis,1767,priest,holy,189,110,79
Mastuti,azralon,1763,priest,holy,77,34,43
Goodlife,frostmourne,1753,priest,holy,107,52,55
Pigogo,tichondrius,1747,priest,holy,127,72,55
Óst,tichondrius,1747,priest,holy,54,23,31
Heavyflo,kelthuzad,1746,priest,holy,96,49,47
Pancakeboi,tichondrius,1744,priest,holy,113,56,57
Jüdaspriest,gorefiend,1744,priest,holy,53,20,33
Nanatoo,sargeras,1743,priest,holy,42,22,20
Iovesosa,kelthuzad,1739,priest,holy,39,22,17
Zazul,frostmane,1734,priest,holy,107,61,46
Iloveethan,moon-guard,1726,priest,holy,95,53,42
Icychain,area-52,1726,priest,holy,35,19,16
Minipriest,sargeras,1726,priest,holy,48,23,25
Soulghast,gorefiend,1720,priest,holy,42,24,18
Nildryck,malganis,1720,priest,holy,42,19,23
Cheekypriest,stormrage,1714,priest,holy,66,30,36
Eccentricx,sargeras,1712,priest,holy,30,18,12
Falsegodx,tichondrius,1705,priest,holy,114,60,54
Snowymooie,frostmourne,1697,priest,holy,54,25,29
Packet,zuluhed,1694,priest,holy,42,28,14
Geoffrred,illidan,1686,priest,holy,54,21,33
Pws,azralon,1683,priest,holy,66,29,37
Candohp,frostmourne,1682,priest,holy,42,22,20
Soloqqt,tichondrius,1675,priest,holy,42,24,18
Gaudthree,tichondrius,1675,priest,holy,48,26,22
Qtasiangirl,emerald-dream,1675,priest,holy,75,32,43
ßsimp,darrowmere,1674,priest,holy,83,38,45
Myles,alexstrasza,1669,priest,holy,36,22,14
Quicklight,sargeras,1669,priest,holy,48,28,20
Cosmicyiff,area-52,1666,priest,holy,76,38,38
Moosepriestx,sargeras,1660,priest,holy,42,19,23
Cryptron,tichondrius,1660,priest,holy,114,50,64
Iluvthgnmicz,sargeras,1655,priest,holy,57,30,27
Fyne,kelthuzad,1653,priest,holy,224,115,109
Wankenobi,stormrage,1651,priest,holy,297,149,148
Illmindofmoo,sargeras,1645,priest,holy,41,18,23
Yyuan,tichondrius,1644,priest,holy,36,19,17
Dinosmeow,sargeras,1643,priest,holy,78,36,42
Dream,kelthuzad,1639,priest,holy,60,27,33
Bopang,emerald-dream,1638,priest,holy,59,27,32
Fäctor,bleeding-hollow,1633,priest,holy,44,23,21
Stonemonkeyp,sargeras,1629,priest,holy,213,117,96
Elbowbeans,tichondrius,1629,priest,holy,94,43,51
Hardiness,tichondrius,1627,priest,holy,66,45,21
Qnarisha,tichondrius,1626,priest,holy,131,69,62
Iaz,darkspear,1626,priest,holy,50,22,28
Punkndrublic,sargeras,1625,priest,holy,165,83,82
Wisdumos,frostmourne,1625,priest,holy,72,36,36
Dgpriest,tichondrius,1620,priest,holy,48,23,25
Clarify,arathor,1615,priest,holy,84,35,49
Miserable,emerald-dream,1614,priest,holy,102,56,46
Hpcando,frostmourne,1612,priest,holy,43,26,17
Lickless,illidan,1611,priest,holy,42,20,22
Endure,moon-guard,1610,priest,holy,42,22,20
Leoshi,turalyon,1604,priest,holy,48,27,21
Jiñx,destromath,1601,priest,holy,54,27,27
Dylbags,frostmourne,1600,priest,holy,35,21,14
Lemmiewinkzx,sargeras,1598,priest,holy,24,17,7
Thisistragic,frostmourne,1594,priest,holy,34,26,8
Washdp,frostmourne,1591,priest,holy,60,26,34
Manbooty,illidan,1588,priest,holy,39,22,17
Dypkillet,moon-guard,1582,priest,holy,150,71,79
Alathea,elune,1580,priest,holy,225,107,118
Archbishop,stormscale,1577,priest,holy,129,64,65
Bloodyx,bleeding-hollow,1573,priest,holy,30,19,11
Avis,illidan,1569,priest,holy,134,67,67
Cutiepriest,gnomeregan,1565,priest,holy,151,86,65
Padrecarras,ragnaros,1565,priest,holy,60,30,30
ßeautiful,sargeras,1562,priest,holy,42,22,20
Bubbles,drakthul,1562,priest,holy,514,258,256
Pootyspanked,daggerspine,1559,priest,holy,113,66,47
Krobs,bleeding-hollow,1559,priest,holy,48,20,28
Cerebrill,bleeding-hollow,1557,priest,holy,45,22,23
Tarlex,illidan,1555,priest,holy,94,43,51
Cantheel,stormrage,1549,priest,holy,180,93,87
Tytusx,stormrage,1543,priest,holy,44,22,22
Operandi,sargeras,1539,priest,holy,35,19,16
Heluupa,illidan,1538,priest,holy,113,71,42
Tookz,stormrage,1530,priest,holy,24,16,8
Noniok,blackrock,1527,priest,holy,56,35,21
Nielbomb,tichondrius,1527,priest,holy,414,206,208
Soaphia,kelthuzad,1525,priest,holy,130,65,65
Dispassion,stormrage,1523,priest,holy,182,90,92
Praggy,proudmoore,1522,priest,holy,36,17,19
Healinsucks,proudmoore,1519,priest,holy,52,29,23
Handsumheals,kiljaeden,1515,priest,holy,55,32,23
Holypopocat,tichondrius,1514,priest,holy,33,18,15
Saetia,drenden,1513,priest,holy,69,40,29
Ducky,drakthul,1513,priest,holy,66,38,28
Sacrifer,moon-guard,1513,priest,holy,102,52,50
Dawnside,wyrmrest-accord,1512,priest,holy,678,363,315
Joeschmoe,proudmoore,1512,priest,holy,42,22,20
Boboxiao,illidan,1512,priest,holy,47,16,31
Chervz,chogall,1511,priest,holy,54,23,31
Anguishment,stormrage,1509,priest,holy,261,130,131
Downturn,tichondrius,1507,priest,holy,42,18,24
Oyy,barthilas,1505,priest,holy,150,76,74
Arçhángël,moon-guard,1503,priest,holy,102,57,45
Sukeena,malganis,1503,priest,holy,119,56,63
Einheit,stormrage,1502,priest,holy,48,28,20
Giveheadpats,moon-guard,1496,priest,holy,164,80,84
Symbolofhope,moon-guard,1495,priest,holy,75,36,39
Tazzi,chromaggus,1494,priest,holy,79,35,44
Soleyxo,frostmourne,1489,priest,holy,54,31,23
Chadopri,stormrage,1486,priest,holy,42,26,16
Sooyáaa,illidan,1484,priest,holy,247,113,134
Kostantina,kelthuzad,1484,priest,holy,42,18,24
Iggyp,hyjal,1482,priest,holy,139,76,63
Tranquilty,tichondrius,1480,priest,holy,84,36,48
Wøo,area-52,1476,priest,holy,172,89,83
Goyimhealer,area-52,1476,priest,holy,53,23,30
Illyasviel,terenas,1472,priest,holy,103,41,62
Adrenalinn,illidan,1471,priest,holy,60,34,26
Cardinalpéll,frostmourne,1470,priest,holy,62,32,30
Edmen,stormrage,1466,priest,holy,96,47,49
Musashibo,kelthuzad,1462,priest,holy,67,25,42
Bibleblak,stormrage,1461,priest,holy,36,17,19
Ayanamil,tichondrius,1460,priest,holy,79,57,22
Vampiric,laughing-skull,1460,priest,holy,68,38,30
Matthiass,thrall,1458,priest,holy,178,85,93
Strivedaily,proudmoore,1445,priest,holy,258,124,134
Griddly,alterac-mountains,1445,priest,holy,55,17,38
Swrvlol,emerald-dream,1444,priest,holy,36,25,11
Owlchubz,mannoroth,1443,priest,holy,121,57,64
Rolence,tichondrius,1437,priest,holy,80,43,37
Artiannaa,bleeding-hollow,1436,priest,holy,63,39,24
Reverenced,stormrage,1434,priest,holy,114,65,49
Necroplasma,area-52,1433,priest,holy,55,31,24
Xedus,mannoroth,1433,priest,holy,74,32,42
Hypepriest,sargeras,1431,priest,holy,24,17,7
Pesca,proudmoore,1429,priest,holy,36,15,21
Wrinkletink,whisperwind,1426,priest,holy,49,24,25
Plebiss,burning-blade,1424,priest,holy,299,154,145
Taashigi,frostmourne,1419,priest,holy,52,28,24
Gosilly,tichondrius,1417,priest,holy,24,15,9
Evilpriest,stormrage,1417,priest,holy,30,15,15
Discospider,sargeras,1412,priest,holy,37,20,17
Tòxìç,stormrage,1411,priest,holy,187,96,91
Mizzbehavn,tichondrius,1410,priest,holy,50,26,24
Kovaxx,frostmourne,1407,priest,holy,156,74,82
Kaelthos,quelthalas,1406,priest,holy,95,47,48
Îcarus,tichondrius,1406,priest,holy,36,17,19
Berzum,chogall,1406,priest,holy,36,17,19
Sacredforce,sargeras,1400,priest,holy,66,21,45
Loosejeans,blackrock,1399,priest,holy,36,18,18
Exol,ragnaros,1399,priest,holy,30,15,15
Shieldspamx,tichondrius,1398,priest,holy,18,16,2
Holyb,tichondrius,1396,priest,holy,89,46,43
Pettypriest,dalaran,1394,priest,holy,201,95,106
Bestgirlna,area-52,1393,priest,holy,144,64,80
Floquii,area-52,1391,priest,holy,52,25,27
Soapfan,kelthuzad,1387,priest,holy,195,94,101
Fenty,nemesis,1384,priest,holy,59,33,26
Plod,kelthuzad,1380,priest,holy,42,25,17
Etain,bloodscalp,1380,priest,holy,65,35,30
Akaneo,tichondrius,1380,priest,holy,36,18,18
Xenatic,emerald-dream,1380,priest,holy,138,67,71
Applepieyum,illidan,1380,priest,holy,78,30,48
Karrera,kelthuzad,1378,priest,holy,60,35,25
Suirr,tichondrius,1377,priest,holy,36,16,20
Åutumn,tichondrius,1374,priest,holy,26,18,8
Doob,ghostlands,1374,priest,holy,48,25,23
Methodist,proudmoore,1374,priest,holy,84,31,53
Merellia,moon-guard,1373,priest,holy,90,45,45
Holynug,stormrage,1370,priest,holy,36,19,17
Preacherr,bonechewer,1368,priest,holy,42,24,18
Cruxave,aegwynn,1366,priest,holy,46,23,23
Sabene,greymane,1364,priest,holy,91,44,47
Aisperwind,shadowsong,1360,priest,holy,90,43,47
Muffinecho,sargeras,1360,priest,holy,73,30,43
Mikeyxo,gnomeregan,1359,priest,holy,44,26,18
Aurorias,burning-legion,1359,priest,holy,60,24,36
Rihen,tichondrius,1358,priest,holy,525,257,268
Quartzolio,azralon,1353,priest,holy,59,35,24
Kurandies,nemesis,1353,priest,holy,44,23,21
Glaius,kiljaeden,1353,priest,holy,54,24,30
Maddrox,sargeras,1351,priest,holy,36,20,16
Shaldra,bleeding-hollow,1348,priest,holy,109,64,45
Dispersed,thrall,1347,priest,holy,80,37,43
Holyshytt,tichondrius,1346,priest,holy,55,30,25
Sappes,area-52,1346,priest,holy,54,27,27
Dioecesis,moon-guard,1345,priest,holy,83,30,53
Rubymisfit,sargeras,1342,priest,holy,24,14,10
Klondikebar,whisperwind,1341,priest,holy,42,22,20
Esvary,quelthalas,1337,priest,holy,134,71,63
Kernelious,illidan,1337,priest,holy,30,14,16
Verymuscular,stormrage,1336,priest,holy,30,14,16
Ænußís,stormrage,1335,priest,holy,84,46,38
Dunanan,moon-guard,1332,priest,holy,24,15,9
Spriest,kul-tiras,1332,priest,holy,74,41,33
Cyelena,quelthalas,1332,priest,holy,60,25,35
Chemod,quelthalas,1331,priest,holy,41,22,19
ßugsy,illidan,1331,priest,holy,48,22,26
Ghostiepants,tichondrius,1331,priest,holy,47,21,26
Trufumthunzi,illidan,1330,priest,holy,26,17,9
Droneboy,moon-guard,1327,priest,holy,36,20,16
Mkenze,moon-guard,1323,priest,holy,174,80,94
Healztonic,dalaran,1323,priest,holy,85,38,47
Priestlie,malganis,1318,priest,holy,98,43,55
Lectra,firetree,1313,priest,holy,40,21,19
Phearix,zuljin,1313,priest,holy,54,23,31
Lexiié,area-52,1312,priest,holy,55,33,22
Mercý,zuljin,1309,priest,holy,60,34,26
Ksâh,bleeding-hollow,1309,priest,holy,36,17,19
Arterrmis,barthilas,1307,priest,holy,53,26,27
Animè,zuluhed,1305,priest,holy,89,52,37
Xinferesia,sargeras,1305,priest,holy,61,25,36
Gracarix,frostmourne,1304,priest,holy,40,23,17
Snuffsnorter,kelthuzad,1304,priest,holy,41,16,25
Cutensoft,moon-guard,1302,priest,holy,60,28,32
Xrafa,azralon,1301,priest,holy,84,38,46
Yujawang,sargeras,1300,priest,holy,36,17,19
Kaelsgf,kaelthas,1299,priest,holy,36,14,22
Giusep,tichondrius,1297,priest,holy,48,22,26
Spïcÿ,frostmourne,1296,priest,holy,54,27,27
Duhàst,sargeras,1296,priest,holy,95,43,52
Littlebat,proudmoore,1294,priest,holy,82,41,41
Holyfromrmp,tichondrius,1294,priest,holy,99,44,55
Deemmortii,stormrage,1289,priest,holy,43,18,25
Zumnb,quelthalas,1288,priest,holy,122,57,65
Xanky,frostmourne,1287,priest,holy,34,18,16
Hizha,tichondrius,1287,priest,holy,36,19,17
Holiermilk,demon-soul,1281,priest,holy,239,110,129
Macko,wyrmrest-accord,1279,priest,holy,31,15,16
Valkur,aegwynn,1279,priest,holy,207,100,107
Amaristinaa,frostmourne,1279,priest,holy,46,21,25
Camedy,illidan,1279,priest,holy,70,27,43
Djdazzle,kargath,1278,priest,holy,29,14,15
Duskherald,zuljin,1274,priest,holy,96,45,51
Visse,auchindoun,1273,priest,holy,42,29,13
Freshtodeath,malganis,1269,priest,holy,42,23,19
Nowwow,tichondrius,1268,priest,holy,36,18,18
Raskreia,dragonmaw,1268,priest,holy,30,14,16
Faerielee,thrall,1268,priest,holy,30,14,16
Tegridyfarm,malganis,1265,priest,holy,35,19,16
Threesclass,tichondrius,1262,priest,holy,29,14,15
Alrüna,moon-guard,1253,priest,holy,62,30,32
Benjamints,thrall,1252,priest,holy,30,15,15
Padreamarol,ragnaros,1252,priest,holy,68,32,36
Galadrael,quelthalas,1252,priest,holy,35,16,19
Zallstan,zuljin,1249,priest,holy,30,15,15
Lilyanná,tichondrius,1248,priest,holy,48,22,26
Bjorke,tichondrius,1247,priest,holy,30,13,17
Oxynor,zuljin,1246,priest,holy,24,13,11
Wabie,illidan,1246,priest,holy,30,13,17
Irídium,area-52,1243,priest,holy,30,13,17
Fanseband,dalaran,1240,priest,holy,41,22,19
Daisie,bleeding-hollow,1240,priest,holy,150,78,72
Manocloth,frostmourne,1239,priest,holy,25,15,10
Akainuu,nazjatar,1239,priest,holy,61,26,35
Fearnfaith,zuljin,1239,priest,holy,36,13,23
Valiann,lightbringer,1238,priest,holy,24,13,11
Tortellino,hyjal,1236,priest,holy,18,13,5
Cléah,sargeras,1235,priest,holy,113,53,60
Kälashnikova,ragnaros,1232,priest,holy,116,59,57
Junatoh,area-52,1231,priest,holy,55,29,26
Dagaen,thunderlord,1230,priest,holy,240,120,120
Healgirls,dalaran,1230,priest,holy,59,28,31
Aiwa,winterhoof,1229,priest,holy,18,13,5
Hatxsu,emerald-dream,1229,priest,holy,40,17,23
Breathkeeper,proudmoore,1226,priest,holy,36,13,23
Zerolimitzz,arthas,1225,priest,holy,48,22,26
Whitepigogo,tichondrius,1225,priest,holy,30,13,17
Edessa,lothar,1225,priest,holy,71,27,44
Celinsa,ragnaros,1223,priest,holy,36,18,18
Xarithea,caelestrasz,1222,priest,holy,41,19,22
Tïto,blackrock,1220,priest,holy,50,23,27
Leggoscams,tichondrius,1217,priest,holy,28,14,14
Titô,frostmourne,1215,priest,holy,53,28,25
Firewatcher,sisters-of-elune,1214,priest,holy,30,17,13
Gronix,blood-furnace,1213,priest,holy,30,17,13
Dóctóre,thrall,1205,priest,holy,61,24,37
Stayhealed,tichondrius,1201,priest,holy,45,22,23
Akö,jubeithos,1200,priest,holy,30,14,16
Vernis,nazjatar,1200,priest,holy,36,15,21
Danerÿ,ragnaros,1199,priest,holy,42,19,23
Pílí,drakkari,1198,priest,holy,60,28,32
Qelient,proudmoore,1192,priest,holy,48,26,22
Ukizeal,moknathal,1192,priest,holy,134,63,71
Theophobe,illidan,1190,priest,holy,85,45,40
Darkheals,azralon,1190,priest,holy,52,20,32
Stennic,emerald-dream,1183,priest,holy,33,17,16
Dolandir,quelthalas,1181,priest,holy,30,18,12
Kazehanaa,ragnaros,1180,priest,holy,42,22,20
Flemyth,eitrigg,1180,priest,holy,40,16,24
Bismund,chogall,1166,priest,holy,48,24,24
Haushauha,azralon,1164,priest,holy,48,23,25
Suzzanna,frostmourne,1160,priest,holy,41,23,18
Etros,wyrmrest-accord,1156,priest,holy,90,38,52
Ranøth,deathwing,1155,priest,holy,74,31,43
Milkgulper,illidan,1152,priest,holy,24,12,12
Trompiscola,quelthalas,1151,priest,holy,30,12,18
Leonihpriest,nemesis,1151,priest,holy,30,12,18
Lightwell,blackrock,1150,priest,holy,18,12,6
Mêgumin,area-52,1147,priest,holy,18,13,5
Maiyennefer,proudmoore,1146,priest,holy,34,13,21
Selket,stormscale,1145,priest,holy,96,42,54
Fiction,kelthuzad,1142,priest,holy,18,13,5
Floppytatas,illidan,1142,priest,holy,279,143,136
Meiev,quelthalas,1139,priest,holy,24,12,12
Anemonie,gorefiend,1138,priest,holy,122,52,70
Kasiry,ragnaros,1137,priest,holy,90,37,53
Voidthulhu,stormrage,1134,priest,holy,167,66,101
Tianqing,tichondrius,1126,priest,holy,34,12,22
Dactylion,moon-guard,1119,priest,holy,24,12,12
Æsir,skullcrusher,1119,priest,holy,30,12,18
Niná,arathor,1114,priest,holy,20,13,7
Zojhira,khazgoroth,1114,priest,holy,66,32,34
Carray,goldrinn,1113,priest,holy,49,16,33
Atlana,gilneas,1107,priest,holy,24,16,8
Mailboxxy,kelthuzad,1107,priest,holy,42,18,24
Karenpigbear,area-52,1091,priest,holy,215,95,120
Dotsallover,sargeras,1091,priest,holy,32,14,18
Sanaconda,sargeras,1090,priest,holy,36,12,24
Sôlîånia,alterac-mountains,1081,priest,holy,39,27,12
Deathrina,moon-guard,1079,priest,holy,27,13,14
Gewbrr,malganis,1073,priest,holy,24,12,12
Beckzz,illidan,1070,priest,holy,26,17,9
Mavuiss,barthilas,1069,priest,holy,25,12,13
Badgoy,dalaran,1056,priest,holy,24,11,13
Pesian,dalaran,1055,priest,holy,22,12,10
Sorrowful,mannoroth,1055,priest,holy,30,11,19
Iilmama,area-52,1054,priest,holy,18,11,7
Amynthel,tichondrius,1052,priest,holy,30,11,19
Jsky,wyrmrest-accord,1050,priest,holy,21,11,10
Dotdotdead,earthen-ring,1049,priest,holy,18,11,7
Soulhealer,shadowmoon,1048,priest,holy,24,13,11
Cuaiminator,ragnaros,1046,priest,holy,18,11,7
Dylirium,dathremar,1044,priest,holy,18,11,7
Fadedvi,wyrmrest-accord,1042,priest,holy,45,21,24
Kytiana,blackwing-lair,1040,priest,holy,572,277,295
Titoj,tichondrius,1035,priest,holy,38,19,19
Zhideevskiy,trollbane,1033,priest,holy,42,20,22
Alicia,nazjatar,1032,priest,holy,18,13,5
Lieuwe,kelthuzad,1032,priest,holy,30,12,18
Seventeen,hyjal,1029,priest,holy,30,11,19
Tranith,jubeithos,1027,priest,holy,24,11,13
Celani,gilneas,1026,priest,holy,24,11,13
Ninbará,stormrage,1023,priest,holy,26,12,14
Justjoekingh,gurubashi,1021,priest,holy,22,12,10
Hälø,moon-guard,1019,priest,holy,27,12,15
Dreäveler,stormrage,1007,priest,holy,21,11,10
Pandamila,azralon,1004,priest,holy,19,11,8
Fayth,maiev,999,priest,holy,41,18,23
Veltaxis,moon-guard,998,priest,holy,162,72,90
Sybenela,proudmoore,994,priest,holy,61,28,33
Souljourner,stormrage,993,priest,holy,78,36,42
Pottime,tichondrius,989,priest,holy,76,33,43
Yinaiteen,drakkari,985,priest,holy,64,33,31
Priesttess,skullcrusher,981,priest,holy,23,11,12
Delthas,nagrand,980,priest,holy,130,64,66
Seråphim,sargeras,979,priest,holy,66,36,30
Vìxèn,zuljin,969,priest,holy,37,11,26
Ragekiller,lothar,964,priest,holy,59,28,31
Jameswarren,silvermoon,959,priest,holy,11,11,0
Pèrona,tichondrius,959,priest,holy,24,10,14
Trickyhobo,area-52,958,priest,holy,12,10,2
Iaptop,tichondrius,958,priest,holy,18,10,8
Folate,frostmourne,957,priest,holy,18,10,8
Holyfizzle,dethecus,957,priest,holy,48,25,23
Bugshott,tichondrius,956,priest,holy,32,10,22
Noobepriest,thrall,955,priest,holy,18,10,8
Priestybear,illidan,955,priest,holy,18,10,8
Cappoo,tichondrius,955,priest,holy,36,10,26
Rottigus,skullcrusher,951,priest,holy,18,10,8
Priestprease,malganis,951,priest,holy,18,10,8
Dovoso,kargath,951,priest,holy,26,10,16
Hycinamun,malganis,949,priest,holy,24,10,14
Allaras,eldrethalas,946,priest,holy,24,10,14
Novous,area-52,944,priest,holy,30,10,20
Artyòm,stormrage,943,priest,holy,173,77,96
Taylorsmites,emerald-dream,931,priest,holy,42,18,24
Eredwarraim,akama,930,priest,holy,36,13,23
Jol,aggramar,928,priest,holy,24,10,14
Dipanddøts,area-52,926,priest,holy,17,10,7
Bienhechora,quelthalas,924,priest,holy,18,10,8
Veni,kiljaeden,885,priest,holy,23,10,13
Teheleopapi,quelthalas,877,priest,holy,75,19,56
Pej,emerald-dream,864,priest,holy,18,9,9
Rustymvpfan,nagrand,864,priest,holy,18,9,9
Dadcantdeath,frostmourne,864,priest,holy,18,9,9
Amayå,kelthuzad,863,priest,holy,18,9,9
Mhp,illidan,863,priest,holy,18,9,9
Xhadow,sargeras,863,priest,holy,18,9,9
Holyxb,bleeding-hollow,863,priest,holy,18,9,9
Glöws,area-52,863,priest,holy,24,9,15
Hérò,barthilas,862,priest,holy,12,9,3
Mëïsoön,quelthalas,862,priest,holy,18,9,9
Marïmba,azralon,862,priest,holy,18,9,9
Çummiñs,malganis,862,priest,holy,18,9,9
Leapofdoubt,zuljin,861,priest,holy,12,9,3
Amunsu,stormrage,861,priest,holy,27,11,16
Ilurvyou,frostwolf,861,priest,holy,24,9,15
Chaynal,proudmoore,859,priest,holy,18,9,9
Pharmacee,korgath,859,priest,holy,96,31,65
Faedre,smolderthorn,858,priest,holy,18,9,9
Swis,area-52,857,priest,holy,24,9,15
Adjectives,nerzhul,854,priest,holy,24,9,15
Shkeyia,stonemaul,852,priest,holy,30,9,21
Divona,blackhand,851,priest,holy,30,9,21
Sondrak,doomhammer,846,priest,holy,47,19,28
Hamburgle,blackrock,831,priest,holy,16,10,6
Psïren,quelthalas,831,priest,holy,28,9,19
Bigmommyxo,whisperwind,811,priest,holy,33,10,23
Ascian,daggerspine,809,priest,holy,18,10,8
Helgar,frostmourne,808,priest,holy,18,10,8
Psytrance,proudmoore,798,priest,holy,17,9,8
Illooj,eonar,797,priest,holy,25,10,15
Híkarí,windrunner,796,priest,holy,14,9,5
Gbumy,tichondrius,784,priest,holy,13,9,4
Releknosleep,frostwolf,769,priest,holy,20,10,10
Turnip,zuljin,768,priest,holy,12,8,4
Gudóngmáe,tichondrius,768,priest,holy,12,8,4
Sengmin,burning-blade,768,priest,holy,12,8,4
Fotmtrash,the-underbog,768,priest,holy,12,8,4
Voidzx,tichondrius,768,priest,holy,18,8,10
Yanyo,skullcrusher,768,priest,holy,18,8,10
Becrixx,thunderlord,768,priest,holy,18,8,10
Khalesî,ragnaros,767,priest,holy,12,8,4
Cûrry,bleeding-hollow,767,priest,holy,12,8,4
Superheals,nordrassil,767,priest,holy,12,8,4
Hynzor,barthilas,767,priest,holy,30,8,22
Raphan,stormrage,766,priest,holy,12,8,4
Ofmanyfaces,illidan,766,priest,holy,12,8,4
Prayzar,illidan,766,priest,holy,12,8,4
Zeroo,maiev,765,priest,holy,12,8,4
Zolpidem,quelthalas,765,priest,holy,18,8,10
Manatea,moon-guard,765,priest,holy,18,8,10
Velyndra,icecrown,765,priest,holy,18,8,10
Olivinpain,malganis,765,priest,holy,30,8,22
Morticiá,blackrock,764,priest,holy,12,8,4
Urisaegin,senjin,763,priest,holy,18,8,10
Lenlune,bloodscalp,763,priest,holy,18,8,10
Laj,proudmoore,763,priest,holy,30,8,22
Conno,thunderlord,762,priest,holy,36,13,23
Papergaruru,illidan,762,priest,holy,30,8,22
Uzakichan,arygos,760,priest,holy,30,8,22
Priestognic,azralon,759,priest,holy,16,9,7
Fäñcÿ,tichondrius,734,priest,holy,17,8,9
Rylance,burning-blade,720,priest,holy,21,8,13
Msdash,tichondrius,717,priest,holy,15,8,7
Saintfulsins,sargeras,716,priest,holy,15,8,7
Messra,dathremar,707,priest,holy,30,8,22
Jaytee,aggramar,703,priest,holy,14,9,5
Humz,ragnaros,703,priest,holy,14,8,6
Meibuff,frostmourne,683,priest,holy,32,8,24
Undevout,tichondrius,672,priest,holy,12,7,5
Tewiyakichkn,tichondrius,672,priest,holy,12,7,5
Pevis,thrall,672,priest,holy,12,7,5
Qiahariya,emerald-dream,672,priest,holy,12,7,5
Canibumsmoke,illidan,672,priest,holy,12,7,5
Nwok,frostmourne,672,priest,holy,12,7,5
Hehehealyou,emerald-dream,672,priest,holy,12,7,5
Pgpriest,kelthuzad,672,priest,holy,12,7,5
Bunbuns,spirestone,672,priest,holy,12,7,5
Shadedlight,dalaran,672,priest,holy,12,7,5
Ímhotep,sargeras,672,priest,holy,12,7,5
Deevious,barthilas,672,priest,holy,12,7,5
Beliana,boulderfist,672,priest,holy,16,8,8
Nicksfury,stormrage,672,priest,holy,18,7,11
Miamama,hydraxis,672,priest,holy,18,7,11
Tylexus,tichondrius,672,priest,holy,18,7,11
Drelia,jubeithos,672,priest,holy,24,7,17
Xpenance,ragnaros,672,priest,holy,24,7,17
Jordandoesnt,tichondrius,671,priest,holy,12,7,5
Suppòrt,stormrage,671,priest,holy,12,7,5
Paradoxbot,kelthuzad,671,priest,holy,12,7,5
Bradythree,moon-guard,671,priest,holy,12,7,5
Xoraya,proudmoore,671,priest,holy,12,7,5
Deidre,illidan,671,priest,holy,16,8,8
Diablomonk,warsong,671,priest,holy,18,7,11
Braevera,wyrmrest-accord,671,priest,holy,18,7,11
Cataline,emerald-dream,671,priest,holy,18,7,11
Dankpope,malganis,670,priest,holy,12,7,5
Exlord,illidan,670,priest,holy,12,7,5
Snoorklizzak,malganis,670,priest,holy,18,7,11
Arena,lothar,669,priest,holy,12,7,5
Context,mannoroth,669,priest,holy,12,7,5
Dëâth,ghostlands,669,priest,holy,21,8,13
Klassa,thrall,668,priest,holy,17,8,9
Kisstina,tichondrius,667,priest,holy,24,7,17
Vichealer,firetree,660,priest,holy,12,7,5
Yidra,illidan,623,priest,holy,17,7,10
ßöp,sargeras,620,priest,holy,11,7,4
Blackprez,dathremar,613,priest,holy,17,7,10
Boogiedo,area-52,607,priest,holy,11,7,4
Punishing,illidan,606,priest,holy,16,7,9
Papadarkness,tichondrius,603,priest,holy,14,7,7
Sizuré,frostmourne,591,priest,holy,11,7,4
Pikachuwu,moon-guard,586,priest,holy,11,7,4
Ishtana,bleeding-hollow,584,priest,holy,17,9,8
Hectorz,zuljin,576,priest,holy,6,6,0
Sigx,area-52,576,priest,holy,12,6,6
Dntchekpvpme,tichondrius,576,priest,holy,12,6,6
Didntâsk,arthas,576,priest,holy,12,6,6
Benedictiion,tichondrius,576,priest,holy,12,6,6
Archaellia,area-52,576,priest,holy,12,6,6
Runalor,zuljin,576,priest,holy,12,6,6
Feverx,tichondrius,576,priest,holy,12,6,6
Linvial,moon-guard,576,priest,holy,12,6,6
Calissy,proudmoore,576,priest,holy,12,6,6
Bootleg,crushridge,576,priest,holy,12,6,6
Sìnz,area-52,576,priest,holy,12,6,6
Sinthe,stormrage,576,priest,holy,12,6,6
Shockterror,area-52,576,priest,holy,12,6,6
Skylust,azralon,576,priest,holy,12,6,6
Jezebëll,nemesis,576,priest,holy,12,6,6
Unsubbedd,sargeras,576,priest,holy,12,6,6
Hysteria,dalaran,576,priest,holy,12,6,6
Xhirra,quelthalas,576,priest,holy,18,6,12
Gustáv,sargeras,576,priest,holy,18,6,12
Estaria,the-forgotten-coast,576,priest,holy,18,6,12
Atenai,sargeras,576,priest,holy,18,6,12
Rdvark,stormrage,576,priest,holy,18,6,12
Luxar,aegwynn,575,priest,holy,12,6,6
Healle,proudmoore,575,priest,holy,12,6,6
Youngwavy,area-52,575,priest,holy,12,6,6
Meowforheals,sargeras,575,priest,holy,12,6,6
Mattkoster,mannoroth,575,priest,holy,12,6,6
Mirshadow,tichondrius,575,priest,holy,12,6,6
Därkness,azralon,575,priest,holy,18,6,12
Kephrek,eonar,575,priest,holy,18,6,12
Sêtsunà,dalaran,575,priest,holy,36,6,30
Cassíopeía,blackhand,574,priest,holy,12,6,6
Ruhaani,moon-guard,574,priest,holy,18,6,12
Aeoliana,laughing-skull,572,priest,holy,12,6,6
Aldryth,lightbringer,571,priest,holy,12,6,6
Altara,malygos,569,priest,holy,12,6,6
Zual,hakkar,569,priest,holy,12,6,6
París,mannoroth,559,priest,holy,17,6,11
Satíva,dark-iron,543,priest,holy,11,6,5
Albina,kelthuzad,526,priest,holy,11,6,5
Salaknib,frostmourne,520,priest,holy,18,7,11
Jesaminealbe,quelthalas,516,priest,holy,21,7,14
Trupriest,alleria,511,priest,holy,8,6,2
Jâmïè,gurubashi,511,priest,holy,11,6,5
Helorren,nagrand,506,priest,holy,20,6,14
Huxleypoo,boulderfist,480,priest,holy,6,5,1
Sunwarden,dalaran,480,priest,holy,6,5,1
Onion,garona,480,priest,holy,6,5,1
Jaaregis,area-52,480,priest,holy,6,5,1
Malpraktice,mugthol,480,priest,holy,6,5,1
Design,frostmourne,480,priest,holy,8,5,3
Toje,korgath,480,priest,holy,13,6,7
Gad,moon-guard,480,priest,holy,12,5,7
Drkwispers,stormrage,480,priest,holy,12,5,7
Shadowblazed,arthas,480,priest,holy,12,5,7
Xeras,ravencrest,480,priest,holy,12,5,7
Timbobaloo,thrall,480,priest,holy,12,5,7
Greytness,tichondrius,480,priest,holy,12,5,7
Phatheals,proudmoore,480,priest,holy,12,5,7
Nzkbr,frostmourne,480,priest,holy,12,5,7
Secrèt,tichondrius,480,priest,holy,12,5,7
Capriestsun,hydraxis,480,priest,holy,12,5,7
Anahka,tichondrius,480,priest,holy,12,5,7
Bunnykinz,moon-guard,480,priest,holy,12,5,7
Selidri,proudmoore,480,priest,holy,12,5,7
Maelei,ragnaros,480,priest,holy,12,5,7
Krukam,sargeras,480,priest,holy,12,5,7
Meehx,illidan,480,priest,holy,12,5,7
Rysie,winterhoof,480,priest,holy,12,5,7
Blackoss,sargeras,480,priest,holy,12,5,7
Írithyll,sargeras,480,priest,holy,12,5,7
Steve,drakthul,480,priest,holy,12,5,7
Snookp,kiljaeden,480,priest,holy,12,5,7
Holyharlot,sargeras,480,priest,holy,18,5,13
Halfsorrow,tichondrius,480,priest,holy,18,5,13
Chûrch,malganis,480,priest,holy,18,5,13
Nancynibbler,bleeding-hollow,480,priest,holy,24,5,19
Bwaka,dalaran,479,priest,holy,6,5,1
Tmturnt,tichondrius,479,priest,holy,10,5,5
Mímì,wyrmrest-accord,479,priest,holy,12,5,7
Threreye,sargeras,479,priest,holy,12,5,7
Fivestarz,malganis,479,priest,holy,12,5,7
Miganmarkle,sargeras,479,priest,holy,12,5,7
Mythica,gurubashi,479,priest,holy,18,5,13
Pactru,ragnaros,479,priest,holy,18,5,13
Unni,azralon,479,priest,holy,18,5,13
Asuryani,lightbringer,477,priest,holy,12,5,7
Zantara,lightbringer,476,priest,holy,12,5,7
Smellybox,area-52,463,priest,holy,13,6,7
Jeraphìm,tichondrius,447,priest,holy,18,9,9
Shadowchárm,bleeding-hollow,447,priest,holy,11,5,6
Pics,emerald-dream,426,priest,holy,16,6,10
Holyphodays,sargeras,400,priest,holy,25,5,20
Ticheals,tichondrius,384,priest,holy,6,4,2
Patchyemoly,frostmourne,384,priest,holy,6,4,2
Schátten,spirestone,384,priest,holy,6,4,2
Lyleth,lightnings-blade,384,priest,holy,6,4,2
Xusin,tichondrius,384,priest,holy,6,4,2
Chanyt,azralon,384,priest,holy,6,4,2
Dookieate,destromath,384,priest,holy,6,4,2
Thünderbird,area-52,384,priest,holy,6,4,2
Halfdeath,sargeras,384,priest,holy,6,4,2
Yav,exodar,384,priest,holy,6,4,2
Arcmage,malganis,384,priest,holy,6,4,2
Walnut,kelthuzad,384,priest,holy,6,4,2
Shïryn,illidan,384,priest,holy,6,4,2
Zallp,sargeras,384,priest,holy,6,4,2
Cheeseycake,illidan,384,priest,holy,12,4,8
Darknuzs,sargeras,384,priest,holy,12,4,8
Rofrofmu,aegwynn,384,priest,holy,12,4,8
Aprocalypse,malganis,384,priest,holy,12,4,8
Frozencherry,elune,384,priest,holy,12,4,8
Hazzang,tichondrius,384,priest,holy,12,4,8
Voidrachet,thrall,384,priest,holy,12,4,8
Carti,bleeding-hollow,384,priest,holy,12,4,8
Ithardtoheal,sargeras,384,priest,holy,12,4,8
Döyöuliftbro,tichondrius,384,priest,holy,12,4,8
Sätîvá,tichondrius,384,priest,holy,12,4,8
Zapix,tichondrius,384,priest,holy,12,4,8
Hoglet,moon-guard,384,priest,holy,12,4,8
Mellow,tichondrius,384,priest,holy,12,4,8
Râven,proudmoore,384,priest,holy,12,4,8
Depressednun,moon-guard,384,priest,holy,12,4,8
Qtcookiebunz,proudmoore,384,priest,holy,12,4,8
Yumä,kiljaeden,384,priest,holy,12,4,8
Spags,nagrand,384,priest,holy,12,4,8
Aeøns,sargeras,384,priest,holy,18,4,14
Chambler,aegwynn,384,priest,holy,18,4,14
Pavle,laughing-skull,384,priest,holy,19,4,15
Fesix,akama,383,priest,holy,6,4,2
Healia,tichondrius,383,priest,holy,12,4,8
Dyianah,wyrmrest-accord,383,priest,holy,12,4,8
Remixcandoit,malganis,379,priest,holy,12,4,8
Stradey,tichondrius,367,priest,holy,11,4,7
Sharkda,frostmourne,350,priest,holy,17,4,13
Santamuerte,agamaggan,336,priest,holy,15,4,11
Enzö,illidan,327,priest,holy,25,8,17
Vandamnation,barthilas,319,priest,holy,8,4,4
Kabutta,stormrage,318,priest,holy,14,4,10
Vynlanesh,illidan,288,priest,holy,6,3,3
Franquitó,illidan,288,priest,holy,6,3,3
Roseriela,moon-guard,288,priest,holy,6,3,3
Duonaiameng,illidan,288,priest,holy,6,3,3
Zesho,firetree,288,priest,holy,6,3,3
Healdog,thrall,288,priest,holy,6,3,3
Grindr,ragnaros,288,priest,holy,6,3,3
Purgeoften,sargeras,288,priest,holy,6,3,3
Cessar,proudmoore,288,priest,holy,6,3,3
Orderic,ragnaros,288,priest,holy,6,3,3
Smiteyducks,stormrage,288,priest,holy,6,3,3
Whehaw,kelthuzad,288,priest,holy,6,3,3
Wubbi,blackrock,288,priest,holy,6,3,3
Matiuca,stormrage,288,priest,holy,6,3,3
Tseirpyeroc,area-52,288,priest,holy,6,3,3
Rbmxp,barthilas,288,priest,holy,6,3,3
Bagoheals,area-52,288,priest,holy,6,3,3
Smalltoad,lightnings-blade,288,priest,holy,6,3,3
Charbosan,gorgonnash,288,priest,holy,6,3,3
Dividëd,stormrage,288,priest,holy,6,3,3
Calvisper,thunderlord,288,priest,holy,6,3,3
Discountay,burning-legion,288,priest,holy,6,3,3
Trying,ysera,288,priest,holy,6,3,3
Ñÿx,arthas,288,priest,holy,6,3,3
Whitewalls,moonrunner,288,priest,holy,6,3,3
Laurens,fenris,288,priest,holy,6,3,3
Xtcbtc,sargeras,288,priest,holy,6,3,3
Lullabya,tichondrius,288,priest,holy,6,3,3
Mucada,tichondrius,288,priest,holy,6,3,3
Deeznuhh,tichondrius,288,priest,holy,6,3,3
Crypthion,emerald-dream,288,priest,holy,6,3,3
Skeyfyr,frostmourne,288,priest,holy,6,3,3
Shredh,tichondrius,288,priest,holy,6,3,3
Meatguzzler,tichondrius,288,priest,holy,6,3,3
Ärchangél,tichondrius,288,priest,holy,6,3,3
Plánemo,azralon,288,priest,holy,6,3,3
Alwaystry,tichondrius,288,priest,holy,6,3,3
Nerfdisc,azralon,288,priest,holy,6,3,3
Aardyx,frostmourne,288,priest,holy,6,3,3
Sagapriest,hyjal,288,priest,holy,6,3,3
Greet,hyjal,288,priest,holy,6,3,3
Madomie,bladefist,288,priest,holy,6,3,3
Darkmoonsun,frostmourne,288,priest,holy,6,3,3
Iamjakehill,area-52,288,priest,holy,9,4,5
Leist,ragnaros,288,priest,holy,9,4,5
Likelydapper,tichondrius,288,priest,holy,7,3,4
Jichu,blackrock,288,priest,holy,12,3,9
Jezuz,aerie-peak,288,priest,holy,12,3,9
Ísábella,ragnaros,288,priest,holy,12,3,9
Øliverxp,lightbringer,288,priest,holy,12,3,9
Smitepie,malganis,288,priest,holy,12,3,9
Sarkozzlol,tichondrius,288,priest,holy,12,3,9
Disperse,vashj,288,priest,holy,12,3,9
Healiûm,bleeding-hollow,288,priest,holy,12,3,9
Irilde,proudmoore,288,priest,holy,12,3,9
Zhadowbolts,thrall,288,priest,holy,12,3,9
Hòwen,tichondrius,288,priest,holy,12,3,9
Dundamer,shattered-hand,288,priest,holy,12,3,9
Lalight,tichondrius,288,priest,holy,12,3,9
Pringlés,suramar,288,priest,holy,18,3,15
Fertalize,maiev,288,priest,holy,18,3,15
Korhíl,ragnaros,287,priest,holy,6,3,3
Fìngerbanger,lightnings-blade,287,priest,holy,6,3,3
Auradaluz,stormrage,287,priest,holy,12,3,9
Mikeliteo,blades-edge,283,priest,holy,18,3,15
Titò,tichondrius,239,priest,holy,13,4,9
Bofin,stormrage,234,priest,holy,16,4,12
Ftheman,tichondrius,234,priest,holy,17,4,13
Halö,doomhammer,223,priest,holy,14,3,11
Damokek,tichondrius,192,priest,holy,9,3,6
Dentwo,aggramar,192,priest,holy,6,2,4
Twodxo,kelthuzad,192,priest,holy,6,2,4
Schatzié,malganis,192,priest,holy,6,2,4
ßræcher,black-dragonflight,192,priest,holy,6,2,4
Verboden,kelthuzad,192,priest,holy,6,2,4
Wagnerr,jubeithos,192,priest,holy,6,2,4
Daddyhammer,area-52,192,priest,holy,6,2,4
Saenax,area-52,192,priest,holy,6,2,4
Sensitive,eitrigg,192,priest,holy,6,2,4
Igotubrah,malganis,192,priest,holy,6,2,4
Jilt,aerie-peak,192,priest,holy,6,2,4
Nodorme,quelthalas,192,priest,holy,6,2,4
Speyside,medivh,192,priest,holy,6,2,4
Gles,quelthalas,192,priest,holy,6,2,4
Dchi,tichondrius,192,priest,holy,6,2,4
Pèngotnerfed,exodar,192,priest,holy,6,2,4
Silentprayer,area-52,192,priest,holy,6,2,4
Hypodontia,caelestrasz,192,priest,holy,6,2,4
Voltstein,dalaran,192,priest,holy,6,2,4
Pûrplehaze,aegwynn,192,priest,holy,6,2,4
Pandap,dalaran,192,priest,holy,6,2,4
Yuritzi,duskwood,192,priest,holy,6,2,4
Mindgoblin,terokkar,192,priest,holy,6,2,4
Belfortx,tichondrius,192,priest,holy,6,2,4
Aethriem,bleeding-hollow,192,priest,holy,6,2,4
Felmnir,ragnaros,192,priest,holy,6,2,4
Keicel,zuljin,192,priest,holy,6,2,4
Nikci,tichondrius,192,priest,holy,6,2,4
Gusho,frostmourne,192,priest,holy,6,2,4
Mutedox,frostmourne,192,priest,holy,6,2,4
Arodar,wyrmrest-accord,192,priest,holy,6,2,4
Shemhazai,ragnaros,192,priest,holy,6,2,4
Aeroalisson,azralon,192,priest,holy,6,2,4
Lebwonjamdi,tichondrius,192,priest,holy,6,2,4
Swipathefox,tichondrius,192,priest,holy,6,2,4
Dayatthaspa,stormrage,192,priest,holy,6,2,4
Jakemies,arathor,192,priest,holy,6,2,4
Tuulipp,aegwynn,192,priest,holy,6,2,4
Jonhey,tichondrius,192,priest,holy,6,2,4
Jovon,frostmourne,192,priest,holy,6,2,4
Ôp,sargeras,192,priest,holy,6,2,4
Mitras,moon-guard,192,priest,holy,6,2,4
Mevix,firetree,192,priest,holy,6,2,4
Mendx,tichondrius,192,priest,holy,6,2,4
Whitelabel,proudmoore,192,priest,holy,6,2,4
Mommyafk,moon-guard,192,priest,holy,6,2,4
Opas,rivendare,192,priest,holy,6,2,4
Mizriz,emerald-dream,192,priest,holy,6,2,4
Hansa,ragnaros,192,priest,holy,6,2,4
Skeemask,moon-guard,192,priest,holy,6,2,4
Dëëdëëpants,moon-guard,192,priest,holy,6,2,4
Prescella,sargeras,192,priest,holy,6,2,4
Löstský,azralon,192,priest,holy,7,2,5
Saintguard,tichondrius,192,priest,holy,11,3,8
Langyi,tichondrius,192,priest,holy,10,2,8
Nevertelsp,malganis,192,priest,holy,12,2,10
Okitoki,tichondrius,192,priest,holy,12,2,10
Pinoculus,illidan,192,priest,holy,12,2,10
Excellency,tichondrius,192,priest,holy,12,2,10
Althir,ragnaros,192,priest,holy,12,2,10
Fraggydaddy,frostmourne,192,priest,holy,12,2,10
Påticus,area-52,192,priest,holy,13,2,11
Gillís,thrall,192,priest,holy,18,2,16
Krishpriest,azshara,191,priest,holy,6,2,4
Sneaks,frostmourne,159,priest,holy,5,2,3
Identìty,moon-guard,138,priest,holy,8,3,5
Pumpss,area-52,138,priest,holy,11,3,8
Bigvuqoffdam,area-52,138,priest,holy,16,3,13
Denarel,frostmourne,137,priest,holy,17,4,13
Akami,tichondrius,96,priest,holy,6,1,5
Thotsteal,lightbringer,96,priest,holy,6,1,5
Sukmysplooge,queldorei,96,priest,holy,6,1,5
Majjic,proudmoore,96,priest,holy,6,1,5
Shadyvoodoo,barthilas,96,priest,holy,6,1,5
Tuuros,wyrmrest-accord,96,priest,holy,6,1,5
Yungmazikeen,proudmoore,96,priest,holy,6,1,5
Faithmelter,stormrage,96,priest,holy,6,1,5
Hubbabubble,wyrmrest-accord,96,priest,holy,6,1,5
Burpees,dalaran,96,priest,holy,6,1,5
Janova,tichondrius,96,priest,holy,6,1,5
Prayboy,aerie-peak,96,priest,holy,6,1,5
Rakel,nathrezim,96,priest,holy,6,1,5
Tichealstwo,tichondrius,96,priest,holy,6,1,5
Chrystella,nagrand,96,priest,holy,6,1,5
Yungsherm,tichondrius,96,priest,holy,6,1,5
Deryus,dalaran,96,priest,holy,6,1,5
Missjules,illidan,96,priest,holy,6,1,5
Bigboyadam,frostmourne,96,priest,holy,6,1,5
Angelicduck,illidan,96,priest,holy,6,1,5
Lilpaprika,sargeras,96,priest,holy,6,1,5
Alëssana,illidan,96,priest,holy,6,1,5
Lasaldra,quelthalas,96,priest,holy,6,1,5
Kagura,dunemaul,96,priest,holy,6,1,5
Minamy,tichondrius,96,priest,holy,6,1,5
Haedn,azralon,96,priest,holy,6,1,5
Tammyone,emerald-dream,96,priest,holy,6,1,5
Lerien,thrall,96,priest,holy,6,1,5
Luciellis,sargeras,96,priest,holy,6,1,5
Viehweg,azralon,96,priest,holy,6,1,5
Bofuri,barthilas,96,priest,holy,6,1,5
Bloodcure,ysera,96,priest,holy,6,1,5
Kastwalker,earthen-ring,96,priest,holy,6,1,5
Vøido,whisperwind,96,priest,holy,6,1,5
Exploded,moon-guard,96,priest,holy,6,1,5
Bunked,bleeding-hollow,96,priest,holy,6,1,5
Hiroshikun,azshara,96,priest,holy,6,1,5
Sarïya,moon-guard,96,priest,holy,6,1,5
Alaskaa,moon-guard,96,priest,holy,6,1,5
Burtier,zuljin,96,priest,holy,6,1,5
Olassi,stormrage,96,priest,holy,6,1,5
Hüde,stormrage,96,priest,holy,6,1,5
Novoul,stormrage,96,priest,holy,6,1,5
Djriest,sargeras,96,priest,holy,12,1,11
Gutrose,area-52,96,priest,holy,12,1,11
Barryp,wyrmrest-accord,96,priest,holy,12,1,11
Donmartin,tichondrius,96,priest,holy,12,1,11
Brownsnooter,sargeras,79,priest,holy,5,1,4
Wiralyn,nathrezim,79,priest,holy,11,1,10
Sugarlorde,destromath,42,priest,holy,14,3,11
Undrcvr,sargeras,2273,priest,discipline,132,73,59
Èfflux,sargeras,2252,priest,discipline,97,56,41
Whammiez,tichondrius,2243,priest,discipline,84,50,34
Strickmaney,nathrezim,2237,priest,discipline,258,139,119
Gentlewoman,ragnaros,2174,priest,discipline,87,51,36
Pesian,dalaran,2153,priest,discipline,233,121,112
Yefri,ravencrest,2145,priest,discipline,177,102,75
Reedyjrrtv,tichondrius,2145,priest,discipline,168,88,80
Cinnamontage,illidan,2142,priest,discipline,114,64,50
Castsmite,tichondrius,2141,priest,discipline,99,52,47
Shikinomi,illidan,2133,priest,discipline,78,46,32
Shazdo,illidan,2128,priest,discipline,66,44,22
Wcnmb,blackrock,2123,priest,discipline,72,46,26
Jiangfeng,tichondrius,2120,priest,discipline,72,37,35
Celestiah,kelthuzad,2119,priest,discipline,72,37,35
Zxxkawaii,tichondrius,2118,priest,discipline,169,90,79
Rukiyou,frostwolf,2117,priest,discipline,210,105,105
Baldzx,sargeras,2116,priest,discipline,292,160,132
Idkmyname,proudmoore,2115,priest,discipline,76,40,36
Nusrah,tichondrius,2114,priest,discipline,87,45,42
Twocrshort,area-52,2112,priest,discipline,185,110,75
Frksake,area-52,2111,priest,discipline,192,114,78
Solecíto,ragnaros,2109,priest,discipline,159,102,57
Kovulol,area-52,2107,priest,discipline,126,67,59
Néylo,illidan,2106,priest,discipline,112,56,56
Psyches,dalaran,2106,priest,discipline,109,50,59
Amberturd,cenarius,2103,priest,discipline,102,48,54
Woolp,frostmourne,2102,priest,discipline,100,58,42
Changwongpk,kelthuzad,2101,priest,discipline,237,124,113
Søryn,madoran,2100,priest,discipline,108,55,53
Veivei,tichondrius,2095,priest,discipline,59,38,21
Ante,stonemaul,2075,priest,discipline,108,59,49
Pancakeboi,tichondrius,2070,priest,discipline,131,64,67
Proxs,sargeras,2058,priest,discipline,219,113,106
Classmaster,stormrage,2054,priest,discipline,183,100,83
Kkelly,stormrage,2053,priest,discipline,250,126,124
Devinere,tichondrius,2048,priest,discipline,574,311,263
Soupbean,zuljin,2046,priest,discipline,84,42,42
Esqueue,illidan,2044,priest,discipline,54,26,28
Eluneslight,tichondrius,2041,priest,discipline,84,44,40
Cosmicyiff,area-52,2040,priest,discipline,200,108,92
Lemonmint,tichondrius,2040,priest,discipline,94,46,48
Rmpmeeper,kilrogg,2034,priest,discipline,126,70,56
Reecepack,moon-guard,2030,priest,discipline,71,40,31
Crutched,blackhand,2022,priest,discipline,60,35,25
Bholebender,tichondrius,2022,priest,discipline,101,50,51
Zámmy,area-52,2021,priest,discipline,65,44,21
Praemal,tichondrius,2017,priest,discipline,102,47,55
Blessxo,ragnaros,2016,priest,discipline,96,45,51
Instoway,illidan,2011,priest,discipline,168,98,70
Adûnaic,frostmourne,2011,priest,discipline,463,232,231
Jiangfenglol,tichondrius,2006,priest,discipline,156,74,82
Mauvex,stormrage,2003,priest,discipline,570,278,292
Reilacoste,moon-guard,2002,priest,discipline,83,41,42
Høwtokill,azralon,2001,priest,discipline,161,74,87
Sÿnpriest,illidan,2000,priest,discipline,426,209,217
Xajen,illidan,1996,priest,discipline,84,39,45
Nucypher,illidan,1993,priest,discipline,204,118,86
Quaree,stormrage,1993,priest,discipline,608,316,292
Boykoz,zuljin,1990,priest,discipline,163,84,79
Markers,spinebreaker,1989,priest,discipline,130,64,66
Kalyndaxo,frostmourne,1985,priest,discipline,60,32,28
Sonicboomsz,azralon,1985,priest,discipline,122,63,59
Crabsp,illidan,1981,priest,discipline,132,68,64
Smokezter,area-52,1981,priest,discipline,159,81,78
Crutch,blackhand,1980,priest,discipline,54,30,24
Astroverse,tichondrius,1979,priest,discipline,88,50,38
Clearclouds,tichondrius,1976,priest,discipline,314,166,148
Etharass,illidan,1976,priest,discipline,84,36,48
Dayx,malganis,1975,priest,discipline,108,54,54
Poporeborn,tichondrius,1973,priest,discipline,206,102,104
Mimikyú,tichondrius,1972,priest,discipline,126,57,69
Cklifer,tichondrius,1970,priest,discipline,58,33,25
Amine,tichondrius,1970,priest,discipline,60,34,26
Azzäm,tichondrius,1970,priest,discipline,90,48,42
Astüty,illidan,1967,priest,discipline,66,37,29
Goodlife,frostmourne,1967,priest,discipline,71,34,37
Robdàwg,illidan,1966,priest,discipline,78,39,39
Leorid,stormrage,1966,priest,discipline,160,78,82
Peruggia,tichondrius,1965,priest,discipline,157,79,78
Abepriest,zuljin,1964,priest,discipline,204,106,98
Klydasoreass,malganis,1963,priest,discipline,59,38,21
Stepxo,sargeras,1963,priest,discipline,117,63,54
Praitne,tichondrius,1963,priest,discipline,113,59,54
Muhfinx,tichondrius,1961,priest,discipline,65,38,27
Aratis,bleeding-hollow,1961,priest,discipline,90,44,46
Fannyny,tichondrius,1958,priest,discipline,138,86,52
Hospetal,tichondrius,1955,priest,discipline,146,74,72
Awàken,sargeras,1952,priest,discipline,57,35,22
Iilmama,area-52,1948,priest,discipline,105,55,50
Mimz,trollbane,1947,priest,discipline,124,67,57
Jakemies,arathor,1946,priest,discipline,90,48,42
Deathblind,kelthuzad,1945,priest,discipline,95,48,47
Gosharbg,tichondrius,1940,priest,discipline,34,24,10
Sarkozzlol,tichondrius,1938,priest,discipline,84,43,41
Praeyer,area-52,1936,priest,discipline,386,196,190
Penanceperry,bleeding-hollow,1936,priest,discipline,292,141,151
Supaflute,tichondrius,1935,priest,discipline,102,47,55
Plaedo,stormscale,1932,priest,discipline,52,28,24
Fádé,illidan,1932,priest,discipline,97,48,49
Namilol,tichondrius,1931,priest,discipline,54,30,24
Donmartin,tichondrius,1929,priest,discipline,94,50,44
Reydehaiti,ragnaros,1928,priest,discipline,165,83,82
Budings,tichondrius,1927,priest,discipline,143,77,66
Velftrixi,sargeras,1927,priest,discipline,180,94,86
Curachon,darkspear,1926,priest,discipline,93,42,51
Rawze,tichondrius,1925,priest,discipline,75,36,39
Hectorz,zuljin,1925,priest,discipline,136,62,74
Invincible,ragnaros,1924,priest,discipline,80,45,35
Likethis,ragnaros,1924,priest,discipline,419,212,207
Balsak,zuljin,1924,priest,discipline,152,72,80
Qipriest,tichondrius,1923,priest,discipline,72,32,40
Antts,tichondrius,1922,priest,discipline,60,39,21
Lovelike,tichondrius,1922,priest,discipline,74,41,33
Ogneus,crushridge,1921,priest,discipline,69,33,36
Diabloluckie,tichondrius,1919,priest,discipline,120,62,58
Vinnydiesel,tichondrius,1918,priest,discipline,66,32,34
Fotmvark,stormrage,1916,priest,discipline,78,36,42
Evicereith,ragnaros,1915,priest,discipline,54,29,25
Thefiveoh,malganis,1914,priest,discipline,27,23,4
Alisas,malganis,1912,priest,discipline,178,84,94
Anasuzana,stormrage,1911,priest,discipline,66,38,28
Artíst,sargeras,1911,priest,discipline,119,64,55
Varenon,stormrage,1910,priest,discipline,159,90,69
Tinyheal,sargeras,1910,priest,discipline,202,109,93
Bearfriend,malorne,1910,priest,discipline,58,30,28
Jthealz,tichondrius,1910,priest,discipline,60,30,30
Snackermz,tichondrius,1909,priest,discipline,112,48,64
Shallwedance,tichondrius,1906,priest,discipline,86,50,36
Omhz,tichondrius,1905,priest,discipline,96,49,47
Ccgo,tichondrius,1902,priest,discipline,108,53,55
Aitri,hakkar,1902,priest,discipline,193,94,99
Mumrah,antonidas,1900,priest,discipline,136,67,69
Fotmtrash,the-underbog,1897,priest,discipline,48,26,22
Riseandshine,illidan,1896,priest,discipline,54,38,16
Pølupoker,illidan,1895,priest,discipline,59,27,32
Gotdro,kelthuzad,1893,priest,discipline,74,37,37
Boriz,frostmourne,1892,priest,discipline,79,44,35
Zerorizz,tichondrius,1890,priest,discipline,42,20,22
Ndzy,malganis,1890,priest,discipline,48,21,27
Niniua,tichondrius,1887,priest,discipline,47,25,22
Eudog,zuljin,1886,priest,discipline,24,20,4
Athênå,tichondrius,1886,priest,discipline,192,110,82
Capcana,tichondrius,1886,priest,discipline,128,69,59
Haunting,nerzhul,1886,priest,discipline,209,103,106
Discopenguin,kelthuzad,1885,priest,discipline,60,34,26
Usefirstaid,sargeras,1883,priest,discipline,42,26,16
Pregnantmale,area-52,1883,priest,discipline,120,66,54
Grimacê,sargeras,1883,priest,discipline,122,62,60
Xiaoqunzi,tichondrius,1883,priest,discipline,137,67,70
Cupitan,tichondrius,1883,priest,discipline,62,27,35
Abt,proudmoore,1882,priest,discipline,66,31,35
Usedwrap,sargeras,1881,priest,discipline,78,43,35
Throatgoated,moon-guard,1881,priest,discipline,47,21,26
Rubymisfit,sargeras,1881,priest,discipline,84,37,47
Cremona,tichondrius,1878,priest,discipline,84,39,45
Breakmoon,tichondrius,1876,priest,discipline,78,33,45
Chee,bleeding-hollow,1875,priest,discipline,72,39,33
Sñ,illidan,1874,priest,discipline,48,27,21
Rileymcgerr,tichondrius,1873,priest,discipline,42,24,18
Exdric,kiljaeden,1873,priest,discipline,72,36,36
Fordranger,frostmourne,1873,priest,discipline,64,32,32
Redonkulos,wyrmrest-accord,1873,priest,discipline,210,102,108
Dellaptop,sargeras,1871,priest,discipline,88,51,37
Nerfthedoc,blackrock,1869,priest,discipline,55,34,21
Renfury,bleeding-hollow,1869,priest,discipline,54,25,29
Montagehey,illidan,1868,priest,discipline,83,43,40
ßeyonder,tichondrius,1868,priest,discipline,146,69,77
Candyshack,area-52,1867,priest,discipline,117,66,51
Lidoradra,zuljin,1867,priest,discipline,77,36,41
Oghealz,lightnings-blade,1866,priest,discipline,60,30,30
Notatk,tichondrius,1866,priest,discipline,221,99,122
Tiestô,tichondrius,1864,priest,discipline,48,29,19
Neverbeen,tichondrius,1864,priest,discipline,676,361,315
Spoõks,darkspear,1862,priest,discipline,141,69,72
Tormybew,illidan,1861,priest,discipline,53,29,24
Cokeheals,tichondrius,1861,priest,discipline,60,29,31
Bubblekanush,tichondrius,1859,priest,discipline,36,22,14
Veiveilol,tichondrius,1859,priest,discipline,71,32,39
Usebindwound,sargeras,1857,priest,discipline,108,65,43
Highskrizzle,thrall,1857,priest,discipline,67,37,30
Duw,icecrown,1857,priest,discipline,151,75,76
Whiterhino,spirestone,1856,priest,discipline,49,27,22
Phludd,malganis,1856,priest,discipline,82,45,37
Vizzy,stormrage,1856,priest,discipline,96,51,45
Ravnica,kelthuzad,1856,priest,discipline,82,43,39
Presence,blood-furnace,1855,priest,discipline,42,23,19
Vànhendrix,tichondrius,1855,priest,discipline,59,32,27
Shadey,onyxia,1855,priest,discipline,54,26,28
Nayzoh,darkspear,1855,priest,discipline,78,37,41
Vidzar,area-52,1854,priest,discipline,42,28,14
Drsquiddy,tichondrius,1854,priest,discipline,47,30,17
Stayspooked,moon-guard,1852,priest,discipline,54,31,23
Jtheals,illidan,1852,priest,discipline,35,20,15
Yaksa,proudmoore,1852,priest,discipline,78,35,43
Centalinkxo,frostmourne,1851,priest,discipline,72,36,36
Wapriest,blades-edge,1851,priest,discipline,545,272,273
Curney,stormrage,1850,priest,discipline,71,51,20
Sinthe,stormrage,1850,priest,discipline,47,26,21
Mancito,mannoroth,1850,priest,discipline,150,78,72
Shieldspamx,tichondrius,1850,priest,discipline,89,41,48
Mautmaut,quelthalas,1849,priest,discipline,77,53,24
Sylvphrena,stormrage,1849,priest,discipline,42,24,18
Corvenna,zuljin,1848,priest,discipline,60,33,27
Lumies,tichondrius,1848,priest,discipline,42,21,21
Polarnight,zuljin,1848,priest,discipline,59,29,30
Paidtowin,frostmourne,1848,priest,discipline,68,30,38
Bigshieldlol,illidan,1847,priest,discipline,60,39,21
Chromielol,tichondrius,1847,priest,discipline,54,31,23
Tzïñåçåñ,tichondrius,1847,priest,discipline,54,29,25
Miamama,hydraxis,1847,priest,discipline,135,68,67
Didy,dark-iron,1847,priest,discipline,82,39,43
Voidnoodles,area-52,1846,priest,discipline,60,32,28
Ultradumb,ragnaros,1846,priest,discipline,42,21,21
Jmjeezy,tichondrius,1846,priest,discipline,48,22,26
Leonilcx,tichondrius,1845,priest,discipline,902,456,446
Koalakazamzy,shadow-council,1845,priest,discipline,58,29,29
Quèénstar,tichondrius,1845,priest,discipline,85,35,50
Cavityx,illidan,1844,priest,discipline,52,30,22
Troja,malganis,1843,priest,discipline,78,43,35
Steelcity,tichondrius,1843,priest,discipline,54,28,26
Dacine,illidan,1843,priest,discipline,60,30,30
Bubbliez,frostmourne,1843,priest,discipline,59,28,31
Nickydamous,moon-guard,1843,priest,discipline,66,31,35
Anyra,stormrage,1842,priest,discipline,57,29,28
Zelená,trollbane,1841,priest,discipline,128,77,51
Vampirê,tichondrius,1841,priest,discipline,66,35,31
Joezyxz,tichondrius,1841,priest,discipline,192,100,92
Kck,sentinels,1841,priest,discipline,95,44,51
Meoveryou,stormrage,1840,priest,discipline,92,50,42
Syliva,frostmourne,1840,priest,discipline,65,30,35
Donutpriest,kelthuzad,1839,priest,discipline,78,44,34
Koalakazamza,shadow-council,1839,priest,discipline,62,28,34
Stinkiez,area-52,1838,priest,discipline,183,98,85
Tistapriest,proudmoore,1837,priest,discipline,70,41,29
Waggers,moon-guard,1837,priest,discipline,42,23,19
Lotion,icecrown,1837,priest,discipline,48,25,23
Rayllyn,bleeding-hollow,1836,priest,discipline,30,22,8
Miraclesoul,tichondrius,1836,priest,discipline,38,26,12
Katalad,wyrmrest-accord,1836,priest,discipline,48,31,17
Hairypenance,sargeras,1836,priest,discipline,72,39,33
Noted,aegwynn,1835,priest,discipline,134,85,49
Binipriest,tichondrius,1835,priest,discipline,67,40,27
Jamino,jubeithos,1835,priest,discipline,111,60,51
Tmeugene,tichondrius,1835,priest,discipline,40,21,19
Icychain,area-52,1835,priest,discipline,76,34,42
Bugweeb,sargeras,1834,priest,discipline,87,56,31
Layons,nemesis,1834,priest,discipline,140,89,51
Twopiece,blackrock,1834,priest,discipline,54,31,23
Rÿzo,tichondrius,1834,priest,discipline,111,63,48
Thottsteal,queldorei,1834,priest,discipline,60,31,29
June,dragonmaw,1834,priest,discipline,60,30,30
Angelforcez,frostmourne,1834,priest,discipline,53,23,30
Ameliarys,sargeras,1833,priest,discipline,103,51,52
Jadon,sargeras,1832,priest,discipline,54,42,12
Chiot,tichondrius,1832,priest,discipline,67,52,15
Sons,zuljin,1832,priest,discipline,54,29,25
Oloriinn,stormrage,1831,priest,discipline,36,24,12
Meloxicamm,tichondrius,1831,priest,discipline,198,100,98
Antagzy,bleeding-hollow,1830,priest,discipline,108,69,39
Msai,tichondrius,1830,priest,discipline,114,68,46
Yotinha,stormrage,1830,priest,discipline,48,28,20
Pzx,zuljin,1830,priest,discipline,54,31,23
Strvnge,malganis,1830,priest,discipline,60,28,32
Faeleath,emerald-dream,1830,priest,discipline,80,37,43
Cpks,tichondrius,1828,priest,discipline,76,48,28
Baphomet,hyjal,1828,priest,discipline,88,53,35
Misatomori,tichondrius,1828,priest,discipline,54,28,26
Epitoh,bleeding-hollow,1828,priest,discipline,78,36,42
Sleetherp,barthilas,1827,priest,discipline,64,37,27
Fracxured,sargeras,1827,priest,discipline,68,31,37
Bohomagz,tichondrius,1826,priest,discipline,42,24,18
Bloodyxx,bleeding-hollow,1825,priest,discipline,34,23,11
Buffle,zuluhed,1825,priest,discipline,66,38,28
Yokuz,thunderlord,1825,priest,discipline,48,26,22
Mackulate,tichondrius,1825,priest,discipline,65,34,31
Cokeheals,kelthuzad,1825,priest,discipline,54,28,26
Aprîl,quelthalas,1825,priest,discipline,72,37,35
Däzzlë,quelthalas,1825,priest,discipline,72,35,37
Pnsp,perenolde,1824,priest,discipline,42,30,12
Xholyshietz,emerald-dream,1824,priest,discipline,71,48,23
Pervysaged,sargeras,1824,priest,discipline,60,40,20
Archìtects,wyrmrest-accord,1824,priest,discipline,108,68,40
Clockwororan,tichondrius,1824,priest,discipline,78,47,31
Cya,deathwing,1824,priest,discipline,54,30,24
Zygotes,tichondrius,1824,priest,discipline,39,21,18
Temérios,azralon,1824,priest,discipline,60,30,30
Tuxen,wyrmrest-accord,1823,priest,discipline,48,29,19
Swurvexo,bleeding-hollow,1823,priest,discipline,47,28,19
Guiila,azralon,1823,priest,discipline,71,38,33
Barthol,malygos,1823,priest,discipline,225,115,110
Sprankels,bleeding-hollow,1823,priest,discipline,108,55,53
Luhkx,stormrage,1823,priest,discipline,54,25,29
Pride,moon-guard,1823,priest,discipline,72,30,42
Ohsop,chogall,1822,priest,discipline,49,33,16
Dairy,the-underbog,1822,priest,discipline,49,29,20
Drtyror,area-52,1822,priest,discipline,155,91,64
Lands,ragnaros,1822,priest,discipline,120,69,51
Memoria,emerald-dream,1822,priest,discipline,117,60,57
Zachon,sargeras,1822,priest,discipline,54,27,27
Oohso,chogall,1821,priest,discipline,91,43,48
Rerollpriest,firetree,1821,priest,discipline,53,25,28
Ultrà,ragnaros,1820,priest,discipline,71,44,27
Wreklol,tichondrius,1820,priest,discipline,60,34,26
Mindseye,azgalor,1820,priest,discipline,120,61,59
Dietcokee,stormrage,1820,priest,discipline,62,31,31
Ujelin,kiljaeden,1820,priest,discipline,48,24,24
Tophr,illidan,1819,priest,discipline,41,24,17
Chk,moon-guard,1819,priest,discipline,136,65,71
Saviorlol,tichondrius,1819,priest,discipline,65,31,34
Soojwa,frostmourne,1819,priest,discipline,54,24,30
Pitayakiller,tichondrius,1818,priest,discipline,41,23,18
Summersetisl,tichondrius,1818,priest,discipline,72,31,41
Novel,moon-guard,1817,priest,discipline,30,24,6
Despairx,tichondrius,1817,priest,discipline,102,66,36
Guerisser,hyjal,1817,priest,discipline,176,104,72
Gaudthree,tichondrius,1817,priest,discipline,46,25,21
Akuzaki,illidan,1817,priest,discipline,54,25,29
Sliktrik,area-52,1817,priest,discipline,65,29,36
Dapp,barthilas,1817,priest,discipline,77,33,44
Cynthus,dalvengyr,1816,priest,discipline,102,60,42
Lichtschreit,zuljin,1816,priest,discipline,41,24,17
Juicyturon,moon-guard,1816,priest,discipline,77,45,32
Dispassion,dalaran,1816,priest,discipline,58,33,25
Zulazane,azralon,1816,priest,discipline,378,207,171
Woodowl,tichondrius,1816,priest,discipline,46,25,21
Kragenn,malganis,1816,priest,discipline,195,103,92
Jackski,nemesis,1816,priest,discipline,48,25,23
Hideonlight,barthilas,1816,priest,discipline,645,332,313
Legendary,ragnaros,1816,priest,discipline,78,33,45
Mødilon,nemesis,1815,priest,discipline,47,29,18
Haduth,area-52,1815,priest,discipline,220,123,97
Rythmzz,kiljaeden,1815,priest,discipline,108,59,49
Engle,arathor,1815,priest,discipline,42,22,20
Selenitax,sargeras,1815,priest,discipline,104,52,52
Badnsweaty,sargeras,1815,priest,discipline,76,38,38
Ousïa,quelthalas,1815,priest,discipline,164,81,83
Mommyafk,moon-guard,1815,priest,discipline,54,25,29
Myeryc,frostmourne,1815,priest,discipline,53,21,32
Xxqq,illidan,1814,priest,discipline,60,38,22
Psyjes,stormrage,1814,priest,discipline,111,69,42
Diwara,ragnaros,1814,priest,discipline,60,37,23
Fullmetals,azralon,1814,priest,discipline,53,30,23
Zuwukey,kirin-tor,1814,priest,discipline,163,85,78
Tanmo,illidan,1814,priest,discipline,96,50,46
Syllè,area-52,1814,priest,discipline,48,24,24
Fibbre,tichondrius,1814,priest,discipline,121,54,67
Razdaz,twisting-nether,1814,priest,discipline,66,29,37
Relicx,firetree,1813,priest,discipline,54,33,21
Youhealme,area-52,1813,priest,discipline,90,54,36
Hoonjojjyang,tichondrius,1813,priest,discipline,66,37,29
Morboo,proudmoore,1813,priest,discipline,78,43,35
Svzy,illidan,1813,priest,discipline,48,26,22
Wandynha,nemesis,1813,priest,discipline,119,63,56
Sasha,muradin,1813,priest,discipline,142,70,72
Sixfourtank,tichondrius,1813,priest,discipline,53,26,27
Falsity,kelthuzad,1813,priest,discipline,66,32,34
Eyolo,tichondrius,1813,priest,discipline,132,62,70
Ahoy,sargeras,1812,priest,discipline,75,46,29
Heart,misha,1812,priest,discipline,150,84,66
Abstention,area-52,1812,priest,discipline,66,35,31
Cardinaldave,frostmourne,1812,priest,discipline,54,28,26
Fatbellyx,sargeras,1812,priest,discipline,72,36,36
Sabalonely,tichondrius,1812,priest,discipline,42,19,23
Iyoui,tichondrius,1811,priest,discipline,42,28,14
Smyted,tichondrius,1811,priest,discipline,72,41,31
Tyrrshadow,skywall,1811,priest,discipline,104,58,46
Tallïa,stormrage,1811,priest,discipline,155,82,73
Louisé,hydraxis,1811,priest,discipline,90,46,44
Wübbie,emerald-dream,1810,priest,discipline,72,40,32
Trengodqt,destromath,1810,priest,discipline,235,129,106
Pawnza,tichondrius,1810,priest,discipline,120,65,55
Walterwhite,bleeding-hollow,1810,priest,discipline,42,19,23
Paytin,illidan,1810,priest,discipline,71,32,39
Arguseonp,proudmoore,1809,priest,discipline,54,37,17
Ãbelladanger,area-52,1809,priest,discipline,65,43,22
Jemine,tichondrius,1809,priest,discipline,108,64,44
Scrollozaddy,illidan,1809,priest,discipline,306,181,125
Thepumps,sargeras,1809,priest,discipline,73,43,30
Paramour,laughing-skull,1809,priest,discipline,108,59,49
Probs,frostmourne,1809,priest,discipline,141,72,69
Jaquels,sargeras,1809,priest,discipline,130,65,65
Varbirttok,sargeras,1809,priest,discipline,61,29,32
Dabaojian,tichondrius,1809,priest,discipline,60,28,32
Aube,frostmourne,1809,priest,discipline,51,23,28
Nudithree,malganis,1808,priest,discipline,38,26,12
Kavxo,sargeras,1808,priest,discipline,113,66,47
Vbear,dunemaul,1808,priest,discipline,71,39,32
Pkkdestiny,archimonde,1808,priest,discipline,71,37,34
Catbabyorz,tichondrius,1808,priest,discipline,84,41,43
Pns,perenolde,1808,priest,discipline,66,32,34
Buhroketwo,thrall,1807,priest,discipline,66,41,25
Dopeypriest,area-52,1807,priest,discipline,120,68,52
Nomsayin,stormrage,1806,priest,discipline,48,32,16
Gices,area-52,1806,priest,discipline,36,24,12
Exøtic,tichondrius,1806,priest,discipline,54,35,19
Ayakashi,frostmourne,1806,priest,discipline,75,46,29
Wormface,moon-guard,1806,priest,discipline,58,35,23
Senzy,tichondrius,1806,priest,discipline,150,81,69
Releriel,area-52,1806,priest,discipline,58,31,27
Inthemix,stormreaver,1806,priest,discipline,376,197,179
Yezhua,zuljin,1806,priest,discipline,84,44,40
Purplebeauty,tichondrius,1805,priest,discipline,198,119,79
Bonigan,sargeras,1805,priest,discipline,197,118,79
Rylla,illidan,1805,priest,discipline,66,34,32
Deathwisher,illidan,1805,priest,discipline,251,127,124
Maghobou,tichondrius,1805,priest,discipline,66,30,36
Néy,illidan,1804,priest,discipline,36,26,10
Öxhö,tichondrius,1804,priest,discipline,44,31,13
Ðsco,tichondrius,1804,priest,discipline,36,24,12
Absorbs,stormrage,1804,priest,discipline,30,19,11
Fearmen,tichondrius,1804,priest,discipline,59,33,26
Selath,ragnaros,1804,priest,discipline,47,26,21
Angelumlucis,frostmane,1804,priest,discipline,145,80,65
Syrillia,wildhammer,1804,priest,discipline,142,78,64
Barrenbuffet,zuljin,1804,priest,discipline,272,136,136
Cln,bleeding-hollow,1804,priest,discipline,65,32,33
Taipriest,frostmourne,1804,priest,discipline,222,103,119
Yeeseafood,tichondrius,1804,priest,discipline,64,27,37
Thaldrum,tichondrius,1804,priest,discipline,79,30,49
Jinais,zuluhed,1803,priest,discipline,48,33,15
Phillthevoid,sargeras,1803,priest,discipline,45,29,16
Applecare,illidan,1803,priest,discipline,102,60,42
Tarlex,illidan,1803,priest,discipline,168,94,74
Goldsunx,emerald-dream,1803,priest,discipline,152,85,67
Tjphess,zuljin,1803,priest,discipline,240,130,110
Luciuz,tichondrius,1803,priest,discipline,84,45,39
Cbalnom,tichondrius,1803,priest,discipline,70,37,33
Sußlime,frostwolf,1803,priest,discipline,90,47,43
Marython,tichondrius,1803,priest,discipline,130,67,63
Criil,area-52,1803,priest,discipline,42,19,23
Manyhot,tichondrius,1802,priest,discipline,51,32,19
Yrñwiotøø,illidan,1802,priest,discipline,54,33,21
Dijkstracted,ragnaros,1802,priest,discipline,187,106,81
Reignen,tichondrius,1802,priest,discipline,183,101,82
Seifong,frostmourne,1802,priest,discipline,125,68,57
Deathallpoly,tichondrius,1802,priest,discipline,431,227,204
Ritzzx,ragnaros,1802,priest,discipline,107,55,52
Retardèr,tichondrius,1801,priest,discipline,97,68,29
Reverendtun,area-52,1801,priest,discipline,83,55,28
Merit,emerald-dream,1801,priest,discipline,165,92,73
Wânda,tichondrius,1801,priest,discipline,111,57,54
Xtcbtc,sargeras,1801,priest,discipline,93,44,49
Lípjju,tichondrius,1801,priest,discipline,54,24,30
Geekynerd,frostmourne,1800,priest,discipline,151,98,53
Bigmomcook,tichondrius,1800,priest,discipline,215,125,90
Imissdave,dethecus,1800,priest,discipline,48,27,21
Narakku,sargeras,1800,priest,discipline,108,59,49
Holyhõ,stormrage,1800,priest,discipline,60,32,28
Bwgyx,area-52,1800,priest,discipline,42,22,20
Bibleblak,stormrage,1800,priest,discipline,102,53,49
Alola,illidan,1800,priest,discipline,135,69,66
Shamáng,tichondrius,1800,priest,discipline,152,73,79
Shenanígans,malganis,1800,priest,discipline,42,19,23
Bomí,tichondrius,1799,priest,discipline,84,41,43
Fearinoculúm,bleeding-hollow,1798,priest,discipline,24,19,5
Vaaynee,ragnaros,1797,priest,discipline,114,61,53
Secondes,azralon,1797,priest,discipline,36,19,17
Comebaack,stormrage,1797,priest,discipline,98,51,47
Horzp,bleeding-hollow,1797,priest,discipline,72,32,40
Celestiah,illidan,1796,priest,discipline,54,28,26
Impvp,tichondrius,1795,priest,discipline,89,49,40
Bamboon,tanaris,1795,priest,discipline,126,66,60
Änanti,tichondrius,1794,priest,discipline,83,45,38
Fancydisc,barthilas,1792,priest,discipline,36,23,13
Topbruv,tichondrius,1792,priest,discipline,60,36,24
Cellestine,aggramar,1792,priest,discipline,133,67,66
Wormclergy,tichondrius,1791,priest,discipline,80,39,41
Dipadre,azralon,1790,priest,discipline,102,72,30
Tryfekta,frostmourne,1789,priest,discipline,102,55,47
Crypcanheal,sargeras,1789,priest,discipline,508,254,254
Bublehead,zuljin,1789,priest,discipline,114,56,58
Nearo,barthilas,1789,priest,discipline,77,37,40
Ryno,cenarion-circle,1788,priest,discipline,80,43,37
Kostantina,kelthuzad,1788,priest,discipline,178,83,95
Euphorz,tichondrius,1786,priest,discipline,36,19,17
Hadoka,ragnaros,1786,priest,discipline,54,23,31
Priceléss,tichondrius,1784,priest,discipline,30,22,8
Gochuxx,tichondrius,1783,priest,discipline,72,38,34
Rigxy,arthas,1782,priest,discipline,141,87,54
Tmversace,tichondrius,1781,priest,discipline,112,56,56
Usedmedkit,sargeras,1780,priest,discipline,47,28,19
Olark,durotan,1780,priest,discipline,304,148,156
Canibumsmoke,illidan,1779,priest,discipline,93,49,44
Kóba,bleeding-hollow,1778,priest,discipline,48,33,15
Høðj,tichondrius,1778,priest,discipline,36,19,17
Fleckyy,tichondrius,1776,priest,discipline,42,19,23
Isilador,moon-guard,1775,priest,discipline,95,44,51
Whalexo,kelthuzad,1774,priest,discipline,155,82,73
Pesca,proudmoore,1774,priest,discipline,125,59,66
Pnub,aggramar,1772,priest,discipline,105,52,53
Hotgirlshiit,dalaran,1771,priest,discipline,340,166,174
Nickzx,tichondrius,1770,priest,discipline,64,45,19
Hugemilkys,tichondrius,1770,priest,discipline,94,52,42
Barley,chogall,1770,priest,discipline,58,30,28
Indiglo,arthas,1769,priest,discipline,102,52,50
Ancilx,area-52,1769,priest,discipline,78,39,39
Auxp,tichondrius,1769,priest,discipline,59,23,36
Dannycarrier,tichondrius,1768,priest,discipline,30,21,9
Smitelytius,tichondrius,1768,priest,discipline,36,21,15
Kabugi,illidan,1768,priest,discipline,96,52,44
Bellaelle,stormrage,1768,priest,discipline,69,35,34
Cosenzza,tichondrius,1768,priest,discipline,66,28,38
Írithyll,stormrage,1767,priest,discipline,59,33,26
Pibkac,stormrage,1767,priest,discipline,69,34,35
Healum,nemesis,1765,priest,discipline,106,59,47
Deathlullaby,malganis,1765,priest,discipline,60,30,30
Badrapture,sargeras,1764,priest,discipline,104,73,31
Osis,rivendare,1764,priest,discipline,165,80,85
Sebpriest,proudmoore,1764,priest,discipline,42,20,22
Rúbybest,tichondrius,1764,priest,discipline,72,30,42
Deadpriesst,arthas,1763,priest,discipline,72,36,36
Darbybean,bleeding-hollow,1762,priest,discipline,54,28,26
Grimoz,illidan,1762,priest,discipline,77,35,42
Meatguzzler,tichondrius,1761,priest,discipline,79,48,31
Raysx,stormrage,1759,priest,discipline,83,37,46
Kaddy,mannoroth,1757,priest,discipline,130,60,70
Compxx,barthilas,1756,priest,discipline,66,38,28
Powerwordwap,malganis,1756,priest,discipline,71,33,38
Papabrokuttv,sargeras,1755,priest,discipline,42,19,23
Jaytee,aggramar,1754,priest,discipline,72,33,39
Rlzpriest,tichondrius,1752,priest,discipline,118,61,57
Shadowbuzz,barthilas,1752,priest,discipline,54,27,27
Sobamian,tichondrius,1752,priest,discipline,134,59,75
Séxgodx,tichondrius,1751,priest,discipline,59,28,31
Meltmeltz,nerzhul,1750,priest,discipline,92,44,48
Zins,emerald-dream,1750,priest,discipline,114,54,60
Ukishizumi,tichondrius,1748,priest,discipline,143,75,68
Nyluh,deathwing,1748,priest,discipline,74,38,36
Raizy,stormrage,1748,priest,discipline,53,26,27
Bkwhopper,emerald-dream,1747,priest,discipline,167,90,77
Ferguss,ragnaros,1747,priest,discipline,79,42,37
Fhinky,tichondrius,1746,priest,discipline,207,103,104
Surfgang,tichondrius,1746,priest,discipline,65,29,36
Frostinal,illidan,1745,priest,discipline,208,105,103
Alarin,whisperwind,1745,priest,discipline,60,30,30
Evilear,tichondrius,1745,priest,discipline,66,31,35
Ninbara,tichondrius,1745,priest,discipline,59,27,32
Marejaynez,tichondrius,1744,priest,discipline,235,114,121
Onikûdaki,sargeras,1744,priest,discipline,53,24,29
Hamstip,sargeras,1743,priest,discipline,98,58,40
Natoshi,illidan,1742,priest,discipline,48,25,23
Cursèlol,tichondrius,1742,priest,discipline,96,48,48
Nxghtmares,tichondrius,1742,priest,discipline,422,208,214
Mcgg,tichondrius,1742,priest,discipline,192,89,103
Aethestan,zuljin,1742,priest,discipline,78,35,43
Jabberwolky,blackrock,1742,priest,discipline,60,23,37
Leapofdoubt,zuljin,1741,priest,discipline,256,132,124
Envio,moon-guard,1740,priest,discipline,60,36,24
Luwoona,tichondrius,1740,priest,discipline,90,41,49
Cody,magtheridon,1738,priest,discipline,90,59,31
Stinkypinkÿ,bleeding-hollow,1738,priest,discipline,45,27,18
Aloxc,drakkari,1738,priest,discipline,36,19,17
Shadheda,andorhal,1738,priest,discipline,56,26,30
Jimmythedon,mugthol,1738,priest,discipline,82,38,44
Bingleboi,area-52,1737,priest,discipline,310,171,139
Pgpriest,kelthuzad,1737,priest,discipline,90,44,46
Spliffs,tichondrius,1737,priest,discipline,146,71,75
Stoneflute,emerald-dream,1736,priest,discipline,189,108,81
Orderic,ragnaros,1736,priest,discipline,57,32,25
Marcìano,bleeding-hollow,1736,priest,discipline,64,35,29
Creamedcorn,tichondrius,1736,priest,discipline,40,21,19
Kelthax,sargeras,1736,priest,discipline,54,23,31
Niark,frostmourne,1736,priest,discipline,48,20,28
Maybedead,tichondrius,1734,priest,discipline,42,26,16
Aupascamarad,tichondrius,1734,priest,discipline,35,19,16
Myles,alexstrasza,1734,priest,discipline,182,92,90
Obscure,malygos,1734,priest,discipline,74,32,42
Claverr,stormrage,1733,priest,discipline,39,23,16
Batiatus,moon-guard,1733,priest,discipline,144,75,69
Holyster,tichondrius,1733,priest,discipline,44,20,24
Tiernocookie,illidan,1732,priest,discipline,442,219,223
Sinday,zuljin,1732,priest,discipline,60,29,31
Syo,dreadmaul,1731,priest,discipline,125,66,59
Saelom,frostmourne,1730,priest,discipline,78,49,29
Deadpla,ragnaros,1730,priest,discipline,119,57,62
Murth,laughing-skull,1729,priest,discipline,47,30,17
Johanna,tichondrius,1729,priest,discipline,41,26,15
Dirtydebbie,lightnings-blade,1729,priest,discipline,64,30,34
Airelia,sargeras,1728,priest,discipline,54,28,26
Dëàthwîsh,tichondrius,1728,priest,discipline,53,26,27
Deeznuhh,tichondrius,1728,priest,discipline,47,19,28
Blasphêmy,malganis,1727,priest,discipline,86,52,34
Frenezyz,ragnaros,1727,priest,discipline,66,37,29
Oogs,tichondrius,1727,priest,discipline,244,108,136
Åpples,tichondrius,1727,priest,discipline,71,31,40
Apoorstudent,tichondrius,1726,priest,discipline,116,72,44
Mxfd,tichondrius,1726,priest,discipline,47,27,20
Dévore,dalaran,1726,priest,discipline,46,25,21
Plumpkinn,kiljaeden,1726,priest,discipline,106,54,52
Flagiddyflag,kelthuzad,1726,priest,discipline,48,24,24
Analogxz,nemesis,1726,priest,discipline,168,81,87
Conifer,emerald-dream,1725,priest,discipline,72,41,31
Barthbelro,kiljaeden,1725,priest,discipline,87,49,38
Goneqt,illidan,1725,priest,discipline,60,29,31
Ksâh,bleeding-hollow,1724,priest,discipline,63,39,24
Jezebëll,nemesis,1724,priest,discipline,192,99,93
Kebab,tichondrius,1723,priest,discipline,30,18,12
Natahlia,area-52,1723,priest,discipline,90,44,46
Dontlineme,tichondrius,1723,priest,discipline,142,64,78
Xidis,vashj,1723,priest,discipline,71,29,42
Mååxxee,zuljin,1722,priest,discipline,30,18,12
Zaryx,wildhammer,1722,priest,discipline,42,24,18
Gothmidget,illidan,1722,priest,discipline,42,23,19
Sanddglokta,tichondrius,1722,priest,discipline,314,157,157
Vegetable,suramar,1722,priest,discipline,36,18,18
Dpendant,frostmourne,1722,priest,discipline,108,53,55
Downturn,tichondrius,1722,priest,discipline,54,23,31
Philmacrakn,stormrage,1721,priest,discipline,167,81,86
Flamédøtz,ragnaros,1720,priest,discipline,54,30,24
Jexso,tichondrius,1719,priest,discipline,163,78,85
Opriest,queldorei,1718,priest,discipline,54,27,27
Ooit,tichondrius,1717,priest,discipline,24,22,2
Septmoon,tichondrius,1717,priest,discipline,66,34,32
Sweetnipsbro,tichondrius,1717,priest,discipline,101,51,50
Wizpell,area-52,1717,priest,discipline,42,18,24
Pissfeet,tichondrius,1716,priest,discipline,30,18,12
Hungrybone,proudmoore,1716,priest,discipline,843,423,420
Rotbaron,bleeding-hollow,1716,priest,discipline,108,48,60
Woobgasm,sargeras,1715,priest,discipline,72,46,26
Melshiesty,stormrage,1713,priest,discipline,48,22,26
Khaoshealer,destromath,1713,priest,discipline,185,83,102
Mygameslaggy,area-52,1713,priest,discipline,78,33,45
Likehisname,tichondrius,1713,priest,discipline,48,19,29
Marminator,stormrage,1713,priest,discipline,66,24,42
Pastapizza,zuljin,1712,priest,discipline,24,22,2
Rachell,emerald-dream,1712,priest,discipline,36,26,10
Kastep,tichondrius,1712,priest,discipline,88,44,44
Bakara,jubeithos,1712,priest,discipline,42,18,24
Persimmons,lightbringer,1711,priest,discipline,119,65,54
Gibens,tichondrius,1711,priest,discipline,142,72,70
Vandamnation,barthilas,1711,priest,discipline,134,65,69
Trebrooke,sargeras,1710,priest,discipline,161,88,73
Touchrr,tichondrius,1710,priest,discipline,108,58,50
Veejae,tichondrius,1710,priest,discipline,42,22,20
Demaholy,illidan,1710,priest,discipline,163,82,81
Valothrian,area-52,1710,priest,discipline,172,86,86
Dorgondra,wyrmrest-accord,1709,priest,discipline,48,26,22
Dippyboi,whisperwind,1709,priest,discipline,48,25,23
Bloodyx,bleeding-hollow,1709,priest,discipline,208,104,104
Deathtones,barthilas,1708,priest,discipline,161,83,78
Andreslol,sargeras,1707,priest,discipline,54,32,22
Caveria,emerald-dream,1707,priest,discipline,283,146,137
Asthenia,saurfang,1706,priest,discipline,120,59,61
Byck,tichondrius,1706,priest,discipline,54,23,31
Sodezz,stormrage,1705,priest,discipline,36,21,15
Inquisitionx,frostmourne,1705,priest,discipline,223,120,103
Bfts,illidan,1705,priest,discipline,227,119,108
Mellow,tichondrius,1705,priest,discipline,170,89,81
Shrooks,frostmourne,1705,priest,discipline,54,28,26
Discflips,dalaran,1705,priest,discipline,239,117,122
Forti,sargeras,1705,priest,discipline,156,74,82
Squaanchy,bleeding-hollow,1705,priest,discipline,129,61,68
Highprofile,proudmoore,1705,priest,discipline,42,19,23
Staars,ragnaros,1704,priest,discipline,66,37,29
Justafkoutpr,gorefiend,1703,priest,discipline,54,36,18
Memoriesorz,tichondrius,1703,priest,discipline,499,262,237
Sùlyvahñ,tichondrius,1702,priest,discipline,30,18,12
Gfayde,sargeras,1702,priest,discipline,36,20,16
Kälëy,ragnaros,1702,priest,discipline,238,132,106
Nightcráwler,illidan,1702,priest,discipline,89,47,42
Shnozberry,tichondrius,1702,priest,discipline,114,46,68
Sätîvá,tichondrius,1701,priest,discipline,44,24,20
Irenesome,tichondrius,1701,priest,discipline,45,21,24
Fullfear,lothar,1699,priest,discipline,54,33,21
Tanzen,andorhal,1699,priest,discipline,36,21,15
Beowulfy,stormrage,1699,priest,discipline,48,27,21
Cruces,malorne,1698,priest,discipline,33,18,15
Nasser,tichondrius,1698,priest,discipline,42,18,24
Prïestitute,zuljin,1697,priest,discipline,150,92,58
Clydeington,illidan,1697,priest,discipline,49,29,20
Cryptron,tichondrius,1697,priest,discipline,54,28,26
Nancynibbler,bleeding-hollow,1697,priest,discipline,70,32,38
Mixful,bleeding-hollow,1696,priest,discipline,40,27,13
Obsolete,area-52,1696,priest,discipline,48,23,25
Twêet,frostmourne,1696,priest,discipline,186,87,99
Starpass,illidan,1694,priest,discipline,48,35,13
Rmxx,illidan,1694,priest,discipline,149,83,66
Ggsaurusrex,area-52,1694,priest,discipline,48,22,26
Geon,sargeras,1693,priest,discipline,107,53,54
Afflickzz,kelthuzad,1692,priest,discipline,42,26,16
Beelzebul,illidan,1692,priest,discipline,66,31,35
Bosspriest,tichondrius,1691,priest,discipline,48,23,25
Drethor,saurfang,1691,priest,discipline,76,36,40
Pigogo,tichondrius,1690,priest,discipline,45,26,19
Slùm,barthilas,1689,priest,discipline,49,30,19
Mastaspell,illidan,1689,priest,discipline,31,18,13
Elybele,sargeras,1689,priest,discipline,114,61,53
Yobell,tichondrius,1688,priest,discipline,36,23,13
Argylemomo,emerald-dream,1688,priest,discipline,202,103,99
Wildsmite,hyjal,1688,priest,discipline,222,102,120
Duubz,kelthuzad,1687,priest,discipline,96,51,45
Oopsy,bleeding-hollow,1687,priest,discipline,60,31,29
Synsparks,tichondrius,1687,priest,discipline,77,35,42
Andypr,illidan,1686,priest,discipline,66,25,41
Skunkbishop,sargeras,1685,priest,discipline,227,107,120
Mswatermelon,malganis,1684,priest,discipline,40,24,16
Salvation,tichondrius,1684,priest,discipline,60,27,33
Turtlez,area-52,1684,priest,discipline,78,35,43
Googolplex,tichondrius,1683,priest,discipline,63,44,19
Opscurum,bleeding-hollow,1683,priest,discipline,60,36,24
Luciellis,sargeras,1683,priest,discipline,156,81,75
Skvmbag,tichondrius,1681,priest,discipline,40,26,14
Märzy,thrall,1681,priest,discipline,42,26,16
Onineko,bleeding-hollow,1681,priest,discipline,57,32,25
Shrimpouh,illidan,1681,priest,discipline,78,43,35
Plaguebaby,stormrage,1681,priest,discipline,45,23,22
Melforn,moon-guard,1681,priest,discipline,59,28,31
Ieveling,skywall,1681,priest,discipline,65,30,35
Lingdums,tichondrius,1680,priest,discipline,31,18,13
Beeffdaddy,tichondrius,1680,priest,discipline,156,75,81
Falsegodxd,tichondrius,1680,priest,discipline,42,20,22
Discgoddess,proudmoore,1679,priest,discipline,127,68,59
Washdp,frostmourne,1679,priest,discipline,47,24,23
Mintadnade,nemesis,1679,priest,discipline,163,81,82
Poosydoodlez,malganis,1679,priest,discipline,105,48,57
Qtasiangirl,emerald-dream,1679,priest,discipline,109,47,62
Rámmstein,wyrmrest-accord,1678,priest,discipline,120,65,55
Jammeslight,quelthalas,1678,priest,discipline,148,79,69
Derpmodé,staghelm,1678,priest,discipline,54,28,26
Nabukom,destromath,1678,priest,discipline,52,25,27
Danceslol,area-52,1678,priest,discipline,42,20,22
Toastspriest,tichondrius,1677,priest,discipline,107,60,47
Holyfall,sargeras,1676,priest,discipline,220,116,104
Gurgs,emerald-dream,1676,priest,discipline,38,19,19
Chañing,frostmourne,1676,priest,discipline,90,43,47
Narodiz,nemesis,1675,priest,discipline,48,26,22
Bonehead,warsong,1675,priest,discipline,48,23,25
Saltlevels,sargeras,1674,priest,discipline,91,53,38
Holécriss,tichondrius,1672,priest,discipline,161,86,75
Aco,tichondrius,1672,priest,discipline,150,79,71
Dojacatx,frostmourne,1672,priest,discipline,114,57,57
Eetsqt,barthilas,1671,priest,discipline,120,74,46
Räpture,andorhal,1671,priest,discipline,46,28,18
Moalboal,tichondrius,1671,priest,discipline,222,117,105
Leticia,magtheridon,1671,priest,discipline,118,55,63
Serakiki,nemesis,1670,priest,discipline,72,41,31
Perothon,garrosh,1670,priest,discipline,153,82,71
Acpriest,tichondrius,1670,priest,discipline,111,57,54
Scab,anetheron,1670,priest,discipline,143,70,73
Dachenchen,tichondrius,1669,priest,discipline,36,27,9
Kagemetsu,sargeras,1669,priest,discipline,152,74,78
Boostedpi,tichondrius,1669,priest,discipline,44,21,23
Madmilesstv,zuljin,1669,priest,discipline,51,24,27
Jmlz,tichondrius,1668,priest,discipline,36,23,13
Elilium,tichondrius,1668,priest,discipline,80,48,32
Alomari,zuljin,1668,priest,discipline,32,19,13
Milkkz,zuljin,1668,priest,discipline,54,30,24
Klitarus,barthilas,1668,priest,discipline,48,23,25
Maximiliano,barthilas,1668,priest,discipline,43,19,24
Mcfref,tichondrius,1667,priest,discipline,135,70,65
Jerome,tichondrius,1666,priest,discipline,62,39,23
Muffingal,tichondrius,1666,priest,discipline,36,19,17
Nelpesh,tichondrius,1666,priest,discipline,60,27,33
Swagraptor,stormreaver,1665,priest,discipline,144,79,65
Purged,shadowmoon,1665,priest,discipline,367,198,169
Tekneeq,barthilas,1665,priest,discipline,136,69,67
Kepp,korgath,1665,priest,discipline,69,30,39
Meren,kelthuzad,1664,priest,discipline,36,24,12
Góndhi,tichondrius,1664,priest,discipline,42,25,17
Crysknife,korgath,1664,priest,discipline,35,20,15
Stepsistér,ragnaros,1664,priest,discipline,42,22,20
Kujox,tichondrius,1664,priest,discipline,94,44,50
Shocklol,stormrage,1662,priest,discipline,29,22,7
Hallucinogen,kelthuzad,1662,priest,discipline,95,51,44
Healbaby,illidan,1662,priest,discipline,283,146,137
Vinvictus,tichondrius,1662,priest,discipline,262,127,135
Fisp,moon-guard,1661,priest,discipline,72,33,39
Silkydeath,frostmourne,1660,priest,discipline,48,27,21
Joeyslaps,frostwolf,1660,priest,discipline,64,34,30
Resisted,gorefiend,1660,priest,discipline,238,120,118
Cayleey,stormrage,1659,priest,discipline,90,40,50
Imms,tichondrius,1658,priest,discipline,48,21,27
Muffinboy,illidan,1658,priest,discipline,54,20,34
Yunnan,executus,1657,priest,discipline,78,43,35
Caveron,tichondrius,1657,priest,discipline,42,23,19
Pocket,alleria,1656,priest,discipline,36,21,15
Toopriestly,deathwing,1656,priest,discipline,65,32,33
Yaz,emerald-dream,1656,priest,discipline,71,34,37
Sarïya,moon-guard,1656,priest,discipline,143,68,75
Universe,spinebreaker,1655,priest,discipline,46,32,14
Hm,the-scryers,1655,priest,discipline,36,25,11
Theravus,moon-guard,1655,priest,discipline,124,67,57
Hermanmiller,frostmourne,1655,priest,discipline,48,25,23
Shádowman,thrall,1655,priest,discipline,126,65,61
Vcainyfairy,stormrage,1655,priest,discipline,531,267,264
Chaner,scarlet-crusade,1655,priest,discipline,96,40,56
Naranjitá,ragnaros,1654,priest,discipline,66,42,24
Darknuz,sargeras,1654,priest,discipline,53,27,26
Mealmassttr,frostmourne,1654,priest,discipline,167,78,89
Perceptions,dalaran,1653,priest,discipline,42,26,16
Hypes,korgath,1653,priest,discipline,115,65,50
Fyshme,frostmourne,1653,priest,discipline,36,20,16
Kathere,tichondrius,1653,priest,discipline,42,23,19
Zunitpriest,laughing-skull,1653,priest,discipline,36,18,18
Catonement,moon-guard,1653,priest,discipline,624,302,322
Kelime,azralon,1652,priest,discipline,48,28,20
Vtp,frostmourne,1652,priest,discipline,70,40,30
Glassbirds,stormrage,1652,priest,discipline,48,25,23
Zombiz,tichondrius,1651,priest,discipline,47,29,18
Jennyle,sargeras,1651,priest,discipline,72,39,33
Zãrrãlis,arthas,1651,priest,discipline,210,105,105
Airalia,bleeding-hollow,1650,priest,discipline,36,23,13
Somefire,proudmoore,1650,priest,discipline,155,78,77
Peelforheals,nordrassil,1650,priest,discipline,78,39,39
Packa,khaz-modan,1649,priest,discipline,42,26,16
Hanley,tichondrius,1649,priest,discipline,85,48,37
Shastea,crushridge,1649,priest,discipline,70,37,33
Larry,tichondrius,1649,priest,discipline,65,31,34
Jatral,azralon,1649,priest,discipline,64,30,34
Nopang,tichondrius,1649,priest,discipline,167,77,90
Lanäthel,sargeras,1648,priest,discipline,28,19,9
Staywild,tichondrius,1648,priest,discipline,60,33,27
Cixelpvp,area-52,1648,priest,discipline,47,22,25
Zrn,bleeding-hollow,1648,priest,discipline,84,36,48
Krewesin,ravencrest,1647,priest,discipline,43,22,21
Trollpreist,tichondrius,1647,priest,discipline,148,75,73
Lòthnalar,ragnaros,1647,priest,discipline,60,29,31
Dorazòn,bleeding-hollow,1647,priest,discipline,54,25,29
Twistynipple,malganis,1646,priest,discipline,42,25,17
Klttzz,sargeras,1646,priest,discipline,60,32,28
Iamjakehill,area-52,1646,priest,discipline,154,79,75
Khorium,stormrage,1646,priest,discipline,46,21,25
Rosaparksxo,sargeras,1645,priest,discipline,70,35,35
Cavatea,illidan,1645,priest,discipline,42,21,21
Piils,sargeras,1645,priest,discipline,42,21,21
Meepsw,stormrage,1644,priest,discipline,60,33,27
Azurestorm,tichondrius,1644,priest,discipline,60,31,29
Bacpack,area-52,1644,priest,discipline,137,70,67
Cptcancer,tichondrius,1644,priest,discipline,54,23,31
Toddmund,tichondrius,1644,priest,discipline,64,25,39
Tonydatiger,the-forgotten-coast,1643,priest,discipline,36,21,15
Bmouth,tichondrius,1643,priest,discipline,42,23,19
Charbosan,gorgonnash,1643,priest,discipline,662,343,319
Kuell,ragnaros,1642,priest,discipline,53,29,24
Luvenia,sargeras,1642,priest,discipline,168,90,78
Ixchelune,kelthuzad,1642,priest,discipline,243,122,121
Rilad,icecrown,1642,priest,discipline,210,103,107
Selfless,barthilas,1642,priest,discipline,60,26,34
Reiae,malganis,1642,priest,discipline,70,27,43
Shadzx,andorhal,1641,priest,discipline,47,22,25
Dudebanger,sargeras,1640,priest,discipline,30,21,9
Alguîen,ragnaros,1640,priest,discipline,115,61,54
Tastyloads,illidan,1639,priest,discipline,54,32,22
Life,amanthul,1639,priest,discipline,143,84,59
Auras,boulderfist,1639,priest,discipline,52,30,22
Randompreest,stormrage,1639,priest,discipline,42,23,19
Matin,frostmourne,1639,priest,discipline,39,21,18
Sacrify,ragnaros,1638,priest,discipline,111,58,53
Astroluma,illidan,1638,priest,discipline,88,44,44
Ggwizkaboo,tichondrius,1638,priest,discipline,42,21,21
Lunarina,hyjal,1638,priest,discipline,167,75,92
Manryu,tichondrius,1637,priest,discipline,132,68,64
Evvylou,stormrage,1637,priest,discipline,42,19,23
Choochang,sargeras,1636,priest,discipline,35,27,8
Aethriem,bleeding-hollow,1636,priest,discipline,54,33,21
Takomochi,sargeras,1636,priest,discipline,41,22,19
Ketapriest,frostmourne,1636,priest,discipline,136,67,69
Döllyy,illidan,1636,priest,discipline,48,22,26
Oiled,barthilas,1635,priest,discipline,98,63,35
Frag,frostmourne,1635,priest,discipline,132,72,60
Rmx,illidan,1635,priest,discipline,35,18,17
Snakedoc,emerald-dream,1635,priest,discipline,78,40,38
Mutedox,frostmourne,1635,priest,discipline,47,24,23
Mangolatte,frostmourne,1634,priest,discipline,55,41,14
Ngin,queldorei,1634,priest,discipline,36,21,15
Hårper,area-52,1634,priest,discipline,75,37,38
Beejaex,stormreaver,1634,priest,discipline,48,22,26
Benedictiion,tichondrius,1634,priest,discipline,86,38,48
Priestreto,zuljin,1633,priest,discipline,119,66,53
Huxleypoo,boulderfist,1633,priest,discipline,42,22,20
Kazuret,ragnaros,1633,priest,discipline,272,141,131
Mclyte,whisperwind,1633,priest,discipline,149,77,72
Jâmïè,gurubashi,1632,priest,discipline,41,31,10
Buhroke,thrall,1632,priest,discipline,62,29,33
Jjmms,akama,1632,priest,discipline,270,126,144
Soulcleave,dark-iron,1632,priest,discipline,84,38,46
Kayare,area-52,1632,priest,discipline,53,23,30
Chewey,tichondrius,1631,priest,discipline,48,23,25
Howiecakes,bloodhoof,1631,priest,discipline,57,25,32
Gödtier,frostwolf,1631,priest,discipline,42,18,24
Meip,illidan,1630,priest,discipline,24,17,7
Skadín,stormrage,1630,priest,discipline,155,92,63
Megz,zuljin,1630,priest,discipline,46,23,23
Asj,illidan,1629,priest,discipline,45,30,15
Bluecho,tichondrius,1629,priest,discipline,48,25,23
Szx,akama,1629,priest,discipline,50,24,26
Bustit,azgalor,1628,priest,discipline,52,28,24
Kazgry,illidan,1628,priest,discipline,42,22,20
Bhoyka,ragnaros,1628,priest,discipline,57,29,28
Chookspriest,tichondrius,1628,priest,discipline,179,90,89
Adrio,malorne,1628,priest,discipline,327,159,168
Oesobagi,tichondrius,1627,priest,discipline,113,66,47
Djc,tichondrius,1627,priest,discipline,96,50,46
Çammy,frostmourne,1626,priest,discipline,24,17,7
Andrew,sargeras,1626,priest,discipline,30,20,10
Discavow,bleeding-hollow,1626,priest,discipline,51,31,20
Krupticus,tichondrius,1626,priest,discipline,40,24,16
Brothercarl,stormrage,1626,priest,discipline,95,51,44
Arianagrande,garona,1626,priest,discipline,95,50,45
Raxekk,stormrage,1626,priest,discipline,48,25,23
Slickwilly,bloodhoof,1626,priest,discipline,257,125,132
Bòngu,tichondrius,1626,priest,discipline,58,24,34
Mylo,azralon,1625,priest,discipline,48,28,20
Psycozis,hyjal,1625,priest,discipline,262,138,124
Luhhx,sargeras,1625,priest,discipline,134,70,64
Linarindil,hyjal,1624,priest,discipline,126,63,63
Momorabbit,tichondrius,1624,priest,discipline,36,17,19
Ussmissouri,area-52,1624,priest,discipline,141,63,78
Bobbyrich,sargeras,1623,priest,discipline,30,18,12
Caesus,sargeras,1623,priest,discipline,124,70,54
Illuminare,sargeras,1623,priest,discipline,154,82,72
Bonoo,tichondrius,1623,priest,discipline,335,175,160
Elbeefsteak,ragnaros,1622,priest,discipline,54,32,22
Dream,kelthuzad,1622,priest,discipline,30,17,13
Lawbster,jubeithos,1622,priest,discipline,34,18,16
Grizzlysmite,stormrage,1622,priest,discipline,361,177,184
Wickedpriest,malganis,1622,priest,discipline,54,25,29
Kûrtt,azralon,1622,priest,discipline,42,19,23
Spicer,eredar,1621,priest,discipline,41,25,16
Tuniepope,sargeras,1621,priest,discipline,75,45,30
Valyx,tichondrius,1621,priest,discipline,184,99,85
Pedobearx,ragnaros,1621,priest,discipline,178,89,89
Deathsmoke,ragnaros,1621,priest,discipline,112,55,57
Vsat,illidan,1621,priest,discipline,48,23,25
Tammyone,emerald-dream,1620,priest,discipline,66,42,24
Pigro,area-52,1620,priest,discipline,30,19,11
Wodturbo,bleeding-hollow,1620,priest,discipline,61,36,25
Brxddx,sargeras,1620,priest,discipline,125,64,61
Darknuzs,sargeras,1620,priest,discipline,42,21,21
Gosarix,tichondrius,1619,priest,discipline,24,17,7
Nanoboost,dark-iron,1619,priest,discipline,621,309,312
Crøws,ragnaros,1619,priest,discipline,288,142,146
Baddmachine,illidan,1619,priest,discipline,47,21,26
Timbobaloo,thrall,1618,priest,discipline,58,33,25
Syrul,tichondrius,1618,priest,discipline,63,34,29
Nohéalforu,stormrage,1618,priest,discipline,48,25,23
Aralia,ragnaros,1618,priest,discipline,146,74,72
Punisherror,area-52,1618,priest,discipline,52,22,30
Astrøpriest,tichondrius,1618,priest,discipline,54,22,32
Bvh,kelthuzad,1618,priest,discipline,51,19,32
Jmr,onyxia,1617,priest,discipline,24,17,7
Cazuex,ragnaros,1617,priest,discipline,30,20,10
Khathor,kargath,1617,priest,discipline,30,17,13
Gurlyounasty,khazgoroth,1617,priest,discipline,103,55,48
Ezelra,frostmourne,1617,priest,discipline,47,25,22
Ingladforx,azralon,1617,priest,discipline,83,41,42
Jönsnow,ghostlands,1616,priest,discipline,54,29,25
Prayussy,tichondrius,1616,priest,discipline,135,72,63
Zyonn,chogall,1616,priest,discipline,36,18,18
Flagiddy,kelthuzad,1616,priest,discipline,51,23,28
Anahka,tichondrius,1616,priest,discipline,48,21,27
Shaddäye,andorhal,1616,priest,discipline,48,20,28
Apathist,sargeras,1615,priest,discipline,72,45,27
Kraamur,area-52,1615,priest,discipline,96,57,39
Predolph,illidan,1615,priest,discipline,60,34,26
Jîtters,silvermoon,1615,priest,discipline,84,45,39
Catbabyeah,tichondrius,1614,priest,discipline,36,26,10
Hottymcdotty,black-dragonflight,1614,priest,discipline,42,21,21
Galandora,kelthuzad,1614,priest,discipline,48,23,25
Iovedoctor,tichondrius,1614,priest,discipline,78,25,53
Sâsh,stormrage,1613,priest,discipline,72,40,32
Nolar,shadowmoon,1613,priest,discipline,36,20,16
Aåurøra,stormrage,1613,priest,discipline,46,23,23
Trezz,hakkar,1613,priest,discipline,46,23,23
ßðßßÿ,area-52,1613,priest,discipline,42,21,21
Judis,barthilas,1613,priest,discipline,72,35,37
Mattgarska,tichondrius,1613,priest,discipline,48,17,31
Alfié,kelthuzad,1612,priest,discipline,48,33,15
Draxxankou,tanaris,1612,priest,discipline,103,59,44
Kks,tichondrius,1612,priest,discipline,90,46,44
Spicey,korgath,1611,priest,discipline,51,37,14
Gsek,nemesis,1611,priest,discipline,36,23,13
Scruge,frostmourne,1611,priest,discipline,55,32,23
Calientaeggs,drakkari,1611,priest,discipline,358,193,165
Littleshower,illidan,1611,priest,discipline,43,23,20
Vincejddp,zuljin,1611,priest,discipline,199,105,94
Tonybanderas,shattered-halls,1611,priest,discipline,120,63,57
Haill,quelthalas,1611,priest,discipline,76,38,38
Shadoris,antonidas,1611,priest,discipline,48,23,25
Cinsare,moon-guard,1610,priest,discipline,84,49,35
Psychic,bladefist,1610,priest,discipline,124,72,52
Yidra,illidan,1610,priest,discipline,36,19,17
Blathers,malganis,1610,priest,discipline,92,48,44
Billybobjane,jubeithos,1610,priest,discipline,42,21,21
Interworld,illidan,1610,priest,discipline,50,24,26
Mortteus,agamaggan,1610,priest,discipline,60,28,32
Pleasant,dathremar,1610,priest,discipline,123,52,71
Smashhley,bleeding-hollow,1609,priest,discipline,200,114,86
Dadcantdeath,frostmourne,1609,priest,discipline,44,23,21
Fõrcedtowipe,tichondrius,1609,priest,discipline,180,93,87
Priestass,bleeding-hollow,1609,priest,discipline,143,70,73
Krusheal,tichondrius,1609,priest,discipline,47,22,25
Gránd,emerald-dream,1609,priest,discipline,54,22,32
Maatrrixx,drakkari,1609,priest,discipline,48,17,31
Gsek,azralon,1608,priest,discipline,54,34,20
Indigojuly,sargeras,1608,priest,discipline,82,47,35
Alcázardeyo,area-52,1608,priest,discipline,150,84,66
Fugazy,barthilas,1608,priest,discipline,38,20,18
Wrekkit,area-52,1608,priest,discipline,84,42,42
Reginaa,nemesis,1608,priest,discipline,65,30,35
Buttfive,illidan,1608,priest,discipline,58,24,34
Jiñx,destromath,1607,priest,discipline,278,147,131
Kaeda,drenden,1607,priest,discipline,84,44,40
Hootheals,illidan,1607,priest,discipline,46,24,22
Preeste,stormrage,1607,priest,discipline,44,22,22
Darknus,sargeras,1607,priest,discipline,78,37,41
Teewat,illidan,1606,priest,discipline,42,23,19
Swartzp,tichondrius,1606,priest,discipline,122,64,58
Xhadow,sargeras,1606,priest,discipline,161,84,77
Lovesy,burning-legion,1606,priest,discipline,60,30,30
Darkispriest,tichondrius,1606,priest,discipline,36,17,19
Fäctor,bleeding-hollow,1606,priest,discipline,84,39,45
Esciel,ragnaros,1606,priest,discipline,104,47,57
Powerwordqt,kalecgos,1606,priest,discipline,60,26,34
Hoshx,sargeras,1605,priest,discipline,75,44,31
Trojanphobia,bleeding-hollow,1605,priest,discipline,54,29,25
Yoggismydad,emerald-dream,1605,priest,discipline,185,95,90
Shiromar,tichondrius,1605,priest,discipline,102,51,51
Csjy,illidan,1605,priest,discipline,60,30,30
Mindblasterx,kelthuzad,1605,priest,discipline,197,98,99
Cearáa,azralon,1605,priest,discipline,42,20,22
Takosoufflé,emerald-dream,1605,priest,discipline,48,22,26
Míkò,sargeras,1604,priest,discipline,18,17,1
Jagita,kelthuzad,1604,priest,discipline,31,20,11
Hoglet,moon-guard,1604,priest,discipline,65,39,26
Jzd,dreadmaul,1604,priest,discipline,54,29,25
Tanthsondis,illidan,1604,priest,discipline,54,28,26
Tidbitsy,malganis,1604,priest,discipline,108,55,53
Vern,laughing-skull,1604,priest,discipline,78,29,49
Zerokool,moonrunner,1603,priest,discipline,48,29,19
Fukneasy,darkspear,1603,priest,discipline,37,20,17
Lines,sargeras,1603,priest,discipline,76,41,35
Feymuhsjr,black-dragonflight,1603,priest,discipline,54,29,25
Iamgess,kilrogg,1603,priest,discipline,42,22,20
Tooeasy,vashj,1603,priest,discipline,36,17,19
Resortv,illidan,1602,priest,discipline,42,32,10
Aetyn,tichondrius,1602,priest,discipline,61,33,28
Arcalon,thrall,1602,priest,discipline,86,45,41
Gromkekz,area-52,1602,priest,discipline,73,38,35
Crizem,bleeding-hollow,1602,priest,discipline,242,119,123
Ünagi,thrall,1602,priest,discipline,77,34,43
Zymmie,moon-guard,1602,priest,discipline,102,45,57
Invicta,frostwolf,1601,priest,discipline,27,18,9
Hølycrit,icecrown,1601,priest,discipline,63,36,27
Størmy,kiljaeden,1601,priest,discipline,306,160,146
Bistek,bleeding-hollow,1601,priest,discipline,166,83,83
Mhp,illidan,1601,priest,discipline,51,20,31
Cyntech,area-52,1600,priest,discipline,29,23,6
Marethelia,stonemaul,1600,priest,discipline,60,34,26
Cezure,stormrage,1600,priest,discipline,341,187,154
Jhivagosp,tichondrius,1600,priest,discipline,42,23,19
Mepisth,sargeras,1600,priest,discipline,66,36,30
Zarakonna,illidan,1600,priest,discipline,60,32,28
Nijoral,tichondrius,1600,priest,discipline,368,194,174
Eccentrixx,mannoroth,1600,priest,discipline,54,28,26
Catpictures,stormrage,1599,priest,discipline,48,24,24
Zunari,thrall,1599,priest,discipline,48,23,25
Bigsmart,tichondrius,1598,priest,discipline,56,25,31
Dupaforted,stormrage,1598,priest,discipline,71,26,45
Valeilah,illidan,1597,priest,discipline,126,80,46
Holyphodays,sargeras,1597,priest,discipline,145,80,65
Pocserpriest,drakkari,1597,priest,discipline,44,21,23
Mdibaxx,tichondrius,1597,priest,discipline,89,40,49
Healther,firetree,1596,priest,discipline,42,21,21
Pettypriest,dalaran,1596,priest,discipline,79,39,40
Ivorytiger,bleeding-hollow,1596,priest,discipline,42,19,23
Takethat,emerald-dream,1595,priest,discipline,90,58,32
Serenewisp,tichondrius,1595,priest,discipline,101,48,53
Bennito,moon-guard,1595,priest,discipline,181,80,101
Healzyea,eonar,1594,priest,discipline,42,25,17
Säcrilege,drakkari,1594,priest,discipline,213,112,101
Onezor,frostmourne,1594,priest,discipline,78,39,39
Gummachine,tichondrius,1594,priest,discipline,36,17,19
Comana,frostmourne,1594,priest,discipline,53,25,28
Luthiene,area-52,1593,priest,discipline,204,112,92
Shesaidthat,stormrage,1593,priest,discipline,231,116,115
Winsforgoldd,area-52,1593,priest,discipline,57,28,29
Ariês,tichondrius,1593,priest,discipline,60,22,38
Skcits,sargeras,1592,priest,discipline,36,22,14
Planchebois,zuljin,1592,priest,discipline,36,20,16
Leviathanh,tichondrius,1591,priest,discipline,92,60,32
Astalail,emerald-dream,1591,priest,discipline,40,21,19
Dellitor,illidan,1591,priest,discipline,65,33,32
Darenlor,tichondrius,1591,priest,discipline,165,82,83
Spx,frostmourne,1590,priest,discipline,72,40,32
Sêlbus,stormrage,1590,priest,discipline,275,143,132
Isteri,thrall,1590,priest,discipline,52,26,26
Woosanghong,tichondrius,1590,priest,discipline,90,44,46
Bisholan,frostwolf,1590,priest,discipline,85,37,48
Emotionally,sargeras,1589,priest,discipline,30,20,10
Faithmelter,stormrage,1589,priest,discipline,155,84,71
Ems,dawnbringer,1589,priest,discipline,243,122,121
Ooft,tichondrius,1589,priest,discipline,46,23,23
Lilbaldjosh,frostmourne,1589,priest,discipline,120,54,66
Zëref,azralon,1588,priest,discipline,82,47,35
Swaheally,frostmourne,1588,priest,discipline,30,17,13
Daleyn,ragnaros,1588,priest,discipline,54,30,24
Raffimilk,tichondrius,1588,priest,discipline,45,22,23
Eggsdenny,illidan,1588,priest,discipline,36,17,19
Rondrica,stormscale,1587,priest,discipline,48,31,17
Lolcrafthd,ragnaros,1587,priest,discipline,106,55,51
Buchöna,quelthalas,1587,priest,discipline,113,58,55
Akëla,nemesis,1587,priest,discipline,156,77,79
Primael,tichondrius,1587,priest,discipline,40,18,22
Nexp,tichondrius,1586,priest,discipline,83,56,27
Highasf,sargeras,1586,priest,discipline,78,45,33
Conezy,frostmourne,1586,priest,discipline,60,32,28
Magnuscorp,illidan,1585,priest,discipline,36,20,16
Deadnyx,tichondrius,1585,priest,discipline,42,22,20
Alaran,magtheridon,1584,priest,discipline,35,21,14
Ÿsk,tichondrius,1584,priest,discipline,168,87,81
Hermeneutic,illidan,1584,priest,discipline,45,22,23
Tý,frostmourne,1584,priest,discipline,54,24,30
Lovesthebox,frostmourne,1584,priest,discipline,108,47,61
Dotsfortots,malfurion,1583,priest,discipline,41,21,20
Puttles,tichondrius,1583,priest,discipline,83,33,50
Vanderbeek,frostmourne,1582,priest,discipline,84,39,45
Supôrte,nemesis,1581,priest,discipline,101,54,47
Maomaoangel,tichondrius,1581,priest,discipline,42,22,20
Lelenia,tichondrius,1581,priest,discipline,106,54,52
Weapestrong,tichondrius,1581,priest,discipline,48,24,24
Shieldharder,stormrage,1581,priest,discipline,39,18,21
Gus,the-venture-co,1580,priest,discipline,78,44,34
Cringepriest,area-52,1579,priest,discipline,54,33,21
Tyksu,area-52,1579,priest,discipline,201,106,95
Samirah,arthas,1579,priest,discipline,60,30,30
Carti,bleeding-hollow,1578,priest,discipline,238,132,106
Zyklonova,frostmourne,1578,priest,discipline,42,22,20
Mudshadow,tichondrius,1577,priest,discipline,133,70,63
Zizziz,tichondrius,1577,priest,discipline,66,33,33
Katlø,stormrage,1576,priest,discipline,49,29,20
Cultxo,sargeras,1576,priest,discipline,60,35,25
Lolweedbro,illidan,1576,priest,discipline,160,90,70
Knucklesandy,tichondrius,1576,priest,discipline,35,17,18
Oyy,barthilas,1576,priest,discipline,102,48,54
Staysmall,stormrage,1576,priest,discipline,42,19,23
Blindingstar,area-52,1575,priest,discipline,69,39,30
Honeyduutch,black-dragonflight,1575,priest,discipline,90,44,46
Badhabit,zuluhed,1575,priest,discipline,97,43,54
Rexîfy,zuljin,1574,priest,discipline,69,40,29
Jâldabaoth,area-52,1573,priest,discipline,60,37,23
Brezi,azralon,1573,priest,discipline,53,32,21
Hopanda,tichondrius,1573,priest,discipline,89,47,42
Kihlupr,frostmourne,1573,priest,discipline,58,25,33
Overpriest,ragnaros,1572,priest,discipline,40,22,18
Bubblebuddí,tichondrius,1572,priest,discipline,68,37,31
Holymagetv,tichondrius,1572,priest,discipline,39,18,21
Itsmurphy,sargeras,1572,priest,discipline,126,57,69
Seriosity,kelthuzad,1572,priest,discipline,54,23,31
Anastasìá,barthilas,1572,priest,discipline,64,23,41
Archeo,area-52,1572,priest,discipline,60,19,41
Madpriest,blades-edge,1571,priest,discipline,36,20,16
Malpractíce,zuljin,1571,priest,discipline,95,50,45
Bushybush,darkspear,1571,priest,discipline,120,63,57
Bigdaddios,dalaran,1571,priest,discipline,45,21,24
Tokaru,frostmourne,1571,priest,discipline,56,26,30
Whitecaster,tichondrius,1570,priest,discipline,30,17,13
Aleykz,illidan,1570,priest,discipline,95,53,42
Guccigriimes,tichondrius,1570,priest,discipline,57,30,27
Liteztvp,tichondrius,1570,priest,discipline,168,75,93
Ppsp,azralon,1569,priest,discipline,42,25,17
Incisions,moon-guard,1569,priest,discipline,114,61,53
Ol,firetree,1569,priest,discipline,57,28,29
Kimjongdots,illidan,1568,priest,discipline,50,28,22
Purgen,tichondrius,1568,priest,discipline,36,20,16
Itachî,ravencrest,1568,priest,discipline,36,19,17
Ragretsxo,darkspear,1568,priest,discipline,144,73,71
Disperse,vashj,1568,priest,discipline,197,96,101
Aleana,ragnaros,1568,priest,discipline,54,25,29
Safetyy,bleeding-hollow,1567,priest,discipline,44,24,20
Feymuhs,blackrock,1567,priest,discipline,90,48,42
Fairlightpp,zuljin,1567,priest,discipline,78,39,39
Besó,proudmoore,1566,priest,discipline,126,74,52
Holyvoice,wyrmrest-accord,1566,priest,discipline,58,32,26
Alexsp,amanthul,1565,priest,discipline,76,45,31
Swiggster,thrall,1565,priest,discipline,48,28,20
Sacredlight,malygos,1565,priest,discipline,117,61,56
Amayå,kelthuzad,1565,priest,discipline,54,23,31
Feivalentine,illidan,1565,priest,discipline,42,17,25
Fanatic,nemesis,1564,priest,discipline,366,194,172
Velandrys,earthen-ring,1564,priest,discipline,42,20,22
Scarabless,bleeding-hollow,1564,priest,discipline,138,62,76
Whateverbrah,tichondrius,1564,priest,discipline,45,20,25
Valdurai,stormrage,1563,priest,discipline,47,24,23
Soyul,tichondrius,1563,priest,discipline,47,19,28
Hadtogothere,kelthuzad,1562,priest,discipline,209,103,106
Zortkis,garithos,1562,priest,discipline,58,25,33
Jylertason,kelthuzad,1561,priest,discipline,58,26,32
Antifaithx,frostmourne,1560,priest,discipline,36,21,15
Verna,dunemaul,1560,priest,discipline,85,47,38
Krillan,ysera,1559,priest,discipline,94,53,41
Moustachío,stormrage,1559,priest,discipline,59,27,32
Melitele,magtheridon,1558,priest,discipline,36,21,15
Vanco,tichondrius,1558,priest,discipline,59,32,27
Twistinfate,hyjal,1558,priest,discipline,119,58,61
Pennumbra,barthilas,1558,priest,discipline,84,31,53
Bobelgum,emerald-dream,1557,priest,discipline,42,31,11
Qenq,tichondrius,1557,priest,discipline,30,17,13
Zachlol,area-52,1557,priest,discipline,108,61,47
Gucciflops,tichondrius,1557,priest,discipline,48,25,23
Ärchangél,tichondrius,1557,priest,discipline,80,40,40
Ropriest,frostmourne,1557,priest,discipline,59,29,30
Someonesxy,aggramar,1557,priest,discipline,40,19,21
Datdarnbéar,stormrage,1557,priest,discipline,54,25,29
Chocopp,illidan,1557,priest,discipline,78,33,45
Kflexx,hydraxis,1557,priest,discipline,152,61,91
Vicara,moon-guard,1556,priest,discipline,129,57,72
Valith,bleeding-hollow,1555,priest,discipline,40,22,18
Playsoon,illidan,1555,priest,discipline,124,68,56
Tarlonypp,malganis,1555,priest,discipline,45,22,23
Karebenniian,area-52,1554,priest,discipline,96,48,48
Hiraa,frostmourne,1553,priest,discipline,36,23,13
Luxah,bloodhoof,1553,priest,discipline,45,28,17
Saentha,sargeras,1553,priest,discipline,74,40,34
Cario,emerald-dream,1553,priest,discipline,45,24,21
Zivn,tichondrius,1553,priest,discipline,689,360,329
Drully,moon-guard,1553,priest,discipline,149,77,72
Razledazzled,grizzly-hills,1553,priest,discipline,121,58,63
Halfcutt,tichondrius,1553,priest,discipline,78,36,42
Gankdez,kelthuzad,1552,priest,discipline,130,67,63
Gilthðniel,quelthalas,1552,priest,discipline,231,111,120
Mfynch,sargeras,1551,priest,discipline,66,40,26
Grannieslove,sargeras,1551,priest,discipline,48,28,20
Magazíne,tichondrius,1551,priest,discipline,42,23,19
Leliane,tichondrius,1551,priest,discipline,66,35,31
Giblettz,lightbringer,1551,priest,discipline,99,46,53
Nesx,azuremyst,1550,priest,discipline,42,28,14
Sorrowful,mannoroth,1550,priest,discipline,30,19,11
Sensitive,eitrigg,1550,priest,discipline,36,22,14
Unisia,tichondrius,1550,priest,discipline,98,41,57
Rebzyyx,tichondrius,1549,priest,discipline,38,25,13
Önagashøw,azralon,1549,priest,discipline,277,140,137
Spacecowboyz,stormrage,1549,priest,discipline,60,30,30
Hennywhite,sargeras,1549,priest,discipline,102,48,54
Fámóus,stormrage,1549,priest,discipline,83,30,53
Nisagerx,tichondrius,1548,priest,discipline,33,19,14
Azureslaps,tichondrius,1547,priest,discipline,218,109,109
Jugeumx,proudmoore,1547,priest,discipline,48,19,29
Uriyel,quelthalas,1546,priest,discipline,119,62,57
Ayabae,illidan,1546,priest,discipline,866,424,442
Idolize,proudmoore,1546,priest,discipline,92,43,49
Bombdevil,quelthalas,1545,priest,discipline,36,20,16
Notkim,zuljin,1545,priest,discipline,65,33,32
Saintguard,tichondrius,1545,priest,discipline,186,92,94
Shadöwtest,quelthalas,1545,priest,discipline,113,49,64
Goo,boulderfist,1544,priest,discipline,36,22,14
Juckerr,tichondrius,1544,priest,discipline,245,129,116
Rourk,medivh,1544,priest,discipline,137,68,69
Nutshotxx,skullcrusher,1544,priest,discipline,154,67,87
Ricekak,haomarush,1543,priest,discipline,78,46,32
Matics,tichondrius,1543,priest,discipline,62,33,29
Xillak,ragnaros,1543,priest,discipline,36,19,17
Goodvybes,tichondrius,1543,priest,discipline,83,42,41
Dreamteller,tichondrius,1543,priest,discipline,36,17,19
Dawnsy,arygos,1543,priest,discipline,56,26,30
Played,dark-iron,1543,priest,discipline,62,24,38
Happylonely,farstriders,1542,priest,discipline,33,20,13
Justashadow,zangarmarsh,1542,priest,discipline,103,59,44
Metick,illidan,1542,priest,discipline,48,18,30
Benin,shattered-hand,1541,priest,discipline,36,22,14
Zórg,stormrage,1541,priest,discipline,56,30,26
Makuwu,area-52,1541,priest,discipline,93,49,44
Winss,tichondrius,1541,priest,discipline,220,114,106
Jacksreturne,kelthuzad,1541,priest,discipline,502,255,247
Prayf,area-52,1541,priest,discipline,199,100,99
Qmabayteckkl,tichondrius,1540,priest,discipline,42,23,19
Alex,boulderfist,1540,priest,discipline,189,90,99
Unholyhusky,sargeras,1539,priest,discipline,60,38,22
Daddydoeet,zuljin,1539,priest,discipline,42,22,20
Notoriousmmä,illidan,1538,priest,discipline,48,29,19
Life,thrall,1538,priest,discipline,101,50,51
Slipzie,sargeras,1537,priest,discipline,89,52,37
Shadowdaddy,barthilas,1537,priest,discipline,96,55,41
Babirygen,khaz-modan,1537,priest,discipline,48,23,25
Croissånt,illidan,1536,priest,discipline,30,18,12
Sportsgloss,tichondrius,1536,priest,discipline,132,73,59
Vullena,moon-guard,1536,priest,discipline,108,55,53
Shadowgobbo,thrall,1536,priest,discipline,66,31,35
Meemó,area-52,1535,priest,discipline,24,16,8
Santhiel,ragnaros,1535,priest,discipline,42,18,24
Saxy,quelthalas,1534,priest,discipline,50,32,18
Highmoon,kelthuzad,1534,priest,discipline,30,16,14
Gommacura,stormrage,1534,priest,discipline,286,147,139
Sevÿ,malygos,1534,priest,discipline,40,20,20
Blacklog,darkspear,1534,priest,discipline,38,19,19
Yanye,tichondrius,1534,priest,discipline,157,77,80
Maid,demon-soul,1534,priest,discipline,63,28,35
Anastasiá,barthilas,1534,priest,discipline,48,21,27
Greyx,moon-guard,1533,priest,discipline,36,20,16
Shadowglezy,area-52,1533,priest,discipline,107,59,48
Wtfamdoing,quelthalas,1533,priest,discipline,65,35,30
Priesmatco,area-52,1533,priest,discipline,81,40,41
Suitoo,ragnaros,1533,priest,discipline,54,25,29
Hairyleg,kelthuzad,1533,priest,discipline,36,16,20
Zsofi,rivendare,1532,priest,discipline,116,54,62
Cityboyy,tichondrius,1532,priest,discipline,37,17,20
Abbydaddy,illidan,1532,priest,discipline,42,17,25
Drée,zuljin,1531,priest,discipline,26,16,10
Wbu,frostmourne,1531,priest,discipline,28,17,11
Dabaksp,area-52,1531,priest,discipline,39,21,18
Pryst,bonechewer,1531,priest,discipline,54,28,26
Bryelx,ragnaros,1531,priest,discipline,108,55,53
Vañity,malganis,1531,priest,discipline,66,33,33
Merkinhealz,darkspear,1530,priest,discipline,112,59,53
Scræm,sargeras,1530,priest,discipline,97,44,53
Epijho,area-52,1529,priest,discipline,30,19,11
Aríola,frostmourne,1529,priest,discipline,69,37,32
Vorazzun,quelthalas,1529,priest,discipline,62,30,32
Cäpriestsunn,thrall,1528,priest,discipline,30,18,12
Truce,moon-guard,1528,priest,discipline,77,39,38
Bigwap,illidan,1528,priest,discipline,66,30,36
Rafers,tichondrius,1528,priest,discipline,36,16,20
Slippedadisc,kelthuzad,1527,priest,discipline,108,59,49
Kencyx,tichondrius,1527,priest,discipline,30,16,14
Lightsight,burning-blade,1527,priest,discipline,30,16,14
Luxury,blackrock,1527,priest,discipline,54,27,27
Suekmydisc,frostmourne,1526,priest,discipline,36,20,16
Alëssana,illidan,1526,priest,discipline,128,63,65
Wonpaipri,frostmourne,1526,priest,discipline,110,48,62
Pilixil,bleeding-hollow,1525,priest,discipline,72,35,37
Tooze,draka,1525,priest,discipline,60,27,33
Umbrous,ysera,1525,priest,discipline,42,18,24
Rómmul,azralon,1524,priest,discipline,71,34,37
Psÿçhë,stormrage,1524,priest,discipline,36,16,20
Thedude,spirestone,1524,priest,discipline,36,16,20
Somethingkoo,sargeras,1523,priest,discipline,83,46,37
Sonofbetch,emerald-dream,1523,priest,discipline,55,30,25
Bloodytears,kiljaeden,1523,priest,discipline,138,65,73
Ivf,darrowmere,1523,priest,discipline,125,57,68
Ricopri,frostmourne,1522,priest,discipline,36,23,13
Madhairy,ragnaros,1522,priest,discipline,126,65,61
Niurouchuan,tichondrius,1522,priest,discipline,123,60,63
Lauretânia,nemesis,1522,priest,discipline,146,71,75
Lydra,ragnaros,1522,priest,discipline,225,105,120
Triggaz,tichondrius,1521,priest,discipline,126,70,56
Zenobiai,hyjal,1521,priest,discipline,163,87,76
Rhima,tichondrius,1521,priest,discipline,133,67,66
Elysiana,wyrmrest-accord,1521,priest,discipline,66,33,33
Pheener,stormreaver,1521,priest,discipline,198,97,101
Magpul,arthas,1521,priest,discipline,36,16,20
Thirdplace,tichondrius,1520,priest,discipline,24,16,8
Herder,zuljin,1520,priest,discipline,52,30,22
Ezzy,bleeding-hollow,1520,priest,discipline,48,24,24
Halö,area-52,1520,priest,discipline,174,86,88
Sensaye,dalaran,1520,priest,discipline,111,54,57
Voltstein,dalaran,1519,priest,discipline,128,67,61
Radackan,quelthalas,1519,priest,discipline,117,61,56
Hideyason,area-52,1519,priest,discipline,60,31,29
Zllik,illidan,1519,priest,discipline,101,52,49
Meditåtion,tichondrius,1519,priest,discipline,234,120,114
Angusb,sargeras,1519,priest,discipline,164,82,82
Friendzonefw,illidan,1519,priest,discipline,144,71,73
Dædrà,stormrage,1519,priest,discipline,76,37,39
Blessrish,icecrown,1519,priest,discipline,66,31,35
Phasmaaxd,tichondrius,1518,priest,discipline,77,41,36
Peacewrench,moon-guard,1518,priest,discipline,118,59,59
Wisher,tichondrius,1518,priest,discipline,158,73,85
Cexcexyomi,tichondrius,1517,priest,discipline,94,50,44
Erinzdern,quelthalas,1517,priest,discipline,82,40,42
Joní,malganis,1517,priest,discipline,41,18,23
Tbirdpriest,tichondrius,1516,priest,discipline,46,27,19
Swapsy,illidan,1516,priest,discipline,53,29,24
Kaguyä,ragnaros,1516,priest,discipline,77,40,37
Bonnieron,frostmourne,1516,priest,discipline,77,39,38
Ðiscipline,kelthuzad,1516,priest,discipline,134,64,70
Triangle,draka,1516,priest,discipline,36,17,19
Drupmonst,dalaran,1516,priest,discipline,60,26,34
Vels,blackrock,1515,priest,discipline,30,18,12
Lyrä,kiljaeden,1515,priest,discipline,102,54,48
Mxst,frostmourne,1514,priest,discipline,18,16,2
Stickypriest,dreadmaul,1514,priest,discipline,18,16,2
Weakwind,burning-blade,1514,priest,discipline,56,33,23
Zenfromwish,frostmourne,1514,priest,discipline,68,37,31
Thranduil,kiljaeden,1514,priest,discipline,142,75,67
Gamist,area-52,1514,priest,discipline,206,102,104
Tecnica,kelthuzad,1514,priest,discipline,155,75,80
Marantbourge,frostmourne,1514,priest,discipline,122,57,65
Vaticly,hyjal,1513,priest,discipline,48,26,22
Inssania,ragnaros,1513,priest,discipline,60,28,32
Gustáv,sargeras,1512,priest,discipline,72,37,35
Absørptiøn,area-52,1511,priest,discipline,42,23,19
Mse,eonar,1511,priest,discipline,48,26,22
Galestick,illidan,1511,priest,discipline,30,16,14
Ulzaar,nerzhul,1511,priest,discipline,89,37,52
Manascythe,illidan,1510,priest,discipline,46,22,24
Zroheals,illidan,1510,priest,discipline,107,48,59
Agraheals,barthilas,1509,priest,discipline,42,22,20
Ballzach,ysera,1508,priest,discipline,197,102,95
Mandymuze,barthilas,1508,priest,discipline,77,37,40
Labraidor,tichondrius,1508,priest,discipline,205,92,113
Lildeen,area-52,1507,priest,discipline,44,26,18
Jaindoe,illidan,1507,priest,discipline,132,72,60
Billzerian,nemesis,1507,priest,discipline,141,75,66
Propagàndhi,daggerspine,1507,priest,discipline,158,72,86
Sâishâ,proudmoore,1507,priest,discipline,194,85,109
Hawtzp,stormrage,1506,priest,discipline,42,24,18
Ndeezy,malganis,1506,priest,discipline,30,16,14
Forsakenz,jaedenar,1506,priest,discipline,102,50,52
Zinnar,dalaran,1506,priest,discipline,96,38,58
Diskope,kelthuzad,1505,priest,discipline,24,16,8
Shnítzel,thrall,1505,priest,discipline,139,74,65
Altarboy,agamaggan,1505,priest,discipline,62,30,32
Legó,illidan,1504,priest,discipline,60,29,31
Daburnz,bleeding-hollow,1504,priest,discipline,120,57,63
Pootzy,malganis,1504,priest,discipline,87,36,51
Fearnought,stormrage,1503,priest,discipline,164,84,80
Brahp,frostmourne,1503,priest,discipline,41,17,24
Tallshiraz,destromath,1501,priest,discipline,58,39,19
Artista,quelthalas,1501,priest,discipline,100,54,46
Yoozi,sargeras,1501,priest,discipline,126,63,63
Bailez,malganis,1500,priest,discipline,49,27,22
Djefe,tichondrius,1500,priest,discipline,102,52,50
Braffuki,frostmourne,1500,priest,discipline,107,54,53
Jabreez,illidan,1499,priest,discipline,36,22,14
Valtres,tichondrius,1499,priest,discipline,30,16,14
Vezaxx,barthilas,1499,priest,discipline,148,77,71
Shunio,illidan,1499,priest,discipline,60,25,35
Jpray,bleeding-hollow,1498,priest,discipline,115,62,53
Aexdawg,malganis,1498,priest,discipline,126,67,59
Shastyr,tichondrius,1498,priest,discipline,78,38,40
Inkders,detheroc,1498,priest,discipline,58,26,32
Hotpockets,detheroc,1497,priest,discipline,29,16,13
Rustypinball,bleeding-hollow,1497,priest,discipline,76,40,36
Yorp,tichondrius,1497,priest,discipline,72,36,36
Thottee,bleeding-hollow,1497,priest,discipline,120,55,65
Valixia,sargeras,1497,priest,discipline,90,41,49
Venustas,daggerspine,1497,priest,discipline,66,26,40
Prniss,tichondrius,1496,priest,discipline,41,25,16
Sinzex,tichondrius,1496,priest,discipline,78,43,35
Doutoodou,tichondrius,1495,priest,discipline,94,55,39
Rëckful,area-52,1495,priest,discipline,699,353,346
Amarexlol,stormrage,1495,priest,discipline,54,27,27
Sgiath,alleria,1493,priest,discipline,42,30,12
Sleezi,emerald-dream,1493,priest,discipline,60,34,26
Healthreat,area-52,1493,priest,discipline,76,42,34
Bradythree,moon-guard,1493,priest,discipline,38,20,18
Keyoshe,altar-of-storms,1493,priest,discipline,295,146,149
Josquin,illidan,1493,priest,discipline,108,51,57
Weezyxo,tichondrius,1493,priest,discipline,46,19,27
Nerfdisc,azralon,1492,priest,discipline,147,77,70
Dbod,tichondrius,1492,priest,discipline,251,126,125
Bubblerwrapp,malganis,1492,priest,discipline,36,17,19
Ruminationz,stormrage,1492,priest,discipline,232,108,124
Ååron,illidan,1491,priest,discipline,64,37,27
Constin,doomhammer,1491,priest,discipline,36,20,16
Delrey,sargeras,1491,priest,discipline,38,19,19
Saiyana,frostmourne,1491,priest,discipline,148,72,76
Brakála,ragnaros,1491,priest,discipline,48,21,27
Cobjr,frostmourne,1490,priest,discipline,52,29,23
Kalilol,tichondrius,1490,priest,discipline,132,61,71
Somberr,dalaran,1489,priest,discipline,47,26,21
Emytoty,ragnaros,1489,priest,discipline,150,77,73
Alelith,quelthalas,1489,priest,discipline,59,27,32
Akayayuelol,tichondrius,1488,priest,discipline,24,19,5
Discobluntzz,tichondrius,1488,priest,discipline,54,31,23
Priestmode,garona,1488,priest,discipline,60,27,33
Orzington,laughing-skull,1487,priest,discipline,74,40,34
Watchemeyolo,tichondrius,1487,priest,discipline,66,35,31
Luxyel,azralon,1487,priest,discipline,149,65,84
Windroseh,proudmoore,1486,priest,discipline,60,32,28
Finnabustt,tichondrius,1486,priest,discipline,137,68,69
Blobble,tichondrius,1486,priest,discipline,102,45,57
Tyszie,sargeras,1485,priest,discipline,36,20,16
Klowdz,burning-blade,1485,priest,discipline,299,156,143
Curemeste,illidan,1485,priest,discipline,138,72,66
Tëmpting,moon-guard,1485,priest,discipline,50,25,25
Zilah,ravencrest,1485,priest,discipline,72,33,39
Aerdaras,illidan,1485,priest,discipline,80,36,44
Sëv,stormrage,1485,priest,discipline,41,18,23
Bater,mugthol,1484,priest,discipline,34,18,16
Preacharóund,frostmourne,1484,priest,discipline,102,52,50
Descubra,stormrage,1483,priest,discipline,84,46,38
Griddly,alterac-mountains,1483,priest,discipline,108,57,51
Dingldangle,tichondrius,1483,priest,discipline,144,70,74
Approved,moon-guard,1483,priest,discipline,221,106,115
Arzaei,quelthalas,1483,priest,discipline,130,61,69
Blacklightz,korgath,1483,priest,discipline,91,42,49
Prff,ragnaros,1483,priest,discipline,42,19,23
Oneinurdome,moknathal,1483,priest,discipline,54,24,30
Rháényra,tichondrius,1482,priest,discipline,48,25,23
Nottahealer,anvilmar,1482,priest,discipline,42,20,22
Zaemyn,dalaran,1482,priest,discipline,44,20,24
Ilickdeadppl,sargeras,1481,priest,discipline,52,31,21
Tartapelle,zuljin,1481,priest,discipline,78,44,34
Iinu,tichondrius,1481,priest,discipline,137,72,65
Vemilli,tichondrius,1481,priest,discipline,40,20,20
Aphrodìtë,tichondrius,1481,priest,discipline,127,62,65
Pipete,frostmourne,1480,priest,discipline,174,98,76
Kuriyasu,emerald-dream,1480,priest,discipline,209,113,96
Hasby,area-52,1480,priest,discipline,156,81,75
Dontstopxo,lightbringer,1480,priest,discipline,76,37,39
Blinxed,tichondrius,1480,priest,discipline,108,52,56
Toxictampax,azjolnerub,1480,priest,discipline,108,52,56
Hysteria,dalaran,1480,priest,discipline,70,33,37
Sstar,area-52,1479,priest,discipline,24,16,8
Justanoutlaw,darkspear,1479,priest,discipline,75,44,31
Steefe,arygos,1479,priest,discipline,38,21,17
Nvroom,illidan,1479,priest,discipline,55,28,27
Aumsi,illidan,1479,priest,discipline,104,48,56
Boundword,emerald-dream,1479,priest,discipline,60,24,36
Eshimä,quelthalas,1478,priest,discipline,117,67,50
Mørathy,ragnaros,1477,priest,discipline,72,46,26
Jinxaleyster,ragnaros,1477,priest,discipline,143,81,62
Zerolyn,tichondrius,1476,priest,discipline,131,70,61
Baìter,zuljin,1476,priest,discipline,82,41,41
Thadino,nagrand,1476,priest,discipline,126,61,65
Motions,frostmourne,1476,priest,discipline,38,17,21
Shaytyme,tichondrius,1476,priest,discipline,62,23,39
Jjløver,tichondrius,1475,priest,discipline,25,16,9
Imcringing,illidan,1475,priest,discipline,48,30,18
Luanwanx,tichondrius,1475,priest,discipline,91,51,40
Mightydrëk,malganis,1475,priest,discipline,29,16,13
Bittyheals,illidan,1475,priest,discipline,48,22,26
Faxingberlin,sargeras,1475,priest,discipline,46,18,28
Haizsu,tichondrius,1474,priest,discipline,77,38,39
Xîîaotong,tichondrius,1473,priest,discipline,37,23,14
Alyndral,illidan,1473,priest,discipline,50,29,21
Ringofvalor,lightnings-blade,1473,priest,discipline,160,85,75
Swagndragon,zuljin,1473,priest,discipline,86,42,44
Trickyhobo,area-52,1472,priest,discipline,97,54,43
Sermøn,azuremyst,1472,priest,discipline,189,99,90
Euphotic,tichondrius,1472,priest,discipline,75,38,37
Rufían,quelthalas,1471,priest,discipline,48,25,23
Brian,lightnings-blade,1471,priest,discipline,52,27,25
Confesiional,area-52,1471,priest,discipline,71,32,39
Bigtimeplay,tichondrius,1470,priest,discipline,42,25,17
Yugewap,hyjal,1470,priest,discipline,102,60,42
Lavenderism,moon-guard,1470,priest,discipline,90,45,45
Kiddonia,whisperwind,1470,priest,discipline,51,25,26
Buqisama,barthilas,1470,priest,discipline,96,44,52
Doesine,area-52,1469,priest,discipline,42,25,17
Travoidicus,wyrmrest-accord,1469,priest,discipline,109,55,54
Vacyle,azralon,1468,priest,discipline,174,93,81
Draazja,dalaran,1468,priest,discipline,146,74,72
Flatlining,illidan,1468,priest,discipline,66,32,34
Zerola,sargeras,1468,priest,discipline,71,34,37
Sibble,boulderfist,1468,priest,discipline,95,45,50
Temnah,sargeras,1468,priest,discipline,50,22,28
Dorashadows,tichondrius,1467,priest,discipline,24,17,7
Sandfire,thrall,1467,priest,discipline,30,16,14
Stargoddess,illidan,1467,priest,discipline,168,84,84
Krymze,tichondrius,1467,priest,discipline,36,16,20
Kafarmer,frostmourne,1466,priest,discipline,107,62,45
Blodwell,illidan,1466,priest,discipline,133,67,66
Namemetwo,malganis,1466,priest,discipline,90,42,48
Basisc,frostmourne,1465,priest,discipline,219,122,97
Betterheals,tichondrius,1465,priest,discipline,157,84,73
Wöödy,area-52,1465,priest,discipline,40,21,19
Azaradet,ragnaros,1465,priest,discipline,87,36,51
Aizetsu,sargeras,1464,priest,discipline,36,21,15
Billymaays,azgalor,1464,priest,discipline,145,80,65
Apâthy,area-52,1464,priest,discipline,69,32,37
Dib,arathor,1463,priest,discipline,48,25,23
Frogfrompad,tichondrius,1462,priest,discipline,83,51,32
Gðttlich,stormrage,1462,priest,discipline,38,19,19
Yeyoz,tichondrius,1462,priest,discipline,124,60,64
Blavkata,area-52,1462,priest,discipline,76,30,46
Fallenumbra,area-52,1461,priest,discipline,77,44,33
Javox,drakkari,1461,priest,discipline,36,19,17
Chainsalight,stormrage,1461,priest,discipline,156,81,75
Priestsz,stormrage,1461,priest,discipline,151,78,73
Ínfocus,area-52,1461,priest,discipline,132,63,69
Holypuffs,burning-legion,1461,priest,discipline,77,35,42
Bloodify,azralon,1461,priest,discipline,121,54,67
Joktips,proudmoore,1460,priest,discipline,174,94,80
Androalis,thaurissan,1460,priest,discipline,90,43,47
Syfy,thrall,1460,priest,discipline,108,45,63
Mutilla,tichondrius,1459,priest,discipline,24,16,8
Sadnez,illidan,1458,priest,discipline,133,74,59
Femìnazzi,ragnaros,1458,priest,discipline,82,45,37
Akåsha,zuljin,1458,priest,discipline,98,42,56
Helianna,whisperwind,1457,priest,discipline,162,80,82
Fleshliight,area-52,1456,priest,discipline,51,31,20
Shykaii,azralon,1456,priest,discipline,108,61,47
Sadistic,hyjal,1456,priest,discipline,118,59,59
Akovob,tichondrius,1456,priest,discipline,50,25,25
Sineater,zuljin,1456,priest,discipline,77,36,41
Tiannatrump,stormrage,1455,priest,discipline,53,31,22
Sinsuu,tichondrius,1455,priest,discipline,150,83,67
Sappes,area-52,1455,priest,discipline,200,110,90
Aleistria,emerald-dream,1454,priest,discipline,42,26,16
Lethalrosé,thrall,1454,priest,discipline,30,17,13
Huevos,blackwing-lair,1454,priest,discipline,144,76,68
Giveheadpats,moon-guard,1454,priest,discipline,101,47,54
Modotszilla,bleeding-hollow,1454,priest,discipline,36,16,20
Grimspriest,moon-guard,1453,priest,discipline,47,23,24
Carcoz,emerald-dream,1453,priest,discipline,117,57,60
Thoaxx,magtheridon,1453,priest,discipline,54,24,30
Havocshadows,deathwing,1452,priest,discipline,219,129,90
Aubieheal,malygos,1452,priest,discipline,91,50,41
Puddín,area-52,1452,priest,discipline,84,42,42
Thorzan,eredar,1452,priest,discipline,36,18,18
Mistàclean,tichondrius,1452,priest,discipline,89,43,46
Xeras,misha,1452,priest,discipline,47,21,26
Bobet,zuljin,1452,priest,discipline,73,28,45
Noblesx,illidan,1451,priest,discipline,54,30,24
Høllywood,nazgrel,1451,priest,discipline,57,28,29
Spookynun,moon-guard,1450,priest,discipline,216,122,94
Jubalie,guldan,1450,priest,discipline,52,27,25
Whehaw,kelthuzad,1450,priest,discipline,137,68,69
Bnn,arathor,1449,priest,discipline,23,16,7
Bushwaker,darkspear,1449,priest,discipline,53,29,24
Doggyy,tichondrius,1449,priest,discipline,166,88,78
Eirua,proudmoore,1449,priest,discipline,78,35,43
Notfandy,tichondrius,1449,priest,discipline,48,19,29
Nek,malganis,1448,priest,discipline,103,61,42
Feedya,tichondrius,1448,priest,discipline,463,228,235
Tomseleck,frostmourne,1448,priest,discipline,35,16,19
Iivelaughluv,kiljaeden,1447,priest,discipline,69,40,29
Lexaprö,moon-guard,1447,priest,discipline,70,38,32
Newchaos,hakkar,1446,priest,discipline,40,24,16
Eavin,laughing-skull,1446,priest,discipline,303,152,151
Mileslol,azgalor,1446,priest,discipline,68,34,34
Mäe,nemesis,1446,priest,discipline,60,26,34
Inot,nemesis,1446,priest,discipline,97,42,55
Sleepiest,wyrmrest-accord,1445,priest,discipline,49,26,23
Battlemage,magtheridon,1445,priest,discipline,105,55,50
Zeusqt,azralon,1445,priest,discipline,180,94,86
Augustrox,ragnaros,1445,priest,discipline,164,78,86
Stynke,bleeding-hollow,1445,priest,discipline,54,16,38
Aloo,zuljin,1444,priest,discipline,57,37,20
Fakechow,nathrezim,1444,priest,discipline,139,71,68
Blakalicious,illidan,1443,priest,discipline,39,27,12
Specialed,wildhammer,1443,priest,discipline,71,39,32
Yótecuro,quelthalas,1443,priest,discipline,66,31,35
Howdaw,tichondrius,1443,priest,discipline,53,21,32
Jeresh,sargeras,1443,priest,discipline,65,21,44
Bandèl,tichondrius,1442,priest,discipline,42,27,15
Skillfull,chogall,1442,priest,discipline,264,139,125
Famemolol,tichondrius,1442,priest,discipline,456,218,238
Kiritomauti,ragnaros,1442,priest,discipline,42,18,24
Velastirra,saurfang,1441,priest,discipline,199,104,95
Easypriest,tichondrius,1441,priest,discipline,96,50,46
Sreykalip,frostmourne,1441,priest,discipline,48,24,24
Voidathon,sargeras,1441,priest,discipline,36,17,19
Shadowblax,thrall,1441,priest,discipline,160,75,85
Diableero,barthilas,1440,priest,discipline,30,16,14
Docmcstufins,darkspear,1440,priest,discipline,65,31,34
Kristyenna,boulderfist,1440,priest,discipline,42,20,22
Zhatfko,illidan,1440,priest,discipline,78,31,47
Umadcüzubad,azralon,1439,priest,discipline,115,54,61
Scrubx,malganis,1438,priest,discipline,18,15,3
Sauile,kelthuzad,1438,priest,discipline,138,77,61
Ganapati,the-underbog,1438,priest,discipline,30,15,15
Necroshine,vashj,1438,priest,discipline,51,22,29
Rabbix,aggramar,1437,priest,discipline,30,19,11
Mason,winterhoof,1437,priest,discipline,24,15,9
Miaria,chogall,1437,priest,discipline,138,69,69
Joesus,kelthuzad,1437,priest,discipline,38,17,21
Arfaxad,quelthalas,1436,priest,discipline,18,15,3
Vivián,tichondrius,1436,priest,discipline,115,63,52
Compåctdisc,sargeras,1436,priest,discipline,36,18,18
Jacob,shadowmoon,1436,priest,discipline,153,74,79
Amãnita,illidan,1436,priest,discipline,35,15,20
Pphill,aegwynn,1436,priest,discipline,48,19,29
Floratil,ragnaros,1436,priest,discipline,60,23,37
Murdock,the-forgotten-coast,1435,priest,discipline,56,31,25
Bootycough,malganis,1435,priest,discipline,63,32,31
Conorpriest,tichondrius,1435,priest,discipline,30,15,15
Sliding,wyrmrest-accord,1435,priest,discipline,30,15,15
Lonpriest,stormrage,1435,priest,discipline,210,99,111
Earface,blades-edge,1435,priest,discipline,56,19,37
Addisonraee,tichondrius,1434,priest,discipline,18,15,3
Miix,proudmoore,1434,priest,discipline,18,15,3
Yea,shadow-council,1434,priest,discipline,27,19,8
Baali,moon-guard,1434,priest,discipline,41,27,14
Evpray,area-52,1434,priest,discipline,54,35,19
Luminous,moon-guard,1434,priest,discipline,137,73,64
Meatboxmoldy,blood-furnace,1434,priest,discipline,30,15,15
Detainedz,malganis,1434,priest,discipline,30,15,15
Vineller,malganis,1434,priest,discipline,36,15,21
Remusha,dalaran,1434,priest,discipline,42,16,26
Zaneshy,azralon,1433,priest,discipline,49,19,30
Amorus,illidan,1432,priest,discipline,60,40,20
Welovan,sargeras,1432,priest,discipline,88,47,41
Necrodiva,magtheridon,1432,priest,discipline,84,43,41
Rôôk,kiljaeden,1432,priest,discipline,56,26,30
Lullabya,tichondrius,1431,priest,discipline,24,15,9
Napzz,sargeras,1431,priest,discipline,45,27,18
Wøo,area-52,1430,priest,discipline,97,52,45
Davinatrans,azralon,1430,priest,discipline,111,57,54
Burroviejo,quelthalas,1430,priest,discipline,46,23,23
Zuss,tichondrius,1430,priest,discipline,52,23,29
Talripington,area-52,1429,priest,discipline,35,20,15
Eridan,moon-guard,1429,priest,discipline,65,33,32
Kwaremont,sargeras,1429,priest,discipline,30,15,15
Sacredmoon,dreadmaul,1429,priest,discipline,30,15,15
Jilt,aerie-peak,1428,priest,discipline,90,53,37
Tainna,quelthalas,1428,priest,discipline,78,44,34
Elexy,tichondrius,1428,priest,discipline,72,37,35
Dayquills,illidan,1428,priest,discipline,36,15,21
Axelrod,tichondrius,1428,priest,discipline,54,21,33
Anmu,illidan,1427,priest,discipline,24,15,9
Linkolln,sargeras,1427,priest,discipline,30,18,12
Dominantz,khazgoroth,1427,priest,discipline,66,38,28
Minii,tichondrius,1427,priest,discipline,79,40,39
Cherryfuzz,sargeras,1427,priest,discipline,89,45,44
Beefoverload,durotan,1427,priest,discipline,129,60,69
Pumtootoot,tichondrius,1427,priest,discipline,36,15,21
Coldphobia,uldum,1426,priest,discipline,187,99,88
Dreadpriate,emerald-dream,1426,priest,discipline,116,58,58
Haquin,malganis,1426,priest,discipline,36,15,21
Hugépenance,tichondrius,1425,priest,discipline,30,20,10
Covnite,bloodscalp,1425,priest,discipline,48,26,22
Voicekal,sargeras,1425,priest,discipline,77,41,36
Teeds,stormrage,1425,priest,discipline,69,34,35
Wíckéd,frostmourne,1425,priest,discipline,57,23,34
Langyi,tichondrius,1424,priest,discipline,72,41,31
ßlest,stormrage,1424,priest,discipline,142,80,62
Heelznfeelz,tichondrius,1424,priest,discipline,39,19,20
Winnzhor,bonechewer,1423,priest,discipline,58,35,23
Scpzi,frostmourne,1423,priest,discipline,30,15,15
Shakky,queldorei,1423,priest,discipline,84,37,47
Nolan,drakkari,1422,priest,discipline,47,27,20
Zørb,area-52,1422,priest,discipline,54,31,23
Priøst,tichondrius,1422,priest,discipline,75,43,32
Ketaminè,tichondrius,1422,priest,discipline,48,25,23
Tyzrapture,illidan,1422,priest,discipline,53,21,32
Wpj,barthilas,1422,priest,discipline,51,17,34
Bloatie,zuljin,1421,priest,discipline,42,28,14
Sumrand,frostmourne,1421,priest,discipline,30,16,14
Izikial,illidan,1421,priest,discipline,48,24,24
Jaeza,azralon,1421,priest,discipline,83,41,42
Kurobankai,tichondrius,1421,priest,discipline,51,25,26
Mombi,bloodhoof,1420,priest,discipline,24,15,9
Holycast,arygos,1420,priest,discipline,24,15,9
Sackura,quelthalas,1420,priest,discipline,49,26,23
Inmotion,tichondrius,1420,priest,discipline,30,15,15
Bugsbright,tichondrius,1419,priest,discipline,203,109,94
Machinecoach,stormrage,1419,priest,discipline,30,15,15
Brotatochip,andorhal,1419,priest,discipline,49,24,25
Malavidax,malganis,1419,priest,discipline,108,45,63
Yözsh,azralon,1419,priest,discipline,60,25,35
Vampiric,laughing-skull,1418,priest,discipline,48,25,23
Zjqf,akama,1418,priest,discipline,179,89,90
Shufflnjoyer,sargeras,1418,priest,discipline,114,54,60
Holyish,proudmoore,1418,priest,discipline,42,19,23
Vundead,tichondrius,1418,priest,discipline,36,16,20
Ekros,illidan,1417,priest,discipline,40,23,17
Spazmode,malganis,1417,priest,discipline,75,38,37
Tajee,area-52,1417,priest,discipline,205,103,102
Nutsin,tichondrius,1417,priest,discipline,36,15,21
Xävier,farstriders,1417,priest,discipline,36,15,21
Zäelly,moon-guard,1416,priest,discipline,198,100,98
Shonkee,tichondrius,1415,priest,discipline,27,16,11
Bent,gurubashi,1415,priest,discipline,41,22,19
Dagónet,sargeras,1415,priest,discipline,72,38,34
Sungji,tichondrius,1415,priest,discipline,30,15,15
Sasaberry,frostmourne,1415,priest,discipline,169,80,89
Bakøo,tichondrius,1414,priest,discipline,37,22,15
Dtsgx,tichondrius,1414,priest,discipline,27,16,11
Pinchevato,ragnaros,1414,priest,discipline,233,119,114
Muromsnel,proudmoore,1414,priest,discipline,120,59,61
Ankhxiety,area-52,1414,priest,discipline,71,33,38
Faerline,kelthuzad,1414,priest,discipline,35,15,20
Aubine,sargeras,1414,priest,discipline,41,15,26
Ananiel,moon-guard,1413,priest,discipline,24,15,9
Artiannaa,bleeding-hollow,1413,priest,discipline,42,24,18
Koizs,frostmourne,1413,priest,discipline,30,15,15
Clancygilroy,thrall,1413,priest,discipline,96,47,49
Daluu,tichondrius,1413,priest,discipline,51,18,33
Feløre,quelthalas,1412,priest,discipline,51,32,19
Looneý,drakkari,1412,priest,discipline,99,57,42
Bøness,area-52,1412,priest,discipline,130,69,61
Accismus,khadgar,1412,priest,discipline,78,37,41
Raileight,illidan,1412,priest,discipline,56,25,31
Handyheals,frostmourne,1411,priest,discipline,113,62,51
Snoozemaster,cenarius,1411,priest,discipline,30,15,15
Posabilties,bleeding-hollow,1411,priest,discipline,42,20,22
Karmatron,chogall,1411,priest,discipline,42,17,25
Fashion,bleeding-hollow,1410,priest,discipline,54,30,24
Nidüz,stormrage,1409,priest,discipline,150,68,82
Madjak,lightnings-blade,1408,priest,discipline,108,60,48
Shelak,frostmourne,1408,priest,discipline,62,33,29
Hpalisdawg,malorne,1408,priest,discipline,31,16,15
Eatmyfear,quelthalas,1408,priest,discipline,247,122,125
Verchou,shattered-hand,1408,priest,discipline,36,15,21
Midoopriest,proudmoore,1408,priest,discipline,36,15,21
Kencyy,tichondrius,1407,priest,discipline,24,15,9
Kawin,goldrinn,1407,priest,discipline,101,54,47
Nepy,stormrage,1407,priest,discipline,75,40,35
Extel,sargeras,1407,priest,discipline,30,16,14
Sunenergy,tichondrius,1407,priest,discipline,78,41,37
Lîk,tichondrius,1407,priest,discipline,106,54,52
Amaranth,the-forgotten-coast,1407,priest,discipline,30,15,15
Arvida,ragnaros,1406,priest,discipline,54,36,18
Tazzi,chromaggus,1406,priest,discipline,55,31,24
Ünarû,illidan,1406,priest,discipline,120,65,55
Halliburton,illidan,1406,priest,discipline,188,98,90
Benedictüs,tichondrius,1406,priest,discipline,172,88,84
Nightheals,sargeras,1406,priest,discipline,48,22,26
Seáoflions,aggramar,1405,priest,discipline,24,15,9
Dmlx,frostmourne,1405,priest,discipline,156,90,66
Mangueroide,quelthalas,1405,priest,discipline,111,57,54
Chimiechurro,proudmoore,1405,priest,discipline,90,45,45
Sýpha,dalaran,1405,priest,discipline,45,22,23
Tryst,the-underbog,1404,priest,discipline,60,37,23
Magicßoy,magtheridon,1404,priest,discipline,185,99,86
Penetron,tichondrius,1404,priest,discipline,138,70,68
Chaøz,emerald-dream,1403,priest,discipline,65,41,24
Itsmaám,moon-guard,1403,priest,discipline,42,25,17
Gwyneth,whisperwind,1403,priest,discipline,80,35,45
Kjpriest,kelthuzad,1402,priest,discipline,54,34,20
Therialjp,ragnaros,1402,priest,discipline,42,25,17
Discalaneous,tichondrius,1402,priest,discipline,45,20,25
Nicety,skywall,1402,priest,discipline,50,22,28
Jelzz,area-52,1401,priest,discipline,28,17,11
Kaonn,frostmourne,1401,priest,discipline,251,133,118
Bubbahotep,laughing-skull,1401,priest,discipline,52,25,27
Yishaarj,tichondrius,1401,priest,discipline,53,24,29
Emmelly,whisperwind,1401,priest,discipline,66,27,39
Mäí,ragnaros,1400,priest,discipline,108,62,46
Khyonne,nemesis,1400,priest,discipline,68,37,31
Luffzie,barthilas,1400,priest,discipline,150,79,71
Kibariyb,drakkari,1400,priest,discipline,40,19,21
Stormìst,korgath,1399,priest,discipline,30,18,12
Soméone,sargeras,1399,priest,discipline,176,92,84
Smegmancer,korgath,1399,priest,discipline,54,24,30
Peristalsis,nesingwary,1399,priest,discipline,36,16,20
Coldvbs,barthilas,1398,priest,discipline,46,26,20
Slumpbusterx,bonechewer,1398,priest,discipline,205,95,110
Diabiitus,stormrage,1396,priest,discipline,105,61,44
Padrekevedø,azralon,1395,priest,discipline,24,15,9
Ðohko,ragnaros,1395,priest,discipline,36,20,16
Vøíd,sargeras,1394,priest,discipline,41,23,18
Bllaazze,frostwolf,1394,priest,discipline,48,18,30
Karminha,azralon,1393,priest,discipline,24,17,7
Freck,stormrage,1393,priest,discipline,42,25,17
Icônz,malganis,1393,priest,discipline,59,31,28
Lilblackguys,stormrage,1393,priest,discipline,114,56,58
Scriptz,frostwolf,1393,priest,discipline,66,30,36
Raggasoca,malganis,1393,priest,discipline,99,44,55
Macnabber,malganis,1392,priest,discipline,30,20,10
Ðiplø,tichondrius,1392,priest,discipline,35,21,14
Oprawinfree,tichondrius,1392,priest,discipline,130,72,58
Letkidscome,archimonde,1391,priest,discipline,33,18,15
Tluoc,nemesis,1391,priest,discipline,47,25,22
Smittën,barthilas,1390,priest,discipline,72,40,32
Scortum,goldrinn,1390,priest,discipline,36,20,16
Phayzz,area-52,1390,priest,discipline,123,63,60
Chofis,nathrezim,1389,priest,discipline,36,24,12
Xyló,area-52,1388,priest,discipline,118,65,53
Cathêlay,bleeding-hollow,1388,priest,discipline,91,44,47
Aimeé,chromaggus,1387,priest,discipline,96,40,56
Krindil,korgath,1386,priest,discipline,107,60,47
Unholywizard,sargeras,1386,priest,discipline,66,37,29
Strawson,quelthalas,1386,priest,discipline,105,50,55
Kobayashy,ragnaros,1385,priest,discipline,48,29,19
Holyninfo,quelthalas,1385,priest,discipline,60,36,24
Vexyy,tichondrius,1385,priest,discipline,32,19,13
Kevarsin,dalaran,1385,priest,discipline,60,31,29
Kìttý,cenarius,1385,priest,discipline,48,23,25
Mursey,sargeras,1385,priest,discipline,111,51,60
Laüren,ragnaros,1385,priest,discipline,103,46,57
Atyourcervix,emerald-dream,1384,priest,discipline,32,20,12
Tungus,shadowsong,1384,priest,discipline,97,51,46
Misfyt,emerald-dream,1384,priest,discipline,78,40,38
Itsme,quelthalas,1384,priest,discipline,77,36,41
Victrix,tichondrius,1384,priest,discipline,118,51,67
Icetraygang,suramar,1383,priest,discipline,386,204,182
Arkenes,dalaran,1383,priest,discipline,78,41,37
Kerahk,drakkari,1383,priest,discipline,44,20,24
Wholeness,kelthuzad,1383,priest,discipline,48,21,27
Holykushed,tichondrius,1382,priest,discipline,38,19,19
Aurajade,queldorei,1382,priest,discipline,36,18,18
Starshollow,ragnaros,1382,priest,discipline,111,53,58
Shrax,emerald-dream,1382,priest,discipline,149,68,81
Sukmysplooge,queldorei,1382,priest,discipline,66,28,38
Tiskka,magtheridon,1382,priest,discipline,68,28,40
Jamesxupttv,draenor,1381,priest,discipline,64,33,31
Sílvia,durotan,1381,priest,discipline,60,28,32
Moresbo,frostmourne,1380,priest,discipline,36,21,15
Armî,ragnaros,1380,priest,discipline,82,39,43
Jinniu,azralon,1380,priest,discipline,42,17,25
Helarix,malganis,1379,priest,discipline,127,58,69
Lìlí,tichondrius,1378,priest,discipline,60,31,29
Joichua,sargeras,1378,priest,discipline,62,30,32
Drhutchinson,illidan,1377,priest,discipline,30,16,14
Oldris,darkspear,1377,priest,discipline,47,25,22
Goosemongler,bleeding-hollow,1377,priest,discipline,36,18,18
Lexinalis,stormrage,1376,priest,discipline,29,17,12
Kallixprime,ragnaros,1376,priest,discipline,53,29,24
Fádéd,tichondrius,1376,priest,discipline,29,15,14
Feorlar,tichondrius,1376,priest,discipline,120,56,64
Sixfiggas,darkspear,1375,priest,discipline,24,17,7
Aldrych,malganis,1375,priest,discipline,61,35,26
Gristus,twisting-nether,1375,priest,discipline,42,24,18
Rickjames,laughing-skull,1375,priest,discipline,104,58,46
Dlysexic,barthilas,1375,priest,discipline,66,35,31
Palpitine,kiljaeden,1374,priest,discipline,66,35,31
Drinkndrive,tichondrius,1374,priest,discipline,51,27,24
Zombieheals,gundrak,1373,priest,discipline,53,27,26
Quinnx,tichondrius,1373,priest,discipline,48,24,24
Ohgiddyy,dalaran,1373,priest,discipline,42,17,25
Halcyon,eonar,1372,priest,discipline,74,34,40
Mauriel,proudmoore,1372,priest,discipline,42,19,23
Avis,illidan,1371,priest,discipline,60,37,23
Wildmanfrank,tichondrius,1371,priest,discipline,49,30,19
Karazhan,burning-legion,1371,priest,discipline,44,19,25
Ghostchant,thrall,1371,priest,discipline,35,15,20
Methodist,proudmoore,1371,priest,discipline,94,39,55
Glauga,azralon,1371,priest,discipline,42,17,25
Miserable,emerald-dream,1371,priest,discipline,101,40,61
Jìtters,silvermoon,1370,priest,discipline,36,17,19
Growth,fizzcrank,1370,priest,discipline,72,26,46
Devilwithin,moon-guard,1369,priest,discipline,47,28,19
Kyoku,tanaris,1369,priest,discipline,47,27,20
Honypot,ysondre,1369,priest,discipline,78,43,35
Aarei,stormrage,1369,priest,discipline,30,16,14
Onjah,kiljaeden,1369,priest,discipline,60,25,35
Kms,sargeras,1368,priest,discipline,69,38,31
Hellagud,kargath,1367,priest,discipline,54,31,23
Pyta,frostmourne,1367,priest,discipline,62,32,30
Unholyhand,moon-guard,1367,priest,discipline,60,27,33
Voyou,icecrown,1367,priest,discipline,117,51,66
Endereth,skullcrusher,1366,priest,discipline,306,144,162
Solsano,stormrage,1365,priest,discipline,76,44,32
Angelicus,ragnaros,1365,priest,discipline,210,109,101
Idel,runetotem,1365,priest,discipline,36,16,20
Halfyo,dragonmaw,1363,priest,discipline,90,49,41
Donzorro,ragnaros,1363,priest,discipline,93,48,45
Goatspriesta,kelthuzad,1363,priest,discipline,32,15,17
Nancya,stormrage,1362,priest,discipline,21,15,6
Holyjibs,moon-guard,1362,priest,discipline,37,26,11
Dokthekim,frostmourne,1362,priest,discipline,56,29,27
Füuzin,stormrage,1362,priest,discipline,66,34,32
Sinnertitanz,quelthalas,1361,priest,discipline,90,46,44
Temkcalb,ragnaros,1361,priest,discipline,90,46,44
Rakpriest,nerzhul,1360,priest,discipline,43,29,14
Curasia,drakkari,1360,priest,discipline,57,37,20
Andariel,quelthalas,1360,priest,discipline,42,27,15
Trummp,tichondrius,1359,priest,discipline,75,40,35
Powerwordzz,dragonmaw,1359,priest,discipline,72,36,36
Crashed,frostmourne,1359,priest,discipline,54,25,29
Crucïfïx,stormrage,1358,priest,discipline,70,41,29
Nexoox,drakkari,1358,priest,discipline,42,23,19
Rickitz,bleeding-hollow,1358,priest,discipline,48,26,22
Tûbes,trollbane,1358,priest,discipline,101,42,59
Replacednewb,chogall,1357,priest,discipline,57,30,27
Eiju,proudmoore,1357,priest,discipline,42,19,23
Aerdune,dalaran,1356,priest,discipline,68,36,32
Smirkinlive,illidan,1356,priest,discipline,51,27,24
Empower,garrosh,1355,priest,discipline,45,29,16
Vhexz,sargeras,1355,priest,discipline,56,36,20
Matchakatt,tichondrius,1355,priest,discipline,65,41,24
Kymmei,warsong,1354,priest,discipline,30,15,15
Msdash,tichondrius,1353,priest,discipline,42,23,19
Srwilly,ragnaros,1353,priest,discipline,87,47,40
Renews,azralon,1353,priest,discipline,52,28,24
Rêvelation,trollbane,1353,priest,discipline,159,85,74
Mateekie,malganis,1352,priest,discipline,43,24,19
Såge,chogall,1352,priest,discipline,264,141,123
Rookieone,thrall,1352,priest,discipline,83,41,42
Chìbiusa,gurubashi,1352,priest,discipline,106,52,54
Hootin,whisperwind,1351,priest,discipline,62,35,27
Risedead,azralon,1351,priest,discipline,132,70,62
Saegusa,tichondrius,1351,priest,discipline,76,35,41
Pagän,illidan,1349,priest,discipline,45,25,20
Camisoda,smolderthorn,1349,priest,discipline,28,15,13
Yeshùa,drakkari,1349,priest,discipline,125,59,66
Beñzi,sargeras,1348,priest,discipline,26,16,10
Howdydoo,azshara,1348,priest,discipline,73,33,40
Dxskadi,stormrage,1348,priest,discipline,156,68,88
Rrain,proudmoore,1348,priest,discipline,41,17,24
Zóe,eredar,1347,priest,discipline,58,32,26
Revreal,thrall,1346,priest,discipline,48,25,23
Sistamaggie,bleeding-hollow,1346,priest,discipline,72,35,37
Anymoon,tichondrius,1345,priest,discipline,90,49,41
Pelagius,suramar,1345,priest,discipline,44,19,25
Canharm,tichondrius,1345,priest,discipline,61,25,36
ßræcher,black-dragonflight,1344,priest,discipline,36,24,12
Hoppus,stormrage,1344,priest,discipline,90,44,46
Scaloni,proudmoore,1343,priest,discipline,29,18,11
Pactosombrio,azralon,1343,priest,discipline,123,73,50
Textmepls,barthilas,1343,priest,discipline,54,32,22
Mthwz,tichondrius,1343,priest,discipline,24,14,10
Elciid,tichondrius,1343,priest,discipline,24,14,10
Swaggie,skullcrusher,1343,priest,discipline,24,14,10
Epicp,sargeras,1343,priest,discipline,24,14,10
Censyz,tichondrius,1343,priest,discipline,24,14,10
Fadewench,sargeras,1343,priest,discipline,41,21,20
Lucsor,malganis,1343,priest,discipline,119,60,59
Míssdank,tichondrius,1343,priest,discipline,36,18,18
Mitoloshi,ragnaros,1343,priest,discipline,126,61,65
Crazykitsune,thaurissan,1342,priest,discipline,42,27,15
Lawroade,tichondrius,1342,priest,discipline,67,36,31
Metaverse,lightbringer,1342,priest,discipline,27,14,13
Cella,frostmourne,1342,priest,discipline,30,15,15
Gnralways,andorhal,1342,priest,discipline,81,37,44
Goseoa,tichondrius,1342,priest,discipline,60,24,36
Redcoolaid,moon-guard,1341,priest,discipline,24,14,10
Carlita,ravenholdt,1341,priest,discipline,24,14,10
Zoap,stormrage,1341,priest,discipline,60,26,34
Saintpleb,sargeras,1340,priest,discipline,18,14,4
Gnomelester,kiljaeden,1340,priest,discipline,36,21,15
Teiam,skullcrusher,1340,priest,discipline,24,14,10
Phonomena,malganis,1340,priest,discipline,162,85,77
Bionix,stormrage,1340,priest,discipline,72,37,35
Storylord,malganis,1340,priest,discipline,30,14,16
Vonpaolo,emerald-dream,1339,priest,discipline,18,14,4
Hollowsp,tichondrius,1339,priest,discipline,30,14,16
Hrdz,zuljin,1338,priest,discipline,24,14,10
Vehlind,quelthalas,1338,priest,discipline,101,52,49
Krané,area-52,1338,priest,discipline,57,29,28
Kasiry,ragnaros,1338,priest,discipline,78,38,40
Lildubs,bloodhoof,1337,priest,discipline,18,14,4
Knoskeezy,proudmoore,1337,priest,discipline,18,14,4
Seniro,tichondrius,1337,priest,discipline,42,27,15
Fatherßrian,draktharon,1337,priest,discipline,72,41,31
Theboogieman,magtheridon,1337,priest,discipline,89,48,41
Muuq,frostmourne,1337,priest,discipline,221,110,111
Monâ,sargeras,1337,priest,discipline,30,14,16
Foxspritques,area-52,1337,priest,discipline,58,16,42
Lilazngirl,stormrage,1336,priest,discipline,30,19,11
Devout,dentarg,1336,priest,discipline,24,14,10
Mamabless,quelthalas,1336,priest,discipline,604,304,300
Flatëarth,tichondrius,1336,priest,discipline,337,161,176
Metagameswag,tichondrius,1335,priest,discipline,24,14,10
Warmth,moon-guard,1335,priest,discipline,75,42,33
Krukam,sargeras,1335,priest,discipline,84,47,37
Papafajita,area-52,1335,priest,discipline,30,14,16
Shadina,gorefiend,1335,priest,discipline,36,14,22
Pherïox,drakkari,1334,priest,discipline,36,19,17
Talbadontu,thrall,1334,priest,discipline,42,22,20
Erossenin,proudmoore,1334,priest,discipline,30,15,15
Dederpriest,stormrage,1333,priest,discipline,18,14,4
Qoon,tichondrius,1333,priest,discipline,24,14,10
Koopy,kiljaeden,1333,priest,discipline,30,14,16
Rblood,emerald-dream,1332,priest,discipline,54,33,21
Oomed,bonechewer,1332,priest,discipline,147,73,74
Marshpillow,barthilas,1332,priest,discipline,30,14,16
Müsic,stormrage,1331,priest,discipline,24,14,10
Noveh,tichondrius,1331,priest,discipline,36,17,19
Bigskill,proudmoore,1331,priest,discipline,48,21,27
Piskel,vashj,1331,priest,discipline,48,18,30
Lily,blackrock,1330,priest,discipline,18,14,4
Rhayzel,ragnaros,1330,priest,discipline,54,36,18
Bathenape,bleeding-hollow,1330,priest,discipline,40,23,17
Holyfromrmp,tichondrius,1330,priest,discipline,72,35,37
Gamepass,tichondrius,1330,priest,discipline,30,14,16
Decline,balnazzar,1330,priest,discipline,30,14,16
Náay,ragnaros,1329,priest,discipline,47,30,17
Xuun,illidan,1329,priest,discipline,71,42,29
Emotionless,bonechewer,1329,priest,discipline,140,75,65
Mpshield,kiljaeden,1328,priest,discipline,37,22,15
Themoon,tichondrius,1328,priest,discipline,24,14,10
Raydz,altar-of-storms,1327,priest,discipline,266,127,139
ßlackøut,sargeras,1327,priest,discipline,30,14,16
Nêrô,dalaran,1327,priest,discipline,66,29,37
Kazandraah,quelthalas,1326,priest,discipline,30,19,11
Shenanigans,illidan,1326,priest,discipline,23,14,9
Danrien,azralon,1326,priest,discipline,34,20,14
Healmedaddyy,korgath,1326,priest,discipline,207,99,108
Juliusceazer,skywall,1325,priest,discipline,128,73,55
Hunanbeef,kiljaeden,1325,priest,discipline,100,48,52
Durgen,stormreaver,1325,priest,discipline,43,20,23
Zapix,tichondrius,1325,priest,discipline,36,15,21
Blessedelf,tichondrius,1325,priest,discipline,66,26,40
Edmust,black-dragonflight,1324,priest,discipline,24,14,10
Rvxy,tichondrius,1324,priest,discipline,84,42,42
Plasmax,ragnaros,1324,priest,discipline,56,19,37
Senpriest,ragnaros,1323,priest,discipline,24,14,10
Xerzosh,area-52,1323,priest,discipline,154,81,73
Mtito,drakkari,1323,priest,discipline,31,16,15
Jaysontatum,gurubashi,1323,priest,discipline,33,17,16
Zawi,zuljin,1323,priest,discipline,103,50,53
Bedläm,kilrogg,1323,priest,discipline,54,23,31
Heltor,sargeras,1323,priest,discipline,66,25,41
Kaeshia,proudmoore,1322,priest,discipline,30,18,12
Gariell,ragnaros,1322,priest,discipline,24,14,10
Greif,garrosh,1322,priest,discipline,36,19,17
Gimmedomex,tichondrius,1321,priest,discipline,50,29,21
Xtty,thrall,1321,priest,discipline,31,15,16
Lavazzå,tichondrius,1320,priest,discipline,24,14,10
Powerwordshy,area-52,1320,priest,discipline,30,14,16
Ammcho,tichondrius,1320,priest,discipline,36,14,22
Sterycraiied,stormreaver,1319,priest,discipline,36,26,10
Mkowns,tichondrius,1319,priest,discipline,24,14,10
Nadiaxo,moon-guard,1319,priest,discipline,65,35,30
Nøzmonica,kelthuzad,1319,priest,discipline,32,15,17
Snoog,tichondrius,1318,priest,discipline,42,14,28
Silnetlee,tichondrius,1317,priest,discipline,24,14,10
Neutrino,quelthalas,1317,priest,discipline,29,14,15
Ripscrew,area-52,1316,priest,discipline,24,14,10
Malevolently,illidan,1316,priest,discipline,137,62,75
Eblis,the-underbog,1316,priest,discipline,57,22,35
Myds,sargeras,1315,priest,discipline,18,14,4
Khallmir,goldrinn,1315,priest,discipline,54,30,24
Eleeira,zuljin,1315,priest,discipline,42,18,24
Eirenth,bleeding-hollow,1314,priest,discipline,46,32,14
Thelondon,tichondrius,1314,priest,discipline,27,15,12
Flab,tichondrius,1314,priest,discipline,30,15,15
Darkquinn,boulderfist,1314,priest,discipline,272,126,146
Blaydun,elune,1313,priest,discipline,114,66,48
Moontearss,tichondrius,1313,priest,discipline,48,25,23
Yürika,emerald-dream,1313,priest,discipline,84,33,51
Mynigajeff,zuljin,1312,priest,discipline,68,33,35
Huck,khazgoroth,1312,priest,discipline,42,19,23
Discgolfsux,sargeras,1312,priest,discipline,68,29,39
Jsuschristix,zuljin,1311,priest,discipline,36,23,13
Médic,guldan,1311,priest,discipline,30,17,13
Ophailea,thrall,1311,priest,discipline,54,30,24
Peavzian,kiljaeden,1311,priest,discipline,64,30,34
Goodwin,darkspear,1310,priest,discipline,48,29,19
Chîna,hyjal,1310,priest,discipline,126,76,50
Conney,mugthol,1310,priest,discipline,24,14,10
Leprêtre,hakkar,1310,priest,discipline,30,16,14
Eclìpsè,barthilas,1310,priest,discipline,50,23,27
Yunganal,sargeras,1309,priest,discipline,30,17,13
Sublîme,sargeras,1309,priest,discipline,84,45,39
Jestiann,aegwynn,1309,priest,discipline,207,109,98
Mellerwine,azralon,1309,priest,discipline,382,198,184
Súlfuro,quelthalas,1309,priest,discipline,119,60,59
Malarkie,sargeras,1309,priest,discipline,30,14,16
Jaskil,skywall,1308,priest,discipline,78,42,36
Zenthaz,thrall,1308,priest,discipline,60,31,29
Booyâh,muradin,1308,priest,discipline,54,27,27
Majesticar,moon-guard,1307,priest,discipline,30,20,10
Rompenepes,drakkari,1307,priest,discipline,24,14,10
Soaphia,kelthuzad,1307,priest,discipline,120,68,52
Tyreliy,eitrigg,1307,priest,discipline,187,95,92
Médíc,dalaran,1307,priest,discipline,63,32,31
Jinicuil,quelthalas,1307,priest,discipline,54,25,29
Dominie,area-52,1306,priest,discipline,18,14,4
Aesudan,dalaran,1306,priest,discipline,51,27,24
Priestgobrr,emerald-dream,1305,priest,discipline,50,30,20
Ruthlèss,ragnaros,1305,priest,discipline,54,28,26
Filterd,azshara,1305,priest,discipline,30,14,16
Exploded,moon-guard,1305,priest,discipline,85,34,51
Vandaley,tichondrius,1304,priest,discipline,30,19,11
Nooice,dalaran,1304,priest,discipline,30,14,16
Mommyshere,vashj,1303,priest,discipline,65,38,27
Dahrwin,thrall,1303,priest,discipline,42,24,18
Paidessanto,azralon,1303,priest,discipline,98,55,43
Invocational,moon-guard,1303,priest,discipline,111,58,53
ßoogey,tichondrius,1303,priest,discipline,47,22,25
Gustavustus,barthilas,1303,priest,discipline,42,14,28
Namî,barthilas,1302,priest,discipline,209,111,98
Dalowks,area-52,1302,priest,discipline,54,24,30
Poorass,sargeras,1301,priest,discipline,30,19,11
Souriel,tichondrius,1301,priest,discipline,96,51,45
Aedarelyn,ysera,1301,priest,discipline,42,22,20
Helibix,bleeding-hollow,1301,priest,discipline,162,74,88
Evilnyllah,stormrage,1300,priest,discipline,32,20,12
Gäindalt,tichondrius,1300,priest,discipline,30,18,12
Gurbooz,illidan,1300,priest,discipline,62,35,27
Tarny,tichondrius,1298,priest,discipline,46,29,17
Sinnon,turalyon,1298,priest,discipline,36,19,17
Bandagebabe,sargeras,1298,priest,discipline,36,15,21
Timeglass,kelthuzad,1297,priest,discipline,47,26,21
Mechahomo,dalaran,1297,priest,discipline,52,28,24
Volkova,quelthalas,1296,priest,discipline,48,26,22
Sòraka,tichondrius,1296,priest,discipline,130,65,65
Dabbinton,chogall,1296,priest,discipline,52,26,26
What,moon-guard,1296,priest,discipline,120,58,62
Hydramîst,ragnaros,1296,priest,discipline,36,15,21
Mchinder,tanaris,1295,priest,discipline,85,46,39
Fenian,frostmourne,1295,priest,discipline,123,60,63
Aveil,bloodscalp,1293,priest,discipline,40,22,18
Travita,quelthalas,1293,priest,discipline,54,29,25
Poefosho,stormrage,1293,priest,discipline,172,85,87
Theheal,ragnaros,1293,priest,discipline,57,19,38
Dadthegreat,bonechewer,1292,priest,discipline,42,25,17
Durtybubz,tichondrius,1292,priest,discipline,143,80,63
Usmond,azralon,1292,priest,discipline,48,23,25
Cyphrus,hyjal,1292,priest,discipline,35,15,20
Pêrsephône,tichondrius,1291,priest,discipline,198,96,102
Unfriend,sargeras,1291,priest,discipline,48,22,26
Rakket,moon-guard,1291,priest,discipline,36,16,20
Soulclap,sargeras,1291,priest,discipline,35,14,21
Lyxx,kelthuzad,1290,priest,discipline,22,15,7
Elixia,maiev,1290,priest,discipline,70,38,32
Avarice,magtheridon,1289,priest,discipline,40,24,16
Cubski,darkspear,1289,priest,discipline,31,15,16
Holyrotape,nemesis,1289,priest,discipline,51,21,30
Troublmaker,illidan,1288,priest,discipline,46,24,22
Rondebarber,thunderlord,1288,priest,discipline,60,29,31
Bibops,area-52,1288,priest,discipline,37,15,22
Swu,tichondrius,1287,priest,discipline,38,15,23
Iwonthealu,senjin,1286,priest,discipline,30,16,14
Khaleth,suramar,1286,priest,discipline,48,20,28
Prelate,moon-guard,1286,priest,discipline,36,15,21
Morningzz,tichondrius,1286,priest,discipline,78,32,46
Thalyssarah,azralon,1286,priest,discipline,35,14,21
Rôxxy,thrall,1285,priest,discipline,48,27,21
Holymagic,lightnings-blade,1285,priest,discipline,41,23,18
Snowinvan,tichondrius,1285,priest,discipline,47,26,21
Nanabritches,moon-guard,1285,priest,discipline,133,71,62
Brounly,drakkari,1285,priest,discipline,72,36,36
Yayoo,exodar,1285,priest,discipline,33,16,17
Nenemsis,drakkari,1285,priest,discipline,38,16,22
Boibussy,tichondrius,1285,priest,discipline,36,15,21
Dolm,tichondrius,1284,priest,discipline,250,124,126
Voodooloa,tichondrius,1284,priest,discipline,72,26,46
Voidmaker,area-52,1284,priest,discipline,48,17,31
Antxres,sargeras,1283,priest,discipline,29,14,15
Penancepapi,stormrage,1283,priest,discipline,30,14,16
Rotass,hyjal,1282,priest,discipline,96,51,45
Gorechop,aegwynn,1282,priest,discipline,40,17,23
Presto,kalecgos,1281,priest,discipline,24,19,5
Laggin,queldorei,1281,priest,discipline,23,16,7
Crackneesha,tichondrius,1281,priest,discipline,30,19,11
Rashad,proudmoore,1281,priest,discipline,71,41,30
Pico,spirestone,1281,priest,discipline,54,30,24
Dismybracket,tichondrius,1281,priest,discipline,42,20,22
Lifeswap,area-52,1281,priest,discipline,54,21,33
Touchér,whisperwind,1280,priest,discipline,29,14,15
Tursai,frostmourne,1280,priest,discipline,36,15,21
Phaille,chromaggus,1279,priest,discipline,152,82,70
Briefs,stormrage,1278,priest,discipline,21,15,6
Goingserious,frostmourne,1278,priest,discipline,183,101,82
Bloodsorrow,ragnaros,1278,priest,discipline,72,39,33
Kakao,stormreaver,1278,priest,discipline,120,51,69
Sanarion,area-52,1277,priest,discipline,36,22,14
Lamont,archimonde,1277,priest,discipline,38,14,24
Brooklyn,draka,1276,priest,discipline,18,14,4
Gungagingong,queldorei,1276,priest,discipline,66,38,28
Finake,kelthuzad,1276,priest,discipline,85,48,37
Pegwraith,sargeras,1276,priest,discipline,34,16,18
Fairylìght,stormrage,1276,priest,discipline,67,24,43
Lowkii,malfurion,1275,priest,discipline,35,17,18
Orìsel,wyrmrest-accord,1274,priest,discipline,147,69,78
Nylaza,kiljaeden,1274,priest,discipline,71,28,43
Boocharni,wyrmrest-accord,1273,priest,discipline,48,28,20
Vancake,quelthalas,1273,priest,discipline,216,101,115
Medo,dalaran,1272,priest,discipline,64,34,30
Hideyourkids,stormreaver,1272,priest,discipline,60,27,33
Lîghtsaber,illidan,1272,priest,discipline,46,16,30
Testament,greymane,1271,priest,discipline,170,83,87
Healmegently,bonechewer,1271,priest,discipline,45,15,30
Themøn,quelthalas,1270,priest,discipline,30,16,14
Markspell,stormrage,1270,priest,discipline,145,77,68
Derlanger,frostmourne,1270,priest,discipline,48,25,23
Mythica,gurubashi,1270,priest,discipline,212,110,102
Foose,suramar,1270,priest,discipline,48,23,25
Bröke,nemesis,1269,priest,discipline,96,52,44
Twotimechamp,azshara,1269,priest,discipline,50,26,24
Termiina,hyjal,1269,priest,discipline,85,41,44
Phenic,aggramar,1269,priest,discipline,35,14,21
Snekboy,hakkar,1268,priest,discipline,66,41,25
Jjayleroux,hyjal,1268,priest,discipline,54,26,28
Masochist,barthilas,1267,priest,discipline,133,75,58
Boostvoid,terenas,1267,priest,discipline,138,76,62
Sojumike,proudmoore,1267,priest,discipline,60,31,29
Köto,dalaran,1267,priest,discipline,77,39,38
Aggravating,mugthol,1267,priest,discipline,176,89,87
Karaasbull,tichondrius,1266,priest,discipline,34,19,15
Miraz,the-venture-co,1266,priest,discipline,53,29,24
Xavaat,nerzhul,1266,priest,discipline,84,38,46
Ahane,wyrmrest-accord,1266,priest,discipline,36,15,21
Penitentrowr,illidan,1265,priest,discipline,77,40,37
Vøidroid,malganis,1265,priest,discipline,30,14,16
Aipata,stormrage,1264,priest,discipline,68,38,30
Karnival,aggramar,1264,priest,discipline,48,23,25
Raisonpriest,tichondrius,1264,priest,discipline,182,87,95
Keskima,malganis,1263,priest,discipline,81,51,30
Kethal,area-52,1263,priest,discipline,37,19,18
Toorshul,tichondrius,1262,priest,discipline,48,26,22
Wise,wildhammer,1262,priest,discipline,70,37,33
Saràh,stormscale,1262,priest,discipline,94,43,51
Reindharth,quelthalas,1262,priest,discipline,90,38,52
Kristt,thrall,1262,priest,discipline,41,16,25
Emlix,tichondrius,1262,priest,discipline,42,14,28
Barrieroflig,tichondrius,1261,priest,discipline,45,25,20
Fesix,akama,1261,priest,discipline,36,20,16
Vanszz,area-52,1260,priest,discipline,54,26,28
Alawn,wyrmrest-accord,1259,priest,discipline,120,52,68
Atelios,azralon,1258,priest,discipline,30,20,10
Kymosolop,sargeras,1258,priest,discipline,25,14,11
Skall,kirin-tor,1258,priest,discipline,41,21,20
Capricornio,nemesis,1258,priest,discipline,60,30,30
Saadboii,thrall,1257,priest,discipline,61,31,30
Dralaan,proudmoore,1257,priest,discipline,92,44,48
Kenzao,nemesis,1257,priest,discipline,64,30,34
Lge,kelthuzad,1257,priest,discipline,31,14,17
Dartonya,thrall,1257,priest,discipline,36,15,21
Xmasmiracle,korgath,1256,priest,discipline,94,54,40
Nìght,trollbane,1256,priest,discipline,102,54,48
Pottime,tichondrius,1255,priest,discipline,44,25,19
Knifê,moon-guard,1255,priest,discipline,108,54,54
Thotznprayrz,bleeding-hollow,1254,priest,discipline,36,23,13
Ðelight,ragnaros,1254,priest,discipline,72,36,36
Boojanglez,exodar,1254,priest,discipline,36,18,18
Nometh,emerald-dream,1254,priest,discipline,84,34,50
Chavkoraken,stormrage,1254,priest,discipline,38,15,23
Saviorsélf,tichondrius,1253,priest,discipline,162,76,86
Rbgeezus,lightnings-blade,1252,priest,discipline,113,57,56
Nightmxs,tichondrius,1252,priest,discipline,54,25,29
Këyglock,kelthuzad,1252,priest,discipline,252,111,141
Mannius,tichondrius,1251,priest,discipline,106,49,57
Dosarix,sargeras,1250,priest,discipline,40,23,17
Zaroki,sargeras,1249,priest,discipline,24,14,10
Thoughtcrime,doomhammer,1249,priest,discipline,62,31,31
Lalaliza,kelthuzad,1248,priest,discipline,24,13,11
Frikapp,stormrage,1248,priest,discipline,24,13,11
Allhubris,stormrage,1248,priest,discipline,24,13,11
Haø,stormrage,1248,priest,discipline,302,147,155
Zumbaoqepdqt,quelthalas,1248,priest,discipline,54,24,30
Webbii,frostmourne,1248,priest,discipline,48,21,27
Curiosities,kiljaeden,1248,priest,discipline,30,13,17
Kayern,kelthuzad,1247,priest,discipline,18,13,5
Iatemykids,tichondrius,1247,priest,discipline,24,13,11
Lvcia,thrall,1247,priest,discipline,70,35,35
Mastahspell,illidan,1247,priest,discipline,30,13,17
Pce,korialstrasz,1247,priest,discipline,34,13,21
Picurry,frostmourne,1246,priest,discipline,24,13,11
Peacetreaty,bleeding-hollow,1246,priest,discipline,24,13,11
Undevout,tichondrius,1246,priest,discipline,24,13,11
Iol,spinebreaker,1246,priest,discipline,30,13,17
Akuhei,illidan,1245,priest,discipline,18,13,5
Keepfit,proudmoore,1245,priest,discipline,52,29,23
Armspriest,stormrage,1245,priest,discipline,59,31,28
Alphôn,bleeding-hollow,1245,priest,discipline,30,13,17
Youaint,sargeras,1245,priest,discipline,30,13,17
Epophy,stormrage,1244,priest,discipline,18,13,5
Lesx,tichondrius,1244,priest,discipline,24,13,11
Elivice,ragnaros,1244,priest,discipline,24,13,11
Kantareller,tichondrius,1244,priest,discipline,148,80,68
Seí,barthilas,1244,priest,discipline,30,13,17
Tubrisildris,zuljin,1244,priest,discipline,30,13,17
Gomer,stormrage,1243,priest,discipline,24,14,10
Bingoreferee,kelthuzad,1243,priest,discipline,24,13,11
Haetas,zuljin,1243,priest,discipline,30,13,17
Cyaja,moon-guard,1243,priest,discipline,31,13,18
Okiin,malganis,1243,priest,discipline,36,13,23
Meiev,quelthalas,1243,priest,discipline,36,13,23
Twixicecream,sargeras,1242,priest,discipline,18,13,5
Fleshsack,area-52,1242,priest,discipline,24,13,11
Sofhya,ragnaros,1242,priest,discipline,112,58,54
Grapës,jubeithos,1242,priest,discipline,48,23,25
Gumiho,drakkari,1242,priest,discipline,59,28,31
Breeannà,doomhammer,1242,priest,discipline,34,16,18
Cuddly,shandris,1242,priest,discipline,119,54,65
Kukion,uldum,1242,priest,discipline,30,13,17
Touchyouboy,stormrage,1242,priest,discipline,35,15,20
Quickq,barthilas,1241,priest,discipline,42,24,18
Frotters,kiljaeden,1241,priest,discipline,24,13,11
Healaryduff,skullcrusher,1241,priest,discipline,24,13,11
Hanuloa,tichondrius,1241,priest,discipline,78,41,37
Radgars,frostmourne,1241,priest,discipline,49,24,25
Harborcoat,whisperwind,1241,priest,discipline,35,14,21
Wantsumcandy,illidan,1240,priest,discipline,102,61,41
Creòle,area-52,1240,priest,discipline,24,13,11
Rando,shattered-halls,1240,priest,discipline,59,28,31
Arodar,wyrmrest-accord,1240,priest,discipline,30,14,16
Spacegrassfx,bleeding-hollow,1239,priest,discipline,24,14,10
Sadury,tichondrius,1239,priest,discipline,240,132,108
Discobish,sargeras,1239,priest,discipline,30,13,17
Sunwalken,stormrage,1239,priest,discipline,30,13,17
Skylark,bronzebeard,1239,priest,discipline,36,13,23
Jawdypriest,barthilas,1238,priest,discipline,26,20,6
Dics,barthilas,1238,priest,discipline,18,13,5
Saviorkaï,barthilas,1238,priest,discipline,45,25,20
Karmapi,malganis,1238,priest,discipline,24,13,11
Wisher,gorefiend,1238,priest,discipline,41,22,19
Cvstodia,tichondrius,1238,priest,discipline,30,16,14
Xsqt,stormrage,1238,priest,discipline,60,31,29
Cathiah,darkspear,1238,priest,discipline,185,91,94
Misaosan,azralon,1238,priest,discipline,60,29,31
Fumes,ghostlands,1238,priest,discipline,138,66,72
Kìn,tol-barad,1238,priest,discipline,36,14,22
Jesstor,frostmourne,1237,priest,discipline,24,13,11
Lätöxïkä,alleria,1237,priest,discipline,53,26,27
Xuxao,azralon,1237,priest,discipline,35,15,20
Azuremissile,tichondrius,1236,priest,discipline,18,13,5
Tdmheals,zuluhed,1236,priest,discipline,36,25,11
Holycoww,lightnings-blade,1236,priest,discipline,24,13,11
Whitesharks,tichondrius,1236,priest,discipline,24,13,11
Holyren,sargeras,1236,priest,discipline,134,69,65
Gregorovich,ragnaros,1236,priest,discipline,59,27,32
Digop,azralon,1236,priest,discipline,36,13,23
Nerylia,stormrage,1235,priest,discipline,18,13,5
Deadlydocc,illidan,1235,priest,discipline,39,23,16
Kideater,quelthalas,1235,priest,discipline,24,13,11
Bonkerwaffle,kelthuzad,1235,priest,discipline,54,29,25
Betrthenadam,bleeding-hollow,1235,priest,discipline,66,32,34
Duatneter,quelthalas,1235,priest,discipline,84,39,45
Rhennythal,tichondrius,1235,priest,discipline,30,13,17
Tossôff,proudmoore,1234,priest,discipline,18,13,5
Hobbs,trollbane,1234,priest,discipline,48,24,24
Burpees,dalaran,1234,priest,discipline,52,23,29
Ickarus,anubarak,1233,priest,discipline,90,49,41
Kinkypriest,tichondrius,1233,priest,discipline,24,13,11
Dårc,tichondrius,1233,priest,discipline,113,58,55
Xpera,dalaran,1233,priest,discipline,185,89,96
Anöa,emerald-dream,1233,priest,discipline,36,16,20
Tigop,alleria,1232,priest,discipline,24,13,11
Tempgnome,stonemaul,1232,priest,discipline,137,68,69
Chernota,kiljaeden,1232,priest,discipline,30,13,17
Xora,frostmourne,1232,priest,discipline,36,13,23
Kuroyanagi,ragnaros,1232,priest,discipline,36,13,23
Demimang,emerald-dream,1231,priest,discipline,30,13,17
Holyxb,bleeding-hollow,1231,priest,discipline,36,13,23
Shïtheals,frostmourne,1230,priest,discipline,42,25,17
Ermec,azralon,1230,priest,discipline,30,13,17
Ón,tichondrius,1230,priest,discipline,30,13,17
Tokoyo,sargeras,1229,priest,discipline,18,13,5
Riotgearmd,sargeras,1229,priest,discipline,30,17,13
Wanaatlarboy,dark-iron,1229,priest,discipline,41,23,18
Lichae,ragnaros,1229,priest,discipline,48,24,24
Kurtsheals,destromath,1228,priest,discipline,60,31,29
Krypticus,tichondrius,1227,priest,discipline,54,31,23
Aape,frostmourne,1227,priest,discipline,24,13,11
Swolequadz,elune,1227,priest,discipline,38,20,18
Senliastra,medivh,1226,priest,discipline,30,18,12
Dispelbot,kelthuzad,1226,priest,discipline,124,71,53
Pavarotti,laughing-skull,1226,priest,discipline,44,19,25
Gurbooz,tichondrius,1225,priest,discipline,77,35,42
Bendoverbb,tichondrius,1225,priest,discipline,30,13,17
Kapriestun,tichondrius,1224,priest,discipline,66,37,29
Inferis,ragnaros,1223,priest,discipline,381,190,191
Castnngcouch,tichondrius,1223,priest,discipline,217,103,114
Fearufaraway,tichondrius,1223,priest,discipline,36,13,23
Ahitaro,ragnaros,1223,priest,discipline,60,18,42
Healtomuch,nagrand,1222,priest,discipline,96,46,50
Kosiris,stormrage,1222,priest,discipline,102,41,61
Hoffmanx,emerald-dream,1221,priest,discipline,24,13,11
Moresex,azralon,1221,priest,discipline,55,27,28
Ktqt,moon-guard,1221,priest,discipline,235,115,120
Dittless,stormrage,1221,priest,discipline,60,29,31
Zadae,area-52,1220,priest,discipline,63,34,29
Sheriff,lightbringer,1220,priest,discipline,138,73,65
Sluttiness,tichondrius,1220,priest,discipline,42,22,20
Pòba,malganis,1220,priest,discipline,30,13,17
Alphe,sargeras,1219,priest,discipline,24,13,11
Séraphin,proudmoore,1219,priest,discipline,37,16,21
Jic,barthilas,1219,priest,discipline,66,25,41
Tonesandi,malganis,1218,priest,discipline,24,13,11
Nonamegame,sargeras,1218,priest,discipline,78,42,36
Cypress,dreadmaul,1218,priest,discipline,162,87,75
Pyper,medivh,1218,priest,discipline,29,14,15
Lanakill,hyjal,1218,priest,discipline,56,25,31
Cajl,dathremar,1218,priest,discipline,127,56,71
Gobnik,illidan,1217,priest,discipline,42,26,16
Yvága,ragnaros,1217,priest,discipline,48,27,21
Myspacegirl,tichondrius,1217,priest,discipline,24,13,11
Pacopriest,tichondrius,1217,priest,discipline,24,13,11
Healznfeel,tichondrius,1216,priest,discipline,30,13,17
Novous,area-52,1216,priest,discipline,68,29,39
Göats,emerald-dream,1215,priest,discipline,24,13,11
Russbell,ragnaros,1215,priest,discipline,125,54,71
Plznokill,tichondrius,1215,priest,discipline,48,20,28
Eîr,tichondrius,1215,priest,discipline,72,29,43
Kadkne,stormrage,1214,priest,discipline,29,16,13
Nóin,tichondrius,1212,priest,discipline,72,33,39
Wísh,emerald-dream,1211,priest,discipline,60,35,25
Eneco,alleria,1211,priest,discipline,228,124,104
Dotersacer,quelthalas,1211,priest,discipline,31,15,16
Abhu,quelthalas,1210,priest,discipline,71,38,33
Svrite,area-52,1210,priest,discipline,35,17,18
Whitezz,frostmourne,1209,priest,discipline,30,16,14
Keliedeyn,emerald-dream,1209,priest,discipline,60,28,32
Deckardkane,stormrage,1209,priest,discipline,32,14,18
Ariavish,area-52,1208,priest,discipline,48,25,23
Kodaks,frostmourne,1208,priest,discipline,75,37,38
Qbanota,drakkari,1208,priest,discipline,108,41,67
Fatäl,moon-guard,1208,priest,discipline,64,23,41
Stusy,tichondrius,1207,priest,discipline,18,13,5
Methodist,sargeras,1207,priest,discipline,24,13,11
Pixa,tichondrius,1207,priest,discipline,72,33,39
Kithlas,emerald-dream,1206,priest,discipline,18,13,5
Defilex,tichondrius,1206,priest,discipline,22,15,7
Nothinsexual,frostmourne,1206,priest,discipline,26,14,12
Vynlanesh,illidan,1206,priest,discipline,36,17,19
Cast,bronzebeard,1206,priest,discipline,82,37,45
Dpshealer,azralon,1206,priest,discipline,66,29,37
Overshields,caelestrasz,1206,priest,discipline,40,13,27
Discotecno,tichondrius,1205,priest,discipline,48,25,23
Gurkorr,boulderfist,1205,priest,discipline,57,24,33
Discs,detheroc,1205,priest,discipline,31,13,18
Kafzial,zuljin,1204,priest,discipline,80,48,32
Sureno,muradin,1204,priest,discipline,54,28,26
Visse,auchindoun,1204,priest,discipline,435,209,226
Rowman,frostmourne,1204,priest,discipline,47,22,25
Libationz,area-52,1204,priest,discipline,108,49,59
Psychiatrist,darkspear,1204,priest,discipline,58,25,33
Ithvedriel,moon-guard,1203,priest,discipline,67,32,35
Spellpower,azralon,1203,priest,discipline,47,22,25
Kyrabon,ragnaros,1201,priest,discipline,30,17,13
Wrathchildd,azralon,1201,priest,discipline,84,42,42
Covfefe,draka,1201,priest,discipline,42,18,24
Healzyew,dragonmaw,1201,priest,discipline,73,28,45
Nocturnalx,moon-guard,1200,priest,discipline,52,32,20
Moralism,moon-guard,1199,priest,discipline,44,26,18
Zephxd,illidan,1199,priest,discipline,64,31,33
Aladelre,aerie-peak,1199,priest,discipline,74,32,42
Terenor,thrall,1199,priest,discipline,48,13,35
Anakou,emerald-dream,1198,priest,discipline,29,17,12
Donoras,ursin,1198,priest,discipline,30,17,13
Lebwonjamdi,tichondrius,1197,priest,discipline,28,13,15
Docbek,illidan,1196,priest,discipline,83,40,43
Woodricks,frostmourne,1195,priest,discipline,35,13,22
Metius,smolderthorn,1194,priest,discipline,21,14,7
Fozil,area-52,1194,priest,discipline,62,33,29
Purgingsyns,illidan,1193,priest,discipline,20,14,6
Sasafras,feathermoon,1193,priest,discipline,87,43,44
Ricksanchez,moonrunner,1193,priest,discipline,30,13,17
Bladam,bleeding-hollow,1192,priest,discipline,27,13,14
Babino,illidan,1192,priest,discipline,66,26,40
Kriseria,moon-guard,1191,priest,discipline,24,17,7
Healyoudead,draenor,1191,priest,discipline,41,15,26
Jtewatch,zuljin,1190,priest,discipline,42,29,13
Rachia,barthilas,1190,priest,discipline,72,43,29
Sanitater,frostmourne,1190,priest,discipline,102,47,55
Dzpi,azralon,1190,priest,discipline,96,43,53
Azkillatroll,quelthalas,1190,priest,discipline,48,20,28
Protega,illidan,1189,priest,discipline,22,14,8
Holyycrit,kelthuzad,1189,priest,discipline,30,16,14
Menorsita,tichondrius,1189,priest,discipline,120,57,63
Rinmaru,dark-iron,1188,priest,discipline,24,14,10
Iltharaph,illidan,1188,priest,discipline,25,14,11
Yukih,tichondrius,1188,priest,discipline,41,17,24
Kruciphix,tichondrius,1187,priest,discipline,29,20,9
Kaxleigh,emerald-dream,1187,priest,discipline,29,18,11
Olêander,tichondrius,1187,priest,discipline,85,48,37
Notdavido,illidan,1187,priest,discipline,36,18,18
Inarius,dragonblight,1187,priest,discipline,55,23,32
Yusarin,garona,1186,priest,discipline,30,14,16
Grapeedrank,tichondrius,1185,priest,discipline,15,14,1
Nadjika,moon-guard,1185,priest,discipline,57,26,31
Valonar,emerald-dream,1185,priest,discipline,47,20,27
Tesserak,tichondrius,1184,priest,discipline,105,49,56
Unwòke,dalaran,1182,priest,discipline,24,14,10
Happydot,stormrage,1182,priest,discipline,30,14,16
Belletrael,wyrmrest-accord,1182,priest,discipline,70,32,38
Kßnstuff,area-52,1182,priest,discipline,37,15,22
Ödin,tichondrius,1181,priest,discipline,52,27,25
Doubtmyfaith,frostmourne,1181,priest,discipline,42,21,21
Pretzah,barthilas,1179,priest,discipline,24,18,6
Kiaras,stormrage,1179,priest,discipline,48,25,23
Omgpeeldude,akama,1179,priest,discipline,33,13,20
Ttakayasu,bleeding-hollow,1178,priest,discipline,150,83,67
Runemidgard,illidan,1177,priest,discipline,24,13,11
Icyspicy,shadowsong,1177,priest,discipline,59,26,33
Iwillsaveyou,tichondrius,1177,priest,discipline,40,16,24
Aerîs,magtheridon,1177,priest,discipline,40,16,24
Damoclexz,area-52,1176,priest,discipline,72,38,34
Artermis,barthilas,1176,priest,discipline,55,24,31
Goldenfatty,blackrock,1175,priest,discipline,26,13,13
Jagelclam,gorefiend,1175,priest,discipline,47,22,25
Kethseth,ragnaros,1175,priest,discipline,102,45,57
Onef,quelthalas,1175,priest,discipline,35,15,20
Hiheals,anvilmar,1174,priest,discipline,36,20,16
Slewt,aggramar,1173,priest,discipline,24,13,11
Ggums,tichondrius,1173,priest,discipline,90,42,48
Mindlames,bleeding-hollow,1173,priest,discipline,68,30,38
Renewed,frostmourne,1173,priest,discipline,34,14,20
Minimelo,stormrage,1172,priest,discipline,23,13,10
Spyzz,gilneas,1172,priest,discipline,36,18,18
Aliciab,andorhal,1172,priest,discipline,78,36,42
Hawktalonuke,moon-guard,1171,priest,discipline,72,37,35
Aynone,blood-furnace,1171,priest,discipline,149,70,79
Psïcopata,gallywix,1171,priest,discipline,54,16,38
Kerazul,sargeras,1169,priest,discipline,42,20,22
Selenthea,moon-guard,1168,priest,discipline,36,14,22
Audacy,azuremyst,1167,priest,discipline,45,26,19
Pushap,blood-furnace,1167,priest,discipline,108,58,50
Abalowpt,nemesis,1163,priest,discipline,48,22,26
Karamapang,illidan,1163,priest,discipline,64,25,39
Sontïx,sargeras,1162,priest,discipline,31,13,18
Priést,stormrage,1162,priest,discipline,36,13,23
Heallarious,stormrage,1160,priest,discipline,52,30,22
Semirg,moon-guard,1158,priest,discipline,30,13,17
Velinna,tichondrius,1158,priest,discipline,42,16,26
Toastanator,wyrmrest-accord,1156,priest,discipline,220,115,105
Celf,ragnaros,1156,priest,discipline,36,13,23
Xaerwolaeth,area-52,1155,priest,discipline,34,16,18
Maraagsdad,tichondrius,1152,priest,discipline,18,12,6
Souvlaki,amanthul,1152,priest,discipline,24,12,12
Fishondabeat,proudmoore,1152,priest,discipline,24,12,12
Swagdemøn,kelthuzad,1152,priest,discipline,24,12,12
Teddyy,tichondrius,1152,priest,discipline,24,12,12
Xinnie,illidan,1152,priest,discipline,108,48,60
Ømegagødx,illidan,1152,priest,discipline,30,12,18
Faithbuild,emerald-dream,1151,priest,discipline,18,12,6
Woolly,tichondrius,1151,priest,discipline,18,12,6
Eluv,area-52,1151,priest,discipline,38,21,17
Marmintor,stormrage,1151,priest,discipline,24,12,12
Sshhaaddooww,tichondrius,1151,priest,discipline,24,12,12
Pewwpew,malganis,1151,priest,discipline,24,12,12
Hyoeun,dragonmaw,1151,priest,discipline,24,12,12
Randrimm,stormrage,1151,priest,discipline,24,12,12
Kiriko,mannoroth,1151,priest,discipline,24,12,12
Kaztorz,tichondrius,1151,priest,discipline,28,12,16
Attenea,illidan,1151,priest,discipline,36,12,24
Ilmx,illidan,1150,priest,discipline,12,12,0
Agrolazor,frostwolf,1150,priest,discipline,12,12,0
Aaff,tichondrius,1150,priest,discipline,18,12,6
Celeztiah,area-52,1150,priest,discipline,18,12,6
Rapturebtw,sargeras,1150,priest,discipline,18,12,6
Chkashaa,emerald-dream,1150,priest,discipline,42,21,21
Rhaist,sargeras,1150,priest,discipline,36,18,18
Longday,kelthuzad,1150,priest,discipline,24,12,12
Cenrtrix,stormrage,1150,priest,discipline,24,12,12
Wartrix,bonechewer,1150,priest,discipline,24,12,12
Crunchywater,stormrage,1150,priest,discipline,24,12,12
Ahealer,alterac-mountains,1150,priest,discipline,24,12,12
Glöws,area-52,1150,priest,discipline,24,12,12
Serrahs,tichondrius,1150,priest,discipline,24,12,12
Icesnowli,tichondrius,1150,priest,discipline,24,12,12
Abercromby,malganis,1150,priest,discipline,25,12,13
Penancedeez,moon-guard,1150,priest,discipline,35,15,20
Maxximuss,bleeding-hollow,1150,priest,discipline,42,17,25
Psyclick,zuljin,1149,priest,discipline,18,12,6
Niik,tichondrius,1149,priest,discipline,18,12,6
Profpepper,tichondrius,1149,priest,discipline,18,12,6
Troubler,tichondrius,1149,priest,discipline,18,12,6
Pakc,tichondrius,1149,priest,discipline,24,12,12
Nerfholyplz,illidan,1149,priest,discipline,24,12,12
Ariste,tichondrius,1149,priest,discipline,24,12,12
Shadowchaos,malganis,1149,priest,discipline,24,12,12
Kitenix,proudmoore,1149,priest,discipline,35,14,21
Jacqueline,tichondrius,1149,priest,discipline,30,12,18
Littlegiirl,illidan,1148,priest,discipline,24,12,12
Highelfpally,sargeras,1148,priest,discipline,24,12,12
Dènalí,area-52,1148,priest,discipline,24,12,12
Luminatio,quelthalas,1148,priest,discipline,76,36,40
Fìngerbanger,lightnings-blade,1148,priest,discipline,117,53,64
Pungentonion,tichondrius,1148,priest,discipline,30,12,18
Revolki,azralon,1148,priest,discipline,48,12,36
Zhuyin,illidan,1147,priest,discipline,12,12,0
Profetico,ragnaros,1147,priest,discipline,83,43,40
Cigarillõ,thrall,1147,priest,discipline,24,12,12
Tranquilty,tichondrius,1147,priest,discipline,24,12,12
Blackbubba,tichondrius,1147,priest,discipline,54,24,30
Katjaa,quelthalas,1147,priest,discipline,44,13,31
Scrubgames,garrosh,1146,priest,discipline,12,12,0
Bakerstr,tichondrius,1146,priest,discipline,18,12,6
Mindkilla,area-52,1146,priest,discipline,184,95,89
Smightful,garona,1146,priest,discipline,24,12,12
Derowent,emerald-dream,1146,priest,discipline,30,13,17
Beansofdean,proudmoore,1145,priest,discipline,24,12,12
Arkeyz,quelthalas,1145,priest,discipline,30,12,18
Hoochiemomma,kelthuzad,1144,priest,discipline,24,13,11
Mashpotato,aerie-peak,1144,priest,discipline,24,13,11
Voidwyrm,tichondrius,1144,priest,discipline,108,57,51
Notskynet,tichondrius,1144,priest,discipline,24,12,12
Goodbyekiss,illidan,1144,priest,discipline,101,49,52
Eirana,skywall,1144,priest,discipline,60,28,32
Nardhead,sargeras,1143,priest,discipline,42,24,18
Tygrr,kelthuzad,1143,priest,discipline,24,12,12
Depressedboy,wyrmrest-accord,1143,priest,discipline,24,12,12
Inveritu,kiljaeden,1143,priest,discipline,30,12,18
Núgz,tichondrius,1142,priest,discipline,24,19,5
Ferilla,illidan,1142,priest,discipline,24,12,12
Raivn,illidan,1142,priest,discipline,24,12,12
Jivita,lightbringer,1141,priest,discipline,24,14,10
Supski,destromath,1141,priest,discipline,24,12,12
Vanhealsing,tichondrius,1141,priest,discipline,24,12,12
Meddyglyn,area-52,1140,priest,discipline,24,13,11
Stroodle,illidan,1140,priest,discipline,71,34,37
Boujeeheals,darkspear,1140,priest,discipline,36,12,24
Osombra,azralon,1139,priest,discipline,36,17,19
Jeffo,baelgun,1139,priest,discipline,36,17,19
Amäo,illidan,1139,priest,discipline,29,13,16
Kippin,frostmourne,1138,priest,discipline,18,12,6
Draniev,azralon,1138,priest,discipline,83,44,39
Elvspriesly,doomhammer,1138,priest,discipline,104,51,53
Tetha,fizzcrank,1138,priest,discipline,48,22,26
Näme,frostmourne,1138,priest,discipline,78,32,46
Claireredfld,lightbringer,1137,priest,discipline,18,12,6
Drywàter,tichondrius,1137,priest,discipline,81,45,36
Lynnar,stormrage,1137,priest,discipline,81,44,37
Feelmyheels,frostmourne,1137,priest,discipline,48,24,24
Akkassha,zuljin,1137,priest,discipline,30,12,18
Barrysanders,zuljin,1136,priest,discipline,72,38,34
Hanuroa,tichondrius,1136,priest,discipline,184,92,92
Brotherheals,nagrand,1136,priest,discipline,66,33,33
Holyhog,whisperwind,1136,priest,discipline,51,23,28
Sprinkling,sargeras,1136,priest,discipline,34,15,19
Sölemn,barthilas,1136,priest,discipline,59,26,33
Blessings,aerie-peak,1135,priest,discipline,66,34,32
Skokie,area-52,1135,priest,discipline,30,12,18
Calliah,moknathal,1134,priest,discipline,35,19,16
Alizeë,illidan,1134,priest,discipline,137,74,63
Senumbra,tichondrius,1134,priest,discipline,24,12,12
Matafuka,ragnaros,1134,priest,discipline,33,16,17
Tkawesome,area-52,1134,priest,discipline,42,15,27
Ayakoji,proudmoore,1132,priest,discipline,30,12,18
Yddwin,quelthalas,1131,priest,discipline,52,27,25
Ihealyoudeal,korgath,1130,priest,discipline,18,12,6
Melithor,frostmourne,1130,priest,discipline,24,12,12
Coachbombae,tichondrius,1129,priest,discipline,18,13,5
Charybdis,bonechewer,1129,priest,discipline,92,56,36
Makkima,area-52,1129,priest,discipline,48,20,28
Corthien,thrall,1129,priest,discipline,30,12,18
Hëstia,darkspear,1128,priest,discipline,30,18,12
Nøfaith,area-52,1128,priest,discipline,24,12,12
Mäy,greymane,1128,priest,discipline,30,12,18
Spõt,stormrage,1128,priest,discipline,30,12,18
Cyrilien,tichondrius,1127,priest,discipline,52,29,23
Ragnarøk,warsong,1127,priest,discipline,30,12,18
Killían,darkspear,1126,priest,discipline,61,31,30
Chastised,moon-guard,1125,priest,discipline,553,272,281
Zolibeth,azshara,1124,priest,discipline,24,15,9
Mucgib,frostmourne,1124,priest,discipline,68,24,44
Weregonnadie,stormrage,1123,priest,discipline,30,12,18
Classifiedcc,illidan,1122,priest,discipline,222,115,107
Ðåmìéñ,tichondrius,1122,priest,discipline,24,12,12
Exsufficate,frostmourne,1122,priest,discipline,34,15,19
Shinomiko,frostmourne,1122,priest,discipline,144,52,92
Islandpink,malganis,1122,priest,discipline,42,12,30
Fulldesire,dalaran,1121,priest,discipline,63,38,25
Londog,vashj,1121,priest,discipline,78,36,42
Hustleplay,tichondrius,1120,priest,discipline,24,12,12
Primeevil,black-dragonflight,1119,priest,discipline,24,14,10
Deehilie,illidan,1119,priest,discipline,49,25,24
Puralux,balnazzar,1117,priest,discipline,42,25,17
Cyberpriest,stormrage,1117,priest,discipline,60,24,36
Abbot,zangarmarsh,1115,priest,discipline,149,70,79
Sinnskløft,tichondrius,1115,priest,discipline,31,13,18
Vitalizes,nagrand,1114,priest,discipline,30,13,17
Deadäss,sargeras,1113,priest,discipline,54,14,40
Steezyy,black-dragonflight,1112,priest,discipline,71,33,38
Yamahaz,lethon,1112,priest,discipline,30,13,17
Foxyy,wildhammer,1112,priest,discipline,35,14,21
Skeepsi,area-52,1109,priest,discipline,54,30,24
Fushia,emerald-dream,1107,priest,discipline,45,16,29
Enkognito,tichondrius,1106,priest,discipline,52,33,19
Optîmuskrayt,tichondrius,1106,priest,discipline,83,40,43
Tootsieroll,dark-iron,1106,priest,discipline,53,25,28
Raihn,garrosh,1106,priest,discipline,37,14,23
Opri,andorhal,1104,priest,discipline,48,20,28
Mosher,zuluhed,1103,priest,discipline,18,12,6
Ataraksija,sargeras,1103,priest,discipline,21,13,8
Kloudypriest,moon-guard,1103,priest,discipline,47,24,23
Averli,moon-guard,1103,priest,discipline,42,18,24
Khamata,kelthuzad,1100,priest,discipline,30,12,18
Wheresmyvape,tichondrius,1098,priest,discipline,20,13,7
Vákc,quelthalas,1096,priest,discipline,23,12,11
Darkxrp,bleeding-hollow,1096,priest,discipline,30,13,17
Draiger,quelthalas,1096,priest,discipline,36,14,22
Fistavert,stormreaver,1095,priest,discipline,24,12,12
Keaina,malganis,1095,priest,discipline,29,12,17
Preezoo,tichondrius,1095,priest,discipline,64,25,39
Zhaann,kelthuzad,1094,priest,discipline,48,23,25
Naniwa,ragnaros,1094,priest,discipline,33,13,20
Happyholy,tichondrius,1094,priest,discipline,36,14,22
Sístermary,stormrage,1093,priest,discipline,30,18,12
Mcdizzle,bloodscalp,1093,priest,discipline,90,41,49
Nuvea,tichondrius,1093,priest,discipline,27,12,15
Benmem,illidan,1092,priest,discipline,105,50,55
Annaphilaxis,sargeras,1091,priest,discipline,44,22,22
Ketone,malganis,1090,priest,discipline,125,65,60
Zacksnotcool,sargeras,1090,priest,discipline,33,13,20
Priestøuchme,tichondrius,1089,priest,discipline,29,13,16
Thinmintt,wyrmrest-accord,1089,priest,discipline,108,47,61
Bigdaddyku,hyjal,1088,priest,discipline,34,20,14
Mylkshakez,emerald-dream,1088,priest,discipline,31,13,18
Holysmokesx,tichondrius,1087,priest,discipline,22,12,10
Antiraus,aerie-peak,1086,priest,discipline,24,13,11
Fatherfilth,frostwolf,1086,priest,discipline,30,14,16
Solkadp,tichondrius,1085,priest,discipline,28,12,16
Quavö,tichondrius,1085,priest,discipline,68,29,39
Kidha,stormrage,1085,priest,discipline,60,19,41
Todrecas,ragnaros,1084,priest,discipline,24,13,11
Painpaws,moon-guard,1084,priest,discipline,28,12,16
Vaddaru,kirin-tor,1083,priest,discipline,66,38,28
Tigrania,proudmoore,1083,priest,discipline,23,12,11
Scirzzy,tichondrius,1083,priest,discipline,29,14,15
Chroly,stormrage,1083,priest,discipline,65,29,36
Watdahealydo,darkspear,1081,priest,discipline,24,13,11
Nostrande,stormrage,1080,priest,discipline,21,12,9
Synes,bleeding-hollow,1080,priest,discipline,34,12,22
Tmpriest,tichondrius,1080,priest,discipline,48,12,36
Fregè,ysera,1078,priest,discipline,30,12,18
Darrong,darkspear,1077,priest,discipline,34,14,20
Novoc,blackhand,1076,priest,discipline,36,17,19
Flexxwzkaboo,thrall,1073,priest,discipline,32,12,20
Nervinia,tichondrius,1072,priest,discipline,30,12,18
Redchord,kiljaeden,1072,priest,discipline,33,13,20
Psïren,quelthalas,1070,priest,discipline,24,13,11
Berzap,frostmourne,1068,priest,discipline,30,18,12
Tricklee,tichondrius,1068,priest,discipline,23,12,11
Twinkmuncher,proudmoore,1065,priest,discipline,25,12,13
Trustheals,tichondrius,1064,priest,discipline,134,71,63
Lytherina,aegwynn,1064,priest,discipline,36,19,17
Anäster,ragnaros,1064,priest,discipline,53,26,27
Vahlen,azralon,1062,priest,discipline,23,12,11
Zinr,tichondrius,1061,priest,discipline,215,104,111
Chickadies,barthilas,1059,priest,discipline,18,12,6
Linarelitha,area-52,1059,priest,discipline,80,39,41
Kikyo,antonidas,1059,priest,discipline,31,12,19
Sivamint,aerie-peak,1058,priest,discipline,42,16,26
Lespaula,ragnaros,1056,priest,discipline,24,12,12
Seleniax,sargeras,1056,priest,discipline,24,11,13
Smiliebomb,tichondrius,1056,priest,discipline,24,11,13
Dirtyone,dark-iron,1056,priest,discipline,30,12,18
Lilbabynaga,stormrage,1056,priest,discipline,75,27,48
Crucifer,proudmoore,1055,priest,discipline,12,11,1
Naelsaze,tichondrius,1055,priest,discipline,12,11,1
Chawp,kelthuzad,1055,priest,discipline,18,11,7
Angeldawn,stormrage,1055,priest,discipline,18,11,7
Piftw,illidan,1055,priest,discipline,18,11,7
Vehex,malganis,1055,priest,discipline,18,11,7
Neonpriest,tichondrius,1055,priest,discipline,18,11,7
Ròen,tichondrius,1055,priest,discipline,18,11,7
Arcosis,turalyon,1055,priest,discipline,24,11,13
Jonesypriest,tichondrius,1055,priest,discipline,24,11,13
Giomoreno,tichondrius,1055,priest,discipline,24,11,13
Pro,proudmoore,1055,priest,discipline,24,11,13
Ffej,bleeding-hollow,1055,priest,discipline,24,11,13
Cency,tichondrius,1055,priest,discipline,24,11,13
Tooziq,stormrage,1055,priest,discipline,24,11,13
Wintrow,sargeras,1055,priest,discipline,30,11,19
Voidgames,area-52,1055,priest,discipline,30,11,19
Lampvpgerl,illidan,1055,priest,discipline,36,11,25
Turrec,illidan,1054,priest,discipline,12,11,1
Aiss,malganis,1054,priest,discipline,16,12,4
Anneyann,fenris,1054,priest,discipline,30,19,11
Náñí,area-52,1054,priest,discipline,18,11,7
Missyoung,tichondrius,1054,priest,discipline,18,11,7
Honeyweiss,cairne,1054,priest,discipline,24,12,12
Sentactic,illidan,1054,priest,discipline,27,13,14
Dpsmercy,sargeras,1054,priest,discipline,24,11,13
Velzirya,zuljin,1054,priest,discipline,30,11,19
Voidrachet,thrall,1054,priest,discipline,30,11,19
Whitepigogo,tichondrius,1053,priest,discipline,18,11,7
Doubt,eredar,1053,priest,discipline,18,11,7
Kajhy,ragnaros,1053,priest,discipline,48,22,26
Orisons,bleeding-hollow,1053,priest,discipline,24,11,13
Ayezex,tichondrius,1053,priest,discipline,48,21,27
Rezy,darkspear,1053,priest,discipline,30,11,19
Guccísandals,emerald-dream,1053,priest,discipline,30,11,19
Slavoj,gurubashi,1052,priest,discipline,41,19,22
Kovie,twisting-nether,1052,priest,discipline,24,11,13
Buffhpriest,tichondrius,1052,priest,discipline,24,11,13
Kerith,ragnaros,1051,priest,discipline,34,24,10
Darkills,tichondrius,1051,priest,discipline,24,11,13
Saviorr,dalaran,1051,priest,discipline,30,11,19
Lumia,quelthalas,1051,priest,discipline,30,11,19
Jayqwellen,bleeding-hollow,1051,priest,discipline,30,11,19
Moopha,zuljin,1050,priest,discipline,12,11,1
Zarfel,ragnaros,1050,priest,discipline,18,11,7
Healdog,thrall,1050,priest,discipline,18,11,7
Darkmoonsun,frostmourne,1050,priest,discipline,24,11,13
Shiikari,terenas,1050,priest,discipline,24,11,13
Thotsteal,lightbringer,1050,priest,discipline,24,11,13
Lalight,tichondrius,1050,priest,discipline,30,11,19
Inmortar,dalaran,1049,priest,discipline,30,11,19
Sajahsa,moon-guard,1048,priest,discipline,25,15,10
Jackflashh,hakkar,1047,priest,discipline,78,35,43
Feff,shuhalo,1046,priest,discipline,30,11,19
Aud,kiljaeden,1045,priest,discipline,12,11,1
Hangingmeat,jubeithos,1045,priest,discipline,24,11,13
Everluna,stormrage,1043,priest,discipline,12,11,1
Ahualol,tichondrius,1043,priest,discipline,18,11,7
Lilbabe,stormrage,1043,priest,discipline,24,11,13
Panelopie,maiev,1042,priest,discipline,18,11,7
Flexeggette,illidan,1042,priest,discipline,31,14,17
Dottinu,area-52,1040,priest,discipline,12,11,1
Sendia,hydraxis,1038,priest,discipline,66,31,35
Haidees,akama,1037,priest,discipline,28,16,12
Bbm,stormscale,1037,priest,discipline,27,11,16
Kiilltic,sargeras,1037,priest,discipline,36,13,23
Gongá,moon-guard,1035,priest,discipline,108,43,65
Uchihalol,tichondrius,1032,priest,discipline,24,11,13
Yoxxoo,tichondrius,1032,priest,discipline,24,11,13
Prawda,area-52,1031,priest,discipline,30,11,19
Geulis,illidan,1030,priest,discipline,65,30,35
Pochis,bleeding-hollow,1029,priest,discipline,81,38,43
Erelim,durotan,1029,priest,discipline,89,36,53
Egraner,drakkari,1027,priest,discipline,24,11,13
Cynthir,stormrage,1026,priest,discipline,24,11,13
Efrem,tichondrius,1025,priest,discipline,69,32,37
Chêrubim,arthas,1025,priest,discipline,24,11,13
Clergy,arthas,1024,priest,discipline,21,14,7
Elomszz,tichondrius,1024,priest,discipline,22,11,11
Naxiest,stormrage,1024,priest,discipline,29,11,18
Bakharftw,nemesis,1023,priest,discipline,28,17,11
Harlei,tichondrius,1023,priest,discipline,24,14,10
Stunsilence,malganis,1022,priest,discipline,20,12,8
Mxd,bleeding-hollow,1021,priest,discipline,20,12,8
Mgfoxxie,scarlet-crusade,1020,priest,discipline,30,12,18
Papipreach,sargeras,1019,priest,discipline,18,11,7
Rileau,tichondrius,1019,priest,discipline,24,11,13
Thadan,uldaman,1019,priest,discipline,24,11,13
Sofluffy,burning-blade,1018,priest,discipline,23,11,12
Sév,frostmane,1017,priest,discipline,190,89,101
Steck,illidan,1016,priest,discipline,64,27,37
Nightmxres,zuljin,1016,priest,discipline,30,11,19
Leoi,fenris,1015,priest,discipline,57,30,27
Jèf,stormrage,1015,priest,discipline,23,11,12
Shaydeep,nagrand,1015,priest,discipline,28,12,16
Profît,stormrage,1014,priest,discipline,24,12,12
Rigityrekt,aggramar,1012,priest,discipline,30,22,8
Zatroux,ragnaros,1011,priest,discipline,74,34,40
Drãith,magtheridon,1009,priest,discipline,24,12,12
Xïlencer,tichondrius,1008,priest,discipline,42,21,21
Buschlatte,frostmane,1007,priest,discipline,23,11,12
Dynopriest,kelthuzad,1007,priest,discipline,29,11,18
Lesserfaith,sargeras,1006,priest,discipline,21,11,10
Uljinoo,blackwing-lair,1006,priest,discipline,89,39,50
Azrïel,mannoroth,1005,priest,discipline,41,24,17
Bubblebuster,lightbringer,1004,priest,discipline,55,24,31
Ioudas,ragnaros,1004,priest,discipline,35,11,24
Zeun,spinebreaker,1003,priest,discipline,40,14,26
Lördgrim,stormrage,1002,priest,discipline,25,13,12
Tikel,ragnaros,1001,priest,discipline,21,11,10
Stinkyfingr,frostmourne,1000,priest,discipline,42,15,27
Sharayu,madoran,999,priest,discipline,42,22,20
Deusthanatos,medivh,998,priest,discipline,64,32,32
Arianthe,darrowmere,998,priest,discipline,26,12,14
Whitewidowx,eredar,997,priest,discipline,21,12,9
Bårriër,darkspear,996,priest,discipline,23,12,11
Rbmxp,barthilas,994,priest,discipline,21,12,9
Mottsarella,mugthol,994,priest,discipline,78,42,36
Mikkik,zuljin,992,priest,discipline,42,26,16
Holyclappah,illidan,992,priest,discipline,24,12,12
Robertsmurda,emerald-dream,992,priest,discipline,22,11,11
Norastanne,moon-guard,992,priest,discipline,27,12,15
Cilpri,emerald-dream,991,priest,discipline,16,11,5
Rèvrin,sargeras,991,priest,discipline,23,11,12
Jebadiia,tichondrius,991,priest,discipline,69,32,37
Thrudarkness,thrall,990,priest,discipline,21,12,9
Lilflexi,lightbringer,988,priest,discipline,22,11,11
Carbonated,zuljin,986,priest,discipline,17,11,6
Antonella,malganis,985,priest,discipline,33,12,21
Papergaruru,illidan,984,priest,discipline,66,30,36
Diamontie,tichondrius,977,priest,discipline,26,16,10
Alurand,bleeding-hollow,976,priest,discipline,18,11,7
Hèáls,tichondrius,975,priest,discipline,66,29,37
Prlest,proudmoore,970,priest,discipline,36,15,21
Sublety,aerie-peak,968,priest,discipline,54,24,30
Sharkda,frostmourne,965,priest,discipline,45,24,21
Moomagic,sargeras,964,priest,discipline,54,24,30
Mikebroowwnn,firetree,963,priest,discipline,19,11,8
Cravex,stormrage,963,priest,discipline,36,18,18
Åphrødite,bonechewer,961,priest,discipline,22,12,10
Åz,quelthalas,961,priest,discipline,24,12,12
Cezanne,tichondrius,961,priest,discipline,125,52,73
Charón,tichondrius,960,priest,discipline,12,10,2
Odealp,stormscale,960,priest,discipline,12,10,2
Mxchsm,stormrage,960,priest,discipline,12,10,2
Testzpriests,dalaran,960,priest,discipline,18,10,8
Bswagxx,illidan,960,priest,discipline,18,10,8
Ishyeboi,stormrage,960,priest,discipline,18,10,8
Dances,emerald-dream,960,priest,discipline,18,10,8
Blesstwo,ragnaros,960,priest,discipline,18,10,8
Pissgóblin,stormrage,960,priest,discipline,18,10,8
Annefrank,azjolnerub,960,priest,discipline,18,10,8
Belielosong,moon-guard,960,priest,discipline,57,29,28
Fyne,kelthuzad,960,priest,discipline,21,10,11
Nobodystarx,steamwheedle-cartel,960,priest,discipline,24,10,14
Ajxoz,thrall,960,priest,discipline,24,10,14
Futuuncle,tichondrius,960,priest,discipline,30,10,20
Strawberryzz,area-52,959,priest,discipline,12,10,2
Jinforever,tichondrius,959,priest,discipline,12,10,2
Henchwoman,stormrage,959,priest,discipline,12,10,2
Kk,fizzcrank,959,priest,discipline,12,10,2
Elimix,frostmourne,959,priest,discipline,12,10,2
Vonyka,area-52,959,priest,discipline,18,10,8
Aguavenditaa,quelthalas,959,priest,discipline,18,10,8
Cigma,magtheridon,959,priest,discipline,18,10,8
Gutrìck,tichondrius,959,priest,discipline,18,10,8
Oduum,tichondrius,959,priest,discipline,18,10,8
Alimony,chogall,959,priest,discipline,18,10,8
Tamzy,eredar,959,priest,discipline,18,10,8
Minnowhead,kelthuzad,959,priest,discipline,18,10,8
Budlyy,dalaran,959,priest,discipline,18,10,8
Filthmaster,moon-guard,959,priest,discipline,18,10,8
Hundski,darkspear,959,priest,discipline,18,10,8
Abbyy,barthilas,959,priest,discipline,24,10,14
Johadorr,shadowsong,959,priest,discipline,24,10,14
Lindsanp,illidan,959,priest,discipline,24,10,14
Tamtwo,the-forgotten-coast,959,priest,discipline,24,10,14
Rum,kirin-tor,959,priest,discipline,24,10,14
Tshik,ragnaros,959,priest,discipline,24,10,14
Mosquito,tichondrius,959,priest,discipline,24,10,14
Stylébender,tichondrius,959,priest,discipline,24,10,14
Glitterballs,khazgoroth,958,priest,discipline,18,10,8
Chknhealer,darkspear,958,priest,discipline,18,10,8
Janna,jubeithos,958,priest,discipline,18,10,8
Phrìke,illidan,958,priest,discipline,18,10,8
Compromise,the-scryers,958,priest,discipline,18,10,8
Tîg,nemesis,958,priest,discipline,21,10,11
Itha,illidan,958,priest,discipline,24,10,14
Ritzien,jubeithos,958,priest,discipline,24,10,14
Taedrid,stormrage,958,priest,discipline,89,35,54
Gonchar,bleeding-hollow,958,priest,discipline,30,10,20
Bubblebeasst,area-52,957,priest,discipline,18,10,8
Wilburre,sargeras,957,priest,discipline,18,10,8
Bigchalupaz,sargeras,957,priest,discipline,18,10,8
Rescueherø,tichondrius,957,priest,discipline,38,20,18
Kinhilo,ragnaros,957,priest,discipline,24,10,14
Rellington,frostwolf,957,priest,discipline,24,10,14
Chanyt,azralon,956,priest,discipline,12,10,2
Kissmyvoìd,frostmourne,956,priest,discipline,24,10,14
Smallbrains,emerald-dream,956,priest,discipline,24,10,14
Synthas,tichondrius,955,priest,discipline,18,10,8
Clickbait,spirestone,955,priest,discipline,18,10,8
Galaxypepe,medivh,955,priest,discipline,23,10,13
Bachaterah,skullcrusher,955,priest,discipline,24,10,14
Çõrlëøñè,illidan,955,priest,discipline,24,10,14
Kauldër,illidan,955,priest,discipline,32,12,20
Felmnir,ragnaros,955,priest,discipline,30,10,20
Fidalus,stormrage,955,priest,discipline,38,10,28
Ihelp,altar-of-storms,954,priest,discipline,18,10,8
Zènó,bleeding-hollow,954,priest,discipline,18,10,8
Febronia,aerie-peak,954,priest,discipline,18,10,8
Hanklin,lightnings-blade,954,priest,discipline,18,10,8
Judgejudyx,tichondrius,954,priest,discipline,24,10,14
Xyberius,barthilas,954,priest,discipline,24,10,14
Acésnóf,stormrage,954,priest,discipline,24,10,14
Discjuice,tichondrius,954,priest,discipline,36,10,26
Kajagoogoö,emerald-dream,953,priest,discipline,18,10,8
Kirigäya,quelthalas,953,priest,discipline,18,10,8
Anthoras,stormrage,953,priest,discipline,18,10,8
Lusch,stormscale,953,priest,discipline,70,37,33
Ôvr,area-52,953,priest,discipline,26,11,15
Flagged,azgalor,953,priest,discipline,24,10,14
Xenonfaith,bleeding-hollow,952,priest,discipline,17,12,5
Anonymoûs,silver-hand,952,priest,discipline,24,14,10
Vazara,tichondrius,952,priest,discipline,18,10,8
Worthy,runetotem,952,priest,discipline,18,10,8
Stennic,emerald-dream,952,priest,discipline,18,10,8
Jessicä,malganis,952,priest,discipline,18,10,8
Unholyio,barthilas,952,priest,discipline,18,10,8
Throwinshadê,stormrage,952,priest,discipline,174,88,86
Lolkwtf,sargeras,952,priest,discipline,31,13,18
Xiöm,quelthalas,952,priest,discipline,24,10,14
Ghettobarbie,kelthuzad,951,priest,discipline,12,10,2
Tapel,khazgoroth,951,priest,discipline,30,17,13
Daijoubu,lightnings-blade,951,priest,discipline,24,10,14
Ppinmuhbutt,tichondrius,951,priest,discipline,36,10,26
Discbubbles,moonrunner,950,priest,discipline,18,10,8
Artmend,malganis,950,priest,discipline,24,10,14
Zeas,moon-guard,950,priest,discipline,66,23,43
Threlad,elune,949,priest,discipline,18,10,8
Zhadowbolts,thrall,949,priest,discipline,18,10,8
Dreamskull,aegwynn,949,priest,discipline,26,11,15
Hypnogypsy,malganis,948,priest,discipline,18,10,8
Filterz,korgath,948,priest,discipline,24,10,14
Samsunglions,tichondrius,947,priest,discipline,18,10,8
Vandwrath,moon-guard,946,priest,discipline,18,10,8
Braxxten,tichondrius,944,priest,discipline,50,21,29
Tjxx,zuljin,944,priest,discipline,30,10,20
Nikkazul,drakkari,943,priest,discipline,30,14,16
Sidepiëce,area-52,943,priest,discipline,23,10,13
Emmarîl,sargeras,943,priest,discipline,29,10,19
Praiz,tichondrius,942,priest,discipline,24,15,9
Biggerstaff,icecrown,942,priest,discipline,27,11,16
Kaladaz,destromath,941,priest,discipline,18,10,8
Gabrieleron,quelthalas,941,priest,discipline,18,10,8
Mando,area-52,941,priest,discipline,122,64,58
Discyple,ysera,941,priest,discipline,24,10,14
Lookfig,frostmourne,941,priest,discipline,24,10,14
Vegfem,dalaran,941,priest,discipline,35,10,25
Anddori,moknathal,940,priest,discipline,24,10,14
Icemeilarda,illidan,940,priest,discipline,81,32,49
Sinnz,emerald-dream,939,priest,discipline,30,11,19
Sisterdeáth,area-52,938,priest,discipline,24,11,13
Neehow,hyjal,936,priest,discipline,12,10,2
Boosserbro,dawnbringer,936,priest,discipline,42,21,21
Macoa,zuljin,936,priest,discipline,66,29,37
Ophiuchus,jubeithos,936,priest,discipline,32,12,20
Miel,kargath,935,priest,discipline,60,22,38
Alexz,area-52,927,priest,discipline,14,11,3
Biggunsaint,icecrown,927,priest,discipline,20,11,9
Toastedheal,stormreaver,927,priest,discipline,20,11,9
Heladio,ragnaros,926,priest,discipline,20,11,9
Fenders,stormrage,926,priest,discipline,23,10,13
Touchmylight,suramar,925,priest,discipline,53,27,26
Voidwulf,azgalor,924,priest,discipline,107,52,55
Noriniani,sargeras,923,priest,discipline,12,10,2
Kaladîn,dark-iron,921,priest,discipline,20,11,9
Shemhazai,ragnaros,921,priest,discipline,20,11,9
Rymzxx,ragnaros,918,priest,discipline,19,11,8
Thekingheals,draenor,918,priest,discipline,28,14,14
Jeanmarc,aerie-peak,918,priest,discipline,78,32,46
Mcmorphy,stormrage,914,priest,discipline,35,14,21
Xiaz,lightbringer,912,priest,discipline,18,12,6
Youngboys,stormreaver,912,priest,discipline,44,24,20
Twistedead,illidan,911,priest,discipline,21,11,10
Katalla,spirestone,911,priest,discipline,27,10,17
Priestrix,frostmourne,910,priest,discipline,55,22,33
Holdentudikz,area-52,909,priest,discipline,23,10,13
Shadowdeathx,bleeding-hollow,906,priest,discipline,23,10,13
Brock,lightbringer,905,priest,discipline,27,11,16
Poilu,laughing-skull,904,priest,discipline,19,12,7
Ðanté,the-venture-co,904,priest,discipline,22,13,9
Corrûpt,stormrage,904,priest,discipline,20,11,9
Eluko,tichondrius,904,priest,discipline,21,11,10
Ohashi,ragnaros,902,priest,discipline,18,11,7
Unholydomina,zuljin,901,priest,discipline,78,36,42
Knez,ragnaros,895,priest,discipline,19,11,8
Plaedito,stormscale,895,priest,discipline,23,10,13
Bellack,emerald-dream,895,priest,discipline,73,31,42
Càipirinha,tichondrius,895,priest,discipline,28,10,18
Fujinpriest,azralon,894,priest,discipline,28,10,18
Aladdinlol,tichondrius,894,priest,discipline,34,10,24
Chapitä,drakkari,893,priest,discipline,16,10,6
Malhotra,amanthul,892,priest,discipline,21,12,9
Kaizzen,gorgonnash,891,priest,discipline,17,10,7
Tezcatyo,area-52,891,priest,discipline,17,10,7
Archcerion,stormreaver,891,priest,discipline,28,11,17
Rdson,malganis,889,priest,discipline,25,11,14
Lunett,area-52,887,priest,discipline,34,10,24
Frojasensei,tichondrius,879,priest,discipline,17,10,7
Partypack,stormrage,878,priest,discipline,19,11,8
Gdessairmed,exodar,871,priest,discipline,25,10,15
Terric,shattered-hand,867,priest,discipline,24,10,14
Trinaty,senjin,864,priest,discipline,12,9,3
Squiddyjr,tichondrius,864,priest,discipline,12,9,3
Gillette,thunderlord,864,priest,discipline,12,9,3
Dinar,tichondrius,864,priest,discipline,12,9,3
Dirtydickdan,sargeras,864,priest,discipline,12,9,3
Photic,malganis,864,priest,discipline,12,9,3
Marcalus,garrosh,864,priest,discipline,15,9,6
Ilovedailies,frostmourne,864,priest,discipline,18,9,9
Rima,stormscale,864,priest,discipline,18,9,9
Toteme,proudmoore,864,priest,discipline,18,9,9
Omgnerfz,zuljin,864,priest,discipline,18,9,9
Nißirøux,sargeras,864,priest,discipline,18,9,9
Drbønghitmd,tichondrius,864,priest,discipline,18,9,9
Challengerz,suramar,864,priest,discipline,18,9,9
Phurbosjr,sargeras,864,priest,discipline,18,9,9
Arcmage,malganis,864,priest,discipline,18,9,9
Healthyadult,zuluhed,864,priest,discipline,18,9,9
Norikoo,malganis,864,priest,discipline,18,9,9
Frymii,frostmourne,864,priest,discipline,18,9,9
Irar,tichondrius,864,priest,discipline,18,9,9
Makdaddy,skullcrusher,864,priest,discipline,18,9,9
Shadooe,tichondrius,864,priest,discipline,18,9,9
Trezz,aegwynn,864,priest,discipline,18,9,9
Gekko,azgalor,864,priest,discipline,18,9,9
Wv,kelthuzad,864,priest,discipline,18,9,9
Zlowbly,ragnaros,864,priest,discipline,18,9,9
Celerisp,malganis,864,priest,discipline,18,9,9
Cinnalite,darkspear,864,priest,discipline,18,9,9
Bearz,the-underbog,864,priest,discipline,24,9,15
Lostmind,malganis,864,priest,discipline,24,9,15
Easywins,sargeras,864,priest,discipline,24,9,15
Physics,frostmane,864,priest,discipline,24,9,15
Dakp,sargeras,864,priest,discipline,24,9,15
Ninbará,stormrage,864,priest,discipline,24,9,15
Dasaq,sargeras,864,priest,discipline,24,9,15
Tegridyfarm,malganis,863,priest,discipline,12,9,3
Penummbra,frostmourne,863,priest,discipline,12,9,3
Djxkidrock,moon-guard,863,priest,discipline,12,9,3
Neuro,barthilas,863,priest,discipline,12,9,3
Boycrazy,nerzhul,863,priest,discipline,12,9,3
Helleamh,tichondrius,863,priest,discipline,12,9,3
Maleklek,azralon,863,priest,discipline,12,9,3
Softqt,tichondrius,863,priest,discipline,12,9,3
Stroserous,hyjal,863,priest,discipline,12,9,3
Dkarla,lightnings-blade,863,priest,discipline,16,10,6
Lemmiewinkzx,sargeras,863,priest,discipline,18,9,9
Darkrecovery,sargeras,863,priest,discipline,18,9,9
Oprst,tichondrius,863,priest,discipline,18,9,9
Primalshadow,kaelthas,863,priest,discipline,18,9,9
Sentenel,duskwood,863,priest,discipline,18,9,9
Iamrisen,tichondrius,863,priest,discipline,18,9,9
Pillböx,tichondrius,863,priest,discipline,18,9,9
Healsforcash,bleeding-hollow,863,priest,discipline,21,9,12
Poonanixo,gundrak,863,priest,discipline,22,9,13
Mudbuttman,kelthuzad,863,priest,discipline,24,9,15
Løøtgoblin,skullcrusher,863,priest,discipline,24,9,15
Màva,zuljin,863,priest,discipline,24,9,15
Kamasutra,drakthul,863,priest,discipline,24,9,15
Bubblerenew,altar-of-storms,863,priest,discipline,24,9,15
Bugshott,tichondrius,863,priest,discipline,31,9,22
Felina,maiev,862,priest,discipline,12,9,3
Gromkor,ragnaros,862,priest,discipline,12,9,3
Mikori,tichondrius,862,priest,discipline,12,9,3
Mothra,ragnaros,862,priest,discipline,12,9,3
Gäindalf,tichondrius,862,priest,discipline,16,10,6
Redclover,tichondrius,862,priest,discipline,18,9,9
Xtri,kelthuzad,862,priest,discipline,18,9,9
Jasolini,area-52,862,priest,discipline,18,9,9
Tyrea,kiljaeden,862,priest,discipline,18,9,9
Aheneas,quelthalas,862,priest,discipline,18,9,9
Runnow,area-52,862,priest,discipline,18,9,9
Satanshealer,terokkar,862,priest,discipline,18,9,9
Neuroflex,proudmoore,862,priest,discipline,18,9,9
Ocxpriest,azralon,862,priest,discipline,18,9,9
Lacerating,illidan,862,priest,discipline,18,9,9
Zælya,stormrage,862,priest,discipline,18,9,9
Pandia,quelthalas,862,priest,discipline,18,9,9
Ppomx,tichondrius,862,priest,discipline,18,9,9
Drerrdaytv,kelthuzad,862,priest,discipline,18,9,9
Releknosleep,frostwolf,862,priest,discipline,19,9,10
Giannis,garrosh,862,priest,discipline,24,9,15
Padragon,tichondrius,862,priest,discipline,24,9,15
Zil,spinebreaker,861,priest,discipline,12,9,3
Cremexo,tichondrius,861,priest,discipline,16,9,7
Nars,draka,861,priest,discipline,18,9,9
Kaldric,korgath,861,priest,discipline,18,9,9
Discountay,burning-legion,861,priest,discipline,18,9,9
Amarøth,illidan,861,priest,discipline,24,9,15
Seader,alterac-mountains,861,priest,discipline,24,9,15
Pahdre,tichondrius,860,priest,discipline,12,9,3
Jeraphìm,tichondrius,860,priest,discipline,18,9,9
Mawlaana,frostmourne,860,priest,discipline,18,9,9
Griggleslol,tichondrius,859,priest,discipline,12,9,3
Forestpriest,area-52,859,priest,discipline,18,9,9
Selson,stormrage,859,priest,discipline,30,9,21
Notahero,tichondrius,858,priest,discipline,12,9,3
Preachermang,laughing-skull,858,priest,discipline,18,9,9
Divinity,hellscream,858,priest,discipline,24,9,15
Ricflayer,lothar,858,priest,discipline,24,9,15
Rugaru,emerald-dream,857,priest,discipline,21,10,11
Jhonka,nerzhul,856,priest,discipline,12,9,3
Rohee,illidan,856,priest,discipline,18,9,9
Caiitlynn,quelthalas,856,priest,discipline,24,9,15
Sipmemaster,tichondrius,856,priest,discipline,24,9,15
Maiyennefer,proudmoore,855,priest,discipline,24,9,15
Igotdots,scilla,854,priest,discipline,42,18,24
Sunayriah,illidan,853,priest,discipline,12,9,3
Mangoes,scilla,853,priest,discipline,20,9,11
Zathanel,ragnaros,852,priest,discipline,24,9,15
Whitegirlirl,blackrock,850,priest,discipline,12,9,3
Brahskeet,illidan,841,priest,discipline,30,9,21
Darkblesxd,quelthalas,837,priest,discipline,12,9,3
Thelonioüs,tichondrius,832,priest,discipline,55,20,35
Rockrock,zuljin,831,priest,discipline,14,11,3
Creepa,kul-tiras,831,priest,discipline,16,9,7
Deemmortii,stormrage,831,priest,discipline,28,9,19
Serana,maelstrom,829,priest,discipline,142,69,73
Supersede,sargeras,828,priest,discipline,173,80,93
Delithara,tichondrius,826,priest,discipline,18,9,9
Holyshield,jubeithos,825,priest,discipline,19,10,9
Fenty,nemesis,825,priest,discipline,24,11,13
Mydranol,tichondrius,824,priest,discipline,29,9,20
Khinthazin,barthilas,815,priest,discipline,48,20,28
Arizztocrat,tichondrius,814,priest,discipline,17,9,8
Såx,stormreaver,814,priest,discipline,21,9,12
Ipód,tichondrius,813,priest,discipline,15,10,5
Breathkeeper,proudmoore,810,priest,discipline,21,10,11
Wellheeled,norgannon,806,priest,discipline,21,9,12
Wingchick,azshara,805,priest,discipline,60,22,38
Chinsta,tichondrius,804,priest,discipline,25,10,15
Slaac,malfurion,799,priest,discipline,17,9,8
Deadshöt,gorefiend,796,priest,discipline,14,9,5
Ðrip,burning-legion,796,priest,discipline,16,9,7
Winston,tichondrius,784,priest,discipline,19,9,10
Jessikal,quelthalas,784,priest,discipline,19,9,10
Fátima,tichondrius,783,priest,discipline,11,9,2
Butdidudied,sargeras,783,priest,discipline,17,9,8
Caz,sargeras,775,priest,discipline,24,12,12
Alterboy,garrosh,769,priest,discipline,24,9,15
Myòvó,tichondrius,768,priest,discipline,12,8,4
Xzliak,area-52,768,priest,discipline,12,8,4
Dabû,tichondrius,768,priest,discipline,12,8,4
Nausitoo,ragnaros,768,priest,discipline,12,8,4
Ñightelf,area-52,768,priest,discipline,12,8,4
Spriestbro,emerald-dream,768,priest,discipline,12,8,4
Zenelu,tichondrius,768,priest,discipline,12,8,4
Bananass,sargeras,768,priest,discipline,12,8,4
Slpox,sargeras,768,priest,discipline,12,8,4
Nydrosia,frostmourne,768,priest,discipline,12,8,4
Sallydaddy,wyrmrest-accord,768,priest,discipline,12,8,4
Sip,sargeras,768,priest,discipline,12,8,4
Soloqqt,tichondrius,768,priest,discipline,12,8,4
Fzz,queldorei,768,priest,discipline,12,8,4
Evèlyn,dathremar,768,priest,discipline,12,8,4
Fathersean,sargeras,768,priest,discipline,12,8,4
Yansuanmu,tichondrius,768,priest,discipline,12,8,4
Zeepew,tichondrius,768,priest,discipline,12,8,4
Rlkeyboard,sargeras,768,priest,discipline,12,8,4
Bangseight,sargeras,768,priest,discipline,12,8,4
Bubbletrubbl,blackrock,768,priest,discipline,12,8,4
Sìkarìa,illidan,768,priest,discipline,12,8,4
Voltekkeh,tichondrius,768,priest,discipline,12,8,4
Heeka,kelthuzad,768,priest,discipline,12,8,4
Pws,azralon,768,priest,discipline,12,8,4
Sweethole,illidan,768,priest,discipline,12,8,4
Discipline,the-scryers,768,priest,discipline,12,8,4
Qohoo,tichondrius,768,priest,discipline,12,8,4
Plosux,tichondrius,768,priest,discipline,12,8,4
Spitonmejuli,illidan,768,priest,discipline,12,8,4
Criiltwo,area-52,768,priest,discipline,12,8,4
Ucksy,blackrock,768,priest,discipline,18,8,10
Dehf,bleeding-hollow,768,priest,discipline,18,8,10
Kfcchicken,proudmoore,768,priest,discipline,18,8,10
Sotore,bleeding-hollow,768,priest,discipline,18,8,10
Yosps,tichondrius,768,priest,discipline,18,8,10
Sussywussy,stormrage,768,priest,discipline,18,8,10
Jodaa,sargeras,768,priest,discipline,18,8,10
Robinophelia,sargeras,768,priest,discipline,18,8,10
Aikinorz,tichondrius,768,priest,discipline,18,8,10
Alcoric,illidan,768,priest,discipline,18,8,10
Owlchubz,mannoroth,768,priest,discipline,18,8,10
Melielectra,tichondrius,768,priest,discipline,18,8,10
Mellisonant,stormrage,768,priest,discipline,18,8,10
Jangma,tichondrius,768,priest,discipline,18,8,10
Victordaddy,illidan,768,priest,discipline,18,8,10
Uroka,malganis,768,priest,discipline,18,8,10
Manbelow,bleeding-hollow,768,priest,discipline,27,9,18
Deagled,tichondrius,768,priest,discipline,24,8,16
Voidrisu,sargeras,768,priest,discipline,24,8,16
Avipriest,area-52,768,priest,discipline,24,8,16
Minyeong,tichondrius,768,priest,discipline,24,8,16
Hugeshield,stormrage,768,priest,discipline,24,8,16
Mavalie,zuljin,768,priest,discipline,24,8,16
Dylan,shuhalo,768,priest,discipline,24,8,16
Fréákk,ragnaros,768,priest,discipline,24,8,16
Urgetopurge,dunemaul,767,priest,discipline,12,8,4
Miketython,chogall,767,priest,discipline,12,8,4
Mariels,quelthalas,767,priest,discipline,12,8,4
Elkies,area-52,767,priest,discipline,12,8,4
Iulu,doomhammer,767,priest,discipline,12,8,4
Laggytwodope,tichondrius,767,priest,discipline,12,8,4
Chinstrap,zuljin,767,priest,discipline,12,8,4
Powerranger,senjin,767,priest,discipline,12,8,4
Cassiuss,kelthuzad,767,priest,discipline,12,8,4
Lucènt,frostmourne,767,priest,discipline,12,8,4
Shinemyhead,stormrage,767,priest,discipline,12,8,4
Vyndïllïn,tichondrius,767,priest,discipline,12,8,4
Ryuuka,sargeras,767,priest,discipline,12,8,4
Yotinha,nemesis,767,priest,discipline,12,8,4
Geniusidiot,area-52,767,priest,discipline,12,8,4
Hölymöly,moon-guard,767,priest,discipline,12,8,4
Piusxll,tichondrius,767,priest,discipline,12,8,4
Daegal,malfurion,767,priest,discipline,12,8,4
Rousesz,ragnaros,767,priest,discipline,12,8,4
Rainny,proudmoore,767,priest,discipline,12,8,4
Gawlas,azshara,767,priest,discipline,12,8,4
Alarisa,chogall,767,priest,discipline,12,8,4
Lelyna,stormrage,767,priest,discipline,12,8,4
Tubshark,moon-guard,767,priest,discipline,12,8,4
Kynsias,stormrage,767,priest,discipline,15,8,7
Jùdas,ravencrest,767,priest,discipline,18,8,10
Pehkthree,hyjal,767,priest,discipline,18,8,10
Grotti,ragnaros,767,priest,discipline,18,8,10
Analiesa,moon-guard,767,priest,discipline,18,8,10
Datspice,stormrage,767,priest,discipline,18,8,10
Hesus,deathwing,767,priest,discipline,18,8,10
Hellsembrace,lightbringer,767,priest,discipline,18,8,10
Phobe,windrunner,767,priest,discipline,18,8,10
Holyslap,nerzhul,767,priest,discipline,18,8,10
Fatherdan,blackrock,767,priest,discipline,24,8,16
Providennce,tichondrius,767,priest,discipline,24,8,16
Èuneekz,thrall,767,priest,discipline,24,8,16
Weston,bleeding-hollow,767,priest,discipline,24,8,16
Oniizanagi,thrall,767,priest,discipline,24,8,16
Dawnside,wyrmrest-accord,767,priest,discipline,24,8,16
Hl,dalaran,767,priest,discipline,24,8,16
Showakoi,ragnaros,767,priest,discipline,28,9,19
Shirley,skywall,767,priest,discipline,30,8,22
Mørphina,azralon,766,priest,discipline,12,8,4
Abzorbed,stormrage,766,priest,discipline,12,8,4
Dorós,coilfang,766,priest,discipline,12,8,4
Payperbuff,tichondrius,766,priest,discipline,12,8,4
Spitefuldirk,dalaran,766,priest,discipline,12,8,4
Mineral,sargeras,766,priest,discipline,12,8,4
Kynnen,mannoroth,766,priest,discipline,12,8,4
Grizzblessed,sargeras,766,priest,discipline,12,8,4
Jerserra,emerald-dream,766,priest,discipline,12,8,4
Fakér,illidan,766,priest,discipline,12,8,4
Juniorfloyd,tichondrius,766,priest,discipline,12,8,4
Moonarie,draka,766,priest,discipline,12,8,4
Empty,frostmourne,766,priest,discipline,12,8,4
Sinwifi,ragnaros,766,priest,discipline,12,8,4
Imb,nagrand,766,priest,discipline,12,8,4
Illen,nemesis,766,priest,discipline,12,8,4
Xhaajyh,area-52,766,priest,discipline,12,8,4
Unagidrop,malganis,766,priest,discipline,16,9,7
Via,chogall,766,priest,discipline,18,8,10
Gõd,zuluhed,766,priest,discipline,18,8,10
Asatruu,stormrage,766,priest,discipline,18,8,10
Purus,tichondrius,766,priest,discipline,18,8,10
Mondrielris,tichondrius,766,priest,discipline,18,8,10
Spriest,kul-tiras,766,priest,discipline,18,8,10
Invisapowa,hyjal,766,priest,discipline,18,8,10
Shaerel,dalaran,766,priest,discipline,18,8,10
Pollyphia,kiljaeden,765,priest,discipline,12,8,4
Stoutqt,arthas,765,priest,discipline,12,8,4
Tsunadae,hakkar,765,priest,discipline,12,8,4
Lasslìn,bonechewer,765,priest,discipline,12,8,4
Bandaidvibes,tichondrius,765,priest,discipline,12,8,4
Bübbler,tichondrius,765,priest,discipline,12,8,4
Kelelin,frostwolf,765,priest,discipline,18,8,10
Frekigeri,dalaran,765,priest,discipline,18,8,10
Aybaby,kiljaeden,765,priest,discipline,18,8,10
Shalther,thrall,765,priest,discipline,18,8,10
Nursébeardy,whisperwind,765,priest,discipline,18,8,10
Sahray,quelthalas,765,priest,discipline,18,8,10
Fhelurian,quelthalas,765,priest,discipline,18,8,10
Brosbeforeho,tichondrius,765,priest,discipline,24,8,16
Xiphz,stormrage,765,priest,discipline,24,8,16
Velinthra,proudmoore,764,priest,discipline,12,8,4
Awyn,elune,764,priest,discipline,12,8,4
Glepstein,emerald-dream,764,priest,discipline,18,8,10
Gudnewsevone,illidan,764,priest,discipline,18,8,10
Lobstersock,malganis,764,priest,discipline,18,8,10
Chloangel,frostmourne,764,priest,discipline,18,8,10
Healrat,thrall,764,priest,discipline,18,8,10
Vampriest,frostmourne,764,priest,discipline,19,8,11
Kuppel,tichondrius,764,priest,discipline,24,8,16
Glownoodle,stormrage,763,priest,discipline,12,8,4
Itchybubble,emerald-dream,763,priest,discipline,12,8,4
Taiji,whisperwind,763,priest,discipline,12,8,4
Ashlìe,moon-guard,763,priest,discipline,18,8,10
Deadheadfred,bonechewer,763,priest,discipline,18,8,10
Rókue,silvermoon,763,priest,discipline,18,8,10
Squatrack,tichondrius,763,priest,discipline,24,8,16
Nuell,malganis,762,priest,discipline,12,8,4
Badazzfrank,tichondrius,762,priest,discipline,18,8,10
Oniyuri,dark-iron,760,priest,discipline,12,8,4
Sunael,quelthalas,760,priest,discipline,12,8,4
Fluxus,sargeras,760,priest,discipline,12,8,4
Cheuksin,korgath,759,priest,discipline,12,8,4
Lifesavér,tichondrius,759,priest,discipline,12,8,4
Tâmpîcö,ragnaros,759,priest,discipline,18,8,10
Kasamm,nazjatar,756,priest,discipline,18,8,10
Theleena,malorne,755,priest,discipline,24,8,16
Flannigan,veknilash,753,priest,discipline,12,8,4
Alleviate,frostmourne,751,priest,discipline,17,8,9
Chadeux,bleeding-hollow,751,priest,discipline,18,8,10
Whitepi,tichondrius,751,priest,discipline,21,9,12
Healloween,stormrage,749,priest,discipline,12,8,4
Peacebewithu,echo-isles,749,priest,discipline,12,8,4
Jahsheer,kiljaeden,748,priest,discipline,14,10,4
Iseeyoulookn,stormrage,743,priest,discipline,23,10,13
Phathighs,nagrand,739,priest,discipline,18,8,10
Dopeyspriest,area-52,735,priest,discipline,14,9,5
Pokebox,frostmourne,735,priest,discipline,16,8,8
Álûcard,illidan,734,priest,discipline,13,9,4
Unholyshield,frostmourne,734,priest,discipline,17,8,9
Itssehctap,chogall,732,priest,discipline,14,9,5
Aloragon,tichondrius,732,priest,discipline,17,8,9
Priestmain,thrall,731,priest,discipline,17,8,9
Kloevu,stormrage,725,priest,discipline,17,8,9
Itxo,quelthalas,723,priest,discipline,16,9,7
Invoice,bloodscalp,719,priest,discipline,17,8,9
Pðpë,area-52,718,priest,discipline,11,8,3
Clarity,arthas,718,priest,discipline,15,9,6
Nikniknak,bleeding-hollow,715,priest,discipline,15,9,6
Inmøthep,ragnaros,713,priest,discipline,22,9,13
Nås,elune,711,priest,discipline,22,10,12
Trashdiscx,stormrage,707,priest,discipline,25,11,14
Aenbubble,tichondrius,703,priest,discipline,14,8,6
Beecakes,illidan,701,priest,discipline,13,9,4
Styléßéndérx,illidan,687,priest,discipline,11,8,3
Väin,proudmoore,685,priest,discipline,27,10,17
Läsombra,area-52,684,priest,discipline,17,9,8
Holyhand,auchindoun,672,priest,discipline,12,7,5
Holyscuz,zuljin,672,priest,discipline,12,7,5
Dontgome,proudmoore,672,priest,discipline,12,7,5
Sevros,moon-guard,672,priest,discipline,12,7,5
Powerwôrdhug,destromath,672,priest,discipline,12,7,5
Holyshiiet,area-52,672,priest,discipline,12,7,5
Artirie,darkspear,672,priest,discipline,12,7,5
Wâtermelon,stormrage,672,priest,discipline,12,7,5
Squigic,turalyon,672,priest,discipline,12,7,5
Marejayne,tichondrius,672,priest,discipline,12,7,5
Josephlin,quelthalas,672,priest,discipline,12,7,5
Pavesarii,proudmoore,672,priest,discipline,12,7,5
Eneldz,quelthalas,672,priest,discipline,12,7,5
Amoureuxz,bleeding-hollow,672,priest,discipline,12,7,5
Wale,akama,672,priest,discipline,12,7,5
Jenhawkinsx,frostmourne,672,priest,discipline,12,7,5
Tòodles,stormrage,672,priest,discipline,12,7,5
Priesticules,illidan,672,priest,discipline,12,7,5
Walpurgis,skywall,672,priest,discipline,12,7,5
Whataday,tichondrius,672,priest,discipline,12,7,5
Dráugr,ragnaros,672,priest,discipline,12,7,5
Yodud,tichondrius,672,priest,discipline,12,7,5
Penanced,tichondrius,672,priest,discipline,12,7,5
Thewaker,tichondrius,672,priest,discipline,12,7,5
Omsi,emerald-dream,672,priest,discipline,12,7,5
Scandi,tichondrius,672,priest,discipline,12,7,5
Brehzy,zuljin,672,priest,discipline,12,7,5
Kymomeh,sargeras,672,priest,discipline,12,7,5
Ogdisc,gallywix,672,priest,discipline,12,7,5
Aeyde,proudmoore,672,priest,discipline,12,7,5
Sadsadge,sargeras,672,priest,discipline,12,7,5
Fialiadia,illidan,672,priest,discipline,12,7,5
Burgersl,illidan,672,priest,discipline,12,7,5
Interacts,darkspear,672,priest,discipline,12,7,5
Fronkeytko,tichondrius,672,priest,discipline,12,7,5
Clevelandboy,blackrock,672,priest,discipline,12,7,5
Xellda,azjolnerub,672,priest,discipline,12,7,5
Tslacalls,malganis,672,priest,discipline,12,7,5
Kiloe,tichondrius,672,priest,discipline,12,7,5
Littlehcl,tichondrius,672,priest,discipline,12,7,5
Bigolbush,moon-guard,672,priest,discipline,12,7,5
Dwarfxomp,ragnaros,672,priest,discipline,12,7,5
Taboogie,tichondrius,672,priest,discipline,12,7,5
Absorbn,barthilas,672,priest,discipline,12,7,5
Carboload,thrall,672,priest,discipline,12,7,5
Onipapae,frostmourne,672,priest,discipline,12,7,5
Djwienerbum,darkspear,672,priest,discipline,12,7,5
Olibreaker,tichondrius,672,priest,discipline,12,7,5
Fäÿë,tichondrius,672,priest,discipline,12,7,5
Jnglpriestx,thrall,672,priest,discipline,12,7,5
Xsy,stormrage,672,priest,discipline,12,7,5
Notlowboy,area-52,672,priest,discipline,12,7,5
Moondèx,maelstrom,672,priest,discipline,12,7,5
Nerfdisc,elune,672,priest,discipline,12,7,5
Ninielly,stormrage,672,priest,discipline,14,8,6
Siddhar,illidan,672,priest,discipline,13,7,6
Photicz,thrall,672,priest,discipline,17,8,9
Burkett,sargeras,672,priest,discipline,18,7,11
Dxs,hydraxis,672,priest,discipline,18,7,11
Iwillrezguys,tichondrius,672,priest,discipline,18,7,11
Joeybats,frostwolf,672,priest,discipline,18,7,11
Manbooty,illidan,672,priest,discipline,18,7,11
Aryeinna,illidan,672,priest,discipline,18,7,11
Azari,illidan,672,priest,discipline,18,7,11
Jugeum,proudmoore,672,priest,discipline,18,7,11
Criminalsp,frostmourne,672,priest,discipline,18,7,11
Späcehulk,illidan,672,priest,discipline,18,7,11
Dingledot,sargeras,672,priest,discipline,18,7,11
Rigotakx,illidan,672,priest,discipline,18,7,11
Nayng,tichondrius,672,priest,discipline,18,7,11
Upsahl,area-52,672,priest,discipline,18,7,11
Mockr,kiljaeden,672,priest,discipline,18,7,11
Xayda,area-52,672,priest,discipline,18,7,11
Lidole,barthilas,672,priest,discipline,18,7,11
Jagsp,area-52,672,priest,discipline,18,7,11
Döyöuliftbro,tichondrius,672,priest,discipline,18,7,11
Xalty,emerald-dream,672,priest,discipline,21,8,13
Pïque,proudmoore,672,priest,discipline,24,7,17
Teamz,illidan,672,priest,discipline,24,7,17
Diebetus,zuljin,672,priest,discipline,24,7,17
Ezrah,kelthuzad,672,priest,discipline,24,7,17
Autogenic,malganis,672,priest,discipline,24,7,17
Babymieo,illidan,672,priest,discipline,24,7,17
Stríkes,emerald-dream,672,priest,discipline,24,7,17
Polyesterp,frostmourne,672,priest,discipline,24,7,17
Mindfak,bleeding-hollow,672,priest,discipline,24,7,17
Ehmacros,kelthuzad,672,priest,discipline,24,7,17
Discpriestxo,malganis,672,priest,discipline,30,7,23
Zortroz,tichondrius,671,priest,discipline,10,8,2
Thalladori,area-52,671,priest,discipline,16,10,6
Lumyra,malganis,671,priest,discipline,12,7,5
Saintclac,illidan,671,priest,discipline,12,7,5
Smileshadowx,frostmourne,671,priest,discipline,12,7,5
Fleische,thrall,671,priest,discipline,12,7,5
Altari,whisperwind,671,priest,discipline,12,7,5
Saphet,draktharon,671,priest,discipline,12,7,5
Skgangmm,tichondrius,671,priest,discipline,12,7,5
Linlight,stormrage,671,priest,discipline,12,7,5
Worstpriest,stormscale,671,priest,discipline,12,7,5
Dreaminz,tichondrius,671,priest,discipline,12,7,5
Clerkbum,emerald-dream,671,priest,discipline,12,7,5
Lebanese,frostmourne,671,priest,discipline,12,7,5
Beocca,nerzhul,671,priest,discipline,12,7,5
Tassadaraiur,tichondrius,671,priest,discipline,12,7,5
Mahelet,drakkari,671,priest,discipline,12,7,5
Popeofdope,queldorei,671,priest,discipline,12,7,5
Fatherleem,tichondrius,671,priest,discipline,12,7,5
Travakel,proudmoore,671,priest,discipline,12,7,5
Lightschosen,malganis,671,priest,discipline,12,7,5
Moirâ,silvermoon,671,priest,discipline,12,7,5
Milkymommies,tichondrius,671,priest,discipline,12,7,5
Zarfs,burning-blade,671,priest,discipline,12,7,5
Curra,frostmourne,671,priest,discipline,12,7,5
Debigheal,stormrage,671,priest,discipline,12,7,5
Lovetotouch,malganis,671,priest,discipline,12,7,5
Jeremey,darkspear,671,priest,discipline,12,7,5
Danílo,quelthalas,671,priest,discipline,12,7,5
Dorlala,tichondrius,671,priest,discipline,12,7,5
Fatherjerry,kiljaeden,671,priest,discipline,12,7,5
Trinidy,illidan,671,priest,discipline,12,7,5
Esohpr,frostmourne,671,priest,discipline,12,7,5
Atheenia,icecrown,671,priest,discipline,12,7,5
Synapse,moon-guard,671,priest,discipline,12,7,5
Demonwizard,sargeras,671,priest,discipline,12,7,5
Kenprizle,sargeras,671,priest,discipline,12,7,5
Bombinburbon,durotan,671,priest,discipline,12,7,5
Maenard,emerald-dream,671,priest,discipline,12,7,5
Epik,moknathal,671,priest,discipline,15,8,7
Telrane,aggramar,671,priest,discipline,18,7,11
Mottomami,nemesis,671,priest,discipline,18,7,11
Merxy,bleeding-hollow,671,priest,discipline,18,7,11
Randomheal,dunemaul,671,priest,discipline,18,7,11
Adofthealer,illidan,671,priest,discipline,18,7,11
Ganelm,vashj,671,priest,discipline,18,7,11
Jjojae,illidan,671,priest,discipline,18,7,11
Revivemepls,tichondrius,671,priest,discipline,18,7,11
Vania,tortheldrin,671,priest,discipline,18,7,11
Rillding,tichondrius,671,priest,discipline,18,7,11
Caeda,icecrown,671,priest,discipline,24,7,17
Floorpray,tichondrius,671,priest,discipline,24,7,17
Xiaozhui,tichondrius,671,priest,discipline,24,7,17
Malansuo,wyrmrest-accord,671,priest,discipline,30,7,23
Kastwalker,earthen-ring,670,priest,discipline,12,7,5
Donus,frostmane,670,priest,discipline,12,7,5
Triplekil,tichondrius,670,priest,discipline,12,7,5
Cromagnøn,dalaran,670,priest,discipline,12,7,5
Susannahh,goldrinn,670,priest,discipline,12,7,5
Xð,jubeithos,670,priest,discipline,12,7,5
Angelicduck,illidan,670,priest,discipline,12,7,5
Lavvari,durotan,670,priest,discipline,12,7,5
Antìdote,tichondrius,670,priest,discipline,12,7,5
Fedge,kelthuzad,670,priest,discipline,12,7,5
Mitras,moon-guard,670,priest,discipline,12,7,5
Fatherhands,illidan,670,priest,discipline,12,7,5
Mortïmer,alleria,670,priest,discipline,12,7,5
Madskills,shadow-council,670,priest,discipline,12,7,5
Spiceenjoyer,emerald-dream,670,priest,discipline,15,8,7
Dwennalous,stormrage,670,priest,discipline,18,7,11
Xeras,ravencrest,670,priest,discipline,18,7,11
Arkathus,stormrage,670,priest,discipline,18,7,11
Râku,area-52,670,priest,discipline,18,7,11
Prófessór,tichondrius,670,priest,discipline,18,7,11
Holymeta,dunemaul,670,priest,discipline,18,7,11
Mègadèath,area-52,670,priest,discipline,18,7,11
Zgzz,stormrage,670,priest,discipline,24,7,17
Kerfos,azralon,669,priest,discipline,10,8,2
Dorst,bonechewer,669,priest,discipline,18,7,11
Gabryanna,emerald-dream,669,priest,discipline,18,7,11
Laj,proudmoore,669,priest,discipline,24,7,17
Evelien,kiljaeden,669,priest,discipline,24,7,17
Jikoguu,stormscale,669,priest,discipline,24,7,17
Bubbleyo,shandris,668,priest,discipline,12,7,5
Darthvalak,illidan,668,priest,discipline,12,7,5
Nielic,arygos,668,priest,discipline,12,7,5
Butterflyblu,ragnaros,668,priest,discipline,13,7,6
Kenray,sargeras,668,priest,discipline,18,7,11
Albertth,ragnaros,668,priest,discipline,18,7,11
Butterblessr,thunderlord,668,priest,discipline,19,7,12
Viehweg,azralon,667,priest,discipline,18,7,11
Nikasaur,azgalor,667,priest,discipline,18,7,11
Healzutwo,tichondrius,667,priest,discipline,18,7,11
Tassik,dalaran,667,priest,discipline,18,7,11
Xojelas,quelthalas,666,priest,discipline,12,7,5
Glisserin,zuljin,666,priest,discipline,12,7,5
Mortecraft,sargeras,666,priest,discipline,12,7,5
Tenet,stormscale,666,priest,discipline,18,7,11
Charlie,azshara,665,priest,discipline,12,7,5
Pharaoh,deathwing,665,priest,discipline,18,7,11
Grapedraankk,kelthuzad,664,priest,discipline,12,7,5
Crossblesser,alleria,663,priest,discipline,12,7,5
Sezyks,stormrage,655,priest,discipline,17,7,10
Rcx,sargeras,655,priest,discipline,17,7,10
Plasticbag,frostmourne,654,priest,discipline,17,7,10
Gankchange,tichondrius,639,priest,discipline,14,8,6
Pridesp,tichondrius,639,priest,discipline,14,8,6
Lalo,bleeding-hollow,638,priest,discipline,23,7,16
Vyvanse,azuremyst,638,priest,discipline,29,7,22
Futatsi,zuljin,634,priest,discipline,23,7,16
Dreadxshadow,stormrage,628,priest,discipline,24,12,12
Laeral,quelthalas,626,priest,discipline,23,7,16
Swagacious,malganis,624,priest,discipline,13,8,5
Elliepls,tichondrius,624,priest,discipline,15,7,8
Holysmegma,dreadmaul,623,priest,discipline,11,7,4
Ezpríest,kelthuzad,623,priest,discipline,11,7,4
Azaleth,sargeras,623,priest,discipline,17,7,10
Elevatez,stormrage,608,priest,discipline,10,7,3
Åffliction,sargeras,607,priest,discipline,11,7,4
Coolzo,dethecus,607,priest,discipline,14,8,6
Jimyo,tichondrius,607,priest,discipline,15,7,8
Coutúre,illidan,606,priest,discipline,11,7,4
Codiroli,tichondrius,606,priest,discipline,14,7,7
Forprophet,proudmoore,606,priest,discipline,22,7,15
Athzziry,ragnaros,599,priest,discipline,21,7,14
Applekrisp,sargeras,589,priest,discipline,25,8,17
Thirddps,illidan,576,priest,discipline,6,6,0
Pearl,chogall,576,priest,discipline,6,6,0
Illmatíc,malganis,576,priest,discipline,6,6,0
Eldoras,zuljin,576,priest,discipline,6,6,0
Porffy,malygos,576,priest,discipline,6,6,0
Càptain,moon-guard,576,priest,discipline,6,6,0
Jtrxyz,tichondrius,576,priest,discipline,6,6,0
Delai,dalaran,576,priest,discipline,6,6,0
Healia,tichondrius,576,priest,discipline,6,6,0
Syndrox,kelthuzad,576,priest,discipline,6,6,0
Wizeau,dalaran,576,priest,discipline,6,6,0
Bernietopper,tichondrius,576,priest,discipline,12,6,6
Scripture,stormreaver,576,priest,discipline,12,6,6
Instaboned,sargeras,576,priest,discipline,12,6,6
Armour,kelthuzad,576,priest,discipline,12,6,6
Syncope,garona,576,priest,discipline,12,6,6
Meshuggah,archimonde,576,priest,discipline,12,6,6
Seléne,tichondrius,576,priest,discipline,12,6,6
Yannigirl,area-52,576,priest,discipline,12,6,6
Celypriest,moon-guard,576,priest,discipline,12,6,6
Bambucha,ragnaros,576,priest,discipline,12,6,6
Nokzo,dalaran,576,priest,discipline,12,6,6
Treri,bleeding-hollow,576,priest,discipline,12,6,6
Docpriestelf,kelthuzad,576,priest,discipline,12,6,6
Taviesh,tichondrius,576,priest,discipline,12,6,6
Shwayp,zuljin,576,priest,discipline,12,6,6
Chaotikx,kelthuzad,576,priest,discipline,12,6,6
Frankoizz,quelthalas,576,priest,discipline,12,6,6
Keldrii,sentinels,576,priest,discipline,12,6,6
Akinap,thrall,576,priest,discipline,12,6,6
Datwunguy,sargeras,576,priest,discipline,12,6,6
Nelfpriest,khadgar,576,priest,discipline,12,6,6
Flarkyllama,area-52,576,priest,discipline,12,6,6
Mediterranee,tichondrius,576,priest,discipline,12,6,6
Priil,emerald-dream,576,priest,discipline,12,6,6
Shoepooper,kelthuzad,576,priest,discipline,12,6,6
Raichu,blackrock,576,priest,discipline,12,6,6
Bumps,zuljin,576,priest,discipline,12,6,6
Photicz,malganis,576,priest,discipline,12,6,6
Padrë,tichondrius,576,priest,discipline,12,6,6
Panikâ,thrall,576,priest,discipline,12,6,6
Moselol,tichondrius,576,priest,discipline,12,6,6
Saelomism,frostmourne,576,priest,discipline,12,6,6
Jpgpng,tichondrius,576,priest,discipline,12,6,6
Puritykitty,zuljin,576,priest,discipline,12,6,6
Moqoro,azralon,576,priest,discipline,12,6,6
Inukimi,sargeras,576,priest,discipline,12,6,6
Jackski,aerie-peak,576,priest,discipline,12,6,6
Bigsàd,proudmoore,576,priest,discipline,12,6,6
Zaperama,tichondrius,576,priest,discipline,12,6,6
Prostrat,deathwing,576,priest,discipline,12,6,6
Obstetrician,tichondrius,576,priest,discipline,12,6,6
Rïshloo,ragnaros,576,priest,discipline,12,6,6
Hereges,azralon,576,priest,discipline,12,6,6
Skiza,stormrage,576,priest,discipline,12,6,6
Nineoneoneh,stormrage,576,priest,discipline,12,6,6
Wøah,stormrage,576,priest,discipline,12,6,6
Dimanche,thunderlord,576,priest,discipline,12,6,6
Xiaochenchen,tichondrius,576,priest,discipline,12,6,6
Saviorsëlf,tichondrius,576,priest,discipline,12,6,6
Astralshadow,barthilas,576,priest,discipline,12,6,6
Imfresh,illidan,576,priest,discipline,12,6,6
Dazull,bleeding-hollow,576,priest,discipline,12,6,6
Nethir,moon-guard,576,priest,discipline,12,6,6
Bootypudding,moon-guard,576,priest,discipline,12,6,6
Napr,proudmoore,576,priest,discipline,12,6,6
Rin,ghostlands,576,priest,discipline,12,6,6
Neep,turalyon,576,priest,discipline,12,6,6
Degenerates,blood-furnace,576,priest,discipline,12,6,6
Jopocket,bleeding-hollow,576,priest,discipline,12,6,6
Kzo,gnomeregan,576,priest,discipline,12,6,6
Ruinr,illidan,576,priest,discipline,12,6,6
Wodpriestx,stormrage,576,priest,discipline,12,6,6
Johnio,tichondrius,576,priest,discipline,12,6,6
Ahnassi,stormrage,576,priest,discipline,12,6,6
Purpskurp,stormrage,576,priest,discipline,12,6,6
Babburger,tichondrius,576,priest,discipline,12,6,6
Bohomag,tichondrius,576,priest,discipline,12,6,6
Intrav,malganis,576,priest,discipline,12,6,6
Redkiwi,illidan,576,priest,discipline,12,6,6
Bloodfaith,stormrage,576,priest,discipline,12,6,6
Decades,moon-guard,576,priest,discipline,12,6,6
Slobmygnob,illidan,576,priest,discipline,12,6,6
Dubai,tichondrius,576,priest,discipline,12,6,6
Lisau,tichondrius,576,priest,discipline,12,6,6
Thelastfight,frostmourne,576,priest,discipline,12,6,6
Wabie,illidan,576,priest,discipline,12,6,6
Chicoryx,illidan,576,priest,discipline,12,6,6
Joanoarc,destromath,576,priest,discipline,12,6,6
Warlocks,lightbringer,576,priest,discipline,12,6,6
Elfgasmic,blackwater-raiders,576,priest,discipline,12,6,6
Rëy,bleeding-hollow,576,priest,discipline,12,6,6
Fatherjohnny,azuremyst,576,priest,discipline,12,6,6
Dimebahg,mugthol,576,priest,discipline,12,6,6
Roentgen,sargeras,576,priest,discipline,12,6,6
Boppdot,tichondrius,576,priest,discipline,12,6,6
Jubinátor,tichondrius,576,priest,discipline,12,6,6
Stankychimpo,malganis,576,priest,discipline,12,6,6
Capriestsunx,malfurion,576,priest,discipline,12,6,6
Kawasakix,tichondrius,576,priest,discipline,12,6,6
Ifortalot,lothar,576,priest,discipline,12,6,6
Punchyxz,illidan,576,priest,discipline,12,6,6
Tcfx,bleeding-hollow,576,priest,discipline,12,6,6
Johnnysyns,frostmourne,576,priest,discipline,12,6,6
Surletoit,tichondrius,576,priest,discipline,12,6,6
Darkinfusion,illidan,576,priest,discipline,12,6,6
Saintjpii,tichondrius,576,priest,discipline,12,6,6
Luun,bleeding-hollow,576,priest,discipline,12,6,6
Randyortonn,tichondrius,576,priest,discipline,12,6,6
Træway,tichondrius,576,priest,discipline,12,6,6
Bigfirebet,tichondrius,576,priest,discipline,15,7,8
Preyforme,tichondrius,576,priest,discipline,13,6,7
Fiéstah,illidan,576,priest,discipline,21,7,14
Oymay,illidan,576,priest,discipline,18,6,12
Slthrysnake,area-52,576,priest,discipline,18,6,12
Jinzp,area-52,576,priest,discipline,18,6,12
Komicks,tichondrius,576,priest,discipline,18,6,12
Asmødeus,bleeding-hollow,576,priest,discipline,18,6,12
Keepsleepin,stormrage,576,priest,discipline,18,6,12
Priestmass,dalaran,576,priest,discipline,18,6,12
Junethegreat,tichondrius,576,priest,discipline,18,6,12
Dgpriest,tichondrius,576,priest,discipline,18,6,12
Fartnutts,dalaran,576,priest,discipline,18,6,12
Stepbrohelp,barthilas,576,priest,discipline,18,6,12
Çørrúptíøñz,tichondrius,576,priest,discipline,18,6,12
Dots,tichondrius,576,priest,discipline,18,6,12
Jarzo,thunderhorn,576,priest,discipline,18,6,12
Wiñtér,tichondrius,576,priest,discipline,18,6,12
Jazmiine,ragnaros,576,priest,discipline,18,6,12
Shadlo,chogall,576,priest,discipline,18,6,12
Sandelios,aggramar,576,priest,discipline,18,6,12
Jiedx,tichondrius,576,priest,discipline,18,6,12
Fadedhalo,magtheridon,576,priest,discipline,18,6,12
Repriest,malganis,576,priest,discipline,18,6,12
Lildes,tichondrius,576,priest,discipline,18,6,12
Sojang,tichondrius,576,priest,discipline,18,6,12
Drossv,shadowmoon,576,priest,discipline,18,6,12
Ershackleton,illidan,576,priest,discipline,18,6,12
Peaky,moonrunner,576,priest,discipline,18,6,12
Deadlylight,frostmourne,576,priest,discipline,18,6,12
Goobiesz,tichondrius,576,priest,discipline,18,6,12
Plztrainme,spinebreaker,576,priest,discipline,18,6,12
Starp,tichondrius,576,priest,discipline,18,6,12
Pekeatz,tichondrius,576,priest,discipline,18,6,12
Sofunchode,illidan,576,priest,discipline,18,6,12
Snupyfangirl,area-52,576,priest,discipline,18,6,12
Xpenance,ragnaros,576,priest,discipline,18,6,12
Synaptikk,proudmoore,576,priest,discipline,18,6,12
Mylà,ragnaros,576,priest,discipline,20,6,14
Drupith,dalaran,576,priest,discipline,24,6,18
Cûrry,bleeding-hollow,576,priest,discipline,24,6,18
Bree,area-52,576,priest,discipline,24,6,18
Felixfire,moon-guard,576,priest,discipline,24,6,18
Nachòs,wildhammer,575,priest,discipline,6,6,0
Astrìx,tichondrius,575,priest,discipline,6,6,0
Kephrek,eonar,575,priest,discipline,6,6,0
Khaibit,stormrage,575,priest,discipline,12,6,6
Lzzp,azralon,575,priest,discipline,12,6,6
Akapegando,ragnaros,575,priest,discipline,12,6,6
Siabo,tichondrius,575,priest,discipline,12,6,6
Imhotap,illidan,575,priest,discipline,12,6,6
Brahmin,nazjatar,575,priest,discipline,12,6,6
Actiop,stormrage,575,priest,discipline,12,6,6
Juress,area-52,575,priest,discipline,12,6,6
Pulso,area-52,575,priest,discipline,12,6,6
Forroc,stormrage,575,priest,discipline,12,6,6
Lúçíd,sargeras,575,priest,discipline,12,6,6
Silveri,thrall,575,priest,discipline,12,6,6
Trienolone,emerald-dream,575,priest,discipline,12,6,6
Supermelt,emerald-dream,575,priest,discipline,12,6,6
Nevertelsp,malganis,575,priest,discipline,12,6,6
Uncensøred,tichondrius,575,priest,discipline,12,6,6
Nordheal,stormrage,575,priest,discipline,12,6,6
Herzattacken,malganis,575,priest,discipline,12,6,6
Aanora,illidan,575,priest,discipline,12,6,6
Amgen,bleeding-hollow,575,priest,discipline,12,6,6
Kahari,perenolde,575,priest,discipline,12,6,6
Wickedmoon,emerald-dream,575,priest,discipline,12,6,6
Moarhaste,kelthuzad,575,priest,discipline,12,6,6
Pinaybebe,kiljaeden,575,priest,discipline,12,6,6
Mcfluffin,aggramar,575,priest,discipline,12,6,6
Nejisaiyan,sargeras,575,priest,discipline,12,6,6
Cylocibin,kiljaeden,575,priest,discipline,12,6,6
Andriloveyou,barthilas,575,priest,discipline,12,6,6
Kreon,tichondrius,575,priest,discipline,12,6,6
Exanthrope,stormrage,575,priest,discipline,12,6,6
Demimo,frostwolf,575,priest,discipline,12,6,6
Swaptohealer,misha,575,priest,discipline,12,6,6
Gdrf,sargeras,575,priest,discipline,12,6,6
Nineoneone,kilrogg,575,priest,discipline,12,6,6
Spaddox,arathor,575,priest,discipline,12,6,6
Waterßoÿ,emerald-dream,575,priest,discipline,15,7,8
Peeinbottles,stormrage,575,priest,discipline,16,7,9
Biltpeter,tichondrius,575,priest,discipline,15,6,9
Runecarver,anvilmar,575,priest,discipline,18,6,12
Mortaroth,doomhammer,575,priest,discipline,18,6,12
Villageidiot,lightbringer,575,priest,discipline,18,6,12
Scenekîd,moon-guard,575,priest,discipline,18,6,12
Baldpate,tichondrius,575,priest,discipline,24,6,18
Chalmersyo,tichondrius,574,priest,discipline,12,6,6
Evilmajor,icecrown,574,priest,discipline,12,6,6
Mikol,eredar,574,priest,discipline,12,6,6
Senareyn,thrall,574,priest,discipline,12,6,6
Papadarkness,tichondrius,574,priest,discipline,24,6,18
Mezervescent,thrall,574,priest,discipline,24,6,18
Fanaeth,arathor,573,priest,discipline,12,6,6
Reilean,sargeras,573,priest,discipline,12,6,6
Ságrádá,area-52,573,priest,discipline,12,6,6
Prebruisz,baelgun,573,priest,discipline,12,6,6
Phantoms,moon-guard,573,priest,discipline,18,6,12
Bigchip,sargeras,573,priest,discipline,24,6,18
Aragingclue,burning-legion,572,priest,discipline,12,6,6
Marpi,quelthalas,572,priest,discipline,24,6,18
Voidlordd,kelthuzad,571,priest,discipline,12,6,6
Trialla,medivh,571,priest,discipline,18,6,12
Grandraf,dreadmaul,570,priest,discipline,12,6,6
Jaster,proudmoore,570,priest,discipline,14,6,8
Zanyp,akama,570,priest,discipline,18,6,12
Antipreist,bonechewer,567,priest,discipline,12,6,6
Eumalfa,dalaran,567,priest,discipline,12,6,6
Crossbones,cenarion-circle,566,priest,discipline,12,6,6
Adeptphd,tichondrius,559,priest,discipline,23,6,17
Justfaith,barthilas,558,priest,discipline,17,6,11
Zeno,haomarush,557,priest,discipline,11,6,5
Gringotaco,tichondrius,554,priest,discipline,26,9,17
Awaken81B7AE,illidan,543,priest,discipline,17,6,11
Mørbol,tichondrius,541,priest,discipline,14,7,7
Moonlightx,destromath,528,priest,discipline,9,7,2
Randomprist,area-52,528,priest,discipline,15,6,9
Tealien,dalaran,527,priest,discipline,11,6,5
Pasquell,emerald-dream,526,priest,discipline,11,6,5
Nosgoróth,quelthalas,522,priest,discipline,13,7,6
Kencys,tichondrius,522,priest,discipline,16,7,9
Dotdotdead,earthen-ring,522,priest,discipline,16,7,9
Twistèr,zuljin,522,priest,discipline,26,7,19
Onahaihu,tichondrius,521,priest,discipline,20,7,13
Identìty,moon-guard,521,priest,discipline,28,7,21
Øçñæøæçñøñçæ,sargeras,520,priest,discipline,12,7,5
Ethari,crushridge,520,priest,discipline,21,7,14
Enphý,quelthalas,511,priest,discipline,11,6,5
Smíght,thrall,511,priest,discipline,11,6,5
Bigtang,kiljaeden,511,priest,discipline,14,6,8
Lilmad,stormrage,511,priest,discipline,20,6,14
Moneymurph,blackrock,511,priest,discipline,26,6,20
Ibangedaqt,malganis,497,priest,discipline,29,12,17
Aquandrelea,aegwynn,495,priest,discipline,7,6,1
Leist,ragnaros,495,priest,discipline,11,6,5
Yait,tichondrius,495,priest,discipline,14,7,7
Silverspöön,bleeding-hollow,495,priest,discipline,13,6,7
Educated,tichondrius,495,priest,discipline,26,6,20
Djd,frostmourne,480,priest,discipline,6,5,1
Pertril,stormrage,480,priest,discipline,6,5,1
Kayluhn,area-52,480,priest,discipline,6,5,1
Cxmplex,malganis,480,priest,discipline,6,5,1
Xorriz,bleeding-hollow,480,priest,discipline,6,5,1
Phantømz,zuljin,480,priest,discipline,6,5,1
Noite,azralon,480,priest,discipline,6,5,1
Clerkpriest,dragonmaw,480,priest,discipline,6,5,1
Aetonyx,anvilmar,480,priest,discipline,6,5,1
Çøçø,tichondrius,480,priest,discipline,6,5,1
Sixnoh,moonrunner,480,priest,discipline,6,5,1
Emiyawagrano,tichondrius,480,priest,discipline,6,5,1
Bulleitrye,emerald-dream,480,priest,discipline,6,5,1
Nawtyforever,tichondrius,480,priest,discipline,6,5,1
Xøspëélls,ragnaros,480,priest,discipline,6,5,1
Sharkbones,tichondrius,480,priest,discipline,6,5,1
Hateutoo,sargeras,480,priest,discipline,6,5,1
Gäüga,burning-legion,480,priest,discipline,6,5,1
Danawhitex,thrall,480,priest,discipline,6,5,1
Kénnypowers,tichondrius,480,priest,discipline,6,5,1
Privx,bleeding-hollow,480,priest,discipline,6,5,1
Hõlyshìt,whisperwind,480,priest,discipline,6,5,1
Word,korgath,480,priest,discipline,6,5,1
Sierrastorms,moon-guard,480,priest,discipline,6,5,1
Mercedés,alleria,480,priest,discipline,6,5,1
Thugliffe,frostmourne,480,priest,discipline,6,5,1
Deacoderx,area-52,480,priest,discipline,6,5,1
Docvalentino,malganis,480,priest,discipline,6,5,1
Stegp,kelthuzad,480,priest,discipline,6,5,1
Corov,korgath,480,priest,discipline,6,5,1
Hansa,ragnaros,480,priest,discipline,6,5,1
Uncletouchy,illidan,480,priest,discipline,6,5,1
Armanp,hyjal,480,priest,discipline,6,5,1
Káldorei,proudmoore,480,priest,discipline,6,5,1
Dzikuss,aegwynn,480,priest,discipline,6,5,1
Kardinalkeso,frostmourne,480,priest,discipline,6,5,1
Imwithham,tichondrius,480,priest,discipline,10,6,4
Spîteful,illidan,480,priest,discipline,12,5,7
Soulbane,frostmourne,480,priest,discipline,12,5,7
Htx,dunemaul,480,priest,discipline,12,5,7
Azngød,tichondrius,480,priest,discipline,12,5,7
Inflate,frostmourne,480,priest,discipline,12,5,7
Bluffzp,boulderfist,480,priest,discipline,12,5,7
Skwishee,illidan,480,priest,discipline,12,5,7
Shelfedelf,gurubashi,480,priest,discipline,12,5,7
Robbailey,dalvengyr,480,priest,discipline,12,5,7
Thadopepope,tichondrius,480,priest,discipline,12,5,7
Stubby,shadowsong,480,priest,discipline,12,5,7
Câstiêl,malganis,480,priest,discipline,12,5,7
Feyns,illidan,480,priest,discipline,12,5,7
Drmattydubz,tichondrius,480,priest,discipline,12,5,7
Humblemumble,barthilas,480,priest,discipline,12,5,7
Kurahashe,moon-guard,480,priest,discipline,12,5,7
Doublesix,malganis,480,priest,discipline,12,5,7
Thedeadheal,malganis,480,priest,discipline,12,5,7
Stunzeed,staghelm,480,priest,discipline,12,5,7
Supernamp,sargeras,480,priest,discipline,12,5,7
Icarryozz,darkspear,480,priest,discipline,12,5,7
Pillowfinger,illidan,480,priest,discipline,12,5,7
Blackdeathx,tichondrius,480,priest,discipline,12,5,7
Whosjoe,tichondrius,480,priest,discipline,12,5,7
Jmanhealz,stormrage,480,priest,discipline,12,5,7
Voidquil,bonechewer,480,priest,discipline,12,5,7
Beetrap,wyrmrest-accord,480,priest,discipline,12,5,7
Imhðtep,ragnaros,480,priest,discipline,12,5,7
Kopipriest,barthilas,480,priest,discipline,12,5,7
Istvala,zuljin,480,priest,discipline,12,5,7
Widewinks,thrall,480,priest,discipline,12,5,7
Äpriest,sargeras,480,priest,discipline,12,5,7
Ptam,tichondrius,480,priest,discipline,12,5,7
Vyrah,area-52,480,priest,discipline,12,5,7
Shôta,kelthuzad,480,priest,discipline,12,5,7
Elexianpi,stormrage,480,priest,discipline,12,5,7
Ayani,khadgar,480,priest,discipline,12,5,7
Yaheals,gorefiend,480,priest,discipline,12,5,7
Wreklol,sargeras,480,priest,discipline,12,5,7
Thiella,azralon,480,priest,discipline,12,5,7
Cw,wildhammer,480,priest,discipline,12,5,7
Jackymv,kelthuzad,480,priest,discipline,12,5,7
Altaeres,tichondrius,480,priest,discipline,12,5,7
Hotdice,bleeding-hollow,480,priest,discipline,12,5,7
Alleeyy,tichondrius,480,priest,discipline,12,5,7
Starzard,kelthuzad,480,priest,discipline,12,5,7
Justgoon,tichondrius,480,priest,discipline,12,5,7
Yujawang,sargeras,480,priest,discipline,12,5,7
Vikks,tichondrius,480,priest,discipline,12,5,7
Rofrofmu,aegwynn,480,priest,discipline,12,5,7
Sabela,moon-guard,480,priest,discipline,12,5,7
Taikosqt,azralon,480,priest,discipline,12,5,7
Hotlink,daggerspine,480,priest,discipline,12,5,7
Piffbadar,tichondrius,480,priest,discipline,12,5,7
Léto,burning-blade,480,priest,discipline,12,5,7
Discogs,frostmourne,480,priest,discipline,12,5,7
Yauntoo,tichondrius,480,priest,discipline,12,5,7
Ajazz,zuljin,480,priest,discipline,12,5,7
Krazyapollo,tichondrius,480,priest,discipline,12,5,7
Stambuff,tichondrius,480,priest,discipline,12,5,7
Shwrma,bleeding-hollow,480,priest,discipline,12,5,7
Hello,tichondrius,480,priest,discipline,12,5,7
Pumice,destromath,480,priest,discipline,12,5,7
Amperx,wyrmrest-accord,480,priest,discipline,12,5,7
Barrist,wyrmrest-accord,480,priest,discipline,12,5,7
Augus,velen,480,priest,discipline,12,5,7
Shadowcrash,zuljin,480,priest,discipline,12,5,7
Averages,stormrage,480,priest,discipline,12,5,7
Shayylii,stormrage,480,priest,discipline,12,5,7
Mywifesaidno,sargeras,480,priest,discipline,12,5,7
Lchcl,tichondrius,480,priest,discipline,12,5,7
Scyndar,bonechewer,480,priest,discipline,12,5,7
Goonie,spirestone,480,priest,discipline,12,5,7
Kallenk,proudmoore,480,priest,discipline,12,5,7
Canswersp,sargeras,480,priest,discipline,12,5,7
Lourrdz,tichondrius,480,priest,discipline,12,5,7
Lingt,drakkari,480,priest,discipline,12,5,7
Hopenä,dragonmaw,480,priest,discipline,12,5,7
Townbicyclé,area-52,480,priest,discipline,12,5,7
Raslin,bonechewer,480,priest,discipline,12,5,7
Giraffebaitt,zuljin,480,priest,discipline,12,5,7
Chervz,chogall,480,priest,discipline,12,5,7
Anellas,sargeras,480,priest,discipline,12,5,7
Tòxìç,stormrage,480,priest,discipline,12,5,7
Derisha,ragnaros,480,priest,discipline,12,5,7
Raeana,area-52,480,priest,discipline,12,5,7
Toonahx,area-52,480,priest,discipline,12,5,7
Lastbubble,area-52,480,priest,discipline,12,5,7
Shädyönë,tichondrius,480,priest,discipline,12,5,7
Vérse,stormrage,480,priest,discipline,12,5,7
Mevix,firetree,480,priest,discipline,12,5,7
Alpacasama,illidan,480,priest,discipline,12,5,7
Nupanda,tichondrius,480,priest,discipline,12,5,7
Makeshiftz,zuljin,480,priest,discipline,12,5,7
Drzz,tichondrius,480,priest,discipline,12,5,7
Kyüra,sargeras,480,priest,discipline,12,5,7
Tarwow,moon-guard,480,priest,discipline,12,5,7
Dweem,stormrage,480,priest,discipline,12,5,7
Typhia,moon-guard,480,priest,discipline,12,5,7
Apbrady,sargeras,480,priest,discipline,12,5,7
Ellipsiz,area-52,480,priest,discipline,12,5,7
Marcuse,ragnaros,480,priest,discipline,15,6,9
Gatty,kiljaeden,480,priest,discipline,13,5,8
Alinastarkov,area-52,480,priest,discipline,14,5,9
Jedmosby,korgath,480,priest,discipline,14,5,9
Aguadejamica,tichondrius,480,priest,discipline,18,5,13
Mangshadoom,silvermoon,480,priest,discipline,18,5,13
Cheekypriest,stormrage,480,priest,discipline,18,5,13
Glassbones,kelthuzad,480,priest,discipline,18,5,13
Sypii,stormrage,480,priest,discipline,18,5,13
Klerick,kiljaeden,480,priest,discipline,18,5,13
Sevenlions,stormrage,480,priest,discipline,18,5,13
Vetisrx,thrall,480,priest,discipline,18,5,13
Mustyfribble,korgath,480,priest,discipline,18,5,13
Pasher,sargeras,480,priest,discipline,18,5,13
Ticheals,tichondrius,480,priest,discipline,18,5,13
Bebe,fizzcrank,480,priest,discipline,18,5,13
Kark,tichondrius,480,priest,discipline,18,5,13
Levingurt,darkspear,480,priest,discipline,18,5,13
Healiesuwu,kiljaeden,480,priest,discipline,18,5,13
Nuditwo,malganis,480,priest,discipline,18,5,13
Jahratu,tichondrius,480,priest,discipline,18,5,13
Ollarlamente,zuljin,480,priest,discipline,18,5,13
Moc,jubeithos,480,priest,discipline,24,5,19
Georgepells,barthilas,480,priest,discipline,24,5,19
Priuhpism,tichondrius,479,priest,discipline,6,5,1
Tonymòntana,area-52,479,priest,discipline,6,5,1
Krisdavra,thrall,479,priest,discipline,6,5,1
Remixcandoit,malganis,479,priest,discipline,6,5,1
Sevioletté,wyrmrest-accord,479,priest,discipline,6,5,1
Berzum,chogall,479,priest,discipline,10,6,4
Chopstix,senjin,479,priest,discipline,12,5,7
Demished,zuljin,479,priest,discipline,12,5,7
Frazzysparks,stormrage,479,priest,discipline,12,5,7
Thokrül,lightbringer,479,priest,discipline,12,5,7
Selea,frostwolf,479,priest,discipline,12,5,7
Torrantt,bonechewer,479,priest,discipline,12,5,7
Aalicya,tanaris,479,priest,discipline,12,5,7
Krynoobz,senjin,479,priest,discipline,12,5,7
Wort,cairne,479,priest,discipline,12,5,7
Greatzapan,tichondrius,479,priest,discipline,12,5,7
Fadêd,wildhammer,479,priest,discipline,12,5,7
Drayen,korgath,479,priest,discipline,12,5,7
Ibuyfeetpics,tichondrius,479,priest,discipline,12,5,7
Pandaball,frostwolf,479,priest,discipline,12,5,7
Gaaq,stormrage,479,priest,discipline,12,5,7
Praisedalort,illidan,479,priest,discipline,12,5,7
Ðiviniti,moon-guard,479,priest,discipline,12,5,7
Techninë,chogall,479,priest,discipline,12,5,7
Chadlyfe,tichondrius,479,priest,discipline,12,5,7
Atheíst,tichondrius,479,priest,discipline,12,5,7
Kelody,zuljin,479,priest,discipline,12,5,7
Azhaell,quelthalas,479,priest,discipline,12,5,7
Photogirl,area-52,479,priest,discipline,12,5,7
Tubelight,sargeras,479,priest,discipline,12,5,7
Xenedart,quelthalas,479,priest,discipline,12,5,7
Figueiredø,goldrinn,479,priest,discipline,14,5,9
Dabrat,darkspear,479,priest,discipline,18,6,12
Goodboyyoshi,tichondrius,479,priest,discipline,15,5,10
Velriana,tichondrius,479,priest,discipline,18,5,13
Cxview,sargeras,479,priest,discipline,18,5,13
Crusifixx,tichondrius,479,priest,discipline,18,5,13
Asmitä,stormrage,479,priest,discipline,24,5,19
Ansgar,eonar,478,priest,discipline,12,5,7
Solzal,korgath,477,priest,discipline,12,5,7
Pingleangel,tichondrius,477,priest,discipline,12,5,7
Goldenlilly,moon-guard,477,priest,discipline,18,5,13
Worldhealer,area-52,476,priest,discipline,12,5,7
Lotzofhealz,wyrmrest-accord,476,priest,discipline,12,5,7
Laydrel,sargeras,476,priest,discipline,12,5,7
Rescueworker,kelthuzad,473,priest,discipline,12,5,7
Forober,queldorei,466,priest,discipline,39,14,25
Faíthless,sargeras,447,priest,discipline,11,5,6
Shadowkr,tichondrius,447,priest,discipline,11,5,6
Hungzilla,malganis,447,priest,discipline,11,5,6
Darkascended,arthas,447,priest,discipline,14,6,8
Cuisino,tichondrius,446,priest,discipline,11,5,6
Gnepe,sargeras,441,priest,discipline,17,7,10
Sorzartluz,malganis,432,priest,discipline,9,6,3
Proftimothy,tichondrius,432,priest,discipline,15,6,9
Agrotothemax,tichondrius,432,priest,discipline,15,5,10
Fxxkdamn,tichondrius,432,priest,discipline,21,6,15
Nefastó,ragnaros,431,priest,discipline,12,6,6
Frenchfries,sargeras,431,priest,discipline,11,5,6
Texmix,stormrage,431,priest,discipline,21,6,15
Holyshart,stonemaul,430,priest,discipline,11,5,6
Shadowbishop,barthilas,427,priest,discipline,12,7,5
Ilovemia,zuljin,426,priest,discipline,13,6,7
Leejungjae,tichondrius,426,priest,discipline,15,6,9
Thøt,malganis,420,priest,discipline,14,6,8
Discshady,tichondrius,416,priest,discipline,10,5,5
Felyreilyana,caelestrasz,415,priest,discipline,11,5,6
Kuwapre,proudmoore,415,priest,discipline,14,6,8
Mooray,thrall,415,priest,discipline,14,5,9
Melsebek,stormrage,415,priest,discipline,20,5,15
Elbowbeans,tichondrius,414,priest,discipline,16,5,11
Ramsakz,proudmoore,413,priest,discipline,10,5,5
Esredarksun,sargeras,412,priest,discipline,16,5,11
Whodatpriest,blackhand,399,priest,discipline,5,5,0
Normill,bonechewer,399,priest,discipline,7,5,2
Bunked,bleeding-hollow,392,priest,discipline,23,7,16
Béépboop,tichondrius,384,priest,discipline,6,4,2
Mafuyusan,proudmoore,384,priest,discipline,6,4,2
Babygsuss,tichondrius,384,priest,discipline,6,4,2
Goyqqp,illidan,384,priest,discipline,6,4,2
Tomp,tichondrius,384,priest,discipline,6,4,2
Epiipen,area-52,384,priest,discipline,6,4,2
Discotec,stormrage,384,priest,discipline,6,4,2
Eclipsos,dalaran,384,priest,discipline,6,4,2
Optimism,frostmane,384,priest,discipline,6,4,2
Ruems,area-52,384,priest,discipline,6,4,2
Recoverys,illidan,384,priest,discipline,6,4,2
Killmeplzz,ragnaros,384,priest,discipline,6,4,2
Blzy,area-52,384,priest,discipline,6,4,2
Monkeyp,barthilas,384,priest,discipline,6,4,2
Papaheal,runetotem,384,priest,discipline,6,4,2
Riasgremøry,stormrage,384,priest,discipline,6,4,2
Delloria,stormrage,384,priest,discipline,6,4,2
Rahmynpriest,tichondrius,384,priest,discipline,6,4,2
Celanea,bleeding-hollow,384,priest,discipline,6,4,2
Pprriieesst,tichondrius,384,priest,discipline,6,4,2
Chemdawwg,aerie-peak,384,priest,discipline,6,4,2
Holisticx,tichondrius,384,priest,discipline,6,4,2
Dimedaddy,tichondrius,384,priest,discipline,6,4,2
Uglydiego,quelthalas,384,priest,discipline,6,4,2
Ritalyn,korgath,384,priest,discipline,6,4,2
Taevier,ghostlands,384,priest,discipline,6,4,2
Pandaniaco,drakkari,384,priest,discipline,6,4,2
Fadedyourgo,tichondrius,384,priest,discipline,6,4,2
Noopnoop,burning-blade,384,priest,discipline,6,4,2
Brácho,ragnaros,384,priest,discipline,6,4,2
Shaellito,goldrinn,384,priest,discipline,6,4,2
Yaholyfather,aerie-peak,384,priest,discipline,6,4,2
Holylover,illidan,384,priest,discipline,6,4,2
Lilvf,barthilas,384,priest,discipline,6,4,2
Crode,bleeding-hollow,384,priest,discipline,6,4,2
Calamithus,illidan,384,priest,discipline,6,4,2
Leebow,tichondrius,384,priest,discipline,6,4,2
Zelenka,whisperwind,384,priest,discipline,6,4,2
Metéora,nemesis,384,priest,discipline,6,4,2
Zhanay,ragnaros,384,priest,discipline,6,4,2
Demongodtren,blackrock,384,priest,discipline,6,4,2
Fûsoya,zuljin,384,priest,discipline,6,4,2
Tosbanned,barthilas,384,priest,discipline,6,4,2
Merçy,zuljin,384,priest,discipline,6,4,2
Ranthrough,tichondrius,384,priest,discipline,6,4,2
Hiphopanomis,arthas,384,priest,discipline,6,4,2
Ghostz,alleria,384,priest,discipline,6,4,2
Goatedpriest,kelthuzad,384,priest,discipline,6,4,2
Wilita,drakkari,384,priest,discipline,6,4,2
Feminizm,tichondrius,384,priest,discipline,6,4,2
Maga,laughing-skull,384,priest,discipline,6,4,2
Dredgeflay,thrall,384,priest,discipline,6,4,2
Chambler,aegwynn,384,priest,discipline,6,4,2
Miniambá,tichondrius,384,priest,discipline,6,4,2
Bubbleboi,malganis,384,priest,discipline,6,4,2
Celani,gilneas,384,priest,discipline,6,4,2
Healscityy,tichondrius,384,priest,discipline,6,4,2
Jixxersp,malganis,384,priest,discipline,6,4,2
Shadyhoe,alterac-mountains,384,priest,discipline,6,4,2
Lavigne,tichondrius,384,priest,discipline,6,4,2
Yunggawd,illidan,384,priest,discipline,6,4,2
Soupbeanx,zuljin,384,priest,discipline,6,4,2
Scalpell,tichondrius,384,priest,discipline,6,4,2
Djchickpea,chogall,384,priest,discipline,6,4,2
Granger,senjin,384,priest,discipline,6,4,2
Jaxthree,illidan,384,priest,discipline,6,4,2
Giyom,tichondrius,384,priest,discipline,6,4,2
Crueldotz,illidan,384,priest,discipline,6,4,2
Babe,aerie-peak,384,priest,discipline,6,4,2
Remuni,tichondrius,384,priest,discipline,6,4,2
Rmpenjoyerx,area-52,384,priest,discipline,6,4,2
Gothii,tichondrius,384,priest,discipline,6,4,2
Chü,dalaran,384,priest,discipline,6,4,2
Anasuzana,zuljin,384,priest,discipline,6,4,2
Kàobeini,tichondrius,384,priest,discipline,6,4,2
Potatopriest,frostmourne,384,priest,discipline,6,4,2
Terisar,emerald-dream,384,priest,discipline,6,4,2
Beastpriest,dalvengyr,384,priest,discipline,6,4,2
Abbyc,frostmourne,384,priest,discipline,6,4,2
Spyderco,mugthol,384,priest,discipline,6,4,2
Popeachini,sargeras,384,priest,discipline,6,4,2
Atemlos,malorne,384,priest,discipline,6,4,2
Subscribe,khazgoroth,384,priest,discipline,6,4,2
Ðyluxx,blackwater-raiders,384,priest,discipline,6,4,2
Äni,sargeras,384,priest,discipline,6,4,2
Lithelin,frostmourne,384,priest,discipline,6,4,2
Batface,frostmourne,384,priest,discipline,6,4,2
Saren,dethecus,384,priest,discipline,6,4,2
Gardiancloun,sargeras,384,priest,discipline,6,4,2
Faithx,frostmourne,384,priest,discipline,6,4,2
Flaytality,shadowsong,384,priest,discipline,6,4,2
Tristanp,frostmourne,384,priest,discipline,6,4,2
Deathrina,moon-guard,384,priest,discipline,6,4,2
Acenthe,sargeras,384,priest,discipline,6,4,2
Mythuxxz,sargeras,384,priest,discipline,6,4,2
Dioecesis,moon-guard,384,priest,discipline,6,4,2
Elphié,sargeras,384,priest,discipline,6,4,2
Vladlèna,moon-guard,384,priest,discipline,6,4,2
Gdlsheretic,sargeras,384,priest,discipline,6,4,2
Thugish,frostwolf,384,priest,discipline,6,4,2
Kwazshell,area-52,384,priest,discipline,7,4,3
Shadp,tichondrius,384,priest,discipline,9,5,4
Deckx,khazgoroth,384,priest,discipline,12,6,6
Brodel,dark-iron,384,priest,discipline,9,4,5
Annoka,sargeras,384,priest,discipline,17,6,11
Nvøsuperstar,zuljin,384,priest,discipline,15,5,10
Nha,stormrage,384,priest,discipline,12,4,8
Daryldeath,tichondrius,384,priest,discipline,12,4,8
Suzono,hyjal,384,priest,discipline,12,4,8
Barclan,destromath,384,priest,discipline,12,4,8
Verymuscular,stormrage,384,priest,discipline,12,4,8
Sugarlorde,destromath,384,priest,discipline,12,4,8
Spøokz,stormreaver,384,priest,discipline,12,4,8
Billiard,stormrage,384,priest,discipline,12,4,8
Amys,kargath,384,priest,discipline,12,4,8
Chaxiubao,stormrage,384,priest,discipline,12,4,8
Mosarra,agamaggan,384,priest,discipline,12,4,8
Twodxo,kelthuzad,384,priest,discipline,12,4,8
Mettypws,tichondrius,384,priest,discipline,12,4,8
Exisa,stormrage,384,priest,discipline,12,4,8
Darkspearr,tichondrius,384,priest,discipline,12,4,8
Thenamesnorm,tichondrius,384,priest,discipline,12,4,8
Littlean,frostmourne,384,priest,discipline,12,4,8
Biubiubium,tichondrius,384,priest,discipline,12,4,8
Kepptwo,korgath,384,priest,discipline,12,4,8
Seyler,barthilas,384,priest,discipline,12,4,8
Plebiss,burning-blade,384,priest,discipline,12,4,8
Biop,burning-blade,384,priest,discipline,12,4,8
Healbilli,archimonde,384,priest,discipline,12,4,8
Hrathren,caelestrasz,384,priest,discipline,12,4,8
Tangykiwi,dalaran,384,priest,discipline,12,4,8
Sölei,tichondrius,384,priest,discipline,12,4,8
Larisa,moon-guard,384,priest,discipline,12,4,8
Skydemons,malganis,384,priest,discipline,12,4,8
Insomnya,sargeras,384,priest,discipline,12,4,8
Sìrena,tichondrius,384,priest,discipline,12,4,8
Wìd,khazgoroth,384,priest,discipline,12,4,8
Meekheal,tichondrius,384,priest,discipline,12,4,8
Lucet,aegwynn,384,priest,discipline,12,4,8
Akewnón,stormrage,384,priest,discipline,12,4,8
Haruspex,azralon,384,priest,discipline,12,4,8
Templár,dalaran,384,priest,discipline,12,4,8
Stilgeist,proudmoore,384,priest,discipline,12,4,8
Holynova,nerzhul,384,priest,discipline,12,4,8
Ranksix,area-52,384,priest,discipline,12,4,8
Cryptoccocus,zuljin,384,priest,discipline,12,4,8
Fades,hellscream,384,priest,discipline,12,4,8
Awesomeguyx,tichondrius,384,priest,discipline,12,4,8
Disperse,sargeras,384,priest,discipline,12,4,8
Qyotasa,zuljin,384,priest,discipline,12,4,8
Iciana,proudmoore,384,priest,discipline,12,4,8
Dirtydogma,zuljin,384,priest,discipline,12,4,8
Laqqet,sargeras,384,priest,discipline,12,4,8
Priestcrys,quelthalas,384,priest,discipline,12,4,8
Braindrip,thrall,384,priest,discipline,12,4,8
Echoos,proudmoore,384,priest,discipline,12,4,8
Zaylahh,blackrock,384,priest,discipline,12,4,8
Killä,area-52,384,priest,discipline,12,4,8
Bigarxidia,bleeding-hollow,384,priest,discipline,12,4,8
Nokhoron,eldrethalas,384,priest,discipline,12,4,8
Lankyschlong,frostmourne,384,priest,discipline,12,4,8
Gangshet,illidan,384,priest,discipline,12,4,8
Auttø,area-52,384,priest,discipline,12,4,8
Jejer,moon-guard,384,priest,discipline,12,4,8
Touchèr,sargeras,384,priest,discipline,12,4,8
Holyshiitzz,illidan,384,priest,discipline,12,4,8
Vyvivienx,tichondrius,384,priest,discipline,12,4,8
Jonahas,sargeras,384,priest,discipline,12,4,8
Pontiffvelen,area-52,384,priest,discipline,12,4,8
Pearlwing,area-52,384,priest,discipline,12,4,8
Stonemonkeyp,sargeras,384,priest,discipline,12,4,8
Gooseundead,tichondrius,384,priest,discipline,12,4,8
Zenjitsu,quelthalas,384,priest,discipline,12,4,8
Liljunky,zuljin,384,priest,discipline,12,4,8
Srazul,azralon,384,priest,discipline,12,4,8
Skêptic,tichondrius,384,priest,discipline,12,4,8
Slenden,illidan,384,priest,discipline,12,4,8
Eilana,tichondrius,384,priest,discipline,12,4,8
Valzzdor,zuljin,384,priest,discipline,12,4,8
Cezzko,tichondrius,384,priest,discipline,12,4,8
Zaphfkiel,ragnaros,384,priest,discipline,12,4,8
Gokiburiuwu,illidan,384,priest,discipline,12,4,8
Danceofpales,bleeding-hollow,384,priest,discipline,12,4,8
Huckdaddy,tichondrius,384,priest,discipline,12,4,8
Lenigrast,blackrock,384,priest,discipline,12,4,8
Ludens,bleeding-hollow,384,priest,discipline,12,4,8
Discpi,illidan,384,priest,discipline,13,4,9
Gottaheal,blood-furnace,384,priest,discipline,14,4,10
Kymohek,sargeras,384,priest,discipline,18,4,14
Polythis,kelthuzad,384,priest,discipline,18,4,14
Miandel,wildhammer,384,priest,discipline,18,4,14
Diablomonk,warsong,384,priest,discipline,18,4,14
Rainms,sargeras,384,priest,discipline,18,4,14
Vikingkøng,ragnaros,384,priest,discipline,18,4,14
Råd,illidan,384,priest,discipline,18,4,14
Jbtytime,proudmoore,384,priest,discipline,18,4,14
Shadowdroid,tichondrius,384,priest,discipline,18,4,14
Disçxrespeçt,cairne,384,priest,discipline,18,4,14
Heilige,uldum,384,priest,discipline,30,4,26
Jonnycanuckz,duskwood,383,priest,discipline,6,4,2
Shialebuff,gundrak,383,priest,discipline,6,4,2
Mirex,tichondrius,383,priest,discipline,6,4,2
Shén,barthilas,383,priest,discipline,6,4,2
Discodork,bleeding-hollow,383,priest,discipline,6,4,2
Loffthedabsl,tichondrius,383,priest,discipline,6,4,2
Needalung,stormrage,383,priest,discipline,6,4,2
Yurick,garrosh,383,priest,discipline,6,4,2
Coorslite,proudmoore,383,priest,discipline,6,4,2
Mythanex,bleeding-hollow,383,priest,discipline,6,4,2
Anoxic,kiljaeden,383,priest,discipline,12,4,8
Uckuck,illidan,383,priest,discipline,12,4,8
Bäldùr,moon-guard,383,priest,discipline,12,4,8
Mangaloochi,amanthul,383,priest,discipline,12,4,8
Fathergrey,emerald-dream,383,priest,discipline,12,4,8
Sybal,suramar,383,priest,discipline,12,4,8
Sihua,illidan,383,priest,discipline,12,4,8
Whatisholy,bleeding-hollow,383,priest,discipline,12,4,8
Izzymariepie,dragonmaw,383,priest,discipline,12,4,8
Ioharusame,quelthalas,383,priest,discipline,17,5,12
Crozuhn,moon-guard,383,priest,discipline,18,4,14
Horridheals,shandris,382,priest,discipline,6,4,2
Nocturnimal,grizzly-hills,382,priest,discipline,12,4,8
Divinebones,gurubashi,381,priest,discipline,12,4,8
Primela,sargeras,381,priest,discipline,12,4,8
Touchedbygud,frostmourne,381,priest,discipline,12,4,8
Bunnychloe,sargeras,381,priest,discipline,12,4,8
Mystexo,barthilas,367,priest,discipline,11,4,7
Valdri,sargeras,367,priest,discipline,11,4,7
Burtier,zuljin,367,priest,discipline,11,4,7
Cuckfist,darkspear,366,priest,discipline,17,4,13
Mcseven,sargeras,351,priest,discipline,11,4,7
Scrïpt,thaurissan,351,priest,discipline,11,4,7
Llaarrkkss,tichondrius,351,priest,discipline,11,4,7
Samàél,frostmourne,351,priest,discipline,17,4,13
Voidly,illidan,336,priest,discipline,9,5,4
Kefkå,sargeras,336,priest,discipline,9,4,5
Rosabell,ragnaros,336,priest,discipline,21,4,17
Grianné,mannoroth,335,priest,discipline,9,4,5
Causeoflife,eitrigg,335,priest,discipline,11,4,7
Siobhin,wyrmrest-accord,335,priest,discipline,11,4,7
Subvert,zuljin,330,priest,discipline,7,5,2
Tmnaarcanttv,tichondrius,330,priest,discipline,7,5,2
Prayanmantis,tichondrius,330,priest,discipline,14,5,9
Xiangjiao,tichondrius,330,priest,discipline,17,6,11
Takedisdisc,tichondrius,330,priest,discipline,17,6,11
Deeply,tichondrius,330,priest,discipline,17,5,12
Lilgeek,kelthuzad,330,priest,discipline,21,5,16
Maccten,tichondrius,319,priest,discipline,9,5,4
Smarttakka,emerald-dream,319,priest,discipline,8,4,4
Leviosa,bleeding-hollow,319,priest,discipline,8,4,4
Manachai,the-forgotten-coast,319,priest,discipline,14,4,10
Klizzy,tichondrius,319,priest,discipline,14,4,10
Rancidcookie,tichondrius,304,priest,discipline,13,4,9
Kayodee,stormrage,288,priest,discipline,8,4,4
Swollenarms,kiljaeden,288,priest,discipline,6,3,3
Rotnn,thrall,288,priest,discipline,6,3,3
Hellokuti,silvermoon,288,priest,discipline,6,3,3
Iamsatan,illidan,288,priest,discipline,6,3,3
Xuxu,frostmourne,288,priest,discipline,6,3,3
Popeofhope,queldorei,288,priest,discipline,6,3,3
Mongatzuya,illidan,288,priest,discipline,6,3,3
Keyohh,tichondrius,288,priest,discipline,6,3,3
Sasagui,bloodscalp,288,priest,discipline,6,3,3
Chowdä,kiljaeden,288,priest,discipline,6,3,3
Thattpriest,thrall,288,priest,discipline,6,3,3
Shadowform,illidan,288,priest,discipline,6,3,3
Vanzera,thrall,288,priest,discipline,6,3,3
Magicbus,blackrock,288,priest,discipline,6,3,3
Rocq,senjin,288,priest,discipline,6,3,3
Decastro,silvermoon,288,priest,discipline,6,3,3
Chav,kiljaeden,288,priest,discipline,6,3,3
Spiritbear,thrall,288,priest,discipline,6,3,3
Sandreth,bonechewer,288,priest,discipline,6,3,3
Bobolaine,illidan,288,priest,discipline,6,3,3
Bambi,dunemaul,288,priest,discipline,6,3,3
Renghost,illidan,288,priest,discipline,6,3,3
Ichheilen,thrall,288,priest,discipline,6,3,3
Wakandafev,frostmourne,288,priest,discipline,6,3,3
Kaldoon,azjolnerub,288,priest,discipline,6,3,3
Boogiê,illidan,288,priest,discipline,6,3,3
Rockdroid,illidan,288,priest,discipline,6,3,3
Grafîx,frostmourne,288,priest,discipline,6,3,3
Midget,darkspear,288,priest,discipline,6,3,3
Drinkmymilk,hakkar,288,priest,discipline,6,3,3
Hypoz,sargeras,288,priest,discipline,6,3,3
Liminality,illidan,288,priest,discipline,6,3,3
Zuuji,frostmourne,288,priest,discipline,6,3,3
Kaiah,gorefiend,288,priest,discipline,6,3,3
Dradinx,illidan,288,priest,discipline,6,3,3
Killduran,hellscream,288,priest,discipline,6,3,3
Slaystation,wildhammer,288,priest,discipline,6,3,3
Kovskii,blackrock,288,priest,discipline,6,3,3
Jüdaspriest,gorefiend,288,priest,discipline,6,3,3
Xusin,tichondrius,288,priest,discipline,6,3,3
Animityz,illidan,288,priest,discipline,6,3,3
Asleep,sargeras,288,priest,discipline,6,3,3
Skyfury,darkspear,288,priest,discipline,6,3,3
Fadèd,wildhammer,288,priest,discipline,6,3,3
Àneres,illidan,288,priest,discipline,6,3,3
Empyreanlite,dalaran,288,priest,discipline,6,3,3
Ææae,nemesis,288,priest,discipline,6,3,3
Chazzyy,frostmourne,288,priest,discipline,6,3,3
Madalôn,nemesis,288,priest,discipline,6,3,3
Merylstreepz,illidan,288,priest,discipline,6,3,3
Damushi,frostmourne,288,priest,discipline,6,3,3
Havefaith,whisperwind,288,priest,discipline,6,3,3
Fausto,kiljaeden,288,priest,discipline,6,3,3
Khaospriest,proudmoore,288,priest,discipline,6,3,3
Nellìel,whisperwind,288,priest,discipline,6,3,3
Crazyfinley,dalaran,288,priest,discipline,6,3,3
Anzulupriest,alexstrasza,288,priest,discipline,6,3,3
Yogosun,dalaran,288,priest,discipline,6,3,3
Dumbthott,illidan,288,priest,discipline,6,3,3
Wiseguise,illidan,288,priest,discipline,6,3,3
Mindgamez,stormreaver,288,priest,discipline,6,3,3
Banepriest,sargeras,288,priest,discipline,6,3,3
Painful,arathor,288,priest,discipline,6,3,3
Kleiâ,tichondrius,288,priest,discipline,6,3,3
Saucelord,barthilas,288,priest,discipline,6,3,3
Nikci,tichondrius,288,priest,discipline,6,3,3
Krewed,ravencrest,288,priest,discipline,6,3,3
Eddic,wyrmrest-accord,288,priest,discipline,6,3,3
Buc,barthilas,288,priest,discipline,6,3,3
Sabene,greymane,288,priest,discipline,6,3,3
Fure,mannoroth,288,priest,discipline,6,3,3
Oofx,darkspear,288,priest,discipline,6,3,3
Bestworldxz,illidan,288,priest,discipline,6,3,3
Adelda,nazjatar,288,priest,discipline,6,3,3
Quefase,proudmoore,288,priest,discipline,6,3,3
Methandrial,hyjal,288,priest,discipline,6,3,3
Zegron,rexxar,288,priest,discipline,6,3,3
Endeshealer,suramar,288,priest,discipline,6,3,3
Sæýfír,illidan,288,priest,discipline,6,3,3
Hükk,kalecgos,288,priest,discipline,6,3,3
Paqwee,tichondrius,288,priest,discipline,6,3,3
Strokingmydx,illidan,288,priest,discipline,6,3,3
Pwrwordthicc,illidan,288,priest,discipline,6,3,3
Ashidox,proudmoore,288,priest,discipline,6,3,3
Scrubnubz,barthilas,288,priest,discipline,6,3,3
Bigpoppapwn,darkspear,288,priest,discipline,6,3,3
Alladys,shattered-hand,288,priest,discipline,6,3,3
Callèèn,stormrage,288,priest,discipline,6,3,3
Aspéct,aegwynn,288,priest,discipline,6,3,3
Numinous,wyrmrest-accord,288,priest,discipline,6,3,3
Zdarkspeedz,stormrage,288,priest,discipline,6,3,3
Mks,barthilas,288,priest,discipline,6,3,3
Triazolam,illidan,288,priest,discipline,6,3,3
Sophistdew,proudmoore,288,priest,discipline,6,3,3
Ìdiot,saurfang,288,priest,discipline,6,3,3
Meshuggåh,khazgoroth,288,priest,discipline,6,3,3
Elise,ravenholdt,288,priest,discipline,6,3,3
Laneska,stormrage,288,priest,discipline,6,3,3
Nizr,bleeding-hollow,288,priest,discipline,6,3,3
Zeroghp,tichondrius,288,priest,discipline,6,3,3
Sabrino,azralon,288,priest,discipline,6,3,3
Manstench,tichondrius,288,priest,discipline,6,3,3
Mesuki,malganis,288,priest,discipline,6,3,3
Lifeswaplol,kelthuzad,288,priest,discipline,6,3,3
Prazph,quelthalas,288,priest,discipline,6,3,3
Vìxèn,zuljin,288,priest,discipline,6,3,3
Maniacx,stormrage,288,priest,discipline,6,3,3
Kiazma,zuljin,288,priest,discipline,6,3,3
Frye,bleeding-hollow,288,priest,discipline,6,3,3
Eiricka,kelthuzad,288,priest,discipline,6,3,3
Oxicontin,sargeras,288,priest,discipline,6,3,3
Roseriela,moon-guard,288,priest,discipline,6,3,3
Lyriczx,kelthuzad,288,priest,discipline,6,3,3
Skeemask,moon-guard,288,priest,discipline,6,3,3
Fackinheals,kelthuzad,288,priest,discipline,6,3,3
Imjheals,frostmourne,288,priest,discipline,6,3,3
Relianth,stormrage,288,priest,discipline,6,3,3
Humps,sargeras,288,priest,discipline,6,3,3
Umbramortìs,tichondrius,288,priest,discipline,6,3,3
Belarra,norgannon,288,priest,discipline,6,3,3
Paradoxbot,kelthuzad,288,priest,discipline,6,3,3
Alucardibee,turalyon,288,priest,discipline,6,3,3
Heratic,malganis,288,priest,discipline,6,3,3
Hínáta,kelthuzad,288,priest,discipline,6,3,3
Crocsnsocks,sargeras,288,priest,discipline,6,3,3
Tmall,tichondrius,288,priest,discipline,6,3,3
Justinagnpr,tichondrius,288,priest,discipline,6,3,3
Imagees,stormscale,288,priest,discipline,6,3,3
Kakera,tichondrius,288,priest,discipline,6,3,3
Illegalkill,tichondrius,288,priest,discipline,6,3,3
Nutdrip,tichondrius,288,priest,discipline,6,3,3
Barackhobama,malganis,288,priest,discipline,6,3,3
Zaradomin,kelthuzad,288,priest,discipline,6,3,3
Ìhatermp,tichondrius,288,priest,discipline,6,3,3
Îcecube,sargeras,288,priest,discipline,6,3,3
Zaxxriee,malganis,288,priest,discipline,6,3,3
Nazgúl,lothar,288,priest,discipline,6,3,3
Illiteratex,sargeras,288,priest,discipline,6,3,3
Lostnthought,aggramar,288,priest,discipline,6,3,3
Ayoheals,zuljin,288,priest,discipline,6,3,3
Seyvyur,black-dragonflight,288,priest,discipline,6,3,3
Nokizzgrizz,sargeras,288,priest,discipline,6,3,3
Calcifer,drakkari,288,priest,discipline,6,3,3
Healyhaney,stormrage,288,priest,discipline,6,3,3
Kujoh,tichondrius,288,priest,discipline,6,3,3
Dudurr,zuluhed,288,priest,discipline,6,3,3
Julisof,quelthalas,288,priest,discipline,6,3,3
Drrunk,bleeding-hollow,288,priest,discipline,6,3,3
Serenderpity,moon-guard,288,priest,discipline,6,3,3
Edmen,stormrage,288,priest,discipline,6,3,3
Dìngobaby,stormrage,288,priest,discipline,6,3,3
Germanica,area-52,288,priest,discipline,6,3,3
Furydos,zuljin,288,priest,discipline,6,3,3
Sassygayboyx,bleeding-hollow,288,priest,discipline,6,3,3
Pumpkinpino,stormrage,288,priest,discipline,6,3,3
Shalters,tichondrius,288,priest,discipline,6,3,3
Powerchucha,area-52,288,priest,discipline,6,3,3
Aia,frostwolf,288,priest,discipline,6,3,3
Benance,tichondrius,288,priest,discipline,6,3,3
Zzavidwong,tichondrius,288,priest,discipline,6,3,3
Fouroneo,tichondrius,288,priest,discipline,6,3,3
Kabutta,stormrage,288,priest,discipline,6,3,3
Poøpoopeepee,tichondrius,288,priest,discipline,6,3,3
Idhealthat,tichondrius,288,priest,discipline,6,3,3
Kawesha,emerald-dream,288,priest,discipline,6,3,3
Nyxvoid,ragnaros,288,priest,discipline,6,3,3
Zugzugheal,bleeding-hollow,288,priest,discipline,6,3,3
Donkeycube,tichondrius,288,priest,discipline,6,3,3
Bessias,area-52,288,priest,discipline,6,3,3
Bgundy,sargeras,288,priest,discipline,6,3,3
Diamondz,emerald-dream,288,priest,discipline,6,3,3
Buffrmppls,ragnaros,288,priest,discipline,6,3,3
Psyfriend,area-52,288,priest,discipline,6,3,3
Minzyx,tichondrius,288,priest,discipline,6,3,3
Milesa,korgath,288,priest,discipline,6,3,3
Swinee,tichondrius,288,priest,discipline,6,3,3
Ålexánder,quelthalas,288,priest,discipline,6,3,3
Saintsnap,bleeding-hollow,288,priest,discipline,6,3,3
Drewsies,anvilmar,288,priest,discipline,6,3,3
Éxploït,tichondrius,288,priest,discipline,6,3,3
Haedn,azralon,288,priest,discipline,6,3,3
Deezdotz,alterac-mountains,288,priest,discipline,6,3,3
Dredre,aggramar,288,priest,discipline,6,3,3
Tempname,thunderhorn,288,priest,discipline,6,3,3
Namecusein,ragnaros,288,priest,discipline,6,3,3
Nevermyndz,bleeding-hollow,288,priest,discipline,6,3,3
Mindmelts,gallywix,288,priest,discipline,6,3,3
Pics,emerald-dream,288,priest,discipline,6,3,3
Bubblejunkie,lethon,288,priest,discipline,9,4,5
Whackagnome,kelthuzad,288,priest,discipline,9,4,5
Onegil,tichondrius,288,priest,discipline,7,3,4
Holytitanzz,quelthalas,288,priest,discipline,10,4,6
Atheistbtw,sargeras,288,priest,discipline,16,5,11
Zodiá,dentarg,288,priest,discipline,14,4,10
Bewbeez,fizzcrank,288,priest,discipline,12,3,9
Manaburnout,blackhand,288,priest,discipline,12,3,9
Hail,kaelthas,288,priest,discipline,12,3,9
Bån,ragnaros,288,priest,discipline,12,3,9
Xalatath,stormrage,288,priest,discipline,12,3,9
Realheal,tichondrius,288,priest,discipline,12,3,9
Quartzolio,azralon,288,priest,discipline,12,3,9
Spampws,aerie-peak,288,priest,discipline,12,3,9
Gwenoviere,whisperwind,288,priest,discipline,12,3,9
Fitzop,frostmourne,288,priest,discipline,12,3,9
Kayzen,frostmourne,288,priest,discipline,12,3,9
Bubblez,gorefiend,288,priest,discipline,12,3,9
Xìdís,vashj,288,priest,discipline,12,3,9
Ophindrip,zuljin,288,priest,discipline,12,3,9
Km,zuljin,288,priest,discipline,12,3,9
Virydian,stormrage,288,priest,discipline,12,3,9
Sibble,deathwing,288,priest,discipline,12,3,9
Devili,wyrmrest-accord,288,priest,discipline,12,3,9
Twohpriest,aerie-peak,288,priest,discipline,12,3,9
Phantøms,zuljin,288,priest,discipline,12,3,9
Vandi,moon-guard,288,priest,discipline,12,3,9
Slackinhealz,thrall,288,priest,discipline,12,3,9
Zemms,tichondrius,288,priest,discipline,12,3,9
Hokon,tortheldrin,288,priest,discipline,12,3,9
Muriaticacid,tichondrius,288,priest,discipline,12,3,9
Decokim,tichondrius,288,priest,discipline,12,3,9
Aaxahfon,moon-guard,288,priest,discipline,12,3,9
Solestro,malganis,288,priest,discipline,12,3,9
Bombmarley,azralon,288,priest,discipline,12,3,9
Disconelf,barthilas,288,priest,discipline,12,3,9
Toppers,bladefist,288,priest,discipline,12,3,9
Die,crushridge,288,priest,discipline,12,3,9
Râven,proudmoore,288,priest,discipline,12,3,9
Luzhú,illidan,288,priest,discipline,12,3,9
Skimpdubs,bleeding-hollow,288,priest,discipline,12,3,9
Lovebbw,sargeras,288,priest,discipline,12,3,9
Miliotis,sargeras,288,priest,discipline,12,3,9
Ricxaw,frostmourne,288,priest,discipline,12,3,9
Shattgreen,malganis,288,priest,discipline,12,3,9
Abefromann,sargeras,288,priest,discipline,12,3,9
Freák,zuljin,288,priest,discipline,12,3,9
Kershl,aegwynn,288,priest,discipline,12,3,9
Pedialyte,kiljaeden,288,priest,discipline,12,3,9
Googus,bleeding-hollow,288,priest,discipline,12,3,9
Bobbybacala,velen,288,priest,discipline,12,3,9
Aoeprophet,area-52,288,priest,discipline,12,3,9
Doomageddon,thorium-brotherhood,288,priest,discipline,12,3,9
Sanitizer,frostmourne,288,priest,discipline,12,3,9
Awøaqexs,area-52,288,priest,discipline,12,3,9
Krewtoo,illidan,288,priest,discipline,12,3,9
Phillyrivers,area-52,288,priest,discipline,12,3,9
Dumplolz,quelthalas,288,priest,discipline,12,3,9
Soleyxo,frostmourne,288,priest,discipline,12,3,9
Cowboydanpri,malganis,288,priest,discipline,12,3,9
Schüco,tichondrius,288,priest,discipline,12,3,9
Gloomswrath,illidan,288,priest,discipline,12,3,9
Hayna,emerald-dream,288,priest,discipline,12,3,9
Lightshizzle,illidan,288,priest,discipline,12,3,9
Kurnak,arthas,288,priest,discipline,12,3,9
Chaddadbod,emerald-dream,288,priest,discipline,12,3,9
Kustem,tichondrius,288,priest,discipline,12,3,9
Nsquared,illidan,288,priest,discipline,12,3,9
Baldy,arthas,288,priest,discipline,12,3,9
Lavéy,ragnaros,288,priest,discipline,12,3,9
Paztech,arthas,288,priest,discipline,12,3,9
Nogetget,frostmourne,288,priest,discipline,12,3,9
Nuaghtyheals,illidan,288,priest,discipline,12,3,9
Willica,stormrage,288,priest,discipline,12,3,9
Pravant,illidan,288,priest,discipline,18,3,15
Chirho,malganis,288,priest,discipline,18,3,15
Zarøw,tichondrius,288,priest,discipline,24,3,21
Imgold,emerald-dream,287,priest,discipline,6,3,3
Wobbleskank,tichondrius,287,priest,discipline,6,3,3
Kagayaku,aegwynn,287,priest,discipline,12,3,9
Priestkofwa,tichondrius,287,priest,discipline,12,3,9
Zarakih,azralon,287,priest,discipline,12,3,9
Celticó,quelthalas,287,priest,discipline,12,3,9
Dorkulous,wyrmrest-accord,287,priest,discipline,12,3,9
Sorros,cenarion-circle,286,priest,discipline,6,3,3
Kataró,tichondrius,286,priest,discipline,12,3,9
Areyouready,sargeras,256,priest,discipline,4,4,0
Mendgins,area-52,256,priest,discipline,4,4,0
Cerriôus,baelgun,256,priest,discipline,10,3,7
Kagura,dunemaul,256,priest,discipline,22,3,19
Toddo,trollbane,255,priest,discipline,8,4,4
Priestcarry,tichondrius,255,priest,discipline,8,4,4
Mabisyo,wyrmrest-accord,255,priest,discipline,8,4,4
Stormlighter,proudmoore,255,priest,discipline,11,3,8
Plaguepumper,sargeras,255,priest,discipline,11,3,8
Prèèst,proudmoore,255,priest,discipline,11,3,8
Imamu,tichondrius,251,priest,discipline,35,16,19
Holycwap,stormrage,240,priest,discipline,9,3,6
Snevini,azralon,240,priest,discipline,15,3,12
Murillio,moon-guard,239,priest,discipline,5,3,2
Facethevoid,stormrage,239,priest,discipline,5,3,2
Taram,ragnaros,239,priest,discipline,5,3,2
Mawwt,moon-guard,239,priest,discipline,5,3,2
Yumä,kiljaeden,239,priest,discipline,5,3,2
Skruffles,black-dragonflight,239,priest,discipline,5,3,2
Pohky,area-52,239,priest,discipline,5,3,2
Canô,quelthalas,239,priest,discipline,5,3,2
Sigurdr,muradin,234,priest,discipline,10,6,4
Johnnweedd,ragnaros,234,priest,discipline,8,4,4
Priêsty,stormrage,234,priest,discipline,9,4,5
Balikina,stormrage,234,priest,discipline,11,4,7
Gloomyspp,illidan,234,priest,discipline,14,4,10
Islada,illidan,233,priest,discipline,18,4,14
Hycinamun,malganis,223,priest,discipline,8,3,5
Reâpêr,kelthuzad,201,priest,discipline,13,4,9
Cruxave,aegwynn,201,priest,discipline,14,4,10
Jedrick,malganis,192,priest,discipline,4,3,1
Notthebappo,malganis,192,priest,discipline,11,4,7
Tedesq,stormrage,192,priest,discipline,9,3,6
Adeston,aggramar,192,priest,discipline,9,3,6
Pimeharder,tichondrius,192,priest,discipline,6,2,4
Chazzwizz,area-52,192,priest,discipline,6,2,4
Ubbzy,illidan,192,priest,discipline,6,2,4
Jaq,altar-of-storms,192,priest,discipline,6,2,4
Psychonauts,arthas,192,priest,discipline,6,2,4
Emptybody,tichondrius,192,priest,discipline,6,2,4
Darkmolt,vashj,192,priest,discipline,6,2,4
Bestwizardx,tichondrius,192,priest,discipline,6,2,4
Evenly,tichondrius,192,priest,discipline,6,2,4
Mordaren,arthas,192,priest,discipline,6,2,4
Ianiezd,illidan,192,priest,discipline,6,2,4
Skellieman,malorne,192,priest,discipline,6,2,4
Irixus,zuljin,192,priest,discipline,6,2,4
Snowlily,illidan,192,priest,discipline,6,2,4
Murkqz,azralon,192,priest,discipline,6,2,4
Davedawg,emerald-dream,192,priest,discipline,6,2,4
Stingypriest,thrall,192,priest,discipline,6,2,4
Chandrella,zuljin,192,priest,discipline,6,2,4
Keygodx,illidan,192,priest,discipline,6,2,4
Bmox,borean-tundra,192,priest,discipline,6,2,4
Novakaynersj,anetheron,192,priest,discipline,6,2,4
Tulip,frostmourne,192,priest,discipline,6,2,4
Linaelinatia,area-52,192,priest,discipline,6,2,4
Polteageist,frostmourne,192,priest,discipline,6,2,4
Halfsorrow,tichondrius,192,priest,discipline,6,2,4
Smallz,silvermoon,192,priest,discipline,6,2,4
Benjamints,thrall,192,priest,discipline,6,2,4
Djratlordx,thrall,192,priest,discipline,6,2,4
Goatedhp,dalaran,192,priest,discipline,6,2,4
Saenax,area-52,192,priest,discipline,6,2,4
Quasenada,stormrage,192,priest,discipline,6,2,4
Brazen,emerald-dream,192,priest,discipline,6,2,4
Mayzal,emerald-dream,192,priest,discipline,6,2,4
Stiffmeister,bleeding-hollow,192,priest,discipline,6,2,4
Corpsen,frostmourne,192,priest,discipline,6,2,4
Jpandha,azralon,192,priest,discipline,6,2,4
Disc,haomarush,192,priest,discipline,6,2,4
Dilonpi,area-52,192,priest,discipline,6,2,4
Vivø,nemesis,192,priest,discipline,6,2,4
Infecte,illidan,192,priest,discipline,6,2,4
Pmsñ,tichondrius,192,priest,discipline,6,2,4
Kharahealer,scilla,192,priest,discipline,6,2,4
Noobepriest,thrall,192,priest,discipline,6,2,4
Heartsblood,whisperwind,192,priest,discipline,6,2,4
Lexiahp,frostmourne,192,priest,discipline,6,2,4
Gstvsrrn,tichondrius,192,priest,discipline,6,2,4
Amphion,skullcrusher,192,priest,discipline,6,2,4
Puts,zuljin,192,priest,discipline,6,2,4
Darkhel,stormrage,192,priest,discipline,6,2,4
Mentiroso,kaelthas,192,priest,discipline,6,2,4
Anthuss,illidan,192,priest,discipline,6,2,4
Zonozan,lightnings-blade,192,priest,discipline,6,2,4
Ripret,tichondrius,192,priest,discipline,6,2,4
Aurilain,emerald-dream,192,priest,discipline,6,2,4
Qtgirlsofine,bleeding-hollow,192,priest,discipline,6,2,4
Tommyjr,tichondrius,192,priest,discipline,6,2,4
Thangthangin,icecrown,192,priest,discipline,6,2,4
Fluxen,illidan,192,priest,discipline,6,2,4
Bigmommyxo,whisperwind,192,priest,discipline,6,2,4
Fezalio,burning-blade,192,priest,discipline,6,2,4
Thréé,dalaran,192,priest,discipline,6,2,4
Gwendalynne,tichondrius,192,priest,discipline,6,2,4
Penicilin,terokkar,192,priest,discipline,6,2,4
Dontpvponme,illidan,192,priest,discipline,6,2,4
Mindgoblin,terokkar,192,priest,discipline,6,2,4
Qtpriestx,tichondrius,192,priest,discipline,6,2,4
Plaguesus,dalaran,192,priest,discipline,6,2,4
Budheals,spirestone,192,priest,discipline,6,2,4
Hateznamez,bladefist,192,priest,discipline,6,2,4
Holytipz,stormrage,192,priest,discipline,6,2,4
Jamie,maiev,192,priest,discipline,6,2,4
Haushauha,azralon,192,priest,discipline,6,2,4
Healgirls,dalaran,192,priest,discipline,6,2,4
Stilla,kelthuzad,192,priest,discipline,6,2,4
Visìons,tichondrius,192,priest,discipline,6,2,4
Redzwhotwo,kelthuzad,192,priest,discipline,6,2,4
Crossblesser,argent-dawn,192,priest,discipline,6,2,4
Penancemd,tichondrius,192,priest,discipline,6,2,4
Krossvoid,thrall,192,priest,discipline,6,2,4
Coldstone,bloodhoof,192,priest,discipline,6,2,4
Krevs,proudmoore,192,priest,discipline,6,2,4
Xeroxlivee,tichondrius,192,priest,discipline,6,2,4
Kaeruz,stormrage,192,priest,discipline,6,2,4
Issaley,tichondrius,192,priest,discipline,6,2,4
Stepbroplzno,barthilas,192,priest,discipline,6,2,4
Xedus,mannoroth,192,priest,discipline,6,2,4
Viictorea,barthilas,192,priest,discipline,6,2,4
Machiomora,dunemaul,192,priest,discipline,6,2,4
Meaning,tichondrius,192,priest,discipline,6,2,4
Qmine,tichondrius,192,priest,discipline,6,2,4
Damokek,tichondrius,192,priest,discipline,6,2,4
Kimbeloria,bleeding-hollow,192,priest,discipline,6,2,4
Soçks,proudmoore,192,priest,discipline,6,2,4
Railly,skywall,192,priest,discipline,6,2,4
Patagoniabae,kelthuzad,192,priest,discipline,6,2,4
Jàxx,dawnbringer,192,priest,discipline,6,2,4
Mieshatate,boulderfist,192,priest,discipline,6,2,4
Helorren,nagrand,192,priest,discipline,6,2,4
Meowforheals,sargeras,192,priest,discipline,6,2,4
Fancycorpse,tichondrius,192,priest,discipline,6,2,4
Roshank,illidan,192,priest,discipline,6,2,4
Mattkoster,mannoroth,192,priest,discipline,6,2,4
Rhypesia,azralon,192,priest,discipline,6,2,4
Snìffer,kelthuzad,192,priest,discipline,6,2,4
Kaldrbock,sargeras,192,priest,discipline,6,2,4
Çherished,stormrage,192,priest,discipline,6,2,4
Invain,executus,192,priest,discipline,6,2,4
Wiccano,stormrage,192,priest,discipline,6,2,4
Focusedwilly,frostmourne,192,priest,discipline,6,2,4
Zanyxx,tichondrius,192,priest,discipline,6,2,4
Holyshafted,kelthuzad,192,priest,discipline,6,2,4
Halloweenx,area-52,192,priest,discipline,6,2,4
Apparìtions,khazgoroth,192,priest,discipline,6,2,4
Verboden,kelthuzad,192,priest,discipline,6,2,4
Dinkk,stormrage,192,priest,discipline,6,2,4
Jesupristo,area-52,192,priest,discipline,6,2,4
Imcutejk,malganis,192,priest,discipline,6,2,4
Qnarisha,tichondrius,192,priest,discipline,6,2,4
Ôp,sargeras,192,priest,discipline,6,2,4
Roivas,bleeding-hollow,192,priest,discipline,6,2,4
Príest,nordrassil,192,priest,discipline,6,2,4
Phatheals,norgannon,192,priest,discipline,6,2,4
Noteenurse,blackrock,192,priest,discipline,6,2,4
Cmendemon,cenarion-circle,192,priest,discipline,6,2,4
Riztwo,moon-guard,192,priest,discipline,6,2,4
Castholy,nordrassil,192,priest,discipline,6,2,4
Beymaxll,moon-guard,192,priest,discipline,6,2,4
Fathersins,malganis,192,priest,discipline,6,2,4
Beansan,proudmoore,192,priest,discipline,6,2,4
Faedre,smolderthorn,192,priest,discipline,6,2,4
Ligthsoul,ragnaros,192,priest,discipline,6,2,4
Oongawa,sargeras,192,priest,discipline,6,2,4
Ripngor,tichondrius,192,priest,discipline,6,2,4
Hankspank,hakkar,192,priest,discipline,6,2,4
Aelap,malganis,192,priest,discipline,6,2,4
Gwenholy,hakkar,192,priest,discipline,6,2,4
Nizama,moon-guard,192,priest,discipline,6,2,4
Feelmydisc,bonechewer,192,priest,discipline,6,2,4
Mythine,moon-guard,192,priest,discipline,6,2,4
Linxisp,tichondrius,192,priest,discipline,6,2,4
Cub,darkspear,192,priest,discipline,6,2,4
Halfdeath,sargeras,192,priest,discipline,6,2,4
Coffeek,sargeras,192,priest,discipline,6,2,4
Tmchicken,tichondrius,192,priest,discipline,6,2,4
Shadowpáin,ragnaros,192,priest,discipline,6,2,4
Zereht,ragnaros,192,priest,discipline,6,2,4
Anttila,ragnaros,192,priest,discipline,6,2,4
Lunarras,aggramar,192,priest,discipline,6,2,4
Downbadbrick,moon-guard,192,priest,discipline,6,2,4
Celestian,malganis,192,priest,discipline,6,2,4
Schadên,wyrmrest-accord,192,priest,discipline,6,2,4
Bubblewrap,wyrmrest-accord,192,priest,discipline,6,2,4
Mhanaburn,nerzhul,192,priest,discipline,6,2,4
Rickmason,frostmane,192,priest,discipline,6,2,4
Dadin,nerzhul,192,priest,discipline,6,2,4
Járngreipr,nerzhul,192,priest,discipline,6,2,4
Radikel,aerie-peak,192,priest,discipline,6,2,4
Aßsolution,moon-guard,192,priest,discipline,6,2,4
Holydrop,sargeras,192,priest,discipline,6,2,4
Genevieve,aggramar,192,priest,discipline,6,2,4
Brokennurse,area-52,192,priest,discipline,7,2,5
Lightski,thunderlord,192,priest,discipline,7,2,5
Patchyemoly,frostmourne,192,priest,discipline,8,2,6
Pragus,emerald-dream,192,priest,discipline,14,3,11
Phraze,thrall,192,priest,discipline,11,2,9
Lûdløw,kelthuzad,192,priest,discipline,12,2,10
Nudibranch,malganis,192,priest,discipline,12,2,10
Canyounaut,kelthuzad,192,priest,discipline,12,2,10
Sativacuity,malganis,192,priest,discipline,12,2,10
Purpskuurp,malganis,192,priest,discipline,12,2,10
Meatbaoo,tichondrius,192,priest,discipline,12,2,10
Majiinbuu,maelstrom,192,priest,discipline,12,2,10
Rewena,silver-hand,192,priest,discipline,12,2,10
Grâfix,barthilas,192,priest,discipline,12,2,10
Capixaba,stormrage,192,priest,discipline,12,2,10
Jazminee,quelthalas,192,priest,discipline,12,2,10
Hpriest,barthilas,192,priest,discipline,12,2,10
Prilance,hyjal,192,priest,discipline,12,2,10
Sukora,blades-edge,192,priest,discipline,12,2,10
Jordiest,dalaran,192,priest,discipline,12,2,10
Bolognypony,norgannon,192,priest,discipline,12,2,10
Commotion,dalaran,192,priest,discipline,12,2,10
Häle,bloodscalp,192,priest,discipline,12,2,10
Fearward,silvermoon,192,priest,discipline,12,2,10
Bilian,dalvengyr,192,priest,discipline,12,2,10
Shwøøps,sargeras,192,priest,discipline,12,2,10
Toguol,stormrage,192,priest,discipline,12,2,10
Deadmoron,illidan,192,priest,discipline,12,2,10
Dumpesitwo,frostmourne,192,priest,discipline,12,2,10
Kuazi,frostmourne,192,priest,discipline,12,2,10
Ularim,tichondrius,192,priest,discipline,12,2,10
Chinzhs,tichondrius,192,priest,discipline,12,2,10
Holyshock,madoran,192,priest,discipline,12,2,10
Theryan,ragnaros,192,priest,discipline,12,2,10
Akainuu,nazjatar,192,priest,discipline,12,2,10
Ergoproxy,barthilas,192,priest,discipline,18,2,16
Myobi,tichondrius,191,priest,discipline,6,2,4
Fayth,maiev,191,priest,discipline,6,2,4
Serraphinaa,tichondrius,191,priest,discipline,6,2,4
Frothyfran,icecrown,191,priest,discipline,12,2,10
Mentra,tichondrius,191,priest,discipline,15,2,13
Hazzang,tichondrius,176,priest,discipline,78,37,41
Rhonorudeska,ragnaros,175,priest,discipline,11,2,9
Gabuncher,barthilas,175,priest,discipline,11,2,9
Rektinfull,bladefist,159,priest,discipline,5,2,3
Dinogingy,lightbringer,159,priest,discipline,5,2,3
Bwaka,dalaran,159,priest,discipline,5,2,3
Pugadin,bleeding-hollow,159,priest,discipline,5,2,3
Azrothlol,kul-tiras,159,priest,discipline,5,2,3
Venzd,illidan,159,priest,discipline,5,2,3
Greybearded,korgath,159,priest,discipline,5,2,3
Strict,the-forgotten-coast,159,priest,discipline,5,2,3
Sacredream,illidan,159,priest,discipline,5,2,3
Yuhstin,sargeras,159,priest,discipline,8,3,5
ßßxßß,tichondrius,144,priest,discipline,3,3,0
Franku,quelthalas,143,priest,discipline,3,3,0
Catboynahj,dalaran,138,priest,discipline,8,3,5
Mesiausx,stormrage,138,priest,discipline,8,3,5
Ryukim,tichondrius,138,priest,discipline,14,5,9
Dillydackx,sargeras,138,priest,discipline,9,3,6
Tylennin,hyjal,138,priest,discipline,13,4,9
Desiree,emerald-dream,138,priest,discipline,13,4,9
Ariadneminos,illidan,138,priest,discipline,11,3,8
Theophobe,illidan,138,priest,discipline,19,5,14
Krathe,azralon,128,priest,discipline,4,2,2
Dangerhealz,frostmourne,128,priest,discipline,4,2,2
Strepsis,icecrown,128,priest,discipline,4,2,2
Fadinglol,tichondrius,128,priest,discipline,4,2,2
Voif,proudmoore,128,priest,discipline,4,2,2
Holyfieldx,stormrage,127,priest,discipline,8,2,6
Rustydisc,area-52,127,priest,discipline,8,2,6
Tmspongwo,tichondrius,96,priest,discipline,3,2,1
Allaurah,thrall,96,priest,discipline,3,2,1
Standback,wyrmrest-accord,96,priest,discipline,3,2,1
Juvell,illidan,96,priest,discipline,3,2,1
Fatherbrah,kelthuzad,96,priest,discipline,3,2,1
Blightov,bleeding-hollow,96,priest,discipline,6,1,5
Yessír,stormrage,96,priest,discipline,6,1,5
Dëëdëëpants,moon-guard,96,priest,discipline,6,1,5
Barelylegalx,tichondrius,96,priest,discipline,6,1,5
Prayboy,aerie-peak,96,priest,discipline,6,1,5
Saltedaddy,tichondrius,96,priest,discipline,6,1,5
Mynaevis,malganis,96,priest,discipline,6,1,5
Dchi,tichondrius,96,priest,discipline,6,1,5
Tichealstwo,tichondrius,96,priest,discipline,6,1,5
Dentwo,aggramar,96,priest,discipline,6,1,5
Shelleypin,bleeding-hollow,96,priest,discipline,6,1,5
Regzi,stormrage,96,priest,discipline,6,1,5
Radiance,aggramar,96,priest,discipline,6,1,5
Drkwingduckz,area-52,96,priest,discipline,6,1,5
Kunof,ragnaros,96,priest,discipline,6,1,5
Hionlife,tichondrius,96,priest,discipline,6,1,5
Skingraft,bleeding-hollow,96,priest,discipline,6,1,5
Throwshade,moon-guard,96,priest,discipline,6,1,5
Edessa,lothar,96,priest,discipline,6,1,5
Terripriest,sargeras,96,priest,discipline,6,1,5
Shåde,skullcrusher,96,priest,discipline,6,1,5
Chemod,quelthalas,96,priest,discipline,6,1,5
Swungzebra,stormrage,96,priest,discipline,6,1,5
Beeds,sargeras,96,priest,discipline,6,1,5
Stunsilence,tichondrius,96,priest,discipline,6,1,5
Thasar,azgalor,96,priest,discipline,6,1,5
Nonbinary,trollbane,96,priest,discipline,6,1,5
Gwynplaine,trollbane,96,priest,discipline,6,1,5
Lostvoidbee,stormrage,96,priest,discipline,6,1,5
Soliidsnake,area-52,96,priest,discipline,6,1,5
Sïlvermoon,ravencrest,96,priest,discipline,6,1,5
Swagmasta,doomhammer,96,priest,discipline,6,1,5
Mistnamed,emerald-dream,96,priest,discipline,6,1,5
Mykillakilla,wyrmrest-accord,96,priest,discipline,6,1,5
Ivermectin,eredar,96,priest,discipline,6,1,5
Religions,wyrmrest-accord,96,priest,discipline,6,1,5
Escence,jubeithos,96,priest,discipline,6,1,5
Floofball,medivh,96,priest,discipline,6,1,5
Holwyn,moon-guard,96,priest,discipline,6,1,5
Snotanygood,alleria,96,priest,discipline,6,1,5
Starcross,exodar,96,priest,discipline,6,1,5
Nekkz,sargeras,96,priest,discipline,6,1,5
Trupriest,alleria,96,priest,discipline,6,1,5
Spriesto,frostmourne,96,priest,discipline,6,1,5
Aeøns,sargeras,96,priest,discipline,6,1,5
Perlak,bleeding-hollow,96,priest,discipline,6,1,5
Minamy,tichondrius,96,priest,discipline,6,1,5
Kalakbar,tichondrius,96,priest,discipline,6,1,5
Orethon,thrall,96,priest,discipline,6,1,5
Atzuru,ragnaros,96,priest,discipline,6,1,5
Yarock,kelthuzad,96,priest,discipline,6,1,5
Notgoodatsp,bleeding-hollow,96,priest,discipline,6,1,5
Sukeena,malganis,96,priest,discipline,6,1,5
Vayr,thrall,96,priest,discipline,6,1,5
Aneresxo,illidan,96,priest,discipline,6,1,5
Kimmie,kelthuzad,96,priest,discipline,6,1,5
Hode,sargeras,96,priest,discipline,6,1,5
Billyscousin,chogall,96,priest,discipline,6,1,5
Common,tichondrius,96,priest,discipline,6,1,5
Tatereh,illidan,96,priest,discipline,6,1,5
Mêga,illidan,96,priest,discipline,6,1,5
Thh,emerald-dream,96,priest,discipline,6,1,5
Shaylari,kelthuzad,96,priest,discipline,6,1,5
Snuzziest,darkspear,96,priest,discipline,6,1,5
Tabzorbing,illidan,96,priest,discipline,6,1,5
Hordehealin,laughing-skull,96,priest,discipline,6,1,5
Kernelious,illidan,96,priest,discipline,6,1,5
Leach,darkspear,96,priest,discipline,6,1,5
Nickerbocker,nazgrel,96,priest,discipline,6,1,5
Clárke,tichondrius,96,priest,discipline,6,1,5
Lampfood,alterac-mountains,96,priest,discipline,6,1,5
Canklez,stormscale,96,priest,discipline,6,1,5
Baneburr,illidan,96,priest,discipline,6,1,5
Keynnish,sargeras,96,priest,discipline,6,1,5
Kryoff,illidan,96,priest,discipline,6,1,5
Wilcarfegus,draka,96,priest,discipline,6,1,5
Voidstryker,windrunner,96,priest,discipline,6,1,5
Gódriç,emerald-dream,96,priest,discipline,6,1,5
Blosinrosin,lightbringer,96,priest,discipline,6,1,5
Baerybonds,kiljaeden,96,priest,discipline,6,1,5
Ilikis,tichondrius,96,priest,discipline,6,1,5
Spspsp,illidan,96,priest,discipline,6,1,5
Legitgayirl,zuljin,96,priest,discipline,6,1,5
Priestmika,illidan,96,priest,discipline,6,1,5
Pinoculus,illidan,96,priest,discipline,6,1,5
Sylthius,emerald-dream,96,priest,discipline,6,1,5
Mêatpuppet,kiljaeden,96,priest,discipline,6,1,5
Lifejuice,tichondrius,96,priest,discipline,6,1,5
Yogirabbit,kiljaeden,96,priest,discipline,6,1,5
Tooflyy,sargeras,96,priest,discipline,6,1,5
Hampy,illidan,96,priest,discipline,6,1,5
Moonideli,moon-guard,96,priest,discipline,6,1,5
Tisifone,ragnaros,96,priest,discipline,6,1,5
Priestprease,malganis,96,priest,discipline,6,1,5
Holnderoth,malganis,96,priest,discipline,6,1,5
Löstský,azralon,96,priest,discipline,6,1,5
Doobzy,proudmoore,96,priest,discipline,6,1,5
Fatherwyatt,bleeding-hollow,96,priest,discipline,6,1,5
Cenzlyor,arthas,96,priest,discipline,6,1,5
Mannybtuggin,kelthuzad,96,priest,discipline,6,1,5
Payforheals,malganis,96,priest,discipline,6,1,5
Dáhealz,tichondrius,96,priest,discipline,6,1,5
Ayzen,emerald-dream,96,priest,discipline,6,1,5
Ugamie,proudmoore,96,priest,discipline,6,1,5
Djriest,sargeras,96,priest,discipline,6,1,5
Spêc,frostmourne,96,priest,discipline,6,1,5
Rahna,azralon,96,priest,discipline,6,1,5
Aqusia,crushridge,96,priest,discipline,6,1,5
Galice,archimonde,96,priest,discipline,6,1,5
Prayforhealz,tichondrius,96,priest,discipline,6,1,5
Trixor,area-52,96,priest,discipline,6,1,5
Halfcab,runetotem,96,priest,discipline,6,1,5
Iggyp,hyjal,96,priest,discipline,6,1,5
Ripchadman,tichondrius,96,priest,discipline,6,1,5
Holddacheese,area-52,96,priest,discipline,6,1,5
Xiffs,malganis,96,priest,discipline,6,1,5
Crusiol,proudmoore,96,priest,discipline,6,1,5
Pétt,amanthul,96,priest,discipline,6,1,5
Púrg,frostmourne,96,priest,discipline,6,1,5
Drmuhammad,sargeras,96,priest,discipline,6,1,5
Ploottiy,kelthuzad,96,priest,discipline,6,1,5
Payan,barthilas,96,priest,discipline,6,1,5
Yungmazikeen,proudmoore,96,priest,discipline,6,1,5
Jaseyrae,emerald-dream,96,priest,discipline,6,1,5
Beanerall,quelthalas,96,priest,discipline,6,1,5
Kireepilef,ragnaros,96,priest,discipline,6,1,5
Pastortee,sargeras,96,priest,discipline,6,1,5
Shadeven,nagrand,96,priest,discipline,6,1,5
Mïsstres,area-52,96,priest,discipline,6,1,5
Çhauncy,tichondrius,96,priest,discipline,6,1,5
Zenorik,thrall,96,priest,discipline,6,1,5
Torgasm,frostmourne,96,priest,discipline,12,1,11
Chewboppa,zuljin,96,priest,discipline,12,1,11
Punkndrublic,sargeras,96,priest,discipline,12,1,11
Touchoflife,dragonblight,96,priest,discipline,12,1,11
Erinyn,area-52,96,priest,discipline,12,1,11
Zathog,earthen-ring,96,priest,discipline,12,1,11
Mallzahar,darkspear,96,priest,discipline,12,1,11
Fambam,sargeras,96,priest,discipline,12,1,11
Ssmushi,tichondrius,96,priest,discipline,12,1,11
Heniupriest,tichondrius,96,priest,discipline,12,1,11
Invisibler,tichondrius,96,priest,discipline,12,1,11
Gusgp,tichondrius,96,priest,discipline,12,1,11
Sifts,proudmoore,96,priest,discipline,12,1,11
Maggiesarang,tichondrius,96,priest,discipline,12,1,11
Modesty,antonidas,96,priest,discipline,12,1,11
Timéo,zuljin,96,priest,discipline,18,1,17
Õdinson,sargeras,96,priest,discipline,30,1,29
Orchidp,tichondrius,2334,priest,shadow,300,185,115
Jennaôrtega,tichondrius,2332,priest,shadow,108,69,39
Pboo,tichondrius,2315,priest,shadow,78,49,29
Luvkak,tichondrius,2304,priest,shadow,100,55,45
Yeazy,stormrage,2296,priest,shadow,108,62,46
Ejr,altar-of-storms,2248,priest,shadow,109,58,51
Kishoengi,sargeras,2228,priest,shadow,102,61,41
Disembly,illidan,2223,priest,shadow,87,50,37
Edd,tichondrius,2215,priest,shadow,158,84,74
Scandi,tichondrius,2199,priest,shadow,84,49,35
Yeona,tichondrius,2195,priest,shadow,101,60,41
Mearas,kelthuzad,2189,priest,shadow,88,52,36
Disemble,illidan,2186,priest,shadow,78,44,34
Techbadar,tichondrius,2185,priest,shadow,125,65,60
Eradication,frostmourne,2168,priest,shadow,99,64,35
Strwbrynaner,sargeras,2159,priest,shadow,186,99,87
Zçythe,tichondrius,2158,priest,shadow,84,51,33
Oohhmágáá,azralon,2157,priest,shadow,84,60,24
Painpaws,moon-guard,2148,priest,shadow,107,65,42
Moraver,kelthuzad,2141,priest,shadow,74,39,35
Targora,lightninghoof,2138,priest,shadow,108,62,46
Healingstats,tichondrius,2137,priest,shadow,71,38,33
Zyrith,sargeras,2137,priest,shadow,111,58,53
Apbrady,sargeras,2136,priest,shadow,108,58,50
Welplayedman,emerald-dream,2130,priest,shadow,88,53,35
Geovanni,barthilas,2129,priest,shadow,101,52,49
Zlipz,frostmourne,2125,priest,shadow,66,42,24
Amyyds,illidan,2124,priest,shadow,161,101,60
Palumorp,deathwing,2118,priest,shadow,90,57,33
Kottun,stormrage,2110,priest,shadow,66,38,28
Lìám,frostmourne,2110,priest,shadow,187,102,85
Pdfileclass,tichondrius,2106,priest,shadow,72,47,25
Bayter,frostmourne,2105,priest,shadow,181,97,84
Yenïza,illidan,2104,priest,shadow,178,96,82
Alisasa,tichondrius,2083,priest,shadow,72,40,32
Spamndam,tichondrius,2076,priest,shadow,78,45,33
Xiaozhui,tichondrius,2075,priest,shadow,93,51,42
Dream,tichondrius,2066,priest,shadow,180,88,92
Heheheg,tichondrius,2059,priest,shadow,140,72,68
Dyrr,barthilas,2058,priest,shadow,191,96,95
Vtp,frostmourne,2052,priest,shadow,116,66,50
Nekroscream,queldorei,2050,priest,shadow,95,53,42
Criminalsp,frostmourne,2050,priest,shadow,83,42,41
Omenx,emerald-dream,2046,priest,shadow,66,36,30
Laundryday,korgath,2043,priest,shadow,96,51,45
Sin,guldan,2036,priest,shadow,380,203,177
Blax,stormscale,2024,priest,shadow,96,54,42
Shibuu,moon-guard,2024,priest,shadow,82,46,36
Eunu,tichondrius,2021,priest,shadow,221,109,112
Knowknow,tichondrius,2013,priest,shadow,114,60,54
Expr,area-52,2011,priest,shadow,114,62,52
Gâdzêd,kelthuzad,2003,priest,shadow,62,38,24
Cozies,stormreaver,2001,priest,shadow,102,57,45
Zlips,frostmourne,2001,priest,shadow,86,41,45
Pbxx,tichondrius,1998,priest,shadow,58,35,23
Babyh,tichondrius,1994,priest,shadow,77,41,36
Ombravuota,blades-edge,1994,priest,shadow,219,113,106
Bobbyvagene,area-52,1990,priest,shadow,86,43,43
Louloudots,malganis,1979,priest,shadow,142,74,68
Keygodx,illidan,1977,priest,shadow,59,36,23
Kiriko,mannoroth,1977,priest,shadow,101,56,45
Viyana,stormrage,1977,priest,shadow,204,104,100
Erebusz,tichondrius,1976,priest,shadow,185,95,90
Yoggsarodney,tichondrius,1973,priest,shadow,49,32,17
Talbadar,tichondrius,1973,priest,shadow,66,42,24
Stinkiez,area-52,1972,priest,shadow,259,137,122
Arobahn,tichondrius,1970,priest,shadow,142,74,68
Aro,tichondrius,1966,priest,shadow,60,32,28
Mamísonga,ragnaros,1965,priest,shadow,71,35,36
Taylorsp,tichondrius,1964,priest,shadow,94,55,39
Maskali,tichondrius,1964,priest,shadow,244,117,127
Blackoss,sargeras,1961,priest,shadow,87,47,40
Urelz,illidan,1956,priest,shadow,30,21,9
Soapee,illidan,1955,priest,shadow,221,113,108
Puppyboyx,moon-guard,1954,priest,shadow,74,39,35
Psyfiend,alterac-mountains,1953,priest,shadow,81,46,35
Gromkekz,area-52,1953,priest,shadow,125,63,62
Greaterfade,stormrage,1952,priest,shadow,60,34,26
Jugeumx,proudmoore,1951,priest,shadow,66,36,30
Maìden,sargeras,1950,priest,shadow,66,36,30
Garpd,tichondrius,1947,priest,shadow,138,80,58
Metasp,sargeras,1947,priest,shadow,84,43,41
Helmsman,tichondrius,1940,priest,shadow,224,117,107
Yberisa,zuljin,1936,priest,shadow,149,78,71
Zlowbly,ragnaros,1935,priest,shadow,172,93,79
Nozp,stormrage,1930,priest,shadow,48,28,20
Ysuran,moon-guard,1930,priest,shadow,184,106,78
Katallyst,tichondrius,1926,priest,shadow,77,36,41
Kuraga,bleeding-hollow,1923,priest,shadow,338,180,158
Holydose,moon-guard,1921,priest,shadow,114,51,63
Ensanity,stormrage,1920,priest,shadow,132,69,63
Cheesëburg,illidan,1915,priest,shadow,54,28,26
Remixsp,malganis,1913,priest,shadow,48,28,20
Missyoung,tichondrius,1912,priest,shadow,73,42,31
Ilovevivien,spirestone,1911,priest,shadow,54,30,24
Ousïa,quelthalas,1905,priest,shadow,88,44,44
Marfas,illidan,1905,priest,shadow,98,47,51
Delasoul,malganis,1904,priest,shadow,87,50,37
Vamp,proudmoore,1899,priest,shadow,82,52,30
Aformoflove,tichondrius,1893,priest,shadow,59,33,26
Niark,frostmourne,1893,priest,shadow,52,27,25
Keliarc,sargeras,1892,priest,shadow,72,41,31
Meehx,illidan,1886,priest,shadow,102,65,37
Asmødeus,bleeding-hollow,1883,priest,shadow,95,50,45
Bubbyflay,area-52,1880,priest,shadow,47,30,17
Ssupasonic,tichondrius,1880,priest,shadow,103,63,40
Mindblastx,kelthuzad,1880,priest,shadow,63,35,28
Netheerix,tichondrius,1879,priest,shadow,51,30,21
Metricdotem,terenas,1878,priest,shadow,48,30,18
Bibleblak,stormrage,1878,priest,shadow,108,59,49
Claudiosip,tichondrius,1873,priest,shadow,48,33,15
Nutdrip,tichondrius,1872,priest,shadow,47,28,19
Mythsnake,ragnaros,1872,priest,shadow,49,29,20
Soar,ravencrest,1872,priest,shadow,47,26,21
Stresscube,tichondrius,1871,priest,shadow,40,25,15
Drmuhammad,sargeras,1870,priest,shadow,46,28,18
Atarri,illidan,1868,priest,shadow,54,31,23
Xaneo,kelthuzad,1866,priest,shadow,53,35,18
Creapture,zuluhed,1864,priest,shadow,42,24,18
Sênju,thrall,1864,priest,shadow,77,40,37
Xayp,kelthuzad,1863,priest,shadow,101,73,28
Voidkay,tichondrius,1862,priest,shadow,42,35,7
Theophobe,illidan,1862,priest,shadow,42,32,10
Wizkxjwap,tichondrius,1862,priest,shadow,36,24,12
Christmasgal,uldum,1859,priest,shadow,30,27,3
Fungame,malganis,1855,priest,shadow,50,35,15
Evenly,tichondrius,1855,priest,shadow,138,76,62
Itkev,area-52,1854,priest,shadow,35,27,8
Ericzssp,tichondrius,1854,priest,shadow,63,36,27
Couldntbeme,sargeras,1852,priest,shadow,54,31,23
Echoos,proudmoore,1849,priest,shadow,42,28,14
Nevertelsp,malganis,1848,priest,shadow,134,86,48
Yoggismydad,emerald-dream,1847,priest,shadow,48,29,19
Wafflezsp,frostmourne,1847,priest,shadow,120,62,58
Derisha,ragnaros,1845,priest,shadow,128,71,57
Sapoopettas,quelthalas,1845,priest,shadow,54,26,28
Griffsp,sargeras,1844,priest,shadow,203,101,102
Dí,illidan,1843,priest,shadow,66,38,28
Ayumihamaski,tichondrius,1840,priest,shadow,57,39,18
Soyul,tichondrius,1838,priest,shadow,114,64,50
Pnub,aggramar,1838,priest,shadow,65,34,31
Brokenspc,tichondrius,1837,priest,shadow,136,75,61
Snoog,tichondrius,1837,priest,shadow,54,28,26
Stunsilence,sargeras,1835,priest,shadow,42,23,19
Stankychimpo,malganis,1834,priest,shadow,54,32,22
Estéve,wyrmrest-accord,1834,priest,shadow,113,58,55
Niurouchuan,tichondrius,1834,priest,shadow,62,31,31
Furbog,area-52,1833,priest,shadow,42,31,11
Phubar,stormreaver,1831,priest,shadow,78,34,44
Remedio,emerald-dream,1830,priest,shadow,33,21,12
Jojotwo,illidan,1830,priest,shadow,78,41,37
Cøtt,emerald-dream,1829,priest,shadow,48,30,18
Doma,malganis,1829,priest,shadow,43,26,17
Yb,kelthuzad,1829,priest,shadow,54,32,22
Auttø,area-52,1829,priest,shadow,45,26,19
Kalantris,ragnaros,1828,priest,shadow,64,41,23
Throwshade,moon-guard,1828,priest,shadow,89,56,33
Giriosp,thrall,1827,priest,shadow,31,22,9
Celypriest,moon-guard,1825,priest,shadow,30,25,5
What,drakthul,1825,priest,shadow,54,35,19
Ptam,tichondrius,1825,priest,shadow,47,26,21
Silero,dalaran,1824,priest,shadow,116,76,40
Idiotgarbage,moon-guard,1824,priest,shadow,48,26,22
Insanity,azuremyst,1823,priest,shadow,137,77,60
Snozberry,malganis,1822,priest,shadow,66,36,30
Samsypriest,frostmourne,1821,priest,shadow,64,38,26
Mindslips,tichondrius,1821,priest,shadow,144,82,62
Sodíum,wyrmrest-accord,1821,priest,shadow,65,33,32
Bearoom,frostmourne,1820,priest,shadow,66,39,27
Kydraah,ragnaros,1820,priest,shadow,47,27,20
Plaguesus,dalaran,1820,priest,shadow,64,35,29
Vil,lightnings-blade,1819,priest,shadow,90,50,40
Ellindria,spinebreaker,1818,priest,shadow,95,57,38
Disxlyec,barthilas,1817,priest,shadow,142,79,63
Dots,tichondrius,1816,priest,shadow,53,33,20
Katarot,area-52,1816,priest,shadow,51,30,21
Discipline,chogall,1816,priest,shadow,48,26,22
Hollister,illidan,1816,priest,shadow,246,132,114
Bagjoe,illidan,1816,priest,shadow,194,102,92
Havocshadows,deathwing,1815,priest,shadow,94,58,36
Blissily,sargeras,1814,priest,shadow,75,47,28
Irasponsible,stormrage,1814,priest,shadow,42,23,19
Holytalk,tichondrius,1814,priest,shadow,60,30,30
Drupith,dalaran,1814,priest,shadow,54,27,27
Nawzyh,emerald-dream,1813,priest,shadow,48,26,22
Melonsoda,stormrage,1813,priest,shadow,48,26,22
Resonator,laughing-skull,1813,priest,shadow,46,22,24
Invain,executus,1812,priest,shadow,30,24,6
Felrynpr,malganis,1811,priest,shadow,47,28,19
Ðantex,thrall,1811,priest,shadow,296,155,141
Xannè,tichondrius,1811,priest,shadow,60,30,30
Tomcruisé,zuljin,1810,priest,shadow,54,31,23
Llamabush,malganis,1809,priest,shadow,39,26,13
Doublesix,malganis,1809,priest,shadow,72,43,29
Krelaeren,tichondrius,1809,priest,shadow,65,33,32
Cixelpvp,area-52,1809,priest,shadow,54,26,28
Arthrix,sargeras,1807,priest,shadow,72,46,26
Bumps,zuljin,1807,priest,shadow,76,43,33
Esteedees,bonechewer,1807,priest,shadow,114,62,52
Inflate,frostmourne,1807,priest,shadow,114,62,52
Ussmissouri,area-52,1807,priest,shadow,200,107,93
Ericxd,area-52,1807,priest,shadow,77,38,39
Edai,malganis,1806,priest,shadow,229,124,105
Exoticfather,stormrage,1806,priest,shadow,66,33,33
Dispel,agamaggan,1805,priest,shadow,32,24,8
Ghostz,alleria,1805,priest,shadow,60,39,21
Jomm,area-52,1805,priest,shadow,69,37,32
Snookp,kiljaeden,1805,priest,shadow,255,132,123
Brickzyhehe,dalaran,1805,priest,shadow,113,58,55
Naosoupriest,azralon,1804,priest,shadow,53,40,13
Healingstat,tichondrius,1804,priest,shadow,39,25,14
Secrèt,tichondrius,1804,priest,shadow,30,19,11
Bearzugzug,frostmourne,1803,priest,shadow,30,20,10
Inmotion,tichondrius,1803,priest,shadow,30,19,11
Panndaz,tichondrius,1803,priest,shadow,30,19,11
Nhela,kelthuzad,1803,priest,shadow,54,26,28
Euthanasìa,deathwing,1803,priest,shadow,70,31,39
Korrà,turalyon,1802,priest,shadow,30,19,11
Eclipsë,malganis,1800,priest,shadow,24,19,5
Hástür,quelthalas,1797,priest,shadow,145,79,66
Voiders,area-52,1795,priest,shadow,276,157,119
Sleepynuj,stormrage,1792,priest,shadow,78,48,30
Axelrod,tichondrius,1792,priest,shadow,48,29,19
Jthreetx,kelthuzad,1788,priest,shadow,40,23,17
Griffsp,stormrage,1786,priest,shadow,29,20,9
Zhiwanam,tichondrius,1786,priest,shadow,59,34,25
Lillyp,malganis,1786,priest,shadow,42,21,21
Jydge,tichondrius,1780,priest,shadow,39,22,17
Pengwinxl,agamaggan,1779,priest,shadow,48,25,23
Psyphi,duskwood,1778,priest,shadow,72,32,40
Almycn,tichondrius,1776,priest,shadow,56,30,26
Plztrainme,spinebreaker,1776,priest,shadow,124,65,59
Ayniah,tichondrius,1775,priest,shadow,40,22,18
Pinguisursi,kelthuzad,1774,priest,shadow,36,27,9
Saintpleb,sargeras,1772,priest,shadow,113,73,40
Jeseck,quelthalas,1771,priest,shadow,88,46,42
Shadowforsho,sargeras,1771,priest,shadow,64,30,34
Tamajka,the-forgotten-coast,1769,priest,shadow,111,55,56
Ventusp,azralon,1765,priest,shadow,83,45,38
Kattallyst,tichondrius,1765,priest,shadow,66,31,35
Voidgodtko,tichondrius,1763,priest,shadow,36,21,15
Kovie,twisting-nether,1758,priest,shadow,206,119,87
Krovnp,stormrage,1756,priest,shadow,36,24,12
Orgasmiq,frostmourne,1755,priest,shadow,84,45,39
Eklunð,proudmoore,1754,priest,shadow,53,28,25
Kfcpriest,barthilas,1752,priest,shadow,42,21,21
Mindgoblin,terokkar,1751,priest,shadow,90,43,47
Afromon,suramar,1750,priest,shadow,72,45,27
Mepisth,sargeras,1748,priest,shadow,72,46,26
Impérial,stormrage,1744,priest,shadow,179,107,72
Mindburn,nemesis,1742,priest,shadow,84,38,46
Krytical,illidan,1739,priest,shadow,160,95,65
Emopriestqt,tichondrius,1737,priest,shadow,144,79,65
Saevita,area-52,1737,priest,shadow,66,34,32
Tidbitsy,malganis,1735,priest,shadow,65,29,36
Ticklefingrs,malganis,1734,priest,shadow,60,35,25
Plushys,emerald-dream,1733,priest,shadow,66,44,22
Laokele,tichondrius,1731,priest,shadow,48,29,19
Dildocrates,darkspear,1730,priest,shadow,48,28,20
Messiahp,illidan,1730,priest,shadow,53,25,28
Aristedes,thrall,1729,priest,shadow,35,20,15
Sukes,korgath,1729,priest,shadow,103,58,45
Xmewo,sargeras,1728,priest,shadow,41,25,16
Lauretânia,nemesis,1727,priest,shadow,78,40,38
Lebronjâmes,tichondrius,1726,priest,shadow,42,25,17
Tidals,sargeras,1726,priest,shadow,48,28,20
Dxsc,tichondrius,1725,priest,shadow,72,41,31
Finfangfoom,laughing-skull,1725,priest,shadow,60,30,30
Milan,dalaran,1724,priest,shadow,81,49,32
Bornagain,gundrak,1723,priest,shadow,41,19,22
Pesca,proudmoore,1721,priest,shadow,90,47,43
Madcaddies,bonechewer,1721,priest,shadow,78,39,39
Manofmystery,dalaran,1718,priest,shadow,42,24,18
Peggable,moon-guard,1718,priest,shadow,42,23,19
Cmg,sargeras,1718,priest,shadow,48,24,24
Brokentrojan,moon-guard,1718,priest,shadow,48,23,25
Carbsauce,tichondrius,1716,priest,shadow,42,27,15
Perfectz,stormrage,1716,priest,shadow,42,24,18
Álvarez,tichondrius,1716,priest,shadow,110,56,54
Soný,stormrage,1715,priest,shadow,69,38,31
Saintjudys,tichondrius,1714,priest,shadow,36,23,13
Rizzle,emerald-dream,1714,priest,shadow,70,44,26
Brownie,blackrock,1713,priest,shadow,41,23,18
Fatherfeet,tichondrius,1711,priest,shadow,42,23,19
Dispèrsion,darkspear,1711,priest,shadow,76,35,41
Chazzwizz,area-52,1709,priest,shadow,42,21,21
Royx,stormreaver,1708,priest,shadow,36,18,18
Nishishabi,tichondrius,1707,priest,shadow,48,24,24
Marantbourge,frostmourne,1706,priest,shadow,93,59,34
Ðemi,zuljin,1706,priest,shadow,84,45,39
Thaumaturgy,chogall,1706,priest,shadow,48,25,23
Cathery,tichondrius,1704,priest,shadow,36,18,18
Jessticalz,frostmourne,1703,priest,shadow,48,24,24
Shwayp,zuljin,1702,priest,shadow,36,22,14
Moonideli,moon-guard,1702,priest,shadow,49,29,20
Invincible,ragnaros,1701,priest,shadow,48,28,20
Twoboo,bleeding-hollow,1701,priest,shadow,72,40,32
Darkenside,moon-guard,1699,priest,shadow,48,28,20
Ddark,tichondrius,1697,priest,shadow,66,41,25
Palmerin,ravencrest,1697,priest,shadow,102,53,49
Shadowblastx,sargeras,1696,priest,shadow,48,29,19
Cavaliersr,ragnaros,1696,priest,shadow,90,53,37
Sheiizy,azralon,1696,priest,shadow,42,24,18
Priestpogger,tichondrius,1695,priest,shadow,30,22,8
Nvøsuperstar,zuljin,1695,priest,shadow,72,37,35
Míslead,kelthuzad,1690,priest,shadow,30,22,8
Crbandit,moon-guard,1688,priest,shadow,103,62,41
Shalla,blackrock,1687,priest,shadow,84,45,39
Sinning,kelthuzad,1686,priest,shadow,24,18,6
Deuz,quelthalas,1685,priest,shadow,148,73,75
Holyxb,bleeding-hollow,1683,priest,shadow,137,76,61
Giveheadpats,moon-guard,1683,priest,shadow,216,118,98
Iuka,emerald-dream,1683,priest,shadow,183,96,87
Nonamegame,sargeras,1681,priest,shadow,106,60,46
Himikko,illidan,1680,priest,shadow,40,19,21
Yayonaise,tichondrius,1678,priest,shadow,36,21,15
Woodney,ragnaros,1676,priest,shadow,30,19,11
Littlewench,sargeras,1676,priest,shadow,86,49,37
Darkvagician,malganis,1676,priest,shadow,36,19,17
Girthed,bloodscalp,1676,priest,shadow,92,48,44
Crayon,stormrage,1676,priest,shadow,48,25,23
Snuffp,sargeras,1675,priest,shadow,119,77,42
Shelize,kirin-tor,1675,priest,shadow,277,139,138
Evx,demon-soul,1673,priest,shadow,96,50,46
Sochron,stormrage,1672,priest,shadow,128,67,61
Clownface,tichondrius,1671,priest,shadow,42,24,18
Manic,skywall,1671,priest,shadow,144,79,65
Fantasía,moon-guard,1670,priest,shadow,114,54,60
Desaros,tichondrius,1668,priest,shadow,102,52,50
Delbringer,moon-guard,1667,priest,shadow,120,68,52
Slasheal,caelestrasz,1666,priest,shadow,90,47,43
Nuggs,mannoroth,1665,priest,shadow,42,21,21
Pumpss,area-52,1664,priest,shadow,55,33,22
Xdipi,proudmoore,1662,priest,shadow,44,25,19
Swaggylee,tichondrius,1661,priest,shadow,40,22,18
Akuvurá,nemesis,1658,priest,shadow,119,67,52
Zachlol,area-52,1658,priest,shadow,66,36,30
Deadsp,thrall,1657,priest,shadow,115,58,57
Shadowkr,tichondrius,1656,priest,shadow,42,26,16
Uploading,moon-guard,1655,priest,shadow,30,19,11
Pluse,bonechewer,1655,priest,shadow,52,31,21
Ranthrough,tichondrius,1654,priest,shadow,72,47,25
Raptorjésus,azjolnerub,1654,priest,shadow,42,22,20
Ilovealina,gorefiend,1653,priest,shadow,30,21,9
Shadowlife,bonechewer,1652,priest,shadow,62,33,29
Djcyrus,barthilas,1652,priest,shadow,54,28,26
Nevermôre,area-52,1650,priest,shadow,54,36,18
Vaporachi,emerald-dream,1650,priest,shadow,42,28,14
Dovoso,kargath,1650,priest,shadow,54,30,24
Skrillô,emerald-dream,1650,priest,shadow,53,27,26
Fenix,bloodhoof,1650,priest,shadow,52,25,27
Caricius,ravenholdt,1649,priest,shadow,36,20,16
Iceveins,illidan,1649,priest,shadow,36,20,16
Johai,uldum,1648,priest,shadow,42,26,16
Moralism,moon-guard,1647,priest,shadow,229,129,100
Kultil,dalaran,1646,priest,shadow,72,42,30
Griddly,alterac-mountains,1646,priest,shadow,72,41,31
Painful,malganis,1645,priest,shadow,62,36,26
Amarexlol,stormrage,1645,priest,shadow,66,37,29
Sigx,area-52,1643,priest,shadow,30,21,9
Healzium,blackwater-raiders,1643,priest,shadow,44,23,21
Gaymalenurse,sargeras,1643,priest,shadow,48,25,23
Swungzebra,stormrage,1642,priest,shadow,140,83,57
Mscleo,lothar,1642,priest,shadow,120,54,66
Destta,stormrage,1641,priest,shadow,34,19,15
Voidazepam,zuljin,1641,priest,shadow,96,53,43
Deeaann,tichondrius,1641,priest,shadow,304,162,142
Scalpell,tichondrius,1639,priest,shadow,227,118,109
Folesian,tichondrius,1638,priest,shadow,54,31,23
Mockr,kiljaeden,1638,priest,shadow,72,41,31
Lolshadow,amanthul,1638,priest,shadow,42,23,19
Nullreferenc,frostmourne,1637,priest,shadow,75,42,33
Partypriest,tichondrius,1637,priest,shadow,66,36,30
Scarabless,bleeding-hollow,1637,priest,shadow,90,47,43
Badbwoi,frostmourne,1636,priest,shadow,51,24,27
Priestine,dreadmaul,1634,priest,shadow,156,81,75
Alip,tichondrius,1633,priest,shadow,64,41,23
Grimdox,tichondrius,1631,priest,shadow,48,36,12
Cixelp,area-52,1631,priest,shadow,42,23,19
Mushill,tichondrius,1631,priest,shadow,102,51,51
Fâêlyn,wyrmrest-accord,1631,priest,shadow,88,44,44
Safe,illidan,1629,priest,shadow,97,51,46
Antìdote,tichondrius,1628,priest,shadow,158,89,69
Bubbzy,daggerspine,1628,priest,shadow,42,23,19
Sempiternus,barthilas,1628,priest,shadow,46,24,22
Sarâda,moon-guard,1626,priest,shadow,177,95,82
Fireballingg,tichondrius,1625,priest,shadow,30,18,12
Ightdoe,zuljin,1624,priest,shadow,57,36,21
Alyndral,illidan,1624,priest,shadow,30,18,12
Whysoserious,duskwood,1624,priest,shadow,30,17,13
Mêdúsa,area-52,1621,priest,shadow,58,30,28
Dorraheals,tichondrius,1620,priest,shadow,41,22,19
Rhick,azralon,1619,priest,shadow,83,52,31
Dirtyysanta,tichondrius,1619,priest,shadow,29,18,11
Solstunn,moon-guard,1619,priest,shadow,48,24,24
Ilostmybible,quelthalas,1619,priest,shadow,46,23,23
Gershwinner,daggerspine,1619,priest,shadow,36,17,19
Iogical,kelthuzad,1618,priest,shadow,116,70,46
Tsmc,moon-guard,1618,priest,shadow,84,43,41
Thenamesnorm,tichondrius,1617,priest,shadow,59,36,23
Sînkaî,demon-soul,1617,priest,shadow,118,70,48
Dustnbonez,area-52,1617,priest,shadow,36,20,16
Sècret,tichondrius,1617,priest,shadow,40,20,20
Drossv,shadowmoon,1614,priest,shadow,42,20,22
Vallfiresp,malganis,1612,priest,shadow,40,22,18
Cxrsed,illidan,1610,priest,shadow,42,22,20
Fxxkdamn,tichondrius,1609,priest,shadow,29,20,9
Jeffgordo,tichondrius,1609,priest,shadow,86,52,34
Trenbologni,illidan,1609,priest,shadow,162,92,70
Kwõnc,tichondrius,1609,priest,shadow,50,26,24
Warklaw,frostmourne,1609,priest,shadow,72,34,38
Nickdeath,tichondrius,1609,priest,shadow,48,22,26
Nodoubt,barthilas,1609,priest,shadow,58,26,32
Adopted,wyrmrest-accord,1608,priest,shadow,66,37,29
Wenger,crushridge,1608,priest,shadow,138,70,68
Bandages,stormreaver,1606,priest,shadow,104,57,47
Shmage,malganis,1606,priest,shadow,54,28,26
Moc,jubeithos,1605,priest,shadow,36,22,14
Fight,icecrown,1605,priest,shadow,60,33,27
Cyanovoid,thrall,1605,priest,shadow,48,26,22
Hriest,tichondrius,1604,priest,shadow,42,23,19
Shadowdurps,area-52,1604,priest,shadow,66,36,30
Murkqz,stormrage,1604,priest,shadow,54,29,25
Clamchowdy,kiljaeden,1603,priest,shadow,27,18,9
Ayooblitz,guldan,1603,priest,shadow,42,26,16
Shadork,area-52,1602,priest,shadow,49,31,18
Cloax,azgalor,1602,priest,shadow,48,29,19
Aspéct,aegwynn,1602,priest,shadow,30,17,13
Hotphoyou,moon-guard,1600,priest,shadow,60,39,21
Manifestor,illidan,1600,priest,shadow,86,51,35
Machinecoach,stormrage,1600,priest,shadow,40,20,20
Vyabl,thrall,1599,priest,shadow,42,24,18
Gusho,frostmourne,1599,priest,shadow,175,88,87
Wifegrip,tichondrius,1598,priest,shadow,42,19,23
Evelën,azralon,1597,priest,shadow,36,20,16
Vtplz,bleeding-hollow,1596,priest,shadow,35,20,15
Radicional,azralon,1596,priest,shadow,36,20,16
Milkgrabber,bleeding-hollow,1595,priest,shadow,139,75,64
Minamy,tichondrius,1593,priest,shadow,30,17,13
Ulqüiorra,azralon,1592,priest,shadow,42,23,19
Graviton,tichondrius,1591,priest,shadow,72,40,32
Vashrapani,stormrage,1590,priest,shadow,243,124,119
Pettypriest,dalaran,1587,priest,shadow,125,64,61
Shadowzypher,wyrmrest-accord,1586,priest,shadow,42,23,19
Chillypriest,azjolnerub,1585,priest,shadow,42,23,19
Nexumbra,dunemaul,1585,priest,shadow,120,64,56
Fluttershÿ,ragnaros,1584,priest,shadow,54,28,26
Occult,bloodscalp,1584,priest,shadow,99,48,51
Imabeast,stormrage,1583,priest,shadow,65,34,31
Vicara,moon-guard,1582,priest,shadow,60,30,30
Gineska,tichondrius,1580,priest,shadow,30,18,12
Vaala,jubeithos,1580,priest,shadow,60,30,30
Ajazz,zuljin,1578,priest,shadow,36,22,14
Fancycorpse,tichondrius,1578,priest,shadow,54,22,32
Dillydackx,sargeras,1577,priest,shadow,114,61,53
Brothercarl,stormrage,1576,priest,shadow,48,24,24
Çummiñs,malganis,1575,priest,shadow,36,21,15
Kaldrir,malganis,1574,priest,shadow,42,27,15
Aqurielen,turalyon,1574,priest,shadow,53,34,19
Boogiê,illidan,1574,priest,shadow,114,64,50
Heàvenly,moon-guard,1573,priest,shadow,36,21,15
Terranle,tichondrius,1573,priest,shadow,118,61,57
Ikillfast,tichondrius,1572,priest,shadow,102,57,45
Toddmund,tichondrius,1570,priest,shadow,131,67,64
Ratleen,malganis,1570,priest,shadow,212,103,109
Mealmassttr,frostmourne,1569,priest,shadow,42,21,21
Sorrentin,ragnaros,1566,priest,shadow,64,34,30
Rhoku,nesingwary,1565,priest,shadow,54,32,22
Crazyherb,azralon,1565,priest,shadow,83,47,36
Xiphoidz,frostmourne,1562,priest,shadow,49,23,26
Iminyou,kelthuzad,1561,priest,shadow,84,50,34
Voltétt,tichondrius,1560,priest,shadow,32,18,14
Ethandryl,kelthuzad,1558,priest,shadow,39,23,16
Dahliá,frostmourne,1558,priest,shadow,83,45,38
Alex,boulderfist,1557,priest,shadow,54,31,23
Jeanbi,ragnaros,1556,priest,shadow,138,78,60
Voidshift,tichondrius,1556,priest,shadow,336,171,165
Sìnz,area-52,1555,priest,shadow,36,26,10
Hieken,nemesis,1555,priest,shadow,64,38,26
Fig,nazgrel,1554,priest,shadow,84,42,42
Nightcráwler,illidan,1553,priest,shadow,42,25,17
Rhima,tichondrius,1552,priest,shadow,24,17,7
Healypants,eonar,1552,priest,shadow,30,18,12
Tënëbrë,nemesis,1552,priest,shadow,73,43,30
Krazé,tichondrius,1552,priest,shadow,78,39,39
Suicider,emerald-dream,1550,priest,shadow,188,95,93
Volkova,quelthalas,1549,priest,shadow,30,19,11
Softs,area-52,1549,priest,shadow,83,42,41
Ivyslays,area-52,1548,priest,shadow,48,30,18
Krooked,kelthuzad,1548,priest,shadow,78,48,30
Proudigy,lightninghoof,1547,priest,shadow,93,54,39
Relicsa,proudmoore,1547,priest,shadow,71,36,35
Nøfaith,area-52,1544,priest,shadow,118,53,65
Pics,emerald-dream,1543,priest,shadow,41,23,18
Khelleya,moon-guard,1543,priest,shadow,48,26,22
Suery,hyjal,1542,priest,shadow,84,37,47
Nizeurflayzz,tichondrius,1541,priest,shadow,50,28,22
Supremezx,frostmourne,1539,priest,shadow,54,34,20
Abientot,tichondrius,1539,priest,shadow,84,47,37
Stepho,dalaran,1539,priest,shadow,42,19,23
Bigboyadam,frostmourne,1538,priest,shadow,88,55,33
Lilithice,moon-guard,1537,priest,shadow,48,25,23
Faeinia,elune,1534,priest,shadow,105,61,44
Cpoppa,sargeras,1533,priest,shadow,54,31,23
Csheweishan,aerie-peak,1533,priest,shadow,72,39,33
Methandrial,hyjal,1533,priest,shadow,117,61,56
Irangara,gorefiend,1533,priest,shadow,38,19,19
Priestzerath,azralon,1533,priest,shadow,51,25,26
Aethestan,zuljin,1533,priest,shadow,83,37,46
Dotdotwin,illidan,1531,priest,shadow,71,43,28
Dikdik,tichondrius,1530,priest,shadow,59,34,25
Benjamints,thrall,1529,priest,shadow,72,42,30
Büd,sargeras,1527,priest,shadow,30,17,13
Skgangmm,tichondrius,1526,priest,shadow,29,18,11
Jojoxxz,illidan,1526,priest,shadow,49,27,22
Purpskurp,stormrage,1525,priest,shadow,42,20,22
Ravinny,nemesis,1524,priest,shadow,46,23,23
Jmanhealz,stormrage,1523,priest,shadow,24,16,8
Mellow,tichondrius,1523,priest,shadow,44,24,20
Beckðn,tichondrius,1523,priest,shadow,94,50,44
Biubiubium,tichondrius,1522,priest,shadow,30,17,13
Salvate,tichondrius,1521,priest,shadow,24,16,8
Márceline,stormrage,1520,priest,shadow,64,40,24
Emlix,tichondrius,1520,priest,shadow,86,46,40
Likesshadows,tichondrius,1519,priest,shadow,66,45,21
Muurielle,quelthalas,1518,priest,shadow,171,92,79
Xannis,thrall,1517,priest,shadow,68,38,30
Londy,area-52,1516,priest,shadow,362,184,178
Keepitlegal,sargeras,1515,priest,shadow,30,16,14
Èvil,tichondrius,1514,priest,shadow,24,16,8
Zhadowbolts,thrall,1514,priest,shadow,41,20,21
Faedyspriest,sargeras,1512,priest,shadow,30,17,13
Shadowflux,thunderlord,1512,priest,shadow,42,17,25
Theorym,tichondrius,1509,priest,shadow,46,32,14
Carniosso,azralon,1507,priest,shadow,122,62,60
Hurtfeet,sargeras,1507,priest,shadow,44,19,25
Amideus,dunemaul,1507,priest,shadow,42,18,24
Bûdussy,bonechewer,1506,priest,shadow,55,32,23
Pepps,proudmoore,1506,priest,shadow,501,256,245
Mightyp,malganis,1506,priest,shadow,36,17,19
Lowkii,malfurion,1505,priest,shadow,63,41,22
Wobbleskank,tichondrius,1505,priest,shadow,84,50,34
Shadylotion,stormrage,1505,priest,shadow,30,16,14
Prickled,zuljin,1505,priest,shadow,79,40,39
Krythe,laughing-skull,1505,priest,shadow,41,19,22
Justfaith,barthilas,1504,priest,shadow,73,35,38
Lucael,durotan,1503,priest,shadow,60,33,27
Shadowhazed,tichondrius,1503,priest,shadow,42,23,19
Iuvrainee,area-52,1503,priest,shadow,90,46,44
Frankeebutt,stormrage,1502,priest,shadow,48,28,20
Shadowthief,magtheridon,1501,priest,shadow,30,16,14
Vynlanesh,illidan,1501,priest,shadow,132,65,67
Danoc,tichondrius,1500,priest,shadow,108,53,55
Púrg,frostmourne,1498,priest,shadow,36,20,16
Brothofnzoth,emerald-dream,1496,priest,shadow,77,37,40
Bullma,boulderfist,1494,priest,shadow,22,17,5
Creedence,jubeithos,1493,priest,shadow,65,33,32
Dischaffy,shadowmoon,1491,priest,shadow,42,29,13
Azheel,stormrage,1490,priest,shadow,65,26,39
Voidork,tichondrius,1489,priest,shadow,30,18,12
Ibringgears,tichondrius,1489,priest,shadow,47,23,24
Teeprie,drakthul,1488,priest,shadow,42,27,15
Fïonan,proudmoore,1488,priest,shadow,72,35,37
Suirr,tichondrius,1486,priest,shadow,36,22,14
Powerwordcry,stormrage,1485,priest,shadow,54,27,27
Bestwizardx,tichondrius,1484,priest,shadow,33,21,12
Shadelink,tichondrius,1484,priest,shadow,36,16,20
Azagthøth,ravenholdt,1478,priest,shadow,239,122,117
Swp,sargeras,1476,priest,shadow,48,29,19
Hypochondria,moon-guard,1475,priest,shadow,51,31,20
Astoshan,moon-guard,1475,priest,shadow,125,73,52
Bugsbright,tichondrius,1475,priest,shadow,105,56,49
Anrop,illidan,1470,priest,shadow,30,20,10
Popejack,stormrage,1470,priest,shadow,29,16,13
Whitehandpr,tichondrius,1469,priest,shadow,338,168,170
Zeromisx,proudmoore,1469,priest,shadow,34,16,18
Juicymist,moon-guard,1468,priest,shadow,226,124,102
Rida,zuljin,1467,priest,shadow,50,31,19
Allsmite,aerie-peak,1467,priest,shadow,54,29,25
Shädë,emerald-dream,1467,priest,shadow,54,23,31
Shadowbee,kargath,1466,priest,shadow,32,18,14
Cuaiminator,ragnaros,1463,priest,shadow,87,47,40
Shadeven,nagrand,1463,priest,shadow,39,18,21
Plzdontlos,hyjal,1461,priest,shadow,36,22,14
Fritzi,shattered-hand,1456,priest,shadow,30,17,13
Numinous,wyrmrest-accord,1456,priest,shadow,68,35,33
Healtheze,kelthuzad,1456,priest,shadow,44,22,22
Aeonar,alleria,1454,priest,shadow,39,24,15
Theodorous,frostmourne,1454,priest,shadow,52,29,23
Wdnmmd,proudmoore,1453,priest,shadow,103,49,54
Scarsdeath,azralon,1452,priest,shadow,46,26,20
Creata,frostmourne,1450,priest,shadow,25,16,9
Xæl,tichondrius,1450,priest,shadow,72,42,30
Spoõks,darkspear,1449,priest,shadow,50,21,29
Kilal,sargeras,1445,priest,shadow,36,24,12
Grizzlysmite,stormrage,1445,priest,shadow,37,17,20
Sezyks,stormrage,1444,priest,shadow,30,23,7
Lelyna,stormrage,1443,priest,shadow,46,27,19
Kadralin,illidan,1443,priest,shadow,72,36,36
Pestee,quelthalas,1442,priest,shadow,161,91,70
Plebcakès,sargeras,1441,priest,shadow,55,28,27
Kokai,area-52,1440,priest,shadow,18,15,3
Mentalprison,khazgoroth,1439,priest,shadow,30,15,15
Teddipriest,tichondrius,1438,priest,shadow,24,15,9
Debbie,cairne,1437,priest,shadow,36,20,16
Nüt,malganis,1437,priest,shadow,53,29,24
ßarracuda,illidan,1436,priest,shadow,114,65,49
Onegil,tichondrius,1436,priest,shadow,75,38,37
Moistfather,kelthuzad,1435,priest,shadow,47,29,18
Papadoll,malganis,1435,priest,shadow,38,20,18
Shortwombat,korgath,1435,priest,shadow,30,15,15
Mindfulness,tichondrius,1434,priest,shadow,24,15,9
Deffaultz,turalyon,1434,priest,shadow,36,19,17
Bbeaie,tichondrius,1433,priest,shadow,30,15,15
Øbara,frostmourne,1432,priest,shadow,76,41,35
Gelato,velen,1432,priest,shadow,30,15,15
Avraf,sargeras,1432,priest,shadow,30,15,15
Ciem,tichondrius,1431,priest,shadow,24,15,9
Covidchamp,proudmoore,1431,priest,shadow,24,15,9
Ezrashade,tichondrius,1431,priest,shadow,89,41,48
Kellsyo,hyjal,1429,priest,shadow,18,15,3
Nightelffeet,stormrage,1428,priest,shadow,24,15,9
Alvorr,ragnaros,1428,priest,shadow,67,39,28
Sandrö,sargeras,1427,priest,shadow,24,15,9
Aguitardient,ragnaros,1426,priest,shadow,33,19,14
Stusy,tichondrius,1425,priest,shadow,71,44,27
Elogant,frostmourne,1425,priest,shadow,106,45,61
Younext,sargeras,1425,priest,shadow,63,22,41
Mitoloshi,ragnaros,1424,priest,shadow,42,19,23
Zarøw,tichondrius,1423,priest,shadow,24,15,9
Corthien,thrall,1422,priest,shadow,18,15,3
Frorgnence,stormrage,1422,priest,shadow,36,26,10
Fathersmits,area-52,1422,priest,shadow,24,15,9
Malikeht,drakkari,1422,priest,shadow,54,29,25
Thelordx,barthilas,1422,priest,shadow,54,25,29
Propumper,dalaran,1419,priest,shadow,29,17,12
Harisleidy,quelthalas,1419,priest,shadow,44,23,21
Bigmollet,tichondrius,1418,priest,shadow,77,32,45
Lilmix,hydraxis,1417,priest,shadow,41,26,15
Strokkerx,azralon,1414,priest,shadow,110,59,51
Showakoi,ragnaros,1412,priest,shadow,54,29,25
Pastortee,sargeras,1409,priest,shadow,65,35,30
Flickmybick,sargeras,1409,priest,shadow,93,44,49
Wongÿ,tichondrius,1408,priest,shadow,30,24,6
Sandelios,aggramar,1408,priest,shadow,42,28,14
Mikeysp,tichondrius,1408,priest,shadow,36,18,18
Voidscrypt,thrall,1406,priest,shadow,100,60,40
Chewthefat,darkspear,1406,priest,shadow,29,15,14
Xammys,malganis,1405,priest,shadow,36,23,13
Daysgone,bleeding-hollow,1404,priest,shadow,221,118,103
ßroßraßroski,sargeras,1403,priest,shadow,42,24,18
Ed,crushridge,1402,priest,shadow,53,30,23
Bastét,skullcrusher,1402,priest,shadow,108,60,48
Shirubamoya,gurubashi,1401,priest,shadow,41,23,18
Mindboink,malganis,1400,priest,shadow,82,44,38
Wowgreatgame,tichondrius,1399,priest,shadow,53,27,26
Aghorï,sargeras,1399,priest,shadow,62,28,34
Seedisc,kelthuzad,1398,priest,shadow,51,30,21
Kuazi,khazgoroth,1398,priest,shadow,125,59,66
Imhðtep,ragnaros,1397,priest,shadow,78,37,41
Aedaki,garona,1396,priest,shadow,154,85,69
Haø,stormrage,1393,priest,shadow,98,50,48
Ashtahius,ragnaros,1392,priest,shadow,113,65,48
Habann,frostmourne,1392,priest,shadow,140,71,69
Constentien,tichondrius,1390,priest,shadow,30,16,14
Dawnkìn,bleeding-hollow,1390,priest,shadow,132,67,65
Dipírex,azralon,1389,priest,shadow,84,40,44
Mindeas,the-forgotten-coast,1387,priest,shadow,32,15,17
Fäÿë,tichondrius,1386,priest,shadow,54,26,28
Vinasky,moon-guard,1386,priest,shadow,38,16,22
Achíllesheal,stormrage,1385,priest,shadow,101,53,48
Bloodify,azralon,1385,priest,shadow,53,26,27
Jags,area-52,1381,priest,shadow,42,16,26
Healztonic,dalaran,1380,priest,shadow,72,32,40
Shén,barthilas,1378,priest,shadow,89,59,30
Tye,medivh,1378,priest,shadow,30,15,15
Lawgiva,thrall,1377,priest,shadow,30,19,11
Jadon,sargeras,1377,priest,shadow,38,22,16
Chaas,ragnaros,1376,priest,shadow,96,50,46
Miniimenx,azralon,1375,priest,shadow,41,29,12
Maynard,ragnaros,1374,priest,shadow,89,46,43
ßluedreamx,tichondrius,1370,priest,shadow,23,15,8
Urspareparts,sargeras,1370,priest,shadow,89,48,41
Spõõky,illidan,1368,priest,shadow,26,15,11
Ampela,dalaran,1368,priest,shadow,43,22,21
Tyisanity,tichondrius,1368,priest,shadow,68,32,36
Niias,hyjal,1366,priest,shadow,69,39,30
Greyyan,wyrmrest-accord,1366,priest,shadow,227,123,104
Saltheril,burning-blade,1366,priest,shadow,37,18,19
Saphet,draktharon,1365,priest,shadow,88,55,33
Aránhell,ragnaros,1365,priest,shadow,48,28,20
Revóra,kelthuzad,1364,priest,shadow,54,32,22
Lolcrafthd,ragnaros,1364,priest,shadow,30,16,14
Heihunüwang,kargath,1363,priest,shadow,26,15,11
Phantomz,malganis,1362,priest,shadow,47,30,17
Ketchuslipin,illidan,1362,priest,shadow,50,24,26
Scadie,goldrinn,1360,priest,shadow,30,15,15
Manofmystery,drenden,1359,priest,shadow,23,15,8
Irilde,proudmoore,1356,priest,shadow,42,21,21
Icytaken,frostmourne,1353,priest,shadow,48,22,26
Matafuka,ragnaros,1348,priest,shadow,66,37,29
Andso,azralon,1348,priest,shadow,36,17,19
Synkiz,darkspear,1346,priest,shadow,83,42,41
Onipapae,frostmourne,1345,priest,shadow,93,49,44
Poague,area-52,1343,priest,shadow,24,14,10
Task,korgath,1343,priest,shadow,41,18,23
Flay,dragonmaw,1342,priest,shadow,18,14,4
Ukishizumi,tichondrius,1342,priest,shadow,18,14,4
Cixelp,tichondrius,1342,priest,shadow,30,14,16
Mudkrab,gundrak,1340,priest,shadow,18,14,4
Yuhstin,sargeras,1340,priest,shadow,18,14,4
Pwrwordsquee,lightbringer,1339,priest,shadow,24,14,10
Verbeka,nemesis,1338,priest,shadow,18,14,4
Xionys,sargeras,1338,priest,shadow,54,25,29
Whorticiå,area-52,1336,priest,shadow,125,54,71
Nobutter,archimonde,1335,priest,shadow,24,14,10
Grianné,mannoroth,1334,priest,shadow,24,16,8
Scriptö,fizzcrank,1334,priest,shadow,72,47,25
Hüde,stormrage,1334,priest,shadow,102,53,49
Goodlife,frostmourne,1334,priest,shadow,30,14,16
Boogle,frostmourne,1333,priest,shadow,59,26,33
Luzira,stormrage,1332,priest,shadow,24,14,10
Chenny,darkspear,1332,priest,shadow,72,40,32
Dreaminz,tichondrius,1331,priest,shadow,24,14,10
Zeas,moon-guard,1331,priest,shadow,42,23,19
Jhivagosp,tichondrius,1331,priest,shadow,34,15,19
Leach,darkspear,1330,priest,shadow,71,30,41
Littlebagel,nesingwary,1325,priest,shadow,33,19,14
Sacerthu,goldrinn,1325,priest,shadow,36,20,16
Brshki,tichondrius,1324,priest,shadow,18,14,4
Stromile,tichondrius,1320,priest,shadow,18,14,4
Pacmanlol,greymane,1319,priest,shadow,18,14,4
Shadyvoodoo,barthilas,1319,priest,shadow,104,54,50
Pandarue,tichondrius,1318,priest,shadow,57,30,27
Mortivore,azralon,1318,priest,shadow,30,14,16
Maniwa,dentarg,1317,priest,shadow,42,15,27
Chádeervas,nemesis,1315,priest,shadow,39,24,15
Rammstèin,sargeras,1314,priest,shadow,30,14,16
Moogyvoid,tichondrius,1314,priest,shadow,30,14,16
Lilpika,illidan,1313,priest,shadow,60,29,31
Lirien,kelthuzad,1312,priest,shadow,56,20,36
Timreaper,barthilas,1311,priest,shadow,41,24,17
Barelylegalx,tichondrius,1310,priest,shadow,30,14,16
Vanisa,hellscream,1309,priest,shadow,53,29,24
Alisaie,dalvengyr,1308,priest,shadow,52,27,25
Locjawbe,area-52,1307,priest,shadow,35,18,17
Uvebeendead,the-forgotten-coast,1306,priest,shadow,72,42,30
Goodvybz,illidan,1306,priest,shadow,44,18,26
Shadowtreta,azralon,1305,priest,shadow,42,26,16
Roylwcheese,illidan,1304,priest,shadow,24,16,8
Duatneter,quelthalas,1304,priest,shadow,24,14,10
Duckdemon,ragnaros,1304,priest,shadow,65,29,36
Uncletouches,thrall,1303,priest,shadow,30,14,16
Labraidor,tichondrius,1303,priest,shadow,93,37,56
Sekhen,area-52,1298,priest,shadow,49,23,26
Bustmybubble,tichondrius,1297,priest,shadow,50,34,16
Mamofwar,arthas,1296,priest,shadow,66,29,37
Bobbeans,area-52,1295,priest,shadow,30,18,12
Øvøxø,emerald-dream,1295,priest,shadow,33,15,18
Beautifulgir,illidan,1294,priest,shadow,30,18,12
Reos,jubeithos,1294,priest,shadow,54,32,22
Estelars,aggramar,1291,priest,shadow,168,88,80
Ancene,illidan,1290,priest,shadow,42,24,18
Àx,draka,1290,priest,shadow,32,18,14
Hervert,area-52,1289,priest,shadow,36,19,17
Thotsndots,blood-furnace,1288,priest,shadow,26,15,11
Etan,thrall,1288,priest,shadow,79,40,39
Tjxx,zuljin,1287,priest,shadow,72,36,36
Wetleaftx,chogall,1286,priest,shadow,24,15,9
Alphawon,area-52,1285,priest,shadow,75,37,38
Zinr,tichondrius,1282,priest,shadow,30,15,15
Likeleela,azshara,1280,priest,shadow,53,24,29
Valloren,kalecgos,1278,priest,shadow,26,15,11
Abolita,korgath,1276,priest,shadow,120,65,55
Furìøns,nemesis,1275,priest,shadow,24,15,9
Marni,akama,1272,priest,shadow,91,42,49
Halselin,senjin,1271,priest,shadow,89,51,38
Healixd,area-52,1271,priest,shadow,36,14,22
Shadøwheal,stormrage,1269,priest,shadow,36,22,14
Cheez,tichondrius,1269,priest,shadow,88,38,50
Cptnrockwèll,dalaran,1267,priest,shadow,65,34,31
Vílja,moon-guard,1267,priest,shadow,111,51,60
Layrissa,whisperwind,1266,priest,shadow,24,15,9
Puerquirri,quelthalas,1266,priest,shadow,30,16,14
Pozcas,blood-furnace,1265,priest,shadow,24,14,10
Chinchillin,demon-soul,1265,priest,shadow,150,80,70
Lyriczx,kelthuzad,1265,priest,shadow,42,18,24
Festær,area-52,1258,priest,shadow,64,34,30
Beneficium,nazjatar,1254,priest,shadow,30,20,10
Synergize,korgath,1254,priest,shadow,60,30,30
Stankylegz,tichondrius,1251,priest,shadow,30,16,14
Zolgeta,exodar,1250,priest,shadow,47,31,16
Badnfluence,kiljaeden,1250,priest,shadow,24,14,10
Gothii,tichondrius,1250,priest,shadow,47,16,31
Jwx,malganis,1248,priest,shadow,18,13,5
Envyion,sargeras,1248,priest,shadow,24,13,11
Madcuzyaknow,bleeding-hollow,1248,priest,shadow,24,13,11
Stellur,kelthuzad,1247,priest,shadow,23,14,9
Originull,emerald-dream,1247,priest,shadow,24,13,11
Snackabre,moon-guard,1246,priest,shadow,24,13,11
Headbrake,malganis,1246,priest,shadow,24,13,11
Bubblepop,blackhand,1245,priest,shadow,18,13,5
Spacethug,illidan,1245,priest,shadow,24,13,11
Silkyx,tichondrius,1245,priest,shadow,24,13,11
Fanfansp,tichondrius,1244,priest,shadow,18,13,5
Dontpvponme,illidan,1243,priest,shadow,18,13,5
Potatopriest,stormrage,1243,priest,shadow,18,13,5
Sakuraginero,illidan,1243,priest,shadow,24,13,11
Pfl,area-52,1243,priest,shadow,119,59,60
Shadowjisha,emerald-dream,1243,priest,shadow,33,14,19
Aeingel,amanthul,1243,priest,shadow,47,16,31
Pri,jubeithos,1242,priest,shadow,18,13,5
Amentia,area-52,1242,priest,shadow,24,13,11
Ashidox,proudmoore,1242,priest,shadow,27,14,13
Shadhoee,sargeras,1242,priest,shadow,36,13,23
Houzz,frostmourne,1241,priest,shadow,18,13,5
Xedus,mannoroth,1240,priest,shadow,74,37,37
Ascian,daggerspine,1239,priest,shadow,30,13,17
Dilly,tichondrius,1238,priest,shadow,21,14,7
Brotherrob,area-52,1237,priest,shadow,24,13,11
Xijinping,chogall,1237,priest,shadow,24,13,11
Nums,tichondrius,1236,priest,shadow,48,25,23
Nóin,tichondrius,1236,priest,shadow,71,28,43
Zyræl,stormrage,1235,priest,shadow,101,45,56
Dernièreplac,blackrock,1234,priest,shadow,27,16,11
Shadowyeti,illidan,1233,priest,shadow,18,13,5
Nyktøs,quelthalas,1233,priest,shadow,36,14,22
Cykle,blackrock,1233,priest,shadow,42,13,29
Dockavok,bloodhoof,1232,priest,shadow,18,13,5
Mortemus,drenden,1232,priest,shadow,26,16,10
Faithplusone,zuljin,1231,priest,shadow,18,13,5
Jiedx,tichondrius,1230,priest,shadow,35,14,21
Elam,ragnaros,1229,priest,shadow,53,19,34
Fadedvoid,malorne,1228,priest,shadow,18,13,5
Sindawen,kiljaeden,1227,priest,shadow,24,13,11
Kaermor,stormrage,1227,priest,shadow,66,28,38
Simplyfaded,black-dragonflight,1226,priest,shadow,24,13,11
Payan,barthilas,1224,priest,shadow,54,27,27
Kristt,thrall,1224,priest,shadow,96,40,56
Antoz,kelthuzad,1222,priest,shadow,49,28,21
Hephiron,area-52,1219,priest,shadow,59,22,37
Ramaven,arygos,1213,priest,shadow,36,14,22
Shinyspriest,tichondrius,1212,priest,shadow,89,44,45
Sorrowful,mannoroth,1208,priest,shadow,29,13,16
Castnngcouch,tichondrius,1207,priest,shadow,42,21,21
Demples,darkspear,1202,priest,shadow,24,16,8
Discpi,illidan,1202,priest,shadow,78,34,44
Senumbra,tichondrius,1200,priest,shadow,36,16,20
Hairypenance,sargeras,1194,priest,shadow,23,13,10
Dockani,sargeras,1194,priest,shadow,66,31,35
Urmorphine,area-52,1190,priest,shadow,203,109,94
Whisper,zuljin,1190,priest,shadow,43,23,20
Holydarkness,quelthalas,1190,priest,shadow,53,20,33
Foli,zuljin,1187,priest,shadow,22,14,8
Bmô,stormrage,1186,priest,shadow,30,14,16
Aflstan,frostmourne,1185,priest,shadow,57,34,23
Pristoleiro,azralon,1182,priest,shadow,17,13,4
Anathamaz,stormrage,1182,priest,shadow,36,13,23
Mimósa,quelthalas,1181,priest,shadow,25,14,11
Fullfear,lothar,1178,priest,shadow,26,13,13
Darksheals,barthilas,1176,priest,shadow,30,22,8
Vynardis,arygos,1173,priest,shadow,61,27,34
Overcastedxo,kelthuzad,1170,priest,shadow,62,36,26
Amestroada,nemesis,1166,priest,shadow,27,14,13
Tanthdrel,proudmoore,1166,priest,shadow,36,18,18
Agraciada,illidan,1164,priest,shadow,57,32,25
Slogger,illidan,1164,priest,shadow,29,13,16
Maricotä,azralon,1161,priest,shadow,24,13,11
Moon,moonrunner,1158,priest,shadow,41,19,22
Trollypriest,darkspear,1157,priest,shadow,94,44,50
Snakklè,illidan,1152,priest,shadow,18,13,5
Taxzury,tichondrius,1152,priest,shadow,18,12,6
Mmys,tichondrius,1152,priest,shadow,24,12,12
Airil,mugthol,1150,priest,shadow,18,12,6
Shadowp,shattered-halls,1150,priest,shadow,24,12,12
Bàttlepriest,caelestrasz,1150,priest,shadow,36,16,20
Qadris,tichondrius,1150,priest,shadow,30,12,18
Nucypher,illidan,1149,priest,shadow,24,12,12
Xtcbtc,sargeras,1148,priest,shadow,24,12,12
Kàiju,zuljin,1148,priest,shadow,36,14,22
Nùm,tichondrius,1147,priest,shadow,21,13,8
Fouroneo,tichondrius,1146,priest,shadow,24,12,12
Teccalil,tichondrius,1146,priest,shadow,24,12,12
Deiz,tichondrius,1146,priest,shadow,24,12,12
Abednego,area-52,1145,priest,shadow,21,13,8
Dayquills,illidan,1145,priest,shadow,24,12,12
Lidole,barthilas,1145,priest,shadow,30,12,18
Ghedeloco,tichondrius,1144,priest,shadow,18,12,6
Kk,fizzcrank,1144,priest,shadow,24,12,12
Omnivoîd,tichondrius,1144,priest,shadow,24,12,12
Luokni,illidan,1143,priest,shadow,18,12,6
Yeeko,kiljaeden,1142,priest,shadow,24,12,12
Îcecube,sargeras,1142,priest,shadow,24,12,12
Knglizward,stormrage,1140,priest,shadow,59,33,26
Thedarkshade,area-52,1139,priest,shadow,39,24,15
Kibariyb,drakkari,1139,priest,shadow,30,12,18
Mãstermerlin,frostmourne,1138,priest,shadow,24,12,12
Stellaryn,moon-guard,1137,priest,shadow,30,12,18
Faithhealing,zuljin,1136,priest,shadow,86,42,44
Unholyreáper,magtheridon,1132,priest,shadow,24,12,12
Vvti,quelthalas,1125,priest,shadow,28,15,13
Lilmermaid,laughing-skull,1118,priest,shadow,24,12,12
Ëlliot,stormrage,1104,priest,shadow,33,15,18
Võid,tichondrius,1103,priest,shadow,23,12,11
Dralaan,proudmoore,1102,priest,shadow,24,15,9
Shämus,dalaran,1097,priest,shadow,82,41,41
Deadcode,frostmane,1096,priest,shadow,48,18,30
Misslost,nerzhul,1081,priest,shadow,23,12,11
Khaibit,stormrage,1073,priest,shadow,39,23,16
Scormm,runetotem,1073,priest,shadow,24,13,11
Pestî,area-52,1072,priest,shadow,42,14,28
Galice,archimonde,1065,priest,shadow,60,30,30
Eslaughter,twisting-nether,1061,priest,shadow,24,16,8
Valeknun,stormrage,1060,priest,shadow,36,24,12
Freebolte,frostmourne,1056,priest,shadow,12,11,1
Lastbubble,area-52,1056,priest,shadow,24,11,13
Patagoniabae,kelthuzad,1055,priest,shadow,12,11,1
Icychain,area-52,1055,priest,shadow,18,11,7
Eskettit,korgath,1054,priest,shadow,12,11,1
Sleezi,emerald-dream,1054,priest,shadow,18,11,7
Nihenben,illidan,1054,priest,shadow,18,11,7
Plenipotent,moon-guard,1054,priest,shadow,26,15,11
Nottonightqt,barthilas,1053,priest,shadow,18,11,7
Eatmyspells,malganis,1053,priest,shadow,24,11,13
Talkura,tichondrius,1052,priest,shadow,12,11,1
Darkshadows,ravenholdt,1052,priest,shadow,18,11,7
Bhruno,proudmoore,1052,priest,shadow,18,11,7
Tydïus,illidan,1052,priest,shadow,18,11,7
Féarlust,demon-soul,1051,priest,shadow,18,11,7
Eraseme,bleeding-hollow,1050,priest,shadow,24,11,13
Semillion,tichondrius,1049,priest,shadow,24,11,13
Tinypuppyy,sargeras,1047,priest,shadow,37,14,23
Coors,lightnings-blade,1046,priest,shadow,24,11,13
Nocturnalx,moon-guard,1045,priest,shadow,18,11,7
Rucati,cenarius,1041,priest,shadow,24,11,13
Floofball,medivh,1038,priest,shadow,18,11,7
Fedodesubaco,gallywix,1029,priest,shadow,45,25,20
Alzu,ragnaros,1023,priest,shadow,23,11,12
Khenshin,ragnaros,1021,priest,shadow,50,25,25
Sylvane,silvermoon,1015,priest,shadow,17,11,6
Yaann,zuljin,1012,priest,shadow,24,11,13
Oglilptown,thunderlord,1005,priest,shadow,60,33,27
Angro,ragnaros,1005,priest,shadow,24,13,11
Nadrii,illidan,1002,priest,shadow,36,17,19
Sinkz,ragnaros,992,priest,shadow,16,11,5
Pocket,alleria,991,priest,shadow,22,11,11
Coolbie,korgath,990,priest,shadow,26,11,15
Kundalini,boulderfist,985,priest,shadow,23,11,12
Daemoon,deathwing,973,priest,shadow,20,12,8
Discountay,burning-legion,965,priest,shadow,20,11,9
Insindious,sargeras,963,priest,shadow,15,12,3
Abc,spirestone,960,priest,shadow,12,10,2
Icarryozz,darkspear,960,priest,shadow,12,10,2
Mmrassassin,stormrage,960,priest,shadow,12,10,2
Evilgeniusx,area-52,960,priest,shadow,18,10,8
Jugeum,proudmoore,960,priest,shadow,18,10,8
Plumpkinn,kiljaeden,960,priest,shadow,18,10,8
Pèrona,tichondrius,960,priest,shadow,18,10,8
Anoumenon,tichondrius,960,priest,shadow,18,10,8
Kissmyvoìd,frostmourne,960,priest,shadow,18,10,8
Diyel,area-52,959,priest,shadow,12,10,2
Rendoss,arathor,959,priest,shadow,12,10,2
Inflìctìøn,frostmourne,959,priest,shadow,12,10,2
Synergia,drakkari,959,priest,shadow,12,10,2
Shådøw,destromath,959,priest,shadow,18,10,8
Fancyspork,illidan,959,priest,shadow,18,10,8
Xtradotz,tichondrius,959,priest,shadow,18,10,8
Bestpimp,frostmane,959,priest,shadow,18,10,8
Delai,dalaran,959,priest,shadow,18,10,8
Ayzen,emerald-dream,959,priest,shadow,18,10,8
Philmacrakn,stormrage,959,priest,shadow,18,10,8
Saitii,dalaran,959,priest,shadow,18,10,8
Terý,dalaran,959,priest,shadow,24,10,14
Keepsleepin,stormrage,959,priest,shadow,24,10,14
Vikingkøng,ragnaros,958,priest,shadow,12,10,2
Thiazine,kiljaeden,958,priest,shadow,12,10,2
Felskie,tichondrius,958,priest,shadow,12,10,2
Deckx,khazgoroth,958,priest,shadow,16,11,5
Tatzis,frostmourne,958,priest,shadow,18,10,8
Porffy,malygos,958,priest,shadow,18,10,8
Deawalker,khaz-modan,958,priest,shadow,18,10,8
Zeroghp,tichondrius,958,priest,shadow,18,10,8
Exigyo,quelthalas,957,priest,shadow,23,13,10
Hecáte,dalaran,957,priest,shadow,18,10,8
Gankdalf,draktharon,955,priest,shadow,18,10,8
Cartus,emerald-dream,955,priest,shadow,18,10,8
Bibledave,whisperwind,954,priest,shadow,18,10,8
Slctivhealng,area-52,954,priest,shadow,18,10,8
Ralphiez,tichondrius,954,priest,shadow,24,10,14
Ragnálodbrok,ragnaros,953,priest,shadow,18,10,8
Xora,frostmourne,952,priest,shadow,18,10,8
Kflexx,hydraxis,948,priest,shadow,18,10,8
Cymin,dalaran,943,priest,shadow,25,12,13
Ipse,azshara,942,priest,shadow,72,37,35
Farnkxd,bleeding-hollow,925,priest,shadow,32,11,21
Ssphex,tichondrius,915,priest,shadow,18,10,8
Thrageqt,sargeras,908,priest,shadow,20,11,9
Silmeriá,darkspear,904,priest,shadow,29,11,18
Ràvn,emerald-dream,903,priest,shadow,16,12,4
Beeds,sargeras,902,priest,shadow,105,44,61
Dioscura,malganis,895,priest,shadow,16,10,6
Exen,moon-guard,894,priest,shadow,18,11,7
Romero,blood-furnace,885,priest,shadow,60,24,36
Berixa,stormscale,883,priest,shadow,11,10,1
Pootzy,malganis,880,priest,shadow,19,10,9
Csonka,stormrage,868,priest,shadow,38,13,25
Beibeihang,tichondrius,864,priest,shadow,12,9,3
Æë,area-52,864,priest,shadow,12,9,3
Kurindrize,illidan,864,priest,shadow,12,9,3
Feverx,tichondrius,864,priest,shadow,12,9,3
Jâmïè,gurubashi,864,priest,shadow,12,9,3
Wololo,emerald-dream,864,priest,shadow,18,9,9
Zanthix,tichondrius,864,priest,shadow,18,9,9
Slimfo,sargeras,864,priest,shadow,18,9,9
Tiernocookie,illidan,864,priest,shadow,18,9,9
Ellipses,bleeding-hollow,864,priest,shadow,18,9,9
Voidcult,area-52,864,priest,shadow,18,9,9
Swurvexo,bleeding-hollow,864,priest,shadow,24,9,15
Beloriath,ragnaros,863,priest,shadow,12,9,3
Charity,maelstrom,863,priest,shadow,12,9,3
Fzz,tichondrius,863,priest,shadow,12,9,3
Dyhm,gorgonnash,863,priest,shadow,12,9,3
Küno,kelthuzad,863,priest,shadow,18,9,9
Ðecease,thrall,863,priest,shadow,18,9,9
Flaytonmanin,korgath,863,priest,shadow,18,9,9
Woosanghong,tichondrius,863,priest,shadow,18,9,9
Dnn,malganis,863,priest,shadow,18,9,9
Delrey,sargeras,863,priest,shadow,18,9,9
Vizioz,tichondrius,863,priest,shadow,18,9,9
Efxsp,sargeras,863,priest,shadow,24,9,15
Raahsty,malganis,863,priest,shadow,24,9,15
Everblack,executus,862,priest,shadow,12,9,3
Dóctóre,thrall,862,priest,shadow,18,9,9
Touchypriest,jaedenar,862,priest,shadow,18,9,9
Tyreliy,eitrigg,862,priest,shadow,18,9,9
Arzeuz,ragnaros,862,priest,shadow,18,9,9
Vzell,kiljaeden,862,priest,shadow,18,9,9
Nekkz,sargeras,861,priest,shadow,12,9,3
Melas,stormrage,861,priest,shadow,24,9,15
Fósho,khadgar,861,priest,shadow,24,9,15
Viejiyoh,ragnaros,860,priest,shadow,18,9,9
Wankenobi,stormrage,859,priest,shadow,18,9,9
Methodist,sargeras,859,priest,shadow,24,9,15
Beansontoast,wyrmrest-accord,857,priest,shadow,12,9,3
Zelashan,proudmoore,856,priest,shadow,18,9,9
Zaxine,moon-guard,854,priest,shadow,30,9,21
Mazahr,stormrage,852,priest,shadow,12,9,3
Hibot,illidan,849,priest,shadow,30,9,21
Lightbanter,emerald-dream,846,priest,shadow,24,9,15
Kagamì,frostmane,843,priest,shadow,31,9,22
Lockerest,sargeras,837,priest,shadow,32,11,21
Pipiwiwi,tichondrius,831,priest,shadow,16,9,7
Maldicius,emerald-dream,830,priest,shadow,23,9,14
Blonkie,azgalor,821,priest,shadow,24,10,14
Jeängrey,tichondrius,815,priest,shadow,15,10,5
Stylonious,hyjal,815,priest,shadow,15,9,6
Stivche,frostmourne,814,priest,shadow,21,9,12
Buc,barthilas,813,priest,shadow,15,9,6
Rigotakx,illidan,805,priest,shadow,27,10,17
Fledgeling,frostmourne,799,priest,shadow,14,9,5
Spriesto,frostmourne,799,priest,shadow,17,9,8
Lôvecraft,frostmourne,781,priest,shadow,19,9,10
Likeness,proudmoore,768,priest,shadow,12,8,4
Nohealerhere,frostmourne,768,priest,shadow,12,8,4
Oxycodex,thrall,768,priest,shadow,12,8,4
Darkascended,arthas,768,priest,shadow,12,8,4
Skraitbussin,tichondrius,768,priest,shadow,12,8,4
Rattyp,barthilas,768,priest,shadow,12,8,4
Stungods,frostmourne,768,priest,shadow,12,8,4
Ruzhi,moon-guard,768,priest,shadow,12,8,4
Silentólògy,malganis,768,priest,shadow,12,8,4
Dazull,bleeding-hollow,768,priest,shadow,12,8,4
Hockula,kiljaeden,768,priest,shadow,12,8,4
Lnoh,area-52,768,priest,shadow,12,8,4
Härpocrates,area-52,768,priest,shadow,12,8,4
Mitogen,malganis,768,priest,shadow,12,8,4
Púrplenurple,area-52,768,priest,shadow,12,8,4
Skepix,lightbringer,768,priest,shadow,18,8,10
Deacoderx,area-52,768,priest,shadow,18,8,10
Iluvwizkx,malganis,768,priest,shadow,18,8,10
Heàl,akama,768,priest,shadow,18,8,10
Mydixi,stormrage,768,priest,shadow,18,8,10
Madmelter,emerald-dream,768,priest,shadow,18,8,10
Voidariah,tichondrius,768,priest,shadow,18,8,10
Enchantrez,frostmourne,768,priest,shadow,18,8,10
Bearuwu,frostmourne,768,priest,shadow,18,8,10
Drosslolz,illidan,768,priest,shadow,18,8,10
Ripchadman,tichondrius,768,priest,shadow,18,8,10
Àústîn,moon-guard,768,priest,shadow,18,8,10
Duhpriest,frostmourne,768,priest,shadow,18,8,10
Alucardibee,turalyon,768,priest,shadow,24,8,16
Synesis,bladefist,768,priest,shadow,24,8,16
Voidathon,sargeras,767,priest,shadow,12,8,4
Yackle,dawnbringer,767,priest,shadow,12,8,4
Dyé,hydraxis,767,priest,shadow,12,8,4
Drteabaghaam,zuljin,767,priest,shadow,12,8,4
Easyrevenge,kelthuzad,767,priest,shadow,12,8,4
Rogspriest,sargeras,767,priest,shadow,12,8,4
Mugiwarà,stormrage,767,priest,shadow,12,8,4
Viq,stormrage,767,priest,shadow,12,8,4
Homonid,moon-guard,767,priest,shadow,12,8,4
Sgssg,illidan,767,priest,shadow,12,8,4
Hairyboxx,frostmourne,767,priest,shadow,12,8,4
Oldmanlou,spirestone,767,priest,shadow,12,8,4
Shadowlords,emerald-dream,767,priest,shadow,12,8,4
Tungus,shadowsong,767,priest,shadow,12,8,4
Docbek,illidan,767,priest,shadow,12,8,4
Ilumus,lightnings-blade,767,priest,shadow,12,8,4
Longlegs,garrosh,767,priest,shadow,14,8,6
Smitepie,malganis,767,priest,shadow,18,8,10
Twistedtéa,garrosh,767,priest,shadow,18,8,10
Valothrian,area-52,767,priest,shadow,18,8,10
Tuggyp,tichondrius,767,priest,shadow,18,8,10
Igotubrah,malganis,767,priest,shadow,18,8,10
Badxjuju,frostmourne,767,priest,shadow,18,8,10
Krypts,shadow-council,766,priest,shadow,12,8,4
Solrina,khazgoroth,766,priest,shadow,12,8,4
Sãoleozinho,azralon,766,priest,shadow,12,8,4
Gorebones,emerald-dream,766,priest,shadow,18,8,10
Chroma,amanthul,766,priest,shadow,18,8,10
Jinzan,stormrage,766,priest,shadow,18,8,10
Sadinho,azralon,766,priest,shadow,24,8,16
Rustinheber,stormscale,765,priest,shadow,12,8,4
Clayphace,darkspear,765,priest,shadow,18,8,10
Kumojorno,gilneas,765,priest,shadow,18,8,10
Nachòs,wildhammer,765,priest,shadow,24,8,16
Pactosombrio,azralon,763,priest,shadow,24,8,16
Drkwispers,stormrage,762,priest,shadow,18,8,10
Speckilz,area-52,762,priest,shadow,26,8,18
Lùcìd,dalaran,760,priest,shadow,12,8,4
Sôuljah,skywall,760,priest,shadow,26,10,16
Battlepope,the-scryers,755,priest,shadow,20,9,11
Aqusia,crushridge,753,priest,shadow,12,8,4
Datcuban,illidan,752,priest,shadow,12,8,4
Memoria,emerald-dream,751,priest,shadow,15,9,6
Bublethenrun,cenarius,751,priest,shadow,17,9,8
Gedtemanager,dalaran,749,priest,shadow,12,8,4
Hydroman,black-dragonflight,741,priest,shadow,17,8,9
Vorial,cenarion-circle,735,priest,shadow,17,8,9
Harmlot,tichondrius,733,priest,shadow,14,9,5
Shadzie,sargeras,732,priest,shadow,22,8,14
Strazloraz,baelgun,719,priest,shadow,11,8,3
Meegoshy,azuremyst,718,priest,shadow,17,8,9
Gorry,ragnaros,717,priest,shadow,18,9,9
Mikó,dawnbringer,714,priest,shadow,29,10,19
Yrrep,kelthuzad,703,priest,shadow,16,8,8
Lucsor,malganis,688,priest,shadow,19,8,11
Oxytoxin,sargeras,687,priest,shadow,13,8,5
Peazyqt,tichondrius,687,priest,shadow,13,8,5
Quinlan,dreadmaul,685,priest,shadow,19,8,11
Moonlightx,destromath,672,priest,shadow,12,7,5
Salanzosp,bleeding-hollow,672,priest,shadow,12,7,5
Blackaries,frostmourne,672,priest,shadow,12,7,5
Såx,stormreaver,672,priest,shadow,12,7,5
Bugweeb,sargeras,672,priest,shadow,12,7,5
Phéonìx,zuljin,672,priest,shadow,12,7,5
Zuuji,frostmourne,672,priest,shadow,12,7,5
Scøøb,malganis,672,priest,shadow,12,7,5
Chicoryx,illidan,672,priest,shadow,12,7,5
Lontra,zangarmarsh,672,priest,shadow,12,7,5
Hårper,area-52,672,priest,shadow,12,7,5
Jah,frostmourne,672,priest,shadow,12,7,5
Rottedjezus,dalaran,672,priest,shadow,12,7,5
Fatzoid,the-forgotten-coast,672,priest,shadow,12,7,5
Discs,detheroc,672,priest,shadow,12,7,5
Freebolt,barthilas,672,priest,shadow,12,7,5
Wodturbo,bleeding-hollow,672,priest,shadow,12,7,5
Ácÿd,nemesis,672,priest,shadow,12,7,5
Negans,tichondrius,672,priest,shadow,12,7,5
Bucksp,zuljin,672,priest,shadow,12,7,5
Cheach,echo-isles,672,priest,shadow,12,7,5
Nazgúl,lothar,672,priest,shadow,12,7,5
Diddlur,black-dragonflight,672,priest,shadow,12,7,5
Karkoza,proudmoore,672,priest,shadow,12,7,5
Kyerñ,stormrage,672,priest,shadow,12,7,5
Kwiksi,arthas,672,priest,shadow,12,7,5
Cryptoccocus,zuljin,672,priest,shadow,12,7,5
Bumbleedot,azralon,672,priest,shadow,12,7,5
Aeøns,sargeras,672,priest,shadow,12,7,5
Didy,dark-iron,672,priest,shadow,12,7,5
Kastwalker,earthen-ring,672,priest,shadow,12,7,5
Naùtilus,icecrown,672,priest,shadow,12,7,5
Iamjakehill,area-52,672,priest,shadow,12,7,5
Pikeysplol,illidan,672,priest,shadow,12,7,5
Grëýmåttèr,moon-guard,672,priest,shadow,12,7,5
Xousa,area-52,672,priest,shadow,12,7,5
Twítch,bonechewer,672,priest,shadow,12,7,5
Mòrbídìtý,area-52,672,priest,shadow,13,7,6
Gles,quelthalas,672,priest,shadow,13,7,6
Donmartin,tichondrius,672,priest,shadow,18,7,11
Tanzen,andorhal,672,priest,shadow,18,7,11
Helleamh,tichondrius,672,priest,shadow,18,7,11
Nightious,malganis,672,priest,shadow,18,7,11
Acpriest,tichondrius,672,priest,shadow,18,7,11
Aurilain,emerald-dream,672,priest,shadow,18,7,11
Tenaebreu,tichondrius,672,priest,shadow,19,7,12
Veressà,quelthalas,672,priest,shadow,22,8,14
Chês,tichondrius,672,priest,shadow,24,7,17
Norbon,mugthol,671,priest,shadow,12,7,5
Voltstein,dalaran,671,priest,shadow,12,7,5
Chinstrap,zuljin,671,priest,shadow,12,7,5
Nastyyshadow,aegwynn,671,priest,shadow,12,7,5
Darkrics,barthilas,671,priest,shadow,12,7,5
Kushie,saurfang,671,priest,shadow,12,7,5
Preyforme,tichondrius,671,priest,shadow,12,7,5
Minarhy,moon-guard,671,priest,shadow,12,7,5
Gaho,tichondrius,671,priest,shadow,12,7,5
Mettz,malganis,671,priest,shadow,12,7,5
Spshady,aegwynn,671,priest,shadow,12,7,5
Moonpenance,windrunner,671,priest,shadow,12,7,5
Pottime,tichondrius,671,priest,shadow,18,7,11
Sagis,moon-guard,671,priest,shadow,18,7,11
Heion,detheroc,671,priest,shadow,18,7,11
Havefaith,whisperwind,671,priest,shadow,18,7,11
Reverendpope,tichondrius,671,priest,shadow,18,7,11
Shimz,andorhal,671,priest,shadow,18,7,11
Torangi,tichondrius,671,priest,shadow,18,7,11
Pokeyoobutt,hydraxis,671,priest,shadow,18,7,11
Astari,illidan,671,priest,shadow,24,7,17
Nerfdisc,azralon,670,priest,shadow,12,7,5
Tonybromoo,kelthuzad,670,priest,shadow,12,7,5
Montcrief,tichondrius,670,priest,shadow,12,7,5
Janesville,tichondrius,670,priest,shadow,12,7,5
Iseeyoulookn,stormrage,670,priest,shadow,16,8,8
Lyxorr,area-52,670,priest,shadow,18,7,11
Bojanglings,undermine,670,priest,shadow,24,7,17
Demoñ,deathwing,669,priest,shadow,18,7,11
Gabryanna,emerald-dream,669,priest,shadow,24,7,17
Rijonkulous,area-52,668,priest,shadow,18,7,11
Lõkî,malganis,667,priest,shadow,12,7,5
Bellalugosi,auchindoun,667,priest,shadow,12,7,5
Lampshayd,sargeras,665,priest,shadow,12,7,5
Crashed,frostmourne,654,priest,shadow,23,7,16
Metaila,aerie-peak,639,priest,shadow,11,7,4
Lucifena,darkspear,639,priest,shadow,11,7,4
Holliebell,zuljin,639,priest,shadow,17,7,10
Bouffantbibl,tichondrius,639,priest,shadow,20,8,12
Wzrdtrx,tichondrius,638,priest,shadow,14,8,6
Emmitson,scarlet-crusade,638,priest,shadow,28,7,21
Chiliy,frostmourne,623,priest,shadow,11,7,4
Schelleyyuki,tichondrius,623,priest,shadow,11,7,4
Lzzp,azralon,623,priest,shadow,17,7,10
Glek,tichondrius,608,priest,shadow,16,7,9
Zatthanea,hellscream,607,priest,shadow,12,7,5
Dispersed,thrall,607,priest,shadow,14,7,7
Hölyfury,illidan,607,priest,shadow,17,7,10
Seniorpickle,emerald-dream,606,priest,shadow,14,7,7
Omenous,area-52,605,priest,shadow,28,7,21
Flowerpetals,emerald-dream,599,priest,shadow,21,7,14
Nylaza,kiljaeden,592,priest,shadow,19,7,12
Mastahmind,illidan,591,priest,shadow,13,7,6
Ìforted,zuljin,587,priest,shadow,19,7,12
Blindingstar,area-52,576,priest,shadow,6,6,0
Innovate,dragonmaw,576,priest,shadow,6,6,0
Holyfüry,ragnaros,576,priest,shadow,6,6,0
Moonwald,moon-guard,576,priest,shadow,6,6,0
Holylip,frostmourne,576,priest,shadow,6,6,0
Henrywhopper,fizzcrank,576,priest,shadow,6,6,0
Hakirn,bleeding-hollow,576,priest,shadow,6,6,0
Sydgames,area-52,576,priest,shadow,6,6,0
Applepiezz,tichondrius,576,priest,shadow,6,6,0
Nayzarh,darkspear,576,priest,shadow,6,6,0
Dradinx,illidan,576,priest,shadow,7,6,1
Dellah,stormrage,576,priest,shadow,12,6,6
Toddo,trollbane,576,priest,shadow,12,6,6
Faenzal,area-52,576,priest,shadow,12,6,6
Voidhearted,tichondrius,576,priest,shadow,12,6,6
Froackey,agamaggan,576,priest,shadow,12,6,6
Spriestbro,emerald-dream,576,priest,shadow,12,6,6
Lleak,tichondrius,576,priest,shadow,12,6,6
Missiønary,area-52,576,priest,shadow,12,6,6
Verbane,frostmourne,576,priest,shadow,12,6,6
Sacerdotick,gallywix,576,priest,shadow,12,6,6
Fitchbucker,sargeras,576,priest,shadow,12,6,6
Tmspongwo,tichondrius,576,priest,shadow,12,6,6
Pønt,sargeras,576,priest,shadow,12,6,6
Lisau,tichondrius,576,priest,shadow,12,6,6
Mks,barthilas,576,priest,shadow,12,6,6
Whosjoe,tichondrius,576,priest,shadow,12,6,6
Zonozan,lightnings-blade,576,priest,shadow,12,6,6
Xpenance,ragnaros,576,priest,shadow,12,6,6
Jeremyissped,proudmoore,576,priest,shadow,12,6,6
Rachelstarrx,hyjal,576,priest,shadow,12,6,6
Spookyman,malganis,576,priest,shadow,12,6,6
Yungjim,the-forgotten-coast,576,priest,shadow,12,6,6
Frúdgé,illidan,576,priest,shadow,12,6,6
Ôverweight,sargeras,576,priest,shadow,12,6,6
Kessavannell,frostwolf,576,priest,shadow,12,6,6
Shiikari,terenas,576,priest,shadow,12,6,6
Ershackleton,illidan,576,priest,shadow,12,6,6
Heb,thrall,576,priest,shadow,12,6,6
Sped,saurfang,576,priest,shadow,12,6,6
Slpox,sargeras,576,priest,shadow,12,6,6
Virsyti,area-52,576,priest,shadow,12,6,6
Imshadow,azralon,576,priest,shadow,12,6,6
Valerift,moon-guard,576,priest,shadow,12,6,6
Wheelson,wildhammer,576,priest,shadow,12,6,6
Coral,stormscale,576,priest,shadow,12,6,6
Rebdomine,magtheridon,576,priest,shadow,12,6,6
Nelfonshelf,hyjal,576,priest,shadow,12,6,6
Studiosxz,tichondrius,576,priest,shadow,12,6,6
Bipölar,area-52,576,priest,shadow,12,6,6
Nòemis,quelthalas,576,priest,shadow,12,6,6
Carosene,thrall,576,priest,shadow,12,6,6
Nktxc,tichondrius,576,priest,shadow,12,6,6
Drognar,lightbringer,576,priest,shadow,12,6,6
Lostnlight,aggramar,576,priest,shadow,12,6,6
Evansong,frostmane,576,priest,shadow,12,6,6
Rahtals,malganis,576,priest,shadow,12,6,6
Catmasters,area-52,576,priest,shadow,13,6,7
Mindgamez,stormreaver,576,priest,shadow,18,6,12
Fruitjuice,arthas,576,priest,shadow,18,6,12
Soulrulerx,tichondrius,576,priest,shadow,18,6,12
Osmatspriest,firetree,576,priest,shadow,18,6,12
Caeda,icecrown,576,priest,shadow,18,6,12
Jexso,tichondrius,576,priest,shadow,19,6,13
Spriestes,thrall,575,priest,shadow,6,6,0
Ricksanchez,moonrunner,575,priest,shadow,12,6,6
Morboo,proudmoore,575,priest,shadow,12,6,6
Drsonny,proudmoore,575,priest,shadow,12,6,6
Unclelively,dragonmaw,575,priest,shadow,12,6,6
Rustydisc,area-52,575,priest,shadow,12,6,6
Xinthra,stormrage,575,priest,shadow,12,6,6
Alienà,arthas,575,priest,shadow,12,6,6
Vashyy,stormrage,575,priest,shadow,12,6,6
Luminous,moon-guard,575,priest,shadow,12,6,6
Xð,jubeithos,575,priest,shadow,12,6,6
Çovidònenine,tichondrius,575,priest,shadow,12,6,6
Mêrlin,duskwood,575,priest,shadow,12,6,6
Thrilas,silver-hand,575,priest,shadow,12,6,6
Mìdnìght,ragnaros,575,priest,shadow,12,6,6
Grympriest,wyrmrest-accord,575,priest,shadow,12,6,6
Healzahoe,sargeras,575,priest,shadow,18,6,12
Vøíd,sargeras,575,priest,shadow,18,6,12
Asmitä,stormrage,575,priest,shadow,18,6,12
Mäe,nemesis,575,priest,shadow,18,6,12
Papipreach,sargeras,574,priest,shadow,12,6,6
Duhk,moon-guard,574,priest,shadow,12,6,6
Ðaddÿ,bleeding-hollow,574,priest,shadow,12,6,6
Drkvagician,tichondrius,574,priest,shadow,18,6,12
Dhader,area-52,574,priest,shadow,20,6,14
Shadowpáin,ragnaros,573,priest,shadow,12,6,6
Midboss,illidan,572,priest,shadow,12,6,6
Jamashud,mannoroth,571,priest,shadow,12,6,6
Raelintha,kelthuzad,571,priest,shadow,15,7,8
Shadowbishop,barthilas,570,priest,shadow,12,6,6
Daisydux,quelthalas,568,priest,shadow,10,7,3
Holysheht,icecrown,566,priest,shadow,12,6,6
Kkpriest,frostmourne,566,priest,shadow,12,6,6
Rotass,hyjal,559,priest,shadow,11,6,5
Sarkozzlol,tichondrius,543,priest,shadow,8,7,1
Yourlife,baelgun,543,priest,shadow,11,6,5
Keser,kelthuzad,543,priest,shadow,11,6,5
Anttila,ragnaros,543,priest,shadow,17,6,11
Mankbadar,tichondrius,543,priest,shadow,17,6,11
Mcpopafeel,thrall,528,priest,shadow,11,7,4
Sársaukis,illidan,527,priest,shadow,21,6,15
Holydestroyr,dentarg,527,priest,shadow,21,6,15
Totorostarp,tichondrius,521,priest,shadow,22,8,14
Ceoofvoid,moon-guard,511,priest,shadow,8,6,2
Bobe,sisters-of-elune,510,priest,shadow,26,11,15
Hoshx,sargeras,496,priest,shadow,13,6,7
Reignsp,malganis,496,priest,shadow,13,6,7
Sadomyhusein,eitrigg,480,priest,shadow,6,5,1
Tensorflow,tichondrius,480,priest,shadow,6,5,1
Jezebëll,nemesis,480,priest,shadow,6,5,1
Chervz,chogall,480,priest,shadow,6,5,1
Ãbelladanger,area-52,480,priest,shadow,6,5,1
Hadoka,ragnaros,480,priest,shadow,6,5,1
Altera,drakkari,480,priest,shadow,6,5,1
Death,firetree,480,priest,shadow,6,5,1
Commotion,dalaran,480,priest,shadow,6,5,1
Megamind,elune,480,priest,shadow,6,5,1
Plaguepumper,sargeras,480,priest,shadow,6,5,1
Ahleven,tichondrius,480,priest,shadow,6,5,1
Novasp,sargeras,480,priest,shadow,6,5,1
Qreckful,proudmoore,480,priest,shadow,6,5,1
Rykispriest,tichondrius,480,priest,shadow,6,5,1
Polarnight,zuljin,480,priest,shadow,6,5,1
Keynath,burning-blade,480,priest,shadow,6,5,1
Kong,shandris,480,priest,shadow,6,5,1
Flynni,bleeding-hollow,480,priest,shadow,6,5,1
Fiéstah,illidan,480,priest,shadow,6,5,1
Komy,tichondrius,480,priest,shadow,6,5,1
Topg,icecrown,480,priest,shadow,6,5,1
Kaidow,wyrmrest-accord,480,priest,shadow,6,5,1
Bigpenance,illidan,480,priest,shadow,6,5,1
Nawtyforever,tichondrius,480,priest,shadow,6,5,1
Bradythree,moon-guard,480,priest,shadow,6,5,1
Lillyspr,malganis,480,priest,shadow,6,5,1
Myòvó,tichondrius,480,priest,shadow,6,5,1
Likelydapper,tichondrius,480,priest,shadow,6,5,1
Seanuts,emerald-dream,480,priest,shadow,6,5,1
Bunked,bleeding-hollow,480,priest,shadow,12,5,7
Optimism,frostmane,480,priest,shadow,12,5,7
Soulistic,arygos,480,priest,shadow,12,5,7
Willibald,eldrethalas,480,priest,shadow,12,5,7
Spriest,kul-tiras,480,priest,shadow,12,5,7
Shádôws,blackhand,480,priest,shadow,12,5,7
Müyrica,ragnaros,480,priest,shadow,12,5,7
Posest,darkspear,480,priest,shadow,12,5,7
Evaldi,proudmoore,480,priest,shadow,12,5,7
Growth,fizzcrank,480,priest,shadow,12,5,7
Arataxx,area-52,480,priest,shadow,12,5,7
Senadori,azjolnerub,480,priest,shadow,12,5,7
Lucariö,area-52,480,priest,shadow,12,5,7
Yddwin,quelthalas,480,priest,shadow,12,5,7
Flukex,tichondrius,480,priest,shadow,12,5,7
Dmlx,frostmourne,480,priest,shadow,12,5,7
Hygeïa,lightbringer,480,priest,shadow,12,5,7
Onizukakeiji,hyjal,480,priest,shadow,12,5,7
Fatzzbtw,illidan,480,priest,shadow,12,5,7
Luzsombraa,stormrage,480,priest,shadow,12,5,7
Achllia,proudmoore,480,priest,shadow,12,5,7
Ariellie,area-52,480,priest,shadow,12,5,7
Jenastreaux,wyrmrest-accord,480,priest,shadow,12,5,7
Priestology,echo-isles,480,priest,shadow,12,5,7
Faxingberlin,sargeras,480,priest,shadow,12,5,7
Fadedatm,illidan,480,priest,shadow,12,5,7
Bomanic,sargeras,480,priest,shadow,12,5,7
Caramelos,moon-guard,480,priest,shadow,12,5,7
Kabutta,stormrage,480,priest,shadow,12,5,7
Sohalexs,tichondrius,480,priest,shadow,12,5,7
Goblindruid,bleeding-hollow,480,priest,shadow,12,5,7
Mdt,tichondrius,480,priest,shadow,12,5,7
Rätcömpx,bleeding-hollow,480,priest,shadow,12,5,7
Cryptron,tichondrius,480,priest,shadow,12,5,7
Gnow,moon-guard,480,priest,shadow,12,5,7
Nås,elune,480,priest,shadow,12,5,7
Mookelina,stormrage,480,priest,shadow,12,5,7
Minnowhead,kelthuzad,480,priest,shadow,12,5,7
Haracka,quelthalas,480,priest,shadow,12,5,7
Littledog,velen,480,priest,shadow,12,5,7
Zhangtanchi,moon-guard,480,priest,shadow,12,5,7
Fruitbasketz,malganis,480,priest,shadow,12,5,7
Moä,nemesis,480,priest,shadow,12,5,7
Orderic,ragnaros,480,priest,shadow,12,5,7
Seraphims,moon-guard,480,priest,shadow,12,5,7
Faydes,arthas,480,priest,shadow,13,5,8
Stillmatick,tichondrius,480,priest,shadow,16,6,10
Zerohoür,emerald-dream,480,priest,shadow,16,6,10
Nedajoon,tichondrius,480,priest,shadow,17,6,11
Drakracs,doomhammer,480,priest,shadow,18,5,13
Azrothlol,kul-tiras,480,priest,shadow,18,5,13
Sybal,suramar,480,priest,shadow,19,5,14
Merlynaah,azralon,479,priest,shadow,6,5,1
Paradoxbot,kelthuzad,479,priest,shadow,6,5,1
Hitful,azralon,479,priest,shadow,6,5,1
Devî,magtheridon,479,priest,shadow,12,5,7
Wolfeclipse,sargeras,479,priest,shadow,12,5,7
Knoxy,fizzcrank,479,priest,shadow,12,5,7
Brosbeforeho,tichondrius,479,priest,shadow,18,5,13
Rippmmr,frostmourne,479,priest,shadow,18,5,13
Noodloctopus,area-52,478,priest,shadow,10,6,4
Antiraus,aerie-peak,478,priest,shadow,12,5,7
Estarì,proudmoore,463,priest,shadow,11,5,6
Wiiuwiiu,malganis,447,priest,shadow,11,5,6
Forober,queldorei,446,priest,shadow,10,6,4
Aerena,anvilmar,442,priest,shadow,21,7,14
Ryanrealz,tichondrius,432,priest,shadow,9,6,3
Bernhard,azralon,431,priest,shadow,11,5,6
Sohalex,tichondrius,431,priest,shadow,11,5,6
Shietamazon,tichondrius,426,priest,shadow,16,6,10
Shaurana,stormrage,412,priest,shadow,18,6,12
Nizr,bleeding-hollow,399,priest,shadow,5,5,0
Káldorei,proudmoore,384,priest,shadow,6,4,2
Boill,illidan,384,priest,shadow,6,4,2
Yåmi,arthas,384,priest,shadow,6,4,2
Didittouchme,sargeras,384,priest,shadow,6,4,2
Aladarian,tichondrius,384,priest,shadow,6,4,2
Boogieboop,frostmourne,384,priest,shadow,6,4,2
Piftw,illidan,384,priest,shadow,6,4,2
Mabisyo,wyrmrest-accord,384,priest,shadow,6,4,2
Judgejudyx,tichondrius,384,priest,shadow,6,4,2
Hèxxen,moon-guard,384,priest,shadow,6,4,2
Træway,tichondrius,384,priest,shadow,6,4,2
Unclecam,tichondrius,384,priest,shadow,6,4,2
Diskordia,stormrage,384,priest,shadow,6,4,2
Moomoomilker,blackrock,384,priest,shadow,6,4,2
Prydas,tichondrius,384,priest,shadow,6,4,2
Ferzhump,tichondrius,384,priest,shadow,6,4,2
Kynyssaelz,proudmoore,384,priest,shadow,6,4,2
Devinere,tichondrius,384,priest,shadow,6,4,2
Comoli,tichondrius,384,priest,shadow,6,4,2
Nutzz,malganis,384,priest,shadow,6,4,2
Zaixse,illidan,384,priest,shadow,6,4,2
Bax,kilrogg,384,priest,shadow,6,4,2
Itha,illidan,384,priest,shadow,6,4,2
Shutkap,sargeras,384,priest,shadow,6,4,2
Pegwraith,sargeras,384,priest,shadow,6,4,2
Næzha,thrall,384,priest,shadow,6,4,2
Adíos,malganis,384,priest,shadow,6,4,2
Tethy,saurfang,384,priest,shadow,6,4,2
Spôoky,illidan,384,priest,shadow,6,4,2
Valtres,tichondrius,384,priest,shadow,6,4,2
Tíosam,ragnaros,384,priest,shadow,6,4,2
Bec,khadgar,384,priest,shadow,6,4,2
Dzikuss,aegwynn,384,priest,shadow,6,4,2
Robertlee,stormrage,384,priest,shadow,6,4,2
Balverix,tichondrius,384,priest,shadow,6,4,2
Kks,tichondrius,384,priest,shadow,6,4,2
Ðrip,burning-legion,384,priest,shadow,6,4,2
Onixió,ragnaros,384,priest,shadow,6,4,2
Iemon,vashj,384,priest,shadow,6,4,2
Lenigrast,blackrock,384,priest,shadow,6,4,2
Priestodan,frostmourne,384,priest,shadow,6,4,2
Mygameslaggy,area-52,384,priest,shadow,6,4,2
Yuricksus,malganis,384,priest,shadow,6,4,2
Lgt,tichondrius,384,priest,shadow,6,4,2
Iifa,medivh,384,priest,shadow,6,4,2
Killían,darkspear,384,priest,shadow,6,4,2
Tiinkerbell,moon-guard,384,priest,shadow,6,4,2
Flamédøtz,ragnaros,384,priest,shadow,6,4,2
Mindflay,tichondrius,384,priest,shadow,6,4,2
Äni,sargeras,384,priest,shadow,6,4,2
Ikiteforhash,zuljin,384,priest,shadow,6,4,2
Bramstein,jubeithos,384,priest,shadow,6,4,2
Feminizm,tichondrius,384,priest,shadow,6,4,2
Càipirinha,tichondrius,384,priest,shadow,6,4,2
Despairx,tichondrius,384,priest,shadow,6,4,2
Ydonburi,tichondrius,384,priest,shadow,6,4,2
Sungsh,zuljin,384,priest,shadow,6,4,2
Bigskill,proudmoore,384,priest,shadow,6,4,2
Mutedox,frostmourne,384,priest,shadow,6,4,2
Pootang,hyjal,384,priest,shadow,6,4,2
Rôss,tichondrius,384,priest,shadow,6,4,2
Twodxo,kelthuzad,384,priest,shadow,6,4,2
Milojac,hyjal,384,priest,shadow,6,4,2
Chapyh,malganis,384,priest,shadow,6,4,2
Pineappleqt,skullcrusher,384,priest,shadow,6,4,2
Píty,ragnaros,384,priest,shadow,6,4,2
Shieldspamx,tichondrius,384,priest,shadow,6,4,2
Dottydaddy,emerald-dream,384,priest,shadow,6,4,2
Haedn,azralon,384,priest,shadow,6,4,2
Zeacho,proudmoore,384,priest,shadow,6,4,2
Socknapper,sargeras,384,priest,shadow,6,4,2
Guillotine,azralon,384,priest,shadow,6,4,2
Vengep,sargeras,384,priest,shadow,6,4,2
Thänatós,quelthalas,384,priest,shadow,6,4,2
Quartzolio,azralon,384,priest,shadow,6,4,2
Prostrat,deathwing,384,priest,shadow,6,4,2
Mfn,deathwing,384,priest,shadow,11,4,7
Grimmyreap,malygos,384,priest,shadow,12,4,8
Thalladori,area-52,384,priest,shadow,12,4,8
Aerith,barthilas,384,priest,shadow,12,4,8
Makade,sargeras,384,priest,shadow,12,4,8
Jikoguu,stormscale,384,priest,shadow,12,4,8
Influencing,moon-guard,384,priest,shadow,12,4,8
Mìçah,fizzcrank,384,priest,shadow,12,4,8
Dialis,frostmourne,384,priest,shadow,12,4,8
Fáll,bleeding-hollow,384,priest,shadow,12,4,8
Tokaru,frostmourne,384,priest,shadow,12,4,8
Digitalangel,area-52,384,priest,shadow,12,4,8
Mïndgames,kelthuzad,384,priest,shadow,12,4,8
Prescella,sargeras,384,priest,shadow,12,4,8
Fhelurian,quelthalas,384,priest,shadow,12,4,8
Brickzy,dalaran,384,priest,shadow,12,4,8
Jxkep,frostmourne,384,priest,shadow,12,4,8
Aliciari,illidan,384,priest,shadow,12,4,8
Nonbinary,trollbane,384,priest,shadow,12,4,8
Éx,alterac-mountains,384,priest,shadow,12,4,8
Lätöxïkä,alleria,384,priest,shadow,12,4,8
Lunypriest,azralon,384,priest,shadow,12,4,8
Vaeryl,stormrage,384,priest,shadow,12,4,8
Dipidorko,proudmoore,384,priest,shadow,12,4,8
Aexdawg,malganis,384,priest,shadow,12,4,8
Oligan,quelthalas,384,priest,shadow,12,4,8
Nôtthehealer,sargeras,384,priest,shadow,12,4,8
Junethegreat,tichondrius,384,priest,shadow,12,4,8
Deathbyhot,gorefiend,384,priest,shadow,12,4,8
Mannyelf,ragnaros,384,priest,shadow,12,4,8
Holydrop,sargeras,384,priest,shadow,12,4,8
Çïöÿêüäüöàüê,stormrage,384,priest,shadow,12,4,8
Fatäl,moon-guard,384,priest,shadow,12,4,8
Arca,cenarion-circle,384,priest,shadow,18,4,14
Aliorixa,stormrage,384,priest,shadow,18,4,14
Temnah,sargeras,384,priest,shadow,18,4,14
Skky,nagrand,383,priest,shadow,6,4,2
Amazo,nemesis,383,priest,shadow,6,4,2
Thefiveoh,malganis,383,priest,shadow,6,4,2
Jammý,burning-legion,383,priest,shadow,12,4,8
Unfriend,sargeras,383,priest,shadow,12,4,8
Hermïs,stormrage,383,priest,shadow,12,4,8
Zyte,stormrage,383,priest,shadow,14,4,10
Nocappappy,tichondrius,383,priest,shadow,18,4,14
Priestmain,thrall,383,priest,shadow,18,4,14
Leshlight,azuremyst,383,priest,shadow,24,4,20
Honeybunns,skywall,382,priest,shadow,6,4,2
Geulis,illidan,382,priest,shadow,12,4,8
Bwansandi,blackrock,370,priest,shadow,38,8,30
Durgen,stormreaver,367,priest,shadow,17,4,13
Deathzpirit,kiljaeden,352,priest,shadow,10,4,6
Bionix,stormrage,330,priest,shadow,11,5,6
Sgiath,alleria,330,priest,shadow,15,6,9
Libationz,area-52,329,priest,shadow,19,7,12
Soonya,arygos,328,priest,shadow,15,5,10
Dtbündertree,nordrassil,319,priest,shadow,5,4,1
Russbell,ragnaros,288,priest,shadow,6,3,3
Mynameis,dethecus,288,priest,shadow,6,3,3
Strokkerzin,azralon,288,priest,shadow,6,3,3
Wrathhealer,hellscream,288,priest,shadow,6,3,3
Suki,alleria,288,priest,shadow,6,3,3
Vullena,moon-guard,288,priest,shadow,6,3,3
Eddysmokes,tichondrius,288,priest,shadow,6,3,3
Pengwu,moon-guard,288,priest,shadow,6,3,3
Voidballs,tichondrius,288,priest,shadow,6,3,3
Lolsodacans,malganis,288,priest,shadow,6,3,3
Ozzx,stormrage,288,priest,shadow,6,3,3
Döllyy,illidan,288,priest,shadow,6,3,3
Prignues,tichondrius,288,priest,shadow,6,3,3
Nzuth,dalaran,288,priest,shadow,6,3,3
Shaðows,malganis,288,priest,shadow,6,3,3
Mistweaver,tichondrius,288,priest,shadow,6,3,3
Nizanz,illidan,288,priest,shadow,6,3,3
Menorsita,tichondrius,288,priest,shadow,6,3,3
Leya,kiljaeden,288,priest,shadow,6,3,3
Pezziate,tichondrius,288,priest,shadow,6,3,3
Jaliera,malganis,288,priest,shadow,6,3,3
Prizler,tichondrius,288,priest,shadow,6,3,3
Reginaa,nemesis,288,priest,shadow,6,3,3
Halleßerry,illidan,288,priest,shadow,6,3,3
Crazchinkin,tichondrius,288,priest,shadow,6,3,3
Oxxymoron,malganis,288,priest,shadow,6,3,3
Webba,azshara,288,priest,shadow,6,3,3
Whittysp,tichondrius,288,priest,shadow,6,3,3
Banmi,tichondrius,288,priest,shadow,6,3,3
Ossirus,emerald-dream,288,priest,shadow,6,3,3
Clearclouds,tichondrius,288,priest,shadow,6,3,3
Noanswerr,proudmoore,288,priest,shadow,6,3,3
Pogchamp,alterac-mountains,288,priest,shadow,6,3,3
Ceebomb,tichondrius,288,priest,shadow,6,3,3
Nellìel,whisperwind,288,priest,shadow,6,3,3
Kindyx,ragnaros,288,priest,shadow,6,3,3
Quantumgoat,tichondrius,288,priest,shadow,6,3,3
Spspsp,illidan,288,priest,shadow,6,3,3
Limèria,emerald-dream,288,priest,shadow,6,3,3
Moselol,tichondrius,288,priest,shadow,6,3,3
Ascundead,tichondrius,288,priest,shadow,6,3,3
Sìkarìa,illidan,288,priest,shadow,6,3,3
Randyortonn,tichondrius,288,priest,shadow,6,3,3
Exploded,moon-guard,288,priest,shadow,6,3,3
Soloqqt,tichondrius,288,priest,shadow,6,3,3
Intheway,bleeding-hollow,288,priest,shadow,6,3,3
Healiûm,bleeding-hollow,288,priest,shadow,6,3,3
Fearmongrol,bleeding-hollow,288,priest,shadow,6,3,3
Monytrain,emerald-dream,288,priest,shadow,6,3,3
Studpriest,tichondrius,288,priest,shadow,6,3,3
Polyxenus,moon-guard,288,priest,shadow,6,3,3
Ej,altar-of-storms,288,priest,shadow,6,3,3
Valsong,argent-dawn,288,priest,shadow,6,3,3
Mlkchocolate,kelthuzad,288,priest,shadow,6,3,3
Bubbleguppyx,tichondrius,288,priest,shadow,6,3,3
Adelen,illidan,288,priest,shadow,6,3,3
Haransimongo,area-52,288,priest,shadow,6,3,3
Alykus,emerald-dream,288,priest,shadow,6,3,3
Samio,area-52,288,priest,shadow,6,3,3
Xandir,kaelthas,288,priest,shadow,6,3,3
Toxictampax,azjolnerub,288,priest,shadow,6,3,3
Spõt,stormrage,288,priest,shadow,6,3,3
Shakarot,illidan,288,priest,shadow,6,3,3
Çræmgøtsøçkd,blackrock,288,priest,shadow,6,3,3
Judeath,area-52,288,priest,shadow,6,3,3
Squatchlace,tichondrius,288,priest,shadow,6,3,3
Mallox,quelthalas,288,priest,shadow,6,3,3
Lotros,area-52,288,priest,shadow,6,3,3
Dottiemcfee,alterac-mountains,288,priest,shadow,6,3,3
Caiitlynn,quelthalas,288,priest,shadow,6,3,3
Enaan,proudmoore,288,priest,shadow,6,3,3
Runakk,stonemaul,288,priest,shadow,6,3,3
Etherrion,area-52,288,priest,shadow,6,3,3
Mhorkarion,quelthalas,288,priest,shadow,6,3,3
Lilsweet,stonemaul,288,priest,shadow,6,3,3
Cappoo,tichondrius,288,priest,shadow,6,3,3
Austul,guldan,288,priest,shadow,6,3,3
Aliciab,andorhal,288,priest,shadow,6,3,3
Xxmewo,sargeras,288,priest,shadow,6,3,3
ßìrth,kelthuzad,288,priest,shadow,6,3,3
Halîth,terenas,288,priest,shadow,6,3,3
Empyreanlite,dalaran,288,priest,shadow,6,3,3
Naieth,aerie-peak,288,priest,shadow,6,3,3
Shadymac,sargeras,288,priest,shadow,6,3,3
Cerriôus,baelgun,288,priest,shadow,6,3,3
Nuclease,turalyon,288,priest,shadow,6,3,3
Sealife,kelthuzad,288,priest,shadow,6,3,3
Scaadoosh,dalaran,288,priest,shadow,6,3,3
Earebus,dalaran,288,priest,shadow,6,3,3
Leyspring,moon-guard,288,priest,shadow,6,3,3
Egraner,drakkari,288,priest,shadow,6,3,3
Avadrah,tichondrius,288,priest,shadow,6,3,3
Whalexo,kelthuzad,288,priest,shadow,6,3,3
Reâpêr,kelthuzad,288,priest,shadow,6,3,3
Issaley,tichondrius,288,priest,shadow,6,3,3
Auras,boulderfist,288,priest,shadow,6,3,3
Worldhealer,area-52,288,priest,shadow,6,3,3
Lucènt,frostmourne,288,priest,shadow,6,3,3
Drelia,jubeithos,288,priest,shadow,6,3,3
Xuxu,frostmourne,288,priest,shadow,6,3,3
Elitë,frostmourne,288,priest,shadow,6,3,3
Lemmecastpls,sargeras,288,priest,shadow,6,3,3
Dumpesitwo,frostmourne,288,priest,shadow,6,3,3
ßoy,amanthul,288,priest,shadow,6,3,3
Tomseleck,frostmourne,288,priest,shadow,6,3,3
Synisteria,sargeras,288,priest,shadow,6,3,3
Sumrand,frostmourne,288,priest,shadow,6,3,3
Roommatethor,thaurissan,288,priest,shadow,6,3,3
Chewit,kargath,288,priest,shadow,6,3,3
Osarin,sargeras,288,priest,shadow,6,3,3
Brxddx,sargeras,288,priest,shadow,6,3,3
Oongawa,sargeras,288,priest,shadow,6,3,3
Onahaihu,tichondrius,288,priest,shadow,9,4,5
Farnzz,malganis,288,priest,shadow,12,3,9
Holyren,sargeras,288,priest,shadow,12,3,9
Stantz,burning-legion,288,priest,shadow,12,3,9
Sybenela,proudmoore,288,priest,shadow,12,3,9
Poppyp,stormrage,288,priest,shadow,12,3,9
Mistmare,dalaran,288,priest,shadow,12,3,9
Tylored,zuljin,288,priest,shadow,12,3,9
Shadøwbølt,tichondrius,288,priest,shadow,12,3,9
Shadowpain,the-underbog,288,priest,shadow,12,3,9
Xeras,ravencrest,288,priest,shadow,12,3,9
Tastyloads,illidan,288,priest,shadow,12,3,9
Valuations,tichondrius,288,priest,shadow,12,3,9
Maraquinn,bleeding-hollow,288,priest,shadow,12,3,9
Juícifer,illidan,288,priest,shadow,12,3,9
Dunnbledore,area-52,288,priest,shadow,12,3,9
Scaryspise,nathrezim,288,priest,shadow,12,3,9
Giantqid,malganis,288,priest,shadow,12,3,9
Shadynasti,azshara,287,priest,shadow,6,3,3
Grímmz,veknilash,287,priest,shadow,7,3,4
Telamorstus,illidan,287,priest,shadow,12,3,9
Kyriana,doomhammer,287,priest,shadow,18,3,15
Runswithrain,lethon,271,priest,shadow,17,3,14
Drzz,tichondrius,256,priest,shadow,4,4,0
Nuggetree,tichondrius,239,priest,shadow,5,3,2
Nmm,ravencrest,239,priest,shadow,5,3,2
Mindrip,illidan,234,priest,shadow,6,4,2
Actiop,stormrage,223,priest,shadow,8,3,5
Donkeycube,tichondrius,192,priest,shadow,4,3,1
Holyhand,auchindoun,192,priest,shadow,4,3,1
Shadowblax,thrall,192,priest,shadow,4,3,1
Suppòrt,stormrage,192,priest,shadow,4,3,1
Vladsacer,nemesis,192,priest,shadow,9,3,6
Vanzera,thrall,192,priest,shadow,6,2,4
Dagaen,thunderlord,192,priest,shadow,6,2,4
Orethon,thrall,192,priest,shadow,6,2,4
Dogfrompark,illidan,192,priest,shadow,6,2,4
Layons,nemesis,192,priest,shadow,6,2,4
Projectalice,ravencrest,192,priest,shadow,6,2,4
Kryoff,illidan,192,priest,shadow,6,2,4
Chellelia,stormrage,192,priest,shadow,6,2,4
Fadestepx,stormrage,192,priest,shadow,6,2,4
Sâltý,stormrage,192,priest,shadow,6,2,4
Vinatt,illidan,192,priest,shadow,6,2,4
Discobish,sargeras,192,priest,shadow,6,2,4
Purrpleelff,saurfang,192,priest,shadow,6,2,4
Fatfinger,stormrage,192,priest,shadow,6,2,4
Apparìtions,khazgoroth,192,priest,shadow,6,2,4
Pandiwoodney,ragnaros,192,priest,shadow,6,2,4
Innergee,aegwynn,192,priest,shadow,6,2,4
Theono,sargeras,192,priest,shadow,6,2,4
Priést,stormrage,192,priest,shadow,6,2,4
Shmmoie,frostmourne,192,priest,shadow,6,2,4
Shrax,emerald-dream,192,priest,shadow,6,2,4
Deprive,tichondrius,192,priest,shadow,6,2,4
Kapriestsun,sargeras,192,priest,shadow,6,2,4
Jdcii,tichondrius,192,priest,shadow,6,2,4
Hail,kaelthas,192,priest,shadow,6,2,4
Clairvoyantt,tichondrius,192,priest,shadow,6,2,4
Sshhaaddooww,tichondrius,192,priest,shadow,6,2,4
Dippyzs,alterac-mountains,192,priest,shadow,6,2,4
Löstský,azralon,192,priest,shadow,6,2,4
Ptheld,tichondrius,192,priest,shadow,6,2,4
Uikaren,tichondrius,192,priest,shadow,6,2,4
Sorojín,zuljin,192,priest,shadow,6,2,4
Fatherleem,tichondrius,192,priest,shadow,6,2,4
Impur,zuljin,192,priest,shadow,6,2,4
Xyanydê,zuljin,192,priest,shadow,6,2,4
Legitgayirl,zuljin,192,priest,shadow,6,2,4
Lolsithlord,tichondrius,192,priest,shadow,6,2,4
Aape,frostmourne,192,priest,shadow,6,2,4
Quinnx,tichondrius,192,priest,shadow,6,2,4
Ateras,emerald-dream,192,priest,shadow,6,2,4
Hevnlyst,proudmoore,192,priest,shadow,6,2,4
Alukel,moon-guard,192,priest,shadow,6,2,4
Laq,proudmoore,192,priest,shadow,6,2,4
Notgoodatsp,bleeding-hollow,192,priest,shadow,6,2,4
Lifejuice,tichondrius,192,priest,shadow,6,2,4
Lyontnmetal,moon-guard,192,priest,shadow,6,2,4
Scenekîd,moon-guard,192,priest,shadow,6,2,4
Voidwyrm,tichondrius,192,priest,shadow,6,2,4
Tomriddlle,sargeras,192,priest,shadow,6,2,4
Enochian,hyjal,192,priest,shadow,6,2,4
Judis,barthilas,192,priest,shadow,6,2,4
Sashatwo,proudmoore,192,priest,shadow,6,2,4
Lemmiewinkzx,sargeras,192,priest,shadow,6,2,4
Boneappletee,area-52,192,priest,shadow,6,2,4
Juliusceazer,skywall,192,priest,shadow,6,2,4
Clickbait,spirestone,192,priest,shadow,6,2,4
Jjaeminkim,area-52,192,priest,shadow,6,2,4
Voidnoodles,area-52,192,priest,shadow,6,2,4
Anxìetý,area-52,192,priest,shadow,6,2,4
Fleshliight,area-52,192,priest,shadow,6,2,4
Psychohazard,area-52,192,priest,shadow,6,2,4
Geoat,barthilas,192,priest,shadow,6,2,4
Detainedz,malganis,192,priest,shadow,6,2,4
Apâthy,area-52,192,priest,shadow,6,2,4
Murkqz,azralon,192,priest,shadow,6,2,4
Pugsmugglerr,icecrown,192,priest,shadow,6,2,4
Thewizard,blackrock,192,priest,shadow,6,2,4
Horsegirls,kelthuzad,192,priest,shadow,6,2,4
Selspriest,kelthuzad,192,priest,shadow,6,2,4
Onlyphantoms,kelthuzad,192,priest,shadow,6,2,4
Nodorme,quelthalas,192,priest,shadow,6,2,4
Unholywood,lightbringer,192,priest,shadow,6,2,4
Furryoflife,suramar,192,priest,shadow,6,2,4
Midget,darkspear,192,priest,shadow,6,2,4
Hrathren,caelestrasz,192,priest,shadow,6,2,4
Kalibaby,darkspear,192,priest,shadow,6,2,4
Beertriarch,frostmourne,192,priest,shadow,6,2,4
Dotdotdead,earthen-ring,192,priest,shadow,6,2,4
Cxmplex,malganis,192,priest,shadow,6,2,4
Melithor,frostmourne,192,priest,shadow,6,2,4
Avanise,blackrock,192,priest,shadow,6,2,4
Sâishâ,proudmoore,192,priest,shadow,6,2,4
Clistyn,quelthalas,192,priest,shadow,6,2,4
Byungsik,terenas,192,priest,shadow,6,2,4
Pipete,frostmourne,192,priest,shadow,6,2,4
Brounly,drakkari,192,priest,shadow,6,2,4
Kälashnikova,ragnaros,192,priest,shadow,6,2,4
Alizhe,ragnaros,192,priest,shadow,12,2,10
Belfalst,shandris,192,priest,shadow,12,2,10
Caristae,kelthuzad,192,priest,shadow,12,2,10
Kulrig,shuhalo,192,priest,shadow,12,2,10
Ozztwo,tichondrius,192,priest,shadow,12,2,10
Tmpriest,tichondrius,175,priest,shadow,11,2,9
Chü,dalaran,169,priest,shadow,12,5,7
Gobananas,bleeding-hollow,159,priest,shadow,5,2,3
Xeevoos,nemesis,159,priest,shadow,5,2,3
Myndz,stormrage,159,priest,shadow,5,2,3
Tiizz,malganis,159,priest,shadow,5,2,3
Dekomori,quelthalas,159,priest,shadow,5,2,3
Pugadin,bleeding-hollow,159,priest,shadow,5,2,3
Gaeira,azralon,159,priest,shadow,11,2,9
Cravex,stormrage,128,priest,shadow,4,2,2
Winss,tichondrius,128,priest,shadow,4,2,2
Sätîvá,tichondrius,96,priest,shadow,3,2,1
Priestthingz,area-52,96,priest,shadow,8,2,6
Mangemoélqc,darkspear,96,priest,shadow,6,1,5
Shadowftw,illidan,96,priest,shadow,6,1,5
Shadowreck,malganis,96,priest,shadow,6,1,5
Shadolord,illidan,96,priest,shadow,6,1,5
Tusket,black-dragonflight,96,priest,shadow,6,1,5
Powerwordwap,malganis,96,priest,shadow,6,1,5
Oxyy,aerie-peak,96,priest,shadow,6,1,5
Milliyakk,area-52,96,priest,shadow,6,1,5
Amikam,barthilas,96,priest,shadow,6,1,5
Dwarfxomp,ragnaros,96,priest,shadow,6,1,5
Tiskka,magtheridon,96,priest,shadow,6,1,5
Óst,tichondrius,96,priest,shadow,6,1,5
Whatsittoya,tichondrius,96,priest,shadow,6,1,5
Voidzx,tichondrius,96,priest,shadow,6,1,5
Vineller,malganis,96,priest,shadow,6,1,5
Syrillia,wildhammer,96,priest,shadow,6,1,5
Dawnbréaker,azralon,96,priest,shadow,6,1,5
Nancynibbler,bleeding-hollow,96,priest,shadow,6,1,5
Rays,drakkari,96,priest,shadow,6,1,5
Ibangedaqt,malganis,96,priest,shadow,6,1,5
Mental,deathwing,96,priest,shadow,6,1,5
Beliál,ragnaros,96,priest,shadow,6,1,5
Kelody,zuljin,96,priest,shadow,6,1,5
Cärdi,frostmourne,96,priest,shadow,6,1,5
Digop,azralon,96,priest,shadow,6,1,5
Wrinkletink,whisperwind,96,priest,shadow,6,1,5
Kodaks,frostmourne,96,priest,shadow,6,1,5
Sprinkling,sargeras,96,priest,shadow,6,1,5
Leliane,tichondrius,96,priest,shadow,6,1,5
Manryu,tichondrius,96,priest,shadow,6,1,5
Dadsalad,zuljin,96,priest,shadow,6,1,5
Vdip,illidan,96,priest,shadow,6,1,5
Omygawd,tichondrius,96,priest,shadow,6,1,5
Srenity,zuljin,96,priest,shadow,6,1,5
Cultists,tichondrius,96,priest,shadow,6,1,5
Yaelahi,illidan,96,priest,shadow,6,1,5
Icespice,anvilmar,96,priest,shadow,6,1,5
Nostrande,stormrage,96,priest,shadow,6,1,5
Jèf,stormrage,96,priest,shadow,6,1,5
Paingivër,drakkari,96,priest,shadow,6,1,5
Galestick,illidan,96,priest,shadow,6,1,5
Dazzlems,tichondrius,96,priest,shadow,6,1,5
Nightboxer,tichondrius,96,priest,shadow,6,1,5
Onlysams,sargeras,96,priest,shadow,6,1,5
Stunsilence,tichondrius,96,priest,shadow,6,1,5
Althlon,emerald-dream,96,priest,shadow,6,1,5
Psyward,tichondrius,96,priest,shadow,6,1,5
Vyndictus,shattered-hand,96,priest,shadow,6,1,5
Slspookyx,tichondrius,96,priest,shadow,6,1,5
Jaquels,sargeras,96,priest,shadow,6,1,5
Cáscá,stormrage,96,priest,shadow,6,1,5
Fámóus,stormrage,96,priest,shadow,6,1,5
Dalyeth,blackrock,96,priest,shadow,6,1,5
Bigdaddios,dalaran,96,priest,shadow,6,1,5
Lilskizz,dalaran,96,priest,shadow,6,1,5
Sadury,tichondrius,96,priest,shadow,6,1,5
Voidrisu,sargeras,96,priest,shadow,6,1,5
Mauriel,proudmoore,96,priest,shadow,6,1,5
Zway,moon-guard,96,priest,shadow,6,1,5
Lukaspriest,proudmoore,96,priest,shadow,6,1,5
Marleylei,nesingwary,96,priest,shadow,6,1,5
Aphôtic,moon-guard,96,priest,shadow,6,1,5
Zymmie,moon-guard,96,priest,shadow,6,1,5
Releknosleep,frostwolf,96,priest,shadow,6,1,5
Baerybonds,kiljaeden,96,priest,shadow,6,1,5
Approved,moon-guard,96,priest,shadow,6,1,5
Mandisa,skywall,96,priest,shadow,6,1,5
Voidlordx,jubeithos,96,priest,shadow,6,1,5
Allaras,eldrethalas,96,priest,shadow,6,1,5
Murdangus,moon-guard,96,priest,shadow,12,1,11
Xïlencer,tichondrius,96,priest,shadow,12,1,11
Ggums,tichondrius,96,priest,shadow,12,1,11
Jpray,bleeding-hollow,96,priest,shadow,12,1,11
ßugsy,illidan,96,priest,shadow,12,1,11
Kunof,ragnaros,79,priest,shadow,5,1,4
Xic,thrall,79,priest,shadow,5,1,4
Fadehojx,illidan,42,priest,shadow,9,2,7
Turelim,illidan,31,priest,shadow,2,1,1
Beeffdaddy,tichondrius,31,priest,shadow,2,1,1
Drpopepurp,tichondrius,31,priest,shadow,2,1,1
Bingleboi,area-52,31,priest,shadow,2,1,1
Pulpitò,ragnaros,31,priest,shadow,2,1,1
Trågédy,azjolnerub,16,priest,shadow,1,1,0
Pilixil,bleeding-hollow,16,priest,shadow,1,1,0
Yellowrose,kelthuzad,2108,rogue,outlaw,121,69,52
Weran,tichondrius,1976,rogue,outlaw,66,34,32
Sadiator,illidan,1876,rogue,outlaw,65,36,29
Dvn,stormrage,1844,rogue,outlaw,54,32,22
Millspec,zuljin,1840,rogue,outlaw,54,33,21
Millspec,tichondrius,1762,rogue,outlaw,117,58,59
Supherr,sargeras,1746,rogue,outlaw,83,46,37
Gothamzzing,tichondrius,1738,rogue,outlaw,49,28,21
Welinth,thunderlord,1724,rogue,outlaw,444,224,220
Dennerdz,tichondrius,1688,rogue,outlaw,47,19,28
Arena,uldum,1665,rogue,outlaw,59,27,32
Lycanthropî,illidan,1655,rogue,outlaw,80,37,43
Lardiconn,thrall,1628,rogue,outlaw,42,30,12
Redimído,quelthalas,1628,rogue,outlaw,45,24,21
Deadracer,moon-guard,1627,rogue,outlaw,60,32,28
Lazeestab,sargeras,1618,rogue,outlaw,172,95,77
Càgil,stormrage,1607,rogue,outlaw,34,19,15
Jmaxx,tichondrius,1603,rogue,outlaw,51,32,19
Gnover,ragnaros,1585,rogue,outlaw,88,45,43
Xylvána,kiljaeden,1584,rogue,outlaw,72,32,40
Swingonya,stormrage,1571,rogue,outlaw,36,18,18
Supine,illidan,1539,rogue,outlaw,109,58,51
Trêl,velen,1524,rogue,outlaw,141,71,70
Omnïslash,stormrage,1519,rogue,outlaw,48,22,26
Blackmont,bleeding-hollow,1518,rogue,outlaw,71,42,29
Kentaki,tichondrius,1515,rogue,outlaw,60,33,27
Karambit,frostmourne,1486,rogue,outlaw,120,54,66
Trillkage,tichondrius,1483,rogue,outlaw,90,44,46
Mgzx,tichondrius,1455,rogue,outlaw,150,82,68
Mõtaru,stormrage,1449,rogue,outlaw,66,33,33
Jenaki,gurubashi,1442,rogue,outlaw,62,32,30
Jolly,frostmourne,1440,rogue,outlaw,53,22,31
Mirâge,illidan,1432,rogue,outlaw,61,30,31
Velskud,area-52,1430,rogue,outlaw,82,41,41
Gotosor,quelthalas,1415,rogue,outlaw,144,73,71
Combo,norgannon,1409,rogue,outlaw,167,92,75
Shadowstryfe,tichondrius,1409,rogue,outlaw,47,22,25
Shindeiru,area-52,1399,rogue,outlaw,43,30,13
Luolan,kargath,1378,rogue,outlaw,44,16,28
Bleaklord,emerald-dream,1373,rogue,outlaw,48,17,31
Itsuksiko,quelthalas,1368,rogue,outlaw,63,30,33
Disrawen,ragnaros,1353,rogue,outlaw,463,225,238
Snakeblisken,emerald-dream,1352,rogue,outlaw,36,15,21
Hobblefoot,proudmoore,1340,rogue,outlaw,46,24,22
Onethiccboi,tichondrius,1338,rogue,outlaw,30,14,16
Dogeggs,area-52,1331,rogue,outlaw,30,14,16
Dross,shadowmoon,1325,rogue,outlaw,30,14,16
Chrisdorner,area-52,1316,rogue,outlaw,25,14,11
Jakamungo,area-52,1315,rogue,outlaw,46,22,24
Reyskywalker,kelthuzad,1303,rogue,outlaw,24,15,9
Shyzuku,drakkari,1303,rogue,outlaw,44,20,24
Ntrfighter,tichondrius,1258,rogue,outlaw,71,36,35
Cheddery,dalaran,1247,rogue,outlaw,75,40,35
Wátchyoúrbák,wyrmrest-accord,1247,rogue,outlaw,30,14,16
Straite,area-52,1244,rogue,outlaw,24,13,11
Houlton,moon-guard,1234,rogue,outlaw,24,13,11
Cidi,moon-guard,1219,rogue,outlaw,36,13,23
Zanith,wyrmrest-accord,1194,rogue,outlaw,28,15,13
Lovedemtings,dark-iron,1191,rogue,outlaw,28,13,15
Rynica,illidan,1151,rogue,outlaw,53,27,26
Peteylee,stormrage,1150,rogue,outlaw,24,12,12
Corevis,moon-guard,1149,rogue,outlaw,24,12,12
Fastblast,wyrmrest-accord,1146,rogue,outlaw,24,12,12
Mabushi,sargeras,1135,rogue,outlaw,42,15,27
Zogbu,stormrage,1128,rogue,outlaw,42,17,25
Asdestroyerr,tichondrius,1114,rogue,outlaw,26,13,13
Emoond,ragnaros,1110,rogue,outlaw,39,22,17
Vanorn,aerie-peak,1108,rogue,outlaw,54,17,37
Adevoir,hakkar,1095,rogue,outlaw,60,31,29
Zarthrox,bladefist,1086,rogue,outlaw,42,21,21
Johnnyelbows,tichondrius,1078,rogue,outlaw,27,13,14
Azarha,zuljin,1060,rogue,outlaw,66,34,32
Tanadoril,wyrmrest-accord,1051,rogue,outlaw,24,11,13
Wujn,tichondrius,1050,rogue,outlaw,24,11,13
Lumifer,quelthalas,1050,rogue,outlaw,54,18,36
Xyleth,azgalor,1048,rogue,outlaw,53,20,33
Thèory,sargeras,1044,rogue,outlaw,24,11,13
Valefarr,emerald-dream,1043,rogue,outlaw,29,13,16
Badpatatas,proudmoore,1043,rogue,outlaw,52,15,37
Amorfirion,frostmourne,1041,rogue,outlaw,24,13,11
Nicademos,bleeding-hollow,1037,rogue,outlaw,18,11,7
Mechamind,draka,1034,rogue,outlaw,18,11,7
Slitherex,thunderlord,1031,rogue,outlaw,27,12,15
Fryphilip,dalaran,1023,rogue,outlaw,28,11,17
Abatoire,wyrmrest-accord,1020,rogue,outlaw,48,22,26
Thuganomics,dark-iron,1008,rogue,outlaw,27,12,15
Itricku,tichondrius,1008,rogue,outlaw,54,18,36
Lawyergamer,bonechewer,976,rogue,outlaw,44,18,26
Farstrider,tichondrius,974,rogue,outlaw,84,33,51
Hokagesasuke,bleeding-hollow,972,rogue,outlaw,36,14,22
Inhume,eredar,960,rogue,outlaw,24,10,14
Larmx,tichondrius,960,rogue,outlaw,24,10,14
Quapi,tichondrius,959,rogue,outlaw,18,10,8
Cathat,area-52,957,rogue,outlaw,18,10,8
Preceptor,azralon,956,rogue,outlaw,24,10,14
Nitroxy,quelthalas,950,rogue,outlaw,24,10,14
Shninzy,senjin,910,rogue,outlaw,31,11,20
Zeed,ragnaros,866,rogue,outlaw,66,30,36
Stabbythorus,stormrage,862,rogue,outlaw,18,9,9
Bebesita,sisters-of-elune,860,rogue,outlaw,18,9,9
Phraze,silvermoon,859,rogue,outlaw,30,14,16
Vîllâîn,tichondrius,859,rogue,outlaw,24,9,15
Listrew,stormrage,838,rogue,outlaw,18,9,9
Coalie,tichondrius,816,rogue,outlaw,15,9,6
Cireene,proudmoore,768,rogue,outlaw,12,8,4
Deepsyo,frostmourne,768,rogue,outlaw,12,8,4
Lesty,kelthuzad,768,rogue,outlaw,12,8,4
Airi,darkspear,768,rogue,outlaw,18,8,10
Synj,frostmourne,767,rogue,outlaw,12,8,4
Tarnished,ravenholdt,766,rogue,outlaw,24,8,16
Nvirus,quelthalas,765,rogue,outlaw,18,8,10
Nordedge,stormrage,756,rogue,outlaw,24,8,16
Stabbymcgee,duskwood,753,rogue,outlaw,18,8,10
Marraya,area-52,750,rogue,outlaw,18,8,10
Zeetwntyeght,stormrage,747,rogue,outlaw,29,8,21
Gnòme,frostmourne,701,rogue,outlaw,11,8,3
Thompson,bloodscalp,672,rogue,outlaw,12,7,5
Invisidubya,illidan,671,rogue,outlaw,12,7,5
Minuss,rivendare,671,rogue,outlaw,12,7,5
Slowtime,quelthalas,671,rogue,outlaw,18,7,11
Drsinz,tichondrius,671,rogue,outlaw,18,7,11
Evilkoreanz,tichondrius,670,rogue,outlaw,12,7,5
Uzell,sargeras,670,rogue,outlaw,12,7,5
Cosmicò,trollbane,670,rogue,outlaw,12,7,5
Jamesallen,silvermoon,659,rogue,outlaw,12,7,5
Yerehmi,quelthalas,657,rogue,outlaw,12,7,5
Furrykneecap,hyjal,655,rogue,outlaw,12,9,3
Fennick,tanaris,638,rogue,outlaw,25,7,18
Roxy,ghostlands,623,rogue,outlaw,17,7,10
Mhdz,tichondrius,609,rogue,outlaw,18,8,10
Deeppockets,sargeras,576,rogue,outlaw,12,6,6
Esky,tichondrius,576,rogue,outlaw,12,6,6
Heliopolis,bleeding-hollow,576,rogue,outlaw,18,6,12
Gfuel,azgalor,575,rogue,outlaw,12,6,6
Sprork,kiljaeden,575,rogue,outlaw,18,6,12
Drakariano,ragnaros,575,rogue,outlaw,18,6,12
Shmoked,moon-guard,575,rogue,outlaw,18,6,12
Deddyy,zuljin,574,rogue,outlaw,18,6,12
Bonizzi,stormrage,573,rogue,outlaw,12,6,6
Maglove,nemesis,571,rogue,outlaw,12,6,6
Chapex,ragnaros,511,rogue,outlaw,14,6,8
Sabbathe,kargath,491,rogue,outlaw,14,6,8
Sotypical,area-52,480,rogue,outlaw,6,5,1
Tmpikaboo,tichondrius,480,rogue,outlaw,6,5,1
Tsubamë,tichondrius,480,rogue,outlaw,6,5,1
Sekkelx,moon-guard,480,rogue,outlaw,12,5,7
Alexyy,blades-edge,480,rogue,outlaw,12,5,7
Dultz,tichondrius,480,rogue,outlaw,12,5,7
Bootypie,hyjal,480,rogue,outlaw,12,5,7
Skaven,dunemaul,480,rogue,outlaw,12,5,7
Violetrose,kelthuzad,480,rogue,outlaw,12,5,7
Steviekìcks,frostmourne,480,rogue,outlaw,12,5,7
Galfuran,burning-legion,480,rogue,outlaw,12,5,7
Earthinhorn,frostmourne,480,rogue,outlaw,18,5,13
Spikiera,silvermoon,480,rogue,outlaw,18,5,13
Sasskei,malganis,479,rogue,outlaw,12,5,7
Falloran,nerzhul,479,rogue,outlaw,12,5,7
Universalize,proudmoore,479,rogue,outlaw,12,5,7
Kasharo,tichondrius,479,rogue,outlaw,12,5,7
Xzarfi,moon-guard,478,rogue,outlaw,30,5,25
Mangaleón,wildhammer,475,rogue,outlaw,12,5,7
Gnork,twisting-nether,475,rogue,outlaw,12,5,7
Alerana,dathremar,474,rogue,outlaw,12,5,7
Darthkelso,arathor,465,rogue,outlaw,24,5,19
Kents,tichondrius,384,rogue,outlaw,6,4,2
Xavar,malganis,384,rogue,outlaw,6,4,2
Krypticstab,malganis,384,rogue,outlaw,6,4,2
Flashmob,zuljin,384,rogue,outlaw,6,4,2
Velox,kiljaeden,384,rogue,outlaw,6,4,2
Alandoril,tichondrius,384,rogue,outlaw,6,4,2
Xylvana,kiljaeden,384,rogue,outlaw,6,4,2
Nestha,quelthalas,384,rogue,outlaw,12,4,8
Dayvanie,area-52,384,rogue,outlaw,12,4,8
Blingtronx,malganis,384,rogue,outlaw,12,4,8
Showclass,stormrage,384,rogue,outlaw,12,4,8
Donstevano,frostmourne,384,rogue,outlaw,12,4,8
Jsyn,kiljaeden,384,rogue,outlaw,12,4,8
Sazor,ysera,384,rogue,outlaw,12,4,8
Subnini,kelthuzad,384,rogue,outlaw,18,4,14
Gheez,quelthalas,383,rogue,outlaw,6,4,2
Katanië,moon-guard,383,rogue,outlaw,12,4,8
Keenstar,moon-guard,383,rogue,outlaw,18,4,14
Daftjack,bleeding-hollow,381,rogue,outlaw,12,4,8
Houdinilogic,skullcrusher,381,rogue,outlaw,12,4,8
Ningaturtle,korgath,376,rogue,outlaw,18,4,14
Walyo,stormrage,352,rogue,outlaw,10,5,5
Siamés,quelthalas,319,rogue,outlaw,14,4,10
Bàndit,wyrmrest-accord,288,rogue,outlaw,6,3,3
Hepatocyte,anvilmar,288,rogue,outlaw,6,3,3
Ghøstfäce,tichondrius,288,rogue,outlaw,6,3,3
Twnk,stormrage,288,rogue,outlaw,6,3,3
Dicenslice,proudmoore,288,rogue,outlaw,6,3,3
Instructor,area-52,288,rogue,outlaw,6,3,3
Lacero,bonechewer,288,rogue,outlaw,6,3,3
Pikartz,stormrage,288,rogue,outlaw,6,3,3
Nello,runetotem,288,rogue,outlaw,6,3,3
Bigcolumn,tichondrius,288,rogue,outlaw,6,3,3
Skoalr,thrall,288,rogue,outlaw,6,3,3
Pilurfs,thrall,288,rogue,outlaw,6,3,3
Vierhy,proudmoore,288,rogue,outlaw,6,3,3
Movze,area-52,288,rogue,outlaw,6,3,3
Alexdelion,tichondrius,288,rogue,outlaw,6,3,3
Sandorrogue,stormrage,288,rogue,outlaw,6,3,3
Karmagoodttv,stormrage,288,rogue,outlaw,6,3,3
Slapjak,dalaran,288,rogue,outlaw,6,3,3
Dookienotop,thunderhorn,288,rogue,outlaw,6,3,3
Rujkah,archimonde,288,rogue,outlaw,6,3,3
Whaazz,emerald-dream,288,rogue,outlaw,6,3,3
Daehyun,moknathal,288,rogue,outlaw,6,3,3
Homeschoolx,moon-guard,288,rogue,outlaw,6,3,3
Machos,azralon,288,rogue,outlaw,6,3,3
Pockettsand,firetree,288,rogue,outlaw,6,3,3
Drpibb,ghostlands,288,rogue,outlaw,12,3,9
Nippsy,aerie-peak,288,rogue,outlaw,18,3,15
Adysius,malganis,287,rogue,outlaw,6,3,3
Stabyou,sentinels,287,rogue,outlaw,6,3,3
Vampireshade,bloodhoof,286,rogue,outlaw,12,3,9
Grimthorn,icecrown,285,rogue,outlaw,12,3,9
Smilinjack,ysera,284,rogue,outlaw,12,3,9
Hotboxthefox,illidan,253,rogue,outlaw,11,3,8
Remonezero,moon-guard,192,rogue,outlaw,6,2,4
Squigglies,aerie-peak,192,rogue,outlaw,6,2,4
Kpr,sargeras,192,rogue,outlaw,6,2,4
Jebubs,tichondrius,192,rogue,outlaw,6,2,4
Dillwilly,moon-guard,192,rogue,outlaw,6,2,4
Mud,saurfang,192,rogue,outlaw,6,2,4
Prisonshank,arthas,192,rogue,outlaw,6,2,4
Slobernocker,stormrage,192,rogue,outlaw,6,2,4
Touchthetip,bleeding-hollow,192,rogue,outlaw,6,2,4
Duskeron,cenarius,192,rogue,outlaw,6,2,4
Creamcakepop,stormrage,192,rogue,outlaw,6,2,4
Nïck,korialstrasz,192,rogue,outlaw,6,2,4
Riprorin,stormrage,192,rogue,outlaw,6,2,4
ßuu,sargeras,192,rogue,outlaw,6,2,4
Nikosneako,tichondrius,192,rogue,outlaw,12,2,10
Sxs,kiljaeden,192,rogue,outlaw,12,2,10
Manoq,drakkari,191,rogue,outlaw,6,2,4
Landrik,trollbane,191,rogue,outlaw,6,2,4
Òklahomie,frostwolf,191,rogue,outlaw,6,2,4
Philliamson,azgalor,190,rogue,outlaw,12,2,10
Hîzzÿ,ghostlands,159,rogue,outlaw,20,3,17
Hedillyan,azralon,138,rogue,outlaw,9,3,6
Burt,akama,96,rogue,outlaw,6,1,5
Sindor,azralon,96,rogue,outlaw,6,1,5
Downsix,sargeras,96,rogue,outlaw,6,1,5
Rinestiria,arthas,96,rogue,outlaw,6,1,5
Xm,sargeras,96,rogue,outlaw,6,1,5
Whatsåpp,gallywix,96,rogue,outlaw,6,1,5
Lu,lethon,96,rogue,outlaw,6,1,5
Reginageorge,azuremyst,96,rogue,outlaw,6,1,5
Raimondo,frostmourne,96,rogue,outlaw,6,1,5
Happyslice,stormrage,96,rogue,outlaw,6,1,5
Madge,area-52,96,rogue,outlaw,6,1,5
Neilyo,barthilas,96,rogue,outlaw,6,1,5
Takeiapika,azralon,96,rogue,outlaw,6,1,5
Dessenia,illidan,96,rogue,outlaw,6,1,5
Fateapocryph,azralon,96,rogue,outlaw,6,1,5
Sleepstryke,stormrage,96,rogue,outlaw,12,1,11
Culpera,undermine,95,rogue,outlaw,6,1,5
Vladdracc,quelthalas,48,rogue,outlaw,3,1,2
Aliasfaker,stormrage,16,rogue,outlaw,1,1,0
Erebüs,thunderlord,2373,rogue,subtlety,114,74,40
Fotg,tichondrius,2265,rogue,subtlety,78,48,30
Battzii,wyrmrest-accord,2200,rogue,subtlety,791,411,380
Alexdelion,tichondrius,2142,rogue,subtlety,90,47,43
Ymxxworld,tichondrius,2107,rogue,subtlety,96,49,47
Røgüë,malganis,2100,rogue,subtlety,96,53,43
Æsshayádlay,tichondrius,2074,rogue,subtlety,71,37,34
Ajl,drenden,2028,rogue,subtlety,154,81,73
Roguesparrow,illidan,2010,rogue,subtlety,170,97,73
Lies,dalaran,2010,rogue,subtlety,87,43,44
Kenpàchi,kelthuzad,1995,rogue,subtlety,152,85,67
Flashmob,zuljin,1991,rogue,subtlety,62,31,31
Danrathm,sargeras,1990,rogue,subtlety,109,59,50
Vendettita,quelthalas,1983,rogue,subtlety,84,47,37
Swadeecup,nagrand,1965,rogue,subtlety,84,41,43
Zurza,proudmoore,1943,rogue,subtlety,95,44,51
Rangoons,tichondrius,1938,rogue,subtlety,66,39,27
Yázim,tichondrius,1935,rogue,subtlety,79,48,31
Maulline,tichondrius,1932,rogue,subtlety,60,27,33
Stealthypoop,kelthuzad,1931,rogue,subtlety,118,61,57
Esky,tichondrius,1918,rogue,subtlety,75,40,35
Cydonian,ragnaros,1904,rogue,subtlety,148,83,65
Norbury,tichondrius,1901,rogue,subtlety,136,67,69
Minaciki,tichondrius,1898,rogue,subtlety,72,41,31
Ulley,sargeras,1884,rogue,subtlety,132,75,57
Kidcutti,proudmoore,1880,rogue,subtlety,86,43,43
Slashthunder,blades-edge,1876,rogue,subtlety,54,29,25
Hiyõ,tichondrius,1873,rogue,subtlety,119,66,53
Antoninez,tichondrius,1871,rogue,subtlety,48,28,20
Needbuff,tichondrius,1865,rogue,subtlety,54,25,29
Shinigâmì,tichondrius,1863,rogue,subtlety,108,71,37
Wizlysnipz,tichondrius,1859,rogue,subtlety,90,52,38
Coopi,tichondrius,1853,rogue,subtlety,115,60,55
Scuffedjr,tichondrius,1852,rogue,subtlety,84,37,47
Himitu,tichondrius,1849,rogue,subtlety,89,46,43
Wetit,illidan,1847,rogue,subtlety,84,56,28
Thèllè,sargeras,1844,rogue,subtlety,48,28,20
Coregx,tichondrius,1842,rogue,subtlety,36,24,12
Rõý,area-52,1837,rogue,subtlety,42,23,19
Brucerogue,tichondrius,1835,rogue,subtlety,290,152,138
Silentkush,arthas,1833,rogue,subtlety,54,33,21
Stunsofpuns,sargeras,1833,rogue,subtlety,60,33,27
Fátálíty,tichondrius,1827,rogue,subtlety,60,30,30
Smkgpvp,stormrage,1823,rogue,subtlety,68,43,25
Howton,kelthuzad,1822,rogue,subtlety,24,19,5
Clern,emerald-dream,1818,rogue,subtlety,65,35,30
Ðèãth,area-52,1818,rogue,subtlety,36,19,17
Asoj,tichondrius,1817,rogue,subtlety,60,30,30
Celèphaïs,tichondrius,1817,rogue,subtlety,63,30,33
Okaylmao,tichondrius,1816,rogue,subtlety,68,39,29
Ganknvanish,tichondrius,1814,rogue,subtlety,189,96,93
Nightcloud,tichondrius,1813,rogue,subtlety,74,42,32
Votekanye,bleeding-hollow,1812,rogue,subtlety,36,28,8
Zerogh,tichondrius,1811,rogue,subtlety,129,75,54
Ideology,azgalor,1811,rogue,subtlety,52,26,26
Sasugay,sargeras,1809,rogue,subtlety,98,61,37
Bigpump,lothar,1809,rogue,subtlety,60,33,27
Bruítzy,barthilas,1809,rogue,subtlety,156,82,74
Kellenx,moon-guard,1809,rogue,subtlety,139,71,68
Díor,azralon,1807,rogue,subtlety,124,70,54
Turtlespeed,thrall,1803,rogue,subtlety,123,74,49
ßaltø,bleeding-hollow,1799,rogue,subtlety,42,19,23
Yunggodmalik,whisperwind,1799,rogue,subtlety,48,19,29
Scuffedsr,tichondrius,1792,rogue,subtlety,48,25,23
Airi,darkspear,1791,rogue,subtlety,85,44,41
Wazowskiy,tichondrius,1788,rogue,subtlety,151,71,80
Dvin,stormrage,1770,rogue,subtlety,54,30,24
Gyokkó,sargeras,1770,rogue,subtlety,36,20,16
Gnover,ragnaros,1769,rogue,subtlety,234,136,98
Tyrrantxo,agamaggan,1764,rogue,subtlety,58,32,26
Greyyfox,illidan,1754,rogue,subtlety,69,33,36
Beanlord,spinebreaker,1751,rogue,subtlety,81,47,34
ßuu,sargeras,1749,rogue,subtlety,36,21,15
Aaronjlol,tichondrius,1747,rogue,subtlety,36,23,13
Siyeong,tichondrius,1747,rogue,subtlety,84,53,31
Trc,illidan,1746,rogue,subtlety,50,28,22
Dysxliec,dalaran,1746,rogue,subtlety,117,60,57
Lxw,frostmourne,1739,rogue,subtlety,61,29,32
Stabem,moon-guard,1735,rogue,subtlety,99,55,44
Assassìn,moon-guard,1729,rogue,subtlety,193,104,89
Baeruto,thunderlord,1726,rogue,subtlety,24,18,6
Bezeta,azralon,1724,rogue,subtlety,263,143,120
Incoherentz,frostmourne,1713,rogue,subtlety,36,21,15
Saprìse,darkspear,1710,rogue,subtlety,72,44,28
Pxb,sargeras,1705,rogue,subtlety,88,40,48
Poizzon,emerald-dream,1704,rogue,subtlety,85,46,39
Majk,eldrethalas,1703,rogue,subtlety,76,37,39
Esmeraldas,frostmourne,1701,rogue,subtlety,47,27,20
Yesua,ragnaros,1701,rogue,subtlety,241,123,118
Yoskit,tichondrius,1700,rogue,subtlety,36,21,15
Axtually,proudmoore,1697,rogue,subtlety,120,65,55
Whoox,khazgoroth,1695,rogue,subtlety,42,29,13
Xiaozhi,tichondrius,1692,rogue,subtlety,52,26,26
Kyubïx,ragnaros,1691,rogue,subtlety,108,66,42
Roguetrix,stormrage,1685,rogue,subtlety,161,80,81
Decóm,zuljin,1684,rogue,subtlety,34,19,15
Bobsaget,kiljaeden,1684,rogue,subtlety,94,48,46
Cut,ragnaros,1672,rogue,subtlety,136,72,64
Eekz,sargeras,1668,rogue,subtlety,221,115,106
Jaos,tichondrius,1667,rogue,subtlety,42,22,20
Skitsöu,tichondrius,1665,rogue,subtlety,42,23,19
Vanishcdc,area-52,1664,rogue,subtlety,48,29,19
Themosk,malganis,1656,rogue,subtlety,42,21,21
Camlaw,area-52,1655,rogue,subtlety,90,52,38
Zeiss,tichondrius,1652,rogue,subtlety,48,24,24
Incognitony,proudmoore,1651,rogue,subtlety,39,21,18
Eekz,illidan,1650,rogue,subtlety,280,155,125
Shankntwist,malganis,1648,rogue,subtlety,30,20,10
Blakezilla,tichondrius,1648,rogue,subtlety,48,29,19
Zipperx,tichondrius,1641,rogue,subtlety,65,34,31
Steef,arygos,1636,rogue,subtlety,92,54,38
Îzu,ysera,1636,rogue,subtlety,63,36,27
Tmskitsou,tichondrius,1634,rogue,subtlety,34,20,14
Furt,frostmourne,1633,rogue,subtlety,44,25,19
Nicoaa,tichondrius,1631,rogue,subtlety,194,99,95
Garrotte,tichondrius,1631,rogue,subtlety,140,67,73
Frusciante,nemesis,1630,rogue,subtlety,90,52,38
Haiev,tichondrius,1630,rogue,subtlety,72,36,36
Antos,tichondrius,1628,rogue,subtlety,24,17,7
Shreddér,tichondrius,1628,rogue,subtlety,41,20,21
Gotto,icecrown,1623,rogue,subtlety,47,24,23
Gptcodeplay,tichondrius,1622,rogue,subtlety,36,25,11
Cuizhudi,tichondrius,1620,rogue,subtlety,50,31,19
Bruitzygg,barthilas,1619,rogue,subtlety,44,20,24
Klawz,norgannon,1618,rogue,subtlety,53,32,21
Onîkudaki,sargeras,1615,rogue,subtlety,42,17,25
Preceptor,azralon,1614,rogue,subtlety,86,44,42
Frez,amanthul,1611,rogue,subtlety,30,20,10
Vellexsis,sargeras,1611,rogue,subtlety,43,21,22
Ozzinton,kelthuzad,1609,rogue,subtlety,30,17,13
Lululee,tichondrius,1609,rogue,subtlety,57,25,32
Piscís,sargeras,1606,rogue,subtlety,60,31,29
Skoalr,thrall,1604,rogue,subtlety,64,43,21
Taidath,area-52,1603,rogue,subtlety,42,20,22
Runakó,kelthuzad,1603,rogue,subtlety,48,21,27
Notty,kelthuzad,1601,rogue,subtlety,48,30,18
Techie,frostmane,1600,rogue,subtlety,68,38,30
Hayzarc,malfurion,1598,rogue,subtlety,42,21,21
Kalvish,dalaran,1597,rogue,subtlety,29,17,12
Vyrenn,destromath,1597,rogue,subtlety,103,50,53
Fancen,drakthul,1596,rogue,subtlety,36,22,14
Mtvcribs,emerald-dream,1596,rogue,subtlety,37,22,15
Neonjk,ragnaros,1591,rogue,subtlety,42,24,18
Unshut,tichondrius,1588,rogue,subtlety,30,19,11
Wowamaze,aegwynn,1587,rogue,subtlety,88,49,39
Revelationzz,turalyon,1586,rogue,subtlety,103,54,49
Cahlee,sargeras,1582,rogue,subtlety,147,70,77
Zefeckz,tichondrius,1579,rogue,subtlety,54,27,27
Tarny,illidan,1579,rogue,subtlety,58,25,33
Plado,tichondrius,1577,rogue,subtlety,65,37,28
Jibdorf,destromath,1571,rogue,subtlety,60,38,22
Broddz,sargeras,1570,rogue,subtlety,42,26,16
Yurasick,lightbringer,1568,rogue,subtlety,36,20,16
Chitovera,tichondrius,1566,rogue,subtlety,30,19,11
Overdríver,emerald-dream,1566,rogue,subtlety,36,17,19
Mirâge,illidan,1564,rogue,subtlety,90,48,42
Trizin,frostmourne,1563,rogue,subtlety,84,45,39
Acid,warsong,1555,rogue,subtlety,36,23,13
Grelinho,stormrage,1554,rogue,subtlety,66,26,40
Spookyboogie,aegwynn,1548,rogue,subtlety,30,18,12
Kinbaal,bleeding-hollow,1544,rogue,subtlety,42,26,16
Sandorroguee,stormrage,1544,rogue,subtlety,36,18,18
Danielsylerr,drakkari,1543,rogue,subtlety,42,18,24
Bombman,tichondrius,1541,rogue,subtlety,107,51,56
Prrey,hydraxis,1539,rogue,subtlety,73,31,42
Dogpaws,moon-guard,1537,rogue,subtlety,34,22,12
Aman,frostmourne,1537,rogue,subtlety,29,17,12
Mayhemghost,rexxar,1535,rogue,subtlety,72,40,32
Mitsurí,sargeras,1534,rogue,subtlety,24,16,8
Eviscerator,moon-guard,1532,rogue,subtlety,107,48,59
Fela,crushridge,1531,rogue,subtlety,138,70,68
Rosoma,kelthuzad,1530,rogue,subtlety,40,23,17
Lxke,stormrage,1527,rogue,subtlety,24,16,8
Vavnmusic,illidan,1526,rogue,subtlety,42,26,16
ßeep,windrunner,1525,rogue,subtlety,48,24,24
Axerax,draka,1525,rogue,subtlety,42,21,21
Dissociated,stormrage,1523,rogue,subtlety,47,17,30
Lilshanker,tichondrius,1516,rogue,subtlety,62,30,32
Kainm,stormrage,1515,rogue,subtlety,260,136,124
Feinting,moon-guard,1514,rogue,subtlety,24,16,8
Killmebaby,lightnings-blade,1514,rogue,subtlety,54,29,25
Whoô,khazgoroth,1514,rogue,subtlety,36,19,17
Threeplates,silvermoon,1512,rogue,subtlety,69,37,32
Greasybbsea,illidan,1511,rogue,subtlety,126,63,63
Bugser,tichondrius,1509,rogue,subtlety,84,46,38
Brangs,ragnaros,1505,rogue,subtlety,48,27,21
Illmatíc,kelthuzad,1502,rogue,subtlety,29,16,13
Cerut,illidan,1499,rogue,subtlety,46,24,22
Galaxybrain,icecrown,1498,rogue,subtlety,120,76,44
Huskyi,dalaran,1498,rogue,subtlety,60,30,30
Åer,dalaran,1497,rogue,subtlety,111,56,55
Sit,frostwolf,1492,rogue,subtlety,70,39,31
Linkzq,frostmourne,1492,rogue,subtlety,41,17,24
Slap,icecrown,1491,rogue,subtlety,42,17,25
Delphyax,azralon,1489,rogue,subtlety,30,16,14
Rufian,ursin,1489,rogue,subtlety,54,28,26
Kazzo,tichondrius,1488,rogue,subtlety,24,18,6
Luradfate,dalaran,1486,rogue,subtlety,275,143,132
Swanl,stormrage,1483,rogue,subtlety,71,39,32
Saraelith,moon-guard,1480,rogue,subtlety,51,29,22
Tigerinu,stormreaver,1479,rogue,subtlety,37,21,16
Clownboots,tichondrius,1479,rogue,subtlety,127,60,67
Jinglez,frostmourne,1478,rogue,subtlety,36,22,14
Lurios,rivendare,1475,rogue,subtlety,82,42,40
Eridian,tichondrius,1475,rogue,subtlety,109,54,55
Mosedz,tichondrius,1474,rogue,subtlety,48,28,20
Pince,black-dragonflight,1470,rogue,subtlety,39,22,17
Kaliasteddin,area-52,1467,rogue,subtlety,80,40,40
Saltymann,bleeding-hollow,1467,rogue,subtlety,36,17,19
Tulis,frostmourne,1462,rogue,subtlety,164,96,68
Oldgate,azralon,1462,rogue,subtlety,41,23,18
Stankyx,bleeding-hollow,1460,rogue,subtlety,66,37,29
Vigílant,proudmoore,1460,rogue,subtlety,84,41,43
Toxsith,tichondrius,1459,rogue,subtlety,74,43,31
Aghanaar,burning-legion,1458,rogue,subtlety,50,23,27
Scenna,stormrage,1457,rogue,subtlety,72,30,42
Axiy,stormrage,1455,rogue,subtlety,59,32,27
Vyll,stormrage,1452,rogue,subtlety,31,16,15
Krolczz,tichondrius,1451,rogue,subtlety,42,29,13
Gøblìn,tichondrius,1451,rogue,subtlety,75,29,46
Ctrlfreak,hellscream,1450,rogue,subtlety,72,43,29
Pichichi,frostmourne,1450,rogue,subtlety,57,34,23
Murked,barthilas,1449,rogue,subtlety,54,31,23
Trucidovaco,daggerspine,1449,rogue,subtlety,88,40,48
Géminis,sargeras,1444,rogue,subtlety,30,17,13
Rougething,bleeding-hollow,1443,rogue,subtlety,72,35,37
Worrglaive,dalaran,1441,rogue,subtlety,122,64,58
ßecomeðeath,tichondrius,1441,rogue,subtlety,36,18,18
Dismayx,tichondrius,1438,rogue,subtlety,42,21,21
Calebrogue,illidan,1436,rogue,subtlety,24,15,9
Ricros,bleeding-hollow,1435,rogue,subtlety,43,20,23
Errorless,moon-guard,1434,rogue,subtlety,60,29,31
Queuethunder,blades-edge,1433,rogue,subtlety,18,15,3
Smormu,bonechewer,1432,rogue,subtlety,36,17,19
Epipenqt,dark-iron,1431,rogue,subtlety,42,26,16
Hunchó,area-52,1431,rogue,subtlety,77,44,33
Chãlons,tichondrius,1431,rogue,subtlety,84,42,42
Brrant,tichondrius,1430,rogue,subtlety,24,15,9
Weenies,illidan,1425,rogue,subtlety,47,24,23
Vaith,wyrmrest-accord,1425,rogue,subtlety,60,29,31
Twotimed,magtheridon,1424,rogue,subtlety,42,23,19
Kibbs,korgath,1422,rogue,subtlety,60,30,30
Pressuret,frostmourne,1420,rogue,subtlety,35,20,15
Astroz,sargeras,1419,rogue,subtlety,30,15,15
Tapwaterx,illidan,1419,rogue,subtlety,72,31,41
Tolthe,hyjal,1418,rogue,subtlety,80,40,40
Pikabuu,bleeding-hollow,1411,rogue,subtlety,69,30,39
Fulkrem,wyrmrest-accord,1410,rogue,subtlety,74,34,40
Usernameqtxo,kelthuzad,1405,rogue,subtlety,75,34,41
Cv,proudmoore,1404,rogue,subtlety,42,23,19
Kahlx,azralon,1404,rogue,subtlety,54,27,27
Morriz,tichondrius,1403,rogue,subtlety,42,27,15
Quinity,wyrmrest-accord,1401,rogue,subtlety,186,94,92
Swiftdeaths,queldorei,1400,rogue,subtlety,58,27,31
Klâng,tichondrius,1399,rogue,subtlety,124,60,64
Arakine,uldaman,1398,rogue,subtlety,38,27,11
Hakuchi,tichondrius,1396,rogue,subtlety,31,15,16
Seaki,illidan,1395,rogue,subtlety,23,15,8
Lilplato,area-52,1395,rogue,subtlety,24,15,9
Neilyo,barthilas,1395,rogue,subtlety,36,18,18
Yanh,tichondrius,1395,rogue,subtlety,36,16,20
Abacura,moon-guard,1392,rogue,subtlety,106,58,48
Greasymarheo,area-52,1392,rogue,subtlety,48,20,28
Speedboi,skullcrusher,1391,rogue,subtlety,110,65,45
Xleo,drakkari,1390,rogue,subtlety,179,87,92
Bakedpotato,garithos,1390,rogue,subtlety,48,23,25
Fofree,hyjal,1389,rogue,subtlety,76,41,35
Odelöt,drakkari,1387,rogue,subtlety,108,59,49
Neuschurke,warsong,1386,rogue,subtlety,42,23,19
Sgtbuttfat,dalaran,1385,rogue,subtlety,41,20,21
Amonn,arthas,1385,rogue,subtlety,36,17,19
Saintt,khaz-modan,1384,rogue,subtlety,24,16,8
Najohn,tichondrius,1384,rogue,subtlety,42,20,22
Secrettecbot,barthilas,1383,rogue,subtlety,36,20,16
Denoms,area-52,1381,rogue,subtlety,42,18,24
Søprøle,ragnaros,1380,rogue,subtlety,98,57,41
Rigotak,illidan,1380,rogue,subtlety,65,31,34
Vanvanlords,azralon,1379,rogue,subtlety,78,34,44
Ojibwe,tichondrius,1373,rogue,subtlety,28,15,13
Kolander,tichondrius,1373,rogue,subtlety,58,29,29
Lagault,muradin,1369,rogue,subtlety,84,49,35
Grinjuk,area-52,1365,rogue,subtlety,29,16,13
Ironfistofcn,tichondrius,1364,rogue,subtlety,60,32,28
Superharry,tichondrius,1363,rogue,subtlety,54,27,27
Sapyalater,thrall,1361,rogue,subtlety,192,98,94
Fkrueger,thrall,1358,rogue,subtlety,52,26,26
Raymga,tichondrius,1355,rogue,subtlety,48,29,19
Emrogr,tichondrius,1354,rogue,subtlety,78,42,36
Woollord,frostmourne,1350,rogue,subtlety,30,16,14
Narcoleptic,dalaran,1346,rogue,subtlety,84,40,44
Deadguys,tichondrius,1344,rogue,subtlety,54,25,29
Stunz,mugthol,1343,rogue,subtlety,27,17,10
Leftyleaf,proudmoore,1343,rogue,subtlety,24,15,9
Jujudaddy,sargeras,1343,rogue,subtlety,36,20,16
Humphugull,skullcrusher,1343,rogue,subtlety,41,15,26
Corrier,tichondrius,1340,rogue,subtlety,24,14,10
Harlyfknquin,jubeithos,1340,rogue,subtlety,82,44,38
Lyfallah,proudmoore,1338,rogue,subtlety,121,66,55
Spacebase,illidan,1337,rogue,subtlety,24,14,10
Nines,icecrown,1336,rogue,subtlety,30,14,16
Stealthyxd,arthas,1336,rogue,subtlety,42,14,28
Mesqeets,kelthuzad,1331,rogue,subtlety,24,14,10
Saltypwncake,illidan,1331,rogue,subtlety,30,14,16
Loquen,ragnaros,1330,rogue,subtlety,54,28,26
Jawnrogue,tichondrius,1328,rogue,subtlety,18,14,4
Zaszune,stormrage,1328,rogue,subtlety,24,14,10
Genève,dreadmaul,1327,rogue,subtlety,24,14,10
Dustt,stormrage,1322,rogue,subtlety,30,21,9
Gankolicious,nerzhul,1317,rogue,subtlety,18,14,4
Täy,thrall,1316,rogue,subtlety,89,45,44
Tamsy,the-forgotten-coast,1315,rogue,subtlety,21,15,6
Lozion,malganis,1315,rogue,subtlety,42,17,25
Pleodonis,tichondrius,1314,rogue,subtlety,59,27,32
Shilaya,dreadmaul,1311,rogue,subtlety,36,14,22
Leprocy,tichondrius,1309,rogue,subtlety,22,15,7
Pegglerogue,fizzcrank,1309,rogue,subtlety,142,68,74
Noxik,blackrock,1307,rogue,subtlety,46,27,19
Stêf,zuljin,1306,rogue,subtlety,67,42,25
Suhwooh,area-52,1306,rogue,subtlety,37,20,17
Clayton,frostmourne,1306,rogue,subtlety,40,19,21
Faxingberlin,skullcrusher,1306,rogue,subtlety,36,15,21
Lisnp,tichondrius,1304,rogue,subtlety,206,98,108
Khorgan,mugthol,1301,rogue,subtlety,36,18,18
Pocketman,barthilas,1299,rogue,subtlety,59,24,35
Guiguzidr,illidan,1297,rogue,subtlety,94,52,42
Flockavelli,zuljin,1296,rogue,subtlety,79,39,40
Turec,illidan,1290,rogue,subtlety,29,14,15
Orangez,malfurion,1289,rogue,subtlety,36,21,15
Insanctus,malganis,1287,rogue,subtlety,23,14,9
Oatmealcrisp,thrall,1284,rogue,subtlety,36,21,15
Riggz,burning-blade,1284,rogue,subtlety,62,31,31
Lefteex,tichondrius,1282,rogue,subtlety,80,43,37
Liryth,lightninghoof,1281,rogue,subtlety,51,29,22
Ikmagine,icecrown,1281,rogue,subtlety,42,17,25
Thugspice,stormrage,1279,rogue,subtlety,53,26,27
Shellby,tichondrius,1277,rogue,subtlety,92,49,43
Sapùwú,stormrage,1277,rogue,subtlety,106,53,53
Hypermix,tichondrius,1277,rogue,subtlety,30,15,15
Termkilledu,moon-guard,1276,rogue,subtlety,54,31,23
Ikerz,tichondrius,1272,rogue,subtlety,27,14,13
Shigoo,sargeras,1271,rogue,subtlety,35,15,20
Nooz,thrall,1270,rogue,subtlety,83,46,37
Dionavelynn,area-52,1267,rogue,subtlety,42,19,23
Pargo,quelthalas,1266,rogue,subtlety,67,30,37
Hollfex,nemesis,1265,rogue,subtlety,44,22,22
Darkìs,tichondrius,1265,rogue,subtlety,30,14,16
Hiarolson,stormrage,1263,rogue,subtlety,39,20,19
Kawagreen,tichondrius,1260,rogue,subtlety,51,27,24
Gothblade,malganis,1258,rogue,subtlety,30,15,15
Xoltin,tichondrius,1258,rogue,subtlety,80,36,44
Mcromance,khadgar,1253,rogue,subtlety,57,25,32
Arbitér,moonrunner,1250,rogue,subtlety,64,25,39
Lilstab,hakkar,1249,rogue,subtlety,116,58,58
Tmpikaboo,tichondrius,1248,rogue,subtlety,18,13,5
Notxerian,stormrage,1246,rogue,subtlety,18,13,5
Mirajoo,tichondrius,1245,rogue,subtlety,88,42,46
Mylovejunex,tichondrius,1244,rogue,subtlety,18,13,5
Damrat,tichondrius,1244,rogue,subtlety,24,13,11
Endlesswaltz,zuljin,1243,rogue,subtlety,30,13,17
Towncar,kelthuzad,1242,rogue,subtlety,24,13,11
Ateabug,wyrmrest-accord,1241,rogue,subtlety,24,13,11
Quickxsilver,tichondrius,1240,rogue,subtlety,72,33,39
Vlone,icecrown,1240,rogue,subtlety,30,13,17
Bríng,illidan,1238,rogue,subtlety,29,18,11
Miraclesap,stormrage,1238,rogue,subtlety,130,76,54
Stealthkid,tichondrius,1237,rogue,subtlety,24,13,11
Mistnazgul,quelthalas,1236,rogue,subtlety,94,53,41
Variat,azralon,1235,rogue,subtlety,54,25,29
Rykojin,dalaran,1234,rogue,subtlety,42,25,17
Pinksleep,sargeras,1234,rogue,subtlety,54,22,32
Oddblade,stormrage,1232,rogue,subtlety,24,14,10
Poolover,barthilas,1232,rogue,subtlety,24,13,11
Esker,dragonmaw,1230,rogue,subtlety,60,32,28
Rezy,lightbringer,1226,rogue,subtlety,36,13,23
Hattrìck,area-52,1224,rogue,subtlety,56,28,28
Frèyjä,bleeding-hollow,1220,rogue,subtlety,102,52,50
Bloodraina,hyjal,1220,rogue,subtlety,115,53,62
Drsinz,tichondrius,1217,rogue,subtlety,67,28,39
Trâshy,stormrage,1215,rogue,subtlety,25,14,11
Stanley,mugthol,1212,rogue,subtlety,24,13,11
Suñg,tichondrius,1211,rogue,subtlety,30,14,16
Dessenia,illidan,1208,rogue,subtlety,79,47,32
Draculà,wyrmrest-accord,1206,rogue,subtlety,87,48,39
Toestumper,sargeras,1204,rogue,subtlety,37,15,22
Maløkeirø,stormrage,1202,rogue,subtlety,67,29,38
Kylerxius,korgath,1192,rogue,subtlety,36,21,15
Glíz,bloodscalp,1192,rogue,subtlety,30,14,16
Abatoire,wyrmrest-accord,1188,rogue,subtlety,51,25,26
Elmabrox,quelthalas,1183,rogue,subtlety,45,20,25
Roxeni,tichondrius,1181,rogue,subtlety,28,13,15
Gatõ,quelthalas,1181,rogue,subtlety,60,24,36
Eraticrogue,illidan,1178,rogue,subtlety,29,13,16
Winze,scilla,1176,rogue,subtlety,66,39,27
Writhes,sargeras,1169,rogue,subtlety,20,13,7
Abogansterr,ragnaros,1169,rogue,subtlety,128,67,61
Wokemeup,bleeding-hollow,1168,rogue,subtlety,30,15,15
Poohpants,frostmourne,1168,rogue,subtlety,75,36,39
Harkknight,sargeras,1167,rogue,subtlety,225,120,105
Sabedoria,barthilas,1162,rogue,subtlety,84,43,41
Ambushr,tichondrius,1161,rogue,subtlety,30,16,14
Gyrfalcon,spirestone,1156,rogue,subtlety,154,72,82
Paulpitation,blood-furnace,1155,rogue,subtlety,39,15,24
Håkünämãtåtä,stormrage,1152,rogue,subtlety,18,12,6
Bèstworld,dalaran,1152,rogue,subtlety,24,12,12
Alrynik,stormrage,1150,rogue,subtlety,24,14,10
Brendantko,arthas,1150,rogue,subtlety,24,12,12
Chakal,illidan,1148,rogue,subtlety,18,12,6
Itskanashi,frostmourne,1148,rogue,subtlety,81,36,45
Dawkx,thrall,1147,rogue,subtlety,25,13,12
Jalaroot,frostmourne,1146,rogue,subtlety,29,16,13
Wowtheskill,illidan,1144,rogue,subtlety,24,12,12
Kaminokage,barthilas,1144,rogue,subtlety,45,15,30
Yesuz,illidan,1143,rogue,subtlety,34,19,15
Oilydaimon,tichondrius,1143,rogue,subtlety,61,29,32
Studders,kiljaeden,1143,rogue,subtlety,59,25,34
Hattorikun,proudmoore,1142,rogue,subtlety,24,12,12
Sahima,tichondrius,1142,rogue,subtlety,185,92,93
Smokepipe,nerzhul,1139,rogue,subtlety,24,14,10
Smashol,barthilas,1136,rogue,subtlety,54,23,31
Salätzar,quelthalas,1135,rogue,subtlety,27,13,14
Gank,jubeithos,1134,rogue,subtlety,24,12,12
Zarkans,proudmoore,1133,rogue,subtlety,84,42,42
Vuye,moon-guard,1131,rogue,subtlety,30,12,18
Micromoon,windrunner,1131,rogue,subtlety,36,13,23
Hayatö,ragnaros,1130,rogue,subtlety,42,25,17
Vangroen,quelthalas,1129,rogue,subtlety,24,14,10
Ninjadoo,tichondrius,1128,rogue,subtlety,18,12,6
Ballflicker,malganis,1128,rogue,subtlety,30,12,18
Meer,balnazzar,1125,rogue,subtlety,34,24,10
Vanishman,ragnaros,1125,rogue,subtlety,30,15,15
Doklim,spinebreaker,1122,rogue,subtlety,74,42,32
Dtelkham,tichondrius,1122,rogue,subtlety,33,13,20
Cutthroat,aegwynn,1121,rogue,subtlety,45,20,25
Gougemebaby,emerald-dream,1115,rogue,subtlety,30,12,18
Jeri,gundrak,1113,rogue,subtlety,30,17,13
Oilyrock,tichondrius,1111,rogue,subtlety,54,27,27
Mendiant,azralon,1111,rogue,subtlety,95,43,52
Venace,agamaggan,1104,rogue,subtlety,23,12,11
Rarkalth,azralon,1104,rogue,subtlety,47,18,29
Jadier,emerald-dream,1103,rogue,subtlety,23,12,11
Misthios,chogall,1101,rogue,subtlety,29,12,17
Kilrogga,azshara,1100,rogue,subtlety,36,22,14
Imgunnacrumb,malganis,1100,rogue,subtlety,173,83,90
Aynrand,drakkari,1094,rogue,subtlety,45,16,29
Prisonshank,arthas,1093,rogue,subtlety,61,36,25
Shadownibba,illidan,1091,rogue,subtlety,48,26,22
Noriel,dathremar,1085,rogue,subtlety,30,13,17
Jaanmonty,frostmourne,1081,rogue,subtlety,24,12,12
Vanicaa,quelthalas,1081,rogue,subtlety,30,14,16
Drapezz,kelthuzad,1077,rogue,subtlety,35,18,17
Hotcarl,kiljaeden,1077,rogue,subtlety,28,14,14
Riskgo,frostwolf,1071,rogue,subtlety,24,12,12
Lagula,ragnaros,1068,rogue,subtlety,17,12,5
Hahaurblind,perenolde,1068,rogue,subtlety,28,12,16
Fangskin,dunemaul,1063,rogue,subtlety,30,15,15
Stelarstop,drakkari,1062,rogue,subtlety,36,12,24
Sixcombopts,area-52,1056,rogue,subtlety,18,11,7
Tootsio,tichondrius,1054,rogue,subtlety,18,11,7
Laaggul,tichondrius,1054,rogue,subtlety,18,11,7
Rabe,nagrand,1053,rogue,subtlety,24,11,13
Ninetaildfox,arthas,1051,rogue,subtlety,18,11,7
Xvds,tichondrius,1051,rogue,subtlety,24,11,13
Boonee,frostmourne,1051,rogue,subtlety,24,11,13
Wongski,darkspear,1050,rogue,subtlety,16,12,4
Distract,quelthalas,1050,rogue,subtlety,18,11,7
Corntens,area-52,1050,rogue,subtlety,20,11,9
Négrá,ragnaros,1048,rogue,subtlety,18,11,7
Nadari,cenarius,1048,rogue,subtlety,66,31,35
Mermm,burning-blade,1048,rogue,subtlety,24,11,13
Ðarkrøøxs,stormrage,1048,rogue,subtlety,24,11,13
Waytoosext,tichondrius,1048,rogue,subtlety,24,11,13
Trolladrão,goldrinn,1048,rogue,subtlety,24,11,13
Autumnsedge,area-52,1048,rogue,subtlety,30,11,19
Santyno,ragnaros,1047,rogue,subtlety,120,56,64
Laotrec,nemesis,1045,rogue,subtlety,33,12,21
Olg,arathor,1043,rogue,subtlety,71,36,35
Hyperdexia,stormrage,1042,rogue,subtlety,88,47,41
Lyliym,frostmourne,1041,rogue,subtlety,18,11,7
Soulvex,barthilas,1040,rogue,subtlety,18,11,7
Nihue,terenas,1040,rogue,subtlety,30,11,19
Yunaka,grizzly-hills,1039,rogue,subtlety,54,18,36
Allirra,ragnaros,1037,rogue,subtlety,30,19,11
Abaløne,tichondrius,1037,rogue,subtlety,55,22,33
Eryx,mugthol,1033,rogue,subtlety,18,11,7
Relidria,thrall,1032,rogue,subtlety,36,22,14
Kachimodo,illidan,1029,rogue,subtlety,48,23,25
Arÿaa,azralon,1028,rogue,subtlety,24,11,13
Lesliechow,sargeras,1026,rogue,subtlety,58,33,25
Mcghanhain,aegwynn,1025,rogue,subtlety,30,13,17
Drpepzi,tichondrius,1025,rogue,subtlety,75,27,48
Topapple,mugthol,1021,rogue,subtlety,30,14,16
Sneaknfizzle,dethecus,1020,rogue,subtlety,18,11,7
Maewyn,aerie-peak,1019,rogue,subtlety,25,11,14
Sneakyshots,emerald-dream,1017,rogue,subtlety,13,11,2
Bimbogirl,dalaran,1015,rogue,subtlety,40,23,17
Slackness,bleeding-hollow,1015,rogue,subtlety,61,35,26
Fateapocryph,azralon,1014,rogue,subtlety,26,13,13
Indivisible,thunderlord,1009,rogue,subtlety,30,13,17
Korviz,area-52,1008,rogue,subtlety,60,30,30
Bloodwish,tichondrius,1007,rogue,subtlety,23,11,12
Ghost,shattered-halls,1006,rogue,subtlety,68,27,41
Log,blackhand,1004,rogue,subtlety,36,18,18
Onara,quelthalas,1003,rogue,subtlety,30,18,12
Sxs,kiljaeden,1003,rogue,subtlety,29,12,17
Sildin,sargeras,1002,rogue,subtlety,24,11,13
Kidcudi,bonechewer,1000,rogue,subtlety,48,18,30
Feragho,tichondrius,992,rogue,subtlety,34,11,23
Sadtears,thrall,990,rogue,subtlety,16,11,5
Bubblesr,whisperwind,980,rogue,subtlety,48,22,26
Silentmoralz,tichondrius,969,rogue,subtlety,41,12,29
Ascherx,veknilash,960,rogue,subtlety,12,10,2
Geckø,sargeras,959,rogue,subtlety,12,10,2
Geartrix,darkspear,959,rogue,subtlety,16,11,5
Clerncc,emerald-dream,959,rogue,subtlety,18,10,8
Spaca,kelthuzad,959,rogue,subtlety,18,10,8
Eazyg,tichondrius,959,rogue,subtlety,18,10,8
Caldø,tichondrius,958,rogue,subtlety,12,10,2
Saulgoodz,tichondrius,958,rogue,subtlety,18,10,8
Qq,doomhammer,958,rogue,subtlety,18,10,8
Jannie,rexxar,958,rogue,subtlety,18,10,8
Lucki,tichondrius,958,rogue,subtlety,18,10,8
Aszombie,tichondrius,957,rogue,subtlety,12,10,2
Stuntedscamp,bleeding-hollow,957,rogue,subtlety,24,10,14
Rooke,draktharon,957,rogue,subtlety,24,10,14
Reclusivexo,tichondrius,956,rogue,subtlety,24,10,14
Johnnymayhem,kelthuzad,956,rogue,subtlety,24,10,14
Merkules,dalaran,955,rogue,subtlety,16,11,5
Înfêrnô,emerald-dream,955,rogue,subtlety,24,10,14
Poogodx,proudmoore,954,rogue,subtlety,12,10,2
Moufwash,sargeras,952,rogue,subtlety,24,10,14
Uchihaputin,tichondrius,951,rogue,subtlety,24,10,14
Arwy,stormrage,948,rogue,subtlety,19,11,8
Wubbz,stormrage,947,rogue,subtlety,12,10,2
Definitioni,area-52,945,rogue,subtlety,19,10,9
Zelzaramor,ravenholdt,943,rogue,subtlety,30,10,20
Relaxsingh,tichondrius,942,rogue,subtlety,30,10,20
Toe,boulderfist,941,rogue,subtlety,33,15,18
Iheyji,quelthalas,934,rogue,subtlety,18,10,8
Trinktick,doomhammer,931,rogue,subtlety,30,10,20
Timat,emerald-dream,924,rogue,subtlety,23,10,13
Degrok,quelthalas,922,rogue,subtlety,47,24,23
Swayo,tichondrius,920,rogue,subtlety,18,10,8
Macsap,frostmourne,918,rogue,subtlety,30,10,20
Larmx,tichondrius,906,rogue,subtlety,15,12,3
Spleen,aerie-peak,906,rogue,subtlety,21,10,11
Skallywagg,emerald-dream,902,rogue,subtlety,46,18,28
Ninjamf,bleeding-hollow,894,rogue,subtlety,14,10,4
Mhün,malganis,891,rogue,subtlety,22,10,12
Undreas,kiljaeden,889,rogue,subtlety,340,165,175
Zenshin,tichondrius,889,rogue,subtlety,31,10,21
Chainsarogue,stormrage,864,rogue,subtlety,12,9,3
Poonqtxo,frostmourne,864,rogue,subtlety,12,9,3
Yodiegang,tichondrius,864,rogue,subtlety,12,9,3
Scythix,firetree,864,rogue,subtlety,12,9,3
Sitdownplz,darkspear,864,rogue,subtlety,15,10,5
Tiladar,tichondrius,864,rogue,subtlety,18,9,9
Adept,whisperwind,864,rogue,subtlety,18,9,9
Ðankbud,barthilas,864,rogue,subtlety,21,10,11
Corde,hyjal,863,rogue,subtlety,12,9,3
Popss,whisperwind,863,rogue,subtlety,18,9,9
Confianzudo,ragnaros,863,rogue,subtlety,42,18,24
Illoo,frostmourne,863,rogue,subtlety,24,9,15
Jexy,barthilas,863,rogue,subtlety,24,9,15
Goopthicc,sargeras,863,rogue,subtlety,24,9,15
Proddivus,stormrage,863,rogue,subtlety,30,9,21
Hickery,frostmourne,862,rogue,subtlety,12,9,3
Cosmicò,trollbane,861,rogue,subtlety,12,9,3
Blitzree,thrall,861,rogue,subtlety,12,9,3
Xandroesh,darkspear,861,rogue,subtlety,18,9,9
Filid,frostmourne,861,rogue,subtlety,18,9,9
Donnice,area-52,861,rogue,subtlety,18,9,9
Lanres,stormrage,860,rogue,subtlety,12,9,3
Biggisdiggis,tichondrius,860,rogue,subtlety,12,9,3
Raqed,eredar,860,rogue,subtlety,24,9,15
Larceny,emerald-dream,860,rogue,subtlety,24,9,15
Overzz,azralon,859,rogue,subtlety,21,9,12
Gannjalord,frostmane,858,rogue,subtlety,22,10,12
Felistrien,wyrmrest-accord,858,rogue,subtlety,30,9,21
Bubblesrr,whisperwind,857,rogue,subtlety,32,9,23
Calvin,moon-guard,856,rogue,subtlety,18,9,9
Jhors,tichondrius,856,rogue,subtlety,18,9,9
Aitormenta,ragnaros,851,rogue,subtlety,12,9,3
Dizzm,area-52,847,rogue,subtlety,12,9,3
Aelnoor,ragnaros,846,rogue,subtlety,24,9,15
Caveil,stormrage,845,rogue,subtlety,17,9,8
Ayo,exodar,845,rogue,subtlety,18,9,9
Cutindle,illidan,842,rogue,subtlety,18,9,9
Brocolini,zuljin,841,rogue,subtlety,30,12,18
Lemeeng,uldum,838,rogue,subtlety,30,12,18
Samllnuts,area-52,837,rogue,subtlety,24,11,13
Elßronkas,quelthalas,836,rogue,subtlety,48,21,27
Zamji,tichondrius,834,rogue,subtlety,20,9,11
Yellowdeep,tichondrius,831,rogue,subtlety,14,10,4
Alexon,wyrmrest-accord,828,rogue,subtlety,84,35,49
Eversincee,illidan,814,rogue,subtlety,15,9,6
Hmmkek,frostmourne,813,rogue,subtlety,17,9,8
Vandalyze,sargeras,805,rogue,subtlety,19,10,9
Zaghat,ragnaros,799,rogue,subtlety,22,9,13
Mercaderps,frostmourne,798,rogue,subtlety,33,9,24
Trillkage,tichondrius,797,rogue,subtlety,26,9,17
Zelthy,frostmourne,790,rogue,subtlety,17,9,8
Redtvco,blackrock,789,rogue,subtlety,17,9,8
Fearnomore,destromath,773,rogue,subtlety,84,29,55
Commodore,arthas,768,rogue,subtlety,12,8,4
Czd,frostmourne,768,rogue,subtlety,12,8,4
Nicørøbin,tichondrius,768,rogue,subtlety,12,8,4
Lesty,kelthuzad,768,rogue,subtlety,12,8,4
Originalfake,sargeras,768,rogue,subtlety,12,8,4
Wîzz,bleeding-hollow,768,rogue,subtlety,12,8,4
Astutý,illidan,768,rogue,subtlety,12,8,4
Whispx,malganis,768,rogue,subtlety,12,8,4
Köfy,quelthalas,768,rogue,subtlety,17,8,9
Nlynn,veknilash,768,rogue,subtlety,18,8,10
Heegawn,proudmoore,768,rogue,subtlety,18,8,10
Wowcode,tichondrius,768,rogue,subtlety,18,8,10
Bungou,tichondrius,768,rogue,subtlety,18,8,10
Swippz,tichondrius,768,rogue,subtlety,24,8,16
Getfkdkid,tichondrius,768,rogue,subtlety,24,8,16
Dezly,tichondrius,768,rogue,subtlety,30,8,22
Pãx,stormrage,767,rogue,subtlety,12,8,4
Jamo,kiljaeden,767,rogue,subtlety,12,8,4
Kiingspade,tichondrius,767,rogue,subtlety,12,8,4
Assasinww,sargeras,767,rogue,subtlety,12,8,4
Gankbang,mugthol,767,rogue,subtlety,12,8,4
Fence,moon-guard,767,rogue,subtlety,18,8,10
Aleh,exodar,767,rogue,subtlety,18,8,10
Ilesire,frostmourne,767,rogue,subtlety,18,8,10
Antmang,bleeding-hollow,767,rogue,subtlety,18,8,10
Candren,area-52,767,rogue,subtlety,18,8,10
Nítzy,quelthalas,767,rogue,subtlety,24,8,16
Oío,ragnaros,766,rogue,subtlety,12,8,4
Gloòm,stormrage,766,rogue,subtlety,12,8,4
Zapstr,bleeding-hollow,766,rogue,subtlety,12,8,4
Chancelör,illidan,766,rogue,subtlety,12,8,4
Razmir,malfurion,766,rogue,subtlety,18,8,10
Terpsaucey,tichondrius,766,rogue,subtlety,18,8,10
Ntshaav,illidan,766,rogue,subtlety,18,8,10
Glatzkaus,shattered-hand,765,rogue,subtlety,18,8,10
Kody,dalaran,765,rogue,subtlety,21,9,12
Yato,mugthol,764,rogue,subtlety,12,8,4
Subtlepuddle,bleeding-hollow,764,rogue,subtlety,24,8,16
ßackshots,kelthuzad,763,rogue,subtlety,18,8,10
Vexyz,tichondrius,763,rogue,subtlety,18,8,10
Wolfmans,trollbane,762,rogue,subtlety,12,8,4
Defaces,illidan,762,rogue,subtlety,12,8,4
Shivlightnin,tichondrius,762,rogue,subtlety,24,8,16
Deathben,tichondrius,761,rogue,subtlety,30,8,22
Mhasto,azralon,759,rogue,subtlety,18,8,10
Kerimoynihan,barthilas,757,rogue,subtlety,28,11,17
Nijanari,wyrmrest-accord,754,rogue,subtlety,24,8,16
Nuff,emerald-dream,736,rogue,subtlety,16,8,8
Stunjunky,area-52,733,rogue,subtlety,17,8,9
Bladefang,quelthalas,732,rogue,subtlety,17,10,7
Tyroshiv,area-52,732,rogue,subtlety,24,9,15
Lerosi,malganis,718,rogue,subtlety,75,21,54
Papiplunders,sargeras,687,rogue,subtlety,13,8,5
Saraku,barthilas,672,rogue,subtlety,12,7,5
Bobfoonk,tichondrius,672,rogue,subtlety,12,7,5
Smang,mugthol,672,rogue,subtlety,12,7,5
Joeyzord,stormrage,672,rogue,subtlety,12,7,5
Frooty,stormrage,672,rogue,subtlety,12,7,5
Darkstár,bladefist,672,rogue,subtlety,12,7,5
Coughsyrup,sargeras,672,rogue,subtlety,12,7,5
Syxs,sargeras,672,rogue,subtlety,12,7,5
Flaremagnet,whisperwind,672,rogue,subtlety,12,7,5
Wimpz,hyjal,672,rogue,subtlety,12,7,5
Seshtime,tichondrius,672,rogue,subtlety,12,7,5
Bloodyhairy,area-52,672,rogue,subtlety,12,7,5
Àsgà,area-52,672,rogue,subtlety,12,7,5
Adhd,ravencrest,672,rogue,subtlety,12,7,5
Feyahni,wyrmrest-accord,672,rogue,subtlety,12,7,5
Hokeypoke,garona,672,rogue,subtlety,12,7,5
Yangsol,stormrage,672,rogue,subtlety,12,7,5
Clicksbtns,area-52,672,rogue,subtlety,18,7,11
Spytes,kiljaeden,672,rogue,subtlety,18,7,11
Memoríst,frostmourne,672,rogue,subtlety,18,7,11
Niwbor,azralon,672,rogue,subtlety,24,7,17
Tekrul,area-52,672,rogue,subtlety,30,7,23
Christiaan,area-52,671,rogue,subtlety,12,7,5
Yurkarogue,tichondrius,671,rogue,subtlety,12,7,5
Bloodylegend,altar-of-storms,671,rogue,subtlety,12,7,5
Liquidmojo,tichondrius,671,rogue,subtlety,12,7,5
Kidkillz,tichondrius,671,rogue,subtlety,12,7,5
Weckful,kelthuzad,671,rogue,subtlety,12,7,5
Shadowoog,tichondrius,671,rogue,subtlety,12,7,5
Cutx,frostmourne,671,rogue,subtlety,12,7,5
Zetkx,tichondrius,671,rogue,subtlety,12,7,5
Keepitshadow,frostmourne,671,rogue,subtlety,12,7,5
Xemnxnt,stormrage,671,rogue,subtlety,12,7,5
Energetìc,stormrage,671,rogue,subtlety,12,7,5
Sapzz,tichondrius,671,rogue,subtlety,18,7,11
Beretta,nemesis,671,rogue,subtlety,18,7,11
Brilliance,skywall,671,rogue,subtlety,18,7,11
Calimari,frostmourne,671,rogue,subtlety,18,7,11
Nezumikami,malganis,671,rogue,subtlety,18,7,11
Vex,durotan,671,rogue,subtlety,24,7,17
Taroo,ragnaros,670,rogue,subtlety,12,7,5
Jdmg,azralon,670,rogue,subtlety,12,7,5
Takamoto,windrunner,670,rogue,subtlety,18,7,11
Burningfury,arthas,670,rogue,subtlety,18,7,11
Bõjack,stormrage,669,rogue,subtlety,18,7,11
Anteccessor,tichondrius,669,rogue,subtlety,18,7,11
Jagó,malganis,667,rogue,subtlety,12,7,5
Witherblade,area-52,667,rogue,subtlety,12,7,5
Chompycat,tichondrius,667,rogue,subtlety,18,7,11
Srmazakre,ragnaros,667,rogue,subtlety,18,7,11
Zapersapp,malygos,666,rogue,subtlety,24,7,17
Dogedealer,ragnaros,665,rogue,subtlety,12,7,5
Carpe,barthilas,618,rogue,subtlety,24,8,16
Namig,cenarion-circle,608,rogue,subtlety,10,7,3
Donçorleone,stormrage,576,rogue,subtlety,6,6,0
Manersi,akama,576,rogue,subtlety,6,6,0
Deadshank,bleeding-hollow,576,rogue,subtlety,6,6,0
Homarx,quelthalas,576,rogue,subtlety,10,7,3
Topfloorboss,illidan,576,rogue,subtlety,12,6,6
Tmpikaboo,mugthol,576,rogue,subtlety,12,6,6
Xedi,illidan,576,rogue,subtlety,12,6,6
Shadxr,tichondrius,576,rogue,subtlety,12,6,6
Ãnimefãnx,moon-guard,576,rogue,subtlety,12,6,6
Pokekek,stormrage,576,rogue,subtlety,12,6,6
Alts,tichondrius,576,rogue,subtlety,12,6,6
Unholydood,bonechewer,576,rogue,subtlety,12,6,6
Lunatixz,emerald-dream,576,rogue,subtlety,12,6,6
Lymon,azralon,576,rogue,subtlety,12,6,6
Littlescrub,frostmourne,576,rogue,subtlety,12,6,6
Hykoo,tichondrius,576,rogue,subtlety,12,6,6
Nemoye,tichondrius,576,rogue,subtlety,12,6,6
Revila,bleeding-hollow,576,rogue,subtlety,12,6,6
Avelmire,sargeras,576,rogue,subtlety,12,6,6
Dërpt,tichondrius,576,rogue,subtlety,12,6,6
Fkq,emerald-dream,576,rogue,subtlety,12,6,6
Fystrong,kelthuzad,576,rogue,subtlety,12,6,6
Draiygo,nerzhul,576,rogue,subtlety,12,6,6
Palumor,deathwing,576,rogue,subtlety,12,6,6
Învîsîßull,illidan,576,rogue,subtlety,12,6,6
Elwynë,tichondrius,576,rogue,subtlety,12,6,6
Sivni,tichondrius,576,rogue,subtlety,12,6,6
Pamaaj,sargeras,576,rogue,subtlety,12,6,6
Kindasorry,illidan,576,rogue,subtlety,12,6,6
Athletik,tichondrius,576,rogue,subtlety,12,6,6
Pingwii,ragnaros,576,rogue,subtlety,12,6,6
Drakariano,ragnaros,576,rogue,subtlety,18,6,12
Cinnashank,darkspear,576,rogue,subtlety,18,6,12
Veterån,tichondrius,576,rogue,subtlety,18,6,12
Kents,tichondrius,576,rogue,subtlety,18,6,12
Jácket,area-52,576,rogue,subtlety,24,6,18
Oksanaastan,tichondrius,576,rogue,subtlety,24,6,18
Struggle,sargeras,576,rogue,subtlety,24,6,18
Mcnastier,dunemaul,575,rogue,subtlety,12,6,6
Whothekilla,tichondrius,575,rogue,subtlety,12,6,6
Azanax,area-52,575,rogue,subtlety,12,6,6
Maulgryve,frostwolf,575,rogue,subtlety,12,6,6
Projectx,tichondrius,575,rogue,subtlety,12,6,6
Shaoriel,zuljin,575,rogue,subtlety,12,6,6
Jinxkiller,tichondrius,575,rogue,subtlety,12,6,6
Boredomkills,frostmane,575,rogue,subtlety,12,6,6
Hindpaw,wyrmrest-accord,575,rogue,subtlety,18,6,12
Zogbu,stormrage,575,rogue,subtlety,18,6,12
Poofus,vashj,575,rogue,subtlety,18,6,12
Dreamcatcher,azralon,575,rogue,subtlety,18,6,12
Píxíedúst,black-dragonflight,574,rogue,subtlety,18,6,12
Dedrater,shadowmoon,574,rogue,subtlety,18,6,12
Kelelor,kelthuzad,574,rogue,subtlety,24,6,18
Alttee,proudmoore,573,rogue,subtlety,12,6,6
Ivanapavlov,kelthuzad,573,rogue,subtlety,24,6,18
Topsailor,uther,572,rogue,subtlety,12,6,6
Darkpaths,hyjal,572,rogue,subtlety,12,6,6
Iapologize,area-52,572,rogue,subtlety,12,6,6
Supminty,stormrage,571,rogue,subtlety,12,6,6
Xylow,garona,571,rogue,subtlety,27,6,21
Beartøøth,stormrage,570,rogue,subtlety,12,6,6
Cerel,baelgun,568,rogue,subtlety,30,6,24
Pancakestab,saurfang,543,rogue,subtlety,14,7,7
Cheapdeal,frostmourne,512,rogue,subtlety,10,6,4
Nodeßurglar,kelthuzad,480,rogue,subtlety,6,5,1
Khyrax,tichondrius,480,rogue,subtlety,6,5,1
Oceboomer,frostmourne,480,rogue,subtlety,6,5,1
Deepsyo,frostmourne,480,rogue,subtlety,6,5,1
Kwins,cenarion-circle,480,rogue,subtlety,6,5,1
Lowkn,tichondrius,480,rogue,subtlety,6,5,1
Karmagoodttv,stormrage,480,rogue,subtlety,6,5,1
Revenantss,moon-guard,480,rogue,subtlety,6,5,1
Ghoarie,sargeras,480,rogue,subtlety,6,5,1
Alathir,tichondrius,480,rogue,subtlety,6,5,1
Natalya,stormreaver,480,rogue,subtlety,6,5,1
Sícarii,emerald-dream,480,rogue,subtlety,6,5,1
Nuhiva,tichondrius,480,rogue,subtlety,9,6,3
Twnice,tichondrius,480,rogue,subtlety,12,5,7
Söda,emerald-dream,480,rogue,subtlety,12,5,7
Moonvertz,barthilas,480,rogue,subtlety,12,5,7
Phyzzi,kargath,480,rogue,subtlety,12,5,7
Killdrunk,stormrage,480,rogue,subtlety,12,5,7
Atulano,wyrmrest-accord,480,rogue,subtlety,12,5,7
Pjh,sargeras,480,rogue,subtlety,12,5,7
Liqwid,stormrage,480,rogue,subtlety,12,5,7
Tessialith,azralon,480,rogue,subtlety,12,5,7
Scrubzz,barthilas,480,rogue,subtlety,12,5,7
Multik,tichondrius,480,rogue,subtlety,12,5,7
Jon,the-venture-co,480,rogue,subtlety,12,5,7
Harasna,emerald-dream,480,rogue,subtlety,12,5,7
Aldessa,draka,480,rogue,subtlety,12,5,7
Milafortnite,tichondrius,480,rogue,subtlety,12,5,7
Chimpo,ravencrest,480,rogue,subtlety,12,5,7
Ricosap,frostmourne,480,rogue,subtlety,12,5,7
Isonlydosex,tichondrius,480,rogue,subtlety,12,5,7
Shizz,tichondrius,480,rogue,subtlety,12,5,7
Defthands,tichondrius,480,rogue,subtlety,12,5,7
Wooluncle,tichondrius,480,rogue,subtlety,12,5,7
Caras,tichondrius,480,rogue,subtlety,12,5,7
Mitra,eredar,480,rogue,subtlety,12,5,7
Blakezillax,tichondrius,480,rogue,subtlety,12,5,7
Minimumwage,bleeding-hollow,480,rogue,subtlety,12,5,7
Blinky,blades-edge,480,rogue,subtlety,12,5,7
Uni,khadgar,480,rogue,subtlety,12,5,7
Kløud,uther,480,rogue,subtlety,12,5,7
Pwnsauce,frostmourne,480,rogue,subtlety,12,5,7
Snewdaddy,malganis,480,rogue,subtlety,12,5,7
Letsparty,malganis,480,rogue,subtlety,12,5,7
Raidei,elune,480,rogue,subtlety,12,5,7
Henya,magtheridon,480,rogue,subtlety,12,5,7
Ghosted,thrall,480,rogue,subtlety,12,5,7
Monkeykongr,lightnings-blade,480,rogue,subtlety,12,5,7
Drunknchaos,bleeding-hollow,480,rogue,subtlety,12,5,7
Mikènuttz,sargeras,480,rogue,subtlety,12,5,7
Arsènè,whisperwind,480,rogue,subtlety,13,5,8
Faelanna,stormrage,480,rogue,subtlety,13,5,8
Greyleywin,azralon,480,rogue,subtlety,18,5,13
Psychostabby,tichondrius,480,rogue,subtlety,18,5,13
Shadonas,maelstrom,480,rogue,subtlety,18,5,13
Zitihait,amanthul,479,rogue,subtlety,6,5,1
Qlog,tichondrius,479,rogue,subtlety,12,5,7
Luoan,emerald-dream,479,rogue,subtlety,12,5,7
Minato,eredar,479,rogue,subtlety,12,5,7
Crypblade,sargeras,479,rogue,subtlety,12,5,7
Deathbeacøn,sargeras,479,rogue,subtlety,12,5,7
Toodlles,stormrage,479,rogue,subtlety,12,5,7
Catoline,bleeding-hollow,479,rogue,subtlety,12,5,7
Wrekstun,area-52,479,rogue,subtlety,18,5,13
Corchô,moon-guard,479,rogue,subtlety,18,5,13
Kekdasneak,dragonmaw,479,rogue,subtlety,18,5,13
Killerupdown,muradin,479,rogue,subtlety,18,5,13
Abdullahh,tichondrius,478,rogue,subtlety,12,5,7
Falra,wyrmrest-accord,478,rogue,subtlety,18,5,13
Muffens,alterac-mountains,476,rogue,subtlety,12,5,7
Liamoz,amanthul,475,rogue,subtlety,12,5,7
Treeless,wyrmrest-accord,475,rogue,subtlety,12,5,7
Murdistino,tichondrius,472,rogue,subtlety,12,5,7
Fingolfin,terenas,447,rogue,subtlety,11,5,6
Anbuartist,dalaran,447,rogue,subtlety,11,5,6
Backtoch,sargeras,447,rogue,subtlety,11,5,6
Notlim,azralon,432,rogue,subtlety,15,5,10
Pangppy,tichondrius,431,rogue,subtlety,11,5,6
Akhila,stormrage,431,rogue,subtlety,11,5,6
Sketchyweas,sargeras,426,rogue,subtlety,14,6,8
Picaropanda,quelthalas,425,rogue,subtlety,22,6,16
Mdrogue,sargeras,416,rogue,subtlety,10,5,5
Cayladin,tichondrius,416,rogue,subtlety,10,5,5
Luriél,stormrage,415,rogue,subtlety,10,5,5
Djsyn,bleeding-hollow,384,rogue,subtlety,6,4,2
Ppdx,malganis,384,rogue,subtlety,6,4,2
Dycrons,lightbringer,384,rogue,subtlety,6,4,2
Subgodx,stormrage,384,rogue,subtlety,6,4,2
Sapntapx,malganis,384,rogue,subtlety,6,4,2
Emvee,kelthuzad,384,rogue,subtlety,6,4,2
Exacerbatê,mannoroth,384,rogue,subtlety,6,4,2
Bilbobagginz,malganis,384,rogue,subtlety,6,4,2
Fortie,moon-guard,384,rogue,subtlety,6,4,2
Coldkill,bleeding-hollow,384,rogue,subtlety,6,4,2
Sinary,cenarion-circle,384,rogue,subtlety,6,4,2
Kilerhid,quelthalas,384,rogue,subtlety,6,4,2
Deadopps,stormrage,384,rogue,subtlety,6,4,2
Suggmadi,stormrage,384,rogue,subtlety,6,4,2
Invokesap,area-52,384,rogue,subtlety,6,4,2
Prepcoin,malganis,384,rogue,subtlety,6,4,2
Bobbyflay,velen,384,rogue,subtlety,6,4,2
Chauva,zuljin,384,rogue,subtlety,6,4,2
Zhuodouqiaga,tichondrius,384,rogue,subtlety,6,4,2
Steeldiesel,sargeras,384,rogue,subtlety,6,4,2
Unoshade,illidan,384,rogue,subtlety,6,4,2
Bootimus,illidan,384,rogue,subtlety,6,4,2
Foreverioi,tichondrius,384,rogue,subtlety,6,4,2
Dåve,tichondrius,384,rogue,subtlety,6,4,2
Abssall,tichondrius,384,rogue,subtlety,6,4,2
Wrldstars,illidan,384,rogue,subtlety,6,4,2
Malgoria,tichondrius,384,rogue,subtlety,6,4,2
Memnõch,emerald-dream,384,rogue,subtlety,6,4,2
Hawwtkunnk,emerald-dream,384,rogue,subtlety,6,4,2
Altaureen,thrall,384,rogue,subtlety,6,4,2
Deejey,frostmourne,384,rogue,subtlety,6,4,2
Evasionx,tichondrius,384,rogue,subtlety,6,4,2
Nichala,tichondrius,384,rogue,subtlety,6,4,2
Donpeon,hellscream,384,rogue,subtlety,6,4,2
Loria,cenarion-circle,384,rogue,subtlety,9,5,4
Jasam,daggerspine,384,rogue,subtlety,9,5,4
Morpheûs,tichondrius,384,rogue,subtlety,12,4,8
Pumpp,dentarg,384,rogue,subtlety,12,4,8
Zzffqsm,tichondrius,384,rogue,subtlety,12,4,8
Nevermoon,gallywix,384,rogue,subtlety,12,4,8
Xalsathoth,sargeras,384,rogue,subtlety,12,4,8
Smolblade,nordrassil,384,rogue,subtlety,12,4,8
Flankks,sargeras,384,rogue,subtlety,12,4,8
Saberbane,tichondrius,384,rogue,subtlety,12,4,8
Restinpeacex,bleeding-hollow,384,rogue,subtlety,12,4,8
Freshcakes,darkspear,384,rogue,subtlety,12,4,8
Zôliath,tichondrius,384,rogue,subtlety,12,4,8
Tàlion,emerald-dream,384,rogue,subtlety,12,4,8
Tòúka,stormrage,384,rogue,subtlety,12,4,8
Seerenai,moon-guard,384,rogue,subtlety,12,4,8
Seutobinhaa,stormrage,384,rogue,subtlety,12,4,8
Roguish,kiljaeden,384,rogue,subtlety,12,4,8
Lazaruslong,stormrage,384,rogue,subtlety,12,4,8
Mãtthew,tichondrius,384,rogue,subtlety,12,4,8
Muggzy,emerald-dream,384,rogue,subtlety,12,4,8
Blackstabyth,thrall,384,rogue,subtlety,12,4,8
Miamiganster,lothar,384,rogue,subtlety,12,4,8
Tomas,bloodscalp,384,rogue,subtlety,12,4,8
Elishadowed,proudmoore,384,rogue,subtlety,12,4,8
Dions,ragnaros,384,rogue,subtlety,12,4,8
Woodsapdat,sargeras,384,rogue,subtlety,12,4,8
Lolgoturbase,hyjal,384,rogue,subtlety,12,4,8
Hoodiesneaks,stormrage,384,rogue,subtlety,14,4,10
Asneakyfox,thunderlord,384,rogue,subtlety,30,4,26
Schnozz,lightbringer,383,rogue,subtlety,6,4,2
Freego,quelthalas,383,rogue,subtlety,6,4,2
Suffêr,dalaran,383,rogue,subtlety,6,4,2
Morphina,gilneas,383,rogue,subtlety,6,4,2
Gentlesaop,blackrock,383,rogue,subtlety,6,4,2
Superhattie,tichondrius,383,rogue,subtlety,12,4,8
Swisha,dathremar,383,rogue,subtlety,12,4,8
Hènnéssy,frostmourne,383,rogue,subtlety,12,4,8
Betrayerz,darkspear,383,rogue,subtlety,12,4,8
Ràinê,dalaran,383,rogue,subtlety,12,4,8
Pro,burning-legion,383,rogue,subtlety,12,4,8
Majimae,sargeras,383,rogue,subtlety,12,4,8
Blindedu,dalaran,383,rogue,subtlety,12,4,8
Toxiccarnage,ghostlands,383,rogue,subtlety,14,4,10
Medalist,darkspear,383,rogue,subtlety,18,4,14
Shadowpunx,nemesis,382,rogue,subtlety,6,4,2
Raylo,blackhand,382,rogue,subtlety,6,4,2
Knife,moon-guard,381,rogue,subtlety,12,4,8
Jjp,tichondrius,367,rogue,subtlety,11,4,7
Zaozaa,frostmourne,351,rogue,subtlety,8,5,3
Sinice,draka,351,rogue,subtlety,8,5,3
Samuraii,zuljin,335,rogue,subtlety,11,4,7
Idsapdat,illidan,330,rogue,subtlety,9,6,3
Earkeeper,wildhammer,330,rogue,subtlety,8,5,3
Peeryl,daggerspine,327,rogue,subtlety,15,5,10
Rawdawged,illidan,320,rogue,subtlety,16,4,12
Grima,azralon,319,rogue,subtlety,14,4,10
Siyerogue,illidan,288,rogue,subtlety,6,3,3
Seanr,stormrage,288,rogue,subtlety,6,3,3
Cbdoil,proudmoore,288,rogue,subtlety,6,3,3
Wikkihx,emerald-dream,288,rogue,subtlety,6,3,3
Tonjuras,uther,288,rogue,subtlety,6,3,3
Gongarn,thrall,288,rogue,subtlety,6,3,3
Ralæriel,wyrmrest-accord,288,rogue,subtlety,6,3,3
Castsequence,khaz-modan,288,rogue,subtlety,6,3,3
Cron,arygos,288,rogue,subtlety,6,3,3
Mondeaux,moon-guard,288,rogue,subtlety,6,3,3
Garnoghan,stormrage,288,rogue,subtlety,6,3,3
Xaander,nazjatar,288,rogue,subtlety,6,3,3
Metalz,exodar,288,rogue,subtlety,6,3,3
Favès,thrall,288,rogue,subtlety,6,3,3
Slilsp,sargeras,288,rogue,subtlety,6,3,3
Privz,sargeras,288,rogue,subtlety,6,3,3
Driizzel,sargeras,288,rogue,subtlety,6,3,3
Støné,azjolnerub,288,rogue,subtlety,6,3,3
Jackcurtis,kelthuzad,288,rogue,subtlety,6,3,3
Creayuncle,area-52,288,rogue,subtlety,6,3,3
Hemorrhages,tichondrius,288,rogue,subtlety,6,3,3
Junemylove,tichondrius,288,rogue,subtlety,6,3,3
Dìngapoof,tichondrius,288,rogue,subtlety,6,3,3
Trainhealers,tichondrius,288,rogue,subtlety,6,3,3
Compadrer,area-52,288,rogue,subtlety,6,3,3
Ascherx,illidan,288,rogue,subtlety,6,3,3
Bøbinette,sargeras,288,rogue,subtlety,6,3,3
Invkill,azralon,288,rogue,subtlety,6,3,3
Flavored,bloodhoof,288,rogue,subtlety,6,3,3
Vellkann,azralon,288,rogue,subtlety,6,3,3
Demìurge,tichondrius,288,rogue,subtlety,6,3,3
Etyop,azralon,288,rogue,subtlety,6,3,3
Ghyile,stormreaver,288,rogue,subtlety,6,3,3
Gotkick,stormrage,288,rogue,subtlety,6,3,3
Antijax,stormrage,288,rogue,subtlety,6,3,3
Dödoubleg,stormrage,288,rogue,subtlety,6,3,3
Gåñðøñ,stormscale,288,rogue,subtlety,6,3,3
Oj,frostmourne,288,rogue,subtlety,6,3,3
Shaisty,malganis,288,rogue,subtlety,6,3,3
Bledstepelin,frostmourne,288,rogue,subtlety,6,3,3
Screwzx,tichondrius,288,rogue,subtlety,6,3,3
Sinfate,bleeding-hollow,288,rogue,subtlety,6,3,3
Haeqn,azralon,288,rogue,subtlety,6,3,3
Zarrth,malganis,288,rogue,subtlety,6,3,3
Thargal,tichondrius,288,rogue,subtlety,6,3,3
Valaq,tichondrius,288,rogue,subtlety,6,3,3
Bumboklaat,bleeding-hollow,288,rogue,subtlety,6,3,3
Thoxic,barthilas,288,rogue,subtlety,6,3,3
Woundzx,tichondrius,288,rogue,subtlety,6,3,3
Sharmoc,ragnaros,288,rogue,subtlety,6,3,3
Snackable,tichondrius,288,rogue,subtlety,6,3,3
Shadowreapz,barthilas,288,rogue,subtlety,6,3,3
Schneric,stormrage,288,rogue,subtlety,6,3,3
Reverel,tichondrius,288,rogue,subtlety,6,3,3
Horyx,zuljin,288,rogue,subtlety,6,3,3
Amatoxin,tichondrius,288,rogue,subtlety,6,3,3
Hassanssin,area-52,288,rogue,subtlety,6,3,3
Microcore,sargeras,288,rogue,subtlety,6,3,3
Luolan,kargath,288,rogue,subtlety,6,3,3
Maliora,area-52,288,rogue,subtlety,6,3,3
Taraminkadot,sargeras,288,rogue,subtlety,9,4,5
Siniel,scarlet-crusade,288,rogue,subtlety,9,4,5
Ünaru,sargeras,288,rogue,subtlety,7,3,4
ßutthead,malganis,288,rogue,subtlety,7,3,4
Tigbits,frostmourne,288,rogue,subtlety,15,4,11
Nikkî,hyjal,288,rogue,subtlety,12,3,9
Zeetwntyeght,stormrage,288,rogue,subtlety,12,3,9
Roguechamp,aggramar,288,rogue,subtlety,12,3,9
Yamillpgk,ragnaros,288,rogue,subtlety,12,3,9
Wrekage,emerald-dream,288,rogue,subtlety,12,3,9
Bumpamoose,aggramar,288,rogue,subtlety,12,3,9
Eaxlol,sargeras,288,rogue,subtlety,12,3,9
Veatrix,zuljin,288,rogue,subtlety,12,3,9
Imbe,nagrand,288,rogue,subtlety,12,3,9
Yülia,skywall,288,rogue,subtlety,12,3,9
Woboi,area-52,288,rogue,subtlety,12,3,9
Hogstradamus,malganis,288,rogue,subtlety,12,3,9
Karing,onyxia,288,rogue,subtlety,12,3,9
Terala,perenolde,288,rogue,subtlety,12,3,9
Yottsu,proudmoore,288,rogue,subtlety,12,3,9
Lemíly,emerald-dream,288,rogue,subtlety,12,3,9
Miloandotis,malganis,288,rogue,subtlety,12,3,9
Palla,tichondrius,288,rogue,subtlety,12,3,9
Grinz,sargeras,288,rogue,subtlety,12,3,9
Penguineater,tichondrius,288,rogue,subtlety,12,3,9
Crucifur,anvilmar,288,rogue,subtlety,12,3,9
Foofz,kelthuzad,288,rogue,subtlety,12,3,9
Rovvo,queldorei,288,rogue,subtlety,18,3,15
Strôbéy,tichondrius,288,rogue,subtlety,18,3,15
Xsneakski,jubeithos,287,rogue,subtlety,6,3,3
Framsteg,kelthuzad,287,rogue,subtlety,6,3,3
Bajeebus,azshara,287,rogue,subtlety,6,3,3
Urukzog,ragnaros,287,rogue,subtlety,6,3,3
Bromen,ragnaros,287,rogue,subtlety,12,3,9
Heserth,ragnaros,287,rogue,subtlety,12,3,9
Namiic,thrall,287,rogue,subtlety,12,3,9
Minnicent,amanthul,287,rogue,subtlety,18,3,15
Teach,illidan,287,rogue,subtlety,18,3,15
Aycaramba,skywall,286,rogue,subtlety,6,3,3
Sodomh,aegwynn,286,rogue,subtlety,6,3,3
Cerebrian,malygos,286,rogue,subtlety,6,3,3
Tareduwu,area-52,286,rogue,subtlety,18,3,15
Soultakerr,whisperwind,271,rogue,subtlety,17,3,14
Wickedstuns,malganis,271,rogue,subtlety,17,3,14
Wulfcrest,moon-guard,239,rogue,subtlety,5,3,2
Uncleblinker,proudmoore,239,rogue,subtlety,5,3,2
Youngdraco,tichondrius,239,rogue,subtlety,5,3,2
Reportlowdps,tichondrius,239,rogue,subtlety,5,3,2
Radagon,fenris,234,rogue,subtlety,9,4,5
Twinkasz,nemesis,234,rogue,subtlety,16,5,11
Sappedwap,thrall,192,rogue,subtlety,4,3,1
Zerø,barthilas,192,rogue,subtlety,6,2,4
Letsgobranon,sargeras,192,rogue,subtlety,6,2,4
Yourhomieaj,tichondrius,192,rogue,subtlety,6,2,4
Baßyøða,stormrage,192,rogue,subtlety,6,2,4
Buddymelon,thrall,192,rogue,subtlety,6,2,4
Chuckydoll,sargeras,192,rogue,subtlety,6,2,4
Sathrion,zuljin,192,rogue,subtlety,6,2,4
Sneakyt,shadow-council,192,rogue,subtlety,6,2,4
Runescape,frostmourne,192,rogue,subtlety,6,2,4
Sizak,kelthuzad,192,rogue,subtlety,6,2,4
Lacero,bonechewer,192,rogue,subtlety,6,2,4
Rujkah,archimonde,192,rogue,subtlety,6,2,4
Reflexiv,malganis,192,rogue,subtlety,6,2,4
Icantsleep,tichondrius,192,rogue,subtlety,6,2,4
Badonka,aggramar,192,rogue,subtlety,6,2,4
Nubes,illidan,192,rogue,subtlety,6,2,4
Indicadeath,stormrage,192,rogue,subtlety,6,2,4
Wyyre,hyjal,192,rogue,subtlety,6,2,4
Wètdream,sargeras,192,rogue,subtlety,6,2,4
Stateless,kelthuzad,192,rogue,subtlety,6,2,4
Meadview,bleeding-hollow,192,rogue,subtlety,6,2,4
Lennysnephew,tichondrius,192,rogue,subtlety,6,2,4
Åaron,thrall,192,rogue,subtlety,6,2,4
Aoki,tichondrius,192,rogue,subtlety,6,2,4
Gnoescape,burning-legion,192,rogue,subtlety,6,2,4
Jâm,nerzhul,192,rogue,subtlety,6,2,4
Pgo,tichondrius,192,rogue,subtlety,6,2,4
Xyltann,bleeding-hollow,192,rogue,subtlety,6,2,4
Shadowstryfe,tichondrius,192,rogue,subtlety,6,2,4
Brustent,icecrown,192,rogue,subtlety,6,2,4
Cincyhirou,exodar,192,rogue,subtlety,6,2,4
Joegamer,sargeras,192,rogue,subtlety,6,2,4
Pootymunchin,daggerspine,192,rogue,subtlety,6,2,4
Coolswag,tichondrius,192,rogue,subtlety,6,2,4
Tizzyb,bleeding-hollow,192,rogue,subtlety,6,2,4
Anímosity,darkspear,192,rogue,subtlety,6,2,4
Gladlol,stormrage,192,rogue,subtlety,6,2,4
Gannet,spirestone,192,rogue,subtlety,6,2,4
Pixils,bleeding-hollow,192,rogue,subtlety,6,2,4
Grue,gundrak,192,rogue,subtlety,6,2,4
Coalie,tichondrius,192,rogue,subtlety,6,2,4
Pizzarollplz,kelthuzad,192,rogue,subtlety,6,2,4
Shankmcganks,chogall,192,rogue,subtlety,6,2,4
Orteker,tichondrius,192,rogue,subtlety,6,2,4
Ërëbus,greymane,192,rogue,subtlety,6,2,4
Kami,kelthuzad,192,rogue,subtlety,6,2,4
Lmorningstar,altar-of-storms,192,rogue,subtlety,6,2,4
Elvesnknives,stormrage,192,rogue,subtlety,6,2,4
Draef,illidan,192,rogue,subtlety,6,2,4
Bruitzyttv,barthilas,192,rogue,subtlety,6,2,4
Ladelmono,tichondrius,192,rogue,subtlety,6,2,4
Lenik,azuremyst,192,rogue,subtlety,6,2,4
Happyunhappy,illidan,192,rogue,subtlety,6,2,4
Skorsh,wyrmrest-accord,192,rogue,subtlety,6,2,4
Taliwis,burning-blade,192,rogue,subtlety,6,2,4
Chêckmatê,darkspear,192,rogue,subtlety,6,2,4
Teribád,area-52,192,rogue,subtlety,6,2,4
Lapuamagnum,illidan,192,rogue,subtlety,6,2,4
Bambooßobby,area-52,192,rogue,subtlety,6,2,4
Jeezy,shadowmoon,192,rogue,subtlety,6,2,4
Surplus,stormscale,192,rogue,subtlety,6,2,4
Tleary,tichondrius,192,rogue,subtlety,6,2,4
Slycndice,tortheldrin,192,rogue,subtlety,6,2,4
Swingonya,stormrage,192,rogue,subtlety,6,2,4
Smertin,area-52,192,rogue,subtlety,6,2,4
Terrorstrike,tichondrius,192,rogue,subtlety,6,2,4
Tothegravetv,sargeras,192,rogue,subtlety,6,2,4
Gertrix,darkspear,192,rogue,subtlety,6,2,4
Smakkey,tichondrius,192,rogue,subtlety,6,2,4
Usapped,tichondrius,192,rogue,subtlety,6,2,4
Slíçk,tichondrius,192,rogue,subtlety,6,2,4
Zzu,azralon,192,rogue,subtlety,6,2,4
Rehze,area-52,192,rogue,subtlety,6,2,4
Toomuchcap,aggramar,192,rogue,subtlety,6,2,4
Rogsky,tichondrius,192,rogue,subtlety,6,2,4
Gzl,frostmourne,192,rogue,subtlety,6,2,4
Bloodhounder,illidan,192,rogue,subtlety,6,2,4
Macklittle,area-52,192,rogue,subtlety,6,2,4
Tìlt,whisperwind,192,rogue,subtlety,6,2,4
Jsnlol,zuljin,192,rogue,subtlety,6,2,4
Dillwilly,moon-guard,192,rogue,subtlety,6,2,4
Pilurfs,thrall,192,rogue,subtlety,6,2,4
Shadowmagikk,sargeras,192,rogue,subtlety,6,2,4
Opwanshinobi,azralon,192,rogue,subtlety,6,2,4
Spèèd,proudmoore,192,rogue,subtlety,6,2,4
Exwhite,proudmoore,192,rogue,subtlety,6,2,4
ßroke,emerald-dream,192,rogue,subtlety,6,2,4
Rhayu,emerald-dream,192,rogue,subtlety,6,2,4
Bâerâ,bloodscalp,192,rogue,subtlety,8,2,6
Xenitech,bleeding-hollow,192,rogue,subtlety,8,2,6
Ezmate,frostmourne,192,rogue,subtlety,12,2,10
Myhandisfull,tichondrius,192,rogue,subtlety,12,2,10
Pouet,caelestrasz,192,rogue,subtlety,12,2,10
Ghostdragons,tichondrius,192,rogue,subtlety,12,2,10
Diabsoule,amanthul,192,rogue,subtlety,12,2,10
Mitchrogue,barthilas,192,rogue,subtlety,12,2,10
Kestor,barthilas,192,rogue,subtlety,12,2,10
Roguessy,dalaran,192,rogue,subtlety,12,2,10
Onulyo,tichondrius,192,rogue,subtlety,12,2,10
Jashyy,tichondrius,192,rogue,subtlety,12,2,10
Rogmin,tichondrius,192,rogue,subtlety,12,2,10
Flèè,illidan,192,rogue,subtlety,12,2,10
Nigthdead,nemesis,192,rogue,subtlety,12,2,10
Soupline,area-52,192,rogue,subtlety,12,2,10
Noxîc,zuljin,192,rogue,subtlety,12,2,10
Souporcereal,aegwynn,192,rogue,subtlety,12,2,10
Brickjohnson,illidan,192,rogue,subtlety,12,2,10
Zeriek,stormrage,192,rogue,subtlety,12,2,10
Krius,blood-furnace,192,rogue,subtlety,12,2,10
Xô,lothar,192,rogue,subtlety,12,2,10
Zabava,malganis,192,rogue,subtlety,12,2,10
Barmiah,stormrage,192,rogue,subtlety,12,2,10
Vitalz,bloodscalp,191,rogue,subtlety,6,2,4
Lancarlorïus,ragnaros,191,rogue,subtlety,6,2,4
Rascallion,tichondrius,191,rogue,subtlety,6,2,4
Mccarter,bonechewer,191,rogue,subtlety,12,2,10
Sheiv,shadow-council,190,rogue,subtlety,5,3,2
Rotbreath,bleeding-hollow,175,rogue,subtlety,11,2,9
Koobbo,tichondrius,159,rogue,subtlety,5,2,3
Khrezin,stonemaul,159,rogue,subtlety,5,2,3
Fouzz,stormrage,159,rogue,subtlety,5,2,3
Opensap,tichondrius,159,rogue,subtlety,5,2,3
Eliasael,moon-guard,159,rogue,subtlety,5,2,3
Ganksterqt,dentarg,138,rogue,subtlety,10,3,7
Uhtrred,ragnaros,137,rogue,subtlety,10,3,7
Uchihà,sargeras,134,rogue,subtlety,17,3,14
Fadedx,darkspear,128,rogue,subtlety,4,2,2
Earthinhorn,frostmourne,127,rogue,subtlety,8,2,6
Swickwockdus,azralon,112,rogue,subtlety,7,2,5
Lásko,area-52,96,rogue,subtlety,3,2,1
Crÿptø,azralon,96,rogue,subtlety,6,1,5
Anadrol,sargeras,96,rogue,subtlety,6,1,5
Grindaicha,dentarg,96,rogue,subtlety,6,1,5
Ironrod,shadowmoon,96,rogue,subtlety,6,1,5
Originkorean,terenas,96,rogue,subtlety,6,1,5
Ghostyd,tichondrius,96,rogue,subtlety,6,1,5
Spöke,dalvengyr,96,rogue,subtlety,6,1,5
Illidin,executus,96,rogue,subtlety,6,1,5
Anistreya,wyrmrest-accord,96,rogue,subtlety,6,1,5
Dabrat,frostwolf,96,rogue,subtlety,6,1,5
Rolomon,tichondrius,96,rogue,subtlety,6,1,5
Onetwostep,tichondrius,96,rogue,subtlety,6,1,5
Borre,kiljaeden,96,rogue,subtlety,6,1,5
Steffmaister,tichondrius,96,rogue,subtlety,6,1,5
Macc,khazgoroth,96,rogue,subtlety,6,1,5
Twinkrogue,firetree,96,rogue,subtlety,6,1,5
Valekk,stormscale,96,rogue,subtlety,6,1,5
Heimlichkeit,tichondrius,96,rogue,subtlety,6,1,5
Bloodbrawl,caelestrasz,96,rogue,subtlety,6,1,5
Deepcutz,barthilas,96,rogue,subtlety,6,1,5
Dragosha,antonidas,96,rogue,subtlety,6,1,5
Bigcolumn,tichondrius,96,rogue,subtlety,6,1,5
Quackerjacks,lightnings-blade,96,rogue,subtlety,6,1,5
Vivas,dalaran,96,rogue,subtlety,6,1,5
Whaazz,tichondrius,96,rogue,subtlety,6,1,5
Docheatt,dalaran,96,rogue,subtlety,6,1,5
Wabi,tichondrius,96,rogue,subtlety,6,1,5
Satanicrizz,tichondrius,96,rogue,subtlety,6,1,5
Cotuffa,drakkari,96,rogue,subtlety,6,1,5
Kidneyisntop,illidan,96,rogue,subtlety,6,1,5
Nargonis,illidan,96,rogue,subtlety,6,1,5
Lawyergamer,bonechewer,96,rogue,subtlety,6,1,5
Robomom,illidan,96,rogue,subtlety,6,1,5
Mídnìght,aegwynn,96,rogue,subtlety,6,1,5
Reurog,garrosh,96,rogue,subtlety,6,1,5
Sawred,bonechewer,96,rogue,subtlety,6,1,5
Jokerr,proudmoore,96,rogue,subtlety,6,1,5
Yoodoo,nemesis,96,rogue,subtlety,6,1,5
Wrin,sargeras,96,rogue,subtlety,6,1,5
Rooster,muradin,96,rogue,subtlety,6,1,5
Dnb,warsong,96,rogue,subtlety,6,1,5
Bloodyblades,blackhand,96,rogue,subtlety,6,1,5
Aenaesx,malygos,96,rogue,subtlety,6,1,5
Kizakuo,moon-guard,96,rogue,subtlety,6,1,5
Skinnymayne,laughing-skull,96,rogue,subtlety,6,1,5
Meatballjr,frostmane,96,rogue,subtlety,6,1,5
Cytôn,bleeding-hollow,96,rogue,subtlety,6,1,5
Dagarah,quelthalas,96,rogue,subtlety,6,1,5
Nevatell,malganis,96,rogue,subtlety,6,1,5
Aitreena,stormrage,96,rogue,subtlety,6,1,5
Eimr,stormrage,96,rogue,subtlety,6,1,5
Mikea,stormrage,96,rogue,subtlety,6,1,5
Páige,ragnaros,96,rogue,subtlety,6,1,5
Patey,malganis,96,rogue,subtlety,6,1,5
Mintirogue,sargeras,96,rogue,subtlety,6,1,5
Sapstick,kiljaeden,96,rogue,subtlety,6,1,5
Sighzy,sargeras,96,rogue,subtlety,6,1,5
Akilesx,quelthalas,96,rogue,subtlety,6,1,5
Adysius,malganis,96,rogue,subtlety,6,1,5
Thottie,bleeding-hollow,96,rogue,subtlety,6,1,5
Treasy,malganis,96,rogue,subtlety,6,1,5
Bonizzi,stormrage,96,rogue,subtlety,6,1,5
Frootylol,stormrage,96,rogue,subtlety,6,1,5
Toxína,quelthalas,96,rogue,subtlety,6,1,5
Caalo,quelthalas,96,rogue,subtlety,6,1,5
Slobernocker,stormrage,96,rogue,subtlety,6,1,5
Jowelyrandy,drakkari,96,rogue,subtlety,7,1,6
Bleedszfreak,illidan,96,rogue,subtlety,12,1,11
Flelfo,quelthalas,96,rogue,subtlety,12,1,11
Wildtrick,greymane,96,rogue,subtlety,12,1,11
Minkys,azralon,79,rogue,subtlety,5,1,4
Vùdõõ,area-52,64,rogue,subtlety,4,1,3
Drpibb,ghostlands,63,rogue,subtlety,2,2,0
Swøøpy,stormrage,48,rogue,subtlety,3,1,2
Rocanról,quelthalas,42,rogue,subtlety,6,2,4
Thenelis,dalaran,42,rogue,subtlety,11,2,9
Archazx,sargeras,42,rogue,subtlety,12,2,10
Demonioverde,ragnaros,31,rogue,subtlety,2,1,1
Traumashears,proudmoore,31,rogue,subtlety,2,1,1
Betakong,quelthalas,31,rogue,subtlety,2,1,1
Mirrorx,tichondrius,2229,rogue,assassination,174,90,84
Zarkk,kelthuzad,2162,rogue,assassination,245,122,123
Sllabymkcus,sargeras,2126,rogue,assassination,72,37,35
Larmx,tichondrius,2111,rogue,assassination,78,40,38
Xiaochulol,tichondrius,2097,rogue,assassination,96,51,45
Ånko,tichondrius,2033,rogue,assassination,113,53,60
Snortedgfuel,drenden,2014,rogue,assassination,77,38,39
Sinepymkcus,illidan,1991,rogue,assassination,96,44,52
Alethal,tichondrius,1972,rogue,assassination,90,48,42
Niarzz,tichondrius,1870,rogue,assassination,104,62,42
Lemon,arygos,1851,rogue,assassination,47,20,27
Poonanixo,frostmourne,1846,rogue,assassination,78,38,40
Alterfate,wyrmrest-accord,1839,rogue,assassination,66,33,33
Feinting,moon-guard,1839,rogue,assassination,76,35,41
Jon,the-venture-co,1838,rogue,assassination,54,27,27
Sio,bleeding-hollow,1837,rogue,assassination,60,30,30
Köfy,quelthalas,1835,rogue,assassination,81,39,42
Ajúmma,tichondrius,1831,rogue,assassination,57,23,34
Jjp,tichondrius,1827,rogue,assassination,65,33,32
Beaconlight,tichondrius,1808,rogue,assassination,77,31,46
Relän,ragnaros,1805,rogue,assassination,59,33,26
Sairak,tichondrius,1804,rogue,assassination,101,49,52
Plumblossomx,tichondrius,1803,rogue,assassination,54,24,30
Viicky,ghostlands,1800,rogue,assassination,78,37,41
Peepoclown,illidan,1782,rogue,assassination,46,23,23
Thargal,tichondrius,1774,rogue,assassination,71,38,33
Omnìslash,area-52,1765,rogue,assassination,38,23,15
Slickyo,malganis,1762,rogue,assassination,36,22,14
Bloodlessftw,azralon,1756,rogue,assassination,105,47,58
Raj,blood-furnace,1754,rogue,assassination,60,26,34
Stealthdeath,quelthalas,1728,rogue,assassination,42,24,18
Ybby,tichondrius,1714,rogue,assassination,68,34,34
Bellamor,tichondrius,1711,rogue,assassination,114,66,48
Impkasn,tichondrius,1710,rogue,assassination,84,33,51
Pkkrevolt,archimonde,1704,rogue,assassination,99,50,49
Bukaboo,tichondrius,1701,rogue,assassination,54,40,14
Katmira,tichondrius,1699,rogue,assassination,72,30,42
Doraz,tichondrius,1694,rogue,assassination,126,65,61
Cutercarver,proudmoore,1693,rogue,assassination,111,52,59
Lunatixz,emerald-dream,1692,rogue,assassination,53,26,27
Vmoney,draenor,1685,rogue,assassination,30,18,12
Ymxxlolz,tichondrius,1685,rogue,assassination,42,23,19
Inaniss,tichondrius,1678,rogue,assassination,56,30,26
Vél,blackrock,1674,rogue,assassination,42,22,20
Whooxx,khazgoroth,1673,rogue,assassination,66,29,37
Johnnycryp,barthilas,1652,rogue,assassination,53,27,26
Bellicoses,tichondrius,1651,rogue,assassination,155,84,71
Ivanrah,zuljin,1648,rogue,assassination,45,20,25
Riventrix,zuljin,1640,rogue,assassination,101,47,54
Shyzuku,drakkari,1640,rogue,assassination,48,21,27
Katovo,tichondrius,1638,rogue,assassination,42,25,17
Kk,dalaran,1635,rogue,assassination,52,28,24
Rapcher,illidan,1632,rogue,assassination,148,75,73
Josex,lightbringer,1632,rogue,assassination,48,20,28
Sheerlol,stormrage,1626,rogue,assassination,49,24,25
Poisonous,emerald-dream,1620,rogue,assassination,51,25,26
Quefist,sargeras,1620,rogue,assassination,74,36,38
Assassìn,moon-guard,1618,rogue,assassination,48,27,21
Ultranumb,sargeras,1618,rogue,assassination,51,27,24
Zirkir,mannoroth,1615,rogue,assassination,50,27,23
Isàputàp,tichondrius,1614,rogue,assassination,66,37,29
Vasherr,zuljin,1611,rogue,assassination,55,33,22
Sanozü,azralon,1606,rogue,assassination,54,21,33
Yenrab,illidan,1606,rogue,assassination,50,19,31
Foreverioi,tichondrius,1603,rogue,assassination,54,31,23
Elinarra,sargeras,1603,rogue,assassination,42,21,21
Nsns,drenden,1594,rogue,assassination,214,106,108
Lucidstorm,tichondrius,1593,rogue,assassination,30,17,13
Nayle,dalaran,1592,rogue,assassination,53,25,28
Seroth,tichondrius,1590,rogue,assassination,24,17,7
Sparqxx,tichondrius,1589,rogue,assassination,199,100,99
Chêckmatê,darkspear,1589,rogue,assassination,54,25,29
Olé,azralon,1589,rogue,assassination,48,21,27
Devstrike,sargeras,1587,rogue,assassination,53,25,28
Rinhon,windrunner,1585,rogue,assassination,53,25,28
Valaq,tichondrius,1583,rogue,assassination,118,59,59
Htez,frostmourne,1580,rogue,assassination,42,22,20
Xagreth,illidan,1579,rogue,assassination,40,20,20
Happyslice,stormrage,1575,rogue,assassination,39,22,17
Ãnimefãnx,moon-guard,1574,rogue,assassination,165,81,84
Notjawn,arthas,1572,rogue,assassination,178,97,81
Dairykeen,misha,1572,rogue,assassination,59,27,32
Nightdelphya,azralon,1572,rogue,assassination,48,19,29
Slapjak,dalaran,1564,rogue,assassination,56,23,33
Wxvi,tichondrius,1563,rogue,assassination,54,30,24
Ulley,sargeras,1555,rogue,assassination,56,29,27
Khrezin,stonemaul,1555,rogue,assassination,54,24,30
Miamiganster,lothar,1550,rogue,assassination,120,54,66
Hypnothot,tichondrius,1546,rogue,assassination,132,53,79
Kenyel,frostmourne,1543,rogue,assassination,90,40,50
Wujn,tichondrius,1542,rogue,assassination,179,91,88
Nhic,tichondrius,1542,rogue,assassination,57,23,34
Osuba,proudmoore,1541,rogue,assassination,98,44,54
Replayz,stormrage,1538,rogue,assassination,102,46,56
Purplechil,garrosh,1536,rogue,assassination,144,68,76
Sapmepapi,illidan,1533,rogue,assassination,30,17,13
Lyapunov,tichondrius,1532,rogue,assassination,66,30,36
Turec,illidan,1532,rogue,assassination,42,16,26
Kidneyshiv,stormrage,1531,rogue,assassination,36,20,16
Bladä,area-52,1528,rogue,assassination,64,30,34
Garrotte,tichondrius,1521,rogue,assassination,217,102,115
Skeezy,vashj,1517,rogue,assassination,66,25,41
Spikiera,silvermoon,1513,rogue,assassination,63,31,32
Tryedge,moon-guard,1512,rogue,assassination,36,19,17
Driprat,area-52,1507,rogue,assassination,30,19,11
Gyutaro,black-dragonflight,1501,rogue,assassination,312,153,159
Zeth,frostmourne,1501,rogue,assassination,93,37,56
Xilorio,skullcrusher,1496,rogue,assassination,48,24,24
Yanhuaa,illidan,1493,rogue,assassination,109,58,51
Staabzz,thrall,1493,rogue,assassination,71,29,42
Kidneyisntop,illidan,1492,rogue,assassination,36,20,16
Onetwostep,tichondrius,1492,rogue,assassination,39,17,22
Stabem,moon-guard,1487,rogue,assassination,153,82,71
Hickery,frostmourne,1487,rogue,assassination,107,47,60
Brendantko,arthas,1486,rogue,assassination,30,16,14
Kiosh,tichondrius,1485,rogue,assassination,78,36,42
Paraisbae,tichondrius,1484,rogue,assassination,42,23,19
Lcl,proudmoore,1484,rogue,assassination,273,141,132
Sizka,sargeras,1483,rogue,assassination,102,48,54
Camlaw,area-52,1477,rogue,assassination,55,26,29
Gøblìn,tichondrius,1469,rogue,assassination,91,40,51
Ezmate,frostmourne,1465,rogue,assassination,154,72,82
Smkgpvp,stormrage,1456,rogue,assassination,29,16,13
Blackmont,bleeding-hollow,1456,rogue,assassination,60,26,34
Dianiss,ragnaros,1452,rogue,assassination,30,17,13
Madge,area-52,1451,rogue,assassination,82,39,43
Shankeez,tichondrius,1437,rogue,assassination,36,17,19
Øsi,icecrown,1433,rogue,assassination,36,15,21
Cleam,darkspear,1432,rogue,assassination,36,19,17
Pirrow,moon-guard,1429,rogue,assassination,52,28,24
Leônhart,thrall,1428,rogue,assassination,54,25,29
Creamypeach,stormrage,1427,rogue,assassination,69,31,38
Lyliym,frostmourne,1405,rogue,assassination,32,16,16
Evilsanta,sargeras,1404,rogue,assassination,40,18,22
Vendëttä,quelthalas,1399,rogue,assassination,48,27,21
Playmaker,frostwolf,1396,rogue,assassination,156,82,74
Galaily,proudmoore,1387,rogue,assassination,90,44,46
Kahlx,azralon,1382,rogue,assassination,167,83,84
Itokuri,ysera,1379,rogue,assassination,42,19,23
Chakarr,stormrage,1374,rogue,assassination,32,22,10
Girio,thrall,1374,rogue,assassination,29,15,14
Páïgèvêntürã,bleeding-hollow,1367,rogue,assassination,32,15,17
Pandrogue,shadowsong,1363,rogue,assassination,53,25,28
Boonee,frostmourne,1363,rogue,assassination,71,33,38
Valråvn,bloodscalp,1359,rogue,assassination,23,15,8
Stillsol,stormrage,1357,rogue,assassination,24,16,8
Hiddencosts,proudmoore,1345,rogue,assassination,123,63,60
Wansuiye,tichondrius,1340,rogue,assassination,42,14,28
Strîkér,tichondrius,1339,rogue,assassination,31,15,16
Rîa,area-52,1339,rogue,assassination,30,14,16
Swexee,area-52,1339,rogue,assassination,60,26,34
Røgüë,malganis,1338,rogue,assassination,30,14,16
Urukzog,ragnaros,1334,rogue,assassination,60,31,29
Saiine,drenden,1333,rogue,assassination,24,14,10
Apocalipto,barthilas,1332,rogue,assassination,89,38,51
Wxva,tichondrius,1331,rogue,assassination,30,14,16
Kindasorry,illidan,1330,rogue,assassination,120,58,62
Ykvo,illidan,1322,rogue,assassination,30,14,16
Youwho,kiljaeden,1313,rogue,assassination,123,57,66
Rêdrum,illidan,1313,rogue,assassination,108,39,69
Ambushr,tichondrius,1312,rogue,assassination,24,16,8
Vimit,tichondrius,1310,rogue,assassination,66,29,37
Coquìn,proudmoore,1303,rogue,assassination,88,43,45
Powerjuicer,tichondrius,1300,rogue,assassination,66,31,35
Greenlemons,lightnings-blade,1297,rogue,assassination,54,30,24
Gorgdrake,illidan,1283,rogue,assassination,78,39,39
Timat,emerald-dream,1282,rogue,assassination,48,22,26
Aynrand,drakkari,1281,rogue,assassination,36,16,20
Keepitshadow,frostmourne,1279,rogue,assassination,89,45,44
Harlyquinn,barthilas,1279,rogue,assassination,96,48,48
Grasiel,tichondrius,1277,rogue,assassination,62,27,35
Doomcore,barthilas,1276,rogue,assassination,41,21,20
Blindfun,emerald-dream,1275,rogue,assassination,33,19,14
Torshe,sargeras,1271,rogue,assassination,24,14,10
Uxaen,tichondrius,1270,rogue,assassination,36,20,16
Morgoophh,azralon,1266,rogue,assassination,188,98,90
Keylâ,thrall,1264,rogue,assassination,62,33,29
Seengivenchy,zuljin,1262,rogue,assassination,26,14,12
Engels,quelthalas,1262,rogue,assassination,72,33,39
Ninjadoo,tichondrius,1262,rogue,assassination,68,27,41
Enyr,frostmourne,1261,rogue,assassination,85,39,46
Sinnister,queldorei,1259,rogue,assassination,47,20,27
Eliasael,moon-guard,1258,rogue,assassination,39,18,21
Lambs,blackhand,1258,rogue,assassination,35,14,21
Regios,shadowmoon,1255,rogue,assassination,71,31,40
Worlddark,quelthalas,1252,rogue,assassination,36,14,22
Lemonlemon,arygos,1247,rogue,assassination,24,13,11
Sênorita,tichondrius,1246,rogue,assassination,36,13,23
Lakeshark,stormrage,1246,rogue,assassination,36,13,23
Helecho,tichondrius,1244,rogue,assassination,30,13,17
Worm,demon-soul,1240,rogue,assassination,36,16,20
Roollz,nemesis,1240,rogue,assassination,33,14,19
Sprigzey,frostmourne,1239,rogue,assassination,24,13,11
Shninzy,senjin,1239,rogue,assassination,24,13,11
Pál,quelthalas,1239,rogue,assassination,36,17,19
Raskapashan,moon-guard,1229,rogue,assassination,36,13,23
Pst,spirestone,1227,rogue,assassination,24,14,10
Jarcus,aggramar,1225,rogue,assassination,36,13,23
Senpaifuta,proudmoore,1222,rogue,assassination,24,14,10
Kzx,illidan,1222,rogue,assassination,24,13,11
Shinobick,kelthuzad,1222,rogue,assassination,30,15,15
Depressedx,illidan,1217,rogue,assassination,24,13,11
Andreals,ragnaros,1211,rogue,assassination,24,14,10
Vannisshh,shattered-halls,1210,rogue,assassination,171,78,93
Riggie,turalyon,1202,rogue,assassination,35,17,18
Spooky,bleeding-hollow,1200,rogue,assassination,106,50,56
Dismayx,tichondrius,1198,rogue,assassination,47,20,27
Entrerí,illidan,1197,rogue,assassination,17,13,4
Zxytox,hyjal,1191,rogue,assassination,33,17,16
Stepic,illidan,1191,rogue,assassination,41,19,22
Jeshka,wyrmrest-accord,1189,rogue,assassination,42,20,22
Lórdx,illidan,1189,rogue,assassination,56,25,31
Shivsac,tichondrius,1177,rogue,assassination,31,14,17
Fakie,quelthalas,1176,rogue,assassination,37,21,16
Indivisible,thunderlord,1174,rogue,assassination,78,41,37
Xvds,tichondrius,1169,rogue,assassination,32,13,19
Mìtsuru,proudmoore,1165,rogue,assassination,36,20,16
Beedie,malganis,1153,rogue,assassination,99,46,53
Sanira,illidan,1152,rogue,assassination,21,13,8
Lycanthropì,illidan,1151,rogue,assassination,18,12,6
Peaches,akama,1151,rogue,assassination,24,12,12
Kenteenx,tichondrius,1151,rogue,assassination,30,12,18
Gùderman,tichondrius,1150,rogue,assassination,18,12,6
Kriszov,moon-guard,1149,rogue,assassination,142,71,71
Wongcha,darkspear,1149,rogue,assassination,30,12,18
Lesentixd,stormrage,1149,rogue,assassination,30,12,18
Slycndice,tortheldrin,1148,rogue,assassination,78,45,33
Odetodindel,nerzhul,1146,rogue,assassination,60,32,28
Sergioz,quelthalas,1143,rogue,assassination,54,23,31
Rodanheim,burning-blade,1137,rogue,assassination,84,40,44
Ixìa,vashj,1135,rogue,assassination,30,12,18
Theblindsap,dalaran,1132,rogue,assassination,24,12,12
Peeryl,daggerspine,1129,rogue,assassination,130,74,56
Ràinê,dalaran,1128,rogue,assassination,24,13,11
Sgnome,quelthalas,1128,rogue,assassination,30,12,18
Lakki,chromaggus,1127,rogue,assassination,30,12,18
Chingado,kaelthas,1127,rogue,assassination,46,18,28
Laotrec,nemesis,1126,rogue,assassination,24,12,12
Dothras,stormrage,1119,rogue,assassination,87,43,44
Thepitt,stormrage,1114,rogue,assassination,37,13,24
Stepper,aegwynn,1113,rogue,assassination,24,12,12
Copler,tichondrius,1110,rogue,assassination,48,17,31
Roguepvp,stormrage,1108,rogue,assassination,64,35,29
Nikhlaus,ragnaros,1107,rogue,assassination,24,13,11
Altarys,ragnaros,1103,rogue,assassination,27,15,12
Sheinnér,ragnaros,1102,rogue,assassination,31,16,15
Dysxliec,dalaran,1101,rogue,assassination,35,12,23
Esraxo,frostmourne,1100,rogue,assassination,20,13,7
Eldan,moon-guard,1093,rogue,assassination,42,13,29
Smoketoad,tichondrius,1081,rogue,assassination,30,15,15
Xhau,moon-guard,1075,rogue,assassination,69,33,36
Lilgoosie,korgath,1062,rogue,assassination,36,14,22
Osiriko,thunderlord,1061,rogue,assassination,114,61,53
Cashbigknife,area-52,1061,rogue,assassination,70,28,42
Aiden,burning-legion,1056,rogue,assassination,18,11,7
Lycanthropî,illidan,1056,rogue,assassination,24,11,13
Frez,amanthul,1056,rogue,assassination,30,11,19
Ziggee,sargeras,1055,rogue,assassination,50,25,25
Grafting,tichondrius,1055,rogue,assassination,24,11,13
Djfortníte,tichondrius,1055,rogue,assassination,24,11,13
Zipperx,tichondrius,1053,rogue,assassination,30,11,19
Stuns,azshara,1052,rogue,assassination,18,11,7
Shigoo,sargeras,1051,rogue,assassination,24,11,13
Kazzo,tichondrius,1050,rogue,assassination,18,11,7
Adrianstab,dalaran,1049,rogue,assassination,77,39,38
Hookahrogue,area-52,1049,rogue,assassination,24,11,13
Roguecity,tichondrius,1047,rogue,assassination,142,60,82
Tortador,quelthalas,1044,rogue,assassination,68,32,36
Looprevil,andorhal,1043,rogue,assassination,24,14,10
Cripstaet,spinebreaker,1029,rogue,assassination,25,12,13
Deathshadow,dethecus,1025,rogue,assassination,30,11,19
Oddblade,stormrage,1025,rogue,assassination,36,11,25
Vastørogue,azralon,1017,rogue,assassination,61,31,30
Snoopdrogado,sargeras,1010,rogue,assassination,52,27,25
Dochap,blackrock,1008,rogue,assassination,74,31,43
Daggerback,bleeding-hollow,1002,rogue,assassination,29,17,12
Elithr,nemesis,1002,rogue,assassination,24,11,13
Escape,elune,1001,rogue,assassination,30,14,16
Dabrat,frostwolf,997,rogue,assassination,66,31,35
Alkal,stormreaver,996,rogue,assassination,28,13,15
Skigskag,shadowsong,980,rogue,assassination,133,63,70
Karing,onyxia,977,rogue,assassination,22,11,11
Pegglerogue,fizzcrank,977,rogue,assassination,84,37,47
Wolgan,nemesis,975,rogue,assassination,61,30,31
Gersonq,moon-guard,965,rogue,assassination,25,13,12
Loligotyou,stormrage,962,rogue,assassination,64,20,44
Jonuts,bleeding-hollow,960,rogue,assassination,18,10,8
Lakeshark,tichondrius,960,rogue,assassination,18,10,8
Gogothirteen,kiljaeden,960,rogue,assassination,32,15,17
Dizzymoods,stormrage,960,rogue,assassination,24,10,14
Kents,tichondrius,960,rogue,assassination,24,10,14
Nikjawar,illidan,959,rogue,assassination,24,11,13
Downsix,sargeras,959,rogue,assassination,24,10,14
Effikacy,uldum,958,rogue,assassination,18,10,8
Cerut,illidan,957,rogue,assassination,18,10,8
Vindzl,azralon,957,rogue,assassination,24,10,14
Combo,norgannon,956,rogue,assassination,24,10,14
Average,burning-blade,954,rogue,assassination,27,10,17
Snuzzy,darkspear,954,rogue,assassination,36,10,26
Dockside,stormrage,953,rogue,assassination,18,10,8
Sangreale,nemesis,953,rogue,assassination,18,10,8
Arlom,daggerspine,951,rogue,assassination,18,10,8
Problemchild,rexxar,949,rogue,assassination,24,10,14
Vozzy,proudmoore,947,rogue,assassination,30,17,13
Gygáx,terenas,947,rogue,assassination,36,19,17
Xalsathoth,sargeras,946,rogue,assassination,36,10,26
Hattrìck,area-52,943,rogue,assassination,30,10,20
Skoorbals,tichondrius,938,rogue,assassination,22,11,11
Headless,dragonmaw,934,rogue,assassination,76,38,38
Velsad,sargeras,934,rogue,assassination,29,10,19
Artymesia,medivh,931,rogue,assassination,18,10,8
Atomicgoat,tichondrius,928,rogue,assassination,33,12,21
Turyx,azralon,920,rogue,assassination,78,24,54
Papadopolous,zuluhed,917,rogue,assassination,26,11,15
Endlesswaltz,zuljin,912,rogue,assassination,27,10,17
Thenelis,dalaran,897,rogue,assassination,43,10,33
Orcwarhammer,tichondrius,886,rogue,assassination,18,10,8
Criptoniø,azralon,883,rogue,assassination,28,13,15
Emrogue,ragnaros,876,rogue,assassination,30,15,15
Cjayy,bleeding-hollow,876,rogue,assassination,31,11,20
Ka,blackhand,864,rogue,assassination,12,9,3
Unlucký,sargeras,864,rogue,assassination,12,9,3
Endworldlife,stormrage,864,rogue,assassination,12,9,3
Chizza,frostmourne,864,rogue,assassination,18,10,8
Cálí,azralon,864,rogue,assassination,18,9,9
Ahjii,malganis,864,rogue,assassination,30,9,21
Entropyphi,daggerspine,863,rogue,assassination,24,9,15
Whoox,khazgoroth,863,rogue,assassination,30,9,21
Mcskipa,sargeras,862,rogue,assassination,12,9,3
Moardner,dalaran,860,rogue,assassination,84,30,54
Cox,bleeding-hollow,858,rogue,assassination,12,9,3
Ballflicker,malganis,857,rogue,assassination,30,9,21
Shumira,tichondrius,856,rogue,assassination,18,9,9
Wreatus,moon-guard,853,rogue,assassination,102,41,61
Teach,illidan,849,rogue,assassination,102,37,65
Thontz,sargeras,843,rogue,assassination,18,9,9
Lanottee,sargeras,829,rogue,assassination,17,10,7
Píxíedúst,black-dragonflight,812,rogue,assassination,34,10,24
Chersy,tichondrius,810,rogue,assassination,32,10,22
Shizunö,stormrage,806,rogue,assassination,33,10,23
Zamorant,emerald-dream,806,rogue,assassination,53,11,42
Zapersapp,malygos,803,rogue,assassination,28,10,18
Luckycrit,frostwolf,788,rogue,assassination,36,14,22
Ôñéèýèdkíñg,stormrage,768,rogue,assassination,12,8,4
Topfloorboss,illidan,768,rogue,assassination,12,8,4
Clairered,tichondrius,768,rogue,assassination,18,8,10
Snakegødx,sargeras,768,rogue,assassination,21,9,12
Atulano,wyrmrest-accord,768,rogue,assassination,24,8,16
Pike,barthilas,767,rogue,assassination,12,8,4
Exeg,tichondrius,767,rogue,assassination,12,8,4
Gøblìn,stormrage,767,rogue,assassination,15,9,6
Sagatha,bleeding-hollow,767,rogue,assassination,18,8,10
Zetéra,ragnaros,767,rogue,assassination,18,8,10
Shiddlesz,area-52,767,rogue,assassination,18,8,10
Gilbertgr,boulderfist,767,rogue,assassination,18,8,10
Darkdessoft,ragnaros,767,rogue,assassination,18,8,10
Xshadowt,ragnaros,767,rogue,assassination,24,8,16
Frëdlock,kelthuzad,767,rogue,assassination,24,8,16
Sindor,azralon,767,rogue,assassination,30,8,22
Mylovejunex,tichondrius,766,rogue,assassination,12,8,4
ßackshots,kelthuzad,766,rogue,assassination,18,8,10
Wolfsire,queldorei,766,rogue,assassination,18,8,10
Manersi,akama,764,rogue,assassination,24,8,16
Ðisappéar,ragnaros,764,rogue,assassination,33,9,24
Picaroxp,drakkari,762,rogue,assassination,12,8,4
Zropi,quelthalas,762,rogue,assassination,24,8,16
Pikacuulo,ragnaros,760,rogue,assassination,31,9,22
Núm,tichondrius,756,rogue,assassination,32,12,20
Snoor,nemesis,753,rogue,assassination,21,9,12
Killua,dalaran,752,rogue,assassination,18,8,10
Ñovä,tichondrius,750,rogue,assassination,18,8,10
Cryptixx,blades-edge,748,rogue,assassination,18,8,10
Anyiele,stormrage,747,rogue,assassination,18,8,10
Slickdude,stormrage,717,rogue,assassination,66,14,52
Cruelworld,stormrage,713,rogue,assassination,30,10,20
Snub,aerie-peak,713,rogue,assassination,28,8,20
Respia,proudmoore,705,rogue,assassination,28,10,18
Ghoulzer,tichondrius,704,rogue,assassination,10,8,2
Superharry,tichondrius,702,rogue,assassination,22,8,14
Skitsöu,tichondrius,672,rogue,assassination,12,7,5
Toxicplyer,malganis,672,rogue,assassination,12,7,5
Sotypical,area-52,672,rogue,assassination,12,7,5
Dzd,stormrage,672,rogue,assassination,12,7,5
Chriseanrock,illidan,672,rogue,assassination,12,7,5
Jaganz,stormrage,672,rogue,assassination,12,7,5
Jxxs,zuljin,672,rogue,assassination,12,7,5
Lxw,frostmourne,672,rogue,assassination,12,7,5
Mydearest,tichondrius,672,rogue,assassination,18,7,11
Nogodplsno,stormrage,672,rogue,assassination,18,7,11
Elwynë,tichondrius,672,rogue,assassination,18,7,11
Twoheaded,frostmourne,672,rogue,assassination,18,7,11
Zaszune,stormrage,672,rogue,assassination,18,7,11
Deepman,gorefiend,671,rogue,assassination,12,7,5
Alizashea,stormrage,671,rogue,assassination,12,7,5
Alithileria,moon-guard,671,rogue,assassination,12,7,5
Slizard,boulderfist,671,rogue,assassination,12,7,5
Løgîc,tichondrius,671,rogue,assassination,12,7,5
Showclass,stormrage,671,rogue,assassination,18,7,11
Ezzdeath,tichondrius,671,rogue,assassination,18,7,11
Gucciboo,sargeras,671,rogue,assassination,18,7,11
Johnthefum,malganis,671,rogue,assassination,18,7,11
Tìnkerton,wyrmrest-accord,671,rogue,assassination,24,7,17
Mõtaru,stormrage,671,rogue,assassination,24,7,17
Habock,ragnaros,670,rogue,assassination,17,7,10
Sap,garrosh,670,rogue,assassination,18,7,11
Çrëeper,illidan,670,rogue,assassination,24,7,17
Anyiel,stormrage,670,rogue,assassination,24,7,17
Heimlichkeit,tichondrius,669,rogue,assassination,18,7,11
Jagó,malganis,669,rogue,assassination,18,7,11
Sinistro,bleeding-hollow,667,rogue,assassination,12,7,5
Jakkov,blackrock,666,rogue,assassination,18,7,11
Kiorz,tichondrius,665,rogue,assassination,12,7,5
Soupspoon,terenas,664,rogue,assassination,18,7,11
Bityellow,tichondrius,663,rogue,assassination,12,7,5
Slootslayer,azshara,662,rogue,assassination,18,7,11
Muffens,alterac-mountains,662,rogue,assassination,18,7,11
Tralisong,azshara,660,rogue,assassination,18,7,11
Feote,ragnaros,659,rogue,assassination,12,7,5
Tiptoez,bleeding-hollow,637,rogue,assassination,18,8,10
Dragoonz,nemesis,637,rogue,assassination,23,7,16
Pantypeelz,frostmourne,635,rogue,assassination,17,7,10
Runakó,kelthuzad,623,rogue,assassination,11,7,4
Thoxic,barthilas,620,rogue,assassination,17,7,10
Pochomän,ragnaros,618,rogue,assassination,16,9,7
Onulyo,tichondrius,618,rogue,assassination,16,8,8
Lethun,zuljin,607,rogue,assassination,14,7,7
Cmòón,tichondrius,576,rogue,assassination,12,6,6
Saltoss,frostmourne,576,rogue,assassination,12,6,6
Jaywas,tichondrius,576,rogue,assassination,12,6,6
Stabasaurus,blood-furnace,576,rogue,assassination,12,6,6
Chipetan,hyjal,576,rogue,assassination,12,6,6
Kayriss,antonidas,576,rogue,assassination,12,6,6
Nicknasty,kelthuzad,576,rogue,assassination,12,6,6
Movze,area-52,576,rogue,assassination,12,6,6
Bloodygoat,area-52,576,rogue,assassination,12,6,6
Mosedz,tichondrius,576,rogue,assassination,12,6,6
Luriél,stormrage,576,rogue,assassination,12,6,6
Arcess,ragnaros,576,rogue,assassination,12,6,6
Slipperydog,jubeithos,576,rogue,assassination,18,6,12
Ahji,malganis,576,rogue,assassination,18,6,12
Tri,the-underbog,576,rogue,assassination,18,6,12
Çõvìd,malganis,576,rogue,assassination,30,6,24
Robinsony,tichondrius,575,rogue,assassination,12,6,6
Alavennian,tichondrius,575,rogue,assassination,12,6,6
Blaçkout,thrall,575,rogue,assassination,12,6,6
Twinkasz,nemesis,575,rogue,assassination,12,6,6
Slain,dark-iron,575,rogue,assassination,15,6,9
Ethaniel,bronzebeard,575,rogue,assassination,15,6,9
Goutetsu,area-52,575,rogue,assassination,24,6,18
Kuntyou,barthilas,575,rogue,assassination,24,6,18
Pusufox,tichondrius,574,rogue,assassination,12,6,6
Aurrora,kiljaeden,574,rogue,assassination,17,6,11
Mcvillain,kelthuzad,573,rogue,assassination,12,6,6
Vegettaa,azralon,573,rogue,assassination,18,6,12
Akalio,laughing-skull,571,rogue,assassination,18,6,12
Addvilpm,wyrmrest-accord,570,rogue,assassination,12,6,6
Vitalz,bloodscalp,568,rogue,assassination,18,6,12
Annastasiya,moon-guard,568,rogue,assassination,18,6,12
Euweu,azralon,567,rogue,assassination,18,6,12
Nektulos,illidan,566,rogue,assassination,13,6,7
Hellwolf,azgalor,565,rogue,assassination,13,6,7
Drpepzi,tichondrius,565,rogue,assassination,24,6,18
Sneakoh,illidan,543,rogue,assassination,23,6,17
Vandalyze,sargeras,542,rogue,assassination,11,6,5
Sneakyfoot,gorgonnash,535,rogue,assassination,35,7,28
Lvx,frostmourne,528,rogue,assassination,9,6,3
Requiescat,bleeding-hollow,527,rogue,assassination,15,6,9
Genève,dreadmaul,526,rogue,assassination,11,6,5
Sìcarìus,tichondrius,512,rogue,assassination,22,6,16
Mayyhem,caelestrasz,480,rogue,assassination,6,5,1
Purcius,moon-guard,480,rogue,assassination,6,5,1
Pwnsauce,frostmourne,480,rogue,assassination,7,5,2
Sonymf,frostmourne,480,rogue,assassination,12,5,7
Ppdx,malganis,480,rogue,assassination,12,5,7
Breakxcvii,bleeding-hollow,480,rogue,assassination,12,5,7
Vaporwavey,frostmourne,480,rogue,assassination,12,5,7
Xhampu,ragnaros,480,rogue,assassination,12,5,7
Gomma,stormrage,480,rogue,assassination,12,5,7
Mercenàrioh,azralon,480,rogue,assassination,12,5,7
Fuzzyslow,stormrage,480,rogue,assassination,12,5,7
Bloore,fizzcrank,480,rogue,assassination,12,5,7
Tberg,emerald-dream,480,rogue,assassination,12,5,7
Hoochzors,deathwing,480,rogue,assassination,12,5,7
Akayod,tichondrius,480,rogue,assassination,12,5,7
Outsap,tichondrius,480,rogue,assassination,12,5,7
Vlayd,ragnaros,480,rogue,assassination,12,5,7
Surprises,azralon,480,rogue,assassination,12,5,7
Bleedzbuttah,proudmoore,480,rogue,assassination,12,5,7
Roguespawn,dark-iron,480,rogue,assassination,12,5,7
Dtelkham,tichondrius,480,rogue,assassination,16,6,10
Yellowdawt,stormrage,480,rogue,assassination,18,5,13
Xm,sargeras,480,rogue,assassination,18,5,13
Paradise,smolderthorn,479,rogue,assassination,6,5,1
Beartøøth,stormrage,479,rogue,assassination,6,5,1
Meilh,emerald-dream,479,rogue,assassination,12,5,7
Poofhottie,lightbringer,479,rogue,assassination,12,5,7
Scarrog,wyrmrest-accord,479,rogue,assassination,12,5,7
Bigcolumn,tichondrius,479,rogue,assassination,12,5,7
Møfshanks,sargeras,479,rogue,assassination,12,5,7
Dessenia,illidan,479,rogue,assassination,12,5,7
Slayersama,ragnaros,479,rogue,assassination,12,5,7
Skîttlês,kul-tiras,479,rogue,assassination,12,5,7
Mashad,moon-guard,479,rogue,assassination,12,5,7
Cynalia,sargeras,479,rogue,assassination,15,5,10
Rinestiria,arthas,479,rogue,assassination,18,5,13
Bonzaipopo,stormrage,479,rogue,assassination,18,5,13
Diamondiâ,moon-guard,479,rogue,assassination,24,5,19
Villainrogue,stormrage,478,rogue,assassination,12,5,7
Maison,ragnaros,478,rogue,assassination,12,5,7
Bonizzi,stormrage,478,rogue,assassination,12,5,7
Lethalist,whisperwind,476,rogue,assassination,12,5,7
Adysius,malganis,475,rogue,assassination,12,5,7
Wìndrunner,dalaran,474,rogue,assassination,12,5,7
Killdead,warsong,473,rogue,assassination,12,5,7
Savagedeeps,stormreaver,472,rogue,assassination,12,5,7
Donamarillo,sargeras,462,rogue,assassination,11,5,6
Julius,malganis,447,rogue,assassination,8,6,2
Shizz,tichondrius,447,rogue,assassination,14,6,8
Elixera,sargeras,425,rogue,assassination,16,6,10
Minnicent,amanthul,413,rogue,assassination,10,5,5
Kágé,ragnaros,384,rogue,assassination,6,4,2
Csguixuan,aerie-peak,384,rogue,assassination,6,4,2
Hollowtipzz,tichondrius,384,rogue,assassination,6,4,2
Schleazy,emerald-dream,384,rogue,assassination,6,4,2
Colom,moon-guard,384,rogue,assassination,6,4,2
Grima,azralon,384,rogue,assassination,6,4,2
Taessin,kelthuzad,384,rogue,assassination,6,4,2
Shaisty,malganis,384,rogue,assassination,6,4,2
Chokonet,gurubashi,384,rogue,assassination,6,4,2
Revlul,darkspear,384,rogue,assassination,6,4,2
Silentzero,quelthalas,384,rogue,assassination,6,4,2
Endworldlife,tichondrius,384,rogue,assassination,6,4,2
Bootiebandit,tichondrius,384,rogue,assassination,6,4,2
Vinrhayle,sargeras,384,rogue,assassination,6,4,2
Betakong,quelthalas,384,rogue,assassination,6,4,2
Tmpikaboo,tichondrius,384,rogue,assassination,6,4,2
Gaige,muradin,384,rogue,assassination,6,4,2
Buckbreaker,stormrage,384,rogue,assassination,6,4,2
Yurkarogue,tichondrius,384,rogue,assassination,6,4,2
Fofree,hyjal,384,rogue,assassination,6,4,2
Brobrando,tichondrius,384,rogue,assassination,6,4,2
Venomsnáke,tichondrius,384,rogue,assassination,6,4,2
Smum,tichondrius,384,rogue,assassination,6,4,2
Ikerz,tichondrius,384,rogue,assassination,9,4,5
Wowslayer,bleeding-hollow,384,rogue,assassination,12,4,8
Poonaniqt,gundrak,384,rogue,assassination,12,4,8
Sillikitti,tichondrius,384,rogue,assassination,12,4,8
Kargargar,thrall,384,rogue,assassination,12,4,8
Drakariano,ragnaros,384,rogue,assassination,12,4,8
Psilocin,sargeras,384,rogue,assassination,12,4,8
Mansa,zangarmarsh,384,rogue,assassination,12,4,8
Lancin,azjolnerub,384,rogue,assassination,12,4,8
Stabbyboy,malganis,384,rogue,assassination,12,4,8
Ninjamf,bleeding-hollow,384,rogue,assassination,12,4,8
Sellers,tichondrius,384,rogue,assassination,12,4,8
Gridisx,wyrmrest-accord,384,rogue,assassination,12,4,8
Celèphaïs,tichondrius,384,rogue,assassination,12,4,8
Inunofun,stormrage,384,rogue,assassination,12,4,8
Cryoph,illidan,384,rogue,assassination,12,4,8
Akhila,stormrage,384,rogue,assassination,12,4,8
Mirâge,illidan,384,rogue,assassination,12,4,8
Muwop,barthilas,384,rogue,assassination,12,4,8
Hirian,misha,384,rogue,assassination,12,4,8
Shadøw,the-forgotten-coast,384,rogue,assassination,12,4,8
Cv,proudmoore,384,rogue,assassination,12,4,8
Ròry,dark-iron,384,rogue,assassination,12,4,8
Kehkoa,thrall,384,rogue,assassination,12,4,8
Escurecer,azralon,384,rogue,assassination,18,4,14
Kdrx,thrall,384,rogue,assassination,18,4,14
Gladlol,stormrage,384,rogue,assassination,18,4,14
Denoms,area-52,384,rogue,assassination,18,4,14
Ssigma,tichondrius,384,rogue,assassination,18,4,14
Azrek,sargeras,384,rogue,assassination,18,4,14
Ggassasin,tichondrius,384,rogue,assassination,18,4,14
Skinnymayne,laughing-skull,384,rogue,assassination,18,4,14
Wikkihx,emerald-dream,384,rogue,assassination,24,4,20
Jestertyv,hyjal,383,rogue,assassination,12,4,8
Ñinjå,alleria,383,rogue,assassination,12,4,8
Steeldiesel,sargeras,383,rogue,assassination,12,4,8
Corteleve,nemesis,383,rogue,assassination,12,4,8
Sapstabdead,blackrock,383,rogue,assassination,12,4,8
Setsu,sargeras,383,rogue,assassination,13,4,9
Wrinklevoss,proudmoore,382,rogue,assassination,12,4,8
Hésta,moon-guard,382,rogue,assassination,12,4,8
Kalandar,moon-guard,382,rogue,assassination,12,4,8
Vladtsepesh,stormrage,382,rogue,assassination,24,4,20
Ðerpius,proudmoore,381,rogue,assassination,12,4,8
Slobernocker,stormrage,381,rogue,assassination,12,4,8
Fllokii,arygos,381,rogue,assassination,12,4,8
Tolthe,hyjal,351,rogue,assassination,11,4,7
Siniel,scarlet-crusade,336,rogue,assassination,9,4,5
Whatsåpp,gallywix,320,rogue,assassination,10,4,6
Coopi,tichondrius,320,rogue,assassination,10,4,6
Pícáróóná,ragnaros,320,rogue,assassination,16,4,12
Suffêr,dalaran,319,rogue,assassination,8,4,4
Ziedrich,frostmourne,318,rogue,assassination,10,4,6
Ncb,bleeding-hollow,288,rogue,assassination,6,3,3
Anímosity,darkspear,288,rogue,assassination,6,3,3
Toxan,emerald-dream,288,rogue,assassination,6,3,3
Maciota,area-52,288,rogue,assassination,6,3,3
Bledstepelin,frostmourne,288,rogue,assassination,6,3,3
Wowamaze,aegwynn,288,rogue,assassination,6,3,3
Åmg,tichondrius,288,rogue,assassination,6,3,3
Cron,arygos,288,rogue,assassination,6,3,3
Brlsels,azralon,288,rogue,assassination,6,3,3
Crohnns,barthilas,288,rogue,assassination,6,3,3
Syxs,sargeras,288,rogue,assassination,6,3,3
Rýuu,bleeding-hollow,288,rogue,assassination,6,3,3
Bigtengu,tichondrius,288,rogue,assassination,6,3,3
Gbg,arathor,288,rogue,assassination,6,3,3
Corrier,tichondrius,288,rogue,assassination,6,3,3
Gutshøt,tichondrius,288,rogue,assassination,6,3,3
Mcjagerx,darkspear,288,rogue,assassination,6,3,3
Punkyass,azralon,288,rogue,assassination,6,3,3
Shninzy,stormrage,288,rogue,assassination,6,3,3
Chickfilaye,auchindoun,288,rogue,assassination,6,3,3
Gulvzer,tichondrius,288,rogue,assassination,6,3,3
Ubun,quelthalas,288,rogue,assassination,6,3,3
Calebrogue,illidan,288,rogue,assassination,6,3,3
Steffmaister,tichondrius,288,rogue,assassination,6,3,3
Shímira,azralon,288,rogue,assassination,6,3,3
Kurosh,kalecgos,288,rogue,assassination,6,3,3
Deeshdosh,illidan,288,rogue,assassination,6,3,3
Thâïßòÿgøóñ,jubeithos,288,rogue,assassination,6,3,3
Emvee,kelthuzad,288,rogue,assassination,6,3,3
Prodixybn,illidan,288,rogue,assassination,6,3,3
Saltypwncake,illidan,288,rogue,assassination,6,3,3
Greasybbsea,illidan,288,rogue,assassination,6,3,3
Drapezz,kelthuzad,288,rogue,assassination,6,3,3
Dïeb,zuljin,288,rogue,assassination,6,3,3
Griefs,tichondrius,288,rogue,assassination,6,3,3
Usernameqtxo,kelthuzad,288,rogue,assassination,6,3,3
Vahrheit,tichondrius,288,rogue,assassination,6,3,3
Jannie,rexxar,288,rogue,assassination,6,3,3
Mügi,ragnaros,288,rogue,assassination,6,3,3
Alttee,proudmoore,288,rogue,assassination,12,3,9
Tìlt,whisperwind,288,rogue,assassination,12,3,9
Elevorra,frostmourne,288,rogue,assassination,12,3,9
Axm,azralon,288,rogue,assassination,12,3,9
Sunshinezx,frostmourne,288,rogue,assassination,12,3,9
Flattsr,tichondrius,288,rogue,assassination,12,3,9
Brianä,quelthalas,288,rogue,assassination,12,3,9
Cydonian,ragnaros,288,rogue,assassination,12,3,9
Karmagoodttv,stormrage,288,rogue,assassination,12,3,9
Aevaela,duskwood,288,rogue,assassination,12,3,9
Arïa,drakkari,288,rogue,assassination,12,3,9
Joeyzord,stormrage,288,rogue,assassination,12,3,9
Bubbski,area-52,288,rogue,assassination,12,3,9
Shortcut,khadgar,288,rogue,assassination,12,3,9
Tattoo,zuljin,288,rogue,assassination,12,3,9
Brudashmurda,tichondrius,288,rogue,assassination,12,3,9
Pintofwoc,area-52,288,rogue,assassination,12,3,9
Trinktick,doomhammer,288,rogue,assassination,12,3,9
Finlander,area-52,288,rogue,assassination,12,3,9
Redlïne,tichondrius,288,rogue,assassination,12,3,9
Benielfman,illidan,288,rogue,assassination,12,3,9
Gábagool,kiljaeden,288,rogue,assassination,12,3,9
Rokkhan,blackrock,288,rogue,assassination,12,3,9
Ereshkigall,ragnaros,288,rogue,assassination,18,3,15
Stunedya,destromath,287,rogue,assassination,6,3,3
Clipp,wildhammer,287,rogue,assassination,6,3,3
Moridra,demon-soul,287,rogue,assassination,6,3,3
Shadownibba,illidan,287,rogue,assassination,6,3,3
Revozy,azralon,287,rogue,assassination,6,3,3
Gilhela,bloodhoof,287,rogue,assassination,6,3,3
Abuse,gundrak,287,rogue,assassination,6,3,3
Lyndra,thunderlord,287,rogue,assassination,12,3,9
Chïdaruma,azralon,287,rogue,assassination,12,3,9
Tracemakerr,emerald-dream,287,rogue,assassination,12,3,9
Olg,arathor,287,rogue,assassination,12,3,9
Anarusekkusu,wyrmrest-accord,287,rogue,assassination,12,3,9
Talinô,moknathal,287,rogue,assassination,12,3,9
Cricketts,kalecgos,287,rogue,assassination,16,3,13
Sanguinnar,nemesis,285,rogue,assassination,12,3,9
Clothies,zuljin,285,rogue,assassination,12,3,9
Synesh,moon-guard,255,rogue,assassination,11,3,8
Pitfirex,area-52,239,rogue,assassination,5,3,2
Shigoku,tichondrius,239,rogue,assassination,5,3,2
Tamsy,the-forgotten-coast,239,rogue,assassination,5,3,2
Drøverînsane,thrall,239,rogue,assassination,5,3,2
Walnutrog,area-52,234,rogue,assassination,11,5,6
Pãndã,stormrage,234,rogue,assassination,13,4,9
Skairipa,agamaggan,232,rogue,assassination,7,4,3
Estabo,daggerspine,223,rogue,assassination,8,3,5
Roguegirl,alexstrasza,202,rogue,assassination,18,4,14
Yanh,tichondrius,192,rogue,assassination,6,2,4
Ýûñí,tichondrius,192,rogue,assassination,6,2,4
Happyunhappy,illidan,192,rogue,assassination,6,2,4
Slashinsteev,dalaran,192,rogue,assassination,6,2,4
Ssjseem,sargeras,192,rogue,assassination,6,2,4
Zenshin,tichondrius,192,rogue,assassination,6,2,4
Savyt,dalaran,192,rogue,assassination,6,2,4
Deathben,tichondrius,192,rogue,assassination,6,2,4
Wildtrick,greymane,192,rogue,assassination,6,2,4
Jaanmonty,frostmourne,192,rogue,assassination,6,2,4
Zogbu,stormrage,192,rogue,assassination,6,2,4
Vanishcdc,area-52,192,rogue,assassination,6,2,4
Itskanashi,frostmourne,192,rogue,assassination,6,2,4
Poolover,barthilas,192,rogue,assassination,6,2,4
Støné,azjolnerub,192,rogue,assassination,6,2,4
Ninja,jubeithos,192,rogue,assassination,6,2,4
Ilesire,frostmourne,192,rogue,assassination,6,2,4
Lesty,kelthuzad,192,rogue,assassination,6,2,4
Quickflash,bloodhoof,192,rogue,assassination,6,2,4
Sneakynight,bleeding-hollow,192,rogue,assassination,6,2,4
Apssal,tichondrius,192,rogue,assassination,6,2,4
Poohkié,malganis,192,rogue,assassination,6,2,4
Amysix,antonidas,192,rogue,assassination,6,2,4
Robomom,illidan,192,rogue,assassination,6,2,4
Tagerung,malganis,192,rogue,assassination,6,2,4
Streetjudas,barthilas,192,rogue,assassination,6,2,4
Passoafaca,azralon,192,rogue,assassination,6,2,4
Wyyre,hyjal,192,rogue,assassination,6,2,4
Shini,malganis,192,rogue,assassination,6,2,4
Ennmaa,azralon,192,rogue,assassination,6,2,4
Takeiapika,azralon,192,rogue,assassination,6,2,4
Sneakysharky,frostmourne,192,rogue,assassination,6,2,4
Baalos,medivh,192,rogue,assassination,6,2,4
Gabrielgray,firetree,192,rogue,assassination,6,2,4
Miloandotis,malganis,192,rogue,assassination,6,2,4
Kwins,cenarion-circle,192,rogue,assassination,6,2,4
Frostheartyy,azralon,192,rogue,assassination,6,2,4
Darkfalleng,azralon,192,rogue,assassination,6,2,4
Karmakula,wildhammer,192,rogue,assassination,6,2,4
Garatan,nemesis,192,rogue,assassination,6,2,4
Streetjesuz,barthilas,192,rogue,assassination,6,2,4
Yoodoo,nemesis,192,rogue,assassination,6,2,4
Roguemain,smolderthorn,192,rogue,assassination,6,2,4
Kellthzard,goldrinn,192,rogue,assassination,6,2,4
Mermm,burning-blade,192,rogue,assassination,6,2,4
Haeqn,nemesis,192,rogue,assassination,6,2,4
Ryoushei,ragnaros,192,rogue,assassination,6,2,4
Corchô,moon-guard,192,rogue,assassination,6,2,4
Soizhiro,ragnaros,192,rogue,assassination,6,2,4
Märlboro,ragnaros,192,rogue,assassination,6,2,4
Ganksterqt,dentarg,192,rogue,assassination,6,2,4
Toestumper,sargeras,192,rogue,assassination,6,2,4
Gentlesaop,blackrock,192,rogue,assassination,6,2,4
Procz,kirin-tor,192,rogue,assassination,6,2,4
Swickwockdus,azralon,192,rogue,assassination,6,2,4
Novarra,tichondrius,192,rogue,assassination,6,2,4
Historymaker,tichondrius,192,rogue,assassination,6,2,4
Salätzar,quelthalas,192,rogue,assassination,6,2,4
Brand,bonechewer,192,rogue,assassination,6,2,4
Swingonya,stormrage,192,rogue,assassination,6,2,4
Thianir,emerald-dream,192,rogue,assassination,6,2,4
Cktko,stormrage,192,rogue,assassination,6,2,4
Someone,ravencrest,192,rogue,assassination,6,2,4
Knav,destromath,192,rogue,assassination,6,2,4
Asneakyfox,thunderlord,192,rogue,assassination,6,2,4
Zaozaa,frostmourne,192,rogue,assassination,6,2,4
Kazúmi,stormrage,192,rogue,assassination,6,2,4
Karlemagne,blackrock,192,rogue,assassination,6,2,4
Nítzy,quelthalas,192,rogue,assassination,6,2,4
Lefthook,kelthuzad,192,rogue,assassination,12,3,9
Liridor,quelthalas,192,rogue,assassination,11,2,9
Youngtugger,daggerspine,192,rogue,assassination,11,2,9
Nikosneako,tichondrius,192,rogue,assassination,12,2,10
Pleodonis,tichondrius,192,rogue,assassination,12,2,10
Subculture,emerald-dream,192,rogue,assassination,12,2,10
Slowtime,quelthalas,192,rogue,assassination,12,2,10
Seltzie,bleeding-hollow,192,rogue,assassination,12,2,10
Triarc,area-52,192,rogue,assassination,12,2,10
Geradyn,stormrage,192,rogue,assassination,12,2,10
Manyt,alterac-mountains,192,rogue,assassination,12,2,10
Dralax,ragnaros,192,rogue,assassination,12,2,10
Alts,tichondrius,192,rogue,assassination,12,2,10
Bloodwish,tichondrius,192,rogue,assassination,12,2,10
Nines,icecrown,192,rogue,assassination,12,2,10
Stabsmcslice,laughing-skull,192,rogue,assassination,12,2,10
Aghanaar,burning-legion,192,rogue,assassination,12,2,10
Diatonic,illidan,191,rogue,assassination,6,2,4
Cretos,jaedenar,191,rogue,assassination,6,2,4
Swiftbones,burning-blade,191,rogue,assassination,6,2,4
Bekaa,nemesis,191,rogue,assassination,6,2,4
Borre,kiljaeden,191,rogue,assassination,12,2,10
Donpablò,area-52,175,rogue,assassination,11,2,9
Stabsizzle,tichondrius,175,rogue,assassination,11,2,9
ßalto,bleeding-hollow,160,rogue,assassination,10,2,8
Xavar,malganis,159,rogue,assassination,5,2,3
Gnaark,bleeding-hollow,159,rogue,assassination,5,2,3
Chronisch,area-52,159,rogue,assassination,5,2,3
Swiftchen,illidan,159,rogue,assassination,5,2,3
Atrreyu,lightninghoof,159,rogue,assassination,5,2,3
Minato,eredar,138,rogue,assassination,9,4,5
Stâbitha,bloodscalp,138,rogue,assassination,20,4,16
Meritra,ragnaros,96,rogue,assassination,6,1,5
Tzs,sargeras,96,rogue,assassination,6,1,5
Slycraft,gorgonnash,96,rogue,assassination,6,1,5
Preceptor,azralon,96,rogue,assassination,6,1,5
Watto,ragnaros,96,rogue,assassination,6,1,5
Lululee,tichondrius,96,rogue,assassination,6,1,5
Elbryán,ragnaros,96,rogue,assassination,6,1,5
Touchthetip,bleeding-hollow,96,rogue,assassination,6,1,5
Flinchyy,dalaran,96,rogue,assassination,6,1,5
Tòúka,stormrage,96,rogue,assassination,6,1,5
Tmterminel,moon-guard,96,rogue,assassination,6,1,5
Sømeøne,malygos,96,rogue,assassination,6,1,5
Icantsleep,tichondrius,96,rogue,assassination,6,1,5
Shhquiettime,norgannon,96,rogue,assassination,6,1,5
Deathxx,destromath,96,rogue,assassination,6,1,5
Stêf,zuljin,96,rogue,assassination,6,1,5
Ninjasasory,azralon,96,rogue,assassination,6,1,5
Saintjon,bleeding-hollow,96,rogue,assassination,6,1,5
Docheatt,dalaran,96,rogue,assassination,6,1,5
Combøz,tichondrius,96,rogue,assassination,6,1,5
Nightmarës,frostmourne,96,rogue,assassination,6,1,5
Twotimed,magtheridon,96,rogue,assassination,6,1,5
Moiatropos,ragnaros,96,rogue,assassination,6,1,5
Greased,arthas,96,rogue,assassination,6,1,5
Khlapncheeks,emerald-dream,96,rogue,assassination,6,1,5
Wuzi,azralon,96,rogue,assassination,6,1,5
Clicksbtns,area-52,96,rogue,assassination,6,1,5
Assakiller,azralon,96,rogue,assassination,6,1,5
Spookyswap,blackrock,96,rogue,assassination,6,1,5
Buhuhbles,area-52,96,rogue,assassination,6,1,5
Twinkrogue,firetree,96,rogue,assassination,6,1,5
Zitihait,amanthul,96,rogue,assassination,6,1,5
Vhiper,azralon,96,rogue,assassination,6,1,5
Giftschlange,azralon,96,rogue,assassination,6,1,5
Canesuckr,stormrage,96,rogue,assassination,6,1,5
Kiskapolyus,thrall,96,rogue,assassination,6,1,5
Privz,sargeras,96,rogue,assassination,6,1,5
Lu,lethon,96,rogue,assassination,6,1,5
Nubes,illidan,96,rogue,assassination,6,1,5
Rafikaa,ragnaros,96,rogue,assassination,6,1,5
Burtonee,aegwynn,96,rogue,assassination,6,1,5
Ntshaav,illidan,96,rogue,assassination,6,1,5
Rykojin,dalaran,96,rogue,assassination,6,1,5
Panamarojo,tichondrius,96,rogue,assassination,6,1,5
Yohigo,quelthalas,96,rogue,assassination,6,1,5
Liesmith,kelthuzad,96,rogue,assassination,6,1,5
Nebiroth,illidan,96,rogue,assassination,6,1,5
Scylas,stormrage,96,rogue,assassination,6,1,5
Diser,quelthalas,96,rogue,assassination,6,1,5
Sevrow,wyrmrest-accord,96,rogue,assassination,6,1,5
Vùdõõ,area-52,96,rogue,assassination,6,1,5
Deejey,frostmourne,96,rogue,assassination,6,1,5
Bourrasque,frostmourne,96,rogue,assassination,6,1,5
Acrona,dathremar,96,rogue,assassination,12,1,11
Keljadian,black-dragonflight,96,rogue,assassination,12,1,11
Voidbrain,area-52,96,rogue,assassination,12,1,11
Boogiedewitt,emerald-dream,96,rogue,assassination,12,1,11
Véndéttá,area-52,96,rogue,assassination,12,1,11
Karparog,ragnaros,96,rogue,assassination,12,1,11
Kistef,tichondrius,96,rogue,assassination,12,1,11
Rabidlynsane,deathwing,96,rogue,assassination,12,1,11
Xô,lothar,96,rogue,assassination,12,1,11
Irotanin,thrall,95,rogue,assassination,6,1,5
Averagepimpn,tichondrius,79,rogue,assassination,5,1,4
Radiantrogue,nordrassil,79,rogue,assassination,5,1,4
Jelloshots,blackhand,63,rogue,assassination,8,2,6
Entriped,stormrage,48,rogue,assassination,3,1,2
Botches,bonechewer,48,rogue,assassination,3,1,2
Stabbindude,illidan,48,rogue,assassination,3,1,2
Sûshì,tichondrius,48,rogue,assassination,9,1,8
Naoyuki,stormrage,42,rogue,assassination,7,2,5
Nargonis,illidan,42,rogue,assassination,8,2,6
Parmigianore,ragnaros,42,rogue,assassination,10,2,8
Jerzs,tichondrius,42,rogue,assassination,11,2,9
Ajy,tichondrius,31,rogue,assassination,2,1,1
Dàmìan,mugthol,31,rogue,assassination,2,1,1
Najmoiran,area-52,31,rogue,assassination,2,1,1
Ascherx,illidan,16,rogue,assassination,1,1,0
Samyeh,tichondrius,2252,shaman,restoration,83,55,28
Dadbar,tichondrius,2230,shaman,restoration,78,49,29
Orochisháman,stormrage,2222,shaman,restoration,96,55,41
Yooseafood,tichondrius,2219,shaman,restoration,83,51,32
Dyllbar,tichondrius,2215,shaman,restoration,127,68,59
Xtremeorc,area-52,2159,shaman,restoration,66,39,27
Ttvfoxyllama,tichondrius,2157,shaman,restoration,88,45,43
Plewt,zuljin,2150,shaman,restoration,142,76,66
Aameng,tichondrius,2140,shaman,restoration,120,64,56
Tréway,area-52,2135,shaman,restoration,66,41,25
Skipperx,thrall,2134,shaman,restoration,72,43,29
Restobyte,moon-guard,2124,shaman,restoration,72,44,28
Akwesy,stormrage,2122,shaman,restoration,125,69,56
Iissham,darkspear,2111,shaman,restoration,182,99,83
Svanteson,wyrmrest-accord,2110,shaman,restoration,126,67,59
Shamaen,kelthuzad,2107,shaman,restoration,86,51,35
Selketh,area-52,2107,shaman,restoration,79,46,33
Madoka,llane,2100,shaman,restoration,95,53,42
Spagetje,tichondrius,2083,shaman,restoration,299,154,145
Nemix,barthilas,2049,shaman,restoration,66,38,28
Vicioushands,illidan,2047,shaman,restoration,66,37,29
Timpossible,tichondrius,2042,shaman,restoration,430,217,213
Crazyshamañ,akama,2042,shaman,restoration,91,45,46
Kantok,quelthalas,2022,shaman,restoration,83,50,33
Jîneth,tichondrius,2021,shaman,restoration,101,54,47
Lötus,tichondrius,2010,shaman,restoration,110,61,49
Illiteratex,tichondrius,2009,shaman,restoration,70,37,33
Itsallgoodx,tichondrius,2008,shaman,restoration,114,55,59
Smlz,garrosh,1998,shaman,restoration,68,38,30
Sizure,frostmourne,1998,shaman,restoration,124,64,60
Bigbadsac,frostmourne,1997,shaman,restoration,173,91,82
Zavoky,tichondrius,1993,shaman,restoration,156,82,74
Chairstain,kelthuzad,1991,shaman,restoration,163,94,69
Aureal,malganis,1990,shaman,restoration,180,111,69
Nediar,tichondrius,1985,shaman,restoration,48,34,14
Boyfromhell,stormrage,1985,shaman,restoration,103,50,53
Corianderism,tichondrius,1982,shaman,restoration,77,40,37
Ravaburst,sargeras,1975,shaman,restoration,72,36,36
Berquon,tichondrius,1974,shaman,restoration,78,40,38
Üchihamadarâ,tichondrius,1968,shaman,restoration,67,37,30
Breuer,tichondrius,1966,shaman,restoration,128,64,64
Abovesky,proudmoore,1966,shaman,restoration,168,81,87
Coreygunz,illidan,1952,shaman,restoration,54,29,25
Cruv,thrall,1936,shaman,restoration,96,47,49
Plorenz,illidan,1934,shaman,restoration,60,36,24
Jangbi,malganis,1934,shaman,restoration,246,129,117
Kurtcx,tichondrius,1931,shaman,restoration,317,163,154
Ilavayoualot,malganis,1925,shaman,restoration,142,64,78
Menc,frostmourne,1924,shaman,restoration,114,56,58
Terapatrik,area-52,1921,shaman,restoration,164,84,80
Angrygochuxx,tichondrius,1920,shaman,restoration,35,21,14
Slimdavey,tichondrius,1915,shaman,restoration,196,106,90
Eboy,thrall,1914,shaman,restoration,253,132,121
Oryxx,kiljaeden,1912,shaman,restoration,78,36,42
Ogctkoy,illidan,1911,shaman,restoration,156,80,76
Kimflo,tichondrius,1909,shaman,restoration,357,180,177
Wâgu,moon-guard,1906,shaman,restoration,46,21,25
Peyn,shadowsong,1905,shaman,restoration,72,34,38
Shamanese,emerald-dream,1901,shaman,restoration,42,20,22
Yungtooth,emerald-dream,1898,shaman,restoration,77,41,36
Nepos,dragonmaw,1891,shaman,restoration,66,34,32
Däbü,tichondrius,1887,shaman,restoration,84,40,44
Mandleman,tichondrius,1884,shaman,restoration,140,85,55
Smrtdeath,zuljin,1884,shaman,restoration,53,30,23
Blaiserpub,tichondrius,1882,shaman,restoration,65,33,32
Stormtitan,malganis,1881,shaman,restoration,86,42,44
Tisaa,illidan,1876,shaman,restoration,30,20,10
Gragomga,area-52,1876,shaman,restoration,120,60,60
Sewerperson,zuljin,1873,shaman,restoration,60,32,28
Lignipzyo,doomhammer,1872,shaman,restoration,48,27,21
Esqueue,sargeras,1871,shaman,restoration,48,29,19
Ratedpvp,thrall,1867,shaman,restoration,188,107,81
Muscleyuan,tichondrius,1866,shaman,restoration,59,27,32
Hulan,tichondrius,1865,shaman,restoration,36,20,16
Kellogsz,malganis,1864,shaman,restoration,96,43,53
Patzog,area-52,1861,shaman,restoration,42,25,17
Bômi,tichondrius,1861,shaman,restoration,184,96,88
Laydboiyo,tichondrius,1861,shaman,restoration,66,32,34
Badshock,tichondrius,1859,shaman,restoration,48,35,13
Hódoong,tichondrius,1857,shaman,restoration,46,24,22
Haedodae,tichondrius,1857,shaman,restoration,81,32,49
Bigmontana,tichondrius,1856,shaman,restoration,54,31,23
Moistbeans,tichondrius,1854,shaman,restoration,48,26,22
Cardïß,tichondrius,1854,shaman,restoration,48,26,22
Oridean,area-52,1854,shaman,restoration,42,22,20
Cmsi,tichondrius,1852,shaman,restoration,48,26,22
Baodan,azshara,1847,shaman,restoration,83,42,41
Moldymeatbox,emerald-dream,1847,shaman,restoration,96,47,49
Wtbtotem,tichondrius,1846,shaman,restoration,66,33,33
Helga,hellscream,1845,shaman,restoration,48,29,19
Upyourtotem,illidan,1842,shaman,restoration,30,22,8
Shamcena,the-scryers,1842,shaman,restoration,51,28,23
Zoeyzour,illidan,1842,shaman,restoration,395,212,183
Shamanbini,tichondrius,1839,shaman,restoration,47,26,21
Erwin,bonechewer,1838,shaman,restoration,202,114,88
Chocopuff,bleeding-hollow,1838,shaman,restoration,66,33,33
Conjunction,azjolnerub,1837,shaman,restoration,65,29,36
Stormlashx,sargeras,1835,shaman,restoration,36,20,16
Caibeeshammy,tichondrius,1835,shaman,restoration,162,77,85
Stylesp,tichondrius,1833,shaman,restoration,60,32,28
Splashz,illidan,1833,shaman,restoration,71,36,35
Chontastic,darkspear,1833,shaman,restoration,60,27,33
Wanghaisham,kelthuzad,1830,shaman,restoration,123,63,60
Papatooties,tichondrius,1830,shaman,restoration,257,124,133
Epicthesloth,sargeras,1829,shaman,restoration,53,29,24
Chobawn,tichondrius,1829,shaman,restoration,60,32,28
Bluekid,barthilas,1828,shaman,restoration,54,30,24
Snoozeshaman,ragnaros,1826,shaman,restoration,36,21,15
Beyoncé,lethon,1826,shaman,restoration,53,30,23
Hathul,bleeding-hollow,1826,shaman,restoration,60,33,27
Vlly,tichondrius,1826,shaman,restoration,59,27,32
Itsyabøiwill,area-52,1825,shaman,restoration,78,49,29
Tuskcrusher,dalaran,1825,shaman,restoration,72,30,42
Gjök,nemesis,1824,shaman,restoration,54,22,32
Dehsaw,illidan,1821,shaman,restoration,108,54,54
Cryochemist,tichondrius,1819,shaman,restoration,29,23,6
Bigspaghetti,thrall,1818,shaman,restoration,66,31,35
Terrasham,barthilas,1818,shaman,restoration,47,20,27
Onagi,frostmourne,1817,shaman,restoration,84,53,31
Totempack,stormrage,1817,shaman,restoration,54,26,28
Gyrogg,scilla,1816,shaman,restoration,525,278,247
Ryuubi,illidan,1815,shaman,restoration,54,34,20
Ogran,stormscale,1815,shaman,restoration,54,25,29
Immabòt,tichondrius,1813,shaman,restoration,59,36,23
Dadidun,tichondrius,1813,shaman,restoration,48,25,23
Ericzlassoz,tichondrius,1812,shaman,restoration,66,42,24
Grymn,sargeras,1812,shaman,restoration,264,132,132
Kurtxc,tichondrius,1810,shaman,restoration,36,25,11
Dantheman,twisting-nether,1810,shaman,restoration,42,23,19
Waterbro,tichondrius,1809,shaman,restoration,101,57,44
Annte,stonemaul,1809,shaman,restoration,64,32,32
Meatballs,kirin-tor,1809,shaman,restoration,62,31,31
Desee,bleeding-hollow,1809,shaman,restoration,54,27,27
Ookmetide,bleeding-hollow,1807,shaman,restoration,52,29,23
Ghomragar,antonidas,1807,shaman,restoration,82,42,40
Willy,icecrown,1807,shaman,restoration,87,44,43
Raeoki,area-52,1806,shaman,restoration,185,100,85
Totemgripper,moon-guard,1804,shaman,restoration,65,39,26
Hydrocheck,tichondrius,1804,shaman,restoration,94,54,40
Astrøcyte,tichondrius,1804,shaman,restoration,96,46,50
Nanosec,tichondrius,1803,shaman,restoration,36,23,13
Tolík,ragnaros,1803,shaman,restoration,54,26,28
Lemmehex,illidan,1802,shaman,restoration,61,37,24
Waymond,khadgar,1802,shaman,restoration,218,111,107
Oceangrown,emerald-dream,1802,shaman,restoration,51,22,29
Joyrex,spinebreaker,1802,shaman,restoration,75,30,45
Jìmmybuckets,tichondrius,1801,shaman,restoration,59,37,22
Nktx,tichondrius,1800,shaman,restoration,118,66,52
Holdmytotum,tichondrius,1800,shaman,restoration,52,29,23
Zaapi,dalaran,1800,shaman,restoration,108,60,48
Nazugresha,bleeding-hollow,1800,shaman,restoration,42,23,19
Baseballcap,sargeras,1800,shaman,restoration,78,37,41
Shockmematty,tichondrius,1798,shaman,restoration,36,25,11
Inmø,ragnaros,1797,shaman,restoration,36,19,17
Kromgul,malfurion,1797,shaman,restoration,96,46,50
Hodoongs,tichondrius,1797,shaman,restoration,49,23,26
Fluxxy,tichondrius,1797,shaman,restoration,109,48,61
Badhealerip,tichondrius,1796,shaman,restoration,74,42,32
Cigaretter,tichondrius,1793,shaman,restoration,56,25,31
Huáxià,tichondrius,1792,shaman,restoration,125,62,63
Mybbro,kiljaeden,1792,shaman,restoration,87,42,45
Fierymoo,frostmourne,1790,shaman,restoration,42,20,22
Qksilverz,nemesis,1789,shaman,restoration,47,32,15
Rollintotems,bleeding-hollow,1785,shaman,restoration,84,39,45
Shamanceylol,barthilas,1783,shaman,restoration,104,62,42
Sokta,azgalor,1783,shaman,restoration,145,69,76
Booramqt,tichondrius,1780,shaman,restoration,47,27,20
Boxfour,tichondrius,1777,shaman,restoration,105,50,55
Hiermy,tichondrius,1775,shaman,restoration,53,29,24
Blazingtotem,dunemaul,1775,shaman,restoration,125,64,61
Petzah,barthilas,1774,shaman,restoration,54,25,29
Shanasty,bleeding-hollow,1769,shaman,restoration,60,31,29
Stórmstruck,area-52,1767,shaman,restoration,48,29,19
Ränton,bleeding-hollow,1764,shaman,restoration,54,28,26
Blackpïnk,tichondrius,1764,shaman,restoration,179,91,88
Gratiens,zuljin,1764,shaman,restoration,60,27,33
Suzhixie,akama,1764,shaman,restoration,163,73,90
Chessyc,ragnaros,1762,shaman,restoration,60,26,34
Bozzyy,illidan,1761,shaman,restoration,114,56,58
Julíp,tichondrius,1760,shaman,restoration,58,23,35
Xzxz,sargeras,1759,shaman,restoration,157,92,65
Bobbybigdam,tichondrius,1752,shaman,restoration,93,50,43
Sylicious,barthilas,1751,shaman,restoration,30,21,9
Nayro,bleeding-hollow,1751,shaman,restoration,444,238,206
Shawmen,zuljin,1748,shaman,restoration,208,110,98
Lavalavalava,eonar,1747,shaman,restoration,48,21,27
Gatorwavez,bleeding-hollow,1746,shaman,restoration,89,51,38
Warríed,sargeras,1746,shaman,restoration,59,29,30
Suyy,tichondrius,1746,shaman,restoration,54,26,28
Camer,sargeras,1745,shaman,restoration,42,27,15
Toazty,stormscale,1745,shaman,restoration,75,44,31
Wraethy,illidan,1745,shaman,restoration,147,81,66
Mastashamsta,illidan,1745,shaman,restoration,48,25,23
Svondo,illidan,1744,shaman,restoration,37,25,12
Blackfancy,thrall,1744,shaman,restoration,56,32,24
Kafkaesk,tichondrius,1743,shaman,restoration,60,23,37
Chonchastic,darkspear,1741,shaman,restoration,54,27,27
Diulama,tichondrius,1740,shaman,restoration,69,45,24
Sleepysham,kelthuzad,1739,shaman,restoration,100,53,47
Kandshamy,azralon,1738,shaman,restoration,78,46,32
Ftp,kelthuzad,1738,shaman,restoration,47,26,21
Esqueue,tichondrius,1736,shaman,restoration,36,22,14
Pookiexo,illidan,1736,shaman,restoration,41,25,16
Chomang,stormreaver,1734,shaman,restoration,126,58,68
Rantòn,bleeding-hollow,1733,shaman,restoration,59,27,32
Moorgl,tichondrius,1732,shaman,restoration,53,26,27
Bacon,lightninghoof,1732,shaman,restoration,204,94,110
Redds,tichondrius,1730,shaman,restoration,114,77,37
Groundingtot,hydraxis,1730,shaman,restoration,48,27,21
Ðno,frostmourne,1729,shaman,restoration,93,46,47
Muggz,sargeras,1729,shaman,restoration,60,27,33
Semtechs,tichondrius,1728,shaman,restoration,348,167,181
Funkesapien,tichondrius,1727,shaman,restoration,54,27,27
Mitchestic,illidan,1727,shaman,restoration,101,42,59
Cpplol,tichondrius,1726,shaman,restoration,47,27,20
Krazyc,sargeras,1726,shaman,restoration,90,47,43
Héadshot,bleeding-hollow,1726,shaman,restoration,143,71,72
Oninobu,sargeras,1724,shaman,restoration,70,44,26
Hairyrichard,zuljin,1722,shaman,restoration,823,432,391
Phxhouse,illidan,1722,shaman,restoration,324,159,165
Spampurge,emerald-dream,1721,shaman,restoration,36,21,15
Fàlc,stormrage,1716,shaman,restoration,36,18,18
Sìxnìne,tichondrius,1716,shaman,restoration,68,32,36
Inpantsment,barthilas,1714,shaman,restoration,151,78,73
Bizzarro,azgalor,1713,shaman,restoration,79,40,39
Fkwithme,burning-blade,1711,shaman,restoration,66,30,36
Duregar,tichondrius,1709,shaman,restoration,60,35,25
Bombadil,korgath,1709,shaman,restoration,36,18,18
Pèpé,sargeras,1705,shaman,restoration,44,26,18
Tobírama,bleeding-hollow,1705,shaman,restoration,54,23,31
Slm,bleeding-hollow,1704,shaman,restoration,24,18,6
Hustlenflow,tichondrius,1704,shaman,restoration,60,32,28
Elementz,tichondrius,1703,shaman,restoration,222,116,106
Naweiv,caelestrasz,1702,shaman,restoration,54,31,23
Specifyz,arathor,1702,shaman,restoration,42,24,18
Erbicklet,ragnaros,1701,shaman,restoration,154,80,74
Laji,cairne,1700,shaman,restoration,191,98,93
Uncleilli,tichondrius,1699,shaman,restoration,53,20,33
Lingduacn,tichondrius,1698,shaman,restoration,36,18,18
Renghostwolf,illidan,1698,shaman,restoration,36,18,18
Doubletåp,emerald-dream,1697,shaman,restoration,41,20,21
Xoweeknd,bleeding-hollow,1697,shaman,restoration,42,19,23
Maloran,zuljin,1696,shaman,restoration,47,20,27
Magma,spirestone,1695,shaman,restoration,102,62,40
Montageb,illidan,1694,shaman,restoration,39,29,10
Møp,spirestone,1694,shaman,restoration,131,68,63
Trouvaille,tichondrius,1693,shaman,restoration,47,23,24
Nessannix,stormrage,1692,shaman,restoration,223,125,98
Ribbeye,tichondrius,1692,shaman,restoration,154,76,78
Zeonard,ragnaros,1691,shaman,restoration,230,122,108
Eletius,tichondrius,1690,shaman,restoration,29,26,3
Wegoagain,tichondrius,1690,shaman,restoration,42,20,22
Xruok,kelthuzad,1689,shaman,restoration,39,24,15
Ittøki,tichondrius,1689,shaman,restoration,41,24,17
Lilgeeh,kelthuzad,1689,shaman,restoration,46,24,22
Rockzoa,tichondrius,1688,shaman,restoration,60,27,33
Yehbeen,tichondrius,1686,shaman,restoration,42,25,17
Solam,greymane,1686,shaman,restoration,42,21,21
Ozmats,malganis,1686,shaman,restoration,76,35,41
Reformeddogs,tichondrius,1684,shaman,restoration,46,29,17
Solidhomme,tichondrius,1684,shaman,restoration,42,23,19
Flappygooch,illidan,1683,shaman,restoration,113,51,62
Multiduelist,bleeding-hollow,1682,shaman,restoration,30,23,7
Bizzarra,azshara,1681,shaman,restoration,39,26,13
Purpose,nerzhul,1681,shaman,restoration,36,20,16
Ibreakanklez,bleeding-hollow,1681,shaman,restoration,42,20,22
Vrom,whisperwind,1678,shaman,restoration,84,47,37
Tanta,gurubashi,1678,shaman,restoration,57,25,32
Isagii,stormrage,1677,shaman,restoration,65,38,27
Shadowz,alexstrasza,1676,shaman,restoration,74,48,26
Raywhiter,tichondrius,1676,shaman,restoration,62,29,33
Bigdictuna,sargeras,1675,shaman,restoration,242,131,111
Shacewoman,altar-of-storms,1674,shaman,restoration,174,79,95
Nethyxsoy,frostmourne,1673,shaman,restoration,48,33,15
Urga,hyjal,1672,shaman,restoration,36,20,16
Namso,tichondrius,1671,shaman,restoration,36,22,14
Devastaterr,bleeding-hollow,1671,shaman,restoration,102,53,49
Dingfu,sargeras,1670,shaman,restoration,187,108,79
Tpokes,sargeras,1669,shaman,restoration,42,22,20
Thelphor,nemesis,1669,shaman,restoration,48,24,24
Bubbacheeks,area-52,1668,shaman,restoration,72,39,33
Deephole,illidan,1668,shaman,restoration,127,59,68
Tokuma,illidan,1667,shaman,restoration,58,26,32
Drekkhal,area-52,1666,shaman,restoration,178,104,74
Horizonsham,stormrage,1666,shaman,restoration,66,36,30
Baern,thrall,1665,shaman,restoration,86,43,43
Scroogz,emerald-dream,1665,shaman,restoration,102,50,52
Sasgöb,illidan,1665,shaman,restoration,83,36,47
Toxidizetkö,azralon,1664,shaman,restoration,48,26,22
Purgedubx,tichondrius,1663,shaman,restoration,159,86,73
Semnicktotem,area-52,1663,shaman,restoration,72,36,36
Hamrok,moon-guard,1662,shaman,restoration,84,42,42
Reppinsix,sargeras,1662,shaman,restoration,58,24,34
Skipler,stormrage,1661,shaman,restoration,60,33,27
Chazzwozza,area-52,1660,shaman,restoration,41,22,19
Bluepigo,tichondrius,1660,shaman,restoration,59,24,35
Youliuhua,tichondrius,1659,shaman,restoration,36,19,17
Belarix,emerald-dream,1659,shaman,restoration,205,96,109
Pingatronx,ragnaros,1659,shaman,restoration,42,19,23
Exshocks,tichondrius,1658,shaman,restoration,54,30,24
Imd,tichondrius,1658,shaman,restoration,42,21,21
Lingdusm,tichondrius,1657,shaman,restoration,36,20,16
Vayces,barthilas,1657,shaman,restoration,199,103,96
Zuescannon,kelthuzad,1656,shaman,restoration,84,39,45
Mcwindyfists,zuljin,1655,shaman,restoration,48,23,25
Meskthemage,barthilas,1654,shaman,restoration,47,23,24
Novoz,tichondrius,1653,shaman,restoration,42,24,18
Bestbrook,tichondrius,1653,shaman,restoration,129,62,67
Whameradetu,suramar,1653,shaman,restoration,71,31,40
Goobie,crushridge,1651,shaman,restoration,68,43,25
Win,blackwing-lair,1651,shaman,restoration,36,21,15
Mixxt,illidan,1649,shaman,restoration,36,19,17
Bolteon,malganis,1648,shaman,restoration,30,21,9
Makocc,tichondrius,1648,shaman,restoration,30,20,10
Purgenx,tichondrius,1647,shaman,restoration,42,27,15
Abulailah,sargeras,1647,shaman,restoration,36,20,16
Peegee,zuluhed,1647,shaman,restoration,66,28,38
Jsell,zuljin,1646,shaman,restoration,56,28,28
Amdshaman,thrall,1645,shaman,restoration,67,37,30
Gabant,azralon,1644,shaman,restoration,42,19,23
Mkyz,tichondrius,1642,shaman,restoration,100,53,47
Weoo,doomhammer,1642,shaman,restoration,48,23,25
Ekss,tichondrius,1642,shaman,restoration,48,19,29
Gordonramsai,sargeras,1641,shaman,restoration,272,148,124
Singleorigin,tichondrius,1641,shaman,restoration,105,41,64
Akheeta,tichondrius,1639,shaman,restoration,63,44,19
Hoshwear,azralon,1639,shaman,restoration,48,31,17
Rynoh,dalaran,1639,shaman,restoration,115,59,56
Ethikas,tichondrius,1638,shaman,restoration,42,24,18
Beastofmagic,illidan,1638,shaman,restoration,125,68,57
Dgshaman,tichondrius,1637,shaman,restoration,32,20,12
Cheddaman,kiljaeden,1637,shaman,restoration,48,21,27
Daddybeaarr,thrall,1635,shaman,restoration,55,25,30
Earthspeaker,bleeding-hollow,1634,shaman,restoration,30,18,12
Gjok,nemesis,1634,shaman,restoration,59,20,39
Quitnectar,aggramar,1633,shaman,restoration,48,24,24
Specify,arathor,1633,shaman,restoration,60,27,33
Shortbusqt,hyjal,1631,shaman,restoration,42,23,19
Wawsham,tichondrius,1631,shaman,restoration,48,19,29
Snakesoul,area-52,1630,shaman,restoration,109,63,46
Biguaga,tichondrius,1629,shaman,restoration,42,24,18
Intruzionall,barthilas,1627,shaman,restoration,241,130,111
Wonima,tichondrius,1627,shaman,restoration,34,18,16
Foragorn,stormrage,1627,shaman,restoration,217,110,107
Jbalvi,ragnaros,1626,shaman,restoration,141,82,59
Grizze,bonechewer,1626,shaman,restoration,90,41,49
Goranzo,emerald-dream,1626,shaman,restoration,54,24,30
Sin,bleeding-hollow,1625,shaman,restoration,30,17,13
Shocknrot,maelstrom,1623,shaman,restoration,38,23,15
Drfentanylx,emerald-dream,1623,shaman,restoration,30,17,13
Bogz,korgath,1623,shaman,restoration,167,75,92
Thunderspark,tichondrius,1622,shaman,restoration,54,30,24
Spiritry,tichondrius,1622,shaman,restoration,204,107,97
Vanella,malganis,1621,shaman,restoration,42,25,17
Texmawave,moon-guard,1621,shaman,restoration,125,71,54
Charlesby,tichondrius,1621,shaman,restoration,168,95,73
Restosêxual,tichondrius,1621,shaman,restoration,36,18,18
Thuntard,bleeding-hollow,1621,shaman,restoration,48,23,25
Tzyorz,illidan,1620,shaman,restoration,138,74,64
Taronì,zuljin,1619,shaman,restoration,48,18,30
Yoshìmìtsu,illidan,1618,shaman,restoration,102,53,49
Angelbie,tichondrius,1617,shaman,restoration,74,33,41
Bigamez,azuremyst,1616,shaman,restoration,158,88,70
Durogh,darkspear,1616,shaman,restoration,60,23,37
Sorgal,area-52,1616,shaman,restoration,60,22,38
Animus,dark-iron,1615,shaman,restoration,36,22,14
Sunyang,tichondrius,1615,shaman,restoration,36,17,19
Skoobasteeve,sargeras,1614,shaman,restoration,69,39,30
World,frostmourne,1614,shaman,restoration,47,25,22
Quendella,aggramar,1613,shaman,restoration,42,25,17
Harth,zuljin,1613,shaman,restoration,110,65,45
Polared,hyjal,1613,shaman,restoration,52,25,27
Velar,frostwolf,1613,shaman,restoration,48,19,29
Yeamn,saurfang,1612,shaman,restoration,141,86,55
Oldguy,ragnaros,1611,shaman,restoration,168,83,85
Unbreakable,illidan,1611,shaman,restoration,91,43,48
Dreadxtotems,illidan,1610,shaman,restoration,77,42,35
Cherryboy,illidan,1610,shaman,restoration,87,45,42
Drammah,malganis,1610,shaman,restoration,48,19,29
Turborundat,area-52,1609,shaman,restoration,219,125,94
Ssaotizi,tichondrius,1609,shaman,restoration,251,127,124
Ðoomed,kiljaeden,1608,shaman,restoration,30,19,11
Alett,arathor,1608,shaman,restoration,60,29,31
Jazzlightnin,tichondrius,1608,shaman,restoration,59,26,33
Plzdontlos,illidan,1607,shaman,restoration,113,69,44
Rainingheals,auchindoun,1607,shaman,restoration,44,19,25
Randomshammy,area-52,1606,shaman,restoration,30,17,13
Astrauk,nemesis,1606,shaman,restoration,76,43,33
Fujiyama,dark-iron,1606,shaman,restoration,120,65,55
Raxshock,stormrage,1606,shaman,restoration,42,22,20
Prêttylights,bleeding-hollow,1605,shaman,restoration,30,17,13
Hexrz,area-52,1605,shaman,restoration,42,21,21
Luckyscatter,frostmourne,1605,shaman,restoration,36,18,18
Totemslol,ysera,1605,shaman,restoration,65,31,34
Sliditin,tichondrius,1604,shaman,restoration,36,25,11
Hurú,azralon,1604,shaman,restoration,36,21,15
Spampurge,blackwing-lair,1604,shaman,restoration,37,19,18
Polarities,malganis,1604,shaman,restoration,54,21,33
Kratór,kelthuzad,1603,shaman,restoration,47,31,16
Kimchimi,tichondrius,1603,shaman,restoration,144,85,59
Fernetbrança,ragnaros,1603,shaman,restoration,48,26,22
Telchar,quelthalas,1602,shaman,restoration,102,62,40
Tarritos,ragnaros,1602,shaman,restoration,52,26,26
Lacid,tichondrius,1601,shaman,restoration,68,42,26
Purgebotx,bleeding-hollow,1601,shaman,restoration,114,70,44
Belshiro,sargeras,1601,shaman,restoration,108,51,57
Latorius,frostmourne,1600,shaman,restoration,171,99,72
Shocksauce,tichondrius,1600,shaman,restoration,94,51,43
Fatdixb,illidan,1600,shaman,restoration,41,21,20
Succmytotems,tichondrius,1600,shaman,restoration,93,47,46
Foilcap,bonechewer,1600,shaman,restoration,296,144,152
Improvedx,akama,1600,shaman,restoration,52,24,28
Ddogz,illidan,1600,shaman,restoration,48,21,27
Gulmuwu,zuljin,1599,shaman,restoration,38,22,16
Mastlau,tichondrius,1599,shaman,restoration,30,17,13
Tevya,dalvengyr,1598,shaman,restoration,83,47,36
Ryeqt,illidan,1598,shaman,restoration,47,23,24
Steveyy,frostmourne,1597,shaman,restoration,33,21,12
Tideoverdose,tichondrius,1594,shaman,restoration,36,19,17
Dumerslayer,ragnaros,1594,shaman,restoration,42,22,20
Zuralah,nemesis,1593,shaman,restoration,106,59,47
Shamsom,tichondrius,1588,shaman,restoration,116,55,61
Prowdt,azralon,1587,shaman,restoration,397,206,191
Besylate,illidan,1586,shaman,restoration,80,39,41
Kolanji,akama,1585,shaman,restoration,41,22,19
Vywolf,frostmourne,1583,shaman,restoration,80,46,34
Rugmat,tichondrius,1581,shaman,restoration,66,32,34
Miroen,tichondrius,1580,shaman,restoration,48,24,24
Pkx,eitrigg,1578,shaman,restoration,47,20,27
Colterr,thunderhorn,1577,shaman,restoration,36,20,16
Asnalda,emerald-dream,1576,shaman,restoration,57,32,25
Gunrose,proudmoore,1575,shaman,restoration,103,52,51
Rainz,aggramar,1574,shaman,restoration,42,22,20
Nyf,khazgoroth,1574,shaman,restoration,42,20,22
Arkerus,emerald-dream,1573,shaman,restoration,36,22,14
Shamix,area-52,1573,shaman,restoration,84,39,45
Dawnyshock,arygos,1573,shaman,restoration,41,19,22
Strives,icecrown,1573,shaman,restoration,48,21,27
Improvize,malganis,1571,shaman,restoration,53,25,28
Rogrim,malganis,1570,shaman,restoration,48,24,24
Brongar,bleeding-hollow,1569,shaman,restoration,66,26,40
Sikotics,area-52,1568,shaman,restoration,111,58,53
Moosk,zuluhed,1567,shaman,restoration,51,27,24
Dduddaddu,tichondrius,1565,shaman,restoration,72,37,35
Gweemextreme,tichondrius,1564,shaman,restoration,52,27,25
Spurske,emerald-dream,1564,shaman,restoration,78,32,46
Bigdampurge,illidan,1563,shaman,restoration,95,49,46
Hwyl,frostmourne,1563,shaman,restoration,96,45,51
Waater,lightbringer,1562,shaman,restoration,86,49,37
Targhal,tichondrius,1562,shaman,restoration,164,86,78
Gki,tichondrius,1560,shaman,restoration,37,26,11
Wilmar,ragnaros,1560,shaman,restoration,66,33,33
Stonetides,tichondrius,1560,shaman,restoration,78,33,45
Dogecoincäsh,sargeras,1559,shaman,restoration,60,33,27
Shulace,area-52,1558,shaman,restoration,78,38,40
Rulf,proudmoore,1558,shaman,restoration,90,34,56
Onepunchsham,illidan,1557,shaman,restoration,159,82,77
Bootybpoppin,mugthol,1554,shaman,restoration,42,27,15
Kayadee,stormrage,1554,shaman,restoration,75,37,38
Goatedsham,dalaran,1553,shaman,restoration,65,36,29
Centalinkxox,frostmourne,1553,shaman,restoration,57,26,31
Totesmcgoatz,arthas,1552,shaman,restoration,63,32,31
Thunderphury,proudmoore,1551,shaman,restoration,77,34,43
Eatmymeatbal,illidan,1551,shaman,restoration,65,26,39
Draidosh,area-52,1550,shaman,restoration,59,37,22
Pherolex,tichondrius,1550,shaman,restoration,42,23,19
Goosha,tichondrius,1548,shaman,restoration,48,33,15
Freesolo,barthilas,1548,shaman,restoration,164,85,79
Lanzero,chogall,1547,shaman,restoration,42,30,12
Cmz,bleeding-hollow,1547,shaman,restoration,36,21,15
Lustlolol,korgath,1547,shaman,restoration,167,86,81
Moocatpie,illidan,1546,shaman,restoration,118,58,60
Mistarklean,malganis,1546,shaman,restoration,111,49,62
Deathwards,frostmane,1544,shaman,restoration,60,26,34
Tyar,area-52,1543,shaman,restoration,137,64,73
Shaminham,barthilas,1543,shaman,restoration,72,31,41
Sellmysoul,kelthuzad,1542,shaman,restoration,57,29,28
Shakrakhan,tichondrius,1542,shaman,restoration,36,17,19
Shamxrob,sargeras,1541,shaman,restoration,78,46,32
Chainstuff,area-52,1541,shaman,restoration,29,17,12
Hooldcool,tichondrius,1540,shaman,restoration,189,110,79
Zechary,proudmoore,1539,shaman,restoration,36,20,16
Glocksitotem,malganis,1537,shaman,restoration,134,78,56
Tenyks,tichondrius,1537,shaman,restoration,75,42,33
Wolfsokar,emerald-dream,1537,shaman,restoration,102,39,63
Akubai,kelthuzad,1535,shaman,restoration,78,39,39
Fwwrs,illidan,1534,shaman,restoration,31,19,12
Flamehorns,malganis,1534,shaman,restoration,36,22,14
Hennytides,zuljin,1533,shaman,restoration,36,19,17
Tides,skullcrusher,1533,shaman,restoration,42,18,24
Dbmx,tichondrius,1532,shaman,restoration,30,16,14
Squimbert,tichondrius,1531,shaman,restoration,36,16,20
Kacham,nerzhul,1530,shaman,restoration,36,20,16
Rookieshaman,tichondrius,1528,shaman,restoration,24,16,8
Tarròò,bleeding-hollow,1526,shaman,restoration,24,16,8
Kaytahn,proudmoore,1525,shaman,restoration,72,39,33
Ärtful,illidan,1523,shaman,restoration,90,50,40
Platewalrus,illidan,1523,shaman,restoration,30,16,14
Repang,tichondrius,1523,shaman,restoration,36,19,17
Hehew,kelthuzad,1523,shaman,restoration,128,64,64
Chlckenx,tichondrius,1523,shaman,restoration,105,49,56
Vexxs,shadowmoon,1522,shaman,restoration,30,16,14
Shockxd,illidan,1522,shaman,restoration,30,16,14
Riptideafk,sargeras,1521,shaman,restoration,66,34,32
Rocyt,sargeras,1520,shaman,restoration,66,35,31
Luxiaa,tichondrius,1520,shaman,restoration,59,22,37
Aleforj,quelthalas,1519,shaman,restoration,55,27,28
Rsdyxjh,tichondrius,1519,shaman,restoration,51,22,29
Záheer,arthas,1517,shaman,restoration,75,38,37
Fenrirfuryy,tichondrius,1514,shaman,restoration,54,25,29
Hexxercise,area-52,1512,shaman,restoration,53,38,15
Stylebenderx,frostmourne,1512,shaman,restoration,30,16,14
Spongemama,tichondrius,1511,shaman,restoration,82,41,41
Heniu,tichondrius,1511,shaman,restoration,36,16,20
Bluedynamite,tichondrius,1510,shaman,restoration,66,32,34
Dogood,tichondrius,1510,shaman,restoration,60,27,33
Fuzbo,bleeding-hollow,1509,shaman,restoration,47,25,22
Shamansrock,tichondrius,1509,shaman,restoration,36,16,20
Gemoz,tichondrius,1508,shaman,restoration,24,16,8
Plâto,stormrage,1507,shaman,restoration,30,16,14
Cultsulyvahn,tichondrius,1507,shaman,restoration,73,37,36
Trapghost,cenarius,1506,shaman,restoration,87,41,46
Shamankïng,proudmoore,1505,shaman,restoration,89,46,43
Packspiritqt,tichondrius,1505,shaman,restoration,42,21,21
ßread,illidan,1505,shaman,restoration,133,62,71
Randomshammy,stormrage,1504,shaman,restoration,54,27,27
Pawbed,aegwynn,1503,shaman,restoration,117,64,53
Cokehealsx,tichondrius,1503,shaman,restoration,30,16,14
Agharn,moon-guard,1503,shaman,restoration,51,26,25
Harigomi,tichondrius,1503,shaman,restoration,303,154,149
Papatreb,haomarush,1503,shaman,restoration,78,39,39
Ballistíc,boulderfist,1502,shaman,restoration,66,38,28
Orkshammy,illidan,1500,shaman,restoration,40,25,15
Chacham,tichondrius,1500,shaman,restoration,79,42,37
Rommel,azralon,1498,shaman,restoration,45,28,17
Ban,blackrock,1498,shaman,restoration,39,21,18
Lengin,bleeding-hollow,1497,shaman,restoration,36,21,15
Sbrinz,thrall,1497,shaman,restoration,36,19,17
Elementàlius,quelthalas,1497,shaman,restoration,71,32,39
Szeav,tichondrius,1496,shaman,restoration,66,33,33
Mutaishammy,barthilas,1496,shaman,restoration,90,44,46
Isekai,alterac-mountains,1495,shaman,restoration,90,42,48
Shockszz,onyxia,1494,shaman,restoration,143,69,74
Køtømine,ragnaros,1491,shaman,restoration,106,67,39
Redek,sargeras,1491,shaman,restoration,196,105,91
Bwinthewomb,stormrage,1491,shaman,restoration,148,77,71
Vanklayser,ragnaros,1491,shaman,restoration,108,54,54
Mentyb,emerald-dream,1491,shaman,restoration,42,16,26
Koomrog,frostmourne,1489,shaman,restoration,32,21,11
Hoboman,chogall,1488,shaman,restoration,42,17,25
Hyonkh,tichondrius,1487,shaman,restoration,77,45,32
Yarl,ragnaros,1487,shaman,restoration,36,21,15
Kaaying,tichondrius,1487,shaman,restoration,43,17,26
Jizzlewizwiz,tichondrius,1484,shaman,restoration,181,89,92
Sittinn,malganis,1484,shaman,restoration,78,37,41
Elementorx,stormrage,1483,shaman,restoration,66,33,33
Worldx,barthilas,1483,shaman,restoration,162,79,83
Pedren,thrall,1482,shaman,restoration,27,19,8
Trenhance,stormrage,1481,shaman,restoration,30,23,7
Krewesham,uldaman,1481,shaman,restoration,28,17,11
Sarkhanvol,aggramar,1480,shaman,restoration,36,25,11
Abellone,tichondrius,1480,shaman,restoration,33,17,16
Elementols,azralon,1480,shaman,restoration,48,23,25
Hachikø,frostmourne,1480,shaman,restoration,95,44,51
Vazlah,tichondrius,1479,shaman,restoration,24,16,8
Rumkin,malganis,1478,shaman,restoration,106,58,48
Ironcrag,moon-guard,1478,shaman,restoration,241,126,115
Wuruizec,illidan,1478,shaman,restoration,65,32,33
Boohaha,khadgar,1478,shaman,restoration,35,16,19
Ryukims,tichondrius,1477,shaman,restoration,35,17,18
Ellgric,emerald-dream,1476,shaman,restoration,48,21,27
Defac,proudmoore,1475,shaman,restoration,72,42,30
Maxchungie,azshara,1475,shaman,restoration,30,16,14
Angelabaaby,proudmoore,1475,shaman,restoration,60,28,32
Bakayarøu,tichondrius,1475,shaman,restoration,36,16,20
Yossarabi,bleeding-hollow,1475,shaman,restoration,54,23,31
Bighaircut,darkspear,1474,shaman,restoration,96,41,55
Benjaminx,tichondrius,1473,shaman,restoration,56,34,22
Vewdew,guldan,1473,shaman,restoration,78,47,31
Brainal,sargeras,1472,shaman,restoration,60,25,35
Upholderxo,shadowmoon,1471,shaman,restoration,48,25,23
Pissticles,bleeding-hollow,1471,shaman,restoration,150,75,75
Heebeegeebee,stormrage,1470,shaman,restoration,51,31,20
Erthshawk,wildhammer,1470,shaman,restoration,84,44,40
Neosham,frostwolf,1470,shaman,restoration,42,16,26
Treasonreno,area-52,1468,shaman,restoration,42,18,24
Krilick,blackrock,1467,shaman,restoration,107,57,50
Keenie,shadow-council,1467,shaman,restoration,35,17,18
Hruggol,bleeding-hollow,1467,shaman,restoration,54,26,28
Gangzmmsk,tichondrius,1466,shaman,restoration,24,18,6
Philbert,boulderfist,1466,shaman,restoration,54,31,23
Juicypork,moon-guard,1464,shaman,restoration,39,23,16
Damoclez,jubeithos,1464,shaman,restoration,39,17,22
Allcatraz,zuljin,1464,shaman,restoration,40,17,23
Gattious,illidan,1461,shaman,restoration,66,32,34
Hirah,frostmourne,1460,shaman,restoration,23,16,7
Smartakkar,emerald-dream,1460,shaman,restoration,57,36,21
Muruaic,dentarg,1460,shaman,restoration,60,29,31
Thegil,tichondrius,1460,shaman,restoration,102,47,55
Benta,zuljin,1459,shaman,restoration,72,36,36
Mlpz,black-dragonflight,1458,shaman,restoration,78,43,35
Nilstorm,quelthalas,1458,shaman,restoration,72,38,34
Paoran,sargeras,1457,shaman,restoration,26,16,10
Graveman,illidan,1457,shaman,restoration,142,79,63
Kwzy,stormrage,1457,shaman,restoration,51,26,25
Pickledegg,tichondrius,1456,shaman,restoration,51,27,24
Teerex,tortheldrin,1456,shaman,restoration,75,38,37
Tizz,quelthalas,1456,shaman,restoration,112,54,58
Totemgoddess,nemesis,1456,shaman,restoration,54,26,28
Freakytiki,azshara,1455,shaman,restoration,52,34,18
Whoshealing,lightninghoof,1455,shaman,restoration,66,35,31
Furrytotems,darkspear,1455,shaman,restoration,126,56,70
Trewlolz,sargeras,1454,shaman,restoration,48,24,24
Draüguss,azralon,1453,shaman,restoration,149,71,78
Rinnan,malganis,1453,shaman,restoration,103,48,55
Crittingbull,veknilash,1452,shaman,restoration,214,111,103
Carltonbanks,aggramar,1452,shaman,restoration,36,18,18
Elex,frostmourne,1451,shaman,restoration,81,37,44
Splonkydonky,stonemaul,1450,shaman,restoration,30,18,12
Tidalstorm,ragnaros,1450,shaman,restoration,90,52,38
Mäjorlazer,lightbringer,1449,shaman,restoration,38,19,19
Buffduude,shadowsong,1449,shaman,restoration,48,22,26
Aguinha,azralon,1448,shaman,restoration,78,38,40
Flubydont,icecrown,1448,shaman,restoration,90,41,49
Blowurbubble,tichondrius,1447,shaman,restoration,42,24,18
Anußis,stormrage,1447,shaman,restoration,65,25,40
Circuits,malganis,1446,shaman,restoration,58,30,28
Joltik,area-52,1444,shaman,restoration,173,84,89
Vzla,ragnaros,1443,shaman,restoration,78,41,37
Milkkshake,illidan,1443,shaman,restoration,250,116,134
Subnôize,bleeding-hollow,1442,shaman,restoration,123,69,54
Alexustexas,tichondrius,1441,shaman,restoration,90,50,40
Halfinha,nemesis,1441,shaman,restoration,187,92,95
Wuargh,area-52,1440,shaman,restoration,220,118,102
Badjojò,ragnaros,1439,shaman,restoration,30,15,15
Breadx,khaz-modan,1439,shaman,restoration,30,15,15
Praxis,tichondrius,1437,shaman,restoration,154,79,75
Shocksfuker,stormrage,1437,shaman,restoration,44,21,23
Miketheseal,bleeding-hollow,1437,shaman,restoration,36,15,21
Creatine,area-52,1436,shaman,restoration,71,37,34
Dawny,arygos,1435,shaman,restoration,36,15,21
Wardruna,andorhal,1434,shaman,restoration,24,15,9
Ãrthor,stormrage,1434,shaman,restoration,78,42,36
Geser,silvermoon,1432,shaman,restoration,44,26,18
Haard,area-52,1432,shaman,restoration,30,15,15
Thormør,tichondrius,1432,shaman,restoration,31,15,16
Shamjam,moon-guard,1431,shaman,restoration,24,15,9
Buffdestru,azralon,1431,shaman,restoration,116,66,50
Insertyzs,azralon,1431,shaman,restoration,66,36,30
Goatpornbad,sargeras,1431,shaman,restoration,102,46,56
Kabasan,illidan,1431,shaman,restoration,60,27,33
Totem,burning-legion,1431,shaman,restoration,36,16,20
Hugebrain,proudmoore,1431,shaman,restoration,124,50,74
Fatherrtime,illidan,1430,shaman,restoration,48,26,22
Galeswind,sargeras,1430,shaman,restoration,72,36,36
Jimmymaclroy,frostmourne,1429,shaman,restoration,36,18,18
Totembarx,illidan,1428,shaman,restoration,42,29,13
Grimtar,burning-blade,1428,shaman,restoration,24,16,8
Savs,tichondrius,1428,shaman,restoration,24,15,9
Santiagodx,ragnaros,1427,shaman,restoration,277,135,142
Nanishock,area-52,1426,shaman,restoration,45,24,21
Xiwg,tichondrius,1425,shaman,restoration,60,23,37
Macdab,malganis,1424,shaman,restoration,36,20,16
Torric,kalecgos,1424,shaman,restoration,66,31,35
Tideful,area-52,1423,shaman,restoration,30,15,15
Kelta,kelthuzad,1423,shaman,restoration,30,15,15
Killercam,maiev,1422,shaman,restoration,267,129,138
Idowhatcdont,kelthuzad,1421,shaman,restoration,24,15,9
Kephax,eonar,1421,shaman,restoration,123,62,61
Reuxxe,area-52,1421,shaman,restoration,179,88,91
Boonno,tichondrius,1421,shaman,restoration,36,15,21
Samanl,tichondrius,1420,shaman,restoration,77,44,33
Cinematticz,tichondrius,1420,shaman,restoration,101,51,50
Pýe,bleeding-hollow,1420,shaman,restoration,42,21,21
Sàuron,tichondrius,1419,shaman,restoration,144,79,65
Slothstorm,barthilas,1419,shaman,restoration,59,31,28
Pümba,azralon,1419,shaman,restoration,30,15,15
Skelesham,zuljin,1418,shaman,restoration,42,28,14
Unchaman,ragnaros,1417,shaman,restoration,145,70,75
Libragirl,tichondrius,1416,shaman,restoration,125,65,60
Psiexrcst,tichondrius,1415,shaman,restoration,54,22,32
Tundertotem,tichondrius,1414,shaman,restoration,80,46,34
Djshammy,barthilas,1414,shaman,restoration,80,42,38
Lunds,tichondrius,1414,shaman,restoration,30,15,15
Vajoku,proudmoore,1414,shaman,restoration,48,22,26
Bearmanshrek,tichondrius,1414,shaman,restoration,72,26,46
Tawahka,hyjal,1412,shaman,restoration,179,87,92
Curador,nemesis,1411,shaman,restoration,30,20,10
Enflexi,lightbringer,1411,shaman,restoration,53,26,27
Maakasarg,tichondrius,1411,shaman,restoration,42,17,25
Orkwa,bleeding-hollow,1410,shaman,restoration,68,32,36
Otem,frostmourne,1410,shaman,restoration,50,23,27
Catchclause,eonar,1409,shaman,restoration,30,15,15
Farö,azralon,1409,shaman,restoration,47,18,29
Xaltas,moon-guard,1407,shaman,restoration,52,33,19
Kaili,illidan,1407,shaman,restoration,63,37,26
Fuzzymuzzy,illidan,1407,shaman,restoration,30,15,15
Elenix,area-52,1406,shaman,restoration,42,22,20
Edhance,area-52,1404,shaman,restoration,107,62,45
Uwuxdlol,tichondrius,1404,shaman,restoration,35,20,15
Shamfold,illidan,1404,shaman,restoration,30,15,15
Zizö,barthilas,1404,shaman,restoration,42,19,23
Ryùko,proudmoore,1404,shaman,restoration,78,30,48
Pamaj,kelthuzad,1404,shaman,restoration,54,19,35
Supdaug,vashj,1402,shaman,restoration,66,32,34
Sploosh,norgannon,1401,shaman,restoration,36,20,16
Bluetooth,stormrage,1401,shaman,restoration,89,39,50
Graymatterz,ysondre,1399,shaman,restoration,72,34,38
Totemhype,tichondrius,1398,shaman,restoration,74,41,33
Shaquillius,tichondrius,1397,shaman,restoration,72,35,37
Ekuku,tichondrius,1396,shaman,restoration,46,24,22
Springtide,thrall,1396,shaman,restoration,77,37,40
Stylesp,area-52,1396,shaman,restoration,125,58,67
Drinkharder,stormrage,1395,shaman,restoration,34,16,18
Arginine,tichondrius,1395,shaman,restoration,42,15,27
Aceshamm,kelthuzad,1394,shaman,restoration,84,46,38
Cethun,amanthul,1394,shaman,restoration,36,18,18
Choochette,illidan,1394,shaman,restoration,108,45,63
Jakjohnson,stormrage,1393,shaman,restoration,33,18,15
Kakiscala,proudmoore,1393,shaman,restoration,30,16,14
ßøvîn,thrall,1393,shaman,restoration,71,36,35
Siyusm,illidan,1393,shaman,restoration,72,25,47
Eggrollninja,illidan,1392,shaman,restoration,24,17,7
Windfrenzy,thrall,1392,shaman,restoration,36,15,21
Largeshaman,zuljin,1391,shaman,restoration,30,15,15
Rizam,malganis,1389,shaman,restoration,42,33,9
Dazu,drakkari,1389,shaman,restoration,24,15,9
Kirawindu,zuljin,1387,shaman,restoration,69,39,30
Halloweenz,area-52,1387,shaman,restoration,30,16,14
Charmize,azralon,1387,shaman,restoration,103,54,49
Woodrose,frostmourne,1387,shaman,restoration,94,46,48
Soowecide,tichondrius,1387,shaman,restoration,60,23,37
Rykku,illidan,1386,shaman,restoration,30,16,14
Shazik,spirestone,1386,shaman,restoration,54,21,33
Kandin,icecrown,1385,shaman,restoration,82,42,40
Fungus,firetree,1384,shaman,restoration,48,26,22
Chitoss,gorgonnash,1384,shaman,restoration,128,60,68
Windpowa,blackrock,1384,shaman,restoration,42,19,23
Sindury,tichondrius,1383,shaman,restoration,156,87,69
Shimansham,aegwynn,1383,shaman,restoration,197,100,97
Fishman,exodar,1382,shaman,restoration,101,45,56
Brosidan,anvilmar,1381,shaman,restoration,50,35,15
Çruces,illidan,1381,shaman,restoration,36,17,19
Thenextcdew,illidan,1380,shaman,restoration,36,20,16
Indesham,drenden,1380,shaman,restoration,34,17,17
Lanuur,moon-guard,1379,shaman,restoration,54,31,23
Nyathera,barthilas,1378,shaman,restoration,90,50,40
Mudlùst,moon-guard,1378,shaman,restoration,67,36,31
Wazskood,stormrage,1378,shaman,restoration,56,25,31
Ottoman,eredar,1378,shaman,restoration,75,32,43
Leca,tichondrius,1378,shaman,restoration,90,38,52
Hannamayzing,arathor,1377,shaman,restoration,36,16,20
Roxzid,area-52,1374,shaman,restoration,57,33,24
Jensenx,proudmoore,1374,shaman,restoration,82,38,44
Aiyoubro,tichondrius,1373,shaman,restoration,23,15,8
Cameltótém,sargeras,1372,shaman,restoration,48,25,23
Blackoutsx,stormreaver,1369,shaman,restoration,28,15,13
Voluptuous,mannoroth,1369,shaman,restoration,513,256,257
Vogaz,ragnaros,1369,shaman,restoration,34,15,19
Gromgrai,bleeding-hollow,1368,shaman,restoration,53,30,23
Shamito,ragnaros,1368,shaman,restoration,51,24,27
Bazinguinha,azralon,1366,shaman,restoration,88,42,46
Thunderborn,laughing-skull,1366,shaman,restoration,36,16,20
Aargonos,tichondrius,1365,shaman,restoration,29,23,6
Krevsham,proudmoore,1364,shaman,restoration,56,23,33
Ralinta,tichondrius,1364,shaman,restoration,77,27,50
Greenenergy,tichondrius,1363,shaman,restoration,54,30,24
Vibration,akama,1359,shaman,restoration,123,67,56
Wyått,emerald-dream,1359,shaman,restoration,95,43,52
Kiojin,ragnaros,1357,shaman,restoration,186,99,87
Wooskier,tichondrius,1355,shaman,restoration,60,32,28
Elementgodx,skullcrusher,1354,shaman,restoration,54,27,27
Urin,emerald-dream,1354,shaman,restoration,39,17,22
Atnaz,drakkari,1352,shaman,restoration,42,24,18
Tumble,frostmourne,1352,shaman,restoration,105,51,54
Amperage,spirestone,1352,shaman,restoration,70,33,37
Chandye,proudmoore,1348,shaman,restoration,72,27,45
Orjamba,barthilas,1347,shaman,restoration,29,17,12
Daddyk,gnomeregan,1347,shaman,restoration,53,30,23
Balsonz,zuljin,1346,shaman,restoration,30,16,14
Odïn,tichondrius,1346,shaman,restoration,30,15,15
Lleonardo,tichondrius,1346,shaman,restoration,54,24,30
Imaspirit,malganis,1346,shaman,restoration,60,25,35
Lildunny,tichondrius,1346,shaman,restoration,36,15,21
Fàrrò,thrall,1345,shaman,restoration,66,39,27
Xajsham,tichondrius,1344,shaman,restoration,102,54,48
Kultirio,quelthalas,1344,shaman,restoration,61,32,29
Elemen,quelthalas,1344,shaman,restoration,97,48,49
Smniss,tichondrius,1344,shaman,restoration,49,23,26
Orochishaman,stormrage,1343,shaman,restoration,24,14,10
Quequin,quelthalas,1343,shaman,restoration,42,21,21
Jhakrï,tichondrius,1343,shaman,restoration,30,14,16
Llgll,tichondrius,1343,shaman,restoration,46,19,27
Karmatide,malganis,1342,shaman,restoration,30,20,10
Dwârf,tichondrius,1342,shaman,restoration,24,14,10
Shämwow,agamaggan,1342,shaman,restoration,820,410,410
Weathersmell,sargeras,1341,shaman,restoration,24,14,10
Crazytotems,dalaran,1341,shaman,restoration,138,71,67
Azumaa,tichondrius,1341,shaman,restoration,191,88,103
Shockpanda,zuljin,1340,shaman,restoration,18,14,4
Fallhazard,malganis,1340,shaman,restoration,40,24,16
Kachupinsito,ragnaros,1339,shaman,restoration,91,45,46
Uhd,malganis,1339,shaman,restoration,44,21,23
Roostershama,tichondrius,1339,shaman,restoration,103,45,58
Rzzn,sargeras,1338,shaman,restoration,24,14,10
Furiousnick,stormrage,1337,shaman,restoration,31,15,16
Shamkack,kelthuzad,1337,shaman,restoration,89,41,48
Earthentotem,tichondrius,1336,shaman,restoration,24,14,10
Yamazakì,nemesis,1336,shaman,restoration,39,15,24
Orbys,illidan,1335,shaman,restoration,24,14,10
Tayictwo,tichondrius,1335,shaman,restoration,30,14,16
Fläkky,tichondrius,1334,shaman,restoration,30,18,12
Satrixss,ragnaros,1334,shaman,restoration,79,44,35
Aseew,drakkari,1334,shaman,restoration,66,31,35
Woof,agamaggan,1334,shaman,restoration,47,16,31
Nerfmytotemz,frostmourne,1333,shaman,restoration,30,14,16
Jaegertotem,stormrage,1332,shaman,restoration,30,17,13
Joyrider,sargeras,1332,shaman,restoration,54,28,26
Zinns,dalaran,1332,shaman,restoration,30,15,15
Alátreon,azralon,1332,shaman,restoration,66,30,36
Ixis,bleeding-hollow,1331,shaman,restoration,24,14,10
Edisto,darkspear,1331,shaman,restoration,30,14,16
Getco,tichondrius,1330,shaman,restoration,42,18,24
Joriko,magtheridon,1330,shaman,restoration,36,14,22
Tampíco,ragnaros,1330,shaman,restoration,36,14,22
Exussh,tichondrius,1329,shaman,restoration,18,15,3
Eccentrix,mannoroth,1329,shaman,restoration,36,14,22
Angron,barthilas,1328,shaman,restoration,34,21,13
Huroth,proudmoore,1328,shaman,restoration,42,14,28
Tesle,illidan,1327,shaman,restoration,36,14,22
Barbosina,stormrage,1326,shaman,restoration,226,116,110
Azhen,ragnaros,1326,shaman,restoration,138,69,69
Tchaishammy,tichondrius,1326,shaman,restoration,29,14,15
Noobcrits,tichondrius,1325,shaman,restoration,48,27,21
Meatballer,queldorei,1325,shaman,restoration,77,42,35
Ginkuma,illidan,1325,shaman,restoration,30,14,16
Afgoox,tichondrius,1324,shaman,restoration,84,47,37
Klausnomi,jaedenar,1324,shaman,restoration,48,21,27
Oriyani,sargeras,1323,shaman,restoration,30,14,16
Zuljiba,illidan,1322,shaman,restoration,60,35,25
Harbert,black-dragonflight,1322,shaman,restoration,72,38,34
Restosud,crushridge,1320,shaman,restoration,30,18,12
Ondra,frostmourne,1320,shaman,restoration,48,24,24
Totemrack,tichondrius,1320,shaman,restoration,48,24,24
Infsham,hyjal,1320,shaman,restoration,60,27,33
Girthquake,agamaggan,1320,shaman,restoration,36,14,22
Kisimi,proudmoore,1319,shaman,restoration,30,18,12
Cleanfossil,stormrage,1319,shaman,restoration,41,24,17
Bearlysober,draka,1319,shaman,restoration,68,37,31
Boggins,dalaran,1318,shaman,restoration,52,25,27
Clutchinbuds,malganis,1318,shaman,restoration,54,24,30
Badião,azralon,1318,shaman,restoration,131,58,73
Latosos,dalaran,1317,shaman,restoration,36,15,21
Aemi,tichondrius,1316,shaman,restoration,120,57,63
Bluebones,frostmane,1314,shaman,restoration,24,14,10
Phtalid,dalaran,1314,shaman,restoration,88,45,43
Beardcramps,tichondrius,1314,shaman,restoration,84,42,42
Schav,stormrage,1313,shaman,restoration,33,19,14
Ithappens,senjin,1310,shaman,restoration,30,16,14
Prøduce,tichondrius,1310,shaman,restoration,60,31,29
Orlá,moon-guard,1310,shaman,restoration,54,18,36
Sphaerus,tichondrius,1309,shaman,restoration,30,14,16
Hefestos,nemesis,1309,shaman,restoration,30,14,16
Absorblife,barthilas,1309,shaman,restoration,69,31,38
Medzoe,tichondrius,1307,shaman,restoration,28,15,13
Youneverknow,frostmourne,1307,shaman,restoration,161,81,80
Sparks,ragnaros,1306,shaman,restoration,89,41,48
Fencepost,bleeding-hollow,1305,shaman,restoration,84,46,38
Toteapole,malganis,1305,shaman,restoration,94,51,43
Torgah,tichondrius,1305,shaman,restoration,90,44,46
Dewstorm,tichondrius,1305,shaman,restoration,35,16,19
Fíxer,tichondrius,1304,shaman,restoration,85,44,41
Solaraa,proudmoore,1304,shaman,restoration,64,31,33
Genjuu,proudmoore,1304,shaman,restoration,42,20,22
Hüsky,dalaran,1303,shaman,restoration,42,14,28
Tumble,barthilas,1302,shaman,restoration,52,26,26
Badgeshock,area-52,1301,shaman,restoration,108,48,60
Cæl,azralon,1300,shaman,restoration,35,20,15
Tedmosbe,tichondrius,1300,shaman,restoration,84,37,47
Tartar,lightbringer,1299,shaman,restoration,99,60,39
Pushaheal,tichondrius,1299,shaman,restoration,54,31,23
Enalen,argent-dawn,1299,shaman,restoration,61,35,26
Ndz,anubarak,1299,shaman,restoration,60,33,27
Mengemort,crushridge,1299,shaman,restoration,46,25,21
Teardrinker,korgath,1299,shaman,restoration,94,46,48
Yarockheal,malganis,1298,shaman,restoration,54,27,27
Juvîa,emerald-dream,1297,shaman,restoration,79,30,49
Bigtoy,frostmane,1296,shaman,restoration,42,14,28
Krishshammy,azshara,1295,shaman,restoration,171,86,85
Desgarcon,zuljin,1294,shaman,restoration,71,37,34
Qitian,tichondrius,1294,shaman,restoration,36,14,22
Defnotheals,kelthuzad,1293,shaman,restoration,90,42,48
Jetstream,shadow-council,1293,shaman,restoration,42,16,26
Izarmona,bleeding-hollow,1292,shaman,restoration,24,15,9
Valst,kiljaeden,1292,shaman,restoration,69,33,36
Slaggdaddy,durotan,1292,shaman,restoration,30,14,16
Murata,tichondrius,1291,shaman,restoration,30,16,14
Totemist,tichondrius,1291,shaman,restoration,54,23,31
Aviator,muradin,1288,shaman,restoration,36,19,17
Problamatic,tichondrius,1288,shaman,restoration,30,14,16
Belgrom,tichondrius,1287,shaman,restoration,42,23,19
Tacho,bleeding-hollow,1287,shaman,restoration,114,56,58
Wunderwaffe,the-underbog,1287,shaman,restoration,84,40,44
Twinkolava,nemesis,1286,shaman,restoration,31,20,11
Drazic,area-52,1286,shaman,restoration,49,28,21
Truemooin,wyrmrest-accord,1286,shaman,restoration,485,243,242
Mynigabob,zuljin,1285,shaman,restoration,148,83,65
Uhfishuhl,bleeding-hollow,1285,shaman,restoration,30,16,14
Shamorrhoids,frostmourne,1285,shaman,restoration,137,70,67
Nezzuk,quelthalas,1285,shaman,restoration,96,42,54
Mythshaman,tichondrius,1285,shaman,restoration,48,17,31
Ketaminedrip,illidan,1284,shaman,restoration,42,22,20
Stargun,korgath,1284,shaman,restoration,147,76,71
Feldstar,stormrage,1284,shaman,restoration,103,47,56
Sukthistotem,kelthuzad,1282,shaman,restoration,24,16,8
Tym,sargeras,1281,shaman,restoration,42,22,20
Alraxion,ragnaros,1281,shaman,restoration,84,41,43
Ulala,azshara,1280,shaman,restoration,72,31,41
Hasselshock,area-52,1280,shaman,restoration,94,40,54
Mudeng,tichondrius,1276,shaman,restoration,60,30,30
Eekumbokum,bleeding-hollow,1275,shaman,restoration,68,36,32
Klaital,boulderfist,1274,shaman,restoration,30,21,9
Trúnks,magtheridon,1273,shaman,restoration,102,48,54
Retgarr,tichondrius,1272,shaman,restoration,30,17,13
Foodlust,sargeras,1272,shaman,restoration,108,57,51
Sharmut,bleeding-hollow,1272,shaman,restoration,130,67,63
Tákhisis,darkspear,1271,shaman,restoration,72,33,39
Angelicrain,stormrage,1269,shaman,restoration,30,16,14
Derkx,thrall,1268,shaman,restoration,30,22,8
Thomastides,tichondrius,1268,shaman,restoration,78,36,42
Taò,tichondrius,1267,shaman,restoration,102,48,54
Killdeaderer,barthilas,1266,shaman,restoration,136,79,57
Kripnotik,nathrezim,1266,shaman,restoration,42,16,26
Joocer,emerald-dream,1265,shaman,restoration,102,48,54
Shiestys,tichondrius,1264,shaman,restoration,33,23,10
Foray,barthilas,1264,shaman,restoration,36,19,17
Shohzegky,azralon,1264,shaman,restoration,97,43,54
Dodirt,laughing-skull,1263,shaman,restoration,30,17,13
Kunio,proudmoore,1261,shaman,restoration,42,22,20
Menah,moon-guard,1260,shaman,restoration,36,20,16
Hauby,zuljin,1259,shaman,restoration,48,15,33
Jru,tichondrius,1257,shaman,restoration,31,14,17
Massif,emerald-dream,1256,shaman,restoration,31,14,17
Ragerax,trollbane,1254,shaman,restoration,23,16,7
Tigrains,proudmoore,1252,shaman,restoration,29,15,14
Ironcaulk,kelthuzad,1252,shaman,restoration,54,26,28
Luto,tichondrius,1251,shaman,restoration,130,71,59
Freyttreyn,garrosh,1251,shaman,restoration,54,29,25
Blodbar,kiljaeden,1249,shaman,restoration,36,24,12
Watchmytrem,ragnaros,1249,shaman,restoration,60,20,40
Evilabev,bonechewer,1248,shaman,restoration,24,13,11
Toroph,azralon,1248,shaman,restoration,30,16,14
Bigwave,zuluhed,1248,shaman,restoration,30,15,15
Kwesy,tichondrius,1248,shaman,restoration,30,13,17
Swinginwilly,barthilas,1248,shaman,restoration,36,14,22
Bubbert,illidan,1248,shaman,restoration,60,21,39
Tôôz,stormrage,1247,shaman,restoration,18,13,5
Kosiee,frostmourne,1247,shaman,restoration,24,13,11
Overtax,tichondrius,1246,shaman,restoration,18,13,5
Chiggys,area-52,1246,shaman,restoration,24,13,11
Momolagbbit,tichondrius,1246,shaman,restoration,24,13,11
Exceedër,ragnaros,1246,shaman,restoration,24,13,11
Cónò,tichondrius,1246,shaman,restoration,84,39,45
Delíta,quelthalas,1246,shaman,restoration,65,26,39
Tays,tichondrius,1245,shaman,restoration,18,13,5
Scape,emerald-dream,1244,shaman,restoration,18,13,5
Aelwydx,quelthalas,1244,shaman,restoration,275,139,136
Shoxx,wyrmrest-accord,1243,shaman,restoration,24,13,11
Zqshaman,tichondrius,1243,shaman,restoration,30,14,16
Jsoto,ghostlands,1243,shaman,restoration,30,13,17
Darkn,cenarion-circle,1242,shaman,restoration,36,18,18
Óompaloompa,frostmourne,1242,shaman,restoration,30,13,17
Chenguanxi,tichondrius,1240,shaman,restoration,18,13,5
Droni,emerald-dream,1240,shaman,restoration,30,16,14
Jaandar,saurfang,1240,shaman,restoration,141,71,70
Keekballx,tichondrius,1240,shaman,restoration,30,13,17
Nomediocur,moknathal,1240,shaman,restoration,61,24,37
Spekgawd,emerald-dream,1239,shaman,restoration,18,13,5
Jnzz,area-52,1239,shaman,restoration,24,13,11
Hearthx,perenolde,1239,shaman,restoration,30,13,17
Battleobobby,medivh,1239,shaman,restoration,41,13,28
Booyahshaman,area-52,1238,shaman,restoration,30,17,13
Beefstocks,area-52,1238,shaman,restoration,66,32,34
Entropey,daggerspine,1238,shaman,restoration,65,28,37
Lastdwarf,tichondrius,1237,shaman,restoration,18,13,5
Shamakazi,tichondrius,1237,shaman,restoration,31,14,17
Wugmuk,illidan,1236,shaman,restoration,149,73,76
Êdge,quelthalas,1235,shaman,restoration,69,33,36
Chingobling,illidan,1234,shaman,restoration,24,13,11
Turtleinmud,frostmourne,1234,shaman,restoration,24,13,11
Krolii,tichondrius,1234,shaman,restoration,80,33,47
Shamicare,stormrage,1232,shaman,restoration,136,75,61
Karrydoskftw,ragnaros,1232,shaman,restoration,145,68,77
Kinjin,dragonmaw,1232,shaman,restoration,30,13,17
Quakess,zuljin,1232,shaman,restoration,36,13,23
Kommotion,proudmoore,1232,shaman,restoration,36,13,23
Fênrisulfer,area-52,1231,shaman,restoration,89,37,52
Kikkóman,malganis,1230,shaman,restoration,48,25,23
Brislin,sargeras,1230,shaman,restoration,238,117,121
Kinshaman,lightnings-blade,1230,shaman,restoration,103,49,54
Peppito,illidan,1229,shaman,restoration,51,29,22
Edemental,area-52,1229,shaman,restoration,129,61,68
Turblix,tichondrius,1228,shaman,restoration,51,33,18
Lhost,tanaris,1228,shaman,restoration,30,17,13
Terdsammich,malganis,1227,shaman,restoration,51,27,24
Lüca,wyrmrest-accord,1226,shaman,restoration,357,187,170
Bäsedgód,tichondrius,1225,shaman,restoration,30,13,17
Ozzai,ragnaros,1225,shaman,restoration,42,15,27
Mishalla,tichondrius,1224,shaman,restoration,72,27,45
Hammerme,barthilas,1220,shaman,restoration,107,40,67
Hoong,garrosh,1219,shaman,restoration,32,17,15
Thizzasta,blackhand,1219,shaman,restoration,40,18,22
Keiox,ragnaros,1218,shaman,restoration,24,13,11
Donmills,tichondrius,1218,shaman,restoration,54,23,31
Lavablurst,stormrage,1218,shaman,restoration,59,23,36
Exportgold,barthilas,1218,shaman,restoration,42,16,26
Milkmeforhp,frostmourne,1217,shaman,restoration,126,64,62
Babytiramisu,stormrage,1217,shaman,restoration,36,16,20
Zetli,tichondrius,1217,shaman,restoration,66,24,42
Bitxxnumber,tichondrius,1216,shaman,restoration,234,124,110
Spiritbear,zuljin,1215,shaman,restoration,42,27,15
Fenny,proudmoore,1215,shaman,restoration,35,18,17
Hicys,azralon,1215,shaman,restoration,143,71,72
Flametide,proudmoore,1212,shaman,restoration,47,27,20
Smashtheface,nagrand,1211,shaman,restoration,54,27,27
Mochiko,frostmourne,1211,shaman,restoration,74,35,39
Dabmarinø,tichondrius,1209,shaman,restoration,30,18,12
Certz,dark-iron,1209,shaman,restoration,39,15,24
Voodoototems,frostmourne,1207,shaman,restoration,51,25,26
Alphamael,lightbringer,1207,shaman,restoration,50,20,30
Plausibility,moon-guard,1206,shaman,restoration,24,13,11
Paratroop,bonechewer,1206,shaman,restoration,63,27,36
Patoron,proudmoore,1204,shaman,restoration,34,17,17
Bluffin,stormrage,1201,shaman,restoration,24,17,7
Magnethor,frostmourne,1200,shaman,restoration,42,24,18
Thräll,shuhalo,1200,shaman,restoration,202,103,99
Ogtrippleog,blackwing-lair,1200,shaman,restoration,47,19,28
Redbulls,azralon,1198,shaman,restoration,96,54,42
Rahkani,kiljaeden,1197,shaman,restoration,24,13,11
Cruelface,sargeras,1196,shaman,restoration,26,14,12
Jaegeer,azralon,1195,shaman,restoration,30,16,14
Yamishka,dalaran,1193,shaman,restoration,54,22,32
Synkrona,tichondrius,1191,shaman,restoration,38,16,22
Furti,daggerspine,1190,shaman,restoration,34,16,18
Thorsén,ursin,1190,shaman,restoration,48,20,28
Nobiggy,tichondrius,1190,shaman,restoration,33,13,20
Babibolo,duskwood,1187,shaman,restoration,24,13,11
Turksham,tichondrius,1187,shaman,restoration,35,18,17
Churgarm,zuljin,1185,shaman,restoration,36,21,15
Peanutto,illidan,1185,shaman,restoration,143,78,65
Lokhtar,zuljin,1184,shaman,restoration,36,17,19
Adrô,barthilas,1184,shaman,restoration,96,42,54
Getwetand,quelthalas,1182,shaman,restoration,103,51,52
Stabix,tichondrius,1181,shaman,restoration,66,31,35
Cheliz,thrall,1180,shaman,restoration,64,25,39
Rimmington,frostmourne,1179,shaman,restoration,54,24,30
Shaokhang,emerald-dream,1179,shaman,restoration,82,33,49
Dcãicer,quelthalas,1178,shaman,restoration,25,15,10
Rajin,sentinels,1178,shaman,restoration,36,18,18
Dibatotenz,azralon,1178,shaman,restoration,44,16,28
Grimmzhul,daggerspine,1172,shaman,restoration,110,57,53
Saicey,zuljin,1171,shaman,restoration,78,41,37
Vanty,proudmoore,1170,shaman,restoration,29,13,16
Shammimane,tichondrius,1169,shaman,restoration,107,53,54
Hedbang,kiljaeden,1169,shaman,restoration,60,24,36
Wazöö,sargeras,1168,shaman,restoration,63,28,35
Oomshamm,area-52,1167,shaman,restoration,130,68,62
Shazikial,illidan,1167,shaman,restoration,38,18,20
Drumman,skullcrusher,1167,shaman,restoration,48,19,29
Onpoint,frostmourne,1165,shaman,restoration,23,13,10
Uluwatu,bleeding-hollow,1165,shaman,restoration,30,16,14
Twoflower,frostmourne,1163,shaman,restoration,142,68,74
Grakkah,thrall,1162,shaman,restoration,30,13,17
Yeetle,gorefiend,1160,shaman,restoration,40,20,20
Stahlman,blackhand,1160,shaman,restoration,48,17,31
Drboidzerg,tichondrius,1154,shaman,restoration,32,20,12
Chagun,illidan,1154,shaman,restoration,24,13,11
Lulers,cenarius,1154,shaman,restoration,48,22,26
Dahmerjr,area-52,1153,shaman,restoration,78,43,35
Lezzer,ragnaros,1153,shaman,restoration,66,26,40
Rawdòggin,emerald-dream,1152,shaman,restoration,33,13,20
Booramz,tichondrius,1151,shaman,restoration,18,12,6
Ruupaul,kiljaeden,1151,shaman,restoration,18,12,6
Owtyobwol,area-52,1151,shaman,restoration,18,12,6
Hoatboiz,magtheridon,1151,shaman,restoration,54,14,40
Gödöfbüdå,tichondrius,1150,shaman,restoration,18,12,6
Scrototëm,azralon,1150,shaman,restoration,36,21,15
Uglybastrd,stormrage,1150,shaman,restoration,24,12,12
Ponyi,frostmourne,1150,shaman,restoration,30,12,18
Skrubbles,mugthol,1149,shaman,restoration,18,12,6
Hatethetotem,bleeding-hollow,1149,shaman,restoration,50,25,25
Loanomi,zuljin,1148,shaman,restoration,30,16,14
Noolube,barthilas,1148,shaman,restoration,24,12,12
Jineluki,emerald-dream,1148,shaman,restoration,53,23,30
Adventstrike,tichondrius,1148,shaman,restoration,45,14,31
Xiaoxiboy,tichondrius,1147,shaman,restoration,24,12,12
Ricn,tichondrius,1147,shaman,restoration,24,12,12
Branasou,emerald-dream,1147,shaman,restoration,30,12,18
Tizm,stormrage,1146,shaman,restoration,24,12,12
Bitruff,tichondrius,1146,shaman,restoration,24,12,12
Yeeraldyn,quelthalas,1146,shaman,restoration,30,12,18
Foghoran,quelthalas,1144,shaman,restoration,24,13,11
Boltadeez,tichondrius,1144,shaman,restoration,24,12,12
Glizzyfeast,illidan,1143,shaman,restoration,18,12,6
Zombaschamy,ragnaros,1142,shaman,restoration,24,12,12
Skylet,azralon,1140,shaman,restoration,24,12,12
Laterallus,nagrand,1139,shaman,restoration,92,47,45
Totemfizzle,spirestone,1137,shaman,restoration,24,12,12
Elecpod,frostmourne,1137,shaman,restoration,32,12,20
Gsync,tichondrius,1136,shaman,restoration,76,45,31
Winchi,stormrage,1136,shaman,restoration,24,12,12
Hateshifter,kul-tiras,1136,shaman,restoration,30,12,18
Devipersham,frostmourne,1135,shaman,restoration,24,12,12
Charr,nemesis,1133,shaman,restoration,30,14,16
Orcstain,moknathal,1132,shaman,restoration,106,36,70
Smooths,bloodscalp,1131,shaman,restoration,30,16,14
Meanbetty,illidan,1131,shaman,restoration,24,12,12
Ladilloso,zuljin,1131,shaman,restoration,59,24,35
Lechaman,hakkar,1131,shaman,restoration,66,22,44
Cameltotêm,frostmourne,1130,shaman,restoration,30,17,13
Dragonsauce,grizzly-hills,1130,shaman,restoration,41,16,25
Restoramen,frostmourne,1128,shaman,restoration,37,15,22
Mandinga,warsong,1127,shaman,restoration,77,34,43
Darrann,kiljaeden,1126,shaman,restoration,18,12,6
Dinaliia,lothar,1126,shaman,restoration,36,16,20
Käck,tichondrius,1122,shaman,restoration,62,28,34
Sephyros,ragnaros,1121,shaman,restoration,24,12,12
Bóòchainz,tichondrius,1120,shaman,restoration,22,13,9
Rocksteddy,area-52,1120,shaman,restoration,24,12,12
Allegrata,sargeras,1119,shaman,restoration,24,13,11
Saxaboom,tichondrius,1115,shaman,restoration,30,12,18
Etherys,frostmourne,1114,shaman,restoration,36,21,15
Phira,tichondrius,1114,shaman,restoration,78,40,38
Senzxlolxz,lightbringer,1106,shaman,restoration,57,33,24
Shammyguy,stormreaver,1103,shaman,restoration,50,23,27
Ttass,dalaran,1102,shaman,restoration,35,13,22
Qüickeze,khazgoroth,1097,shaman,restoration,22,15,7
Chablez,shattered-hand,1096,shaman,restoration,30,13,17
Shockalama,tichondrius,1094,shaman,restoration,72,27,45
Htsu,quelthalas,1093,shaman,restoration,28,13,15
Shocksamdi,malganis,1093,shaman,restoration,36,13,23
Stormburst,sargeras,1092,shaman,restoration,42,20,22
Tremór,frostmourne,1091,shaman,restoration,24,14,10
Baygone,tichondrius,1088,shaman,restoration,30,14,16
Taquitho,quelthalas,1088,shaman,restoration,75,32,43
Mikeisbadwow,tichondrius,1086,shaman,restoration,16,12,4
Lebs,barthilas,1084,shaman,restoration,20,12,8
Shockbot,stormscale,1084,shaman,restoration,35,12,23
Väsain,wyrmrest-accord,1081,shaman,restoration,30,12,18
Belínski,azralon,1080,shaman,restoration,48,26,22
Lavatotem,stormrage,1078,shaman,restoration,47,25,22
Delayy,destromath,1075,shaman,restoration,77,32,45
Turbluscious,frostmourne,1074,shaman,restoration,49,26,23
Eyris,dathremar,1074,shaman,restoration,71,31,40
Narikó,aggramar,1073,shaman,restoration,100,56,44
Umbrood,area-52,1073,shaman,restoration,28,13,15
Eleshortal,azuremyst,1073,shaman,restoration,45,19,26
Grullander,hakkar,1072,shaman,restoration,41,23,18
Racsors,ragnaros,1072,shaman,restoration,30,16,14
Elharm,ragnaros,1072,shaman,restoration,36,13,23
Hazorele,nagrand,1069,shaman,restoration,48,23,25
Zhyrouvstorm,stormrage,1068,shaman,restoration,60,27,33
Maserati,korialstrasz,1067,shaman,restoration,58,24,34
Sekkuo,kiljaeden,1061,shaman,restoration,60,28,32
Littledream,quelthalas,1061,shaman,restoration,58,26,32
Frizzie,barthilas,1060,shaman,restoration,77,19,58
Biofly,thrall,1056,shaman,restoration,18,11,7
Handzum,blades-edge,1056,shaman,restoration,18,11,7
Nickwoper,emerald-dream,1056,shaman,restoration,18,11,7
Lfgzookeeper,malganis,1056,shaman,restoration,18,11,7
Censyzz,tichondrius,1056,shaman,restoration,24,11,13
Brocules,aerie-peak,1056,shaman,restoration,24,11,13
Jukedlawl,illidan,1056,shaman,restoration,30,11,19
Sweetpotatoe,malganis,1055,shaman,restoration,24,11,13
Pericazo,sargeras,1055,shaman,restoration,24,11,13
Fluiid,tichondrius,1055,shaman,restoration,24,11,13
Localxhero,stormrage,1055,shaman,restoration,24,11,13
Jtrxs,tichondrius,1055,shaman,restoration,24,11,13
Mindgooblin,sargeras,1055,shaman,restoration,36,11,25
Ituma,tichondrius,1054,shaman,restoration,18,11,7
Cháningtotem,frostmourne,1054,shaman,restoration,18,11,7
Earthfirex,ragnaros,1054,shaman,restoration,18,11,7
Sipo,tichondrius,1054,shaman,restoration,18,11,7
Gorillox,chogall,1054,shaman,restoration,24,11,13
Vixeen,kelthuzad,1054,shaman,restoration,24,11,13
Keybordternr,tichondrius,1054,shaman,restoration,24,11,13
Nosekandyz,chogall,1054,shaman,restoration,24,11,13
Elmonkeyloco,bleeding-hollow,1053,shaman,restoration,18,11,7
Possessing,illidan,1053,shaman,restoration,24,11,13
Murm,burning-blade,1053,shaman,restoration,24,11,13
Velesa,kiljaeden,1052,shaman,restoration,30,11,19
Glark,tichondrius,1051,shaman,restoration,24,11,13
Tamzlol,the-forgotten-coast,1051,shaman,restoration,24,11,13
Chebbs,bleeding-hollow,1050,shaman,restoration,18,11,7
Kuhdos,caelestrasz,1050,shaman,restoration,24,11,13
Dragum,blackrock,1050,shaman,restoration,30,11,19
Paradigm,sargeras,1049,shaman,restoration,18,11,7
Millionvoltz,tichondrius,1049,shaman,restoration,24,11,13
Speedranger,stormrage,1049,shaman,restoration,48,20,28
Groundded,tichondrius,1049,shaman,restoration,35,11,24
Totemism,warsong,1048,shaman,restoration,18,11,7
Ryuukas,illidan,1047,shaman,restoration,18,11,7
Kaleska,area-52,1047,shaman,restoration,32,11,21
Mcstop,tanaris,1046,shaman,restoration,36,15,21
Tràuma,caelestrasz,1045,shaman,restoration,45,13,32
Elpide,area-52,1044,shaman,restoration,18,11,7
Kronko,frostmourne,1044,shaman,restoration,24,11,13
Leogi,daggerspine,1044,shaman,restoration,27,11,16
Gl,nordrassil,1043,shaman,restoration,18,11,7
Enzÿte,tichondrius,1043,shaman,restoration,24,11,13
Saraguthix,dalaran,1043,shaman,restoration,30,11,19
Pootergash,shadowmoon,1041,shaman,restoration,24,11,13
Mvpstorm,darkspear,1041,shaman,restoration,24,11,13
Geoleo,stormrage,1040,shaman,restoration,42,17,25
Zugzugthug,moon-guard,1040,shaman,restoration,84,33,51
Kazino,stormrage,1032,shaman,restoration,22,12,10
Aimiréal,nagrand,1030,shaman,restoration,30,17,13
Zoodoo,nagrand,1027,shaman,restoration,59,21,38
Plop,tichondrius,1024,shaman,restoration,16,12,4
Anttoekneeoh,thrall,1024,shaman,restoration,24,12,12
Vaginix,tichondrius,1023,shaman,restoration,30,11,19
Mastrionilol,stormrage,1023,shaman,restoration,34,11,23
Slëvin,frostmourne,1023,shaman,restoration,42,13,29
Kulgur,ravenholdt,1022,shaman,restoration,29,19,10
Dextex,azralon,1022,shaman,restoration,47,26,21
Zonsham,drakkari,1017,shaman,restoration,24,11,13
Nupi,thaurissan,1013,shaman,restoration,59,26,33
Lazi,frostmourne,1008,shaman,restoration,27,12,15
Volsdeep,illidan,1007,shaman,restoration,21,11,10
Illeh,illidan,1005,shaman,restoration,42,19,23
Hoghlinn,stormrage,1003,shaman,restoration,14,12,2
Smolder,magtheridon,1000,shaman,restoration,54,32,22
Shamankie,tichondrius,999,shaman,restoration,40,13,27
Hentaistorm,kiljaeden,998,shaman,restoration,80,41,39
Mythruxx,sargeras,993,shaman,restoration,26,12,14
Kencyzz,tichondrius,991,shaman,restoration,17,11,6
Nottrhall,azralon,990,shaman,restoration,14,11,3
Superchunk,shattered-hand,990,shaman,restoration,132,68,64
Dùffman,jubeithos,988,shaman,restoration,29,13,16
Arjen,kelthuzad,986,shaman,restoration,17,12,5
Matrìx,sargeras,985,shaman,restoration,68,35,33
Faegle,area-52,984,shaman,restoration,24,11,13
Doomgodx,tichondrius,983,shaman,restoration,36,16,20
Bettoo,ragnaros,980,shaman,restoration,29,12,17
Banterx,emerald-dream,979,shaman,restoration,35,12,23
Andrastia,thrall,976,shaman,restoration,24,15,9
Shamadran,hyjal,971,shaman,restoration,23,11,12
Monorim,barthilas,969,shaman,restoration,30,14,16
Njjshamm,thrall,969,shaman,restoration,36,16,20
Robis,thrall,968,shaman,restoration,161,79,82
Tharapita,bleeding-hollow,968,shaman,restoration,33,12,21
Gabbin,dalaran,960,shaman,restoration,12,10,2
Okinn,malganis,960,shaman,restoration,12,10,2
Sagester,illidan,960,shaman,restoration,16,11,5
Hst,barthilas,960,shaman,restoration,18,10,8
Burstekka,tichondrius,960,shaman,restoration,18,10,8
Paperbot,barthilas,960,shaman,restoration,18,10,8
Yunotho,sargeras,960,shaman,restoration,18,10,8
Naisayyds,tichondrius,960,shaman,restoration,18,10,8
Victusk,tichondrius,960,shaman,restoration,18,10,8
Freerath,tichondrius,960,shaman,restoration,22,10,12
Enhancex,frostwolf,960,shaman,restoration,24,10,14
Nisthesham,tichondrius,960,shaman,restoration,24,10,14
Farfar,tichondrius,959,shaman,restoration,12,10,2
Esoterikk,malganis,959,shaman,restoration,18,10,8
Awsika,lethon,959,shaman,restoration,18,10,8
Rzul,tichondrius,959,shaman,restoration,18,10,8
Zensarg,tichondrius,959,shaman,restoration,18,10,8
Lodekimm,tichondrius,959,shaman,restoration,18,10,8
Service,llane,959,shaman,restoration,18,10,8
Jisthexx,senjin,959,shaman,restoration,24,10,14
Forcè,bleeding-hollow,959,shaman,restoration,24,10,14
Valcn,moon-guard,959,shaman,restoration,24,10,14
Matzuga,bleeding-hollow,959,shaman,restoration,24,10,14
Cosmô,sargeras,959,shaman,restoration,30,10,20
Ggoong,tichondrius,959,shaman,restoration,36,10,26
Vinceshamwow,lightbringer,958,shaman,restoration,12,10,2
Joeschhmoe,tichondrius,958,shaman,restoration,18,10,8
Shyva,frostmourne,958,shaman,restoration,18,10,8
Thundershade,deathwing,958,shaman,restoration,24,10,14
Weirdboi,area-52,958,shaman,restoration,24,10,14
Lawlsham,korgath,957,shaman,restoration,12,10,2
Jfrzd,tichondrius,957,shaman,restoration,12,10,2
Humpvack,tichondrius,957,shaman,restoration,18,10,8
Athayis,malorne,957,shaman,restoration,59,31,28
Rsham,dragonmaw,956,shaman,restoration,18,10,8
Karaaka,ysera,956,shaman,restoration,30,10,20
Oohkillemm,silvermoon,955,shaman,restoration,18,10,8
Shammystic,quelthalas,955,shaman,restoration,54,19,35
Volzuna,wyrmrest-accord,954,shaman,restoration,24,10,14
Johnnyblue,frostmourne,954,shaman,restoration,30,10,20
Stackinheals,thrall,953,shaman,restoration,30,10,20
Raininwishes,aegwynn,952,shaman,restoration,18,10,8
Tequíla,quelthalas,952,shaman,restoration,18,10,8
Mikeyodinson,area-52,952,shaman,restoration,24,10,14
Bruhh,khadgar,951,shaman,restoration,18,10,8
Romcomx,tichondrius,951,shaman,restoration,24,10,14
Soulmiracle,tichondrius,951,shaman,restoration,24,10,14
Overcåst,barthilas,951,shaman,restoration,36,10,26
Castte,ragnaros,950,shaman,restoration,86,38,48
Strohz,undermine,950,shaman,restoration,24,10,14
Psilocypher,nazjatar,949,shaman,restoration,30,16,14
Tabby,emerald-dream,948,shaman,restoration,24,10,14
Daxetan,area-52,947,shaman,restoration,18,10,8
Ayahuassca,illidan,947,shaman,restoration,50,22,28
Recyclicrab,skullcrusher,945,shaman,restoration,12,10,2
Skippe,hyjal,943,shaman,restoration,18,10,8
Boppshock,tichondrius,928,shaman,restoration,16,11,5
Mikeoxxgigg,kelthuzad,927,shaman,restoration,51,28,23
Haether,madoran,926,shaman,restoration,101,50,51
Colberton,dalaran,926,shaman,restoration,23,10,13
Rastablaze,darkspear,926,shaman,restoration,70,27,43
Artsha,tol-barad,925,shaman,restoration,18,11,7
Mikeyshockus,hydraxis,922,shaman,restoration,47,19,28
Djbs,stormrage,922,shaman,restoration,32,11,21
Klev,frostmourne,921,shaman,restoration,33,12,21
Jorko,dathremar,918,shaman,restoration,26,16,10
Malløry,mugthol,917,shaman,restoration,30,12,18
Flexexpress,stormrage,911,shaman,restoration,17,10,7
Privxd,bleeding-hollow,910,shaman,restoration,17,10,7
Mainstreamx,sargeras,908,shaman,restoration,33,10,23
Bitflip,jubeithos,907,shaman,restoration,21,10,11
Jessestevens,kiljaeden,905,shaman,restoration,17,10,7
Tyrión,aggramar,905,shaman,restoration,27,12,15
Alestorm,nemesis,899,shaman,restoration,28,12,16
Booz,caelestrasz,895,shaman,restoration,30,10,20
Shämpäin,moon-guard,891,shaman,restoration,26,10,16
Imperiumrum,azuremyst,887,shaman,restoration,77,41,36
Jenniferlynn,tichondrius,886,shaman,restoration,48,15,33
Swifteyy,area-52,883,shaman,restoration,22,10,12
Astàròth,malganis,880,shaman,restoration,13,10,3
Orouboros,area-52,869,shaman,restoration,72,25,47
Galarix,nerzhul,867,shaman,restoration,60,16,44
Seiunsky,area-52,864,shaman,restoration,12,9,3
Bakenquake,tichondrius,864,shaman,restoration,12,9,3
Iadyboi,kiljaeden,864,shaman,restoration,12,9,3
ßonevoyage,malganis,864,shaman,restoration,12,9,3
Pangniu,illidan,864,shaman,restoration,12,9,3
Washedupty,illidan,864,shaman,restoration,12,9,3
Genesiis,stormrage,864,shaman,restoration,12,9,3
Luckalicious,proudmoore,864,shaman,restoration,12,9,3
Èmaxx,barthilas,864,shaman,restoration,12,9,3
Hexcalibur,laughing-skull,864,shaman,restoration,18,9,9
Flatt,uther,864,shaman,restoration,18,9,9
Gargrax,malganis,864,shaman,restoration,18,9,9
Plotwave,bleeding-hollow,864,shaman,restoration,18,9,9
Kirschblute,proudmoore,864,shaman,restoration,18,9,9
Meepsham,kilrogg,864,shaman,restoration,18,9,9
Awyiss,dreadmaul,864,shaman,restoration,18,9,9
Neviahz,illidan,864,shaman,restoration,18,9,9
Medullarum,suramar,864,shaman,restoration,18,9,9
Shamanesè,emerald-dream,864,shaman,restoration,24,9,15
Funktotem,zuluhed,864,shaman,restoration,24,9,15
Wildmaster,ragnaros,864,shaman,restoration,30,9,21
Kzxs,illidan,863,shaman,restoration,12,9,3
Deosculation,tichondrius,863,shaman,restoration,12,9,3
Køre,tichondrius,863,shaman,restoration,12,9,3
Lazie,perenolde,863,shaman,restoration,12,9,3
Ajvl,tichondrius,863,shaman,restoration,12,9,3
Shamanology,echo-isles,863,shaman,restoration,15,10,5
Chlknx,tichondrius,863,shaman,restoration,18,9,9
Hoofpics,dalaran,863,shaman,restoration,18,9,9
Snoff,burning-blade,863,shaman,restoration,18,9,9
Darcheros,quelthalas,863,shaman,restoration,18,9,9
Potf,illidan,863,shaman,restoration,18,9,9
Gornu,nemesis,863,shaman,restoration,18,9,9
Multran,stormscale,863,shaman,restoration,18,9,9
Murica,area-52,863,shaman,restoration,18,9,9
Buffele,tichondrius,863,shaman,restoration,18,9,9
Thungo,thaurissan,863,shaman,restoration,18,9,9
Exiledsham,area-52,863,shaman,restoration,18,9,9
Kassper,tichondrius,863,shaman,restoration,18,9,9
Elmoss,thrall,863,shaman,restoration,24,9,15
Mastrionilol,dragonmaw,863,shaman,restoration,24,9,15
Yoloswage,tichondrius,863,shaman,restoration,33,10,23
Udungoofedd,the-underbog,862,shaman,restoration,12,9,3
Obrahma,burning-legion,862,shaman,restoration,18,9,9
Drünk,hyjal,862,shaman,restoration,18,9,9
Rekashaki,illidan,862,shaman,restoration,24,9,15
Mâdy,quelthalas,861,shaman,restoration,12,9,3
Soppin,bleeding-hollow,861,shaman,restoration,18,9,9
Umadilia,area-52,861,shaman,restoration,18,9,9
Milkstress,whisperwind,861,shaman,restoration,24,9,15
Xolkrem,stormrage,861,shaman,restoration,24,9,15
Esanim,tichondrius,860,shaman,restoration,18,9,9
Bacnbitz,hellscream,860,shaman,restoration,24,9,15
Wagesisdeath,illidan,859,shaman,restoration,24,9,15
Shockburst,dalaran,858,shaman,restoration,18,9,9
Ironfart,destromath,858,shaman,restoration,18,9,9
Phatheelz,tichondrius,857,shaman,restoration,12,9,3
Blois,thunderlord,857,shaman,restoration,18,9,9
Vulcanuzz,ragnaros,856,shaman,restoration,24,9,15
Stormblast,stormrage,856,shaman,restoration,42,9,33
Chungie,laughing-skull,855,shaman,restoration,18,9,9
Powerpress,thunderlord,855,shaman,restoration,18,9,9
Yakella,trollbane,854,shaman,restoration,12,9,3
Donix,destromath,854,shaman,restoration,30,11,19
Mtnju,eredar,852,shaman,restoration,18,9,9
Uggbootz,amanthul,851,shaman,restoration,37,13,24
Vogelbach,ragnaros,849,shaman,restoration,18,10,8
Çatastrophe,dalaran,849,shaman,restoration,18,9,9
Elementium,azshara,847,shaman,restoration,29,9,20
Fio,nerzhul,846,shaman,restoration,246,111,135
Felzbirt,uldum,835,shaman,restoration,18,9,9
Orcaninja,zuljin,830,shaman,restoration,16,9,7
Sittingwolf,stormreaver,825,shaman,restoration,17,9,8
Juksi,the-scryers,820,shaman,restoration,23,9,14
Insidetrader,illidan,815,shaman,restoration,15,10,5
Importmodule,frostmourne,796,shaman,restoration,23,9,14
Restoele,tichondrius,768,shaman,restoration,12,8,4
Steverz,daggerspine,768,shaman,restoration,12,8,4
Hexistential,tichondrius,768,shaman,restoration,12,8,4
Longlivecrit,exodar,768,shaman,restoration,12,8,4
Xbk,tichondrius,768,shaman,restoration,12,8,4
Kensyz,tichondrius,768,shaman,restoration,12,8,4
Xannysnapper,zuljin,768,shaman,restoration,12,8,4
Vernzi,laughing-skull,768,shaman,restoration,12,8,4
Touchmytotmm,tichondrius,768,shaman,restoration,12,8,4
Kaskä,tichondrius,768,shaman,restoration,12,8,4
Kìttý,malganis,768,shaman,restoration,12,8,4
Shxl,zuljin,768,shaman,restoration,12,8,4
Plznostepmom,tichondrius,768,shaman,restoration,12,8,4
Hoonjojjyans,tichondrius,768,shaman,restoration,12,8,4
Atorinà,tichondrius,768,shaman,restoration,12,8,4
Lavamon,illidan,768,shaman,restoration,12,8,4
Ggdumpy,tichondrius,768,shaman,restoration,12,8,4
Floofs,kelthuzad,768,shaman,restoration,12,8,4
Xiaoshaman,frostmourne,768,shaman,restoration,12,8,4
Xiaoshaman,tichondrius,768,shaman,restoration,12,8,4
Ophitotem,zuljin,768,shaman,restoration,12,8,4
Songo,frostmane,768,shaman,restoration,18,8,10
Fyc,wyrmrest-accord,768,shaman,restoration,18,8,10
Wolvez,tichondrius,768,shaman,restoration,18,8,10
Sgtsosix,zuljin,768,shaman,restoration,18,8,10
Toastjr,frostmourne,768,shaman,restoration,18,8,10
Ändiroba,azralon,768,shaman,restoration,18,8,10
Skymarshal,tichondrius,768,shaman,restoration,18,8,10
Kaddya,mannoroth,768,shaman,restoration,18,8,10
Laodo,tichondrius,768,shaman,restoration,22,9,13
Earthuncle,illidan,768,shaman,restoration,24,8,16
Kobecoopper,sargeras,768,shaman,restoration,24,8,16
Lepoow,illidan,767,shaman,restoration,12,8,4
Mymojo,tichondrius,767,shaman,restoration,12,8,4
Veeve,kelthuzad,767,shaman,restoration,12,8,4
Vernacks,area-52,767,shaman,restoration,12,8,4
Hexoffender,thunderlord,767,shaman,restoration,12,8,4
Squirtrussel,boulderfist,767,shaman,restoration,12,8,4
Elamentz,bleeding-hollow,767,shaman,restoration,12,8,4
Iarepotato,tichondrius,767,shaman,restoration,12,8,4
Klimax,tichondrius,767,shaman,restoration,12,8,4
Maheva,ragnaros,767,shaman,restoration,12,8,4
Regisphilman,bonechewer,767,shaman,restoration,17,10,7
Tigs,alleria,767,shaman,restoration,18,8,10
Myrakh,zuljin,767,shaman,restoration,18,8,10
Nehpets,kiljaeden,767,shaman,restoration,18,8,10
Jazziefae,arygos,767,shaman,restoration,18,8,10
Zad,spinebreaker,767,shaman,restoration,18,8,10
Chrigshock,black-dragonflight,767,shaman,restoration,18,8,10
Thunderfucj,tichondrius,767,shaman,restoration,24,8,16
Agrîm,tichondrius,767,shaman,restoration,24,8,16
Rapwnzel,tichondrius,766,shaman,restoration,18,8,10
Totemlord,lightnings-blade,766,shaman,restoration,18,8,10
Santral,ragnaros,766,shaman,restoration,19,8,11
Nooch,malganis,766,shaman,restoration,27,9,18
Magatotem,sargeras,766,shaman,restoration,24,8,16
Finaire,queldorei,765,shaman,restoration,12,8,4
Gohex,saurfang,765,shaman,restoration,12,8,4
Trickyjf,dalaran,765,shaman,restoration,18,8,10
Kanagawa,illidan,765,shaman,restoration,24,8,16
Josiahsham,kelthuzad,764,shaman,restoration,18,8,10
Vulcanik,quelthalas,764,shaman,restoration,24,8,16
Vínnie,tichondrius,763,shaman,restoration,18,8,10
Furbiddên,area-52,763,shaman,restoration,24,8,16
ßøn,altar-of-storms,762,shaman,restoration,12,8,4
Shamnnoodlez,area-52,762,shaman,restoration,18,8,10
Winry,korgath,761,shaman,restoration,18,8,10
Cremecheese,crushridge,760,shaman,restoration,12,8,4
Groonix,blood-furnace,759,shaman,restoration,12,8,4
Shamanlesa,azralon,757,shaman,restoration,18,8,10
Kordir,kiljaeden,756,shaman,restoration,24,8,16
Amonamarth,tichondrius,753,shaman,restoration,18,8,10
Donkeydrill,elune,752,shaman,restoration,12,8,4
Getpurged,thrall,751,shaman,restoration,17,8,9
Shubba,thrall,747,shaman,restoration,12,8,4
Msooli,tichondrius,745,shaman,restoration,15,10,5
Siksika,bloodscalp,744,shaman,restoration,130,56,74
Brokkghul,illidan,743,shaman,restoration,18,8,10
Kawixxi,ysondre,740,shaman,restoration,35,16,19
Ryforges,frostmourne,734,shaman,restoration,14,9,5
Interwebzz,tichondrius,734,shaman,restoration,66,17,49
Treris,bleeding-hollow,719,shaman,restoration,11,8,3
Notragii,kelthuzad,719,shaman,restoration,17,8,9
Kencysz,tichondrius,714,shaman,restoration,23,9,14
Lavamama,sargeras,713,shaman,restoration,29,10,19
Poundmaker,cairne,707,shaman,restoration,15,8,7
Xinz,guldan,703,shaman,restoration,11,8,3
Purgelordx,proudmoore,703,shaman,restoration,11,8,3
Kenithwest,tichondrius,703,shaman,restoration,11,8,3
Wasuwant,frostmourne,703,shaman,restoration,14,8,6
Garbagedump,burning-legion,703,shaman,restoration,14,8,6
Deadlyshocks,gilneas,695,shaman,restoration,51,22,29
Kikahna,stormreaver,683,shaman,restoration,22,9,13
Wumx,tichondrius,672,shaman,restoration,12,7,5
Envy,korialstrasz,672,shaman,restoration,12,7,5
Jxx,nordrassil,672,shaman,restoration,12,7,5
Viprus,nerzhul,672,shaman,restoration,12,7,5
Linkandwink,nerzhul,672,shaman,restoration,12,7,5
Micgarnagul,illidan,672,shaman,restoration,12,7,5
Hexmix,muradin,672,shaman,restoration,12,7,5
Bloodlustxo,frostmourne,672,shaman,restoration,12,7,5
Heckinpurges,area-52,672,shaman,restoration,12,7,5
Dizzyswift,tichondrius,672,shaman,restoration,12,7,5
Yusbe,ragnaros,672,shaman,restoration,12,7,5
Zerwyn,senjin,672,shaman,restoration,12,7,5
Kyma,black-dragonflight,672,shaman,restoration,12,7,5
Paaman,proudmoore,672,shaman,restoration,12,7,5
Wreckaholic,alterac-mountains,672,shaman,restoration,12,7,5
Flõp,dalaran,672,shaman,restoration,12,7,5
Farmër,illidan,672,shaman,restoration,12,7,5
Joè,bleeding-hollow,672,shaman,restoration,12,7,5
Quiksilvero,khazgoroth,672,shaman,restoration,12,7,5
Hordeoeuvre,zuljin,672,shaman,restoration,12,7,5
Symbox,tichondrius,672,shaman,restoration,12,7,5
Invokeesorin,area-52,672,shaman,restoration,12,7,5
Dopey,twisting-nether,672,shaman,restoration,12,7,5
Strykked,illidan,672,shaman,restoration,12,7,5
Ghiscar,tichondrius,672,shaman,restoration,12,7,5
Toltem,bleeding-hollow,672,shaman,restoration,12,7,5
Kencyi,tichondrius,672,shaman,restoration,12,7,5
Boltekka,tichondrius,672,shaman,restoration,12,7,5
Daxotv,sargeras,672,shaman,restoration,12,7,5
Elîas,tichondrius,672,shaman,restoration,12,7,5
Knockedup,tichondrius,672,shaman,restoration,12,7,5
Wastedlink,tichondrius,672,shaman,restoration,12,7,5
Dektide,zuljin,672,shaman,restoration,12,7,5
Iliillililli,tichondrius,672,shaman,restoration,12,7,5
Xueticsham,tichondrius,672,shaman,restoration,12,7,5
Crakmane,kelthuzad,672,shaman,restoration,12,7,5
Macksimas,tichondrius,672,shaman,restoration,12,7,5
Shk,illidan,672,shaman,restoration,12,7,5
Zrosurge,stormrage,672,shaman,restoration,14,7,7
Hardlyfe,frostmourne,672,shaman,restoration,18,7,11
Morphose,tichondrius,672,shaman,restoration,18,7,11
Macavell,tichondrius,672,shaman,restoration,18,7,11
Pjtremblay,frostmourne,672,shaman,restoration,18,7,11
Aromental,sargeras,672,shaman,restoration,18,7,11
Smeagles,ragnaros,672,shaman,restoration,18,7,11
Zanderpla,kelthuzad,672,shaman,restoration,18,7,11
Trippzs,barthilas,672,shaman,restoration,18,7,11
Silverkitty,tichondrius,672,shaman,restoration,18,7,11
Lindsanx,illidan,672,shaman,restoration,18,7,11
Lildik,tichondrius,672,shaman,restoration,18,7,11
Stumpyjoe,terokkar,672,shaman,restoration,19,7,12
Foxymama,the-forgotten-coast,672,shaman,restoration,24,7,17
Pakdis,sargeras,671,shaman,restoration,12,7,5
Lurue,tichondrius,671,shaman,restoration,12,7,5
Thormodin,destromath,671,shaman,restoration,12,7,5
Shamiggels,sargeras,671,shaman,restoration,12,7,5
Rokvahn,illidan,671,shaman,restoration,12,7,5
Reignz,moonrunner,671,shaman,restoration,12,7,5
Xtremedwarf,frostmourne,671,shaman,restoration,12,7,5
Arkilios,tichondrius,671,shaman,restoration,12,7,5
Flekzs,blackhand,671,shaman,restoration,12,7,5
Drathos,azralon,671,shaman,restoration,12,7,5
Kustys,tichondrius,671,shaman,restoration,12,7,5
Curtrex,amanthul,671,shaman,restoration,12,7,5
Hamshamwitch,shadowmoon,671,shaman,restoration,18,7,11
Cavolt,stormrage,671,shaman,restoration,18,7,11
Sheariously,sargeras,671,shaman,restoration,18,7,11
Cheeziee,thrall,671,shaman,restoration,18,7,11
Caobuloso,azralon,671,shaman,restoration,18,7,11
Lvcianrs,thrall,671,shaman,restoration,18,7,11
Dochavoc,tichondrius,671,shaman,restoration,18,7,11
Riptiddles,nordrassil,671,shaman,restoration,30,7,23
Shokxx,malganis,670,shaman,restoration,12,7,5
Xuesu,tichondrius,670,shaman,restoration,12,7,5
Crynoobs,senjin,670,shaman,restoration,12,7,5
Flameism,sargeras,670,shaman,restoration,12,7,5
Stormcallerr,sargeras,670,shaman,restoration,12,7,5
Shamanastic,tichondrius,670,shaman,restoration,12,7,5
Totori,stormscale,670,shaman,restoration,12,7,5
Bethorá,suramar,670,shaman,restoration,12,7,5
Shammysham,zuljin,670,shaman,restoration,18,7,11
Grandbunder,tichondrius,670,shaman,restoration,18,7,11
Kymosoloshm,sargeras,670,shaman,restoration,18,7,11
Víì,tichondrius,670,shaman,restoration,24,7,17
Toedims,bonechewer,669,shaman,restoration,12,7,5
Thordan,lothar,669,shaman,restoration,18,7,11
Rrakk,proudmoore,669,shaman,restoration,18,7,11
Vulkova,illidan,669,shaman,restoration,18,7,11
Farku,illidan,669,shaman,restoration,36,7,29
Evilraven,tichondrius,668,shaman,restoration,18,7,11
Waterspinach,tichondrius,668,shaman,restoration,18,7,11
Detropolis,illidan,668,shaman,restoration,48,7,41
Wÿrd,illidan,667,shaman,restoration,12,7,5
Youngneal,sargeras,667,shaman,restoration,18,7,11
Tidalchief,dalaran,666,shaman,restoration,12,7,5
Dennwoop,sargeras,666,shaman,restoration,28,8,20
Dîabeetus,moon-guard,665,shaman,restoration,11,9,2
Ruadhri,moon-guard,665,shaman,restoration,12,7,5
Cositax,tichondrius,664,shaman,restoration,12,7,5
Lamente,ragnaros,655,shaman,restoration,17,7,10
Mâyo,thrall,654,shaman,restoration,17,7,10
Slimcube,illidan,649,shaman,restoration,24,8,16
Stormsurgë,bleeding-hollow,640,shaman,restoration,10,8,2
Healingtime,nerzhul,638,shaman,restoration,14,8,6
Laggythought,malganis,623,shaman,restoration,21,7,14
Deacoderz,area-52,618,shaman,restoration,14,8,6
Royblue,illidan,618,shaman,restoration,14,8,6
Îvôry,bloodhoof,618,shaman,restoration,22,10,12
Ganvitchenko,illidan,618,shaman,restoration,25,9,16
Tolvashoc,emerald-dream,608,shaman,restoration,16,7,9
Bigbrenx,tichondrius,607,shaman,restoration,14,7,7
Lyshar,laughing-skull,607,shaman,restoration,14,7,7
Drfate,kargath,604,shaman,restoration,16,7,9
Grony,malganis,592,shaman,restoration,7,7,0
Shocktopus,emerald-dream,592,shaman,restoration,18,10,8
Vaderung,emerald-dream,592,shaman,restoration,13,7,6
Creativemind,arathor,576,shaman,restoration,6,6,0
Kassix,illidan,576,shaman,restoration,6,6,0
Jimmyapple,illidan,576,shaman,restoration,6,6,0
Totomayo,tichondrius,576,shaman,restoration,6,6,0
Vrangr,uther,576,shaman,restoration,6,6,0
Dxxlol,tichondrius,576,shaman,restoration,6,6,0
Jordnöt,moon-guard,576,shaman,restoration,9,6,3
Ajj,thrall,576,shaman,restoration,12,6,6
Cencyzz,tichondrius,576,shaman,restoration,12,6,6
Resonence,bleeding-hollow,576,shaman,restoration,12,6,6
Ataia,tichondrius,576,shaman,restoration,12,6,6
Akamâ,stormrage,576,shaman,restoration,12,6,6
Mocksy,eredar,576,shaman,restoration,12,6,6
Atsukaia,tichondrius,576,shaman,restoration,12,6,6
Spiritbb,area-52,576,shaman,restoration,12,6,6
Aespeon,stormrage,576,shaman,restoration,12,6,6
Artotem,barthilas,576,shaman,restoration,12,6,6
Nymrose,stormrage,576,shaman,restoration,12,6,6
Gullirachad,stormrage,576,shaman,restoration,12,6,6
Rawdogginit,malfurion,576,shaman,restoration,12,6,6
Tcurts,stormrage,576,shaman,restoration,12,6,6
Surph,zuljin,576,shaman,restoration,12,6,6
Apathcat,the-forgotten-coast,576,shaman,restoration,12,6,6
Todayqt,malganis,576,shaman,restoration,12,6,6
Vyy,perenolde,576,shaman,restoration,12,6,6
Mariansaurus,ragnaros,576,shaman,restoration,12,6,6
Weqeqwqwqex,ragnaros,576,shaman,restoration,12,6,6
Hhex,tichondrius,576,shaman,restoration,12,6,6
Ccmeifbald,moon-guard,576,shaman,restoration,12,6,6
Iamg,kilrogg,576,shaman,restoration,12,6,6
Mazekheen,barthilas,576,shaman,restoration,12,6,6
Patmar,dragonmaw,576,shaman,restoration,12,6,6
Motatos,malganis,576,shaman,restoration,12,6,6
Earthside,ragnaros,576,shaman,restoration,12,6,6
Lindnerx,malganis,576,shaman,restoration,12,6,6
Wulfey,sargeras,576,shaman,restoration,12,6,6
Fevolution,dreadmaul,576,shaman,restoration,12,6,6
Subhealth,tichondrius,576,shaman,restoration,12,6,6
Xenvale,illidan,576,shaman,restoration,12,6,6
Pex,sargeras,576,shaman,restoration,12,6,6
Oppaswag,tichondrius,576,shaman,restoration,12,6,6
Scadouche,korgath,576,shaman,restoration,12,6,6
Lavawurst,tichondrius,576,shaman,restoration,12,6,6
Chogramm,illidan,576,shaman,restoration,12,6,6
Dameyo,tichondrius,576,shaman,restoration,12,6,6
Pikapiko,tichondrius,576,shaman,restoration,12,6,6
Abev,bonechewer,576,shaman,restoration,12,6,6
Sweatshirtz,tanaris,576,shaman,restoration,12,6,6
Biased,sargeras,576,shaman,restoration,12,6,6
Bravezf,tichondrius,576,shaman,restoration,12,6,6
Caprise,tichondrius,576,shaman,restoration,12,6,6
Kÿlé,darkspear,576,shaman,restoration,18,6,12
Oscer,tichondrius,576,shaman,restoration,18,6,12
Icehole,kelthuzad,576,shaman,restoration,18,6,12
Sheeno,blackrock,576,shaman,restoration,18,6,12
Adodo,tichondrius,576,shaman,restoration,18,6,12
Shäman,anetheron,576,shaman,restoration,18,6,12
Rubmytiki,skywall,576,shaman,restoration,18,6,12
Greensween,thrall,576,shaman,restoration,19,6,13
Blck,malorne,576,shaman,restoration,23,7,16
Shampowl,jaedenar,576,shaman,restoration,20,6,14
Dukaman,malganis,576,shaman,restoration,24,6,18
Slowpo,illidan,576,shaman,restoration,24,6,18
Sizbo,thrall,575,shaman,restoration,6,6,0
Donojo,zuljin,575,shaman,restoration,12,6,6
Ladash,ragnaros,575,shaman,restoration,12,6,6
Cùìó,barthilas,575,shaman,restoration,12,6,6
Thuggliife,frostmourne,575,shaman,restoration,12,6,6
Kissmeslowly,zuljin,575,shaman,restoration,12,6,6
Xhod,zuljin,575,shaman,restoration,12,6,6
Todem,stormrage,575,shaman,restoration,12,6,6
Dylie,tichondrius,575,shaman,restoration,12,6,6
Sarevoc,sargeras,575,shaman,restoration,12,6,6
Shamàc,tichondrius,575,shaman,restoration,12,6,6
Tagliatelle,kelthuzad,575,shaman,restoration,15,7,8
Numbreseven,frostmourne,575,shaman,restoration,14,6,8
Ragnarüz,ragnaros,575,shaman,restoration,19,7,12
Girafasuarx,korgath,575,shaman,restoration,18,6,12
Spiritwler,tichondrius,575,shaman,restoration,18,6,12
Loec,thrall,575,shaman,restoration,18,6,12
Martabakasin,frostmourne,575,shaman,restoration,24,6,18
Luciuzz,tichondrius,574,shaman,restoration,12,6,6
Killerphreak,mannoroth,574,shaman,restoration,12,6,6
Snowship,sargeras,574,shaman,restoration,12,6,6
Shyeahmon,drenden,574,shaman,restoration,12,6,6
Mudtide,tichondrius,574,shaman,restoration,12,6,6
Kunshíí,bleeding-hollow,574,shaman,restoration,15,6,9
Camdoc,destromath,574,shaman,restoration,18,6,12
Ctrlaltelite,burning-blade,573,shaman,restoration,18,6,12
Monspiett,azralon,573,shaman,restoration,18,6,12
Fogden,alleria,572,shaman,restoration,12,6,6
Thrawl,deathwing,572,shaman,restoration,12,6,6
Jibberp,tichondrius,572,shaman,restoration,12,6,6
Bombsb,tichondrius,572,shaman,restoration,18,6,12
Gimlyman,madoran,567,shaman,restoration,12,6,6
Trustfall,rexxar,566,shaman,restoration,12,6,6
Bloodmoôn,frostmourne,566,shaman,restoration,18,6,12
Kàmï,illidan,559,shaman,restoration,11,6,5
Betterthanya,tichondrius,544,shaman,restoration,10,7,3
Reddleman,stormrage,544,shaman,restoration,22,6,16
Earthnsky,bleeding-hollow,543,shaman,restoration,11,6,5
Saviørkai,barthilas,543,shaman,restoration,14,7,7
Sòlemn,burning-legion,530,shaman,restoration,31,12,19
Tsunamic,sargeras,528,shaman,restoration,15,6,9
Galaxiya,blackhand,525,shaman,restoration,21,7,14
Shamyshame,quelthalas,522,shaman,restoration,12,7,5
Vsvs,tichondrius,521,shaman,restoration,22,7,15
Señordoge,malganis,511,shaman,restoration,14,6,8
Fengfeism,tichondrius,511,shaman,restoration,14,6,8
Watoos,area-52,511,shaman,restoration,20,6,14
Shamining,illidan,510,shaman,restoration,8,6,2
Rikswordfire,wyrmrest-accord,509,shaman,restoration,16,6,10
Shamamsx,illidan,480,shaman,restoration,6,5,1
Mahevagodx,ragnaros,480,shaman,restoration,6,5,1
Cantshear,zuljin,480,shaman,restoration,6,5,1
Çhïcagø,aegwynn,480,shaman,restoration,6,5,1
Binishaman,tichondrius,480,shaman,restoration,6,5,1
Oopy,icecrown,480,shaman,restoration,6,5,1
Nuggsfxce,frostmourne,480,shaman,restoration,6,5,1
Quady,zuljin,480,shaman,restoration,6,5,1
Dankestmemes,illidan,480,shaman,restoration,6,5,1
Oprawinfuryy,thrall,480,shaman,restoration,6,5,1
Tidesurge,tichondrius,480,shaman,restoration,6,5,1
Fastaslight,bleeding-hollow,480,shaman,restoration,6,5,1
Scamgame,tichondrius,480,shaman,restoration,6,5,1
Msool,tichondrius,480,shaman,restoration,6,5,1
Esterosa,tichondrius,480,shaman,restoration,6,5,1
Cheddatotz,illidan,480,shaman,restoration,6,5,1
Boogiefever,area-52,480,shaman,restoration,6,5,1
Alasierg,stonemaul,480,shaman,restoration,6,5,1
Hexgodx,illidan,480,shaman,restoration,6,5,1
Blueclass,akama,480,shaman,restoration,6,5,1
Mcshocks,area-52,480,shaman,restoration,6,5,1
Krupto,tichondrius,480,shaman,restoration,12,5,7
Hitchsláp,tichondrius,480,shaman,restoration,12,5,7
Fidelityfx,sargeras,480,shaman,restoration,12,5,7
Weebzealot,kelthuzad,480,shaman,restoration,12,5,7
Zingysham,tichondrius,480,shaman,restoration,12,5,7
Masatotem,burning-blade,480,shaman,restoration,12,5,7
Synkronaqt,tichondrius,480,shaman,restoration,12,5,7
Pohtayto,darkspear,480,shaman,restoration,12,5,7
Nathaan,tichondrius,480,shaman,restoration,12,5,7
Teftx,area-52,480,shaman,restoration,12,5,7
Ongob,kelthuzad,480,shaman,restoration,12,5,7
Kaidis,jubeithos,480,shaman,restoration,12,5,7
Larvabust,azralon,480,shaman,restoration,12,5,7
Goresx,tichondrius,480,shaman,restoration,12,5,7
Daintydan,illidan,480,shaman,restoration,12,5,7
Nøzurbo,area-52,480,shaman,restoration,12,5,7
Shambuddy,moon-guard,480,shaman,restoration,12,5,7
Tingletotem,tichondrius,480,shaman,restoration,12,5,7
Huashiren,illidan,480,shaman,restoration,12,5,7
Huulu,blades-edge,480,shaman,restoration,12,5,7
Bröxigâr,tichondrius,480,shaman,restoration,12,5,7
Avelmiré,sargeras,480,shaman,restoration,12,5,7
Boryndor,stormrage,480,shaman,restoration,12,5,7
Dókki,tichondrius,480,shaman,restoration,12,5,7
Deyodin,illidan,480,shaman,restoration,12,5,7
Drcopafeel,stormrage,480,shaman,restoration,12,5,7
Flaggedname,frostmane,480,shaman,restoration,12,5,7
Azrlol,illidan,480,shaman,restoration,12,5,7
Juked,aegwynn,480,shaman,restoration,12,5,7
Nøir,drakkari,480,shaman,restoration,12,5,7
Shozen,bonechewer,480,shaman,restoration,12,5,7
Astotems,tichondrius,480,shaman,restoration,12,5,7
Thonty,sargeras,480,shaman,restoration,12,5,7
Rykkar,kiljaeden,480,shaman,restoration,12,5,7
Nagish,alexstrasza,480,shaman,restoration,12,5,7
Hijodelrayo,drakkari,480,shaman,restoration,12,5,7
Rouzy,area-52,480,shaman,restoration,12,5,7
Bignutters,bleeding-hollow,480,shaman,restoration,12,5,7
Tmkaldärýs,tichondrius,480,shaman,restoration,12,5,7
Shockwall,stormrage,480,shaman,restoration,12,5,7
Doop,kiljaeden,480,shaman,restoration,12,5,7
Kupnicki,zuljin,480,shaman,restoration,12,5,7
Dyllbat,illidan,480,shaman,restoration,12,5,7
Sâxman,stormreaver,480,shaman,restoration,12,5,7
Seukstinyne,frostmourne,480,shaman,restoration,12,5,7
Vegaslights,tichondrius,480,shaman,restoration,12,5,7
Trizzeh,moon-guard,480,shaman,restoration,12,5,7
Gomeimsoft,magtheridon,480,shaman,restoration,12,5,7
Stedi,moon-guard,480,shaman,restoration,12,5,7
Derbain,caelestrasz,480,shaman,restoration,12,5,7
Devastian,quelthalas,480,shaman,restoration,12,5,7
Baltarian,emerald-dream,480,shaman,restoration,12,5,7
Aiyinsitan,illidan,480,shaman,restoration,12,5,7
Graebrah,tichondrius,480,shaman,restoration,12,5,7
Sixtyninelol,thunderlord,480,shaman,restoration,12,5,7
Latoques,quelthalas,480,shaman,restoration,12,5,7
Oilburner,malganis,480,shaman,restoration,18,5,13
Noveske,arthas,480,shaman,restoration,18,5,13
Krisu,kelthuzad,480,shaman,restoration,18,5,13
Animac,bleeding-hollow,480,shaman,restoration,18,5,13
Danimalls,stormrage,479,shaman,restoration,6,5,1
Terrusguard,thrall,479,shaman,restoration,6,5,1
Greenberry,bonechewer,479,shaman,restoration,10,6,4
Gagonmatotem,skullcrusher,479,shaman,restoration,9,5,4
Beardedone,durotan,479,shaman,restoration,12,5,7
Sannyasin,azralon,479,shaman,restoration,12,5,7
Highmountain,tichondrius,479,shaman,restoration,12,5,7
Aimsely,area-52,479,shaman,restoration,12,5,7
Tattoö,elune,479,shaman,restoration,12,5,7
Estheriea,moon-guard,479,shaman,restoration,12,5,7
Kamehamekazi,blackhand,479,shaman,restoration,12,5,7
Piaopiao,skywall,479,shaman,restoration,12,5,7
Welled,area-52,479,shaman,restoration,12,5,7
Killonsight,tichondrius,479,shaman,restoration,12,5,7
Bobaflexqt,korgath,479,shaman,restoration,12,5,7
Øliverxd,lightbringer,479,shaman,restoration,12,5,7
Arastour,bronzebeard,479,shaman,restoration,12,5,7
Yngvii,tichondrius,479,shaman,restoration,12,5,7
Urao,stormrage,479,shaman,restoration,12,5,7
Drmundo,icecrown,479,shaman,restoration,12,5,7
Sâvage,zuljin,479,shaman,restoration,12,5,7
Blkpowerfist,malganis,479,shaman,restoration,12,5,7
Ahaw,area-52,479,shaman,restoration,18,5,13
Smearedbeard,bleeding-hollow,479,shaman,restoration,18,5,13
Nytestalker,sargeras,479,shaman,restoration,18,5,13
Guronna,arthas,479,shaman,restoration,18,5,13
Haymaker,bleeding-hollow,479,shaman,restoration,24,5,19
Spookyosa,dalaran,479,shaman,restoration,30,5,25
Typo,skullcrusher,478,shaman,restoration,6,5,1
Bakedpototem,magtheridon,478,shaman,restoration,12,5,7
Còsmos,illidan,478,shaman,restoration,12,5,7
Samac,ravencrest,478,shaman,restoration,12,5,7
Stahlye,proudmoore,477,shaman,restoration,6,5,1
Timprecu,azralon,477,shaman,restoration,12,5,7
Naturescandy,alterac-mountains,477,shaman,restoration,12,5,7
Furyshock,tichondrius,477,shaman,restoration,18,5,13
Vazan,arthas,476,shaman,restoration,12,5,7
Pileef,thrall,473,shaman,restoration,13,7,6
Uderlol,tichondrius,448,shaman,restoration,10,5,5
Danil,emerald-dream,447,shaman,restoration,11,5,6
Brocklee,farstriders,447,shaman,restoration,16,5,11
Akhae,duskwood,445,shaman,restoration,14,6,8
Sidnii,tichondrius,432,shaman,restoration,9,5,4
Lampstand,wildhammer,431,shaman,restoration,11,5,6
Zelzus,moon-guard,431,shaman,restoration,11,5,6
Swampy,tanaris,426,shaman,restoration,15,6,9
Littleshasha,tichondrius,426,shaman,restoration,15,6,9
Ggezlmao,bleeding-hollow,426,shaman,restoration,16,6,10
Zio,akama,425,shaman,restoration,14,6,8
Wragnus,tichondrius,425,shaman,restoration,15,6,9
Thelôpen,tichondrius,425,shaman,restoration,23,7,16
Hannibol,tichondrius,416,shaman,restoration,10,5,5
Shockjoy,malganis,415,shaman,restoration,11,5,6
Xlash,zuljin,412,shaman,restoration,20,5,15
Chûnk,tichondrius,400,shaman,restoration,13,5,8
Clapton,darkspear,400,shaman,restoration,19,5,14
Joryu,tichondrius,384,shaman,restoration,6,4,2
Youarenothim,area-52,384,shaman,restoration,6,4,2
Shiriloster,ragnaros,384,shaman,restoration,6,4,2
Castia,sargeras,384,shaman,restoration,6,4,2
Djbluex,tichondrius,384,shaman,restoration,6,4,2
Acdc,zuljin,384,shaman,restoration,6,4,2
Thua,moon-guard,384,shaman,restoration,6,4,2
Enfusiontv,tichondrius,384,shaman,restoration,6,4,2
Aeølus,tichondrius,384,shaman,restoration,6,4,2
Príde,ragnaros,384,shaman,restoration,6,4,2
Gotmolk,illidan,384,shaman,restoration,6,4,2
Intravz,tichondrius,384,shaman,restoration,6,4,2
Éarl,sargeras,384,shaman,restoration,6,4,2
Aletcheoddox,sargeras,384,shaman,restoration,6,4,2
Tisaa,tichondrius,384,shaman,restoration,6,4,2
Notretro,uldum,384,shaman,restoration,6,4,2
Nepshock,stormrage,384,shaman,restoration,6,4,2
Ârtík,tichondrius,384,shaman,restoration,6,4,2
Bigboorst,kelthuzad,384,shaman,restoration,6,4,2
Shamankofwa,tichondrius,384,shaman,restoration,6,4,2
Kaîowas,malganis,384,shaman,restoration,6,4,2
Kustum,tichondrius,384,shaman,restoration,6,4,2
Smeeza,frostmourne,384,shaman,restoration,6,4,2
Phado,tichondrius,384,shaman,restoration,6,4,2
Wecookin,frostwolf,384,shaman,restoration,6,4,2
Xillicit,sargeras,384,shaman,restoration,6,4,2
Callabash,mugthol,384,shaman,restoration,6,4,2
Omegalmao,sargeras,384,shaman,restoration,6,4,2
Bhann,tichondrius,384,shaman,restoration,6,4,2
Telnos,emerald-dream,384,shaman,restoration,6,4,2
Rocksbury,malganis,384,shaman,restoration,6,4,2
Excaliburumb,tichondrius,384,shaman,restoration,6,4,2
Xiaoya,tichondrius,384,shaman,restoration,6,4,2
Gumballin,sargeras,384,shaman,restoration,8,4,4
Xändra,ragnaros,384,shaman,restoration,12,4,8
Cgq,tichondrius,384,shaman,restoration,12,4,8
Ngentotem,frostmourne,384,shaman,restoration,12,4,8
Ayev,illidan,384,shaman,restoration,12,4,8
Twiztedwayz,tichondrius,384,shaman,restoration,12,4,8
Bayslaps,tichondrius,384,shaman,restoration,12,4,8
Ciroc,sargeras,384,shaman,restoration,12,4,8
Celements,malganis,384,shaman,restoration,12,4,8
Eternaltotem,darkspear,384,shaman,restoration,12,4,8
Rabajood,korgath,384,shaman,restoration,12,4,8
Toobeastly,deathwing,384,shaman,restoration,12,4,8
Boyyo,maiev,384,shaman,restoration,12,4,8
Saksa,garrosh,384,shaman,restoration,12,4,8
Gbe,tichondrius,384,shaman,restoration,12,4,8
Shâmbulance,hyjal,384,shaman,restoration,12,4,8
Dikedwarf,burning-blade,384,shaman,restoration,12,4,8
Naturasol,quelthalas,384,shaman,restoration,12,4,8
Smashyz,nerzhul,384,shaman,restoration,12,4,8
Healswin,sargeras,384,shaman,restoration,12,4,8
History,burning-blade,384,shaman,restoration,12,4,8
Misakism,sargeras,384,shaman,restoration,12,4,8
Trölencio,quelthalas,384,shaman,restoration,12,4,8
Lollzerz,the-forgotten-coast,384,shaman,restoration,12,4,8
Meshugga,scarlet-crusade,384,shaman,restoration,12,4,8
Memorix,stonemaul,384,shaman,restoration,12,4,8
Porkbrains,emerald-dream,384,shaman,restoration,16,5,11
Kezzër,azralon,384,shaman,restoration,16,4,12
Kermut,frostmourne,384,shaman,restoration,18,4,14
Conductivity,frostmourne,384,shaman,restoration,18,4,14
Hexnation,frostmourne,383,shaman,restoration,6,4,2
Ilion,nemesis,383,shaman,restoration,6,4,2
Rockyisback,illidan,383,shaman,restoration,6,4,2
Bøx,ragnaros,383,shaman,restoration,6,4,2
Ozsham,burning-blade,383,shaman,restoration,8,4,4
Ânûbis,sargeras,383,shaman,restoration,12,4,8
Surgetankian,malorne,383,shaman,restoration,12,4,8
Sndtome,tichondrius,383,shaman,restoration,12,4,8
Madvillainny,thrall,383,shaman,restoration,12,4,8
Huugsnkissez,sargeras,383,shaman,restoration,12,4,8
Tandarin,burning-legion,383,shaman,restoration,12,4,8
Foogus,tichondrius,383,shaman,restoration,12,4,8
Akharis,frostmane,383,shaman,restoration,21,5,16
Paniczone,madoran,383,shaman,restoration,18,4,14
Caulkshock,tichondrius,382,shaman,restoration,12,4,8
Turbö,hyjal,382,shaman,restoration,12,4,8
Shockshow,zuljin,382,shaman,restoration,12,4,8
Huukron,emerald-dream,382,shaman,restoration,12,4,8
Laveidem,frostmourne,382,shaman,restoration,18,4,14
Alwinaa,kiljaeden,367,shaman,restoration,11,4,7
Pche,tichondrius,367,shaman,restoration,11,4,7
Shamanakin,emerald-dream,351,shaman,restoration,8,5,3
Tineer,tichondrius,336,shaman,restoration,9,4,5
Avidas,malganis,331,shaman,restoration,15,4,11
Vudu,terokkar,330,shaman,restoration,13,5,8
Stitchez,illidan,330,shaman,restoration,21,5,16
Intress,moon-guard,329,shaman,restoration,10,6,4
Záika,sargeras,318,shaman,restoration,10,4,6
Elevatezxo,stormrage,304,shaman,restoration,7,4,3
Smackzs,sargeras,288,shaman,restoration,6,3,3
Eleresto,tichondrius,288,shaman,restoration,6,3,3
Snowkingx,illidan,288,shaman,restoration,6,3,3
Laucian,malganis,288,shaman,restoration,6,3,3
Skrubbles,bleeding-hollow,288,shaman,restoration,6,3,3
Juicedbydad,kelthuzad,288,shaman,restoration,6,3,3
Bigbadpercy,frostmourne,288,shaman,restoration,6,3,3
Megadabs,malganis,288,shaman,restoration,6,3,3
Stormshadowx,proudmoore,288,shaman,restoration,6,3,3
Ñoobshaman,tichondrius,288,shaman,restoration,6,3,3
Cloudsh,silvermoon,288,shaman,restoration,6,3,3
Youngie,dathremar,288,shaman,restoration,6,3,3
Danyax,malganis,288,shaman,restoration,6,3,3
Rakkasham,blackrock,288,shaman,restoration,6,3,3
Floods,frostmourne,288,shaman,restoration,6,3,3
Sreve,malganis,288,shaman,restoration,6,3,3
Clytiae,arthas,288,shaman,restoration,6,3,3
Drwsham,ragnaros,288,shaman,restoration,6,3,3
Hungy,wyrmrest-accord,288,shaman,restoration,6,3,3
Voron,kiljaeden,288,shaman,restoration,6,3,3
Gunx,darkspear,288,shaman,restoration,6,3,3
Beatsmaker,tichondrius,288,shaman,restoration,6,3,3
Yunqboichay,kelthuzad,288,shaman,restoration,6,3,3
Pressyocds,darkspear,288,shaman,restoration,6,3,3
Nickbosa,illidan,288,shaman,restoration,6,3,3
Teladoy,kelthuzad,288,shaman,restoration,6,3,3
Shearx,illidan,288,shaman,restoration,6,3,3
Spencêrf,illidan,288,shaman,restoration,6,3,3
Puntress,barthilas,288,shaman,restoration,6,3,3
Thetotemtaco,tichondrius,288,shaman,restoration,6,3,3
Herpeaz,kelthuzad,288,shaman,restoration,6,3,3
Chocothicc,bleeding-hollow,288,shaman,restoration,6,3,3
Rollînçoàl,malganis,288,shaman,restoration,6,3,3
Vitchzestein,ragnaros,288,shaman,restoration,6,3,3
Nondracil,ragnaros,288,shaman,restoration,6,3,3
Solitarysham,moon-guard,288,shaman,restoration,6,3,3
Sumyl,ragnaros,288,shaman,restoration,6,3,3
Gucciblunts,sargeras,288,shaman,restoration,6,3,3
Cloudycloud,tichondrius,288,shaman,restoration,6,3,3
Zoltide,sargeras,288,shaman,restoration,6,3,3
Kanntok,quelthalas,288,shaman,restoration,6,3,3
Tiä,quelthalas,288,shaman,restoration,6,3,3
Topa,magtheridon,288,shaman,restoration,6,3,3
Blavan,area-52,288,shaman,restoration,6,3,3
Sonsii,tichondrius,288,shaman,restoration,6,3,3
Totumstroker,thrall,288,shaman,restoration,6,3,3
Flexi,senjin,288,shaman,restoration,6,3,3
Dwarfers,emerald-dream,288,shaman,restoration,6,3,3
Illmental,kelthuzad,288,shaman,restoration,6,3,3
Akupapu,illidan,288,shaman,restoration,6,3,3
Uthprotekta,daggerspine,288,shaman,restoration,6,3,3
Digglr,tichondrius,288,shaman,restoration,6,3,3
Naughtylol,malganis,288,shaman,restoration,6,3,3
Fruityrudyy,area-52,288,shaman,restoration,6,3,3
Goongoon,zuljin,288,shaman,restoration,6,3,3
Nyroh,zuljin,288,shaman,restoration,6,3,3
Jubie,proudmoore,288,shaman,restoration,6,3,3
Asskrap,daggerspine,288,shaman,restoration,6,3,3
Justdeadman,tichondrius,288,shaman,restoration,6,3,3
Maana,dragonmaw,288,shaman,restoration,6,3,3
Forloren,zuljin,288,shaman,restoration,6,3,3
Taproots,ursin,288,shaman,restoration,6,3,3
Catnïp,maelstrom,288,shaman,restoration,6,3,3
Memetide,daggerspine,288,shaman,restoration,6,3,3
Siox,zuljin,288,shaman,restoration,6,3,3
Drwaters,lightnings-blade,288,shaman,restoration,6,3,3
Phinoi,tichondrius,288,shaman,restoration,6,3,3
Dimitrio,azralon,288,shaman,restoration,6,3,3
Soloqstayer,tichondrius,288,shaman,restoration,6,3,3
Totemtots,illidan,288,shaman,restoration,6,3,3
Headcrackx,sargeras,288,shaman,restoration,6,3,3
Daggonet,sargeras,288,shaman,restoration,6,3,3
Sumdumshaman,illidan,288,shaman,restoration,6,3,3
Squidazzle,tichondrius,288,shaman,restoration,8,3,5
Ðrunkentotem,tichondrius,288,shaman,restoration,11,4,7
Rebelutioni,lothar,288,shaman,restoration,11,3,8
Sliccricc,doomhammer,288,shaman,restoration,12,3,9
Strawberryz,sargeras,288,shaman,restoration,12,3,9
Shamle,azuremyst,288,shaman,restoration,12,3,9
Zéwel,tichondrius,288,shaman,restoration,12,3,9
Calliope,burning-legion,288,shaman,restoration,12,3,9
Sooweecide,tichondrius,288,shaman,restoration,12,3,9
Shamonalisa,altar-of-storms,288,shaman,restoration,12,3,9
Bovinefever,kiljaeden,288,shaman,restoration,12,3,9
Jumpc,ragnaros,288,shaman,restoration,12,3,9
Mochomò,ragnaros,288,shaman,restoration,12,3,9
Karratquake,sargeras,288,shaman,restoration,12,3,9
Equinsuochha,silvermoon,288,shaman,restoration,12,3,9
Malenhncemnt,illidan,288,shaman,restoration,12,3,9
Oomme,area-52,288,shaman,restoration,12,3,9
Scion,thaurissan,288,shaman,restoration,12,3,9
Moresbythicc,frostmourne,288,shaman,restoration,12,3,9
Makogo,earthen-ring,288,shaman,restoration,12,3,9
Malthor,terenas,288,shaman,restoration,12,3,9
Oprawindfuri,whisperwind,288,shaman,restoration,12,3,9
Showkinho,azralon,288,shaman,restoration,12,3,9
Mondaymood,illidan,288,shaman,restoration,12,3,9
Meatyball,tichondrius,288,shaman,restoration,12,3,9
Trysts,wyrmrest-accord,288,shaman,restoration,12,3,9
Chocobomb,burning-blade,288,shaman,restoration,12,3,9
Adosistoxic,zuljin,288,shaman,restoration,14,3,11
Trøuble,deathwing,288,shaman,restoration,18,3,15
Boodaa,stormscale,288,shaman,restoration,18,3,15
Altryn,shuhalo,287,shaman,restoration,6,3,3
Thean,wyrmrest-accord,287,shaman,restoration,6,3,3
Valien,kiljaeden,287,shaman,restoration,6,3,3
Trovac,azralon,287,shaman,restoration,6,3,3
Lïet,quelthalas,287,shaman,restoration,12,3,9
Criticalthry,garrosh,287,shaman,restoration,12,3,9
Nottoshammy,dalaran,287,shaman,restoration,12,3,9
Alagorn,icecrown,287,shaman,restoration,12,3,9
Garurt,daggerspine,286,shaman,restoration,12,6,6
Kider,drakkari,286,shaman,restoration,6,3,3
Ranek,shuhalo,286,shaman,restoration,6,3,3
Tarlonygg,malganis,281,shaman,restoration,15,6,9
Eloquent,emerald-dream,273,shaman,restoration,19,6,13
Urb,moknathal,255,shaman,restoration,8,4,4
Hilung,lightnings-blade,255,shaman,restoration,11,3,8
Lickerman,stormreaver,239,shaman,restoration,5,3,2
Shamanship,haomarush,239,shaman,restoration,5,3,2
Hurky,sargeras,239,shaman,restoration,5,3,2
Shåmwiches,tichondrius,234,shaman,restoration,8,4,4
Båndø,tichondrius,234,shaman,restoration,9,4,5
Succies,emerald-dream,234,shaman,restoration,16,4,12
Bigripnow,sargeras,234,shaman,restoration,20,4,16
Tokelahoma,stormrage,234,shaman,restoration,22,4,18
Bigbone,laughing-skull,192,shaman,restoration,9,3,6
Dylangs,frostmourne,192,shaman,restoration,6,2,4
Cawlin,stormrage,192,shaman,restoration,6,2,4
Lewse,tichondrius,192,shaman,restoration,6,2,4
Aderra,garrosh,192,shaman,restoration,6,2,4
Shoomas,tichondrius,192,shaman,restoration,6,2,4
Konga,korialstrasz,192,shaman,restoration,6,2,4
Twistër,illidan,192,shaman,restoration,6,2,4
Nbax,tichondrius,192,shaman,restoration,6,2,4
Notviscent,illidan,192,shaman,restoration,6,2,4
Griph,shattered-hand,192,shaman,restoration,6,2,4
Nikeshocks,detheroc,192,shaman,restoration,6,2,4
Zugzugpurge,thrall,192,shaman,restoration,6,2,4
Dabrat,lightnings-blade,192,shaman,restoration,6,2,4
Aishel,area-52,192,shaman,restoration,6,2,4
Hughwang,kelthuzad,192,shaman,restoration,6,2,4
Ezeya,area-52,192,shaman,restoration,6,2,4
Cheesepufs,illidan,192,shaman,restoration,6,2,4
Mjxholland,aegwynn,192,shaman,restoration,6,2,4
Zhangyider,illidan,192,shaman,restoration,6,2,4
Boohoo,dethecus,192,shaman,restoration,6,2,4
Oaken,spirestone,192,shaman,restoration,6,2,4
Chungxs,illidan,192,shaman,restoration,6,2,4
Mangeegee,malganis,192,shaman,restoration,6,2,4
Shinydiglett,area-52,192,shaman,restoration,6,2,4
Keldara,aerie-peak,192,shaman,restoration,6,2,4
Saw,ghostlands,192,shaman,restoration,6,2,4
Kumboi,frostmourne,192,shaman,restoration,6,2,4
Magwølfe,area-52,192,shaman,restoration,6,2,4
Snapertun,tichondrius,192,shaman,restoration,6,2,4
Plutoshaker,tichondrius,192,shaman,restoration,6,2,4
Bayonett,wyrmrest-accord,192,shaman,restoration,6,2,4
Bekrogh,azralon,192,shaman,restoration,6,2,4
Jimmybutler,tichondrius,192,shaman,restoration,6,2,4
Hottesthands,barthilas,192,shaman,restoration,6,2,4
Timbosteve,thrall,192,shaman,restoration,6,2,4
Oprawîndfury,tichondrius,192,shaman,restoration,6,2,4
Hellfiresham,kiljaeden,192,shaman,restoration,6,2,4
Juraf,malganis,192,shaman,restoration,6,2,4
Dhalishama,thrall,192,shaman,restoration,6,2,4
Dallìa,tichondrius,192,shaman,restoration,6,2,4
Eye,kelthuzad,192,shaman,restoration,6,2,4
Ioki,spirestone,192,shaman,restoration,6,2,4
Blackaxe,wyrmrest-accord,192,shaman,restoration,6,2,4
Raxxom,tichondrius,192,shaman,restoration,6,2,4
Duality,shattered-halls,192,shaman,restoration,6,2,4
Shamansz,stormrage,192,shaman,restoration,6,2,4
Jurafxdqt,malganis,192,shaman,restoration,6,2,4
Nxboy,proudmoore,192,shaman,restoration,6,2,4
Jamarcuss,tichondrius,192,shaman,restoration,6,2,4
Killuminatti,nathrezim,192,shaman,restoration,6,2,4
Pandl,frostmourne,192,shaman,restoration,6,2,4
Sid,frostmourne,192,shaman,restoration,6,2,4
Chainandrain,frostmourne,192,shaman,restoration,6,2,4
Cvoa,bonechewer,192,shaman,restoration,6,2,4
Zâppý,dalaran,192,shaman,restoration,6,2,4
Relâx,icecrown,192,shaman,restoration,6,2,4
Khidea,barthilas,192,shaman,restoration,6,2,4
Healyourself,sargeras,192,shaman,restoration,6,2,4
Oxicleanxo,sargeras,192,shaman,restoration,6,2,4
Gwenstifani,sargeras,192,shaman,restoration,6,2,4
Lakeshow,tichondrius,192,shaman,restoration,6,2,4
Thundertusks,norgannon,192,shaman,restoration,6,2,4
Karnnages,cenarion-circle,192,shaman,restoration,6,2,4
Monkeysauce,tichondrius,192,shaman,restoration,6,2,4
Fanatix,moon-guard,192,shaman,restoration,6,2,4
Lolcàt,tichondrius,192,shaman,restoration,6,2,4
Shamsky,tichondrius,192,shaman,restoration,6,2,4
Cpkzlol,tichondrius,192,shaman,restoration,6,2,4
Lequandarius,sargeras,192,shaman,restoration,6,2,4
Mauiiei,sargeras,192,shaman,restoration,6,2,4
Firesurge,sargeras,192,shaman,restoration,6,2,4
Thefurrybox,tichondrius,192,shaman,restoration,6,2,4
Torrentzx,sargeras,192,shaman,restoration,6,2,4
Halfzugzug,sargeras,192,shaman,restoration,6,2,4
Suspend,gorgonnash,192,shaman,restoration,9,2,7
Aoiiro,dentarg,192,shaman,restoration,12,2,10
Rensel,drakkari,192,shaman,restoration,12,2,10
Raisongreen,tichondrius,192,shaman,restoration,12,2,10
Soomer,frostmourne,192,shaman,restoration,12,2,10
Actios,stormrage,192,shaman,restoration,12,2,10
Birdizdawerd,shuhalo,192,shaman,restoration,12,2,10
Lomínark,stormrage,192,shaman,restoration,12,2,10
Rueem,area-52,192,shaman,restoration,12,2,10
Awool,lightbringer,192,shaman,restoration,12,2,10
Ara,zuljin,192,shaman,restoration,12,2,10
Kitanoo,kiljaeden,192,shaman,restoration,12,2,10
Rhaksh,sargeras,192,shaman,restoration,12,2,10
Bizzy,black-dragonflight,192,shaman,restoration,12,2,10
Wasiri,illidan,192,shaman,restoration,12,2,10
Monchsham,area-52,192,shaman,restoration,13,2,11
Kicksave,illidan,192,shaman,restoration,18,2,16
Schmutz,emerald-dream,192,shaman,restoration,18,2,16
Bootsix,area-52,192,shaman,restoration,18,2,16
Doctermoo,daggerspine,192,shaman,restoration,28,3,25
Roogys,emerald-dream,192,shaman,restoration,22,2,20
Pwrhouse,ravenholdt,191,shaman,restoration,6,2,4
Machalo,sargeras,191,shaman,restoration,6,2,4
Thudthudzap,darkspear,191,shaman,restoration,6,2,4
Fóurelements,malganis,191,shaman,restoration,6,2,4
Brahsbro,icecrown,191,shaman,restoration,6,2,4
Healcacatoi,zuljin,191,shaman,restoration,6,2,4
Malsturm,stormrage,191,shaman,restoration,6,2,4
Jammylol,frostmourne,180,shaman,restoration,21,6,15
Ambevsulfr,tichondrius,175,shaman,restoration,11,2,9
Nolij,sargeras,159,shaman,restoration,5,2,3
Restomilk,tichondrius,159,shaman,restoration,5,2,3
Ttvozzyxy,tichondrius,144,shaman,restoration,8,4,4
Drowsbad,tichondrius,138,shaman,restoration,10,4,6
Stormsanta,emerald-dream,138,shaman,restoration,8,3,5
Uggerz,barthilas,138,shaman,restoration,9,3,6
Bigdaddyion,thrall,138,shaman,restoration,9,3,6
Bigbøss,stormrage,138,shaman,restoration,20,3,17
Aricer,proudmoore,112,shaman,restoration,13,2,11
Hueymagoo,firetree,112,shaman,restoration,13,2,11
Jbahr,hyjal,96,shaman,restoration,3,2,1
Flêùrs,zuljin,96,shaman,restoration,3,2,1
Shamtoots,aerie-peak,96,shaman,restoration,9,2,7
Slacken,kiljaeden,96,shaman,restoration,6,1,5
Dodey,malganis,96,shaman,restoration,6,1,5
Yaola,kiljaeden,96,shaman,restoration,6,1,5
Cyberheler,quelthalas,96,shaman,restoration,6,1,5
Daiablo,barthilas,96,shaman,restoration,6,1,5
Meattoilet,tichondrius,96,shaman,restoration,6,1,5
Ddolsx,tichondrius,96,shaman,restoration,6,1,5
Saithô,quelthalas,96,shaman,restoration,6,1,5
Sharmalama,illidan,96,shaman,restoration,6,1,5
Bobthashaman,tichondrius,96,shaman,restoration,6,1,5
Stickshaman,sargeras,96,shaman,restoration,6,1,5
Meramin,illidan,96,shaman,restoration,6,1,5
Zìfu,darkspear,96,shaman,restoration,6,1,5
Tchamí,blackrock,96,shaman,restoration,6,1,5
Liltex,malganis,96,shaman,restoration,6,1,5
Crassian,illidan,96,shaman,restoration,6,1,5
Wannabecdeww,kelthuzad,96,shaman,restoration,6,1,5
Shamoover,kelthuzad,96,shaman,restoration,6,1,5
Eleshamanz,tichondrius,96,shaman,restoration,6,1,5
Yggd,zuljin,96,shaman,restoration,6,1,5
Babehmakr,lightnings-blade,96,shaman,restoration,6,1,5
Célty,moon-guard,96,shaman,restoration,6,1,5
Finnaburstt,tichondrius,96,shaman,restoration,6,1,5
Statikrage,eonar,96,shaman,restoration,6,1,5
Guildhealer,darkspear,96,shaman,restoration,6,1,5
Asanako,illidan,96,shaman,restoration,6,1,5
Restorates,tichondrius,96,shaman,restoration,6,1,5
Nøtørious,thrall,96,shaman,restoration,6,1,5
Shamouranth,barthilas,96,shaman,restoration,6,1,5
Sleepysham,anubarak,96,shaman,restoration,6,1,5
Restoz,thrall,96,shaman,restoration,6,1,5
Milkyduds,area-52,96,shaman,restoration,6,1,5
Movemaker,shattered-hand,96,shaman,restoration,6,1,5
Ashamanist,barthilas,96,shaman,restoration,6,1,5
Toyletpaper,mugthol,96,shaman,restoration,6,1,5
Churdoodle,area-52,96,shaman,restoration,6,1,5
Kwaztotem,area-52,96,shaman,restoration,6,1,5
Galiffa,area-52,96,shaman,restoration,6,1,5
Bintopean,boulderfist,96,shaman,restoration,6,1,5
Stormstrikes,tichondrius,96,shaman,restoration,6,1,5
Bloodytotems,dethecus,96,shaman,restoration,6,1,5
Iightning,frostwolf,96,shaman,restoration,6,1,5
Ogeez,area-52,96,shaman,restoration,6,1,5
Lennylemons,stormrage,96,shaman,restoration,6,1,5
Average,bonechewer,96,shaman,restoration,6,1,5
Zorg,area-52,96,shaman,restoration,6,1,5
Dasckisham,area-52,96,shaman,restoration,6,1,5
Totempixie,barthilas,96,shaman,restoration,6,1,5
Mufflër,the-venture-co,96,shaman,restoration,6,1,5
Thenewsherek,maelstrom,96,shaman,restoration,6,1,5
Cluffatty,tichondrius,96,shaman,restoration,6,1,5
Sshhammann,tichondrius,96,shaman,restoration,6,1,5
Ashborn,archimonde,96,shaman,restoration,6,1,5
Teathin,ragnaros,96,shaman,restoration,6,1,5
Hadèes,zuljin,96,shaman,restoration,6,1,5
Phéônîxgodx,zuljin,96,shaman,restoration,6,1,5
Babbz,sargeras,96,shaman,restoration,6,1,5
Daku,tichondrius,96,shaman,restoration,6,1,5
Groundfaults,bleeding-hollow,96,shaman,restoration,6,1,5
Swartzqt,tichondrius,96,shaman,restoration,6,1,5
Twizzhurp,bleeding-hollow,96,shaman,restoration,6,1,5
Erii,undermine,96,shaman,restoration,6,1,5
Shapaman,tichondrius,96,shaman,restoration,6,1,5
Cdewschair,tichondrius,96,shaman,restoration,6,1,5
Finark,tichondrius,96,shaman,restoration,7,1,6
Calicø,durotan,96,shaman,restoration,7,1,6
Hexpert,firetree,96,shaman,restoration,12,1,11
Lór,onyxia,96,shaman,restoration,12,1,11
Tehbeast,khadgar,96,shaman,restoration,12,1,11
Njolmir,khazgoroth,96,shaman,restoration,12,1,11
Meatlog,dalaran,96,shaman,restoration,12,1,11
Tinytiddies,chogall,96,shaman,restoration,12,1,11
Latishas,alleria,96,shaman,restoration,18,1,17
Okdopey,area-52,95,shaman,restoration,6,1,5
Lupog,illidan,89,shaman,restoration,8,4,4
Varnol,emerald-dream,79,shaman,restoration,5,1,4
Dirtyshammy,mugthol,79,shaman,restoration,11,1,10
Totèm,tichondrius,64,shaman,restoration,4,1,3
Aceventuura,hyjal,64,shaman,restoration,10,1,9
Annöying,ysera,42,shaman,restoration,6,2,4
Applicable,tichondrius,42,shaman,restoration,9,2,7
Snowtem,moonrunner,31,shaman,restoration,2,1,1
Ttvozzyxy,tichondrius,2385,shaman,elemental,139,89,50
Bronzer,tichondrius,2325,shaman,elemental,75,53,22
Cashe,kiljaeden,2280,shaman,elemental,138,84,54
Ranjeesh,frostmourne,2233,shaman,elemental,174,100,74
Meatbeaterx,aggramar,2189,shaman,elemental,135,70,65
Bøøgaa,proudmoore,2181,shaman,elemental,137,74,63
Thegloc,illidan,2168,shaman,elemental,59,36,23
Jimmysporty,malganis,2168,shaman,elemental,90,47,43
Mercs,frostmourne,2159,shaman,elemental,86,50,36
Bøulderfist,tichondrius,2157,shaman,elemental,72,44,28
Crøwgød,tichondrius,2156,shaman,elemental,109,65,44
Itzgucci,illidan,2143,shaman,elemental,80,46,34
Jgmbs,dalaran,2134,shaman,elemental,106,64,42
Axelsteel,illidan,2132,shaman,elemental,66,45,21
Glochaswon,illidan,2131,shaman,elemental,84,51,33
Khazger,area-52,2128,shaman,elemental,60,40,20
Hitzz,malganis,2127,shaman,elemental,78,49,29
Jazuul,zuljin,2125,shaman,elemental,72,38,34
Lardaz,darkspear,2118,shaman,elemental,60,37,23
Beyoncé,lethon,2116,shaman,elemental,68,41,27
Jeasham,malganis,2112,shaman,elemental,131,69,62
Benanderson,tichondrius,2111,shaman,elemental,110,61,49
Zoeytur,sargeras,2107,shaman,elemental,84,45,39
Shiggenbasta,tichondrius,2107,shaman,elemental,119,63,56
Hexecute,tichondrius,2106,shaman,elemental,84,42,42
Hollowbaby,tichondrius,2101,shaman,elemental,73,48,25
Bujii,frostmourne,2085,shaman,elemental,191,101,90
Missedkick,tichondrius,2049,shaman,elemental,169,100,69
Dxxlol,tichondrius,2044,shaman,elemental,90,54,36
Luhz,tichondrius,2033,shaman,elemental,187,89,98
Billycool,tichondrius,2032,shaman,elemental,60,38,22
Tisaa,tichondrius,2025,shaman,elemental,66,32,34
Manofsand,drenden,2022,shaman,elemental,191,100,91
Meatbeaterx,bleeding-hollow,2009,shaman,elemental,72,36,36
Blmqt,stormrage,2008,shaman,elemental,90,61,29
Kaandel,azralon,2005,shaman,elemental,149,73,76
Iavalash,bleeding-hollow,1995,shaman,elemental,210,103,107
Trenzix,sargeras,1989,shaman,elemental,196,100,96
Nanosec,tichondrius,1988,shaman,elemental,70,39,31
Reckfulq,proudmoore,1986,shaman,elemental,137,84,53
Yejinok,tichondrius,1982,shaman,elemental,126,66,60
Zipzsham,maiev,1979,shaman,elemental,69,50,19
Mazadu,malganis,1967,shaman,elemental,47,27,20
Bronzers,tichondrius,1964,shaman,elemental,48,29,19
Joedna,tichondrius,1962,shaman,elemental,106,55,51
Chunchünmaru,area-52,1957,shaman,elemental,71,40,31
Kimkar,bleeding-hollow,1954,shaman,elemental,60,32,28
Boomsele,tichondrius,1951,shaman,elemental,49,36,13
Bakenquake,tichondrius,1947,shaman,elemental,92,48,44
Johnsju,sargeras,1943,shaman,elemental,105,55,50
Foudre,malganis,1925,shaman,elemental,42,27,15
Depression,baelgun,1921,shaman,elemental,84,51,33
Hexxás,bloodscalp,1920,shaman,elemental,68,40,28
Safeword,nesingwary,1919,shaman,elemental,74,42,32
Emppege,tichondrius,1911,shaman,elemental,133,64,69
Geodude,executus,1909,shaman,elemental,53,33,20
Dipilga,proudmoore,1908,shaman,elemental,46,35,11
Elefusion,sargeras,1908,shaman,elemental,42,27,15
Scaman,tichondrius,1903,shaman,elemental,36,23,13
Juicébox,tichondrius,1903,shaman,elemental,68,39,29
Makazar,tichondrius,1901,shaman,elemental,42,26,16
Tenyks,tichondrius,1897,shaman,elemental,81,49,32
Ultron,deathwing,1890,shaman,elemental,143,74,69
Molbeato,uldum,1888,shaman,elemental,102,51,51
Hedeadxs,illidan,1882,shaman,elemental,60,30,30
Matikz,boulderfist,1878,shaman,elemental,142,78,64
Powerdown,blackrock,1878,shaman,elemental,65,32,33
Tremordrfear,lightbringer,1877,shaman,elemental,30,20,10
Sleepysham,kelthuzad,1877,shaman,elemental,126,67,59
Orksham,tichondrius,1877,shaman,elemental,60,30,30
Tyar,area-52,1876,shaman,elemental,45,31,14
Àspect,aegwynn,1875,shaman,elemental,36,20,16
Sasageyo,tichondrius,1873,shaman,elemental,93,51,42
Skkarz,malganis,1869,shaman,elemental,116,67,49
Cùìó,barthilas,1868,shaman,elemental,54,25,29
Zapmavz,area-52,1865,shaman,elemental,89,49,40
Fàlç,stormrage,1863,shaman,elemental,54,32,22
Funuser,hellscream,1862,shaman,elemental,122,68,54
Uglytotem,tichondrius,1862,shaman,elemental,47,26,21
Shockay,tichondrius,1861,shaman,elemental,56,30,26
Gangmembr,illidan,1857,shaman,elemental,42,25,17
Jøey,nesingwary,1854,shaman,elemental,30,20,10
Strongele,illidan,1854,shaman,elemental,51,30,21
Sshaman,tichondrius,1846,shaman,elemental,82,40,42
Snookìe,sargeras,1846,shaman,elemental,88,41,47
Shøckys,tichondrius,1846,shaman,elemental,90,40,50
Hecstacy,dalaran,1842,shaman,elemental,66,42,24
Illchayqt,frostmourne,1838,shaman,elemental,47,26,21
Utilitytotem,moon-guard,1838,shaman,elemental,154,83,71
Chemjenn,korgath,1838,shaman,elemental,84,37,47
Saphlare,tichondrius,1836,shaman,elemental,36,22,14
Rahtal,malganis,1834,shaman,elemental,48,25,23
Starmaker,malganis,1833,shaman,elemental,44,23,21
Planetwaves,malganis,1832,shaman,elemental,42,23,19
Ãmg,tichondrius,1829,shaman,elemental,41,29,12
Gaymakaí,sargeras,1828,shaman,elemental,48,27,21
Zzarit,tichondrius,1825,shaman,elemental,48,24,24
Humorlava,tichondrius,1820,shaman,elemental,30,19,11
Magtark,frostwolf,1820,shaman,elemental,61,38,23
Carondes,proudmoore,1820,shaman,elemental,69,38,31
Hotdogwaterx,tichondrius,1817,shaman,elemental,62,42,20
Meatyball,tichondrius,1816,shaman,elemental,65,42,23
Smiteums,sargeras,1813,shaman,elemental,42,24,18
Wangyinanmin,tichondrius,1812,shaman,elemental,30,19,11
Whameradetu,suramar,1809,shaman,elemental,80,38,42
Hadèes,zuljin,1808,shaman,elemental,198,108,90
Coffinpls,illidan,1806,shaman,elemental,54,33,21
Dampenedxx,bleeding-hollow,1806,shaman,elemental,139,77,62
Molerat,illidan,1806,shaman,elemental,158,73,85
Swigadee,tichondrius,1806,shaman,elemental,72,33,39
Bismarks,frostmourne,1805,shaman,elemental,66,38,28
Zuescannon,kelthuzad,1805,shaman,elemental,59,32,27
Drazziqt,malganis,1803,shaman,elemental,45,27,18
Nonomori,frostmourne,1802,shaman,elemental,48,30,18
Torchic,drakkari,1801,shaman,elemental,60,31,29
Monkeysham,dathremar,1800,shaman,elemental,48,30,18
Elementàlius,quelthalas,1800,shaman,elemental,80,46,34
Mackq,tichondrius,1800,shaman,elemental,103,54,49
Scherzer,frostwolf,1800,shaman,elemental,90,42,48
Cepheí,bleeding-hollow,1792,shaman,elemental,77,38,39
Vkzz,sargeras,1784,shaman,elemental,49,23,26
Ralae,zuljin,1782,shaman,elemental,29,19,10
Ñîmåbè,tichondrius,1780,shaman,elemental,30,19,11
Ieeguen,tichondrius,1778,shaman,elemental,48,22,26
Soyboyxxo,barthilas,1774,shaman,elemental,127,65,62
Hazzathxy,tichondrius,1771,shaman,elemental,41,22,19
Zqsyyds,illidan,1770,shaman,elemental,35,19,16
Deathblasts,zuljin,1770,shaman,elemental,48,22,26
Pikopiko,tichondrius,1768,shaman,elemental,42,26,16
Møp,spirestone,1766,shaman,elemental,66,39,27
Earthclap,tichondrius,1764,shaman,elemental,57,26,31
Brezel,azralon,1740,shaman,elemental,42,27,15
Swiatek,ragnaros,1740,shaman,elemental,64,35,29
Minigible,tichondrius,1739,shaman,elemental,54,23,31
Scrymax,area-52,1733,shaman,elemental,60,33,27
Hexistential,tichondrius,1731,shaman,elemental,34,26,8
Taranís,sargeras,1730,shaman,elemental,54,25,29
Handzum,blades-edge,1728,shaman,elemental,54,28,26
Hüsky,dalaran,1725,shaman,elemental,53,27,26
Windfurygød,tichondrius,1724,shaman,elemental,60,44,16
Däbü,tichondrius,1724,shaman,elemental,30,18,12
Baddaboom,sargeras,1724,shaman,elemental,79,42,37
Osev,stormrage,1723,shaman,elemental,42,22,20
Apyôn,tichondrius,1719,shaman,elemental,42,24,18
Triknolov,dalaran,1719,shaman,elemental,77,40,37
ßævis,magtheridon,1715,shaman,elemental,60,37,23
Liquidmagma,deathwing,1711,shaman,elemental,100,50,50
Pubechin,jubeithos,1711,shaman,elemental,42,21,21
Ayumihamasai,tichondrius,1710,shaman,elemental,60,33,27
Ryanxo,azjolnerub,1709,shaman,elemental,35,21,14
Gravygumdrop,tichondrius,1707,shaman,elemental,92,47,45
Flüke,tichondrius,1704,shaman,elemental,54,31,23
Notahappyone,area-52,1703,shaman,elemental,48,34,14
Krumpits,barthilas,1699,shaman,elemental,27,19,8
Kustys,tichondrius,1699,shaman,elemental,36,18,18
Trïggerr,blackrock,1695,shaman,elemental,30,18,12
Mytotemisbig,lothar,1694,shaman,elemental,59,38,21
Notbpage,burning-blade,1694,shaman,elemental,102,51,51
Shockyshock,emerald-dream,1683,shaman,elemental,46,29,17
Caserguy,sargeras,1683,shaman,elemental,58,24,34
Enkix,drakkari,1681,shaman,elemental,42,23,19
Feetfungus,area-52,1681,shaman,elemental,60,29,31
Zò,zuljin,1680,shaman,elemental,42,20,22
Cyhren,illidan,1679,shaman,elemental,54,33,21
Kigoros,bleeding-hollow,1679,shaman,elemental,60,33,27
Gorjun,stormrage,1679,shaman,elemental,81,38,43
Ptee,tichondrius,1677,shaman,elemental,45,23,22
Donkeyteeth,bleeding-hollow,1675,shaman,elemental,80,47,33
Zugzugdogg,destromath,1674,shaman,elemental,42,23,19
Zeroclue,area-52,1673,shaman,elemental,40,22,18
Buffele,tichondrius,1672,shaman,elemental,42,18,24
Billydreams,drakkari,1670,shaman,elemental,129,63,66
Jerkdaddy,aggramar,1668,shaman,elemental,30,19,11
Deckìn,proudmoore,1663,shaman,elemental,160,85,75
Buju,bleeding-hollow,1662,shaman,elemental,152,84,68
Illmental,kelthuzad,1658,shaman,elemental,85,44,41
Dewoverload,garithos,1657,shaman,elemental,33,23,10
Letronix,azralon,1656,shaman,elemental,71,34,37
Kawj,eonar,1652,shaman,elemental,36,21,15
Dyxlol,tichondrius,1652,shaman,elemental,56,25,31
Thaelia,azgalor,1650,shaman,elemental,40,23,17
Caninius,sargeras,1649,shaman,elemental,48,24,24
Walabi,tichondrius,1649,shaman,elemental,50,22,28
Zeylhe,proudmoore,1647,shaman,elemental,54,26,28
Smoketide,stormrage,1644,shaman,elemental,47,21,26
Shockisha,sisters-of-elune,1644,shaman,elemental,52,23,29
Xodeus,frostmourne,1642,shaman,elemental,42,21,21
Shlmmyjimmy,tichondrius,1642,shaman,elemental,90,33,57
Faygodream,illidan,1641,shaman,elemental,178,99,79
Streetmeat,crushridge,1640,shaman,elemental,125,64,61
Illbuyurmom,tichondrius,1634,shaman,elemental,49,23,26
Ryukims,tichondrius,1631,shaman,elemental,64,33,31
Imnumberl,sargeras,1630,shaman,elemental,78,51,27
Sonire,tichondrius,1629,shaman,elemental,222,107,115
Óompaloompa,frostmourne,1628,shaman,elemental,52,32,20
Stormsage,jubeithos,1627,shaman,elemental,54,31,23
Fiftybeers,frostmourne,1627,shaman,elemental,35,19,16
Lff,stormrage,1626,shaman,elemental,24,17,7
Vixeen,kelthuzad,1626,shaman,elemental,36,17,19
Shaymîn,malganis,1624,shaman,elemental,38,21,17
Chandye,proudmoore,1620,shaman,elemental,48,22,26
Fruityrudyy,area-52,1618,shaman,elemental,30,22,8
Eimear,kelthuzad,1618,shaman,elemental,33,20,13
Thunderfaker,tichondrius,1618,shaman,elemental,36,17,19
Conjury,tichondrius,1618,shaman,elemental,48,22,26
Mulak,frostmourne,1616,shaman,elemental,110,54,56
Duality,shattered-halls,1615,shaman,elemental,59,38,21
Chajaa,ragnaros,1615,shaman,elemental,171,86,85
Uglymuger,tichondrius,1612,shaman,elemental,98,44,54
Gangstà,stormrage,1611,shaman,elemental,66,30,36
Nayro,bleeding-hollow,1610,shaman,elemental,30,20,10
Uglymugshock,tichondrius,1610,shaman,elemental,90,46,44
Orkuss,illidan,1609,shaman,elemental,29,19,10
Sweatshock,frostmourne,1608,shaman,elemental,206,112,94
Thündermoose,tichondrius,1608,shaman,elemental,42,21,21
Xakaeri,hyjal,1607,shaman,elemental,59,32,27
Setò,quelthalas,1607,shaman,elemental,66,35,31
Roxxiggom,aggramar,1605,shaman,elemental,24,19,5
Üchihamadarâ,tichondrius,1605,shaman,elemental,87,48,39
Taxd,sargeras,1605,shaman,elemental,40,21,19
Soo,kiljaeden,1605,shaman,elemental,84,39,45
Jaimenohex,illidan,1603,shaman,elemental,36,19,17
Nutty,dentarg,1602,shaman,elemental,42,24,18
Tulol,tichondrius,1602,shaman,elemental,114,54,60
Everspell,lightnings-blade,1602,shaman,elemental,72,33,39
Ssjgreen,illidan,1601,shaman,elemental,66,33,33
Opaltsing,tichondrius,1601,shaman,elemental,39,19,20
Datbigthing,frostmourne,1596,shaman,elemental,60,24,36
Igotu,tichondrius,1595,shaman,elemental,30,17,13
Creativemind,ragnaros,1594,shaman,elemental,68,35,33
Kymo,tichondrius,1591,shaman,elemental,30,17,13
Honeybean,tichondrius,1591,shaman,elemental,96,50,46
Lottogodx,area-52,1590,shaman,elemental,48,28,20
Hurìon,coilfang,1589,shaman,elemental,62,35,27
Semasham,khazgoroth,1588,shaman,elemental,43,21,22
Hexzy,moon-guard,1588,shaman,elemental,53,24,29
Squealer,sargeras,1587,shaman,elemental,92,45,47
Zelthakaru,emerald-dream,1587,shaman,elemental,42,18,24
Moodizzle,tichondrius,1586,shaman,elemental,96,51,45
Imense,sargeras,1584,shaman,elemental,42,24,18
Cornivore,malganis,1582,shaman,elemental,36,19,17
Isekai,alterac-mountains,1582,shaman,elemental,220,110,110
Zap,wyrmrest-accord,1576,shaman,elemental,78,39,39
Shamans,zuljin,1569,shaman,elemental,36,27,9
Electriik,kiljaeden,1568,shaman,elemental,54,30,24
Jamieslays,korgath,1567,shaman,elemental,48,26,22
Indika,stormrage,1560,shaman,elemental,30,18,12
Climhazard,senjin,1555,shaman,elemental,36,18,18
Stitchis,black-dragonflight,1554,shaman,elemental,69,41,28
Shellshocka,korgath,1554,shaman,elemental,38,20,18
Simada,tichondrius,1554,shaman,elemental,36,17,19
Krimzs,executus,1553,shaman,elemental,63,28,35
Dtab,tichondrius,1552,shaman,elemental,36,18,18
Volcanoboxer,tichondrius,1552,shaman,elemental,90,44,46
Meatballpie,frostmourne,1548,shaman,elemental,42,25,17
Topax,vashj,1548,shaman,elemental,41,23,18
Doodleburger,dathremar,1545,shaman,elemental,50,41,9
Badandbooshi,stormreaver,1544,shaman,elemental,42,20,22
Talonga,moon-guard,1544,shaman,elemental,48,21,27
Drogues,tichondrius,1543,shaman,elemental,47,26,21
Afw,darkspear,1542,shaman,elemental,94,53,41
Friedmans,illidan,1538,shaman,elemental,105,55,50
Borheals,tichondrius,1537,shaman,elemental,44,21,23
Ratson,ragnaros,1535,shaman,elemental,36,19,17
Robot,illidan,1534,shaman,elemental,30,16,14
Lovesthegear,blackrock,1529,shaman,elemental,30,16,14
Xpire,ragnaros,1528,shaman,elemental,30,16,14
Harrypotqueu,zuljin,1527,shaman,elemental,30,16,14
Bycrax,ragnaros,1526,shaman,elemental,70,36,34
Generators,area-52,1526,shaman,elemental,230,114,116
Tunegrote,ragnaros,1523,shaman,elemental,66,35,31
Daddykooll,tichondrius,1521,shaman,elemental,78,40,38
Draghul,frostwolf,1520,shaman,elemental,43,24,19
Damadar,zuljin,1520,shaman,elemental,36,16,20
Cacahuates,suramar,1519,shaman,elemental,72,43,29
Dwarfdude,gorefiend,1517,shaman,elemental,41,24,17
Yasmiel,zuljin,1517,shaman,elemental,60,27,33
Loxshox,gnomeregan,1516,shaman,elemental,347,172,175
Tuntar,ragnaros,1515,shaman,elemental,162,86,76
Clapton,darkspear,1515,shaman,elemental,47,21,26
Univearth,emerald-dream,1509,shaman,elemental,90,45,45
Gerrkiing,amanthul,1508,shaman,elemental,35,22,13
Cgq,tichondrius,1508,shaman,elemental,102,55,47
Kakaaroto,nemesis,1506,shaman,elemental,75,43,32
Evilraven,tichondrius,1506,shaman,elemental,183,91,92
Zappynips,frostmourne,1492,shaman,elemental,45,26,19
Keldinraz,stormrage,1492,shaman,elemental,48,22,26
Tulnak,kelthuzad,1491,shaman,elemental,117,59,58
Sheriffbj,emerald-dream,1489,shaman,elemental,65,29,36
Totemsmacker,quelthalas,1488,shaman,elemental,48,23,25
Cowish,illidan,1487,shaman,elemental,42,23,19
Soartotes,sargeras,1484,shaman,elemental,34,19,15
Groundme,malganis,1484,shaman,elemental,29,16,13
Innvious,sargeras,1483,shaman,elemental,60,28,32
Gloi,ragnaros,1481,shaman,elemental,31,19,12
Rss,barthilas,1479,shaman,elemental,59,30,29
Dadadabang,frostmourne,1478,shaman,elemental,40,18,22
Baodan,azshara,1471,shaman,elemental,83,43,40
Defrout,kelthuzad,1469,shaman,elemental,68,32,36
Gahaa,tichondrius,1464,shaman,elemental,23,16,7
Joehogan,stormrage,1463,shaman,elemental,67,40,27
Washedupty,illidan,1460,shaman,elemental,118,56,62
Cavolt,stormrage,1459,shaman,elemental,41,21,20
Makocc,tichondrius,1458,shaman,elemental,97,48,49
Huskër,tichondrius,1454,shaman,elemental,76,43,33
Thundermatt,aegwynn,1451,shaman,elemental,87,39,48
Fwwrs,illidan,1450,shaman,elemental,26,16,10
Malosa,hyjal,1449,shaman,elemental,65,27,38
Georgejr,thunderlord,1445,shaman,elemental,30,19,11
Kumer,tichondrius,1436,shaman,elemental,34,19,15
Biberom,kelthuzad,1434,shaman,elemental,57,32,25
Conductivity,frostmourne,1433,shaman,elemental,36,19,17
Sheman,galakrond,1432,shaman,elemental,34,17,17
Latoques,quelthalas,1431,shaman,elemental,24,15,9
Pipesable,ragnaros,1430,shaman,elemental,24,15,9
Vktr,drakkari,1429,shaman,elemental,58,29,29
Soulrak,tichondrius,1429,shaman,elemental,102,46,56
Waterground,tichondrius,1428,shaman,elemental,31,16,15
Saraguthix,dalaran,1427,shaman,elemental,60,27,33
Drazzella,arthas,1422,shaman,elemental,47,21,26
Bramah,bonechewer,1420,shaman,elemental,36,16,20
Snapstr,illidan,1419,shaman,elemental,36,15,21
Hufflefluffs,kiljaeden,1418,shaman,elemental,38,23,15
Scryerman,area-52,1418,shaman,elemental,30,16,14
Srbski,emerald-dream,1416,shaman,elemental,32,17,15
Muffïn,moon-guard,1414,shaman,elemental,24,15,9
Blacklm,tichondrius,1413,shaman,elemental,24,15,9
Plotious,antonidas,1413,shaman,elemental,36,19,17
Dumpweed,stormscale,1413,shaman,elemental,42,21,21
Gumballin,sargeras,1412,shaman,elemental,85,41,44
Shampainn,demon-soul,1407,shaman,elemental,72,38,34
Doxshaman,tichondrius,1407,shaman,elemental,78,41,37
Morluné,tichondrius,1407,shaman,elemental,54,26,28
Chonkymilk,illidan,1407,shaman,elemental,50,22,28
Nøir,drakkari,1405,shaman,elemental,54,22,32
Rinnobunen,wyrmrest-accord,1404,shaman,elemental,65,31,34
Ectomee,tichondrius,1403,shaman,elemental,30,16,14
Everyst,darkspear,1402,shaman,elemental,49,27,22
Mittss,sargeras,1401,shaman,elemental,106,57,49
Pepîllo,ragnaros,1401,shaman,elemental,108,42,66
Zugzugthug,moon-guard,1395,shaman,elemental,131,69,62
Liloggie,illidan,1385,shaman,elemental,23,15,8
Redlava,turalyon,1384,shaman,elemental,31,19,12
Golozok,zuljin,1382,shaman,elemental,35,16,19
Ceedlamb,kelthuzad,1381,shaman,elemental,66,34,32
Darizzler,bleeding-hollow,1379,shaman,elemental,42,24,18
Novajersey,azralon,1377,shaman,elemental,27,16,11
Richode,burning-legion,1376,shaman,elemental,30,17,13
Shuñk,frostmourne,1376,shaman,elemental,60,27,33
Hansolorz,tichondrius,1375,shaman,elemental,56,26,30
Luvstospooj,thaurissan,1372,shaman,elemental,73,34,39
Zechary,proudmoore,1372,shaman,elemental,48,19,29
Ffaísca,azralon,1371,shaman,elemental,44,22,22
Nuofu,illidan,1367,shaman,elemental,59,30,29
Venekk,shattered-hand,1366,shaman,elemental,29,17,12
Rythia,elune,1363,shaman,elemental,40,18,22
Telain,quelthalas,1360,shaman,elemental,84,42,42
Hurky,sargeras,1349,shaman,elemental,122,62,60
Stormsanta,emerald-dream,1349,shaman,elemental,35,15,20
Minusshaman,dalaran,1348,shaman,elemental,80,42,38
Snewboii,malganis,1346,shaman,elemental,30,15,15
Sweetbabyraé,bleeding-hollow,1345,shaman,elemental,54,35,19
Beibeihangh,tichondrius,1344,shaman,elemental,24,14,10
Zynt,illidan,1342,shaman,elemental,24,14,10
Spoonforkorc,thrall,1342,shaman,elemental,24,14,10
Bagele,tichondrius,1342,shaman,elemental,30,14,16
Orçhid,tichondrius,1341,shaman,elemental,18,14,4
Moartotems,kelthuzad,1339,shaman,elemental,24,16,8
Oontuk,illidan,1337,shaman,elemental,66,31,35
Laelyk,kiljaeden,1336,shaman,elemental,30,14,16
Toho,ragnaros,1335,shaman,elemental,36,20,16
Cocainbear,emerald-dream,1332,shaman,elemental,39,20,19
Arukz,tichondrius,1332,shaman,elemental,30,14,16
Onnyx,proudmoore,1330,shaman,elemental,24,14,10
Hengler,emerald-dream,1330,shaman,elemental,30,14,16
Drzhong,frostmourne,1329,shaman,elemental,40,22,18
Rolltìde,tichondrius,1328,shaman,elemental,129,72,57
Totem,burning-legion,1327,shaman,elemental,24,14,10
Totems,the-underbog,1327,shaman,elemental,24,14,10
Ekstasiel,azralon,1323,shaman,elemental,54,28,26
Ragnards,ragnaros,1323,shaman,elemental,79,35,44
Pipelord,destromath,1321,shaman,elemental,24,14,10
Pacapinchhit,azgalor,1320,shaman,elemental,24,14,10
Shocks,alleria,1318,shaman,elemental,30,14,16
Lenin,nathrezim,1316,shaman,elemental,62,24,38
Yippeekiyay,zuluhed,1310,shaman,elemental,39,17,22
Endorovich,mannoroth,1309,shaman,elemental,30,14,16
Ayahuaskah,illidan,1300,shaman,elemental,43,20,23
Dodona,sargeras,1298,shaman,elemental,50,17,33
Hueymagoo,firetree,1295,shaman,elemental,24,14,10
Totempoke,frostmourne,1292,shaman,elemental,23,14,9
Wfb,sargeras,1291,shaman,elemental,24,14,10
Totemtown,darkspear,1286,shaman,elemental,60,28,32
Exoticz,barthilas,1285,shaman,elemental,44,15,29
Seinnome,azralon,1276,shaman,elemental,37,16,21
Bushdeedit,stormrage,1274,shaman,elemental,35,14,21
Jaapo,barthilas,1259,shaman,elemental,98,48,50
Sugirukifuja,stormrage,1258,shaman,elemental,23,16,7
Baltharzhard,saurfang,1257,shaman,elemental,36,16,20
Moacmathi,quelthalas,1253,shaman,elemental,60,27,33
Destroçadorx,azralon,1249,shaman,elemental,32,15,17
Siò,barthilas,1247,shaman,elemental,15,14,1
Funnysa,tichondrius,1247,shaman,elemental,18,13,5
Killeniis,tichondrius,1247,shaman,elemental,54,24,30
Gambezee,kelthuzad,1247,shaman,elemental,30,13,17
Trnzx,sargeras,1246,shaman,elemental,18,13,5
Oldcregg,emerald-dream,1246,shaman,elemental,18,13,5
Lugak,ragnaros,1245,shaman,elemental,41,15,26
Battleshammy,nagrand,1243,shaman,elemental,30,15,15
Clarix,quelthalas,1241,shaman,elemental,24,13,11
Strugs,area-52,1234,shaman,elemental,47,20,27
Kanasya,quelthalas,1234,shaman,elemental,41,17,24
Kkangsiki,tichondrius,1233,shaman,elemental,30,13,17
Edenorion,ragnaros,1232,shaman,elemental,48,23,25
Synerggy,hakkar,1228,shaman,elemental,149,75,74
Forgediniron,stormrage,1225,shaman,elemental,54,27,27
Busterbrounz,queldorei,1224,shaman,elemental,18,13,5
Porkfririe,kelthuzad,1224,shaman,elemental,34,14,20
Chaposz,tichondrius,1221,shaman,elemental,30,13,17
Nírnez,ragnaros,1220,shaman,elemental,42,14,28
Malrom,kelthuzad,1218,shaman,elemental,381,191,190
Engara,frostmane,1216,shaman,elemental,29,13,16
Saulgudmon,area-52,1215,shaman,elemental,36,19,17
Øten,area-52,1214,shaman,elemental,30,20,10
Beerofdoom,proudmoore,1214,shaman,elemental,30,15,15
Vulkuro,quelthalas,1214,shaman,elemental,30,13,17
Pozcaster,tichondrius,1214,shaman,elemental,42,13,29
Mhaal,wyrmrest-accord,1213,shaman,elemental,106,42,64
Eze,tichondrius,1211,shaman,elemental,40,24,16
Amonita,stonemaul,1210,shaman,elemental,18,13,5
Grezzkall,malganis,1207,shaman,elemental,39,19,20
Syile,stormrage,1206,shaman,elemental,26,14,12
Omegaman,lightninghoof,1204,shaman,elemental,69,35,34
Shamanzinh,azralon,1204,shaman,elemental,42,20,22
Budgetseaan,stormrage,1203,shaman,elemental,42,23,19
Bazinguinha,azralon,1202,shaman,elemental,54,25,29
Shadowowl,tanaris,1202,shaman,elemental,33,14,19
Deggle,frostwolf,1201,shaman,elemental,30,14,16
Rafiki,haomarush,1198,shaman,elemental,54,22,32
Ghorokk,azralon,1196,shaman,elemental,24,16,8
Madelements,tichondrius,1195,shaman,elemental,26,14,12
Alphamael,lightbringer,1195,shaman,elemental,53,27,26
Yasuriyamile,illidan,1181,shaman,elemental,100,43,57
Yodahh,daggerspine,1170,shaman,elemental,33,17,16
Lezzer,ragnaros,1167,shaman,elemental,102,45,57
Zhokal,quelthalas,1166,shaman,elemental,125,65,60
Cptnmagma,bleeding-hollow,1162,shaman,elemental,124,57,67
Jaycobb,area-52,1159,shaman,elemental,30,13,17
Zugdabou,bonechewer,1155,shaman,elemental,66,30,36
Dràgoon,thrall,1152,shaman,elemental,18,12,6
Bovinebeauty,tichondrius,1152,shaman,elemental,18,12,6
Pasto,bleeding-hollow,1152,shaman,elemental,18,12,6
Kebboz,frostmourne,1152,shaman,elemental,18,12,6
Shockjob,frostmourne,1152,shaman,elemental,24,12,12
Chenjiawei,tichondrius,1152,shaman,elemental,24,12,12
Krupto,tichondrius,1151,shaman,elemental,24,12,12
Kang,terenas,1150,shaman,elemental,18,12,6
Poonqtx,frostmourne,1149,shaman,elemental,18,12,6
Legthul,tichondrius,1146,shaman,elemental,24,12,12
Maldini,tol-barad,1146,shaman,elemental,30,13,17
Enhancers,sargeras,1144,shaman,elemental,24,12,12
Tidedown,dark-iron,1142,shaman,elemental,18,12,6
Kowabounga,ragnaros,1140,shaman,elemental,24,12,12
Thunderblood,nerzhul,1138,shaman,elemental,24,12,12
Muggs,cairne,1137,shaman,elemental,18,12,6
Nuggitz,tichondrius,1136,shaman,elemental,31,20,11
Vodord,arathor,1130,shaman,elemental,24,12,12
Jashar,spinebreaker,1127,shaman,elemental,24,13,11
Firecracker,warsong,1123,shaman,elemental,88,47,41
Johnwilke,area-52,1123,shaman,elemental,43,17,26
Bravederp,kelthuzad,1120,shaman,elemental,63,31,32
Lavablaster,kelthuzad,1116,shaman,elemental,24,18,6
Skwiglz,tichondrius,1113,shaman,elemental,90,44,46
Afgoox,tichondrius,1105,shaman,elemental,36,24,12
Xoelement,borean-tundra,1103,shaman,elemental,54,25,29
Yunow,ragnaros,1096,shaman,elemental,48,20,28
Axelrose,ragnaros,1090,shaman,elemental,36,16,20
Omnath,zuluhed,1083,shaman,elemental,35,19,16
Zappz,thunderlord,1082,shaman,elemental,60,34,26
Karashamy,ragnaros,1082,shaman,elemental,77,36,41
Shammpain,barthilas,1081,shaman,elemental,59,31,28
Marduul,azralon,1077,shaman,elemental,29,13,16
Justballs,stormscale,1073,shaman,elemental,30,18,12
Coffee,mugthol,1073,shaman,elemental,48,19,29
Shamarock,stonemaul,1071,shaman,elemental,48,25,23
Shockazulu,vashj,1070,shaman,elemental,47,23,24
Tideborn,azralon,1068,shaman,elemental,28,14,14
Afri,tichondrius,1056,shaman,elemental,16,12,4
Giversham,bleeding-hollow,1056,shaman,elemental,18,11,7
Palcyon,eonar,1056,shaman,elemental,18,11,7
Petrafk,illidan,1056,shaman,elemental,18,11,7
Redpocket,zuluhed,1056,shaman,elemental,18,11,7
Bestshamus,sargeras,1056,shaman,elemental,18,11,7
Miroen,tichondrius,1056,shaman,elemental,24,11,13
Highsteakss,tichondrius,1055,shaman,elemental,12,11,1
Tupacshocker,zuljin,1055,shaman,elemental,18,11,7
Fanatix,moon-guard,1055,shaman,elemental,18,11,7
Ndndurkadurk,malganis,1055,shaman,elemental,18,11,7
Smooths,bloodscalp,1055,shaman,elemental,18,11,7
Bootietootie,bleeding-hollow,1055,shaman,elemental,18,11,7
Jeffspicele,emerald-dream,1055,shaman,elemental,24,11,13
Thuntard,bleeding-hollow,1055,shaman,elemental,24,11,13
Ayetex,kelthuzad,1054,shaman,elemental,18,11,7
Sumnah,sargeras,1054,shaman,elemental,42,22,20
Blastuh,kiljaeden,1053,shaman,elemental,18,11,7
Madmartiggen,scilla,1051,shaman,elemental,21,12,9
Ôprawindfury,mugthol,1050,shaman,elemental,18,11,7
Taeilendar,ragnaros,1050,shaman,elemental,24,11,13
Nazz,cenarion-circle,1048,shaman,elemental,18,11,7
Metlar,sargeras,1048,shaman,elemental,24,11,13
Luxenor,kelthuzad,1046,shaman,elemental,18,11,7
Minzysm,illidan,1045,shaman,elemental,24,11,13
Bonevykin,area-52,1044,shaman,elemental,21,12,9
Enflexi,lightbringer,1044,shaman,elemental,24,11,13
Hodonsin,tichondrius,1039,shaman,elemental,23,11,12
Darkrock,echo-isles,1033,shaman,elemental,24,12,12
Rollypolli,gnomeregan,1022,shaman,elemental,72,36,36
Olani,nesingwary,1022,shaman,elemental,38,12,26
Treesntotemz,darkspear,1020,shaman,elemental,18,11,7
Lilmollet,tichondrius,1008,shaman,elemental,23,11,12
Geladoo,gallywix,1008,shaman,elemental,68,29,39
Mîkâ,area-52,1007,shaman,elemental,24,11,13
Wälee,sargeras,1004,shaman,elemental,77,37,40
Shambix,illidan,1002,shaman,elemental,19,12,7
Dizzytotem,dalaran,991,shaman,elemental,24,11,13
Rodbert,sargeras,990,shaman,elemental,20,11,9
Cheweydadawg,shandris,990,shaman,elemental,23,11,12
Shàmpow,darkspear,988,shaman,elemental,23,11,12
Shamanic,dunemaul,984,shaman,elemental,83,31,52
Saanrixa,jubeithos,978,shaman,elemental,96,37,59
Bronan,laughing-skull,976,shaman,elemental,54,20,34
Mistayl,bleeding-hollow,968,shaman,elemental,30,12,18
Asanako,illidan,961,shaman,elemental,64,26,38
Graveshocks,illidan,960,shaman,elemental,12,10,2
Smrtdeath,zuljin,960,shaman,elemental,12,10,2
Folus,azjolnerub,960,shaman,elemental,18,10,8
Bigdaddyion,thrall,960,shaman,elemental,18,10,8
Smeagles,ragnaros,960,shaman,elemental,18,10,8
Hydroponicz,sargeras,960,shaman,elemental,18,10,8
Withinfinity,stormrage,960,shaman,elemental,24,10,14
Tawambji,kiljaeden,959,shaman,elemental,18,10,8
Hexoffend,zuljin,959,shaman,elemental,18,10,8
Kodyaj,illidan,959,shaman,elemental,18,10,8
Tidalstorm,thrall,959,shaman,elemental,18,10,8
Ehhmacros,doomhammer,959,shaman,elemental,24,10,14
Aingry,darkspear,958,shaman,elemental,18,10,8
Korlog,tichondrius,957,shaman,elemental,12,10,2
Charabon,ragnaros,957,shaman,elemental,18,10,8
Shockshammy,kiljaeden,956,shaman,elemental,18,10,8
Bigway,area-52,956,shaman,elemental,30,10,20
Sanlu,tichondrius,955,shaman,elemental,65,30,35
Piloncho,ragnaros,955,shaman,elemental,54,20,34
Tinkd,stormrage,953,shaman,elemental,18,10,8
Izreborn,tichondrius,953,shaman,elemental,24,10,14
Discokid,norgannon,951,shaman,elemental,24,10,14
Tuksha,alleria,951,shaman,elemental,30,10,20
Káládin,malganis,944,shaman,elemental,24,10,14
Shmoo,deathwing,939,shaman,elemental,21,11,10
Tørosentado,quelthalas,938,shaman,elemental,23,10,13
Madeleines,goldrinn,936,shaman,elemental,18,10,8
Proignite,drakthul,934,shaman,elemental,35,17,18
Gorron,frostwolf,929,shaman,elemental,24,10,14
Dooman,area-52,927,shaman,elemental,30,10,20
Sarahfe,wyrmrest-accord,910,shaman,elemental,17,10,7
Bulljay,bleeding-hollow,910,shaman,elemental,21,11,10
Aragog,malygos,899,shaman,elemental,32,16,16
Threehandz,bleeding-hollow,886,shaman,elemental,55,20,35
Trilz,barthilas,880,shaman,elemental,19,10,9
Jer,tichondrius,864,shaman,elemental,12,9,3
Bikáchu,tichondrius,864,shaman,elemental,12,9,3
Notragii,kelthuzad,864,shaman,elemental,12,9,3
Helga,hellscream,864,shaman,elemental,12,9,3
Koalatricks,shadow-council,864,shaman,elemental,12,9,3
Councilman,illidan,864,shaman,elemental,18,9,9
Owtyobwol,area-52,864,shaman,elemental,18,9,9
Doorti,area-52,864,shaman,elemental,18,9,9
Kilydily,destromath,864,shaman,elemental,18,9,9
Okïòmó,proudmoore,864,shaman,elemental,18,9,9
Exceedër,ragnaros,864,shaman,elemental,18,9,9
Tampíco,ragnaros,864,shaman,elemental,24,9,15
Ratedpvp,thrall,863,shaman,elemental,12,9,3
Ðomzy,tichondrius,863,shaman,elemental,12,9,3
Blöw,tichondrius,863,shaman,elemental,18,9,9
Poseidon,kiljaeden,863,shaman,elemental,18,9,9
Hexellént,kiljaeden,863,shaman,elemental,18,9,9
Earthfirex,ragnaros,863,shaman,elemental,18,9,9
Skyten,quelthalas,863,shaman,elemental,21,10,11
Stormcop,kelthuzad,863,shaman,elemental,24,9,15
Dehsaw,illidan,863,shaman,elemental,24,9,15
Dtrumpx,tichondrius,863,shaman,elemental,24,9,15
Thaél,proudmoore,863,shaman,elemental,24,9,15
Elemastery,windrunner,862,shaman,elemental,12,9,3
Downerr,malganis,862,shaman,elemental,13,9,4
Beatryx,the-scryers,862,shaman,elemental,18,9,9
Tottemic,blackrock,862,shaman,elemental,18,9,9
Cónò,tichondrius,861,shaman,elemental,18,9,9
Phagocytosis,illidan,861,shaman,elemental,18,9,9
Grandwolf,ragnaros,861,shaman,elemental,18,9,9
Sabtifa,proudmoore,861,shaman,elemental,24,9,15
Jensenx,proudmoore,861,shaman,elemental,24,9,15
Grukall,galakrond,860,shaman,elemental,12,9,3
Galabanjø,malganis,860,shaman,elemental,24,9,15
Bluetape,azshara,858,shaman,elemental,12,9,3
Velekar,moon-guard,858,shaman,elemental,24,9,15
Xantoor,area-52,857,shaman,elemental,18,9,9
Gorakh,illidan,856,shaman,elemental,18,9,9
Dellnar,nagrand,847,shaman,elemental,18,9,9
Mðna,zuluhed,838,shaman,elemental,18,9,9
Daiskei,nordrassil,838,shaman,elemental,18,9,9
Vegaslights,tichondrius,816,shaman,elemental,21,9,12
Mindfields,barthilas,812,shaman,elemental,20,10,10
Zerium,nemesis,810,shaman,elemental,27,10,17
Maxchamo,ragnaros,810,shaman,elemental,31,10,21
Thanwirn,ragnaros,809,shaman,elemental,24,9,15
Relâx,icecrown,779,shaman,elemental,19,9,10
Supbrø,zuluhed,768,shaman,elemental,12,8,4
Dook,ghostlands,768,shaman,elemental,12,8,4
Artaiva,zuljin,768,shaman,elemental,12,8,4
Lasso,shattered-hand,768,shaman,elemental,12,8,4
Morabebi,tichondrius,768,shaman,elemental,12,8,4
Genesisz,tichondrius,768,shaman,elemental,12,8,4
Yurp,illidan,768,shaman,elemental,12,8,4
Squidzy,tichondrius,768,shaman,elemental,12,8,4
Synkronaqt,tichondrius,768,shaman,elemental,12,8,4
Biggiechief,illidan,768,shaman,elemental,12,8,4
Bagovs,tichondrius,768,shaman,elemental,12,8,4
Xammaa,illidan,768,shaman,elemental,12,8,4
Shocksrus,arthas,768,shaman,elemental,18,8,10
Storminlorka,sargeras,768,shaman,elemental,18,8,10
Groundfaults,bleeding-hollow,768,shaman,elemental,18,8,10
Ëìê,tichondrius,768,shaman,elemental,30,8,22
Shockerfist,thunderlord,767,shaman,elemental,12,8,4
Tierrox,tichondrius,767,shaman,elemental,12,8,4
Flowerchild,proudmoore,767,shaman,elemental,12,8,4
Momothewolf,malganis,767,shaman,elemental,12,8,4
Graymatterz,ysondre,767,shaman,elemental,12,8,4
Thestromp,quelthalas,767,shaman,elemental,12,8,4
Urb,moknathal,767,shaman,elemental,18,8,10
Hexlexic,stormrage,767,shaman,elemental,18,8,10
Mugumbo,frostmourne,767,shaman,elemental,19,8,11
Mazdamundï,ragnaros,767,shaman,elemental,24,8,16
Fênrisulfer,area-52,766,shaman,elemental,18,8,10
Cheddatotz,illidan,764,shaman,elemental,12,8,4
Pãníç,bladefist,764,shaman,elemental,18,8,10
Neebon,jubeithos,763,shaman,elemental,12,8,4
Chanix,ragnaros,763,shaman,elemental,12,8,4
Shachone,zuljin,763,shaman,elemental,18,8,10
Teekona,tichondrius,763,shaman,elemental,18,8,10
Shammany,stormrage,763,shaman,elemental,18,8,10
Shamofshame,garrosh,763,shaman,elemental,24,8,16
Matria,tanaris,735,shaman,elemental,18,8,10
Aeromarius,ragnaros,733,shaman,elemental,13,10,3
Lowiqpleb,tichondrius,719,shaman,elemental,17,8,9
Rokogg,thrall,718,shaman,elemental,17,8,9
Pileef,thrall,704,shaman,elemental,10,8,2
Dmt,exodar,704,shaman,elemental,22,8,14
Blacklust,tichondrius,702,shaman,elemental,14,8,6
Makogo,earthen-ring,686,shaman,elemental,13,8,5
Sàuron,tichondrius,686,shaman,elemental,19,8,11
Rahkarg,korgath,672,shaman,elemental,12,7,5
Willy,icecrown,672,shaman,elemental,12,7,5
Tatespeech,barthilas,672,shaman,elemental,12,7,5
Varnol,emerald-dream,672,shaman,elemental,12,7,5
Totemzie,illidan,672,shaman,elemental,12,7,5
Cuban,kelthuzad,672,shaman,elemental,12,7,5
Pericazo,sargeras,672,shaman,elemental,12,7,5
Shambergler,tichondrius,672,shaman,elemental,12,7,5
Mesdew,tichondrius,672,shaman,elemental,12,7,5
Glizzyjamon,sargeras,672,shaman,elemental,12,7,5
Thoraq,bleeding-hollow,672,shaman,elemental,12,7,5
Merkal,illidan,672,shaman,elemental,12,7,5
Farku,illidan,672,shaman,elemental,12,7,5
Lagroupie,ragnaros,672,shaman,elemental,12,7,5
Chazzwozza,area-52,672,shaman,elemental,12,7,5
Plebshammy,bleeding-hollow,672,shaman,elemental,12,7,5
Drmeatballmd,tichondrius,672,shaman,elemental,12,7,5
Xinz,guldan,672,shaman,elemental,12,7,5
Ðøææøð,stormrage,672,shaman,elemental,12,7,5
Eravas,thrall,672,shaman,elemental,18,7,11
Neotrad,proudmoore,672,shaman,elemental,18,7,11
Alwaysbulkin,tichondrius,672,shaman,elemental,18,7,11
Shamigo,tichondrius,672,shaman,elemental,18,7,11
Lovebody,zuljin,672,shaman,elemental,18,7,11
Desdìnova,tortheldrin,672,shaman,elemental,18,7,11
Mzzar,tichondrius,672,shaman,elemental,18,7,11
Risker,tichondrius,672,shaman,elemental,18,7,11
Dansham,zuljin,672,shaman,elemental,24,7,17
Oukami,area-52,671,shaman,elemental,12,7,5
Hairyrichard,zuljin,671,shaman,elemental,12,7,5
Stormha,illidan,671,shaman,elemental,12,7,5
Jacori,malganis,671,shaman,elemental,12,7,5
Canute,bonechewer,671,shaman,elemental,12,7,5
Lenå,moon-guard,671,shaman,elemental,12,7,5
Lilthrall,skullcrusher,671,shaman,elemental,12,7,5
Malito,ursin,671,shaman,elemental,18,7,11
Stèpbro,sargeras,671,shaman,elemental,18,7,11
Alariaa,sargeras,670,shaman,elemental,12,7,5
Neukims,nemesis,670,shaman,elemental,20,7,13
Grimlên,skullcrusher,669,shaman,elemental,18,7,11
Phuamya,dalaran,667,shaman,elemental,12,7,5
Shamadan,proudmoore,665,shaman,elemental,12,7,5
Warmak,hyjal,664,shaman,elemental,12,7,5
Jyster,area-52,664,shaman,elemental,24,7,17
Bigrider,nemesis,664,shaman,elemental,24,7,17
Cardanø,illidan,652,shaman,elemental,29,7,22
Cheesewheelz,arthas,651,shaman,elemental,22,7,15
Aestheticsx,thrall,640,shaman,elemental,16,7,9
Megalithic,moon-guard,639,shaman,elemental,14,8,6
Koongram,area-52,623,shaman,elemental,11,7,4
Cîmm,stormrage,607,shaman,elemental,11,7,4
Shizzänk,illidan,606,shaman,elemental,11,7,4
Dornmawhide,sargeras,576,shaman,elemental,6,6,0
Pikapiko,tichondrius,576,shaman,elemental,6,6,0
Kasparøv,tichondrius,576,shaman,elemental,6,6,0
Boltadeez,tichondrius,576,shaman,elemental,6,6,0
Adutchcowboy,tichondrius,576,shaman,elemental,6,6,0
Astrostorm,darkspear,576,shaman,elemental,12,6,6
Feuerbart,dalaran,576,shaman,elemental,12,6,6
Littz,malganis,576,shaman,elemental,12,6,6
Finark,tichondrius,576,shaman,elemental,12,6,6
Zunden,illidan,576,shaman,elemental,12,6,6
Zlateral,malganis,576,shaman,elemental,12,6,6
Spaceghost,illidan,576,shaman,elemental,12,6,6
Smoketide,illidan,576,shaman,elemental,12,6,6
Grimmson,emerald-dream,576,shaman,elemental,12,6,6
Deyodin,illidan,576,shaman,elemental,12,6,6
Tairen,ragnaros,576,shaman,elemental,12,6,6
Mcgraff,frostmourne,576,shaman,elemental,12,6,6
Mistysham,illidan,576,shaman,elemental,12,6,6
Undaunte,sargeras,576,shaman,elemental,12,6,6
Bobbymooshay,area-52,576,shaman,elemental,12,6,6
Bustinbooty,kiljaeden,576,shaman,elemental,12,6,6
Jnzz,area-52,576,shaman,elemental,12,6,6
Fuseillar,illidan,576,shaman,elemental,12,6,6
Riseon,illidan,576,shaman,elemental,12,6,6
Darkcharles,illidan,576,shaman,elemental,12,6,6
Traindablue,illidan,576,shaman,elemental,12,6,6
Getwetand,quelthalas,576,shaman,elemental,12,6,6
Orkshammy,illidan,576,shaman,elemental,12,6,6
Notsock,zuljin,576,shaman,elemental,12,6,6
Shaokhan,azjolnerub,576,shaman,elemental,12,6,6
Doommjölnir,sargeras,576,shaman,elemental,12,6,6
Rubmytotêm,tichondrius,576,shaman,elemental,12,6,6
Deeznuts,the-forgotten-coast,576,shaman,elemental,12,6,6
Frosh,nazgrel,576,shaman,elemental,12,6,6
Adesaa,illidan,576,shaman,elemental,18,6,12
Bitamin,frostmourne,576,shaman,elemental,18,6,12
Torosmile,tichondrius,576,shaman,elemental,18,6,12
Cowtidetotem,thrall,576,shaman,elemental,18,6,12
Avni,silver-hand,575,shaman,elemental,12,6,6
Moctezumma,area-52,575,shaman,elemental,12,6,6
Drewshammy,zuljin,575,shaman,elemental,12,6,6
Satup,ragnaros,575,shaman,elemental,12,6,6
Apocalypsehb,quelthalas,575,shaman,elemental,12,6,6
Procdepartme,area-52,575,shaman,elemental,12,6,6
Shøckolate,magtheridon,575,shaman,elemental,12,6,6
Skribblez,tichondrius,575,shaman,elemental,12,6,6
Nemei,zuljin,575,shaman,elemental,12,6,6
Grimitt,suramar,575,shaman,elemental,18,6,12
Nomahuata,cenarion-circle,575,shaman,elemental,18,6,12
Ulamøgg,proudmoore,575,shaman,elemental,21,6,15
Chanintotem,shattered-halls,574,shaman,elemental,12,6,6
Bcs,lightbringer,573,shaman,elemental,12,6,6
Nezzuk,quelthalas,573,shaman,elemental,12,6,6
Thuggliife,frostmourne,573,shaman,elemental,18,6,12
Totempaul,frostmourne,570,shaman,elemental,18,6,12
Ryudark,stormrage,569,shaman,elemental,24,6,18
Asy,tichondrius,559,shaman,elemental,11,6,5
Frostshear,maiev,557,shaman,elemental,17,6,11
Aitex,kelthuzad,543,shaman,elemental,15,7,8
Thanen,the-scryers,541,shaman,elemental,16,6,10
Aseew,drakkari,522,shaman,elemental,21,9,12
Devipersham,frostmourne,511,shaman,elemental,11,6,5
Kultirio,quelthalas,480,shaman,elemental,6,5,1
Meatballsx,tichondrius,480,shaman,elemental,6,5,1
Vulcansh,azralon,480,shaman,elemental,6,5,1
Shoxz,korgath,480,shaman,elemental,6,5,1
Shamxrob,sargeras,480,shaman,elemental,6,5,1
Furiousnick,stormrage,480,shaman,elemental,6,5,1
Axaxaxaxaxax,illidan,480,shaman,elemental,6,5,1
Fenny,proudmoore,480,shaman,elemental,6,5,1
Dîabeetus,moon-guard,480,shaman,elemental,6,5,1
Shockbalboa,stormrage,480,shaman,elemental,6,5,1
Riptideafk,sargeras,480,shaman,elemental,6,5,1
Shinydiglett,area-52,480,shaman,elemental,6,5,1
Hanaruk,ragnaros,480,shaman,elemental,6,5,1
Blazintotems,arthas,480,shaman,elemental,6,5,1
Sxr,moon-guard,480,shaman,elemental,6,5,1
Josiahsham,kelthuzad,480,shaman,elemental,7,5,2
Firedchips,tichondrius,480,shaman,elemental,17,8,9
Vashidda,stormrage,480,shaman,elemental,12,5,7
Shamberheard,kelthuzad,480,shaman,elemental,12,5,7
Zro,ysera,480,shaman,elemental,12,5,7
Eluulne,silvermoon,480,shaman,elemental,12,5,7
Drvoodoo,tichondrius,480,shaman,elemental,12,5,7
Ferdi,kelthuzad,480,shaman,elemental,12,5,7
Sgorr,illidan,480,shaman,elemental,12,5,7
Zeebouzy,illidan,480,shaman,elemental,12,5,7
Mariarlee,proudmoore,480,shaman,elemental,12,5,7
Drakhe,proudmoore,480,shaman,elemental,12,5,7
Flamestrife,illidan,480,shaman,elemental,12,5,7
Athymus,dragonmaw,480,shaman,elemental,12,5,7
Zajashuna,malganis,480,shaman,elemental,12,5,7
Wempa,moon-guard,480,shaman,elemental,12,5,7
Flukz,nazjatar,480,shaman,elemental,12,5,7
Stayz,tichondrius,480,shaman,elemental,12,5,7
Boodissy,tichondrius,480,shaman,elemental,12,5,7
Blobberino,tichondrius,480,shaman,elemental,12,5,7
Slumpinator,tichondrius,480,shaman,elemental,12,5,7
Chomolungma,azralon,480,shaman,elemental,12,5,7
Fonsestrelly,emerald-dream,480,shaman,elemental,12,5,7
Wobbleshock,tichondrius,480,shaman,elemental,12,5,7
Jènova,whisperwind,480,shaman,elemental,12,5,7
Twistedteas,tichondrius,480,shaman,elemental,12,5,7
Junkygreens,proudmoore,480,shaman,elemental,12,5,7
Gjaj,tichondrius,480,shaman,elemental,12,5,7
Daerönn,azralon,480,shaman,elemental,12,5,7
Jaedrick,chogall,480,shaman,elemental,12,5,7
Kissmywalnut,frostmourne,480,shaman,elemental,12,5,7
Delement,ragnaros,480,shaman,elemental,12,5,7
Totemchucker,stormrage,480,shaman,elemental,15,6,9
Flamelink,tichondrius,480,shaman,elemental,20,6,14
Hazznokicks,bleeding-hollow,480,shaman,elemental,21,6,15
Dwârf,tichondrius,480,shaman,elemental,18,5,13
Helapoon,area-52,480,shaman,elemental,18,5,13
Konndor,malganis,480,shaman,elemental,18,5,13
Hallion,frostmourne,480,shaman,elemental,18,5,13
Arialial,hyjal,480,shaman,elemental,18,5,13
Firesurge,sargeras,480,shaman,elemental,18,5,13
Advìl,area-52,480,shaman,elemental,18,5,13
Vjeze,frostmourne,480,shaman,elemental,24,5,19
Zevelynne,wyrmrest-accord,480,shaman,elemental,24,5,19
Killdeaderer,barthilas,479,shaman,elemental,6,5,1
Virô,sargeras,479,shaman,elemental,6,5,1
Shanão,nemesis,479,shaman,elemental,6,5,1
Ðarkvolts,stormrage,479,shaman,elemental,12,5,7
Sparkyy,kelthuzad,479,shaman,elemental,12,5,7
Doughboy,khadgar,478,shaman,elemental,14,6,8
Talraviebor,stormrage,478,shaman,elemental,12,5,7
Diokles,skywall,478,shaman,elemental,12,5,7
Meteorah,kelthuzad,477,shaman,elemental,18,5,13
Gunai,malganis,416,shaman,elemental,10,5,5
Kinjin,dragonmaw,415,shaman,elemental,14,5,9
Ripklanian,blood-furnace,400,shaman,elemental,13,5,8
Dingfu,sargeras,384,shaman,elemental,6,4,2
Munchies,madoran,384,shaman,elemental,6,4,2
Blueku,tichondrius,384,shaman,elemental,6,4,2
Dromus,dalvengyr,384,shaman,elemental,6,4,2
Aishel,area-52,384,shaman,elemental,6,4,2
Novoz,tichondrius,384,shaman,elemental,6,4,2
Lukora,stonemaul,384,shaman,elemental,6,4,2
Ginnagangus,mugthol,384,shaman,elemental,6,4,2
Zenan,stormreaver,384,shaman,elemental,6,4,2
Vitaminc,garona,384,shaman,elemental,6,4,2
Seraøth,area-52,384,shaman,elemental,6,4,2
Greensween,thrall,384,shaman,elemental,6,4,2
Hulan,tichondrius,384,shaman,elemental,6,4,2
Simped,bleeding-hollow,384,shaman,elemental,6,4,2
Borgmash,chogall,384,shaman,elemental,6,4,2
Sammila,tichondrius,384,shaman,elemental,6,4,2
Checkmâte,emerald-dream,384,shaman,elemental,6,4,2
Ryùko,proudmoore,384,shaman,elemental,6,4,2
Yshi,kelthuzad,384,shaman,elemental,6,4,2
Dgshaman,tichondrius,384,shaman,elemental,6,4,2
Trashpandaa,deathwing,384,shaman,elemental,6,4,2
Clamson,tichondrius,384,shaman,elemental,6,4,2
Sèèr,tichondrius,384,shaman,elemental,6,4,2
Thandius,arygos,384,shaman,elemental,6,4,2
Brickzilla,dalaran,384,shaman,elemental,6,4,2
Elebro,emerald-dream,384,shaman,elemental,6,4,2
Oscarmike,auchindoun,384,shaman,elemental,6,4,2
Olboy,thrall,384,shaman,elemental,6,4,2
Paltalk,the-forgotten-coast,384,shaman,elemental,6,4,2
Nyroh,zuljin,384,shaman,elemental,6,4,2
Jimmyapple,illidan,384,shaman,elemental,6,4,2
Boogiefever,area-52,384,shaman,elemental,6,4,2
Ruugo,malganis,384,shaman,elemental,6,4,2
Trickyjf,dalaran,384,shaman,elemental,6,4,2
Coldbeer,frostmourne,384,shaman,elemental,6,4,2
Aleysha,dreadmaul,384,shaman,elemental,6,4,2
Wodgodx,sargeras,384,shaman,elemental,6,4,2
Targhal,tichondrius,384,shaman,elemental,6,4,2
Kranif,tichondrius,384,shaman,elemental,6,4,2
Ryuubi,illidan,384,shaman,elemental,6,4,2
Kromdag,dalaran,384,shaman,elemental,6,4,2
Weebdestroyr,illidan,384,shaman,elemental,6,4,2
Dragaru,illidan,384,shaman,elemental,6,4,2
Thorlottie,stormrage,384,shaman,elemental,6,4,2
Zezlek,malganis,384,shaman,elemental,6,4,2
Shammyqua,tichondrius,384,shaman,elemental,6,4,2
Cduck,zuljin,384,shaman,elemental,6,4,2
Ktom,runetotem,384,shaman,elemental,6,4,2
Linkzz,malganis,384,shaman,elemental,6,4,2
Zappithorus,stormrage,384,shaman,elemental,6,4,2
Super,azshara,384,shaman,elemental,14,5,9
Catdontcare,tichondrius,384,shaman,elemental,12,4,8
Lividelemnts,area-52,384,shaman,elemental,12,4,8
Rosettee,stormrage,384,shaman,elemental,12,4,8
Kushnations,chogall,384,shaman,elemental,12,4,8
Popsoot,area-52,384,shaman,elemental,12,4,8
Anahvee,moon-guard,384,shaman,elemental,12,4,8
Natorr,dalaran,384,shaman,elemental,12,4,8
Jhivone,tichondrius,384,shaman,elemental,12,4,8
Fatherrtime,illidan,384,shaman,elemental,12,4,8
Chainz,illidan,384,shaman,elemental,12,4,8
Rudoboy,ragnaros,384,shaman,elemental,12,4,8
Duza,frostmourne,384,shaman,elemental,12,4,8
Sjostrom,proudmoore,384,shaman,elemental,12,4,8
Zizö,barthilas,384,shaman,elemental,12,4,8
Naweiv,caelestrasz,384,shaman,elemental,12,4,8
Ayatsu,thrall,384,shaman,elemental,12,4,8
Manitbaggins,earthen-ring,384,shaman,elemental,12,4,8
Lavasurge,area-52,384,shaman,elemental,12,4,8
Elryl,sargeras,384,shaman,elemental,12,4,8
Yukishock,illidan,384,shaman,elemental,12,4,8
Sin,bleeding-hollow,384,shaman,elemental,12,4,8
Oohkillemm,silvermoon,384,shaman,elemental,12,4,8
Tecnein,tichondrius,384,shaman,elemental,12,4,8
Shrektar,cenarius,384,shaman,elemental,12,4,8
Bigstormz,fenris,384,shaman,elemental,18,4,14
Zappyshorty,sargeras,383,shaman,elemental,6,4,2
Santee,frostmourne,383,shaman,elemental,6,4,2
Machalo,sargeras,383,shaman,elemental,12,4,8
Enroks,greymane,383,shaman,elemental,12,4,8
Akó,quelthalas,383,shaman,elemental,18,4,14
Stórmfuryz,tichondrius,382,shaman,elemental,12,4,8
Potatopirate,burning-legion,381,shaman,elemental,18,4,14
Coffeeblacc,magtheridon,379,shaman,elemental,12,4,8
Babyblake,malganis,351,shaman,elemental,8,5,3
Shk,illidan,351,shaman,elemental,11,4,7
Branasou,emerald-dream,351,shaman,elemental,11,4,7
Frequency,kiljaeden,351,shaman,elemental,11,4,7
Råys,turalyon,350,shaman,elemental,11,4,7
Trashaman,garona,336,shaman,elemental,9,4,5
Stormfronts,kelthuzad,336,shaman,elemental,9,4,5
Nondracil,ragnaros,336,shaman,elemental,14,4,10
Taraneh,garrosh,325,shaman,elemental,15,5,10
Shamankie,tichondrius,319,shaman,elemental,5,4,1
Orochishaman,stormrage,319,shaman,elemental,5,4,1
Charr,nemesis,304,shaman,elemental,7,4,3
Tsunamibrew,moon-guard,302,shaman,elemental,9,4,5
Frakk,silvermoon,288,shaman,elemental,6,3,3
Ggoong,tichondrius,288,shaman,elemental,6,3,3
Trenhance,stormrage,288,shaman,elemental,6,3,3
Vanëssão,stormrage,288,shaman,elemental,6,3,3
Scarshamxn,frostmourne,288,shaman,elemental,6,3,3
Tethai,moon-guard,288,shaman,elemental,6,3,3
Éarl,sargeras,288,shaman,elemental,6,3,3
Axshaman,darkspear,288,shaman,elemental,6,3,3
Hamrok,moon-guard,288,shaman,elemental,6,3,3
Niarkx,frostmourne,288,shaman,elemental,6,3,3
Autisty,sargeras,288,shaman,elemental,6,3,3
Curtrex,amanthul,288,shaman,elemental,6,3,3
Moosk,zuluhed,288,shaman,elemental,6,3,3
Frenchy,hyjal,288,shaman,elemental,6,3,3
Genericheat,tichondrius,288,shaman,elemental,6,3,3
Dì,barthilas,288,shaman,elemental,6,3,3
Kurzee,kelthuzad,288,shaman,elemental,6,3,3
Largerwang,sargeras,288,shaman,elemental,6,3,3
Bolteon,malganis,288,shaman,elemental,6,3,3
Hedeadx,illidan,288,shaman,elemental,6,3,3
Improvize,malganis,288,shaman,elemental,6,3,3
Wabiex,illidan,288,shaman,elemental,6,3,3
Bens,malganis,288,shaman,elemental,6,3,3
Ioki,spirestone,288,shaman,elemental,6,3,3
Mabite,frostmourne,288,shaman,elemental,6,3,3
Xhamankng,quelthalas,288,shaman,elemental,6,3,3
Mønønøke,tichondrius,288,shaman,elemental,6,3,3
Garalath,bleeding-hollow,288,shaman,elemental,6,3,3
Exsh,area-52,288,shaman,elemental,6,3,3
Ragor,quelthalas,288,shaman,elemental,6,3,3
Shamyuna,dalaran,288,shaman,elemental,6,3,3
Iloverina,stormrage,288,shaman,elemental,6,3,3
Shamtactic,thrall,288,shaman,elemental,6,3,3
Raiden,gorgonnash,288,shaman,elemental,6,3,3
Earthfurÿ,quelthalas,288,shaman,elemental,6,3,3
Floon,barthilas,288,shaman,elemental,6,3,3
Aerôv,area-52,288,shaman,elemental,6,3,3
Bigdumb,blackrock,288,shaman,elemental,6,3,3
Shizamm,hyjal,288,shaman,elemental,6,3,3
Dialtone,blackrock,288,shaman,elemental,6,3,3
Awesomeus,barthilas,288,shaman,elemental,6,3,3
Bizle,jaedenar,288,shaman,elemental,6,3,3
Passion,sargeras,288,shaman,elemental,6,3,3
Häzel,nerzhul,288,shaman,elemental,6,3,3
Jamsham,tichondrius,288,shaman,elemental,6,3,3
Arckos,thrall,288,shaman,elemental,6,3,3
Shajay,area-52,288,shaman,elemental,6,3,3
Talfur,area-52,288,shaman,elemental,6,3,3
Oxforcefairy,tichondrius,288,shaman,elemental,6,3,3
Spacemilk,stormrage,288,shaman,elemental,6,3,3
Fobb,area-52,288,shaman,elemental,6,3,3
Atokirina,drakkari,288,shaman,elemental,6,3,3
Woepost,tichondrius,288,shaman,elemental,6,3,3
Oingo,destromath,288,shaman,elemental,6,3,3
Gödöfbüdå,tichondrius,288,shaman,elemental,6,3,3
Malgrave,ragnaros,288,shaman,elemental,6,3,3
Doop,kiljaeden,288,shaman,elemental,6,3,3
Daiablo,barthilas,288,shaman,elemental,6,3,3
Fattizer,sargeras,288,shaman,elemental,6,3,3
Dazu,drakkari,288,shaman,elemental,6,3,3
Shàman,durotan,288,shaman,elemental,6,3,3
Thelphor,nemesis,288,shaman,elemental,6,3,3
Blakki,barthilas,288,shaman,elemental,6,3,3
Zuldroth,frostmourne,288,shaman,elemental,6,3,3
Neesta,ragnaros,288,shaman,elemental,6,3,3
Vibration,akama,288,shaman,elemental,6,3,3
Fluffyhex,sargeras,288,shaman,elemental,6,3,3
Tokelahoma,stormrage,288,shaman,elemental,6,3,3
Healingtime,nerzhul,288,shaman,elemental,6,3,3
Shadeele,cenarius,288,shaman,elemental,6,3,3
Cvoa,bonechewer,288,shaman,elemental,6,3,3
Groink,kiljaeden,288,shaman,elemental,6,3,3
Zemleroynoyy,magtheridon,288,shaman,elemental,6,3,3
Applicable,tichondrius,288,shaman,elemental,6,3,3
Blaydin,elune,288,shaman,elemental,6,3,3
Altryn,shuhalo,288,shaman,elemental,6,3,3
Rampàge,ragnaros,288,shaman,elemental,6,3,3
Zon,laughing-skull,288,shaman,elemental,6,3,3
Grimnur,bleeding-hollow,288,shaman,elemental,11,3,8
Smithereen,area-52,288,shaman,elemental,12,3,9
Onicharm,frostmourne,288,shaman,elemental,12,3,9
Olex,zuluhed,288,shaman,elemental,12,3,9
Oznog,bleeding-hollow,288,shaman,elemental,12,3,9
Stormklepter,fizzcrank,288,shaman,elemental,12,3,9
Rickin,hyjal,288,shaman,elemental,12,3,9
Sumyl,ragnaros,288,shaman,elemental,12,3,9
Slothycrit,emerald-dream,288,shaman,elemental,12,3,9
Emptee,area-52,288,shaman,elemental,12,3,9
Lumpyshaman,tichondrius,288,shaman,elemental,12,3,9
Juicemcroose,zuljin,288,shaman,elemental,12,3,9
Bitflip,jubeithos,288,shaman,elemental,12,3,9
Coercè,tichondrius,288,shaman,elemental,12,3,9
Taquitho,quelthalas,288,shaman,elemental,12,3,9
Tdub,frostmourne,288,shaman,elemental,12,3,9
Tawahka,hyjal,288,shaman,elemental,12,3,9
Honix,area-52,288,shaman,elemental,12,3,9
Winiethepoöh,stormrage,288,shaman,elemental,12,3,9
Duckmasick,tichondrius,288,shaman,elemental,12,3,9
Wonima,tichondrius,288,shaman,elemental,12,3,9
Bloodytotemz,emerald-dream,288,shaman,elemental,12,3,9
Stîînck,azralon,288,shaman,elemental,18,3,15
Rìddles,malygos,288,shaman,elemental,18,3,15
Arakye,stormrage,287,shaman,elemental,6,3,3
Juanisan,stormrage,287,shaman,elemental,6,3,3
Strikzjr,frostmourne,287,shaman,elemental,6,3,3
Balrog,vashj,287,shaman,elemental,12,3,9
Slåpntickle,darkspear,287,shaman,elemental,12,3,9
Trabolta,hyjal,287,shaman,elemental,12,3,9
Cropdustr,sargeras,286,shaman,elemental,6,3,3
Hannibol,tichondrius,255,shaman,elemental,11,3,8
Hexytimexoqt,thrall,255,shaman,elemental,11,3,8
Oxxnabatko,amanthul,240,shaman,elemental,9,3,6
Ppepe,boulderfist,239,shaman,elemental,5,3,2
Nikeshocks,detheroc,239,shaman,elemental,5,3,2
Spunjie,frostmourne,239,shaman,elemental,5,3,2
Liamus,amanthul,239,shaman,elemental,5,3,2
Yangsangchu,tichondrius,192,shaman,elemental,6,2,4
Ladash,ragnaros,192,shaman,elemental,6,2,4
Elîas,tichondrius,192,shaman,elemental,6,2,4
Ínfected,azralon,192,shaman,elemental,6,2,4
Dantheman,twisting-nether,192,shaman,elemental,6,2,4
Shamantimes,ragnaros,192,shaman,elemental,6,2,4
Stormysteve,hyjal,192,shaman,elemental,6,2,4
Wrestleman,drakthul,192,shaman,elemental,6,2,4
Shamsky,tichondrius,192,shaman,elemental,6,2,4
Naextramus,ragnaros,192,shaman,elemental,6,2,4
Shockbot,stormscale,192,shaman,elemental,6,2,4
Piffzorz,tichondrius,192,shaman,elemental,6,2,4
Noether,sargeras,192,shaman,elemental,6,2,4
Oppaswag,tichondrius,192,shaman,elemental,6,2,4
Lenxd,dalaran,192,shaman,elemental,6,2,4
Tacotastic,malganis,192,shaman,elemental,6,2,4
Bigbadbolt,malganis,192,shaman,elemental,6,2,4
Yssyyds,illidan,192,shaman,elemental,6,2,4
Ric,malganis,192,shaman,elemental,6,2,4
Flappygooch,illidan,192,shaman,elemental,6,2,4
Hehew,kelthuzad,192,shaman,elemental,6,2,4
Rokhnar,zuljin,192,shaman,elemental,6,2,4
Krilick,blackrock,192,shaman,elemental,6,2,4
Saltywap,proudmoore,192,shaman,elemental,6,2,4
Snoocher,kelthuzad,192,shaman,elemental,6,2,4
Alleys,tichondrius,192,shaman,elemental,6,2,4
Redbulls,azralon,192,shaman,elemental,6,2,4
Kanbar,emerald-dream,192,shaman,elemental,6,2,4
Gomaliquida,quelthalas,192,shaman,elemental,6,2,4
Drünk,hyjal,192,shaman,elemental,6,2,4
Fromundcheez,kelthuzad,192,shaman,elemental,6,2,4
Shåmwowz,sargeras,192,shaman,elemental,6,2,4
Rinjio,zuljin,192,shaman,elemental,6,2,4
Beazel,moon-guard,192,shaman,elemental,6,2,4
Blastj,tichondrius,192,shaman,elemental,6,2,4
Zugharder,illidan,192,shaman,elemental,6,2,4
Grandpatits,illidan,192,shaman,elemental,6,2,4
Yagers,illidan,192,shaman,elemental,6,2,4
Oriyani,sargeras,192,shaman,elemental,6,2,4
Niian,skullcrusher,192,shaman,elemental,6,2,4
Zaxibow,area-52,192,shaman,elemental,6,2,4
Killtotem,illidan,192,shaman,elemental,6,2,4
Chadious,illidan,192,shaman,elemental,6,2,4
Britisy,stormrage,192,shaman,elemental,6,2,4
Jbahr,hyjal,192,shaman,elemental,6,2,4
Aiggiggigne,sargeras,192,shaman,elemental,6,2,4
Yellowfev,thrall,192,shaman,elemental,6,2,4
Tartar,lightbringer,192,shaman,elemental,6,2,4
Benserkr,lightbringer,192,shaman,elemental,6,2,4
Zeldrys,emerald-dream,192,shaman,elemental,6,2,4
Smellyogre,area-52,192,shaman,elemental,6,2,4
Thormzz,tichondrius,192,shaman,elemental,6,2,4
Stickshaman,sargeras,192,shaman,elemental,6,2,4
Artnatu,nemesis,192,shaman,elemental,6,2,4
Praisegodx,stormrage,192,shaman,elemental,6,2,4
Nevershockx,kirin-tor,192,shaman,elemental,6,2,4
Gorillox,chogall,192,shaman,elemental,6,2,4
Hruggol,bleeding-hollow,192,shaman,elemental,6,2,4
Quakestorm,stormrage,192,shaman,elemental,6,2,4
Dxycollapse,illidan,192,shaman,elemental,6,2,4
Matzahmeal,skywall,192,shaman,elemental,6,2,4
Shablam,daggerspine,192,shaman,elemental,6,2,4
Blaiserpub,tichondrius,192,shaman,elemental,6,2,4
Funeropolis,stormrage,192,shaman,elemental,6,2,4
Grandmaster,frostmourne,192,shaman,elemental,6,2,4
Whitecake,frostmourne,192,shaman,elemental,6,2,4
Puntress,barthilas,192,shaman,elemental,6,2,4
Sid,frostmourne,192,shaman,elemental,6,2,4
Heniu,tichondrius,192,shaman,elemental,6,2,4
Trizzeh,moon-guard,192,shaman,elemental,6,2,4
Zuroster,kiljaeden,192,shaman,elemental,7,2,5
Martisor,barthilas,192,shaman,elemental,16,3,13
Golemagg,frostmourne,192,shaman,elemental,12,2,10
Mega,azralon,192,shaman,elemental,12,2,10
Fulingyu,moon-guard,192,shaman,elemental,12,2,10
Jedley,azshara,192,shaman,elemental,12,2,10
Electrïck,tichondrius,192,shaman,elemental,12,2,10
Thermopile,wildhammer,192,shaman,elemental,12,2,10
Harrìson,tichondrius,192,shaman,elemental,12,2,10
Fluffy,smolderthorn,192,shaman,elemental,12,2,10
Telryndas,hyjal,192,shaman,elemental,12,2,10
Jazzblast,tichondrius,192,shaman,elemental,12,2,10
Gaboola,tichondrius,192,shaman,elemental,12,2,10
Azl,guldan,192,shaman,elemental,13,2,11
Bubbert,illidan,192,shaman,elemental,18,2,16
Cyrah,azjolnerub,192,shaman,elemental,18,2,16
Eleveil,emerald-dream,191,shaman,elemental,9,2,7
Hakaskry,caelestrasz,191,shaman,elemental,12,2,10
Statikrage,eonar,180,shaman,elemental,20,5,15
Ramonsanchez,ragnaros,160,shaman,elemental,16,2,14
Mentàl,baelgun,159,shaman,elemental,5,2,3
Hazzardttvz,illidan,159,shaman,elemental,5,2,3
Kidkovid,illidan,159,shaman,elemental,17,2,15
Noslol,bronzebeard,138,shaman,elemental,9,3,6
Uracemytotem,kiljaeden,138,shaman,elemental,10,3,7
Mynigabob,zuljin,128,shaman,elemental,4,2,2
Rahloo,sargeras,127,shaman,elemental,8,2,6
Firevag,hakkar,96,shaman,elemental,6,1,5
Sinsar,illidan,96,shaman,elemental,6,1,5
Muruaic,dentarg,96,shaman,elemental,6,1,5
Zral,emerald-dream,96,shaman,elemental,6,1,5
Crigga,dalaran,96,shaman,elemental,6,1,5
Roxastir,shattered-halls,96,shaman,elemental,6,1,5
Hexondabeach,barthilas,96,shaman,elemental,6,1,5
Highvoltagex,frostmourne,96,shaman,elemental,6,1,5
Aegaeonlol,tichondrius,96,shaman,elemental,6,1,5
Oakshield,darkspear,96,shaman,elemental,6,1,5
Nerfmytotemz,frostmourne,96,shaman,elemental,6,1,5
Oldshammy,eldrethalas,96,shaman,elemental,6,1,5
Thunderbudx,stonemaul,96,shaman,elemental,6,1,5
Khoden,emerald-dream,96,shaman,elemental,6,1,5
Tatius,stormreaver,96,shaman,elemental,6,1,5
Succies,emerald-dream,96,shaman,elemental,6,1,5
Drmn,frostmourne,96,shaman,elemental,6,1,5
Obiwonsamdi,illidan,96,shaman,elemental,6,1,5
Toxidizetkö,azralon,96,shaman,elemental,6,1,5
Ludacrìtz,stormrage,96,shaman,elemental,6,1,5
Orruddon,thaurissan,96,shaman,elemental,6,1,5
Zorgen,anvilmar,96,shaman,elemental,6,1,5
Bullcowsby,darkspear,96,shaman,elemental,6,1,5
Seanie,bleeding-hollow,96,shaman,elemental,6,1,5
Ravaburst,sargeras,96,shaman,elemental,6,1,5
Gan,silvermoon,96,shaman,elemental,6,1,5
Bouje,frostmourne,96,shaman,elemental,6,1,5
Parallels,blackrock,96,shaman,elemental,6,1,5
Ggsggs,akama,96,shaman,elemental,6,1,5
Cathxy,kelthuzad,96,shaman,elemental,6,1,5
Youngmulakek,area-52,96,shaman,elemental,6,1,5
Healsquish,area-52,96,shaman,elemental,6,1,5
Detair,malganis,96,shaman,elemental,6,1,5
Ognerkish,black-dragonflight,96,shaman,elemental,6,1,5
Mcshockturds,tichondrius,96,shaman,elemental,6,1,5
Snowzy,icecrown,96,shaman,elemental,6,1,5
Mdawwg,kelthuzad,96,shaman,elemental,6,1,5
Macdiesel,tichondrius,96,shaman,elemental,6,1,5
Jalgago,tichondrius,96,shaman,elemental,6,1,5
Mugiwára,ragnaros,96,shaman,elemental,6,1,5
Teathin,ragnaros,96,shaman,elemental,6,1,5
Macdab,malganis,96,shaman,elemental,6,1,5
Girafasuarx,korgath,96,shaman,elemental,6,1,5
Awakarn,emerald-dream,96,shaman,elemental,18,2,16
Parlok,grizzly-hills,96,shaman,elemental,12,1,11
Staticshock,darkspear,96,shaman,elemental,12,1,11
Docadams,chogall,79,shaman,elemental,5,1,4
Eleshamanz,tichondrius,79,shaman,elemental,5,1,4
Camltotem,tichondrius,79,shaman,elemental,5,1,4
Esbet,echo-isles,79,shaman,elemental,11,1,10
Mcstop,tanaris,64,shaman,elemental,4,1,3
Gurdle,frostwolf,48,shaman,elemental,3,1,2
Hentaistorm,kiljaeden,48,shaman,elemental,3,1,2
Hbjj,illidan,48,shaman,elemental,3,1,2
Keyarga,ravencrest,42,shaman,elemental,11,2,9
Hothouse,malganis,31,shaman,elemental,2,1,1
Djskinflute,bleeding-hollow,16,shaman,elemental,1,1,0
Elementium,azshara,16,shaman,elemental,1,1,0
Jumoma,thrall,16,shaman,elemental,1,1,0
Deldoduro,azralon,16,shaman,elemental,1,1,0
Vanhalestorm,frostmourne,2264,shaman,enhancement,106,58,48
Mítsurí,tichondrius,2244,shaman,enhancement,210,109,101
Rauthgar,dalaran,2221,shaman,enhancement,114,66,48
Saul,tichondrius,2218,shaman,enhancement,66,42,24
Zarktwo,azralon,2205,shaman,enhancement,153,83,70
Aýanokoji,tichondrius,2201,shaman,enhancement,137,74,63
Bøulderfist,tichondrius,2168,shaman,enhancement,114,74,40
Axegerd,quelthalas,2147,shaman,enhancement,242,132,110
Opoy,sargeras,2142,shaman,enhancement,201,112,89
Alleys,tichondrius,2141,shaman,enhancement,207,104,103
Stew,illidan,2138,shaman,enhancement,125,67,58
Crowns,tichondrius,2136,shaman,enhancement,114,59,55
Nopnopajnin,tichondrius,2135,shaman,enhancement,112,57,55
Hizúrú,tichondrius,2132,shaman,enhancement,60,36,24
Skydre,area-52,2131,shaman,enhancement,89,54,35
Jimmyjobs,tichondrius,2129,shaman,enhancement,114,70,44
Pizzashaman,illidan,2128,shaman,enhancement,106,63,43
Futeuncle,tichondrius,2123,shaman,enhancement,78,41,37
Ftyue,area-52,2116,shaman,enhancement,112,59,53
Rawdòggin,emerald-dream,2113,shaman,enhancement,71,45,26
Musclebrainz,tichondrius,2112,shaman,enhancement,84,41,43
Shapaman,tichondrius,2110,shaman,enhancement,77,53,24
Bjorengahr,emerald-dream,2110,shaman,enhancement,83,53,30
Smxxn,tichondrius,2110,shaman,enhancement,107,52,55
Doomwìnds,stormrage,2108,shaman,enhancement,168,93,75
Wetdraenei,moon-guard,2102,shaman,enhancement,271,152,119
Musclebrain,tichondrius,2080,shaman,enhancement,168,84,84
Baseballcap,sargeras,2070,shaman,enhancement,96,58,38
Peynful,shadowsong,2063,shaman,enhancement,87,54,33
Stormnala,zuljin,2058,shaman,enhancement,149,83,66
Shylabuffkin,area-52,2050,shaman,enhancement,194,111,83
Shakeys,tichondrius,2032,shaman,enhancement,71,45,26
Zarasvati,tichondrius,2029,shaman,enhancement,167,88,79
Shamsz,frostmourne,2028,shaman,enhancement,66,42,24
Xiaoxiboy,tichondrius,2026,shaman,enhancement,60,38,22
Tastydonut,blackrock,2026,shaman,enhancement,116,70,46
Jazzlightnin,tichondrius,2018,shaman,enhancement,58,36,22
Algresh,muradin,2018,shaman,enhancement,60,31,29
Lustingchery,area-52,2017,shaman,enhancement,123,63,60
Windshearbøt,tichondrius,2006,shaman,enhancement,77,47,30
Shamguards,tichondrius,2004,shaman,enhancement,42,31,11
Enhancex,frostwolf,2001,shaman,enhancement,68,36,32
Oosheratchet,illidan,1992,shaman,enhancement,64,44,20
Realypump,area-52,1988,shaman,enhancement,197,100,97
Thiccsha,moon-guard,1985,shaman,enhancement,78,42,36
Artenior,stormrage,1983,shaman,enhancement,107,58,49
Dopeysimida,illidan,1976,shaman,enhancement,92,57,35
Musclebrains,tichondrius,1969,shaman,enhancement,66,36,30
Swolé,emerald-dream,1969,shaman,enhancement,401,196,205
Windfury,chogall,1968,shaman,enhancement,96,51,45
Gatorwaves,bleeding-hollow,1965,shaman,enhancement,54,32,22
Shk,illidan,1964,shaman,enhancement,66,38,28
Zootywild,tichondrius,1963,shaman,enhancement,123,69,54
Tokyofresh,malganis,1960,shaman,enhancement,198,116,82
Proctopus,moon-guard,1958,shaman,enhancement,142,77,65
Spippippin,illidan,1958,shaman,enhancement,92,47,45
Imchuckbass,tichondrius,1957,shaman,enhancement,110,58,52
Rozboiclique,frostmourne,1956,shaman,enhancement,144,96,48
Swrdfsh,tichondrius,1955,shaman,enhancement,240,125,115
Typhe,bleeding-hollow,1954,shaman,enhancement,42,27,15
Superchief,altar-of-storms,1954,shaman,enhancement,86,50,36
Balgron,emerald-dream,1949,shaman,enhancement,52,26,26
Ohmálley,tichondrius,1944,shaman,enhancement,62,40,22
Grommi,proudmoore,1941,shaman,enhancement,357,177,180
Ogeezkush,zuljin,1935,shaman,enhancement,160,93,67
Kaediea,moon-guard,1932,shaman,enhancement,36,27,9
Timzero,tichondrius,1930,shaman,enhancement,102,55,47
Beañ,barthilas,1929,shaman,enhancement,317,164,153
Xiaoxiaoxi,tichondrius,1924,shaman,enhancement,60,34,26
Fwwrs,illidan,1919,shaman,enhancement,79,51,28
Bestshamus,sargeras,1913,shaman,enhancement,77,46,31
Temar,sargeras,1905,shaman,enhancement,81,54,27
Earlainn,stormrage,1905,shaman,enhancement,84,48,36
Scaman,tichondrius,1904,shaman,enhancement,24,20,4
Chillpoppin,emerald-dream,1904,shaman,enhancement,42,31,11
Cowaii,illidan,1904,shaman,enhancement,60,37,23
Greenydapooh,nerzhul,1903,shaman,enhancement,60,40,20
Meataballa,the-underbog,1902,shaman,enhancement,72,45,27
Rukagar,barthilas,1902,shaman,enhancement,78,45,33
Dalianyen,bladefist,1901,shaman,enhancement,58,34,24
Sasageyo,tichondrius,1900,shaman,enhancement,37,24,13
Keyturn,tichondrius,1899,shaman,enhancement,78,36,42
Interruptbøt,tichondrius,1894,shaman,enhancement,41,27,14
Eletastic,tichondrius,1894,shaman,enhancement,72,42,30
Crownsx,tichondrius,1892,shaman,enhancement,67,30,37
Stronghit,tichondrius,1889,shaman,enhancement,42,24,18
Olxsixsm,illidan,1884,shaman,enhancement,74,48,26
Gìmli,tichondrius,1882,shaman,enhancement,65,37,28
Kiddfurious,kelthuzad,1881,shaman,enhancement,102,53,49
Electricity,tichondrius,1880,shaman,enhancement,127,63,64
Plsnerfret,stormrage,1876,shaman,enhancement,48,33,15
Stormrageman,tichondrius,1875,shaman,enhancement,81,49,32
Harrypotqueu,zuljin,1875,shaman,enhancement,72,40,32
Vonvulviln,emerald-dream,1868,shaman,enhancement,76,41,35
Dano,tichondrius,1867,shaman,enhancement,124,64,60
Daysub,crushridge,1866,shaman,enhancement,48,29,19
Jayhastotems,area-52,1864,shaman,enhancement,102,71,31
Zarrka,tichondrius,1864,shaman,enhancement,36,20,16
Taowth,tichondrius,1862,shaman,enhancement,35,20,15
Kltz,sargeras,1861,shaman,enhancement,47,28,19
Ëxceeder,ragnaros,1861,shaman,enhancement,138,78,60
Shakeysham,tichondrius,1860,shaman,enhancement,30,22,8
Lavamon,illidan,1860,shaman,enhancement,84,49,35
Ballinhance,illidan,1858,shaman,enhancement,48,28,20
Wonima,tichondrius,1858,shaman,enhancement,35,20,15
Shamikazi,crushridge,1857,shaman,enhancement,194,115,79
Taikø,area-52,1856,shaman,enhancement,42,25,17
Loabud,tichondrius,1855,shaman,enhancement,58,37,21
Lavitris,illidan,1854,shaman,enhancement,42,29,13
Mcshockturds,tichondrius,1849,shaman,enhancement,143,82,61
Gïrthquake,tichondrius,1849,shaman,enhancement,84,45,39
Darkcnight,stormrage,1847,shaman,enhancement,81,49,32
Antek,quelthalas,1847,shaman,enhancement,159,94,65
Undertów,area-52,1847,shaman,enhancement,48,26,22
Turdfergesen,destromath,1847,shaman,enhancement,76,41,35
Xakaeri,hyjal,1844,shaman,enhancement,60,36,24
Koalakisses,shadow-council,1842,shaman,enhancement,54,32,22
Megalithic,moon-guard,1840,shaman,enhancement,62,44,18
Ishano,area-52,1839,shaman,enhancement,48,23,25
Bodai,magtheridon,1838,shaman,enhancement,54,36,18
Dcg,hyjal,1838,shaman,enhancement,65,33,32
Berxek,tichondrius,1835,shaman,enhancement,48,27,21
Thuntard,bleeding-hollow,1835,shaman,enhancement,66,33,33
Hallofcost,illidan,1834,shaman,enhancement,96,59,37
Blueraccoon,tichondrius,1830,shaman,enhancement,63,38,25
Turbowolf,sargeras,1829,shaman,enhancement,104,47,57
Watergirl,thaurissan,1826,shaman,enhancement,188,92,96
Nomoreswap,zuljin,1825,shaman,enhancement,54,38,16
Shamanabuser,illidan,1825,shaman,enhancement,60,27,33
Flabby,lightbringer,1823,shaman,enhancement,54,26,28
Jokerxksx,tichondrius,1822,shaman,enhancement,72,43,29
Midwestern,emerald-dream,1822,shaman,enhancement,44,26,18
Metako,sargeras,1822,shaman,enhancement,83,47,36
Hooftoface,moon-guard,1822,shaman,enhancement,78,43,35
Struck,emerald-dream,1821,shaman,enhancement,226,136,90
Gladdorta,azralon,1821,shaman,enhancement,54,30,24
Btruez,tichondrius,1819,shaman,enhancement,63,35,28
Thunderlaw,area-52,1819,shaman,enhancement,82,44,38
Whírlwínd,area-52,1818,shaman,enhancement,30,19,11
Addroi,tichondrius,1818,shaman,enhancement,60,28,32
Thromjin,ragnaros,1817,shaman,enhancement,83,51,32
Léxar,sargeras,1817,shaman,enhancement,72,33,39
Cunkinator,stormrage,1815,shaman,enhancement,115,74,41
Riptiedx,barthilas,1815,shaman,enhancement,48,29,19
Sarthuul,emerald-dream,1814,shaman,enhancement,48,30,18
Thrallas,frostmourne,1814,shaman,enhancement,54,33,21
Boombigshaq,ysera,1813,shaman,enhancement,38,25,13
Louiev,bleeding-hollow,1812,shaman,enhancement,48,28,20
Pinechanga,ragnaros,1812,shaman,enhancement,60,33,27
Legendslayar,area-52,1811,shaman,enhancement,42,27,15
Drakhe,proudmoore,1811,shaman,enhancement,232,128,104
Nygiants,tichondrius,1810,shaman,enhancement,24,19,5
Xibalba,khaz-modan,1810,shaman,enhancement,96,57,39
Sassyx,steamwheedle-cartel,1810,shaman,enhancement,48,27,21
Iamashaman,malganis,1810,shaman,enhancement,302,154,148
Bikboisteez,barthilas,1808,shaman,enhancement,92,47,45
Lashandtrash,tichondrius,1806,shaman,enhancement,30,19,11
Napski,cenarius,1806,shaman,enhancement,78,36,42
Boboyaga,emerald-dream,1805,shaman,enhancement,54,29,25
Niuniudada,illidan,1805,shaman,enhancement,84,39,45
Stonetides,tichondrius,1804,shaman,enhancement,36,26,10
Mercó,bleeding-hollow,1803,shaman,enhancement,54,31,23
Madonion,zuljin,1803,shaman,enhancement,60,31,29
Yucasinmojo,illidan,1801,shaman,enhancement,43,28,15
Blakki,barthilas,1801,shaman,enhancement,66,40,26
Eityhdz,tichondrius,1798,shaman,enhancement,413,209,204
Landlordxx,area-52,1795,shaman,enhancement,52,32,20
Norlak,antonidas,1794,shaman,enhancement,90,44,46
Muisor,quelthalas,1792,shaman,enhancement,66,37,29
Dorta,azralon,1792,shaman,enhancement,54,30,24
Jyupaonaiwa,tichondrius,1792,shaman,enhancement,48,25,23
Konfuzious,emerald-dream,1791,shaman,enhancement,141,79,62
Pingatronx,ragnaros,1786,shaman,enhancement,90,64,26
Zanderpla,kelthuzad,1783,shaman,enhancement,90,47,43
Wautyriex,area-52,1783,shaman,enhancement,48,23,25
Cammeez,area-52,1781,shaman,enhancement,121,62,59
Adalid,thrall,1780,shaman,enhancement,54,39,15
Xaltas,moon-guard,1779,shaman,enhancement,96,60,36
Heisna,stormrage,1779,shaman,enhancement,289,153,136
Garai,emerald-dream,1775,shaman,enhancement,135,69,66
Krovn,stormrage,1772,shaman,enhancement,60,33,27
Deandre,illidan,1768,shaman,enhancement,42,22,20
Novedz,illidan,1767,shaman,enhancement,62,32,30
Dønkx,tichondrius,1766,shaman,enhancement,41,23,18
Sheared,emerald-dream,1765,shaman,enhancement,72,45,27
Shinian,tichondrius,1765,shaman,enhancement,63,38,25
Hooluu,frostmourne,1764,shaman,enhancement,48,27,21
Stewtwo,illidan,1758,shaman,enhancement,45,25,20
Biubiuz,tichondrius,1757,shaman,enhancement,102,63,39
Faultline,khadgar,1752,shaman,enhancement,55,36,19
Tdlz,tichondrius,1752,shaman,enhancement,110,67,43
Beaviis,frostmourne,1752,shaman,enhancement,54,30,24
Yakora,stormrage,1749,shaman,enhancement,108,61,47
Soshatsumi,tichondrius,1749,shaman,enhancement,76,42,34
Shocksrus,arthas,1747,shaman,enhancement,78,44,34
Kalvishdam,dalaran,1746,shaman,enhancement,36,25,11
Kushnations,chogall,1746,shaman,enhancement,38,20,18
Overpowered,korgath,1745,shaman,enhancement,40,21,19
Vulcänyr,quelthalas,1742,shaman,enhancement,48,28,20
Youngmulakek,area-52,1741,shaman,enhancement,113,72,41
Doomberrie,thrall,1741,shaman,enhancement,126,67,59
Sin,bleeding-hollow,1740,shaman,enhancement,29,19,10
Valkriie,tichondrius,1736,shaman,enhancement,37,22,15
Worthquake,illidan,1731,shaman,enhancement,66,38,28
Badshock,tichondrius,1730,shaman,enhancement,24,22,2
Nonomori,frostmourne,1729,shaman,enhancement,60,34,26
Clappadactyl,frostmourne,1729,shaman,enhancement,205,112,93
Nibrax,moknathal,1729,shaman,enhancement,54,26,28
Doex,thrall,1723,shaman,enhancement,48,26,22
Reflexsivx,malganis,1722,shaman,enhancement,48,29,19
Shearx,illidan,1722,shaman,enhancement,75,43,32
Nøname,azshara,1722,shaman,enhancement,233,121,112
Poizele,tichondrius,1717,shaman,enhancement,294,164,130
Freyía,illidan,1712,shaman,enhancement,24,18,6
Cwippin,tichondrius,1712,shaman,enhancement,134,77,57
Døømsdáy,thrall,1711,shaman,enhancement,114,63,51
Rngena,trollbane,1706,shaman,enhancement,30,18,12
Wrathics,emerald-dream,1702,shaman,enhancement,60,32,28
Sonofabat,spirestone,1702,shaman,enhancement,218,115,103
Dä,tichondrius,1702,shaman,enhancement,36,18,18
Plzbuffme,dalaran,1700,shaman,enhancement,78,46,32
Bbshock,stormrage,1698,shaman,enhancement,84,50,34
Halfzugzug,sargeras,1697,shaman,enhancement,36,24,12
Axelsteel,illidan,1697,shaman,enhancement,48,21,27
Toobeastly,deathwing,1696,shaman,enhancement,81,45,36
Bitsuey,frostmourne,1696,shaman,enhancement,84,46,38
Stonetrog,blackrock,1695,shaman,enhancement,24,19,5
Synivabyatch,eonar,1695,shaman,enhancement,78,44,34
Tkarfuno,exodar,1694,shaman,enhancement,66,34,32
Miketideson,proudmoore,1693,shaman,enhancement,72,38,34
Seltheran,tichondrius,1691,shaman,enhancement,42,29,13
Zappithorus,stormrage,1691,shaman,enhancement,36,24,12
Asumo,azralon,1689,shaman,enhancement,111,59,52
Shamezee,stormreaver,1689,shaman,enhancement,47,22,25
Nyckysh,illidan,1688,shaman,enhancement,106,56,50
Jàro,thrall,1688,shaman,enhancement,42,20,22
Zeûs,lightbringer,1687,shaman,enhancement,36,18,18
Elryl,sargeras,1686,shaman,enhancement,116,64,52
Shamgawd,illidan,1686,shaman,enhancement,51,28,23
Gorgonash,magtheridon,1684,shaman,enhancement,42,22,20
Geeblast,area-52,1683,shaman,enhancement,79,47,32
Platanos,proudmoore,1682,shaman,enhancement,152,81,71
Durozu,tichondrius,1682,shaman,enhancement,36,18,18
Vortexfury,area-52,1682,shaman,enhancement,42,20,22
Pla,tichondrius,1681,shaman,enhancement,174,97,77
Täcti,tichondrius,1681,shaman,enhancement,93,51,42
Shamungodc,tichondrius,1681,shaman,enhancement,50,25,25
Haishoe,stormrage,1677,shaman,enhancement,58,35,23
Shamom,silver-hand,1677,shaman,enhancement,136,78,58
Lagroupie,ragnaros,1675,shaman,enhancement,35,23,12
Sinestario,illidan,1673,shaman,enhancement,136,77,59
Gorillahazed,tichondrius,1670,shaman,enhancement,165,84,81
Volkuul,zuljin,1669,shaman,enhancement,72,40,32
Onlyshams,dalaran,1666,shaman,enhancement,36,22,14
Hecks,malorne,1664,shaman,enhancement,96,51,45
Hurrikaine,dalaran,1663,shaman,enhancement,158,84,74
Tandrian,daggerspine,1662,shaman,enhancement,36,18,18
Shockmehard,area-52,1661,shaman,enhancement,95,73,22
Somebozo,darkspear,1659,shaman,enhancement,151,80,71
Harrìson,tichondrius,1656,shaman,enhancement,41,21,20
Furrybâstard,wyrmrest-accord,1654,shaman,enhancement,102,59,43
Windflex,emerald-dream,1651,shaman,enhancement,85,43,42
Slapnarp,wyrmrest-accord,1649,shaman,enhancement,90,43,47
Roysoy,stormrage,1648,shaman,enhancement,72,45,27
Judgeesham,bleeding-hollow,1647,shaman,enhancement,45,23,22
Vultan,winterhoof,1645,shaman,enhancement,36,25,11
Mobi,tichondrius,1644,shaman,enhancement,42,22,20
Elemores,tichondrius,1642,shaman,enhancement,66,40,26
Çhïcagø,aegwynn,1640,shaman,enhancement,59,24,35
Murig,bladefist,1638,shaman,enhancement,57,34,23
Ràntòn,bleeding-hollow,1637,shaman,enhancement,35,24,11
Slothycrit,emerald-dream,1637,shaman,enhancement,36,20,16
Shinydiglett,area-52,1637,shaman,enhancement,36,20,16
Seanan,tichondrius,1635,shaman,enhancement,48,31,17
Askpuntee,sargeras,1635,shaman,enhancement,42,25,17
Egirlshmu,stormrage,1634,shaman,enhancement,54,32,22
Anadal,kargath,1634,shaman,enhancement,48,22,26
Deww,sargeras,1632,shaman,enhancement,76,39,37
Orkuss,illidan,1631,shaman,enhancement,48,25,23
Thunderchad,jubeithos,1631,shaman,enhancement,50,25,25
Tettnanger,azralon,1630,shaman,enhancement,31,19,12
Slashpity,stormrage,1630,shaman,enhancement,63,33,30
Olíndo,tichondrius,1629,shaman,enhancement,36,23,13
Shámdemons,area-52,1629,shaman,enhancement,96,58,38
Omaguap,tichondrius,1628,shaman,enhancement,50,29,21
Nøtørious,thrall,1627,shaman,enhancement,18,17,1
Ironaddictz,kiljaeden,1627,shaman,enhancement,70,39,31
Blackenergy,stormrage,1627,shaman,enhancement,74,40,34
Shakerina,azralon,1627,shaman,enhancement,98,46,52
Wingshaman,illidan,1626,shaman,enhancement,220,114,106
Thewindman,sargeras,1626,shaman,enhancement,90,46,44
Hxzard,stormrage,1626,shaman,enhancement,36,17,19
Åvarice,shattered-halls,1626,shaman,enhancement,54,22,32
Alablast,malganis,1625,shaman,enhancement,36,21,15
Bigsquatzy,bleeding-hollow,1625,shaman,enhancement,30,17,13
Shockdome,daggerspine,1624,shaman,enhancement,33,23,10
Zapnclap,tichondrius,1623,shaman,enhancement,42,24,18
Eliteshamann,tichondrius,1623,shaman,enhancement,66,37,29
Dankthunda,stormrage,1622,shaman,enhancement,126,71,55
Hehew,kelthuzad,1621,shaman,enhancement,77,47,30
Venmoo,illidan,1620,shaman,enhancement,42,20,22
Ceasebelief,tichondrius,1619,shaman,enhancement,30,21,9
Deyodin,illidan,1619,shaman,enhancement,26,18,8
Frëdstorm,kelthuzad,1619,shaman,enhancement,197,99,98
Krûde,tichondrius,1618,shaman,enhancement,113,67,46
Totegoat,nazjatar,1618,shaman,enhancement,54,28,26
Justkitettv,stormrage,1616,shaman,enhancement,30,20,10
Ryziax,tichondrius,1616,shaman,enhancement,41,23,18
Dimitrio,azralon,1616,shaman,enhancement,100,54,46
Forksin,tichondrius,1615,shaman,enhancement,48,20,28
Split,zuljin,1614,shaman,enhancement,196,108,88
Stýlébéñdér,kelthuzad,1613,shaman,enhancement,24,17,7
Ryuuraix,area-52,1610,shaman,enhancement,27,18,9
Feroxture,frostmourne,1610,shaman,enhancement,66,38,28
Xlianah,zuljin,1609,shaman,enhancement,54,28,26
Shabenn,proudmoore,1608,shaman,enhancement,139,71,68
Robdaman,tichondrius,1607,shaman,enhancement,24,18,6
Daddymacktv,malganis,1607,shaman,enhancement,74,39,35
Smash,fenris,1606,shaman,enhancement,91,47,44
Stormbash,ragnaros,1606,shaman,enhancement,72,30,42
Moistydank,tichondrius,1605,shaman,enhancement,66,46,20
Rêngoku,dalaran,1604,shaman,enhancement,30,22,8
Anzet,ragnaros,1604,shaman,enhancement,30,19,11
Tuugo,mannoroth,1603,shaman,enhancement,30,18,12
Totemnikiel,stormrage,1602,shaman,enhancement,90,42,48
Bòómz,stormrage,1601,shaman,enhancement,328,162,166
Torgami,tichondrius,1598,shaman,enhancement,49,30,19
Hellamental,malganis,1598,shaman,enhancement,42,22,20
Revtide,thrall,1597,shaman,enhancement,30,19,11
Eyecandi,barthilas,1595,shaman,enhancement,151,76,75
Aibheit,area-52,1592,shaman,enhancement,24,22,2
Fhenh,proudmoore,1588,shaman,enhancement,119,69,50
Soupi,illidan,1588,shaman,enhancement,102,56,46
Keeba,wyrmrest-accord,1587,shaman,enhancement,54,29,25
Mobiediqônú,skywall,1586,shaman,enhancement,36,19,17
Tootshock,illidan,1585,shaman,enhancement,48,24,24
Deemmorti,stormrage,1584,shaman,enhancement,46,26,20
Niceshoe,tichondrius,1582,shaman,enhancement,41,20,21
Tumble,frostmourne,1581,shaman,enhancement,116,65,51
Olani,nesingwary,1581,shaman,enhancement,35,18,17
Zavar,tichondrius,1579,shaman,enhancement,77,40,37
Kindaretro,tichondrius,1574,shaman,enhancement,48,29,19
Gambazzlok,terokkar,1574,shaman,enhancement,48,28,20
Jerykco,drakkari,1573,shaman,enhancement,54,28,26
Thunda,black-dragonflight,1572,shaman,enhancement,30,21,9
Zeroshocks,kelthuzad,1572,shaman,enhancement,30,19,11
Shamanees,area-52,1572,shaman,enhancement,147,73,74
Nÿh,quelthalas,1569,shaman,enhancement,48,27,21
Ðr,earthen-ring,1569,shaman,enhancement,104,57,47
Killbro,blackrock,1567,shaman,enhancement,175,94,81
Aoshiferuzz,ragnaros,1566,shaman,enhancement,78,43,35
Shmnsm,kiljaeden,1565,shaman,enhancement,42,18,24
Wortwort,tichondrius,1564,shaman,enhancement,105,53,52
Khormac,moon-guard,1563,shaman,enhancement,69,47,22
Volsdeep,illidan,1563,shaman,enhancement,64,34,30
Zmogon,quelthalas,1563,shaman,enhancement,50,24,26
Lyrzsa,blackwing-lair,1562,shaman,enhancement,74,46,28
Uracemytotem,kiljaeden,1562,shaman,enhancement,84,51,33
Juliojones,trollbane,1562,shaman,enhancement,36,18,18
Shamcowhah,frostmourne,1562,shaman,enhancement,36,17,19
Shockszz,onyxia,1561,shaman,enhancement,36,20,16
ßurstmedaddy,bleeding-hollow,1557,shaman,enhancement,36,27,9
Loadiez,frostmourne,1555,shaman,enhancement,36,25,11
Cayed,stormscale,1553,shaman,enhancement,90,47,43
Dirtyunique,tichondrius,1549,shaman,enhancement,84,49,35
Speedrush,nagrand,1545,shaman,enhancement,98,55,43
Armîn,moon-guard,1544,shaman,enhancement,54,33,21
Lavawreckage,malganis,1544,shaman,enhancement,122,66,56
Udb,the-scryers,1542,shaman,enhancement,53,32,21
Mindfields,barthilas,1542,shaman,enhancement,73,42,31
Kohatan,moon-guard,1541,shaman,enhancement,80,46,34
Shamwik,frostmourne,1539,shaman,enhancement,41,24,17
Grx,tichondrius,1539,shaman,enhancement,41,22,19
Elementalïst,durotan,1538,shaman,enhancement,30,19,11
Lenin,nathrezim,1538,shaman,enhancement,54,30,24
Heäven,malganis,1538,shaman,enhancement,168,90,78
Small,alleria,1538,shaman,enhancement,60,32,28
Pedaphil,frostmourne,1534,shaman,enhancement,24,16,8
Thilv,ravenholdt,1534,shaman,enhancement,48,27,21
Shamgødx,dalaran,1533,shaman,enhancement,18,16,2
Derzwaz,draka,1532,shaman,enhancement,29,17,12
Killavicious,area-52,1531,shaman,enhancement,84,39,45
Larrylardazz,tichondrius,1530,shaman,enhancement,86,52,34
Zugzugenh,stormrage,1530,shaman,enhancement,46,25,21
Azumaa,tichondrius,1530,shaman,enhancement,42,21,21
Atthegates,illidan,1530,shaman,enhancement,144,66,78
Riptideafk,sargeras,1529,shaman,enhancement,33,17,16
Shamwows,dalaran,1527,shaman,enhancement,171,84,87
Gordonramsai,sargeras,1526,shaman,enhancement,30,21,9
Meiku,emerald-dream,1526,shaman,enhancement,30,16,14
Smartbunny,illidan,1526,shaman,enhancement,276,136,140
Slapchainz,tichondrius,1519,shaman,enhancement,36,18,18
Solka,illidan,1518,shaman,enhancement,54,32,22
Tyranitaur,frostmourne,1518,shaman,enhancement,66,28,38
Jumoma,thrall,1515,shaman,enhancement,36,23,13
Bräindëad,hyjal,1514,shaman,enhancement,96,53,43
Flirstatic,nemesis,1512,shaman,enhancement,135,73,62
Mixn,frostmourne,1509,shaman,enhancement,101,59,42
Prymalfury,illidan,1508,shaman,enhancement,120,62,58
Deshamann,illidan,1507,shaman,enhancement,59,24,35
Seltherann,tichondrius,1505,shaman,enhancement,24,16,8
Feesstt,malganis,1505,shaman,enhancement,30,18,12
Elementin,kelthuzad,1503,shaman,enhancement,96,46,50
Yildiri,area-52,1501,shaman,enhancement,18,16,2
Kronkxd,malganis,1501,shaman,enhancement,30,16,14
Pockethealer,emerald-dream,1497,shaman,enhancement,131,71,60
Ephraalin,frostmourne,1496,shaman,enhancement,36,17,19
Earthfirex,ragnaros,1493,shaman,enhancement,48,25,23
Hephron,area-52,1493,shaman,enhancement,72,32,40
Shockolatte,sargeras,1492,shaman,enhancement,97,42,55
Quakenbake,emerald-dream,1491,shaman,enhancement,33,20,13
Kushgodd,kiljaeden,1491,shaman,enhancement,42,24,18
Jäyp,thrall,1490,shaman,enhancement,68,38,30
Hungnuts,sargeras,1487,shaman,enhancement,124,67,57
Clenlift,emerald-dream,1487,shaman,enhancement,180,95,85
Jamieslays,korgath,1487,shaman,enhancement,53,24,29
Chaposz,tichondrius,1486,shaman,enhancement,91,48,43
Dilfmaster,tichondrius,1486,shaman,enhancement,71,36,35
Shoresy,kaelthas,1485,shaman,enhancement,54,28,26
Arázi,wyrmrest-accord,1485,shaman,enhancement,41,16,25
Konga,korialstrasz,1483,shaman,enhancement,38,22,16
Swartzqt,tichondrius,1483,shaman,enhancement,36,16,20
Arlikai,arthas,1483,shaman,enhancement,95,39,56
Saphage,tichondrius,1482,shaman,enhancement,42,22,20
Ragnarocck,sargeras,1479,shaman,enhancement,75,36,39
Dashmmy,dalaran,1478,shaman,enhancement,54,26,28
Iamurfather,magtheridon,1477,shaman,enhancement,143,74,69
Armønixx,ragnaros,1476,shaman,enhancement,120,65,55
Tyven,tichondrius,1476,shaman,enhancement,48,21,27
Falasha,bloodscalp,1475,shaman,enhancement,46,27,19
Maribain,barthilas,1472,shaman,enhancement,112,65,47
Zizö,barthilas,1472,shaman,enhancement,36,19,17
Abigdude,frostmourne,1471,shaman,enhancement,131,69,62
Lakindrentv,gorefiend,1467,shaman,enhancement,30,17,13
Mackandal,tichondrius,1466,shaman,enhancement,86,43,43
Skyzik,area-52,1465,shaman,enhancement,54,34,20
Justincasé,sargeras,1465,shaman,enhancement,78,36,42
Beaversniper,tichondrius,1465,shaman,enhancement,84,38,46
Hyjixtv,stormrage,1464,shaman,enhancement,24,18,6
Woof,agamaggan,1464,shaman,enhancement,30,16,14
Earthlsflat,tichondrius,1463,shaman,enhancement,31,21,10
Daddyzap,stormrage,1462,shaman,enhancement,104,58,46
Lavabone,dalaran,1459,shaman,enhancement,66,28,38
Sndhlp,tichondrius,1457,shaman,enhancement,46,29,17
Raxabico,nemesis,1457,shaman,enhancement,38,17,21
Rexoss,hyjal,1454,shaman,enhancement,123,64,59
Amasaei,bleeding-hollow,1453,shaman,enhancement,54,26,28
Vanklayser,ragnaros,1451,shaman,enhancement,54,24,30
Scrötotem,saurfang,1450,shaman,enhancement,83,47,36
Lamagra,nemesis,1449,shaman,enhancement,30,19,11
Goribash,wyrmrest-accord,1449,shaman,enhancement,42,26,16
Zheúz,azralon,1446,shaman,enhancement,56,31,25
Calich,kelthuzad,1445,shaman,enhancement,38,23,15
Odïn,tichondrius,1444,shaman,enhancement,54,33,21
Borwald,dalaran,1442,shaman,enhancement,124,66,58
Nohandslost,tichondrius,1441,shaman,enhancement,32,25,7
Makocc,tichondrius,1440,shaman,enhancement,74,33,41
Drakkaa,tichondrius,1439,shaman,enhancement,31,20,11
Sswf,auchindoun,1439,shaman,enhancement,24,15,9
Cyclrin,sargeras,1439,shaman,enhancement,24,15,9
Teeroll,frostmourne,1439,shaman,enhancement,41,25,16
Exxosenh,tichondrius,1438,shaman,enhancement,18,15,3
Tamtam,gorefiend,1438,shaman,enhancement,24,15,9
Futeboy,tichondrius,1438,shaman,enhancement,30,15,15
Gundar,chogall,1436,shaman,enhancement,56,31,25
Kinzle,tichondrius,1436,shaman,enhancement,36,15,21
Qvibin,tichondrius,1435,shaman,enhancement,30,21,9
Arque,stormrage,1435,shaman,enhancement,78,49,29
Tungusk,tichondrius,1435,shaman,enhancement,24,15,9
Däbü,tichondrius,1435,shaman,enhancement,30,15,15
Friednocap,kelthuzad,1435,shaman,enhancement,48,21,27
Wecookin,frostwolf,1433,shaman,enhancement,18,15,3
Rojhaz,stormrage,1433,shaman,enhancement,48,28,20
Cuzcuz,tichondrius,1431,shaman,enhancement,24,15,9
Whydead,sargeras,1431,shaman,enhancement,72,40,32
Fujinx,medivh,1430,shaman,enhancement,24,15,9
Djasura,blackhand,1430,shaman,enhancement,53,29,24
Defiant,azgalor,1429,shaman,enhancement,30,15,15
Shalkahn,malganis,1429,shaman,enhancement,53,22,31
Vapus,area-52,1428,shaman,enhancement,112,63,49
Earfshock,thrall,1428,shaman,enhancement,74,41,33
Convolutedx,tichondrius,1427,shaman,enhancement,30,15,15
Grippysockz,dalaran,1424,shaman,enhancement,24,15,9
Cowely,madoran,1423,shaman,enhancement,30,17,13
Sockittooya,bleeding-hollow,1422,shaman,enhancement,54,34,20
Rtÿo,area-52,1422,shaman,enhancement,24,15,9
Raazzasham,moon-guard,1422,shaman,enhancement,65,34,31
Silyshamshyt,stormrage,1421,shaman,enhancement,24,15,9
Ginjij,thrall,1419,shaman,enhancement,24,15,9
Usul,frostmane,1417,shaman,enhancement,103,55,48
Clownshòes,tichondrius,1415,shaman,enhancement,42,26,16
Mudroller,moon-guard,1414,shaman,enhancement,52,24,28
Spacex,velen,1413,shaman,enhancement,36,16,20
Lavalavalava,dentarg,1412,shaman,enhancement,24,17,7
Getacho,stormrage,1407,shaman,enhancement,120,55,65
Raylord,ragnaros,1406,shaman,enhancement,131,72,59
Firevag,hakkar,1405,shaman,enhancement,135,73,62
Nankdug,tichondrius,1405,shaman,enhancement,47,25,22
Zzar,daggerspine,1404,shaman,enhancement,42,23,19
Jummyman,area-52,1403,shaman,enhancement,35,23,12
Neyter,azralon,1402,shaman,enhancement,90,57,33
Drumman,skullcrusher,1401,shaman,enhancement,100,56,44
Lüca,wyrmrest-accord,1401,shaman,enhancement,211,109,102
Surtel,tichondrius,1401,shaman,enhancement,66,28,38
Talfur,area-52,1400,shaman,enhancement,42,23,19
Nyxxus,tichondrius,1399,shaman,enhancement,30,19,11
Ventus,thrall,1399,shaman,enhancement,60,27,33
Dugomik,malganis,1398,shaman,enhancement,83,44,39
Scrototëm,azralon,1398,shaman,enhancement,57,27,30
Gaelfury,malganis,1396,shaman,enhancement,48,23,25
Djelemental,darkspear,1394,shaman,enhancement,27,17,10
Xillas,moon-guard,1393,shaman,enhancement,30,17,13
Shamann,azshara,1393,shaman,enhancement,57,29,28
Neyavv,tichondrius,1392,shaman,enhancement,145,72,73
Stickysham,illidan,1391,shaman,enhancement,42,26,16
Dashinra,stormrage,1391,shaman,enhancement,38,20,18
Töpg,garrosh,1389,shaman,enhancement,34,16,18
Groundfaults,bleeding-hollow,1389,shaman,enhancement,35,15,20
Shipmatekev,sargeras,1386,shaman,enhancement,54,29,25
Forloren,zuljin,1386,shaman,enhancement,40,19,21
Zktz,warsong,1385,shaman,enhancement,31,17,14
Rbmx,frostmourne,1384,shaman,enhancement,70,41,29
Tamzlol,the-forgotten-coast,1378,shaman,enhancement,36,20,16
Lazugga,area-52,1378,shaman,enhancement,80,42,38
Tyzek,illidan,1375,shaman,enhancement,42,26,16
Stubbywayne,area-52,1374,shaman,enhancement,184,90,94
Gettatotem,frostmourne,1373,shaman,enhancement,30,17,13
Shamrockcawk,malganis,1372,shaman,enhancement,30,21,9
Prasu,spirestone,1372,shaman,enhancement,70,33,37
Tigtotem,malganis,1365,shaman,enhancement,24,16,8
Psilocypher,nazjatar,1362,shaman,enhancement,32,23,9
Montí,moon-guard,1361,shaman,enhancement,83,51,32
Grohltusk,barthilas,1360,shaman,enhancement,42,24,18
Johnwilke,area-52,1356,shaman,enhancement,119,59,60
Murlook,sargeras,1354,shaman,enhancement,67,44,23
Hagass,tichondrius,1354,shaman,enhancement,55,26,29
Isbabani,moon-guard,1353,shaman,enhancement,30,16,14
Monadazs,ragnaros,1351,shaman,enhancement,50,26,24
Trashfarmer,tichondrius,1351,shaman,enhancement,114,54,60
Orcshamen,tichondrius,1347,shaman,enhancement,42,24,18
Mybadshawty,tichondrius,1347,shaman,enhancement,72,32,40
Bessame,sargeras,1346,shaman,enhancement,94,48,46
Trenbolone,maiev,1345,shaman,enhancement,71,43,28
Keyturns,tichondrius,1342,shaman,enhancement,18,14,4
Døømwinds,tichondrius,1342,shaman,enhancement,24,14,10
Tsaheylu,barthilas,1342,shaman,enhancement,48,22,26
Magmao,quelthalas,1341,shaman,enhancement,71,43,28
Clumpen,thunderhorn,1341,shaman,enhancement,29,16,13
Stormwolf,emerald-dream,1341,shaman,enhancement,42,23,19
Joeschno,bleeding-hollow,1341,shaman,enhancement,41,16,25
Crøwgød,tichondrius,1340,shaman,enhancement,24,14,10
Stormgraves,moon-guard,1337,shaman,enhancement,24,14,10
Meewo,sargeras,1337,shaman,enhancement,24,14,10
Orcmanshamn,moon-guard,1336,shaman,enhancement,50,24,26
Leaning,wyrmrest-accord,1335,shaman,enhancement,24,14,10
Electabuzz,arygos,1335,shaman,enhancement,30,15,15
Vlackz,quelthalas,1334,shaman,enhancement,42,22,20
Aldinatir,ragnaros,1332,shaman,enhancement,24,14,10
Tizzl,kelthuzad,1332,shaman,enhancement,78,39,39
Atroll,moonrunner,1332,shaman,enhancement,66,30,36
Chapope,quelthalas,1329,shaman,enhancement,46,30,16
ßlessedx,tichondrius,1329,shaman,enhancement,23,15,8
Rhass,ragnaros,1329,shaman,enhancement,42,17,25
Niteshammy,lothar,1328,shaman,enhancement,24,14,10
Blasho,ragnaros,1326,shaman,enhancement,105,48,57
Shomani,madoran,1326,shaman,enhancement,41,17,24
Leschaises,skullcrusher,1325,shaman,enhancement,27,18,9
Winiethepoöh,stormrage,1325,shaman,enhancement,36,14,22
Totesmagotes,scilla,1324,shaman,enhancement,24,17,7
Katojune,tichondrius,1322,shaman,enhancement,27,15,12
Baloneyfiveo,kiljaeden,1322,shaman,enhancement,56,31,25
Sleekish,moon-guard,1319,shaman,enhancement,30,14,16
Shawkedu,tichondrius,1317,shaman,enhancement,36,16,20
Obeilius,illidan,1316,shaman,enhancement,55,29,26
Canabal,eonar,1315,shaman,enhancement,24,14,10
Zügz,illidan,1314,shaman,enhancement,37,22,15
Kungfuvoodoo,tichondrius,1314,shaman,enhancement,24,14,10
Argrax,sargeras,1314,shaman,enhancement,71,41,30
Rokogg,thrall,1312,shaman,enhancement,133,69,64
Shamorrhoids,frostmourne,1311,shaman,enhancement,118,62,56
Harvesting,azralon,1311,shaman,enhancement,30,14,16
Mairn,tichondrius,1310,shaman,enhancement,66,33,33
Piffenstien,malganis,1310,shaman,enhancement,60,29,31
Mortzor,frostmourne,1309,shaman,enhancement,29,17,12
Eze,tichondrius,1306,shaman,enhancement,58,36,22
Díesel,azralon,1306,shaman,enhancement,29,14,15
Mëister,stormrage,1303,shaman,enhancement,113,56,57
Amärök,area-52,1303,shaman,enhancement,33,15,18
Whichdoctah,proudmoore,1302,shaman,enhancement,30,14,16
Cbomberz,tichondrius,1301,shaman,enhancement,67,33,34
Pumpz,magtheridon,1301,shaman,enhancement,30,14,16
Lightnessx,stormrage,1301,shaman,enhancement,42,17,25
Microwavbakn,emerald-dream,1300,shaman,enhancement,70,38,32
Astrò,illidan,1299,shaman,enhancement,18,14,4
Triní,ragnaros,1296,shaman,enhancement,69,40,29
Rongkhan,tichondrius,1296,shaman,enhancement,41,23,18
Shamcharles,proudmoore,1294,shaman,enhancement,44,15,29
Doomvin,stormrage,1293,shaman,enhancement,42,22,20
Fyahchaming,drakkari,1292,shaman,enhancement,72,37,35
Yâmz,area-52,1292,shaman,enhancement,51,21,30
Kasukaga,shadowmoon,1291,shaman,enhancement,72,34,38
Sigir,darrowmere,1290,shaman,enhancement,48,22,26
Lilpump,boulderfist,1286,shaman,enhancement,60,32,28
Forgediniron,stormrage,1286,shaman,enhancement,53,27,26
Dàfèng,wyrmrest-accord,1286,shaman,enhancement,41,14,27
Jackofstorms,veknilash,1285,shaman,enhancement,56,25,31
Kamíhameha,stormrage,1281,shaman,enhancement,98,49,49
Bobaflexqt,korgath,1279,shaman,enhancement,24,15,9
Beardcramps,tichondrius,1275,shaman,enhancement,75,29,46
Zerium,nemesis,1274,shaman,enhancement,42,25,17
Parallels,blackrock,1274,shaman,enhancement,106,51,55
Zechary,proudmoore,1273,shaman,enhancement,54,33,21
Flaméy,stormrage,1273,shaman,enhancement,51,21,30
Zaboomafoo,emerald-dream,1272,shaman,enhancement,23,14,9
Majhrakova,stormrage,1266,shaman,enhancement,30,15,15
Popsmoke,gnomeregan,1265,shaman,enhancement,23,14,9
Datblueboi,dalaran,1263,shaman,enhancement,76,39,37
Shrektar,cenarius,1262,shaman,enhancement,42,17,25
Gorebog,feathermoon,1259,shaman,enhancement,42,23,19
Obrahma,burning-legion,1258,shaman,enhancement,24,16,8
Deathjoker,icecrown,1255,shaman,enhancement,66,34,32
Taò,tichondrius,1254,shaman,enhancement,75,37,38
Holosoul,bleeding-hollow,1254,shaman,enhancement,67,27,40
Rikswordfire,wyrmrest-accord,1251,shaman,enhancement,35,16,19
Hexoffnder,zuljin,1246,shaman,enhancement,18,13,5
Pandashamnda,area-52,1245,shaman,enhancement,46,23,23
Dì,barthilas,1244,shaman,enhancement,24,16,8
Zêûs,moon-guard,1240,shaman,enhancement,24,13,11
Darwynz,zuljin,1240,shaman,enhancement,24,13,11
Dalthragoz,tichondrius,1239,shaman,enhancement,24,13,11
Dalsun,turalyon,1237,shaman,enhancement,30,13,17
Githealed,kelthuzad,1234,shaman,enhancement,27,15,12
Vozs,proudmoore,1233,shaman,enhancement,60,34,26
Thromir,blackwing-lair,1233,shaman,enhancement,48,22,26
Willy,icecrown,1230,shaman,enhancement,23,13,10
Drahlos,tichondrius,1227,shaman,enhancement,30,13,17
Uglykunt,barthilas,1224,shaman,enhancement,111,62,49
Bhaelfury,moon-guard,1224,shaman,enhancement,36,20,16
Netherfury,illidan,1224,shaman,enhancement,51,28,23
Shamantwo,windrunner,1223,shaman,enhancement,24,13,11
Mullten,sargeras,1219,shaman,enhancement,36,15,21
Shamgoddam,illidan,1217,shaman,enhancement,48,19,29
Crigga,dalaran,1216,shaman,enhancement,24,13,11
Onezap,trollbane,1214,shaman,enhancement,43,17,26
Spicyballs,coilfang,1213,shaman,enhancement,30,13,17
Hammeredd,hyjal,1212,shaman,enhancement,36,18,18
Fireclaws,bleeding-hollow,1206,shaman,enhancement,36,16,20
ßigðåddy,ghostlands,1206,shaman,enhancement,54,17,37
Slowgrath,burning-legion,1202,shaman,enhancement,33,19,14
Sinsar,illidan,1200,shaman,enhancement,35,13,22
Chalked,stormrage,1198,shaman,enhancement,97,47,50
Zaxibow,area-52,1196,shaman,enhancement,34,15,19
Iamegirl,moon-guard,1191,shaman,enhancement,29,13,16
Gdiafplox,thunderhorn,1186,shaman,enhancement,54,27,27
Djshammy,barthilas,1183,shaman,enhancement,28,15,13
Àspec,aegwynn,1182,shaman,enhancement,16,13,3
Hanhze,quelthalas,1178,shaman,enhancement,48,28,20
Spiderjohn,sargeras,1177,shaman,enhancement,36,20,16
Enhancementz,azralon,1174,shaman,enhancement,68,37,31
Litchuckie,thrall,1169,shaman,enhancement,46,25,21
Meattoilet,tichondrius,1164,shaman,enhancement,17,13,4
Cseril,bonechewer,1164,shaman,enhancement,83,49,34
Shometrin,tichondrius,1164,shaman,enhancement,59,21,38
Finnaburstt,tichondrius,1162,shaman,enhancement,54,29,25
Tarresh,azralon,1161,shaman,enhancement,42,16,26
Splendapapi,stormrage,1155,shaman,enhancement,38,13,25
Tactíc,chromaggus,1152,shaman,enhancement,18,12,6
Gangmember,shadowmoon,1152,shaman,enhancement,18,12,6
Jinxicle,illidan,1151,shaman,enhancement,18,12,6
Lividelement,area-52,1151,shaman,enhancement,18,12,6
Lutheran,dragonmaw,1151,shaman,enhancement,35,14,21
Thorre,the-scryers,1150,shaman,enhancement,24,16,8
Nyknicks,tichondrius,1150,shaman,enhancement,18,12,6
Dialtone,blackrock,1150,shaman,enhancement,30,12,18
Angrymán,ragnaros,1149,shaman,enhancement,12,12,0
Zaydax,altar-of-storms,1149,shaman,enhancement,18,12,6
Rainjig,emerald-dream,1149,shaman,enhancement,21,12,9
Zèus,draka,1146,shaman,enhancement,24,12,12
Goonxdz,illidan,1146,shaman,enhancement,24,12,12
Ara,barthilas,1145,shaman,enhancement,18,12,6
Zugzugthug,moon-guard,1142,shaman,enhancement,22,13,9
Shamikkazee,illidan,1142,shaman,enhancement,43,21,22
Saraguthix,dalaran,1141,shaman,enhancement,18,12,6
Fourstorms,gundrak,1141,shaman,enhancement,37,19,18
Extraguacpls,tichondrius,1139,shaman,enhancement,18,12,6
Vokxulsin,tichondrius,1139,shaman,enhancement,30,12,18
Wagar,dawnbringer,1139,shaman,enhancement,36,12,24
Hordeymaori,jubeithos,1138,shaman,enhancement,140,74,66
Sydstorm,frostmourne,1137,shaman,enhancement,18,12,6
Beanerburst,frostwolf,1136,shaman,enhancement,48,26,22
Popz,dark-iron,1128,shaman,enhancement,18,12,6
Ashida,stormrage,1126,shaman,enhancement,37,19,18
ßøn,altar-of-storms,1125,shaman,enhancement,33,16,17
Daikí,ragnaros,1124,shaman,enhancement,25,13,12
Astroglyde,emerald-dream,1123,shaman,enhancement,24,12,12
Camdoc,destromath,1122,shaman,enhancement,53,24,29
Shøxic,perenolde,1118,shaman,enhancement,18,12,6
Googurt,barthilas,1118,shaman,enhancement,23,12,11
Drokron,azralon,1118,shaman,enhancement,36,17,19
Catiçero,azralon,1117,shaman,enhancement,30,12,18
Schlemiel,barthilas,1112,shaman,enhancement,82,36,46
Lassoway,illidan,1110,shaman,enhancement,30,12,18
Golkork,quelthalas,1108,shaman,enhancement,24,13,11
Blaçktide,thrall,1104,shaman,enhancement,26,16,10
Shaminism,chromaggus,1103,shaman,enhancement,23,12,11
Wigwog,hyjal,1102,shaman,enhancement,61,35,26
Ahzar,stormrage,1098,shaman,enhancement,36,14,22
Robis,thrall,1096,shaman,enhancement,90,39,51
Floon,barthilas,1096,shaman,enhancement,48,17,31
Hazak,nemesis,1088,shaman,enhancement,78,39,39
Oreahsham,tichondrius,1085,shaman,enhancement,30,12,18
Nîghtstalker,vashj,1081,shaman,enhancement,52,20,32
Felbrick,area-52,1075,shaman,enhancement,30,17,13
Cydarta,ragnaros,1073,shaman,enhancement,48,26,22
Shambostik,thrall,1066,shaman,enhancement,30,12,18
Keytürnz,frostmourne,1064,shaman,enhancement,36,13,23
Tekashi,muradin,1060,shaman,enhancement,31,12,19
Gamergirlx,area-52,1056,shaman,enhancement,18,11,7
Jyster,area-52,1056,shaman,enhancement,65,27,38
Shamawolf,stormrage,1055,shaman,enhancement,12,11,1
Blöw,tichondrius,1055,shaman,enhancement,18,11,7
Enhance,bleeding-hollow,1055,shaman,enhancement,24,11,13
Shampowl,jaedenar,1055,shaman,enhancement,30,11,19
Möuthbläster,malganis,1054,shaman,enhancement,12,11,1
Syraak,elune,1054,shaman,enhancement,15,12,3
Totemclass,bleeding-hollow,1054,shaman,enhancement,18,11,7
Khorgan,emerald-dream,1054,shaman,enhancement,18,11,7
Texmawave,moon-guard,1054,shaman,enhancement,18,11,7
Jirig,tichondrius,1054,shaman,enhancement,18,11,7
Fishsham,zuljin,1054,shaman,enhancement,18,11,7
Balldo,stormrage,1054,shaman,enhancement,30,11,19
Pashå,norgannon,1053,shaman,enhancement,18,11,7
Hagie,moon-guard,1053,shaman,enhancement,21,11,10
Zêus,sargeras,1052,shaman,enhancement,18,11,7
Windzorn,tichondrius,1052,shaman,enhancement,18,11,7
Peepingtotem,tichondrius,1052,shaman,enhancement,24,11,13
Buffdudé,illidan,1052,shaman,enhancement,24,11,13
Kuull,thunderlord,1052,shaman,enhancement,30,11,19
Faminex,dragonmaw,1051,shaman,enhancement,12,11,1
Swapxylee,tichondrius,1051,shaman,enhancement,24,11,13
Dronesum,tichondrius,1050,shaman,enhancement,24,11,13
Naesala,thunderlord,1050,shaman,enhancement,24,11,13
Scams,bleeding-hollow,1049,shaman,enhancement,30,18,12
Vöödooranger,stormrage,1048,shaman,enhancement,18,11,7
Grindl,stormrage,1047,shaman,enhancement,18,11,7
Sparkqt,sargeras,1047,shaman,enhancement,18,11,7
Emptyy,azralon,1047,shaman,enhancement,24,11,13
Johnnygeh,stormrage,1047,shaman,enhancement,30,11,19
Îvôry,bloodhoof,1046,shaman,enhancement,24,11,13
Ctrlaltelite,burning-blade,1044,shaman,enhancement,76,30,46
Svddëndëath,sargeras,1044,shaman,enhancement,72,27,45
Jamblee,sargeras,1043,shaman,enhancement,18,11,7
Cvoa,bonechewer,1043,shaman,enhancement,24,11,13
Trulos,stormrage,1041,shaman,enhancement,18,11,7
Lazygemini,illidan,1038,shaman,enhancement,24,11,13
Hannibol,tichondrius,1036,shaman,enhancement,72,25,47
Allmeatie,hyjal,1035,shaman,enhancement,18,11,7
Zalkran,area-52,1034,shaman,enhancement,24,15,9
Lovetides,area-52,1031,shaman,enhancement,24,14,10
Shammybreakx,malganis,1023,shaman,enhancement,56,33,23
Sevare,area-52,1023,shaman,enhancement,21,12,9
Tøtëm,tichondrius,1021,shaman,enhancement,28,12,16
Facebooksux,sargeras,1019,shaman,enhancement,18,13,5
Karlpoppa,thunderhorn,1019,shaman,enhancement,18,11,7
Dizzytotem,dalaran,1013,shaman,enhancement,30,17,13
Shayymann,exodar,1013,shaman,enhancement,48,19,29
Pùffball,anvilmar,1011,shaman,enhancement,75,38,37
Xapoxy,nemesis,1008,shaman,enhancement,20,12,8
Rhagnar,warsong,1004,shaman,enhancement,17,11,6
Dedlystorm,dalaran,1003,shaman,enhancement,18,12,6
Hoodfigga,tichondrius,1002,shaman,enhancement,23,11,12
Bigbólts,emerald-dream,1001,shaman,enhancement,18,12,6
Stroheim,warsong,1000,shaman,enhancement,21,12,9
Poseidonxd,lightbringer,1000,shaman,enhancement,23,13,10
Korgen,area-52,999,shaman,enhancement,25,12,13
Slaughterdog,coilfang,995,shaman,enhancement,22,13,9
Prinkipíssa,tichondrius,995,shaman,enhancement,48,22,26
Reavs,illidan,995,shaman,enhancement,40,12,28
Synshenrongt,thrall,990,shaman,enhancement,178,70,108
Pwnôgraphy,kelthuzad,989,shaman,enhancement,14,11,3
Zelzus,moon-guard,989,shaman,enhancement,22,11,11
Megumi,aggramar,988,shaman,enhancement,26,11,15
Deckìn,proudmoore,987,shaman,enhancement,14,11,3
Mudpwet,borean-tundra,982,shaman,enhancement,54,30,24
Shamvandám,kiljaeden,978,shaman,enhancement,30,13,17
Stormwolf,azjolnerub,976,shaman,enhancement,60,30,30
Enhance,sargeras,960,shaman,enhancement,18,10,8
Mcb,barthilas,960,shaman,enhancement,18,10,8
Zatchbell,lightnings-blade,960,shaman,enhancement,30,13,17
Lokrath,zangarmarsh,959,shaman,enhancement,12,10,2
Pikachil,tichondrius,959,shaman,enhancement,15,11,4
Vonnsmallpp,area-52,959,shaman,enhancement,18,10,8
Anlukla,gilneas,959,shaman,enhancement,18,10,8
Tarazhim,kelthuzad,959,shaman,enhancement,18,10,8
Kumboi,frostmourne,959,shaman,enhancement,24,10,14
Unezx,tichondrius,958,shaman,enhancement,12,10,2
Marginalized,tichondrius,958,shaman,enhancement,18,10,8
Kelce,stormrage,958,shaman,enhancement,18,10,8
Thoramgar,malganis,958,shaman,enhancement,18,10,8
Ggsggs,akama,958,shaman,enhancement,18,10,8
Chesos,tichondrius,958,shaman,enhancement,90,33,57
Leotis,tichondrius,957,shaman,enhancement,18,10,8
Chavezlives,area-52,957,shaman,enhancement,18,10,8
Kandin,icecrown,957,shaman,enhancement,24,10,14
Keroh,blackrock,956,shaman,enhancement,18,10,8
Emelectric,quelthalas,956,shaman,enhancement,19,10,9
Azl,guldan,956,shaman,enhancement,27,11,16
Súrtr,sargeras,955,shaman,enhancement,18,10,8
Aelpian,emerald-dream,954,shaman,enhancement,18,10,8
Smokedemtree,stormrage,954,shaman,enhancement,18,10,8
Ryntyntyn,blood-furnace,954,shaman,enhancement,24,10,14
Shomminn,tichondrius,953,shaman,enhancement,18,10,8
Morderus,aegwynn,950,shaman,enhancement,18,10,8
Mcgraff,frostmourne,949,shaman,enhancement,18,10,8
Loec,thrall,947,shaman,enhancement,18,10,8
Bloodytotemz,emerald-dream,944,shaman,enhancement,18,10,8
Esko,magtheridon,943,shaman,enhancement,24,10,14
Artsha,tol-barad,942,shaman,enhancement,23,10,13
Orfelix,nemesis,925,shaman,enhancement,42,17,25
Thanwirn,ragnaros,924,shaman,enhancement,30,13,17
Wälee,sargeras,921,shaman,enhancement,18,10,8
Gammacide,sargeras,921,shaman,enhancement,29,10,19
Oct,thrall,912,shaman,enhancement,36,18,18
Grimlên,skullcrusher,910,shaman,enhancement,32,12,20
Duality,shattered-halls,909,shaman,enhancement,23,10,13
Garabashi,boulderfist,908,shaman,enhancement,24,11,13
Thanen,the-scryers,897,shaman,enhancement,48,21,27
Ongruge,hyjal,895,shaman,enhancement,60,22,38
Icedogg,malganis,889,shaman,enhancement,42,20,22
Poagrious,bonechewer,876,shaman,enhancement,40,17,23
Columan,frostmourne,865,shaman,enhancement,113,57,56
Raídyn,sargeras,864,shaman,enhancement,12,9,3
Frantìk,tichondrius,864,shaman,enhancement,12,9,3
Conorfotm,tichondrius,864,shaman,enhancement,12,9,3
Delxx,tichondrius,864,shaman,enhancement,12,9,3
Torvi,saurfang,864,shaman,enhancement,12,9,3
Deixw,tichondrius,864,shaman,enhancement,12,9,3
Solbis,tichondrius,864,shaman,enhancement,12,9,3
Lizardhusk,barthilas,864,shaman,enhancement,18,9,9
Gódsgíft,tichondrius,864,shaman,enhancement,18,9,9
Shlongers,illidan,864,shaman,enhancement,18,9,9
Yejinok,tichondrius,864,shaman,enhancement,18,9,9
Purgegodryuu,area-52,864,shaman,enhancement,18,9,9
Sethbrogen,vashj,864,shaman,enhancement,24,9,15
Lickerman,stormreaver,863,shaman,enhancement,12,9,3
Crnosham,area-52,863,shaman,enhancement,12,9,3
Cluffatty,tichondrius,863,shaman,enhancement,12,9,3
Biggem,nazjatar,863,shaman,enhancement,18,9,9
Flukz,nazjatar,863,shaman,enhancement,18,9,9
Dylangs,frostmourne,863,shaman,enhancement,18,9,9
Rubious,cenarius,863,shaman,enhancement,19,9,10
Okkoto,malfurion,862,shaman,enhancement,12,9,3
Kakiscala,proudmoore,862,shaman,enhancement,17,9,8
Murdokr,quelthalas,862,shaman,enhancement,18,9,9
Gorgrom,thunderlord,861,shaman,enhancement,12,9,3
Tukkutz,moon-guard,861,shaman,enhancement,36,14,22
Bôjack,stormrage,858,shaman,enhancement,12,9,3
Denki,nesingwary,858,shaman,enhancement,18,9,9
Vekku,ragnaros,858,shaman,enhancement,18,9,9
Hazorele,nagrand,857,shaman,enhancement,18,9,9
Bilbobaggenz,sargeras,854,shaman,enhancement,18,9,9
Windfuryshm,emerald-dream,853,shaman,enhancement,18,9,9
Cdont,zuljin,853,shaman,enhancement,18,9,9
Kalashnikov,maiev,848,shaman,enhancement,24,9,15
Catchclause,eonar,846,shaman,enhancement,18,10,8
Charr,nemesis,838,shaman,enhancement,18,9,9
Taowth,area-52,831,shaman,enhancement,29,9,20
Grosgars,burning-blade,830,shaman,enhancement,20,10,10
Britisy,stormrage,825,shaman,enhancement,24,10,14
Grendinbal,moon-guard,815,shaman,enhancement,21,9,12
Maicer,goldrinn,809,shaman,enhancement,35,9,26
Gesundrian,kelthuzad,800,shaman,enhancement,16,9,7
Notglads,thrall,799,shaman,enhancement,14,9,5
Thorael,borean-tundra,798,shaman,enhancement,11,9,2
Slumb,stormrage,781,shaman,enhancement,19,9,10
Illchayqt,frostmourne,768,shaman,enhancement,12,8,4
Ennoku,khadgar,768,shaman,enhancement,12,8,4
Plznostepmom,tichondrius,768,shaman,enhancement,12,8,4
Cinderfury,magtheridon,768,shaman,enhancement,12,8,4
Movemaker,shattered-hand,768,shaman,enhancement,12,8,4
Clasm,tichondrius,768,shaman,enhancement,12,8,4
Onamakawash,black-dragonflight,768,shaman,enhancement,12,8,4
Lindsanx,illidan,768,shaman,enhancement,18,8,10
Killswitch,bonechewer,768,shaman,enhancement,18,8,10
Neeman,malganis,768,shaman,enhancement,18,8,10
Troon,lightbringer,767,shaman,enhancement,12,8,4
Doomfury,magtheridon,767,shaman,enhancement,12,8,4
Mokho,stormrage,767,shaman,enhancement,12,8,4
Dontbeshockd,nagrand,767,shaman,enhancement,12,8,4
Elevatezxo,stormrage,767,shaman,enhancement,12,8,4
Thorodinsson,proudmoore,767,shaman,enhancement,18,8,10
Dwightjr,emerald-dream,767,shaman,enhancement,18,8,10
Volrog,magtheridon,767,shaman,enhancement,18,8,10
Brreeaadd,tichondrius,767,shaman,enhancement,18,8,10
Cuban,kelthuzad,767,shaman,enhancement,18,8,10
Jags,baelgun,767,shaman,enhancement,18,8,10
Finaplex,spirestone,767,shaman,enhancement,18,8,10
Loliqueenfae,illidan,767,shaman,enhancement,18,8,10
Beast,mannoroth,767,shaman,enhancement,18,8,10
Suejitsue,malganis,767,shaman,enhancement,18,8,10
Argena,bonechewer,767,shaman,enhancement,18,8,10
Lamorandrict,icecrown,767,shaman,enhancement,18,8,10
Cutedraenei,destromath,767,shaman,enhancement,24,8,16
Reptimus,sargeras,767,shaman,enhancement,24,8,16
Pipers,frostmourne,767,shaman,enhancement,30,8,22
Kulnash,auchindoun,766,shaman,enhancement,12,8,4
Chamxz,ragnaros,766,shaman,enhancement,12,8,4
Adhdeeznuts,frostmourne,766,shaman,enhancement,18,8,10
Jonatasele,stormrage,765,shaman,enhancement,24,8,16
Endme,zuljin,758,shaman,enhancement,12,8,4
Orendail,jubeithos,758,shaman,enhancement,24,8,16
Shimshak,destromath,756,shaman,enhancement,18,8,10
Kumu,stormscale,735,shaman,enhancement,11,8,3
Ryb,sargeras,735,shaman,enhancement,14,9,5
Morgoph,bleeding-hollow,735,shaman,enhancement,14,9,5
Golozok,zuljin,735,shaman,enhancement,16,10,6
Radan,kelthuzad,735,shaman,enhancement,17,8,9
Darshidarsh,emerald-dream,735,shaman,enhancement,22,8,14
Succies,emerald-dream,719,shaman,enhancement,17,8,9
Blackshami,quelthalas,718,shaman,enhancement,18,8,10
Pwnskillz,area-52,712,shaman,enhancement,17,8,9
Hammerdog,illidan,703,shaman,enhancement,16,8,8
Paulenia,quelthalas,699,shaman,enhancement,29,8,21
Grìmlock,lightbringer,687,shaman,enhancement,13,8,5
Olujakal,emerald-dream,672,shaman,enhancement,12,7,5
Eimear,kelthuzad,672,shaman,enhancement,12,7,5
Ftp,kelthuzad,672,shaman,enhancement,12,7,5
Zapstrike,stormrage,672,shaman,enhancement,12,7,5
Ceromental,frostmane,672,shaman,enhancement,12,7,5
Mattzander,kiljaeden,672,shaman,enhancement,12,7,5
Jofstrom,tichondrius,672,shaman,enhancement,12,7,5
Oneripemango,illidan,672,shaman,enhancement,12,7,5
Vlal,tichondrius,672,shaman,enhancement,12,7,5
Windführer,illidan,672,shaman,enhancement,12,7,5
Yaytotems,sargeras,672,shaman,enhancement,12,7,5
Lïnc,sargeras,672,shaman,enhancement,12,7,5
Shockshack,illidan,672,shaman,enhancement,12,7,5
Vásh,quelthalas,672,shaman,enhancement,12,7,5
Goondruka,area-52,672,shaman,enhancement,12,7,5
Battleimp,kelthuzad,672,shaman,enhancement,12,7,5
Sourcreamqtx,stormrage,672,shaman,enhancement,12,7,5
Lavalinks,malganis,672,shaman,enhancement,12,7,5
Vanmaichet,azshara,672,shaman,enhancement,12,7,5
Dwârf,tichondrius,672,shaman,enhancement,12,7,5
Asy,tichondrius,672,shaman,enhancement,12,7,5
Xoxoxø,area-52,672,shaman,enhancement,12,7,5
Shokaria,frostwolf,672,shaman,enhancement,17,8,9
Ayahuaskah,illidan,672,shaman,enhancement,18,7,11
Kidkovid,illidan,672,shaman,enhancement,18,7,11
Yungcreampie,bleeding-hollow,672,shaman,enhancement,18,7,11
Stoneseed,steamwheedle-cartel,672,shaman,enhancement,18,7,11
Raywhiter,tichondrius,672,shaman,enhancement,22,8,14
Thorlottie,stormrage,671,shaman,enhancement,12,7,5
Murm,burning-blade,671,shaman,enhancement,12,7,5
Hypersomnia,icecrown,671,shaman,enhancement,12,7,5
Hexondabeach,barthilas,671,shaman,enhancement,12,7,5
Ayahuaska,darkspear,671,shaman,enhancement,12,7,5
Thiccpedro,andorhal,671,shaman,enhancement,12,7,5
Garshok,tichondrius,671,shaman,enhancement,12,7,5
Gonarosh,area-52,671,shaman,enhancement,12,7,5
Blumengarten,stormrage,671,shaman,enhancement,12,7,5
Checkmâte,emerald-dream,671,shaman,enhancement,12,7,5
Atlli,zuljin,671,shaman,enhancement,18,7,11
Gwyste,moon-guard,671,shaman,enhancement,18,7,11
Zald,shattered-halls,671,shaman,enhancement,18,7,11
Jëks,azjolnerub,671,shaman,enhancement,18,7,11
Hrotah,wyrmrest-accord,671,shaman,enhancement,18,7,11
Nondracil,ragnaros,671,shaman,enhancement,18,7,11
Hroth,tanaris,671,shaman,enhancement,18,7,11
Wickyz,moon-guard,671,shaman,enhancement,18,7,11
Enhancee,bonechewer,671,shaman,enhancement,18,7,11
Velekar,moon-guard,671,shaman,enhancement,21,8,13
Morehammeerr,thunderlord,670,shaman,enhancement,12,7,5
Drewshammy,zuljin,670,shaman,enhancement,12,7,5
Spankì,kelthuzad,670,shaman,enhancement,12,7,5
Radiology,garithos,670,shaman,enhancement,12,7,5
Kigorami,nerzhul,670,shaman,enhancement,18,7,11
Orcgirth,kiljaeden,670,shaman,enhancement,21,8,13
Halajo,thrall,669,shaman,enhancement,15,8,7
Vladd,hellscream,669,shaman,enhancement,18,7,11
Zeebouzy,illidan,669,shaman,enhancement,21,8,13
Helljumper,illidan,669,shaman,enhancement,21,8,13
Gbankzz,ghostlands,664,shaman,enhancement,24,7,17
Shammich,vashj,655,shaman,enhancement,11,7,4
Speedmonster,hellscream,655,shaman,enhancement,19,8,11
Relyts,tichondrius,638,shaman,enhancement,18,9,9
Shampainn,demon-soul,638,shaman,enhancement,20,8,12
Intress,moon-guard,607,shaman,enhancement,10,7,3
Eanne,moon-guard,592,shaman,enhancement,19,7,12
Vuduü,stormrage,576,shaman,enhancement,6,6,0
Ftierspec,frostmourne,576,shaman,enhancement,6,6,0
Ambevsulfr,deathwing,576,shaman,enhancement,6,6,0
Aceventuura,hyjal,576,shaman,enhancement,6,6,0
Mèrkk,misha,576,shaman,enhancement,6,6,0
Clear,darkspear,576,shaman,enhancement,6,6,0
Pikoom,tichondrius,576,shaman,enhancement,6,6,0
Shockpanda,zuljin,576,shaman,enhancement,6,6,0
Spotbeard,shadowsong,576,shaman,enhancement,6,6,0
Måståçåstå,bleeding-hollow,576,shaman,enhancement,12,6,6
Cptsnarf,tichondrius,576,shaman,enhancement,12,6,6
Hruggol,bleeding-hollow,576,shaman,enhancement,12,6,6
Stylebenderx,frostmourne,576,shaman,enhancement,12,6,6
Scarlo,bleeding-hollow,576,shaman,enhancement,12,6,6
Fischerman,barthilas,576,shaman,enhancement,12,6,6
Skrankles,illidan,576,shaman,enhancement,12,6,6
Bussybutter,sargeras,576,shaman,enhancement,12,6,6
Yelpreviewer,dalaran,576,shaman,enhancement,12,6,6
Cooperation,kelthuzad,576,shaman,enhancement,12,6,6
Kyzen,tichondrius,576,shaman,enhancement,12,6,6
Gamba,kargath,576,shaman,enhancement,12,6,6
Kêtchpup,wyrmrest-accord,576,shaman,enhancement,12,6,6
Xaspen,skullcrusher,576,shaman,enhancement,12,6,6
Corkrain,sargeras,576,shaman,enhancement,12,6,6
Nyvka,ragnaros,576,shaman,enhancement,12,6,6
Uggoluga,dalaran,576,shaman,enhancement,12,6,6
Enhpower,area-52,576,shaman,enhancement,12,6,6
Agpx,tichondrius,576,shaman,enhancement,12,6,6
Stormdancer,elune,576,shaman,enhancement,12,6,6
Orkshammy,illidan,576,shaman,enhancement,12,6,6
Stnky,cairne,576,shaman,enhancement,12,6,6
Strønklesøn,drakthul,576,shaman,enhancement,12,6,6
Crucybletv,korgath,576,shaman,enhancement,12,6,6
Tosil,tichondrius,576,shaman,enhancement,12,6,6
Trashcam,illidan,576,shaman,enhancement,12,6,6
Bluntboy,zuljin,576,shaman,enhancement,12,6,6
Coraamia,nerzhul,576,shaman,enhancement,12,6,6
Owtyobwol,area-52,576,shaman,enhancement,12,6,6
Dreamers,anvilmar,576,shaman,enhancement,12,6,6
Unrezolved,hyjal,576,shaman,enhancement,13,6,7
Groovesh,thrall,576,shaman,enhancement,14,6,8
Ikiteforlsd,zuljin,576,shaman,enhancement,14,6,8
Gluestick,shadowmoon,576,shaman,enhancement,18,6,12
Earthclap,tichondrius,576,shaman,enhancement,18,6,12
Ferdashock,tichondrius,576,shaman,enhancement,18,6,12
Oaktar,bleeding-hollow,575,shaman,enhancement,12,6,6
Eternalife,khazgoroth,575,shaman,enhancement,12,6,6
Frèya,uldaman,575,shaman,enhancement,12,6,6
Tumble,barthilas,575,shaman,enhancement,12,6,6
Fevolution,dreadmaul,575,shaman,enhancement,12,6,6
Somethingdop,sargeras,575,shaman,enhancement,12,6,6
Gingeroo,stonemaul,575,shaman,enhancement,12,6,6
Darkvx,quelthalas,575,shaman,enhancement,12,6,6
Naextramus,ragnaros,575,shaman,enhancement,12,6,6
Argues,tichondrius,575,shaman,enhancement,12,6,6
Nuofu,illidan,575,shaman,enhancement,16,7,9
Rockbass,sargeras,575,shaman,enhancement,18,6,12
Nìke,nazgrel,575,shaman,enhancement,18,6,12
Møp,spirestone,575,shaman,enhancement,18,6,12
Zentius,thunderhorn,575,shaman,enhancement,18,6,12
Okdopey,area-52,574,shaman,enhancement,18,6,12
Umbrood,area-52,573,shaman,enhancement,24,6,18
Størmbreäker,tichondrius,572,shaman,enhancement,12,6,6
Hazreti,zuljin,572,shaman,enhancement,18,6,12
Fadesrp,moon-guard,571,shaman,enhancement,12,6,6
Ðg,tichondrius,569,shaman,enhancement,18,6,12
Srgarrobo,drakkari,566,shaman,enhancement,12,6,6
Maxsimiliano,emerald-dream,559,shaman,enhancement,18,6,12
Rykutu,lightbringer,544,shaman,enhancement,10,7,3
Toastsshaman,tichondrius,528,shaman,enhancement,9,6,3
Noveske,arthas,522,shaman,enhancement,15,7,8
Azzula,tichondrius,522,shaman,enhancement,19,7,12
Beelzeburst,sargeras,511,shaman,enhancement,11,6,5
Mihrion,moon-guard,511,shaman,enhancement,11,6,5
Fiercegoblin,drakkari,493,shaman,enhancement,19,6,13
Iava,dalaran,480,shaman,enhancement,6,5,1
Mynigabob,zuljin,480,shaman,enhancement,6,5,1
Kyrz,ragnaros,480,shaman,enhancement,6,5,1
Dörnèr,malganis,480,shaman,enhancement,6,5,1
Beatmán,blades-edge,480,shaman,enhancement,6,5,1
Bofah,draktharon,480,shaman,enhancement,6,5,1
Jeuno,gnomeregan,480,shaman,enhancement,6,5,1
Elefornoobs,area-52,480,shaman,enhancement,6,5,1
Rokudo,dragonmaw,480,shaman,enhancement,6,5,1
Zappiiboii,malganis,480,shaman,enhancement,6,5,1
Wugmuk,illidan,480,shaman,enhancement,6,5,1
Remi,tichondrius,480,shaman,enhancement,6,5,1
Guybeingdude,sargeras,480,shaman,enhancement,6,5,1
Taintvapor,stormrage,480,shaman,enhancement,6,5,1
Nekorii,bleeding-hollow,480,shaman,enhancement,6,5,1
Nakamora,tichondrius,480,shaman,enhancement,6,5,1
Creamcheeser,tichondrius,480,shaman,enhancement,6,5,1
Krunggar,azralon,480,shaman,enhancement,6,5,1
Mílkthis,tichondrius,480,shaman,enhancement,6,5,1
Tekdar,kiljaeden,480,shaman,enhancement,10,6,4
Spencesham,sargeras,480,shaman,enhancement,12,5,7
Jorgim,frostmourne,480,shaman,enhancement,12,5,7
Berasham,aerie-peak,480,shaman,enhancement,12,5,7
Mustachex,kelthuzad,480,shaman,enhancement,12,5,7
Indaka,kiljaeden,480,shaman,enhancement,12,5,7
Electrikz,moonrunner,480,shaman,enhancement,12,5,7
Meatlog,dalaran,480,shaman,enhancement,12,5,7
Sèktor,dalaran,480,shaman,enhancement,12,5,7
Capivarãão,stormrage,480,shaman,enhancement,12,5,7
Tiostroke,stormrage,480,shaman,enhancement,12,5,7
Macumbolo,nemesis,480,shaman,enhancement,12,5,7
Kultirio,quelthalas,480,shaman,enhancement,12,5,7
Obombyas,sargeras,480,shaman,enhancement,12,5,7
Choquinho,azralon,480,shaman,enhancement,12,5,7
Matzahmeal,skywall,480,shaman,enhancement,12,5,7
Kamisenhance,illidan,480,shaman,enhancement,12,5,7
Hellothere,drenden,480,shaman,enhancement,12,5,7
Scrototæm,area-52,480,shaman,enhancement,12,5,7
Sleepysham,anubarak,480,shaman,enhancement,12,5,7
Omnipresent,malganis,480,shaman,enhancement,12,5,7
Stormsanta,emerald-dream,480,shaman,enhancement,12,5,7
Stankydad,tichondrius,480,shaman,enhancement,12,5,7
Keltarget,malganis,480,shaman,enhancement,12,5,7
Mawcus,zuljin,480,shaman,enhancement,12,5,7
Athropos,malganis,480,shaman,enhancement,12,5,7
Gyokuken,stormrage,480,shaman,enhancement,18,5,13
Fíren,area-52,480,shaman,enhancement,18,5,13
Zarzlek,destromath,480,shaman,enhancement,25,5,20
Bwandamian,emerald-dream,479,shaman,enhancement,12,5,7
Böc,tichondrius,479,shaman,enhancement,12,5,7
Tugnar,ragnaros,479,shaman,enhancement,12,5,7
Dushkanar,barthilas,479,shaman,enhancement,12,5,7
Aegaeonlol,tichondrius,479,shaman,enhancement,18,5,13
Youngthùg,frostmourne,479,shaman,enhancement,18,5,13
Brorogan,aerie-peak,478,shaman,enhancement,12,5,7
Flie,tichondrius,478,shaman,enhancement,18,5,13
Enkkiz,ragnaros,477,shaman,enhancement,12,5,7
Curtrex,amanthul,472,shaman,enhancement,19,8,11
Zugxo,area-52,446,shaman,enhancement,8,6,2
Flamestrife,illidan,426,shaman,enhancement,28,8,20
Totojar,alexstrasza,426,shaman,enhancement,22,6,16
Furiousnick,stormrage,415,shaman,enhancement,8,5,3
Rykku,illidan,400,shaman,enhancement,7,5,2
Tokyotimxxo,malganis,384,shaman,enhancement,6,4,2
Goldshîre,tichondrius,384,shaman,enhancement,6,4,2
Aureal,malganis,384,shaman,enhancement,6,4,2
Casualsham,illidan,384,shaman,enhancement,6,4,2
Kisseyfaçaí,kelthuzad,384,shaman,enhancement,6,4,2
Slurslinger,area-52,384,shaman,enhancement,6,4,2
Motylek,ragnaros,384,shaman,enhancement,6,4,2
Meshrek,tichondrius,384,shaman,enhancement,6,4,2
Skipler,stormrage,384,shaman,enhancement,6,4,2
Kylani,thrall,384,shaman,enhancement,6,4,2
Ummyea,dreadmaul,384,shaman,enhancement,6,4,2
Ezzroz,guldan,384,shaman,enhancement,6,4,2
Exsh,area-52,384,shaman,enhancement,6,4,2
Drugdòér,tichondrius,384,shaman,enhancement,6,4,2
Protoaster,tichondrius,384,shaman,enhancement,6,4,2
Dingfu,sargeras,384,shaman,enhancement,6,4,2
Mastrionilol,dragonmaw,384,shaman,enhancement,6,4,2
Grimwind,tichondrius,384,shaman,enhancement,6,4,2
Bioshocked,korgath,384,shaman,enhancement,6,4,2
Firetrucks,area-52,384,shaman,enhancement,6,4,2
Birkenshock,tichondrius,384,shaman,enhancement,6,4,2
Angrytotems,ragnaros,384,shaman,enhancement,6,4,2
Sorgal,area-52,384,shaman,enhancement,6,4,2
Utilitytotem,moon-guard,384,shaman,enhancement,6,4,2
Wools,frostmourne,384,shaman,enhancement,6,4,2
Thunderøus,stormrage,384,shaman,enhancement,6,4,2
Meramin,illidan,384,shaman,enhancement,6,4,2
Jènova,whisperwind,384,shaman,enhancement,6,4,2
Thegil,tichondrius,384,shaman,enhancement,6,4,2
Lukora,stonemaul,384,shaman,enhancement,6,4,2
Stormysteve,hyjal,384,shaman,enhancement,6,4,2
Drmn,frostmourne,384,shaman,enhancement,6,4,2
Eleshortal,azuremyst,384,shaman,enhancement,9,4,5
Tictactotem,lothar,384,shaman,enhancement,12,4,8
Bigstormz,fenris,384,shaman,enhancement,12,4,8
Kaalyssia,moon-guard,384,shaman,enhancement,12,4,8
Newele,thrall,384,shaman,enhancement,12,4,8
Kooj,frostmourne,384,shaman,enhancement,12,4,8
Ironloins,kelthuzad,384,shaman,enhancement,12,4,8
Emppege,tichondrius,384,shaman,enhancement,12,4,8
Smackzs,sargeras,384,shaman,enhancement,12,4,8
Globad,tichondrius,384,shaman,enhancement,12,4,8
Flamefüry,azralon,384,shaman,enhancement,12,4,8
Bloudabadee,emerald-dream,384,shaman,enhancement,12,4,8
Skizzymars,malganis,384,shaman,enhancement,12,4,8
Kryms,chogall,384,shaman,enhancement,12,4,8
Vertrág,malganis,384,shaman,enhancement,12,4,8
Enanomka,drakkari,384,shaman,enhancement,12,4,8
Merrìtt,area-52,384,shaman,enhancement,12,4,8
Kinnarlan,sargeras,384,shaman,enhancement,12,4,8
Nehrakgu,wyrmrest-accord,384,shaman,enhancement,12,4,8
Piril,moon-guard,384,shaman,enhancement,12,4,8
Wabfurrie,twisting-nether,384,shaman,enhancement,12,4,8
Omaboa,azgalor,384,shaman,enhancement,12,4,8
Gaurudon,zuljin,384,shaman,enhancement,12,4,8
Cariix,maelstrom,384,shaman,enhancement,12,4,8
Gangdan,emerald-dream,384,shaman,enhancement,12,4,8
Xoelement,borean-tundra,384,shaman,enhancement,18,4,14
Brenqt,nemesis,384,shaman,enhancement,18,4,14
Grimdil,quelthalas,384,shaman,enhancement,18,4,14
Jacniclstorm,frostmourne,383,shaman,enhancement,6,4,2
Rocktor,alleria,383,shaman,enhancement,6,4,2
Rhal,ragnaros,383,shaman,enhancement,6,4,2
Toeto,darrowmere,383,shaman,enhancement,6,4,2
Ipponhim,saurfang,383,shaman,enhancement,6,4,2
Ugaboogah,thrall,383,shaman,enhancement,6,4,2
Ghogann,bleeding-hollow,383,shaman,enhancement,6,4,2
Karisaatara,moon-guard,383,shaman,enhancement,6,4,2
Shamwickk,tichondrius,383,shaman,enhancement,12,4,8
Kurzee,kelthuzad,383,shaman,enhancement,12,4,8
Smolder,magtheridon,383,shaman,enhancement,12,4,8
Currentx,darkspear,383,shaman,enhancement,15,4,11
Drokán,ragnaros,383,shaman,enhancement,20,5,15
Shockedya,destromath,382,shaman,enhancement,12,4,8
Ikora,crushridge,381,shaman,enhancement,12,4,8
Notahealz,zuljin,367,shaman,enhancement,11,4,7
Kyness,area-52,364,shaman,enhancement,13,5,8
Jonfckingear,zuljin,351,shaman,enhancement,8,5,3
Pyanir,thrall,351,shaman,enhancement,11,4,7
Admetis,vashj,351,shaman,enhancement,17,4,13
Thorsén,ursin,335,shaman,enhancement,17,4,13
Jeaunoo,darkspear,330,shaman,enhancement,14,5,9
Ýup,tichondrius,320,shaman,enhancement,10,4,6
Lardaz,darkspear,319,shaman,enhancement,5,4,1
Habrith,proudmoore,319,shaman,enhancement,11,4,7
Xulangshammy,illidan,319,shaman,enhancement,11,4,7
Tempestsmash,tichondrius,304,shaman,enhancement,7,4,3
Bimbly,eitrigg,303,shaman,enhancement,13,4,9
Painfury,zuljin,288,shaman,enhancement,6,3,3
Gimpanzee,kiljaeden,288,shaman,enhancement,6,3,3
Dwarfmaro,sargeras,288,shaman,enhancement,6,3,3
Botu,malorne,288,shaman,enhancement,6,3,3
Xantíd,wyrmrest-accord,288,shaman,enhancement,6,3,3
Ban,blackrock,288,shaman,enhancement,6,3,3
Helapoon,area-52,288,shaman,enhancement,6,3,3
Bovinefony,blackrock,288,shaman,enhancement,6,3,3
Bottlez,sargeras,288,shaman,enhancement,6,3,3
Stormblast,stormrage,288,shaman,enhancement,6,3,3
Cars,jaedenar,288,shaman,enhancement,6,3,3
Drgreek,barthilas,288,shaman,enhancement,6,3,3
Emtflakes,darkspear,288,shaman,enhancement,6,3,3
Humper,korgath,288,shaman,enhancement,6,3,3
Failsy,darkspear,288,shaman,enhancement,6,3,3
Zapmavz,area-52,288,shaman,enhancement,6,3,3
Aruçar,drakkari,288,shaman,enhancement,6,3,3
Elefusion,sargeras,288,shaman,enhancement,6,3,3
Hvalleyranch,area-52,288,shaman,enhancement,6,3,3
Redpocket,zuluhed,288,shaman,enhancement,6,3,3
Gojiras,barthilas,288,shaman,enhancement,6,3,3
Antahanu,ragnaros,288,shaman,enhancement,6,3,3
Freshoranges,blood-furnace,288,shaman,enhancement,6,3,3
Hottesthands,barthilas,288,shaman,enhancement,6,3,3
Luxenor,kelthuzad,288,shaman,enhancement,6,3,3
Shamaro,malganis,288,shaman,enhancement,6,3,3
Haititnahtou,kaelthas,288,shaman,enhancement,6,3,3
Toyletpaper,mugthol,288,shaman,enhancement,6,3,3
Gumballin,sargeras,288,shaman,enhancement,6,3,3
Ëvëlyn,chogall,288,shaman,enhancement,6,3,3
Sleepysham,kelthuzad,288,shaman,enhancement,6,3,3
Zoma,elune,288,shaman,enhancement,6,3,3
Ulala,azshara,288,shaman,enhancement,6,3,3
Jibbajabber,laughing-skull,288,shaman,enhancement,6,3,3
Jazzyy,korgath,288,shaman,enhancement,6,3,3
Swifteyy,area-52,288,shaman,enhancement,6,3,3
Owiez,sargeras,288,shaman,enhancement,6,3,3
Slowdown,malganis,288,shaman,enhancement,6,3,3
Shammateur,malganis,288,shaman,enhancement,6,3,3
Vivean,kelthuzad,288,shaman,enhancement,6,3,3
Arckos,thrall,288,shaman,enhancement,6,3,3
Getwetand,quelthalas,288,shaman,enhancement,6,3,3
Shòckaholic,bleeding-hollow,288,shaman,enhancement,6,3,3
Puddlecakes,lightbringer,288,shaman,enhancement,6,3,3
Puffjin,zuljin,288,shaman,enhancement,6,3,3
Lennylemons,stormrage,288,shaman,enhancement,6,3,3
Kubisham,warsong,288,shaman,enhancement,6,3,3
Robot,illidan,288,shaman,enhancement,6,3,3
Tempestarii,ragnaros,288,shaman,enhancement,6,3,3
Xzxz,sargeras,288,shaman,enhancement,6,3,3
Thiccwater,frostmourne,288,shaman,enhancement,6,3,3
Totemtantrum,tichondrius,288,shaman,enhancement,6,3,3
Killercam,maiev,288,shaman,enhancement,6,3,3
Slowkeeper,azralon,288,shaman,enhancement,6,3,3
Subbyxd,tichondrius,288,shaman,enhancement,6,3,3
Tideqt,tichondrius,288,shaman,enhancement,6,3,3
Scrib,dawnbringer,288,shaman,enhancement,6,3,3
Mundi,madoran,288,shaman,enhancement,6,3,3
Zeroshears,tichondrius,288,shaman,enhancement,6,3,3
Glexhex,tichondrius,288,shaman,enhancement,6,3,3
Akwar,greymane,288,shaman,enhancement,6,3,3
Khaylaa,tichondrius,288,shaman,enhancement,6,3,3
Dogcompany,tichondrius,288,shaman,enhancement,6,3,3
Gorszu,proudmoore,288,shaman,enhancement,6,3,3
Smeeza,frostmourne,288,shaman,enhancement,6,3,3
Jaftter,quelthalas,288,shaman,enhancement,9,4,5
Putinsdad,tichondrius,288,shaman,enhancement,10,4,6
Regeneration,darkspear,288,shaman,enhancement,12,3,9
Çatastrophe,dalaran,288,shaman,enhancement,12,3,9
Thunderblood,nerzhul,288,shaman,enhancement,12,3,9
Fishmoley,zuljin,288,shaman,enhancement,12,3,9
Drekkhal,area-52,288,shaman,enhancement,12,3,9
Silverwolf,eredar,288,shaman,enhancement,12,3,9
Malsturm,stormrage,288,shaman,enhancement,12,3,9
Khazy,skullcrusher,288,shaman,enhancement,12,3,9
Immunize,tichondrius,288,shaman,enhancement,12,3,9
Hammaam,illidan,288,shaman,enhancement,12,3,9
Gudac,tichondrius,288,shaman,enhancement,12,3,9
Faelzão,nemesis,288,shaman,enhancement,12,3,9
Bobbymooshay,area-52,288,shaman,enhancement,12,3,9
Jajxshammy,rivendare,288,shaman,enhancement,12,3,9
Smeagðl,tichondrius,288,shaman,enhancement,12,3,9
Xrag,sargeras,288,shaman,enhancement,12,3,9
Jhivone,tichondrius,288,shaman,enhancement,12,3,9
Ihatehealing,frostwolf,288,shaman,enhancement,12,3,9
Drgiggleheim,tichondrius,288,shaman,enhancement,12,3,9
Yaazz,frostmourne,288,shaman,enhancement,12,3,9
Jireñ,area-52,288,shaman,enhancement,12,3,9
Melåån,jubeithos,288,shaman,enhancement,12,3,9
Azão,stormrage,288,shaman,enhancement,12,3,9
Shocksqt,malganis,288,shaman,enhancement,12,3,9
Shockfreak,stormrage,288,shaman,enhancement,12,3,9
Xaryu,shuhalo,287,shaman,enhancement,12,3,9
Dnttazemebro,area-52,286,shaman,enhancement,6,3,3
Nargen,tichondrius,271,shaman,enhancement,11,3,8
Engorgdshock,tichondrius,255,shaman,enhancement,8,4,4
Lagamental,frostmourne,240,shaman,enhancement,9,3,6
ßodycount,area-52,240,shaman,enhancement,9,3,6
Caobuloso,azralon,239,shaman,enhancement,5,3,2
Deeznuts,the-forgotten-coast,239,shaman,enhancement,5,3,2
Sølbi,tichondrius,239,shaman,enhancement,5,3,2
Smooths,bloodscalp,234,shaman,enhancement,19,5,14
Forge,maelstrom,223,shaman,enhancement,8,3,5
Kayadee,stormrage,192,shaman,enhancement,9,3,6
Quequin,quelthalas,192,shaman,enhancement,6,2,4
Gunai,malganis,192,shaman,enhancement,6,2,4
Badjujubruh,thrall,192,shaman,enhancement,6,2,4
Schnellhund,tichondrius,192,shaman,enhancement,6,2,4
Olboy,thrall,192,shaman,enhancement,6,2,4
Detair,malganis,192,shaman,enhancement,6,2,4
Víì,tichondrius,192,shaman,enhancement,6,2,4
Ceedlamb,kelthuzad,192,shaman,enhancement,6,2,4
Durogh,darkspear,192,shaman,enhancement,6,2,4
Skyten,quelthalas,192,shaman,enhancement,6,2,4
Totemzie,illidan,192,shaman,enhancement,6,2,4
Jbahr,hyjal,192,shaman,enhancement,6,2,4
Insanelol,tichondrius,192,shaman,enhancement,6,2,4
Milkmeforhp,frostmourne,192,shaman,enhancement,6,2,4
Freesolo,barthilas,192,shaman,enhancement,6,2,4
Vjeze,frostmourne,192,shaman,enhancement,6,2,4
Jashiik,tichondrius,192,shaman,enhancement,6,2,4
Ectomee,tichondrius,192,shaman,enhancement,6,2,4
Rayjamalblk,tichondrius,192,shaman,enhancement,6,2,4
Shamnick,malganis,192,shaman,enhancement,6,2,4
Ioiotete,tichondrius,192,shaman,enhancement,6,2,4
Jammylol,frostmourne,192,shaman,enhancement,6,2,4
Elecpod,frostmourne,192,shaman,enhancement,6,2,4
Valcannos,area-52,192,shaman,enhancement,6,2,4
Huiracøcha,quelthalas,192,shaman,enhancement,6,2,4
Amzurs,area-52,192,shaman,enhancement,6,2,4
Electrica,quelthalas,192,shaman,enhancement,6,2,4
Bitxxnumber,tichondrius,192,shaman,enhancement,6,2,4
Bootsix,area-52,192,shaman,enhancement,6,2,4
Moisttaco,azshara,192,shaman,enhancement,6,2,4
Twistër,illidan,192,shaman,enhancement,6,2,4
Raidjin,tichondrius,192,shaman,enhancement,6,2,4
Khuufu,fizzcrank,192,shaman,enhancement,6,2,4
Dadajuju,azralon,192,shaman,enhancement,6,2,4
Friedshammy,frostmourne,192,shaman,enhancement,6,2,4
Loused,wyrmrest-accord,192,shaman,enhancement,6,2,4
Whameradetu,suramar,192,shaman,enhancement,6,2,4
Szael,durotan,192,shaman,enhancement,6,2,4
Jahahahamon,arthas,192,shaman,enhancement,6,2,4
Vywolf,frostmourne,192,shaman,enhancement,6,2,4
Boj,magtheridon,192,shaman,enhancement,6,2,4
Eraali,stormrage,192,shaman,enhancement,6,2,4
Blooddtears,stormrage,192,shaman,enhancement,6,2,4
Contraponto,azralon,192,shaman,enhancement,6,2,4
Sparklebunny,dark-iron,192,shaman,enhancement,6,2,4
Thünderstrük,tichondrius,192,shaman,enhancement,6,2,4
Bullcowsby,darkspear,192,shaman,enhancement,6,2,4
Jamsham,tichondrius,192,shaman,enhancement,6,2,4
Buttermelk,bleeding-hollow,192,shaman,enhancement,6,2,4
Afri,tichondrius,192,shaman,enhancement,6,2,4
Unhapintadaa,azralon,192,shaman,enhancement,6,2,4
Galarix,nerzhul,192,shaman,enhancement,6,2,4
Shamtopus,anubarak,192,shaman,enhancement,6,2,4
Ârcanjo,azralon,192,shaman,enhancement,6,2,4
Sluggox,bleeding-hollow,192,shaman,enhancement,6,2,4
Jasonnworb,tichondrius,192,shaman,enhancement,6,2,4
Hothandxo,illidan,192,shaman,enhancement,6,2,4
Kermut,frostmourne,192,shaman,enhancement,6,2,4
Pissticles,bleeding-hollow,192,shaman,enhancement,6,2,4
Zeldrys,emerald-dream,192,shaman,enhancement,6,2,4
Scarshamxn,frostmourne,192,shaman,enhancement,6,2,4
Wìzz,zuljin,192,shaman,enhancement,6,2,4
Bearmanshrek,tichondrius,192,shaman,enhancement,6,2,4
Stormfronts,kelthuzad,192,shaman,enhancement,6,2,4
Fatluma,zuljin,192,shaman,enhancement,6,2,4
Stallos,zuljin,192,shaman,enhancement,6,2,4
Pandancement,thrall,192,shaman,enhancement,6,2,4
Totemrecalld,zuljin,192,shaman,enhancement,6,2,4
Rinjio,zuljin,192,shaman,enhancement,6,2,4
Møostrom,thrall,192,shaman,enhancement,6,2,4
ßeesy,emerald-dream,192,shaman,enhancement,6,2,4
Kumer,tichondrius,192,shaman,enhancement,6,2,4
Vitaminc,garona,192,shaman,enhancement,6,2,4
Killamanjaro,alterac-mountains,192,shaman,enhancement,6,2,4
Meatyball,tichondrius,192,shaman,enhancement,6,2,4
Netflixnfeet,moonrunner,192,shaman,enhancement,6,2,4
Daiablo,barthilas,192,shaman,enhancement,6,2,4
Pericazo,sargeras,192,shaman,enhancement,6,2,4
Texaspumper,sargeras,192,shaman,enhancement,6,2,4
Ageegee,sargeras,192,shaman,enhancement,6,2,4
Virô,sargeras,192,shaman,enhancement,6,2,4
Ôprawindfury,mugthol,192,shaman,enhancement,6,2,4
Thrallzballz,firetree,192,shaman,enhancement,6,2,4
Spoke,emerald-dream,192,shaman,enhancement,6,2,4
Soapmactavis,sargeras,192,shaman,enhancement,6,2,4
Brofessor,frostwolf,192,shaman,enhancement,6,2,4
Mishalla,tichondrius,192,shaman,enhancement,6,2,4
Shamflu,tichondrius,192,shaman,enhancement,6,2,4
Shamanakin,emerald-dream,192,shaman,enhancement,6,2,4
Zenitsue,sargeras,192,shaman,enhancement,6,2,4
Uwitduhfeds,moon-guard,192,shaman,enhancement,6,2,4
Dennwoop,sargeras,192,shaman,enhancement,6,2,4
Shaminja,kiljaeden,192,shaman,enhancement,6,2,4
Hèllzpyro,sargeras,192,shaman,enhancement,6,2,4
Tigolbittie,sargeras,192,shaman,enhancement,6,2,4
Saltt,proudmoore,192,shaman,enhancement,6,2,4
Slugstout,moon-guard,192,shaman,enhancement,6,2,4
Shamutari,sargeras,192,shaman,enhancement,6,2,4
Girthquake,agamaggan,192,shaman,enhancement,6,2,4
Nawoma,quelthalas,192,shaman,enhancement,8,2,6
Rhazer,cenarion-circle,192,shaman,enhancement,12,2,10
Legendmatic,illidan,192,shaman,enhancement,12,2,10
Manemon,quelthalas,192,shaman,enhancement,12,2,10
Gusgusgus,laughing-skull,192,shaman,enhancement,12,2,10
Chontu,area-52,192,shaman,enhancement,12,2,10
Yudo,stormrage,192,shaman,enhancement,12,2,10
Stylebend,area-52,192,shaman,enhancement,12,2,10
Zuljiba,illidan,192,shaman,enhancement,12,2,10
Calmconflict,daggerspine,191,shaman,enhancement,6,2,4
Dahmerjr,area-52,191,shaman,enhancement,6,2,4
Ophine,illidan,191,shaman,enhancement,6,2,4
Nuggitz,tichondrius,159,shaman,enhancement,5,2,3
Healingtime,nerzhul,159,shaman,enhancement,5,2,3
Dønßlack,thunderhorn,159,shaman,enhancement,5,2,3
Skuffedx,spirestone,159,shaman,enhancement,5,2,3
Shamto,zuljin,144,shaman,enhancement,3,3,0
Badgeshock,area-52,128,shaman,enhancement,4,2,2
Grogakk,moon-guard,128,shaman,enhancement,4,2,2
Bogz,korgath,128,shaman,enhancement,4,2,2
Flashyjoe,tichondrius,128,shaman,enhancement,4,2,2
Ludacrìtz,stormrage,112,shaman,enhancement,7,2,5
Tsuchekk,tichondrius,111,shaman,enhancement,5,3,2
Beogar,moon-guard,96,shaman,enhancement,3,2,1
Bigbb,tichondrius,96,shaman,enhancement,3,2,1
Feels,arthas,96,shaman,enhancement,10,2,8
Shamcakes,kilrogg,96,shaman,enhancement,17,3,14
Spaceghost,illidan,96,shaman,enhancement,6,1,5
Tetonka,tichondrius,96,shaman,enhancement,6,1,5
Udÿr,drakkari,96,shaman,enhancement,6,1,5
Weatherboy,dalaran,96,shaman,enhancement,6,1,5
Acéz,korgath,96,shaman,enhancement,6,1,5
Uttertrash,illidan,96,shaman,enhancement,6,1,5
Trøuble,deathwing,96,shaman,enhancement,6,1,5
Aezst,illidan,96,shaman,enhancement,6,1,5
Kàrlx,tichondrius,96,shaman,enhancement,6,1,5
Blackjackxx,frostmourne,96,shaman,enhancement,6,1,5
Juvîa,emerald-dream,96,shaman,enhancement,6,1,5
Saesenthesis,barthilas,96,shaman,enhancement,6,1,5
Totemtîme,frostmourne,96,shaman,enhancement,6,1,5
Trouvaille,tichondrius,96,shaman,enhancement,6,1,5
Aiggiggigne,sargeras,96,shaman,enhancement,6,1,5
Toyotatron,tichondrius,96,shaman,enhancement,6,1,5
Shamofshame,garrosh,96,shaman,enhancement,6,1,5
Muyg,staghelm,96,shaman,enhancement,6,1,5
Littz,malganis,96,shaman,enhancement,6,1,5
Fourever,ragnaros,96,shaman,enhancement,6,1,5
Feuerbart,dalaran,96,shaman,enhancement,6,1,5
Axshaman,darkspear,96,shaman,enhancement,6,1,5
Pileef,thrall,96,shaman,enhancement,6,1,5
Kinjin,dragonmaw,96,shaman,enhancement,6,1,5
Paramecium,sargeras,96,shaman,enhancement,6,1,5
Hangellyca,azralon,96,shaman,enhancement,6,1,5
Shockd,icecrown,96,shaman,enhancement,6,1,5
Wangbangjr,mugthol,96,shaman,enhancement,6,1,5
Bunnyele,tichondrius,96,shaman,enhancement,6,1,5
Sureofname,frostmourne,96,shaman,enhancement,6,1,5
Alferian,moon-guard,96,shaman,enhancement,6,1,5
Frostyshock,hellscream,96,shaman,enhancement,6,1,5
Zapsquidzap,illidan,96,shaman,enhancement,6,1,5
Findorn,stormreaver,96,shaman,enhancement,6,1,5
Aerôv,area-52,96,shaman,enhancement,6,1,5
Youliuhua,tichondrius,96,shaman,enhancement,6,1,5
Kranif,tichondrius,96,shaman,enhancement,6,1,5
Volaarn,area-52,96,shaman,enhancement,6,1,5
Mugiwärä,area-52,96,shaman,enhancement,6,1,5
Karmar,proudmoore,96,shaman,enhancement,6,1,5
Tictactotum,hyjal,96,shaman,enhancement,6,1,5
Firefíst,area-52,96,shaman,enhancement,6,1,5
Tritun,proudmoore,96,shaman,enhancement,6,1,5
Sandmanatee,crushridge,96,shaman,enhancement,6,1,5
Sweettooth,area-52,96,shaman,enhancement,6,1,5
Zoeyzour,illidan,96,shaman,enhancement,6,1,5
Ulfgarn,stormrage,96,shaman,enhancement,6,1,5
Chopmynuts,illidan,96,shaman,enhancement,6,1,5
Geladoo,gallywix,96,shaman,enhancement,6,1,5
Adosistoxic,zuljin,96,shaman,enhancement,6,1,5
Ohtoro,zuljin,96,shaman,enhancement,6,1,5
Baelgoth,moon-guard,96,shaman,enhancement,6,1,5
Beazel,moon-guard,96,shaman,enhancement,6,1,5
Yungmeaty,tichondrius,96,shaman,enhancement,7,1,6
Threehandz,bleeding-hollow,96,shaman,enhancement,8,1,7
Immutef,tichondrius,96,shaman,enhancement,12,1,11
Thallor,stormrage,96,shaman,enhancement,12,1,11
Smokeymcpots,khazgoroth,95,shaman,enhancement,6,1,5
Baktolumby,tichondrius,79,shaman,enhancement,5,1,4
Dilldoughnut,sargeras,79,shaman,enhancement,5,1,4
Stórmfuryz,tichondrius,64,shaman,enhancement,4,1,3
Oakshield,darkspear,64,shaman,enhancement,4,1,3
Shablam,daggerspine,64,shaman,enhancement,10,1,9
Njórd,sargeras,63,shaman,enhancement,2,2,0
Bluberi,nazjatar,48,shaman,enhancement,3,1,2
Ekatonkiro,ragnaros,48,shaman,enhancement,3,1,2
Totemlord,lightnings-blade,31,shaman,enhancement,2,1,1
Streetacus,tichondrius,31,shaman,enhancement,2,1,1
Stumpyjoe,terokkar,16,shaman,enhancement,7,1,6
Wildimp,aerie-peak,2323,warlock,demonology,108,66,42
Btsfangirl,moon-guard,2267,warlock,demonology,110,63,47
Xygg,tichondrius,2256,warlock,demonology,78,48,30
Wildimpx,sargeras,2254,warlock,demonology,172,92,80
Miredö,tichondrius,2223,warlock,demonology,78,45,33
Wzxx,tichondrius,2222,warlock,demonology,84,46,38
Babyaga,illidan,2201,warlock,demonology,84,47,37
Beyourselff,tichondrius,2195,warlock,demonology,151,80,71
Mixtape,stormrage,2178,warlock,demonology,77,47,30
Mlx,proudmoore,2176,warlock,demonology,149,81,68
Bahamas,bleeding-hollow,2166,warlock,demonology,78,46,32
Jojofann,nemesis,2165,warlock,demonology,53,37,16
Evildeath,tichondrius,2154,warlock,demonology,78,44,34
Bronzerl,tichondrius,2149,warlock,demonology,51,32,19
Gentleq,tichondrius,2149,warlock,demonology,99,53,46
Gianni,chogall,2149,warlock,demonology,107,57,50
Kaossqt,azralon,2144,warlock,demonology,114,62,52
Abrocket,alleria,2143,warlock,demonology,72,45,27
Erock,korgath,2138,warlock,demonology,60,47,13
Wesyane,anetheron,2138,warlock,demonology,136,72,64
Ediya,tichondrius,2130,warlock,demonology,148,75,73
Xadge,tichondrius,2128,warlock,demonology,79,43,36
Fishorz,tichondrius,2128,warlock,demonology,89,47,42
Cidkagenou,sargeras,2127,warlock,demonology,45,34,11
Harambê,sargeras,2127,warlock,demonology,36,27,9
Lemmefear,illidan,2127,warlock,demonology,47,32,15
Bigdaddylol,ragnaros,2120,warlock,demonology,83,45,38
Maadhum,illidan,2116,warlock,demonology,92,50,42
Zuelu,tichondrius,2116,warlock,demonology,163,88,75
Fatass,cairne,2114,warlock,demonology,66,38,28
Awdam,tichondrius,2114,warlock,demonology,96,50,46
Ensebado,azralon,2111,warlock,demonology,140,78,62
Falco,azshara,2110,warlock,demonology,66,38,28
Synkz,blood-furnace,2110,warlock,demonology,72,38,34
Cosmosxx,illidan,2110,warlock,demonology,112,58,54
Lilballz,tichondrius,2107,warlock,demonology,53,31,22
Ogchaos,tichondrius,2107,warlock,demonology,78,45,33
Erlandesher,tichondrius,2107,warlock,demonology,149,75,74
Tessarath,area-52,2106,warlock,demonology,59,38,21
Boltqt,tichondrius,2103,warlock,demonology,60,36,24
Spicyfingers,illidan,2103,warlock,demonology,78,44,34
Unhòólylck,ragnaros,2082,warlock,demonology,105,56,49
Debao,malganis,2048,warlock,demonology,96,47,49
Persistencss,tichondrius,2047,warlock,demonology,48,29,19
Oymmander,illidan,2046,warlock,demonology,56,37,19
Broccoleh,area-52,2033,warlock,demonology,59,36,23
Etuskaa,tichondrius,2032,warlock,demonology,167,83,84
Toiletghost,tichondrius,2030,warlock,demonology,68,44,24
Eazyw,stormrage,2024,warlock,demonology,95,47,48
Vexxes,malganis,2018,warlock,demonology,192,100,92
Megamindx,tichondrius,2015,warlock,demonology,36,27,9
Iselltacos,dalaran,2015,warlock,demonology,43,29,14
Shinyballz,tichondrius,2010,warlock,demonology,59,34,25
Cosmosxi,illidan,2008,warlock,demonology,91,50,41
Sslock,sargeras,2008,warlock,demonology,71,37,34
Ziffy,emerald-dream,2008,warlock,demonology,66,34,32
Nocrackrocks,stormrage,2007,warlock,demonology,117,66,51
Atheô,ragnaros,2004,warlock,demonology,106,57,49
Elbrujon,sargeras,2002,warlock,demonology,107,55,52
Ztlivid,area-52,2000,warlock,demonology,175,91,84
Awangdemon,tichondrius,1997,warlock,demonology,54,27,27
Littlerod,tichondrius,1996,warlock,demonology,72,41,31
Coèrce,tichondrius,1989,warlock,demonology,47,32,15
Kymochaos,sargeras,1983,warlock,demonology,41,21,20
Teivlol,mugthol,1980,warlock,demonology,96,51,45
Extreme,blackwing-lair,1978,warlock,demonology,78,53,25
Aoepump,tichondrius,1973,warlock,demonology,66,35,31
Hrrpeuh,zuljin,1970,warlock,demonology,42,24,18
Procalypse,stormrage,1966,warlock,demonology,54,32,22
Patoquenn,azralon,1966,warlock,demonology,54,32,22
Ofc,malganis,1961,warlock,demonology,48,29,19
Voidbb,tichondrius,1957,warlock,demonology,53,30,23
Snuufels,area-52,1950,warlock,demonology,60,37,23
Chanigay,tichondrius,1950,warlock,demonology,53,30,23
Ketahole,warsong,1949,warlock,demonology,99,50,49
Ihaveapowers,maiev,1944,warlock,demonology,120,60,60
Rôsé,tichondrius,1942,warlock,demonology,94,55,39
Naughtybolts,sargeras,1941,warlock,demonology,80,46,34
Iordozzy,malganis,1940,warlock,demonology,48,36,12
Amazingamez,sargeras,1940,warlock,demonology,137,66,71
Baka,moon-guard,1937,warlock,demonology,54,29,25
Bleachkk,tichondrius,1936,warlock,demonology,77,48,29
Precogfear,tichondrius,1936,warlock,demonology,78,39,39
Stopdot,lightnings-blade,1934,warlock,demonology,76,38,38
Paygo,tichondrius,1930,warlock,demonology,57,32,25
Bwonsamdijin,tichondrius,1926,warlock,demonology,107,51,56
Shadowmoonon,tichondrius,1921,warlock,demonology,43,21,22
Bronzel,tichondrius,1920,warlock,demonology,48,30,18
Invalid,frostmourne,1914,warlock,demonology,36,25,11
Ceeloftw,tichondrius,1914,warlock,demonology,113,60,53
Ökïlôck,proudmoore,1912,warlock,demonology,48,27,21
Lilgigs,stormrage,1909,warlock,demonology,60,30,30
Zjxy,tichondrius,1908,warlock,demonology,30,20,10
Inmøtion,tichondrius,1906,warlock,demonology,60,33,27
Sofan,dalaran,1905,warlock,demonology,58,33,25
Dyenamik,stormrage,1904,warlock,demonology,30,24,6
Lockedinn,mannoroth,1904,warlock,demonology,91,54,37
Daerde,malganis,1900,warlock,demonology,47,27,20
Siphoned,darkspear,1900,warlock,demonology,53,27,26
Deadlpoo,stormscale,1899,warlock,demonology,81,41,40
Xiyangpvp,tichondrius,1898,warlock,demonology,54,31,23
Lemmepvponu,illidan,1896,warlock,demonology,48,30,18
Alisa,moon-guard,1896,warlock,demonology,60,28,32
Lrry,dalaran,1893,warlock,demonology,144,84,60
Gamecover,azralon,1889,warlock,demonology,116,69,47
Rakshama,chogall,1885,warlock,demonology,42,25,17
Percadu,barthilas,1885,warlock,demonology,97,50,47
Aramith,tichondrius,1884,warlock,demonology,82,43,39
Mongobros,illidan,1881,warlock,demonology,54,33,21
Petattack,nerzhul,1878,warlock,demonology,125,60,65
Kimchiblast,tichondrius,1876,warlock,demonology,48,28,20
Demondisco,tichondrius,1873,warlock,demonology,95,45,50
Zydiva,sargeras,1872,warlock,demonology,118,62,56
Sàill,tichondrius,1871,warlock,demonology,35,22,13
Dotman,tichondrius,1871,warlock,demonology,60,32,28
Lockiator,moon-guard,1870,warlock,demonology,71,35,36
Dowal,whisperwind,1866,warlock,demonology,60,31,29
Arckádia,stormrage,1863,warlock,demonology,54,27,27
Thranlock,area-52,1860,warlock,demonology,156,77,79
ßøßßÿßøûçhêr,tichondrius,1859,warlock,demonology,48,32,16
Ministàff,ursin,1857,warlock,demonology,60,32,28
Mhael,lightninghoof,1856,warlock,demonology,54,32,22
Playßøy,area-52,1856,warlock,demonology,42,24,18
Playtoy,moon-guard,1856,warlock,demonology,154,78,76
Atheø,ragnaros,1854,warlock,demonology,42,23,19
Bigfatballz,tichondrius,1852,warlock,demonology,52,32,20
Lcomi,tichondrius,1850,warlock,demonology,42,26,16
Demyo,tichondrius,1849,warlock,demonology,38,21,17
Díablo,bleeding-hollow,1848,warlock,demonology,53,36,17
Redfish,tichondrius,1847,warlock,demonology,34,20,14
Buymymixtåpe,ursin,1846,warlock,demonology,57,34,23
Xitokaiba,tichondrius,1844,warlock,demonology,67,46,21
Phóbòs,tichondrius,1843,warlock,demonology,54,40,14
Feldren,wyrmrest-accord,1843,warlock,demonology,85,50,35
Metic,firetree,1842,warlock,demonology,48,33,15
Kerrigan,the-venture-co,1842,warlock,demonology,66,38,28
Darkzell,azralon,1841,warlock,demonology,48,30,18
Dlhmlock,tichondrius,1840,warlock,demonology,41,25,16
Juleno,quelthalas,1837,warlock,demonology,57,31,26
Alndron,thrall,1837,warlock,demonology,78,38,40
Ccona,tichondrius,1835,warlock,demonology,42,23,19
Speakeasy,malygos,1835,warlock,demonology,58,29,29
Beatinu,draenor,1834,warlock,demonology,54,32,22
Domenic,sentinels,1833,warlock,demonology,58,32,26
Bbangtimo,tichondrius,1833,warlock,demonology,77,40,37
Åmön,zuljin,1832,warlock,demonology,66,32,34
Drakatattwo,tichondrius,1831,warlock,demonology,42,23,19
Bic,thrall,1828,warlock,demonology,66,45,21
Lowrcase,zuljin,1828,warlock,demonology,42,24,18
Xoboroz,moon-guard,1827,warlock,demonology,60,29,31
Maral,kelthuzad,1826,warlock,demonology,57,32,25
Cendit,malganis,1825,warlock,demonology,54,34,20
Jerclard,proudmoore,1825,warlock,demonology,90,51,39
Castingfear,barthilas,1825,warlock,demonology,48,27,21
Tazlock,blackrock,1825,warlock,demonology,64,32,32
Greasymario,area-52,1824,warlock,demonology,60,42,18
Malatharr,quelthalas,1824,warlock,demonology,52,34,18
Axelrodx,tichondrius,1824,warlock,demonology,54,35,19
Idoovoodoo,burning-legion,1820,warlock,demonology,36,23,13
Sharaßha,moon-guard,1820,warlock,demonology,69,41,28
Búmchúm,frostmourne,1818,warlock,demonology,60,38,22
Dëvïl,ragnaros,1818,warlock,demonology,92,58,34
Dapete,malorne,1818,warlock,demonology,53,30,23
Lockedlock,nemesis,1818,warlock,demonology,48,27,21
Villaìn,moon-guard,1818,warlock,demonology,117,55,62
Arcinian,kelthuzad,1817,warlock,demonology,66,39,27
Wls,frostmourne,1817,warlock,demonology,89,50,39
Hellbraive,queldorei,1817,warlock,demonology,54,30,24
Overlard,illidan,1816,warlock,demonology,42,24,18
Huajianmanwu,tichondrius,1816,warlock,demonology,262,133,129
Gigabiga,area-52,1815,warlock,demonology,36,23,13
Larixpotanin,tichondrius,1815,warlock,demonology,96,54,42
Klol,proudmoore,1815,warlock,demonology,48,23,25
Avery,mannoroth,1814,warlock,demonology,36,19,17
Fearmebro,bleeding-hollow,1813,warlock,demonology,114,75,39
Richards,thrall,1812,warlock,demonology,42,32,10
Ltr,moon-guard,1811,warlock,demonology,30,22,8
Kronii,jubeithos,1811,warlock,demonology,35,25,10
Voidxo,tichondrius,1811,warlock,demonology,36,22,14
Hitwarlock,tichondrius,1811,warlock,demonology,54,28,26
Deboltzaru,ragnaros,1810,warlock,demonology,36,20,16
Errogant,area-52,1810,warlock,demonology,60,30,30
Nüts,blackrock,1810,warlock,demonology,50,23,27
Beckypls,zuljin,1809,warlock,demonology,36,27,9
Mcjoy,akama,1809,warlock,demonology,145,91,54
Dounutlock,area-52,1809,warlock,demonology,54,33,21
Saevitar,area-52,1809,warlock,demonology,45,24,21
Zzooxxqt,area-52,1809,warlock,demonology,48,25,23
Hadoukën,hyjal,1809,warlock,demonology,108,56,52
Chilipeppa,wyrmrest-accord,1808,warlock,demonology,60,34,26
Keylloggz,sargeras,1808,warlock,demonology,120,63,57
Mälwaré,tichondrius,1808,warlock,demonology,58,29,29
Chaosthekid,malganis,1807,warlock,demonology,40,25,15
Reneqtxo,jubeithos,1806,warlock,demonology,30,19,11
Evelyne,tichondrius,1805,warlock,demonology,30,19,11
Xacayth,ragnaros,1804,warlock,demonology,80,47,33
Cappadonna,azralon,1804,warlock,demonology,118,69,49
Rakudemon,ragnaros,1804,warlock,demonology,147,77,70
Scatach,area-52,1804,warlock,demonology,48,25,23
Darkborkain,tichondrius,1803,warlock,demonology,30,19,11
Mbhlol,illidan,1803,warlock,demonology,42,23,19
Lockeslock,sargeras,1801,warlock,demonology,118,62,56
Thelockzx,azralon,1801,warlock,demonology,60,28,32
Magë,ursin,1801,warlock,demonology,108,49,59
Spreadlove,emerald-dream,1798,warlock,demonology,186,99,87
Raegon,kiljaeden,1797,warlock,demonology,44,25,19
Tarth,sargeras,1797,warlock,demonology,102,51,51
Tiná,tichondrius,1796,warlock,demonology,51,27,24
Overclocked,destromath,1795,warlock,demonology,30,21,9
Hugebolt,tichondrius,1793,warlock,demonology,48,28,20
Jaganshi,tichondrius,1791,warlock,demonology,52,29,23
Flocka,agamaggan,1787,warlock,demonology,48,37,11
Babydots,stormreaver,1786,warlock,demonology,136,67,69
Wearelegionx,frostmourne,1784,warlock,demonology,48,30,18
Ashlëen,ragnaros,1781,warlock,demonology,78,43,35
Amgs,frostmourne,1773,warlock,demonology,54,38,16
Qp,thrall,1771,warlock,demonology,38,28,10
Abomasnow,frostmourne,1768,warlock,demonology,61,29,32
Krumlax,thrall,1762,warlock,demonology,48,35,13
Döremi,tichondrius,1760,warlock,demonology,35,21,14
Qwêrty,ursin,1759,warlock,demonology,35,25,10
Tinkerfell,sargeras,1757,warlock,demonology,60,28,32
Aidadeshu,tichondrius,1750,warlock,demonology,72,33,39
Zörkô,zuljin,1747,warlock,demonology,108,51,57
Scarysherri,aggramar,1746,warlock,demonology,48,31,17
ßállin,illidan,1745,warlock,demonology,35,22,13
Salaszar,illidan,1745,warlock,demonology,42,26,16
Eastwitch,ragnaros,1743,warlock,demonology,120,55,65
Mcpickls,illidan,1740,warlock,demonology,48,26,22
Michae,tichondrius,1740,warlock,demonology,48,25,23
Arityy,tichondrius,1738,warlock,demonology,33,23,10
Missalice,nesingwary,1738,warlock,demonology,42,23,19
Dreadlõck,malganis,1737,warlock,demonology,78,39,39
Saeph,burning-legion,1731,warlock,demonology,72,41,31
Ðëâthløck,tichondrius,1729,warlock,demonology,47,25,22
Fearedu,thunderhorn,1726,warlock,demonology,131,66,65
Lemmewin,illidan,1724,warlock,demonology,24,18,6
Newmanz,nerzhul,1724,warlock,demonology,30,18,12
Eriebos,area-52,1724,warlock,demonology,60,35,25
Canobio,tichondrius,1723,warlock,demonology,35,26,9
Skullsoul,arthas,1721,warlock,demonology,76,43,33
Devilman,darkspear,1720,warlock,demonology,129,64,65
Muchas,area-52,1717,warlock,demonology,30,18,12
Fadedemon,area-52,1716,warlock,demonology,42,32,10
Doomdm,zuljin,1710,warlock,demonology,30,18,12
Jyhoona,chromaggus,1709,warlock,demonology,425,216,209
Dätura,tichondrius,1708,warlock,demonology,32,21,11
Sasaology,frostmourne,1706,warlock,demonology,78,41,37
Milkybøng,area-52,1705,warlock,demonology,99,61,38
Gengar,dalaran,1704,warlock,demonology,155,78,77
Shooterg,tichondrius,1704,warlock,demonology,66,32,34
Dìablo,area-52,1702,warlock,demonology,78,43,35
Quetzâlcoâtl,sargeras,1700,warlock,demonology,29,20,9
Cinderwhip,moon-guard,1700,warlock,demonology,213,106,107
Nethron,the-venture-co,1700,warlock,demonology,72,35,37
Zver,drakkari,1698,warlock,demonology,90,49,41
Ourlegacy,tichondrius,1695,warlock,demonology,40,24,16
Fksm,tichondrius,1692,warlock,demonology,36,20,16
Stopdottroll,zuljin,1690,warlock,demonology,30,18,12
Hulkyy,illidan,1690,warlock,demonology,95,55,40
Metrow,area-52,1688,warlock,demonology,30,18,12
Houdneeznuts,tichondrius,1688,warlock,demonology,150,81,69
Melisândre,kiljaeden,1687,warlock,demonology,47,23,24
Leeka,tichondrius,1687,warlock,demonology,48,23,25
Gørb,wyrmrest-accord,1686,warlock,demonology,48,30,18
Notomorrow,tichondrius,1686,warlock,demonology,146,87,59
Dogegg,tichondrius,1685,warlock,demonology,66,28,38
Ciprýan,azralon,1684,warlock,demonology,82,37,45
Exofilth,thrall,1676,warlock,demonology,86,52,34
Døtyou,area-52,1676,warlock,demonology,35,18,17
Juswannarock,tichondrius,1676,warlock,demonology,51,25,26
Spicyfingerx,illidan,1673,warlock,demonology,36,22,14
Narmazulnn,area-52,1673,warlock,demonology,53,31,22
Wrathh,stormscale,1669,warlock,demonology,45,20,25
Gløcked,area-52,1666,warlock,demonology,48,26,22
Altairo,illidan,1666,warlock,demonology,82,42,40
Doties,bleeding-hollow,1663,warlock,demonology,42,23,19
Aroug,aggramar,1663,warlock,demonology,96,47,49
Mcpickl,illidan,1662,warlock,demonology,54,25,29
Edzeá,frostmourne,1656,warlock,demonology,48,24,24
Archibalding,area-52,1654,warlock,demonology,66,38,28
Rathul,bonechewer,1654,warlock,demonology,61,30,31
Fears,norgannon,1653,warlock,demonology,30,20,10
Vcain,stormrage,1652,warlock,demonology,66,31,35
Gimmeprecog,tichondrius,1651,warlock,demonology,30,21,9
Gihaewon,tichondrius,1650,warlock,demonology,30,20,10
Bosongo,boulderfist,1648,warlock,demonology,52,31,21
Dlchem,tichondrius,1644,warlock,demonology,76,40,36
Phogy,bleeding-hollow,1644,warlock,demonology,71,35,36
Invisibles,barthilas,1642,warlock,demonology,35,20,15
Juxsr,nerzhul,1642,warlock,demonology,42,22,20
Skanckqt,malganis,1638,warlock,demonology,59,31,28
Gromy,lightnings-blade,1637,warlock,demonology,107,67,40
Suzüki,tichondrius,1635,warlock,demonology,36,19,17
Theseance,dalaran,1635,warlock,demonology,60,31,29
Geauxst,tichondrius,1633,warlock,demonology,56,29,27
Oluluo,andorhal,1633,warlock,demonology,41,21,20
Graendol,tichondrius,1630,warlock,demonology,30,17,13
Sickmade,zuljin,1628,warlock,demonology,76,47,29
Azrezzael,area-52,1628,warlock,demonology,36,22,14
Discordance,zuljin,1628,warlock,demonology,30,17,13
Badstepbro,sargeras,1627,warlock,demonology,30,17,13
Ggooudan,tichondrius,1625,warlock,demonology,29,21,8
Jokerxks,tichondrius,1624,warlock,demonology,24,17,7
Kreâtor,tichondrius,1622,warlock,demonology,71,40,31
Demonicsmoke,darrowmere,1622,warlock,demonology,104,56,48
Lambe,tichondrius,1620,warlock,demonology,30,17,13
Bagn,tichondrius,1620,warlock,demonology,42,23,19
Zehzet,area-52,1619,warlock,demonology,24,17,7
Mcpickles,illidan,1618,warlock,demonology,30,19,11
Thalsiani,moon-guard,1618,warlock,demonology,39,22,17
Säbrine,zuljin,1617,warlock,demonology,79,36,43
Epinetheus,stormrage,1617,warlock,demonology,54,23,31
Soreanus,illidan,1615,warlock,demonology,48,30,18
Zantology,frostmourne,1615,warlock,demonology,54,31,23
Krýptizl,frostmourne,1615,warlock,demonology,81,45,36
Raisa,chogall,1615,warlock,demonology,48,23,25
Orgcontroler,hyjal,1615,warlock,demonology,43,18,25
Xlilgee,kelthuzad,1614,warlock,demonology,30,17,13
Abismoarmdr,ragnaros,1613,warlock,demonology,115,66,49
Yükina,stormrage,1611,warlock,demonology,54,29,25
Xanetor,illidan,1611,warlock,demonology,58,31,27
Vawns,zuljin,1611,warlock,demonology,47,24,23
Celestialock,tichondrius,1609,warlock,demonology,55,38,17
Thelocker,stormrage,1609,warlock,demonology,53,32,21
Hers,vashj,1608,warlock,demonology,54,34,20
Hentry,sargeras,1608,warlock,demonology,47,25,22
Lazymongoose,frostmourne,1608,warlock,demonology,132,70,62
Gulßad,tichondrius,1607,warlock,demonology,36,24,12
Diabolock,proudmoore,1607,warlock,demonology,48,26,22
Eatsleepgame,barthilas,1607,warlock,demonology,38,17,21
Eternalsmile,tichondrius,1606,warlock,demonology,36,21,15
Kronicdotz,bleeding-hollow,1606,warlock,demonology,38,20,18
Rasildur,ragnaros,1606,warlock,demonology,49,21,28
Varian,quelthalas,1604,warlock,demonology,93,53,40
Cambolts,tichondrius,1604,warlock,demonology,36,20,16
Voltshot,tichondrius,1604,warlock,demonology,445,229,216
Ktlock,frostmourne,1603,warlock,demonology,114,65,49
Lamdyn,moon-guard,1602,warlock,demonology,78,46,32
Sarcophagus,duskwood,1602,warlock,demonology,33,18,15
Innocentius,illidan,1602,warlock,demonology,82,42,40
Toestye,lightbringer,1600,warlock,demonology,108,56,52
Pollodelight,deathwing,1598,warlock,demonology,30,21,9
Harrydotterr,bonechewer,1598,warlock,demonology,60,29,31
Th,kiljaeden,1596,warlock,demonology,65,30,35
Valkynaris,chogall,1594,warlock,demonology,30,20,10
Warlocklmao,malganis,1594,warlock,demonology,36,19,17
Stonelocke,area-52,1594,warlock,demonology,79,40,39
Yanlexx,stormrage,1592,warlock,demonology,86,44,42
Amour,wyrmrest-accord,1592,warlock,demonology,58,26,32
Doombaby,zuljin,1588,warlock,demonology,48,30,18
Tazerr,sargeras,1586,warlock,demonology,36,19,17
Yazonics,area-52,1585,warlock,demonology,91,49,42
Necronemesis,arthas,1585,warlock,demonology,84,40,44
Cilium,illidan,1584,warlock,demonology,47,27,20
Garcheros,ragnaros,1584,warlock,demonology,45,23,22
Tsunamibaby,anvilmar,1583,warlock,demonology,138,77,61
Yuengling,illidan,1583,warlock,demonology,108,52,56
Raidspot,bleeding-hollow,1581,warlock,demonology,72,40,32
Goorock,area-52,1581,warlock,demonology,78,40,38
Silentfears,tichondrius,1580,warlock,demonology,39,26,13
Actualjoke,frostmourne,1580,warlock,demonology,35,19,16
Curseifier,frostmourne,1579,warlock,demonology,62,33,29
Dreamsw,frostmourne,1578,warlock,demonology,36,18,18
Agertis,frostmourne,1578,warlock,demonology,42,18,24
Smallj,zuljin,1576,warlock,demonology,54,27,27
Uwantpeach,tichondrius,1576,warlock,demonology,35,17,18
Sadgellation,arthas,1574,warlock,demonology,42,27,15
Redbullsz,bleeding-hollow,1573,warlock,demonology,68,34,34
Davekoresh,dunemaul,1571,warlock,demonology,50,27,23
Paparoxy,illidan,1570,warlock,demonology,41,19,22
Empiratore,quelthalas,1569,warlock,demonology,59,26,33
Xephostwo,area-52,1567,warlock,demonology,42,20,22
Blastfinger,tichondrius,1565,warlock,demonology,48,24,24
Xaryl,stormrage,1564,warlock,demonology,108,52,56
Omertà,staghelm,1563,warlock,demonology,52,28,24
Caesaros,quelthalas,1563,warlock,demonology,87,40,47
Miryem,illidan,1556,warlock,demonology,67,36,31
Fullxd,quelthalas,1551,warlock,demonology,54,31,23
Kìllèrgf,area-52,1549,warlock,demonology,249,124,125
Spooknjuke,bleeding-hollow,1546,warlock,demonology,41,26,15
Wickdways,daggerspine,1546,warlock,demonology,54,32,22
Bauchalain,area-52,1541,warlock,demonology,36,21,15
Minichompei,frostmourne,1537,warlock,demonology,29,17,12
Maldinath,sargeras,1535,warlock,demonology,24,16,8
Necroabuser,area-52,1534,warlock,demonology,24,16,8
Soulrulerxc,tichondrius,1534,warlock,demonology,30,16,14
Isometrics,barthilas,1534,warlock,demonology,30,16,14
Dárklórd,dalaran,1534,warlock,demonology,180,95,85
Heartpvp,tichondrius,1532,warlock,demonology,92,48,44
Funkminot,illidan,1531,warlock,demonology,271,137,134
Forsâken,tichondrius,1531,warlock,demonology,95,42,53
Giantgobrin,zuljin,1529,warlock,demonology,30,16,14
Ðåntë,thrall,1526,warlock,demonology,24,16,8
Almostoogood,illidan,1526,warlock,demonology,24,16,8
Gigagnomer,kelthuzad,1523,warlock,demonology,43,19,24
Spookyfurry,area-52,1521,warlock,demonology,60,37,23
Wollylock,dark-iron,1520,warlock,demonology,52,25,27
Wawrlock,stormrage,1516,warlock,demonology,32,22,10
Dcpwns,arthas,1516,warlock,demonology,84,43,41
Fãttyqt,sargeras,1513,warlock,demonology,52,35,17
Sobadhahaha,azralon,1513,warlock,demonology,24,16,8
Ioroselmi,illidan,1511,warlock,demonology,56,36,20
Smartpimp,tichondrius,1508,warlock,demonology,38,21,17
Kandrus,moon-guard,1508,warlock,demonology,158,79,79
Comina,kelthuzad,1507,warlock,demonology,36,16,20
Krolczdots,tichondrius,1505,warlock,demonology,30,18,12
Proletariat,moon-guard,1503,warlock,demonology,64,38,26
Parmenides,tichondrius,1502,warlock,demonology,112,56,56
Bigdotenergi,tichondrius,1501,warlock,demonology,24,16,8
Icemanliddel,area-52,1500,warlock,demonology,35,16,19
Deathcyth,crushridge,1496,warlock,demonology,167,89,78
Hoana,azralon,1495,warlock,demonology,111,60,51
Thekook,illidan,1495,warlock,demonology,43,21,22
Shigero,tichondrius,1494,warlock,demonology,30,19,11
Prägä,drakkari,1493,warlock,demonology,51,27,24
Zorah,quelthalas,1492,warlock,demonology,36,21,15
Damerus,illidan,1487,warlock,demonology,57,24,33
Eriand,nordrassil,1482,warlock,demonology,108,54,54
Mindfulchimp,sargeras,1480,warlock,demonology,49,27,22
Zhoull,thrall,1479,warlock,demonology,48,23,25
Grixis,zuluhed,1478,warlock,demonology,36,23,13
Lamo,dawnbringer,1475,warlock,demonology,178,88,90
Fabriziø,ragnaros,1472,warlock,demonology,31,21,10
Mssy,illidan,1470,warlock,demonology,29,16,13
Kyller,quelthalas,1470,warlock,demonology,30,16,14
Kogath,thunderlord,1469,warlock,demonology,34,18,16
Tubarão,azralon,1467,warlock,demonology,42,26,16
Fluffylockk,bloodscalp,1466,warlock,demonology,58,32,26
Khanaan,illidan,1466,warlock,demonology,30,16,14
Blavindy,illidan,1461,warlock,demonology,54,26,28
Sugarwaffles,area-52,1460,warlock,demonology,60,33,27
Immortallock,tichondrius,1454,warlock,demonology,96,48,48
Musgrin,gallywix,1448,warlock,demonology,76,38,38
Malegnant,proudmoore,1442,warlock,demonology,42,20,22
Imgxyz,frostmourne,1441,warlock,demonology,54,32,22
Scalpelexis,stormrage,1439,warlock,demonology,24,15,9
Darkwîngduck,illidan,1439,warlock,demonology,24,15,9
Exuslock,tichondrius,1438,warlock,demonology,24,15,9
Ötì,altar-of-storms,1437,warlock,demonology,30,18,12
Sosahawk,stormrage,1437,warlock,demonology,30,15,15
Dottcha,blackrock,1436,warlock,demonology,24,15,9
Chaosboltlol,tichondrius,1436,warlock,demonology,30,15,15
Valerik,azralon,1435,warlock,demonology,42,20,22
Helyana,illidan,1433,warlock,demonology,53,31,22
Synisterlock,moon-guard,1432,warlock,demonology,36,18,18
Marowyth,ragnaros,1428,warlock,demonology,30,19,11
Aomniloltv,zuljin,1426,warlock,demonology,24,15,9
Zxyastra,hyjal,1426,warlock,demonology,30,17,13
Mothapucka,thrall,1426,warlock,demonology,47,21,26
Løcalplugxø,barthilas,1425,warlock,demonology,24,15,9
Hibíky,ragnaros,1422,warlock,demonology,36,15,21
Tickleskin,windrunner,1419,warlock,demonology,87,47,40
Arlenna,sargeras,1419,warlock,demonology,128,60,68
Emperator,quelthalas,1413,warlock,demonology,28,16,12
Mysteryannie,tichondrius,1411,warlock,demonology,88,53,35
Kuyog,illidan,1411,warlock,demonology,60,30,30
Ganknãmstyle,illidan,1411,warlock,demonology,65,31,34
Medallok,laughing-skull,1410,warlock,demonology,101,50,51
Laggyturbo,barthilas,1409,warlock,demonology,66,38,28
Rotsndotss,thrall,1408,warlock,demonology,48,20,28
Guisls,azralon,1407,warlock,demonology,60,26,34
Siaokuai,tichondrius,1403,warlock,demonology,36,15,21
Adlfcritler,emerald-dream,1402,warlock,demonology,36,19,17
Monstir,sargeras,1396,warlock,demonology,31,16,15
Suminl,tichondrius,1392,warlock,demonology,24,15,9
Kuroyt,drakkari,1390,warlock,demonology,67,32,35
Kothoped,wyrmrest-accord,1381,warlock,demonology,35,17,18
Guldorum,kiljaeden,1375,warlock,demonology,48,28,20
Nezsarek,sargeras,1373,warlock,demonology,41,22,19
Destrokk,gorefiend,1372,warlock,demonology,30,18,12
Narcan,arthas,1371,warlock,demonology,29,16,13
Es,velen,1364,warlock,demonology,132,69,63
Felorc,wyrmrest-accord,1358,warlock,demonology,63,39,24
Lemongillo,stormrage,1348,warlock,demonology,41,22,19
Dreadlock,tichondrius,1344,warlock,demonology,24,14,10
Voidxx,tichondrius,1343,warlock,demonology,18,14,4
Turbocleave,blackwater-raiders,1343,warlock,demonology,18,14,4
Ellynaria,nemesis,1343,warlock,demonology,18,14,4
Haunt,mugthol,1343,warlock,demonology,24,14,10
Biubius,tichondrius,1343,warlock,demonology,24,14,10
Idotû,tichondrius,1343,warlock,demonology,30,14,16
Joung,tichondrius,1342,warlock,demonology,24,14,10
Slothycrip,emerald-dream,1342,warlock,demonology,36,14,22
Demonalien,malganis,1339,warlock,demonology,18,14,4
Fearbarx,illidan,1339,warlock,demonology,24,14,10
Douzz,frostmourne,1338,warlock,demonology,24,14,10
Yoyoling,illidan,1338,warlock,demonology,208,106,102
Antigotenent,sargeras,1336,warlock,demonology,24,14,10
Ptwo,illidan,1333,warlock,demonology,24,14,10
Jamesiyah,moon-guard,1333,warlock,demonology,60,29,31
Daxxter,tichondrius,1331,warlock,demonology,30,14,16
Ézman,tichondrius,1330,warlock,demonology,24,14,10
Smôkedsôul,area-52,1330,warlock,demonology,24,14,10
Bestwarlock,skywall,1328,warlock,demonology,30,14,16
Eldriptch,kelthuzad,1325,warlock,demonology,27,15,12
Stormrift,sargeras,1325,warlock,demonology,36,14,22
Nttslock,tichondrius,1324,warlock,demonology,30,14,16
Memon,frostmane,1324,warlock,demonology,65,29,36
Seekma,gallywix,1322,warlock,demonology,24,14,10
Superjuno,sargeras,1319,warlock,demonology,18,14,4
Warlockluo,tichondrius,1319,warlock,demonology,24,14,10
Dawdrax,gallywix,1313,warlock,demonology,22,15,7
Jokerks,tichondrius,1310,warlock,demonology,23,14,9
Avoidence,tanaris,1308,warlock,demonology,24,14,10
Sû,stormrage,1301,warlock,demonology,82,39,43
Shadowflame,skullcrusher,1299,warlock,demonology,91,48,43
Gotfear,zuljin,1287,warlock,demonology,255,129,126
Valerilma,azralon,1284,warlock,demonology,40,18,22
Warlockdelux,thrall,1282,warlock,demonology,48,17,31
Gauul,illidan,1281,warlock,demonology,70,39,31
Heathncraig,illidan,1279,warlock,demonology,50,29,21
Screampied,sargeras,1279,warlock,demonology,53,24,29
Tizzy,malganis,1276,warlock,demonology,32,21,11
Regime,deathwing,1275,warlock,demonology,24,14,10
Cornboil,tichondrius,1274,warlock,demonology,57,27,30
Voidwarlord,tichondrius,1271,warlock,demonology,107,56,51
Aniie,nemesis,1268,warlock,demonology,66,31,35
Willsayan,ragnaros,1266,warlock,demonology,42,16,26
Arcaangell,sargeras,1264,warlock,demonology,63,35,28
Bluffzlock,boulderfist,1260,warlock,demonology,23,14,9
Bänno,bleeding-hollow,1256,warlock,demonology,29,14,15
Wazog,jubeithos,1250,warlock,demonology,30,16,14
Salacia,chogall,1249,warlock,demonology,171,83,88
Scalpelx,tichondrius,1248,warlock,demonology,18,13,5
Adonege,tichondrius,1248,warlock,demonology,24,13,11
Drakatat,tichondrius,1248,warlock,demonology,24,13,11
Deathboltx,zuljin,1248,warlock,demonology,24,13,11
Welpxd,tichondrius,1247,warlock,demonology,18,13,5
Séptima,illidan,1247,warlock,demonology,18,13,5
Pfhear,area-52,1247,warlock,demonology,24,13,11
Mukkamuk,shadowmoon,1246,warlock,demonology,18,13,5
Feinnx,dalaran,1246,warlock,demonology,30,13,17
Evianne,skywall,1244,warlock,demonology,30,13,17
Homeschooler,darkspear,1243,warlock,demonology,24,13,11
Dôctor,tichondrius,1243,warlock,demonology,46,20,26
Warlockafk,darkspear,1242,warlock,demonology,24,17,7
Demonkiiller,kelthuzad,1237,warlock,demonology,30,13,17
Esdreel,ragnaros,1236,warlock,demonology,24,13,11
Tomzombe,durotan,1233,warlock,demonology,18,13,5
Drain,proudmoore,1233,warlock,demonology,18,13,5
Lpharji,tichondrius,1231,warlock,demonology,24,13,11
Alaren,korgath,1231,warlock,demonology,36,13,23
Brawndelock,stormrage,1228,warlock,demonology,24,13,11
Welendiock,malganis,1228,warlock,demonology,43,21,22
Naydene,moon-guard,1219,warlock,demonology,66,31,35
Jezzika,azralon,1211,warlock,demonology,51,20,31
Sphîñx,sargeras,1208,warlock,demonology,33,14,19
Zeeref,stormrage,1206,warlock,demonology,30,13,17
Demophile,bleeding-hollow,1204,warlock,demonology,24,18,6
Lockdlhm,tichondrius,1197,warlock,demonology,23,13,10
Catarina,kaelthas,1183,warlock,demonology,22,13,9
Adistril,bleeding-hollow,1182,warlock,demonology,48,14,34
Syndrielle,emerald-dream,1181,warlock,demonology,54,22,32
Artmaster,nordrassil,1174,warlock,demonology,30,20,10
Snuffer,detheroc,1164,warlock,demonology,30,13,17
Stankidanky,illidan,1156,warlock,demonology,30,18,12
Venticm,tichondrius,1152,warlock,demonology,18,12,6
Voidxz,tichondrius,1152,warlock,demonology,18,12,6
Medzor,tichondrius,1152,warlock,demonology,24,12,12
Blliizz,aegwynn,1151,warlock,demonology,18,12,6
Demise,azuremyst,1151,warlock,demonology,24,12,12
Lentil,zuljin,1150,warlock,demonology,18,12,6
Spectaclol,crushridge,1150,warlock,demonology,18,12,6
Emurog,icecrown,1150,warlock,demonology,18,12,6
Kotica,stormrage,1149,warlock,demonology,28,13,15
Chipt,kelthuzad,1149,warlock,demonology,30,12,18
Drkdestro,boulderfist,1148,warlock,demonology,42,12,30
Zrò,bleeding-hollow,1147,warlock,demonology,18,12,6
Nyhn,bleeding-hollow,1144,warlock,demonology,18,12,6
Critthis,illidan,1141,warlock,demonology,24,12,12
Moryan,malfurion,1136,warlock,demonology,33,13,20
Bizcochito,thrall,1134,warlock,demonology,24,12,12
Saltiernuts,malganis,1128,warlock,demonology,48,22,26
Xtralyfe,hyjal,1117,warlock,demonology,22,12,10
Löksöflöve,sargeras,1101,warlock,demonology,60,25,35
Nellon,azralon,1087,warlock,demonology,26,13,13
Elipsis,bloodhoof,1086,warlock,demonology,23,12,11
Politepvperx,kelthuzad,1070,warlock,demonology,17,12,5
Lilmollyboy,demon-soul,1068,warlock,demonology,13,12,1
Netherhigh,tichondrius,1061,warlock,demonology,66,32,34
Waii,emerald-dream,1056,warlock,demonology,12,11,1
Starta,tichondrius,1056,warlock,demonology,12,11,1
Bøltqt,tichondrius,1056,warlock,demonology,12,11,1
Igortrikadva,zuljin,1056,warlock,demonology,12,11,1
Mixolydian,malganis,1055,warlock,demonology,12,11,1
Betterone,azralon,1055,warlock,demonology,18,11,7
Fotmspec,area-52,1055,warlock,demonology,18,11,7
Minervini,kiljaeden,1054,warlock,demonology,12,11,1
Praemonium,dalaran,1054,warlock,demonology,18,11,7
Choas,jaedenar,1051,warlock,demonology,18,11,7
Menedemus,amanthul,1050,warlock,demonology,24,11,13
Mêdìvh,tichondrius,1050,warlock,demonology,24,11,13
Zinkro,quelthalas,1049,warlock,demonology,22,12,10
Tròll,moon-guard,1049,warlock,demonology,54,25,29
Ipickcotton,barthilas,1049,warlock,demonology,24,11,13
Prahvstein,shuhalo,1047,warlock,demonology,18,11,7
Tartamuda,ragnaros,1037,warlock,demonology,30,11,19
Yozzik,illidan,1036,warlock,demonology,29,11,18
Rickrock,gnomeregan,1034,warlock,demonology,18,11,7
Westhøf,sargeras,1023,warlock,demonology,17,11,6
Rannieck,dark-iron,1022,warlock,demonology,16,12,4
Tichondrus,ragnaros,1007,warlock,demonology,29,11,18
Lukelock,azralon,990,warlock,demonology,22,11,11
Mocreia,azralon,981,warlock,demonology,28,11,17
Uzag,mugthol,975,warlock,demonology,26,11,15
Phyxylock,stormrage,960,warlock,demonology,12,10,2
Meltlordqt,mannoroth,960,warlock,demonology,12,10,2
Beerbolt,dalaran,960,warlock,demonology,12,10,2
Hecataeus,stormrage,960,warlock,demonology,12,10,2
Felegance,proudmoore,960,warlock,demonology,18,10,8
Spacedots,illidan,960,warlock,demonology,18,10,8
Vexice,firetree,960,warlock,demonology,18,10,8
Pikme,bleeding-hollow,960,warlock,demonology,18,10,8
Idiocy,stormrage,960,warlock,demonology,18,10,8
Iruffcarla,cairne,960,warlock,demonology,18,10,8
Xyguoguo,tichondrius,960,warlock,demonology,18,10,8
Epícburn,illidan,960,warlock,demonology,22,11,11
Millions,barthilas,960,warlock,demonology,24,10,14
Wdc,illidan,960,warlock,demonology,24,10,14
Torghast,bloodhoof,960,warlock,demonology,24,10,14
Syraxi,illidan,959,warlock,demonology,18,10,8
Brightmoonhw,tichondrius,959,warlock,demonology,18,10,8
Purraisa,tichondrius,959,warlock,demonology,18,10,8
Devilin,drakkari,959,warlock,demonology,18,10,8
Lockman,frostwolf,959,warlock,demonology,24,12,12
Lefteexd,tichondrius,959,warlock,demonology,24,10,14
Hâm,dalaran,959,warlock,demonology,36,10,26
Lynnha,wyrmrest-accord,958,warlock,demonology,24,10,14
Nurglea,proudmoore,957,warlock,demonology,18,10,8
Daesire,moon-guard,957,warlock,demonology,18,10,8
Lockswagger,stormrage,956,warlock,demonology,18,10,8
Zaintv,illidan,955,warlock,demonology,18,10,8
Kaertis,emerald-dream,955,warlock,demonology,21,11,10
Leine,proudmoore,955,warlock,demonology,24,10,14
Methrocks,emerald-dream,953,warlock,demonology,24,10,14
Sørceress,bonechewer,948,warlock,demonology,18,10,8
Maroth,elune,945,warlock,demonology,24,10,14
Voldamorte,tichondrius,925,warlock,demonology,23,10,13
Sheara,silver-hand,905,warlock,demonology,24,10,14
Twinklockxx,mannoroth,895,warlock,demonology,23,10,13
Apples,ravencrest,894,warlock,demonology,17,10,7
Lintlickin,bonechewer,893,warlock,demonology,14,10,4
Idoturmum,frostmourne,889,warlock,demonology,27,11,16
Maxice,zuljin,864,warlock,demonology,12,9,3
Samsara,akama,864,warlock,demonology,12,9,3
Impenjoyer,tichondrius,864,warlock,demonology,12,9,3
Leleth,nordrassil,864,warlock,demonology,12,9,3
Muchø,emerald-dream,864,warlock,demonology,12,9,3
Peterdotz,whisperwind,864,warlock,demonology,13,9,4
Louu,emerald-dream,864,warlock,demonology,18,9,9
Jæja,wyrmrest-accord,864,warlock,demonology,18,9,9
Evanylock,proudmoore,864,warlock,demonology,18,9,9
Dxhusky,tichondrius,864,warlock,demonology,18,9,9
Bewær,deathwing,864,warlock,demonology,18,9,9
Fatals,thrall,863,warlock,demonology,12,9,3
Ezgamejr,tichondrius,863,warlock,demonology,12,9,3
Jorloz,ragnaros,863,warlock,demonology,12,9,3
Nêlson,area-52,863,warlock,demonology,12,9,3
Owwie,malganis,863,warlock,demonology,12,9,3
Djvetis,blackhand,863,warlock,demonology,18,9,9
Criticalpets,stormrage,863,warlock,demonology,18,9,9
Dudebrø,zuluhed,863,warlock,demonology,18,9,9
Harleyjames,ravenholdt,862,warlock,demonology,12,9,3
Päpï,tichondrius,862,warlock,demonology,12,9,3
Easymac,thunderlord,860,warlock,demonology,24,9,15
Oopsíe,nagrand,860,warlock,demonology,24,9,15
Braylon,azuremyst,856,warlock,demonology,18,9,9
Wakkundoe,tichondrius,846,warlock,demonology,17,9,8
Mamabolts,kelthuzad,846,warlock,demonology,17,9,8
Orbvoid,sargeras,845,warlock,demonology,24,9,15
Demoniclily,kiljaeden,816,warlock,demonology,21,9,12
Cleavüs,stormrage,815,warlock,demonology,11,9,2
Pvtpotato,tichondrius,768,warlock,demonology,12,8,4
Westhofs,sargeras,768,warlock,demonology,12,8,4
Moramont,stormrage,768,warlock,demonology,12,8,4
Perfectíon,tichondrius,768,warlock,demonology,12,8,4
Marshyxd,tichondrius,768,warlock,demonology,12,8,4
Gnumbnutz,blades-edge,768,warlock,demonology,12,8,4
Thefunk,tichondrius,768,warlock,demonology,12,8,4
Bigboltkazar,tichondrius,768,warlock,demonology,12,8,4
Menemies,malganis,768,warlock,demonology,12,8,4
Famelol,tichondrius,768,warlock,demonology,12,8,4
Asmion,earthen-ring,768,warlock,demonology,12,8,4
Urfucct,burning-blade,768,warlock,demonology,12,8,4
Wrathzn,azralon,768,warlock,demonology,12,8,4
Bïcho,queldorei,768,warlock,demonology,18,8,10
Nismo,trollbane,768,warlock,demonology,18,8,10
Dunni,area-52,768,warlock,demonology,18,8,10
Vasqu,stormrage,768,warlock,demonology,18,8,10
Joseph,draktharon,768,warlock,demonology,18,8,10
Niava,tichondrius,768,warlock,demonology,18,8,10
Puchador,sargeras,768,warlock,demonology,24,8,16
Neutrinowal,tichondrius,768,warlock,demonology,24,8,16
Rosacrutian,tichondrius,767,warlock,demonology,12,8,4
Shâdowman,stormrage,767,warlock,demonology,12,8,4
Gibberishss,tichondrius,767,warlock,demonology,12,8,4
Grendael,area-52,767,warlock,demonology,12,8,4
Sytrick,bleeding-hollow,767,warlock,demonology,18,8,10
Aboode,blackrock,767,warlock,demonology,18,8,10
Fullmelt,azjolnerub,767,warlock,demonology,18,8,10
Boltsfordays,dalaran,767,warlock,demonology,24,8,16
Bojàck,stormrage,766,warlock,demonology,12,8,4
Ritzhul,nordrassil,766,warlock,demonology,12,8,4
Elioknight,area-52,766,warlock,demonology,18,8,10
Lustyclam,tichondrius,765,warlock,demonology,12,8,4
Cvntpvntcans,kelthuzad,764,warlock,demonology,18,8,10
Pulentinskin,quelthalas,764,warlock,demonology,24,8,16
Griffoz,frostwolf,763,warlock,demonology,18,8,10
Getavoided,azralon,714,warlock,demonology,13,9,4
Bâppo,antonidas,714,warlock,demonology,24,11,13
Eklypso,kelthuzad,714,warlock,demonology,20,9,11
Nurnok,ragnaros,713,warlock,demonology,18,9,9
Tikz,magtheridon,703,warlock,demonology,11,8,3
Agla,quelthalas,672,warlock,demonology,12,7,5
Sorenbjerga,zuljin,672,warlock,demonology,12,7,5
Shuffler,tichondrius,672,warlock,demonology,12,7,5
Demonmal,frostmourne,672,warlock,demonology,12,7,5
Decolock,tichondrius,672,warlock,demonology,12,7,5
Expiredonion,bleeding-hollow,672,warlock,demonology,12,7,5
Ðamndaddy,sargeras,672,warlock,demonology,12,7,5
Isömetrics,barthilas,672,warlock,demonology,12,7,5
Løckyun,tichondrius,672,warlock,demonology,12,7,5
Deammon,tichondrius,672,warlock,demonology,12,7,5
Dadtired,tichondrius,672,warlock,demonology,12,7,5
Zeexi,illidan,672,warlock,demonology,12,7,5
Aruotnof,nemesis,672,warlock,demonology,12,7,5
Laiquisha,zuljin,672,warlock,demonology,12,7,5
Protomán,agamaggan,672,warlock,demonology,12,7,5
Sauronne,illidan,672,warlock,demonology,12,7,5
Lifeinsuranc,tichondrius,672,warlock,demonology,12,7,5
Playandlock,illidan,672,warlock,demonology,12,7,5
Fearmore,bleeding-hollow,672,warlock,demonology,12,7,5
Anjkh,skullcrusher,672,warlock,demonology,12,7,5
Jweezy,malganis,672,warlock,demonology,12,7,5
Bestcookies,malganis,672,warlock,demonology,12,7,5
Torowasabi,tichondrius,672,warlock,demonology,15,7,8
Ranil,mannoroth,672,warlock,demonology,18,7,11
Evarona,gorefiend,672,warlock,demonology,18,7,11
Staywrong,malganis,672,warlock,demonology,18,7,11
Matrriixx,proudmoore,672,warlock,demonology,18,7,11
Urïk,stormrage,672,warlock,demonology,18,7,11
Snoosnoo,exodar,671,warlock,demonology,12,7,5
Faraday,laughing-skull,671,warlock,demonology,12,7,5
Saldori,malganis,671,warlock,demonology,12,7,5
Damagexx,the-underbog,671,warlock,demonology,12,7,5
Celindeyn,stormrage,671,warlock,demonology,12,7,5
Nëcrophil,area-52,671,warlock,demonology,12,7,5
Glortheeb,spirestone,671,warlock,demonology,12,7,5
Dotsfired,crushridge,671,warlock,demonology,18,7,11
Chelythalle,tichondrius,671,warlock,demonology,19,7,12
Bashel,sargeras,670,warlock,demonology,12,7,5
Deanwarlock,sargeras,670,warlock,demonology,12,7,5
Lokiiee,azuremyst,664,warlock,demonology,12,7,5
Tsmcfker,tichondrius,654,warlock,demonology,17,7,10
Middot,area-52,639,warlock,demonology,17,7,10
Heilcyon,illidan,622,warlock,demonology,11,7,4
Chlomakï,azralon,622,warlock,demonology,11,7,4
Chaosboltex,tichondrius,618,warlock,demonology,14,8,6
Sicksick,tichondrius,618,warlock,demonology,21,8,13
Andlerock,emerald-dream,616,warlock,demonology,13,8,5
Vueltoachote,stormrage,592,warlock,demonology,13,7,6
Vìqtìm,kelthuzad,576,warlock,demonology,6,6,0
Dazevil,burning-blade,576,warlock,demonology,6,6,0
Fakemagician,tichondrius,576,warlock,demonology,6,6,0
Spook,steamwheedle-cartel,576,warlock,demonology,6,6,0
Toxik,zuljin,576,warlock,demonology,6,6,0
Nðm,tichondrius,576,warlock,demonology,6,6,0
Lillpfudd,area-52,576,warlock,demonology,6,6,0
Honne,sargeras,576,warlock,demonology,10,7,3
Projectpump,kelthuzad,576,warlock,demonology,12,6,6
Zoerina,fizzcrank,576,warlock,demonology,12,6,6
Muchopower,ragnaros,576,warlock,demonology,12,6,6
Tesil,tichondrius,576,warlock,demonology,12,6,6
Vexria,wyrmrest-accord,576,warlock,demonology,12,6,6
Graveland,frostwolf,576,warlock,demonology,12,6,6
Scarletdemon,malganis,576,warlock,demonology,12,6,6
Kyralena,stormrage,576,warlock,demonology,12,6,6
Dalah,illidan,576,warlock,demonology,12,6,6
Imbooms,blackrock,576,warlock,demonology,12,6,6
Westhofz,tichondrius,576,warlock,demonology,12,6,6
Marothredd,nathrezim,576,warlock,demonology,12,6,6
Oniyooshi,kelthuzad,576,warlock,demonology,12,6,6
Chaosblade,burning-blade,576,warlock,demonology,12,6,6
Pumpkeenky,hyjal,576,warlock,demonology,12,6,6
Babybolt,frostmourne,576,warlock,demonology,12,6,6
Conboii,tichondrius,576,warlock,demonology,12,6,6
Blastyboat,terenas,576,warlock,demonology,12,6,6
Eddybigbolts,tichondrius,576,warlock,demonology,12,6,6
Diabhlaí,tichondrius,576,warlock,demonology,12,6,6
Destructio,tichondrius,576,warlock,demonology,12,6,6
Sorath,blackrock,576,warlock,demonology,12,6,6
Sacrilege,zuljin,576,warlock,demonology,12,6,6
Exxosl,tichondrius,576,warlock,demonology,12,6,6
Yaldin,nemesis,576,warlock,demonology,12,6,6
Bellath,azralon,576,warlock,demonology,12,6,6
Davidofbowie,burning-legion,576,warlock,demonology,12,6,6
Backseatn,tichondrius,576,warlock,demonology,12,6,6
Artzul,tichondrius,576,warlock,demonology,15,7,8
Dreadful,frostmourne,576,warlock,demonology,18,6,12
Yungwilly,silvermoon,576,warlock,demonology,18,6,12
Shadowhax,area-52,576,warlock,demonology,18,6,12
Ragnalock,laughing-skull,576,warlock,demonology,20,6,14
Shadü,tichondrius,576,warlock,demonology,25,6,19
Lockazo,quelthalas,575,warlock,demonology,6,6,0
Bazeni,frostmourne,575,warlock,demonology,6,6,0
Sylvanes,emerald-dream,575,warlock,demonology,12,6,6
Twototheone,illidan,575,warlock,demonology,12,6,6
Xenagos,antonidas,575,warlock,demonology,12,6,6
Lollilock,area-52,575,warlock,demonology,12,6,6
Voidgown,moon-guard,575,warlock,demonology,12,6,6
Syndel,drakkari,575,warlock,demonology,12,6,6
Szell,caelestrasz,575,warlock,demonology,12,6,6
Ronacq,norgannon,575,warlock,demonology,12,6,6
Canning,shuhalo,575,warlock,demonology,18,6,12
Daliadark,sargeras,575,warlock,demonology,21,6,15
Yury,scarlet-crusade,574,warlock,demonology,18,6,12
Nécromonster,illidan,574,warlock,demonology,18,6,12
Undeadcurse,frostmourne,574,warlock,demonology,24,6,18
Algard,emerald-dream,573,warlock,demonology,12,6,6
ßaphomet,blackrock,543,warlock,demonology,11,6,5
Jafi,coilfang,543,warlock,demonology,17,6,11
Penzer,stormrage,528,warlock,demonology,15,6,9
Ceeloww,illidan,527,warlock,demonology,11,6,5
Constantine,exodar,527,warlock,demonology,17,6,11
Nostractus,azralon,517,warlock,demonology,15,7,8
Creepydotman,mannoroth,511,warlock,demonology,14,6,8
Tiatiatia,illidan,480,warlock,demonology,6,5,1
Nos,bleeding-hollow,480,warlock,demonology,6,5,1
Symplicìty,area-52,480,warlock,demonology,6,5,1
Kossnen,shandris,480,warlock,demonology,6,5,1
Igniz,tichondrius,480,warlock,demonology,6,5,1
Tít,malganis,480,warlock,demonology,6,5,1
Necrotko,malganis,480,warlock,demonology,6,5,1
Vapeboi,bleeding-hollow,480,warlock,demonology,6,5,1
Charlieo,barthilas,480,warlock,demonology,6,5,1
Salsong,draka,480,warlock,demonology,6,5,1
Khaozx,ragnaros,480,warlock,demonology,6,5,1
Rotkid,barthilas,480,warlock,demonology,6,5,1
Niadmer,gnomeregan,480,warlock,demonology,6,5,1
Floorlamp,anvilmar,480,warlock,demonology,6,5,1
Suwook,tichondrius,480,warlock,demonology,6,5,1
Aînzooalgown,ragnaros,480,warlock,demonology,6,5,1
Pardoned,stormrage,480,warlock,demonology,6,5,1
Luku,kiljaeden,480,warlock,demonology,6,5,1
Conboi,tichondrius,480,warlock,demonology,6,5,1
Velrose,thrall,480,warlock,demonology,6,5,1
Seutóóbinha,stormrage,480,warlock,demonology,6,5,1
Sinixx,tichondrius,480,warlock,demonology,6,5,1
Gavvi,frostmourne,480,warlock,demonology,6,5,1
Dodgebolts,khaz-modan,480,warlock,demonology,6,5,1
Druzzaj,thrall,480,warlock,demonology,6,5,1
Reneqtxo,frostmourne,480,warlock,demonology,6,5,1
Drainedd,blades-edge,480,warlock,demonology,6,5,1
Therru,tichondrius,480,warlock,demonology,6,5,1
Lafuke,tichondrius,480,warlock,demonology,6,5,1
Conboee,tichondrius,480,warlock,demonology,6,5,1
Lockonthc,korgath,480,warlock,demonology,12,5,7
Ragdoll,illidan,480,warlock,demonology,12,5,7
Dkdakìng,dalaran,480,warlock,demonology,12,5,7
Mânuel,akama,480,warlock,demonology,12,5,7
Gandorf,alleria,480,warlock,demonology,12,5,7
Dapperdanxy,tichondrius,480,warlock,demonology,12,5,7
Rumpology,illidan,480,warlock,demonology,12,5,7
Fshi,frostmourne,480,warlock,demonology,12,5,7
Zarinista,veknilash,480,warlock,demonology,12,5,7
Grandpapapa,tichondrius,480,warlock,demonology,12,5,7
Tribulatiön,moon-guard,480,warlock,demonology,12,5,7
Breeak,sargeras,480,warlock,demonology,12,5,7
Sinápsís,ragnaros,480,warlock,demonology,12,5,7
Demonâ,ragnaros,480,warlock,demonology,12,5,7
Criptix,bleeding-hollow,480,warlock,demonology,12,5,7
Meisy,quelthalas,480,warlock,demonology,12,5,7
Alataar,sargeras,480,warlock,demonology,12,5,7
Aellorie,proudmoore,480,warlock,demonology,12,5,7
Klumzey,tichondrius,480,warlock,demonology,12,5,7
Démoniaque,garrosh,480,warlock,demonology,12,5,7
Demic,thrall,480,warlock,demonology,12,5,7
Wheremyshoes,area-52,480,warlock,demonology,12,5,7
Dewandoritos,kelthuzad,480,warlock,demonology,12,5,7
Grineed,emerald-dream,480,warlock,demonology,12,5,7
Rooms,sargeras,480,warlock,demonology,12,5,7
Liuh,tichondrius,480,warlock,demonology,12,5,7
Søcks,tichondrius,480,warlock,demonology,12,5,7
Gandreleda,wyrmrest-accord,480,warlock,demonology,16,6,10
Paleontology,moon-guard,480,warlock,demonology,14,5,9
Flangy,kiljaeden,480,warlock,demonology,14,5,9
Sagaema,silvermoon,479,warlock,demonology,6,5,1
Stinkmeaner,chogall,479,warlock,demonology,12,5,7
Dundreavan,area-52,479,warlock,demonology,12,5,7
Eflock,barthilas,479,warlock,demonology,12,5,7
Omegawarlock,quelthalas,479,warlock,demonology,18,5,13
Lockybalbowa,amanthul,479,warlock,demonology,18,5,13
Elyshia,illidan,478,warlock,demonology,21,6,15
Iolitee,khazgoroth,477,warlock,demonology,12,5,7
Sathorastus,spirestone,448,warlock,demonology,10,6,4
Rentacletape,kelthuzad,447,warlock,demonology,9,6,3
Agaros,zuljin,426,warlock,demonology,17,6,11
Keturáh,garrosh,416,warlock,demonology,16,6,10
Rosalynda,azralon,398,warlock,demonology,10,5,5
Meelady,tichondrius,384,warlock,demonology,6,4,2
Helheim,haomarush,384,warlock,demonology,6,4,2
Alchan,tichondrius,384,warlock,demonology,6,4,2
Famington,tichondrius,384,warlock,demonology,6,4,2
Ahp,stormrage,384,warlock,demonology,6,4,2
Bellatriks,nemesis,384,warlock,demonology,6,4,2
Radii,bladefist,384,warlock,demonology,6,4,2
Meep,madoran,384,warlock,demonology,6,4,2
Rodneyjones,emerald-dream,384,warlock,demonology,6,4,2
Ethero,emerald-dream,384,warlock,demonology,6,4,2
Kernlberton,tichondrius,384,warlock,demonology,6,4,2
Deatthmoon,stormrage,384,warlock,demonology,6,4,2
Mädzy,azralon,384,warlock,demonology,6,4,2
Kyrionn,azralon,384,warlock,demonology,6,4,2
Frustration,darkspear,384,warlock,demonology,6,4,2
Blunder,frostmourne,384,warlock,demonology,6,4,2
Coomerdoomer,stormrage,384,warlock,demonology,6,4,2
Crayonchewer,alleria,384,warlock,demonology,6,4,2
Khalamar,steamwheedle-cartel,384,warlock,demonology,6,4,2
Tiddliwinx,nordrassil,384,warlock,demonology,6,4,2
Drix,wyrmrest-accord,384,warlock,demonology,6,4,2
Xekk,wyrmrest-accord,384,warlock,demonology,6,4,2
Fokâi,sargeras,384,warlock,demonology,6,4,2
Moräl,frostmourne,384,warlock,demonology,6,4,2
Il,nerzhul,384,warlock,demonology,6,4,2
Brujever,ragnaros,384,warlock,demonology,6,4,2
Nerolock,frostmourne,384,warlock,demonology,6,4,2
Fanzhiyi,illidan,384,warlock,demonology,6,4,2
Lizlock,stormrage,384,warlock,demonology,6,4,2
Sakuin,bonechewer,384,warlock,demonology,6,4,2
Quonton,tichondrius,384,warlock,demonology,6,4,2
Spicyfingerx,zangarmarsh,384,warlock,demonology,6,4,2
Viejitaa,quelthalas,384,warlock,demonology,6,4,2
Conjur,barthilas,384,warlock,demonology,6,4,2
Sayatar,ragnaros,384,warlock,demonology,6,4,2
Vilebrute,illidan,384,warlock,demonology,6,4,2
Drekka,bleeding-hollow,384,warlock,demonology,6,4,2
Vesaloth,zuljin,384,warlock,demonology,6,4,2
Karmalock,malganis,384,warlock,demonology,6,4,2
Hordefella,malganis,384,warlock,demonology,6,4,2
Dashaad,illidan,384,warlock,demonology,6,4,2
Bigmancam,illidan,384,warlock,demonology,6,4,2
Diosban,malganis,384,warlock,demonology,6,4,2
Mazzaleen,area-52,384,warlock,demonology,6,4,2
Curpt,the-scryers,384,warlock,demonology,6,4,2
Hélà,sargeras,384,warlock,demonology,6,4,2
Abantes,area-52,384,warlock,demonology,6,4,2
Thanock,illidan,384,warlock,demonology,6,4,2
Retaruko,illidan,384,warlock,demonology,6,4,2
Djdemolordx,bleeding-hollow,384,warlock,demonology,6,4,2
Lockniel,skullcrusher,384,warlock,demonology,6,4,2
Nightblloom,illidan,384,warlock,demonology,6,4,2
Ardam,cenarion-circle,384,warlock,demonology,6,4,2
Logixo,sargeras,384,warlock,demonology,7,4,3
Warlooch,area-52,384,warlock,demonology,9,5,4
Woudini,malganis,384,warlock,demonology,10,5,5
Jvilla,tichondrius,384,warlock,demonology,8,4,4
Dotsandpot,malfurion,384,warlock,demonology,12,4,8
Rylal,illidan,384,warlock,demonology,12,4,8
Demodar,tol-barad,384,warlock,demonology,12,4,8
Pìnto,illidan,384,warlock,demonology,12,4,8
Nefertarie,illidan,384,warlock,demonology,12,4,8
Srz,stormrage,384,warlock,demonology,12,4,8
Frezy,stormrage,384,warlock,demonology,12,4,8
Dogcookie,moon-guard,384,warlock,demonology,12,4,8
Ven,dalaran,384,warlock,demonology,12,4,8
Uarus,tichondrius,384,warlock,demonology,12,4,8
Çheesestick,dalaran,384,warlock,demonology,12,4,8
Tahmrin,quelthalas,384,warlock,demonology,12,4,8
Nazare,tichondrius,384,warlock,demonology,12,4,8
Rumjugs,barthilas,384,warlock,demonology,12,4,8
Picklecatz,barthilas,384,warlock,demonology,12,4,8
Deatt,deathwing,384,warlock,demonology,12,4,8
Diekast,tichondrius,384,warlock,demonology,12,4,8
Xoxoxu,frostmourne,384,warlock,demonology,12,4,8
Arsaurelica,blackrock,384,warlock,demonology,12,4,8
Ddorangmoon,tichondrius,384,warlock,demonology,12,4,8
Warlack,jubeithos,384,warlock,demonology,12,4,8
Soulrman,tichondrius,384,warlock,demonology,12,4,8
Demonia,dathremar,384,warlock,demonology,12,4,8
Bigdaddyborr,arthas,384,warlock,demonology,12,4,8
Naz,shadowsong,384,warlock,demonology,12,4,8
Tofulery,tichondrius,384,warlock,demonology,18,4,14
Dagadon,arathor,384,warlock,demonology,24,4,20
Greems,tichondrius,383,warlock,demonology,6,4,2
Daggondai,tichondrius,383,warlock,demonology,12,4,8
Pestileus,bleeding-hollow,382,warlock,demonology,6,4,2
Voodootidies,proudmoore,382,warlock,demonology,9,4,5
Velondris,illidan,382,warlock,demonology,18,4,14
Freshimps,blood-furnace,367,warlock,demonology,11,4,7
Sharee,azuremyst,363,warlock,demonology,11,4,7
Bugbugg,tichondrius,351,warlock,demonology,11,4,7
Ärminvßuurën,barthilas,351,warlock,demonology,11,4,7
Mourdera,ragnaros,330,warlock,demonology,8,5,3
Møbscene,bleeding-hollow,330,warlock,demonology,11,6,5
Sumondeznuts,wyrmrest-accord,319,warlock,demonology,11,4,7
Chaøsbolt,area-52,288,warlock,demonology,6,3,3
Drsauce,sargeras,288,warlock,demonology,6,3,3
Wiredftw,illidan,288,warlock,demonology,6,3,3
Tynks,mannoroth,288,warlock,demonology,6,3,3
Keezus,area-52,288,warlock,demonology,6,3,3
Deathlowkz,area-52,288,warlock,demonology,6,3,3
Khatrat,azralon,288,warlock,demonology,6,3,3
Shutupthug,illidan,288,warlock,demonology,6,3,3
Fëlgibson,illidan,288,warlock,demonology,6,3,3
Poggun,tichondrius,288,warlock,demonology,6,3,3
Crtyodautr,skullcrusher,288,warlock,demonology,6,3,3
Hgma,tichondrius,288,warlock,demonology,6,3,3
Agonie,tichondrius,288,warlock,demonology,6,3,3
Vews,firetree,288,warlock,demonology,6,3,3
Capslock,arthas,288,warlock,demonology,6,3,3
Shìnedown,eonar,288,warlock,demonology,6,3,3
Lockinha,azralon,288,warlock,demonology,6,3,3
Schrader,sargeras,288,warlock,demonology,6,3,3
Gnomechomski,magtheridon,288,warlock,demonology,6,3,3
Chody,sargeras,288,warlock,demonology,6,3,3
Locksoul,area-52,288,warlock,demonology,6,3,3
Lhordeign,area-52,288,warlock,demonology,6,3,3
Superbroly,area-52,288,warlock,demonology,6,3,3
Psyløck,bleeding-hollow,288,warlock,demonology,6,3,3
Srcorvo,azralon,288,warlock,demonology,6,3,3
Munick,spirestone,288,warlock,demonology,6,3,3
Pikslol,bleeding-hollow,288,warlock,demonology,6,3,3
Drerrday,kelthuzad,288,warlock,demonology,6,3,3
Leonito,tichondrius,288,warlock,demonology,6,3,3
Wiredftwx,illidan,288,warlock,demonology,6,3,3
Itzlandox,emerald-dream,288,warlock,demonology,6,3,3
Areolaz,kelthuzad,288,warlock,demonology,6,3,3
Jennifear,sargeras,288,warlock,demonology,6,3,3
Asmodeun,malganis,288,warlock,demonology,6,3,3
Soulruler,tichondrius,288,warlock,demonology,6,3,3
Voldmorto,azralon,288,warlock,demonology,6,3,3
Deadlylock,gilneas,288,warlock,demonology,6,3,3
Zanlockos,dalaran,288,warlock,demonology,6,3,3
Sanastik,laughing-skull,288,warlock,demonology,6,3,3
Nockdreal,azralon,288,warlock,demonology,6,3,3
Diebydots,blackrock,288,warlock,demonology,6,3,3
Fancynuts,kiljaeden,288,warlock,demonology,6,3,3
Sooshi,malganis,288,warlock,demonology,6,3,3
Sangala,malganis,288,warlock,demonology,6,3,3
Ðemented,bleeding-hollow,288,warlock,demonology,6,3,3
Greenbukakky,tichondrius,288,warlock,demonology,6,3,3
Guldylox,kiljaeden,288,warlock,demonology,6,3,3
Asiopdu,tichondrius,288,warlock,demonology,6,3,3
Cyrillus,moon-guard,288,warlock,demonology,6,3,3
Impbiscuit,stormrage,288,warlock,demonology,6,3,3
Domwarlock,uther,288,warlock,demonology,6,3,3
Khamzatt,proudmoore,288,warlock,demonology,6,3,3
Whydemono,tichondrius,288,warlock,demonology,6,3,3
Iamfear,shuhalo,288,warlock,demonology,6,3,3
Aeonss,stormrage,288,warlock,demonology,6,3,3
Naokishi,stormrage,288,warlock,demonology,6,3,3
Notprint,sargeras,288,warlock,demonology,6,3,3
Hauntsin,hyjal,288,warlock,demonology,6,3,3
Malthaél,kelthuzad,288,warlock,demonology,6,3,3
Emeary,kelthuzad,288,warlock,demonology,6,3,3
Disgustingfk,illidan,288,warlock,demonology,6,3,3
Viejita,quelthalas,288,warlock,demonology,6,3,3
Dippndotz,bleeding-hollow,288,warlock,demonology,6,3,3
Bertnasty,tichondrius,288,warlock,demonology,6,3,3
Bral,hyjal,288,warlock,demonology,6,3,3
Wasca,kelthuzad,288,warlock,demonology,6,3,3
Azland,proudmoore,288,warlock,demonology,6,3,3
Teron,stonemaul,288,warlock,demonology,6,3,3
Jèdi,drenden,288,warlock,demonology,6,3,3
Acejerk,the-forgotten-coast,288,warlock,demonology,6,3,3
Sweetmeat,madoran,288,warlock,demonology,6,3,3
Feelthefearx,ragnaros,288,warlock,demonology,6,3,3
Molguzano,ragnaros,288,warlock,demonology,6,3,3
Gulvandan,dathremar,288,warlock,demonology,6,3,3
Insanemids,tichondrius,288,warlock,demonology,6,3,3
Archleon,smolderthorn,288,warlock,demonology,6,3,3
Symaitiel,azralon,288,warlock,demonology,6,3,3
Volanti,bleeding-hollow,288,warlock,demonology,6,3,3
Nightterrour,frostmourne,288,warlock,demonology,6,3,3
Fatuglyegirl,sargeras,288,warlock,demonology,6,3,3
Kodyconner,darkspear,288,warlock,demonology,6,3,3
Saffuky,frostmourne,288,warlock,demonology,6,3,3
Yanned,hakkar,288,warlock,demonology,6,3,3
Gotty,stormrage,288,warlock,demonology,6,3,3
Nipz,korialstrasz,288,warlock,demonology,6,3,3
Neruvian,tichondrius,288,warlock,demonology,6,3,3
Drelgun,aerie-peak,288,warlock,demonology,6,3,3
Muldan,stormrage,288,warlock,demonology,6,3,3
Lilthicy,sargeras,288,warlock,demonology,6,3,3
Stargasms,blackrock,288,warlock,demonology,6,3,3
Feartool,stormrage,288,warlock,demonology,6,3,3
Juankkii,bonechewer,288,warlock,demonology,6,3,3
Darthael,stormrage,288,warlock,demonology,6,3,3
Elementzero,malorne,288,warlock,demonology,6,3,3
Zhul,nerzhul,288,warlock,demonology,6,3,3
Okul,frostmourne,288,warlock,demonology,6,3,3
Alprazoläm,illidan,288,warlock,demonology,14,6,8
Iamlavon,area-52,288,warlock,demonology,12,3,9
Wineburger,frostmourne,288,warlock,demonology,12,3,9
Kwrhitom,zuljin,288,warlock,demonology,12,3,9
Pachips,zuljin,288,warlock,demonology,12,3,9
Killvilock,kelthuzad,288,warlock,demonology,12,3,9
Dàmagicman,drakthul,288,warlock,demonology,12,3,9
Albbanoo,tichondrius,288,warlock,demonology,12,3,9
Xephine,proudmoore,288,warlock,demonology,12,3,9
Mementomøri,quelthalas,288,warlock,demonology,12,3,9
Erc,alterac-mountains,288,warlock,demonology,12,3,9
Tatemor,barthilas,288,warlock,demonology,12,3,9
Legïõn,uldaman,288,warlock,demonology,12,3,9
Laklin,stormscale,288,warlock,demonology,12,3,9
Reckluss,shattered-hand,288,warlock,demonology,12,3,9
Strax,shattered-hand,288,warlock,demonology,12,3,9
Crispee,azuremyst,288,warlock,demonology,12,3,9
Didntflush,blood-furnace,288,warlock,demonology,18,3,15
Gbow,malygos,287,warlock,demonology,6,3,3
Ijustsharded,area-52,255,warlock,demonology,11,3,8
Slugworth,rivendare,239,warlock,demonology,5,3,2
Frankandbean,dawnbringer,234,warlock,demonology,7,4,3
Predictions,sargeras,234,warlock,demonology,10,5,5
Apøçàlÿpsè,firetree,234,warlock,demonology,11,5,6
Schofen,tichondrius,234,warlock,demonology,13,4,9
Annubyz,quelthalas,208,warlock,demonology,7,3,4
Cocoabuttâ,stormrage,192,warlock,demonology,4,3,1
Squibley,sargeras,192,warlock,demonology,4,3,1
Javirr,ragnaros,192,warlock,demonology,15,5,10
Xblessed,stormrage,192,warlock,demonology,6,2,4
Ggaayyooii,anubarak,192,warlock,demonology,6,2,4
Damelon,gurubashi,192,warlock,demonology,6,2,4
Zerowarlock,stormrage,192,warlock,demonology,6,2,4
Knobbynobbas,stormrage,192,warlock,demonology,6,2,4
Vendareth,earthen-ring,192,warlock,demonology,6,2,4
Nigthdeath,nemesis,192,warlock,demonology,6,2,4
Lilbiackguy,stormrage,192,warlock,demonology,6,2,4
Lopenx,korgath,192,warlock,demonology,6,2,4
Infecçäo,stormrage,192,warlock,demonology,6,2,4
Pinkypay,ragnaros,192,warlock,demonology,6,2,4
Wreckquiem,draka,192,warlock,demonology,6,2,4
Ziroken,crushridge,192,warlock,demonology,6,2,4
Irene,nagrand,192,warlock,demonology,6,2,4
Shadowndko,ragnaros,192,warlock,demonology,6,2,4
Trippednfel,stormrage,192,warlock,demonology,6,2,4
Sheshð,stormrage,192,warlock,demonology,6,2,4
Psykana,barthilas,192,warlock,demonology,6,2,4
Agamendoir,frostmane,192,warlock,demonology,6,2,4
Réliok,quelthalas,192,warlock,demonology,6,2,4
Caduz,stormrage,192,warlock,demonology,6,2,4
Promancer,drakkari,192,warlock,demonology,6,2,4
Qic,runetotem,192,warlock,demonology,6,2,4
Stuffs,wyrmrest-accord,192,warlock,demonology,6,2,4
Kaosqt,nemesis,192,warlock,demonology,6,2,4
Draino,tichondrius,192,warlock,demonology,6,2,4
Warfeen,malganis,192,warlock,demonology,6,2,4
Jkun,malganis,192,warlock,demonology,6,2,4
Leônidos,ghostlands,192,warlock,demonology,6,2,4
Feldotz,illidan,192,warlock,demonology,6,2,4
Conilus,malganis,192,warlock,demonology,6,2,4
Destructo,illidan,192,warlock,demonology,6,2,4
Nanicide,kelthuzad,192,warlock,demonology,6,2,4
Firemike,kelthuzad,192,warlock,demonology,6,2,4
Capïrota,nemesis,192,warlock,demonology,6,2,4
Smoogzi,tichondrius,192,warlock,demonology,6,2,4
Soulbane,tol-barad,192,warlock,demonology,6,2,4
Brough,illidan,192,warlock,demonology,6,2,4
Feardr,frostmourne,192,warlock,demonology,6,2,4
Watchmeport,onyxia,192,warlock,demonology,6,2,4
Wtb,blackrock,192,warlock,demonology,6,2,4
Caesis,illidan,192,warlock,demonology,6,2,4
Mechamaca,black-dragonflight,192,warlock,demonology,6,2,4
Rokdas,area-52,192,warlock,demonology,6,2,4
Darkboltz,area-52,192,warlock,demonology,6,2,4
Buboñic,area-52,192,warlock,demonology,6,2,4
Borudo,thrall,192,warlock,demonology,6,2,4
Dedology,area-52,192,warlock,demonology,6,2,4
Sakyameil,area-52,192,warlock,demonology,6,2,4
Albright,azralon,192,warlock,demonology,6,2,4
Koffay,bleeding-hollow,192,warlock,demonology,6,2,4
Durgamon,kirin-tor,192,warlock,demonology,6,2,4
Reckzet,stormrage,192,warlock,demonology,6,2,4
Sinissa,ysondre,192,warlock,demonology,6,2,4
Bagelandlock,tichondrius,192,warlock,demonology,6,2,4
Cozu,tichondrius,192,warlock,demonology,6,2,4
Ðeimøn,azralon,192,warlock,demonology,6,2,4
Felforyouu,illidan,192,warlock,demonology,6,2,4
Cursedkash,stormrage,192,warlock,demonology,6,2,4
Doomczar,frostmane,192,warlock,demonology,6,2,4
Ceelowtf,sargeras,192,warlock,demonology,6,2,4
Boon,spirestone,192,warlock,demonology,6,2,4
Xmogfarmer,sargeras,192,warlock,demonology,6,2,4
Tomathus,moon-guard,192,warlock,demonology,6,2,4
Pikkon,malorne,192,warlock,demonology,6,2,4
Evilempire,sargeras,192,warlock,demonology,6,2,4
Anukh,emerald-dream,192,warlock,demonology,6,2,4
Soorisoori,tichondrius,192,warlock,demonology,6,2,4
Xuker,tichondrius,192,warlock,demonology,6,2,4
Yuckytoetoe,emerald-dream,192,warlock,demonology,6,2,4
Doomtome,moon-guard,192,warlock,demonology,6,2,4
Tikdotlock,silvermoon,192,warlock,demonology,6,2,4
Aceej,nazgrel,192,warlock,demonology,6,2,4
Nolb,tichondrius,192,warlock,demonology,6,2,4
Vexidus,moon-guard,192,warlock,demonology,6,2,4
Hentailust,kiljaeden,192,warlock,demonology,6,2,4
Pulpfliction,kiljaeden,192,warlock,demonology,6,2,4
Hootenanny,korialstrasz,192,warlock,demonology,6,2,4
Zevoc,tichondrius,192,warlock,demonology,6,2,4
Barbieelf,sargeras,192,warlock,demonology,6,2,4
Zalissel,proudmoore,192,warlock,demonology,6,2,4
Greenbeanzs,tichondrius,192,warlock,demonology,6,2,4
Kelifan,sargeras,192,warlock,demonology,6,2,4
Shadow,frostwolf,192,warlock,demonology,6,2,4
Draindeez,sargeras,192,warlock,demonology,6,2,4
Gàtór,kiljaeden,192,warlock,demonology,12,2,10
Miamarin,ragnaros,192,warlock,demonology,12,2,10
Starwitch,darkspear,192,warlock,demonology,12,2,10
Sinful,darkspear,192,warlock,demonology,12,2,10
Umadbruhh,tichondrius,192,warlock,demonology,12,2,10
Vielkä,ragnaros,192,warlock,demonology,12,2,10
Timerad,maelstrom,192,warlock,demonology,14,2,12
Wårloçk,tichondrius,159,warlock,demonology,5,2,3
Tunacanthicc,moon-guard,159,warlock,demonology,5,2,3
Gartlarrey,daggerspine,158,warlock,demonology,14,3,11
Cslice,magtheridon,128,warlock,demonology,4,2,2
Urmami,frostwolf,127,warlock,demonology,8,2,6
Africanlock,sargeras,96,warlock,demonology,3,2,1
Hâunted,khazgoroth,96,warlock,demonology,6,1,5
Erimegara,ragnaros,96,warlock,demonology,6,1,5
Skured,maiev,96,warlock,demonology,6,1,5
Isthismeta,tichondrius,96,warlock,demonology,6,1,5
Hsxcx,stonemaul,96,warlock,demonology,6,1,5
Thugpenus,frostmane,96,warlock,demonology,6,1,5
Ñinelyfe,frostmourne,96,warlock,demonology,6,1,5
Xanlel,deathwing,96,warlock,demonology,6,1,5
Fashon,barthilas,96,warlock,demonology,6,1,5
Shadococo,tichondrius,96,warlock,demonology,6,1,5
Varvanta,proudmoore,96,warlock,demonology,6,1,5
Nùts,frostmourne,96,warlock,demonology,6,1,5
Osteogenesis,quelthalas,96,warlock,demonology,6,1,5
Nameflagged,arathor,96,warlock,demonology,6,1,5
Halsonis,smolderthorn,96,warlock,demonology,6,1,5
Tormentor,malganis,96,warlock,demonology,6,1,5
Cynnd,tichondrius,96,warlock,demonology,6,1,5
Halloweèn,kelthuzad,96,warlock,demonology,6,1,5
Tonyxx,tichondrius,96,warlock,demonology,6,1,5
Zíppen,proudmoore,96,warlock,demonology,6,1,5
Hutchyw,tichondrius,96,warlock,demonology,6,1,5
Solöw,tichondrius,96,warlock,demonology,6,1,5
Xandemic,tichondrius,96,warlock,demonology,6,1,5
Somethingud,tichondrius,96,warlock,demonology,6,1,5
Oreo,velen,96,warlock,demonology,6,1,5
Yora,illidan,96,warlock,demonology,6,1,5
Lazzarros,area-52,96,warlock,demonology,6,1,5
Sidiouss,dreadmaul,96,warlock,demonology,6,1,5
Shortbuhz,tichondrius,96,warlock,demonology,6,1,5
Fearedit,bleeding-hollow,96,warlock,demonology,6,1,5
Damdochael,bleeding-hollow,96,warlock,demonology,6,1,5
Asetiks,tichondrius,96,warlock,demonology,6,1,5
Bilidin,azralon,96,warlock,demonology,6,1,5
Jazzycj,bleeding-hollow,96,warlock,demonology,6,1,5
Malzahard,ragnaros,96,warlock,demonology,6,1,5
Uggaboogga,malganis,96,warlock,demonology,6,1,5
Zerosix,sargeras,96,warlock,demonology,6,1,5
Bfaclâssic,zuljin,96,warlock,demonology,6,1,5
Wakingdead,mugthol,96,warlock,demonology,6,1,5
Bonetangler,thrall,96,warlock,demonology,6,1,5
Quinsnyder,zuljin,96,warlock,demonology,6,1,5
Glizzÿ,thrall,96,warlock,demonology,6,1,5
Repláced,thrall,96,warlock,demonology,6,1,5
Perkz,moon-guard,96,warlock,demonology,6,1,5
Bmó,stormrage,96,warlock,demonology,6,1,5
Xalithra,moon-guard,96,warlock,demonology,6,1,5
Amauder,moon-guard,96,warlock,demonology,6,1,5
Thinkchair,sargeras,96,warlock,demonology,6,1,5
Borthrel,moon-guard,96,warlock,demonology,6,1,5
Eriss,exodar,96,warlock,demonology,6,1,5
Decrepticus,kargath,96,warlock,demonology,6,1,5
Kajayak,nazjatar,96,warlock,demonology,6,1,5
Fluximilian,azralon,96,warlock,demonology,7,1,6
Vèigarr,frostmourne,96,warlock,demonology,9,1,8
Resima,stormscale,96,warlock,demonology,13,1,12
Kecca,azralon,96,warlock,demonology,15,1,14
Hecataeus,proudmoore,63,warlock,demonology,8,2,6
Aerindell,dalaran,48,warlock,demonology,3,1,2
Shaurial,zuljin,48,warlock,demonology,3,1,2
Eternitty,nemesis,42,warlock,demonology,11,3,8
Locksyy,tichondrius,31,warlock,demonology,2,1,1
Synysta,tichondrius,31,warlock,demonology,2,1,1
Warlow,mugthol,31,warlock,demonology,8,1,7
Camila,lightnings-blade,16,warlock,demonology,1,1,0
Nosw,bleeding-hollow,2395,warlock,destruction,114,72,42
Voidchaos,whisperwind,2392,warlock,destruction,205,119,86
Slipnslide,malganis,2357,warlock,destruction,83,55,28
Nos,bleeding-hollow,2351,warlock,destruction,100,64,36
Drexia,tichondrius,2349,warlock,destruction,107,74,33
Hahahahahha,stormrage,2317,warlock,destruction,83,53,30
Rightwaylovê,illidan,2294,warlock,destruction,149,87,62
Reverence,tichondrius,2283,warlock,destruction,101,64,37
Mengqil,tichondrius,2267,warlock,destruction,114,64,50
Singleaf,stormrage,2255,warlock,destruction,98,57,41
Demonicxs,area-52,2248,warlock,destruction,173,95,78
Dannyl,tichondrius,2241,warlock,destruction,78,50,28
Ihavestds,tichondrius,2213,warlock,destruction,66,40,26
Diabolicalz,sargeras,2213,warlock,destruction,117,65,52
Kamohoalii,bleeding-hollow,2210,warlock,destruction,102,62,40
Slantsix,tichondrius,2198,warlock,destruction,90,50,40
Mclovn,suramar,2197,warlock,destruction,203,109,94
Mcdudebro,malganis,2192,warlock,destruction,72,45,27
Turiggyjr,tichondrius,2187,warlock,destruction,89,49,40
Warzog,wyrmrest-accord,2186,warlock,destruction,78,49,29
Etuskaa,tichondrius,2181,warlock,destruction,163,94,69
Butteredbun,stormrage,2179,warlock,destruction,192,111,81
Jonboyy,illidan,2178,warlock,destruction,171,90,81
Stingzz,azralon,2169,warlock,destruction,72,45,27
Heckindoggø,tichondrius,2165,warlock,destruction,87,48,39
Disgustingfk,illidan,2162,warlock,destruction,120,74,46
Spicywhite,tichondrius,2162,warlock,destruction,85,48,37
Søülætër,bleeding-hollow,2161,warlock,destruction,66,42,24
Sourslock,shadowsong,2158,warlock,destruction,108,70,38
Impenjoyer,tichondrius,2154,warlock,destruction,66,41,25
Playßøy,area-52,2154,warlock,destruction,78,45,33
Cc,hellscream,2152,warlock,destruction,190,117,73
Luvana,kelthuzad,2152,warlock,destruction,137,81,56
Forestfruit,tichondrius,2147,warlock,destruction,54,35,19
Truetime,tichondrius,2147,warlock,destruction,84,46,38
Woahlock,thrall,2146,warlock,destruction,64,40,24
Ihatemyson,tichondrius,2144,warlock,destruction,59,33,26
Gimmeprecog,tichondrius,2143,warlock,destruction,74,45,29
Ellynaria,nemesis,2142,warlock,destruction,78,51,27
Usainboltzz,tichondrius,2137,warlock,destruction,71,49,22
Notprint,sargeras,2136,warlock,destruction,66,42,24
Tomatobob,thrall,2136,warlock,destruction,84,44,40
Igortrikadva,zuljin,2135,warlock,destruction,72,43,29
Leredi,stormrage,2135,warlock,destruction,146,78,68
Yifaruhún,illidan,2132,warlock,destruction,78,58,20
Cux,malganis,2131,warlock,destruction,89,47,42
Deideimeow,illidan,2130,warlock,destruction,65,42,23
Darthael,stormrage,2130,warlock,destruction,188,112,76
Butterboyx,stormrage,2129,warlock,destruction,83,51,32
Drâkedog,illidan,2128,warlock,destruction,66,38,28
Medzor,tichondrius,2128,warlock,destruction,93,53,40
Loopsy,stormrage,2126,warlock,destruction,115,64,51
Sockems,guldan,2125,warlock,destruction,90,51,39
Demonman,kirin-tor,2124,warlock,destruction,72,41,31
Dodgeykun,khaz-modan,2123,warlock,destruction,83,53,30
Rizzard,lightnings-blade,2123,warlock,destruction,107,64,43
Oopsprecog,tichondrius,2123,warlock,destruction,120,64,56
Horror,moon-guard,2123,warlock,destruction,93,47,46
Zyzx,malganis,2120,warlock,destruction,59,37,22
Neruvian,tichondrius,2120,warlock,destruction,66,39,27
Insanetroll,stormrage,2119,warlock,destruction,78,54,24
Hudwinx,illidan,2119,warlock,destruction,78,47,31
Drakedogee,illidan,2119,warlock,destruction,66,35,31
Äran,azralon,2119,warlock,destruction,72,36,36
Bananapan,tichondrius,2116,warlock,destruction,66,44,22
Starta,tichondrius,2116,warlock,destruction,66,39,27
Dyenamik,stormrage,2116,warlock,destruction,65,36,29
Minglocked,proudmoore,2114,warlock,destruction,54,37,17
Usurpest,bleeding-hollow,2114,warlock,destruction,79,50,29
Realgodlock,proudmoore,2114,warlock,destruction,170,94,76
Dean,frostmourne,2111,warlock,destruction,66,33,33
Instabilityx,tichondrius,2110,warlock,destruction,77,48,29
Alucarduo,emerald-dream,2110,warlock,destruction,72,39,33
Ghoul,demon-soul,2109,warlock,destruction,60,35,25
Solwl,shandris,2109,warlock,destruction,48,27,21
Dxxz,tichondrius,2109,warlock,destruction,115,63,52
Thumperrz,frostmourne,2108,warlock,destruction,89,47,42
Mjn,tichondrius,2107,warlock,destruction,100,51,49
Chaosboltex,tichondrius,2106,warlock,destruction,72,41,31
Vapeboi,bleeding-hollow,2106,warlock,destruction,84,47,37
Jcm,hyjal,2104,warlock,destruction,59,41,18
Dottle,frostmourne,2104,warlock,destruction,66,39,27
Whodatman,illidan,2103,warlock,destruction,60,41,19
Dae,burning-legion,2103,warlock,destruction,59,38,21
Bufflockmore,tichondrius,2103,warlock,destruction,112,62,50
Kaytoxic,tichondrius,2103,warlock,destruction,72,39,33
Babyaga,illidan,2103,warlock,destruction,97,48,49
Ohmend,thrall,2102,warlock,destruction,69,45,24
Disembolt,illidan,2102,warlock,destruction,66,41,25
Rainbowdate,tichondrius,2101,warlock,destruction,36,29,7
Implify,tichondrius,2101,warlock,destruction,142,73,69
Isodjdojk,sargeras,2100,warlock,destruction,76,43,33
Abrocket,alleria,2098,warlock,destruction,106,55,51
Sonlyc,tichondrius,2098,warlock,destruction,102,52,50
Realization,illidan,2090,warlock,destruction,36,27,9
Colombø,gallywix,2090,warlock,destruction,175,93,82
Rizzofsparta,stormrage,2086,warlock,destruction,66,41,25
Xavier,wyrmrest-accord,2083,warlock,destruction,105,58,47
Marcelium,greymane,2082,warlock,destruction,59,38,21
Xiyangpvp,tichondrius,2079,warlock,destruction,90,46,44
Locean,tichondrius,2074,warlock,destruction,112,60,52
Thugonomicz,demon-soul,2071,warlock,destruction,54,37,17
Quinsnyder,zuljin,2071,warlock,destruction,186,94,92
Felfeels,area-52,2065,warlock,destruction,96,58,38
Demofire,tichondrius,2063,warlock,destruction,63,39,24
Kaidow,tichondrius,2062,warlock,destruction,108,66,42
Nvlnx,tichondrius,2058,warlock,destruction,119,66,53
Nightmanx,sargeras,2057,warlock,destruction,101,54,47
Revenid,tichondrius,2049,warlock,destruction,72,42,30
Pillçosby,bleeding-hollow,2049,warlock,destruction,222,111,111
Alchandil,tichondrius,2047,warlock,destruction,60,39,21
Koitis,tichondrius,2046,warlock,destruction,74,45,29
Foresthills,sargeras,2044,warlock,destruction,96,50,46
Uwantpeach,tichondrius,2043,warlock,destruction,46,34,12
Brainless,tichondrius,2040,warlock,destruction,109,66,43
Marshyw,tichondrius,2039,warlock,destruction,54,31,23
Napiersdot,tichondrius,2039,warlock,destruction,78,41,37
Sinápsís,ragnaros,2035,warlock,destruction,54,36,18
Ðlrwêcïûj,stormrage,2034,warlock,destruction,66,44,22
Epícburn,illidan,2031,warlock,destruction,54,31,23
Salanzø,bleeding-hollow,2030,warlock,destruction,60,35,25
Mazewl,illidan,2027,warlock,destruction,105,68,37
Scørrgx,azralon,2021,warlock,destruction,84,43,41
Hrrpeuh,zuljin,2017,warlock,destruction,88,46,42
Duukka,malganis,2015,warlock,destruction,96,53,43
Zeari,sargeras,2014,warlock,destruction,115,59,56
Xertling,sargeras,2012,warlock,destruction,61,44,17
Grandmama,tichondrius,2012,warlock,destruction,65,40,25
Kryl,kiljaeden,2007,warlock,destruction,54,33,21
Babybolt,frostmourne,2005,warlock,destruction,102,50,52
Ztlivid,area-52,2003,warlock,destruction,143,84,59
Vyrecks,hyjal,2001,warlock,destruction,83,47,36
Maureenn,mannoroth,2000,warlock,destruction,97,52,45
Warlockwars,amanthul,1997,warlock,destruction,208,108,100
Darkmagicc,tichondrius,1995,warlock,destruction,96,48,48
Ribman,stormrage,1992,warlock,destruction,66,32,34
Qp,thrall,1989,warlock,destruction,36,27,9
Breeped,tichondrius,1989,warlock,destruction,114,69,45
Kaytoxics,tichondrius,1988,warlock,destruction,24,21,3
Sarcophagus,duskwood,1987,warlock,destruction,168,83,85
Hollowl,tichondrius,1986,warlock,destruction,83,55,28
Sitomey,emerald-dream,1982,warlock,destruction,66,38,28
Tacobelf,magtheridon,1980,warlock,destruction,129,73,56
Venticm,tichondrius,1979,warlock,destruction,54,35,19
Zhul,nerzhul,1979,warlock,destruction,63,40,23
Sereniaa,sargeras,1977,warlock,destruction,56,32,24
Fotmspec,area-52,1976,warlock,destruction,66,46,20
Narila,firetree,1976,warlock,destruction,48,29,19
Hàrrydotter,darkspear,1975,warlock,destruction,94,52,42
Tichonkimc,tichondrius,1973,warlock,destruction,92,47,45
Calvarr,bleeding-hollow,1970,warlock,destruction,77,45,32
Wzxx,tichondrius,1968,warlock,destruction,171,95,76
Destroyy,greymane,1968,warlock,destruction,54,30,24
Kruxxqt,illidan,1968,warlock,destruction,286,148,138
Nðm,tichondrius,1968,warlock,destruction,114,57,57
Pigii,tichondrius,1967,warlock,destruction,42,28,14
Idotû,tichondrius,1967,warlock,destruction,209,108,101
Salival,chogall,1965,warlock,destruction,51,36,15
Dazu,illidan,1965,warlock,destruction,125,66,59
Mizmagius,moon-guard,1965,warlock,destruction,65,31,34
Hellsparks,malganis,1964,warlock,destruction,54,33,21
Payn,kiljaeden,1962,warlock,destruction,102,51,51
Eav,area-52,1961,warlock,destruction,60,39,21
Boltsnhoes,illidan,1961,warlock,destruction,78,46,32
Genzy,tichondrius,1960,warlock,destruction,120,61,59
Radicalz,ragnaros,1959,warlock,destruction,55,30,25
Blackyeonnam,tichondrius,1959,warlock,destruction,86,46,40
Albbanoo,tichondrius,1958,warlock,destruction,149,78,71
Drböb,area-52,1955,warlock,destruction,54,31,23
Deadlpoo,stormscale,1954,warlock,destruction,178,92,86
Seangnong,tichondrius,1953,warlock,destruction,54,34,20
Heresucacok,frostmourne,1947,warlock,destruction,36,22,14
Kyranu,tichondrius,1945,warlock,destruction,120,62,58
Rakshama,chogall,1944,warlock,destruction,45,26,19
Zyltan,tichondrius,1938,warlock,destruction,36,25,11
Balveer,tichondrius,1937,warlock,destruction,35,21,14
Vileröze,zuljin,1934,warlock,destruction,96,53,43
Roxmysox,darkspear,1930,warlock,destruction,102,54,48
Beegbeechy,nesingwary,1929,warlock,destruction,72,41,31
Bismorc,frostmourne,1928,warlock,destruction,52,31,21
Archimondee,rivendare,1928,warlock,destruction,84,42,42
Sweatystain,tichondrius,1923,warlock,destruction,105,62,43
Yuoalx,tichondrius,1922,warlock,destruction,72,38,34
Intentionz,sargeras,1921,warlock,destruction,65,39,26
Kaelith,kelthuzad,1920,warlock,destruction,103,53,50
Deathair,tichondrius,1918,warlock,destruction,54,31,23
Il,nerzhul,1915,warlock,destruction,30,25,5
Cvoaw,bonechewer,1915,warlock,destruction,84,44,40
Benafflockz,kelthuzad,1913,warlock,destruction,71,44,27
Ignorai,illidan,1913,warlock,destruction,148,82,66
Dxhusky,tichondrius,1912,warlock,destruction,66,37,29
Freddiewill,tichondrius,1911,warlock,destruction,113,67,46
Panna,tichondrius,1911,warlock,destruction,284,144,140
Audition,ragnaros,1910,warlock,destruction,114,55,59
Drugmuffin,tichondrius,1908,warlock,destruction,54,31,23
Dreadful,frostmourne,1907,warlock,destruction,81,49,32
Reneqtxo,frostmourne,1906,warlock,destruction,92,60,32
Whatisthis,tichondrius,1906,warlock,destruction,36,20,16
Yoyoyosup,stormrage,1905,warlock,destruction,48,32,16
Coilsinfive,tichondrius,1904,warlock,destruction,42,27,15
Famerap,tichondrius,1902,warlock,destruction,42,29,13
Sosahawk,stormrage,1902,warlock,destruction,143,90,53
Laiquisha,zuljin,1900,warlock,destruction,49,29,20
Ozmat,spirestone,1900,warlock,destruction,36,20,16
Amez,grizzly-hills,1900,warlock,destruction,60,33,27
Bigjmmywiggl,illidan,1898,warlock,destruction,109,67,42
Tott,hellscream,1898,warlock,destruction,50,26,24
Scatz,sargeras,1897,warlock,destruction,36,33,3
Fingerslock,malganis,1897,warlock,destruction,102,52,50
Chaosbolt,bloodhoof,1894,warlock,destruction,84,43,41
Belandyr,stormrage,1893,warlock,destruction,36,20,16
Bakko,tichondrius,1892,warlock,destruction,42,34,8
Stilltrilly,tichondrius,1892,warlock,destruction,36,25,11
Shadowhax,area-52,1889,warlock,destruction,110,56,54
Warsmock,tichondrius,1887,warlock,destruction,49,28,21
Truenatestes,proudmoore,1886,warlock,destruction,133,65,68
Naughtybolts,sargeras,1884,warlock,destruction,59,41,18
Toggafputuhs,illidan,1884,warlock,destruction,42,26,16
Madthelock,sargeras,1884,warlock,destruction,42,20,22
Maadhum,illidan,1884,warlock,destruction,78,33,45
Jfet,sargeras,1883,warlock,destruction,35,24,11
Darkjambii,tichondrius,1883,warlock,destruction,58,37,21
Zettian,quelthalas,1883,warlock,destruction,54,30,24
Warcalk,stormrage,1882,warlock,destruction,60,37,23
Bigulinhos,nemesis,1881,warlock,destruction,48,27,21
Mayelinvail,moon-guard,1881,warlock,destruction,115,64,51
Vexe,tichondrius,1880,warlock,destruction,38,29,9
Çxb,tichondrius,1879,warlock,destruction,89,50,39
Humanwarlock,spirestone,1879,warlock,destruction,57,32,25
Neverending,malganis,1878,warlock,destruction,49,28,21
Drazh,area-52,1876,warlock,destruction,63,36,27
Tommybahama,velen,1875,warlock,destruction,70,42,28
Evilclass,tichondrius,1874,warlock,destruction,60,42,18
Illinkin,illidan,1874,warlock,destruction,144,84,60
Pikslol,bleeding-hollow,1874,warlock,destruction,48,27,21
Lopenx,korgath,1874,warlock,destruction,164,82,82
Dommön,ragnaros,1874,warlock,destruction,90,45,45
Løckyun,tichondrius,1873,warlock,destruction,30,24,6
Dottcha,blackrock,1873,warlock,destruction,90,48,42
Locodwarf,frostmourne,1873,warlock,destruction,274,136,138
Zarinista,veknilash,1872,warlock,destruction,91,47,44
Kartharian,wyrmrest-accord,1872,warlock,destruction,166,85,81
Twinklockxx,mannoroth,1872,warlock,destruction,143,66,77
Millidots,bleeding-hollow,1871,warlock,destruction,60,35,25
Hommer,tichondrius,1870,warlock,destruction,57,34,23
Bigdamege,tichondrius,1870,warlock,destruction,67,39,28
Ñpç,bleeding-hollow,1870,warlock,destruction,89,48,41
Nasn,black-dragonflight,1868,warlock,destruction,74,48,26
Amazingamez,sargeras,1867,warlock,destruction,78,42,36
Inmøtion,tichondrius,1867,warlock,destruction,48,25,23
Wodwarlock,thrall,1866,warlock,destruction,33,23,10
Charlieo,barthilas,1865,warlock,destruction,126,72,54
Pheadas,deathwing,1865,warlock,destruction,42,20,22
Footyl,stormrage,1864,warlock,destruction,54,39,15
Palumorl,deathwing,1864,warlock,destruction,36,23,13
Drakwlya,tichondrius,1859,warlock,destruction,48,30,18
Dottx,frostmourne,1856,warlock,destruction,48,32,16
Luhgëek,tichondrius,1856,warlock,destruction,47,29,18
Zadelyn,whisperwind,1855,warlock,destruction,30,23,7
Snerp,frostmourne,1855,warlock,destruction,135,78,57
Soulrulerxc,tichondrius,1854,warlock,destruction,42,27,15
Mongobros,illidan,1853,warlock,destruction,54,35,19
Darksummoner,kaelthas,1853,warlock,destruction,84,46,38
Immolate,eitrigg,1852,warlock,destruction,48,29,19
Milkdrunk,blackrock,1852,warlock,destruction,119,61,58
Dragoska,kiljaeden,1851,warlock,destruction,60,38,22
Eqx,illidan,1851,warlock,destruction,60,34,26
Naughtybôlts,sargeras,1850,warlock,destruction,57,39,18
Mistrnesbitt,malganis,1850,warlock,destruction,48,25,23
Synkz,blood-furnace,1849,warlock,destruction,42,24,18
Pernicious,bladefist,1849,warlock,destruction,221,104,117
Gløcked,area-52,1848,warlock,destruction,30,20,10
Threeinches,kelthuzad,1848,warlock,destruction,170,100,70
Mycelium,greymane,1848,warlock,destruction,34,20,14
Brazlem,blackrock,1846,warlock,destruction,49,34,15
Verbzz,tichondrius,1846,warlock,destruction,36,23,13
Krokusx,illidan,1846,warlock,destruction,156,88,68
Corkeý,azuremyst,1846,warlock,destruction,90,49,41
Lemmepvponu,illidan,1846,warlock,destruction,59,28,31
Demonicsnap,bleeding-hollow,1845,warlock,destruction,130,75,55
Omegapasta,illidan,1845,warlock,destruction,84,42,42
Eskyx,tichondrius,1845,warlock,destruction,53,26,27
Eldenjohn,proudmoore,1844,warlock,destruction,30,24,6
Zírds,stormrage,1844,warlock,destruction,60,33,27
Starwitch,darkspear,1844,warlock,destruction,119,57,62
Boxtrolls,ragnaros,1843,warlock,destruction,48,28,20
Sithaholic,wildhammer,1843,warlock,destruction,72,39,33
Chilipeppa,wyrmrest-accord,1842,warlock,destruction,36,27,9
Jierd,tichondrius,1842,warlock,destruction,52,32,20
Herpalock,illidan,1842,warlock,destruction,78,34,44
Rocketman,hydraxis,1841,warlock,destruction,48,32,16
Vialdkaseun,muradin,1841,warlock,destruction,47,28,19
Kayersoul,tichondrius,1841,warlock,destruction,36,20,16
Cosmosxx,illidan,1840,warlock,destruction,54,37,17
Benafflockzz,kelthuzad,1840,warlock,destruction,66,44,22
Indelock,drenden,1840,warlock,destruction,42,24,18
Marware,quelthalas,1840,warlock,destruction,48,25,23
Razlock,moon-guard,1839,warlock,destruction,224,123,101
Enter,saurfang,1838,warlock,destruction,36,24,12
Jaspieno,illidan,1838,warlock,destruction,48,29,19
Philsbad,lightbringer,1837,warlock,destruction,122,70,52
Dragonixs,ragnaros,1837,warlock,destruction,96,53,43
Dxhusky,illidan,1837,warlock,destruction,60,32,28
Kekbolt,tichondrius,1836,warlock,destruction,53,33,20
Deathcoill,frostmourne,1836,warlock,destruction,54,32,22
Wife,bleeding-hollow,1836,warlock,destruction,60,31,29
Sibëria,quelthalas,1835,warlock,destruction,48,35,13
Badstep,tichondrius,1835,warlock,destruction,51,30,21
Scathey,area-52,1835,warlock,destruction,162,95,67
Tonyxx,tichondrius,1835,warlock,destruction,112,58,54
Goal,malganis,1835,warlock,destruction,50,25,25
Gigabiga,area-52,1834,warlock,destruction,24,20,4
Soragen,barthilas,1834,warlock,destruction,54,37,17
Curse,agamaggan,1834,warlock,destruction,120,69,51
Gotthmog,nerzhul,1833,warlock,destruction,48,30,18
Dustywlx,area-52,1833,warlock,destruction,79,46,33
Dotorama,sargeras,1832,warlock,destruction,53,33,20
Cumbledor,bleeding-hollow,1831,warlock,destruction,44,23,21
Scarified,illidan,1831,warlock,destruction,72,34,38
Buu,veknilash,1830,warlock,destruction,54,33,21
Barovir,tichondrius,1830,warlock,destruction,54,33,21
Rhelialock,stormrage,1830,warlock,destruction,36,21,15
Brillina,windrunner,1829,warlock,destruction,60,30,30
Nezlock,moon-guard,1829,warlock,destruction,92,45,47
Koramoz,area-52,1828,warlock,destruction,176,92,84
Chaosbôlt,proudmoore,1827,warlock,destruction,120,66,54
Dadtired,tichondrius,1826,warlock,destruction,36,29,7
Shequita,stormrage,1825,warlock,destruction,48,37,11
Agaros,zuljin,1825,warlock,destruction,49,30,19
Necroboi,alterac-mountains,1825,warlock,destruction,52,29,23
Kissmybolts,frostmourne,1825,warlock,destruction,83,42,41
Dàmagicman,drakthul,1824,warlock,destruction,48,32,16
Emospec,chogall,1824,warlock,destruction,54,35,19
Exilegd,proudmoore,1824,warlock,destruction,89,57,32
Dipicrowcaw,tichondrius,1822,warlock,destruction,24,19,5
Ændrew,darkspear,1822,warlock,destruction,53,35,18
Hakai,bleeding-hollow,1822,warlock,destruction,92,57,35
Stankybootie,malganis,1821,warlock,destruction,36,22,14
Tm,dalaran,1820,warlock,destruction,53,34,19
Soulbane,jubeithos,1820,warlock,destruction,30,19,11
Róckroad,lightnings-blade,1820,warlock,destruction,42,26,16
Bolsheivik,dentarg,1820,warlock,destruction,88,52,36
Evilempire,sargeras,1820,warlock,destruction,54,30,24
Nahalmaeim,tichondrius,1819,warlock,destruction,37,25,12
Azaradx,sargeras,1819,warlock,destruction,84,54,30
Yipláw,stormrage,1819,warlock,destruction,36,23,13
Puginlock,illidan,1819,warlock,destruction,60,38,22
Chazzlock,area-52,1819,warlock,destruction,30,19,11
Slurpme,stormscale,1819,warlock,destruction,48,30,18
Thegodd,nemesis,1819,warlock,destruction,66,31,35
Vamprixlz,illidan,1818,warlock,destruction,49,34,15
Lamaso,area-52,1818,warlock,destruction,66,43,23
Haì,illidan,1818,warlock,destruction,60,37,23
Gucciflops,bleeding-hollow,1818,warlock,destruction,60,29,31
Bumbleebolt,azralon,1817,warlock,destruction,24,19,5
Firenzy,dalaran,1817,warlock,destruction,67,39,28
Antinurse,bleeding-hollow,1817,warlock,destruction,78,45,33
Dralok,area-52,1817,warlock,destruction,66,38,28
Lockonomicz,tichondrius,1817,warlock,destruction,42,24,18
Feinnx,dalaran,1817,warlock,destruction,70,38,32
Zehoc,thrall,1817,warlock,destruction,102,55,47
Derok,bleeding-hollow,1817,warlock,destruction,277,144,133
Wraithlord,chogall,1816,warlock,destruction,51,32,19
Reallymagic,malganis,1816,warlock,destruction,106,63,43
Doclove,destromath,1816,warlock,destruction,149,83,66
Noxfear,azralon,1815,warlock,destruction,72,51,21
Leeroydots,area-52,1815,warlock,destruction,60,40,20
Dunnin,dalaran,1815,warlock,destruction,36,22,14
Savlonicsego,stormrage,1815,warlock,destruction,78,45,33
Brujoalfa,ragnaros,1815,warlock,destruction,163,92,71
Frappucino,wyrmrest-accord,1814,warlock,destruction,30,23,7
Espanyolo,zuljin,1814,warlock,destruction,72,50,22
Shinjuro,stormrage,1814,warlock,destruction,36,24,12
Nozyroh,emerald-dream,1814,warlock,destruction,41,25,16
Slpxoxo,sargeras,1814,warlock,destruction,54,30,24
Crayonchewer,alleria,1814,warlock,destruction,60,31,29
Zaef,kelthuzad,1814,warlock,destruction,88,45,43
Wiredftw,illidan,1813,warlock,destruction,30,19,11
Sacalawia,drakkari,1813,warlock,destruction,45,27,18
Birez,kelthuzad,1813,warlock,destruction,98,56,42
Monika,anetheron,1813,warlock,destruction,58,32,26
Homeboyardee,the-venture-co,1813,warlock,destruction,60,31,29
Bodhisage,kelthuzad,1812,warlock,destruction,24,19,5
Zauber,magtheridon,1812,warlock,destruction,44,29,15
Destructio,tichondrius,1812,warlock,destruction,54,31,23
Symaitiel,azralon,1812,warlock,destruction,84,47,37
Bellaswans,hyjal,1811,warlock,destruction,54,33,21
Naroy,malygos,1811,warlock,destruction,38,21,17
Mcrfan,illidan,1810,warlock,destruction,29,24,5
Tìdals,zuljin,1810,warlock,destruction,44,28,16
Alchan,tichondrius,1810,warlock,destruction,65,38,27
Fartymårty,tichondrius,1810,warlock,destruction,36,21,15
Omnireaper,tichondrius,1810,warlock,destruction,54,29,25
Berkz,stormrage,1810,warlock,destruction,66,33,33
Feetsampler,stormrage,1810,warlock,destruction,58,28,30
Oof,dalaran,1809,warlock,destruction,30,22,8
Ashlet,kelthuzad,1809,warlock,destruction,48,30,18
Brutalsummon,frostmourne,1809,warlock,destruction,105,59,46
Emeraldflame,turalyon,1808,warlock,destruction,60,44,16
Deammon,tichondrius,1808,warlock,destruction,54,37,17
Fanzhiyi,illidan,1808,warlock,destruction,43,27,16
Daimonic,bronzebeard,1808,warlock,destruction,84,52,32
Blackchinese,zuljin,1808,warlock,destruction,138,73,65
Niava,tichondrius,1808,warlock,destruction,54,28,26
Oldwing,illidan,1808,warlock,destruction,119,60,59
Kyrmax,malganis,1808,warlock,destruction,126,62,64
Drthiccbolts,malganis,1807,warlock,destruction,47,29,18
Drdoom,sargeras,1807,warlock,destruction,36,22,14
Cheqmate,moon-guard,1807,warlock,destruction,61,36,25
Xivra,thrall,1807,warlock,destruction,59,34,25
Aidadeshu,tichondrius,1807,warlock,destruction,60,32,28
Almostoogood,illidan,1806,warlock,destruction,30,19,11
Elfwarlock,aerie-peak,1806,warlock,destruction,40,25,15
Åbyssal,stormrage,1806,warlock,destruction,159,94,65
Belenas,tichondrius,1806,warlock,destruction,48,28,20
Amgs,frostmourne,1806,warlock,destruction,167,88,79
Nigthdeath,nemesis,1806,warlock,destruction,173,91,82
Rotshtëin,tichondrius,1806,warlock,destruction,173,91,82
Klumzey,tichondrius,1805,warlock,destruction,61,38,23
Döremi,tichondrius,1805,warlock,destruction,48,28,20
Veleza,kiljaeden,1805,warlock,destruction,82,47,35
Wampeter,azshara,1805,warlock,destruction,66,35,31
Darkwidow,sargeras,1805,warlock,destruction,188,94,94
Vulcke,kelthuzad,1805,warlock,destruction,47,23,24
Cenich,darkspear,1804,warlock,destruction,67,43,24
Trixtah,illidan,1804,warlock,destruction,36,23,13
Meatmanxtrem,sargeras,1804,warlock,destruction,60,33,27
Expiredfood,stormreaver,1803,warlock,destruction,42,26,16
Bod,bleeding-hollow,1803,warlock,destruction,42,24,18
Neghros,illidan,1803,warlock,destruction,101,52,49
Wwlock,area-52,1803,warlock,destruction,122,62,60
Scârecrow,stormrage,1802,warlock,destruction,72,46,26
Farathos,ragnaros,1802,warlock,destruction,138,82,56
Struggles,emerald-dream,1802,warlock,destruction,159,85,74
Mamosa,stormrage,1801,warlock,destruction,72,52,20
Slurper,frostwolf,1801,warlock,destruction,30,19,11
Romdi,tichondrius,1801,warlock,destruction,52,32,20
Geekmonster,tichondrius,1801,warlock,destruction,54,33,21
Rettek,bleeding-hollow,1801,warlock,destruction,48,27,21
Frightbright,sargeras,1801,warlock,destruction,45,25,20
Enkryption,dalaran,1801,warlock,destruction,42,23,19
Seltzi,illidan,1801,warlock,destruction,47,25,22
Dauntx,proudmoore,1801,warlock,destruction,66,33,33
Necrochemist,frostmane,1800,warlock,destruction,24,19,5
Xervas,frostmourne,1800,warlock,destruction,54,33,21
Soulbane,nemesis,1800,warlock,destruction,36,22,14
Warmstreak,blackrock,1800,warlock,destruction,48,28,20
Lapidate,malganis,1800,warlock,destruction,59,33,26
Leruss,zangarmarsh,1800,warlock,destruction,55,30,25
Doughnut,mugthol,1798,warlock,destruction,78,44,34
Gianni,chogall,1798,warlock,destruction,66,36,30
Sherlóck,duskwood,1798,warlock,destruction,54,28,26
Cróhns,bleeding-hollow,1797,warlock,destruction,139,86,53
Kogath,thunderlord,1796,warlock,destruction,116,66,50
Barbieelf,sargeras,1795,warlock,destruction,210,110,100
Puchador,sargeras,1795,warlock,destruction,144,74,70
Aryoc,ragnaros,1793,warlock,destruction,84,51,33
Krikxy,tichondrius,1793,warlock,destruction,56,31,25
Shutkax,sargeras,1791,warlock,destruction,36,27,9
Feardotjpg,stormrage,1791,warlock,destruction,42,29,13
Shadøwy,nemesis,1791,warlock,destruction,184,102,82
Kyleslock,illidan,1790,warlock,destruction,29,21,8
Demondisco,tichondrius,1790,warlock,destruction,36,23,13
Badhombre,tichondrius,1786,warlock,destruction,42,29,13
Løcalplugxø,barthilas,1786,warlock,destruction,125,80,45
Whitexzz,tichondrius,1786,warlock,destruction,42,24,18
Mjndewb,tichondrius,1784,warlock,destruction,42,31,11
Deathhawkz,ravencrest,1784,warlock,destruction,36,24,12
Wreyz,mannoroth,1783,warlock,destruction,72,39,33
Nevermindxd,barthilas,1783,warlock,destruction,66,32,34
Positivity,thunderhorn,1782,warlock,destruction,48,30,18
Missmonday,tichondrius,1782,warlock,destruction,59,35,24
Tonnon,stormrage,1782,warlock,destruction,84,47,37
Sidgnosis,stormrage,1782,warlock,destruction,213,113,100
Ercaz,frostmourne,1781,warlock,destruction,42,20,22
Duckboji,tichondrius,1780,warlock,destruction,56,33,23
Latchlock,malganis,1780,warlock,destruction,203,109,94
Dupapad,stormrage,1780,warlock,destruction,65,31,34
Yeepzbytre,bleeding-hollow,1779,warlock,destruction,60,40,20
Wineburger,frostmourne,1779,warlock,destruction,60,40,20
Jakjub,kelthuzad,1778,warlock,destruction,54,31,23
Grq,stormrage,1775,warlock,destruction,69,43,26
Hellparks,malganis,1774,warlock,destruction,42,27,15
Suaveaye,tichondrius,1774,warlock,destruction,60,32,28
Loksoflove,tichondrius,1773,warlock,destruction,30,21,9
Screwed,tichondrius,1773,warlock,destruction,96,49,47
Tenaciousd,malganis,1772,warlock,destruction,42,21,21
Alùcärd,tichondrius,1772,warlock,destruction,54,25,29
Azlloa,tichondrius,1771,warlock,destruction,42,27,15
Plasticware,korgath,1771,warlock,destruction,48,29,19
Andelaylas,tichondrius,1771,warlock,destruction,95,57,38
Twilson,moon-guard,1771,warlock,destruction,54,29,25
Karimbenzema,tichondrius,1770,warlock,destruction,48,28,20
Urukái,dalaran,1769,warlock,destruction,117,65,52
Glôck,lightbringer,1769,warlock,destruction,97,47,50
Gladyr,frostmourne,1768,warlock,destruction,54,28,26
Chaøz,bleeding-hollow,1767,warlock,destruction,36,24,12
Lifeinsuranc,tichondrius,1767,warlock,destruction,30,19,11
Trundle,area-52,1766,warlock,destruction,29,21,8
Mythdot,ragnaros,1764,warlock,destruction,191,104,87
Chaosjedi,stormrage,1764,warlock,destruction,99,49,50
Punstable,tichondrius,1763,warlock,destruction,121,65,56
Kakistocracy,kelthuzad,1761,warlock,destruction,30,23,7
Paparoxy,illidan,1761,warlock,destruction,60,30,30
Marshyxd,tichondrius,1759,warlock,destruction,48,23,25
Gottawiz,illidan,1758,warlock,destruction,60,32,28
Nick,llane,1757,warlock,destruction,36,23,13
Eggós,sargeras,1757,warlock,destruction,333,164,169
Aeaea,bleeding-hollow,1756,warlock,destruction,54,31,23
Chêrrypopper,proudmoore,1755,warlock,destruction,67,41,26
Squishyboy,tichondrius,1755,warlock,destruction,57,30,27
Ravëncläw,quelthalas,1755,warlock,destruction,67,35,32
Isoldmysoul,stormrage,1755,warlock,destruction,114,54,60
Flattsl,tichondrius,1755,warlock,destruction,84,39,45
Obliceress,crushridge,1754,warlock,destruction,42,26,16
Screampies,tichondrius,1754,warlock,destruction,46,27,19
Ibrroski,proudmoore,1753,warlock,destruction,24,20,4
Jenda,blackrock,1751,warlock,destruction,116,62,54
Covidmaster,frostmourne,1748,warlock,destruction,106,58,48
Lockfaceguy,agamaggan,1747,warlock,destruction,75,39,36
Qualio,thrall,1746,warlock,destruction,129,62,67
Devi,executus,1745,warlock,destruction,30,19,11
Magnetix,arthas,1744,warlock,destruction,175,90,85
Thinktank,tichondrius,1743,warlock,destruction,42,25,17
Carcøsa,malganis,1742,warlock,destruction,54,32,22
Flake,kelthuzad,1741,warlock,destruction,62,37,25
Halloweèn,kelthuzad,1741,warlock,destruction,131,74,57
Pkzy,azralon,1741,warlock,destruction,36,19,17
Bouldrlickr,dragonmaw,1740,warlock,destruction,48,30,18
Keylloggz,sargeras,1740,warlock,destruction,96,54,42
Zrok,bleeding-hollow,1738,warlock,destruction,60,29,31
Zimer,moon-guard,1737,warlock,destruction,72,43,29
Darkmagician,kelthuzad,1735,warlock,destruction,30,22,8
Hädes,frostwolf,1734,warlock,destruction,42,29,13
Doombaby,zuljin,1732,warlock,destruction,100,63,37
Mânuel,akama,1731,warlock,destruction,30,22,8
Keniiwood,quelthalas,1730,warlock,destruction,42,21,21
Midoolock,proudmoore,1729,warlock,destruction,60,40,20
Harmfuul,illidan,1728,warlock,destruction,45,28,17
Swapsfour,area-52,1727,warlock,destruction,30,19,11
Cloudynightz,tichondrius,1727,warlock,destruction,161,88,73
Galfear,malganis,1726,warlock,destruction,189,103,86
Mindrekt,azralon,1723,warlock,destruction,60,44,16
Daylyt,sargeras,1723,warlock,destruction,27,19,8
Popdotdropit,frostwolf,1723,warlock,destruction,72,42,30
Pillçosby,tichondrius,1721,warlock,destruction,30,18,12
Destructing,hyjal,1721,warlock,destruction,48,25,23
Infecçäo,stormrage,1720,warlock,destruction,113,67,46
Drwongmd,sargeras,1719,warlock,destruction,30,21,9
Chaoticchaos,kelthuzad,1719,warlock,destruction,29,19,10
Éx,jubeithos,1718,warlock,destruction,41,26,15
Verminosa,nemesis,1718,warlock,destruction,30,19,11
Ralerhard,kelthuzad,1718,warlock,destruction,58,35,23
Evanylock,proudmoore,1718,warlock,destruction,39,23,16
Agni,gurubashi,1718,warlock,destruction,126,66,60
Spooked,khadgar,1716,warlock,destruction,36,24,12
Kairiesmirk,illidan,1716,warlock,destruction,105,55,50
Naiyuan,tichondrius,1716,warlock,destruction,36,18,18
Ruination,cenarius,1715,warlock,destruction,36,18,18
Lockfoxyy,tichondrius,1714,warlock,destruction,30,21,9
Trengodx,area-52,1714,warlock,destruction,30,20,10
Zakhim,zuljin,1714,warlock,destruction,82,50,32
Podda,shuhalo,1713,warlock,destruction,47,29,18
Richãrdjr,area-52,1713,warlock,destruction,36,22,14
Evatar,malganis,1712,warlock,destruction,36,21,15
Hehimx,bleeding-hollow,1711,warlock,destruction,24,18,6
Mastasnipah,illidan,1711,warlock,destruction,42,22,20
Serveq,tichondrius,1710,warlock,destruction,103,58,45
Richãrd,area-52,1709,warlock,destruction,49,26,23
Destructo,illidan,1709,warlock,destruction,54,25,29
Shulol,tichondrius,1708,warlock,destruction,30,18,12
Ghettobeluga,area-52,1708,warlock,destruction,47,25,22
Wårløck,stormrage,1707,warlock,destruction,24,18,6
Cocaineparty,tichondrius,1707,warlock,destruction,53,29,24
Tacticalderp,bleeding-hollow,1706,warlock,destruction,36,18,18
Eggpower,tichondrius,1703,warlock,destruction,40,23,17
Rollup,turalyon,1702,warlock,destruction,30,18,12
Finalboss,tichondrius,1701,warlock,destruction,36,26,10
Wolfstein,tichondrius,1699,warlock,destruction,24,18,6
Conradlenoir,illidan,1699,warlock,destruction,36,23,13
Odjure,zuljin,1699,warlock,destruction,35,20,15
Painful,mannoroth,1699,warlock,destruction,150,79,71
Giantgobrin,zuljin,1699,warlock,destruction,60,31,29
Daartaru,quelthalas,1698,warlock,destruction,90,48,42
Sairic,azralon,1697,warlock,destruction,78,51,27
Azazil,malganis,1697,warlock,destruction,36,22,14
Fredwinsta,laughing-skull,1697,warlock,destruction,54,29,25
Uarus,tichondrius,1696,warlock,destruction,36,22,14
Hiddentech,saurfang,1696,warlock,destruction,36,20,16
Teivlol,mugthol,1696,warlock,destruction,36,18,18
Mchawi,tichondrius,1694,warlock,destruction,42,26,16
Vilebeing,frostmourne,1693,warlock,destruction,48,32,16
Nahz,tichondrius,1693,warlock,destruction,36,20,16
Balepyre,moon-guard,1692,warlock,destruction,42,26,16
Pk,azralon,1691,warlock,destruction,24,18,6
Dotandforget,tichondrius,1691,warlock,destruction,36,24,12
Siellisele,illidan,1691,warlock,destruction,48,25,23
Cbx,kelthuzad,1690,warlock,destruction,36,28,8
Aluaris,earthen-ring,1690,warlock,destruction,30,23,7
Chaosbeard,korgath,1690,warlock,destruction,62,36,26
Yidhra,aerie-peak,1689,warlock,destruction,105,57,48
Hynnis,nemesis,1687,warlock,destruction,54,36,18
Kâyn,area-52,1687,warlock,destruction,89,46,43
Lønewølf,sargeras,1687,warlock,destruction,72,36,36
Wafflezcb,frostmourne,1687,warlock,destruction,43,21,22
Dautenit,illidan,1687,warlock,destruction,66,32,34
Nùts,frostmourne,1686,warlock,destruction,36,23,13
Drain,proudmoore,1686,warlock,destruction,60,38,22
Bobbyshmurdå,frostmourne,1686,warlock,destruction,48,29,19
Contagion,dragonmaw,1685,warlock,destruction,36,20,16
Urukaix,sargeras,1683,warlock,destruction,36,23,13
Maggotworm,sargeras,1683,warlock,destruction,189,104,85
Sixv,barthilas,1682,warlock,destruction,42,28,14
Veklen,tichondrius,1682,warlock,destruction,40,24,16
Hellwish,tichondrius,1682,warlock,destruction,96,48,48
Muffîn,moon-guard,1681,warlock,destruction,103,62,41
Wayce,burning-blade,1681,warlock,destruction,154,83,71
Droptopp,malganis,1680,warlock,destruction,42,27,15
Guldansbicep,illidan,1679,warlock,destruction,45,26,19
Yaresly,kelthuzad,1678,warlock,destruction,38,25,13
Gavrhin,area-52,1678,warlock,destruction,41,26,15
Sakyameil,area-52,1678,warlock,destruction,42,25,17
Lïttle,stormrage,1678,warlock,destruction,81,48,33
Terrorbytes,frostmourne,1678,warlock,destruction,86,47,39
Breeak,sargeras,1676,warlock,destruction,48,31,17
Dipixd,tichondrius,1675,warlock,destruction,24,22,2
Feardadots,tichondrius,1674,warlock,destruction,69,46,23
Buboñic,area-52,1674,warlock,destruction,59,32,27
Uranusa,proudmoore,1674,warlock,destruction,96,45,51
Sdiaz,illidan,1673,warlock,destruction,36,23,13
Knockknock,llane,1673,warlock,destruction,42,22,20
Juicestarr,barthilas,1673,warlock,destruction,93,44,49
Booßiemiles,area-52,1672,warlock,destruction,157,92,65
Pyatpree,bleeding-hollow,1671,warlock,destruction,30,19,11
Mlxd,tichondrius,1670,warlock,destruction,24,19,5
Nocrackrocks,stormrage,1670,warlock,destruction,34,22,12
Kbolt,barthilas,1668,warlock,destruction,48,31,17
Ðiêsel,malganis,1668,warlock,destruction,57,32,25
Manapouli,area-52,1667,warlock,destruction,33,21,12
Levantine,barthilas,1667,warlock,destruction,45,24,21
Drksøul,barthilas,1666,warlock,destruction,77,52,25
Ifearjoo,vashj,1666,warlock,destruction,48,25,23
Iskiplegday,illidan,1666,warlock,destruction,107,45,62
Øutbreak,thrall,1665,warlock,destruction,34,22,12
Pigmahz,malganis,1665,warlock,destruction,65,34,31
Viralwashbrn,illidan,1665,warlock,destruction,42,21,21
Degred,tichondrius,1664,warlock,destruction,45,34,11
Làsko,area-52,1664,warlock,destruction,90,45,45
Olgee,tortheldrin,1663,warlock,destruction,53,30,23
Chnos,mugthol,1663,warlock,destruction,41,23,18
Vexidus,moon-guard,1662,warlock,destruction,54,31,23
Taneverah,wyrmrest-accord,1661,warlock,destruction,41,26,15
Dartthvader,azralon,1661,warlock,destruction,92,45,47
Fabiusbilex,tichondrius,1658,warlock,destruction,39,23,16
Bytezlk,area-52,1657,warlock,destruction,30,20,10
Sendnudez,nemesis,1657,warlock,destruction,53,30,23
Cbolt,tichondrius,1656,warlock,destruction,90,52,38
Pikme,bleeding-hollow,1656,warlock,destruction,42,23,19
Mephizar,moon-guard,1656,warlock,destruction,56,30,26
Deangood,tichondrius,1656,warlock,destruction,152,77,75
Revenus,tichondrius,1656,warlock,destruction,147,73,74
Mursay,tichondrius,1655,warlock,destruction,30,23,7
Steebi,tichondrius,1655,warlock,destruction,36,23,13
Favorite,malfurion,1655,warlock,destruction,36,21,15
Nooko,frostmourne,1655,warlock,destruction,48,25,23
Egirlgamer,sargeras,1653,warlock,destruction,72,43,29
Fece,area-52,1652,warlock,destruction,38,24,14
Warmandei,dalaran,1652,warlock,destruction,72,42,30
Denotate,zuljin,1652,warlock,destruction,91,47,44
Zoagen,ragnaros,1650,warlock,destruction,28,20,8
Lemonfire,area-52,1650,warlock,destruction,49,26,23
Lockniel,skullcrusher,1649,warlock,destruction,60,37,23
Absoluté,nemesis,1649,warlock,destruction,36,19,17
Getoffmedawg,illidan,1648,warlock,destruction,48,28,20
Royalmace,dethecus,1648,warlock,destruction,46,25,21
Noggét,frostmourne,1647,warlock,destruction,108,64,44
Reppedlock,illidan,1647,warlock,destruction,94,55,39
Vallàx,area-52,1647,warlock,destruction,114,57,57
Nt,burning-legion,1646,warlock,destruction,37,30,7
Cairo,emerald-dream,1646,warlock,destruction,219,115,104
Javirr,ragnaros,1645,warlock,destruction,65,39,26
Neverportx,kirin-tor,1645,warlock,destruction,36,21,15
Jussmollett,arygos,1645,warlock,destruction,119,63,56
Critthis,illidan,1644,warlock,destruction,35,25,10
Misolock,sargeras,1644,warlock,destruction,105,56,49
Revérence,sargeras,1644,warlock,destruction,41,21,20
Oblivious,firetree,1644,warlock,destruction,195,98,97
Ðemented,bleeding-hollow,1643,warlock,destruction,33,19,14
Sagatt,illidan,1643,warlock,destruction,71,39,32
Devilman,darkspear,1643,warlock,destruction,109,57,52
Debigbolt,area-52,1642,warlock,destruction,30,22,8
Fiddlesticks,draka,1642,warlock,destruction,54,36,18
Katrisse,aegwynn,1642,warlock,destruction,60,32,28
Tahmrin,quelthalas,1642,warlock,destruction,58,30,28
Lhandus,drakkari,1642,warlock,destruction,80,40,40
Chaosage,sargeras,1640,warlock,destruction,42,28,14
Luckehlock,firetree,1640,warlock,destruction,65,34,31
Agonie,tichondrius,1639,warlock,destruction,263,139,124
Fearmebro,bleeding-hollow,1639,warlock,destruction,139,72,67
Belford,tichondrius,1638,warlock,destruction,67,35,32
Pyralock,malfurion,1638,warlock,destruction,48,25,23
Dbf,sargeras,1638,warlock,destruction,48,23,25
Demonclock,sargeras,1637,warlock,destruction,39,24,15
Kurifodo,illidan,1637,warlock,destruction,77,43,34
Ardentia,malganis,1637,warlock,destruction,54,30,24
Grindwald,echo-isles,1637,warlock,destruction,67,37,30
Reficul,frostmourne,1637,warlock,destruction,50,23,27
Parishiltoon,frostmourne,1637,warlock,destruction,52,22,30
Arenis,stormrage,1636,warlock,destruction,36,25,11
Xylâ,emerald-dream,1636,warlock,destruction,39,22,17
Dëstró,tichondrius,1636,warlock,destruction,41,23,18
Eyoeyo,tichondrius,1636,warlock,destruction,42,18,24
Cursedstales,stormrage,1635,warlock,destruction,42,30,12
Flággedname,area-52,1635,warlock,destruction,36,21,15
Killabeesack,tichondrius,1635,warlock,destruction,43,25,18
Sëcond,azralon,1635,warlock,destruction,36,19,17
Hugechungusw,frostmourne,1634,warlock,destruction,50,31,19
Bénâfflock,area-52,1634,warlock,destruction,54,32,22
Ezdagor,quelthalas,1634,warlock,destruction,152,85,67
Iconicxo,thrall,1634,warlock,destruction,84,43,41
Dìpndots,wyrmrest-accord,1633,warlock,destruction,54,32,22
Zhaphrax,frostmourne,1633,warlock,destruction,85,43,42
Meraz,zuljin,1632,warlock,destruction,34,20,14
Evapilot,tichondrius,1632,warlock,destruction,54,31,23
Azaradx,azralon,1632,warlock,destruction,79,33,46
Guldoom,tichondrius,1631,warlock,destruction,18,17,1
Demonista,illidan,1631,warlock,destruction,31,22,9
Thirdsol,stormrage,1631,warlock,destruction,35,21,14
Oxylock,magtheridon,1631,warlock,destruction,42,24,18
Shendù,stormrage,1631,warlock,destruction,48,23,25
Ddorangmoon,tichondrius,1630,warlock,destruction,42,25,17
Dipixyz,tichondrius,1630,warlock,destruction,30,17,13
Kjazz,tichondrius,1630,warlock,destruction,42,23,19
Tanskeeh,sargeras,1630,warlock,destruction,64,35,29
Holunging,illidan,1630,warlock,destruction,36,19,17
Dewandoritos,kelthuzad,1629,warlock,destruction,30,17,13
Stormrift,sargeras,1629,warlock,destruction,74,39,35
Spaceghóst,bleeding-hollow,1629,warlock,destruction,249,128,121
Ltoplaylock,area-52,1628,warlock,destruction,24,17,7
Soranpotter,tichondrius,1628,warlock,destruction,24,17,7
Melôck,area-52,1628,warlock,destruction,36,24,12
Exgenshinpro,proudmoore,1628,warlock,destruction,30,17,13
Adelrinn,frostmourne,1628,warlock,destruction,157,88,69
Cöpeñhagen,illidan,1627,warlock,destruction,48,26,22
Undeadzx,tichondrius,1627,warlock,destruction,36,19,17
Drakedog,ragnaros,1626,warlock,destruction,24,17,7
Meep,madoran,1626,warlock,destruction,59,35,24
Katastrophïk,area-52,1626,warlock,destruction,36,20,16
Sîthfu,tichondrius,1626,warlock,destruction,189,101,88
Døomsday,hyjal,1626,warlock,destruction,42,21,21
Byndedlock,dragonmaw,1625,warlock,destruction,33,20,13
Vvivienx,tichondrius,1625,warlock,destruction,30,17,13
Babydots,stormreaver,1625,warlock,destruction,80,44,36
Dovahkini,stormrage,1625,warlock,destruction,47,23,24
Shadowsloc,tichondrius,1625,warlock,destruction,48,22,26
Stølo,deathwing,1624,warlock,destruction,112,73,39
Zandõx,jubeithos,1624,warlock,destruction,42,27,15
Matafé,kelthuzad,1623,warlock,destruction,30,20,10
Alizondemdik,azralon,1623,warlock,destruction,67,37,30
Thotblood,stormrage,1622,warlock,destruction,24,18,6
Friendd,frostmourne,1622,warlock,destruction,41,30,11
Maddotts,malganis,1622,warlock,destruction,36,26,10
Doomswitch,sargeras,1622,warlock,destruction,48,33,15
Jerearderedo,thrall,1622,warlock,destruction,48,28,20
Permaslowed,kiljaeden,1622,warlock,destruction,40,22,18
Golock,tichondrius,1621,warlock,destruction,24,17,7
Elmobolt,thrall,1620,warlock,destruction,37,27,10
Annereyn,stormrage,1619,warlock,destruction,113,59,54
Tít,malganis,1619,warlock,destruction,90,46,44
Penzer,stormrage,1618,warlock,destruction,36,20,16
Dolut,azralon,1617,warlock,destruction,54,31,23
Restolock,destromath,1617,warlock,destruction,60,34,26
Wickedry,antonidas,1617,warlock,destruction,48,23,25
Dampenedx,bleeding-hollow,1617,warlock,destruction,40,18,22
Jpepps,perenolde,1615,warlock,destruction,41,28,13
Coomerius,zuljin,1615,warlock,destruction,30,18,12
Ðarkñess,burning-legion,1615,warlock,destruction,66,38,28
Malagas,tichondrius,1615,warlock,destruction,81,46,35
Dotgonewrong,malganis,1615,warlock,destruction,71,32,39
Notspeedy,tichondrius,1615,warlock,destruction,85,38,47
Saltiez,sargeras,1613,warlock,destruction,24,18,6
Shïrõ,tichondrius,1613,warlock,destruction,30,22,8
Anujy,moon-guard,1612,warlock,destruction,60,38,22
Belzebud,area-52,1612,warlock,destruction,93,56,37
Ko,nordrassil,1612,warlock,destruction,66,34,32
Grandpa,daggerspine,1612,warlock,destruction,97,49,48
Razzakka,stormrage,1612,warlock,destruction,159,79,80
Hypnotikal,illidan,1611,warlock,destruction,30,22,8
Draenil,eredar,1611,warlock,destruction,24,17,7
Omleaf,malganis,1610,warlock,destruction,36,18,18
Gigabiga,tol-barad,1609,warlock,destruction,24,17,7
Funnysoxx,caelestrasz,1609,warlock,destruction,52,30,22
Momshutup,sargeras,1609,warlock,destruction,35,20,15
Horloc,moon-guard,1609,warlock,destruction,68,38,30
Stocktonslap,saurfang,1609,warlock,destruction,145,80,65
Nightshan,draenor,1609,warlock,destruction,60,29,31
Zuyumin,ragnaros,1608,warlock,destruction,89,57,32
Ayrr,zuljin,1608,warlock,destruction,30,17,13
Gnomlette,smolderthorn,1608,warlock,destruction,98,53,45
Kály,azralon,1608,warlock,destruction,69,37,32
Lostanubis,tichondrius,1607,warlock,destruction,39,24,15
Trewlocke,sargeras,1607,warlock,destruction,36,22,14
Idrannell,illidan,1607,warlock,destruction,68,40,28
Pugnatwo,kelthuzad,1607,warlock,destruction,42,18,24
Soloart,tichondrius,1606,warlock,destruction,54,30,24
Bugha,ravencrest,1605,warlock,destruction,31,21,10
Macdeezylock,sargeras,1605,warlock,destruction,36,23,13
Vugaddi,illidan,1605,warlock,destruction,30,19,11
Plaintive,moon-guard,1604,warlock,destruction,36,20,16
Hordeadlock,illidan,1604,warlock,destruction,60,31,29
Powertrîp,sargeras,1604,warlock,destruction,36,18,18
Brickedx,malfurion,1604,warlock,destruction,101,50,51
Honchoe,illidan,1603,warlock,destruction,42,29,13
Evilmilf,tichondrius,1603,warlock,destruction,50,28,22
Nosferatu,arthas,1602,warlock,destruction,26,20,6
Bourrasq,illidan,1602,warlock,destruction,24,17,7
Sslock,sargeras,1602,warlock,destruction,46,26,20
Espyn,silvermoon,1602,warlock,destruction,105,51,54
Lyonesse,frostmourne,1601,warlock,destruction,34,21,13
Daenon,kiljaeden,1601,warlock,destruction,42,23,19
Lafourche,tichondrius,1601,warlock,destruction,54,28,26
Pauldiesel,ragnaros,1601,warlock,destruction,42,21,21
Hâm,dalaran,1601,warlock,destruction,96,46,50
Dapete,malorne,1600,warlock,destruction,36,26,10
Watchmegate,darkspear,1600,warlock,destruction,72,45,27
Locknug,tichondrius,1600,warlock,destruction,132,74,58
Adouken,ragnaros,1600,warlock,destruction,36,19,17
Psyløck,bleeding-hollow,1599,warlock,destruction,60,34,26
Xdta,frostmourne,1599,warlock,destruction,72,38,34
Rxjr,sargeras,1599,warlock,destruction,81,39,42
Boltsnhoez,tichondrius,1598,warlock,destruction,34,20,14
Apøçàlÿpsè,firetree,1598,warlock,destruction,71,37,34
Xoxoxu,frostmourne,1597,warlock,destruction,44,25,19
Predictions,sargeras,1597,warlock,destruction,77,40,37
Closetslut,moon-guard,1596,warlock,destruction,24,20,4
Gëngar,malganis,1596,warlock,destruction,24,17,7
Guula,alexstrasza,1595,warlock,destruction,42,22,20
Dotcoin,tichondrius,1594,warlock,destruction,30,17,13
Lockforyou,frostmourne,1594,warlock,destruction,66,37,29
Rotfull,burning-legion,1594,warlock,destruction,39,18,21
Flor,khadgar,1593,warlock,destruction,213,111,102
Wheremyshoes,area-52,1593,warlock,destruction,141,68,73
Kernlberton,tichondrius,1592,warlock,destruction,48,25,23
Necrotic,mannoroth,1592,warlock,destruction,107,48,59
Larryfisher,drenden,1591,warlock,destruction,30,19,11
Dots,haomarush,1591,warlock,destruction,60,31,29
Yisuschríst,quelthalas,1591,warlock,destruction,41,21,20
Demonkiiller,kelthuzad,1591,warlock,destruction,48,19,29
Akolite,tichondrius,1590,warlock,destruction,50,25,25
Chrishasnen,moon-guard,1588,warlock,destruction,42,21,21
Caustikk,malganis,1587,warlock,destruction,44,25,19
Dapperdanxy,tichondrius,1587,warlock,destruction,35,19,16
Buffwarlocks,senjin,1587,warlock,destruction,48,26,22
Tothegrave,sargeras,1585,warlock,destruction,35,22,13
Loadybigbolt,dalaran,1585,warlock,destruction,65,34,31
Kuroyt,drakkari,1583,warlock,destruction,42,26,16
Dewars,aggramar,1580,warlock,destruction,108,60,48
Raykun,quelthalas,1580,warlock,destruction,54,27,27
Gerthclas,aggramar,1579,warlock,destruction,35,24,11
Bbclover,thrall,1579,warlock,destruction,29,19,10
Matilla,tichondrius,1579,warlock,destruction,30,19,11
Korose,tichondrius,1579,warlock,destruction,142,72,70
Mokulock,tichondrius,1578,warlock,destruction,42,24,18
Yaldin,nemesis,1578,warlock,destruction,197,109,88
Woezz,tichondrius,1578,warlock,destruction,105,55,50
Charnoob,kelthuzad,1577,warlock,destruction,54,26,28
Soreanus,illidan,1576,warlock,destruction,28,20,8
Harambê,sargeras,1576,warlock,destruction,34,19,15
Kliera,stormscale,1574,warlock,destruction,36,20,16
Brettmackson,area-52,1574,warlock,destruction,87,48,39
Darkÿoda,malganis,1574,warlock,destruction,62,34,28
Leônidos,ghostlands,1574,warlock,destruction,120,61,59
Jarasseck,malganis,1574,warlock,destruction,88,43,45
Borthrel,moon-guard,1573,warlock,destruction,132,75,57
Chachanoobx,sargeras,1572,warlock,destruction,114,72,42
Bunnyhugs,gorefiend,1571,warlock,destruction,36,22,14
Stankbigly,thrall,1571,warlock,destruction,38,23,15
Darknessgodd,goldrinn,1571,warlock,destruction,85,51,34
Carmelasin,moon-guard,1570,warlock,destruction,60,39,21
Dferreira,azralon,1570,warlock,destruction,105,59,46
Sauromann,sargeras,1569,warlock,destruction,96,55,41
Strykerliath,bleeding-hollow,1569,warlock,destruction,49,27,22
Burnzul,bleeding-hollow,1567,warlock,destruction,42,22,20
Khrom,illidan,1565,warlock,destruction,64,32,32
Deathmask,alleria,1564,warlock,destruction,46,25,21
Whathurts,tichondrius,1564,warlock,destruction,86,42,44
Uow,stormrage,1564,warlock,destruction,42,20,22
Tribulatiön,moon-guard,1562,warlock,destruction,382,197,185
Felnightz,area-52,1562,warlock,destruction,48,23,25
Alfaflux,tol-barad,1562,warlock,destruction,65,30,35
Calidaze,tichondrius,1558,warlock,destruction,110,57,53
Khurze,area-52,1558,warlock,destruction,57,29,28
Vasago,jubeithos,1558,warlock,destruction,71,36,35
Ìzanamí,area-52,1558,warlock,destruction,36,18,18
Deathteller,tichondrius,1558,warlock,destruction,35,17,18
Tuugadark,echo-isles,1557,warlock,destruction,51,32,19
Mattypatty,the-forgotten-coast,1557,warlock,destruction,42,20,22
Doublebolt,illidan,1556,warlock,destruction,101,64,37
Webrar,frostmourne,1556,warlock,destruction,36,20,16
Captrollol,tichondrius,1556,warlock,destruction,84,43,41
Promethian,proudmoore,1556,warlock,destruction,59,26,33
Lilbiackguy,stormrage,1555,warlock,destruction,72,45,27
Ãids,khadgar,1554,warlock,destruction,36,25,11
Josaith,moon-guard,1554,warlock,destruction,101,55,46
Tougetsu,tichondrius,1553,warlock,destruction,30,18,12
Niked,sargeras,1553,warlock,destruction,114,67,47
Gluestik,shadowmoon,1552,warlock,destruction,66,33,33
Tunacangirth,mannoroth,1551,warlock,destruction,24,17,7
Wiildgoose,area-52,1551,warlock,destruction,42,27,15
Corruptblxck,tichondrius,1550,warlock,destruction,33,20,13
Jerclard,proudmoore,1550,warlock,destruction,36,18,18
Kossnen,shandris,1550,warlock,destruction,76,35,41
Ciprýan,azralon,1549,warlock,destruction,36,19,17
Neph,malganis,1549,warlock,destruction,38,19,19
Sylrath,illidan,1548,warlock,destruction,57,25,32
Xiáoyan,tichondrius,1547,warlock,destruction,30,21,9
Bayfayth,zuljin,1546,warlock,destruction,92,52,40
Jnxzlock,sargeras,1546,warlock,destruction,61,34,27
Kevin,moon-guard,1546,warlock,destruction,93,51,42
Kecca,azralon,1544,warlock,destruction,167,92,75
Plexwl,sargeras,1544,warlock,destruction,75,37,38
Gorontar,kelthuzad,1544,warlock,destruction,62,30,32
Fearlord,shattered-hand,1544,warlock,destruction,42,19,23
Remua,tichondrius,1540,warlock,destruction,29,18,11
Warlockmf,sargeras,1540,warlock,destruction,121,66,55
Vafa,kelthuzad,1539,warlock,destruction,26,17,9
Nybeth,malganis,1539,warlock,destruction,80,39,41
Cryptos,kalecgos,1538,warlock,destruction,38,22,16
Flxmin,area-52,1538,warlock,destruction,58,29,29
Hadouh,stormrage,1537,warlock,destruction,29,17,12
Manthos,sargeras,1537,warlock,destruction,63,24,39
Lockdogg,mannoroth,1536,warlock,destruction,30,18,12
Chadica,malganis,1534,warlock,destruction,18,16,2
Boodizz,frostmourne,1534,warlock,destruction,30,16,14
Littledúck,azralon,1533,warlock,destruction,18,16,2
Shadowlifts,kelthuzad,1533,warlock,destruction,30,18,12
Juswannarock,tichondrius,1532,warlock,destruction,39,22,17
Scarletdemon,malganis,1532,warlock,destruction,65,35,30
Jaythuzad,stormrage,1532,warlock,destruction,116,60,56
Løvesick,zuljin,1532,warlock,destruction,46,23,23
Lockdotsftw,illidan,1531,warlock,destruction,30,16,14
Trastham,malganis,1531,warlock,destruction,72,34,38
Fearem,tichondrius,1530,warlock,destruction,27,17,10
Badmagic,area-52,1529,warlock,destruction,81,44,37
Beetlejoos,stormreaver,1529,warlock,destruction,30,16,14
Shadowmoonon,tichondrius,1529,warlock,destruction,30,16,14
Nattydots,sargeras,1529,warlock,destruction,71,37,34
Brucelock,proudmoore,1528,warlock,destruction,24,16,8
Gharlock,tichondrius,1528,warlock,destruction,62,36,26
Zalord,mannoroth,1528,warlock,destruction,124,54,70
Lustyclam,tichondrius,1527,warlock,destruction,95,55,40
Somethingud,tichondrius,1527,warlock,destruction,77,31,46
Widdleywahh,area-52,1526,warlock,destruction,95,51,44
Asetiks,tichondrius,1526,warlock,destruction,30,16,14
Teesolinia,stormrage,1525,warlock,destruction,42,26,16
Repláced,thrall,1525,warlock,destruction,101,58,43
Tulu,muradin,1524,warlock,destruction,53,35,18
Isarac,zuljin,1524,warlock,destruction,54,35,19
Sidious,jubeithos,1523,warlock,destruction,44,27,17
Zetsu,zuljin,1523,warlock,destruction,263,135,128
Obscurity,tichondrius,1523,warlock,destruction,72,36,36
Conspiration,sargeras,1522,warlock,destruction,24,19,5
Ensanaty,dalaran,1522,warlock,destruction,30,16,14
Cesily,frostmourne,1522,warlock,destruction,30,16,14
Morcegø,azralon,1522,warlock,destruction,54,28,26
Tunacanthicc,moon-guard,1522,warlock,destruction,136,70,66
Sladez,tichondrius,1522,warlock,destruction,42,16,26
Killvilock,kelthuzad,1521,warlock,destruction,79,37,42
Baldandugly,illidan,1520,warlock,destruction,30,18,12
Kascade,drakkari,1520,warlock,destruction,50,27,23
Resuah,tichondrius,1520,warlock,destruction,63,30,33
Xêlsnåp,steamwheedle-cartel,1519,warlock,destruction,91,53,38
Hellbòund,mugthol,1519,warlock,destruction,42,24,18
Blorgaflob,thaurissan,1518,warlock,destruction,19,16,3
Thravis,tichondrius,1518,warlock,destruction,36,20,16
Brockdot,tichondrius,1517,warlock,destruction,32,22,10
Romminus,zuljin,1517,warlock,destruction,37,24,13
Aliciayd,andorhal,1517,warlock,destruction,30,19,11
Grammapatty,tichondrius,1517,warlock,destruction,30,16,14
Forsâken,tichondrius,1516,warlock,destruction,55,28,27
Tharki,darkspear,1515,warlock,destruction,171,87,84
Impdad,destromath,1514,warlock,destruction,72,48,24
Yükina,stormrage,1514,warlock,destruction,160,82,78
Austeeny,wyrmrest-accord,1513,warlock,destruction,31,21,10
Politex,malganis,1513,warlock,destruction,64,40,24
Squatchamp,sargeras,1512,warlock,destruction,54,31,23
Kongal,tichondrius,1512,warlock,destruction,30,16,14
Hootenanny,korialstrasz,1511,warlock,destruction,72,34,38
Hawklock,ragnaros,1510,warlock,destruction,24,17,7
Valvravé,malganis,1509,warlock,destruction,41,22,19
Joseph,draktharon,1509,warlock,destruction,66,35,31
Lockybalboah,turalyon,1509,warlock,destruction,120,63,57
Chaosmorty,tichondrius,1508,warlock,destruction,51,32,19
Guldåniel,tichondrius,1508,warlock,destruction,30,16,14
Iockgodtkoz,tichondrius,1508,warlock,destruction,48,23,25
Honne,sargeras,1507,warlock,destruction,32,19,13
Magiaoscurax,quelthalas,1507,warlock,destruction,96,53,43
Shaneyxd,bleeding-hollow,1504,warlock,destruction,24,16,8
Thralord,blackrock,1503,warlock,destruction,36,23,13
Dinglerdots,tichondrius,1502,warlock,destruction,27,21,6
Jugaa,arthas,1502,warlock,destruction,41,29,12
Bosongo,boulderfist,1501,warlock,destruction,65,37,28
Deboltzaru,ragnaros,1501,warlock,destruction,91,45,46
Stonnerz,ragnaros,1500,warlock,destruction,53,31,22
Reportmenerd,tichondrius,1500,warlock,destruction,48,28,20
Marcedlc,ragnaros,1500,warlock,destruction,72,41,31
Jennifear,sargeras,1499,warlock,destruction,50,28,22
Soulbane,tol-barad,1498,warlock,destruction,27,17,10
Odiums,area-52,1498,warlock,destruction,77,44,33
Kyoarnez,quelthalas,1498,warlock,destruction,48,24,24
Kalellock,azralon,1497,warlock,destruction,108,57,51
Dippidydot,illidan,1497,warlock,destruction,84,39,45
Destruição,zuljin,1496,warlock,destruction,35,20,15
Firewõrks,moon-guard,1496,warlock,destruction,30,17,13
Daremyth,azralon,1494,warlock,destruction,36,24,12
Trobgol,bleeding-hollow,1494,warlock,destruction,30,19,11
Mongdot,frostmourne,1494,warlock,destruction,51,30,21
Shipmatelock,stormrage,1492,warlock,destruction,48,34,14
Memnøch,emerald-dream,1492,warlock,destruction,41,24,17
Goomgoom,doomhammer,1489,warlock,destruction,114,50,64
Freggen,shadowsong,1488,warlock,destruction,36,22,14
Titusvorenus,runetotem,1488,warlock,destruction,50,30,20
Terrival,illidan,1487,warlock,destruction,41,22,19
Lockssy,tichondrius,1486,warlock,destruction,129,76,53
Dotte,tichondrius,1486,warlock,destruction,59,31,28
Vigius,dalaran,1486,warlock,destruction,53,24,29
Nytefels,skullcrusher,1485,warlock,destruction,30,20,10
Hornetbee,tichondrius,1483,warlock,destruction,24,16,8
Dynamó,tichondrius,1483,warlock,destruction,74,37,37
Gingery,the-underbog,1483,warlock,destruction,71,34,37
Humanreapers,malganis,1482,warlock,destruction,31,22,9
Ellneggro,zuljin,1482,warlock,destruction,36,25,11
Fshi,frostmourne,1482,warlock,destruction,102,58,44
Rottenhell,kelthuzad,1482,warlock,destruction,54,30,24
Cutewarlock,draktharon,1481,warlock,destruction,44,27,17
Beyourselff,tichondrius,1479,warlock,destruction,35,16,19
Dloq,azgalor,1478,warlock,destruction,117,70,47
Chàõs,tichondrius,1477,warlock,destruction,54,27,27
Boltybarnes,area-52,1475,warlock,destruction,42,31,11
Nefandous,malganis,1475,warlock,destruction,179,95,84
Ioroselmi,illidan,1475,warlock,destruction,131,64,67
Tofulery,tichondrius,1475,warlock,destruction,50,23,27
Sickgurl,stormrage,1474,warlock,destruction,54,32,22
Bauchalain,area-52,1474,warlock,destruction,38,19,19
Privin,sargeras,1471,warlock,destruction,36,18,18
Priiscilá,drakkari,1471,warlock,destruction,60,29,31
Glenfarclas,tichondrius,1471,warlock,destruction,43,19,24
Pestilocks,area-52,1469,warlock,destruction,44,28,16
Demondots,sargeras,1469,warlock,destruction,54,31,23
Laylowl,tichondrius,1468,warlock,destruction,36,22,14
Shadowxlock,misha,1468,warlock,destruction,95,51,44
Wdc,illidan,1468,warlock,destruction,42,21,21
Vexedconvex,area-52,1468,warlock,destruction,349,174,175
Magy,deathwing,1467,warlock,destruction,48,30,18
Darthðotspam,mugthol,1466,warlock,destruction,84,49,35
Esså,jaedenar,1466,warlock,destruction,47,20,27
Pwz,azralon,1465,warlock,destruction,108,60,48
Noxdolor,stormreaver,1465,warlock,destruction,36,20,16
Zemphius,illidan,1463,warlock,destruction,55,27,28
Kkokko,tichondrius,1462,warlock,destruction,78,39,39
Jakeyboii,frostmourne,1459,warlock,destruction,51,33,18
Falcorr,area-52,1459,warlock,destruction,34,19,15
Mixolydian,malganis,1458,warlock,destruction,24,16,8
Jezwazerox,area-52,1458,warlock,destruction,93,50,43
Georky,ragnaros,1453,warlock,destruction,53,27,26
Loçk,zuljin,1448,warlock,destruction,105,51,54
Fenexia,hyjal,1447,warlock,destruction,54,33,21
Eriess,burning-blade,1447,warlock,destruction,54,24,30
Ðeãdman,bleeding-hollow,1446,warlock,destruction,26,17,9
Overlock,ragnaros,1446,warlock,destruction,59,37,22
Avelmi,daggerspine,1446,warlock,destruction,72,34,38
Sickmade,zuljin,1445,warlock,destruction,24,16,8
Mcjoy,akama,1445,warlock,destruction,224,114,110
Demonicus,thunderlord,1445,warlock,destruction,51,24,27
Pyresworn,wyrmrest-accord,1444,warlock,destruction,36,23,13
Maleficmango,tichondrius,1444,warlock,destruction,36,23,13
Dialalock,frostmourne,1443,warlock,destruction,48,25,23
Daracon,thrall,1442,warlock,destruction,30,16,14
Munar,quelthalas,1442,warlock,destruction,93,47,46
Atrofourth,tichondrius,1442,warlock,destruction,54,26,28
Xbqss,illidan,1442,warlock,destruction,36,16,20
Jaboltz,tichondrius,1441,warlock,destruction,25,16,9
Doobielock,kelthuzad,1441,warlock,destruction,27,17,10
Mantis,proudmoore,1441,warlock,destruction,43,23,20
Nttslock,tichondrius,1441,warlock,destruction,42,22,20
Celash,barthilas,1441,warlock,destruction,54,28,26
Eldriptch,kelthuzad,1441,warlock,destruction,47,23,24
Elcidoo,tichondrius,1440,warlock,destruction,24,15,9
Exupery,emerald-dream,1440,warlock,destruction,70,39,31
Zezkin,alexstrasza,1440,warlock,destruction,39,21,18
Printwo,sargeras,1439,warlock,destruction,24,15,9
Maldivà,tichondrius,1439,warlock,destruction,24,15,9
Janeciap,tichondrius,1439,warlock,destruction,24,15,9
Discordant,trollbane,1439,warlock,destruction,48,29,19
Twototheone,illidan,1439,warlock,destruction,131,67,64
Manã,wyrmrest-accord,1439,warlock,destruction,36,18,18
Beastsuper,tichondrius,1439,warlock,destruction,30,15,15
Danaowns,spirestone,1439,warlock,destruction,30,15,15
Selwitch,dalaran,1438,warlock,destruction,18,15,3
Sâlâñzø,bleeding-hollow,1438,warlock,destruction,18,15,3
Spectro,laughing-skull,1438,warlock,destruction,18,15,3
Mykiel,sargeras,1438,warlock,destruction,42,21,21
Deathmásk,ragnaros,1437,warlock,destruction,18,15,3
Goofycupcake,drakthul,1437,warlock,destruction,18,15,3
Lostlock,sargeras,1437,warlock,destruction,18,15,3
Krokodiil,tichondrius,1437,warlock,destruction,56,35,21
Phreekish,bleeding-hollow,1437,warlock,destruction,24,15,9
Fenriakshog,zuljin,1437,warlock,destruction,24,15,9
Amoranlenus,sargeras,1437,warlock,destruction,36,21,15
Imbooms,blackrock,1437,warlock,destruction,30,15,15
Rzlrot,tichondrius,1436,warlock,destruction,30,18,12
Nebulox,stormrage,1436,warlock,destruction,42,24,18
Sñeed,sargeras,1436,warlock,destruction,46,25,21
Jämeson,tichondrius,1436,warlock,destruction,30,15,15
Artzul,tichondrius,1436,warlock,destruction,60,25,35
Zchenboom,tichondrius,1435,warlock,destruction,18,15,3
Zerfall,area-52,1435,warlock,destruction,24,15,9
Sonnagalook,sargeras,1435,warlock,destruction,48,27,21
Mikaelbolton,tichondrius,1435,warlock,destruction,52,24,28
Stizzy,eredar,1434,warlock,destruction,24,15,9
Plagueîs,area-52,1434,warlock,destruction,33,18,15
Év,azralon,1434,warlock,destruction,53,27,26
Kuoma,boulderfist,1434,warlock,destruction,121,57,64
Mindheist,stormrage,1433,warlock,destruction,24,15,9
Felacid,tichondrius,1433,warlock,destruction,48,28,20
Picklepuller,arthas,1433,warlock,destruction,60,34,26
Zénth,kiljaeden,1432,warlock,destruction,34,22,12
Mldxd,undermine,1432,warlock,destruction,34,17,17
Dance,sargeras,1431,warlock,destruction,18,15,3
Dunbu,illidan,1431,warlock,destruction,133,71,62
Masefield,moon-guard,1431,warlock,destruction,68,33,35
Dotsyu,frostmourne,1429,warlock,destruction,50,28,22
Conorloco,tichondrius,1429,warlock,destruction,36,15,21
Naome,cenarius,1428,warlock,destruction,36,16,20
Vindicated,azgalor,1427,warlock,destruction,37,26,11
Demontos,darkspear,1427,warlock,destruction,48,24,24
Mordranan,thrall,1426,warlock,destruction,24,16,8
Ledrlpxlx,bleeding-hollow,1426,warlock,destruction,65,31,34
Shadowfork,illidan,1424,warlock,destruction,24,15,9
Dercair,korgath,1424,warlock,destruction,48,25,23
Straightlock,sargeras,1424,warlock,destruction,53,22,31
Kanekiskid,mannoroth,1423,warlock,destruction,42,29,13
Saddestboi,proudmoore,1423,warlock,destruction,66,40,26
Gvvo,tichondrius,1423,warlock,destruction,30,15,15
Çrayoneater,tichondrius,1423,warlock,destruction,52,22,30
Soiedentaire,illidan,1422,warlock,destruction,36,30,6
Ptheven,area-52,1422,warlock,destruction,64,40,24
Nueleth,frostmourne,1422,warlock,destruction,47,24,23
Nergoul,stormrage,1421,warlock,destruction,30,16,14
Yuh,moon-guard,1420,warlock,destruction,18,15,3
Fearloom,tichondrius,1420,warlock,destruction,151,78,73
Chéztér,proudmoore,1420,warlock,destruction,121,60,61
Caplock,barthilas,1420,warlock,destruction,55,25,30
Decrepticus,kargath,1419,warlock,destruction,44,26,18
Pescador,tichondrius,1419,warlock,destruction,31,17,14
Destruction,frostmourne,1418,warlock,destruction,45,25,20
Avae,frostmourne,1417,warlock,destruction,102,56,46
Desconjuro,nemesis,1416,warlock,destruction,50,29,21
Deatthmoon,stormrage,1415,warlock,destruction,24,15,9
Evillyñ,tichondrius,1415,warlock,destruction,66,35,31
Locker,lightnings-blade,1414,warlock,destruction,30,18,12
Stunresistin,tichondrius,1414,warlock,destruction,78,41,37
Cioxius,stormrage,1414,warlock,destruction,30,15,15
Exofilth,thrall,1414,warlock,destruction,58,25,33
Budgetkroozz,illidan,1413,warlock,destruction,30,15,15
Bilidin,azralon,1413,warlock,destruction,93,41,52
Yorchziel,ragnaros,1412,warlock,destruction,88,47,41
Jhop,sargeras,1411,warlock,destruction,92,52,40
Greedy,garrosh,1410,warlock,destruction,24,15,9
Soulicit,kelthuzad,1410,warlock,destruction,30,15,15
Thicclöcc,tichondrius,1410,warlock,destruction,30,15,15
Parmenides,tichondrius,1410,warlock,destruction,42,19,23
Johnnybegood,frostmourne,1409,warlock,destruction,24,15,9
Lôrdslug,bleeding-hollow,1408,warlock,destruction,24,15,9
Nazgal,tichondrius,1408,warlock,destruction,35,21,14
Balfast,quelthalas,1408,warlock,destruction,60,25,35
Raizël,ragnaros,1406,warlock,destruction,50,29,21
Blackguldan,illidan,1405,warlock,destruction,24,15,9
Meatybolts,nagrand,1405,warlock,destruction,84,46,38
Lightname,arthas,1404,warlock,destruction,24,17,7
Daddybolt,blackrock,1404,warlock,destruction,29,15,14
Fatals,thrall,1404,warlock,destruction,30,15,15
Bellanomikus,stormrage,1404,warlock,destruction,60,25,35
Jannus,wyrmrest-accord,1402,warlock,destruction,56,29,27
Adderall,altar-of-storms,1402,warlock,destruction,42,20,22
Chuwhee,sargeras,1401,warlock,destruction,54,18,36
Antistar,barthilas,1400,warlock,destruction,43,27,16
Sunkuna,aerie-peak,1400,warlock,destruction,132,68,64
Perples,dalaran,1399,warlock,destruction,60,30,30
Shadow,frostwolf,1399,warlock,destruction,44,17,27
Azöd,tichondrius,1398,warlock,destruction,117,69,48
Drudotzz,hyjal,1398,warlock,destruction,36,18,18
Iongestpp,bleeding-hollow,1395,warlock,destruction,42,22,20
Soultrain,sargeras,1394,warlock,destruction,26,16,10
Crashcrash,area-52,1394,warlock,destruction,30,15,15
Notchinese,kiljaeden,1394,warlock,destruction,58,28,30
Barathron,tichondrius,1394,warlock,destruction,54,22,32
Gukky,misha,1393,warlock,destruction,107,66,41
Rotsndotss,thrall,1393,warlock,destruction,33,16,17
Shadococo,tichondrius,1393,warlock,destruction,36,16,20
Hellcon,area-52,1391,warlock,destruction,88,51,37
Condevil,quelthalas,1391,warlock,destruction,113,63,50
Dazedl,stormrage,1391,warlock,destruction,27,15,12
Adhauto,illidan,1390,warlock,destruction,113,62,51
Dotsfired,crushridge,1389,warlock,destruction,45,27,18
Felpsychosis,illidan,1389,warlock,destruction,117,64,53
Gatewayoncd,frostmourne,1389,warlock,destruction,90,40,50
Bustednut,nerzhul,1388,warlock,destruction,92,53,39
Wadoom,tichondrius,1388,warlock,destruction,62,33,29
Gnomerky,stormrage,1388,warlock,destruction,42,19,23
Tergale,illidan,1388,warlock,destruction,66,28,38
Dvorakk,frostmourne,1387,warlock,destruction,27,17,10
Nazzlock,bleeding-hollow,1387,warlock,destruction,29,16,13
Yanned,hakkar,1387,warlock,destruction,147,78,69
Blayzen,elune,1386,warlock,destruction,35,16,19
Umdur,zuljin,1385,warlock,destruction,62,29,33
Rangmar,ragnaros,1385,warlock,destruction,39,18,21
Gorelami,tichondrius,1384,warlock,destruction,42,23,19
Iceameri,tichondrius,1384,warlock,destruction,68,36,32
Heathncraig,illidan,1382,warlock,destruction,92,45,47
Ticklebolts,tichondrius,1382,warlock,destruction,40,16,24
Poxnhub,tichondrius,1381,warlock,destruction,23,15,8
Neodron,thrall,1380,warlock,destruction,69,45,24
Necrotic,antonidas,1379,warlock,destruction,66,33,33
Warlo,moonrunner,1378,warlock,destruction,30,20,10
Coreleron,proudmoore,1378,warlock,destruction,61,29,32
Siccwidit,area-52,1378,warlock,destruction,74,34,40
Mèrlin,aerie-peak,1377,warlock,destruction,42,26,16
Aksness,stormrage,1377,warlock,destruction,42,18,24
Blankdots,sargeras,1375,warlock,destruction,42,27,15
Lockonthc,korgath,1375,warlock,destruction,32,16,16
Wasrenai,tichondrius,1375,warlock,destruction,47,21,26
Aomniloltv,zuljin,1374,warlock,destruction,82,43,39
Hobblefoòt,proudmoore,1374,warlock,destruction,46,23,23
Nmelock,malganis,1374,warlock,destruction,30,15,15
Garbagefarts,aegwynn,1374,warlock,destruction,76,36,40
Zinkro,quelthalas,1374,warlock,destruction,77,32,45
Batär,area-52,1372,warlock,destruction,36,26,10
Ganosh,aggramar,1372,warlock,destruction,128,71,57
Connect,borean-tundra,1371,warlock,destruction,35,18,17
Dessoft,ragnaros,1371,warlock,destruction,36,17,19
Foxfoxfel,thrall,1369,warlock,destruction,24,16,8
Memon,frostmane,1367,warlock,destruction,66,35,31
Ppoonlock,tichondrius,1367,warlock,destruction,35,15,20
Getpissed,emerald-dream,1365,warlock,destruction,65,32,33
Critneyfearz,stormscale,1365,warlock,destruction,53,25,28
Blindingsun,kiljaeden,1365,warlock,destruction,72,27,45
Gilgameshs,stormrage,1364,warlock,destruction,41,20,21
Lynnilock,area-52,1363,warlock,destruction,24,15,9
Luxenna,malganis,1363,warlock,destruction,84,40,44
Esteedees,moon-guard,1361,warlock,destruction,42,16,26
Mickylock,tichondrius,1360,warlock,destruction,210,112,98
Wackykid,azralon,1360,warlock,destruction,86,39,47
Sauronne,illidan,1359,warlock,destruction,48,20,28
Lafuke,tichondrius,1358,warlock,destruction,25,15,10
Fireballingx,illidan,1358,warlock,destruction,26,15,11
Locksyy,tichondrius,1357,warlock,destruction,59,24,35
Kelifan,sargeras,1356,warlock,destruction,90,49,41
Matdamon,barthilas,1354,warlock,destruction,60,33,27
Sylestrio,feathermoon,1354,warlock,destruction,54,27,27
Dealcloud,tichondrius,1353,warlock,destruction,77,40,37
Laklin,stormscale,1353,warlock,destruction,122,58,64
Finnickk,blackrock,1353,warlock,destruction,36,16,20
Nezsarek,sargeras,1352,warlock,destruction,169,73,96
Ørfna,zuljin,1351,warlock,destruction,66,33,33
Sepültüra,quelthalas,1351,warlock,destruction,72,33,39
Sugmabone,zuluhed,1349,warlock,destruction,36,23,13
Karadelice,stormrage,1349,warlock,destruction,54,29,25
Patagucci,bleeding-hollow,1348,warlock,destruction,30,17,13
Razizzles,malganis,1345,warlock,destruction,72,42,30
Stallrooks,moon-guard,1345,warlock,destruction,29,16,13
Retwarr,tichondrius,1344,warlock,destruction,18,14,4
Soulruler,tichondrius,1344,warlock,destruction,24,14,10
Spreadnhiv,thrall,1344,warlock,destruction,42,18,24
Sktfäker,sargeras,1343,warlock,destruction,24,14,10
Súpersonic,tichondrius,1343,warlock,destruction,24,14,10
Austen,tichondrius,1343,warlock,destruction,55,24,31
Dobbythelock,zuljin,1340,warlock,destruction,24,14,10
Bobbygoulant,tichondrius,1340,warlock,destruction,259,128,131
Haxlock,azralon,1339,warlock,destruction,64,26,38
Aemma,proudmoore,1338,warlock,destruction,18,14,4
Extinção,azralon,1338,warlock,destruction,64,39,25
Pantypeeler,barthilas,1338,warlock,destruction,60,35,25
Sofan,dalaran,1338,warlock,destruction,24,14,10
Spliffxl,stormrage,1338,warlock,destruction,24,14,10
Scãryz,jubeithos,1338,warlock,destruction,50,29,21
Veerdz,area-52,1338,warlock,destruction,30,14,16
Xlilgee,kelthuzad,1337,warlock,destruction,18,14,4
Jackscar,windrunner,1337,warlock,destruction,23,16,7
Ägnar,nemesis,1337,warlock,destruction,22,15,7
Brenda,bleeding-hollow,1337,warlock,destruction,30,20,10
Punishment,jubeithos,1337,warlock,destruction,23,15,8
Gingerspise,nathrezim,1337,warlock,destruction,30,14,16
Fearsntears,stormrage,1336,warlock,destruction,36,14,22
Yarrz,kelthuzad,1335,warlock,destruction,24,16,8
Pabloescobr,tichondrius,1335,warlock,destruction,24,14,10
Theredwoman,emerald-dream,1335,warlock,destruction,30,14,16
Lòthloria,mannoroth,1334,warlock,destruction,149,74,75
Majinbuû,malganis,1334,warlock,destruction,30,14,16
Warwand,tichondrius,1333,warlock,destruction,18,14,4
Mailerdaemön,proudmoore,1332,warlock,destruction,30,14,16
Skrublockz,area-52,1332,warlock,destruction,30,14,16
Yibbel,area-52,1331,warlock,destruction,24,14,10
Spongebobjrj,tichondrius,1331,warlock,destruction,36,20,16
Lefteexd,tichondrius,1330,warlock,destruction,24,14,10
Grandpapapa,tichondrius,1330,warlock,destruction,54,22,32
Darksolace,dalaran,1329,warlock,destruction,24,14,10
Freestyle,blackwater-raiders,1328,warlock,destruction,54,34,20
Fazzlock,nagrand,1328,warlock,destruction,40,21,19
Gingerlocky,barthilas,1328,warlock,destruction,106,50,56
Celeden,emerald-dream,1327,warlock,destruction,30,18,12
Cursedoll,ragnaros,1327,warlock,destruction,36,15,21
Salties,magtheridon,1326,warlock,destruction,24,14,10
Notäçultist,nagrand,1324,warlock,destruction,77,41,36
Drcameron,zuljin,1322,warlock,destruction,24,15,9
Musgrin,gallywix,1322,warlock,destruction,24,14,10
Lockednloade,tichondrius,1322,warlock,destruction,57,33,24
Zephee,queldorei,1322,warlock,destruction,60,34,26
Gòtti,frostmourne,1320,warlock,destruction,24,14,10
Jugerdotz,sargeras,1320,warlock,destruction,30,14,16
Boltster,destromath,1319,warlock,destruction,57,33,24
Sweetmeat,madoran,1319,warlock,destruction,37,14,23
Addonic,hyjal,1318,warlock,destruction,24,14,10
Dotsnrots,frostmourne,1318,warlock,destruction,30,14,16
Jeramie,darkspear,1317,warlock,destruction,38,17,21
Castngcouch,tichondrius,1316,warlock,destruction,69,35,34
Undies,demon-soul,1314,warlock,destruction,72,39,33
Lockerdoo,aegwynn,1314,warlock,destruction,54,25,29
Ganknãmstyle,illidan,1313,warlock,destruction,89,42,47
Jecklez,tichondrius,1312,warlock,destruction,135,70,65
Shedara,ragnaros,1311,warlock,destruction,23,14,9
Kabroom,boulderfist,1311,warlock,destruction,24,14,10
Covírus,azralon,1310,warlock,destruction,29,18,11
Lladyyheartt,nesingwary,1309,warlock,destruction,60,30,30
Striga,staghelm,1309,warlock,destruction,65,28,37
Dotyoazz,tichondrius,1308,warlock,destruction,38,22,16
Jhivtwo,tichondrius,1308,warlock,destruction,30,14,16
Sayatar,ragnaros,1308,warlock,destruction,30,14,16
Xhrine,frostmourne,1307,warlock,destruction,23,14,9
Covenslave,nemesis,1307,warlock,destruction,323,160,163
Muchoprecogo,tichondrius,1306,warlock,destruction,24,14,10
Sû,stormrage,1306,warlock,destruction,72,31,41
Downbad,ysera,1305,warlock,destruction,37,16,21
Gscar,area-52,1303,warlock,destruction,48,28,20
Felqueenn,windrunner,1301,warlock,destruction,30,19,11
Tartamuda,ragnaros,1301,warlock,destruction,30,14,16
Voidchaos,korgath,1300,warlock,destruction,18,14,4
Tsmcfker,tichondrius,1298,warlock,destruction,24,14,10
Rauwërrs,azralon,1292,warlock,destruction,55,26,29
Pruevolf,tichondrius,1292,warlock,destruction,92,43,49
Kombat,amanthul,1292,warlock,destruction,71,32,39
Thizzmaa,area-52,1291,warlock,destruction,107,55,52
Wizlox,illidan,1291,warlock,destruction,130,56,74
Bigdoinks,nagrand,1290,warlock,destruction,34,19,15
Warlockgomes,azralon,1290,warlock,destruction,198,98,100
Zehr,malganis,1289,warlock,destruction,40,24,16
Boltsfordays,dalaran,1289,warlock,destruction,104,55,49
Cvntpvntcans,kelthuzad,1289,warlock,destruction,36,16,20
Killafornia,runetotem,1288,warlock,destruction,30,16,14
Stinkychef,hyjal,1287,warlock,destruction,18,14,4
Lolimalock,bleeding-hollow,1286,warlock,destruction,35,19,16
Identiti,tichondrius,1285,warlock,destruction,27,14,13
Darkboltz,area-52,1283,warlock,destruction,45,26,19
Miniime,azgalor,1283,warlock,destruction,38,16,22
Blockk,moknathal,1282,warlock,destruction,86,36,50
Awfeelya,sargeras,1281,warlock,destruction,29,17,12
Zuldar,tichondrius,1281,warlock,destruction,36,21,15
Zoluraan,proudmoore,1280,warlock,destruction,51,33,18
Hurriicane,stormrage,1280,warlock,destruction,92,48,44
Imprecátion,tichondrius,1279,warlock,destruction,65,24,41
Rustý,illidan,1278,warlock,destruction,71,41,30
Buildsuccess,tichondrius,1278,warlock,destruction,35,14,21
Ozgwad,thunderhorn,1277,warlock,destruction,42,19,23
Wawfw,bleeding-hollow,1275,warlock,destruction,21,15,6
Ahrimus,area-52,1275,warlock,destruction,28,14,14
Lilibe,tichondrius,1275,warlock,destruction,66,29,37
Potatostew,dalaran,1273,warlock,destruction,36,14,22
Telvanni,sargeras,1270,warlock,destruction,43,24,19
Derfflinger,tichondrius,1270,warlock,destruction,118,49,69
Felryssa,kiljaeden,1269,warlock,destruction,60,29,31
Prinzheinric,quelthalas,1267,warlock,destruction,33,21,12
Kyle,shandris,1267,warlock,destruction,45,21,24
Ilvvll,proudmoore,1267,warlock,destruction,35,15,20
Theporkchunk,nordrassil,1265,warlock,destruction,52,35,17
Griget,runetotem,1265,warlock,destruction,59,28,31
Radalyn,icecrown,1264,warlock,destruction,25,14,11
Ehcsrop,doomhammer,1263,warlock,destruction,86,42,44
Klapincheeks,malganis,1262,warlock,destruction,87,31,56
Davnport,frostmourne,1261,warlock,destruction,44,16,28
Alktrz,azralon,1260,warlock,destruction,25,14,11
Gattsonn,kiljaeden,1259,warlock,destruction,42,15,27
Blklavender,darkspear,1258,warlock,destruction,19,14,5
Mocreia,azralon,1258,warlock,destruction,119,59,60
Deseo,moon-guard,1257,warlock,destruction,24,17,7
Dotdoctor,thrall,1257,warlock,destruction,69,34,35
Gwar,khazgoroth,1256,warlock,destruction,175,81,94
Mordekhay,tichondrius,1255,warlock,destruction,62,30,32
Felancholy,illidan,1254,warlock,destruction,32,22,10
Ticktóck,ghostlands,1253,warlock,destruction,19,14,5
Siliconsnipe,tichondrius,1252,warlock,destruction,24,17,7
Dogetrash,tichondrius,1252,warlock,destruction,27,19,8
Kortinanga,tichondrius,1252,warlock,destruction,54,30,24
Eurygnomous,thrall,1252,warlock,destruction,30,14,16
Krýstál,ragnaros,1251,warlock,destruction,61,32,29
Drwolfman,bonechewer,1251,warlock,destruction,66,32,34
Fiftydkps,azralon,1250,warlock,destruction,30,17,13
Xtwistedteas,tichondrius,1249,warlock,destruction,31,14,17
Rodimus,hyjal,1248,warlock,destruction,198,109,89
Pressurë,tichondrius,1247,warlock,destruction,18,13,5
Zunexx,malganis,1247,warlock,destruction,18,13,5
Drainerx,kelthuzad,1247,warlock,destruction,18,13,5
Voqo,shandris,1247,warlock,destruction,18,13,5
Cyrus,akama,1247,warlock,destruction,24,16,8
Jandorace,anetheron,1247,warlock,destruction,24,13,11
Thragèqt,sargeras,1247,warlock,destruction,24,13,11
Kimsoul,zuljin,1247,warlock,destruction,24,13,11
Oymmander,illidan,1247,warlock,destruction,24,13,11
Moonsoaps,moon-guard,1247,warlock,destruction,24,13,11
Rèdrùm,tichondrius,1247,warlock,destruction,24,13,11
Grenswood,arathor,1247,warlock,destruction,27,14,13
Lotussama,anetheron,1246,warlock,destruction,18,13,5
Skanckqt,malganis,1246,warlock,destruction,24,13,11
Inaane,thrall,1246,warlock,destruction,24,13,11
Medusaqn,tichondrius,1246,warlock,destruction,24,13,11
Hauntsin,hyjal,1246,warlock,destruction,30,13,17
Stainn,gallywix,1245,warlock,destruction,27,17,10
Toastwl,tichondrius,1244,warlock,destruction,18,13,5
Riptyler,illidan,1244,warlock,destruction,24,13,11
Diabhlaí,tichondrius,1244,warlock,destruction,102,53,49
Kemchaos,illidan,1244,warlock,destruction,94,46,48
Prelick,illidan,1244,warlock,destruction,30,13,17
Catodo,ragnaros,1244,warlock,destruction,36,13,23
Zhvim,stormrage,1243,warlock,destruction,24,13,11
Gavlock,tichondrius,1243,warlock,destruction,36,13,23
Nigsy,nagrand,1242,warlock,destruction,24,13,11
Spòngwò,tichondrius,1242,warlock,destruction,24,13,11
Tirzah,frostmourne,1241,warlock,destruction,18,13,5
Sutra,tichondrius,1241,warlock,destruction,29,19,10
Badmir,area-52,1241,warlock,destruction,24,13,11
Soulwipe,dethecus,1241,warlock,destruction,24,13,11
Mothmayhem,moon-guard,1241,warlock,destruction,24,13,11
Shadü,tichondrius,1241,warlock,destruction,36,14,22
Ruknài,barthilas,1240,warlock,destruction,24,13,11
Jnzi,area-52,1239,warlock,destruction,18,13,5
Darthzugzug,gorefiend,1239,warlock,destruction,48,28,20
Insanemids,tichondrius,1239,warlock,destruction,26,14,12
Chrönic,azralon,1239,warlock,destruction,27,14,13
Fearndot,draenor,1236,warlock,destruction,63,29,34
Rainymood,frostmourne,1233,warlock,destruction,18,13,5
Munick,spirestone,1233,warlock,destruction,24,13,11
Azrezzael,area-52,1233,warlock,destruction,24,13,11
Blastyboat,terenas,1233,warlock,destruction,39,15,24
Dalruk,wyrmrest-accord,1232,warlock,destruction,18,13,5
Klatuu,stonemaul,1232,warlock,destruction,24,15,9
Kärên,proudmoore,1231,warlock,destruction,31,23,8
Chaotíc,zuljin,1231,warlock,destruction,24,13,11
Jelluz,ghostlands,1230,warlock,destruction,33,16,17
Teahourse,tichondrius,1230,warlock,destruction,30,13,17
Mcscrotie,tichondrius,1229,warlock,destruction,28,14,14
Radamantîs,ragnaros,1229,warlock,destruction,36,13,23
Bénn,moon-guard,1228,warlock,destruction,77,49,28
Jjesie,tichondrius,1228,warlock,destruction,30,13,17
Impieties,emerald-dream,1228,warlock,destruction,36,14,22
Phreaky,area-52,1226,warlock,destruction,69,39,30
Shaggster,stormrage,1226,warlock,destruction,66,36,30
Rickyspanish,malygos,1226,warlock,destruction,30,13,17
Xdyourd,tichondrius,1225,warlock,destruction,18,13,5
Kyrionn,azralon,1225,warlock,destruction,24,13,11
Dirtybóy,tichondrius,1224,warlock,destruction,24,13,11
Candykrush,tichondrius,1224,warlock,destruction,26,13,13
Vikkter,tichondrius,1221,warlock,destruction,30,14,16
Enaria,queldorei,1218,warlock,destruction,24,13,11
Ktlock,frostmourne,1217,warlock,destruction,42,20,22
Iiferna,sargeras,1217,warlock,destruction,149,70,79
Cursedtool,quelthalas,1216,warlock,destruction,21,14,7
Becà,stormrage,1216,warlock,destruction,24,13,11
Schmok,terenas,1216,warlock,destruction,64,33,31
Hawkstalker,thaurissan,1215,warlock,destruction,76,39,37
Zydaria,stormrage,1213,warlock,destruction,30,18,12
Erevas,area-52,1213,warlock,destruction,24,14,10
Prototyp,azralon,1212,warlock,destruction,18,13,5
Atrabiliario,quelthalas,1210,warlock,destruction,36,13,23
Felinå,hyjal,1206,warlock,destruction,39,24,15
Arthyr,twisting-nether,1206,warlock,destruction,29,13,16
Superbroly,area-52,1204,warlock,destruction,30,16,14
Daeykras,crushridge,1203,warlock,destruction,45,25,20
Luulloo,proudmoore,1203,warlock,destruction,60,32,28
Gouldon,sargeras,1202,warlock,destruction,40,20,20
Blew,bleeding-hollow,1200,warlock,destruction,15,14,1
Sitra,ragnaros,1196,warlock,destruction,24,15,9
Verdoso,stormrage,1196,warlock,destruction,78,41,37
Dokue,kaelthas,1195,warlock,destruction,15,14,1
Zaeloc,ragnaros,1195,warlock,destruction,42,13,29
Goldieloc,sargeras,1192,warlock,destruction,42,26,16
Spookyfurry,area-52,1192,warlock,destruction,30,13,17
Aboode,blackrock,1190,warlock,destruction,59,26,33
Cørruption,emerald-dream,1188,warlock,destruction,47,22,25
Chodetamer,lethon,1180,warlock,destruction,29,18,11
Necrodeath,malygos,1180,warlock,destruction,30,15,15
Maldíta,quelthalas,1180,warlock,destruction,117,52,65
Kidsoul,illidan,1178,warlock,destruction,97,46,51
Nanodingo,tichondrius,1176,warlock,destruction,59,30,29
Tarnish,medivh,1175,warlock,destruction,48,17,31
Ilovedemons,aegwynn,1168,warlock,destruction,42,26,16
Vamperro,thrall,1168,warlock,destruction,22,13,9
Bawldimort,stormrage,1165,warlock,destruction,89,46,43
Lerooux,hyjal,1162,warlock,destruction,36,16,20
Aerozyn,wyrmrest-accord,1161,warlock,destruction,30,16,14
Dudda,sargeras,1152,warlock,destruction,12,12,0
Falsaqt,area-52,1152,warlock,destruction,18,12,6
Osmatz,area-52,1152,warlock,destruction,18,12,6
Livinpink,zuljin,1152,warlock,destruction,18,12,6
Blodrain,tichondrius,1152,warlock,destruction,18,12,6
Sphoo,tichondrius,1152,warlock,destruction,18,12,6
Kazam,quelthalas,1152,warlock,destruction,30,17,13
Koei,tichondrius,1152,warlock,destruction,24,12,12
Threk,quelthalas,1152,warlock,destruction,24,12,12
Ilfucyobit,kelthuzad,1152,warlock,destruction,60,18,42
Wargllock,tichondrius,1151,warlock,destruction,18,12,6
Liuh,tichondrius,1151,warlock,destruction,18,12,6
Blastamastah,tichondrius,1151,warlock,destruction,18,12,6
Shutupthug,illidan,1151,warlock,destruction,18,12,6
Angrydestro,tichondrius,1151,warlock,destruction,18,12,6
Oceangrownx,emerald-dream,1151,warlock,destruction,24,12,12
Flûké,tichondrius,1151,warlock,destruction,24,12,12
Asmit,firetree,1151,warlock,destruction,28,13,15
Zaiocian,tichondrius,1151,warlock,destruction,26,12,14
Pndasrntlegt,burning-blade,1150,warlock,destruction,12,12,0
Pratticus,stormrage,1150,warlock,destruction,18,12,6
Ggooudan,tichondrius,1150,warlock,destruction,18,12,6
Lokintots,darkspear,1150,warlock,destruction,18,12,6
Ñigorshedøn,area-52,1150,warlock,destruction,18,12,6
Dëception,ragnaros,1150,warlock,destruction,18,12,6
Soulripped,area-52,1150,warlock,destruction,24,12,12
Canobio,tichondrius,1150,warlock,destruction,24,12,12
Khalynd,azralon,1150,warlock,destruction,47,22,25
Pancakestack,stormrage,1149,warlock,destruction,96,48,48
Iggyiggy,sargeras,1149,warlock,destruction,24,12,12
Ole,area-52,1149,warlock,destruction,27,13,14
Beldiinlock,khazgoroth,1149,warlock,destruction,75,36,39
Poock,goldrinn,1148,warlock,destruction,18,12,6
Kylaria,emerald-dream,1148,warlock,destruction,24,12,12
Omarlil,kelthuzad,1147,warlock,destruction,18,12,6
Nadirius,shadowmoon,1146,warlock,destruction,18,12,6
Superbvious,lothar,1145,warlock,destruction,83,40,43
Deebeel,sargeras,1145,warlock,destruction,30,12,18
Oony,quelthalas,1144,warlock,destruction,24,12,12
Soulsurvivor,tichondrius,1144,warlock,destruction,30,12,18
Carcine,frostwolf,1143,warlock,destruction,24,12,12
Mispickle,kelthuzad,1143,warlock,destruction,24,12,12
Gambel,duskwood,1143,warlock,destruction,30,13,17
Handler,earthen-ring,1142,warlock,destruction,42,28,14
Escro,azgalor,1142,warlock,destruction,80,47,33
Gridwild,drakkari,1142,warlock,destruction,24,12,12
Nadek,tichondrius,1140,warlock,destruction,24,12,12
Bmó,stormrage,1139,warlock,destruction,18,12,6
Nhen,daggerspine,1138,warlock,destruction,143,76,67
Lessance,dalaran,1138,warlock,destruction,24,12,12
Taylôr,proudmoore,1136,warlock,destruction,30,12,18
Ravikk,dalaran,1136,warlock,destruction,30,12,18
Cascades,icecrown,1135,warlock,destruction,126,57,69
Juniorsalanu,quelthalas,1134,warlock,destruction,42,23,19
Sankestones,burning-legion,1134,warlock,destruction,30,12,18
Lagcursed,frostmourne,1133,warlock,destruction,18,12,6
Cælohin,tichondrius,1132,warlock,destruction,24,12,12
Skullsoul,arthas,1132,warlock,destruction,24,12,12
Mordror,azralon,1132,warlock,destruction,29,14,15
Dlchem,tichondrius,1126,warlock,destruction,18,12,6
Kracky,tichondrius,1126,warlock,destruction,198,105,93
Huskir,tichondrius,1125,warlock,destruction,30,12,18
Rageraff,trollbane,1121,warlock,destruction,30,18,12
Nocchi,amanthul,1119,warlock,destruction,22,12,10
Trïnîty,tichondrius,1117,warlock,destruction,71,31,40
Dettocs,emerald-dream,1116,warlock,destruction,26,13,13
Hookslinger,barthilas,1116,warlock,destruction,24,12,12
Josemb,ragnaros,1114,warlock,destruction,26,14,12
Marvolö,darkspear,1112,warlock,destruction,24,15,9
Mshyde,gurubashi,1107,warlock,destruction,30,17,13
Esomy,sargeras,1107,warlock,destruction,33,17,16
Gentleq,tichondrius,1104,warlock,destruction,21,12,9
Anstik,area-52,1103,warlock,destruction,15,13,2
Hulion,kiljaeden,1100,warlock,destruction,54,21,33
Westy,drenden,1098,warlock,destruction,18,12,6
Tempestzone,barthilas,1096,warlock,destruction,29,16,13
Darthlockz,illidan,1095,warlock,destruction,24,13,11
Madgettike,stormrage,1094,warlock,destruction,36,22,14
Varuuss,ragnaros,1092,warlock,destruction,21,12,9
Mindfulchimp,sargeras,1092,warlock,destruction,23,12,11
Timmerstar,tichondrius,1091,warlock,destruction,54,25,29
Taìnted,lightbringer,1088,warlock,destruction,28,12,16
Ctierwarlock,tichondrius,1087,warlock,destruction,16,12,4
Medeia,tichondrius,1087,warlock,destruction,23,12,11
Skynflute,tichondrius,1087,warlock,destruction,28,12,16
Necrotiá,tichondrius,1085,warlock,destruction,17,12,5
Spicý,sargeras,1084,warlock,destruction,63,31,32
Liltoastii,illidan,1084,warlock,destruction,27,13,14
Scaryðreams,malganis,1084,warlock,destruction,38,12,26
Mysophobia,frostmourne,1083,warlock,destruction,113,54,59
Abracadavers,ragnaros,1081,warlock,destruction,23,12,11
Nathalyâ,drakkari,1077,warlock,destruction,72,36,36
Glifosáto,quelthalas,1075,warlock,destruction,22,14,8
Valval,moon-guard,1074,warlock,destruction,72,22,50
Wolfib,tichondrius,1072,warlock,destruction,19,12,7
Solrad,illidan,1072,warlock,destruction,56,29,27
Nøvah,tichondrius,1070,warlock,destruction,19,12,7
Fidobiu,stormrage,1069,warlock,destruction,30,16,14
Lockedyaup,skullcrusher,1068,warlock,destruction,30,13,17
Toby,azralon,1066,warlock,destruction,25,12,13
Myshadow,gorefiend,1064,warlock,destruction,36,15,21
Luke,lightnings-blade,1062,warlock,destruction,18,12,6
Mogran,twisting-nether,1059,warlock,destruction,30,15,15
Caesaros,quelthalas,1057,warlock,destruction,25,12,13
Redsolojdc,tichondrius,1056,warlock,destruction,12,11,1
Bumbleebolts,azralon,1056,warlock,destruction,12,11,1
Rubybestlol,tichondrius,1056,warlock,destruction,12,11,1
Hdys,tichondrius,1056,warlock,destruction,18,11,7
Moosejockey,stormrage,1056,warlock,destruction,18,11,7
Søulswap,tichondrius,1056,warlock,destruction,18,11,7
Xidothewitch,stormrage,1056,warlock,destruction,18,11,7
Lockâsf,tichondrius,1056,warlock,destruction,18,11,7
Drsmegmaz,dreadmaul,1056,warlock,destruction,24,11,13
Edeklock,frostmourne,1055,warlock,destruction,12,11,1
Devastation,senjin,1055,warlock,destruction,15,12,3
Ðòt,nagrand,1055,warlock,destruction,18,11,7
Sahdude,illidan,1055,warlock,destruction,18,11,7
Dreadxbolts,stormrage,1055,warlock,destruction,18,11,7
Feardotzrun,illidan,1055,warlock,destruction,18,11,7
Tuzadin,tichondrius,1055,warlock,destruction,18,11,7
Itstista,proudmoore,1055,warlock,destruction,24,11,13
Lowkei,stonemaul,1055,warlock,destruction,42,15,27
Vasqu,stormrage,1054,warlock,destruction,18,11,7
Aureboros,sargeras,1054,warlock,destruction,18,11,7
Friggus,azralon,1054,warlock,destruction,18,11,7
Dunkindots,dalaran,1054,warlock,destruction,18,11,7
Locksolo,tichondrius,1054,warlock,destruction,18,11,7
Spudzies,bleeding-hollow,1054,warlock,destruction,24,11,13
Léarníng,nemesis,1053,warlock,destruction,12,11,1
Faënn,zuljin,1053,warlock,destruction,18,11,7
Buffwarlockz,stormrage,1053,warlock,destruction,18,11,7
Dipz,zuljin,1053,warlock,destruction,18,11,7
Tatemor,barthilas,1053,warlock,destruction,24,11,13
Thotorina,tichondrius,1053,warlock,destruction,29,12,17
Ranil,mannoroth,1052,warlock,destruction,18,11,7
Blanklee,tichondrius,1051,warlock,destruction,12,11,1
Yungncapable,malganis,1051,warlock,destruction,12,11,1
Domenic,sentinels,1051,warlock,destruction,16,12,4
Strawberryz,boulderfist,1051,warlock,destruction,18,11,7
Mateekabr,malganis,1051,warlock,destruction,18,11,7
Flemball,aegwynn,1051,warlock,destruction,21,12,9
Microd,tichondrius,1050,warlock,destruction,18,11,7
Sathorastus,spirestone,1050,warlock,destruction,24,11,13
Unprønuncea,azralon,1050,warlock,destruction,25,11,14
Lindrasta,proudmoore,1048,warlock,destruction,12,11,1
Aswrislock,tichondrius,1048,warlock,destruction,12,11,1
Shadowy,dragonblight,1048,warlock,destruction,18,11,7
Tirp,illidan,1048,warlock,destruction,24,11,13
Pokemebutt,hydraxis,1046,warlock,destruction,18,11,7
Lotusx,tichondrius,1046,warlock,destruction,18,11,7
Dex,jubeithos,1046,warlock,destruction,159,60,99
Altazor,thunderlord,1046,warlock,destruction,30,11,19
Ltr,moon-guard,1045,warlock,destruction,18,11,7
Haloren,moon-guard,1044,warlock,destruction,18,11,7
Melodyh,laughing-skull,1044,warlock,destruction,30,11,19
Xenagos,antonidas,1043,warlock,destruction,30,11,19
Xmochahollic,tichondrius,1040,warlock,destruction,152,65,87
Seeword,sargeras,1039,warlock,destruction,18,11,7
Shivalx,tichondrius,1039,warlock,destruction,24,11,13
Baiss,tichondrius,1030,warlock,destruction,18,11,7
Danoinfelizz,nemesis,1029,warlock,destruction,15,12,3
Noriaeradra,illidan,1025,warlock,destruction,24,13,11
Valintine,khadgar,1024,warlock,destruction,21,12,9
Basicwitch,malganis,1023,warlock,destruction,17,11,6
Getsmoked,moknathal,1023,warlock,destruction,23,11,12
Locksoul,area-52,1019,warlock,destruction,54,25,29
Cheiff,tichondrius,1017,warlock,destruction,63,24,39
Rnicu,bonechewer,1016,warlock,destruction,99,49,50
Bobthedoc,sargeras,1011,warlock,destruction,23,11,12
Kklock,frostmourne,1007,warlock,destruction,45,26,19
Faliceu,sargeras,1006,warlock,destruction,26,11,15
Plagué,barthilas,1004,warlock,destruction,21,11,10
Panyc,tichondrius,1002,warlock,destruction,23,11,12
Valerilma,azralon,998,warlock,destruction,23,11,12
Shardgodx,barthilas,997,warlock,destruction,23,11,12
Rentacletape,kelthuzad,991,warlock,destruction,16,11,5
Wingzerø,tichondrius,988,warlock,destruction,23,11,12
Ozric,quelthalas,987,warlock,destruction,20,12,8
Nevermorde,area-52,986,warlock,destruction,23,11,12
Wìckedelf,area-52,986,warlock,destruction,81,38,43
Mystikcloak,lightbringer,980,warlock,destruction,19,13,6
Hanoaa,tichondrius,975,warlock,destruction,11,11,0
Zíppen,proudmoore,970,warlock,destruction,61,30,31
Plagueis,zuluhed,969,warlock,destruction,25,11,14
Kimis,azralon,963,warlock,destruction,24,14,10
Aliceðupree,darkspear,962,warlock,destruction,54,23,31
Kammuany,sargeras,960,warlock,destruction,12,10,2
Mesw,tichondrius,960,warlock,destruction,12,10,2
Lilshedon,kelthuzad,960,warlock,destruction,12,10,2
Letmecastpls,tichondrius,960,warlock,destruction,12,10,2
Afrikenx,tichondrius,960,warlock,destruction,12,10,2
Numerical,frostmourne,960,warlock,destruction,12,10,2
Wanglock,blackrock,960,warlock,destruction,12,10,2
Lockbtw,altar-of-storms,960,warlock,destruction,12,10,2
Jaboy,dragonmaw,960,warlock,destruction,12,10,2
Fxckyuo,tichondrius,960,warlock,destruction,12,10,2
Nino,barthilas,960,warlock,destruction,12,10,2
Renatis,malganis,960,warlock,destruction,15,11,4
Yuvirayz,illidan,960,warlock,destruction,18,10,8
Dimanel,moon-guard,960,warlock,destruction,18,10,8
Baka,moon-guard,960,warlock,destruction,18,10,8
Spicyfingerx,illidan,960,warlock,destruction,18,10,8
Excusey,tichondrius,960,warlock,destruction,18,10,8
Busterbob,tichondrius,960,warlock,destruction,18,10,8
Veryezgame,tichondrius,960,warlock,destruction,18,10,8
Areufearious,sargeras,960,warlock,destruction,18,10,8
Klol,proudmoore,960,warlock,destruction,18,10,8
Teefgap,sargeras,960,warlock,destruction,18,10,8
Tjdotter,stormrage,960,warlock,destruction,21,11,10
Contägion,bleeding-hollow,960,warlock,destruction,24,10,14
Foxar,stormrage,959,warlock,destruction,12,10,2
Candylock,blackrock,959,warlock,destruction,12,10,2
Dkdakìng,dalaran,959,warlock,destruction,12,10,2
Caseau,frostmourne,959,warlock,destruction,12,10,2
Percaddict,illidan,959,warlock,destruction,12,10,2
Gregfearnrun,area-52,959,warlock,destruction,16,11,5
Years,moon-guard,959,warlock,destruction,18,10,8
Kxäs,ragnaros,959,warlock,destruction,18,10,8
Notatryhard,emerald-dream,959,warlock,destruction,18,10,8
Bowltz,chogall,959,warlock,destruction,18,10,8
Neccross,azralon,959,warlock,destruction,18,10,8
Juiçédaddy,aggramar,959,warlock,destruction,18,10,8
Thânàtös,malganis,959,warlock,destruction,18,10,8
Zelophobiaz,crushridge,959,warlock,destruction,18,10,8
Imports,tichondrius,959,warlock,destruction,18,10,8
Roblockz,illidan,959,warlock,destruction,18,10,8
Maral,kelthuzad,959,warlock,destruction,18,10,8
Dotnrunn,kelthuzad,959,warlock,destruction,18,10,8
Sixonenine,boulderfist,959,warlock,destruction,18,10,8
Pykorrg,ragnaros,959,warlock,destruction,24,10,14
Delarae,frostmourne,958,warlock,destruction,12,10,2
Helraz,darkspear,958,warlock,destruction,12,10,2
Wondon,tichondrius,958,warlock,destruction,18,10,8
Valrena,rivendare,958,warlock,destruction,18,10,8
Meleemetabtw,emerald-dream,958,warlock,destruction,18,10,8
Mørgoth,thrall,958,warlock,destruction,18,10,8
Sourmilkz,zuljin,958,warlock,destruction,24,10,14
Newty,zuljin,957,warlock,destruction,12,10,2
Dercrow,quelthalas,957,warlock,destruction,18,10,8
Kåos,kelthuzad,957,warlock,destruction,18,10,8
Diabolous,malganis,957,warlock,destruction,18,10,8
Xerozus,tichondrius,957,warlock,destruction,18,10,8
Greasymario,area-52,957,warlock,destruction,22,11,11
Sieghert,frostmourne,957,warlock,destruction,24,10,14
Tromeo,sargeras,957,warlock,destruction,24,10,14
Sumondeznuts,wyrmrest-accord,957,warlock,destruction,27,11,16
Dårkfyre,kiljaeden,956,warlock,destruction,18,10,8
Wømanizer,azralon,956,warlock,destruction,18,10,8
Graced,dalaran,956,warlock,destruction,18,10,8
Ragnalock,laughing-skull,956,warlock,destruction,18,10,8
Xephine,proudmoore,956,warlock,destruction,18,10,8
Raidspot,bleeding-hollow,956,warlock,destruction,24,10,14
Hargol,azralon,956,warlock,destruction,24,10,14
Zaintv,illidan,955,warlock,destruction,18,10,8
Chaoticstorm,area-52,955,warlock,destruction,18,10,8
Hellslayer,frostmourne,955,warlock,destruction,24,10,14
Pachips,zuljin,955,warlock,destruction,24,10,14
Thediaz,quelthalas,954,warlock,destruction,24,12,12
Harleyjames,ravenholdt,953,warlock,destruction,18,10,8
Punjj,jubeithos,952,warlock,destruction,18,10,8
Huuchie,moon-guard,951,warlock,destruction,18,10,8
Caramelgodx,stormrage,951,warlock,destruction,24,10,14
Puscifear,azralon,951,warlock,destruction,30,10,20
Sojupain,kaelthas,950,warlock,destruction,12,10,2
Avadakedavra,warsong,949,warlock,destruction,18,10,8
Moreedotss,malganis,947,warlock,destruction,30,10,20
Hamadan,azralon,946,warlock,destruction,24,10,14
Cursé,stormrage,944,warlock,destruction,18,10,8
Verybaked,sargeras,935,warlock,destruction,18,10,8
Nessro,stormrage,934,warlock,destruction,12,10,2
Imsupercool,bleeding-hollow,927,warlock,destruction,17,10,7
Astarõth,zuljin,926,warlock,destruction,26,11,15
Twohandedkil,stormrage,920,warlock,destruction,26,11,15
Keleiron,velen,916,warlock,destruction,18,10,8
Xekk,wyrmrest-accord,910,warlock,destruction,23,10,13
Saraphina,maiev,907,warlock,destruction,316,148,168
Lockyy,khaz-modan,904,warlock,destruction,26,11,15
Katsby,moon-guard,894,warlock,destruction,17,10,7
Fiennx,dalaran,894,warlock,destruction,17,10,7
Rakudemon,ragnaros,894,warlock,destruction,20,10,10
Marlett,destromath,890,warlock,destruction,113,58,55
Savagetheron,korgath,887,warlock,destruction,18,10,8
Kurmenos,uldum,883,warlock,destruction,20,13,7
Pyria,boulderfist,877,warlock,destruction,13,10,3
Nikôlas,stormrage,871,warlock,destruction,66,26,40
Baddummy,tichondrius,864,warlock,destruction,12,9,3
Demoabuser,lightnings-blade,864,warlock,destruction,12,9,3
Phøbøs,hyjal,864,warlock,destruction,12,9,3
Dabú,tichondrius,864,warlock,destruction,12,9,3
Quickzmaster,blackrock,864,warlock,destruction,12,9,3
Crnowarlock,area-52,864,warlock,destruction,12,9,3
Lokiy,ragnaros,864,warlock,destruction,12,9,3
Alphaeus,hydraxis,864,warlock,destruction,12,9,3
Whaad,tichondrius,864,warlock,destruction,12,9,3
Bfadestro,tichondrius,864,warlock,destruction,12,9,3
Tstlsl,area-52,864,warlock,destruction,12,9,3
Lysitheä,moon-guard,864,warlock,destruction,12,9,3
Raxxis,moon-guard,864,warlock,destruction,12,9,3
Cowboydann,malganis,864,warlock,destruction,12,9,3
Frustration,darkspear,864,warlock,destruction,12,9,3
Bonita,garona,864,warlock,destruction,12,9,3
Rice,lothar,864,warlock,destruction,12,9,3
Nynx,stormrage,864,warlock,destruction,12,9,3
Voidsoda,whisperwind,864,warlock,destruction,12,9,3
Sketchytat,stormrage,864,warlock,destruction,12,9,3
Shokran,frostmourne,864,warlock,destruction,12,9,3
Drezx,frostmourne,864,warlock,destruction,12,9,3
Wtfcowisownz,illidan,864,warlock,destruction,12,9,3
Pengliyuaner,illidan,864,warlock,destruction,12,9,3
Matthewx,stormrage,864,warlock,destruction,12,9,3
Moóndust,bleeding-hollow,864,warlock,destruction,12,9,3
Particles,proudmoore,864,warlock,destruction,16,10,6
Bigolehogger,area-52,864,warlock,destruction,18,9,9
Stuffs,wyrmrest-accord,864,warlock,destruction,18,9,9
Drossx,illidan,864,warlock,destruction,18,9,9
Sonovabeech,winterhoof,864,warlock,destruction,18,9,9
Biggbolts,tichondrius,864,warlock,destruction,18,9,9
Mitryc,illidan,864,warlock,destruction,18,9,9
Reflexlock,malganis,864,warlock,destruction,18,9,9
Doties,bleeding-hollow,864,warlock,destruction,18,9,9
Blair,wildhammer,864,warlock,destruction,18,9,9
Voidxo,tichondrius,864,warlock,destruction,18,9,9
Rorvask,area-52,864,warlock,destruction,18,9,9
Miroir,illidan,864,warlock,destruction,18,9,9
Woopie,malfurion,864,warlock,destruction,18,9,9
Versariki,frostmourne,863,warlock,destruction,12,9,3
Kathriss,frostmane,863,warlock,destruction,12,9,3
Zycas,tichondrius,863,warlock,destruction,12,9,3
Shooff,area-52,863,warlock,destruction,12,9,3
Skrunkz,illidan,863,warlock,destruction,12,9,3
Slicktrik,stormrage,863,warlock,destruction,12,9,3
Pacopico,illidan,863,warlock,destruction,12,9,3
Ahrimaan,illidan,863,warlock,destruction,12,9,3
Glergarby,stormscale,863,warlock,destruction,15,10,5
Ðarkbat,ragnaros,863,warlock,destruction,18,9,9
Rothmar,bleeding-hollow,863,warlock,destruction,18,9,9
Dëvïl,ragnaros,863,warlock,destruction,18,9,9
Gigglywiggly,illidan,863,warlock,destruction,18,9,9
Nethron,the-venture-co,863,warlock,destruction,18,9,9
Lessthanjake,zuljin,863,warlock,destruction,18,9,9
Notdiesel,thrall,863,warlock,destruction,18,9,9
Kymamd,sargeras,863,warlock,destruction,18,9,9
Ðòm,tichondrius,863,warlock,destruction,18,9,9
Manethail,aegwynn,863,warlock,destruction,18,9,9
Dmox,darkspear,863,warlock,destruction,18,9,9
Minzyw,illidan,863,warlock,destruction,18,9,9
Cyio,zuljin,863,warlock,destruction,18,9,9
Rhabdo,ravenholdt,863,warlock,destruction,18,9,9
Goarage,tichondrius,863,warlock,destruction,22,10,12
Rokdas,area-52,863,warlock,destruction,24,9,15
Cigárillo,thrall,863,warlock,destruction,24,9,15
Cozu,tichondrius,862,warlock,destruction,12,9,3
Cogitoergo,stormrage,862,warlock,destruction,12,9,3
Namig,aerie-peak,862,warlock,destruction,12,9,3
Mourinhoftw,illidan,862,warlock,destruction,12,9,3
Locklockdead,earthen-ring,862,warlock,destruction,12,9,3
Çhåos,destromath,862,warlock,destruction,12,9,3
Toonbolt,sargeras,862,warlock,destruction,18,9,9
Sanzofunke,area-52,862,warlock,destruction,18,9,9
Youkeyoh,illidan,862,warlock,destruction,18,9,9
Artheás,azralon,862,warlock,destruction,18,9,9
Thewkama,tichondrius,862,warlock,destruction,18,9,9
Duhdotsbruh,trollbane,862,warlock,destruction,18,9,9
Breaad,tichondrius,862,warlock,destruction,24,9,15
Tanathoz,thrall,862,warlock,destruction,28,10,18
Aveeda,malganis,861,warlock,destruction,12,9,3
Methandmmkay,illidan,861,warlock,destruction,15,10,5
Frdchickiana,tichondrius,861,warlock,destruction,18,9,9
Funnelcakies,area-52,861,warlock,destruction,18,9,9
Snapp,kelthuzad,861,warlock,destruction,24,9,15
Raebolts,area-52,860,warlock,destruction,18,9,9
Damdochael,bleeding-hollow,860,warlock,destruction,24,9,15
Beelzibub,firetree,859,warlock,destruction,18,9,9
Githany,hyjal,859,warlock,destruction,18,9,9
Gorskij,frostwolf,859,warlock,destruction,19,9,10
Damerus,illidan,859,warlock,destruction,24,9,15
Cynwise,arathor,858,warlock,destruction,18,9,9
Thulium,dawnbringer,857,warlock,destruction,12,9,3
Sykosenpai,zuljin,856,warlock,destruction,12,9,3
Scentient,jubeithos,855,warlock,destruction,12,9,3
Shadohz,lightnings-blade,855,warlock,destruction,12,9,3
Buttkins,tichondrius,855,warlock,destruction,24,9,15
Klummzy,tichondrius,850,warlock,destruction,18,9,9
Juan,borean-tundra,850,warlock,destruction,24,9,15
Vampir,hellscream,850,warlock,destruction,24,9,15
Elyzier,gallywix,839,warlock,destruction,48,20,28
Freakdoa,blades-edge,834,warlock,destruction,53,20,33
Drdotngo,tichondrius,831,warlock,destruction,20,10,10
Ovosound,tichondrius,815,warlock,destruction,11,9,2
Chaospump,frostmourne,815,warlock,destruction,17,9,8
Cheêsyx,tichondrius,815,warlock,destruction,17,9,8
Ilovedabs,aerie-peak,813,warlock,destruction,17,9,8
Brútek,moon-guard,811,warlock,destruction,23,9,14
Metamòrph,malganis,810,warlock,destruction,16,10,6
Biubius,tichondrius,799,warlock,destruction,11,9,2
Lifelock,auchindoun,797,warlock,destruction,16,9,7
Conboii,tichondrius,768,warlock,destruction,10,9,1
Shatteroidz,darkspear,768,warlock,destruction,12,8,4
Elcidz,tichondrius,768,warlock,destruction,12,8,4
Levee,spirestone,768,warlock,destruction,12,8,4
Flackory,tichondrius,768,warlock,destruction,12,8,4
Shinagae,tichondrius,768,warlock,destruction,12,8,4
Smeezles,frostmourne,768,warlock,destruction,12,8,4
Zazyi,azralon,768,warlock,destruction,12,8,4
Elprup,tichondrius,768,warlock,destruction,12,8,4
Hipnus,drakkari,768,warlock,destruction,12,8,4
Fearsponce,dragonmaw,768,warlock,destruction,12,8,4
Cheylock,stormrage,768,warlock,destruction,12,8,4
Fischh,hyjal,768,warlock,destruction,12,8,4
Idoovoodoo,burning-legion,768,warlock,destruction,12,8,4
Warlocknroll,frostmourne,768,warlock,destruction,12,8,4
Ceeloftw,tichondrius,768,warlock,destruction,12,8,4
Diznei,nemesis,768,warlock,destruction,12,8,4
Narzhul,drakkari,768,warlock,destruction,12,8,4
Annantu,area-52,768,warlock,destruction,12,8,4
Bopplock,tichondrius,768,warlock,destruction,12,8,4
Necroferal,whisperwind,768,warlock,destruction,12,8,4
Elldiablo,darkspear,768,warlock,destruction,12,8,4
Rebolting,tichondrius,768,warlock,destruction,12,8,4
Kápz,darkspear,768,warlock,destruction,12,8,4
Loçky,area-52,768,warlock,destruction,12,8,4
Warcoc,bleeding-hollow,768,warlock,destruction,12,8,4
Stíngz,nemesis,768,warlock,destruction,12,8,4
Yze,sargeras,768,warlock,destruction,12,8,4
Munje,bleeding-hollow,768,warlock,destruction,12,8,4
Beckypls,zuljin,768,warlock,destruction,12,8,4
Flavakid,malganis,768,warlock,destruction,12,8,4
Aptukk,archimonde,768,warlock,destruction,12,8,4
Djdemolordx,bleeding-hollow,768,warlock,destruction,12,8,4
Chaoscoach,sargeras,768,warlock,destruction,12,8,4
Ayedss,dalaran,768,warlock,destruction,12,8,4
Famington,tichondrius,768,warlock,destruction,12,8,4
Pandasrlegit,burning-blade,768,warlock,destruction,12,8,4
Felegance,proudmoore,768,warlock,destruction,12,8,4
Esolock,malganis,768,warlock,destruction,12,8,4
Slackjaww,kiljaeden,768,warlock,destruction,12,8,4
Clorvenna,zuljin,768,warlock,destruction,12,8,4
Dumbfknclass,malganis,768,warlock,destruction,12,8,4
Rhelialock,icecrown,768,warlock,destruction,12,8,4
Searinox,scilla,768,warlock,destruction,12,8,4
Nyhn,bleeding-hollow,768,warlock,destruction,13,8,5
Westtung,tichondrius,768,warlock,destruction,13,8,5
Metic,firetree,768,warlock,destruction,16,9,7
Tarth,sargeras,768,warlock,destruction,18,8,10
Kallym,azralon,768,warlock,destruction,18,8,10
Iniboltquity,tichondrius,768,warlock,destruction,18,8,10
Dethknell,stormrage,768,warlock,destruction,18,8,10
Pardoned,stormrage,768,warlock,destruction,18,8,10
Rashiko,bleeding-hollow,768,warlock,destruction,18,8,10
Demfearslol,terokkar,768,warlock,destruction,18,8,10
Bbangtimo,tichondrius,768,warlock,destruction,18,8,10
Árkadiano,drakkari,768,warlock,destruction,18,8,10
Gneçro,area-52,768,warlock,destruction,18,8,10
Westhofxx,sargeras,768,warlock,destruction,18,8,10
Joung,tichondrius,768,warlock,destruction,18,8,10
Yonz,area-52,767,warlock,destruction,12,8,4
Doman,thorium-brotherhood,767,warlock,destruction,12,8,4
Darthtequila,stormrage,767,warlock,destruction,12,8,4
Accentuate,tichondrius,767,warlock,destruction,12,8,4
Coil,kiljaeden,767,warlock,destruction,12,8,4
Ebølarot,tichondrius,767,warlock,destruction,12,8,4
Toxec,barthilas,767,warlock,destruction,12,8,4
Celistia,wyrmrest-accord,767,warlock,destruction,12,8,4
Feldune,sargeras,767,warlock,destruction,12,8,4
Matrriixx,proudmoore,767,warlock,destruction,12,8,4
Kruder,tichondrius,767,warlock,destruction,12,8,4
Shikyo,lightnings-blade,767,warlock,destruction,18,8,10
Draxxus,barthilas,767,warlock,destruction,18,8,10
Síkaría,malganis,767,warlock,destruction,18,8,10
Katsurägi,tichondrius,767,warlock,destruction,18,8,10
Mêdìvh,tichondrius,767,warlock,destruction,18,8,10
Windwolff,dalvengyr,767,warlock,destruction,18,8,10
Botoslap,dragonmaw,767,warlock,destruction,18,8,10
Aldaill,moon-guard,767,warlock,destruction,18,8,10
Zyhq,stormrage,767,warlock,destruction,18,8,10
Plutö,thrall,767,warlock,destruction,18,8,10
Misscháos,malganis,767,warlock,destruction,18,8,10
Says,gorefiend,767,warlock,destruction,18,8,10
Slysdexia,sargeras,767,warlock,destruction,18,8,10
Feoona,hyjal,767,warlock,destruction,24,8,16
Itsmeagain,area-52,767,warlock,destruction,24,8,16
Veleseth,stormrage,767,warlock,destruction,24,8,16
Spicytaters,malganis,767,warlock,destruction,24,8,16
Necrófear,tichondrius,767,warlock,destruction,24,8,16
Dinkydeen,area-52,766,warlock,destruction,12,8,4
Raglans,amanthul,766,warlock,destruction,12,8,4
Veditä,goldrinn,766,warlock,destruction,12,8,4
Doomers,frostmourne,766,warlock,destruction,12,8,4
Devdolittle,tichondrius,766,warlock,destruction,12,8,4
Staudt,mugthol,766,warlock,destruction,12,8,4
Pocserlock,drakkari,766,warlock,destruction,12,8,4
Dmgcrit,destromath,766,warlock,destruction,12,8,4
Enur,malganis,766,warlock,destruction,12,8,4
Faldoras,kalecgos,766,warlock,destruction,12,8,4
Assaulttron,wyrmrest-accord,766,warlock,destruction,12,8,4
Seniorshneef,emerald-dream,766,warlock,destruction,18,8,10
Mandley,nazgrel,766,warlock,destruction,18,8,10
Spiritofodin,grizzly-hills,765,warlock,destruction,12,8,4
Rurnt,bloodhoof,765,warlock,destruction,12,8,4
Florryn,barthilas,765,warlock,destruction,18,8,10
Sylersa,malganis,765,warlock,destruction,18,8,10
Lilitht,drakkari,764,warlock,destruction,18,8,10
Guinegobbler,hyjal,764,warlock,destruction,20,8,12
Esoo,kul-tiras,763,warlock,destruction,12,8,4
Caryn,dalaran,763,warlock,destruction,18,8,10
Malchiev,area-52,763,warlock,destruction,24,8,16
Infortunium,sargeras,762,warlock,destruction,12,8,4
Terminall,quelthalas,762,warlock,destruction,18,8,10
Nightblloom,illidan,762,warlock,destruction,18,8,10
Djfear,tichondrius,762,warlock,destruction,18,8,10
Disrespex,kelthuzad,762,warlock,destruction,18,8,10
Degynlock,wyrmrest-accord,762,warlock,destruction,24,8,16
Shooterg,tichondrius,761,warlock,destruction,18,8,10
Feladrae,wyrmrest-accord,761,warlock,destruction,30,8,22
Thugpenus,frostmane,760,warlock,destruction,18,8,10
Totti,tol-barad,759,warlock,destruction,18,8,10
Jonuts,korgath,752,warlock,destruction,19,8,11
Nobuyori,tichondrius,745,warlock,destruction,24,9,15
Viejitaa,quelthalas,735,warlock,destruction,16,9,7
Chaoticman,tichondrius,733,warlock,destruction,17,8,9
Fellraiser,bleeding-hollow,720,warlock,destruction,15,8,7
Notoriusmma,illidan,720,warlock,destruction,19,10,9
Sotera,bleeding-hollow,719,warlock,destruction,11,8,3
Rentblod,azralon,719,warlock,destruction,11,8,3
Gyxx,exodar,719,warlock,destruction,15,8,7
Thirsts,tichondrius,719,warlock,destruction,17,8,9
Lökdown,dalaran,714,warlock,destruction,15,11,4
Júbeka,drakkari,714,warlock,destruction,20,9,11
Lilsquirts,kelthuzad,704,warlock,destruction,16,8,8
Tinyjo,sargeras,703,warlock,destruction,11,8,3
Ihaveapowers,maiev,703,warlock,destruction,11,8,3
Bäbz,barthilas,703,warlock,destruction,11,8,3
Demotional,wyrmrest-accord,703,warlock,destruction,14,8,6
Yikës,stormrage,703,warlock,destruction,14,8,6
Celestîne,sargeras,703,warlock,destruction,16,8,8
Liljamie,stormrage,703,warlock,destruction,17,8,9
Screampied,sargeras,699,warlock,destruction,20,8,12
Getfeared,emerald-dream,672,warlock,destruction,10,8,2
Perfidious,altar-of-storms,672,warlock,destruction,10,8,2
Zlippery,barthilas,672,warlock,destruction,10,8,2
Aegywn,gorgonnash,672,warlock,destruction,12,7,5
Luciusvrenus,tichondrius,672,warlock,destruction,12,7,5
Mokfernal,tichondrius,672,warlock,destruction,12,7,5
Afflackxl,sargeras,672,warlock,destruction,12,7,5
Brujoroba,drakkari,672,warlock,destruction,12,7,5
Elanfel,thrall,672,warlock,destruction,12,7,5
Monson,warsong,672,warlock,destruction,12,7,5
Dotlockndrop,stormreaver,672,warlock,destruction,12,7,5
Tomathus,moon-guard,672,warlock,destruction,12,7,5
Kountdrakula,tichondrius,672,warlock,destruction,12,7,5
Westhofz,sargeras,672,warlock,destruction,12,7,5
Walleyemike,kelthuzad,672,warlock,destruction,12,7,5
Alìen,barthilas,672,warlock,destruction,12,7,5
Freejakejone,tichondrius,672,warlock,destruction,12,7,5
Puvvo,tichondrius,672,warlock,destruction,12,7,5
Pillock,bleeding-hollow,672,warlock,destruction,12,7,5
Thinkchair,sargeras,672,warlock,destruction,12,7,5
Alterity,kelthuzad,672,warlock,destruction,12,7,5
Warpstar,area-52,672,warlock,destruction,12,7,5
Tatordotzz,tichondrius,672,warlock,destruction,12,7,5
Soukinomicz,sargeras,672,warlock,destruction,12,7,5
Furryfears,gurubashi,672,warlock,destruction,12,7,5
Insànity,bleeding-hollow,672,warlock,destruction,12,7,5
Dplexs,jubeithos,672,warlock,destruction,12,7,5
Callofzevoid,tichondrius,672,warlock,destruction,12,7,5
Snikpan,silver-hand,672,warlock,destruction,12,7,5
Rothslock,tichondrius,672,warlock,destruction,12,7,5
Clingrita,tichondrius,672,warlock,destruction,12,7,5
Flicks,arthas,672,warlock,destruction,12,7,5
Buypork,tichondrius,672,warlock,destruction,12,7,5
Sasaology,frostmourne,672,warlock,destruction,12,7,5
Sharkweek,zuljin,672,warlock,destruction,12,7,5
Hellfires,ragnaros,672,warlock,destruction,12,7,5
Iboltudie,tichondrius,672,warlock,destruction,12,7,5
Crucyblettv,korgath,672,warlock,destruction,12,7,5
Tamzin,kelthuzad,672,warlock,destruction,12,7,5
Dipgodx,bleeding-hollow,672,warlock,destruction,12,7,5
Dötkill,illidan,672,warlock,destruction,12,7,5
Phishdots,tichondrius,672,warlock,destruction,12,7,5
Uggaboogga,malganis,672,warlock,destruction,12,7,5
Suminl,tichondrius,672,warlock,destruction,12,7,5
Karmalock,malganis,672,warlock,destruction,12,7,5
Drakatat,tichondrius,672,warlock,destruction,12,7,5
Glizzÿ,thrall,672,warlock,destruction,12,7,5
Stîgz,stormrage,672,warlock,destruction,12,7,5
Sylvarri,stormrage,672,warlock,destruction,12,7,5
Felforyouu,illidan,672,warlock,destruction,12,7,5
Ztc,dalaran,672,warlock,destruction,12,7,5
Schlutty,malganis,672,warlock,destruction,12,7,5
Méphisto,emerald-dream,672,warlock,destruction,12,7,5
Bosswarlock,tichondrius,672,warlock,destruction,13,7,6
Ahp,stormrage,672,warlock,destruction,15,8,7
Axetoss,stormrage,672,warlock,destruction,17,9,8
Sibome,stormrage,672,warlock,destruction,18,7,11
Dedremus,korialstrasz,672,warlock,destruction,18,7,11
Zantology,frostmourne,672,warlock,destruction,18,7,11
Dilonlock,area-52,672,warlock,destruction,18,7,11
Butterbolts,aerie-peak,672,warlock,destruction,18,7,11
Dmacxl,tichondrius,672,warlock,destruction,18,7,11
Anasúi,quelthalas,672,warlock,destruction,18,7,11
Sundrín,mugthol,672,warlock,destruction,18,7,11
Modot,tichondrius,672,warlock,destruction,18,7,11
Spacedots,illidan,672,warlock,destruction,18,7,11
Kvxkxvxvk,bleeding-hollow,672,warlock,destruction,19,7,12
Pøwertrîp,sargeras,672,warlock,destruction,24,7,17
Brough,illidan,672,warlock,destruction,24,7,17
Briside,malganis,671,warlock,destruction,12,7,5
Bhupzy,barthilas,671,warlock,destruction,12,7,5
Leroybrown,alterac-mountains,671,warlock,destruction,12,7,5
Drskeeters,malganis,671,warlock,destruction,12,7,5
Zhing,frostmourne,671,warlock,destruction,12,7,5
Azâziel,ragnaros,671,warlock,destruction,12,7,5
Choas,jaedenar,671,warlock,destruction,12,7,5
Naba,malorne,671,warlock,destruction,12,7,5
Aroris,silver-hand,671,warlock,destruction,12,7,5
Pendïng,area-52,671,warlock,destruction,12,7,5
Demosthenes,nazjatar,671,warlock,destruction,12,7,5
Saicinxd,darkspear,671,warlock,destruction,12,7,5
Zyraxx,moon-guard,671,warlock,destruction,12,7,5
Grimzo,mugthol,671,warlock,destruction,12,7,5
Actiow,stormrage,671,warlock,destruction,12,7,5
Zms,ragnaros,671,warlock,destruction,12,7,5
Cytosine,medivh,671,warlock,destruction,12,7,5
Boltondahoes,sargeras,671,warlock,destruction,12,7,5
Mérli,quelthalas,671,warlock,destruction,12,7,5
Irunaways,stormrage,671,warlock,destruction,12,7,5
Chamansy,darkspear,671,warlock,destruction,12,7,5
Shadowpainn,the-underbog,671,warlock,destruction,12,7,5
Hadit,malganis,671,warlock,destruction,15,8,7
Fulc,area-52,671,warlock,destruction,18,7,11
Jvilla,tichondrius,671,warlock,destruction,18,7,11
Vetislock,thrall,671,warlock,destruction,18,7,11
Yungwilly,silvermoon,671,warlock,destruction,18,7,11
Yury,scarlet-crusade,671,warlock,destruction,18,7,11
Vorituuray,moon-guard,671,warlock,destruction,18,7,11
Soulinite,fizzcrank,671,warlock,destruction,18,7,11
Kachauwoo,kiljaeden,671,warlock,destruction,18,7,11
Wollylock,dark-iron,671,warlock,destruction,18,7,11
Rottgodqt,area-52,671,warlock,destruction,18,7,11
Trìplock,area-52,671,warlock,destruction,18,7,11
Neurotoxiina,azralon,671,warlock,destruction,24,7,17
Doomtome,moon-guard,671,warlock,destruction,26,7,19
Thotsanddots,area-52,670,warlock,destruction,12,7,5
Amilkman,area-52,670,warlock,destruction,12,7,5
Noteko,korgath,670,warlock,destruction,12,7,5
Ogawalation,stormrage,670,warlock,destruction,12,7,5
Dipndøtz,illidan,670,warlock,destruction,12,7,5
Iamfear,shuhalo,670,warlock,destruction,12,7,5
Tørturë,tichondrius,670,warlock,destruction,12,7,5
Cazadorius,jubeithos,670,warlock,destruction,13,7,6
Cynissel,sargeras,670,warlock,destruction,13,7,6
Heartpvp,tichondrius,670,warlock,destruction,18,7,11
Revenancer,smolderthorn,669,warlock,destruction,12,7,5
Otus,echo-isles,669,warlock,destruction,12,7,5
Kristenßell,senjin,669,warlock,destruction,12,7,5
Sumonníng,tichondrius,669,warlock,destruction,18,7,11
Sneakywarlok,dalaran,668,warlock,destruction,19,7,12
Deathjerky,thrall,667,warlock,destruction,12,7,5
Anahaldever,fenris,667,warlock,destruction,12,7,5
Xargeras,emerald-dream,667,warlock,destruction,18,7,11
Saltboi,azjolnerub,640,warlock,destruction,16,7,9
Voidxx,tichondrius,639,warlock,destruction,11,7,4
Greenwarlock,bleeding-hollow,639,warlock,destruction,14,8,6
Shendotigans,illidan,639,warlock,destruction,17,7,10
Demondan,magtheridon,638,warlock,destruction,23,7,16
Seregå,skywall,623,warlock,destruction,11,7,4
Conboee,tichondrius,623,warlock,destruction,11,7,4
Cassetes,tichondrius,622,warlock,destruction,11,7,4
Helpimdýing,sargeras,622,warlock,destruction,21,7,14
Lazzarros,area-52,618,warlock,destruction,22,8,14
Pontoontim,mugthol,617,warlock,destruction,20,8,12
Steav,quelthalas,608,warlock,destruction,10,7,3
Fancynuts,kiljaeden,607,warlock,destruction,11,7,4
Perfsx,bleeding-hollow,607,warlock,destruction,14,7,7
Furrlokc,tichondrius,607,warlock,destruction,16,7,9
Prahvstein,shuhalo,602,warlock,destruction,14,7,7
Studathlete,tichondrius,592,warlock,destruction,13,7,6
Surleshilla,malganis,592,warlock,destruction,13,7,6
Pandemik,turalyon,591,warlock,destruction,11,8,3
Freyanna,moon-guard,588,warlock,destruction,19,7,12
Raghnor,illidan,576,warlock,destruction,6,6,0
Bigjersey,illidan,576,warlock,destruction,6,6,0
Winipuhmalo,quelthalas,576,warlock,destruction,6,6,0
Malevolent,velen,576,warlock,destruction,6,6,0
Kòngal,tichondrius,576,warlock,destruction,6,6,0
Mitchosx,frostmourne,576,warlock,destruction,6,6,0
Gretlock,emerald-dream,576,warlock,destruction,6,6,0
Lockhippo,illidan,576,warlock,destruction,6,6,0
Jokerzz,tichondrius,576,warlock,destruction,6,6,0
Baconmuffin,tichondrius,576,warlock,destruction,6,6,0
Magik,balnazzar,576,warlock,destruction,6,6,0
Schrader,sargeras,576,warlock,destruction,6,6,0
Gabbagoul,sargeras,576,warlock,destruction,6,6,0
Xaviier,sargeras,576,warlock,destruction,6,6,0
Bronzel,tichondrius,576,warlock,destruction,6,6,0
Menggoth,tichondrius,576,warlock,destruction,6,6,0
Joromojo,zuljin,576,warlock,destruction,6,6,0
Hypexis,area-52,576,warlock,destruction,6,6,0
Silone,tichondrius,576,warlock,destruction,6,6,0
Vlk,barthilas,576,warlock,destruction,6,6,0
Bivvix,malganis,576,warlock,destruction,6,6,0
Dancedark,tichondrius,576,warlock,destruction,6,6,0
Notstingz,azralon,576,warlock,destruction,6,6,0
Impbisqit,stormrage,576,warlock,destruction,6,6,0
Baiw,tichondrius,576,warlock,destruction,6,6,0
Jblock,zuljin,576,warlock,destruction,6,6,0
Deliverances,kelthuzad,576,warlock,destruction,9,7,2
Broovid,tichondrius,576,warlock,destruction,13,7,6
Asamsbinladn,illidan,576,warlock,destruction,12,6,6
Chaosboltss,tichondrius,576,warlock,destruction,12,6,6
Graingrippin,malganis,576,warlock,destruction,12,6,6
Lokkup,dalaran,576,warlock,destruction,12,6,6
Geegas,malganis,576,warlock,destruction,12,6,6
Tomato,azjolnerub,576,warlock,destruction,12,6,6
Metafin,quelthalas,576,warlock,destruction,12,6,6
Taye,barthilas,576,warlock,destruction,12,6,6
Eboknight,area-52,576,warlock,destruction,12,6,6
Pavél,ragnaros,576,warlock,destruction,12,6,6
Lucíela,ragnaros,576,warlock,destruction,12,6,6
Massivebolts,area-52,576,warlock,destruction,12,6,6
Mangdaemon,silvermoon,576,warlock,destruction,12,6,6
Coffeezx,malganis,576,warlock,destruction,12,6,6
Legallydan,tichondrius,576,warlock,destruction,12,6,6
Justignoreme,tichondrius,576,warlock,destruction,12,6,6
Adøràßøltz,tichondrius,576,warlock,destruction,12,6,6
Nutgobblerxo,sargeras,576,warlock,destruction,12,6,6
Salentsia,malganis,576,warlock,destruction,12,6,6
Bhris,wildhammer,576,warlock,destruction,12,6,6
Zedonius,dragonmaw,576,warlock,destruction,12,6,6
Tinked,stormrage,576,warlock,destruction,12,6,6
Kreemy,ysera,576,warlock,destruction,12,6,6
Limeriax,emerald-dream,576,warlock,destruction,12,6,6
Lri,frostmourne,576,warlock,destruction,12,6,6
Flu,darkspear,576,warlock,destruction,12,6,6
Kerës,sargeras,576,warlock,destruction,12,6,6
Gengar,dalaran,576,warlock,destruction,12,6,6
Gagitha,black-dragonflight,576,warlock,destruction,12,6,6
Sumrule,dreadmaul,576,warlock,destruction,12,6,6
Beerbolt,dalaran,576,warlock,destruction,12,6,6
Truepain,tichondrius,576,warlock,destruction,12,6,6
Jessewheels,tichondrius,576,warlock,destruction,12,6,6
Bolèyn,moon-guard,576,warlock,destruction,12,6,6
Lambe,tichondrius,576,warlock,destruction,12,6,6
Souldrain,malganis,576,warlock,destruction,12,6,6
Riskydemon,azralon,576,warlock,destruction,12,6,6
Beamin,dentarg,576,warlock,destruction,12,6,6
Kmüz,drakkari,576,warlock,destruction,12,6,6
Quadrillion,stormrage,576,warlock,destruction,12,6,6
Viejita,quelthalas,576,warlock,destruction,12,6,6
Shigero,tichondrius,576,warlock,destruction,12,6,6
Ðáyshéll,kelthuzad,576,warlock,destruction,12,6,6
Lockmeupuwu,malganis,576,warlock,destruction,12,6,6
Ronnietherat,tichondrius,576,warlock,destruction,12,6,6
Aikus,quelthalas,576,warlock,destruction,12,6,6
Chabolt,tichondrius,576,warlock,destruction,12,6,6
Emptysoul,illidan,576,warlock,destruction,12,6,6
Sn,dalaran,576,warlock,destruction,12,6,6
Ironsightsl,dalaran,576,warlock,destruction,12,6,6
Baconmarty,emerald-dream,576,warlock,destruction,12,6,6
Cunalia,sargeras,576,warlock,destruction,12,6,6
Vietoutlaw,bronzebeard,576,warlock,destruction,12,6,6
Zeromech,sargeras,576,warlock,destruction,12,6,6
Gagh,tichondrius,576,warlock,destruction,12,6,6
Wrongname,hakkar,576,warlock,destruction,12,6,6
Zephidel,thrall,576,warlock,destruction,12,6,6
Velvalla,chogall,576,warlock,destruction,12,6,6
Imbadatpvp,tichondrius,576,warlock,destruction,12,6,6
Donutd,stormrage,576,warlock,destruction,12,6,6
Sauzith,area-52,576,warlock,destruction,12,6,6
Kulgar,aerie-peak,576,warlock,destruction,12,6,6
Peeberson,tichondrius,576,warlock,destruction,12,6,6
Liability,zuljin,576,warlock,destruction,12,6,6
Girthlock,tichondrius,576,warlock,destruction,12,6,6
Hiro,steamwheedle-cartel,576,warlock,destruction,12,6,6
Cosmosxi,illidan,576,warlock,destruction,12,6,6
Liritasu,illidan,576,warlock,destruction,12,6,6
Tonifortnite,emerald-dream,576,warlock,destruction,12,6,6
Charmandfarm,nerzhul,576,warlock,destruction,12,6,6
Manalis,zuljin,576,warlock,destruction,12,6,6
Extreme,blackwing-lair,576,warlock,destruction,12,6,6
Doomhauzer,kiljaeden,576,warlock,destruction,12,6,6
Hellwalker,illidan,576,warlock,destruction,12,6,6
Ritua,dragonmaw,576,warlock,destruction,12,6,6
Crimsonela,emerald-dream,576,warlock,destruction,12,6,6
Vravras,kelthuzad,576,warlock,destruction,12,6,6
Tlock,azjolnerub,576,warlock,destruction,12,6,6
Gasgrassnass,sargeras,576,warlock,destruction,12,6,6
Aggrodesiac,wyrmrest-accord,576,warlock,destruction,12,6,6
Andrewpg,zuljin,576,warlock,destruction,12,6,6
Ïmpdance,tichondrius,576,warlock,destruction,12,6,6
Maèlstrom,area-52,576,warlock,destruction,12,6,6
Iemonv,vashj,576,warlock,destruction,12,6,6
Fearlok,malorne,576,warlock,destruction,12,6,6
Srcorvo,azralon,576,warlock,destruction,12,6,6
Betrili,tichondrius,576,warlock,destruction,12,6,6
Ellipsispain,bleeding-hollow,576,warlock,destruction,13,6,7
Marinw,azralon,576,warlock,destruction,16,7,9
Indrah,tichondrius,576,warlock,destruction,14,6,8
Zogs,stonemaul,576,warlock,destruction,18,6,12
Lamdyn,moon-guard,576,warlock,destruction,18,6,12
Bêlthazor,kelthuzad,576,warlock,destruction,18,6,12
Esoteríc,sargeras,576,warlock,destruction,18,6,12
Tharax,moon-guard,576,warlock,destruction,18,6,12
Familjia,nagrand,576,warlock,destruction,18,6,12
Lenestus,stormrage,576,warlock,destruction,18,6,12
Wzrdtrx,deathwing,576,warlock,destruction,18,6,12
Møs,proudmoore,576,warlock,destruction,18,6,12
Coviddotsrot,sargeras,576,warlock,destruction,18,6,12
Jinxdacat,shandris,576,warlock,destruction,18,6,12
Tenletters,kirin-tor,576,warlock,destruction,18,6,12
Berszerk,quelthalas,576,warlock,destruction,18,6,12
Klisman,azralon,576,warlock,destruction,18,6,12
Plutheros,stormrage,576,warlock,destruction,18,6,12
Muldan,stormrage,575,warlock,destruction,6,6,0
Spamfearftw,sargeras,575,warlock,destruction,6,6,0
Sevokk,stormrage,575,warlock,destruction,12,6,6
Pactman,sargeras,575,warlock,destruction,12,6,6
Pikkon,malorne,575,warlock,destruction,12,6,6
Filthypumper,proudmoore,575,warlock,destruction,12,6,6
Rathianna,sargeras,575,warlock,destruction,12,6,6
Naparima,stormreaver,575,warlock,destruction,12,6,6
Edielyth,proudmoore,575,warlock,destruction,12,6,6
Azracore,illidan,575,warlock,destruction,12,6,6
Méhoe,bleeding-hollow,575,warlock,destruction,12,6,6
Crankshaft,nordrassil,575,warlock,destruction,12,6,6
Baphomët,tichondrius,575,warlock,destruction,12,6,6
Feldubya,illidan,575,warlock,destruction,12,6,6
Lockswagger,stormrage,575,warlock,destruction,12,6,6
Kdoggydogg,azshara,575,warlock,destruction,12,6,6
Williwallace,stormrage,575,warlock,destruction,12,6,6
Ifeludead,sargeras,575,warlock,destruction,12,6,6
Daimon,kaelthas,575,warlock,destruction,12,6,6
Mastroguise,illidan,575,warlock,destruction,15,6,9
Leno,twisting-nether,575,warlock,destruction,18,6,12
Oluluo,andorhal,575,warlock,destruction,18,6,12
Yetiaids,tichondrius,575,warlock,destruction,18,6,12
Ëliphas,tichondrius,575,warlock,destruction,24,6,18
Trayga,illidan,574,warlock,destruction,6,6,0
Hungovermate,barthilas,574,warlock,destruction,12,6,6
Persephoné,blackrock,574,warlock,destruction,12,6,6
Ggumx,tichondrius,574,warlock,destruction,12,6,6
Tesdeez,tichondrius,574,warlock,destruction,12,6,6
Träzyn,kiljaeden,574,warlock,destruction,18,6,12
Zahba,stormrage,572,warlock,destruction,12,6,6
Supercracker,bleeding-hollow,572,warlock,destruction,18,6,12
Rôver,crushridge,568,warlock,destruction,12,6,6
Expiredonion,bleeding-hollow,559,warlock,destruction,11,6,5
Friend,frostmourne,559,warlock,destruction,17,6,11
Mìrä,kelthuzad,558,warlock,destruction,17,6,11
Märshall,quelthalas,543,warlock,destruction,10,7,3
Aoepump,tichondrius,543,warlock,destruction,12,6,6
Promancer,drakkari,528,warlock,destruction,9,6,3
Üziel,nemesis,528,warlock,destruction,9,6,3
Loch,destromath,527,warlock,destruction,11,6,5
Gwarlocassh,quelthalas,527,warlock,destruction,15,6,9
Exillis,barthilas,527,warlock,destruction,17,6,11
Tesowenn,tichondrius,522,warlock,destruction,15,7,8
Dotznfearz,zuljin,521,warlock,destruction,16,8,8
Redmil,quelthalas,520,warlock,destruction,35,7,28
Locdup,sargeras,512,warlock,destruction,22,6,16
Cs,icecrown,511,warlock,destruction,9,7,2
Lunazz,tichondrius,511,warlock,destruction,11,7,4
Ðêcimatê,frostmourne,511,warlock,destruction,12,6,6
Dixynormis,zuljin,510,warlock,destruction,11,6,5
Ràistlin,madoran,494,warlock,destruction,11,6,5
Frylockx,mugthol,480,warlock,destruction,6,5,1
Babyvet,stormreaver,480,warlock,destruction,6,5,1
Patoquenz,azralon,480,warlock,destruction,6,5,1
Chewybolt,illidan,480,warlock,destruction,6,5,1
Donutx,illidan,480,warlock,destruction,6,5,1
Yateshall,illidan,480,warlock,destruction,6,5,1
Cheesëbolt,illidan,480,warlock,destruction,6,5,1
Awdam,tichondrius,480,warlock,destruction,6,5,1
Adonegege,tichondrius,480,warlock,destruction,6,5,1
Arnan,korgath,480,warlock,destruction,6,5,1
Goldielocks,eredar,480,warlock,destruction,6,5,1
Pantubølt,stormrage,480,warlock,destruction,6,5,1
Animarex,tichondrius,480,warlock,destruction,6,5,1
Bâppo,antonidas,480,warlock,destruction,6,5,1
Balencinaga,frostmourne,480,warlock,destruction,6,5,1
Geeßoogie,laughing-skull,480,warlock,destruction,6,5,1
Efuc,tichondrius,480,warlock,destruction,6,5,1
Foxbolt,tichondrius,480,warlock,destruction,6,5,1
Destructium,stormrage,480,warlock,destruction,6,5,1
Fapchat,silvermoon,480,warlock,destruction,6,5,1
Zerocastspec,tichondrius,480,warlock,destruction,6,5,1
Wartoyy,uldum,480,warlock,destruction,6,5,1
Humblegodd,illidan,480,warlock,destruction,6,5,1
Malékíth,ragnaros,480,warlock,destruction,6,5,1
Beranflakes,darkspear,480,warlock,destruction,6,5,1
Mathindis,ragnaros,480,warlock,destruction,6,5,1
Khaozx,ragnaros,480,warlock,destruction,6,5,1
Vuittøn,barthilas,480,warlock,destruction,6,5,1
Yuckytoetoe,emerald-dream,480,warlock,destruction,6,5,1
Jalean,illidan,480,warlock,destruction,6,5,1
Púp,bleeding-hollow,480,warlock,destruction,6,5,1
Phyxylock,stormrage,480,warlock,destruction,6,5,1
Kopium,tichondrius,480,warlock,destruction,6,5,1
Halftism,sargeras,480,warlock,destruction,6,5,1
Onidium,area-52,480,warlock,destruction,6,5,1
Lucro,emerald-dream,480,warlock,destruction,6,5,1
Halfmade,tichondrius,480,warlock,destruction,6,5,1
Meddsurgx,emerald-dream,480,warlock,destruction,6,5,1
Poonanifotm,gundrak,480,warlock,destruction,6,5,1
Lóckdówn,frostmourne,480,warlock,destruction,6,5,1
Michae,tichondrius,480,warlock,destruction,6,5,1
Nerflocks,azralon,480,warlock,destruction,6,5,1
Ohthemisery,sargeras,480,warlock,destruction,6,5,1
Nutted,dentarg,480,warlock,destruction,6,5,1
Virûs,vashj,480,warlock,destruction,6,5,1
Popnloc,tichondrius,480,warlock,destruction,6,5,1
Dippindotz,scilla,480,warlock,destruction,6,5,1
Gritzixx,frostmourne,480,warlock,destruction,6,5,1
Ricemachinex,grizzly-hills,480,warlock,destruction,6,5,1
Theovohn,thrall,480,warlock,destruction,6,5,1
Leîa,tichondrius,480,warlock,destruction,6,5,1
Matdemonn,barthilas,480,warlock,destruction,6,5,1
Kargos,bonechewer,480,warlock,destruction,6,5,1
Novah,balnazzar,480,warlock,destruction,6,5,1
Unicornspit,tichondrius,480,warlock,destruction,6,5,1
Cloperry,area-52,480,warlock,destruction,6,5,1
Zoljinn,frostwolf,480,warlock,destruction,6,5,1
Oreganow,icecrown,480,warlock,destruction,6,5,1
Mørøs,tichondrius,480,warlock,destruction,6,5,1
Evierine,zuljin,480,warlock,destruction,6,5,1
Ikite,zuljin,480,warlock,destruction,6,5,1
Tiddliwinx,nordrassil,480,warlock,destruction,7,5,2
Kurudios,ragnaros,480,warlock,destruction,12,5,7
Gruldan,drakkari,480,warlock,destruction,12,5,7
Graced,stormrage,480,warlock,destruction,12,5,7
Sylvine,korgath,480,warlock,destruction,12,5,7
Pikvas,darkspear,480,warlock,destruction,12,5,7
Cycaeria,moon-guard,480,warlock,destruction,12,5,7
Totsdots,blackrock,480,warlock,destruction,12,5,7
Speakeasy,malygos,480,warlock,destruction,12,5,7
Lildottythot,malganis,480,warlock,destruction,12,5,7
Archleon,smolderthorn,480,warlock,destruction,12,5,7
Gallynna,moon-guard,480,warlock,destruction,12,5,7
Kubera,mannoroth,480,warlock,destruction,12,5,7
Adramelech,thrall,480,warlock,destruction,12,5,7
Richards,thrall,480,warlock,destruction,12,5,7
Lockandload,malfurion,480,warlock,destruction,12,5,7
Enmama,malganis,480,warlock,destruction,12,5,7
Balden,fenris,480,warlock,destruction,12,5,7
Shadowflame,skullcrusher,480,warlock,destruction,12,5,7
Wediditjoe,kelthuzad,480,warlock,destruction,12,5,7
Galeirria,stormrage,480,warlock,destruction,12,5,7
Hyjixy,stormrage,480,warlock,destruction,12,5,7
Rytaint,emerald-dream,480,warlock,destruction,12,5,7
Errogant,area-52,480,warlock,destruction,12,5,7
Virt,anubarak,480,warlock,destruction,12,5,7
Pabloqlx,ragnaros,480,warlock,destruction,12,5,7
Imhereforrbg,moon-guard,480,warlock,destruction,12,5,7
Zalurk,emerald-dream,480,warlock,destruction,12,5,7
Daemonixx,vashj,480,warlock,destruction,12,5,7
Souljäboy,bleeding-hollow,480,warlock,destruction,12,5,7
Fearedit,bleeding-hollow,480,warlock,destruction,12,5,7
Gameface,garrosh,480,warlock,destruction,12,5,7
Macnab,malganis,480,warlock,destruction,12,5,7
Jenová,uldaman,480,warlock,destruction,12,5,7
Chaoz,aggramar,480,warlock,destruction,12,5,7
Seraphserius,laughing-skull,480,warlock,destruction,12,5,7
Nelamona,moon-guard,480,warlock,destruction,12,5,7
Gnimms,sargeras,480,warlock,destruction,12,5,7
Jankity,kelthuzad,480,warlock,destruction,12,5,7
Wombogombo,malganis,480,warlock,destruction,12,5,7
Mäléficø,nemesis,480,warlock,destruction,12,5,7
Soulswap,deathwing,480,warlock,destruction,12,5,7
Topboypepito,tichondrius,480,warlock,destruction,12,5,7
Lockwell,tichondrius,480,warlock,destruction,12,5,7
Darezs,frostmourne,480,warlock,destruction,12,5,7
Aurdra,thunderhorn,480,warlock,destruction,12,5,7
Marbuldan,frostmourne,480,warlock,destruction,12,5,7
Felpuppet,barthilas,480,warlock,destruction,12,5,7
Eneraxg,proudmoore,480,warlock,destruction,12,5,7
Oppaijuggler,tichondrius,480,warlock,destruction,12,5,7
Rainali,tichondrius,480,warlock,destruction,12,5,7
Ascendant,amanthul,480,warlock,destruction,12,5,7
Psionyde,barthilas,480,warlock,destruction,12,5,7
Locknes,kiljaeden,480,warlock,destruction,12,5,7
Hellweaver,amanthul,480,warlock,destruction,12,5,7
Pveisboring,tichondrius,480,warlock,destruction,12,5,7
Yurick,frostmourne,480,warlock,destruction,12,5,7
Justganmore,tichondrius,480,warlock,destruction,12,5,7
Vansa,caelestrasz,480,warlock,destruction,12,5,7
Arkangel,dalvengyr,480,warlock,destruction,12,5,7
Avoidahoe,sargeras,480,warlock,destruction,12,5,7
Bludlock,illidan,480,warlock,destruction,12,5,7
Ezgamejr,tichondrius,480,warlock,destruction,12,5,7
Bellgrande,shadowmoon,480,warlock,destruction,12,5,7
Zugzor,shadowmoon,480,warlock,destruction,12,5,7
Sukmalock,proudmoore,480,warlock,destruction,15,6,9
Ionithvia,tichondrius,480,warlock,destruction,18,5,13
Corezach,proudmoore,480,warlock,destruction,18,5,13
Crypticwl,proudmoore,480,warlock,destruction,24,5,19
Clizarisa,moon-guard,479,warlock,destruction,6,5,1
Yelabanxtown,thaurissan,479,warlock,destruction,6,5,1
Skrillhex,dragonmaw,479,warlock,destruction,6,5,1
Osteogenesis,quelthalas,479,warlock,destruction,12,5,7
Vordz,amanthul,479,warlock,destruction,12,5,7
Esmaldo,tichondrius,479,warlock,destruction,12,5,7
Dotess,illidan,479,warlock,destruction,12,5,7
Aluridan,azralon,479,warlock,destruction,12,5,7
Loccdawg,laughing-skull,479,warlock,destruction,12,5,7
Kelici,borean-tundra,479,warlock,destruction,12,5,7
Grix,uldaman,479,warlock,destruction,12,5,7
Karkloc,stormrage,479,warlock,destruction,18,5,13
Daemonddred,hakkar,479,warlock,destruction,18,5,13
Schwaan,bladefist,478,warlock,destruction,6,5,1
Giled,runetotem,478,warlock,destruction,12,5,7
Moorrt,dragonblight,478,warlock,destruction,12,5,7
Saintvil,drakkari,477,warlock,destruction,6,5,1
Warrogoblin,ragnaros,476,warlock,destruction,9,6,3
Blázê,illidan,476,warlock,destruction,12,5,7
Casusita,area-52,472,warlock,destruction,12,5,7
Raven,baelgun,463,warlock,destruction,11,5,6
Bitblack,tichondrius,453,warlock,destruction,13,7,6
Theshattered,kiljaeden,447,warlock,destruction,11,5,6
Døtbomb,stormrage,447,warlock,destruction,11,5,6
Magniwl,zuljin,447,warlock,destruction,11,5,6
Hateslocks,bladefist,447,warlock,destruction,16,5,11
Britnyfears,korgath,447,warlock,destruction,16,5,11
Djvetis,blackhand,442,warlock,destruction,15,7,8
Fengfeiss,tichondrius,432,warlock,destruction,15,6,9
Heizx,area-52,432,warlock,destruction,15,5,10
Silverfire,ragnaros,431,warlock,destruction,11,5,6
Berathelok,aerie-peak,426,warlock,destruction,17,6,11
Empowerdlock,garrosh,416,warlock,destruction,10,5,5
Prägä,drakkari,415,warlock,destruction,8,5,3
Krozu,bleeding-hollow,415,warlock,destruction,14,5,9
Velsona,moon-guard,415,warlock,destruction,14,5,9
Lockdlhm,tichondrius,400,warlock,destruction,13,5,8
Merji,area-52,399,warlock,destruction,5,5,0
Yëët,wildhammer,384,warlock,destruction,6,4,2
Kractdlk,tichondrius,384,warlock,destruction,6,4,2
Underchicken,blackrock,384,warlock,destruction,6,4,2
Frem,eonar,384,warlock,destruction,6,4,2
Biger,nemesis,384,warlock,destruction,6,4,2
Décalisse,eonar,384,warlock,destruction,6,4,2
Norastrum,area-52,384,warlock,destruction,6,4,2
Hoana,azralon,384,warlock,destruction,6,4,2
Asalaviik,illidan,384,warlock,destruction,6,4,2
Moistpoodle,the-underbog,384,warlock,destruction,6,4,2
Lîlý,bleeding-hollow,384,warlock,destruction,6,4,2
Wreckquiem,burning-blade,384,warlock,destruction,6,4,2
Donttouchme,azralon,384,warlock,destruction,6,4,2
Xevari,zuljin,384,warlock,destruction,6,4,2
Mattybolts,tichondrius,384,warlock,destruction,6,4,2
Gamecover,azralon,384,warlock,destruction,6,4,2
Mithlock,azralon,384,warlock,destruction,6,4,2
Magvezx,kelthuzad,384,warlock,destruction,6,4,2
Synisterlock,moon-guard,384,warlock,destruction,6,4,2
Damienn,wyrmrest-accord,384,warlock,destruction,6,4,2
Naginikill,zuljin,384,warlock,destruction,6,4,2
Bugbugg,tichondrius,384,warlock,destruction,6,4,2
Khaos,norgannon,384,warlock,destruction,6,4,2
Laytome,stormreaver,384,warlock,destruction,6,4,2
Cønsfèáracy,sargeras,384,warlock,destruction,6,4,2
Ozidus,tichondrius,384,warlock,destruction,6,4,2
Vonsteevan,area-52,384,warlock,destruction,6,4,2
Asukakira,tichondrius,384,warlock,destruction,6,4,2
Zevoc,tichondrius,384,warlock,destruction,6,4,2
Chumbing,sargeras,384,warlock,destruction,6,4,2
Galtur,azralon,384,warlock,destruction,6,4,2
Sprenn,bleeding-hollow,384,warlock,destruction,6,4,2
Arredivh,blackhand,384,warlock,destruction,6,4,2
Agla,quelthalas,384,warlock,destruction,6,4,2
Souwantwar,kiljaeden,384,warlock,destruction,6,4,2
Litemeatlary,kelthuzad,384,warlock,destruction,6,4,2
Chaotixbolt,sargeras,384,warlock,destruction,6,4,2
Cursebolt,tichondrius,384,warlock,destruction,6,4,2
Menedemus,amanthul,384,warlock,destruction,6,4,2
Flayaz,bleeding-hollow,384,warlock,destruction,6,4,2
Crackhammer,sargeras,384,warlock,destruction,6,4,2
Eatmybeef,ravencrest,384,warlock,destruction,6,4,2
Mmrceo,azgalor,384,warlock,destruction,6,4,2
Antagony,bleeding-hollow,384,warlock,destruction,6,4,2
Jerothia,lethon,384,warlock,destruction,6,4,2
Doubledigit,tichondrius,384,warlock,destruction,6,4,2
Hawtchili,illidan,384,warlock,destruction,6,4,2
Rodneyjones,emerald-dream,384,warlock,destruction,6,4,2
Wolfibi,tichondrius,384,warlock,destruction,6,4,2
Syraxi,illidan,384,warlock,destruction,6,4,2
Quetzâlcoâtl,sargeras,384,warlock,destruction,6,4,2
Headbolterx,tichondrius,384,warlock,destruction,6,4,2
Pepperbolt,emerald-dream,384,warlock,destruction,6,4,2
Alwysoom,aegwynn,384,warlock,destruction,6,4,2
Saruon,proudmoore,384,warlock,destruction,6,4,2
Demonchurch,area-52,384,warlock,destruction,6,4,2
Smnslock,emerald-dream,384,warlock,destruction,6,4,2
Oldgodkiller,kelthuzad,384,warlock,destruction,6,4,2
Erock,korgath,384,warlock,destruction,6,4,2
Sheetzlock,azgalor,384,warlock,destruction,6,4,2
Char,jubeithos,384,warlock,destruction,6,4,2
Superspreadr,silvermoon,384,warlock,destruction,6,4,2
Dealindoug,bonechewer,384,warlock,destruction,6,4,2
Marrowsipper,tichondrius,384,warlock,destruction,6,4,2
Eliquis,frostmane,384,warlock,destruction,6,4,2
Abyssamcdoom,sargeras,384,warlock,destruction,6,4,2
Fearoshimá,thrall,384,warlock,destruction,6,4,2
Warlocksz,kelthuzad,384,warlock,destruction,6,4,2
Incantation,moon-guard,384,warlock,destruction,6,4,2
Zver,drakkari,384,warlock,destruction,6,4,2
Slappndemons,mugthol,384,warlock,destruction,6,4,2
Dottcom,laughing-skull,384,warlock,destruction,6,4,2
Calcadius,zuljin,384,warlock,destruction,6,4,2
Fatherbolt,tichondrius,384,warlock,destruction,6,4,2
Xijp,illidan,384,warlock,destruction,6,4,2
Soulfinder,tichondrius,384,warlock,destruction,6,4,2
Brokenaf,stormrage,384,warlock,destruction,6,4,2
Smallj,zuljin,384,warlock,destruction,6,4,2
Pegorn,illidan,384,warlock,destruction,6,4,2
Thelynx,chogall,384,warlock,destruction,6,4,2
Outkãst,illidan,384,warlock,destruction,6,4,2
Vilebrute,illidan,384,warlock,destruction,6,4,2
Bohnd,elune,384,warlock,destruction,6,4,2
Darkguile,kiljaeden,384,warlock,destruction,6,4,2
Warluckie,zuljin,384,warlock,destruction,6,4,2
Hudsonse,eitrigg,384,warlock,destruction,6,4,2
Wallzz,gnomeregan,384,warlock,destruction,6,4,2
Woofbolt,malganis,384,warlock,destruction,6,4,2
Eazyw,stormrage,384,warlock,destruction,6,4,2
Tizzy,malganis,384,warlock,destruction,6,4,2
Zzat,area-52,384,warlock,destruction,6,4,2
Rickthelock,tichondrius,384,warlock,destruction,6,4,2
Siltharious,senjin,384,warlock,destruction,6,4,2
Zuroghar,azralon,384,warlock,destruction,6,4,2
Espanol,magtheridon,384,warlock,destruction,6,4,2
Gordoxin,area-52,384,warlock,destruction,6,4,2
Carielict,sargeras,384,warlock,destruction,6,4,2
Moramont,stormrage,384,warlock,destruction,6,4,2
Stambye,ragnaros,384,warlock,destruction,6,4,2
Geists,emerald-dream,384,warlock,destruction,6,4,2
Drgiggles,tichondrius,384,warlock,destruction,6,4,2
Wrathfull,malganis,384,warlock,destruction,6,4,2
Ceeloww,illidan,384,warlock,destruction,6,4,2
Fearann,ragnaros,384,warlock,destruction,6,4,2
Klaríon,ragnaros,384,warlock,destruction,6,4,2
Necrotko,malganis,384,warlock,destruction,6,4,2
Methrocks,emerald-dream,384,warlock,destruction,6,4,2
Instababe,stormrage,384,warlock,destruction,6,4,2
Rendori,the-scryers,384,warlock,destruction,6,4,2
Zonss,tichondrius,384,warlock,destruction,6,4,2
Ñever,winterhoof,384,warlock,destruction,6,4,2
Dottzie,malganis,384,warlock,destruction,6,4,2
Warfeen,malganis,384,warlock,destruction,6,4,2
Anthaxel,dalaran,384,warlock,destruction,6,4,2
Lockiana,zuljin,384,warlock,destruction,6,4,2
Asiopdu,tichondrius,384,warlock,destruction,6,4,2
Tichondrus,ragnaros,384,warlock,destruction,6,4,2
Maquedonia,quelthalas,384,warlock,destruction,6,4,2
Ardamelech,quelthalas,384,warlock,destruction,6,4,2
Bedtimes,tichondrius,384,warlock,destruction,6,4,2
Deathtones,moon-guard,384,warlock,destruction,6,4,2
Solöw,tichondrius,384,warlock,destruction,6,4,2
Wiredftwx,illidan,384,warlock,destruction,6,4,2
Krillz,quelthalas,384,warlock,destruction,6,4,2
Bcxz,illidan,384,warlock,destruction,6,4,2
Kroshuto,ragnaros,384,warlock,destruction,6,4,2
Qfear,tichondrius,384,warlock,destruction,6,4,2
Roota,dalaran,384,warlock,destruction,6,4,2
Kerrigan,the-venture-co,384,warlock,destruction,6,4,2
Toomanymind,stormrage,384,warlock,destruction,6,4,2
Deathboltx,zuljin,384,warlock,destruction,9,5,4
Meathat,gorefiend,384,warlock,destruction,9,5,4
Dihva,malganis,384,warlock,destruction,10,5,5
Soulfired,kiljaeden,384,warlock,destruction,11,5,6
Snéed,sargeras,384,warlock,destruction,10,4,6
Rhaègar,kiljaeden,384,warlock,destruction,15,5,10
Dotsandchill,dalaran,384,warlock,destruction,12,4,8
Jáws,zuljin,384,warlock,destruction,12,4,8
Persianloc,tichondrius,384,warlock,destruction,12,4,8
Fullmelt,azjolnerub,384,warlock,destruction,12,4,8
Aededa,proudmoore,384,warlock,destruction,12,4,8
Mokushiroku,trollbane,384,warlock,destruction,12,4,8
Offendor,stormrage,384,warlock,destruction,12,4,8
Capslockfury,frostmourne,384,warlock,destruction,12,4,8
Lila,kaelthas,384,warlock,destruction,12,4,8
Antigotenent,sargeras,384,warlock,destruction,12,4,8
Dotington,frostmourne,384,warlock,destruction,12,4,8
Demowolock,area-52,384,warlock,destruction,12,4,8
Puddulz,thrall,384,warlock,destruction,12,4,8
Vicnutz,tichondrius,384,warlock,destruction,12,4,8
Darksòúl,stormrage,384,warlock,destruction,12,4,8
Bjarke,malganis,384,warlock,destruction,12,4,8
Alexmeister,jubeithos,384,warlock,destruction,12,4,8
Freezâ,stormrage,384,warlock,destruction,12,4,8
Daedayus,frostwolf,384,warlock,destruction,12,4,8
Pãni,area-52,384,warlock,destruction,12,4,8
Cãsh,aegwynn,384,warlock,destruction,12,4,8
Medraut,wyrmrest-accord,384,warlock,destruction,12,4,8
Lockandestro,tichondrius,384,warlock,destruction,12,4,8
Speedlock,daggerspine,384,warlock,destruction,12,4,8
Pitou,akama,384,warlock,destruction,12,4,8
Stepmommie,moon-guard,384,warlock,destruction,12,4,8
Nazrakin,malganis,384,warlock,destruction,12,4,8
Praemonium,dalaran,384,warlock,destruction,12,4,8
Poisondeepnu,malganis,384,warlock,destruction,12,4,8
Catastrophk,malganis,384,warlock,destruction,12,4,8
Blumercricet,stormrage,384,warlock,destruction,12,4,8
Veyra,malganis,384,warlock,destruction,12,4,8
Rumpology,illidan,384,warlock,destruction,12,4,8
Perfidien,tichondrius,384,warlock,destruction,12,4,8
Letsfckingo,tichondrius,384,warlock,destruction,12,4,8
Stonelocke,area-52,384,warlock,destruction,12,4,8
Kholdstarev,thunderlord,384,warlock,destruction,12,4,8
Dpz,darkspear,384,warlock,destruction,12,4,8
Fowll,frostwolf,384,warlock,destruction,12,4,8
Crafterism,barthilas,384,warlock,destruction,12,4,8
Overlard,illidan,384,warlock,destruction,12,4,8
Flocka,agamaggan,384,warlock,destruction,12,4,8
Madamenapalm,wyrmrest-accord,384,warlock,destruction,12,4,8
Lilintrovert,illidan,384,warlock,destruction,12,4,8
Capïrota,nemesis,384,warlock,destruction,12,4,8
Awangdemon,tichondrius,384,warlock,destruction,12,4,8
Panicmode,darkspear,384,warlock,destruction,12,4,8
Maleficist,bleeding-hollow,384,warlock,destruction,12,4,8
Kelthutard,area-52,384,warlock,destruction,12,4,8
Evarona,gorefiend,384,warlock,destruction,12,4,8
Mostlyundead,darkspear,384,warlock,destruction,12,4,8
Syileria,frostmourne,384,warlock,destruction,12,4,8
Sailuhh,frostwolf,384,warlock,destruction,12,4,8
Dotsamoray,frostmourne,384,warlock,destruction,12,4,8
Regent,nemesis,384,warlock,destruction,12,4,8
Jxstinl,tichondrius,384,warlock,destruction,12,4,8
Giggideez,bleeding-hollow,384,warlock,destruction,12,4,8
Mozbet,kiljaeden,384,warlock,destruction,13,4,9
Keraj,quelthalas,384,warlock,destruction,18,5,13
Markov,goldrinn,384,warlock,destruction,18,4,14
Sylorelol,stormreaver,384,warlock,destruction,18,4,14
Pvman,onyxia,384,warlock,destruction,18,4,14
Stonelocker,stormrage,383,warlock,destruction,6,4,2
Halkroz,nathrezim,383,warlock,destruction,6,4,2
Zêphyr,gilneas,383,warlock,destruction,6,4,2
Gorski,frostwolf,383,warlock,destruction,6,4,2
Destroyaz,stormreaver,383,warlock,destruction,6,4,2
Asheräh,stormrage,383,warlock,destruction,12,4,8
Fearanddots,moon-guard,383,warlock,destruction,12,4,8
Downing,drakkari,383,warlock,destruction,12,4,8
Arthürr,thrall,383,warlock,destruction,12,4,8
Loçkshow,hyjal,383,warlock,destruction,12,4,8
Coheatt,hyjal,383,warlock,destruction,12,4,8
Covidbussin,cenarius,383,warlock,destruction,12,4,8
Eliphas,bronzebeard,383,warlock,destruction,12,4,8
Yesmistress,thrall,383,warlock,destruction,14,4,10
Necromaniac,nerzhul,383,warlock,destruction,18,4,14
Mageline,thrall,382,warlock,destruction,18,4,14
Sargrath,ragnaros,381,warlock,destruction,12,4,8
Fartonomus,illidan,381,warlock,destruction,12,4,8
Plaguelnc,illidan,352,warlock,destruction,10,5,5
Vanvídd,ragnaros,351,warlock,destruction,11,4,7
Startx,tichondrius,351,warlock,destruction,11,4,7
Cyrillus,moon-guard,351,warlock,destruction,11,4,7
Voodoowan,bleeding-hollow,351,warlock,destruction,11,4,7
Gobbledeez,moknathal,349,warlock,destruction,19,5,14
Tangslock,skullcrusher,335,warlock,destruction,11,4,7
Amaroth,spinebreaker,335,warlock,destruction,11,4,7
Sooshi,malganis,330,warlock,destruction,11,6,5
Lockazo,quelthalas,330,warlock,destruction,11,6,5
Sojulord,sargeras,320,warlock,destruction,10,4,6
Saintläurent,bleeding-hollow,319,warlock,destruction,5,4,1
Valkynaris,chogall,319,warlock,destruction,14,4,10
Fatass,cairne,288,warlock,destruction,6,3,3
Sweetjezuz,barthilas,288,warlock,destruction,6,3,3
Firemike,kelthuzad,288,warlock,destruction,6,3,3
Voldormort,uldaman,288,warlock,destruction,6,3,3
Warlockluo,tichondrius,288,warlock,destruction,6,3,3
Ladaa,tichondrius,288,warlock,destruction,6,3,3
Vxms,barthilas,288,warlock,destruction,6,3,3
Hëctic,nerzhul,288,warlock,destruction,6,3,3
Bellwulf,goldrinn,288,warlock,destruction,6,3,3
Shawzyy,tichondrius,288,warlock,destruction,6,3,3
Päinoth,wyrmrest-accord,288,warlock,destruction,6,3,3
Lcomi,tichondrius,288,warlock,destruction,6,3,3
Bonermarrow,tichondrius,288,warlock,destruction,6,3,3
Discordance,zuljin,288,warlock,destruction,6,3,3
Methology,wyrmrest-accord,288,warlock,destruction,6,3,3
Drelgun,aerie-peak,288,warlock,destruction,6,3,3
Peterdotz,whisperwind,288,warlock,destruction,6,3,3
Rockalock,burning-blade,288,warlock,destruction,6,3,3
Gotfear,zuljin,288,warlock,destruction,6,3,3
Xblessed,stormrage,288,warlock,destruction,6,3,3
Gurlock,illidan,288,warlock,destruction,6,3,3
Vìqtìm,kelthuzad,288,warlock,destruction,6,3,3
Shadøwcrits,quelthalas,288,warlock,destruction,6,3,3
Mileyswift,kelthuzad,288,warlock,destruction,6,3,3
Pennydrop,barthilas,288,warlock,destruction,6,3,3
Papablasty,nagrand,288,warlock,destruction,6,3,3
Zuelu,tichondrius,288,warlock,destruction,6,3,3
Hamdulla,tichondrius,288,warlock,destruction,6,3,3
Nutzosaurus,darkspear,288,warlock,destruction,6,3,3
Siphoned,darkspear,288,warlock,destruction,6,3,3
Nihilus,anvilmar,288,warlock,destruction,6,3,3
Athronak,malganis,288,warlock,destruction,6,3,3
Tamzlock,the-forgotten-coast,288,warlock,destruction,6,3,3
Skýnët,tichondrius,288,warlock,destruction,6,3,3
Meltingface,bleeding-hollow,288,warlock,destruction,6,3,3
Tiptonb,tichondrius,288,warlock,destruction,6,3,3
Tacolock,azshara,288,warlock,destruction,6,3,3
Deejaye,frostmourne,288,warlock,destruction,6,3,3
Fungiforest,kelthuzad,288,warlock,destruction,6,3,3
Itsawarlock,thunderlord,288,warlock,destruction,6,3,3
Creedmore,sargeras,288,warlock,destruction,6,3,3
Feartool,stormrage,288,warlock,destruction,6,3,3
Mamabolts,kelthuzad,288,warlock,destruction,6,3,3
Blastindotz,frostmane,288,warlock,destruction,6,3,3
Oleg,bleeding-hollow,288,warlock,destruction,6,3,3
Mylock,andorhal,288,warlock,destruction,6,3,3
Ratedtorgast,illidan,288,warlock,destruction,6,3,3
Feeltheviibe,zuljin,288,warlock,destruction,6,3,3
Ärminvßuurën,barthilas,288,warlock,destruction,6,3,3
Atheô,ragnaros,288,warlock,destruction,6,3,3
Geofar,bleeding-hollow,288,warlock,destruction,6,3,3
Shädowflame,bleeding-hollow,288,warlock,destruction,6,3,3
Slothdots,tichondrius,288,warlock,destruction,6,3,3
Felsgoodman,illidan,288,warlock,destruction,6,3,3
Warlooch,area-52,288,warlock,destruction,6,3,3
Nismo,trollbane,288,warlock,destruction,6,3,3
Aruotnof,nemesis,288,warlock,destruction,6,3,3
Kronman,zuluhed,288,warlock,destruction,6,3,3
Devi,destromath,288,warlock,destruction,6,3,3
Nòpê,tichondrius,288,warlock,destruction,6,3,3
Ragnorök,medivh,288,warlock,destruction,6,3,3
Xephostwo,area-52,288,warlock,destruction,6,3,3
Gümbÿ,illidan,288,warlock,destruction,6,3,3
Ovoíd,area-52,288,warlock,destruction,6,3,3
Demtros,tichondrius,288,warlock,destruction,6,3,3
Coret,moonrunner,288,warlock,destruction,6,3,3
Maledictivus,stormrage,288,warlock,destruction,6,3,3
Jishtructo,frostmourne,288,warlock,destruction,6,3,3
Neversoft,bleeding-hollow,288,warlock,destruction,6,3,3
Lübelock,illidan,288,warlock,destruction,6,3,3
Hauntgød,tichondrius,288,warlock,destruction,6,3,3
Milkybøng,area-52,288,warlock,destruction,6,3,3
Eiram,ragnaros,288,warlock,destruction,6,3,3
Hairydottr,malganis,288,warlock,destruction,6,3,3
Worstname,hakkar,288,warlock,destruction,6,3,3
Thisisturtle,area-52,288,warlock,destruction,6,3,3
Babylung,bleeding-hollow,288,warlock,destruction,6,3,3
Krazyjay,bleeding-hollow,288,warlock,destruction,6,3,3
Noslock,aegwynn,288,warlock,destruction,6,3,3
Carpedemon,malganis,288,warlock,destruction,6,3,3
Embraces,tichondrius,288,warlock,destruction,6,3,3
Ryzhen,area-52,288,warlock,destruction,6,3,3
Rumplefust,thrall,288,warlock,destruction,6,3,3
Metaphors,stormrage,288,warlock,destruction,6,3,3
Unquit,frostmourne,288,warlock,destruction,6,3,3
Muchopower,ragnaros,288,warlock,destruction,6,3,3
Crucifieds,tichondrius,288,warlock,destruction,6,3,3
Cocoabuttâ,stormrage,288,warlock,destruction,6,3,3
Merlinsbeard,zuluhed,288,warlock,destruction,6,3,3
Dolcex,sargeras,288,warlock,destruction,6,3,3
Poggyjones,tichondrius,288,warlock,destruction,6,3,3
Amuros,illidan,288,warlock,destruction,6,3,3
Richactress,tichondrius,288,warlock,destruction,6,3,3
Sadist,area-52,288,warlock,destruction,6,3,3
Pedestal,bleeding-hollow,288,warlock,destruction,6,3,3
Picklecatz,barthilas,288,warlock,destruction,6,3,3
Reallygud,tichondrius,288,warlock,destruction,6,3,3
Odelgabiana,area-52,288,warlock,destruction,6,3,3
Shâdowman,stormrage,288,warlock,destruction,6,3,3
Phénom,tichondrius,288,warlock,destruction,6,3,3
Bushmelded,tichondrius,288,warlock,destruction,6,3,3
Vampydark,quelthalas,288,warlock,destruction,6,3,3
Feardr,frostmourne,288,warlock,destruction,6,3,3
Eh,laughing-skull,288,warlock,destruction,6,3,3
Stretchmark,stormrage,288,warlock,destruction,6,3,3
ßolts,frostmourne,288,warlock,destruction,6,3,3
Borudo,thrall,288,warlock,destruction,6,3,3
Lockabeesha,chogall,288,warlock,destruction,6,3,3
Ijustsharded,area-52,288,warlock,destruction,6,3,3
Chesterfear,quelthalas,288,warlock,destruction,6,3,3
Bazeni,frostmourne,288,warlock,destruction,6,3,3
Ðëâthløck,tichondrius,288,warlock,destruction,6,3,3
Mystrix,illidan,288,warlock,destruction,6,3,3
Famelol,tichondrius,288,warlock,destruction,6,3,3
Xoroth,crushridge,288,warlock,destruction,6,3,3
Lillpfudd,area-52,288,warlock,destruction,6,3,3
Minos,tichondrius,288,warlock,destruction,6,3,3
Lochek,stonemaul,288,warlock,destruction,6,3,3
Æsidius,tichondrius,288,warlock,destruction,6,3,3
Cancer,bloodscalp,288,warlock,destruction,6,3,3
Marothredd,nathrezim,288,warlock,destruction,6,3,3
Voldamorte,tichondrius,288,warlock,destruction,6,3,3
Saffuky,frostmourne,288,warlock,destruction,6,3,3
Gildedknight,arthas,288,warlock,destruction,6,3,3
Gingerlock,stonemaul,288,warlock,destruction,6,3,3
Signalnine,thrall,288,warlock,destruction,6,3,3
Rexington,hyjal,288,warlock,destruction,6,3,3
Sorath,blackrock,288,warlock,destruction,6,3,3
Karter,anetheron,288,warlock,destruction,6,3,3
Pennÿ,quelthalas,288,warlock,destruction,6,3,3
Dohmie,argent-dawn,288,warlock,destruction,6,3,3
Sàill,tichondrius,288,warlock,destruction,6,3,3
Famouslos,anetheron,288,warlock,destruction,6,3,3
Souldotz,proudmoore,288,warlock,destruction,6,3,3
Dashaad,illidan,288,warlock,destruction,6,3,3
Xocxusegeic,illidan,288,warlock,destruction,6,3,3
Toxicatedz,azralon,288,warlock,destruction,6,3,3
Dluttysots,emerald-dream,288,warlock,destruction,6,3,3
Reyaena,moon-guard,288,warlock,destruction,6,3,3
Pheríe,sargeras,288,warlock,destruction,6,3,3
Uwubolt,moon-guard,288,warlock,destruction,6,3,3
Anastadora,proudmoore,288,warlock,destruction,6,3,3
Héllboy,akama,288,warlock,destruction,6,3,3
Mfcalamity,uldum,288,warlock,destruction,6,3,3
Silkxy,frostwolf,288,warlock,destruction,6,3,3
Amauder,moon-guard,288,warlock,destruction,6,3,3
Dogcookie,moon-guard,288,warlock,destruction,6,3,3
Rerolledfotm,sargeras,288,warlock,destruction,6,3,3
Sambodeemon,proudmoore,288,warlock,destruction,6,3,3
Bhalthazar,staghelm,288,warlock,destruction,6,3,3
Xbendover,proudmoore,288,warlock,destruction,6,3,3
Ñevaeh,emerald-dream,288,warlock,destruction,6,3,3
Astarothe,proudmoore,288,warlock,destruction,6,3,3
Trainwreck,sargeras,288,warlock,destruction,6,3,3
Niétzsché,emerald-dream,288,warlock,destruction,6,3,3
Ökïlôck,proudmoore,288,warlock,destruction,6,3,3
Wizxin,emerald-dream,288,warlock,destruction,6,3,3
Vetadul,proudmoore,288,warlock,destruction,6,3,3
Háydn,azuremyst,288,warlock,destruction,6,3,3
Bunami,kiljaeden,288,warlock,destruction,6,3,3
Blaxzlock,stormscale,288,warlock,destruction,6,3,3
Larsiezwei,spirestone,288,warlock,destruction,6,3,3
Dotbot,blades-edge,288,warlock,destruction,6,3,3
Shifulock,azralon,288,warlock,destruction,6,3,3
Turbocleave,blackwater-raiders,288,warlock,destruction,6,3,3
Lockhomes,azralon,288,warlock,destruction,6,3,3
Albus,skywall,288,warlock,destruction,6,3,3
Evianne,skywall,288,warlock,destruction,6,3,3
Porsimorgis,firetree,288,warlock,destruction,6,3,3
Ÿoucantwin,kiljaeden,288,warlock,destruction,6,3,3
Ashtak,coilfang,288,warlock,destruction,6,3,3
Graveland,frostwolf,288,warlock,destruction,6,3,3
Ministàff,ursin,288,warlock,destruction,9,4,5
Lycanthropi,illidan,288,warlock,destruction,9,4,5
Taldaroth,moon-guard,288,warlock,destruction,7,3,4
Cult,smolderthorn,288,warlock,destruction,7,3,4
Fluximilian,azralon,288,warlock,destruction,10,4,6
Amidone,bleeding-hollow,288,warlock,destruction,10,4,6
Verminperson,illidan,288,warlock,destruction,8,3,5
Darkhadouken,sargeras,288,warlock,destruction,12,3,9
Juwi,frostmourne,288,warlock,destruction,12,3,9
Rabiesdot,tichondrius,288,warlock,destruction,12,3,9
Zeshlo,firetree,288,warlock,destruction,12,3,9
Demonâ,ragnaros,288,warlock,destruction,12,3,9
Shaddaj,illidan,288,warlock,destruction,12,3,9
Trotndot,dragonmaw,288,warlock,destruction,12,3,9
Gotty,stormrage,288,warlock,destruction,12,3,9
Digylock,kelthuzad,288,warlock,destruction,12,3,9
Reluxify,dalaran,288,warlock,destruction,12,3,9
Gorgaron,zuljin,288,warlock,destruction,12,3,9
Gdpx,malganis,288,warlock,destruction,12,3,9
Zeeref,stormrage,288,warlock,destruction,12,3,9
Belfomént,ragnaros,288,warlock,destruction,12,3,9
Wickedt,ragnaros,288,warlock,destruction,12,3,9
Kkuldan,tichondrius,288,warlock,destruction,12,3,9
Demondays,sargeras,288,warlock,destruction,12,3,9
Fearfactory,lethon,288,warlock,destruction,12,3,9
Dopamine,antonidas,288,warlock,destruction,12,3,9
Voidmãngõ,stormrage,288,warlock,destruction,12,3,9
Mireffect,auchindoun,288,warlock,destruction,12,3,9
Hachiui,galakrond,288,warlock,destruction,12,3,9
Teedub,thrall,288,warlock,destruction,12,3,9
Wyrelock,hyjal,288,warlock,destruction,12,3,9
Cexdragon,tichondrius,288,warlock,destruction,14,3,11
Báál,bleeding-hollow,288,warlock,destruction,18,3,15
Gulliftonan,zuljin,288,warlock,destruction,18,3,15
Brenmen,tichondrius,287,warlock,destruction,6,3,3
Izmadara,frostmane,287,warlock,destruction,6,3,3
Deatthwish,ragnaros,287,warlock,destruction,6,3,3
Trrolling,jubeithos,287,warlock,destruction,12,5,7
Alvatio,tichondrius,287,warlock,destruction,12,3,9
Evilbacon,stormrage,287,warlock,destruction,12,3,9
Deathwishiz,tichondrius,287,warlock,destruction,12,3,9
Drunklockdot,tichondrius,271,warlock,destruction,11,3,8
Ainzeal,nagrand,256,warlock,destruction,10,4,6
Sophia,wildhammer,255,warlock,destruction,8,4,4
Mikejones,dawnbringer,255,warlock,destruction,14,4,10
Draisien,moon-guard,250,warlock,destruction,7,5,2
Kidneystone,emerald-dream,250,warlock,destruction,11,7,4
Warakaso,ragnaros,240,warlock,destruction,9,3,6
ßenafflock,wyrmrest-accord,240,warlock,destruction,9,3,6
Thuglovex,sargeras,239,warlock,destruction,5,3,2
Blightbeast,area-52,239,warlock,destruction,5,3,2
Nawtychannel,aegwynn,239,warlock,destruction,5,3,2
Infectionl,ragnaros,239,warlock,destruction,5,3,2
Alliciia,area-52,234,warlock,destruction,11,5,6
Nozixx,thrall,224,warlock,destruction,10,3,7
Wàtchmebolt,dalvengyr,223,warlock,destruction,8,3,5
Portalgun,tichondrius,192,warlock,destruction,4,3,1
Draindeez,sargeras,192,warlock,destruction,9,3,6
Gibkii,tichondrius,192,warlock,destruction,9,3,6
Æonas,bladefist,192,warlock,destruction,6,2,4
Selitose,illidan,192,warlock,destruction,6,2,4
Nuradzec,illidan,192,warlock,destruction,6,2,4
Oopsíe,nagrand,192,warlock,destruction,6,2,4
Fantumz,illidan,192,warlock,destruction,6,2,4
Nefertarie,illidan,192,warlock,destruction,6,2,4
Mythh,hyjal,192,warlock,destruction,6,2,4
Konarik,nagrand,192,warlock,destruction,6,2,4
Nazug,dark-iron,192,warlock,destruction,6,2,4
Chewpawcabra,tichondrius,192,warlock,destruction,6,2,4
Hadeys,amanthul,192,warlock,destruction,6,2,4
Flixon,tichondrius,192,warlock,destruction,6,2,4
Cholock,anubarak,192,warlock,destruction,6,2,4
Nameflagged,arathor,192,warlock,destruction,6,2,4
Voltshot,tichondrius,192,warlock,destruction,6,2,4
Lazzie,thrall,192,warlock,destruction,6,2,4
Albuuss,daggerspine,192,warlock,destruction,6,2,4
Yellowfevr,thrall,192,warlock,destruction,6,2,4
Dotcòm,illidan,192,warlock,destruction,6,2,4
Afflicmindz,azralon,192,warlock,destruction,6,2,4
Glortheeb,spirestone,192,warlock,destruction,6,2,4
Demonia,dathremar,192,warlock,destruction,6,2,4
Dôctor,tichondrius,192,warlock,destruction,6,2,4
Biznam,tichondrius,192,warlock,destruction,6,2,4
Ourlegacy,tichondrius,192,warlock,destruction,6,2,4
Diablox,silvermoon,192,warlock,destruction,6,2,4
Lexist,darkspear,192,warlock,destruction,6,2,4
Darkbaron,khadgar,192,warlock,destruction,6,2,4
Ðuckworth,azralon,192,warlock,destruction,6,2,4
Fluffylockk,bloodscalp,192,warlock,destruction,6,2,4
Sugarfire,nemesis,192,warlock,destruction,6,2,4
Spicyfingers,illidan,192,warlock,destruction,6,2,4
Sulívan,azralon,192,warlock,destruction,6,2,4
Cynnd,tichondrius,192,warlock,destruction,6,2,4
Bleachkk,tichondrius,192,warlock,destruction,6,2,4
Nüts,blackrock,192,warlock,destruction,6,2,4
Qbl,wyrmrest-accord,192,warlock,destruction,6,2,4
Sinnâcle,illidan,192,warlock,destruction,6,2,4
Nightterrour,frostmourne,192,warlock,destruction,6,2,4
Mutexlock,whisperwind,192,warlock,destruction,6,2,4
Lynnha,wyrmrest-accord,192,warlock,destruction,6,2,4
Asaveyous,wyrmrest-accord,192,warlock,destruction,6,2,4
Savemykoalas,tichondrius,192,warlock,destruction,6,2,4
Shanelle,korgath,192,warlock,destruction,6,2,4
Ruellia,tichondrius,192,warlock,destruction,6,2,4
Marshyl,tichondrius,192,warlock,destruction,6,2,4
Nonamehero,tichondrius,192,warlock,destruction,6,2,4
Innerforce,tichondrius,192,warlock,destruction,6,2,4
Luciffer,windrunner,192,warlock,destruction,6,2,4
Msdotfire,nazjatar,192,warlock,destruction,6,2,4
Srz,stormrage,192,warlock,destruction,6,2,4
Zivira,stormrage,192,warlock,destruction,6,2,4
Kuaa,illidan,192,warlock,destruction,6,2,4
Mothapucka,thrall,192,warlock,destruction,6,2,4
Lolokayhaha,vashj,192,warlock,destruction,6,2,4
Yêrfdog,proudmoore,192,warlock,destruction,6,2,4
Pinguswalrus,stormrage,192,warlock,destruction,6,2,4
Maniacal,shattered-halls,192,warlock,destruction,6,2,4
Cthuga,frostmourne,192,warlock,destruction,6,2,4
Ricklock,aggramar,192,warlock,destruction,6,2,4
Åchse,ragnaros,192,warlock,destruction,6,2,4
Rickystuart,tichondrius,192,warlock,destruction,6,2,4
Lõck,tichondrius,192,warlock,destruction,6,2,4
Gihaewon,tichondrius,192,warlock,destruction,6,2,4
Curaven,emerald-dream,192,warlock,destruction,6,2,4
Morganith,ravenholdt,192,warlock,destruction,6,2,4
Reckzet,stormrage,192,warlock,destruction,6,2,4
Erimegara,ragnaros,192,warlock,destruction,6,2,4
Disapoin,stormrage,192,warlock,destruction,6,2,4
Shredlock,tichondrius,192,warlock,destruction,6,2,4
Idoturmum,frostmourne,192,warlock,destruction,6,2,4
Diabolock,proudmoore,192,warlock,destruction,6,2,4
Geauxst,tichondrius,192,warlock,destruction,6,2,4
Fjklock,nemesis,192,warlock,destruction,6,2,4
Daesire,moon-guard,192,warlock,destruction,6,2,4
Itzlandox,emerald-dream,192,warlock,destruction,6,2,4
Encanis,dalaran,192,warlock,destruction,6,2,4
Dach,moon-guard,192,warlock,destruction,6,2,4
Adalaya,emerald-dream,192,warlock,destruction,6,2,4
Brawndelock,stormrage,192,warlock,destruction,6,2,4
Myidas,quelthalas,192,warlock,destruction,6,2,4
Omegawarlock,quelthalas,192,warlock,destruction,6,2,4
Mlx,proudmoore,192,warlock,destruction,6,2,4
Cronobolts,stormrage,192,warlock,destruction,6,2,4
Gvz,tichondrius,192,warlock,destruction,6,2,4
Vorkaz,moon-guard,192,warlock,destruction,6,2,4
Javaspooky,nemesis,192,warlock,destruction,6,2,4
Cauldron,tichondrius,192,warlock,destruction,6,2,4
Fbgmel,emerald-dream,192,warlock,destruction,6,2,4
Montaine,malganis,192,warlock,destruction,6,2,4
Corruptious,frostmourne,192,warlock,destruction,6,2,4
Dotsin,wyrmrest-accord,192,warlock,destruction,6,2,4
Fstndantilus,moonrunner,192,warlock,destruction,6,2,4
Leine,proudmoore,192,warlock,destruction,6,2,4
Deiformis,malganis,192,warlock,destruction,6,2,4
Amz,grizzly-hills,192,warlock,destruction,6,2,4
Cityswimmer,malganis,192,warlock,destruction,6,2,4
Zephiy,kelthuzad,192,warlock,destruction,6,2,4
Poltergiiest,korgath,192,warlock,destruction,6,2,4
Theredwolf,zuljin,192,warlock,destruction,6,2,4
Hazbussy,kelthuzad,192,warlock,destruction,6,2,4
Apokálipse,frostmourne,192,warlock,destruction,6,2,4
Checkit,zuljin,192,warlock,destruction,6,2,4
Maxice,zuljin,192,warlock,destruction,6,2,4
Toxik,zuljin,192,warlock,destruction,6,2,4
Snailbite,tichondrius,192,warlock,destruction,6,2,4
Tirisfel,tichondrius,192,warlock,destruction,6,2,4
Rococo,emerald-dream,192,warlock,destruction,6,2,4
Theyfearbuda,kelthuzad,192,warlock,destruction,6,2,4
Yordich,kelthuzad,192,warlock,destruction,6,2,4
Zoboo,zuljin,192,warlock,destruction,6,2,4
Raghog,kelthuzad,192,warlock,destruction,6,2,4
Chipt,kelthuzad,192,warlock,destruction,6,2,4
Sorenbjerga,zuljin,192,warlock,destruction,6,2,4
Lostlove,moon-guard,192,warlock,destruction,6,2,4
Abbyshapiro,kelthuzad,192,warlock,destruction,6,2,4
Moistdank,tichondrius,192,warlock,destruction,6,2,4
Nolb,tichondrius,192,warlock,destruction,6,2,4
Hollows,burning-blade,192,warlock,destruction,6,2,4
Seizuresauce,stormrage,192,warlock,destruction,6,2,4
Herewegoagai,zuljin,192,warlock,destruction,6,2,4
Outlanderr,tichondrius,192,warlock,destruction,6,2,4
Camila,lightnings-blade,192,warlock,destruction,6,2,4
Actualjoke,frostmourne,192,warlock,destruction,6,2,4
Xaraki,skullcrusher,192,warlock,destruction,6,2,4
Zlocks,scilla,192,warlock,destruction,6,2,4
Eliraa,frostmourne,192,warlock,destruction,6,2,4
Muffinlol,frostmourne,192,warlock,destruction,6,2,4
Iadminl,moon-guard,192,warlock,destruction,6,2,4
Gaijin,stormrage,192,warlock,destruction,6,2,4
Ibanez,bleeding-hollow,192,warlock,destruction,6,2,4
Vetic,area-52,192,warlock,destruction,6,2,4
Guisls,azralon,192,warlock,destruction,6,2,4
Aksanaa,area-52,192,warlock,destruction,6,2,4
Baalock,frostmourne,192,warlock,destruction,6,2,4
Medusablood,area-52,192,warlock,destruction,6,2,4
Ganggu,tichondrius,192,warlock,destruction,6,2,4
Theboss,arygos,192,warlock,destruction,6,2,4
Locksama,area-52,192,warlock,destruction,6,2,4
Ballpain,sargeras,192,warlock,destruction,6,2,4
Dotzlol,jubeithos,192,warlock,destruction,6,2,4
Gadalann,area-52,192,warlock,destruction,6,2,4
Raisa,chogall,192,warlock,destruction,6,2,4
Ramone,turalyon,192,warlock,destruction,6,2,4
Njunx,queldorei,192,warlock,destruction,6,2,4
Imindanger,frostmourne,192,warlock,destruction,6,2,4
Sinissa,ysondre,192,warlock,destruction,6,2,4
Lilthicy,sargeras,192,warlock,destruction,6,2,4
Lhorgainz,area-52,192,warlock,destruction,6,2,4
Nianas,ysondre,192,warlock,destruction,6,2,4
Sinsky,darkspear,192,warlock,destruction,6,2,4
Oprahofbolts,area-52,192,warlock,destruction,6,2,4
Gundrillas,area-52,192,warlock,destruction,6,2,4
Infant,agamaggan,192,warlock,destruction,6,2,4
Xalcezar,sargeras,192,warlock,destruction,6,2,4
Ðamndaddy,sargeras,192,warlock,destruction,6,2,4
Aashes,doomhammer,192,warlock,destruction,6,2,4
Petez,sargeras,192,warlock,destruction,6,2,4
Deanwarlock,sargeras,192,warlock,destruction,6,2,4
Wodinskol,sargeras,192,warlock,destruction,6,2,4
Twospliff,sargeras,192,warlock,destruction,10,3,7
Lîch,thunderlord,192,warlock,destruction,8,2,6
Altairo,illidan,192,warlock,destruction,8,2,6
Whydemono,tichondrius,192,warlock,destruction,10,2,8
Abramerlin,tichondrius,192,warlock,destruction,12,2,10
Hadés,aerie-peak,192,warlock,destruction,12,2,10
Moknuhg,emerald-dream,192,warlock,destruction,12,2,10
Daggondai,tichondrius,192,warlock,destruction,12,2,10
Luntrazz,arthas,192,warlock,destruction,12,2,10
Asumi,nemesis,192,warlock,destruction,12,2,10
Bladebank,kirin-tor,192,warlock,destruction,12,2,10
Kandrus,moon-guard,192,warlock,destruction,12,2,10
Wizie,arthas,192,warlock,destruction,12,2,10
Beamac,cenarius,192,warlock,destruction,14,2,12
Pangppi,tichondrius,192,warlock,destruction,24,2,22
Mystickittie,aerie-peak,191,warlock,destruction,6,2,4
Erindevil,demon-soul,191,warlock,destruction,12,2,10
Eldrien,spirestone,191,warlock,destruction,12,2,10
Epicgaymer,zuljin,175,warlock,destruction,8,3,5
Hayhatchie,nagrand,159,warlock,destruction,5,2,3
Dotyoazz,stormrage,159,warlock,destruction,5,2,3
Eatmyboltz,hyjal,159,warlock,destruction,5,2,3
Prds,illidan,159,warlock,destruction,5,2,3
Fearfeaster,tichondrius,159,warlock,destruction,5,2,3
Katarameni,tortheldrin,138,warlock,destruction,7,4,3
Blakedogx,tichondrius,138,warlock,destruction,8,3,5
Ganondolph,sargeras,138,warlock,destruction,9,3,6
Catarina,kaelthas,128,warlock,destruction,4,2,2
Miggazzizle,senjin,128,warlock,destruction,4,2,2
Hentailust,kiljaeden,128,warlock,destruction,4,2,2
Thegoatmen,stormrage,128,warlock,destruction,4,2,2
Conilus,malganis,128,warlock,destruction,4,2,2
Rosacrutian,tichondrius,128,warlock,destruction,4,2,2
Oreo,velen,112,warlock,destruction,7,2,5
Crankak,zuljin,96,warlock,destruction,3,2,1
Goodforyou,stormscale,96,warlock,destruction,3,2,1
Willsayan,ragnaros,96,warlock,destruction,3,2,1
Crushbucket,stormreaver,96,warlock,destruction,6,1,5
Jiwonpark,goldrinn,96,warlock,destruction,6,1,5
Deadlockz,stormrage,96,warlock,destruction,6,1,5
Clias,galakrond,96,warlock,destruction,6,1,5
Wickedicky,alleria,96,warlock,destruction,6,1,5
Druzzaj,thrall,96,warlock,destruction,6,1,5
Kurtcodrain,blackhand,96,warlock,destruction,6,1,5
Yuengling,illidan,96,warlock,destruction,6,1,5
Lockedinn,mannoroth,96,warlock,destruction,6,1,5
Seutóóbinha,stormrage,96,warlock,destruction,6,1,5
Lizlock,stormrage,96,warlock,destruction,6,1,5
Apothokary,stormrage,96,warlock,destruction,6,1,5
Voky,whisperwind,96,warlock,destruction,6,1,5
Vandenso,stormrage,96,warlock,destruction,6,1,5
Meinhundin,stormrage,96,warlock,destruction,6,1,5
Taoloni,stormrage,96,warlock,destruction,6,1,5
Dotomizer,moonrunner,96,warlock,destruction,6,1,5
Brothadoinks,zuljin,96,warlock,destruction,6,1,5
Mcpickl,illidan,96,warlock,destruction,6,1,5
Darkmatter,frostmourne,96,warlock,destruction,6,1,5
Darkestholy,illidan,96,warlock,destruction,6,1,5
Mílkduds,zuljin,96,warlock,destruction,6,1,5
Plaguedoctor,stormrage,96,warlock,destruction,6,1,5
Koillock,bleeding-hollow,96,warlock,destruction,6,1,5
Gsr,bleeding-hollow,96,warlock,destruction,6,1,5
Kunshii,bleeding-hollow,96,warlock,destruction,6,1,5
Catdog,bleeding-hollow,96,warlock,destruction,6,1,5
Thehempress,magtheridon,96,warlock,destruction,6,1,5
Wesyane,anetheron,96,warlock,destruction,6,1,5
Demonellea,frostmourne,96,warlock,destruction,6,1,5
Heffyboi,frostmourne,96,warlock,destruction,6,1,5
Toelickerx,illidan,96,warlock,destruction,6,1,5
Imortalchaos,dentarg,96,warlock,destruction,6,1,5
Bosshoglock,whisperwind,96,warlock,destruction,6,1,5
Elaïla,area-52,96,warlock,destruction,6,1,5
Killulock,area-52,96,warlock,destruction,6,1,5
Scatach,area-52,96,warlock,destruction,6,1,5
Lazymongoose,frostmourne,96,warlock,destruction,6,1,5
Xaryus,barthilas,96,warlock,destruction,6,1,5
Yallsdead,frostmourne,96,warlock,destruction,6,1,5
Taddedlock,kelthuzad,96,warlock,destruction,6,1,5
Mônkêy,kelthuzad,96,warlock,destruction,6,1,5
Bitrot,jubeithos,96,warlock,destruction,6,1,5
Biigdaddyy,kelthuzad,96,warlock,destruction,6,1,5
Gamecobra,greymane,96,warlock,destruction,6,1,5
Bfaclâssic,zuljin,96,warlock,destruction,6,1,5
Vexxes,malganis,96,warlock,destruction,6,1,5
Acribal,quelthalas,96,warlock,destruction,6,1,5
Däemön,area-52,96,warlock,destruction,6,1,5
Karpawarlock,ragnaros,96,warlock,destruction,6,1,5
Rëappér,ragnaros,96,warlock,destruction,6,1,5
Hinatasu,greymane,96,warlock,destruction,6,1,5
Lawkdown,dark-iron,96,warlock,destruction,6,1,5
Lokiiee,azuremyst,96,warlock,destruction,6,1,5
Rennik,haomarush,96,warlock,destruction,6,1,5
Kraguenöth,drakkari,96,warlock,destruction,6,1,5
Diddy,arygos,96,warlock,destruction,6,1,5
Kuasta,shadowmoon,96,warlock,destruction,6,1,5
Vendareth,earthen-ring,96,warlock,destruction,6,1,5
Badufin,azralon,96,warlock,destruction,6,1,5
Tubarão,azralon,96,warlock,destruction,6,1,5
Chilevael,sargeras,96,warlock,destruction,6,1,5
Amour,wyrmrest-accord,96,warlock,destruction,6,1,5
Vexria,wyrmrest-accord,96,warlock,destruction,6,1,5
Kothoped,wyrmrest-accord,96,warlock,destruction,6,1,5
Cursenkill,sargeras,96,warlock,destruction,6,1,5
Shidded,lightbringer,96,warlock,destruction,6,1,5
Evalovia,hyjal,96,warlock,destruction,6,1,5
Adlfcritler,emerald-dream,96,warlock,destruction,6,1,5
Radii,bladefist,96,warlock,destruction,6,1,5
Lilcarmy,emerald-dream,96,warlock,destruction,6,1,5
Kaotiq,area-52,96,warlock,destruction,6,1,5
Siaokuai,tichondrius,96,warlock,destruction,6,1,5
Monstir,sargeras,96,warlock,destruction,6,1,5
Infear,area-52,96,warlock,destruction,6,1,5
Medivhz,tichondrius,96,warlock,destruction,6,1,5
Siinistuh,tichondrius,96,warlock,destruction,6,1,5
Projecto,tichondrius,96,warlock,destruction,6,1,5
Cornboil,tichondrius,96,warlock,destruction,6,1,5
Proletariat,moon-guard,96,warlock,destruction,6,1,5
Ursuxus,moon-guard,96,warlock,destruction,6,1,5
Lokinzz,tichondrius,96,warlock,destruction,6,1,5
Delaye,tichondrius,96,warlock,destruction,6,1,5
Alcorick,moon-guard,96,warlock,destruction,6,1,5
Saytiri,tichondrius,96,warlock,destruction,6,1,5
Gulgrin,eldrethalas,96,warlock,destruction,6,1,5
Winstonblack,moon-guard,96,warlock,destruction,6,1,5
Lucifuhrerr,tichondrius,96,warlock,destruction,6,1,5
Auntzhang,tichondrius,96,warlock,destruction,6,1,5
Basticor,moon-guard,96,warlock,destruction,6,1,5
Spellbøund,malorne,96,warlock,destruction,6,1,5
Charlîe,vashj,96,warlock,destruction,6,1,5
Niubeelol,tichondrius,96,warlock,destruction,6,1,5
Demonist,moon-guard,96,warlock,destruction,6,1,5
Fearxd,maiev,96,warlock,destruction,6,1,5
Mazip,vashj,96,warlock,destruction,6,1,5
Resima,stormscale,96,warlock,destruction,6,1,5
Jill,thunderhorn,96,warlock,destruction,6,1,5
Rudeuss,kiljaeden,96,warlock,destruction,6,1,5
Pspot,kiljaeden,96,warlock,destruction,6,1,5
Sheara,silver-hand,96,warlock,destruction,6,1,5
Wherelock,area-52,96,warlock,destruction,7,1,6
Mythsubpar,tichondrius,96,warlock,destruction,12,1,11
Ashlëen,ragnaros,96,warlock,destruction,12,1,11
Nekranis,thrall,96,warlock,destruction,12,1,11
Anubís,vashj,79,warlock,destruction,5,1,4
Felse,stormrage,64,warlock,destruction,10,1,9
Cokelime,sargeras,63,warlock,destruction,2,2,0
Bagn,tichondrius,63,warlock,destruction,2,2,0
Thiccdoinkz,tichondrius,63,warlock,destruction,2,2,0
Clevingert,frostmourne,48,warlock,destruction,3,1,2
Aoneandatwo,proudmoore,48,warlock,destruction,3,1,2
Kosugi,kelthuzad,42,warlock,destruction,8,2,6
Earllock,sargeras,31,warlock,destruction,2,1,1
Jusmessin,tichondrius,31,warlock,destruction,2,1,1
Moräl,frostmourne,31,warlock,destruction,2,1,1
Amarexd,stormrage,31,warlock,destruction,2,1,1
Emurog,icecrown,30,warlock,destruction,12,6,6
Lazygnom,azshara,16,warlock,destruction,1,1,0
Goofhu,sargeras,2270,warlock,affliction,102,62,40
Exgenshinpro,proudmoore,2257,warlock,affliction,160,89,71
Yandhi,bronzebeard,2129,warlock,affliction,46,30,16
Dewandoritos,kelthuzad,2127,warlock,affliction,153,76,77
Dotdzdotdoze,tichondrius,2106,warlock,affliction,245,131,114
Goofgg,sargeras,2039,warlock,affliction,312,153,159
Rangz,tichondrius,1983,warlock,affliction,84,45,39
Tcchiu,tichondrius,1982,warlock,affliction,35,24,11
Sphoo,tichondrius,1971,warlock,affliction,82,42,40
Kålêïðøsçøpê,sargeras,1965,warlock,affliction,42,24,18
Exódia,tichondrius,1957,warlock,affliction,147,76,71
Gekku,ragnaros,1917,warlock,affliction,83,49,34
Hyoozy,illidan,1907,warlock,affliction,100,57,43
Diminish,sargeras,1894,warlock,affliction,90,44,46
Dyenamik,stormrage,1891,warlock,affliction,60,33,27
Arityy,tichondrius,1887,warlock,affliction,90,46,44
Burtreynolds,shattered-hand,1884,warlock,affliction,54,30,24
Cumbledora,kelthuzad,1878,warlock,affliction,48,30,18
Rangrang,tichondrius,1873,warlock,affliction,108,51,57
Octopus,nerzhul,1872,warlock,affliction,64,33,31
Yellowfevr,thrall,1870,warlock,affliction,48,27,21
Jukethisxo,tichondrius,1863,warlock,affliction,99,59,40
Pardoned,stormrage,1859,warlock,affliction,41,20,21
Prnhbgødx,sargeras,1850,warlock,affliction,48,26,22
Boyahancook,tichondrius,1849,warlock,affliction,88,47,41
Lostlock,sargeras,1847,warlock,affliction,120,68,52
Hiro,steamwheedle-cartel,1829,warlock,affliction,99,56,43
Fallenis,proudmoore,1825,warlock,affliction,48,28,20
Renosa,illidan,1818,warlock,affliction,57,32,25
Lockhippo,illidan,1818,warlock,affliction,58,30,28
Bugbugg,tichondrius,1814,warlock,affliction,51,38,13
Woopie,malfurion,1809,warlock,affliction,53,29,24
Hilzin,area-52,1808,warlock,affliction,66,40,26
Dotplaystyle,blackrock,1806,warlock,affliction,90,42,48
Widenose,agamaggan,1805,warlock,affliction,47,29,18
Warlocknroll,frostmourne,1803,warlock,affliction,47,21,26
Dröwzy,sargeras,1801,warlock,affliction,48,25,23
Conradlenoir,illidan,1800,warlock,affliction,41,24,17
Phlares,stormrage,1798,warlock,affliction,71,30,41
Oymmander,illidan,1795,warlock,affliction,30,22,8
Vialdkaseun,muradin,1789,warlock,affliction,108,56,52
Limeriax,emerald-dream,1782,warlock,affliction,120,65,55
Lockprocz,kirin-tor,1779,warlock,affliction,48,24,24
Lucyloux,sargeras,1775,warlock,affliction,40,23,17
Strudelfears,tichondrius,1772,warlock,affliction,95,66,29
Gry,malganis,1767,warlock,affliction,34,19,15
Portalgun,tichondrius,1764,warlock,affliction,54,30,24
Duukka,malganis,1763,warlock,affliction,47,28,19
Fancynuts,kiljaeden,1754,warlock,affliction,54,27,27
Ezgamejr,tichondrius,1740,warlock,affliction,52,30,22
Baxmoney,malganis,1740,warlock,affliction,48,19,29
Jimmyvagene,area-52,1736,warlock,affliction,59,26,33
Matrielan,azshara,1730,warlock,affliction,114,70,44
Beetlejoos,stormreaver,1727,warlock,affliction,86,46,40
Eh,laughing-skull,1717,warlock,affliction,132,65,67
Àfflìction,tichondrius,1709,warlock,affliction,107,58,49
Înfy,sargeras,1703,warlock,affliction,30,18,12
Locklist,frostmourne,1695,warlock,affliction,78,41,37
Fatals,thrall,1695,warlock,affliction,60,31,29
Salival,chogall,1686,warlock,affliction,34,20,14
Cslice,magtheridon,1686,warlock,affliction,36,20,16
Beamin,dentarg,1683,warlock,affliction,42,27,15
Bigdammich,bleeding-hollow,1674,warlock,affliction,54,29,25
Mornnah,dalaran,1671,warlock,affliction,162,72,90
Liarz,tichondrius,1667,warlock,affliction,72,36,36
Swath,firetree,1648,warlock,affliction,42,20,22
Kopium,tichondrius,1645,warlock,affliction,36,24,12
Dpz,spirestone,1645,warlock,affliction,30,18,12
Dottcha,blackrock,1643,warlock,affliction,60,37,23
Ticktickdoom,sargeras,1641,warlock,affliction,80,38,42
Blackchinese,zuljin,1638,warlock,affliction,77,48,29
Wojii,kelthuzad,1636,warlock,affliction,44,24,20
Slendyman,stormrage,1627,warlock,affliction,30,17,13
Unsee,sargeras,1623,warlock,affliction,54,33,21
Mattypatty,the-forgotten-coast,1623,warlock,affliction,66,38,28
Sventka,ragnaros,1619,warlock,affliction,340,172,168
Cuteboy,tichondrius,1611,warlock,affliction,84,57,27
Cocaineparty,tichondrius,1611,warlock,affliction,108,52,56
Urwjoa,tichondrius,1609,warlock,affliction,74,39,35
Jkun,malganis,1608,warlock,affliction,126,70,56
Slothycrip,emerald-dream,1606,warlock,affliction,59,33,26
Fasteddywow,arygos,1603,warlock,affliction,71,41,30
Tjdotter,stormrage,1600,warlock,affliction,30,19,11
Pykorrg,ragnaros,1600,warlock,affliction,47,23,24
Demonkiiller,kelthuzad,1597,warlock,affliction,49,25,24
Uggaboogga,malganis,1597,warlock,affliction,36,17,19
Wardyn,dragonmaw,1596,warlock,affliction,48,19,29
Waifucandy,tichondrius,1588,warlock,affliction,60,29,31
Mechnite,sargeras,1586,warlock,affliction,67,31,36
Xentzor,auchindoun,1585,warlock,affliction,78,39,39
Parmenides,tichondrius,1584,warlock,affliction,210,110,100
Damage,khadgar,1584,warlock,affliction,66,33,33
Lessthanjake,zuljin,1582,warlock,affliction,30,21,9
Babydots,stormreaver,1579,warlock,affliction,29,18,11
Nightkiss,sargeras,1578,warlock,affliction,48,22,26
Dotte,tichondrius,1572,warlock,affliction,36,26,10
Vardros,moon-guard,1571,warlock,affliction,48,25,23
Sìnister,nazgrel,1569,warlock,affliction,77,49,28
Evarona,gorefiend,1565,warlock,affliction,49,23,26
Stalezz,barthilas,1559,warlock,affliction,62,33,29
Aomniloltv,zuljin,1559,warlock,affliction,140,74,66
Hauntgød,tichondrius,1558,warlock,affliction,66,38,28
Freddiewill,tichondrius,1557,warlock,affliction,35,23,12
Aroug,aggramar,1552,warlock,affliction,62,37,25
Squirtwee,frostmourne,1543,warlock,affliction,54,24,30
Mitryc,illidan,1540,warlock,affliction,55,26,29
Zeraedify,bleeding-hollow,1540,warlock,affliction,36,17,19
Chilipeppa,wyrmrest-accord,1538,warlock,affliction,82,39,43
Tsalagi,sargeras,1535,warlock,affliction,127,71,56
Elend,elune,1534,warlock,affliction,36,25,11
Ðåntë,thrall,1532,warlock,affliction,62,32,30
Methrocks,emerald-dream,1529,warlock,affliction,64,39,25
Knothy,proudmoore,1527,warlock,affliction,36,16,20
Zod,burning-legion,1525,warlock,affliction,36,17,19
Dirtydotting,nerzhul,1524,warlock,affliction,30,17,13
Thecat,shattered-hand,1523,warlock,affliction,18,16,2
Erolidra,blackrock,1519,warlock,affliction,30,16,14
Soulripped,area-52,1514,warlock,affliction,64,36,28
Yanned,hakkar,1514,warlock,affliction,99,51,48
Xoxoxoxoxo,lightnings-blade,1513,warlock,affliction,70,33,37
Tyicuslok,tichondrius,1510,warlock,affliction,60,31,29
Sheboy,moon-guard,1509,warlock,affliction,96,52,44
Laurela,aegwynn,1508,warlock,affliction,60,28,32
Sillyrabbut,kelthuzad,1507,warlock,affliction,174,89,85
Forcedbeejay,sargeras,1502,warlock,affliction,48,24,24
Mørøs,tichondrius,1501,warlock,affliction,66,43,23
Loodle,moon-guard,1494,warlock,affliction,47,23,24
Stopdot,lightnings-blade,1492,warlock,affliction,71,37,34
Dautenit,illidan,1490,warlock,affliction,71,34,37
Infecçäo,stormrage,1488,warlock,affliction,40,21,19
Adeadsaint,boulderfist,1475,warlock,affliction,35,19,16
Moräl,frostmourne,1470,warlock,affliction,51,25,26
Skoobler,tichondrius,1468,warlock,affliction,93,53,40
Crazikrix,area-52,1466,warlock,affliction,49,26,23
Juleno,quelthalas,1458,warlock,affliction,30,17,13
Yisuschríst,quelthalas,1453,warlock,affliction,39,23,16
Tizl,tichondrius,1452,warlock,affliction,138,68,70
Justganmore,tichondrius,1449,warlock,affliction,54,29,25
Fowll,frostwolf,1440,warlock,affliction,109,67,42
Dghuldahn,bleeding-hollow,1436,warlock,affliction,60,35,25
Fatherbolt,tichondrius,1433,warlock,affliction,24,15,9
Dlarenn,kelthuzad,1432,warlock,affliction,30,15,15
Muffîn,moon-guard,1426,warlock,affliction,43,23,20
Maxcorrupted,sargeras,1424,warlock,affliction,30,17,13
Sinápsís,ragnaros,1423,warlock,affliction,24,15,9
Varvanta,proudmoore,1420,warlock,affliction,48,18,30
Garthbrookz,bleeding-hollow,1418,warlock,affliction,63,29,34
Soulcore,area-52,1416,warlock,affliction,24,15,9
Fearfaze,tichondrius,1411,warlock,affliction,30,15,15
Marà,ragnaros,1409,warlock,affliction,45,18,27
Benafflock,kaelthas,1408,warlock,affliction,30,15,15
Dårkfyre,kiljaeden,1406,warlock,affliction,24,15,9
Torowasabi,tichondrius,1406,warlock,affliction,47,24,23
Sîthfu,tichondrius,1406,warlock,affliction,35,16,19
Purp,vashj,1405,warlock,affliction,32,16,16
Elliarquet,akama,1404,warlock,affliction,106,52,54
Yuckytoetoe,emerald-dream,1400,warlock,affliction,42,24,18
Deangood,tichondrius,1399,warlock,affliction,24,15,9
Cantibor,illidan,1398,warlock,affliction,112,60,52
Lockneo,stormrage,1395,warlock,affliction,126,72,54
Diosban,malganis,1391,warlock,affliction,48,20,28
Äffie,aerie-peak,1390,warlock,affliction,138,67,71
Morgil,suramar,1389,warlock,affliction,39,20,19
Chachanoobx,sargeras,1387,warlock,affliction,48,23,25
Captrollol,tichondrius,1385,warlock,affliction,44,27,17
Soloart,tichondrius,1385,warlock,affliction,36,15,21
Winipuhmalo,quelthalas,1384,warlock,affliction,59,33,26
Sweetjuly,area-52,1378,warlock,affliction,48,31,17
Aerumna,barthilas,1378,warlock,affliction,30,15,15
Boreo,ragnaros,1376,warlock,affliction,42,20,22
Gordaroth,barthilas,1372,warlock,affliction,35,21,14
Nicodareus,hellscream,1369,warlock,affliction,45,25,20
Søül,tichondrius,1368,warlock,affliction,42,21,21
Hairydotter,doomhammer,1365,warlock,affliction,42,24,18
Munick,spirestone,1365,warlock,affliction,30,17,13
Snuffe,vashj,1364,warlock,affliction,38,24,14
Arillus,thrall,1364,warlock,affliction,53,29,24
Benaffllock,turalyon,1363,warlock,affliction,24,15,9
Acceptdeath,stormrage,1362,warlock,affliction,30,17,13
Jumlock,illidan,1361,warlock,affliction,42,23,19
Mèsut,malganis,1357,warlock,affliction,30,22,8
Feoona,hyjal,1354,warlock,affliction,66,38,28
Eilethen,cenarion-circle,1350,warlock,affliction,34,15,19
Nutted,dentarg,1342,warlock,affliction,24,14,10
Steven,firetree,1342,warlock,affliction,24,14,10
Hemmlock,moknathal,1342,warlock,affliction,39,19,20
Dotpocket,runetotem,1342,warlock,affliction,36,14,22
Irene,nagrand,1341,warlock,affliction,37,23,14
Ialfizzle,dethecus,1340,warlock,affliction,72,33,39
Vaalac,tichondrius,1339,warlock,affliction,380,180,200
Grimdreams,malganis,1335,warlock,affliction,25,14,11
Karpawarlock,ragnaros,1334,warlock,affliction,66,36,30
Fatuglyegirl,sargeras,1331,warlock,affliction,63,30,33
Warakaso,ragnaros,1326,warlock,affliction,42,28,14
Tuerie,illidan,1326,warlock,affliction,25,16,9
Dippindots,boulderfist,1324,warlock,affliction,104,49,55
Yyoyo,tichondrius,1318,warlock,affliction,36,24,12
Mïer,tichondrius,1315,warlock,affliction,77,41,36
Dercrow,quelthalas,1314,warlock,affliction,38,21,17
Squasum,sargeras,1307,warlock,affliction,83,47,36
Atraedes,moon-guard,1304,warlock,affliction,68,37,31
Côp,tichondrius,1303,warlock,affliction,65,28,37
Violentx,tichondrius,1301,warlock,affliction,45,20,25
Castngcouch,tichondrius,1296,warlock,affliction,117,62,55
Fluffylockk,bloodscalp,1295,warlock,affliction,52,26,26
Punished,arthas,1293,warlock,affliction,56,30,26
Felegance,proudmoore,1289,warlock,affliction,31,15,16
Whathurts,tichondrius,1287,warlock,affliction,32,23,9
Zinkro,quelthalas,1286,warlock,affliction,82,47,35
Eyedot,stormscale,1285,warlock,affliction,24,18,6
Aights,zuljin,1284,warlock,affliction,62,21,41
Ysnou,nemesis,1283,warlock,affliction,42,24,18
Beelzismurph,emerald-dream,1281,warlock,affliction,63,31,32
Gregg,laughing-skull,1276,warlock,affliction,150,80,70
Kreatur,ragnaros,1276,warlock,affliction,36,17,19
Novichok,amanthul,1276,warlock,affliction,36,15,21
Moxz,garona,1275,warlock,affliction,54,20,34
Aalkaid,dathremar,1273,warlock,affliction,54,31,23
Zamorakk,nemesis,1272,warlock,affliction,58,33,25
Ragnalock,laughing-skull,1270,warlock,affliction,24,14,10
Volsace,moon-guard,1267,warlock,affliction,30,14,16
Lisaleda,stormrage,1263,warlock,affliction,30,16,14
Pipeo,quelthalas,1261,warlock,affliction,108,62,46
Sinesta,bleeding-hollow,1260,warlock,affliction,30,15,15
Wallow,thunderhorn,1258,warlock,affliction,65,34,31
Snuzzock,darkspear,1254,warlock,affliction,35,14,21
Spi,chogall,1250,warlock,affliction,134,63,71
Xicó,tichondrius,1248,warlock,affliction,47,20,27
Barovir,tichondrius,1247,warlock,affliction,18,13,5
Imadotyasan,shandris,1246,warlock,affliction,18,13,5
Gurlock,illidan,1246,warlock,affliction,42,26,16
Mindfulchimp,sargeras,1246,warlock,affliction,50,21,29
Quitxmanlm,tichondrius,1245,warlock,affliction,24,13,11
Stonelocke,area-52,1242,warlock,affliction,30,14,16
Eraticlock,illidan,1237,warlock,affliction,25,13,12
Tohkisaeki,dalaran,1236,warlock,affliction,36,20,16
Reckzet,stormrage,1234,warlock,affliction,24,13,11
Lilliara,korgath,1232,warlock,affliction,41,16,25
Mymmic,ragnaros,1230,warlock,affliction,82,37,45
Livingdead,dreadmaul,1228,warlock,affliction,24,13,11
Cascades,icecrown,1228,warlock,affliction,37,19,18
Koiboii,tichondrius,1226,warlock,affliction,18,13,5
Lilpewpeww,bleeding-hollow,1226,warlock,affliction,117,60,57
Baiano,nagrand,1225,warlock,affliction,40,15,25
Aeonss,stormrage,1222,warlock,affliction,42,19,23
Killernix,drakkari,1219,warlock,affliction,54,29,25
Juniorsalanu,quelthalas,1219,warlock,affliction,97,43,54
Kogath,thunderlord,1209,warlock,affliction,53,29,24
Phelly,frostmourne,1205,warlock,affliction,75,41,34
Coolwipp,demon-soul,1203,warlock,affliction,145,70,75
Yoyoling,illidan,1200,warlock,affliction,82,43,39
Zaliki,hellscream,1191,warlock,affliction,30,20,10
Bashel,sargeras,1185,warlock,affliction,51,32,19
Valtimorh,ragnaros,1182,warlock,affliction,24,13,11
Thoxy,barthilas,1182,warlock,affliction,36,14,22
Eightyfall,barthilas,1180,warlock,affliction,40,17,23
Nedrien,moon-guard,1177,warlock,affliction,48,27,21
Batär,area-52,1171,warlock,affliction,62,26,36
Saltyfries,wildhammer,1165,warlock,affliction,42,14,28
Poltergiiest,korgath,1164,warlock,affliction,24,13,11
Khatrat,azralon,1164,warlock,affliction,106,43,63
Sammythebull,frostwolf,1159,warlock,affliction,32,17,15
Finnek,moon-guard,1155,warlock,affliction,30,17,13
Promann,drakkari,1151,warlock,affliction,12,12,0
Háydn,azuremyst,1151,warlock,affliction,18,12,6
Guldåniel,tichondrius,1150,warlock,affliction,18,12,6
Kruxxqt,illidan,1150,warlock,affliction,24,12,12
Kyugin,goldrinn,1148,warlock,affliction,18,12,6
Rakshama,chogall,1148,warlock,affliction,24,12,12
Zeviaem,quelthalas,1146,warlock,affliction,24,12,12
Necroñomicon,malganis,1145,warlock,affliction,18,12,6
Iainmbanks,barthilas,1143,warlock,affliction,226,104,122
Disneytoon,moon-guard,1141,warlock,affliction,30,12,18
Studious,sargeras,1139,warlock,affliction,26,15,11
Buucocky,proudmoore,1136,warlock,affliction,30,16,14
Skrufenjoyer,sargeras,1136,warlock,affliction,75,35,40
Sugarwaffles,area-52,1135,warlock,affliction,18,12,6
Ikis,cenarion-circle,1134,warlock,affliction,24,15,9
Yosuljaengi,stormrage,1132,warlock,affliction,78,36,42
Fearocity,argent-dawn,1130,warlock,affliction,33,15,18
Azâziel,ragnaros,1128,warlock,affliction,35,17,18
Flangy,kiljaeden,1123,warlock,affliction,84,33,51
Mothapucka,thrall,1123,warlock,affliction,36,12,24
Päinoth,wyrmrest-accord,1122,warlock,affliction,42,26,16
Drskeeters,malganis,1116,warlock,affliction,26,13,13
Zrx,proudmoore,1115,warlock,affliction,69,27,42
Beetlegiese,doomhammer,1114,warlock,affliction,40,19,21
Sylencia,demon-soul,1107,warlock,affliction,36,13,23
Auntzhang,tichondrius,1101,warlock,affliction,29,12,17
Phøbøs,hyjal,1099,warlock,affliction,24,13,11
Dipdip,illidan,1097,warlock,affliction,63,25,38
Slakiejr,darkspear,1087,warlock,affliction,16,12,4
Medallok,laughing-skull,1078,warlock,affliction,48,27,21
Elander,azuremyst,1067,warlock,affliction,30,17,13
Swinefrommud,zuljin,1056,warlock,affliction,24,11,13
Albright,azralon,1055,warlock,affliction,18,11,7
Fshi,frostmourne,1051,warlock,affliction,23,13,10
Gateor,zuljin,1051,warlock,affliction,24,11,13
Arcziz,tichondrius,1050,warlock,affliction,24,11,13
Beitrice,barthilas,1050,warlock,affliction,30,11,19
Naburn,tichondrius,1049,warlock,affliction,24,11,13
Razlock,moon-guard,1048,warlock,affliction,24,11,13
Eastwitch,ragnaros,1048,warlock,affliction,24,11,13
Pauldiesel,ragnaros,1048,warlock,affliction,26,11,15
Guacamolock,drakkari,1045,warlock,affliction,24,11,13
Cozu,tichondrius,1045,warlock,affliction,30,11,19
Nazrakin,malganis,1042,warlock,affliction,24,11,13
Mangku,frostmourne,1042,warlock,affliction,46,19,27
Kimis,proudmoore,1042,warlock,affliction,30,11,19
Teaset,hellscream,1039,warlock,affliction,66,33,33
Rorrlex,muradin,1037,warlock,affliction,42,20,22
Berszerk,quelthalas,1037,warlock,affliction,30,11,19
Hungovermate,barthilas,1036,warlock,affliction,18,13,5
Kokoto,azralon,1030,warlock,affliction,54,31,23
Donnellus,frostmane,1028,warlock,affliction,24,14,10
Dirtydeikan,stormrage,1024,warlock,affliction,60,27,33
Basticor,moon-guard,1024,warlock,affliction,42,18,24
Aerozyn,wyrmrest-accord,1013,warlock,affliction,30,17,13
Dreadloxx,whisperwind,1009,warlock,affliction,42,21,21
Duuka,malganis,1008,warlock,affliction,15,12,3
Balveer,tichondrius,1006,warlock,affliction,23,11,12
Darkestholy,illidan,1006,warlock,affliction,23,11,12
Shadöwdancer,uldum,1005,warlock,affliction,24,16,8
Corvos,garrosh,1001,warlock,affliction,32,12,20
Medran,azralon,996,warlock,affliction,62,34,28
Wizlox,illidan,996,warlock,affliction,33,11,22
Miredö,tichondrius,991,warlock,affliction,23,11,12
Whydemono,tichondrius,982,warlock,affliction,26,11,15
Avelmi,daggerspine,964,warlock,affliction,31,11,20
Wardocc,sargeras,962,warlock,affliction,66,31,35
Dotymania,aegwynn,959,warlock,affliction,18,10,8
Catarina,kaelthas,959,warlock,affliction,21,11,10
Niubeelol,tichondrius,959,warlock,affliction,24,10,14
Lapandemica,gorefiend,959,warlock,affliction,24,10,14
Shadowhax,area-52,959,warlock,affliction,24,10,14
Makumbeiro,sargeras,958,warlock,affliction,18,10,8
Malagas,tichondrius,958,warlock,affliction,18,10,8
Wtb,blackrock,958,warlock,affliction,18,10,8
Downing,drakkari,958,warlock,affliction,71,26,45
Xdq,malganis,957,warlock,affliction,27,12,15
Qualio,thrall,957,warlock,affliction,24,10,14
Caustikk,malganis,956,warlock,affliction,18,10,8
Mysoultotake,sargeras,954,warlock,affliction,18,10,8
Munch,khadgar,954,warlock,affliction,24,10,14
Doombaby,zuljin,952,warlock,affliction,18,10,8
Jennifear,sargeras,952,warlock,affliction,18,10,8
Hottyscotty,tichondrius,952,warlock,affliction,30,10,20
Victani,gallywix,946,warlock,affliction,18,10,8
Avadakedávra,darkspear,941,warlock,affliction,18,10,8
Fyahwalka,aggramar,938,warlock,affliction,30,10,20
Littlepain,goldrinn,920,warlock,affliction,24,10,14
Thetopg,bronzebeard,896,warlock,affliction,21,11,10
Popdotdropit,frostwolf,895,warlock,affliction,17,10,7
Britainwl,azshara,892,warlock,affliction,30,13,17
Aikonor,stormrage,873,warlock,affliction,25,10,15
Conboee,tichondrius,864,warlock,affliction,12,9,3
Nöxïöüs,sargeras,864,warlock,affliction,12,9,3
Quitxman,tichondrius,864,warlock,affliction,12,9,3
Crayonchewer,alleria,864,warlock,affliction,18,9,9
Minglocked,proudmoore,864,warlock,affliction,18,9,9
Jfet,sargeras,864,warlock,affliction,18,9,9
Demonycc,archimonde,863,warlock,affliction,12,9,3
Bjarke,malganis,863,warlock,affliction,12,9,3
Halloweèn,kelthuzad,863,warlock,affliction,12,9,3
Twilson,moon-guard,863,warlock,affliction,18,9,9
Búmchúm,frostmourne,863,warlock,affliction,18,9,9
Sslock,sargeras,863,warlock,affliction,18,9,9
Wizxin,emerald-dream,863,warlock,affliction,18,9,9
Hauntx,bonechewer,863,warlock,affliction,21,9,12
Onmyioji,dalaran,862,warlock,affliction,12,9,3
Nerd,fizzcrank,862,warlock,affliction,12,9,3
Curaven,emerald-dream,862,warlock,affliction,18,9,9
Sesyid,tichondrius,862,warlock,affliction,18,9,9
Scarysherri,aggramar,862,warlock,affliction,24,9,15
Thisist,kiljaeden,861,warlock,affliction,12,9,3
Vyntras,kelthuzad,861,warlock,affliction,18,9,9
Nestpas,tichondrius,861,warlock,affliction,18,9,9
Bignoselock,illidan,861,warlock,affliction,18,9,9
Avatar,uldum,861,warlock,affliction,24,9,15
Abyssisle,malygos,860,warlock,affliction,20,10,10
Holloch,bonechewer,860,warlock,affliction,18,9,9
Smockalock,proudmoore,857,warlock,affliction,18,9,9
Tinydotz,hydraxis,856,warlock,affliction,18,10,8
Yratiprocs,ysera,853,warlock,affliction,18,9,9
Chadre,feathermoon,830,warlock,affliction,17,9,8
Obertito,kelthuzad,828,warlock,affliction,16,9,7
Rickrock,gnomeregan,806,warlock,affliction,26,10,16
Mustacheguy,tichondrius,805,warlock,affliction,29,9,20
Buccs,barthilas,799,warlock,affliction,11,9,2
Maelganis,thrall,796,warlock,affliction,17,9,8
Hexxüs,area-52,784,warlock,affliction,19,9,10
Richãrdjr,area-52,768,warlock,affliction,12,8,4
Sadoldman,malganis,768,warlock,affliction,12,8,4
Slothdots,tichondrius,768,warlock,affliction,12,8,4
Dötsonurpp,stormrage,768,warlock,affliction,12,8,4
Hutchyw,tichondrius,768,warlock,affliction,12,8,4
Kåléïðøsçøpè,sargeras,768,warlock,affliction,12,8,4
Idotû,tichondrius,768,warlock,affliction,24,8,16
Wreckquiem,draka,767,warlock,affliction,12,8,4
Losecontrol,illidan,767,warlock,affliction,12,8,4
Herladytha,aegwynn,767,warlock,affliction,12,8,4
Brujoalfa,ragnaros,767,warlock,affliction,12,8,4
Yeepzbytre,bleeding-hollow,767,warlock,affliction,18,8,10
Asetiks,tichondrius,767,warlock,affliction,18,8,10
Oblivious,firetree,767,warlock,affliction,18,8,10
Arkterris,doomhammer,766,warlock,affliction,18,8,10
Flixon,tichondrius,765,warlock,affliction,12,8,4
Çheesestick,dalaran,765,warlock,affliction,18,8,10
Oreo,velen,765,warlock,affliction,24,8,16
Aksness,stormrage,765,warlock,affliction,24,8,16
Dowglips,area-52,763,warlock,affliction,18,8,10
Cássandra,ragnaros,761,warlock,affliction,12,8,4
Radamantîs,ragnaros,761,warlock,affliction,18,8,10
Jakedbtw,crushridge,759,warlock,affliction,12,8,4
Covidkillerr,tichondrius,759,warlock,affliction,13,8,5
Rotfull,burning-legion,751,warlock,affliction,17,8,9
Seecurse,kelthuzad,735,warlock,affliction,17,8,9
Hiddentech,saurfang,719,warlock,affliction,11,8,3
Apéx,frostmourne,716,warlock,affliction,17,8,9
Amgs,frostmourne,714,warlock,affliction,23,11,12
Nuckz,whisperwind,687,warlock,affliction,14,9,5
Ioroselmi,illidan,685,warlock,affliction,19,8,11
Modot,tichondrius,685,warlock,affliction,23,9,14
Charïs,ragnaros,679,warlock,affliction,13,8,5
Dotfearspam,alterac-mountains,679,warlock,affliction,21,8,13
Ellneggro,zuljin,672,warlock,affliction,12,7,5
Delaye,tichondrius,672,warlock,affliction,12,7,5
Bakko,tichondrius,672,warlock,affliction,12,7,5
Kuhio,korgath,672,warlock,affliction,12,7,5
Autotheism,whisperwind,672,warlock,affliction,12,7,5
Necromâncer,stormreaver,672,warlock,affliction,18,7,11
Aruotnof,nemesis,671,warlock,affliction,12,7,5
Glifosáto,quelthalas,671,warlock,affliction,12,7,5
Djminuterice,bleeding-hollow,671,warlock,affliction,12,7,5
Killhorde,thunderlord,671,warlock,affliction,12,7,5
Zurp,wyrmrest-accord,671,warlock,affliction,12,7,5
Louuis,barthilas,671,warlock,affliction,12,7,5
Ãids,khadgar,671,warlock,affliction,12,7,5
Jìbril,stormrage,671,warlock,affliction,18,7,11
Kuoma,boulderfist,670,warlock,affliction,12,7,5
Afflicmindz,azralon,670,warlock,affliction,12,7,5
Skyvre,tichondrius,670,warlock,affliction,12,7,5
Miermortal,tichondrius,670,warlock,affliction,18,7,11
Deusita,kelthuzad,670,warlock,affliction,18,7,11
Magicbones,tichondrius,669,warlock,affliction,15,8,7
Tsmcfker,tichondrius,669,warlock,affliction,22,9,13
Mefound,nerzhul,668,warlock,affliction,12,7,5
Larlock,black-dragonflight,667,warlock,affliction,12,7,5
Zipstream,dark-iron,667,warlock,affliction,24,7,17
Balmir,tichondrius,658,warlock,affliction,18,7,11
Paparoxy,illidan,623,warlock,affliction,15,8,7
Radiscul,dragonmaw,619,warlock,affliction,17,7,10
Bbangtimo,tichondrius,607,warlock,affliction,14,7,7
Cezarz,tichondrius,592,warlock,affliction,13,7,6
Bobbyross,garrosh,576,warlock,affliction,10,7,3
Khil,darkspear,576,warlock,affliction,12,6,6
Sikmagic,kelthuzad,576,warlock,affliction,12,6,6
Brunemon,proudmoore,576,warlock,affliction,12,6,6
Daëmön,stormrage,576,warlock,affliction,12,6,6
Fearophobic,illidan,576,warlock,affliction,12,6,6
Lemdul,thrall,576,warlock,affliction,12,6,6
Lilcarmy,emerald-dream,576,warlock,affliction,12,6,6
Sluglishphsh,stormrage,576,warlock,affliction,12,6,6
Toelickerx,illidan,576,warlock,affliction,12,6,6
Gianni,chogall,576,warlock,affliction,12,6,6
Lokkup,dalaran,576,warlock,affliction,12,6,6
Nadablast,tichondrius,576,warlock,affliction,12,6,6
Biubius,tichondrius,576,warlock,affliction,12,6,6
Parishiltoon,frostmourne,576,warlock,affliction,12,6,6
Løcalplugxø,barthilas,576,warlock,affliction,12,6,6
Xtremegirth,zuljin,576,warlock,affliction,12,6,6
Chrishasnen,moon-guard,576,warlock,affliction,12,6,6
Nihilus,anvilmar,576,warlock,affliction,12,6,6
Shadøwy,nemesis,576,warlock,affliction,12,6,6
Neevius,barthilas,576,warlock,affliction,12,6,6
Muchø,emerald-dream,576,warlock,affliction,24,6,18
Valvravé,malganis,575,warlock,affliction,12,6,6
Deatthmoon,stormrage,575,warlock,affliction,12,6,6
Shadowbo,aggramar,575,warlock,affliction,12,6,6
Kunozonbi,malganis,575,warlock,affliction,12,6,6
Locker,lightnings-blade,575,warlock,affliction,12,6,6
Jhop,sargeras,575,warlock,affliction,12,6,6
Leroybrown,alterac-mountains,575,warlock,affliction,12,6,6
Nookíe,azralon,575,warlock,affliction,12,6,6
Infortunium,sargeras,575,warlock,affliction,12,6,6
Gødmôde,tichondrius,575,warlock,affliction,12,6,6
Zuldar,tichondrius,575,warlock,affliction,18,6,12
Holdmybeard,senjin,575,warlock,affliction,18,6,12
Bloodybooger,area-52,574,warlock,affliction,12,6,6
Conrii,burning-blade,574,warlock,affliction,18,6,12
Sind,garona,573,warlock,affliction,12,6,6
Hâunted,khazgoroth,571,warlock,affliction,12,6,6
Justero,kelthuzad,569,warlock,affliction,12,6,6
Kflexxpt,hydraxis,569,warlock,affliction,12,6,6
Socketriver,bleeding-hollow,568,warlock,affliction,18,6,12
Gnock,garona,543,warlock,affliction,11,6,5
Raff,detheroc,527,warlock,affliction,11,6,5
Vrajitor,ragnaros,511,warlock,affliction,11,6,5
Markuss,boulderfist,511,warlock,affliction,14,6,8
Dotdoctor,thrall,511,warlock,affliction,16,6,10
Oluluo,andorhal,510,warlock,affliction,8,6,2
Beexy,sargeras,510,warlock,affliction,14,6,8
Halciyon,dalvengyr,495,warlock,affliction,19,6,13
Flòwstate,tichondrius,480,warlock,affliction,6,5,1
Bigdamege,tichondrius,480,warlock,affliction,6,5,1
Dethklokx,tichondrius,480,warlock,affliction,6,5,1
Poogâ,tichondrius,480,warlock,affliction,6,5,1
Conkeldurr,tichondrius,480,warlock,affliction,6,5,1
Ribman,stormrage,480,warlock,affliction,6,5,1
Ttub,stormrage,480,warlock,affliction,6,5,1
Misolock,sargeras,480,warlock,affliction,6,5,1
Lunazz,tichondrius,480,warlock,affliction,6,5,1
Ciprýan,azralon,480,warlock,affliction,6,5,1
Satunir,shadowsong,480,warlock,affliction,6,5,1
Antigotenent,sargeras,480,warlock,affliction,6,5,1
Bobthedragqn,proudmoore,480,warlock,affliction,6,5,1
Artzul,tichondrius,480,warlock,affliction,12,5,7
Yogurtslingr,tichondrius,480,warlock,affliction,12,5,7
Chaoz,aggramar,480,warlock,affliction,12,5,7
Perfectwar,tichondrius,480,warlock,affliction,12,5,7
Wanglock,blackrock,480,warlock,affliction,12,5,7
Percadu,barthilas,480,warlock,affliction,12,5,7
Buboñic,area-52,480,warlock,affliction,12,5,7
Bwup,tichondrius,480,warlock,affliction,12,5,7
Cryolock,nagrand,480,warlock,affliction,12,5,7
Itsmedirt,malganis,480,warlock,affliction,12,5,7
Astralrunner,moon-guard,480,warlock,affliction,12,5,7
Tvfazedorito,kelthuzad,480,warlock,affliction,12,5,7
Goldface,frostmourne,480,warlock,affliction,12,5,7
Pokendot,illidan,480,warlock,affliction,12,5,7
Necrosith,ragnaros,480,warlock,affliction,15,6,9
Daesire,moon-guard,480,warlock,affliction,18,5,13
Lockboxx,stormscale,480,warlock,affliction,18,5,13
Lockring,zuljin,480,warlock,affliction,18,5,13
Pruevolf,tichondrius,479,warlock,affliction,12,5,7
Lockinha,azralon,479,warlock,affliction,12,5,7
Morepetss,saurfang,479,warlock,affliction,12,5,7
Hélà,sargeras,479,warlock,affliction,18,5,13
Whitchpoison,nagrand,479,warlock,affliction,30,5,25
Redbro,darkspear,478,warlock,affliction,12,5,7
Cityswimmer,malganis,478,warlock,affliction,12,5,7
Fearfactory,lethon,478,warlock,affliction,12,5,7
Dravin,alleria,478,warlock,affliction,12,5,7
Skellisama,moon-guard,478,warlock,affliction,18,5,13
Suzüki,tichondrius,463,warlock,affliction,11,5,6
Demfearslol,terokkar,447,warlock,affliction,11,5,6
Verrøkel,sargeras,426,warlock,affliction,11,7,4
Fublizz,black-dragonflight,416,warlock,affliction,10,5,5
Khaozx,ragnaros,416,warlock,affliction,10,5,5
Onlytoez,tichondrius,416,warlock,affliction,16,5,11
Kuroyt,drakkari,415,warlock,affliction,12,6,6
Tonickush,area-52,384,warlock,affliction,6,4,2
Astarõth,zuljin,384,warlock,affliction,6,4,2
Åbyssal,stormrage,384,warlock,affliction,6,4,2
Jessndistres,stormrage,384,warlock,affliction,6,4,2
Superbroly,area-52,384,warlock,affliction,6,4,2
Bänno,bleeding-hollow,384,warlock,affliction,6,4,2
Demoiceman,bleeding-hollow,384,warlock,affliction,6,4,2
Calvärr,bleeding-hollow,384,warlock,affliction,6,4,2
Demonug,area-52,384,warlock,affliction,6,4,2
Rbnz,kiljaeden,384,warlock,affliction,6,4,2
Soulrman,tichondrius,384,warlock,affliction,6,4,2
Kryllua,tichondrius,384,warlock,affliction,6,4,2
Tylandér,nordrassil,384,warlock,affliction,6,4,2
Bliztivision,proudmoore,384,warlock,affliction,6,4,2
Purplelambox,illidan,384,warlock,affliction,6,4,2
Siller,azralon,384,warlock,affliction,6,4,2
Hypnotikal,illidan,384,warlock,affliction,6,4,2
Methrocks,tichondrius,384,warlock,affliction,6,4,2
Omegapasta,illidan,384,warlock,affliction,6,4,2
Celin,rivendare,384,warlock,affliction,6,4,2
Gümbÿ,illidan,384,warlock,affliction,6,4,2
Walterrør,nemesis,384,warlock,affliction,6,4,2
Locker,darkspear,384,warlock,affliction,6,4,2
Omleaf,malganis,384,warlock,affliction,6,4,2
Blliizz,aegwynn,384,warlock,affliction,6,4,2
Gasgrassnass,sargeras,384,warlock,affliction,6,4,2
Jotkbe,ragnaros,384,warlock,affliction,6,4,2
Cowboydann,malganis,384,warlock,affliction,6,4,2
Torchie,moon-guard,384,warlock,affliction,6,4,2
Eupheriia,thaurissan,384,warlock,affliction,6,4,2
Vamperro,thrall,384,warlock,affliction,6,4,2
Plsdontcrit,tichondrius,384,warlock,affliction,6,4,2
Necroraise,boulderfist,384,warlock,affliction,9,5,4
Punstable,tichondrius,384,warlock,affliction,12,4,8
Haross,darkspear,384,warlock,affliction,12,4,8
Bharim,quelthalas,384,warlock,affliction,12,4,8
Tichonkimc,tichondrius,384,warlock,affliction,12,4,8
Bigheadjr,gorgonnash,384,warlock,affliction,12,4,8
Fearedit,bleeding-hollow,384,warlock,affliction,12,4,8
Bmó,stormrage,384,warlock,affliction,12,4,8
Bïcho,queldorei,384,warlock,affliction,12,4,8
Emptysoul,illidan,384,warlock,affliction,12,4,8
Nethron,the-venture-co,384,warlock,affliction,12,4,8
Yagumi,crushridge,384,warlock,affliction,12,4,8
Promancer,drakkari,384,warlock,affliction,12,4,8
Emptyx,tichondrius,384,warlock,affliction,12,4,8
Dotsfìred,tichondrius,384,warlock,affliction,12,4,8
Lockie,skywall,384,warlock,affliction,12,4,8
Duckboji,tichondrius,384,warlock,affliction,12,4,8
Fksm,tichondrius,384,warlock,affliction,12,4,8
Necromaniac,nerzhul,384,warlock,affliction,18,4,14
Krïttzïe,proudmoore,383,warlock,affliction,6,4,2
Lockazo,quelthalas,383,warlock,affliction,6,4,2
Candykrush,tichondrius,383,warlock,affliction,6,4,2
Luciffer,windrunner,383,warlock,affliction,12,4,8
Wirthless,area-52,383,warlock,affliction,12,4,8
Persianloc,tichondrius,383,warlock,affliction,12,4,8
Slord,bonechewer,382,warlock,affliction,6,4,2
Darkdestine,emerald-dream,382,warlock,affliction,12,4,8
Damint,sargeras,351,warlock,affliction,11,4,7
Gattsonn,kiljaeden,350,warlock,affliction,12,5,7
Yury,scarlet-crusade,334,warlock,affliction,11,4,7
Marinw,azralon,304,warlock,affliction,7,4,3
Voltshot,tichondrius,288,warlock,affliction,6,3,3
Lockfold,illidan,288,warlock,affliction,6,3,3
Impbiscuit,stormrage,288,warlock,affliction,6,3,3
Redsolojdc,tichondrius,288,warlock,affliction,6,3,3
Devdolittle,tichondrius,288,warlock,affliction,6,3,3
Vintagepoop,sargeras,288,warlock,affliction,6,3,3
Naag,tichondrius,288,warlock,affliction,6,3,3
Berathelok,aerie-peak,288,warlock,affliction,6,3,3
Oogren,korgath,288,warlock,affliction,6,3,3
Arnan,korgath,288,warlock,affliction,6,3,3
Róckroad,lightnings-blade,288,warlock,affliction,6,3,3
Warlockmf,sargeras,288,warlock,affliction,6,3,3
Schofen,tichondrius,288,warlock,affliction,6,3,3
Drdoom,sargeras,288,warlock,affliction,6,3,3
Alarauca,nerzhul,288,warlock,affliction,6,3,3
Nozyroh,emerald-dream,288,warlock,affliction,6,3,3
Yanlexx,stormrage,288,warlock,affliction,6,3,3
Datazdotcom,illidan,288,warlock,affliction,6,3,3
Feldubya,illidan,288,warlock,affliction,6,3,3
Crucifieds,tichondrius,288,warlock,affliction,6,3,3
Bajheerafan,illidan,288,warlock,affliction,6,3,3
Phishdots,tichondrius,288,warlock,affliction,6,3,3
Bëëlzebub,crushridge,288,warlock,affliction,6,3,3
Boltqt,tichondrius,288,warlock,affliction,6,3,3
Conboii,tichondrius,288,warlock,affliction,6,3,3
Stormrift,sargeras,288,warlock,affliction,6,3,3
Frylockx,mugthol,288,warlock,affliction,6,3,3
Leônidos,ghostlands,288,warlock,affliction,6,3,3
Wizie,arthas,288,warlock,affliction,6,3,3
Abrocket,alleria,288,warlock,affliction,6,3,3
Warfeen,malganis,288,warlock,affliction,6,3,3
Culture,arthas,288,warlock,affliction,6,3,3
Chåndler,nemesis,288,warlock,affliction,6,3,3
Kamai,frostwolf,288,warlock,affliction,6,3,3
Nutzosaurus,darkspear,288,warlock,affliction,6,3,3
Hauntu,stormreaver,288,warlock,affliction,6,3,3
Sinaman,barthilas,288,warlock,affliction,6,3,3
Dodgebolts,khaz-modan,288,warlock,affliction,6,3,3
Blockk,moknathal,288,warlock,affliction,6,3,3
Freseate,quelthalas,288,warlock,affliction,6,3,3
Knäbue,tichondrius,288,warlock,affliction,6,3,3
Lomeron,sargeras,288,warlock,affliction,6,3,3
Harleyjames,ravenholdt,288,warlock,affliction,6,3,3
Stepzxo,sargeras,288,warlock,affliction,6,3,3
Capïrota,nemesis,288,warlock,affliction,6,3,3
Emurog,icecrown,288,warlock,affliction,6,3,3
Chaôtic,daggerspine,288,warlock,affliction,6,3,3
Liliasintera,dentarg,288,warlock,affliction,6,3,3
Kokushu,burning-legion,288,warlock,affliction,6,3,3
Diablox,silvermoon,288,warlock,affliction,6,3,3
Sidiouss,dreadmaul,288,warlock,affliction,6,3,3
Imien,moknathal,288,warlock,affliction,9,3,6
Felno,emerald-dream,288,warlock,affliction,12,3,9
Mynerve,velen,288,warlock,affliction,12,3,9
Provilock,moon-guard,288,warlock,affliction,12,3,9
Ezzako,area-52,288,warlock,affliction,12,3,9
Grendaldots,tichondrius,288,warlock,affliction,12,3,9
Ÿoucantwin,kiljaeden,288,warlock,affliction,12,3,9
Aluridan,azralon,288,warlock,affliction,12,3,9
Sarkahn,sargeras,288,warlock,affliction,12,3,9
Tromeo,sargeras,288,warlock,affliction,12,3,9
Camila,lightnings-blade,288,warlock,affliction,12,3,9
Lithani,ragnaros,288,warlock,affliction,12,3,9
Feelthefearx,ragnaros,288,warlock,affliction,12,3,9
Angel,sargeras,288,warlock,affliction,12,3,9
Castshadow,nordrassil,288,warlock,affliction,18,3,15
Lockë,thunderlord,287,warlock,affliction,6,3,3
Vizkopnik,bleeding-hollow,287,warlock,affliction,6,3,3
Nhen,daggerspine,287,warlock,affliction,6,3,3
Nessima,jubeithos,287,warlock,affliction,12,3,9
Lowkei,stonemaul,286,warlock,affliction,6,3,3
Lilthicy,sargeras,271,warlock,affliction,14,3,11
Kentus,moonrunner,255,warlock,affliction,14,4,10
Niava,tichondrius,239,warlock,affliction,5,3,2
Matzoball,zuljin,234,warlock,affliction,14,4,10
Hoana,azralon,233,warlock,affliction,8,4,4
Lifelock,auchindoun,223,warlock,affliction,8,3,5
Spookytrev,stormrage,223,warlock,affliction,14,3,11
Critthis,illidan,192,warlock,affliction,6,2,4
Davnport,frostmourne,192,warlock,affliction,6,2,4
Xoxoxu,frostmourne,192,warlock,affliction,6,2,4
Thumperrz,frostmourne,192,warlock,affliction,6,2,4
Anastadora,proudmoore,192,warlock,affliction,6,2,4
Zörkô,zuljin,192,warlock,affliction,6,2,4
Thralord,blackrock,192,warlock,affliction,6,2,4
Abomasnow,frostmourne,192,warlock,affliction,6,2,4
Fondlemydot,stormscale,192,warlock,affliction,6,2,4
Nerolock,frostmourne,192,warlock,affliction,6,2,4
Awp,malganis,192,warlock,affliction,6,2,4
Yurick,frostmourne,192,warlock,affliction,6,2,4
Yahihlock,silver-hand,192,warlock,affliction,6,2,4
Ministàff,ursin,192,warlock,affliction,6,2,4
Sâltylôck,tichondrius,192,warlock,affliction,6,2,4
Ðeãdman,bleeding-hollow,192,warlock,affliction,6,2,4
Dawaatisme,zuljin,192,warlock,affliction,6,2,4
Nightterrour,frostmourne,192,warlock,affliction,6,2,4
Leruss,zangarmarsh,192,warlock,affliction,6,2,4
Veerdz,area-52,192,warlock,affliction,6,2,4
Mhael,lightninghoof,192,warlock,affliction,6,2,4
Scepti,area-52,192,warlock,affliction,6,2,4
Vessires,darkspear,192,warlock,affliction,6,2,4
Dejagu,tichondrius,192,warlock,affliction,6,2,4
Khurze,area-52,192,warlock,affliction,6,2,4
Grixis,zuluhed,192,warlock,affliction,6,2,4
Willogan,gurubashi,192,warlock,affliction,6,2,4
Charmandfarm,nerzhul,192,warlock,affliction,6,2,4
Es,velen,192,warlock,affliction,6,2,4
Lockednloade,tichondrius,192,warlock,affliction,6,2,4
Destructo,illidan,192,warlock,affliction,6,2,4
Sylorelol,stormreaver,192,warlock,affliction,6,2,4
Dotdottgoose,kiljaeden,192,warlock,affliction,6,2,4
Sosomaa,kelthuzad,192,warlock,affliction,6,2,4
Raínstilted,area-52,192,warlock,affliction,6,2,4
Sebss,proudmoore,192,warlock,affliction,6,2,4
Lilitht,drakkari,192,warlock,affliction,6,2,4
Pk,azralon,192,warlock,affliction,6,2,4
Døtyou,area-52,192,warlock,affliction,6,2,4
Vorlos,bonechewer,192,warlock,affliction,6,2,4
Karmalock,malganis,192,warlock,affliction,6,2,4
Rerollx,firetree,192,warlock,affliction,6,2,4
Avii,drakthul,192,warlock,affliction,6,2,4
Fearsntears,stormrage,192,warlock,affliction,6,2,4
Jèdi,drenden,192,warlock,affliction,6,2,4
Plaguedoctor,stormrage,192,warlock,affliction,6,2,4
Fearanddots,moon-guard,192,warlock,affliction,6,2,4
Soularonomy,tichondrius,192,warlock,affliction,6,2,4
Apolodys,garona,192,warlock,affliction,6,2,4
Cheesëbolt,illidan,192,warlock,affliction,6,2,4
Asmodeun,malganis,192,warlock,affliction,6,2,4
Meelady,tichondrius,192,warlock,affliction,6,2,4
Damerus,illidan,192,warlock,affliction,6,2,4
Trillas,illidan,192,warlock,affliction,6,2,4
Jacorian,illidan,192,warlock,affliction,6,2,4
Yolandahadid,gilneas,192,warlock,affliction,6,2,4
Carcine,frostwolf,192,warlock,affliction,6,2,4
Screwed,tichondrius,192,warlock,affliction,6,2,4
Payn,kiljaeden,192,warlock,affliction,6,2,4
Frylockk,mugthol,192,warlock,affliction,6,2,4
Deanwarlock,sargeras,192,warlock,affliction,6,2,4
Tormentedcat,nazjatar,192,warlock,affliction,12,2,10
Leviathen,shattered-hand,192,warlock,affliction,12,2,10
Dloq,azgalor,192,warlock,affliction,12,2,10
Condevil,quelthalas,192,warlock,affliction,12,2,10
Xaemog,tichondrius,192,warlock,affliction,12,2,10
Tribulatiön,moon-guard,192,warlock,affliction,12,2,10
Refîk,sargeras,192,warlock,affliction,12,2,10
Rurnt,bloodhoof,192,warlock,affliction,13,2,11
Ramone,turalyon,159,warlock,affliction,5,2,3
Dotlockndrop,stormreaver,159,warlock,affliction,5,2,3
Gutterxfox,malganis,159,warlock,affliction,11,2,9
Alfemale,dalaran,96,warlock,affliction,6,1,5
Efg,illidan,96,warlock,affliction,6,1,5
Menedemus,amanthul,96,warlock,affliction,6,1,5
Malignant,tichondrius,96,warlock,affliction,6,1,5
Joseph,draktharon,96,warlock,affliction,6,1,5
Volturnus,wildhammer,96,warlock,affliction,6,1,5
Aedarine,uldum,96,warlock,affliction,6,1,5
Tatemor,barthilas,96,warlock,affliction,6,1,5
Fabiusbilex,tichondrius,96,warlock,affliction,6,1,5
Gamecobra,greymane,96,warlock,affliction,6,1,5
Conspiration,sargeras,96,warlock,affliction,6,1,5
Imhereforrbg,moon-guard,96,warlock,affliction,6,1,5
Feár,emerald-dream,96,warlock,affliction,6,1,5
Apocryphh,stormrage,96,warlock,affliction,6,1,5
Xylõck,sargeras,96,warlock,affliction,6,1,5
Mickylock,tichondrius,96,warlock,affliction,6,1,5
Cornboil,tichondrius,96,warlock,affliction,6,1,5
Superbvious,lothar,96,warlock,affliction,6,1,5
Shennaniganz,bleeding-hollow,96,warlock,affliction,6,1,5
Krozu,bleeding-hollow,96,warlock,affliction,6,1,5
Guinegobbler,hyjal,96,warlock,affliction,6,1,5
Olgreg,daggerspine,96,warlock,affliction,6,1,5
Amaroth,spinebreaker,96,warlock,affliction,6,1,5
Smôkedsôul,area-52,96,warlock,affliction,6,1,5
Chaøsbolt,area-52,96,warlock,affliction,6,1,5
Malchiev,area-52,96,warlock,affliction,6,1,5
Brujildå,area-52,96,warlock,affliction,6,1,5
Rexuss,velen,96,warlock,affliction,6,1,5
Frem,eonar,96,warlock,affliction,6,1,5
Carabelois,aegwynn,96,warlock,affliction,6,1,5
Frdchickiana,tichondrius,96,warlock,affliction,6,1,5
Nêcro,moon-guard,96,warlock,affliction,6,1,5
Kammuany,sargeras,96,warlock,affliction,6,1,5
Locktimes,ragnaros,96,warlock,affliction,6,1,5
Pinkypay,ragnaros,96,warlock,affliction,6,1,5
Drainedd,blades-edge,96,warlock,affliction,6,1,5
Bluffzlock,boulderfist,96,warlock,affliction,6,1,5
Sunkuna,aerie-peak,96,warlock,affliction,6,1,5
Fenrinozil,tichondrius,96,warlock,affliction,12,1,11
Shendù,stormrage,79,warlock,affliction,5,1,4
Zuelu,tichondrius,64,warlock,affliction,4,1,3
Mìrä,kelthuzad,48,warlock,affliction,3,1,2
Delete,greymane,16,warlock,affliction,1,1,0
Ttvdjrio,area-52,2200,warrior,fury,84,54,30
Grimgrip,frostmane,2131,warrior,fury,92,53,39
Joshiman,area-52,2124,warrior,fury,78,42,36
Cabelastwo,tichondrius,2124,warrior,fury,87,46,41
Americanbull,moon-guard,2119,warrior,fury,253,134,119
Cabelas,tichondrius,2112,warrior,fury,89,45,44
Thrator,wyrmrest-accord,2110,warrior,fury,108,55,53
Riproarin,stormrage,2105,warrior,fury,92,53,39
Takeda,sargeras,2092,warrior,fury,101,57,44
Coldlòve,akama,2076,warrior,fury,106,61,45
Furrytakeda,kelthuzad,2065,warrior,fury,123,69,54
Orclog,illidan,2063,warrior,fury,77,42,35
Biaa,tichondrius,2055,warrior,fury,78,38,40
Gazzef,thrall,2041,warrior,fury,102,57,45
Braxxínn,tichondrius,2023,warrior,fury,42,34,8
Sworda,sargeras,2017,warrior,fury,77,48,29
Warqt,kelthuzad,2011,warrior,fury,105,58,47
Veevz,proudmoore,2010,warrior,fury,114,52,62
Eazyc,tichondrius,2000,warrior,fury,183,99,84
Chillawigs,kelthuzad,1983,warrior,fury,84,47,37
Lahired,drakkari,1967,warrior,fury,185,91,94
Wienertoes,tichondrius,1963,warrior,fury,114,63,51
Ragwreck,bleeding-hollow,1959,warrior,fury,68,35,33
Ðêed,area-52,1948,warrior,fury,42,27,15
Hìm,tichondrius,1939,warrior,fury,66,36,30
Sandronb,illidan,1938,warrior,fury,83,41,42
Eno,ragnaros,1937,warrior,fury,69,46,23
Cannabiddies,illidan,1932,warrior,fury,60,31,29
Alabamá,sargeras,1925,warrior,fury,36,21,15
Taras,blackhand,1918,warrior,fury,129,58,71
Vèév,proudmoore,1894,warrior,fury,62,41,21
Blgjb,tichondrius,1894,warrior,fury,90,41,49
Mphx,tichondrius,1888,warrior,fury,48,30,18
Okme,tichondrius,1882,warrior,fury,66,36,30
Killbørn,azralon,1880,warrior,fury,48,29,19
Brodestar,sargeras,1874,warrior,fury,48,31,17
Badvelic,tichondrius,1874,warrior,fury,46,28,18
Zanzaa,sargeras,1870,warrior,fury,85,47,38
Hlt,tichondrius,1869,warrior,fury,66,38,28
Shîzu,moon-guard,1868,warrior,fury,102,67,35
Rôxi,malganis,1867,warrior,fury,210,108,102
Kevy,arygos,1863,warrior,fury,48,31,17
Nilah,tichondrius,1862,warrior,fury,78,49,29
ßdm,illidan,1860,warrior,fury,54,26,28
Damonadrann,proudmoore,1859,warrior,fury,66,34,32
Dowser,goldrinn,1852,warrior,fury,131,69,62
Mchamstring,stormrage,1846,warrior,fury,51,30,21
Nailah,illidan,1844,warrior,fury,98,55,43
Unbreakkable,tichondrius,1842,warrior,fury,72,41,31
Larrybiscuit,moon-guard,1839,warrior,fury,162,98,64
Esilox,area-52,1836,warrior,fury,42,28,14
Ethyrie,ragnaros,1836,warrior,fury,61,34,27
Lokityr,tichondrius,1834,warrior,fury,36,26,10
Jenjang,proudmoore,1834,warrior,fury,83,52,31
Brainhaze,tichondrius,1829,warrior,fury,36,21,15
Ggull,tichondrius,1827,warrior,fury,47,28,19
Ragwreckz,bleeding-hollow,1826,warrior,fury,52,32,20
Soymong,frostmourne,1825,warrior,fury,116,74,42
Mty,tichondrius,1824,warrior,fury,54,35,19
Ásúrá,quelthalas,1824,warrior,fury,42,24,18
Szauren,stormrage,1824,warrior,fury,63,31,32
Cleavxy,sargeras,1823,warrior,fury,54,37,17
Apocalyptist,stormrage,1821,warrior,fury,99,58,41
Thadamaja,kiljaeden,1821,warrior,fury,48,26,22
Bosswin,tichondrius,1820,warrior,fury,53,28,25
Skyja,quelthalas,1820,warrior,fury,42,22,20
Gorehardt,illidan,1820,warrior,fury,48,22,26
Illmindofpoo,kelthuzad,1818,warrior,fury,42,28,14
Sayjaki,stormrage,1818,warrior,fury,102,62,40
Veyrin,stormrage,1818,warrior,fury,138,81,57
Isahri,moon-guard,1818,warrior,fury,110,64,46
Orchilles,illidan,1817,warrior,fury,60,35,25
Damiansuv,moon-guard,1817,warrior,fury,154,89,65
Openhardest,stormrage,1816,warrior,fury,41,27,14
Jírky,ragnaros,1816,warrior,fury,240,134,106
Zujuzo,moon-guard,1815,warrior,fury,111,64,47
Neôn,frostmourne,1815,warrior,fury,66,37,29
Onionsauce,frostmourne,1815,warrior,fury,161,90,71
Slughorn,moon-guard,1814,warrior,fury,102,53,49
Kazora,zuljin,1813,warrior,fury,48,33,15
Darkduke,tichondrius,1813,warrior,fury,33,21,12
Donutwar,proudmoore,1813,warrior,fury,54,30,24
Duxor,sargeras,1811,warrior,fury,70,41,29
Barafang,wyrmrest-accord,1811,warrior,fury,234,125,109
Ragemane,illidan,1811,warrior,fury,84,44,40
Kennäy,azralon,1810,warrior,fury,46,28,18
Psychogenic,barthilas,1810,warrior,fury,102,60,42
Zyzz,scarlet-crusade,1807,warrior,fury,72,41,31
Killuall,sargeras,1807,warrior,fury,42,23,19
Wagù,moon-guard,1805,warrior,fury,48,32,16
Yawdamper,illidan,1805,warrior,fury,51,32,19
Starshattr,bleeding-hollow,1805,warrior,fury,108,64,44
Seoní,wyrmrest-accord,1805,warrior,fury,76,43,33
Maximad,moon-guard,1805,warrior,fury,108,58,50
Girioo,thrall,1802,warrior,fury,24,19,5
Franticlol,tichondrius,1802,warrior,fury,90,59,31
Cubie,malganis,1802,warrior,fury,89,47,42
Tøpg,sargeras,1801,warrior,fury,55,32,23
Burger,the-underbog,1800,warrior,fury,24,19,5
Gooberbear,frostmourne,1791,warrior,fury,139,78,61
Melifehorde,tichondrius,1790,warrior,fury,222,111,111
Jimjinjin,tichondrius,1787,warrior,fury,90,45,45
Rekatron,area-52,1783,warrior,fury,49,25,24
Zak,feathermoon,1775,warrior,fury,35,26,9
Sàndman,malganis,1775,warrior,fury,39,23,16
Volgarr,zuljin,1767,warrior,fury,45,27,18
Saîyanroyce,barthilas,1764,warrior,fury,89,51,38
Choppiechop,area-52,1763,warrior,fury,42,26,16
Rynkae,moon-guard,1762,warrior,fury,36,20,16
Dahakawar,malganis,1757,warrior,fury,53,32,21
Chopped,wyrmrest-accord,1750,warrior,fury,93,43,50
Bulgrim,moon-guard,1748,warrior,fury,78,41,37
Lootacris,illidan,1746,warrior,fury,42,20,22
Alarìon,malganis,1745,warrior,fury,45,31,14
Bigfatork,area-52,1739,warrior,fury,94,47,47
Coldshots,stormreaver,1736,warrior,fury,84,50,34
Dripgodx,malganis,1736,warrior,fury,54,30,24
Illaedan,quelthalas,1733,warrior,fury,95,47,48
Invinciblé,tichondrius,1730,warrior,fury,36,22,14
Beanstrom,tichondrius,1729,warrior,fury,77,39,38
Escånor,moon-guard,1728,warrior,fury,25,19,6
Akaínu,area-52,1728,warrior,fury,48,27,21
Daedrion,dalaran,1726,warrior,fury,90,49,41
Chopemupp,area-52,1725,warrior,fury,30,19,11
Splasch,kelthuzad,1725,warrior,fury,65,29,36
Giannï,chogall,1723,warrior,fury,54,30,24
Moelolita,illidan,1723,warrior,fury,41,19,22
Bigdude,frostwolf,1721,warrior,fury,48,24,24
Slamurai,moon-guard,1719,warrior,fury,24,18,6
Duochuanjun,illidan,1719,warrior,fury,48,26,22
Crøm,tichondrius,1718,warrior,fury,60,31,29
Tastý,moon-guard,1716,warrior,fury,36,23,13
Smache,tichondrius,1714,warrior,fury,29,19,10
Mulish,frostmourne,1712,warrior,fury,79,47,32
Käggai,khadgar,1709,warrior,fury,89,48,41
Ashwalker,malganis,1708,warrior,fury,50,29,21
Zuggrok,zuljin,1708,warrior,fury,148,75,73
Shadax,bleeding-hollow,1707,warrior,fury,197,103,94
Ágsgøðx,bleeding-hollow,1707,warrior,fury,132,69,63
Druzhinik,moon-guard,1706,warrior,fury,67,39,28
Riggs,stonemaul,1706,warrior,fury,59,32,27
Thänatøs,nemesis,1706,warrior,fury,62,32,30
Oddyseey,moon-guard,1706,warrior,fury,54,27,27
Warroiser,quelthalas,1705,warrior,fury,135,73,62
Pepétí,azralon,1704,warrior,fury,90,53,37
Coalpit,emerald-dream,1697,warrior,fury,54,27,27
Mochigome,moon-guard,1696,warrior,fury,97,49,48
Scolpi,stormrage,1695,warrior,fury,76,42,34
Basedaf,frostmourne,1695,warrior,fury,165,87,78
Nordama,stormrage,1691,warrior,fury,48,33,15
Onîkudakì,sargeras,1689,warrior,fury,91,55,36
Berawar,tichondrius,1683,warrior,fury,78,41,37
Ðowser,area-52,1680,warrior,fury,24,18,6
Scrotedog,area-52,1680,warrior,fury,55,24,31
Tyroe,thunderhorn,1679,warrior,fury,36,22,14
Torbajhorn,moon-guard,1676,warrior,fury,66,34,32
Thugdorr,sargeras,1675,warrior,fury,102,53,49
Morfoggore,ragnaros,1673,warrior,fury,55,25,30
Youaredafeds,moon-guard,1669,warrior,fury,131,75,56
Noramed,moon-guard,1669,warrior,fury,90,50,40
Rendwarchief,garrosh,1668,warrior,fury,145,76,69
Kholusia,kul-tiras,1667,warrior,fury,142,69,73
Bopwar,malganis,1665,warrior,fury,48,29,19
Vinvivenna,emerald-dream,1663,warrior,fury,40,23,17
Velarrine,illidan,1661,warrior,fury,121,64,57
Moistt,nesingwary,1660,warrior,fury,32,22,10
Sperow,malygos,1660,warrior,fury,62,37,25
Modì,sargeras,1658,warrior,fury,89,49,40
Alteryx,sargeras,1658,warrior,fury,244,132,112
Gladheateher,bonechewer,1658,warrior,fury,60,28,32
Calder,malganis,1656,warrior,fury,72,36,36
Brøsk,azralon,1655,warrior,fury,90,51,39
Kolosaltwo,tichondrius,1654,warrior,fury,77,41,36
Gnomageddon,anetheron,1653,warrior,fury,82,39,43
Sonyanalogue,frostmourne,1652,warrior,fury,42,21,21
Zoldian,tichondrius,1651,warrior,fury,47,24,23
Swiftslaýer,vashj,1650,warrior,fury,88,47,41
Rinima,tichondrius,1650,warrior,fury,124,65,59
Naelynh,quelthalas,1650,warrior,fury,48,24,24
Jarheadz,bleeding-hollow,1649,warrior,fury,48,32,16
Snugglebuggs,stormrage,1649,warrior,fury,47,25,22
Axesage,tichondrius,1648,warrior,fury,72,41,31
Keltanas,quelthalas,1648,warrior,fury,95,49,46
Eggdoubles,sargeras,1647,warrior,fury,33,19,14
Eregor,sargeras,1647,warrior,fury,54,27,27
Strëngth,aggramar,1644,warrior,fury,48,30,18
Tinyexcute,tichondrius,1644,warrior,fury,48,25,23
Agragar,zuljin,1643,warrior,fury,30,18,12
Ssamba,shattered-hand,1643,warrior,fury,36,20,16
Faren,agamaggan,1643,warrior,fury,167,91,76
Traka,stormrage,1642,warrior,fury,36,19,17
Mandragorn,kelthuzad,1642,warrior,fury,71,37,34
Lowz,hyjal,1641,warrior,fury,32,23,9
Wangjianguo,illidan,1641,warrior,fury,53,28,25
Raveve,area-52,1640,warrior,fury,34,22,12
Tádakatsu,sargeras,1640,warrior,fury,147,79,68
Nogèt,frostmourne,1638,warrior,fury,47,28,19
Cupper,tichondrius,1638,warrior,fury,47,25,22
Festergrin,area-52,1637,warrior,fury,66,34,32
Cornmaster,darkspear,1636,warrior,fury,80,42,38
Budgetclap,nordrassil,1636,warrior,fury,36,18,18
Vuraxx,area-52,1635,warrior,fury,30,22,8
Drashi,nazjatar,1635,warrior,fury,72,42,30
Dardash,ragnaros,1634,warrior,fury,30,21,9
Udmwarrior,zuljin,1633,warrior,fury,54,24,30
Ianprime,the-scryers,1632,warrior,fury,48,27,21
Thiccyb,area-52,1628,warrior,fury,24,17,7
Kellyboitv,frostmourne,1628,warrior,fury,42,20,22
Colorx,sargeras,1625,warrior,fury,52,30,22
Kintarra,malygos,1625,warrior,fury,41,22,19
Ugriker,skullcrusher,1623,warrior,fury,42,26,16
Hoodlark,lightbringer,1623,warrior,fury,66,40,26
Aotha,moon-guard,1622,warrior,fury,32,19,13
Ðåddý,stormrage,1620,warrior,fury,149,73,76
Ediann,elune,1619,warrior,fury,77,45,32
Eggroll,emerald-dream,1619,warrior,fury,177,94,83
Rikki,frostmourne,1619,warrior,fury,48,25,23
Hairygrundel,area-52,1618,warrior,fury,83,46,37
Zarxc,quelthalas,1618,warrior,fury,60,31,29
Furíous,thunderhorn,1616,warrior,fury,66,32,34
Hârambe,kiljaeden,1614,warrior,fury,41,25,16
Andorane,bleeding-hollow,1614,warrior,fury,60,32,28
Rücküs,tichondrius,1611,warrior,fury,110,68,42
Damburga,tichondrius,1609,warrior,fury,48,30,18
Khrull,khazgoroth,1609,warrior,fury,74,40,34
Misakizs,sargeras,1609,warrior,fury,36,17,19
Guerreraa,ragnaros,1609,warrior,fury,83,37,46
Wrniss,tichondrius,1608,warrior,fury,48,31,17
Kroozy,thrall,1608,warrior,fury,36,22,14
Leviqt,moon-guard,1606,warrior,fury,36,21,15
Trôca,ragnaros,1603,warrior,fury,54,29,25
Fearless,moon-guard,1603,warrior,fury,132,68,64
Lilgucci,stonemaul,1602,warrior,fury,36,20,16
Fearlessxq,tichondrius,1601,warrior,fury,135,77,58
Bwandøn,moon-guard,1600,warrior,fury,24,17,7
Krovikân,area-52,1600,warrior,fury,30,19,11
Soulfang,stormscale,1600,warrior,fury,36,20,16
Larosfan,tichondrius,1599,warrior,fury,36,21,15
Brutality,kirin-tor,1598,warrior,fury,107,57,50
Gaazhel,quelthalas,1598,warrior,fury,97,49,48
Baeowar,area-52,1598,warrior,fury,75,35,40
Darkbunny,thaurissan,1597,warrior,fury,78,40,38
Flexid,tichondrius,1597,warrior,fury,80,41,39
Koffray,malfurion,1596,warrior,fury,57,29,28
Mezw,tichondrius,1595,warrior,fury,34,21,13
Filamon,dentarg,1595,warrior,fury,65,27,38
Neurötic,ragnaros,1594,warrior,fury,30,20,10
Gigatroll,tichondrius,1592,warrior,fury,59,30,29
Påpi,sargeras,1591,warrior,fury,72,43,29
Vapyr,moon-guard,1591,warrior,fury,41,20,21
Wampzug,azshara,1591,warrior,fury,78,37,41
Easons,tichondrius,1591,warrior,fury,71,33,38
Warrmachine,mannoroth,1590,warrior,fury,185,104,81
Fluffyarm,sargeras,1590,warrior,fury,103,56,47
Moistmoocow,thrall,1589,warrior,fury,30,17,13
Torv,frostmourne,1588,warrior,fury,38,23,15
Hammerock,ragnaros,1587,warrior,fury,35,18,17
Igoboom,bleeding-hollow,1585,warrior,fury,46,25,21
Zangetsy,sargeras,1584,warrior,fury,99,52,47
Scrümp,illidan,1583,warrior,fury,49,31,18
Shapur,tichondrius,1583,warrior,fury,41,22,19
Tanorai,area-52,1582,warrior,fury,42,27,15
Ohdang,dark-iron,1579,warrior,fury,197,106,91
Sithlõrd,moon-guard,1577,warrior,fury,84,42,42
Arágorn,sargeras,1575,warrior,fury,48,28,20
Faytful,thrall,1575,warrior,fury,42,19,23
Mers,garrosh,1572,warrior,fury,54,30,24
Holuntung,illidan,1572,warrior,fury,35,17,18
Wolfcultist,moon-guard,1572,warrior,fury,117,54,63
Sálieri,ragnaros,1570,warrior,fury,84,49,35
Sigiswald,cenarion-circle,1570,warrior,fury,48,23,25
Dann,ragnaros,1569,warrior,fury,59,35,24
Bloodfist,tichondrius,1568,warrior,fury,30,19,11
Hellamoist,tichondrius,1568,warrior,fury,60,28,32
Dcashmoney,moon-guard,1566,warrior,fury,85,48,37
Gûard,stormrage,1566,warrior,fury,121,62,59
Jimseung,tichondrius,1566,warrior,fury,48,22,26
Conflíct,illidan,1565,warrior,fury,70,40,30
Kinseb,doomhammer,1564,warrior,fury,30,18,12
Dwarlan,stormrage,1563,warrior,fury,71,44,27
Romus,spirestone,1562,warrior,fury,48,29,19
Mäjka,dalaran,1560,warrior,fury,36,20,16
Getthechoppa,aegwynn,1556,warrior,fury,51,29,22
Ðow,burning-blade,1554,warrior,fury,41,23,18
Rikbielo,dragonmaw,1554,warrior,fury,67,37,30
Khargrok,ragnaros,1554,warrior,fury,147,80,67
Shaøkahn,azralon,1553,warrior,fury,62,36,26
Bigßiceps,tichondrius,1552,warrior,fury,42,23,19
Garobber,stormrage,1552,warrior,fury,36,17,19
Stavsie,tichondrius,1548,warrior,fury,35,18,17
Wöûlöû,trollbane,1546,warrior,fury,91,48,43
Cokespoon,frostmourne,1545,warrior,fury,42,28,14
Morguez,tichondrius,1545,warrior,fury,84,46,38
Sugmad,area-52,1545,warrior,fury,48,22,26
Zuggyboi,moon-guard,1544,warrior,fury,48,25,23
Raggnarsøøn,ragnaros,1543,warrior,fury,101,47,54
Bigbungus,frostmourne,1542,warrior,fury,50,27,23
Zibby,malganis,1539,warrior,fury,36,18,18
Oiledman,emerald-dream,1537,warrior,fury,34,17,17
Pootyspootz,warsong,1536,warrior,fury,53,31,22
Antei,thunderlord,1535,warrior,fury,53,31,22
Iceice,dalaran,1535,warrior,fury,76,38,38
Wouili,zuljin,1533,warrior,fury,48,24,24
Impalle,nazjatar,1531,warrior,fury,54,33,21
Linker,ragnaros,1528,warrior,fury,48,28,20
Onionlord,wyrmrest-accord,1526,warrior,fury,29,17,12
Philsbbqnow,dark-iron,1525,warrior,fury,24,16,8
Tctc,emerald-dream,1524,warrior,fury,41,22,19
Cohëëd,kelthuzad,1523,warrior,fury,119,64,55
Jimmfro,zuljin,1523,warrior,fury,52,26,26
Selathiel,burning-blade,1519,warrior,fury,59,36,23
Blazingfury,area-52,1519,warrior,fury,31,17,14
Crohdey,madoran,1519,warrior,fury,120,65,55
Shibaraku,tichondrius,1518,warrior,fury,315,152,163
Abomlnatlon,tichondrius,1517,warrior,fury,60,34,26
Hazknar,azralon,1517,warrior,fury,54,27,27
Invdeath,azralon,1517,warrior,fury,46,23,23
Pitchman,tichondrius,1516,warrior,fury,53,28,25
Zitfrlt,wildhammer,1515,warrior,fury,87,39,48
Rafurk,area-52,1514,warrior,fury,48,28,20
Magnis,stormrage,1514,warrior,fury,78,39,39
Playbox,area-52,1514,warrior,fury,83,37,46
Fkt,frostmourne,1512,warrior,fury,31,17,14
Mytharion,sargeras,1511,warrior,fury,30,18,12
Machomanran,zuljin,1509,warrior,fury,89,47,42
Jorked,drakkari,1509,warrior,fury,68,35,33
Mayonnaise,ragnaros,1509,warrior,fury,36,18,18
Mezmer,sargeras,1508,warrior,fury,30,21,9
Koei,illidan,1508,warrior,fury,24,16,8
Connero,stormrage,1508,warrior,fury,42,21,21
Daelganis,blood-furnace,1505,warrior,fury,65,32,33
Anandamide,frostwolf,1503,warrior,fury,51,27,24
Grômm,tichondrius,1500,warrior,fury,63,33,30
Nimna,moon-guard,1499,warrior,fury,59,29,30
Evilkorean,tichondrius,1496,warrior,fury,108,55,53
Koppo,kelthuzad,1496,warrior,fury,42,18,24
Venirith,moon-guard,1495,warrior,fury,82,43,39
Zombad,azralon,1495,warrior,fury,50,26,24
Stoopkid,uldum,1494,warrior,fury,58,29,29
Thunderfurry,drakkari,1494,warrior,fury,63,30,33
Varith,sargeras,1493,warrior,fury,54,26,28
Xenogears,boulderfist,1493,warrior,fury,48,19,29
Goon,frostmourne,1490,warrior,fury,40,23,17
Tithousand,tichondrius,1490,warrior,fury,36,20,16
Albinosword,azralon,1488,warrior,fury,74,37,37
Zerkxi,kelthuzad,1486,warrior,fury,39,22,17
Wolurog,emerald-dream,1485,warrior,fury,30,21,9
Shádo,darkspear,1485,warrior,fury,36,23,13
Feetmann,illidan,1484,warrior,fury,54,33,21
Viagraliker,tichondrius,1484,warrior,fury,93,52,41
Carnemølida,thrall,1484,warrior,fury,58,28,30
Ronok,ghostlands,1481,warrior,fury,42,26,16
Brugo,area-52,1481,warrior,fury,81,50,31
Know,anetheron,1480,warrior,fury,39,25,14
Ikoré,saurfang,1480,warrior,fury,81,44,37
Berthibar,dalaran,1480,warrior,fury,111,52,59
Genrÿuusai,azralon,1478,warrior,fury,35,19,16
Lavablood,moon-guard,1478,warrior,fury,48,22,26
Benchpress,bleeding-hollow,1474,warrior,fury,72,35,37
Karusuke,stormrage,1472,warrior,fury,36,21,15
Hjomura,quelthalas,1472,warrior,fury,42,20,22
Ruktar,akama,1471,warrior,fury,60,30,30
Ruuthless,sargeras,1470,warrior,fury,121,60,61
Sensho,azralon,1469,warrior,fury,64,35,29
Himiko,kaelthas,1469,warrior,fury,69,34,35
Whitetaure,arthas,1469,warrior,fury,42,18,24
Braxtön,moon-guard,1467,warrior,fury,66,32,34
Badoosh,kaelthas,1466,warrior,fury,40,26,14
Hôdû,tichondrius,1466,warrior,fury,58,32,26
Jubeithos,draktharon,1466,warrior,fury,60,28,32
Gentlehugs,illidan,1465,warrior,fury,29,16,13
Nixe,caelestrasz,1465,warrior,fury,86,41,45
Cliveswife,frostmourne,1462,warrior,fury,23,16,7
Teyroporah,azralon,1462,warrior,fury,63,34,29
Violençe,malganis,1462,warrior,fury,42,19,23
Tacomeat,malorne,1461,warrior,fury,40,21,19
Commandó,proudmoore,1460,warrior,fury,71,42,29
Eatmyblade,wyrmrest-accord,1460,warrior,fury,229,110,119
Mòrgo,agamaggan,1458,warrior,fury,30,20,10
Nornogin,tichondrius,1458,warrior,fury,48,24,24
Celere,azralon,1458,warrior,fury,54,23,31
Mandremin,moon-guard,1456,warrior,fury,24,17,7
Gokkuu,dragonblight,1456,warrior,fury,54,31,23
Cogsbixby,aerie-peak,1455,warrior,fury,30,21,9
Rhann,kelthuzad,1454,warrior,fury,44,23,21
Corbray,frostmourne,1454,warrior,fury,42,20,22
Joog,kalecgos,1454,warrior,fury,34,16,18
Ragnararagor,ragnaros,1452,warrior,fury,257,126,131
Machâ,illidan,1451,warrior,fury,35,17,18
Fearlessly,moon-guard,1450,warrior,fury,154,79,75
Calzonez,bloodscalp,1449,warrior,fury,53,31,22
Kortera,malganis,1449,warrior,fury,59,33,26
Chounshiryu,drakkari,1449,warrior,fury,245,126,119
Wazy,ragnaros,1448,warrior,fury,66,31,35
Rodahn,emerald-dream,1447,warrior,fury,36,20,16
Bestgrunt,tichondrius,1446,warrior,fury,102,46,56
Kombatwombat,kaelthas,1444,warrior,fury,26,17,9
Lujzika,stormreaver,1439,warrior,fury,24,17,7
Smexxin,tichondrius,1439,warrior,fury,24,15,9
Saabre,tichondrius,1438,warrior,fury,66,33,33
Sarovek,thrall,1437,warrior,fury,48,27,21
Gromkhor,tichondrius,1436,warrior,fury,24,15,9
Vheraxes,sargeras,1435,warrior,fury,24,15,9
Bigjier,proudmoore,1435,warrior,fury,68,34,34
Turboboy,tichondrius,1434,warrior,fury,24,15,9
Elken,haomarush,1434,warrior,fury,48,26,22
Spaceburied,illidan,1433,warrior,fury,102,47,55
Azázyel,quelthalas,1433,warrior,fury,48,19,29
Cenanuandra,gnomeregan,1432,warrior,fury,64,36,28
Mankus,tichondrius,1432,warrior,fury,90,45,45
Apeal,skullcrusher,1431,warrior,fury,96,51,45
Lingho,illidan,1430,warrior,fury,30,15,15
Jhalma,stormrage,1430,warrior,fury,30,15,15
Chlord,proudmoore,1430,warrior,fury,30,15,15
Progesterone,bleeding-hollow,1429,warrior,fury,36,15,21
Décapitator,area-52,1428,warrior,fury,36,15,21
Vnw,illidan,1427,warrior,fury,24,15,9
Toberino,illidan,1427,warrior,fury,24,15,9
Kaladbolg,tichondrius,1427,warrior,fury,84,47,37
Wurrukattezz,tichondrius,1427,warrior,fury,50,26,24
Limpninny,dalaran,1426,warrior,fury,39,17,22
Extremerogu,tichondrius,1423,warrior,fury,41,22,19
Kârzâ,dawnbringer,1423,warrior,fury,66,35,31
Tenger,velen,1422,warrior,fury,101,56,45
Maciste,exodar,1422,warrior,fury,30,15,15
Murderwalk,shadowmoon,1422,warrior,fury,39,19,20
Modzilla,aerie-peak,1422,warrior,fury,54,26,28
Xannypatrol,tichondrius,1421,warrior,fury,83,45,38
Attractive,silvermoon,1420,warrior,fury,103,57,46
Asuna,burning-blade,1420,warrior,fury,46,24,22
Heenguer,azralon,1420,warrior,fury,60,31,29
Quinntis,anvilmar,1420,warrior,fury,30,15,15
Äléx,frostmourne,1418,warrior,fury,36,22,14
Majindoom,illidan,1418,warrior,fury,47,27,20
Gromarth,wyrmrest-accord,1418,warrior,fury,70,38,32
Kross,illidan,1417,warrior,fury,53,27,26
Moriax,azralon,1416,warrior,fury,124,64,60
Lechonk,suramar,1415,warrior,fury,30,16,14
Thyssara,moon-guard,1412,warrior,fury,93,48,45
Zareshi,sargeras,1412,warrior,fury,140,71,69
Harkeigh,wyrmrest-accord,1412,warrior,fury,36,18,18
Fendimonster,tichondrius,1410,warrior,fury,178,96,82
Warsongwolf,tichondrius,1409,warrior,fury,78,36,42
Iskandr,amanthul,1408,warrior,fury,105,51,54
Galigiggs,emerald-dream,1407,warrior,fury,24,15,9
Burtiera,wyrmrest-accord,1407,warrior,fury,54,33,21
Errejota,illidan,1406,warrior,fury,54,26,28
Gorrtog,stormrage,1406,warrior,fury,195,92,103
Destructör,nagrand,1406,warrior,fury,60,28,32
Biggbudzz,sargeras,1404,warrior,fury,30,16,14
Bloodhârdt,area-52,1404,warrior,fury,36,18,18
Exëqt,area-52,1404,warrior,fury,60,25,35
Originalkhan,stormrage,1401,warrior,fury,36,16,20
Sindarin,eitrigg,1400,warrior,fury,54,32,22
Kolgrim,hyjal,1400,warrior,fury,27,16,11
Xurug,zuljin,1400,warrior,fury,30,15,15
Fluffytaco,illidan,1395,warrior,fury,60,32,28
Lyonele,moon-guard,1394,warrior,fury,50,28,22
Ourhero,malganis,1392,warrior,fury,27,16,11
Zekken,blades-edge,1392,warrior,fury,77,39,38
Sïxsnacks,stormrage,1389,warrior,fury,26,16,10
Kujø,wyrmrest-accord,1388,warrior,fury,48,22,26
Tinyterror,sargeras,1386,warrior,fury,48,22,26
Zerríck,moon-guard,1385,warrior,fury,78,38,40
Bhutjolokia,ragnaros,1385,warrior,fury,42,19,23
Noten,thunderlord,1383,warrior,fury,72,39,33
Quuavo,tichondrius,1383,warrior,fury,42,22,20
Rageinc,jubeithos,1383,warrior,fury,62,28,34
Vedrikk,ragnaros,1382,warrior,fury,30,16,14
Kratøz,tichondrius,1382,warrior,fury,36,18,18
Impaling,moon-guard,1381,warrior,fury,30,18,12
Aarmii,ragnaros,1381,warrior,fury,65,31,34
Thywub,proudmoore,1380,warrior,fury,36,17,19
Weesten,aerie-peak,1378,warrior,fury,178,99,79
Swiffy,stormrage,1375,warrior,fury,46,29,17
Zootonius,bloodscalp,1368,warrior,fury,36,20,16
Firmware,illidan,1368,warrior,fury,34,15,19
Âragorn,tichondrius,1366,warrior,fury,28,15,13
Áres,spinebreaker,1366,warrior,fury,48,24,24
Hêllseeker,ragnaros,1365,warrior,fury,52,24,28
Crushanater,tichondrius,1364,warrior,fury,33,17,16
Aladrynne,dalaran,1364,warrior,fury,177,84,93
Trco,quelthalas,1361,warrior,fury,42,22,20
Nebgleb,bleeding-hollow,1360,warrior,fury,24,16,8
Reesse,eonar,1360,warrior,fury,30,17,13
Emotionaldps,malygos,1360,warrior,fury,141,74,67
Ivanzaytsev,ragnaros,1360,warrior,fury,78,40,38
Johnnysnowx,sargeras,1359,warrior,fury,107,54,53
Headsour,thunderhorn,1359,warrior,fury,41,18,23
Youserg,khazgoroth,1356,warrior,fury,111,55,56
Matthegreat,area-52,1354,warrior,fury,51,25,26
Cougaloo,sargeras,1348,warrior,fury,54,26,28
Grumok,tichondrius,1345,warrior,fury,32,15,17
Rerollrogue,thrall,1344,warrior,fury,95,42,53
Contradict,thrall,1343,warrior,fury,42,20,22
Arfzz,zangarmarsh,1343,warrior,fury,36,16,20
Varlekt,frostmourne,1342,warrior,fury,65,34,31
Deseroth,illidan,1341,warrior,fury,30,14,16
Warföx,stormrage,1341,warrior,fury,42,19,23
Xiaoyujin,proudmoore,1337,warrior,fury,24,14,10
Rekill,emerald-dream,1337,warrior,fury,24,14,10
Ryukendo,stormrage,1337,warrior,fury,70,38,32
Michaela,moon-guard,1336,warrior,fury,24,14,10
Ensïs,moon-guard,1335,warrior,fury,54,22,32
Ciellë,proudmoore,1334,warrior,fury,27,17,10
Ciege,illidan,1333,warrior,fury,24,14,10
Râvik,illidan,1332,warrior,fury,30,14,16
Zartren,khazgoroth,1331,warrior,fury,24,14,10
Breaker,undermine,1331,warrior,fury,30,14,16
Kelandrin,illidan,1330,warrior,fury,36,21,15
Sansãocore,nemesis,1330,warrior,fury,52,22,30
Worryor,bleeding-hollow,1329,warrior,fury,24,14,10
Alysson,moon-guard,1329,warrior,fury,24,14,10
Dabier,bleeding-hollow,1329,warrior,fury,68,30,38
Bingin,stormrage,1327,warrior,fury,36,17,19
Mikejustice,kelthuzad,1326,warrior,fury,130,61,69
Timer,nagrand,1325,warrior,fury,30,18,12
Bondeye,stormrage,1325,warrior,fury,83,38,45
Leturen,emerald-dream,1324,warrior,fury,35,19,16
Klieterious,bleeding-hollow,1323,warrior,fury,30,14,16
Uggtrick,zuljin,1321,warrior,fury,86,41,45
Gomachi,moon-guard,1321,warrior,fury,37,15,22
Perserve,thunderlord,1321,warrior,fury,72,27,45
Jingson,moon-guard,1319,warrior,fury,27,15,12
Galaxarr,bonechewer,1319,warrior,fury,65,32,33
Maarilayne,wyrmrest-accord,1315,warrior,fury,36,20,16
Metalstorms,firetree,1315,warrior,fury,66,33,33
Zenrrei,ragnaros,1315,warrior,fury,31,15,16
Hellframe,ysondre,1315,warrior,fury,42,17,25
Ísrafel,ragnaros,1314,warrior,fury,30,17,13
Dissx,illidan,1308,warrior,fury,54,23,31
Crixsullus,sargeras,1307,warrior,fury,36,20,16
Panicbutton,proudmoore,1306,warrior,fury,24,14,10
Tüssèll,khazgoroth,1306,warrior,fury,97,48,49
Assaulttank,drenden,1306,warrior,fury,48,20,28
Makcumba,ragnaros,1305,warrior,fury,41,19,22
Lighttaker,proudmoore,1302,warrior,fury,96,51,45
Washim,area-52,1301,warrior,fury,47,26,21
Osannd,tichondrius,1301,warrior,fury,66,31,35
Goleus,emerald-dream,1299,warrior,fury,42,17,25
Maytrix,bleeding-hollow,1298,warrior,fury,66,33,33
Xeto,ragnaros,1296,warrior,fury,34,20,14
Fabian,kelthuzad,1296,warrior,fury,76,40,36
Orrof,antonidas,1296,warrior,fury,129,59,70
Ghazzghkull,illidan,1295,warrior,fury,29,16,13
Rageraz,trollbane,1294,warrior,fury,24,15,9
Joxer,nordrassil,1293,warrior,fury,48,25,23
Iblith,sargeras,1291,warrior,fury,42,23,19
Mcburger,barthilas,1290,warrior,fury,36,18,18
Hup,dethecus,1290,warrior,fury,36,14,22
Funk,illidan,1289,warrior,fury,36,14,22
Syaon,moon-guard,1288,warrior,fury,36,21,15
Wuushang,area-52,1288,warrior,fury,62,31,31
Slaggdad,illidan,1287,warrior,fury,126,56,70
Grommasth,jubeithos,1286,warrior,fury,30,17,13
Nezzarek,sargeras,1286,warrior,fury,91,38,53
Heavymetalyo,sargeras,1285,warrior,fury,36,20,16
Zweihänder,nemesis,1284,warrior,fury,23,14,9
Sheerwill,wyrmrest-accord,1281,warrior,fury,42,18,24
Smasher,garona,1277,warrior,fury,36,16,20
Blackpro,sargeras,1275,warrior,fury,48,30,18
Rsage,lightbringer,1274,warrior,fury,116,59,57
Orphasmic,moon-guard,1272,warrior,fury,23,14,9
Thorfjin,stormrage,1272,warrior,fury,30,15,15
Spaceguybro,whisperwind,1272,warrior,fury,47,20,27
Screwz,blackrock,1270,warrior,fury,86,45,41
Ivoryana,kelthuzad,1266,warrior,fury,48,25,23
Paí,nemesis,1265,warrior,fury,24,15,9
Elbetoques,ragnaros,1261,warrior,fury,30,18,12
Lilcha,stormrage,1258,warrior,fury,36,15,21
Tiqokz,sargeras,1257,warrior,fury,24,14,10
Savikk,earthen-ring,1256,warrior,fury,42,23,19
Greenugly,tichondrius,1255,warrior,fury,36,16,20
Garce,aerie-peak,1253,warrior,fury,31,16,15
Splints,nesingwary,1252,warrior,fury,44,25,19
Wraithvlad,moon-guard,1252,warrior,fury,91,42,49
Vandrad,stormrage,1252,warrior,fury,123,56,67
Kurishjadar,tichondrius,1251,warrior,fury,66,31,35
Elonownesme,zuljin,1251,warrior,fury,44,20,24
Wariorphilip,moon-guard,1250,warrior,fury,30,18,12
Wiimaann,quelthalas,1250,warrior,fury,31,14,17
Wakkawar,stormrage,1248,warrior,fury,48,24,24
Cryposlice,malganis,1247,warrior,fury,30,13,17
Carnemontana,shadowsong,1246,warrior,fury,24,17,7
Jutank,sargeras,1245,warrior,fury,18,13,5
Verigan,barthilas,1244,warrior,fury,18,13,5
Draxxarlol,zuljin,1244,warrior,fury,24,13,11
Islik,stormrage,1243,warrior,fury,24,13,11
Torkscreww,bleeding-hollow,1243,warrior,fury,24,13,11
Taiine,moon-guard,1243,warrior,fury,24,13,11
Rendard,sargeras,1242,warrior,fury,24,13,11
Buckleboot,illidan,1242,warrior,fury,24,13,11
Cheiftain,dalaran,1241,warrior,fury,30,13,17
Icrìtmypants,dragonmaw,1240,warrior,fury,18,13,5
Smeshyou,kelthuzad,1240,warrior,fury,24,13,11
Akkar,gilneas,1240,warrior,fury,25,13,12
Robocöp,quelthalas,1239,warrior,fury,24,13,11
Thren,tichondrius,1239,warrior,fury,24,13,11
Skipowawa,area-52,1237,warrior,fury,30,16,14
Phandrosa,ragnaros,1237,warrior,fury,31,14,17
Atracasöl,ragnaros,1236,warrior,fury,24,13,11
Maydie,illidan,1235,warrior,fury,24,13,11
Wishayzka,drakkari,1234,warrior,fury,24,13,11
Tranos,zuljin,1234,warrior,fury,30,13,17
Ironpanzer,thrall,1232,warrior,fury,80,37,43
Zephyron,moonrunner,1231,warrior,fury,38,18,20
Renseven,frostmourne,1230,warrior,fury,36,19,17
Cjay,bleeding-hollow,1229,warrior,fury,30,13,17
Kyle,kargath,1227,warrior,fury,34,21,13
Groggam,illidan,1226,warrior,fury,24,13,11
Mnoga,azralon,1226,warrior,fury,48,22,26
Dhaemom,azralon,1225,warrior,fury,96,44,52
Tupacsback,stormrage,1224,warrior,fury,42,23,19
Lawyer,quelthalas,1224,warrior,fury,42,20,22
Furiousangel,area-52,1223,warrior,fury,36,19,17
Tdaddy,lightbringer,1222,warrior,fury,132,66,66
Vornicar,moon-guard,1221,warrior,fury,32,14,18
Beryrn,farstriders,1220,warrior,fury,47,28,19
Warbane,barthilas,1220,warrior,fury,36,19,17
Swággýc,tichondrius,1216,warrior,fury,30,16,14
Akusenshi,dragonblight,1215,warrior,fury,108,52,56
Grosjambes,turalyon,1214,warrior,fury,30,18,12
Tenebrocity,stormrage,1213,warrior,fury,42,19,23
Tayne,ragnaros,1208,warrior,fury,30,14,16
Arrad,sargeras,1207,warrior,fury,54,25,29
Breinan,ragnaros,1205,warrior,fury,51,26,25
Kaíroz,quelthalas,1203,warrior,fury,42,24,18
Zèldris,gallywix,1199,warrior,fury,121,68,53
Starplatinum,aerie-peak,1198,warrior,fury,42,20,22
Rendus,hyjal,1198,warrior,fury,54,21,33
Bigglyjoobs,tichondrius,1195,warrior,fury,23,13,10
Lidia,windrunner,1194,warrior,fury,38,14,24
Madaroy,stormrage,1192,warrior,fury,32,18,14
Tinycutty,frostmourne,1189,warrior,fury,23,13,10
Koraciá,illidan,1188,warrior,fury,42,19,23
Nemesioh,tichondrius,1184,warrior,fury,59,25,34
Honduranhary,sargeras,1183,warrior,fury,34,17,17
Serviettski,zuljin,1181,warrior,fury,36,19,17
Furyknight,velen,1180,warrior,fury,79,41,38
Ragemarley,dalaran,1180,warrior,fury,41,19,22
Akarì,emerald-dream,1176,warrior,fury,30,15,15
Liljon,windrunner,1166,warrior,fury,36,17,19
Zorhn,skywall,1161,warrior,fury,24,18,6
Markodarko,gilneas,1161,warrior,fury,24,13,11
Darthwarr,bleeding-hollow,1156,warrior,fury,35,23,12
Yepkorean,tichondrius,1151,warrior,fury,18,12,6
Líliúm,ragnaros,1151,warrior,fury,31,19,12
Slughörn,moon-guard,1151,warrior,fury,24,12,12
Brutalloli,thrall,1150,warrior,fury,25,13,12
Notcoverage,tichondrius,1150,warrior,fury,24,12,12
Choppin,sargeras,1150,warrior,fury,24,12,12
Ganzism,tichondrius,1150,warrior,fury,24,12,12
Ganzi,tichondrius,1150,warrior,fury,24,12,12
Vulnscan,tichondrius,1149,warrior,fury,30,12,18
Derr,tichondrius,1148,warrior,fury,24,12,12
Ganzar,nesingwary,1148,warrior,fury,30,12,18
Synalia,sargeras,1147,warrior,fury,24,12,12
Justicwar,area-52,1147,warrior,fury,24,12,12
Stånnis,moon-guard,1146,warrior,fury,18,12,6
Lòrdnasher,tichondrius,1146,warrior,fury,21,13,8
Æwarrìor,tichondrius,1146,warrior,fury,24,12,12
Setseno,stormrage,1145,warrior,fury,24,12,12
Faywarsong,area-52,1145,warrior,fury,24,12,12
Brolgo,quelthalas,1145,warrior,fury,42,18,24
Midweststuna,kul-tiras,1144,warrior,fury,18,12,6
Okkin,cairne,1143,warrior,fury,18,12,6
Kanekhy,ragnaros,1143,warrior,fury,28,13,15
Casmier,tichondrius,1141,warrior,fury,18,12,6
Sixtyboost,tichondrius,1139,warrior,fury,24,12,12
Balbyo,shattered-hand,1139,warrior,fury,30,12,18
Hescobarrier,dalaran,1138,warrior,fury,18,12,6
Kaladïn,ragnaros,1135,warrior,fury,18,12,6
Talismantate,quelthalas,1135,warrior,fury,18,12,6
Lucymay,kelthuzad,1130,warrior,fury,42,24,18
Kreyonz,hyjal,1129,warrior,fury,24,12,12
Stinkyfuq,area-52,1128,warrior,fury,18,12,6
Icon,tichondrius,1128,warrior,fury,30,12,18
Chippurrz,illidan,1126,warrior,fury,23,13,10
Chahta,shadowsong,1125,warrior,fury,18,12,6
Roxon,hellscream,1125,warrior,fury,89,45,44
Rakshata,destromath,1125,warrior,fury,24,12,12
Rekitralph,tichondrius,1116,warrior,fury,30,13,17
Evergardens,saurfang,1115,warrior,fury,30,15,15
Irontarkus,garrosh,1112,warrior,fury,18,12,6
Welgo,moon-guard,1112,warrior,fury,24,13,11
Droun,rexxar,1110,warrior,fury,75,37,38
Awell,azralon,1109,warrior,fury,42,21,21
Sphílly,thrall,1107,warrior,fury,36,19,17
Garmeg,nemesis,1105,warrior,fury,78,36,42
Tyraelius,kiljaeden,1103,warrior,fury,39,24,15
Jellyjamz,zuljin,1100,warrior,fury,36,19,17
Rocketcayton,veknilash,1096,warrior,fury,54,30,24
Warriorlee,jubeithos,1096,warrior,fury,27,13,14
Outrage,the-forgotten-coast,1093,warrior,fury,26,13,13
Goinberserk,tichondrius,1093,warrior,fury,34,16,18
Xfootman,quelthalas,1092,warrior,fury,42,25,17
Elkojack,nemesis,1086,warrior,fury,17,12,5
Fatguy,tichondrius,1085,warrior,fury,72,36,36
Dodiru,azralon,1084,warrior,fury,27,13,14
Brodîn,tichondrius,1083,warrior,fury,54,30,24
Elsee,drakkari,1080,warrior,fury,26,12,14
Freakin,ragnaros,1080,warrior,fury,28,12,16
Undmyaxe,shattered-halls,1078,warrior,fury,24,13,11
Rhohan,ysera,1074,warrior,fury,22,12,10
Assmut,stormrage,1074,warrior,fury,35,15,20
Wyrmscream,moon-guard,1067,warrior,fury,114,57,57
Creedz,dreadmaul,1064,warrior,fury,48,21,27
Warkinit,proudmoore,1064,warrior,fury,52,20,32
Notwarried,sargeras,1056,warrior,fury,24,11,13
Brimstoné,wyrmrest-accord,1055,warrior,fury,12,11,1
Nertharul,zuljin,1055,warrior,fury,18,11,7
Ragingboner,aggramar,1055,warrior,fury,18,11,7
Xcuses,area-52,1055,warrior,fury,18,11,7
Nicfury,alterac-mountains,1055,warrior,fury,18,11,7
Flaco,tichondrius,1055,warrior,fury,21,12,9
Gorbagglúk,azralon,1055,warrior,fury,30,15,15
Uhtred,moonrunner,1055,warrior,fury,24,12,12
Bornclueless,illidan,1055,warrior,fury,24,11,13
Bearlornan,frostmourne,1054,warrior,fury,18,11,7
Claymation,tichondrius,1054,warrior,fury,18,11,7
Bártho,area-52,1054,warrior,fury,18,11,7
Sulze,tichondrius,1054,warrior,fury,21,12,9
Mogghul,azralon,1053,warrior,fury,18,11,7
Madwolf,tichondrius,1053,warrior,fury,18,11,7
Chumbinhu,stormrage,1052,warrior,fury,18,11,7
Horvv,frostmourne,1052,warrior,fury,18,11,7
Radisa,sargeras,1051,warrior,fury,30,11,19
Shrekshomie,zuljin,1049,warrior,fury,18,11,7
Ráionshin,quelthalas,1049,warrior,fury,24,11,13
Ghostwalker,akama,1045,warrior,fury,24,11,13
Cåfe,tichondrius,1043,warrior,fury,18,11,7
Marcuss,bonechewer,1043,warrior,fury,18,11,7
Djfredsd,tichondrius,1041,warrior,fury,24,11,13
Offthecharts,mannoroth,1040,warrior,fury,44,22,22
Smallestwar,zuljin,1037,warrior,fury,77,31,46
Owwycowwy,area-52,1032,warrior,fury,36,15,21
Studsrus,aegwynn,1030,warrior,fury,92,46,46
Painfulangel,nesingwary,1028,warrior,fury,44,28,16
Shoteiotoshi,ragnaros,1028,warrior,fury,47,25,22
Danastus,icecrown,1028,warrior,fury,27,11,16
Learila,moon-guard,1027,warrior,fury,30,14,16
Munanio,stormrage,1024,warrior,fury,24,11,13
Lykon,echo-isles,1020,warrior,fury,18,11,7
Leviathanl,bleeding-hollow,1017,warrior,fury,24,11,13
Rumka,draktharon,1015,warrior,fury,65,26,39
Lodog,proudmoore,1012,warrior,fury,28,12,16
Grimfàng,moon-guard,1009,warrior,fury,44,19,25
Éeu,anubarak,1008,warrior,fury,112,58,54
Eamonvalda,dalaran,1003,warrior,fury,21,11,10
Crazysharpz,thaurissan,1001,warrior,fury,29,12,17
Warchine,malganis,994,warrior,fury,27,12,15
Splurger,thrall,991,warrior,fury,17,11,6
Yêawen,tichondrius,990,warrior,fury,20,11,9
Tyranatusk,malganis,989,warrior,fury,18,12,6
Jonÿ,sargeras,989,warrior,fury,84,44,40
Tempusbane,proudmoore,989,warrior,fury,32,11,21
Muufasa,nerzhul,988,warrior,fury,24,13,11
Curacao,dark-iron,987,warrior,fury,26,11,15
Bèèfcake,shattered-hand,984,warrior,fury,20,11,9
Teresabelle,proudmoore,982,warrior,fury,22,11,11
Pulp,sargeras,976,warrior,fury,19,11,8
Elmosmash,thrall,974,warrior,fury,25,11,14
Judessi,kiljaeden,971,warrior,fury,20,11,9
Youngmoneyd,illidan,960,warrior,fury,12,10,2
Wargoph,burning-legion,960,warrior,fury,12,10,2
Dawx,thrall,960,warrior,fury,18,10,8
Hasbullaa,proudmoore,959,warrior,fury,18,10,8
Jadeemerald,kelthuzad,959,warrior,fury,18,10,8
Orrkky,jubeithos,959,warrior,fury,18,10,8
Sixtydolla,kelthuzad,959,warrior,fury,24,10,14
Prestico,ragnaros,959,warrior,fury,24,10,14
Ymìr,moon-guard,959,warrior,fury,24,10,14
Gahenk,chogall,958,warrior,fury,12,10,2
Nïckböï,misha,958,warrior,fury,29,17,12
Worclin,illidan,958,warrior,fury,18,10,8
Reäl,dalaran,958,warrior,fury,18,10,8
Blxckbeard,hyjal,958,warrior,fury,24,10,14
Squishmello,hyjal,957,warrior,fury,12,10,2
Semiru,zuljin,957,warrior,fury,12,10,2
Farklesnarf,tichondrius,957,warrior,fury,18,10,8
Venóm,moon-guard,957,warrior,fury,18,10,8
Bonebreakr,tichondrius,956,warrior,fury,36,11,25
Gorcker,hellscream,955,warrior,fury,18,10,8
Harlow,spirestone,955,warrior,fury,24,10,14
Luckychaos,bleeding-hollow,954,warrior,fury,18,10,8
Lessandro,quelthalas,954,warrior,fury,18,10,8
Alerish,quelthalas,954,warrior,fury,18,10,8
Zerkules,frostmane,954,warrior,fury,24,10,14
Lurtras,exodar,954,warrior,fury,24,10,14
Jcßot,exodar,954,warrior,fury,24,10,14
Nordrages,stormrage,953,warrior,fury,18,10,8
Brutalpløx,illidan,953,warrior,fury,30,10,20
Ironbark,elune,952,warrior,fury,18,10,8
Hewman,aerie-peak,952,warrior,fury,18,10,8
Valkwar,tichondrius,951,warrior,fury,24,10,14
Maytrixx,stormrage,950,warrior,fury,12,10,2
Jellybomb,sargeras,950,warrior,fury,24,10,14
Slumdawgg,andorhal,948,warrior,fury,24,10,14
Urnitemare,hyjal,944,warrior,fury,60,22,38
Tlâloque,quelthalas,943,warrior,fury,24,10,14
Trendxx,stormrage,941,warrior,fury,30,10,20
Gushee,medivh,927,warrior,fury,23,12,11
Darkarus,drakkari,925,warrior,fury,36,14,22
Hùlksmâsh,zuljin,924,warrior,fury,23,13,10
Afelhia,moon-guard,924,warrior,fury,25,11,14
Ghostlyedge,turalyon,918,warrior,fury,72,25,47
Cannan,the-underbog,918,warrior,fury,69,21,48
Flywar,nesingwary,911,warrior,fury,30,12,18
Obiwun,azgalor,910,warrior,fury,17,10,7
Hyperdevil,ragnaros,905,warrior,fury,24,12,12
Dolsorae,malganis,905,warrior,fury,28,11,17
Pigonhae,zuljin,904,warrior,fury,25,12,13
Samdarkblade,kilrogg,898,warrior,fury,33,10,23
Grievouz,nemesis,894,warrior,fury,17,10,7
Xtargaryen,stormrage,893,warrior,fury,20,10,10
Zambonibob,eonar,891,warrior,fury,30,15,15
Copinhodagua,azralon,889,warrior,fury,19,11,8
Tankieone,aggramar,883,warrior,fury,85,31,54
Villäïness,daggerspine,873,warrior,fury,16,10,6
Alexthar,drakkari,866,warrior,fury,62,23,39
Gbrz,stormrage,864,warrior,fury,12,9,3
Notacop,malygos,864,warrior,fury,12,9,3
Shadowstingg,tichondrius,864,warrior,fury,12,9,3
Lindsanv,illidan,864,warrior,fury,18,9,9
Chainsa,stormrage,864,warrior,fury,18,9,9
Astrëa,quelthalas,864,warrior,fury,18,9,9
Baylîfe,illidan,864,warrior,fury,18,9,9
Riftgar,hyjal,864,warrior,fury,18,9,9
Shimizuken,tichondrius,864,warrior,fury,24,9,15
Verrynasty,area-52,863,warrior,fury,12,9,3
Likelygood,tichondrius,863,warrior,fury,12,9,3
Orson,lothar,863,warrior,fury,12,9,3
Squonks,kelthuzad,863,warrior,fury,12,9,3
Flanrych,illidan,863,warrior,fury,12,9,3
Liltom,sargeras,863,warrior,fury,18,9,9
Tyrannus,chogall,863,warrior,fury,18,9,9
Smarthulk,tichondrius,863,warrior,fury,18,9,9
Xakp,tichondrius,863,warrior,fury,18,9,9
Zastrow,dalaran,863,warrior,fury,18,9,9
Elfdestroyer,wyrmrest-accord,863,warrior,fury,18,9,9
Ironsavage,frostmourne,863,warrior,fury,18,9,9
Warborn,agamaggan,863,warrior,fury,24,9,15
Gzilla,queldorei,863,warrior,fury,24,9,15
Youjumpijump,frostmourne,863,warrior,fury,24,9,15
Boryndin,caelestrasz,862,warrior,fury,12,9,3
Tylerdurdenx,dalaran,862,warrior,fury,12,9,3
Statistical,area-52,862,warrior,fury,12,9,3
Kåyotix,proudmoore,862,warrior,fury,18,9,9
Nowarriororc,thrall,862,warrior,fury,18,9,9
Lox,blades-edge,862,warrior,fury,18,9,9
Gurukakko,ragnaros,862,warrior,fury,18,9,9
Kreigër,area-52,862,warrior,fury,18,9,9
Crammed,tichondrius,862,warrior,fury,24,9,15
Virrainy,stormrage,861,warrior,fury,18,9,9
Cannonballz,sargeras,861,warrior,fury,18,9,9
Zépileque,azralon,861,warrior,fury,24,9,15
Maddzspin,tichondrius,860,warrior,fury,18,9,9
Rodorn,frostmourne,860,warrior,fury,22,10,12
Groguu,windrunner,859,warrior,fury,18,9,9
Fartden,tichondrius,859,warrior,fury,18,9,9
Stunninchaos,shattered-hand,859,warrior,fury,24,9,15
Figurefour,tichondrius,858,warrior,fury,12,9,3
Lovehandlez,proudmoore,858,warrior,fury,18,9,9
Papasmurff,zuljin,858,warrior,fury,18,9,9
Melankoma,sargeras,856,warrior,fury,18,9,9
Kræzee,kelthuzad,856,warrior,fury,24,9,15
Mercurial,mugthol,853,warrior,fury,12,9,3
Xauce,queldorei,851,warrior,fury,30,9,21
Trufsoturi,bleeding-hollow,845,warrior,fury,23,9,14
Kajing,boulderfist,836,warrior,fury,19,10,9
Shyliar,thrall,832,warrior,fury,16,9,7
Cønan,stormrage,830,warrior,fury,14,10,4
Cüba,nemesis,828,warrior,fury,30,11,19
Kessahh,moon-guard,820,warrior,fury,18,9,9
Likeachimpx,sargeras,816,warrior,fury,15,10,5
Graverot,burning-legion,815,warrior,fury,17,9,8
Magdar,daggerspine,813,warrior,fury,28,9,19
Haelerostus,moon-guard,811,warrior,fury,54,22,32
Futtmebuck,emerald-dream,810,warrior,fury,18,10,8
Franklinmvrd,stormrage,810,warrior,fury,18,10,8
Damnge,zuljin,806,warrior,fury,21,10,11
Rediger,aggramar,805,warrior,fury,40,16,24
Bargorengar,skullcrusher,797,warrior,fury,108,48,60
Liquidbagel,frostmourne,794,warrior,fury,22,9,13
Jendal,ragnaros,792,warrior,fury,18,9,9
Stompgnomes,malganis,791,warrior,fury,20,9,11
Verallyn,area-52,783,warrior,fury,19,9,10
Klim,grizzly-hills,781,warrior,fury,25,9,16
Eatafrank,tichondrius,779,warrior,fury,19,9,10
Beerstorm,stormrage,768,warrior,fury,12,8,4
Angryexe,zuljin,768,warrior,fury,12,8,4
Tehsuperhero,norgannon,768,warrior,fury,12,8,4
Akenox,area-52,768,warrior,fury,12,8,4
Beforever,kiljaeden,768,warrior,fury,12,8,4
Ramseyx,dalaran,768,warrior,fury,12,8,4
Humanlog,illidan,768,warrior,fury,12,8,4
Swìll,illidan,768,warrior,fury,12,8,4
Rimshotts,sargeras,768,warrior,fury,12,8,4
Bamag,dethecus,768,warrior,fury,12,8,4
Kruma,stormscale,768,warrior,fury,12,8,4
Ryse,aegwynn,768,warrior,fury,12,8,4
Stimm,blood-furnace,768,warrior,fury,12,8,4
Collosalx,stormrage,768,warrior,fury,12,8,4
Idranel,nordrassil,768,warrior,fury,12,8,4
Colonclogger,proudmoore,768,warrior,fury,12,8,4
Bbcapitalist,blackrock,768,warrior,fury,12,8,4
Notfaytful,thrall,768,warrior,fury,15,9,6
Doczz,malganis,768,warrior,fury,18,8,10
Orsex,ragnaros,768,warrior,fury,18,8,10
Asstastic,bonechewer,768,warrior,fury,18,8,10
Coltyn,illidan,768,warrior,fury,18,8,10
Oohsht,tichondrius,768,warrior,fury,18,8,10
Icebringer,frostmourne,768,warrior,fury,24,8,16
Spraten,bonechewer,767,warrior,fury,12,8,4
Mittyroar,khazgoroth,767,warrior,fury,12,8,4
Drunkwarriôr,malygos,767,warrior,fury,12,8,4
Moggos,firetree,767,warrior,fury,12,8,4
Hydrolisk,area-52,767,warrior,fury,12,8,4
Dagrone,drakkari,767,warrior,fury,12,8,4
Mlau,tichondrius,767,warrior,fury,12,8,4
Cidrick,stormrage,767,warrior,fury,12,8,4
Kyres,moon-guard,767,warrior,fury,12,8,4
Trickyshield,durotan,767,warrior,fury,12,8,4
Enzothebaker,thrall,767,warrior,fury,12,8,4
Stoneball,kiljaeden,767,warrior,fury,18,8,10
Warriorox,illidan,767,warrior,fury,18,8,10
Maintarget,malganis,767,warrior,fury,18,8,10
Ungabunga,frostwolf,767,warrior,fury,18,8,10
Wíldcat,illidan,767,warrior,fury,18,8,10
Zaràki,area-52,767,warrior,fury,18,8,10
Gízzmo,tichondrius,767,warrior,fury,18,8,10
Dtrumpo,moon-guard,767,warrior,fury,18,8,10
Furyann,frostmourne,767,warrior,fury,18,8,10
Gorethrax,tichondrius,767,warrior,fury,18,8,10
Kahuwuna,tichondrius,767,warrior,fury,18,8,10
Zêtt,drakkari,767,warrior,fury,18,8,10
Erdres,kelthuzad,767,warrior,fury,22,9,13
Theßull,frostmourne,766,warrior,fury,12,8,4
Darkirondadi,frostmourne,766,warrior,fury,12,8,4
Alrekur,moon-guard,766,warrior,fury,12,8,4
Drumann,hyjal,766,warrior,fury,12,8,4
Droggo,cenarius,766,warrior,fury,12,8,4
Ugrak,frostmourne,766,warrior,fury,12,8,4
Arågòrn,stormrage,766,warrior,fury,18,8,10
Åsc,area-52,766,warrior,fury,18,8,10
Gromtalin,sargeras,766,warrior,fury,18,8,10
Warpaint,azuremyst,766,warrior,fury,18,8,10
Cevadix,azralon,766,warrior,fury,18,8,10
Ayn,llane,766,warrior,fury,18,8,10
Shééylias,moon-guard,766,warrior,fury,24,8,16
Noppô,tichondrius,765,warrior,fury,12,8,4
Hellsinga,stormrage,764,warrior,fury,18,8,10
Zeerohkool,tichondrius,764,warrior,fury,24,8,16
Hishika,quelthalas,763,warrior,fury,15,9,6
Huri,nemesis,763,warrior,fury,30,8,22
Frettyhooman,blood-furnace,762,warrior,fury,12,8,4
Çampbêll,area-52,762,warrior,fury,24,8,16
Alandris,icecrown,760,warrior,fury,18,10,8
Axekill,bleeding-hollow,760,warrior,fury,24,8,16
Vicegripp,misha,759,warrior,fury,18,8,10
Kilp,thrall,751,warrior,fury,17,8,9
Marleau,bleeding-hollow,742,warrior,fury,21,9,12
Slughórn,moon-guard,735,warrior,fury,14,9,5
Arngrimm,area-52,735,warrior,fury,14,9,5
Azmael,sargeras,735,warrior,fury,17,8,9
Vlark,eredar,725,warrior,fury,18,8,10
Dawrzel,tichondrius,724,warrior,fury,28,9,19
Sedition,borean-tundra,719,warrior,fury,11,8,3
Zaraki,moon-guard,704,warrior,fury,16,8,8
Eleronogoth,draka,704,warrior,fury,16,8,8
Akj,sargeras,701,warrior,fury,23,9,14
Lourdadmiwal,aegwynn,699,warrior,fury,30,8,22
Vongrave,moonrunner,672,warrior,fury,12,7,5
Ladderx,area-52,672,warrior,fury,12,7,5
Tonios,stormrage,672,warrior,fury,12,7,5
Ruckw,stormrage,672,warrior,fury,12,7,5
Iinnocence,frostmourne,672,warrior,fury,12,7,5
Calmebigfeet,tichondrius,672,warrior,fury,12,7,5
Eino,llane,672,warrior,fury,12,7,5
Funsyze,garona,672,warrior,fury,12,7,5
Krunas,quelthalas,672,warrior,fury,12,7,5
Kowboy,stormrage,672,warrior,fury,12,7,5
Souserkill,ragnaros,672,warrior,fury,12,7,5
Linara,shandris,672,warrior,fury,12,7,5
Cjz,tichondrius,672,warrior,fury,12,7,5
Alecsten,tichondrius,672,warrior,fury,12,7,5
Canduin,queldorei,672,warrior,fury,12,7,5
Ankhxiety,sargeras,672,warrior,fury,12,7,5
Zoomgar,barthilas,672,warrior,fury,12,7,5
Negleçt,stormrage,672,warrior,fury,12,7,5
Dós,emerald-dream,672,warrior,fury,12,7,5
Mereleona,quelthalas,672,warrior,fury,12,7,5
Sypii,malganis,672,warrior,fury,12,7,5
Heyzulnut,whisperwind,672,warrior,fury,12,7,5
Maar,lightbringer,672,warrior,fury,12,7,5
Stonksi,shadowmoon,672,warrior,fury,12,7,5
Grandorth,moon-guard,672,warrior,fury,12,7,5
Xårren,stormrage,672,warrior,fury,12,7,5
Dustywx,area-52,672,warrior,fury,12,7,5
Ðrëäd,area-52,672,warrior,fury,12,7,5
Kryptonite,illidan,672,warrior,fury,12,7,5
Nylissia,blood-furnace,672,warrior,fury,12,7,5
Iwillcrushyo,darkspear,672,warrior,fury,18,7,11
Ðìbs,moon-guard,672,warrior,fury,18,7,11
Mardrex,korgath,672,warrior,fury,18,7,11
Yahnjee,stormrage,672,warrior,fury,18,7,11
Endlesskilla,destromath,672,warrior,fury,18,7,11
Warhand,frostmourne,672,warrior,fury,18,7,11
Goaco,drakkari,672,warrior,fury,18,7,11
Ëdwärd,moon-guard,672,warrior,fury,18,7,11
Mág,burning-legion,671,warrior,fury,12,7,5
Cptnchocmilk,thrall,671,warrior,fury,12,7,5
Lucicicia,bronzebeard,671,warrior,fury,12,7,5
Seksyme,darkspear,671,warrior,fury,12,7,5
Nokak,borean-tundra,671,warrior,fury,12,7,5
Zikeno,dalaran,671,warrior,fury,12,7,5
Pancárcho,quelthalas,671,warrior,fury,12,7,5
Iorak,queldorei,671,warrior,fury,12,7,5
Quintonious,dark-iron,671,warrior,fury,12,7,5
Pelikanesis,arthas,671,warrior,fury,12,7,5
Ahmorok,moon-guard,671,warrior,fury,12,7,5
Potjiekos,lightninghoof,671,warrior,fury,12,7,5
Yagluth,illidan,671,warrior,fury,12,7,5
Lísterfiend,illidan,671,warrior,fury,12,7,5
Gigantx,tichondrius,671,warrior,fury,12,7,5
Mullf,stormrage,671,warrior,fury,12,7,5
Wårrior,kelthuzad,671,warrior,fury,18,7,11
Remudan,tichondrius,671,warrior,fury,18,7,11
Aggravation,bleeding-hollow,671,warrior,fury,18,7,11
Nondracio,ragnaros,671,warrior,fury,18,7,11
Rockadoodle,tichondrius,671,warrior,fury,18,7,11
Xochicotzin,mugthol,671,warrior,fury,18,7,11
Agonistes,emerald-dream,671,warrior,fury,18,7,11
Cthumoo,moonrunner,671,warrior,fury,18,7,11
Ragnir,kelthuzad,671,warrior,fury,18,7,11
Chacca,suramar,671,warrior,fury,18,7,11
Hughmungús,frostmourne,671,warrior,fury,18,7,11
Ghurrk,hyjal,671,warrior,fury,18,7,11
Xiosè,ragnaros,671,warrior,fury,24,7,17
Ganon,garrosh,670,warrior,fury,12,7,5
Dragnol,quelthalas,670,warrior,fury,12,7,5
Buffygramp,kelthuzad,670,warrior,fury,18,7,11
Bothar,sargeras,670,warrior,fury,18,7,11
Sealee,area-52,669,warrior,fury,12,7,5
Rafaeldantas,azralon,669,warrior,fury,12,7,5
Boneskull,zuljin,669,warrior,fury,12,7,5
Stoneddragon,spinebreaker,669,warrior,fury,12,7,5
Lyzan,stormrage,669,warrior,fury,12,7,5
Gamoosh,illidan,669,warrior,fury,20,7,13
Deáthwing,steamwheedle-cartel,669,warrior,fury,24,7,17
Shadowtitanx,korgath,669,warrior,fury,30,7,23
Nelissa,runetotem,667,warrior,fury,12,7,5
Misgnomer,farstriders,667,warrior,fury,12,7,5
Genesis,zangarmarsh,667,warrior,fury,12,7,5
Sworne,nordrassil,667,warrior,fury,12,7,5
Siiss,stormrage,665,warrior,fury,21,9,12
Keateane,frostmourne,662,warrior,fury,12,7,5
Shhiraq,zuljin,661,warrior,fury,30,7,23
Nighttoker,lightnings-blade,659,warrior,fury,12,7,5
Crashacorn,stormrage,659,warrior,fury,18,7,11
Naughtytwat,tichondrius,639,warrior,fury,14,8,6
Ngu,eldrethalas,639,warrior,fury,17,7,10
Zovudo,area-52,638,warrior,fury,14,8,6
Wintz,dreadmaul,638,warrior,fury,14,8,6
Donjuan,skullcrusher,637,warrior,fury,20,8,12
Nanor,zuljin,635,warrior,fury,14,8,6
Starcade,executus,623,warrior,fury,11,7,4
Iozhua,wyrmrest-accord,617,warrior,fury,22,9,13
Furryhorv,frostmourne,608,warrior,fury,22,7,15
Vorthax,korgath,607,warrior,fury,14,7,7
Rohkvan,illidan,607,warrior,fury,14,7,7
Riguini,tol-barad,606,warrior,fury,14,7,7
Lilreese,tichondrius,592,warrior,fury,13,7,6
Noktyn,haomarush,591,warrior,fury,11,7,4
Grïnk,stormrage,576,warrior,fury,6,6,0
Zankets,area-52,576,warrior,fury,6,6,0
Monreale,area-52,576,warrior,fury,6,6,0
Flaapjack,malganis,576,warrior,fury,6,6,0
Lemondrake,sargeras,576,warrior,fury,6,6,0
Contented,illidan,576,warrior,fury,9,7,2
Rustylugnut,area-52,576,warrior,fury,12,6,6
Ggludan,area-52,576,warrior,fury,12,6,6
Ezcharger,kelthuzad,576,warrior,fury,12,6,6
Jarvîs,moon-guard,576,warrior,fury,12,6,6
Timbermack,moon-guard,576,warrior,fury,12,6,6
Bonafidesimp,stormrage,576,warrior,fury,12,6,6
Rezhan,area-52,576,warrior,fury,12,6,6
Ezeji,area-52,576,warrior,fury,12,6,6
Snowflakee,jaedenar,576,warrior,fury,12,6,6
Fooko,lethon,576,warrior,fury,12,6,6
Exsolacyst,sargeras,576,warrior,fury,12,6,6
New,sargeras,576,warrior,fury,12,6,6
Endurefen,sargeras,576,warrior,fury,12,6,6
Feedzz,area-52,576,warrior,fury,12,6,6
Strongerjaw,tichondrius,576,warrior,fury,12,6,6
Tacrolimus,thrall,576,warrior,fury,12,6,6
Yükana,quelthalas,576,warrior,fury,12,6,6
Whittyxc,tichondrius,576,warrior,fury,12,6,6
Sunamys,illidan,576,warrior,fury,12,6,6
Bigmagron,azralon,576,warrior,fury,12,6,6
Freÿdis,zuljin,576,warrior,fury,12,6,6
Yadiig,illidan,576,warrior,fury,12,6,6
Kaivax,tichondrius,576,warrior,fury,12,6,6
Serzull,area-52,576,warrior,fury,12,6,6
Wardeád,quelthalas,576,warrior,fury,12,6,6
Disarmed,proudmoore,576,warrior,fury,12,6,6
Skoll,illidan,576,warrior,fury,12,6,6
Raeyth,twisting-nether,576,warrior,fury,12,6,6
Lilkrome,illidan,576,warrior,fury,12,6,6
Smokiiwar,proudmoore,576,warrior,fury,12,6,6
Bòne,frostmourne,576,warrior,fury,12,6,6
Rigil,the-forgotten-coast,576,warrior,fury,12,6,6
Gtrain,barthilas,576,warrior,fury,12,6,6
Mordoo,zuljin,576,warrior,fury,12,6,6
Marfas,hyjal,576,warrior,fury,12,6,6
Whateverzhan,tichondrius,576,warrior,fury,12,6,6
Ðrënch,tichondrius,576,warrior,fury,12,6,6
Gamelagged,area-52,576,warrior,fury,12,6,6
Bestseason,kelthuzad,576,warrior,fury,12,6,6
Zertok,ravencrest,576,warrior,fury,12,6,6
Dëåth,azgalor,576,warrior,fury,12,6,6
Erogorn,dawnbringer,576,warrior,fury,12,6,6
Youngmop,eitrigg,576,warrior,fury,12,6,6
Emv,area-52,576,warrior,fury,12,6,6
Benieswar,frostmourne,576,warrior,fury,12,6,6
Kitto,malganis,576,warrior,fury,14,6,8
Assamith,nemesis,576,warrior,fury,18,6,12
Himer,tichondrius,576,warrior,fury,18,6,12
Kritsg,azgalor,576,warrior,fury,18,6,12
Rusteazy,bleeding-hollow,576,warrior,fury,18,6,12
Digitaldj,frostmourne,576,warrior,fury,18,6,12
Forks,malganis,576,warrior,fury,18,6,12
Ludicrous,dreadmaul,575,warrior,fury,12,6,6
Xenyn,malganis,575,warrior,fury,12,6,6
Xanthchaser,stormrage,575,warrior,fury,12,6,6
Burninated,tichondrius,575,warrior,fury,12,6,6
Hoarahløux,trollbane,575,warrior,fury,12,6,6
Mervyn,aegwynn,575,warrior,fury,12,6,6
Chash,frostmourne,575,warrior,fury,12,6,6
Berario,garrosh,575,warrior,fury,12,6,6
Lorelie,malganis,575,warrior,fury,12,6,6
Plidan,shuhalo,575,warrior,fury,12,6,6
Kratthos,azralon,575,warrior,fury,12,6,6
Isitorganic,nesingwary,575,warrior,fury,12,6,6
Trackhawk,moon-guard,575,warrior,fury,12,6,6
Elleaux,bloodscalp,575,warrior,fury,12,6,6
Zokrásh,quelthalas,575,warrior,fury,18,6,12
Redblade,bleeding-hollow,575,warrior,fury,18,6,12
Docmoriarty,malygos,575,warrior,fury,18,6,12
Honorloxo,bleeding-hollow,575,warrior,fury,24,6,18
Waterboylol,malganis,574,warrior,fury,12,6,6
Rageroni,tichondrius,574,warrior,fury,12,6,6
Badairplane,gilneas,574,warrior,fury,12,6,6
Oralo,tichondrius,574,warrior,fury,18,6,12
Siegeshatter,moon-guard,574,warrior,fury,24,6,18
Shiddoshi,ragnaros,569,warrior,fury,12,6,6
Deltong,bonechewer,569,warrior,fury,12,6,6
Boothtowolf,the-forgotten-coast,566,warrior,fury,12,6,6
Alaricck,quelthalas,543,warrior,fury,14,7,7
Tochixchaos,illidan,543,warrior,fury,14,7,7
Ghonad,windrunner,541,warrior,fury,17,6,11
Thorkéll,proudmoore,541,warrior,fury,23,6,17
Tatërs,zuljin,527,warrior,fury,11,6,5
Sinbãd,sargeras,527,warrior,fury,11,6,5
Agarto,illidan,526,warrior,fury,11,6,5
Ángron,ragnaros,511,warrior,fury,11,6,5
Tazmanianfur,akama,480,warrior,fury,6,5,1
Falconheart,wyrmrest-accord,480,warrior,fury,6,5,1
Kaitlanzhan,malganis,480,warrior,fury,6,5,1
Soggynapkin,proudmoore,480,warrior,fury,6,5,1
Korsarro,frostmourne,480,warrior,fury,6,5,1
Beifong,barthilas,480,warrior,fury,6,5,1
Orkussw,illidan,480,warrior,fury,6,5,1
Tryhardr,sargeras,480,warrior,fury,6,5,1
Onyx,auchindoun,480,warrior,fury,6,5,1
Bromgarr,crushridge,480,warrior,fury,6,5,1
Xgraves,sargeras,480,warrior,fury,6,5,1
Dex,saurfang,480,warrior,fury,6,5,1
Kiritarokila,area-52,480,warrior,fury,6,5,1
Balrog,firetree,480,warrior,fury,6,5,1
Arbeon,emerald-dream,480,warrior,fury,6,5,1
Swingretzky,zuljin,480,warrior,fury,6,5,1
Çhloee,the-underbog,480,warrior,fury,6,5,1
Devaya,ragnaros,480,warrior,fury,6,5,1
Finnin,nathrezim,480,warrior,fury,6,5,1
Beleña,dalaran,480,warrior,fury,6,5,1
Smorc,stormrage,480,warrior,fury,6,5,1
Dontlookup,tichondrius,480,warrior,fury,9,6,3
Ramranch,dawnbringer,480,warrior,fury,8,5,3
Victoriaöus,emerald-dream,480,warrior,fury,9,5,4
Hexmaul,zuljin,480,warrior,fury,12,5,7
Slamuëladams,bleeding-hollow,480,warrior,fury,12,5,7
Lilsweet,moon-guard,480,warrior,fury,12,5,7
Còlòssal,moknathal,480,warrior,fury,12,5,7
Pisini,illidan,480,warrior,fury,12,5,7
Sabers,mannoroth,480,warrior,fury,12,5,7
Bdm,mugthol,480,warrior,fury,12,5,7
Trekk,azralon,480,warrior,fury,12,5,7
Nukemdown,darkspear,480,warrior,fury,12,5,7
Swollenbicep,tichondrius,480,warrior,fury,12,5,7
Pápý,ragnaros,480,warrior,fury,12,5,7
Dalinare,area-52,480,warrior,fury,12,5,7
Warkaiser,ragnaros,480,warrior,fury,12,5,7
Kiingkratoz,ragnaros,480,warrior,fury,12,5,7
Chieef,illidan,480,warrior,fury,12,5,7
Vvârriôr,barthilas,480,warrior,fury,12,5,7
Klen,kelthuzad,480,warrior,fury,12,5,7
Dtherockj,kiljaeden,480,warrior,fury,12,5,7
Archibaldo,darkspear,480,warrior,fury,12,5,7
Carnith,arthas,480,warrior,fury,12,5,7
Taurenosaur,illidan,480,warrior,fury,12,5,7
Vallkÿria,goldrinn,480,warrior,fury,12,5,7
Axesomebody,tichondrius,480,warrior,fury,12,5,7
Zulex,dathremar,480,warrior,fury,12,5,7
Tryndamere,nagrand,480,warrior,fury,12,5,7
Marimadelene,aegwynn,480,warrior,fury,12,5,7
Arthurston,tichondrius,480,warrior,fury,12,5,7
Rowdyanders,area-52,480,warrior,fury,12,5,7
Chop,khadgar,480,warrior,fury,12,5,7
Pingolona,nemesis,480,warrior,fury,12,5,7
Sleazedog,kelthuzad,480,warrior,fury,12,5,7
Buhurt,sargeras,480,warrior,fury,12,5,7
Teqniq,kelthuzad,480,warrior,fury,12,5,7
Cubanßûrst,stormrage,480,warrior,fury,12,5,7
Zultråk,quelthalas,480,warrior,fury,12,5,7
Maltrate,hyjal,480,warrior,fury,12,5,7
Resize,wyrmrest-accord,480,warrior,fury,12,5,7
Clansy,moon-guard,480,warrior,fury,12,5,7
Statistic,skullcrusher,480,warrior,fury,12,5,7
Rampagejin,tichondrius,480,warrior,fury,12,5,7
Izhansheni,illidan,480,warrior,fury,12,5,7
Noteko,tichondrius,480,warrior,fury,12,5,7
Orcveinz,tichondrius,480,warrior,fury,17,7,10
Gadlfuerte,ragnaros,480,warrior,fury,14,5,9
Laloman,ragnaros,480,warrior,fury,18,5,13
Dragonrage,tanaris,480,warrior,fury,18,5,13
Thiccsauce,wyrmrest-accord,480,warrior,fury,18,5,13
Georgedubya,illidan,480,warrior,fury,18,5,13
Spinspin,borean-tundra,480,warrior,fury,18,5,13
Zirtag,proudmoore,479,warrior,fury,6,5,1
Morshaz,drakkari,479,warrior,fury,6,5,1
Vonkinky,sargeras,479,warrior,fury,6,5,1
Buckets,chogall,479,warrior,fury,12,5,7
Shoresy,korgath,479,warrior,fury,12,5,7
Gros,exodar,479,warrior,fury,12,5,7
Olegg,laughing-skull,479,warrior,fury,12,5,7
Warsero,tichondrius,479,warrior,fury,12,5,7
Yasser,ragnaros,479,warrior,fury,12,5,7
Ksubîî,frostmourne,479,warrior,fury,12,5,7
Morasar,area-52,479,warrior,fury,12,5,7
Guantid,sargeras,479,warrior,fury,12,5,7
Supersquish,moon-guard,479,warrior,fury,18,5,13
Beilian,quelthalas,478,warrior,fury,24,5,19
Drovik,malygos,477,warrior,fury,18,5,13
Dathrand,aerie-peak,476,warrior,fury,12,5,7
Fabszord,nemesis,476,warrior,fury,12,5,7
Veganwarrior,quelthalas,469,warrior,fury,18,5,13
Blazeowlglad,area-52,463,warrior,fury,17,5,12
Erdnase,ragnaros,447,warrior,fury,11,5,6
Rageverd,malganis,432,warrior,fury,9,5,4
Chiffonade,kelthuzad,432,warrior,fury,11,6,5
Avatarl,ragnaros,432,warrior,fury,15,5,10
Thalloom,thaurissan,432,warrior,fury,15,5,10
Sukstofuk,frostmourne,431,warrior,fury,11,5,6
Daydayfight,illidan,431,warrior,fury,11,5,6
Leónard,moon-guard,431,warrior,fury,11,5,6
Hugz,thrall,431,warrior,fury,11,5,6
Glaros,blood-furnace,431,warrior,fury,11,5,6
Stealheads,dalaran,431,warrior,fury,15,6,9
Panterra,azralon,426,warrior,fury,16,7,9
Bruttallis,frostmane,426,warrior,fury,14,6,8
Forerunner,tichondrius,416,warrior,fury,10,5,5
Akêwñon,stormrage,416,warrior,fury,10,5,5
Israelelel,azralon,416,warrior,fury,10,5,5
Husyuzhi,tichondrius,400,warrior,fury,7,5,2
Kenpachì,kelthuzad,400,warrior,fury,7,5,2
Affeine,malganis,384,warrior,fury,6,4,2
Biggwall,sargeras,384,warrior,fury,6,4,2
Kamidaren,tichondrius,384,warrior,fury,6,4,2
Fornido,quelthalas,384,warrior,fury,6,4,2
Janoski,chogall,384,warrior,fury,6,4,2
Pz,ravencrest,384,warrior,fury,6,4,2
Suzushi,tichondrius,384,warrior,fury,6,4,2
Narwhål,tichondrius,384,warrior,fury,6,4,2
Brogdar,moon-guard,384,warrior,fury,6,4,2
Amphyctionis,zuljin,384,warrior,fury,6,4,2
Walterwhîte,tichondrius,384,warrior,fury,6,4,2
Cujø,tichondrius,384,warrior,fury,6,4,2
Mcfatstuffs,boulderfist,384,warrior,fury,6,4,2
Nerjinzul,bloodscalp,384,warrior,fury,6,4,2
Thistou,quelthalas,384,warrior,fury,6,4,2
Inocencius,ragnaros,384,warrior,fury,6,4,2
Olaqwarraso,sargeras,384,warrior,fury,6,4,2
Painedd,stormrage,384,warrior,fury,6,4,2
Hasbullá,ragnaros,384,warrior,fury,6,4,2
Zhangetsu,emerald-dream,384,warrior,fury,6,4,2
Mortalstrike,chogall,384,warrior,fury,6,4,2
Breké,moon-guard,384,warrior,fury,6,4,2
Jàmiè,wyrmrest-accord,384,warrior,fury,6,4,2
Mordelona,ragnaros,384,warrior,fury,6,4,2
Tobaccocat,stormreaver,384,warrior,fury,6,4,2
Techanina,aerie-peak,384,warrior,fury,6,4,2
Methodicaly,aerie-peak,384,warrior,fury,6,4,2
Controlololx,hyjal,384,warrior,fury,6,4,2
Testees,senjin,384,warrior,fury,6,4,2
Murghol,malganis,384,warrior,fury,6,4,2
Bakadoom,illidan,384,warrior,fury,6,4,2
Youdumbaut,tichondrius,384,warrior,fury,6,4,2
Machutron,quelthalas,384,warrior,fury,6,4,2
Blackbaba,illidan,384,warrior,fury,6,4,2
Unpaused,kelthuzad,384,warrior,fury,6,4,2
Hamcan,dalaran,384,warrior,fury,6,4,2
Nikomasked,kelthuzad,384,warrior,fury,6,4,2
Tomatogodx,sargeras,384,warrior,fury,6,4,2
Sickwidit,kiljaeden,384,warrior,fury,6,4,2
Ricksanches,shadowmoon,384,warrior,fury,6,4,2
Darkoil,illidan,384,warrior,fury,6,4,2
Qram,illidan,384,warrior,fury,6,4,2
Nunu,firetree,384,warrior,fury,6,4,2
Carfal,spirestone,384,warrior,fury,6,4,2
Daemòn,dalaran,384,warrior,fury,6,4,2
Axazel,drakkari,384,warrior,fury,6,4,2
Hêroìnê,tichondrius,384,warrior,fury,6,4,2
Warreeper,area-52,384,warrior,fury,6,4,2
Vilgaxx,area-52,384,warrior,fury,6,4,2
Varkiren,moon-guard,384,warrior,fury,6,4,2
Psyrush,area-52,384,warrior,fury,6,4,2
Flynnstone,tichondrius,384,warrior,fury,6,4,2
Sarachnis,area-52,384,warrior,fury,6,4,2
Ymirock,area-52,384,warrior,fury,6,4,2
Iwooglybool,icecrown,384,warrior,fury,6,4,2
Shino,garona,384,warrior,fury,6,4,2
Slashen,sargeras,384,warrior,fury,6,4,2
Willcharge,tichondrius,384,warrior,fury,6,4,2
Mommystrasza,kelthuzad,384,warrior,fury,6,4,2
Junaid,frostmourne,384,warrior,fury,6,4,2
Samuluo,tichondrius,384,warrior,fury,6,4,2
Xjpig,frostmourne,384,warrior,fury,6,4,2
Gorgoz,area-52,384,warrior,fury,6,4,2
Liltotey,frostmourne,384,warrior,fury,6,4,2
Braxxinn,tichondrius,384,warrior,fury,6,4,2
Danield,illidan,384,warrior,fury,11,4,7
Negrus,sargeras,384,warrior,fury,11,4,7
Beetcoyne,azuremyst,384,warrior,fury,12,4,8
Rägnarök,stormrage,384,warrior,fury,12,4,8
Flexo,moon-guard,384,warrior,fury,12,4,8
Sîn,sargeras,384,warrior,fury,12,4,8
Cýnzz,frostmourne,384,warrior,fury,12,4,8
Bladetko,tichondrius,384,warrior,fury,12,4,8
Skrot,stormrage,384,warrior,fury,12,4,8
Jhalakni,quelthalas,384,warrior,fury,12,4,8
Muradinpica,stormrage,384,warrior,fury,12,4,8
Neak,kelthuzad,384,warrior,fury,12,4,8
Dotlom,wyrmrest-accord,384,warrior,fury,12,4,8
Luosifen,tichondrius,384,warrior,fury,12,4,8
Aitadon,sargeras,384,warrior,fury,12,4,8
Bighamm,tichondrius,384,warrior,fury,12,4,8
Kanosukai,emerald-dream,384,warrior,fury,12,4,8
Krodah,quelthalas,384,warrior,fury,12,4,8
Wanderlie,zangarmarsh,384,warrior,fury,12,4,8
Goremack,hellscream,384,warrior,fury,12,4,8
Pigblind,azralon,384,warrior,fury,12,4,8
Potan,thrall,384,warrior,fury,12,4,8
Aislistraee,moon-guard,384,warrior,fury,12,4,8
Corazondleón,ragnaros,384,warrior,fury,12,4,8
Rezzett,wyrmrest-accord,384,warrior,fury,12,4,8
Appleleon,ragnaros,384,warrior,fury,12,4,8
Drengarusk,area-52,384,warrior,fury,12,4,8
Metalhaed,thrall,384,warrior,fury,12,4,8
Okgotchax,kelthuzad,384,warrior,fury,12,4,8
Nvzah,area-52,384,warrior,fury,12,4,8
Gorm,greymane,384,warrior,fury,12,4,8
Shinshido,tichondrius,384,warrior,fury,12,4,8
Truegit,illidan,384,warrior,fury,12,4,8
Gravo,ragnaros,384,warrior,fury,12,4,8
Sakutarou,lightbringer,384,warrior,fury,12,4,8
Hukzula,illidan,384,warrior,fury,12,4,8
Goatmanee,tichondrius,384,warrior,fury,12,4,8
Nobowar,tichondrius,384,warrior,fury,12,4,8
Worgasum,black-dragonflight,384,warrior,fury,12,4,8
Nasrôth,korialstrasz,384,warrior,fury,12,4,8
Kuragdem,trollbane,384,warrior,fury,18,4,14
Lsays,tichondrius,384,warrior,fury,18,4,14
Captnwrink,ysera,383,warrior,fury,6,4,2
Hæmomancy,moon-guard,383,warrior,fury,12,4,8
Rahmholz,bonechewer,383,warrior,fury,12,4,8
Greggor,frostmourne,383,warrior,fury,12,4,8
Galadon,amanthul,383,warrior,fury,12,4,8
Anger,zuljin,383,warrior,fury,24,4,20
Ünö,proudmoore,382,warrior,fury,6,4,2
Fangerbiter,destromath,382,warrior,fury,6,4,2
Solveighelga,drakkari,381,warrior,fury,12,4,8
Riddickx,dragonblight,379,warrior,fury,12,4,8
Glennyballs,dalaran,379,warrior,fury,12,4,8
Baxel,arthas,367,warrior,fury,11,4,7
Pappin,malganis,351,warrior,fury,11,4,7
Gotrekson,azralon,351,warrior,fury,11,4,7
Koaltank,illidan,351,warrior,fury,14,5,9
Weepingdeath,burning-legion,336,warrior,fury,15,4,11
Darkrevel,dalvengyr,335,warrior,fury,11,4,7
Boonn,frostmourne,330,warrior,fury,13,7,6
Kíngkaisér,azralon,330,warrior,fury,15,6,9
Huleo,tichondrius,330,warrior,fury,14,5,9
Mataviejitos,ragnaros,329,warrior,fury,16,7,9
Fancyboo,malganis,319,warrior,fury,8,4,4
Rohde,nemesis,319,warrior,fury,8,4,4
Racknon,ragnaros,304,warrior,fury,7,4,3
Wallzar,sargeras,304,warrior,fury,13,4,9
Vodak,daggerspine,288,warrior,fury,6,3,3
Gläedr,dalaran,288,warrior,fury,6,3,3
Protstitute,hyjal,288,warrior,fury,6,3,3
Carborr,frostmourne,288,warrior,fury,6,3,3
Kamigoroshi,crushridge,288,warrior,fury,6,3,3
Wwesheamus,frostmourne,288,warrior,fury,6,3,3
Chapublin,ragnaros,288,warrior,fury,6,3,3
Smxrf,hyjal,288,warrior,fury,6,3,3
Bigdickgomez,frostmourne,288,warrior,fury,6,3,3
Goywarr,illidan,288,warrior,fury,6,3,3
Kreamyumyums,tichondrius,288,warrior,fury,6,3,3
Benw,dawnbringer,288,warrior,fury,6,3,3
Instakill,garrosh,288,warrior,fury,6,3,3
Joarmyman,proudmoore,288,warrior,fury,6,3,3
Grantlol,illidan,288,warrior,fury,6,3,3
Malystik,ragnaros,288,warrior,fury,6,3,3
Glexecute,sargeras,288,warrior,fury,6,3,3
Beârz,the-underbog,288,warrior,fury,6,3,3
Colössal,moon-guard,288,warrior,fury,6,3,3
Guillotinè,area-52,288,warrior,fury,6,3,3
Kurowar,drakkari,288,warrior,fury,6,3,3
Madblackcat,illidan,288,warrior,fury,6,3,3
Goyqqw,illidan,288,warrior,fury,6,3,3
Dirtypin,shadowmoon,288,warrior,fury,6,3,3
Uncritable,dalaran,288,warrior,fury,6,3,3
Seymourbot,illidan,288,warrior,fury,6,3,3
Ruffless,skullcrusher,288,warrior,fury,6,3,3
Oprampage,illidan,288,warrior,fury,6,3,3
Satedqq,illidan,288,warrior,fury,6,3,3
Swiftÿ,gurubashi,288,warrior,fury,6,3,3
Crowsfall,aggramar,288,warrior,fury,6,3,3
Pongk,tichondrius,288,warrior,fury,6,3,3
Korland,aerie-peak,288,warrior,fury,6,3,3
Twilightrain,tichondrius,288,warrior,fury,6,3,3
Bruzerk,ragnaros,288,warrior,fury,6,3,3
Kahn,andorhal,288,warrior,fury,6,3,3
Scylall,area-52,288,warrior,fury,6,3,3
Gongos,doomhammer,288,warrior,fury,6,3,3
Tenfury,proudmoore,288,warrior,fury,6,3,3
Mildsauce,illidan,288,warrior,fury,6,3,3
Thaann,illidan,288,warrior,fury,6,3,3
Stellabear,aggramar,288,warrior,fury,6,3,3
Taywar,sargeras,288,warrior,fury,6,3,3
Daddyd,sargeras,288,warrior,fury,6,3,3
Corgii,khaz-modan,288,warrior,fury,6,3,3
Júmmy,area-52,288,warrior,fury,6,3,3
Terazova,tichondrius,288,warrior,fury,6,3,3
Säbeër,ragnaros,288,warrior,fury,6,3,3
Galachad,jubeithos,288,warrior,fury,6,3,3
Abuse,nordrassil,288,warrior,fury,6,3,3
Cassetto,icecrown,288,warrior,fury,6,3,3
Wisslogia,ragnaros,288,warrior,fury,6,3,3
Dözer,icecrown,288,warrior,fury,6,3,3
Çhocothunder,area-52,288,warrior,fury,6,3,3
Rogorof,azralon,288,warrior,fury,6,3,3
Kimed,nordrassil,288,warrior,fury,6,3,3
Wescer,frostmourne,288,warrior,fury,6,3,3
Atruis,area-52,288,warrior,fury,6,3,3
Govosh,thrall,288,warrior,fury,6,3,3
Shadalloo,azralon,288,warrior,fury,6,3,3
Elix,stormscale,288,warrior,fury,6,3,3
Tobyrendrson,area-52,288,warrior,fury,6,3,3
Wolfsbanne,khadgar,288,warrior,fury,6,3,3
Nginx,queldorei,288,warrior,fury,6,3,3
Aruia,proudmoore,288,warrior,fury,6,3,3
Xragnar,area-52,288,warrior,fury,6,3,3
Boitoróh,azralon,288,warrior,fury,6,3,3
Strongboii,tichondrius,288,warrior,fury,6,3,3
Chubw,tichondrius,288,warrior,fury,6,3,3
Demøletiøn,stormrage,288,warrior,fury,6,3,3
Scran,sargeras,288,warrior,fury,6,3,3
Warriorbrain,wyrmrest-accord,288,warrior,fury,6,3,3
Riechst,quelthalas,288,warrior,fury,6,3,3
Demobox,malganis,288,warrior,fury,6,3,3
Heavydoody,moon-guard,288,warrior,fury,6,3,3
Skynitez,area-52,288,warrior,fury,6,3,3
Zerrekarr,wyrmrest-accord,288,warrior,fury,6,3,3
Martrek,amanthul,288,warrior,fury,6,3,3
Gryl,stormrage,288,warrior,fury,6,3,3
Verydanger,emerald-dream,288,warrior,fury,6,3,3
Thegoodson,zuljin,288,warrior,fury,6,3,3
Corvesio,wyrmrest-accord,288,warrior,fury,6,3,3
Lechee,silvermoon,288,warrior,fury,6,3,3
Kwelve,proudmoore,288,warrior,fury,6,3,3
Brøly,sargeras,288,warrior,fury,6,3,3
Cronrow,thunderlord,288,warrior,fury,6,3,3
Hithen,quelthalas,288,warrior,fury,6,3,3
Bloodthornx,quelthalas,288,warrior,fury,6,3,3
Alanoria,skywall,288,warrior,fury,6,3,3
Warbringerr,hydraxis,288,warrior,fury,6,3,3
Painfulsin,tichondrius,288,warrior,fury,6,3,3
Morelz,stormrage,288,warrior,fury,6,3,3
Miyamashi,stormrage,288,warrior,fury,6,3,3
Herkja,barthilas,288,warrior,fury,6,3,3
Santhvel,jubeithos,288,warrior,fury,6,3,3
Makeranbing,barthilas,288,warrior,fury,6,3,3
Aùstin,moon-guard,288,warrior,fury,6,3,3
Broksampson,stormrage,288,warrior,fury,6,3,3
Decimateme,tichondrius,288,warrior,fury,6,3,3
Zemi,sargeras,288,warrior,fury,6,3,3
Lightswords,stormrage,288,warrior,fury,6,3,3
Executie,duskwood,288,warrior,fury,6,3,3
Durres,tichondrius,288,warrior,fury,6,3,3
Razzik,emerald-dream,288,warrior,fury,6,3,3
Milkmebby,bleeding-hollow,288,warrior,fury,6,3,3
Slãmpiece,stormrage,288,warrior,fury,6,3,3
Tâlos,magtheridon,288,warrior,fury,6,3,3
Wargasms,alterac-mountains,288,warrior,fury,6,3,3
Bigshett,sargeras,288,warrior,fury,6,3,3
Mammo,khazgoroth,288,warrior,fury,6,3,3
Jethrix,kelthuzad,288,warrior,fury,6,3,3
Tsathoggua,kiljaeden,288,warrior,fury,6,3,3
Cocó,sargeras,288,warrior,fury,6,3,3
Aeros,winterhoof,288,warrior,fury,6,3,3
Vengxdor,stormrage,288,warrior,fury,6,3,3
Peterheater,emerald-dream,288,warrior,fury,6,3,3
Kénblock,tichondrius,288,warrior,fury,6,3,3
Rí,moon-guard,288,warrior,fury,6,3,3
Orcly,kilrogg,288,warrior,fury,6,3,3
Kàli,kiljaeden,288,warrior,fury,6,3,3
Anticiðe,zuljin,288,warrior,fury,6,3,3
Swíshersweét,kelthuzad,288,warrior,fury,6,3,3
Barbarìan,bleeding-hollow,288,warrior,fury,6,3,3
Mcdowëll,moon-guard,288,warrior,fury,6,3,3
Zangre,stormrage,288,warrior,fury,6,3,3
Unng,emerald-dream,288,warrior,fury,6,3,3
Bled,quelthalas,288,warrior,fury,10,4,6
Cøpperpøt,bleeding-hollow,288,warrior,fury,9,3,6
Serrabella,illidan,288,warrior,fury,12,3,9
Irallianaa,daggerspine,288,warrior,fury,12,3,9
Krilles,tichondrius,288,warrior,fury,12,3,9
Blackscale,grizzly-hills,288,warrior,fury,12,3,9
Painquin,boulderfist,288,warrior,fury,12,3,9
Shínkicker,area-52,288,warrior,fury,12,3,9
Kromgrall,tichondrius,288,warrior,fury,12,3,9
Pastorpeen,thrall,288,warrior,fury,12,3,9
Leonz,undermine,288,warrior,fury,12,3,9
Apolio,magtheridon,288,warrior,fury,12,3,9
Rólex,tichondrius,288,warrior,fury,12,3,9
Kimuraa,hyjal,288,warrior,fury,12,3,9
Mfgodofwar,kelthuzad,288,warrior,fury,12,3,9
Seanpaiuwu,zuljin,288,warrior,fury,12,3,9
Stromkiller,stormrage,288,warrior,fury,12,3,9
Flexìn,tichondrius,288,warrior,fury,12,3,9
Tríxman,moon-guard,288,warrior,fury,12,3,9
Warseed,ragnaros,288,warrior,fury,12,3,9
Lynn,zangarmarsh,288,warrior,fury,12,3,9
Banggo,frostmourne,288,warrior,fury,12,3,9
Gristly,sargeras,288,warrior,fury,12,3,9
Barcëlð,frostmourne,288,warrior,fury,12,3,9
Ratface,frostmourne,288,warrior,fury,12,3,9
Zelekron,emerald-dream,288,warrior,fury,12,3,9
Krimmjðw,sargeras,288,warrior,fury,12,3,9
Jujuassgeter,darkspear,288,warrior,fury,18,3,15
Norru,moon-guard,288,warrior,fury,18,3,15
Disclone,tichondrius,287,warrior,fury,6,3,3
Eadsmasher,jubeithos,287,warrior,fury,6,3,3
Worc,aggramar,287,warrior,fury,6,3,3
Croxxs,aegwynn,287,warrior,fury,6,3,3
Monsterpepe,tichondrius,287,warrior,fury,12,3,9
Daymancometh,proudmoore,271,warrior,fury,11,3,8
Zolpidem,nemesis,255,warrior,fury,11,3,8
Bigdaddyzees,bleeding-hollow,255,warrior,fury,11,3,8
Kitiará,area-52,240,warrior,fury,9,4,5
Gwod,stormrage,239,warrior,fury,5,3,2
Coffeebottom,wyrmrest-accord,239,warrior,fury,5,3,2
Chupelo,tichondrius,239,warrior,fury,5,3,2
Reagzy,stormrage,234,warrior,fury,10,4,6
Schlosh,laughing-skull,223,warrior,fury,8,3,5
Heirel,kelthuzad,208,warrior,fury,7,3,4
Orangerzze,hyjal,200,warrior,fury,25,6,19
Çórý,area-52,192,warrior,fury,4,3,1
Datneck,tichondrius,192,warrior,fury,4,3,1
Mightypikel,illidan,192,warrior,fury,4,3,1
Amaragos,tichondrius,192,warrior,fury,6,4,2
Drefnor,thunderhorn,192,warrior,fury,9,3,6
Drenzywar,scilla,192,warrior,fury,6,2,4
Rageroidz,area-52,192,warrior,fury,6,2,4
Sveenn,area-52,192,warrior,fury,6,2,4
Tigas,icecrown,192,warrior,fury,6,2,4
Beatmeat,frostmourne,192,warrior,fury,6,2,4
Good,garona,192,warrior,fury,6,2,4
Flarkin,area-52,192,warrior,fury,6,2,4
Druckerz,lightnings-blade,192,warrior,fury,6,2,4
Cellyndia,area-52,192,warrior,fury,6,2,4
Momlover,area-52,192,warrior,fury,6,2,4
Hatedßyßlízz,area-52,192,warrior,fury,6,2,4
Jayynorthyy,malganis,192,warrior,fury,6,2,4
Nsanesavage,kelthuzad,192,warrior,fury,6,2,4
Lepzed,area-52,192,warrior,fury,6,2,4
Threg,malganis,192,warrior,fury,6,2,4
Tortag,malganis,192,warrior,fury,6,2,4
Melithiae,barthilas,192,warrior,fury,6,2,4
Shandrar,frostmourne,192,warrior,fury,6,2,4
Sako,amanthul,192,warrior,fury,6,2,4
Vaclein,quelthalas,192,warrior,fury,6,2,4
Gistid,frostmourne,192,warrior,fury,6,2,4
Valko,ragnaros,192,warrior,fury,6,2,4
Tappyz,area-52,192,warrior,fury,6,2,4
Fofefa,ragnaros,192,warrior,fury,6,2,4
Tarkvs,ragnaros,192,warrior,fury,6,2,4
Tepaste,ragnaros,192,warrior,fury,6,2,4
Ghostkin,ragnaros,192,warrior,fury,6,2,4
Elchacál,ragnaros,192,warrior,fury,6,2,4
Azrailz,stormrage,192,warrior,fury,6,2,4
Risingson,argent-dawn,192,warrior,fury,6,2,4
Erikx,ragnaros,192,warrior,fury,6,2,4
Weewarrior,wyrmrest-accord,192,warrior,fury,6,2,4
Unterg,ragnaros,192,warrior,fury,6,2,4
Amberlym,ragnaros,192,warrior,fury,6,2,4
Horahloux,ragnaros,192,warrior,fury,6,2,4
Mimiu,ragnaros,192,warrior,fury,6,2,4
Containerbox,korgath,192,warrior,fury,6,2,4
Koast,aerie-peak,192,warrior,fury,6,2,4
Nebraskapete,wyrmrest-accord,192,warrior,fury,6,2,4
Elyoy,aerie-peak,192,warrior,fury,6,2,4
Ludøciel,moon-guard,192,warrior,fury,6,2,4
Kaniks,dalaran,192,warrior,fury,6,2,4
Persiancoco,tichondrius,192,warrior,fury,6,2,4
Brewstrike,dalaran,192,warrior,fury,6,2,4
Stugwar,moon-guard,192,warrior,fury,6,2,4
Alchremo,dalaran,192,warrior,fury,6,2,4
Slamspam,the-underbog,192,warrior,fury,6,2,4
Cartmain,illidan,192,warrior,fury,6,2,4
Barntley,illidan,192,warrior,fury,6,2,4
Aisinbro,illidan,192,warrior,fury,6,2,4
Greenmachine,twisting-nether,192,warrior,fury,6,2,4
Gangelx,illidan,192,warrior,fury,6,2,4
Ballinx,illidan,192,warrior,fury,6,2,4
Ragetide,illidan,192,warrior,fury,6,2,4
Painstake,illidan,192,warrior,fury,6,2,4
Kraven,haomarush,192,warrior,fury,6,2,4
Iapologiz,illidan,192,warrior,fury,6,2,4
Outo,stormrage,192,warrior,fury,6,2,4
Aqee,illidan,192,warrior,fury,6,2,4
Mekkanic,moon-guard,192,warrior,fury,6,2,4
Jäëgër,moon-guard,192,warrior,fury,6,2,4
Lôwkeyfix,illidan,192,warrior,fury,6,2,4
Tickletickle,illidan,192,warrior,fury,6,2,4
Lopotron,sargeras,192,warrior,fury,6,2,4
Zareos,azralon,192,warrior,fury,6,2,4
Halò,thrall,192,warrior,fury,6,2,4
Hadowar,thrall,192,warrior,fury,6,2,4
Gakatarc,thrall,192,warrior,fury,6,2,4
Verigislena,moon-guard,192,warrior,fury,6,2,4
Andrexion,moon-guard,192,warrior,fury,6,2,4
Brosèph,sargeras,192,warrior,fury,6,2,4
Xanåtos,moon-guard,192,warrior,fury,6,2,4
Dagorine,eredar,192,warrior,fury,6,2,4
Jowesley,azralon,192,warrior,fury,6,2,4
Arx,frostwolf,192,warrior,fury,6,2,4
Estrasystole,sargeras,192,warrior,fury,6,2,4
Ðöminátè,kiljaeden,192,warrior,fury,6,2,4
Dragmös,nemesis,192,warrior,fury,6,2,4
Torimzor,nemesis,192,warrior,fury,6,2,4
Franc,kiljaeden,192,warrior,fury,6,2,4
Backtrack,whisperwind,192,warrior,fury,6,2,4
Peekyblinder,kiljaeden,192,warrior,fury,6,2,4
Blademaw,stormreaver,192,warrior,fury,6,2,4
Clerond,tichondrius,192,warrior,fury,6,2,4
Kokixz,tichondrius,192,warrior,fury,6,2,4
Shrexecute,tichondrius,192,warrior,fury,6,2,4
Itzyourmom,nazjatar,192,warrior,fury,6,2,4
Xiing,azshara,192,warrior,fury,6,2,4
Gotcrit,blood-furnace,192,warrior,fury,6,2,4
Therealflex,zuljin,192,warrior,fury,6,2,4
Neifle,tichondrius,192,warrior,fury,6,2,4
Mortaldznuts,tichondrius,192,warrior,fury,6,2,4
Saltyareolas,destromath,192,warrior,fury,6,2,4
Helder,destromath,192,warrior,fury,6,2,4
Yermalt,tichondrius,192,warrior,fury,6,2,4
Bernardes,stormrage,192,warrior,fury,6,2,4
Kachigas,sargeras,192,warrior,fury,6,2,4
Mussashí,stormrage,192,warrior,fury,6,2,4
Sustantus,emerald-dream,192,warrior,fury,6,2,4
Linios,tichondrius,192,warrior,fury,6,2,4
Twoironfist,azralon,192,warrior,fury,6,2,4
Thrawb,bleeding-hollow,192,warrior,fury,6,2,4
Jeyvil,stormrage,192,warrior,fury,6,2,4
Reishera,stormrage,192,warrior,fury,6,2,4
Hackbbadda,tichondrius,192,warrior,fury,6,2,4
Twilightzza,sargeras,192,warrior,fury,6,2,4
Kalabawph,area-52,192,warrior,fury,6,2,4
Supersteak,tichondrius,192,warrior,fury,6,2,4
Creepedz,tichondrius,192,warrior,fury,6,2,4
Bachyr,stormrage,192,warrior,fury,6,2,4
Veyronn,stormrage,192,warrior,fury,6,2,4
Wqnmlgbd,tichondrius,192,warrior,fury,6,2,4
Jägernaught,stormrage,192,warrior,fury,6,2,4
Yeèzy,stormrage,192,warrior,fury,6,2,4
Skollyd,tichondrius,192,warrior,fury,6,2,4
Wariorwang,tichondrius,192,warrior,fury,6,2,4
Noor,tichondrius,192,warrior,fury,6,2,4
ßoris,grizzly-hills,192,warrior,fury,6,2,4
Uju,lothar,192,warrior,fury,6,2,4
Släughter,zuljin,192,warrior,fury,6,2,4
Boombop,zuljin,192,warrior,fury,6,2,4
Rundai,zuljin,192,warrior,fury,6,2,4
Swinkyzug,tichondrius,192,warrior,fury,6,2,4
Xorjak,tichondrius,192,warrior,fury,6,2,4
Drugdilla,zuljin,192,warrior,fury,6,2,4
Browngusher,sargeras,192,warrior,fury,6,2,4
Saltyniples,aegwynn,192,warrior,fury,6,2,4
Zdokk,sargeras,192,warrior,fury,6,2,4
Birddogs,scarlet-crusade,192,warrior,fury,6,2,4
Warmul,bleeding-hollow,192,warrior,fury,6,2,4
Oledcktwist,garrosh,192,warrior,fury,6,2,4
Bigbadaxe,sargeras,192,warrior,fury,6,2,4
Lokgur,gallywix,192,warrior,fury,6,2,4
Aboveaverage,arthas,192,warrior,fury,6,2,4
Bobisyourmom,tichondrius,192,warrior,fury,6,2,4
Onlyslams,sargeras,192,warrior,fury,6,2,4
Estrozo,sargeras,192,warrior,fury,6,2,4
Wooters,tichondrius,192,warrior,fury,6,2,4
Matahorda,darkspear,192,warrior,fury,6,2,4
Oohdang,tichondrius,192,warrior,fury,6,2,4
Illicitiri,sargeras,192,warrior,fury,6,2,4
Ultraa,lightbringer,192,warrior,fury,6,2,4
Eîghtysîx,sargeras,192,warrior,fury,6,2,4
Bariotyr,the-underbog,192,warrior,fury,6,2,4
Youdeadx,aegwynn,192,warrior,fury,6,2,4
Deafwarrior,sargeras,192,warrior,fury,6,2,4
Ëxecute,darkspear,192,warrior,fury,6,2,4
Bonesheild,ursin,192,warrior,fury,11,2,9
Doappy,darkspear,192,warrior,fury,12,2,10
Gymnopolar,barthilas,192,warrior,fury,12,2,10
Queterompo,ragnaros,192,warrior,fury,12,2,10
Osselan,moon-guard,192,warrior,fury,12,2,10
Pressd,frostmourne,192,warrior,fury,12,2,10
Mickyplate,tichondrius,192,warrior,fury,12,2,10
Nirvyn,quelthalas,191,warrior,fury,6,2,4
Naabii,moon-guard,191,warrior,fury,6,2,4
Leotonywar,tichondrius,191,warrior,fury,6,2,4
Werrewolf,kul-tiras,191,warrior,fury,6,2,4
Wayne,kargath,160,warrior,fury,16,2,14
Sheluh,illidan,159,warrior,fury,5,2,3
Mariò,area-52,159,warrior,fury,5,2,3
Crankyhorn,stormrage,159,warrior,fury,5,2,3
Loosypoosy,magtheridon,159,warrior,fury,5,2,3
Dräxxär,sargeras,138,warrior,fury,10,3,7
Swifty,tichondrius,128,warrior,fury,4,2,2
Chadrich,kilrogg,128,warrior,fury,4,2,2
Fatbarstard,jubeithos,128,warrior,fury,4,2,2
Bootskrapp,azgalor,112,warrior,fury,7,2,5
Bradockqt,azralon,96,warrior,fury,3,2,1
Zuzi,korgath,96,warrior,fury,3,2,1
Warriortimes,ragnaros,96,warrior,fury,6,1,5
Andro,arthas,96,warrior,fury,6,1,5
Polox,ragnaros,96,warrior,fury,6,1,5
Slimeto,area-52,96,warrior,fury,6,1,5
Flabergaster,skullcrusher,96,warrior,fury,6,1,5
Bigk,korgath,96,warrior,fury,6,1,5
Ridemepapi,tichondrius,96,warrior,fury,6,1,5
Rexxous,hyjal,96,warrior,fury,6,1,5
Warritha,ragnaros,96,warrior,fury,6,1,5
Dokoba,bleeding-hollow,96,warrior,fury,6,1,5
Grândmâ,zuljin,96,warrior,fury,6,1,5
Bbyè,tichondrius,96,warrior,fury,6,1,5
Keirina,bonechewer,96,warrior,fury,6,1,5
Broxar,area-52,96,warrior,fury,6,1,5
Kaikah,aegwynn,96,warrior,fury,6,1,5
Slayabunny,icecrown,96,warrior,fury,6,1,5
Aftershóck,daggerspine,96,warrior,fury,6,1,5
Quasi,tichondrius,96,warrior,fury,6,1,5
Kevinersaa,frostmourne,96,warrior,fury,6,1,5
Dabdaddyy,dawnbringer,96,warrior,fury,6,1,5
Agamere,stormrage,96,warrior,fury,6,1,5
Xiaohuzi,tichondrius,96,warrior,fury,6,1,5
Xehm,tichondrius,96,warrior,fury,6,1,5
Radianteyes,quelthalas,96,warrior,fury,6,1,5
Freanor,azralon,96,warrior,fury,6,1,5
Dorathorn,azralon,96,warrior,fury,6,1,5
Largegayman,sargeras,96,warrior,fury,6,1,5
Igmif,stormrage,96,warrior,fury,6,1,5
Carnagè,area-52,96,warrior,fury,6,1,5
Nerdturd,mannoroth,96,warrior,fury,6,1,5
Smashkuntz,lightnings-blade,96,warrior,fury,6,1,5
Ustadbaba,area-52,96,warrior,fury,6,1,5
Bumrushed,tichondrius,96,warrior,fury,6,1,5
Nillor,emerald-dream,96,warrior,fury,6,1,5
Alitalia,thunderlord,96,warrior,fury,6,1,5
Girthyslaps,frostmourne,96,warrior,fury,6,1,5
Jotar,goldrinn,96,warrior,fury,6,1,5
Draann,kirin-tor,96,warrior,fury,6,1,5
Bigwarrior,stonemaul,96,warrior,fury,6,1,5
Omnislash,proudmoore,96,warrior,fury,6,1,5
Genesisxp,barthilas,96,warrior,fury,6,1,5
Trollchopo,kiljaeden,96,warrior,fury,6,1,5
Philbert,alexstrasza,96,warrior,fury,6,1,5
Handain,malganis,96,warrior,fury,6,1,5
Tamagoshi,kiljaeden,96,warrior,fury,6,1,5
Aiforix,gorefiend,96,warrior,fury,6,1,5
Schwicker,stormrage,96,warrior,fury,6,1,5
Murrdock,nesingwary,96,warrior,fury,6,1,5
Magarrior,shadowsong,96,warrior,fury,6,1,5
Horabad,terenas,96,warrior,fury,6,1,5
Trén,hydraxis,96,warrior,fury,6,1,5
Varrian,rivendare,96,warrior,fury,6,1,5
Warrbull,spirestone,96,warrior,fury,6,1,5
Warrdawg,tichondrius,96,warrior,fury,6,1,5
Srze,azralon,96,warrior,fury,6,1,5
Rades,sargeras,96,warrior,fury,6,1,5
Neotico,quelthalas,96,warrior,fury,6,1,5
Arkayla,moon-guard,96,warrior,fury,6,1,5
Freesubs,sargeras,96,warrior,fury,6,1,5
Lifaen,zangarmarsh,96,warrior,fury,6,1,5
Katsarola,cenarion-circle,96,warrior,fury,6,1,5
Jazzkiler,azralon,96,warrior,fury,6,1,5
Pcprincipal,khadgar,96,warrior,fury,6,1,5
Spartacam,frostmourne,96,warrior,fury,6,1,5
Wapistun,thrall,96,warrior,fury,6,1,5
ßallinjr,illidan,96,warrior,fury,6,1,5
Loveføx,stormrage,96,warrior,fury,6,1,5
Aladarith,moon-guard,96,warrior,fury,6,1,5
Augutra,moon-guard,96,warrior,fury,6,1,5
Mafia,dalaran,96,warrior,fury,6,1,5
Xut,moon-guard,96,warrior,fury,6,1,5
Soulmerc,turalyon,96,warrior,fury,6,1,5
Play,dark-iron,96,warrior,fury,6,1,5
Beray,skullcrusher,96,warrior,fury,6,1,5
Lawlstørm,stormrage,96,warrior,fury,6,1,5
Tarviss,exodar,96,warrior,fury,6,1,5
Vvengencezz,the-underbog,96,warrior,fury,6,1,5
Woponese,veknilash,96,warrior,fury,6,1,5
Fletçhér,sargeras,96,warrior,fury,7,1,6
Dragvovar,thrall,96,warrior,fury,7,1,6
Maaxdry,area-52,96,warrior,fury,12,1,11
Furyofbeans,area-52,96,warrior,fury,12,1,11
Zaxari,gurubashi,96,warrior,fury,12,1,11
Mamalonic,ragnaros,96,warrior,fury,12,1,11
Mawdryn,destromath,96,warrior,fury,12,1,11
Cremosö,azralon,64,warrior,fury,4,1,3
Gigglamesh,muradin,64,warrior,fury,4,1,3
Adonis,burning-blade,64,warrior,fury,10,1,9
Coverage,frostmourne,63,warrior,fury,2,2,0
Betametazone,ragnaros,63,warrior,fury,2,2,0
Rageorade,area-52,48,warrior,fury,3,1,2
Kirikash,illidan,42,warrior,fury,6,2,4
Husurnanny,dalaran,42,warrior,fury,7,2,5
Lokiullr,tichondrius,42,warrior,fury,9,2,7
Ztg,tichondrius,42,warrior,fury,11,2,9
Vioar,hyjal,31,warrior,fury,2,1,1
Khàzix,kelthuzad,31,warrior,fury,2,1,1
Spartaacus,windrunner,31,warrior,fury,2,1,1
Sanduin,drakkari,16,warrior,fury,1,1,0
Hapigirl,tichondrius,2283,warrior,arms,66,48,18
Exzistance,area-52,2242,warrior,arms,127,70,57
Río,area-52,2216,warrior,arms,136,72,64
Thiccbiscuit,area-52,2168,warrior,arms,133,67,66
Zhanwudix,tichondrius,2162,warrior,arms,111,62,49
Killbørn,azralon,2156,warrior,arms,90,47,43
Turtleboy,feathermoon,2141,warrior,arms,79,45,34
Todory,moon-guard,2137,warrior,arms,155,78,77
Ikkyuo,proudmoore,2136,warrior,arms,174,93,81
Ðêed,area-52,2133,warrior,arms,81,46,35
Dpoy,tichondrius,2128,warrior,arms,108,54,54
Kraftyx,bleeding-hollow,2125,warrior,arms,72,44,28
Ssamök,ragnaros,2125,warrior,arms,329,168,161
Buckwar,zuljin,2121,warrior,arms,78,41,37
Huzha,tichondrius,2114,warrior,arms,117,64,53
Warried,sargeras,2113,warrior,arms,66,37,29
Tyranitar,proudmoore,2113,warrior,arms,90,50,40
Strife,sargeras,2112,warrior,arms,56,32,24
Vituu,sargeras,2104,warrior,arms,104,54,50
Killborn,tichondrius,2104,warrior,arms,145,73,72
Edgarllama,sargeras,2103,warrior,arms,87,48,39
ßallinjr,illidan,2103,warrior,arms,90,46,44
Huuzha,tichondrius,2102,warrior,arms,95,55,40
Récksus,tichondrius,2101,warrior,arms,74,43,31
Nikomasked,kelthuzad,2100,warrior,arms,66,37,29
Schonkopf,moon-guard,2100,warrior,arms,90,46,44
Vø,agamaggan,2098,warrior,arms,153,79,74
Abswar,tichondrius,2062,warrior,arms,135,80,55
Leans,sargeras,2048,warrior,arms,143,78,65
Tankypandazd,stormrage,2048,warrior,arms,240,123,117
Kimchikick,tichondrius,2047,warrior,arms,179,96,83
Exespamtwo,area-52,2045,warrior,arms,206,112,94
Recksus,tichondrius,2041,warrior,arms,101,63,38
Marsshine,tichondrius,2040,warrior,arms,107,54,53
Orclog,illidan,2033,warrior,arms,72,37,35
Gyracide,area-52,2016,warrior,arms,101,49,52
Icanfixher,moon-guard,2011,warrior,arms,630,318,312
Ddaÿ,tichondrius,2008,warrior,arms,82,40,42
Toutie,tichondrius,2007,warrior,arms,102,54,48
Menethíl,tichondrius,2002,warrior,arms,144,73,71
Foxxfighter,thrall,2000,warrior,arms,77,40,37
Nuqipq,tichondrius,1997,warrior,arms,54,31,23
Bacchanal,illidan,1996,warrior,arms,191,97,94
Leoneceo,azralon,1988,warrior,arms,108,69,39
Cloudxxy,kiljaeden,1988,warrior,arms,69,38,31
Trezturbo,tichondrius,1988,warrior,arms,153,84,69
Icarryrats,tichondrius,1988,warrior,arms,105,52,53
Huugg,skullcrusher,1985,warrior,arms,135,74,61
Arthurjlol,tichondrius,1982,warrior,arms,72,33,39
Zankets,area-52,1981,warrior,arms,144,74,70
Boblennon,tichondrius,1977,warrior,arms,72,33,39
Ironbad,sargeras,1975,warrior,arms,94,50,44
Exëqt,nemesis,1974,warrior,arms,114,61,53
Sick,azralon,1973,warrior,arms,94,46,48
Belàrià,tichondrius,1969,warrior,arms,66,39,27
Lyrics,tichondrius,1969,warrior,arms,62,32,30
Pdbq,tichondrius,1968,warrior,arms,114,59,55
Fanglerondz,area-52,1966,warrior,arms,42,25,17
Bighamm,tichondrius,1965,warrior,arms,71,40,31
Ælilblessedñ,azralon,1964,warrior,arms,154,81,73
Nitron,dawnbringer,1963,warrior,arms,71,36,35
Massacretko,area-52,1962,warrior,arms,88,50,38
Grantlol,illidan,1961,warrior,arms,102,55,47
Og,shattered-hand,1958,warrior,arms,47,29,18
Cammerz,area-52,1949,warrior,arms,132,68,64
Foraken,dragonmaw,1948,warrior,arms,59,36,23
Belàriá,tichondrius,1948,warrior,arms,66,36,30
Tryhardr,sargeras,1948,warrior,arms,230,123,107
Islonely,tichondrius,1944,warrior,arms,138,63,75
Blackpînk,tichondrius,1943,warrior,arms,66,38,28
Yermalx,tichondrius,1941,warrior,arms,54,30,24
Perfs,bleeding-hollow,1931,warrior,arms,108,53,55
Kalpok,tichondrius,1929,warrior,arms,64,33,31
Yermalt,tichondrius,1928,warrior,arms,92,48,44
Xîonorc,ragnaros,1928,warrior,arms,213,110,103
Salgadoryan,stormrage,1928,warrior,arms,208,102,106
Sziw,tichondrius,1926,warrior,arms,192,101,91
Kiggs,tichondrius,1925,warrior,arms,66,34,32
Ricorecklezz,korgath,1925,warrior,arms,66,32,34
Marfas,hyjal,1924,warrior,arms,157,86,71
Bigbait,hyjal,1921,warrior,arms,78,38,40
Gormag,sargeras,1917,warrior,arms,60,35,25
Smorc,stormrage,1917,warrior,arms,60,31,29
Bhaldur,sargeras,1913,warrior,arms,134,74,60
Míasma,ragnaros,1912,warrior,arms,78,35,43
Veilsidewar,kelthuzad,1910,warrior,arms,420,221,199
Cosmicsteel,tichondrius,1908,warrior,arms,88,51,37
Jadeemerald,kelthuzad,1906,warrior,arms,72,40,32
Solastro,malganis,1906,warrior,arms,74,35,39
Destrey,emerald-dream,1905,warrior,arms,71,41,30
Mítos,quelthalas,1904,warrior,arms,198,101,97
Painqt,area-52,1903,warrior,arms,24,20,4
Cutgirl,quelthalas,1903,warrior,arms,74,38,36
Madblackcat,illidan,1902,warrior,arms,58,34,24
Isnlonely,tichondrius,1901,warrior,arms,42,26,16
Rageroidz,area-52,1901,warrior,arms,72,40,32
Azaks,drakkari,1900,warrior,arms,52,28,24
Stáclin,ragnaros,1897,warrior,arms,458,253,205
Musclehead,moon-guard,1893,warrior,arms,117,73,44
Lícketysplít,ysondre,1893,warrior,arms,52,29,23
Kydrav,khadgar,1891,warrior,arms,52,28,24
Jgillz,sargeras,1891,warrior,arms,78,41,37
Paoxiaolol,tichondrius,1890,warrior,arms,73,47,26
Jdubz,frostmourne,1889,warrior,arms,66,36,30
Joshiguy,area-52,1889,warrior,arms,78,36,42
Etchiasoko,gurubashi,1888,warrior,arms,48,33,15
Betterthanu,azralon,1885,warrior,arms,174,91,83
Drdalidou,zuljin,1884,warrior,arms,42,20,22
Arivok,hyjal,1883,warrior,arms,161,81,80
Warclow,tichondrius,1883,warrior,arms,162,81,81
Baitson,hyjal,1882,warrior,arms,60,30,30
Chakø,tichondrius,1878,warrior,arms,96,54,42
Masumura,kaelthas,1877,warrior,arms,62,31,31
Bùbbájr,emerald-dream,1874,warrior,arms,66,31,35
Dishonorkill,dentarg,1873,warrior,arms,37,25,12
Blackpinkx,tichondrius,1873,warrior,arms,48,23,25
Iløveaysla,azralon,1872,warrior,arms,66,31,35
Shadowstingg,tichondrius,1871,warrior,arms,71,33,38
Ignid,tichondrius,1871,warrior,arms,108,49,59
Urdem,moon-guard,1869,warrior,arms,156,87,69
Eqztw,tichondrius,1864,warrior,arms,149,90,59
Ushouldnome,tichondrius,1863,warrior,arms,60,32,28
Dawx,thrall,1862,warrior,arms,65,32,33
Warrgodlol,illidan,1860,warrior,arms,39,20,19
Vascoes,alleria,1859,warrior,arms,180,100,80
Pezy,frostmourne,1858,warrior,arms,120,59,61
Sunamys,illidan,1857,warrior,arms,48,23,25
Evach,kelthuzad,1856,warrior,arms,52,30,22
Spìke,thrall,1856,warrior,arms,149,75,74
Sponsored,argent-dawn,1856,warrior,arms,71,33,38
Pooshshi,illidan,1855,warrior,arms,60,29,31
Falindrah,moon-guard,1854,warrior,arms,66,32,34
Archosaurs,illidan,1854,warrior,arms,48,23,25
Evnine,illidan,1853,warrior,arms,39,29,10
Bakadoom,illidan,1853,warrior,arms,90,53,37
Rafheeki,tichondrius,1853,warrior,arms,90,49,41
Lebanesemvp,tichondrius,1853,warrior,arms,91,49,42
Mynameyaff,tichondrius,1852,warrior,arms,199,115,84
Brahmo,kelthuzad,1852,warrior,arms,66,38,28
Ruzoc,frostmourne,1851,warrior,arms,112,50,62
Demetor,skywall,1850,warrior,arms,53,27,26
Goodlikeplay,ragnaros,1849,warrior,arms,60,34,26
Jikith,proudmoore,1847,warrior,arms,48,23,25
Bigbadbaka,thaurissan,1847,warrior,arms,78,36,42
Icon,tichondrius,1846,warrior,arms,46,35,11
Blozar,illidan,1846,warrior,arms,60,30,30
Kames,garrosh,1845,warrior,arms,160,82,78
Randydanger,illidan,1845,warrior,arms,66,32,34
Ggtk,tichondrius,1845,warrior,arms,66,31,35
Wheyprotein,illidan,1844,warrior,arms,42,22,20
Battousai,kiljaeden,1844,warrior,arms,54,27,27
Ochinching,tichondrius,1844,warrior,arms,78,36,42
Bladebuster,stormrage,1843,warrior,arms,66,36,30
Dabaojiàn,illidan,1843,warrior,arms,45,23,22
Ruinenlust,zuljin,1843,warrior,arms,66,29,37
Forakenna,dragonmaw,1842,warrior,arms,47,30,17
Sukonamí,draka,1842,warrior,arms,60,33,27
Executeqt,azralon,1842,warrior,arms,161,87,74
Madwolf,tichondrius,1842,warrior,arms,103,51,52
Krunnknator,azralon,1840,warrior,arms,41,26,15
Kigame,tichondrius,1840,warrior,arms,96,53,43
Mixx,bleeding-hollow,1840,warrior,arms,48,26,22
Narwhål,tichondrius,1840,warrior,arms,90,44,46
Orçaos,ragnaros,1839,warrior,arms,126,73,53
Uzza,stormrage,1838,warrior,arms,60,34,26
Draus,nemesis,1838,warrior,arms,119,67,52
Ânticide,darkspear,1838,warrior,arms,84,43,41
Kylewalker,tichondrius,1838,warrior,arms,71,32,39
Xiaoyujin,proudmoore,1837,warrior,arms,186,95,91
Adaana,kargath,1836,warrior,arms,119,70,49
Mantrà,skullcrusher,1836,warrior,arms,42,24,18
Vatix,sargeras,1836,warrior,arms,50,28,22
Croc,frostmourne,1834,warrior,arms,32,21,11
Blakeb,area-52,1834,warrior,arms,54,34,20
Fleegugeegu,malganis,1834,warrior,arms,90,45,45
Yossarrion,frostwolf,1833,warrior,arms,48,25,23
Barrbarossa,stormrage,1832,warrior,arms,151,76,75
Brilliance,suramar,1832,warrior,arms,60,30,30
Hildemir,tichondrius,1831,warrior,arms,88,52,36
Darrowshire,moon-guard,1831,warrior,arms,41,23,18
Frëdsmite,kelthuzad,1831,warrior,arms,144,77,67
Zira,thrall,1831,warrior,arms,133,69,64
Ðìbs,moon-guard,1831,warrior,arms,65,32,33
Rólex,tichondrius,1831,warrior,arms,63,30,33
Damage,malganis,1829,warrior,arms,48,23,25
Razw,frostmourne,1828,warrior,arms,48,28,20
Elpappa,tichondrius,1827,warrior,arms,48,42,6
Sanquelme,ragnaros,1827,warrior,arms,63,32,31
Jonathann,suramar,1827,warrior,arms,132,65,67
Samuluo,tichondrius,1827,warrior,arms,66,30,36
Blaíze,ragnaros,1826,warrior,arms,44,24,20
Grayview,sargeras,1826,warrior,arms,77,41,36
Seblleddo,drakkari,1826,warrior,arms,66,34,32
Rebied,ragnaros,1826,warrior,arms,96,43,53
Warriorbloo,sargeras,1825,warrior,arms,72,39,33
Sandycrack,blackrock,1825,warrior,arms,60,30,30
Salthouse,sargeras,1824,warrior,arms,42,25,17
Këther,tichondrius,1824,warrior,arms,84,40,44
Coby,wildhammer,1823,warrior,arms,65,36,29
Gbar,azralon,1823,warrior,arms,79,42,37
Bigdaddyxo,whisperwind,1823,warrior,arms,47,24,23
Cyster,proudmoore,1822,warrior,arms,42,24,18
Tùngrâu,frostmourne,1822,warrior,arms,190,100,90
Soultarius,area-52,1822,warrior,arms,69,36,33
Kurï,duskwood,1822,warrior,arms,51,24,27
Pkkcrisis,archimonde,1822,warrior,arms,60,28,32
Kamoo,bonechewer,1820,warrior,arms,48,27,21
Meccsecute,tichondrius,1820,warrior,arms,102,54,48
Anautumnday,tichondrius,1820,warrior,arms,48,24,24
Aggnilia,proudmoore,1820,warrior,arms,102,50,52
Honock,ragnaros,1820,warrior,arms,72,34,38
Boomergodx,stormrage,1819,warrior,arms,96,56,40
Tigima,tichondrius,1819,warrior,arms,60,29,31
Badboyjan,tichondrius,1818,warrior,arms,30,19,11
Ttvdjrio,area-52,1818,warrior,arms,30,19,11
Nilah,tichondrius,1818,warrior,arms,46,26,20
Yeawen,tichondrius,1818,warrior,arms,42,23,19
Iwillcrushyo,darkspear,1818,warrior,arms,90,46,44
Wutains,tichondrius,1818,warrior,arms,65,33,32
Nozmok,proudmoore,1818,warrior,arms,65,33,32
Thugdorr,sargeras,1818,warrior,arms,70,33,37
Okita,bleeding-hollow,1817,warrior,arms,124,65,59
Smashxx,area-52,1816,warrior,arms,95,55,40
Deadhate,sargeras,1816,warrior,arms,54,28,26
Missrend,hyjal,1816,warrior,arms,114,57,57
Strongbaby,tichondrius,1816,warrior,arms,60,30,30
Berzek,area-52,1816,warrior,arms,59,23,36
Picarus,thunderhorn,1815,warrior,arms,72,40,32
Warney,tichondrius,1815,warrior,arms,65,35,30
Destram,kelthuzad,1815,warrior,arms,107,57,50
Anti,nerzhul,1814,warrior,arms,57,30,27
Dissector,ragnaros,1814,warrior,arms,54,28,26
Zapatín,quelthalas,1814,warrior,arms,67,32,35
Mäddôx,tichondrius,1814,warrior,arms,126,60,66
Sezariùs,darkspear,1813,warrior,arms,61,42,19
Vicioustalol,proudmoore,1812,warrior,arms,57,34,23
Onebraincell,stormrage,1811,warrior,arms,48,34,14
Gohrgroc,quelthalas,1811,warrior,arms,48,30,18
Glocç,sargeras,1811,warrior,arms,112,59,53
Knuklez,tichondrius,1811,warrior,arms,64,33,31
Indominate,tichondrius,1811,warrior,arms,194,98,96
Mecc,tichondrius,1811,warrior,arms,78,39,39
Dangerousd,kiljaeden,1811,warrior,arms,60,30,30
Vergerak,tichondrius,1811,warrior,arms,58,29,29
Dabdaddyy,dawnbringer,1811,warrior,arms,135,66,69
Kaimedran,moon-guard,1810,warrior,arms,48,30,18
Kriloth,frostmourne,1810,warrior,arms,50,30,20
Ppdub,zuljin,1810,warrior,arms,44,26,18
Wulouzhan,tichondrius,1810,warrior,arms,107,62,45
Bussupshut,kelthuzad,1810,warrior,arms,64,32,32
Ürürææae,sargeras,1810,warrior,arms,189,94,95
Darkduet,tichondrius,1810,warrior,arms,70,33,37
Møcat,illidan,1809,warrior,arms,90,52,38
Gryffith,bleeding-hollow,1809,warrior,arms,81,36,45
Vâlôr,tichondrius,1808,warrior,arms,45,30,15
Aavyrre,moon-guard,1808,warrior,arms,60,34,26
Ciz,emerald-dream,1808,warrior,arms,64,34,30
Spartus,kelthuzad,1808,warrior,arms,78,32,46
Crøm,tichondrius,1807,warrior,arms,48,29,19
Crowsfall,aggramar,1807,warrior,arms,268,141,127
Yamadaflash,tichondrius,1806,warrior,arms,55,31,24
Helrise,sargeras,1806,warrior,arms,54,27,27
Bradockqt,azralon,1806,warrior,arms,54,25,29
Sickwidit,kiljaeden,1805,warrior,arms,49,28,21
Rookìe,illidan,1805,warrior,arms,131,73,58
Noblewinter,sargeras,1805,warrior,arms,36,19,17
Tenskj,proudmoore,1805,warrior,arms,57,30,27
Wootzu,zuljin,1805,warrior,arms,54,27,27
Mildlol,tichondrius,1804,warrior,arms,42,25,17
Peinx,ragnaros,1804,warrior,arms,59,31,28
Bahlahkay,proudmoore,1804,warrior,arms,60,28,32
Ollena,wyrmrest-accord,1803,warrior,arms,78,40,38
Cgelangdula,tichondrius,1802,warrior,arms,54,28,26
Asstastic,bonechewer,1802,warrior,arms,148,71,77
Matesan,jubeithos,1801,warrior,arms,48,28,20
Hìm,tichondrius,1801,warrior,arms,54,28,26
Franticlol,tichondrius,1801,warrior,arms,67,31,36
Longzhan,tichondrius,1800,warrior,arms,138,65,73
Zindawg,frostmourne,1799,warrior,arms,271,132,139
Kustybuckets,korgath,1798,warrior,arms,46,27,19
Comehnrfce,illidan,1798,warrior,arms,122,55,67
Überwältigen,thrall,1796,warrior,arms,48,22,26
Nuccî,azralon,1795,warrior,arms,65,32,33
Ksharer,tichondrius,1794,warrior,arms,89,41,48
Yueren,tichondrius,1794,warrior,arms,72,31,41
Wtssap,ragnaros,1792,warrior,arms,36,22,14
Krbigcow,tichondrius,1792,warrior,arms,102,53,49
Imuti,illidan,1792,warrior,arms,84,43,41
Hookahboss,area-52,1792,warrior,arms,58,29,29
Kruma,stormscale,1791,warrior,arms,37,22,15
Paoxiaoevs,tichondrius,1791,warrior,arms,42,23,19
Facefïster,malganis,1790,warrior,arms,72,37,35
Beanbags,zangarmarsh,1790,warrior,arms,72,36,36
Zacharyx,tichondrius,1790,warrior,arms,296,144,152
Debbie,bleeding-hollow,1789,warrior,arms,90,44,46
Melifehorde,tichondrius,1787,warrior,arms,48,25,23
Bigglyjoobs,tichondrius,1787,warrior,arms,78,38,40
Ígnatius,malganis,1781,warrior,arms,48,31,17
Szw,tichondrius,1780,warrior,arms,227,125,102
Samwolok,tichondrius,1780,warrior,arms,36,19,17
Slaten,barthilas,1780,warrior,arms,149,77,72
Nïcowo,ragnaros,1780,warrior,arms,152,76,76
Nanchobo,tichondrius,1778,warrior,arms,66,28,38
Hoboedd,area-52,1776,warrior,arms,40,22,18
Lvlthreemage,fizzcrank,1775,warrior,arms,150,74,76
Hbrandy,tichondrius,1773,warrior,arms,83,42,41
Undefied,moon-guard,1772,warrior,arms,51,29,22
Cushman,tichondrius,1772,warrior,arms,132,73,59
Sharer,tichondrius,1772,warrior,arms,36,19,17
Bbyè,tichondrius,1772,warrior,arms,300,157,143
Skolltonxoxo,tichondrius,1772,warrior,arms,42,20,22
Dalan,korgath,1766,warrior,arms,48,30,18
Chimbrila,azralon,1765,warrior,arms,126,59,67
Tehfury,area-52,1763,warrior,arms,57,26,31
Pipedoctor,kelthuzad,1762,warrior,arms,48,27,21
Invalidoath,tichondrius,1760,warrior,arms,54,27,27
Dawxw,thrall,1759,warrior,arms,41,24,17
Mezdrì,quelthalas,1758,warrior,arms,66,41,25
Yonkerss,garrosh,1756,warrior,arms,95,51,44
Marchdream,tichondrius,1756,warrior,arms,60,32,28
Tutifrutiø,azralon,1750,warrior,arms,108,49,59
Paddyj,illidan,1749,warrior,arms,92,57,35
Warfuse,illidan,1749,warrior,arms,126,63,63
Nànchobo,tichondrius,1749,warrior,arms,72,31,41
Bigdude,frostwolf,1748,warrior,arms,66,38,28
Goonassassin,tichondrius,1748,warrior,arms,48,24,24
Abbastanza,tichondrius,1748,warrior,arms,83,36,47
Chaytin,bleeding-hollow,1747,warrior,arms,56,30,26
Polydopam,tichondrius,1747,warrior,arms,130,66,64
Línfert,stormrage,1746,warrior,arms,196,107,89
Ariést,bleeding-hollow,1746,warrior,arms,72,32,40
Coldlòve,akama,1744,warrior,arms,36,22,14
Kurodia,quelthalas,1744,warrior,arms,84,35,49
Ogrelurd,malygos,1743,warrior,arms,42,22,20
Brendanshwab,bleeding-hollow,1743,warrior,arms,89,44,45
Utxpia,azralon,1743,warrior,arms,59,26,33
Rflexxo,tichondrius,1742,warrior,arms,54,27,27
Bajheera,sargeras,1741,warrior,arms,41,21,20
Danceylol,barthilas,1741,warrior,arms,84,40,44
Warginger,malygos,1740,warrior,arms,53,29,24
Purplepiper,ragnaros,1740,warrior,arms,55,30,25
Wutainx,tichondrius,1739,warrior,arms,36,19,17
Dogmar,staghelm,1739,warrior,arms,110,54,56
Ðíablø,tichondrius,1738,warrior,arms,122,67,55
Unhòólyshy,ragnaros,1733,warrior,arms,48,29,19
Nuvola,tichondrius,1733,warrior,arms,66,34,32
Nightheller,stormrage,1733,warrior,arms,78,33,45
Cokeroom,tichondrius,1732,warrior,arms,91,53,38
Hoobaz,area-52,1732,warrior,arms,34,19,15
Twilightrain,tichondrius,1732,warrior,arms,394,209,185
Jdubzr,frostmourne,1732,warrior,arms,60,31,29
ßloodshed,frostmourne,1731,warrior,arms,55,34,21
Slaught,kelthuzad,1731,warrior,arms,82,40,42
Endstorm,proudmoore,1731,warrior,arms,62,30,32
Marvachi,moon-guard,1729,warrior,arms,152,79,73
Calthi,moon-guard,1728,warrior,arms,96,57,39
Robodad,illidan,1728,warrior,arms,42,23,19
Støne,draktharon,1728,warrior,arms,80,43,37
Franziskaner,frostmourne,1728,warrior,arms,138,67,71
Tyránny,stormrage,1728,warrior,arms,59,26,33
Mantistabogn,zuluhed,1726,warrior,arms,82,43,39
Mirado,tichondrius,1726,warrior,arms,78,40,38
Hariban,shuhalo,1726,warrior,arms,77,38,39
Smokes,sargeras,1726,warrior,arms,120,58,62
Roughknuckle,kelthuzad,1726,warrior,arms,41,19,22
Swifty,anvilmar,1725,warrior,arms,30,18,12
Crushedlol,bleeding-hollow,1725,warrior,arms,42,22,20
Daddyßigßeef,malganis,1722,warrior,arms,61,35,26
Relerocker,area-52,1722,warrior,arms,101,53,48
Swìll,illidan,1722,warrior,arms,36,18,18
Swordborne,moon-guard,1722,warrior,arms,94,43,51
Itsfall,tichondrius,1721,warrior,arms,42,21,21
Crownzz,tichondrius,1721,warrior,arms,36,18,18
Cåfe,tichondrius,1719,warrior,arms,137,76,61
Zenrrei,ragnaros,1718,warrior,arms,133,74,59
Afrikunt,tichondrius,1717,warrior,arms,72,38,34
Milough,nesingwary,1714,warrior,arms,124,71,53
Bigladmike,sargeras,1714,warrior,arms,48,21,27
Basedaf,frostmourne,1713,warrior,arms,84,45,39
Tkazo,tichondrius,1713,warrior,arms,67,33,34
Murderbell,tichondrius,1711,warrior,arms,108,54,54
Alëwar,quelthalas,1711,warrior,arms,66,31,35
Thlam,muradin,1710,warrior,arms,137,70,67
Partyx,tichondrius,1710,warrior,arms,229,117,112
Bainian,tichondrius,1709,warrior,arms,96,56,40
Anukhar,emerald-dream,1708,warrior,arms,95,55,40
Pachacutecxx,ragnaros,1708,warrior,arms,75,40,35
Smashies,kelthuzad,1708,warrior,arms,47,24,23
Tatërs,zuljin,1708,warrior,arms,72,36,36
Gromkhor,tichondrius,1708,warrior,arms,72,30,42
Joebo,thrall,1706,warrior,arms,24,20,4
Ciskokido,illidan,1706,warrior,arms,65,36,29
Furyslam,tichondrius,1705,warrior,arms,77,30,47
Niubzs,tichondrius,1704,warrior,arms,53,27,26
Yagura,emerald-dream,1703,warrior,arms,58,27,31
Wqnmlgbd,tichondrius,1702,warrior,arms,36,20,16
Odiseo,ragnaros,1702,warrior,arms,55,30,25
Maddawgg,mugthol,1702,warrior,arms,46,23,23
Misakizs,illidan,1701,warrior,arms,61,26,35
Zarrdune,darkspear,1700,warrior,arms,30,21,9
Trágus,azralon,1700,warrior,arms,101,60,41
Thrator,wyrmrest-accord,1699,warrior,arms,42,23,19
Golem,frostmourne,1699,warrior,arms,99,51,48
Battlestance,shadowsong,1699,warrior,arms,95,42,53
Rocta,tichondrius,1698,warrior,arms,86,47,39
Johnburns,tichondrius,1698,warrior,arms,36,19,17
Tepaste,ragnaros,1698,warrior,arms,66,33,33
Exorbit,sargeras,1697,warrior,arms,69,39,30
Arx,frostwolf,1697,warrior,arms,171,91,80
Ammeh,draka,1696,warrior,arms,48,28,20
Warkingx,tichondrius,1696,warrior,arms,36,18,18
Ashtonx,sargeras,1694,warrior,arms,36,24,12
Genghiz,azralon,1694,warrior,arms,66,36,30
Hoodrch,azralon,1694,warrior,arms,89,44,45
Noodlezz,moon-guard,1694,warrior,arms,107,49,58
Tastý,moon-guard,1694,warrior,arms,54,22,32
Delphont,stormrage,1693,warrior,arms,107,59,48
Jubeithos,draktharon,1693,warrior,arms,65,33,32
Wargasmx,tichondrius,1693,warrior,arms,58,27,31
Wolfcultist,moon-guard,1693,warrior,arms,78,35,43
Zaÿne,moon-guard,1692,warrior,arms,87,41,46
Soloqandy,moon-guard,1692,warrior,arms,72,29,43
Rynrak,tichondrius,1691,warrior,arms,65,30,35
Blaiize,ragnaros,1691,warrior,arms,60,25,35
Kolosal,tichondrius,1690,warrior,arms,45,22,23
Bozzy,illidan,1690,warrior,arms,77,34,43
Kâdé,malganis,1689,warrior,arms,30,18,12
Lostsummer,frostmourne,1689,warrior,arms,58,31,27
Rogôsh,tichondrius,1689,warrior,arms,60,24,36
Kilgorath,area-52,1688,warrior,arms,90,42,48
Raph,barthilas,1686,warrior,arms,42,25,17
Zastrow,dalaran,1686,warrior,arms,84,33,51
Meowdaa,proudmoore,1686,warrior,arms,72,24,48
Sindevelor,tichondrius,1684,warrior,arms,89,50,39
Bmo,chogall,1684,warrior,arms,87,44,43
Sayîon,zuljin,1684,warrior,arms,126,62,64
Patwong,frostmourne,1683,warrior,arms,90,51,39
Nazraill,aggramar,1683,warrior,arms,75,42,33
Zalakan,malganis,1682,warrior,arms,54,34,20
Shinigamix,steamwheedle-cartel,1682,warrior,arms,48,29,19
Janjannodie,tichondrius,1682,warrior,arms,41,20,21
Bloodbath,kiljaeden,1680,warrior,arms,41,21,20
Purrava,tichondrius,1680,warrior,arms,50,25,25
Killimanjaro,aggramar,1680,warrior,arms,71,31,40
Stonesoup,kelthuzad,1680,warrior,arms,83,33,50
Storminshock,malganis,1679,warrior,arms,36,22,14
Gravewurm,twisting-nether,1679,warrior,arms,42,24,18
Bøek,area-52,1679,warrior,arms,104,49,55
Kroni,ragnaros,1678,warrior,arms,42,21,21
Swagramarr,area-52,1677,warrior,arms,93,51,42
Wurua,tichondrius,1676,warrior,arms,52,28,24
Montibello,moon-guard,1676,warrior,arms,114,59,55
Ichirisw,tichondrius,1675,warrior,arms,59,32,27
Heater,stormrage,1675,warrior,arms,95,46,49
Matrias,tichondrius,1674,warrior,arms,159,89,70
Ramzeé,kelthuzad,1673,warrior,arms,90,55,35
Mitigated,bleeding-hollow,1673,warrior,arms,48,26,22
Rhynehardt,scilla,1673,warrior,arms,54,26,28
Garrmash,hyjal,1672,warrior,arms,217,112,105
Arkkaine,sargeras,1672,warrior,arms,93,48,45
Doublezuglol,tichondrius,1671,warrior,arms,229,114,115
Kromgrall,tichondrius,1671,warrior,arms,167,79,88
Pusspeepers,kelthuzad,1671,warrior,arms,39,18,21
Heylol,blackhand,1671,warrior,arms,58,25,33
Oxandrolona,ragnaros,1671,warrior,arms,74,30,44
Babyogre,thunderlord,1670,warrior,arms,42,25,17
Winota,frostmourne,1669,warrior,arms,30,22,8
Xwoyer,malganis,1669,warrior,arms,64,34,30
Armamortal,kelthuzad,1669,warrior,arms,291,153,138
Zenchi,nerzhul,1669,warrior,arms,76,36,40
Brøly,sargeras,1669,warrior,arms,84,38,46
Amlahj,stormrage,1668,warrior,arms,53,30,23
Rarefxck,tichondrius,1668,warrior,arms,84,37,47
Sparts,area-52,1667,warrior,arms,53,30,23
Ramparts,moon-guard,1666,warrior,arms,42,21,21
Bilboswagins,agamaggan,1665,warrior,arms,47,25,22
Marcellùs,proudmoore,1664,warrior,arms,52,29,23
Legoyoda,zuljin,1663,warrior,arms,54,29,25
Edgárllama,sargeras,1663,warrior,arms,38,20,18
Colössal,moon-guard,1663,warrior,arms,94,48,46
Donivan,illidan,1663,warrior,arms,42,21,21
Mightyduck,area-52,1663,warrior,arms,64,29,35
Draenøk,tichondrius,1663,warrior,arms,42,19,23
Infernae,emerald-dream,1662,warrior,arms,48,30,18
Ystkk,tichondrius,1662,warrior,arms,42,25,17
Warbeshar,area-52,1662,warrior,arms,42,21,21
Ironboar,proudmoore,1662,warrior,arms,72,32,40
Khørnë,ragnaros,1661,warrior,arms,54,30,24
Iwillcrushu,tichondrius,1661,warrior,arms,113,59,54
Killbórn,azralon,1660,warrior,arms,30,19,11
Anticiðe,zuljin,1659,warrior,arms,42,22,20
Dodgestrikes,khaz-modan,1657,warrior,arms,30,21,9
Bûm,sargeras,1657,warrior,arms,48,25,23
Bebob,tichondrius,1657,warrior,arms,68,35,33
Sheyshey,quelthalas,1656,warrior,arms,42,25,17
Lunartime,sargeras,1656,warrior,arms,72,37,35
Bromro,tichondrius,1656,warrior,arms,128,62,66
Wartruë,tichondrius,1655,warrior,arms,280,145,135
Nyloras,illidan,1655,warrior,arms,51,20,31
Sineatér,frostmourne,1654,warrior,arms,61,30,31
Maktarax,zuljin,1654,warrior,arms,40,18,22
Thuykieu,barthilas,1653,warrior,arms,36,18,18
Slamedi,frostmourne,1653,warrior,arms,104,51,53
Jehocc,tichondrius,1653,warrior,arms,44,21,23
Potero,ragnaros,1652,warrior,arms,59,29,30
Athalen,nemesis,1652,warrior,arms,73,33,40
Spartiguss,emerald-dream,1650,warrior,arms,59,32,27
Creøn,silvermoon,1650,warrior,arms,68,35,33
Warsongwolf,tichondrius,1650,warrior,arms,62,25,37
Bigdad,whisperwind,1648,warrior,arms,36,22,14
Chillimus,tichondrius,1648,warrior,arms,75,41,34
Phabian,frostmourne,1648,warrior,arms,41,22,19
Amberlym,ragnaros,1648,warrior,arms,46,23,23
Illing,tichondrius,1646,warrior,arms,240,124,116
Hickorie,sargeras,1646,warrior,arms,96,49,47
Droguernaut,tichondrius,1646,warrior,arms,59,30,29
Kralo,moon-guard,1646,warrior,arms,69,34,35
Xwarz,drakkari,1645,warrior,arms,42,19,23
Fidel,blackrock,1645,warrior,arms,59,19,40
Lokityr,tichondrius,1644,warrior,arms,132,84,48
Morfoggore,ragnaros,1644,warrior,arms,66,34,32
Rainingblooð,blackrock,1644,warrior,arms,103,53,50
Kaÿip,tichondrius,1644,warrior,arms,118,57,61
Kekbyemmr,illidan,1644,warrior,arms,48,22,26
Vadio,area-52,1644,warrior,arms,46,21,25
Alator,gorgonnash,1641,warrior,arms,66,38,28
Nänchobo,tichondrius,1641,warrior,arms,38,18,20
Dramalas,lightbringer,1640,warrior,arms,311,156,155
Tatsuu,tichondrius,1640,warrior,arms,270,134,136
Tiredkev,tichondrius,1640,warrior,arms,102,50,52
Sonjeba,malganis,1640,warrior,arms,70,32,38
Fulaixiong,illidan,1639,warrior,arms,51,34,17
Austerö,nemesis,1639,warrior,arms,33,20,13
Thulsan,emerald-dream,1638,warrior,arms,36,20,16
Tokugawaieya,nemesis,1638,warrior,arms,41,21,20
Lôwkeyfix,illidan,1638,warrior,arms,102,47,55
Wolfsbanne,khadgar,1636,warrior,arms,156,83,73
Painsoul,illidan,1636,warrior,arms,53,27,26
Ngu,eldrethalas,1636,warrior,arms,53,26,27
Killaen,thrall,1634,warrior,arms,42,27,15
Mavrus,malganis,1634,warrior,arms,36,19,17
Trapbois,tichondrius,1633,warrior,arms,36,22,14
Grimjouw,sargeras,1633,warrior,arms,42,23,19
Tzumugi,ragnaros,1632,warrior,arms,353,181,172
Bigbrick,stormrage,1632,warrior,arms,96,45,51
Lexíbelle,korgath,1631,warrior,arms,36,21,15
Raveve,area-52,1631,warrior,arms,71,36,35
Kenshín,ragnaros,1630,warrior,arms,119,57,62
Shazbøt,tichondrius,1630,warrior,arms,45,19,26
Icrìtmypants,dragonmaw,1629,warrior,arms,48,27,21
Tatsuujin,sargeras,1629,warrior,arms,68,34,34
Furykets,proudmoore,1629,warrior,arms,38,19,19
Aumni,illidan,1629,warrior,arms,98,47,51
Okanos,tichondrius,1629,warrior,arms,48,21,27
Bigdumborc,tichondrius,1628,warrior,arms,42,22,20
Alteryx,sargeras,1628,warrior,arms,75,36,39
Hõdõnsin,tichondrius,1628,warrior,arms,57,26,31
Mokron,moon-guard,1628,warrior,arms,68,31,37
Ikaikasan,illidan,1627,warrior,arms,32,22,10
Magicalol,tichondrius,1627,warrior,arms,36,21,15
Sosimi,tichondrius,1627,warrior,arms,78,44,34
Wârtorn,darkspear,1627,warrior,arms,42,22,20
Michaelrossx,bloodhoof,1627,warrior,arms,244,125,119
Çrusha,thrall,1627,warrior,arms,48,20,28
Dreadedbeef,area-52,1626,warrior,arms,36,23,13
Coollelex,proudmoore,1626,warrior,arms,56,29,27
Kazecap,proudmoore,1626,warrior,arms,66,29,37
Orgnosh,tichondrius,1625,warrior,arms,96,52,44
Groundpound,sargeras,1625,warrior,arms,108,55,53
Aloregorey,malganis,1625,warrior,arms,126,63,63
Gutting,moon-guard,1625,warrior,arms,36,18,18
Unitsven,barthilas,1625,warrior,arms,54,26,28
Duxor,sargeras,1625,warrior,arms,54,24,30
Elyll,tichondrius,1624,warrior,arms,47,28,19
Soupwar,moon-guard,1624,warrior,arms,177,90,87
Faelash,stormrage,1624,warrior,arms,67,32,35
Thètrùth,duskwood,1624,warrior,arms,48,21,27
Bddg,tichondrius,1623,warrior,arms,30,18,12
Testflight,tichondrius,1623,warrior,arms,54,30,24
Ryängosling,azralon,1623,warrior,arms,168,92,76
Flexid,tichondrius,1623,warrior,arms,78,40,38
Dotlom,wyrmrest-accord,1623,warrior,arms,144,73,71
Scoopdog,stormrage,1622,warrior,arms,30,17,13
Lindsanv,illidan,1622,warrior,arms,110,59,51
Swólepetrol,tichondrius,1622,warrior,arms,36,19,17
Larrylurker,proudmoore,1622,warrior,arms,119,62,57
Brainhaze,tichondrius,1622,warrior,arms,64,29,35
Chadwarr,tichondrius,1621,warrior,arms,31,17,14
Ðrex,nagrand,1621,warrior,arms,105,57,48
Bigbadaxe,sargeras,1621,warrior,arms,36,18,18
Kirown,quelthalas,1621,warrior,arms,98,45,53
Stooklol,tichondrius,1621,warrior,arms,54,22,32
Nerdstompêr,illidan,1620,warrior,arms,78,37,41
Thezboy,tichondrius,1619,warrior,arms,100,56,44
Fartazz,zuljin,1619,warrior,arms,114,53,61
Mcluffin,proudmoore,1618,warrior,arms,57,35,22
Coisini,tichondrius,1618,warrior,arms,118,67,51
Ådderall,thrall,1618,warrior,arms,42,23,19
Hydrolisk,area-52,1618,warrior,arms,132,67,65
Szeo,tichondrius,1617,warrior,arms,24,17,7
Achilex,sargeras,1617,warrior,arms,127,66,61
Flexìn,tichondrius,1617,warrior,arms,42,21,21
Theokos,dalaran,1616,warrior,arms,112,56,56
Necroticism,bleeding-hollow,1616,warrior,arms,36,17,19
Slamuëladams,bleeding-hollow,1616,warrior,arms,48,20,28
Delakos,frostmourne,1615,warrior,arms,95,51,44
Axellent,gilneas,1614,warrior,arms,70,44,26
Rittylord,frostmourne,1614,warrior,arms,68,37,31
Stormlørd,frostmourne,1614,warrior,arms,82,44,38
Metalchileno,ragnaros,1614,warrior,arms,48,20,28
Willcharge,tichondrius,1614,warrior,arms,49,17,32
Myndon,area-52,1613,warrior,arms,37,27,10
Wingaling,malganis,1613,warrior,arms,66,29,37
Nipnipz,kelthuzad,1613,warrior,arms,60,24,36
Fluffyarm,sargeras,1612,warrior,arms,198,98,100
Hofukumizuki,tichondrius,1612,warrior,arms,54,21,33
Shneakywar,frostmourne,1611,warrior,arms,48,28,20
Shaõkahn,nemesis,1611,warrior,arms,46,23,23
Mindgoblin,smolderthorn,1611,warrior,arms,59,29,30
Kpc,tichondrius,1611,warrior,arms,93,37,56
Hugeflopper,malganis,1610,warrior,arms,32,19,13
Deathsteelw,zuljin,1610,warrior,arms,36,21,15
Scrümp,illidan,1610,warrior,arms,79,44,35
Gwlade,sargeras,1610,warrior,arms,210,113,97
Enzoh,zuljin,1610,warrior,arms,86,30,56
Nitechaos,thrall,1609,warrior,arms,37,23,14
Thebigsmash,tichondrius,1609,warrior,arms,42,23,19
Banhaezzi,tichondrius,1609,warrior,arms,154,80,74
Izugyou,thrall,1609,warrior,arms,81,41,40
Theseuse,tichondrius,1608,warrior,arms,40,24,16
Unkultom,stormrage,1608,warrior,arms,93,53,40
Tommygunns,area-52,1608,warrior,arms,30,17,13
Ohanaglad,illidan,1608,warrior,arms,165,88,77
Sherrywalken,azralon,1608,warrior,arms,91,45,46
Zhangye,tichondrius,1608,warrior,arms,42,20,22
Liltop,moon-guard,1607,warrior,arms,75,41,34
Furydudz,tichondrius,1607,warrior,arms,42,21,21
Axazel,drakkari,1607,warrior,arms,168,81,87
Wartrue,tichondrius,1607,warrior,arms,162,74,88
Ottø,area-52,1606,warrior,arms,72,40,32
Aventajadu,ragnaros,1606,warrior,arms,42,20,22
Auzery,emerald-dream,1606,warrior,arms,54,25,29
Vanexx,tichondrius,1605,warrior,arms,37,22,15
Maraudertko,area-52,1605,warrior,arms,30,17,13
Dre,anubarak,1605,warrior,arms,53,28,25
Myxz,barthilas,1605,warrior,arms,120,59,61
Ethuil,azshara,1605,warrior,arms,65,29,36
Boiled,sargeras,1604,warrior,arms,30,21,9
Morboo,illidan,1604,warrior,arms,48,27,21
Kakamallo,black-dragonflight,1604,warrior,arms,201,109,92
Túrin,quelthalas,1604,warrior,arms,126,67,59
Ragster,kelthuzad,1604,warrior,arms,41,21,20
Blodreìna,hyjal,1604,warrior,arms,109,53,56
Sayyaf,moon-guard,1604,warrior,arms,57,20,37
Kamoo,gurubashi,1603,warrior,arms,54,41,13
Aranacn,tichondrius,1603,warrior,arms,54,32,22
Bleedx,bleeding-hollow,1603,warrior,arms,51,30,21
Saleem,tichondrius,1603,warrior,arms,273,142,131
Bugsberserk,tichondrius,1603,warrior,arms,119,61,58
Zaràki,area-52,1603,warrior,arms,186,95,91
Powerbucks,tichondrius,1603,warrior,arms,44,22,22
Mahoogler,hakkar,1603,warrior,arms,66,31,35
Malerick,illidan,1603,warrior,arms,63,27,36
Iigotu,tichondrius,1602,warrior,arms,250,129,121
Ÿüñí,tichondrius,1602,warrior,arms,54,21,33
Reave,wyrmrest-accord,1601,warrior,arms,78,42,36
Sheriff,eldrethalas,1600,warrior,arms,54,31,23
Galehna,ragnaros,1600,warrior,arms,47,21,26
Draugus,azralon,1599,warrior,arms,58,31,27
Kilgrah,emerald-dream,1599,warrior,arms,40,21,19
Koberos,queldorei,1599,warrior,arms,66,26,40
Shiv,illidan,1598,warrior,arms,116,60,56
Memorylane,proudmoore,1598,warrior,arms,42,20,22
Raahjv,sargeras,1597,warrior,arms,48,31,17
Benjiprice,sargeras,1597,warrior,arms,35,19,16
Xunxie,tichondrius,1595,warrior,arms,113,60,53
Yolo,dunemaul,1594,warrior,arms,78,45,33
Vauquelin,tichondrius,1594,warrior,arms,78,41,37
Hanadaddy,frostmourne,1594,warrior,arms,258,130,128
Qingmei,illidan,1594,warrior,arms,110,48,62
Rapcherawr,illidan,1593,warrior,arms,39,23,16
Hèphæstús,sargeras,1592,warrior,arms,132,65,67
Raahjz,sargeras,1592,warrior,arms,96,43,53
Timbermack,moon-guard,1591,warrior,arms,108,57,51
Warthok,turalyon,1590,warrior,arms,58,29,29
Meatbone,emerald-dream,1589,warrior,arms,84,48,36
Mistrpower,bleeding-hollow,1589,warrior,arms,78,44,34
Warrgawd,illidan,1589,warrior,arms,83,43,40
Gorgan,ragnaros,1589,warrior,arms,90,46,44
Bobu,area-52,1588,warrior,arms,63,33,30
Lootacris,illidan,1588,warrior,arms,67,34,33
Ghianna,quelthalas,1586,warrior,arms,65,34,31
Dewbae,whisperwind,1586,warrior,arms,72,37,35
Homebody,uldaman,1585,warrior,arms,38,25,13
Lotsay,tichondrius,1585,warrior,arms,59,35,24
Hyperdevil,ragnaros,1585,warrior,arms,35,19,16
Brokthard,ragnaros,1585,warrior,arms,36,18,18
Sheetss,tichondrius,1585,warrior,arms,48,23,25
Dukà,hyjal,1584,warrior,arms,54,30,24
Destructör,nagrand,1584,warrior,arms,93,49,44
Lyliumn,frostmourne,1583,warrior,arms,66,34,32
Sulze,tichondrius,1583,warrior,arms,315,154,161
Sakutarou,lightbringer,1583,warrior,arms,283,137,146
Zzchocolate,illidan,1583,warrior,arms,90,40,50
Arctures,stormrage,1582,warrior,arms,78,49,29
Cathillex,eonar,1582,warrior,arms,42,25,17
Marsoc,burning-legion,1581,warrior,arms,52,26,26
Wydstepwar,malganis,1580,warrior,arms,60,38,22
Deadlypsycho,moonrunner,1580,warrior,arms,36,19,17
Rongor,drakkari,1580,warrior,arms,54,26,28
Morioso,boulderfist,1580,warrior,arms,90,40,50
Gannïcûs,drakkari,1580,warrior,arms,77,32,45
Tarók,tichondrius,1579,warrior,arms,26,19,7
Allyer,darkspear,1579,warrior,arms,90,45,45
Dashballer,sargeras,1578,warrior,arms,42,22,20
Stick,tichondrius,1578,warrior,arms,125,64,61
Evoltoad,illidan,1578,warrior,arms,71,27,44
Drjuicce,tichondrius,1577,warrior,arms,24,17,7
Bestseason,kelthuzad,1577,warrior,arms,87,48,39
Ragetodef,illidan,1577,warrior,arms,91,45,46
Därkzh,stormrage,1576,warrior,arms,30,20,10
Møønnlight,quelthalas,1576,warrior,arms,77,33,44
Warriorbod,area-52,1575,warrior,arms,41,27,14
Juuz,frostmourne,1575,warrior,arms,114,56,58
Ferozan,azralon,1575,warrior,arms,42,20,22
Durres,tichondrius,1575,warrior,arms,42,19,23
Dokgö,tichondrius,1575,warrior,arms,64,27,37
Darthbleezy,malygos,1573,warrior,arms,42,22,20
Radox,tichondrius,1573,warrior,arms,78,40,38
Sinbãd,sargeras,1573,warrior,arms,65,29,36
Yabahdabah,stormrage,1572,warrior,arms,93,49,44
Ashantia,stormrage,1571,warrior,arms,90,48,42
Thistleberry,aegwynn,1571,warrior,arms,41,19,22
Yarock,malganis,1571,warrior,arms,84,38,46
Onefourfifty,tichondrius,1570,warrior,arms,30,17,13
Flexeçute,moon-guard,1569,warrior,arms,78,38,40
Wilric,ragnaros,1569,warrior,arms,48,20,28
Juicylumpia,moon-guard,1568,warrior,arms,48,31,17
Zeroskill,cenarius,1568,warrior,arms,76,34,42
Zuzi,korgath,1567,warrior,arms,55,35,20
Jaybers,malganis,1567,warrior,arms,59,31,28
Thebigmala,azralon,1566,warrior,arms,36,19,17
Gulgosh,stormscale,1566,warrior,arms,59,30,29
Riggragg,tichondrius,1565,warrior,arms,48,28,20
Áres,malganis,1565,warrior,arms,274,148,126
Orahard,illidan,1565,warrior,arms,176,86,90
Xkickaxes,tichondrius,1565,warrior,arms,95,46,49
Andrès,sargeras,1565,warrior,arms,126,60,66
Thalfor,emerald-dream,1565,warrior,arms,59,26,33
Pigzig,nagrand,1564,warrior,arms,36,18,18
Ralphy,lightnings-blade,1563,warrior,arms,94,53,41
Nyle,zuljin,1563,warrior,arms,90,47,43
Crusherr,earthen-ring,1563,warrior,arms,42,21,21
Darkmagno,ragnaros,1563,warrior,arms,42,20,22
Chogar,proudmoore,1562,warrior,arms,64,34,30
Chañ,tichondrius,1562,warrior,arms,36,19,17
Executie,duskwood,1562,warrior,arms,73,36,37
Titanor,illidan,1562,warrior,arms,63,31,32
Themudcrab,frostmourne,1560,warrior,arms,321,158,163
Jenkin,korgath,1560,warrior,arms,40,19,21
Vargoth,frostmourne,1560,warrior,arms,77,34,43
Staystrong,tichondrius,1559,warrior,arms,36,24,12
Naejwar,ragnaros,1559,warrior,arms,174,91,83
Hônor,ragnaros,1558,warrior,arms,54,24,30
Claymation,tichondrius,1558,warrior,arms,48,18,30
Cronguin,bleeding-hollow,1557,warrior,arms,54,27,27
Amputate,akama,1556,warrior,arms,65,27,38
Firesx,tichondrius,1555,warrior,arms,36,20,16
Gorez,ragnaros,1555,warrior,arms,42,21,21
Mardrex,korgath,1555,warrior,arms,48,21,27
Atróx,quelthalas,1554,warrior,arms,66,33,33
Azindar,gilneas,1554,warrior,arms,42,21,21
Flavor,aegwynn,1554,warrior,arms,60,27,33
Ävdol,emerald-dream,1553,warrior,arms,83,39,44
Tÿ,haomarush,1552,warrior,arms,37,21,16
Martyferrari,black-dragonflight,1552,warrior,arms,114,63,51
Stickybladez,frostmourne,1552,warrior,arms,148,76,72
Soez,tichondrius,1551,warrior,arms,28,20,8
Medusaann,proudmoore,1551,warrior,arms,57,30,27
Warriordanim,tichondrius,1551,warrior,arms,188,86,102
Blíding,ragnaros,1551,warrior,arms,75,28,47
Ghóstx,alleria,1550,warrior,arms,53,37,16
Aragorn,mannoroth,1550,warrior,arms,36,19,17
Titanzz,quelthalas,1550,warrior,arms,71,35,36
Rèckit,thrall,1550,warrior,arms,48,21,27
Unstàble,frostmourne,1547,warrior,arms,84,44,40
Chadblade,tichondrius,1547,warrior,arms,37,19,18
Xradull,dawnbringer,1546,warrior,arms,104,62,42
Itskel,stormreaver,1546,warrior,arms,44,23,21
Muskratz,tichondrius,1546,warrior,arms,194,99,95
Johnnysmizle,kelthuzad,1546,warrior,arms,84,38,46
Riled,barthilas,1546,warrior,arms,42,18,24
Kénjar,tichondrius,1545,warrior,arms,54,32,22
Pachacutec,area-52,1545,warrior,arms,92,42,50
Brostormftw,shattered-halls,1544,warrior,arms,72,43,29
Burstmacro,garrosh,1544,warrior,arms,54,24,30
Zyppz,sargeras,1543,warrior,arms,38,26,12
Säbeër,ragnaros,1543,warrior,arms,54,29,25
Grumtak,azralon,1543,warrior,arms,59,30,29
Zekkenx,azjolnerub,1543,warrior,arms,42,18,24
Boypartz,onyxia,1543,warrior,arms,66,26,40
Blowhoof,azralon,1542,warrior,arms,42,25,17
Lykemore,moon-guard,1542,warrior,arms,74,41,33
Know,anetheron,1542,warrior,arms,98,45,53
Danield,illidan,1542,warrior,arms,60,23,37
Wingedknight,malganis,1541,warrior,arms,98,47,51
Urscrewed,frostmane,1541,warrior,arms,41,18,23
Millywhopz,thrall,1539,warrior,arms,36,19,17
Uhttercow,tichondrius,1539,warrior,arms,66,33,33
Slitt,azralon,1538,warrior,arms,78,42,36
Skronkar,illidan,1538,warrior,arms,144,72,72
Perrin,burning-blade,1538,warrior,arms,43,21,22
Radagøn,drakkari,1538,warrior,arms,42,20,22
Bwandøn,moon-guard,1538,warrior,arms,88,41,47
Cowtipin,illidan,1538,warrior,arms,110,50,60
Endurefen,sargeras,1537,warrior,arms,30,19,11
Flintish,moon-guard,1537,warrior,arms,61,38,23
Tansozzi,tichondrius,1537,warrior,arms,42,24,18
Underbite,area-52,1536,warrior,arms,54,33,21
Gtr,illidan,1536,warrior,arms,68,41,27
Mailløche,bleeding-hollow,1535,warrior,arms,72,41,31
Mortyy,stormrage,1534,warrior,arms,43,23,20
Rokgral,tichondrius,1534,warrior,arms,80,42,38
Twshizgd,proudmoore,1534,warrior,arms,193,91,102
Nornogin,tichondrius,1534,warrior,arms,66,31,35
Ogeezus,crushridge,1533,warrior,arms,72,36,36
Kolossus,korgath,1533,warrior,arms,46,17,29
Ewenki,tichondrius,1532,warrior,arms,232,120,112
Hydranoid,ragnaros,1532,warrior,arms,145,67,78
Tigris,nesingwary,1531,warrior,arms,30,16,14
Ôn,tichondrius,1530,warrior,arms,243,118,125
Maddorlon,thrall,1530,warrior,arms,59,27,32
Hanzmat,illidan,1529,warrior,arms,30,16,14
Ratfang,zuljin,1528,warrior,arms,28,17,11
Stinkyw,tichondrius,1528,warrior,arms,49,27,22
Noyel,tichondrius,1528,warrior,arms,70,32,38
Termana,azjolnerub,1527,warrior,arms,30,16,14
Volstraya,frostmourne,1527,warrior,arms,43,22,21
Jwz,tichondrius,1527,warrior,arms,36,16,20
Yiplaw,stormrage,1526,warrior,arms,30,16,14
Zaddybear,aerie-peak,1526,warrior,arms,45,23,22
Bìgpoppapump,tichondrius,1526,warrior,arms,195,95,100
Malvadin,stormrage,1526,warrior,arms,60,27,33
Yawdamper,illidan,1525,warrior,arms,30,21,9
Ginthril,magtheridon,1525,warrior,arms,143,67,76
Flynnstone,tichondrius,1524,warrior,arms,30,19,11
Achillescool,tichondrius,1524,warrior,arms,113,56,57
Chinamonk,tichondrius,1524,warrior,arms,101,49,52
Executty,stormrage,1524,warrior,arms,36,17,19
Katre,malorne,1524,warrior,arms,61,25,36
Hannibalkng,zangarmarsh,1524,warrior,arms,52,20,32
Lionbuster,ragnaros,1523,warrior,arms,36,22,14
Urion,illidan,1523,warrior,arms,30,17,13
Supersquish,moon-guard,1523,warrior,arms,106,57,49
Varenkä,drakkari,1523,warrior,arms,36,16,20
Ashbringera,proudmoore,1522,warrior,arms,209,105,104
Jottman,tichondrius,1522,warrior,arms,111,47,64
Traumaj,bleeding-hollow,1521,warrior,arms,129,68,61
Kimed,nordrassil,1520,warrior,arms,30,16,14
Metalwarr,illidan,1520,warrior,arms,59,30,29
Spartacam,frostmourne,1520,warrior,arms,166,83,83
Elchacál,ragnaros,1520,warrior,arms,66,27,39
Randysnapper,zuljin,1519,warrior,arms,24,16,8
Peacemake,tichondrius,1519,warrior,arms,45,24,21
Ichigö,gundrak,1519,warrior,arms,51,25,26
Rukittenme,area-52,1519,warrior,arms,72,29,43
Cosmosz,illidan,1517,warrior,arms,96,53,43
Malakaimapk,korgath,1517,warrior,arms,30,16,14
Príde,kiljaeden,1517,warrior,arms,36,17,19
Gruula,frostmourne,1516,warrior,arms,33,21,12
Pelonna,drakkari,1516,warrior,arms,126,61,65
Damiansuv,moon-guard,1516,warrior,arms,153,73,80
Jimjinjin,tichondrius,1515,warrior,arms,30,16,14
Dajva,ragnaros,1515,warrior,arms,78,36,42
Rads,stormscale,1514,warrior,arms,69,39,30
Brayitann,illidan,1514,warrior,arms,49,27,22
Tkavalan,proudmoore,1514,warrior,arms,65,29,36
Chupelo,tichondrius,1513,warrior,arms,24,18,6
Dtrumpo,moon-guard,1513,warrior,arms,52,27,25
Ginormous,rivendare,1513,warrior,arms,63,31,32
Elevate,whisperwind,1513,warrior,arms,36,16,20
Zeroaxx,ragnaros,1512,warrior,arms,62,41,21
Tuvia,malganis,1511,warrior,arms,177,89,88
Wmf,frostmourne,1511,warrior,arms,90,42,48
Raala,cenarius,1510,warrior,arms,51,34,17
Tríxman,moon-guard,1510,warrior,arms,106,61,45
Draganovich,aerie-peak,1509,warrior,arms,54,30,24
Torzzen,azralon,1509,warrior,arms,117,59,58
Karrosh,agamaggan,1509,warrior,arms,42,18,24
Himer,tichondrius,1509,warrior,arms,48,20,28
Leapgodx,drenden,1508,warrior,arms,36,21,15
Doomreaper,hellscream,1508,warrior,arms,71,40,31
Punknicanor,quelthalas,1508,warrior,arms,66,33,33
Hotdadparty,frostmourne,1508,warrior,arms,103,51,52
Kratosxx,quelthalas,1508,warrior,arms,79,38,41
Ryank,bonechewer,1508,warrior,arms,54,25,29
Kissmyaxê,tichondrius,1508,warrior,arms,63,28,35
Machete,nemesis,1507,warrior,arms,76,40,36
Geñeralguap,tichondrius,1506,warrior,arms,208,110,98
Zolotrollo,area-52,1505,warrior,arms,24,16,8
Gerztok,aggramar,1505,warrior,arms,52,26,26
Legbreaker,tichondrius,1504,warrior,arms,70,37,33
Pocserwar,drakkari,1504,warrior,arms,36,16,20
Wouili,zuljin,1503,warrior,arms,97,59,38
Karín,tichondrius,1503,warrior,arms,30,17,13
Bottlecaps,shadowmoon,1502,warrior,arms,51,25,26
Rallyingcry,illidan,1500,warrior,arms,30,18,12
Devildriver,malganis,1499,warrior,arms,102,53,49
Lilmerman,laughing-skull,1499,warrior,arms,71,36,35
Yunnkel,ragnaros,1499,warrior,arms,128,64,64
Lehzera,frostmourne,1499,warrior,arms,80,37,43
Akkar,gilneas,1497,warrior,arms,99,53,46
Lilreese,tichondrius,1497,warrior,arms,74,36,38
Tcchmm,akama,1497,warrior,arms,64,28,36
Enilaw,proudmoore,1496,warrior,arms,62,36,26
Habakkos,firetree,1496,warrior,arms,72,39,33
Crustyfella,stormrage,1496,warrior,arms,52,28,24
Monstersynde,nemesis,1495,warrior,arms,114,56,58
Wo,alleria,1495,warrior,arms,42,19,23
Crowncrumpah,illidan,1494,warrior,arms,60,28,32
Datneck,tichondrius,1493,warrior,arms,30,16,14
Kastenz,frostmourne,1493,warrior,arms,55,25,30
Horsekok,tichondrius,1492,warrior,arms,30,19,11
Aggorak,illidan,1492,warrior,arms,36,16,20
Sáítámá,tichondrius,1491,warrior,arms,58,30,28
Brocky,malorne,1491,warrior,arms,600,296,304
Roidraging,thunderlord,1490,warrior,arms,149,66,83
Garadiels,tichondrius,1490,warrior,arms,73,31,42
Rockstedy,area-52,1489,warrior,arms,68,31,37
Bozwar,tichondrius,1488,warrior,arms,66,34,32
Taywar,sargeras,1488,warrior,arms,60,29,31
Dragvovar,thrall,1488,warrior,arms,42,16,26
Casablancas,azralon,1488,warrior,arms,42,16,26
Zänn,dalaran,1486,warrior,arms,60,38,22
Mortawar,tichondrius,1486,warrior,arms,48,29,19
Linga,bleeding-hollow,1486,warrior,arms,36,19,17
Sìkarío,illidan,1486,warrior,arms,60,31,29
Zxlor,tichondrius,1486,warrior,arms,48,20,28
Karnakk,thrall,1485,warrior,arms,41,16,25
Oppressor,darkspear,1484,warrior,arms,112,54,58
Grimreáper,bleeding-hollow,1484,warrior,arms,60,23,37
Braxin,dalaran,1483,warrior,arms,77,42,35
Ayath,hyjal,1483,warrior,arms,36,18,18
Earlsiriuz,tichondrius,1483,warrior,arms,51,23,28
Amaragos,tichondrius,1482,warrior,arms,74,44,30
Islik,stormrage,1482,warrior,arms,73,35,38
Frankoiz,quelthalas,1482,warrior,arms,42,19,23
Renger,garona,1482,warrior,arms,36,16,20
Bâlthor,quelthalas,1481,warrior,arms,126,61,65
Beaerboy,darkspear,1481,warrior,arms,119,55,64
Visenyä,mannoroth,1481,warrior,arms,52,21,31
Bêelzebub,aerie-peak,1481,warrior,arms,48,18,30
Slyith,shadow-council,1480,warrior,arms,89,45,44
Theisius,tichondrius,1480,warrior,arms,69,29,40
Brutallicus,kelthuzad,1479,warrior,arms,33,17,16
Tommytimbo,destromath,1479,warrior,arms,37,16,21
Shortgoofy,sargeras,1477,warrior,arms,129,61,68
Crystaríum,stormrage,1477,warrior,arms,79,37,42
Rainzy,stormrage,1476,warrior,arms,36,16,20
Nyuk,tichondrius,1475,warrior,arms,33,19,14
Asc,barthilas,1475,warrior,arms,234,124,110
Khargrok,ragnaros,1475,warrior,arms,48,23,25
Weedow,proudmoore,1474,warrior,arms,29,16,13
Nagaboner,frostmourne,1474,warrior,arms,107,59,48
Grimus,bleeding-hollow,1474,warrior,arms,155,85,70
Rimz,sargeras,1474,warrior,arms,40,21,19
Cagrekk,wyrmrest-accord,1474,warrior,arms,65,33,32
Luosifen,tichondrius,1473,warrior,arms,215,109,106
Saîyanroyce,barthilas,1473,warrior,arms,137,69,68
Sinsinatra,azralon,1473,warrior,arms,216,106,110
Armsprotfury,tichondrius,1472,warrior,arms,48,30,18
Furyass,bleeding-hollow,1472,warrior,arms,120,65,55
Naughtytwat,tichondrius,1472,warrior,arms,183,90,93
Vecira,moon-guard,1472,warrior,arms,41,20,21
Dann,ragnaros,1472,warrior,arms,84,39,45
Dazfotm,tichondrius,1472,warrior,arms,41,16,25
Holddapoop,area-52,1471,warrior,arms,78,43,35
Ninefingers,madoran,1471,warrior,arms,60,32,28
Eihn,quelthalas,1471,warrior,arms,53,25,28
Neotico,quelthalas,1471,warrior,arms,62,27,35
Arthwarf,proudmoore,1470,warrior,arms,60,29,31
Potalot,draenor,1469,warrior,arms,30,16,14
Baul,area-52,1469,warrior,arms,59,31,28
Raviax,sargeras,1469,warrior,arms,36,18,18
Dáinsleif,frostmourne,1469,warrior,arms,36,17,19
Smokedaperc,illidan,1468,warrior,arms,84,44,40
Lsays,tichondrius,1468,warrior,arms,145,72,73
Jeffo,amanthul,1468,warrior,arms,38,18,20
Thurman,spirestone,1467,warrior,arms,44,26,18
Gomachi,moon-guard,1467,warrior,arms,28,16,12
Klouddraft,tichondrius,1466,warrior,arms,45,26,19
Bestid,tichondrius,1465,warrior,arms,60,33,27
Thedin,gorefiend,1465,warrior,arms,84,36,48
Barbatenaz,ragnaros,1465,warrior,arms,48,18,30
Eggroll,emerald-dream,1465,warrior,arms,47,17,30
Torimzor,nemesis,1464,warrior,arms,138,74,64
Ángron,ragnaros,1464,warrior,arms,92,48,44
Zhânshen,tichondrius,1464,warrior,arms,60,31,29
Toughguts,saurfang,1464,warrior,arms,60,29,31
Bricksquad,mannoroth,1464,warrior,arms,57,25,32
Joesbàr,tichondrius,1464,warrior,arms,78,34,44
Frashes,darkspear,1463,warrior,arms,55,26,29
Bigdingus,frostwolf,1463,warrior,arms,60,28,32
Tekaiatsu,tichondrius,1462,warrior,arms,107,61,46
Duroxzee,area-52,1462,warrior,arms,187,100,87
Skollyd,tichondrius,1462,warrior,arms,38,17,21
Sertss,proudmoore,1462,warrior,arms,71,30,41
Tamagoshi,kiljaeden,1461,warrior,arms,150,82,68
Jinsol,illidan,1461,warrior,arms,35,19,16
Golkän,goldrinn,1461,warrior,arms,66,34,32
Rathty,shadowsong,1461,warrior,arms,36,18,18
Ihadnochoice,barthilas,1461,warrior,arms,256,126,130
Brewstrike,dalaran,1461,warrior,arms,42,20,22
Ghostmourne,ragnaros,1460,warrior,arms,193,96,97
Nabiouscx,malganis,1460,warrior,arms,101,47,54
Asgaurdius,thunderlord,1459,warrior,arms,70,36,34
Môrôdin,area-52,1459,warrior,arms,78,31,47
Riskydevil,azralon,1458,warrior,arms,58,32,26
Warlow,korgath,1458,warrior,arms,64,29,35
Mommysharky,illidan,1457,warrior,arms,36,26,10
Dathalidus,area-52,1457,warrior,arms,50,32,18
Brotu,nemesis,1457,warrior,arms,163,91,72
Creepi,sargeras,1457,warrior,arms,56,30,26
Konraad,amanthul,1457,warrior,arms,48,23,25
Ooze,darkspear,1456,warrior,arms,111,62,49
Bullmastic,deathwing,1456,warrior,arms,46,21,25
Pongk,tichondrius,1456,warrior,arms,57,17,40
Cheeriozz,thrall,1455,warrior,arms,53,30,23
Coolade,thunderhorn,1455,warrior,arms,94,47,47
Jotto,zuljin,1455,warrior,arms,36,18,18
Jrod,boulderfist,1455,warrior,arms,204,101,103
Slamthony,sargeras,1455,warrior,arms,51,24,27
Xaka,tichondrius,1455,warrior,arms,42,19,23
Dou,barthilas,1454,warrior,arms,29,18,11
Bryk,korgath,1454,warrior,arms,30,17,13
Bigdickgomez,frostmourne,1454,warrior,arms,30,16,14
Seukkang,tichondrius,1454,warrior,arms,36,16,20
Lionssong,bleeding-hollow,1454,warrior,arms,71,31,40
Dysensor,illidan,1453,warrior,arms,108,55,53
Suprslayer,spirestone,1453,warrior,arms,40,20,20
Doves,tichondrius,1453,warrior,arms,33,16,17
Krakitus,azralon,1453,warrior,arms,42,18,24
Cúdi,darkspear,1452,warrior,arms,30,16,14
Cptstarship,sargeras,1452,warrior,arms,30,16,14
Xenogears,boulderfist,1452,warrior,arms,96,51,45
Jäÿ,proudmoore,1451,warrior,arms,69,33,36
Banggo,frostmourne,1450,warrior,arms,60,36,24
Biznizwar,sargeras,1450,warrior,arms,124,61,63
Isarat,illidan,1450,warrior,arms,48,23,25
Raves,quelthalas,1450,warrior,arms,78,31,47
Fatty,mugthol,1449,warrior,arms,42,26,16
Qetimporta,quelthalas,1449,warrior,arms,96,54,42
Erple,eldrethalas,1449,warrior,arms,116,54,62
Wellowarr,moon-guard,1448,warrior,arms,78,34,44
Dcashmoney,moon-guard,1448,warrior,arms,66,28,38
Slimmjim,malganis,1447,warrior,arms,95,57,38
Wapistun,thrall,1447,warrior,arms,48,26,22
Kiritos,draktharon,1447,warrior,arms,48,25,23
Balroge,illidan,1447,warrior,arms,48,22,26
Dånkers,sargeras,1447,warrior,arms,44,16,28
Gtatewarr,azjolnerub,1446,warrior,arms,26,16,10
Overswing,tichondrius,1446,warrior,arms,78,32,46
Rárict,moon-guard,1445,warrior,arms,46,26,20
Shawnemd,proudmoore,1445,warrior,arms,54,29,25
Streetdog,stormrage,1445,warrior,arms,60,29,31
Gnizzmo,sargeras,1445,warrior,arms,36,16,20
Belldor,barthilas,1445,warrior,arms,72,28,44
Aoste,tichondrius,1442,warrior,arms,61,33,28
Trackstarz,llane,1442,warrior,arms,244,121,123
Kréix,sargeras,1442,warrior,arms,59,27,32
Destoryhamer,illidan,1441,warrior,arms,96,51,45
Radamäntthys,nemesis,1441,warrior,arms,117,51,66
Ðêad,area-52,1439,warrior,arms,24,15,9
Bigjbs,tichondrius,1439,warrior,arms,24,15,9
Kror,garona,1439,warrior,arms,75,38,37
Rekatron,area-52,1439,warrior,arms,30,15,15
Volkz,ragnaros,1439,warrior,arms,77,34,43
Warrimon,nemesis,1439,warrior,arms,48,19,29
Darkfang,icecrown,1438,warrior,arms,48,26,22
Himxp,tichondrius,1438,warrior,arms,70,35,35
Jichelei,tichondrius,1438,warrior,arms,72,35,37
Beatmeat,frostmourne,1438,warrior,arms,55,25,30
Loosz,stormrage,1438,warrior,arms,36,15,21
Moozz,dreadmaul,1438,warrior,arms,42,17,25
Ryen,malganis,1438,warrior,arms,43,16,27
Kfcvivofifty,tichondrius,1437,warrior,arms,18,15,3
Themessiah,stormrage,1437,warrior,arms,59,33,26
Graelus,terenas,1437,warrior,arms,47,26,21
Kurdtx,tichondrius,1437,warrior,arms,30,15,15
Benkenobi,khaz-modan,1436,warrior,arms,24,15,9
Stufit,emerald-dream,1436,warrior,arms,34,20,14
Threg,malganis,1435,warrior,arms,30,15,15
Gorek,illidan,1435,warrior,arms,30,15,15
Nikon,bleeding-hollow,1435,warrior,arms,42,16,26
Rapralph,barthilas,1434,warrior,arms,42,23,19
Jellybomb,sargeras,1434,warrior,arms,204,101,103
Vainamóinen,kelthuzad,1433,warrior,arms,24,15,9
Hateuu,tichondrius,1433,warrior,arms,30,15,15
Ygucheng,emerald-dream,1433,warrior,arms,67,33,34
Monowarx,frostmourne,1433,warrior,arms,46,22,24
Ybo,illidan,1432,warrior,arms,87,56,31
Druckerz,lightnings-blade,1432,warrior,arms,102,43,59
Ôxluck,ragnaros,1432,warrior,arms,92,34,58
Painfulsin,tichondrius,1431,warrior,arms,60,26,34
Badguys,illidan,1431,warrior,arms,36,15,21
Malice,frostmourne,1430,warrior,arms,36,15,21
Asgér,quelthalas,1430,warrior,arms,102,41,61
Jeffe,khadgar,1429,warrior,arms,86,39,47
Kushhy,illidan,1429,warrior,arms,45,19,26
Akaius,ragnaros,1429,warrior,arms,48,20,28
Destroid,zuljin,1428,warrior,arms,24,15,9
Laintimee,tichondrius,1428,warrior,arms,56,30,26
Shiiftybuga,frostmourne,1427,warrior,arms,50,27,23
Shishokun,quelthalas,1427,warrior,arms,76,35,41
Hulkbuster,ragnaros,1427,warrior,arms,42,18,24
Kadira,stormrage,1427,warrior,arms,90,37,53
Fraannky,windrunner,1426,warrior,arms,128,64,64
Calmebigfeet,tichondrius,1426,warrior,arms,30,15,15
Onecho,tichondrius,1425,warrior,arms,30,15,15
Arot,bloodhoof,1425,warrior,arms,165,78,87
Moonär,emerald-dream,1425,warrior,arms,95,43,52
Nervoxztwo,ragnaros,1424,warrior,arms,126,66,60
Kannzox,quelthalas,1424,warrior,arms,103,53,50
Novastormer,barthilas,1424,warrior,arms,48,21,27
Krimgar,quelthalas,1424,warrior,arms,94,39,55
Aesom,wyrmrest-accord,1423,warrior,arms,133,73,60
Lòrdnasher,tichondrius,1423,warrior,arms,77,39,38
Tergll,illidan,1423,warrior,arms,51,23,28
Cjz,tichondrius,1422,warrior,arms,42,25,17
Justfair,barthilas,1422,warrior,arms,63,31,32
Automator,proudmoore,1422,warrior,arms,36,15,21
Gorenay,nemesis,1422,warrior,arms,42,17,25
Guguito,drakkari,1422,warrior,arms,42,17,25
Filthyrandy,proudmoore,1421,warrior,arms,42,21,21
Gritrog,thrall,1420,warrior,arms,56,42,14
Mahkrash,quelthalas,1420,warrior,arms,47,22,25
Sleazedog,kelthuzad,1420,warrior,arms,48,21,27
Waraze,tichondrius,1420,warrior,arms,42,17,25
Farquahd,illidan,1420,warrior,arms,72,28,44
Varyanguard,quelthalas,1419,warrior,arms,47,25,22
Orctiddy,emerald-dream,1419,warrior,arms,32,16,16
Mopwarrior,sargeras,1419,warrior,arms,30,15,15
Erradic,sargeras,1419,warrior,arms,30,15,15
Karrok,zuluhed,1418,warrior,arms,222,105,117
Hundredplus,frostmourne,1418,warrior,arms,36,17,19
Pepétí,azralon,1418,warrior,arms,160,72,88
Mortalgodtko,ragnaros,1418,warrior,arms,39,17,22
Lisande,sargeras,1417,warrior,arms,106,57,49
Chanchoswar,ragnaros,1417,warrior,arms,126,58,68
Alexitwo,ragnaros,1416,warrior,arms,66,36,30
Ártorius,sargeras,1416,warrior,arms,108,53,55
Blightscream,bleeding-hollow,1416,warrior,arms,184,87,97
Aaryn,caelestrasz,1415,warrior,arms,104,56,48
Rekitralph,tichondrius,1415,warrior,arms,45,23,22
Ughh,bleeding-hollow,1415,warrior,arms,48,24,24
Drygen,tichondrius,1414,warrior,arms,60,36,24
Ukris,area-52,1414,warrior,arms,89,48,41
Fatnfurious,dunemaul,1414,warrior,arms,100,50,50
Kahuwuna,tichondrius,1414,warrior,arms,30,15,15
Scumrat,frostmourne,1414,warrior,arms,66,32,34
Soltrain,stormrage,1414,warrior,arms,74,33,41
Imyourdaddy,chogall,1413,warrior,arms,28,16,12
Caupølican,ragnaros,1413,warrior,arms,66,33,33
Korboc,malganis,1413,warrior,arms,60,29,31
Slickpapi,area-52,1413,warrior,arms,93,44,49
Shrikewing,moon-guard,1412,warrior,arms,66,35,31
Muertededios,quelthalas,1412,warrior,arms,141,70,71
Kolossux,ragnaros,1412,warrior,arms,96,47,49
Rikuduo,quelthalas,1412,warrior,arms,138,66,72
Ëssex,tichondrius,1412,warrior,arms,83,38,45
Emaree,thrall,1411,warrior,arms,88,49,39
Methwitch,moon-guard,1411,warrior,arms,30,15,15
Shadderaz,sargeras,1411,warrior,arms,66,30,36
Dropopen,tichondrius,1411,warrior,arms,54,17,37
Tusktrollmon,illidan,1410,warrior,arms,104,53,51
Shockkwave,tichondrius,1410,warrior,arms,30,15,15
Handain,malganis,1410,warrior,arms,42,16,26
Áustin,sargeras,1409,warrior,arms,24,15,9
Slamix,area-52,1409,warrior,arms,81,41,40
Rockadoodle,tichondrius,1409,warrior,arms,60,30,30
Utgarde,stormrage,1408,warrior,arms,200,101,99
Swordmasters,icecrown,1408,warrior,arms,60,29,31
Haxzors,sargeras,1408,warrior,arms,60,26,34
Warthorns,malganis,1408,warrior,arms,49,17,32
Littlevarian,ragnaros,1407,warrior,arms,30,18,12
Jøq,ragnaros,1407,warrior,arms,30,17,13
Rägar,quelthalas,1407,warrior,arms,55,28,27
Swamphell,barthilas,1407,warrior,arms,55,18,37
Solano,illidan,1405,warrior,arms,48,30,18
Bruttallis,frostmane,1405,warrior,arms,51,25,26
Hoodlark,lightbringer,1405,warrior,arms,78,30,48
Baix,frostmourne,1404,warrior,arms,63,35,28
Tithousand,tichondrius,1404,warrior,arms,45,24,21
Broodthorne,tichondrius,1404,warrior,arms,30,15,15
Rhohan,ysera,1404,warrior,arms,77,38,39
Yummysushi,gorgonnash,1404,warrior,arms,76,31,45
Ragnarwar,azralon,1403,warrior,arms,58,35,23
Tdestroy,ragnaros,1403,warrior,arms,39,21,18
Mortalstrike,chogall,1403,warrior,arms,52,25,27
Xiosè,ragnaros,1403,warrior,arms,48,23,25
Aloloco,ragnaros,1403,warrior,arms,66,30,36
Zareos,azralon,1403,warrior,arms,40,17,23
Bløødy,lethon,1402,warrior,arms,26,17,9
Badmanego,illidan,1402,warrior,arms,30,16,14
Supremegalek,tichondrius,1401,warrior,arms,88,46,42
Cauldrin,bleeding-hollow,1401,warrior,arms,78,40,38
Sigfir,ragnaros,1401,warrior,arms,76,36,40
Aión,nemesis,1400,warrior,arms,24,17,7
Thaisyta,tichondrius,1400,warrior,arms,30,19,11
Dubstoob,illidan,1400,warrior,arms,148,77,71
Zizwe,proudmoore,1400,warrior,arms,77,39,38
Buntpunt,mannoroth,1400,warrior,arms,109,53,56
Peeb,tichondrius,1399,warrior,arms,30,15,15
Hêllseeker,ragnaros,1399,warrior,arms,78,37,41
Tern,emerald-dream,1398,warrior,arms,82,42,40
Ikrad,quelthalas,1398,warrior,arms,84,42,42
Tyrannus,chogall,1397,warrior,arms,29,15,14
Tenebrous,nemesis,1397,warrior,arms,48,20,28
Rokó,illidan,1396,warrior,arms,72,34,38
Edwiddin,frostmourne,1396,warrior,arms,68,31,37
Sokõ,tichondrius,1394,warrior,arms,48,28,20
Varith,sargeras,1394,warrior,arms,36,20,16
Ponchetas,quelthalas,1394,warrior,arms,96,46,50
Magnar,zuljin,1392,warrior,arms,42,25,17
Vanglorio,azralon,1392,warrior,arms,81,44,37
Gusbus,malganis,1392,warrior,arms,112,60,52
Märkdî,quelthalas,1392,warrior,arms,30,16,14
Byung,terenas,1392,warrior,arms,138,64,74
Carnith,arthas,1392,warrior,arms,36,15,21
Zaurka,sargeras,1391,warrior,arms,30,18,12
Bigster,malganis,1391,warrior,arms,30,16,14
Nicegirl,sargeras,1391,warrior,arms,69,36,33
Ayuko,greymane,1391,warrior,arms,47,23,24
Zeerohkool,tichondrius,1391,warrior,arms,102,46,56
Dreadwarr,stormrage,1390,warrior,arms,32,20,12
Apallô,tichondrius,1388,warrior,arms,89,40,49
Estivador,kelthuzad,1388,warrior,arms,56,25,31
Rekcd,sargeras,1387,warrior,arms,36,23,13
Demonsláyer,illidan,1387,warrior,arms,30,15,15
Saltyundies,tichondrius,1387,warrior,arms,117,54,63
Momojojo,daggerspine,1385,warrior,arms,26,18,8
Morhgath,bonechewer,1385,warrior,arms,49,26,23
Kilrosao,nordrassil,1385,warrior,arms,83,43,40
Retros,kelthuzad,1385,warrior,arms,72,37,35
Yirko,quelthalas,1385,warrior,arms,74,31,43
Fòntaine,shandris,1384,warrior,arms,39,21,18
Sludgthwaps,stormrage,1383,warrior,arms,59,29,30
Raygé,malygos,1383,warrior,arms,45,21,24
Disarmiea,cairne,1383,warrior,arms,87,40,47
Kanamechan,area-52,1383,warrior,arms,65,24,41
Ghostss,tichondrius,1382,warrior,arms,67,29,38
Eîghtysîx,sargeras,1382,warrior,arms,100,43,57
Odrak,ragnaros,1382,warrior,arms,48,18,30
Rivenz,moon-guard,1382,warrior,arms,57,20,37
Verain,thrall,1381,warrior,arms,36,17,19
Bagur,ragnaros,1380,warrior,arms,114,61,53
Typhön,tichondrius,1380,warrior,arms,77,31,46
Gooshin,sargeras,1379,warrior,arms,127,65,62
Dinogc,barthilas,1379,warrior,arms,44,21,23
Killtarget,tichondrius,1377,warrior,arms,82,45,37
Gwendolynl,hyjal,1377,warrior,arms,73,35,38
Rohta,kiljaeden,1376,warrior,arms,79,36,43
Luckyw,draktharon,1375,warrior,arms,42,23,19
Yoruba,burning-blade,1375,warrior,arms,67,29,38
Beowúlf,burning-blade,1375,warrior,arms,41,16,25
Dolkal,tichondrius,1375,warrior,arms,57,21,36
Hopar,illidan,1374,warrior,arms,54,31,23
Danzohh,dalaran,1374,warrior,arms,33,15,18
Týrodar,moon-guard,1374,warrior,arms,54,24,30
Blokz,arthas,1373,warrior,arms,72,40,32
Northhill,tichondrius,1373,warrior,arms,101,54,47
Nightshauyia,kelthuzad,1373,warrior,arms,51,27,24
Machineofwar,zuluhed,1373,warrior,arms,138,65,73
Kowboy,stormrage,1372,warrior,arms,130,66,64
Sako,amanthul,1372,warrior,arms,30,15,15
Rushour,quelthalas,1372,warrior,arms,32,15,17
Storkos,moon-guard,1371,warrior,arms,107,57,50
Kantorowicz,goldrinn,1371,warrior,arms,78,40,38
Ðarkstar,zuljin,1370,warrior,arms,140,62,78
Budzie,frostwolf,1368,warrior,arms,40,21,19
Zaexx,stormrage,1368,warrior,arms,65,32,33
Powerhard,area-52,1368,warrior,arms,57,26,31
Monkedurant,tichondrius,1367,warrior,arms,30,18,12
Superdah,kiljaeden,1367,warrior,arms,72,36,36
Juggerboo,frostmourne,1367,warrior,arms,79,38,41
Dhaemom,azralon,1366,warrior,arms,133,69,64
Evilkorean,tichondrius,1366,warrior,arms,59,29,30
Noppô,tichondrius,1366,warrior,arms,42,15,27
Zugnut,tichondrius,1365,warrior,arms,64,31,33
Xenowar,alleria,1365,warrior,arms,108,48,60
Durko,whisperwind,1365,warrior,arms,36,16,20
Juicey,burning-blade,1364,warrior,arms,55,28,27
Tÿÿr,azralon,1364,warrior,arms,60,26,34
Danzael,quelthalas,1364,warrior,arms,42,18,24
Xampuu,ragnaros,1363,warrior,arms,34,20,14
Rayks,tichondrius,1363,warrior,arms,60,34,26
Menestz,dreadmaul,1363,warrior,arms,59,33,26
Theragar,kilrogg,1363,warrior,arms,36,20,16
Sevala,spinebreaker,1363,warrior,arms,58,32,26
Drekzul,azralon,1363,warrior,arms,36,19,17
Neozsmash,thrall,1362,warrior,arms,58,29,29
Mjorn,sargeras,1362,warrior,arms,64,30,34
Yummybumbum,barthilas,1362,warrior,arms,60,26,34
Arashikage,malganis,1361,warrior,arms,40,18,22
Mervyn,aegwynn,1360,warrior,arms,48,29,19
Allgas,barthilas,1360,warrior,arms,107,58,49
Devil,illidan,1360,warrior,arms,33,17,16
Warsaínt,area-52,1360,warrior,arms,65,31,34
Klingensturm,thrall,1359,warrior,arms,25,15,10
Maywarro,ragnaros,1359,warrior,arms,60,29,31
Lègèndáry,dark-iron,1359,warrior,arms,48,21,27
Tigo,khaz-modan,1358,warrior,arms,81,44,37
Franc,kiljaeden,1358,warrior,arms,41,22,19
Davidorco,drakkari,1358,warrior,arms,41,19,22
Vondrack,ragnaros,1358,warrior,arms,36,15,21
Horcules,kiljaeden,1358,warrior,arms,41,17,24
Ightdoex,zuljin,1357,warrior,arms,32,22,10
Kleavage,korgath,1357,warrior,arms,67,31,36
Elsamok,ragnaros,1356,warrior,arms,28,15,13
Roitty,proudmoore,1356,warrior,arms,55,26,29
Dorianfrost,ravenholdt,1356,warrior,arms,78,27,51
Pangpou,tichondrius,1355,warrior,arms,156,83,73
Doomreaprr,hellscream,1354,warrior,arms,28,18,10
Lowlow,lightbringer,1354,warrior,arms,36,16,20
Jhave,ragnaros,1353,warrior,arms,44,22,22
Silverkiller,drakkari,1352,warrior,arms,57,29,28
Browneyed,area-52,1352,warrior,arms,36,15,21
Nviv,proudmoore,1351,warrior,arms,90,40,50
Hiddensquidd,stormrage,1349,warrior,arms,57,35,22
Rampage,azralon,1349,warrior,arms,125,59,66
Jsolucky,thrall,1348,warrior,arms,36,15,21
Cecchino,zuluhed,1347,warrior,arms,36,18,18
Thorado,nemesis,1347,warrior,arms,160,78,82
Dimus,area-52,1347,warrior,arms,36,15,21
Scrapx,malganis,1346,warrior,arms,107,51,56
Rasgriz,moon-guard,1346,warrior,arms,43,20,23
Xvett,drakkari,1345,warrior,arms,90,51,39
Tasesino,quelthalas,1345,warrior,arms,52,27,25
Ðuratestön,azralon,1345,warrior,arms,36,16,20
Juff,hakkar,1344,warrior,arms,70,36,34
ßaldbornë,stormrage,1344,warrior,arms,94,47,47
Warraaxx,stonemaul,1343,warrior,arms,48,25,23
Notmagnusz,zuljin,1343,warrior,arms,30,14,16
Lagzistance,area-52,1343,warrior,arms,30,14,16
Legday,stormrage,1343,warrior,arms,30,14,16
Doominus,tichondrius,1343,warrior,arms,30,14,16
Orangesoda,tichondrius,1342,warrior,arms,24,14,10
Gorrock,dreadmaul,1342,warrior,arms,72,35,37
Tuggernaut,khadgar,1342,warrior,arms,30,14,16
Bùlk,barthilas,1342,warrior,arms,106,47,59
Kurdt,tichondrius,1341,warrior,arms,24,14,10
Mcflury,skullcrusher,1341,warrior,arms,24,14,10
Jokerkxs,tichondrius,1341,warrior,arms,24,14,10
Rage,uther,1341,warrior,arms,24,14,10
Handkerchief,bleeding-hollow,1341,warrior,arms,31,15,16
Gentlehugs,illidan,1340,warrior,arms,36,14,22
Nerdstorm,tichondrius,1338,warrior,arms,24,14,10
Gáren,quelthalas,1338,warrior,arms,24,14,10
Kelidar,kaelthas,1338,warrior,arms,42,22,20
Allenwrite,frostmourne,1337,warrior,arms,48,21,27
Suntore,malganis,1336,warrior,arms,24,14,10
Govosh,thrall,1336,warrior,arms,24,14,10
Laygoh,zuljin,1336,warrior,arms,24,14,10
Xtrachrome,stormrage,1336,warrior,arms,24,14,10
Ketaqt,illidan,1336,warrior,arms,26,15,11
Swamis,stormreaver,1336,warrior,arms,36,19,17
Azog,bleeding-hollow,1336,warrior,arms,48,25,23
Omnïslash,tichondrius,1336,warrior,arms,30,14,16
Viagraliker,tichondrius,1336,warrior,arms,44,19,25
Rhorix,korialstrasz,1336,warrior,arms,36,14,22
Wesih,ragnaros,1336,warrior,arms,60,22,38
Unbeatablezs,tichondrius,1335,warrior,arms,96,51,45
Xenoblade,wildhammer,1335,warrior,arms,48,21,27
Dicedup,stormrage,1335,warrior,arms,36,14,22
Rageinice,tichondrius,1334,warrior,arms,42,21,21
Warb,aggramar,1334,warrior,arms,84,41,43
Twobyfuor,sargeras,1334,warrior,arms,59,28,31
Janlei,quelthalas,1334,warrior,arms,59,25,34
Prodigál,dalaran,1334,warrior,arms,36,15,21
Slammshady,tichondrius,1333,warrior,arms,21,15,6
Thegoochgoon,malorne,1333,warrior,arms,67,36,31
Torkus,ragnaros,1333,warrior,arms,52,26,26
Barricade,velen,1333,warrior,arms,131,64,67
Baciless,illidan,1333,warrior,arms,36,14,22
Babybears,tichondrius,1333,warrior,arms,44,15,29
Kolacut,tichondrius,1332,warrior,arms,24,14,10
Jijiyeya,tichondrius,1332,warrior,arms,36,17,19
Blackwulff,korgath,1332,warrior,arms,66,29,37
Woth,deathwing,1331,warrior,arms,30,14,16
Necco,lothar,1331,warrior,arms,36,16,20
Lexxsteele,mugthol,1330,warrior,arms,24,14,10
Carken,kiljaeden,1330,warrior,arms,36,20,16
Marzse,sargeras,1330,warrior,arms,30,14,16
Kilroywar,tichondrius,1329,warrior,arms,30,14,16
Mimiovo,tichondrius,1328,warrior,arms,24,14,10
Marraneitor,quelthalas,1328,warrior,arms,30,16,14
Nuclearfury,khadgar,1328,warrior,arms,60,31,29
Fixafflock,bleeding-hollow,1327,warrior,arms,24,14,10
Chilicezo,durotan,1327,warrior,arms,65,37,28
Kalnor,dark-iron,1327,warrior,arms,50,26,24
Ketasshi,kelthuzad,1327,warrior,arms,36,14,22
Twistwarr,area-52,1326,warrior,arms,24,14,10
Greywo,tichondrius,1326,warrior,arms,67,38,29
Iyamii,hyjal,1326,warrior,arms,35,19,16
Odrath,tichondrius,1326,warrior,arms,90,42,48
Zuljikan,illidan,1326,warrior,arms,47,16,31
Rekem,malganis,1325,warrior,arms,72,33,39
Kinzi,quelthalas,1325,warrior,arms,135,57,78
Boocawkeyy,illidan,1325,warrior,arms,60,23,37
Homicideted,frostmourne,1323,warrior,arms,24,15,9
Mitered,tichondrius,1323,warrior,arms,39,19,20
Aparentlynot,shattered-hand,1323,warrior,arms,30,14,16
Rasazghal,darrowmere,1323,warrior,arms,75,26,49
Overfury,azralon,1322,warrior,arms,36,18,18
Datsongz,proudmoore,1322,warrior,arms,102,50,52
Loothar,goldrinn,1321,warrior,arms,113,56,57
Venecus,stormrage,1321,warrior,arms,30,14,16
Sharpen,terokkar,1320,warrior,arms,24,14,10
Bwhaha,frostwolf,1319,warrior,arms,30,22,8
Gahju,area-52,1319,warrior,arms,24,14,10
Macsen,zuljin,1319,warrior,arms,36,18,18
Semyus,ragnaros,1319,warrior,arms,65,32,33
Linçpin,tichondrius,1319,warrior,arms,60,29,31
Thrawb,bleeding-hollow,1319,warrior,arms,33,15,18
Gï,fizzcrank,1318,warrior,arms,24,14,10
Chargeback,zuljin,1318,warrior,arms,63,34,29
Arkayko,quelthalas,1318,warrior,arms,28,15,13
Zroz,ragnaros,1318,warrior,arms,54,28,26
Lujzika,stormreaver,1318,warrior,arms,39,17,22
Calmaah,frostmourne,1317,warrior,arms,63,33,30
Orcaine,ursin,1315,warrior,arms,41,27,14
Valder,akama,1315,warrior,arms,30,15,15
Kappis,illidan,1315,warrior,arms,59,29,30
Dennlss,quelthalas,1315,warrior,arms,114,49,65
Fuller,kelthuzad,1314,warrior,arms,36,18,18
Xl,quelthalas,1312,warrior,arms,78,36,42
Tenchuu,azralon,1312,warrior,arms,118,50,68
Logi,alexstrasza,1312,warrior,arms,42,17,25
Qtcrow,frostmourne,1310,warrior,arms,78,39,39
Sseobeon,tichondrius,1310,warrior,arms,28,14,14
Tunasurprize,stormrage,1310,warrior,arms,33,16,17
Korsarro,frostmourne,1310,warrior,arms,86,40,46
Elane,moon-guard,1310,warrior,arms,48,17,31
Doomtree,zuljin,1309,warrior,arms,18,14,4
Makcumba,ragnaros,1309,warrior,arms,54,29,25
Jalaskâ,azralon,1309,warrior,arms,82,39,43
Arm,stormscale,1309,warrior,arms,56,26,30
Tenserr,kiljaeden,1308,warrior,arms,31,16,15
Biloni,ragnaros,1308,warrior,arms,30,14,16
Daymiian,blackrock,1308,warrior,arms,42,17,25
Mickyplate,tichondrius,1307,warrior,arms,78,39,39
Notsi,ragnaros,1307,warrior,arms,66,28,38
Aldérmach,zuljin,1306,warrior,arms,112,57,55
Syllana,sargeras,1306,warrior,arms,30,15,15
Velarrine,illidan,1306,warrior,arms,89,39,50
Noelglz,quelthalas,1305,warrior,arms,23,14,9
Knghtofseven,nemesis,1305,warrior,arms,72,39,33
Tikkò,tichondrius,1305,warrior,arms,50,25,25
Exxic,zuljin,1305,warrior,arms,42,21,21
Vemue,tichondrius,1305,warrior,arms,172,84,88
Rhagnael,malganis,1305,warrior,arms,72,30,42
Broxigore,nerzhul,1305,warrior,arms,48,14,34
Raekor,tichondrius,1304,warrior,arms,42,25,17
Zuggarnaught,tichondrius,1304,warrior,arms,82,44,38
Dreweth,altar-of-storms,1304,warrior,arms,30,16,14
Kannerhus,quelthalas,1304,warrior,arms,83,43,40
Brontok,darkspear,1304,warrior,arms,52,25,27
Pum,bleeding-hollow,1304,warrior,arms,30,14,16
Warrshield,ragnaros,1303,warrior,arms,85,42,43
Ximzhao,quelthalas,1303,warrior,arms,60,29,31
Deadee,aerie-peak,1302,warrior,arms,100,48,52
Akj,sargeras,1302,warrior,arms,54,23,31
Ludicrous,dreadmaul,1302,warrior,arms,85,36,49
Kittybang,quelthalas,1302,warrior,arms,54,19,35
Donhoolio,illidan,1301,warrior,arms,24,14,10
Legolant,uther,1301,warrior,arms,30,14,16
Ermeji,ragnaros,1301,warrior,arms,36,14,22
Erdres,kelthuzad,1301,warrior,arms,75,27,48
Raserei,moonrunner,1300,warrior,arms,105,57,48
Pvpheart,tichondrius,1299,warrior,arms,47,27,20
Krostyx,ragnaros,1299,warrior,arms,72,40,32
Chawp,emerald-dream,1299,warrior,arms,47,24,23
Bluthammer,wyrmrest-accord,1299,warrior,arms,35,16,19
Warrdawg,tichondrius,1298,warrior,arms,36,20,16
Swiftui,nemesis,1298,warrior,arms,81,36,45
Xufoxpikmin,gurubashi,1297,warrior,arms,100,43,57
Bersorcker,ragnaros,1297,warrior,arms,62,24,38
Kitonic,proudmoore,1296,warrior,arms,29,18,11
Guitter,nazjatar,1296,warrior,arms,48,20,28
Beeny,tichondrius,1295,warrior,arms,33,14,19
Fuknazum,gundrak,1294,warrior,arms,150,70,80
Vyndronor,illidan,1294,warrior,arms,60,28,32
Superpot,bleeding-hollow,1294,warrior,arms,48,22,26
Crú,stormrage,1293,warrior,arms,30,14,16
Weepingdeath,burning-legion,1292,warrior,arms,72,33,39
Lobsterrj,emerald-dream,1292,warrior,arms,48,19,29
Noobslayr,wyrmrest-accord,1290,warrior,arms,30,18,12
Groxxigore,chogall,1290,warrior,arms,95,51,44
Golîath,mannoroth,1290,warrior,arms,79,35,44
Toagrim,azralon,1290,warrior,arms,48,20,28
Ønì,tichondrius,1289,warrior,arms,48,35,13
Grizzlefish,feathermoon,1289,warrior,arms,54,23,31
Grumok,tichondrius,1289,warrior,arms,57,24,33
Hikikomori,goldrinn,1287,warrior,arms,65,35,30
Devilsbane,khaz-modan,1287,warrior,arms,54,26,28
Walterwhîte,tichondrius,1287,warrior,arms,30,14,16
Rockystyle,tichondrius,1286,warrior,arms,60,33,27
Utheroellin,stormrage,1286,warrior,arms,30,15,15
Hôdû,tichondrius,1286,warrior,arms,75,36,39
Egargiss,malygos,1285,warrior,arms,24,14,10
Hatedßyßlízz,area-52,1285,warrior,arms,48,21,27
Brianucky,thrall,1285,warrior,arms,35,14,21
Ðåddý,stormrage,1285,warrior,arms,41,14,27
Repsey,zuljin,1284,warrior,arms,23,15,8
Sllvrbck,tichondrius,1284,warrior,arms,28,17,11
Niudazhuang,tichondrius,1284,warrior,arms,106,56,50
Valde,stormrage,1284,warrior,arms,27,14,13
Dualip,tichondrius,1283,warrior,arms,75,38,37
Excaliburz,frostmourne,1283,warrior,arms,101,48,53
Ñors,spinebreaker,1283,warrior,arms,36,15,21
Soniixz,ragnaros,1283,warrior,arms,42,17,25
Rnkman,quelthalas,1282,warrior,arms,25,16,9
Putong,tichondrius,1282,warrior,arms,53,29,24
Kagerou,ragnaros,1282,warrior,arms,62,28,34
Verigislena,moon-guard,1281,warrior,arms,50,24,26
Zeerohkool,malganis,1281,warrior,arms,110,46,64
Mussashí,stormrage,1280,warrior,arms,70,41,29
Orz,sargeras,1280,warrior,arms,37,15,22
Onionion,stormrage,1278,warrior,arms,30,14,16
Bfrenzy,dalaran,1278,warrior,arms,42,18,24
Mogtash,blackrock,1278,warrior,arms,41,16,25
Zeiyah,quelthalas,1277,warrior,arms,24,14,10
Irix,tichondrius,1277,warrior,arms,129,63,66
Chrosis,norgannon,1277,warrior,arms,71,27,44
Varekai,frostmourne,1276,warrior,arms,68,33,35
Kourny,frostmourne,1276,warrior,arms,75,36,39
Aintou,aegwynn,1276,warrior,arms,42,20,22
Toxxel,wyrmrest-accord,1275,warrior,arms,59,20,39
Aelrog,malganis,1274,warrior,arms,154,81,73
Rickyxp,aggramar,1274,warrior,arms,48,23,25
Swám,quelthalas,1273,warrior,arms,36,16,20
Amrap,dentarg,1273,warrior,arms,37,16,21
Krazyguerra,bleeding-hollow,1272,warrior,arms,48,26,22
Arox,ghostlands,1272,warrior,arms,60,30,30
Tinydingo,sargeras,1272,warrior,arms,30,15,15
Warnick,illidan,1272,warrior,arms,60,28,32
Dëkm,quelthalas,1272,warrior,arms,41,18,23
Sneeze,kul-tiras,1271,warrior,arms,52,25,27
Aqee,illidan,1270,warrior,arms,60,35,25
Papaming,tichondrius,1270,warrior,arms,60,25,35
Qookymonster,zuljin,1269,warrior,arms,100,51,49
Deadhawk,wyrmrest-accord,1269,warrior,arms,78,32,46
Blacksmiff,malganis,1268,warrior,arms,96,52,44
Thorablade,barthilas,1268,warrior,arms,96,44,52
Loucha,nagrand,1268,warrior,arms,75,32,43
Eudora,stormrage,1267,warrior,arms,72,38,34
Luckybrother,tichondrius,1267,warrior,arms,57,28,29
Athin,azralon,1267,warrior,arms,29,14,15
Catastrophie,mugthol,1266,warrior,arms,87,39,48
Irongummy,frostmourne,1265,warrior,arms,43,19,24
Spartaner,shadowsong,1265,warrior,arms,36,14,22
Spitfired,kiljaeden,1264,warrior,arms,36,19,17
Timotheapple,stormrage,1264,warrior,arms,32,14,18
Thelgrath,quelthalas,1263,warrior,arms,136,66,70
Krimmjðw,sargeras,1263,warrior,arms,36,14,22
Babyguns,tichondrius,1262,warrior,arms,66,29,37
Ivanovh,quelthalas,1261,warrior,arms,180,90,90
Viladoht,aegwynn,1261,warrior,arms,30,14,16
Knewty,stormrage,1261,warrior,arms,32,14,18
Laynarri,hyjal,1260,warrior,arms,60,28,32
Tämuros,thrall,1258,warrior,arms,64,32,32
Wrathena,khadgar,1258,warrior,arms,55,26,29
Gorash,gundrak,1257,warrior,arms,93,46,47
Parren,bleeding-hollow,1256,warrior,arms,25,14,11
Selathiel,burning-blade,1256,warrior,arms,40,16,24
Queterompo,ragnaros,1255,warrior,arms,66,36,30
Hadesz,nazjatar,1255,warrior,arms,77,40,37
Cbum,quelthalas,1255,warrior,arms,66,31,35
Aleniá,tichondrius,1255,warrior,arms,79,37,42
Rawlur,zuljin,1255,warrior,arms,41,16,25
Laint,wyrmrest-accord,1254,warrior,arms,146,73,73
Lilboytroy,korgath,1253,warrior,arms,36,15,21
Croxxs,aegwynn,1253,warrior,arms,50,17,33
Hblock,barthilas,1251,warrior,arms,45,16,29
Rhâêgâr,tichondrius,1250,warrior,arms,42,22,20
Rageoverdose,burning-legion,1250,warrior,arms,135,66,69
Bloodwish,stormrage,1249,warrior,arms,58,32,26
Rodhin,proudmoore,1249,warrior,arms,47,22,25
Brynjah,azralon,1249,warrior,arms,90,40,50
Sowavey,korgath,1248,warrior,arms,24,13,11
Raizzw,ragnaros,1247,warrior,arms,18,13,5
Codyjones,illidan,1247,warrior,arms,24,13,11
Wtbfriends,malganis,1247,warrior,arms,24,13,11
Areaves,moon-guard,1247,warrior,arms,24,13,11
Herey,moon-guard,1247,warrior,arms,24,13,11
Scotteh,eredar,1247,warrior,arms,30,13,17
Sabotender,suramar,1247,warrior,arms,30,13,17
Golinn,aerie-peak,1247,warrior,arms,48,20,28
Irascible,stormrage,1247,warrior,arms,36,13,23
Callad,tichondrius,1246,warrior,arms,47,22,25
Lilfookur,dalaran,1246,warrior,arms,82,37,45
Schizogeist,malganis,1246,warrior,arms,40,18,22
Warhji,malganis,1246,warrior,arms,30,13,17
Betterwar,zuljin,1246,warrior,arms,30,13,17
Babamama,tichondrius,1245,warrior,arms,32,17,15
Tankomode,area-52,1245,warrior,arms,30,13,17
Taürok,azralon,1245,warrior,arms,36,15,21
Reichbeast,area-52,1244,warrior,arms,18,13,5
Rarelinew,malganis,1244,warrior,arms,18,13,5
Vamtoro,illidan,1244,warrior,arms,34,19,15
Kayaburn,tichondrius,1243,warrior,arms,18,14,4
Småckin,frostmourne,1243,warrior,arms,36,20,16
Mokrog,bleeding-hollow,1243,warrior,arms,24,13,11
Malvicious,proudmoore,1243,warrior,arms,24,13,11
Andorane,bleeding-hollow,1243,warrior,arms,24,13,11
Skornnd,malganis,1243,warrior,arms,68,27,41
Flexinbooty,kelthuzad,1243,warrior,arms,36,13,23
Ystk,tichondrius,1242,warrior,arms,24,13,11
Thunderclapz,stormscale,1242,warrior,arms,30,16,14
Gíal,ragnaros,1242,warrior,arms,64,26,38
Titanika,wyrmrest-accord,1242,warrior,arms,72,28,44
Gaydin,eldrethalas,1242,warrior,arms,39,15,24
Guerra,goldrinn,1241,warrior,arms,24,13,11
Ragedump,shadowsong,1241,warrior,arms,26,13,13
Titanrage,tichondrius,1241,warrior,arms,32,14,18
Qtxd,malganis,1240,warrior,arms,24,13,11
Broxhar,ragnaros,1240,warrior,arms,53,26,27
Deamonkiller,kelthuzad,1240,warrior,arms,103,45,58
Rahj,caelestrasz,1240,warrior,arms,30,13,17
Jaminos,frostmourne,1240,warrior,arms,51,22,29
Ðhrâgøn,ragnaros,1239,warrior,arms,18,15,3
Mitigation,hyjal,1239,warrior,arms,34,15,19
Shain,thrall,1239,warrior,arms,30,13,17
Noitrak,azralon,1239,warrior,arms,33,14,19
Retrostorm,illidan,1238,warrior,arms,24,13,11
Depthsii,lightbringer,1238,warrior,arms,30,14,16
Zeldawolfpac,moon-guard,1237,warrior,arms,18,13,5
Deathengine,area-52,1237,warrior,arms,29,14,15
Squeekzz,frostmane,1236,warrior,arms,50,24,26
Macray,proudmoore,1235,warrior,arms,24,13,11
Tallix,smolderthorn,1235,warrior,arms,24,13,11
Magnis,stormrage,1235,warrior,arms,30,13,17
Rahgnarson,kelthuzad,1235,warrior,arms,42,13,29
Nickfurie,emerald-dream,1234,warrior,arms,24,13,11
Hoodlord,tichondrius,1234,warrior,arms,54,24,30
Báhamut,area-52,1234,warrior,arms,32,13,19
Dieselsauce,stormscale,1233,warrior,arms,42,24,18
Mezi,tichondrius,1233,warrior,arms,59,30,29
Nosfuratuzod,frostmourne,1233,warrior,arms,49,22,27
Standsonkegs,illidan,1233,warrior,arms,30,13,17
Bananae,stormrage,1232,warrior,arms,21,14,7
Pandaniela,area-52,1232,warrior,arms,30,18,12
Goldbêrg,malganis,1232,warrior,arms,24,13,11
Heojae,tichondrius,1232,warrior,arms,24,13,11
Gale,kelthuzad,1232,warrior,arms,24,13,11
Vobiscum,drakkari,1232,warrior,arms,30,14,16
Wankcelot,kiljaeden,1231,warrior,arms,48,21,27
Moonsworn,moon-guard,1231,warrior,arms,30,13,17
Eternalwill,rexxar,1229,warrior,arms,24,13,11
Awkagar,hyjal,1228,warrior,arms,23,13,10
Seshømaru,quelthalas,1228,warrior,arms,24,13,11
Dji,tichondrius,1228,warrior,arms,215,102,113
Rebelzudo,azralon,1227,warrior,arms,48,29,19
Babyweenis,sargeras,1226,warrior,arms,18,13,5
Celt,uldum,1226,warrior,arms,31,15,16
Carralee,azralon,1225,warrior,arms,66,38,28
Malystik,ragnaros,1225,warrior,arms,93,49,44
Hoshigaki,frostmourne,1225,warrior,arms,47,24,23
Monardaid,uldum,1225,warrior,arms,36,14,22
Tunchi,runetotem,1224,warrior,arms,90,47,43
Wreckz,blood-furnace,1224,warrior,arms,42,21,21
Armorlancer,stormrage,1223,warrior,arms,24,13,11
Warrage,kiljaeden,1223,warrior,arms,103,55,48
Ahore,illidan,1223,warrior,arms,36,14,22
Kiayla,quelthalas,1222,warrior,arms,159,72,87
Avesielli,dalaran,1221,warrior,arms,24,13,11
Arthknight,ragnaros,1221,warrior,arms,30,15,15
Dhano,drakkari,1221,warrior,arms,42,19,23
Degentradorz,area-52,1220,warrior,arms,42,20,22
Kuchikilla,borean-tundra,1219,warrior,arms,100,48,52
Sugarpanties,moon-guard,1219,warrior,arms,93,42,51
Slivers,stormrage,1218,warrior,arms,30,16,14
Odinsglory,mugthol,1218,warrior,arms,181,85,96
Ðwârf,tichondrius,1218,warrior,arms,46,17,29
Zeldrissx,quelthalas,1217,warrior,arms,50,19,31
Rhydonero,azralon,1216,warrior,arms,47,26,21
Baghatur,tichondrius,1216,warrior,arms,30,15,15
Akunaswar,dalaran,1215,warrior,arms,89,41,48
Dsz,nemesis,1215,warrior,arms,53,24,29
Vâìn,tichondrius,1214,warrior,arms,34,15,19
Dippindabz,area-52,1213,warrior,arms,47,26,21
Colapse,zuljin,1213,warrior,arms,30,13,17
Huri,nemesis,1212,warrior,arms,44,26,18
Truongx,kiljaeden,1212,warrior,arms,24,14,10
Ediict,illidan,1212,warrior,arms,29,13,16
Deomer,quelthalas,1211,warrior,arms,30,14,16
Olgran,drakkari,1211,warrior,arms,65,30,35
Naxxiki,wyrmrest-accord,1210,warrior,arms,156,74,82
Brianya,moon-guard,1210,warrior,arms,30,13,17
Avoraçado,nemesis,1210,warrior,arms,115,46,69
Winjerrywin,frostwolf,1209,warrior,arms,46,26,20
Marvél,quelthalas,1209,warrior,arms,118,58,60
Brozown,wildhammer,1209,warrior,arms,32,14,18
Rageloading,amanthul,1208,warrior,arms,36,18,18
Diamict,wyrmrest-accord,1208,warrior,arms,66,32,34
Baadomishram,ragnaros,1208,warrior,arms,30,14,16
Rollz,amanthul,1208,warrior,arms,40,17,23
Gilgaméshh,tichondrius,1208,warrior,arms,36,13,23
Yiffathon,wyrmrest-accord,1207,warrior,arms,87,37,50
Lokiilloo,drakkari,1206,warrior,arms,91,44,47
Deadhofe,azuremyst,1205,warrior,arms,33,16,17
Bifilar,frostmourne,1205,warrior,arms,48,21,27
Siegfriéd,bleeding-hollow,1205,warrior,arms,41,15,26
Eniaan,khaz-modan,1204,warrior,arms,24,13,11
Fkndog,tichondrius,1203,warrior,arms,66,31,35
Rageorade,area-52,1202,warrior,arms,29,13,16
Drdrip,shuhalo,1202,warrior,arms,48,21,27
Colnar,stormrage,1202,warrior,arms,30,13,17
Colosal,drakkari,1201,warrior,arms,27,16,11
Vapòr,frostmourne,1201,warrior,arms,24,14,10
Sonezwar,thrall,1201,warrior,arms,30,13,17
Newtommi,barthilas,1200,warrior,arms,54,27,27
Kapalua,darkspear,1200,warrior,arms,45,21,24
Dissx,illidan,1200,warrior,arms,55,24,31
Friendnoodle,frostmourne,1199,warrior,arms,59,28,31
Kiddoe,rivendare,1199,warrior,arms,84,39,45
Munchiesxqc,exodar,1199,warrior,arms,68,25,43
Aclipse,nagrand,1197,warrior,arms,65,34,31
Buliwyff,wyrmrest-accord,1197,warrior,arms,57,28,29
Flexakute,malganis,1196,warrior,arms,24,14,10
Darkhorv,frostmourne,1196,warrior,arms,23,13,10
Thebruce,nemesis,1194,warrior,arms,124,61,63
Knocks,blackrock,1193,warrior,arms,32,21,11
Bloodfx,darkspear,1193,warrior,arms,126,61,65
Aspxt,saurfang,1193,warrior,arms,54,24,30
Your,emerald-dream,1192,warrior,arms,24,13,11
Âmânthul,alexstrasza,1192,warrior,arms,188,99,89
Skrot,stormrage,1191,warrior,arms,37,17,20
Bazironbeard,ravencrest,1190,warrior,arms,17,13,4
Annaliyah,wyrmrest-accord,1190,warrior,arms,66,36,30
Baroque,darkspear,1190,warrior,arms,24,13,11
Areiden,sargeras,1190,warrior,arms,48,16,32
Aistine,alterac-mountains,1189,warrior,arms,36,18,18
Gohawn,hyjal,1186,warrior,arms,37,20,17
Axharafuji,dalvengyr,1186,warrior,arms,78,35,43
Timbajimba,silvermoon,1186,warrior,arms,30,13,17
Lazyclap,nagrand,1185,warrior,arms,41,21,20
Aràthor,stormrage,1185,warrior,arms,105,47,58
Vayper,illidan,1185,warrior,arms,59,26,33
Lilsweet,moon-guard,1184,warrior,arms,24,17,7
Jamajuicedx,thrall,1183,warrior,arms,29,13,16
Jurojin,tichondrius,1182,warrior,arms,23,13,10
Cowbøycrytoo,azralon,1182,warrior,arms,88,46,42
Rios,jubeithos,1182,warrior,arms,36,14,22
Sherway,quelthalas,1180,warrior,arms,203,100,103
Twoone,illidan,1178,warrior,arms,32,13,19
Archonian,stormscale,1177,warrior,arms,40,24,16
Kì,moon-guard,1177,warrior,arms,66,36,30
Amaus,queldorei,1177,warrior,arms,27,14,13
Skumwarr,moon-guard,1177,warrior,arms,58,22,36
Orsex,ragnaros,1176,warrior,arms,26,13,13
Orcbreaker,quelthalas,1176,warrior,arms,38,18,20
Zarrock,emerald-dream,1174,warrior,arms,26,14,12
Süspicious,malfurion,1174,warrior,arms,35,14,21
Bigolpeen,sargeras,1172,warrior,arms,36,19,17
Philbert,alexstrasza,1172,warrior,arms,75,39,36
Droogust,tichondrius,1172,warrior,arms,30,15,15
Calynn,frostmourne,1172,warrior,arms,192,94,98
Southmariner,malganis,1172,warrior,arms,72,35,37
Rauh,emerald-dream,1171,warrior,arms,22,13,9
Thedargz,trollbane,1170,warrior,arms,110,58,52
Stoul,illidan,1168,warrior,arms,30,22,8
Rockley,mugthol,1168,warrior,arms,48,19,29
Robotríp,illidan,1167,warrior,arms,64,29,35
Nosetackle,area-52,1166,warrior,arms,64,31,33
Adunken,ragnaros,1165,warrior,arms,30,17,13
Grömäash,ragnaros,1165,warrior,arms,32,13,19
Asarg,emerald-dream,1163,warrior,arms,30,18,12
Puertorc,ragnaros,1163,warrior,arms,36,17,19
Daddymoist,moon-guard,1163,warrior,arms,54,24,30
Gongos,doomhammer,1161,warrior,arms,207,107,100
Mortilant,perenolde,1160,warrior,arms,75,34,41
Ãleister,stormrage,1160,warrior,arms,63,25,38
Enthria,illidan,1159,warrior,arms,96,49,47
Ogpapabear,stormscale,1158,warrior,arms,63,21,42
Stolz,dragonmaw,1157,warrior,arms,30,13,17
Angryskeever,garona,1156,warrior,arms,48,25,23
Tomatogodx,sargeras,1156,warrior,arms,31,15,16
Elpish,ragnaros,1154,warrior,arms,66,31,35
Magnuszx,zuljin,1152,warrior,arms,18,12,6
Pathelsonsus,stormrage,1152,warrior,arms,30,12,18
Dpsmachinex,tichondrius,1151,warrior,arms,18,12,6
Atomiclol,area-52,1151,warrior,arms,18,12,6
Wewladdie,malganis,1151,warrior,arms,18,12,6
Saelaa,azralon,1151,warrior,arms,24,12,12
Varrior,wyrmrest-accord,1151,warrior,arms,24,12,12
Moxxyy,tichondrius,1151,warrior,arms,24,12,12
Turecw,illidan,1151,warrior,arms,24,12,12
Njjszn,thrall,1151,warrior,arms,226,110,116
Soultarius,sargeras,1151,warrior,arms,33,13,20
Downblow,tichondrius,1150,warrior,arms,18,12,6
Hàru,illidan,1150,warrior,arms,18,12,6
Einnarr,tichondrius,1150,warrior,arms,19,12,7
Nexgenwar,destromath,1150,warrior,arms,24,12,12
Recktko,sargeras,1150,warrior,arms,33,13,20
Jarheadz,bleeding-hollow,1150,warrior,arms,35,12,23
Gordofofo,azralon,1149,warrior,arms,18,12,6
Iblowloads,illidan,1149,warrior,arms,24,14,10
Scaredwarr,stormrage,1149,warrior,arms,45,24,21
Lørdvingador,azralon,1149,warrior,arms,24,12,12
Arixos,frostmourne,1149,warrior,arms,24,12,12
Zerosends,kelthuzad,1149,warrior,arms,30,12,18
Chestbrook,icecrown,1148,warrior,arms,18,12,6
Illicitkillz,destromath,1148,warrior,arms,24,12,12
Shino,garona,1148,warrior,arms,24,12,12
Kamuwarr,azralon,1148,warrior,arms,24,12,12
Fulreck,tichondrius,1148,warrior,arms,24,12,12
Retrospex,black-dragonflight,1148,warrior,arms,24,12,12
Pezek,thrall,1148,warrior,arms,26,12,14
Suicider,stormrage,1148,warrior,arms,30,12,18
Dulapamore,tichondrius,1148,warrior,arms,30,12,18
Omnismash,stormrage,1148,warrior,arms,32,12,20
Vodkagoblin,sargeras,1147,warrior,arms,24,12,12
Misclickëd,dalaran,1147,warrior,arms,24,12,12
Virillius,wyrmrest-accord,1147,warrior,arms,28,13,15
Jianhung,tichondrius,1147,warrior,arms,30,12,18
Hektar,tichondrius,1146,warrior,arms,18,12,6
Stompyocouch,mugthol,1146,warrior,arms,21,13,8
Dâvo,area-52,1146,warrior,arms,24,12,12
Ikitee,zuljin,1146,warrior,arms,24,12,12
Furryhorv,frostmourne,1146,warrior,arms,24,12,12
Gosariw,tichondrius,1146,warrior,arms,30,12,18
Alejandrica,ragnaros,1146,warrior,arms,30,12,18
Plssaveme,ysera,1146,warrior,arms,68,27,41
Ragnarloðbró,tichondrius,1146,warrior,arms,36,12,24
Struka,drakkari,1145,warrior,arms,24,12,12
Nãrax,area-52,1145,warrior,arms,28,13,15
Skittlesxo,bleeding-hollow,1144,warrior,arms,24,12,12
Hintofmint,tichondrius,1144,warrior,arms,44,21,23
Dúmßlòwn,tichondrius,1144,warrior,arms,165,76,89
Bootstraps,hyjal,1144,warrior,arms,66,27,39
Lacorte,ragnaros,1144,warrior,arms,34,13,21
Sartin,boulderfist,1144,warrior,arms,42,14,28
Maintarget,malganis,1144,warrior,arms,41,12,29
Invared,stormrage,1143,warrior,arms,18,12,6
Elíte,kelthuzad,1143,warrior,arms,24,12,12
Flycosmos,tichondrius,1143,warrior,arms,91,44,47
Lucidx,malfurion,1142,warrior,arms,18,12,6
Nibbzy,sargeras,1142,warrior,arms,18,12,6
Haldeer,shadow-council,1142,warrior,arms,24,12,12
Realthiccbbw,tichondrius,1142,warrior,arms,24,12,12
Rrawrr,bleeding-hollow,1141,warrior,arms,32,16,16
Elmosmash,thrall,1141,warrior,arms,24,12,12
Yisunshin,azralon,1141,warrior,arms,24,12,12
Ready,laughing-skull,1140,warrior,arms,24,13,11
Saskouach,stormrage,1140,warrior,arms,26,12,14
Brocc,tichondrius,1139,warrior,arms,24,12,12
Looffy,saurfang,1139,warrior,arms,72,30,42
Empriux,quelthalas,1139,warrior,arms,30,12,18
Mnoga,azralon,1139,warrior,arms,55,18,37
Tooto,kelthuzad,1138,warrior,arms,24,12,12
Sloppyglucks,moon-guard,1138,warrior,arms,24,12,12
Baloz,tichondrius,1138,warrior,arms,30,13,17
Tappia,quelthalas,1138,warrior,arms,36,12,24
Dizgraceful,malganis,1137,warrior,arms,18,12,6
Plugz,sargeras,1137,warrior,arms,28,14,14
Soggynapkin,proudmoore,1136,warrior,arms,30,17,13
Purefury,whisperwind,1136,warrior,arms,99,46,53
Nabii,tichondrius,1136,warrior,arms,30,12,18
Zulgadark,ragnaros,1136,warrior,arms,39,15,24
Theregulator,area-52,1135,warrior,arms,58,29,29
Najarath,barthilas,1134,warrior,arms,24,12,12
Shattering,fizzcrank,1134,warrior,arms,24,12,12
Drahconian,aggramar,1134,warrior,arms,24,12,12
Demðnslayer,kelthuzad,1134,warrior,arms,54,24,30
Angelsantos,sargeras,1133,warrior,arms,24,12,12
Yamato,skywall,1133,warrior,arms,30,12,18
Tripleblack,mugthol,1132,warrior,arms,18,12,6
Isildur,nerzhul,1132,warrior,arms,36,20,16
Otheralex,kiljaeden,1132,warrior,arms,24,12,12
Joed,quelthalas,1132,warrior,arms,96,45,51
Édton,area-52,1131,warrior,arms,66,33,33
Bigsvit,trollbane,1131,warrior,arms,60,29,31
Spritez,malganis,1131,warrior,arms,70,27,43
Inunotaysho,quelthalas,1129,warrior,arms,54,22,32
Charcharbinx,zuljin,1129,warrior,arms,36,14,22
Irishhammer,malfurion,1129,warrior,arms,41,15,26
Azeryan,azralon,1129,warrior,arms,35,12,23
Lunks,kelthuzad,1128,warrior,arms,18,12,6
Elix,stormscale,1127,warrior,arms,24,12,12
Bulletfodder,tichondrius,1127,warrior,arms,24,12,12
Antoníuz,drakkari,1127,warrior,arms,36,12,24
Gunnaoffxans,sargeras,1126,warrior,arms,24,12,12
Funderr,eonar,1126,warrior,arms,30,13,17
Angitu,quelthalas,1124,warrior,arms,24,14,10
Úmarth,azralon,1124,warrior,arms,60,29,31
Mfmuggz,thunderlord,1124,warrior,arms,35,14,21
Ragebladë,tichondrius,1120,warrior,arms,66,38,28
Carrito,perenolde,1120,warrior,arms,47,26,21
Ambiss,azjolnerub,1120,warrior,arms,47,21,26
Slumdawgg,andorhal,1119,warrior,arms,59,32,27
Swiftynifty,area-52,1118,warrior,arms,48,29,19
Clovê,ragnaros,1118,warrior,arms,36,21,15
Aersasi,tichondrius,1117,warrior,arms,24,13,11
Rahtahtas,area-52,1116,warrior,arms,24,12,12
Sarget,ragnaros,1114,warrior,arms,24,13,11
Thedoofy,blackrock,1114,warrior,arms,30,16,14
Hemone,frostmourne,1114,warrior,arms,30,15,15
Xyazhiro,ragnaros,1114,warrior,arms,84,38,46
Containerbox,korgath,1112,warrior,arms,42,18,24
Casteleiro,azralon,1112,warrior,arms,32,13,19
Alejandros,azgalor,1111,warrior,arms,23,12,11
Punnisher,nerzhul,1111,warrior,arms,23,12,11
Warriorlee,jubeithos,1111,warrior,arms,44,19,25
Brysontiller,frostmourne,1110,warrior,arms,23,12,11
Lololosda,quelthalas,1110,warrior,arms,48,25,23
Tyférious,tichondrius,1110,warrior,arms,68,27,41
Rineer,tichondrius,1108,warrior,arms,30,12,18
Drippyjones,sargeras,1108,warrior,arms,30,12,18
Cocainiouz,dalaran,1106,warrior,arms,42,17,25
Cyllå,frostmourne,1105,warrior,arms,21,13,8
Youtank,kiljaeden,1105,warrior,arms,78,36,42
Dvhwec,tichondrius,1105,warrior,arms,28,12,16
Baultenaz,draenor,1102,warrior,arms,23,12,11
Tipincider,perenolde,1100,warrior,arms,21,12,9
Anotee,kelthuzad,1097,warrior,arms,129,65,64
Riga,tichondrius,1097,warrior,arms,51,25,26
Kreeper,farstriders,1097,warrior,arms,28,13,15
Panzerian,area-52,1097,warrior,arms,37,14,23
Tyrantwolf,ragnaros,1097,warrior,arms,45,17,28
Forevercute,proudmoore,1096,warrior,arms,23,14,9
Theøcritus,korgath,1096,warrior,arms,42,25,17
Garìk,moon-guard,1096,warrior,arms,93,38,55
Eiendira,proudmoore,1096,warrior,arms,32,13,19
Melankoma,sargeras,1094,warrior,arms,30,12,18
Arrogated,emerald-dream,1093,warrior,arms,90,44,46
Helandas,moknathal,1093,warrior,arms,175,85,90
Vaclein,quelthalas,1090,warrior,arms,42,17,25
Nanaru,tichondrius,1090,warrior,arms,41,16,25
Racky,dragonmaw,1089,warrior,arms,28,12,16
Ujumpijump,andorhal,1089,warrior,arms,84,32,52
Royye,blood-furnace,1088,warrior,arms,24,12,12
Jiszle,sargeras,1085,warrior,arms,34,12,22
Agresvnapkin,dalaran,1084,warrior,arms,20,12,8
Kempachii,ragnaros,1083,warrior,arms,82,40,42
Aquannas,bloodscalp,1082,warrior,arms,24,14,10
Pingorosho,quelthalas,1082,warrior,arms,36,16,20
Malok,deathwing,1082,warrior,arms,57,20,37
Locotto,ragnaros,1082,warrior,arms,42,13,29
Rockedanger,stormrage,1080,warrior,arms,26,15,11
Riuk,goldrinn,1080,warrior,arms,29,16,13
Tribbally,silver-hand,1079,warrior,arms,20,13,7
Sudavis,alleria,1079,warrior,arms,41,24,17
Raharon,chogall,1079,warrior,arms,52,20,32
Wastenott,area-52,1078,warrior,arms,24,15,9
Gorfin,spirestone,1077,warrior,arms,42,12,30
Chisum,gnomeregan,1075,warrior,arms,52,29,23
Several,whisperwind,1073,warrior,arms,39,23,16
Ødïñ,sargeras,1071,warrior,arms,75,37,38
Yuccaleaptus,area-52,1070,warrior,arms,77,31,46
Hippy,kiljaeden,1067,warrior,arms,22,12,10
Geoorg,ragnaros,1067,warrior,arms,71,28,43
Axedeity,caelestrasz,1063,warrior,arms,81,45,36
Wasabiz,tichondrius,1062,warrior,arms,59,24,35
Ugrundan,zuljin,1061,warrior,arms,48,21,27
Hagud,tichondrius,1061,warrior,arms,29,12,17
Bussundas,azralon,1059,warrior,arms,78,35,43
Midorikwa,area-52,1056,warrior,arms,18,11,7
Outterspace,illidan,1056,warrior,arms,18,11,7
Dackøzzt,quelthalas,1056,warrior,arms,18,11,7
Wizcleavuh,area-52,1056,warrior,arms,24,11,13
Evanx,sargeras,1056,warrior,arms,24,11,13
Pkgd,tichondrius,1055,warrior,arms,12,11,1
Hotshótz,kelthuzad,1055,warrior,arms,12,11,1
Dutchyy,frostmourne,1055,warrior,arms,18,11,7
Sonwar,azralon,1055,warrior,arms,18,11,7
Zugprime,dragonmaw,1055,warrior,arms,18,11,7
Hashwar,area-52,1055,warrior,arms,18,11,7
Gladiator,azshara,1055,warrior,arms,18,11,7
Turtlestorm,tichondrius,1055,warrior,arms,18,11,7
Garysmalls,kelthuzad,1055,warrior,arms,18,11,7
Breyns,garrosh,1055,warrior,arms,25,12,13
Carriney,illidan,1055,warrior,arms,77,36,41
Abomlnatlon,tichondrius,1055,warrior,arms,24,11,13
Duckyuwu,tichondrius,1055,warrior,arms,24,11,13
Feedzz,area-52,1055,warrior,arms,24,11,13
Laddèrx,area-52,1055,warrior,arms,24,11,13
Imcute,senjin,1055,warrior,arms,78,30,48
Akrono,sargeras,1055,warrior,arms,36,11,25
Executiepie,hyjal,1054,warrior,arms,18,11,7
Chonbi,tichondrius,1054,warrior,arms,18,11,7
Fallenguardx,sargeras,1054,warrior,arms,18,11,7
Chopped,wyrmrest-accord,1054,warrior,arms,18,11,7
Vooné,tichondrius,1054,warrior,arms,18,11,7
Wargasms,alterac-mountains,1054,warrior,arms,24,11,13
Vexwar,bleeding-hollow,1054,warrior,arms,24,11,13
Etothed,stormrage,1054,warrior,arms,24,11,13
Mikero,terenas,1054,warrior,arms,24,11,13
Shöthetank,area-52,1054,warrior,arms,30,11,19
Wolfsrage,frostmourne,1054,warrior,arms,30,11,19
Iwooglybool,icecrown,1053,warrior,arms,18,11,7
Ttl,dalaran,1053,warrior,arms,18,11,7
Nfx,tichondrius,1053,warrior,arms,18,11,7
Bonesaaw,caelestrasz,1053,warrior,arms,24,11,13
Awm,wyrmrest-accord,1053,warrior,arms,24,11,13
Bvrst,area-52,1053,warrior,arms,24,11,13
Huacai,tichondrius,1053,warrior,arms,30,11,19
Fortchin,area-52,1053,warrior,arms,30,11,19
Adryina,zuljin,1052,warrior,arms,18,11,7
Carrange,moon-guard,1052,warrior,arms,24,11,13
Kàkarot,illidan,1051,warrior,arms,18,11,7
Asäel,ragnaros,1051,warrior,arms,24,11,13
Drillbit,wyrmrest-accord,1051,warrior,arms,30,11,19
Slasherman,illidan,1051,warrior,arms,30,11,19
Humminity,quelthalas,1051,warrior,arms,32,11,21
Georgedubya,illidan,1051,warrior,arms,36,11,25
Thecolor,tichondrius,1050,warrior,arms,30,11,19
Crul,gurubashi,1050,warrior,arms,31,11,20
Myceliumlog,frostmourne,1049,warrior,arms,18,11,7
Halis,illidan,1049,warrior,arms,27,16,11
Plagueis,dark-iron,1049,warrior,arms,24,11,13
Steelfist,grizzly-hills,1049,warrior,arms,24,11,13
Gadderhammer,azgalor,1049,warrior,arms,42,17,25
Wixer,illidan,1048,warrior,arms,18,11,7
Sneakyhand,draktharon,1048,warrior,arms,18,11,7
Snewdawg,malganis,1048,warrior,arms,22,12,10
Jamil,illidan,1048,warrior,arms,156,75,81
Genesisxp,barthilas,1048,warrior,arms,24,11,13
Noktyn,haomarush,1048,warrior,arms,24,11,13
Kanekhy,ragnaros,1048,warrior,arms,24,11,13
Pneumasmash,tichondrius,1048,warrior,arms,24,11,13
Bustybucky,tichondrius,1048,warrior,arms,36,11,25
Bouk,bloodscalp,1047,warrior,arms,18,11,7
Bøgz,kelthuzad,1047,warrior,arms,18,11,7
Josephcrazy,tichondrius,1047,warrior,arms,24,11,13
Dwarfanage,tichondrius,1047,warrior,arms,28,12,16
Rankjuan,area-52,1047,warrior,arms,30,11,19
Prunebery,area-52,1046,warrior,arms,30,16,14
Blaxst,gorgonnash,1046,warrior,arms,30,16,14
Fûry,tichondrius,1046,warrior,arms,124,59,65
Nirax,burning-legion,1046,warrior,arms,26,11,15
Lögän,azralon,1046,warrior,arms,30,11,19
Swàgnáros,area-52,1045,warrior,arms,18,11,7
Jfordnever,area-52,1045,warrior,arms,18,11,7
Milkshake,stormrage,1045,warrior,arms,36,11,25
Orphasmic,moon-guard,1044,warrior,arms,36,11,25
Secsecute,moon-guard,1042,warrior,arms,24,11,13
Svênd,ragnaros,1042,warrior,arms,30,12,18
Beserkqt,azralon,1042,warrior,arms,30,11,19
Creator,dalaran,1041,warrior,arms,24,11,13
Hunnam,illidan,1041,warrior,arms,30,11,19
Notakîd,stormrage,1039,warrior,arms,24,11,13
Tsebaoth,quelthalas,1038,warrior,arms,72,36,36
Loaksz,tichondrius,1038,warrior,arms,24,11,13
Dylaiin,kelthuzad,1038,warrior,arms,30,11,19
Wrekkshop,tichondrius,1037,warrior,arms,27,13,14
Wrrx,frostmourne,1037,warrior,arms,24,11,13
Thebeastwar,area-52,1036,warrior,arms,60,29,31
Regthar,illidan,1034,warrior,arms,23,11,12
Indoondabeat,azgalor,1034,warrior,arms,32,15,17
Layoon,azralon,1033,warrior,arms,25,12,13
Nobowar,tichondrius,1032,warrior,arms,24,11,13
Pegaso,the-underbog,1032,warrior,arms,29,12,17
Beardoff,sargeras,1031,warrior,arms,28,14,14
Potan,thrall,1030,warrior,arms,60,25,35
Uglycubano,quelthalas,1029,warrior,arms,24,11,13
Märiä,ragnaros,1028,warrior,arms,52,27,25
Bradshaw,sargeras,1028,warrior,arms,36,15,21
Cronie,steamwheedle-cartel,1027,warrior,arms,36,16,20
Kalusha,ragnaros,1027,warrior,arms,48,20,28
Yerajmiel,proudmoore,1026,warrior,arms,18,11,7
Pangean,sargeras,1026,warrior,arms,30,11,19
Krömm,kilrogg,1021,warrior,arms,24,13,11
Nøzerker,kelthuzad,1020,warrior,arms,26,12,14
Bjjorm,malganis,1019,warrior,arms,36,11,25
Marcolatus,ragnaros,1018,warrior,arms,66,29,37
Guanyúu,tichondrius,1017,warrior,arms,23,11,12
Stygïàn,draenor,1016,warrior,arms,80,45,35
Hunchless,detheroc,1015,warrior,arms,51,22,29
Galuf,malygos,1014,warrior,arms,18,11,7
Gargameld,stormrage,1012,warrior,arms,53,29,24
Coffetea,area-52,1011,warrior,arms,41,25,16
Psýchótic,tichondrius,1009,warrior,arms,23,11,12
Fazeo,madoran,1007,warrior,arms,21,11,10
Shotgunzx,tichondrius,1007,warrior,arms,21,11,10
Blackstamp,tichondrius,1006,warrior,arms,35,18,17
Hexenbæne,tichondrius,1006,warrior,arms,23,11,12
Bingchilly,aegwynn,1004,warrior,arms,21,12,9
Starplatinum,aerie-peak,1004,warrior,arms,32,11,21
Vicor,ragnaros,1003,warrior,arms,24,14,10
Gorepig,sargeras,1002,warrior,arms,29,11,18
Deathsmirk,illidan,1001,warrior,arms,49,25,24
Lieutemajor,nemesis,998,warrior,arms,55,27,28
Goofyahwok,doomhammer,998,warrior,arms,33,12,21
Altruiel,sargeras,995,warrior,arms,40,20,20
Joran,dathremar,995,warrior,arms,32,14,18
Kyritto,azralon,994,warrior,arms,35,18,17
Tyrantt,malganis,994,warrior,arms,48,21,27
Orkuduro,azralon,993,warrior,arms,77,37,40
Ankhxiety,sargeras,993,warrior,arms,26,12,14
Tmhinfen,tichondrius,991,warrior,arms,16,11,5
Szee,tichondrius,991,warrior,arms,17,11,6
Jragonmaster,borean-tundra,991,warrior,arms,36,13,23
Armada,sargeras,990,warrior,arms,20,11,9
Aggripa,kelthuzad,990,warrior,arms,20,11,9
Neekka,tichondrius,990,warrior,arms,28,12,16
Kalaxe,quelthalas,990,warrior,arms,36,11,25
Orcopata,ragnaros,989,warrior,arms,20,11,9
Brownman,saurfang,989,warrior,arms,30,12,18
Ooktanx,emerald-dream,989,warrior,arms,32,11,21
Ulnaz,stormrage,988,warrior,arms,18,12,6
Wardeád,quelthalas,988,warrior,arms,27,11,16
Midge,proudmoore,987,warrior,arms,83,40,43
Rágnárr,ragnaros,987,warrior,arms,24,11,13
Brrzrrkrr,twisting-nether,983,warrior,arms,36,18,18
Bionikus,nemesis,982,warrior,arms,108,49,59
Darkthok,drakkari,982,warrior,arms,34,15,19
Sneaknyoface,sargeras,982,warrior,arms,26,11,15
Josiah,frostmourne,979,warrior,arms,27,13,14
Lokiullr,tichondrius,978,warrior,arms,81,35,46
Tucô,skullcrusher,976,warrior,arms,49,22,27
Happywarrior,tichondrius,976,warrior,arms,30,11,19
Sudokubrain,tichondrius,974,warrior,arms,19,11,8
Djfredsd,tichondrius,972,warrior,arms,13,11,2
Jrodrick,nemesis,971,warrior,arms,31,12,19
Elfmonger,proudmoore,966,warrior,arms,19,11,8
Târtàrûs,tichondrius,966,warrior,arms,60,28,32
Wondaimon,drakkari,963,warrior,arms,27,12,15
Kiggzs,tichondrius,960,warrior,arms,12,10,2
Pvppaul,sargeras,960,warrior,arms,12,10,2
Szew,tichondrius,960,warrior,arms,18,10,8
Åthos,illidan,960,warrior,arms,18,10,8
Nuqupq,tichondrius,960,warrior,arms,18,10,8
Invinciblé,tichondrius,960,warrior,arms,18,10,8
Battousäi,kiljaeden,960,warrior,arms,18,10,8
Escanòr,malganis,960,warrior,arms,18,10,8
Adios,tichondrius,960,warrior,arms,18,10,8
Choppin,sargeras,960,warrior,arms,24,10,14
ßdm,illidan,960,warrior,arms,24,10,14
Benw,dawnbringer,960,warrior,arms,24,10,14
Wargázm,thrall,960,warrior,arms,24,10,14
Aliminar,zuluhed,960,warrior,arms,24,10,14
Jethrix,kelthuzad,960,warrior,arms,24,10,14
Americanbull,moon-guard,960,warrior,arms,24,10,14
Fatalian,proudmoore,960,warrior,arms,30,10,20
Tantei,moon-guard,959,warrior,arms,18,10,8
Angrymadman,mannoroth,959,warrior,arms,18,10,8
Jelurd,stormrage,959,warrior,arms,18,10,8
Bamxz,sargeras,959,warrior,arms,18,10,8
Doucherocket,kelthuzad,959,warrior,arms,18,10,8
Kaìju,dragonmaw,959,warrior,arms,18,10,8
Tmjakeful,area-52,959,warrior,arms,18,10,8
Gladìus,area-52,959,warrior,arms,18,10,8
Crysis,malorne,959,warrior,arms,24,10,14
Drdelicious,tichondrius,959,warrior,arms,24,10,14
Warfeno,malganis,959,warrior,arms,24,10,14
Organge,zuljin,959,warrior,arms,24,10,14
Piimpmaster,malganis,959,warrior,arms,24,10,14
Chardz,ragnaros,959,warrior,arms,30,10,20
Tharsìs,emerald-dream,959,warrior,arms,30,10,20
Elsee,drakkari,959,warrior,arms,42,10,32
Arrtorias,quelthalas,958,warrior,arms,12,10,2
Est,illidan,958,warrior,arms,12,10,2
Polox,ragnaros,958,warrior,arms,18,10,8
Glacierrsz,sargeras,958,warrior,arms,18,10,8
Kanchy,sargeras,958,warrior,arms,18,10,8
Unwarmas,ragnaros,958,warrior,arms,24,10,14
Grimspin,tichondrius,958,warrior,arms,24,10,14
Icestormray,illidan,958,warrior,arms,24,10,14
Bigdickfever,sargeras,958,warrior,arms,24,10,14
Kelmor,thunderhorn,958,warrior,arms,30,10,20
Matutekz,ragnaros,958,warrior,arms,30,10,20
Ghostblood,stormscale,957,warrior,arms,12,10,2
Razakamx,tichondrius,957,warrior,arms,12,10,2
Magnusson,kelthuzad,957,warrior,arms,18,10,8
Leapsalp,proudmoore,957,warrior,arms,18,10,8
Whórm,kelthuzad,957,warrior,arms,18,10,8
Atuey,area-52,957,warrior,arms,18,10,8
Pootybeef,daggerspine,957,warrior,arms,24,10,14
Targos,frostwolf,957,warrior,arms,24,10,14
Aberwarr,illidan,956,warrior,arms,18,10,8
Lòvex,alterac-mountains,956,warrior,arms,54,29,25
Numb,moon-guard,956,warrior,arms,26,11,15
Torbajhorn,moon-guard,956,warrior,arms,24,10,14
Rottlingberg,kelthuzad,956,warrior,arms,24,10,14
Barøneza,stormrage,956,warrior,arms,24,10,14
Aisinbro,illidan,956,warrior,arms,24,10,14
Warrbull,spirestone,956,warrior,arms,30,10,20
Saero,ragnaros,955,warrior,arms,18,10,8
Topmeoff,bleeding-hollow,955,warrior,arms,30,10,20
Theestallion,kiljaeden,954,warrior,arms,18,10,8
Erynus,malganis,954,warrior,arms,18,10,8
Starshattr,bleeding-hollow,954,warrior,arms,30,10,20
Coffeebottom,wyrmrest-accord,953,warrior,arms,18,10,8
Zomars,ragnaros,953,warrior,arms,18,10,8
Toky,malganis,952,warrior,arms,18,10,8
Turlesoup,proudmoore,952,warrior,arms,24,10,14
Ccmeharder,kiljaeden,952,warrior,arms,24,10,14
Aziz,kiljaeden,952,warrior,arms,25,10,15
Aaltara,barthilas,951,warrior,arms,18,10,8
Darroma,bleeding-hollow,950,warrior,arms,18,10,8
Helaume,arathor,950,warrior,arms,18,10,8
Discopogo,nemesis,950,warrior,arms,24,10,14
Spredforbred,area-52,950,warrior,arms,24,10,14
Waabi,emerald-dream,949,warrior,arms,18,10,8
Tanatos,the-venture-co,949,warrior,arms,42,16,26
Ontull,emerald-dream,949,warrior,arms,36,10,26
Baloraj,barthilas,948,warrior,arms,24,10,14
Krokgoldmane,drakkari,947,warrior,arms,42,22,20
Digitalpsyko,hyjal,946,warrior,arms,18,10,8
Imgunnacrum,malganis,946,warrior,arms,18,10,8
Meatdrps,frostmane,941,warrior,arms,26,11,15
Thing,gorgonnash,941,warrior,arms,24,10,14
Feared,hakkar,940,warrior,arms,23,10,13
Vezixx,dragonmaw,939,warrior,arms,18,10,8
Brutallypwnd,tichondrius,939,warrior,arms,35,19,16
Hkbdynamus,black-dragonflight,939,warrior,arms,30,10,20
Dragmös,nemesis,937,warrior,arms,12,10,2
Cizzik,emerald-dream,936,warrior,arms,18,10,8
Hulkspazz,darkspear,936,warrior,arms,33,15,18
Mariò,area-52,934,warrior,arms,18,10,8
Tramplehaste,barthilas,931,warrior,arms,18,10,8
Danielss,ragnaros,930,warrior,arms,29,12,17
Pocketaxe,blackwater-raiders,927,warrior,arms,83,40,43
Phoveros,sargeras,927,warrior,arms,23,10,13
Bruze,hellscream,926,warrior,arms,19,11,8
Dudupápá,tichondrius,926,warrior,arms,22,10,12
Ragesimp,stormrage,926,warrior,arms,23,10,13
Karrison,azshara,923,warrior,arms,54,28,26
Thråsh,area-52,916,warrior,arms,48,20,28
Velliena,tichondrius,916,warrior,arms,32,11,21
Skarkla,thrall,911,warrior,arms,29,10,19
Beyblade,jubeithos,910,warrior,arms,17,10,7
Nexie,moon-guard,910,warrior,arms,21,10,11
Jägernaught,stormrage,910,warrior,arms,23,10,13
Tandiko,wyrmrest-accord,908,warrior,arms,17,10,7
Moosebeef,garrosh,908,warrior,arms,55,26,29
Llewellenar,stormrage,907,warrior,arms,23,10,13
Warbreaker,stormrage,905,warrior,arms,17,10,7
Spitts,frostmourne,904,warrior,arms,21,10,11
Tankdatt,frostmourne,899,warrior,arms,24,10,14
Atrocithy,ragnaros,896,warrior,arms,16,10,6
Girioo,thrall,895,warrior,arms,14,10,4
Malathire,illidan,893,warrior,arms,22,10,12
Pumpuup,bleeding-hollow,890,warrior,arms,48,19,29
Smokezee,barthilas,890,warrior,arms,26,10,16
Strongtall,tichondrius,890,warrior,arms,30,11,19
Wallzar,sargeras,887,warrior,arms,20,10,10
Hruum,moknathal,886,warrior,arms,18,10,8
Tankadin,dragonmaw,885,warrior,arms,24,10,14
Mortalchop,tichondrius,880,warrior,arms,19,10,9
Sígmar,dreadmaul,869,warrior,arms,18,10,8
Wreckerr,area-52,869,warrior,arms,26,12,14
Warronin,kaelthas,864,warrior,arms,12,9,3
Youngmoneyd,illidan,864,warrior,arms,12,9,3
Thuggyfresh,malganis,864,warrior,arms,12,9,3
Skynitez,area-52,864,warrior,arms,12,9,3
Moonyxx,frostmourne,864,warrior,arms,12,9,3
Dripgodx,malganis,864,warrior,arms,12,9,3
Dedgamesucks,darkspear,864,warrior,arms,12,9,3
Microraccoon,tichondrius,864,warrior,arms,12,9,3
Oafnir,moon-guard,864,warrior,arms,12,9,3
Faronstompz,sargeras,864,warrior,arms,18,9,9
Golodiso,mugthol,864,warrior,arms,18,9,9
Alchera,fizzcrank,864,warrior,arms,18,9,9
Undeadbones,firetree,864,warrior,arms,18,9,9
Miniraccoon,tichondrius,864,warrior,arms,18,9,9
Grimfate,boulderfist,864,warrior,arms,18,9,9
Warwagon,the-underbog,864,warrior,arms,18,9,9
Dreamonn,illidan,864,warrior,arms,18,9,9
Yamatoflash,tichondrius,864,warrior,arms,18,9,9
Oxia,quelthalas,864,warrior,arms,18,9,9
Stÿgian,blood-furnace,864,warrior,arms,18,9,9
Mlau,tichondrius,864,warrior,arms,18,9,9
Ârmstrong,quelthalas,864,warrior,arms,18,9,9
Natating,terenas,864,warrior,arms,18,9,9
Ragemane,illidan,864,warrior,arms,21,10,11
Pretending,dalaran,864,warrior,arms,24,9,15
Dankdad,garrosh,864,warrior,arms,24,9,15
Dreadtøøth,tichondrius,864,warrior,arms,24,9,15
Boxxyy,tichondrius,864,warrior,arms,24,9,15
Warrmoose,tichondrius,864,warrior,arms,24,9,15
Feiler,ragnaros,864,warrior,arms,24,9,15
Sejac,moon-guard,864,warrior,arms,24,9,15
Eensy,sargeras,864,warrior,arms,24,9,15
Dustywx,area-52,864,warrior,arms,24,9,15
Hiness,tichondrius,864,warrior,arms,30,9,21
Boardslide,proudmoore,864,warrior,arms,30,9,21
Durist,tichondrius,864,warrior,arms,36,9,27
Eggheadorc,area-52,863,warrior,arms,12,9,3
Ragelol,icecrown,863,warrior,arms,12,9,3
Dukagã,tichondrius,863,warrior,arms,12,9,3
Tinymooie,frostmourne,863,warrior,arms,12,9,3
Airhood,frostmourne,863,warrior,arms,12,9,3
Grehk,sargeras,863,warrior,arms,12,9,3
Roadglide,korgath,863,warrior,arms,12,9,3
Stickystorm,proudmoore,863,warrior,arms,16,10,6
Chrom,illidan,863,warrior,arms,18,9,9
Trén,hydraxis,863,warrior,arms,18,9,9
Nosoraki,thrall,863,warrior,arms,18,9,9
Tâte,sargeras,863,warrior,arms,18,9,9
Wxwxwxwxwxw,illidan,863,warrior,arms,18,9,9
Erdnase,ragnaros,863,warrior,arms,18,9,9
Spxnk,illidan,863,warrior,arms,18,9,9
Terneitor,ragnaros,863,warrior,arms,18,9,9
Zaynafein,emerald-dream,863,warrior,arms,18,9,9
Bowlingball,darkspear,863,warrior,arms,18,9,9
Averagewar,frostwolf,863,warrior,arms,18,9,9
Bladeblade,burning-blade,863,warrior,arms,21,9,12
Spincycle,khadgar,863,warrior,arms,21,9,12
Touhen,illidan,863,warrior,arms,24,9,15
Skunkz,kelthuzad,863,warrior,arms,24,9,15
Actio,stormrage,863,warrior,arms,24,9,15
Genøcide,terenas,863,warrior,arms,24,9,15
Ðirtyboy,tichondrius,863,warrior,arms,24,9,15
Notoxzy,tichondrius,863,warrior,arms,24,9,15
Metalbiff,bleeding-hollow,863,warrior,arms,24,9,15
Wrecktang,tichondrius,863,warrior,arms,24,9,15
Vrinith,ragnaros,863,warrior,arms,25,9,16
Kilrok,thunderlord,863,warrior,arms,30,9,21
Xumæ,akama,863,warrior,arms,30,9,21
Warwslayer,tichondrius,863,warrior,arms,30,9,21
Abidis,tichondrius,863,warrior,arms,30,9,21
Bladereaver,sargeras,862,warrior,arms,12,9,3
Izârâk,frostmourne,862,warrior,arms,18,9,9
Humansmash,thrall,862,warrior,arms,18,9,9
Auxthas,tichondrius,862,warrior,arms,18,9,9
Cogsbixby,aerie-peak,862,warrior,arms,18,9,9
Hazew,kelthuzad,862,warrior,arms,18,9,9
Um,moon-guard,862,warrior,arms,18,9,9
Beefytheorc,tichondrius,862,warrior,arms,18,9,9
Wargorin,bleeding-hollow,862,warrior,arms,18,9,9
Xargosh,magtheridon,862,warrior,arms,18,9,9
Fatalsfury,tichondrius,862,warrior,arms,18,9,9
Iskandr,amanthul,862,warrior,arms,21,10,11
Wárriór,tichondrius,862,warrior,arms,24,9,15
Xurc,gnomeregan,862,warrior,arms,24,9,15
Balakay,drenden,861,warrior,arms,12,9,3
Jodoro,malfurion,861,warrior,arms,18,9,9
Avalisk,balnazzar,861,warrior,arms,21,10,11
Vãryan,frostmourne,861,warrior,arms,24,9,15
Rongkhunxyz,tichondrius,860,warrior,arms,18,9,9
Kurgos,quelthalas,860,warrior,arms,18,9,9
Durtmcsmash,stormrage,860,warrior,arms,18,9,9
Stormit,illidan,860,warrior,arms,19,9,10
Jindyn,boulderfist,860,warrior,arms,64,29,35
Umogarmac,draktharon,860,warrior,arms,24,9,15
Layllassa,moon-guard,860,warrior,arms,24,9,15
Marnan,quelthalas,860,warrior,arms,24,9,15
Ultradma,area-52,860,warrior,arms,24,9,15
Nishtana,quelthalas,859,warrior,arms,18,9,9
Vio,mannoroth,859,warrior,arms,18,9,9
Kiyokó,sargeras,859,warrior,arms,18,9,9
Tôpanga,lightninghoof,859,warrior,arms,24,9,15
Féril,ragnaros,858,warrior,arms,18,9,9
Tolette,quelthalas,858,warrior,arms,18,9,9
Åres,wyrmrest-accord,858,warrior,arms,18,9,9
Tinyguysmall,eredar,857,warrior,arms,22,11,11
Kaimana,zuljin,857,warrior,arms,18,9,9
Gahii,barthilas,857,warrior,arms,18,9,9
Joshums,warsong,857,warrior,arms,26,10,16
Fugufish,nemesis,857,warrior,arms,24,9,15
Karusuke,stormrage,857,warrior,arms,24,9,15
Sparkye,gallywix,856,warrior,arms,18,9,9
Tomcruizes,tichondrius,856,warrior,arms,18,9,9
Éllenor,azralon,856,warrior,arms,18,9,9
Oppos,lightnings-blade,856,warrior,arms,25,11,14
Tsurik,malfurion,856,warrior,arms,30,9,21
Eorik,stormrage,856,warrior,arms,36,9,27
Daytime,scilla,855,warrior,arms,18,9,9
Coldsnaps,azjolnerub,855,warrior,arms,18,9,9
Preschool,sargeras,854,warrior,arms,12,9,3
Wândêrer,wyrmrest-accord,854,warrior,arms,18,9,9
Xarlon,stormrage,854,warrior,arms,21,10,11
Garusok,thrall,853,warrior,arms,12,9,3
Tuf,malygos,853,warrior,arms,24,9,15
Bloren,thrall,852,warrior,arms,18,9,9
Asiyurekhans,borean-tundra,851,warrior,arms,12,9,3
Trigon,chromaggus,851,warrior,arms,18,9,9
Soníco,area-52,847,warrior,arms,23,9,14
Jaimey,malganis,845,warrior,arms,23,9,14
Rainiki,stormrage,845,warrior,arms,24,9,15
Whiteclouds,blood-furnace,844,warrior,arms,42,17,25
Blockcheese,illidan,840,warrior,arms,30,9,21
Lamaril,silvermoon,837,warrior,arms,12,9,3
Macdollibee,barthilas,834,warrior,arms,18,9,9
Soulcalibur,zuljin,830,warrior,arms,23,9,14
Seniorsherk,dalaran,827,warrior,arms,18,9,9
Eskama,hyjal,823,warrior,arms,29,9,20
Hjoz,illidan,822,warrior,arms,16,9,7
Beepboop,malganis,817,warrior,arms,18,9,9
Grômm,tichondrius,815,warrior,arms,23,9,14
Dupaminichav,stormrage,814,warrior,arms,15,9,6
Bargorengar,skullcrusher,814,warrior,arms,78,34,44
Khâi,tichondrius,811,warrior,arms,27,9,18
Scran,sargeras,809,warrior,arms,21,10,11
Paí,nemesis,808,warrior,arms,17,9,8
Ashrah,emerald-dream,804,warrior,arms,21,10,11
Fraccx,area-52,800,warrior,arms,22,9,13
Rahj,saurfang,799,warrior,arms,20,9,11
Gigazug,stormrage,799,warrior,arms,20,9,11
Fatmân,tichondrius,798,warrior,arms,22,9,13
Warrihoe,stormrage,798,warrior,arms,23,9,14
Xcal,malganis,795,warrior,arms,20,9,11
Murrdock,nesingwary,794,warrior,arms,14,9,5
Ripstorm,emerald-dream,794,warrior,arms,20,9,11
Thagunshow,tichondrius,794,warrior,arms,20,9,11
Vandalizer,sargeras,788,warrior,arms,20,10,10
Joecules,kelthuzad,783,warrior,arms,17,9,8
Hdkwanwoo,tichondrius,782,warrior,arms,19,9,10
Grüumsh,drenden,768,warrior,arms,12,8,4
Slvrback,stormrage,768,warrior,arms,12,8,4
Zleam,area-52,768,warrior,arms,12,8,4
Saucebussin,emerald-dream,768,warrior,arms,12,8,4
Patékphilípe,area-52,768,warrior,arms,12,8,4
Willieruth,stormrage,768,warrior,arms,12,8,4
Gabv,shadowmoon,768,warrior,arms,12,8,4
Thornhardt,frostmourne,768,warrior,arms,12,8,4
Smallbrainx,tichondrius,768,warrior,arms,12,8,4
Dadslapper,illidan,768,warrior,arms,12,8,4
Spinspin,borean-tundra,768,warrior,arms,12,8,4
Imakeupuddin,turalyon,768,warrior,arms,12,8,4
Sweeped,darkspear,768,warrior,arms,12,8,4
Zdokk,sargeras,768,warrior,arms,12,8,4
Msallsunday,nerzhul,768,warrior,arms,12,8,4
Catwar,tichondrius,768,warrior,arms,12,8,4
Xaenne,zuljin,768,warrior,arms,12,8,4
Armsupx,tichondrius,768,warrior,arms,12,8,4
Nebraskapete,wyrmrest-accord,768,warrior,arms,12,8,4
Traglos,ragnaros,768,warrior,arms,12,8,4
Clown,andorhal,768,warrior,arms,12,8,4
Huangatang,wyrmrest-accord,768,warrior,arms,12,8,4
Velarael,stormscale,768,warrior,arms,12,8,4
Cowstik,illidan,768,warrior,arms,12,8,4
Ogre,magtheridon,768,warrior,arms,18,8,10
Ricksanches,shadowmoon,768,warrior,arms,18,8,10
Elky,area-52,768,warrior,arms,18,8,10
Linjunfeng,tichondrius,768,warrior,arms,18,8,10
Easylel,stormrage,768,warrior,arms,18,8,10
Sonicboom,whisperwind,768,warrior,arms,18,8,10
Elitistx,bleeding-hollow,768,warrior,arms,18,8,10
Gízzmo,tichondrius,768,warrior,arms,18,8,10
Cuddlechamp,barthilas,768,warrior,arms,18,8,10
Elkz,tichondrius,768,warrior,arms,18,8,10
Dtitanzz,quelthalas,768,warrior,arms,18,8,10
Chronek,sargeras,768,warrior,arms,18,8,10
Stoneball,kiljaeden,768,warrior,arms,18,8,10
Tádakatsu,sargeras,768,warrior,arms,18,8,10
Leunitas,shadow-council,768,warrior,arms,18,8,10
Doubleturbo,illidan,768,warrior,arms,18,8,10
Supermieo,illidan,768,warrior,arms,18,8,10
Dirkdallas,tichondrius,768,warrior,arms,24,8,16
Mercystaling,tichondrius,768,warrior,arms,24,8,16
Bornne,doomhammer,768,warrior,arms,30,8,22
Blazingguard,stormrage,767,warrior,arms,12,8,4
Gränd,frostmourne,767,warrior,arms,12,8,4
Angrybulky,illidan,767,warrior,arms,12,8,4
Skizoid,kiljaeden,767,warrior,arms,12,8,4
Alucardio,turalyon,767,warrior,arms,12,8,4
Letsgosmokes,stormrage,767,warrior,arms,12,8,4
Wantor,lightnings-blade,767,warrior,arms,12,8,4
Rushee,argent-dawn,767,warrior,arms,12,8,4
Tharez,stormrage,767,warrior,arms,12,8,4
Rúz,illidan,767,warrior,arms,12,8,4
Topbel,sargeras,767,warrior,arms,12,8,4
Azziiqt,stormrage,767,warrior,arms,12,8,4
Kixxel,sargeras,767,warrior,arms,12,8,4
Silac,drenden,767,warrior,arms,12,8,4
Pigblind,azralon,767,warrior,arms,12,8,4
Domminux,darkspear,767,warrior,arms,12,8,4
Executefreak,illidan,767,warrior,arms,12,8,4
Warwagon,malganis,767,warrior,arms,12,8,4
Mikeyforever,quelthalas,767,warrior,arms,12,8,4
Mongosyco,proudmoore,767,warrior,arms,12,8,4
Dukar,crushridge,767,warrior,arms,12,8,4
Itskinggrizz,thrall,767,warrior,arms,16,9,7
Zédelívery,azralon,767,warrior,arms,16,9,7
Ihazlolstorm,area-52,767,warrior,arms,18,8,10
Dalinare,area-52,767,warrior,arms,18,8,10
Geubsalx,tichondrius,767,warrior,arms,18,8,10
Execute,kirin-tor,767,warrior,arms,18,8,10
Æwarrìor,tichondrius,767,warrior,arms,18,8,10
Drusillaa,deathwing,767,warrior,arms,18,8,10
Fraxxure,proudmoore,767,warrior,arms,18,8,10
Moarbrainz,mannoroth,767,warrior,arms,18,8,10
Himurinha,nemesis,767,warrior,arms,18,8,10
Pípe,nemesis,767,warrior,arms,18,8,10
Azkaosa,tichondrius,767,warrior,arms,18,8,10
Nogèt,frostmourne,767,warrior,arms,18,8,10
Envision,frostmourne,767,warrior,arms,18,8,10
Nanor,zuljin,767,warrior,arms,18,8,10
Kröh,quelthalas,767,warrior,arms,18,8,10
Orgreshin,area-52,767,warrior,arms,21,9,12
Cevadix,azralon,767,warrior,arms,24,8,16
Essofeit,frostmourne,767,warrior,arms,24,8,16
Techanina,aerie-peak,767,warrior,arms,24,8,16
Cajual,area-52,767,warrior,arms,24,8,16
Brawnforce,shadowsong,767,warrior,arms,24,8,16
Headsour,thunderhorn,767,warrior,arms,30,8,22
Zhasi,bonechewer,766,warrior,arms,12,8,4
Warriorc,laughing-skull,766,warrior,arms,12,8,4
Ragarok,jubeithos,766,warrior,arms,12,8,4
Diãbel,azralon,766,warrior,arms,12,8,4
Horvv,frostmourne,766,warrior,arms,12,8,4
Khrull,khazgoroth,766,warrior,arms,12,8,4
Jackhanma,kelthuzad,766,warrior,arms,12,8,4
Èox,barthilas,766,warrior,arms,12,8,4
Çleåvage,stormrage,766,warrior,arms,18,8,10
Truecarnage,emerald-dream,766,warrior,arms,18,8,10
Donnacha,garona,766,warrior,arms,18,8,10
Edalthor,quelthalas,766,warrior,arms,18,8,10
Nachobeef,illidan,766,warrior,arms,18,8,10
Ragepocket,proudmoore,766,warrior,arms,18,8,10
Camphump,moon-guard,766,warrior,arms,18,8,10
Thanitose,bleeding-hollow,766,warrior,arms,18,8,10
Sálieri,ragnaros,766,warrior,arms,18,8,10
Hemmyroidz,tichondrius,766,warrior,arms,18,8,10
Orthopedic,tichondrius,766,warrior,arms,18,8,10
Vvârriôr,barthilas,766,warrior,arms,18,8,10
Rezzett,wyrmrest-accord,766,warrior,arms,21,9,12
Violençe,malganis,766,warrior,arms,24,8,16
Xforcewar,zuljin,766,warrior,arms,24,8,16
Aztecvil,drakkari,766,warrior,arms,24,8,16
Modzilla,aerie-peak,766,warrior,arms,30,8,22
Kurgrok,kiljaeden,765,warrior,arms,12,8,4
Léva,ragnaros,765,warrior,arms,12,8,4
Percthirty,blackrock,765,warrior,arms,18,8,10
Dhakhota,azralon,765,warrior,arms,18,8,10
Belladeom,azralon,765,warrior,arms,18,8,10
Xeto,ragnaros,765,warrior,arms,18,8,10
Ligerii,quelthalas,765,warrior,arms,18,8,10
Ulfioff,whisperwind,765,warrior,arms,18,8,10
Deesad,azralon,765,warrior,arms,22,9,13
Loktarrogar,illidan,765,warrior,arms,24,8,16
Maxprotein,area-52,764,warrior,arms,14,8,6
Alexarchos,chogall,764,warrior,arms,18,8,10
Exist,kaelthas,764,warrior,arms,24,8,16
Stalecrouton,doomhammer,763,warrior,arms,12,8,4
Luneblade,tichondrius,763,warrior,arms,18,8,10
Friends,azjolnerub,763,warrior,arms,18,8,10
Märx,barthilas,763,warrior,arms,18,8,10
Sygw,area-52,763,warrior,arms,24,8,16
Raokao,senjin,763,warrior,arms,24,8,16
Tarmer,moon-guard,762,warrior,arms,18,8,10
Buffalobob,bronzebeard,762,warrior,arms,18,8,10
Sweetdeé,zuljin,762,warrior,arms,18,8,10
Revenn,greymane,761,warrior,arms,12,8,4
Jårko,dathremar,761,warrior,arms,18,8,10
Vynfull,area-52,760,warrior,arms,18,8,10
Lumilis,draenor,760,warrior,arms,18,8,10
Padalouh,kelthuzad,760,warrior,arms,24,8,16
Rafaelwar,drakkari,758,warrior,arms,18,8,10
Stiffysword,tanaris,758,warrior,arms,18,8,10
Badazzdad,thunderhorn,757,warrior,arms,18,8,10
Clortho,korialstrasz,756,warrior,arms,27,9,18
Trapwar,malganis,755,warrior,arms,12,8,4
Bilmuuri,illidan,754,warrior,arms,27,9,18
Fleshtuxedo,stormrage,752,warrior,arms,12,8,4
Haowar,tichondrius,750,warrior,arms,23,8,15
Gladiattor,tol-barad,749,warrior,arms,18,8,10
Dadookibooty,area-52,740,warrior,arms,24,11,13
Ironwarr,hyjal,740,warrior,arms,23,8,15
Vetinari,nazjatar,735,warrior,arms,11,8,3
Outo,stormrage,735,warrior,arms,17,8,9
Uneasyw,tichondrius,735,warrior,arms,23,8,15
Casmier,tichondrius,734,warrior,arms,17,8,9
Gorakis,barthilas,733,warrior,arms,20,9,11
Saigø,stormrage,723,warrior,arms,18,8,10
Loudpee,tichondrius,719,warrior,arms,14,9,5
Señor,barthilas,719,warrior,arms,15,8,7
Kzw,illidan,719,warrior,arms,17,8,9
Mêlo,area-52,719,warrior,arms,17,8,9
Wreckthis,area-52,718,warrior,arms,17,8,9
Alemão,bleeding-hollow,713,warrior,arms,23,9,14
Slashcry,frostmourne,704,warrior,arms,22,8,14
Ohjim,stormrage,702,warrior,arms,20,8,12
Hrothtyr,kelthuzad,702,warrior,arms,20,8,12
Tabadigbick,bleeding-hollow,698,warrior,arms,17,8,9
Hordrek,moon-guard,688,warrior,arms,13,8,5
Lishajr,malganis,687,warrior,arms,14,8,6
Psyrush,area-52,687,warrior,arms,19,8,11
Valuxia,sargeras,687,warrior,arms,19,8,11
Earfquake,boulderfist,686,warrior,arms,13,8,5
Greenbrain,dunemaul,685,warrior,arms,19,8,11
Korbles,moon-guard,672,warrior,arms,12,7,5
Petuniä,zuljin,672,warrior,arms,12,7,5
Toungy,kelthuzad,672,warrior,arms,12,7,5
Benbtw,malganis,672,warrior,arms,12,7,5
Roiboy,stormrage,672,warrior,arms,12,7,5
Cuzmyslam,sargeras,672,warrior,arms,12,7,5
Grounyl,azralon,672,warrior,arms,12,7,5
Havocsmash,tichondrius,672,warrior,arms,12,7,5
Furìous,stormrage,672,warrior,arms,12,7,5
Kufflinks,kelthuzad,672,warrior,arms,12,7,5
Jaysmom,tichondrius,672,warrior,arms,12,7,5
Ryalaeth,moon-guard,672,warrior,arms,12,7,5
Jesbar,ragnaros,672,warrior,arms,12,7,5
Ousetadoidao,nemesis,672,warrior,arms,12,7,5
Yrz,malganis,672,warrior,arms,12,7,5
Ischyrós,stormrage,672,warrior,arms,12,7,5
Deseroth,sargeras,672,warrior,arms,12,7,5
Slaughtér,tichondrius,672,warrior,arms,12,7,5
Bloodshêdz,stormrage,672,warrior,arms,12,7,5
Turtleofhope,barthilas,672,warrior,arms,12,7,5
Mõgorrin,area-52,672,warrior,arms,12,7,5
Jypster,stormrage,672,warrior,arms,12,7,5
Niulaoye,tichondrius,672,warrior,arms,12,7,5
Raeging,area-52,672,warrior,arms,12,7,5
Hinsionzillu,proudmoore,672,warrior,arms,12,7,5
Rageroidz,sargeras,672,warrior,arms,12,7,5
Relaxnerdlol,antonidas,672,warrior,arms,12,7,5
Studdythejet,zuljin,672,warrior,arms,12,7,5
Cugij,frostmourne,672,warrior,arms,12,7,5
Solocon,tichondrius,672,warrior,arms,12,7,5
Giv,frostmourne,672,warrior,arms,12,7,5
Mouncha,tichondrius,672,warrior,arms,12,7,5
Gbrz,stormrage,672,warrior,arms,12,7,5
Deathammer,stormrage,672,warrior,arms,12,7,5
Vids,aegwynn,672,warrior,arms,12,7,5
Dehumanized,greymane,672,warrior,arms,12,7,5
Executor,mugthol,672,warrior,arms,12,7,5
Papazugs,kelthuzad,672,warrior,arms,12,7,5
Püsspeepers,kelthuzad,672,warrior,arms,12,7,5
Arsis,whisperwind,672,warrior,arms,12,7,5
Kid,daggerspine,672,warrior,arms,12,7,5
Madmartiggan,tichondrius,672,warrior,arms,12,7,5
Magnusz,zuljin,672,warrior,arms,12,7,5
Baye,kargath,672,warrior,arms,12,7,5
Drashka,ragnaros,672,warrior,arms,12,7,5
Fernzie,malganis,672,warrior,arms,12,7,5
Jahrakál,thunderlord,672,warrior,arms,12,7,5
Jeffesptein,tichondrius,672,warrior,arms,12,7,5
Xdoombringer,area-52,672,warrior,arms,12,7,5
Kevy,arygos,672,warrior,arms,12,7,5
Sambojüjü,stormrage,672,warrior,arms,12,7,5
Elimination,tichondrius,672,warrior,arms,12,7,5
Bean,ragnaros,672,warrior,arms,12,7,5
Madamemarie,stormrage,672,warrior,arms,12,7,5
Okayge,proudmoore,672,warrior,arms,12,7,5
Vxjohnson,proudmoore,672,warrior,arms,15,8,7
Soyu,tichondrius,672,warrior,arms,16,8,8
Kappiz,wyrmrest-accord,672,warrior,arms,14,7,7
Gizzmo,bonechewer,672,warrior,arms,18,7,11
Beanstrom,tichondrius,672,warrior,arms,18,7,11
Beatstickz,malganis,672,warrior,arms,18,7,11
July,arthas,672,warrior,arms,18,7,11
Hazelbean,tichondrius,672,warrior,arms,18,7,11
Tbagg,area-52,672,warrior,arms,18,7,11
Tasilia,tichondrius,672,warrior,arms,18,7,11
Dypnos,ragnaros,672,warrior,arms,18,7,11
Ryänlord,mugthol,672,warrior,arms,18,7,11
Ichigami,kelthuzad,672,warrior,arms,18,7,11
Infâmous,proudmoore,672,warrior,arms,18,7,11
Ulamøg,proudmoore,672,warrior,arms,18,7,11
Ignorebrain,tichondrius,672,warrior,arms,18,7,11
Coltronitis,kelthuzad,672,warrior,arms,18,7,11
Flèx,stormrage,672,warrior,arms,18,7,11
Udmwarrior,zuljin,672,warrior,arms,18,7,11
Mondëgo,stormrage,672,warrior,arms,18,7,11
Lanlorash,barthilas,672,warrior,arms,18,7,11
Goyqqw,illidan,672,warrior,arms,18,7,11
Sayjaki,stormrage,672,warrior,arms,18,7,11
Raxek,stormrage,672,warrior,arms,18,7,11
Zuans,azralon,672,warrior,arms,18,7,11
Ivory,emerald-dream,672,warrior,arms,18,7,11
Käggai,khadgar,672,warrior,arms,18,7,11
Rraw,demon-soul,672,warrior,arms,18,7,11
Yamzprime,stormrage,672,warrior,arms,18,7,11
Festerclaws,wyrmrest-accord,672,warrior,arms,24,7,17
Omlas,azralon,672,warrior,arms,24,7,17
Paralyzed,malganis,672,warrior,arms,24,7,17
Bâtar,area-52,672,warrior,arms,24,7,17
Corevp,barthilas,672,warrior,arms,24,7,17
Zugmeov,barthilas,672,warrior,arms,24,7,17
Pokeyobutt,hydraxis,672,warrior,arms,24,7,17
Nipparcs,tichondrius,672,warrior,arms,24,7,17
Girthstick,eredar,671,warrior,arms,12,7,5
Crnogorac,hakkar,671,warrior,arms,12,7,5
Capo,windrunner,671,warrior,arms,12,7,5
Rhuktar,azralon,671,warrior,arms,12,7,5
Mewpaw,azralon,671,warrior,arms,12,7,5
Maddzspin,tichondrius,671,warrior,arms,12,7,5
Vodkalol,bleeding-hollow,671,warrior,arms,12,7,5
Pipeman,blackhand,671,warrior,arms,12,7,5
Riffralph,quelthalas,671,warrior,arms,12,7,5
Joaododrøp,azralon,671,warrior,arms,12,7,5
Glizzarms,dalaran,671,warrior,arms,12,7,5
Gunnëy,malganis,671,warrior,arms,12,7,5
Jedeva,stormrage,671,warrior,arms,12,7,5
Hungdiesel,area-52,671,warrior,arms,12,7,5
Kevinlanders,sargeras,671,warrior,arms,12,7,5
Vijit,stormrage,671,warrior,arms,12,7,5
Blazie,barthilas,671,warrior,arms,12,7,5
Qtrpndwcheez,area-52,671,warrior,arms,12,7,5
Dunkindots,tichondrius,671,warrior,arms,12,7,5
Dêsêcratê,frostmourne,671,warrior,arms,12,7,5
Schwicker,stormrage,671,warrior,arms,12,7,5
Exceldoc,frostwolf,671,warrior,arms,12,7,5
Ramborco,kelthuzad,671,warrior,arms,12,7,5
Furiousangel,area-52,671,warrior,arms,12,7,5
Reckonting,moon-guard,671,warrior,arms,12,7,5
Kryssanta,kilrogg,671,warrior,arms,13,7,6
Nehpets,akama,671,warrior,arms,18,7,11
Lelànd,kelthuzad,671,warrior,arms,18,7,11
Mustachelove,bleeding-hollow,671,warrior,arms,18,7,11
Brøxigár,quelthalas,671,warrior,arms,18,7,11
Pharan,malganis,671,warrior,arms,18,7,11
Ironhide,malorne,671,warrior,arms,18,7,11
Chumbinhu,stormrage,671,warrior,arms,18,7,11
Diegoreo,drakkari,671,warrior,arms,18,7,11
Bröstörm,bonechewer,671,warrior,arms,18,7,11
Conviction,draka,671,warrior,arms,18,7,11
Smash,frostmane,671,warrior,arms,18,7,11
Andrexion,moon-guard,671,warrior,arms,18,7,11
Rembrand,blackhand,671,warrior,arms,18,7,11
Stepzugger,illidan,671,warrior,arms,18,7,11
Grazellor,khaz-modan,671,warrior,arms,18,7,11
Zewl,barthilas,671,warrior,arms,18,7,11
Shínkicker,area-52,671,warrior,arms,18,7,11
Kasheeka,spirestone,671,warrior,arms,18,7,11
Nosferagc,frostmourne,671,warrior,arms,18,7,11
Paratech,thrall,671,warrior,arms,18,7,11
Layøut,azralon,671,warrior,arms,18,7,11
Mirandakerrx,frostmourne,671,warrior,arms,18,7,11
Xeniwar,tichondrius,671,warrior,arms,20,7,13
Powerjaw,stormrage,671,warrior,arms,24,7,17
Vandammage,cenarion-circle,671,warrior,arms,24,7,17
Winso,blood-furnace,671,warrior,arms,24,7,17
Tasërface,hakkar,671,warrior,arms,24,7,17
Zerevik,stormrage,671,warrior,arms,24,7,17
Xdorkie,area-52,671,warrior,arms,24,7,17
Draggo,tortheldrin,670,warrior,arms,12,7,5
Chacca,suramar,670,warrior,arms,12,7,5
Eqz,area-52,670,warrior,arms,12,7,5
Murrderrface,azgalor,670,warrior,arms,12,7,5
Darquan,trollbane,670,warrior,arms,12,7,5
Babyreap,frostmourne,670,warrior,arms,12,7,5
Svantevit,tichondrius,670,warrior,arms,12,7,5
Nraged,illidan,670,warrior,arms,12,7,5
Gìraffe,illidan,670,warrior,arms,18,7,11
Kaimera,echo-isles,670,warrior,arms,18,7,11
Dizzygal,hyjal,670,warrior,arms,18,7,11
Daleo,ragnaros,670,warrior,arms,18,7,11
Reidahn,zuljin,670,warrior,arms,24,7,17
Astrokreep,emerald-dream,669,warrior,arms,12,7,5
Guille,skullcrusher,669,warrior,arms,12,7,5
Torage,wyrmrest-accord,669,warrior,arms,12,7,5
Getoffmee,queldorei,669,warrior,arms,18,7,11
Kâyous,tichondrius,669,warrior,arms,18,7,11
Harnor,garrosh,669,warrior,arms,18,7,11
Teyliemond,amanthul,668,warrior,arms,12,7,5
Nepheliloux,amanthul,668,warrior,arms,18,7,11
Azaeil,tanaris,668,warrior,arms,18,7,11
Ashanthaa,kelthuzad,668,warrior,arms,18,7,11
Grokash,azralon,668,warrior,arms,18,7,11
Pandamoanman,moon-guard,668,warrior,arms,18,7,11
Yanïka,barthilas,667,warrior,arms,13,7,6
Moøster,aggramar,667,warrior,arms,18,7,11
Rogkhan,tichondrius,667,warrior,arms,18,7,11
Kevasaurr,sargeras,667,warrior,arms,24,7,17
Borgee,tichondrius,666,warrior,arms,18,7,11
Terribletom,stormrage,665,warrior,arms,18,7,11
Wnunes,nemesis,665,warrior,arms,18,7,11
Nepharia,kirin-tor,664,warrior,arms,18,7,11
Jötunn,dalaran,663,warrior,arms,12,7,5
Lilwarrior,blackrock,661,warrior,arms,12,7,5
Dierdris,gnomeregan,659,warrior,arms,13,7,6
Ruick,wyrmrest-accord,658,warrior,arms,12,7,5
Agnesis,quelthalas,639,warrior,arms,16,7,9
Parmizan,hydraxis,639,warrior,arms,16,7,9
Moostorm,darkspear,639,warrior,arms,17,7,10
Poornub,emerald-dream,638,warrior,arms,14,8,6
Fewfingers,sargeras,638,warrior,arms,16,7,9
Jamska,quelthalas,638,warrior,arms,17,7,10
Twinxin,thrall,637,warrior,arms,17,7,10
Dungs,emerald-dream,636,warrior,arms,17,7,10
Rexxous,hyjal,624,warrior,arms,21,7,14
Tildzy,sargeras,623,warrior,arms,11,7,4
Allenwalker,dreadmaul,623,warrior,arms,13,7,6
Bigboycandy,malganis,621,warrior,arms,11,7,4
Xunaco,quelthalas,620,warrior,arms,26,7,19
Xandrak,barthilas,618,warrior,arms,11,7,4
Shabus,moon-guard,617,warrior,arms,21,8,13
Ålbedo,malganis,616,warrior,arms,23,8,15
Pkrage,hellscream,606,warrior,arms,11,7,4
Reliquia,quelthalas,606,warrior,arms,20,7,13
Bullkathoss,bleeding-hollow,605,warrior,arms,22,7,15
Khalwar,ragnaros,576,warrior,arms,6,6,0
Elpresador,dragonmaw,576,warrior,arms,6,6,0
Tobella,illidan,576,warrior,arms,6,6,0
Stoneshield,senjin,576,warrior,arms,6,6,0
Baltusrol,hydraxis,576,warrior,arms,6,6,0
Darkoil,illidan,576,warrior,arms,6,6,0
Dóminus,malfurion,576,warrior,arms,6,6,0
Husyuzhi,tichondrius,576,warrior,arms,12,6,6
Feedmetren,tichondrius,576,warrior,arms,12,6,6
Balthamel,dunemaul,576,warrior,arms,12,6,6
Nerròk,wyrmrest-accord,576,warrior,arms,12,6,6
Rargou,illidan,576,warrior,arms,12,6,6
Breaker,undermine,576,warrior,arms,12,6,6
Screwz,blackrock,576,warrior,arms,12,6,6
Zzode,tichondrius,576,warrior,arms,12,6,6
Sunderstruck,boulderfist,576,warrior,arms,12,6,6
Littlemieoo,sargeras,576,warrior,arms,12,6,6
Blazight,dunemaul,576,warrior,arms,12,6,6
Xilents,frostmourne,576,warrior,arms,12,6,6
Sigrik,moon-guard,576,warrior,arms,12,6,6
Toegap,illidan,576,warrior,arms,12,6,6
Reflective,zuljin,576,warrior,arms,12,6,6
Bonclay,nerzhul,576,warrior,arms,12,6,6
Bigsquiggle,blackrock,576,warrior,arms,12,6,6
Musclecrowe,illidan,576,warrior,arms,12,6,6
Róngor,ragnaros,576,warrior,arms,12,6,6
Cassetto,icecrown,576,warrior,arms,12,6,6
Êraser,tichondrius,576,warrior,arms,12,6,6
Martiallawl,skullcrusher,576,warrior,arms,12,6,6
Hülkamanïa,sargeras,576,warrior,arms,12,6,6
Marîn,stormrage,576,warrior,arms,12,6,6
Gílly,borean-tundra,576,warrior,arms,12,6,6
Glourfindel,quelthalas,576,warrior,arms,12,6,6
Linios,tichondrius,576,warrior,arms,12,6,6
Madrak,greymane,576,warrior,arms,12,6,6
Rudakoff,ragnaros,576,warrior,arms,12,6,6
Dreamwarr,tichondrius,576,warrior,arms,12,6,6
Mufasaprime,ursin,576,warrior,arms,12,6,6
Raahj,sargeras,576,warrior,arms,12,6,6
Orkussw,illidan,576,warrior,arms,12,6,6
Jerebeloz,proudmoore,576,warrior,arms,12,6,6
Areiana,stormrage,576,warrior,arms,12,6,6
Hipower,lethon,576,warrior,arms,12,6,6
Abrakàrn,zuluhed,576,warrior,arms,12,6,6
Bamlin,sargeras,576,warrior,arms,12,6,6
Brookiecooki,frostmourne,576,warrior,arms,12,6,6
Luckychaos,bleeding-hollow,576,warrior,arms,12,6,6
Gladdz,moon-guard,576,warrior,arms,12,6,6
Brrazze,moon-guard,576,warrior,arms,12,6,6
Martrios,alexstrasza,576,warrior,arms,12,6,6
Fûry,barthilas,576,warrior,arms,12,6,6
Exeqt,terokkar,576,warrior,arms,12,6,6
Flanrych,illidan,576,warrior,arms,12,6,6
Illmindofboo,tichondrius,576,warrior,arms,12,6,6
Ragehir,thrall,576,warrior,arms,12,6,6
Velicah,stormrage,576,warrior,arms,12,6,6
Warsongworg,tichondrius,576,warrior,arms,12,6,6
Rikthor,sargeras,576,warrior,arms,12,6,6
Grughak,kiljaeden,576,warrior,arms,12,6,6
Trexxen,stormrage,576,warrior,arms,12,6,6
Aùstin,moon-guard,576,warrior,arms,12,6,6
Arozay,illidan,576,warrior,arms,12,6,6
Assamith,nemesis,576,warrior,arms,12,6,6
Ibyessa,emerald-dream,576,warrior,arms,12,6,6
Kipqt,frostmourne,576,warrior,arms,12,6,6
Amortens,area-52,576,warrior,arms,12,6,6
Inkurushio,suramar,576,warrior,arms,12,6,6
Raime,sargeras,576,warrior,arms,12,6,6
Bagginses,quelthalas,576,warrior,arms,12,6,6
Kazabare,tichondrius,576,warrior,arms,12,6,6
Flidumpling,tichondrius,576,warrior,arms,12,6,6
Sodarzok,thaurissan,576,warrior,arms,12,6,6
Luminiere,sargeras,576,warrior,arms,12,6,6
Maleap,moon-guard,576,warrior,arms,12,6,6
Griftustle,moon-guard,576,warrior,arms,12,6,6
Dgumby,illidan,576,warrior,arms,12,6,6
Armsofury,kelthuzad,576,warrior,arms,12,6,6
Monkeystrike,barthilas,576,warrior,arms,12,6,6
Houdinix,stormrage,576,warrior,arms,12,6,6
Rexquando,barthilas,576,warrior,arms,12,6,6
Stÿgían,kelthuzad,576,warrior,arms,12,6,6
Biorhn,area-52,576,warrior,arms,12,6,6
Mechagodzila,kiljaeden,576,warrior,arms,12,6,6
Sadomize,kiljaeden,576,warrior,arms,12,6,6
Murdokkwml,ragnaros,576,warrior,arms,12,6,6
Azrailz,stormrage,576,warrior,arms,12,6,6
Gnomërcy,tichondrius,576,warrior,arms,12,6,6
Aladarith,moon-guard,576,warrior,arms,12,6,6
Fatpoos,barthilas,576,warrior,arms,12,6,6
Szar,stormrage,576,warrior,arms,12,6,6
Spikedudley,wildhammer,576,warrior,arms,12,6,6
Hitwkey,tichondrius,576,warrior,arms,12,6,6
Hololeave,tichondrius,576,warrior,arms,12,6,6
Targramu,emerald-dream,576,warrior,arms,12,6,6
Ratherfull,ragnaros,576,warrior,arms,12,6,6
Roflcombo,illidan,576,warrior,arms,12,6,6
Hauce,illidan,576,warrior,arms,12,6,6
Bedman,tichondrius,576,warrior,arms,12,6,6
Bailu,ragnaros,576,warrior,arms,12,6,6
Tàlent,thrall,576,warrior,arms,12,6,6
Prìscìlla,stormrage,576,warrior,arms,12,6,6
Arên,ragnaros,576,warrior,arms,12,6,6
Larrythelob,kelthuzad,576,warrior,arms,12,6,6
Gunjay,sargeras,576,warrior,arms,15,7,8
Guerramacina,tichondrius,576,warrior,arms,13,6,7
Ganzism,tichondrius,576,warrior,arms,13,6,7
Olala,kiljaeden,576,warrior,arms,13,6,7
Geubsal,tichondrius,576,warrior,arms,18,6,12
Tonesman,tichondrius,576,warrior,arms,18,6,12
Stormwald,sargeras,576,warrior,arms,18,6,12
Ronak,vashj,576,warrior,arms,18,6,12
Cowboybeast,tanaris,576,warrior,arms,18,6,12
Robar,trollbane,576,warrior,arms,18,6,12
Cleavxy,sargeras,576,warrior,arms,18,6,12
Beifong,barthilas,576,warrior,arms,18,6,12
Deathstrøke,illidan,576,warrior,arms,18,6,12
Májorrobot,area-52,576,warrior,arms,18,6,12
Ahkimih,ragnaros,576,warrior,arms,18,6,12
Sõnics,tichondrius,576,warrior,arms,18,6,12
Kennäy,azralon,576,warrior,arms,18,6,12
Mahoneslice,thrall,576,warrior,arms,18,6,12
Hugz,thrall,576,warrior,arms,18,6,12
Eabywarrs,tichondrius,576,warrior,arms,18,6,12
Ezgamelol,azralon,576,warrior,arms,18,6,12
Swoonmixy,frostmourne,576,warrior,arms,18,6,12
Natalieftm,tichondrius,576,warrior,arms,18,6,12
Rhinð,sargeras,576,warrior,arms,18,6,12
Gobx,tichondrius,576,warrior,arms,18,6,12
Nillor,emerald-dream,576,warrior,arms,18,6,12
Aldhard,moon-guard,576,warrior,arms,18,6,12
Drèádnought,tichondrius,576,warrior,arms,18,6,12
Xgraves,sargeras,576,warrior,arms,18,6,12
Zugface,tichondrius,576,warrior,arms,18,6,12
Drakunai,shattered-halls,576,warrior,arms,18,6,12
Lundyswung,silver-hand,576,warrior,arms,18,6,12
Egoist,malganis,576,warrior,arms,18,6,12
Pushh,thrall,576,warrior,arms,18,6,12
Psilly,sargeras,576,warrior,arms,18,6,12
Lieofa,tichondrius,576,warrior,arms,19,6,13
Shîzu,moon-guard,576,warrior,arms,24,6,18
Contentious,moon-guard,576,warrior,arms,24,6,18
Fenømenoide,ragnaros,575,warrior,arms,6,6,0
Gimmiefood,emerald-dream,575,warrior,arms,12,6,6
Orryn,proudmoore,575,warrior,arms,12,6,6
Bolx,archimonde,575,warrior,arms,12,6,6
Teyrn,stormrage,575,warrior,arms,12,6,6
Ragefested,tichondrius,575,warrior,arms,12,6,6
Jujuassgeter,darkspear,575,warrior,arms,12,6,6
Huggesmash,thaurissan,575,warrior,arms,12,6,6
Croton,moon-guard,575,warrior,arms,12,6,6
Redneckk,emerald-dream,575,warrior,arms,12,6,6
Bkdorbandit,illidan,575,warrior,arms,12,6,6
Zhyper,frostmourne,575,warrior,arms,12,6,6
Amérus,moon-guard,575,warrior,arms,12,6,6
Weewarrior,wyrmrest-accord,575,warrior,arms,12,6,6
Warrpool,shadowmoon,575,warrior,arms,12,6,6
Obstruktíon,tichondrius,575,warrior,arms,12,6,6
Gilisraw,tichondrius,575,warrior,arms,12,6,6
Mekkanic,moon-guard,575,warrior,arms,12,6,6
Theodere,moon-guard,575,warrior,arms,12,6,6
Balthazãr,quelthalas,575,warrior,arms,12,6,6
Pandatrue,azralon,575,warrior,arms,12,6,6
Desul,tichondrius,575,warrior,arms,12,6,6
Stonnies,bleeding-hollow,575,warrior,arms,12,6,6
Burntwaffle,ysera,575,warrior,arms,12,6,6
Walmir,shadow-council,575,warrior,arms,12,6,6
Vioar,hyjal,575,warrior,arms,12,6,6
Onisusu,frostmourne,575,warrior,arms,12,6,6
Thornakh,stormrage,575,warrior,arms,12,6,6
Uragiri,shadowsong,575,warrior,arms,12,6,6
Nospace,tichondrius,575,warrior,arms,12,6,6
Ereborh,ragnaros,575,warrior,arms,12,6,6
Èxecutè,area-52,575,warrior,arms,15,7,8
Maltrate,hyjal,575,warrior,arms,15,7,8
Bärdock,ragnaros,575,warrior,arms,16,7,9
Corthíus,stormrage,575,warrior,arms,16,7,9
Renegón,ragnaros,575,warrior,arms,19,8,11
Chadler,dragonmaw,575,warrior,arms,18,6,12
Slamchowdy,tichondrius,575,warrior,arms,18,6,12
Opalert,tichondrius,575,warrior,arms,18,6,12
Mauler,medivh,575,warrior,arms,18,6,12
Babybiif,azralon,575,warrior,arms,24,6,18
Nashallo,zuljin,574,warrior,arms,12,6,6
Kenroc,illidan,574,warrior,arms,12,6,6
Darkshrek,quelthalas,574,warrior,arms,12,6,6
Ådolf,sargeras,574,warrior,arms,15,7,8
Arrozkonlech,proudmoore,574,warrior,arms,16,7,9
Masami,moon-guard,574,warrior,arms,18,6,12
Môgwai,kelthuzad,573,warrior,arms,12,6,6
Irgon,quelthalas,573,warrior,arms,12,6,6
Hazorl,zuljin,573,warrior,arms,12,6,6
Logohn,wyrmrest-accord,573,warrior,arms,12,6,6
Dúmp,stormrage,573,warrior,arms,12,6,6
Unterg,ragnaros,573,warrior,arms,12,6,6
Gfree,kiljaeden,573,warrior,arms,21,7,14
Brosèph,sargeras,573,warrior,arms,18,6,12
Liiberator,thrall,573,warrior,arms,18,6,12
Dracossack,ragnaros,573,warrior,arms,22,7,15
Burgdur,sargeras,573,warrior,arms,24,6,18
Faóra,moon-guard,572,warrior,arms,12,6,6
Aiforix,gorefiend,572,warrior,arms,12,6,6
Azyxia,emerald-dream,572,warrior,arms,15,7,8
Bitiatus,scilla,572,warrior,arms,18,6,12
Rudiblade,dalaran,571,warrior,arms,12,6,6
Koteketzu,ragnaros,571,warrior,arms,12,6,6
Tatsher,turalyon,571,warrior,arms,12,6,6
Ciran,azralon,564,warrior,arms,18,6,12
Conchalover,illidan,559,warrior,arms,17,6,11
Lïnkzq,frostmourne,558,warrior,arms,10,7,3
Ecopolis,azshara,544,warrior,arms,16,6,10
Ballzindeep,tichondrius,543,warrior,arms,8,7,1
Molloywr,kelthuzad,543,warrior,arms,11,6,5
Tastyskeet,illidan,543,warrior,arms,11,6,5
Trevvel,proudmoore,543,warrior,arms,11,6,5
Tâlos,ysondre,543,warrior,arms,11,6,5
Randywar,tichondrius,528,warrior,arms,15,6,9
Jÿp,tichondrius,527,warrior,arms,11,6,5
Vikkz,frostmourne,527,warrior,arms,11,6,5
Warwik,stormscale,527,warrior,arms,17,6,11
Ledezma,proudmoore,527,warrior,arms,17,6,11
Lazric,area-52,524,warrior,arms,15,6,9
Meadsweats,tichondrius,522,warrior,arms,17,10,7
Bersérk,area-52,522,warrior,arms,14,8,6
Hugewarrior,area-52,522,warrior,arms,15,7,8
Tomcruz,bloodscalp,522,warrior,arms,16,7,9
Hrókr,kiljaeden,522,warrior,arms,19,8,11
Shaydeen,black-dragonflight,521,warrior,arms,15,7,8
Swafty,daggerspine,519,warrior,arms,17,9,8
Rhok,elune,515,warrior,arms,16,9,7
Illicitiri,sargeras,511,warrior,arms,10,6,4
Psychosicko,tichondrius,511,warrior,arms,11,6,5
Kvobash,area-52,511,warrior,arms,11,6,5
Jackjaeger,area-52,511,warrior,arms,16,6,10
Berzerc,stormrage,511,warrior,arms,18,6,12
Alzuga,quelthalas,511,warrior,arms,20,6,14
Zemdur,azralon,510,warrior,arms,14,6,8
Ruiend,bonechewer,510,warrior,arms,14,6,8
Tyraelius,kiljaeden,510,warrior,arms,17,6,11
Magarrior,shadowsong,495,warrior,arms,13,7,6
Zachw,stormrage,495,warrior,arms,13,6,7
Seariphim,lothar,489,warrior,arms,15,8,7
Ryü,khaz-modan,480,warrior,arms,6,5,1
Kushian,tichondrius,480,warrior,arms,6,5,1
Jackox,sargeras,480,warrior,arms,6,5,1
Tinymo,archimonde,480,warrior,arms,6,5,1
Biggesttoees,tichondrius,480,warrior,arms,6,5,1
Noor,tichondrius,480,warrior,arms,6,5,1
Placerqt,ragnaros,480,warrior,arms,6,5,1
Tâlos,magtheridon,480,warrior,arms,6,5,1
Jarlaix,dragonmaw,480,warrior,arms,6,5,1
Geàrbreaker,tichondrius,480,warrior,arms,6,5,1
Flexecute,area-52,480,warrior,arms,6,5,1
Noreaga,tichondrius,480,warrior,arms,6,5,1
Bootypound,sargeras,480,warrior,arms,6,5,1
Tehnklo,malorne,480,warrior,arms,6,5,1
Houk,frostmourne,480,warrior,arms,6,5,1
Meatsweatx,stormrage,480,warrior,arms,6,5,1
Isoln,tichondrius,480,warrior,arms,6,5,1
Billythunda,tichondrius,480,warrior,arms,6,5,1
Warmgun,quelthalas,480,warrior,arms,6,5,1
Pkgdtko,tichondrius,480,warrior,arms,6,5,1
Saladin,gnomeregan,480,warrior,arms,6,5,1
Violence,icecrown,480,warrior,arms,6,5,1
Wanabea,tichondrius,480,warrior,arms,6,5,1
Rickywarx,illidan,480,warrior,arms,6,5,1
Thombelina,malganis,480,warrior,arms,6,5,1
Gorva,emerald-dream,480,warrior,arms,6,5,1
Zerøhøùr,kul-tiras,480,warrior,arms,6,5,1
Vanlur,khaz-modan,480,warrior,arms,6,5,1
Skaaxx,barthilas,480,warrior,arms,10,6,4
Warpenguin,kelthuzad,480,warrior,arms,10,6,4
Moè,frostmourne,480,warrior,arms,10,6,4
Whittyxc,tichondrius,480,warrior,arms,9,5,4
Gathzyx,tichondrius,480,warrior,arms,12,5,7
Flëët,tichondrius,480,warrior,arms,12,5,7
Biggrizz,area-52,480,warrior,arms,12,5,7
Peters,malfurion,480,warrior,arms,12,5,7
Thehóund,area-52,480,warrior,arms,12,5,7
Schoolbuhs,tichondrius,480,warrior,arms,12,5,7
Madhouse,tanaris,480,warrior,arms,12,5,7
Fracked,sargeras,480,warrior,arms,12,5,7
Wën,stormrage,480,warrior,arms,12,5,7
Thaedes,kelthuzad,480,warrior,arms,12,5,7
Toddlovesu,kelthuzad,480,warrior,arms,12,5,7
Claponomics,area-52,480,warrior,arms,12,5,7
Takenotez,sargeras,480,warrior,arms,12,5,7
Felorelea,moon-guard,480,warrior,arms,12,5,7
Laylowk,tichondrius,480,warrior,arms,12,5,7
Sabers,mannoroth,480,warrior,arms,12,5,7
Krongarr,area-52,480,warrior,arms,12,5,7
Loveføx,stormrage,480,warrior,arms,12,5,7
Justicwar,area-52,480,warrior,arms,12,5,7
Originalpimp,bleeding-hollow,480,warrior,arms,12,5,7
Dynamiite,bleeding-hollow,480,warrior,arms,12,5,7
Wonbin,moon-guard,480,warrior,arms,12,5,7
Tamajkaz,the-forgotten-coast,480,warrior,arms,12,5,7
Kerrena,kelthuzad,480,warrior,arms,12,5,7
Kluster,kelthuzad,480,warrior,arms,12,5,7
Beerstorm,stormrage,480,warrior,arms,12,5,7
Excalibruh,frostmourne,480,warrior,arms,12,5,7
Jäëgër,moon-guard,480,warrior,arms,12,5,7
Bulldozar,zuljin,480,warrior,arms,12,5,7
Cabi,frostmourne,480,warrior,arms,12,5,7
Mayshowgunmo,tichondrius,480,warrior,arms,12,5,7
Loudnoise,frostwolf,480,warrior,arms,12,5,7
Vãnth,kelthuzad,480,warrior,arms,12,5,7
Brickhouse,tichondrius,480,warrior,arms,12,5,7
Broxar,area-52,480,warrior,arms,12,5,7
Bariotyr,the-underbog,480,warrior,arms,12,5,7
Qwort,moon-guard,480,warrior,arms,12,5,7
Huricas,arthas,480,warrior,arms,12,5,7
Miniwarkingx,tichondrius,480,warrior,arms,12,5,7
Manbok,tichondrius,480,warrior,arms,12,5,7
Shapur,tichondrius,480,warrior,arms,12,5,7
Huleo,tichondrius,480,warrior,arms,12,5,7
Orcimonde,arthas,480,warrior,arms,12,5,7
Shrëkslovaki,tichondrius,480,warrior,arms,12,5,7
Elkinss,tichondrius,480,warrior,arms,12,5,7
Fayttful,area-52,480,warrior,arms,12,5,7
Buffwar,tichondrius,480,warrior,arms,12,5,7
Beleña,dalaran,480,warrior,arms,12,5,7
Sylvanos,arthas,480,warrior,arms,12,5,7
Maniel,greymane,480,warrior,arms,12,5,7
Scozziee,barthilas,480,warrior,arms,12,5,7
Dillý,area-52,480,warrior,arms,12,5,7
Drudw,moon-guard,480,warrior,arms,12,5,7
Metalhog,sargeras,480,warrior,arms,12,5,7
Crammed,tichondrius,480,warrior,arms,12,5,7
Ericthegreat,azuremyst,480,warrior,arms,12,5,7
Hemkcus,zuluhed,480,warrior,arms,12,5,7
Paulhëyman,sargeras,480,warrior,arms,12,5,7
Kð,zuljin,480,warrior,arms,12,5,7
Meatspinner,sargeras,480,warrior,arms,12,5,7
Quinntis,anvilmar,480,warrior,arms,12,5,7
Thedeejoner,caelestrasz,480,warrior,arms,12,5,7
Juggernäut,malganis,480,warrior,arms,12,5,7
Gävilar,sargeras,480,warrior,arms,12,5,7
Pregnannie,barthilas,480,warrior,arms,12,5,7
Crogosh,quelthalas,480,warrior,arms,12,5,7
Elyoy,aerie-peak,480,warrior,arms,12,5,7
Cj,proudmoore,480,warrior,arms,12,5,7
Gonzwold,drenden,480,warrior,arms,12,5,7
Kaikah,aegwynn,480,warrior,arms,12,5,7
Milbën,tichondrius,480,warrior,arms,12,5,7
Bloodxfrenzy,silvermoon,480,warrior,arms,12,5,7
Cuantascopas,ragnaros,480,warrior,arms,12,5,7
Arcâdio,cairne,480,warrior,arms,12,5,7
Shadalloo,azralon,480,warrior,arms,12,5,7
Gläedr,dalaran,480,warrior,arms,12,5,7
Ponygon,quelthalas,480,warrior,arms,12,5,7
Bbg,bleeding-hollow,480,warrior,arms,12,5,7
Kriegsheer,bleeding-hollow,480,warrior,arms,12,5,7
Kethsel,ragnaros,480,warrior,arms,12,5,7
Slamoholic,turalyon,480,warrior,arms,12,5,7
Dondà,illidan,480,warrior,arms,12,5,7
Crushingnews,sargeras,480,warrior,arms,12,5,7
Biggiesmash,bleeding-hollow,480,warrior,arms,12,5,7
Wcb,sargeras,480,warrior,arms,12,5,7
Consolidate,hyjal,480,warrior,arms,12,5,7
Greyknights,kiljaeden,480,warrior,arms,12,5,7
Shwip,tichondrius,480,warrior,arms,12,5,7
Martydom,proudmoore,480,warrior,arms,12,5,7
Shadowsea,dragonblight,480,warrior,arms,12,5,7
Sideon,frostmourne,480,warrior,arms,12,5,7
Orcbum,kiljaeden,480,warrior,arms,12,5,7
Angertooth,tichondrius,480,warrior,arms,12,5,7
Stattic,illidan,480,warrior,arms,12,5,7
Kàli,kiljaeden,480,warrior,arms,12,5,7
Sigismundd,bonechewer,480,warrior,arms,12,5,7
Philipjoo,illidan,480,warrior,arms,12,5,7
Spirìt,illidan,480,warrior,arms,12,5,7
Igoon,dentarg,480,warrior,arms,12,5,7
Karik,proudmoore,480,warrior,arms,12,5,7
Zuiken,kiljaeden,480,warrior,arms,12,5,7
Téry,dalaran,480,warrior,arms,12,5,7
Lru,whisperwind,480,warrior,arms,12,5,7
Astrálís,nemesis,480,warrior,arms,12,5,7
Pandaxes,proudmoore,480,warrior,arms,12,5,7
Empyrius,exodar,480,warrior,arms,12,5,7
Beozerker,thrall,480,warrior,arms,12,5,7
Clamjammed,thrall,480,warrior,arms,12,5,7
Lanco,kiljaeden,480,warrior,arms,12,5,7
Baaltica,ragnaros,480,warrior,arms,12,5,7
Battosaì,bonechewer,480,warrior,arms,15,6,9
Grandtank,veknilash,480,warrior,arms,15,6,9
Mág,burning-legion,480,warrior,arms,13,5,8
Zibby,malganis,480,warrior,arms,14,5,9
Darkdargon,tichondrius,480,warrior,arms,18,6,12
Tigershárk,tichondrius,480,warrior,arms,16,5,11
Shaynaynay,tichondrius,480,warrior,arms,18,5,13
Imprw,stormrage,480,warrior,arms,18,5,13
Calto,tichondrius,480,warrior,arms,18,5,13
Aldathion,argent-dawn,480,warrior,arms,18,5,13
Osannd,tichondrius,480,warrior,arms,18,5,13
Eightydeuce,bonechewer,480,warrior,arms,18,5,13
Goaco,drakkari,480,warrior,arms,18,5,13
Kkuzo,bleeding-hollow,480,warrior,arms,18,5,13
Skyanidas,korgath,480,warrior,arms,18,5,13
Damadar,malganis,480,warrior,arms,18,5,13
Cyllyzie,emerald-dream,480,warrior,arms,18,5,13
Øvrpwrd,frostmourne,480,warrior,arms,18,5,13
Smackify,stormrage,480,warrior,arms,18,5,13
Kamigoroshi,crushridge,480,warrior,arms,18,5,13
Tsathoggua,kiljaeden,480,warrior,arms,18,5,13
Bornclueless,illidan,480,warrior,arms,21,5,16
Thunderbash,thrall,480,warrior,arms,24,5,19
Creannew,drakkari,480,warrior,arms,24,5,19
Lorinzer,zuljin,480,warrior,arms,24,5,19
Tanger,korgath,479,warrior,arms,6,5,1
Rinngo,proudmoore,479,warrior,arms,6,5,1
Faiken,quelthalas,479,warrior,arms,6,5,1
Sarkhan,zuluhed,479,warrior,arms,6,5,1
Maudlewis,bladefist,479,warrior,arms,12,5,7
Warstik,malganis,479,warrior,arms,12,5,7
Rücküs,tichondrius,479,warrior,arms,12,5,7
Stretchytime,emerald-dream,479,warrior,arms,12,5,7
Fwengli,illidan,479,warrior,arms,12,5,7
Têzeret,shadowmoon,479,warrior,arms,12,5,7
Sienge,tortheldrin,479,warrior,arms,12,5,7
Alderr,frostmourne,479,warrior,arms,12,5,7
Bovisrex,shadow-council,479,warrior,arms,12,5,7
Qqmachine,tichondrius,479,warrior,arms,12,5,7
Trufsoturi,bleeding-hollow,479,warrior,arms,12,5,7
Cueromodel,ragnaros,479,warrior,arms,12,5,7
Vlanko,tichondrius,479,warrior,arms,12,5,7
Synestira,frostmourne,479,warrior,arms,12,5,7
Dirtyrandy,zuluhed,479,warrior,arms,12,5,7
Spàcetìme,stormrage,479,warrior,arms,12,5,7
Radeox,ragnaros,479,warrior,arms,13,5,8
Flexecute,senjin,479,warrior,arms,18,5,13
Helscreem,hyjal,479,warrior,arms,18,5,13
Gorrthrax,area-52,479,warrior,arms,24,5,19
Arooy,azralon,478,warrior,arms,6,5,1
Otyek,proudmoore,478,warrior,arms,12,5,7
Dirtywarrior,lightnings-blade,478,warrior,arms,12,5,7
Bennybrock,crushridge,478,warrior,arms,12,5,7
Tmible,ragnaros,477,warrior,arms,6,5,1
Therom,ragnaros,477,warrior,arms,15,6,9
Bratomil,amanthul,476,warrior,arms,12,5,7
Acanof,azjolnerub,474,warrior,arms,9,6,3
Inuyasha,korgath,473,warrior,arms,12,5,7
Raktrazbirt,dalaran,472,warrior,arms,12,5,7
Machatlan,stormrage,457,warrior,arms,26,11,15
Danalle,area-52,448,warrior,arms,10,6,4
Turboboy,tichondrius,448,warrior,arms,10,5,5
Mverstappen,azralon,448,warrior,arms,10,5,5
Notcoverage,tichondrius,447,warrior,arms,11,5,6
Tenderturtle,tichondrius,447,warrior,arms,11,5,6
Dontkiteme,frostmourne,447,warrior,arms,17,5,12
Hvwk,sargeras,445,warrior,arms,11,5,6
Dpsdone,blackrock,432,warrior,arms,9,6,3
Esko,tichondrius,431,warrior,arms,11,5,6
Gurgak,illidan,431,warrior,arms,11,5,6
Jackedaniels,stormrage,431,warrior,arms,12,5,7
Beansgohard,deathwing,431,warrior,arms,15,5,10
Bloodbottle,darkspear,426,warrior,arms,14,7,7
Boombasta,shuhalo,426,warrior,arms,15,6,9
Machutron,quelthalas,415,warrior,arms,8,5,3
Yarocktoo,kelthuzad,415,warrior,arms,8,5,3
Crackersmack,stormrage,415,warrior,arms,11,6,5
Thano,kiljaeden,415,warrior,arms,10,5,5
Nrico,frostmourne,415,warrior,arms,10,5,5
Kiranoma,moon-guard,415,warrior,arms,14,5,9
Arroezze,earthen-ring,399,warrior,arms,13,5,8
Koraciá,illidan,399,warrior,arms,13,5,8
Gushyguts,tichondrius,399,warrior,arms,19,5,14
Hamburgezo,quelthalas,384,warrior,arms,6,4,2
Odalp,tichondrius,384,warrior,arms,6,4,2
Neon,wildhammer,384,warrior,arms,6,4,2
Clutchclutz,spirestone,384,warrior,arms,6,4,2
Gozugurself,barthilas,384,warrior,arms,6,4,2
Jakslasfa,aegwynn,384,warrior,arms,6,4,2
Boomtacular,moon-guard,384,warrior,arms,6,4,2
Mortalhandx,tichondrius,384,warrior,arms,6,4,2
Ffrog,tichondrius,384,warrior,arms,6,4,2
Bütch,stormrage,384,warrior,arms,6,4,2
Elbelgon,ragnaros,384,warrior,arms,6,4,2
Yivicus,sargeras,384,warrior,arms,6,4,2
Mommystrasza,kelthuzad,384,warrior,arms,6,4,2
Swaystko,sargeras,384,warrior,arms,6,4,2
Tickej,dragonmaw,384,warrior,arms,6,4,2
Pineapplezz,kelthuzad,384,warrior,arms,6,4,2
Titanmax,kelthuzad,384,warrior,arms,6,4,2
Jersucristö,quelthalas,384,warrior,arms,6,4,2
Alèx,tichondrius,384,warrior,arms,6,4,2
Mfgodofwar,kelthuzad,384,warrior,arms,6,4,2
Ziggeraut,cenarion-circle,384,warrior,arms,6,4,2
Mòrgo,agamaggan,384,warrior,arms,6,4,2
Wariorwang,tichondrius,384,warrior,arms,6,4,2
Swillzz,illidan,384,warrior,arms,6,4,2
Gnasty,hyjal,384,warrior,arms,6,4,2
Littlegengar,tichondrius,384,warrior,arms,6,4,2
Gurneyhalec,proudmoore,384,warrior,arms,6,4,2
Tsutsana,lightninghoof,384,warrior,arms,6,4,2
Orangew,dalaran,384,warrior,arms,6,4,2
Gangdan,sargeras,384,warrior,arms,6,4,2
Fròthy,emerald-dream,384,warrior,arms,6,4,2
Zoldyak,ragnaros,384,warrior,arms,6,4,2
Frakt,illidan,384,warrior,arms,6,4,2
Restoy,tichondrius,384,warrior,arms,6,4,2
Dazfury,barthilas,384,warrior,arms,6,4,2
Appolyonn,hyjal,384,warrior,arms,6,4,2
Sygurd,drakkari,384,warrior,arms,6,4,2
Mebraindead,tichondrius,384,warrior,arms,6,4,2
Kahn,andorhal,384,warrior,arms,6,4,2
Mcwanga,barthilas,384,warrior,arms,6,4,2
Tankdawg,draktharon,384,warrior,arms,6,4,2
Veedrin,ysera,384,warrior,arms,6,4,2
Dysazter,ravencrest,384,warrior,arms,6,4,2
Kimbö,quelthalas,384,warrior,arms,6,4,2
Styiex,ragnaros,384,warrior,arms,6,4,2
Gristly,sargeras,384,warrior,arms,6,4,2
Takitó,ragnaros,384,warrior,arms,6,4,2
Prodigi,ragnaros,384,warrior,arms,6,4,2
Slapywar,illidan,384,warrior,arms,6,4,2
Braxxìnn,tichondrius,384,warrior,arms,6,4,2
Blucollardad,bleeding-hollow,384,warrior,arms,6,4,2
Gamörä,illidan,384,warrior,arms,6,4,2
Koalabear,shadow-council,384,warrior,arms,6,4,2
Pilgrimslays,tichondrius,384,warrior,arms,6,4,2
Majinnox,wyrmrest-accord,384,warrior,arms,6,4,2
Zarttorius,quelthalas,384,warrior,arms,6,4,2
Keffdog,laughing-skull,384,warrior,arms,6,4,2
Burzerk,malganis,384,warrior,arms,6,4,2
Gavfields,tichondrius,384,warrior,arms,6,4,2
Sonoflaw,skullcrusher,384,warrior,arms,6,4,2
Chulain,tichondrius,384,warrior,arms,6,4,2
Aægekaz,proudmoore,384,warrior,arms,6,4,2
Farmtruckqt,proudmoore,384,warrior,arms,6,4,2
Bajheeraz,sargeras,384,warrior,arms,6,4,2
Zonkis,kelthuzad,384,warrior,arms,6,4,2
Nextquestion,sargeras,384,warrior,arms,6,4,2
Warcheif,dentarg,384,warrior,arms,6,4,2
Míaguiulfo,ragnaros,384,warrior,arms,6,4,2
Swordfighter,moon-guard,384,warrior,arms,6,4,2
Sriara,ragnaros,384,warrior,arms,6,4,2
Bajheeraz,tichondrius,384,warrior,arms,6,4,2
Evergardens,saurfang,384,warrior,arms,6,4,2
Afelhia,moon-guard,384,warrior,arms,6,4,2
Sayuri,frostmourne,384,warrior,arms,6,4,2
Swingyslammy,area-52,384,warrior,arms,6,4,2
Misticstorm,barthilas,384,warrior,arms,6,4,2
Oddyseey,moon-guard,384,warrior,arms,6,4,2
Fancysin,malganis,384,warrior,arms,6,4,2
Borahgis,area-52,384,warrior,arms,6,4,2
Malgoth,illidan,384,warrior,arms,6,4,2
Bruisebanner,area-52,384,warrior,arms,6,4,2
Sleifx,quelthalas,384,warrior,arms,6,4,2
Rõcky,frostmourne,384,warrior,arms,6,4,2
Kruçify,dark-iron,384,warrior,arms,6,4,2
Diesel,duskwood,384,warrior,arms,6,4,2
Hoodslam,moon-guard,384,warrior,arms,6,4,2
Ayaseharuqt,quelthalas,384,warrior,arms,6,4,2
Daddydomtop,moon-guard,384,warrior,arms,6,4,2
Ummso,nerzhul,384,warrior,arms,6,4,2
Rinima,tichondrius,384,warrior,arms,6,4,2
Ragingboner,aggramar,384,warrior,arms,6,4,2
Iradri,wyrmrest-accord,384,warrior,arms,6,4,2
Bailo,dathremar,384,warrior,arms,6,4,2
Ssamba,shattered-hand,384,warrior,arms,6,4,2
Krokü,area-52,384,warrior,arms,6,4,2
Claymorer,tichondrius,384,warrior,arms,6,4,2
Sakuraya,tichondrius,384,warrior,arms,6,4,2
Helder,destromath,384,warrior,arms,6,4,2
Picpay,area-52,384,warrior,arms,6,4,2
Thiccyb,area-52,384,warrior,arms,6,4,2
Evencane,stormrage,384,warrior,arms,6,4,2
Hamur,azralon,384,warrior,arms,6,4,2
Yêawen,tichondrius,384,warrior,arms,6,4,2
Trevmo,bloodscalp,384,warrior,arms,6,4,2
Yagarel,dalaran,384,warrior,arms,6,4,2
Ckoaw,dalaran,384,warrior,arms,6,4,2
Sanqq,tichondrius,384,warrior,arms,6,4,2
Cheshe,area-52,384,warrior,arms,6,4,2
Datogkush,frostmourne,384,warrior,arms,6,4,2
Iroh,thunderhorn,384,warrior,arms,6,4,2
Thottprot,blackhand,384,warrior,arms,6,4,2
Còlòssal,moknathal,384,warrior,arms,6,4,2
Laggytwodope,kelthuzad,384,warrior,arms,6,4,2
Lxstcxntury,sargeras,384,warrior,arms,6,4,2
Zuggernaut,shadowsong,384,warrior,arms,6,4,2
Galaxius,frostmane,384,warrior,arms,7,4,3
Jire,shadowmoon,384,warrior,arms,7,4,3
Finndal,bleeding-hollow,384,warrior,arms,9,5,4
Tapijuju,stormrage,384,warrior,arms,9,5,4
Greenishfox,illidan,384,warrior,arms,9,5,4
Hitmypronoun,illidan,384,warrior,arms,9,5,4
Ragnarlbrok,goldrinn,384,warrior,arms,10,5,5
Kalisandra,undermine,384,warrior,arms,10,5,5
Ailes,hakkar,384,warrior,arms,11,4,7
Jackmonkey,the-forgotten-coast,384,warrior,arms,12,4,8
Turkin,proudmoore,384,warrior,arms,12,4,8
Ðred,blackhand,384,warrior,arms,12,4,8
Angrybrog,malfurion,384,warrior,arms,12,4,8
Gazah,skullcrusher,384,warrior,arms,12,4,8
Iargestpp,bleeding-hollow,384,warrior,arms,12,4,8
Brendan,llane,384,warrior,arms,12,4,8
Kenedy,moon-guard,384,warrior,arms,12,4,8
Iden,vashj,384,warrior,arms,12,4,8
Twoshoutz,stormrage,384,warrior,arms,12,4,8
Nxmabala,proudmoore,384,warrior,arms,12,4,8
Còsmico,trollbane,384,warrior,arms,12,4,8
Hamslamm,area-52,384,warrior,arms,12,4,8
Bewbeebangz,kelthuzad,384,warrior,arms,12,4,8
Nginx,queldorei,384,warrior,arms,12,4,8
Spacegoatze,thunderlord,384,warrior,arms,12,4,8
Koei,illidan,384,warrior,arms,12,4,8
Joekenshield,stonemaul,384,warrior,arms,12,4,8
Warspartan,stormrage,384,warrior,arms,12,4,8
Barrocops,kiljaeden,384,warrior,arms,12,4,8
Warmachined,grizzly-hills,384,warrior,arms,12,4,8
Aresmt,illidan,384,warrior,arms,12,4,8
Pop,stormrage,384,warrior,arms,12,4,8
Snack,stormreaver,384,warrior,arms,12,4,8
Doully,proudmoore,384,warrior,arms,12,4,8
Chongos,malganis,384,warrior,arms,12,4,8
Dámöuse,stormrage,384,warrior,arms,12,4,8
Handikap,stormrage,384,warrior,arms,12,4,8
Vlix,korgath,384,warrior,arms,12,4,8
Alondir,quelthalas,384,warrior,arms,12,4,8
Lørdvingådør,azralon,384,warrior,arms,12,4,8
Irøns,arthas,384,warrior,arms,12,4,8
Dessindir,quelthalas,384,warrior,arms,12,4,8
Wyborn,emerald-dream,384,warrior,arms,12,4,8
Hameey,sargeras,384,warrior,arms,12,4,8
Sandrine,fizzcrank,384,warrior,arms,12,4,8
Sorty,emerald-dream,384,warrior,arms,12,4,8
Laochra,aggramar,384,warrior,arms,12,4,8
Naelynh,quelthalas,384,warrior,arms,12,4,8
Grullhamer,ragnaros,384,warrior,arms,12,4,8
Mikejustice,kelthuzad,384,warrior,arms,12,4,8
Lui,the-forgotten-coast,384,warrior,arms,12,4,8
Meanface,malganis,384,warrior,arms,12,4,8
Daduké,stormrage,384,warrior,arms,12,4,8
Licona,wyrmrest-accord,384,warrior,arms,12,4,8
Ladderx,area-52,384,warrior,arms,12,4,8
Renclave,wyrmrest-accord,384,warrior,arms,12,4,8
Xårren,stormrage,384,warrior,arms,12,4,8
Runningatyou,area-52,384,warrior,arms,12,4,8
Bigboy,icecrown,384,warrior,arms,12,4,8
Laokan,illidan,384,warrior,arms,12,4,8
Crimsóñ,kelthuzad,384,warrior,arms,12,4,8
Estrasystole,sargeras,384,warrior,arms,12,4,8
Velanos,bleeding-hollow,384,warrior,arms,12,4,8
Allonsas,moon-guard,384,warrior,arms,12,4,8
Moseshrute,zuljin,384,warrior,arms,12,4,8
Mindgoblin,bleeding-hollow,384,warrior,arms,12,4,8
Stewwar,wyrmrest-accord,384,warrior,arms,12,4,8
Augutra,moon-guard,384,warrior,arms,12,4,8
Jathellum,stormrage,384,warrior,arms,12,4,8
Aldaøm,ragnaros,384,warrior,arms,12,4,8
Heliza,ragnaros,384,warrior,arms,12,4,8
Mefus,wyrmrest-accord,384,warrior,arms,12,4,8
Victorhugo,ragnaros,384,warrior,arms,12,4,8
Drakgøre,ragnaros,384,warrior,arms,12,4,8
Nerolanast,wyrmrest-accord,384,warrior,arms,12,4,8
Hârambe,kiljaeden,384,warrior,arms,12,4,8
Varrian,rivendare,384,warrior,arms,12,4,8
Swingú,illidan,384,warrior,arms,12,4,8
Skorgebt,thrall,384,warrior,arms,12,4,8
Flabergaster,skullcrusher,384,warrior,arms,12,4,8
Verrynasty,area-52,384,warrior,arms,12,4,8
Narduk,emerald-dream,384,warrior,arms,12,4,8
Durango,duskwood,384,warrior,arms,12,4,8
Grândmâ,zuljin,384,warrior,arms,12,4,8
Notfaytful,thrall,384,warrior,arms,12,4,8
Mentalape,bleeding-hollow,384,warrior,arms,12,4,8
Flexyx,arthas,384,warrior,arms,12,4,8
Zulataza,zuljin,384,warrior,arms,12,4,8
Gorethak,kiljaeden,384,warrior,arms,12,4,8
Cupper,tichondrius,384,warrior,arms,12,4,8
Demonsterz,ravenholdt,384,warrior,arms,12,4,8
Dazuu,illidan,384,warrior,arms,12,4,8
Mangler,tichondrius,384,warrior,arms,12,4,8
Malahorda,illidan,384,warrior,arms,12,4,8
Redrumman,demon-soul,384,warrior,arms,12,4,8
Fatherkelso,tichondrius,384,warrior,arms,12,4,8
Ballsy,fenris,384,warrior,arms,12,4,8
Tappyc,tichondrius,384,warrior,arms,12,4,8
Guyllol,barthilas,384,warrior,arms,12,4,8
Drewpqawk,tichondrius,384,warrior,arms,12,4,8
Chiêfatriox,tichondrius,384,warrior,arms,12,4,8
Kimuraa,hyjal,384,warrior,arms,12,4,8
Rocketbom,tichondrius,384,warrior,arms,12,4,8
Zebel,tichondrius,384,warrior,arms,12,4,8
Draiken,dalaran,384,warrior,arms,12,4,8
Filth,tichondrius,384,warrior,arms,12,4,8
Porchorc,hyjal,384,warrior,arms,12,4,8
Vurks,frostmourne,384,warrior,arms,12,4,8
Jasonsdady,illidan,384,warrior,arms,12,4,8
Palumorw,deathwing,384,warrior,arms,12,4,8
Izhansheni,illidan,384,warrior,arms,12,4,8
Totenhammer,nathrezim,384,warrior,arms,12,4,8
Furyofrage,dalaran,384,warrior,arms,12,4,8
Magmaheart,lightbringer,384,warrior,arms,12,4,8
Gangaa,barthilas,384,warrior,arms,12,4,8
Metalhit,tichondrius,384,warrior,arms,12,4,8
Jaclksparrow,azralon,384,warrior,arms,12,4,8
Warriormikey,tichondrius,384,warrior,arms,12,4,8
Iridikron,dalaran,384,warrior,arms,12,4,8
Varkery,sargeras,384,warrior,arms,13,4,9
Bondadoso,stormrage,384,warrior,arms,13,4,9
Lunusx,stormrage,384,warrior,arms,13,4,9
Kyres,moon-guard,384,warrior,arms,16,4,12
Jazzkiler,azralon,384,warrior,arms,17,4,13
Retiarius,tichondrius,384,warrior,arms,18,4,14
Tarviss,exodar,384,warrior,arms,18,4,14
Gladicus,zuljin,384,warrior,arms,18,4,14
Raggnar,zuluhed,384,warrior,arms,18,4,14
Draxxarlol,zuljin,384,warrior,arms,18,4,14
Antonios,drakthul,384,warrior,arms,18,4,14
Powerlift,area-52,384,warrior,arms,18,4,14
Asphyxiating,illidan,384,warrior,arms,18,4,14
Cowsgomerr,tichondrius,384,warrior,arms,18,4,14
Orcrist,stormreaver,383,warrior,arms,6,4,2
Ezaxe,tichondrius,383,warrior,arms,6,4,2
Thedozer,kargath,383,warrior,arms,6,4,2
Tookbeki,tichondrius,383,warrior,arms,6,4,2
Yeit,tichondrius,383,warrior,arms,6,4,2
Shìromìzù,eredar,383,warrior,arms,6,4,2
Mâmba,thrall,383,warrior,arms,12,4,8
Spitbeard,kargath,383,warrior,arms,12,4,8
Reginato,ravenholdt,383,warrior,arms,12,4,8
Drovik,malygos,383,warrior,arms,12,4,8
Ajamu,aegwynn,383,warrior,arms,12,4,8
Christellà,dalaran,383,warrior,arms,18,4,14
Bahlsac,cenarion-circle,382,warrior,arms,12,4,8
Såmmÿ,moon-guard,379,warrior,arms,12,4,8
Lightstrikes,sargeras,379,warrior,arms,12,4,8
Dingoe,wyrmrest-accord,379,warrior,arms,12,4,8
Handdok,runetotem,379,warrior,arms,12,4,8
Xaxxar,bleeding-hollow,367,warrior,arms,11,4,7
Loomine,illidan,367,warrior,arms,11,4,7
Shagalaca,tichondrius,367,warrior,arms,11,4,7
Twohandkilla,scilla,367,warrior,arms,11,4,7
Warsins,bonechewer,367,warrior,arms,17,4,13
Tecnowar,quelthalas,352,warrior,arms,10,4,6
Bellonar,stormrage,351,warrior,arms,8,5,3
Gâbríel,maiev,351,warrior,arms,11,4,7
Thøros,moon-guard,351,warrior,arms,11,4,7
Förkz,ragnaros,351,warrior,arms,11,4,7
Vaetren,area-52,351,warrior,arms,11,4,7
Matasimio,drakkari,336,warrior,arms,9,4,5
Sinweaver,bleeding-hollow,335,warrior,arms,9,5,4
Toir,bladefist,335,warrior,arms,11,4,7
Caynos,stormrage,335,warrior,arms,11,4,7
Rubbers,thrall,330,warrior,arms,17,6,11
Macray,zuljin,330,warrior,arms,18,5,13
Lildumptruck,emerald-dream,320,warrior,arms,10,4,6
Painstake,illidan,320,warrior,arms,19,5,14
Vaider,bleeding-hollow,319,warrior,arms,5,4,1
Toetoeto,darrowmere,319,warrior,arms,5,4,1
Skollton,tichondrius,319,warrior,arms,5,4,1
Cptdrako,alterac-mountains,319,warrior,arms,8,4,4
Rauwers,azralon,319,warrior,arms,8,4,4
Aerriz,area-52,319,warrior,arms,11,4,7
Edmaghar,ragnaros,319,warrior,arms,14,4,10
Atruis,area-52,304,warrior,arms,7,4,3
Rezhan,area-52,304,warrior,arms,13,4,9
Syradar,ragnaros,304,warrior,arms,13,4,9
Nicolasrage,trollbane,303,warrior,arms,11,5,6
Pírlo,ragnaros,288,warrior,arms,6,3,3
Mandofl,ragnaros,288,warrior,arms,6,3,3
Dronarmus,ragnaros,288,warrior,arms,6,3,3
Idarkshakra,illidan,288,warrior,arms,6,3,3
Necrøbutchër,ragnaros,288,warrior,arms,6,3,3
Boitoróh,azralon,288,warrior,arms,6,3,3
Allmurr,ragnaros,288,warrior,arms,6,3,3
Yasser,ragnaros,288,warrior,arms,6,3,3
Warriortimes,ragnaros,288,warrior,arms,6,3,3
Toragorr,illidan,288,warrior,arms,6,3,3
Prontera,illidan,288,warrior,arms,6,3,3
Phaknah,emerald-dream,288,warrior,arms,6,3,3
Tothepain,thrall,288,warrior,arms,6,3,3
Éten,drakkari,288,warrior,arms,6,3,3
Riderless,ragnaros,288,warrior,arms,6,3,3
Salveknight,ragnaros,288,warrior,arms,6,3,3
Skullsplittr,illidan,288,warrior,arms,6,3,3
Zugsok,thrall,288,warrior,arms,6,3,3
Zenmore,illidan,288,warrior,arms,6,3,3
Warnazx,azralon,288,warrior,arms,6,3,3
Ei,darrowmere,288,warrior,arms,6,3,3
Kuntahkintah,tichondrius,288,warrior,arms,6,3,3
Seymourbot,illidan,288,warrior,arms,6,3,3
Drakr,ragnaros,288,warrior,arms,6,3,3
Sinjino,proudmoore,288,warrior,arms,6,3,3
Decimus,medivh,288,warrior,arms,6,3,3
Antiab,ragnaros,288,warrior,arms,6,3,3
Kokurawr,burning-legion,288,warrior,arms,6,3,3
Jackanape,sargeras,288,warrior,arms,6,3,3
Cryptex,illidan,288,warrior,arms,6,3,3
Robostergler,tichondrius,288,warrior,arms,6,3,3
Executing,emerald-dream,288,warrior,arms,6,3,3
Hukzula,illidan,288,warrior,arms,6,3,3
Percanator,aggramar,288,warrior,arms,6,3,3
Tiitlefight,bleeding-hollow,288,warrior,arms,6,3,3
Sunhands,emerald-dream,288,warrior,arms,6,3,3
Axeslaps,illidan,288,warrior,arms,6,3,3
Dublinn,llane,288,warrior,arms,6,3,3
Carborr,frostmourne,288,warrior,arms,6,3,3
Swifty,tichondrius,288,warrior,arms,6,3,3
Ragëqt,windrunner,288,warrior,arms,6,3,3
Vinetic,kiljaeden,288,warrior,arms,6,3,3
Gwàr,kiljaeden,288,warrior,arms,6,3,3
Largegayman,sargeras,288,warrior,arms,6,3,3
Daedrion,dalaran,288,warrior,arms,6,3,3
Preceptron,azralon,288,warrior,arms,6,3,3
Bghero,wyrmrest-accord,288,warrior,arms,6,3,3
Thunderess,illidan,288,warrior,arms,6,3,3
Jerveen,quelthalas,288,warrior,arms,6,3,3
Nukehazard,bleeding-hollow,288,warrior,arms,6,3,3
Akilosh,illidan,288,warrior,arms,6,3,3
Vistacleave,maiev,288,warrior,arms,6,3,3
Vibrates,stormreaver,288,warrior,arms,6,3,3
Vnw,illidan,288,warrior,arms,6,3,3
Flavorw,cairne,288,warrior,arms,6,3,3
Geyaráh,azralon,288,warrior,arms,6,3,3
Hìtchslap,tichondrius,288,warrior,arms,6,3,3
Clerond,tichondrius,288,warrior,arms,6,3,3
Noteko,tichondrius,288,warrior,arms,6,3,3
Críxus,sargeras,288,warrior,arms,6,3,3
Scottpilgrim,illidan,288,warrior,arms,6,3,3
Renseven,frostmourne,288,warrior,arms,6,3,3
Kénblock,tichondrius,288,warrior,arms,6,3,3
Fakktwo,blackhand,288,warrior,arms,6,3,3
Ghomory,quelthalas,288,warrior,arms,6,3,3
Robio,tichondrius,288,warrior,arms,6,3,3
Leeth,azralon,288,warrior,arms,6,3,3
Qutuz,illidan,288,warrior,arms,6,3,3
Serindel,quelthalas,288,warrior,arms,6,3,3
Bigshett,sargeras,288,warrior,arms,6,3,3
Rockhardt,tichondrius,288,warrior,arms,6,3,3
Faelzerá,azralon,288,warrior,arms,6,3,3
Rockybâlboa,illidan,288,warrior,arms,6,3,3
Grapegush,bleeding-hollow,288,warrior,arms,6,3,3
Abuse,nordrassil,288,warrior,arms,6,3,3
Corrum,shuhalo,288,warrior,arms,6,3,3
Bullblader,azralon,288,warrior,arms,6,3,3
Solembuumm,illidan,288,warrior,arms,6,3,3
Claphub,malganis,288,warrior,arms,6,3,3
Sgtquad,illidan,288,warrior,arms,6,3,3
Warbringerr,hydraxis,288,warrior,arms,6,3,3
Hoboken,quelthalas,288,warrior,arms,6,3,3
Zemms,mannoroth,288,warrior,arms,6,3,3
Hesch,thunderlord,288,warrior,arms,6,3,3
Uzy,proudmoore,288,warrior,arms,6,3,3
Mortaryon,malganis,288,warrior,arms,6,3,3
Grognäk,malganis,288,warrior,arms,6,3,3
Desertor,illidan,288,warrior,arms,6,3,3
Humanlog,illidan,288,warrior,arms,6,3,3
Wulfgarn,frostwolf,288,warrior,arms,6,3,3
Renning,malganis,288,warrior,arms,6,3,3
Orkwar,tichondrius,288,warrior,arms,6,3,3
Hawkior,moon-guard,288,warrior,arms,6,3,3
Wingnut,zuluhed,288,warrior,arms,6,3,3
Fivewarrior,tichondrius,288,warrior,arms,6,3,3
Liltotey,frostmourne,288,warrior,arms,6,3,3
Viizer,tichondrius,288,warrior,arms,6,3,3
Awezc,chogall,288,warrior,arms,6,3,3
Zåzriel,tichondrius,288,warrior,arms,6,3,3
Greven,malganis,288,warrior,arms,6,3,3
Pussman,malganis,288,warrior,arms,6,3,3
Bëowulf,malganis,288,warrior,arms,6,3,3
Duglug,malganis,288,warrior,arms,6,3,3
Smashbashdie,stormrage,288,warrior,arms,6,3,3
Glowstick,tichondrius,288,warrior,arms,6,3,3
Ellx,sargeras,288,warrior,arms,6,3,3
Benieswar,frostmourne,288,warrior,arms,6,3,3
Elessarr,moon-guard,288,warrior,arms,6,3,3
Billpoonover,blackwing-lair,288,warrior,arms,6,3,3
Hudë,stormrage,288,warrior,arms,6,3,3
Tnytank,burning-legion,288,warrior,arms,6,3,3
Darthbjorn,lethon,288,warrior,arms,6,3,3
Trashman,frostwolf,288,warrior,arms,6,3,3
Silvers,blades-edge,288,warrior,arms,6,3,3
Evôlutiôn,kelthuzad,288,warrior,arms,6,3,3
Ayenel,stormrage,288,warrior,arms,6,3,3
Az,malorne,288,warrior,arms,6,3,3
Tragictonka,stormrage,288,warrior,arms,6,3,3
Kovarro,stormrage,288,warrior,arms,6,3,3
Mcrîb,stormscale,288,warrior,arms,6,3,3
Nedstarc,laughing-skull,288,warrior,arms,6,3,3
Exdilla,zuljin,288,warrior,arms,6,3,3
Oxxelfer,tichondrius,288,warrior,arms,6,3,3
Sweetmojito,vashj,288,warrior,arms,6,3,3
Shiromiya,tichondrius,288,warrior,arms,6,3,3
Schlosh,laughing-skull,288,warrior,arms,6,3,3
Smashndspin,sargeras,288,warrior,arms,6,3,3
Tread,mugthol,288,warrior,arms,6,3,3
Richenbach,kelthuzad,288,warrior,arms,6,3,3
Camaeel,stormrage,288,warrior,arms,6,3,3
Iwishiknew,kargath,288,warrior,arms,6,3,3
Catêyês,kelthuzad,288,warrior,arms,6,3,3
Fjswpp,tichondrius,288,warrior,arms,6,3,3
Jutank,sargeras,288,warrior,arms,6,3,3
Retrô,uldum,288,warrior,arms,6,3,3
Edokthong,frostmourne,288,warrior,arms,6,3,3
Kryptïç,moon-guard,288,warrior,arms,6,3,3
Bachyr,stormrage,288,warrior,arms,6,3,3
Runtasticx,tichondrius,288,warrior,arms,6,3,3
Swizzly,tichondrius,288,warrior,arms,6,3,3
Batchat,frostmourne,288,warrior,arms,6,3,3
Leonidas,barthilas,288,warrior,arms,6,3,3
Osselan,moon-guard,288,warrior,arms,6,3,3
Poppacd,stormrage,288,warrior,arms,6,3,3
Awöl,jubeithos,288,warrior,arms,6,3,3
Ogundados,kelthuzad,288,warrior,arms,6,3,3
Warnuk,lightnings-blade,288,warrior,arms,6,3,3
Hopefulki,duskwood,288,warrior,arms,6,3,3
Zemi,sargeras,288,warrior,arms,6,3,3
Ðuffman,jubeithos,288,warrior,arms,6,3,3
Rezorc,stormrage,288,warrior,arms,6,3,3
Shloope,barthilas,288,warrior,arms,6,3,3
Biggieswords,madoran,288,warrior,arms,6,3,3
Ragemelon,icecrown,288,warrior,arms,6,3,3
Telynne,frostmourne,288,warrior,arms,6,3,3
Altron,icecrown,288,warrior,arms,6,3,3
Fyle,stormrage,288,warrior,arms,6,3,3
Reishera,stormrage,288,warrior,arms,6,3,3
Gypsypsycho,stormrage,288,warrior,arms,6,3,3
Trackhawk,moon-guard,288,warrior,arms,6,3,3
Demetrïus,moon-guard,288,warrior,arms,6,3,3
Allmotor,zuljin,288,warrior,arms,6,3,3
Huffzo,tichondrius,288,warrior,arms,6,3,3
Notawar,stormrage,288,warrior,arms,6,3,3
Drugdilla,zuljin,288,warrior,arms,6,3,3
Scanlan,dalvengyr,288,warrior,arms,6,3,3
Ambevsgunnar,tichondrius,288,warrior,arms,6,3,3
Wrèckingball,tichondrius,288,warrior,arms,6,3,3
Boouuaakk,tichondrius,288,warrior,arms,6,3,3
Valperion,frostmourne,288,warrior,arms,6,3,3
Aalrua,moon-guard,288,warrior,arms,6,3,3
Tulnaak,durotan,288,warrior,arms,6,3,3
Hanginaround,zuluhed,288,warrior,arms,6,3,3
Dolph,sargeras,288,warrior,arms,6,3,3
Valför,ysera,288,warrior,arms,6,3,3
Roidråge,area-52,288,warrior,arms,6,3,3
Finnagnome,sargeras,288,warrior,arms,6,3,3
Assmut,stormrage,288,warrior,arms,6,3,3
Imperiial,stormrage,288,warrior,arms,6,3,3
Davien,tichondrius,288,warrior,arms,6,3,3
Ymìr,moon-guard,288,warrior,arms,6,3,3
Poonoxo,gundrak,288,warrior,arms,6,3,3
Yqoos,tichondrius,288,warrior,arms,6,3,3
Spartanfury,tichondrius,288,warrior,arms,6,3,3
Dunsker,stormrage,288,warrior,arms,6,3,3
Cabelas,tichondrius,288,warrior,arms,6,3,3
Siouxfall,area-52,288,warrior,arms,6,3,3
Caalypso,stormrage,288,warrior,arms,6,3,3
Jabakas,tichondrius,288,warrior,arms,6,3,3
Jaens,quelthalas,288,warrior,arms,6,3,3
Vurk,area-52,288,warrior,arms,6,3,3
Topee,area-52,288,warrior,arms,6,3,3
Wrekzor,zuljin,288,warrior,arms,6,3,3
Hytonmi,moon-guard,288,warrior,arms,6,3,3
Kushe,moon-guard,288,warrior,arms,6,3,3
Tinylimbs,frostmourne,288,warrior,arms,6,3,3
Nazakeen,tichondrius,288,warrior,arms,6,3,3
Ibba,khazgoroth,288,warrior,arms,6,3,3
Cheekclapps,tichondrius,288,warrior,arms,6,3,3
Mittyroar,khazgoroth,288,warrior,arms,6,3,3
Faywarsong,area-52,288,warrior,arms,6,3,3
Sauceslinga,frostmourne,288,warrior,arms,6,3,3
Fumzxy,frostmourne,288,warrior,arms,6,3,3
Pummels,area-52,288,warrior,arms,6,3,3
Warreeper,area-52,288,warrior,arms,6,3,3
Flarkin,area-52,288,warrior,arms,6,3,3
Yenør,stormrage,288,warrior,arms,6,3,3
Brayven,area-52,288,warrior,arms,6,3,3
Miarisa,moon-guard,288,warrior,arms,6,3,3
Fregory,moon-guard,288,warrior,arms,6,3,3
Småckêd,sargeras,288,warrior,arms,6,3,3
Krïtzkreig,the-forgotten-coast,288,warrior,arms,6,3,3
Rendron,frostmourne,288,warrior,arms,6,3,3
Balela,sargeras,288,warrior,arms,6,3,3
Akhinoz,area-52,288,warrior,arms,6,3,3
Gorkrog,frostmourne,288,warrior,arms,6,3,3
Temperament,area-52,288,warrior,arms,6,3,3
Exiledwarz,area-52,288,warrior,arms,6,3,3
Cpudemon,undermine,288,warrior,arms,6,3,3
Larosfan,tichondrius,288,warrior,arms,6,3,3
Readytoflee,moon-guard,288,warrior,arms,6,3,3
Aggor,trollbane,288,warrior,arms,6,3,3
Unhealbedam,area-52,288,warrior,arms,6,3,3
Exequet,tichondrius,288,warrior,arms,6,3,3
Magthor,warsong,288,warrior,arms,6,3,3
Rageslayer,area-52,288,warrior,arms,9,4,5
Maldre,stormrage,288,warrior,arms,9,4,5
Metaphoric,stormrage,288,warrior,arms,9,4,5
Oledcktwist,garrosh,288,warrior,arms,7,3,4
Kwelve,proudmoore,288,warrior,arms,7,3,4
Ohdang,dark-iron,288,warrior,arms,8,3,5
Ennia,azralon,288,warrior,arms,9,3,6
Shewar,ragnaros,288,warrior,arms,9,3,6
Akil,ragnaros,288,warrior,arms,15,4,11
Enzothebaker,thrall,288,warrior,arms,12,3,9
Smashyu,fenris,288,warrior,arms,12,3,9
Kaggorax,tichondrius,288,warrior,arms,12,3,9
Ggodmyles,lightbringer,288,warrior,arms,12,3,9
Nektar,aerie-peak,288,warrior,arms,12,3,9
Mansin,tichondrius,288,warrior,arms,12,3,9
Morgithia,suramar,288,warrior,arms,12,3,9
Kintownhero,aegwynn,288,warrior,arms,12,3,9
Valestrike,moon-guard,288,warrior,arms,12,3,9
Geontage,drakkari,288,warrior,arms,12,3,9
Guerreraa,ragnaros,288,warrior,arms,12,3,9
Doomr,tichondrius,288,warrior,arms,12,3,9
Minnysota,area-52,288,warrior,arms,12,3,9
Kigo,azralon,288,warrior,arms,12,3,9
Hozer,tichondrius,288,warrior,arms,12,3,9
Porori,proudmoore,288,warrior,arms,12,3,9
Aralla,area-52,288,warrior,arms,12,3,9
Krunchal,terenas,288,warrior,arms,12,3,9
Eightballerz,barthilas,288,warrior,arms,12,3,9
Xdragonfirex,terenas,288,warrior,arms,12,3,9
Wxxz,tichondrius,288,warrior,arms,12,3,9
Mikeoxgreen,zuljin,288,warrior,arms,12,3,9
Battleboxes,area-52,288,warrior,arms,12,3,9
Grimthad,emerald-dream,288,warrior,arms,12,3,9
Basingsei,area-52,288,warrior,arms,12,3,9
Ggéz,stormrage,288,warrior,arms,12,3,9
Enulimen,daggerspine,288,warrior,arms,12,3,9
Âlecos,ragnaros,288,warrior,arms,12,3,9
Teedubbs,antonidas,288,warrior,arms,12,3,9
Alliancerulz,darrowmere,288,warrior,arms,12,3,9
Luchonamøm,ragnaros,288,warrior,arms,12,3,9
Kregnar,gundrak,288,warrior,arms,12,3,9
Kierto,undermine,288,warrior,arms,12,3,9
Sabini,nemesis,288,warrior,arms,12,3,9
Extremist,nagrand,288,warrior,arms,12,3,9
Kiillwar,smolderthorn,288,warrior,arms,12,3,9
Aræn,sargeras,288,warrior,arms,12,3,9
Hrl,tichondrius,288,warrior,arms,12,3,9
Neltar,nagrand,288,warrior,arms,12,3,9
Äisemberg,quelthalas,288,warrior,arms,12,3,9
Staticego,dalaran,288,warrior,arms,12,3,9
Paxyisbad,tichondrius,288,warrior,arms,12,3,9
Snippy,garona,288,warrior,arms,12,3,9
Erzawälkër,quelthalas,288,warrior,arms,12,3,9
Roadpig,zuljin,288,warrior,arms,12,3,9
Melancalli,thorium-brotherhood,288,warrior,arms,12,3,9
Émerald,kilrogg,288,warrior,arms,12,3,9
Smallraccoon,tichondrius,288,warrior,arms,12,3,9
Kirikash,illidan,288,warrior,arms,12,3,9
Glamen,moon-guard,288,warrior,arms,12,3,9
Phargo,korgath,288,warrior,arms,12,3,9
Zaeyr,tichondrius,288,warrior,arms,12,3,9
Gnomas,destromath,288,warrior,arms,12,3,9
Greenmachine,twisting-nether,288,warrior,arms,12,3,9
Scrubzwarr,barthilas,288,warrior,arms,12,3,9
Dablao,tichondrius,288,warrior,arms,12,3,9
Mesw,illidan,288,warrior,arms,12,3,9
Cönan,thunderhorn,288,warrior,arms,12,3,9
Brütalize,wyrmrest-accord,288,warrior,arms,12,3,9
Kero,malganis,288,warrior,arms,12,3,9
Hellus,tichondrius,288,warrior,arms,12,3,9
Legnar,malganis,288,warrior,arms,12,3,9
Ichil,azshara,288,warrior,arms,12,3,9
Nightwing,bleeding-hollow,288,warrior,arms,12,3,9
Darthfaith,azgalor,288,warrior,arms,12,3,9
Lowdopamine,tichondrius,288,warrior,arms,12,3,9
Fupatwo,moon-guard,288,warrior,arms,12,3,9
Slamspam,the-underbog,288,warrior,arms,13,3,10
Mathilan,moon-guard,288,warrior,arms,18,3,15
Castedien,quelthalas,288,warrior,arms,18,3,15
Dorathorn,azralon,288,warrior,arms,18,3,15
Khallell,illidan,288,warrior,arms,18,3,15
Integrâl,tichondrius,288,warrior,arms,18,3,15
Macbride,blackrock,288,warrior,arms,24,3,21
Saintgeorge,thorium-brotherhood,287,warrior,arms,6,3,3
Magtharas,dunemaul,287,warrior,arms,6,3,3
Smashthings,area-52,287,warrior,arms,6,3,3
Breinan,ragnaros,287,warrior,arms,6,3,3
Yomaaln,blackrock,287,warrior,arms,6,3,3
Noktarr,tichondrius,287,warrior,arms,9,4,5
Brutekush,barthilas,287,warrior,arms,12,3,9
Leosax,drakthul,287,warrior,arms,12,3,9
Dekromm,tol-barad,287,warrior,arms,12,3,9
Clayske,gurubashi,287,warrior,arms,12,3,9
Borgosa,wyrmrest-accord,287,warrior,arms,18,3,15
Morphexo,quelthalas,276,warrior,arms,20,6,14
Zugbrained,zuljin,271,warrior,arms,11,3,8
Vith,bleeding-hollow,271,warrior,arms,11,3,8
Dazanor,moon-guard,271,warrior,arms,11,3,8
Nooy,blackrock,271,warrior,arms,17,3,14
Thorsën,sargeras,256,warrior,arms,8,4,4
Zuckexe,illidan,256,warrior,arms,10,3,7
Enelsita,sargeras,255,warrior,arms,8,4,4
Tánktop,sargeras,255,warrior,arms,8,4,4
Nècroxious,hellscream,255,warrior,arms,11,3,8
Jowesley,azralon,255,warrior,arms,11,3,8
Spicywagyu,tichondrius,255,warrior,arms,11,3,8
Blksquadron,sargeras,253,warrior,arms,12,3,9
Rametep,illidan,240,warrior,arms,9,3,6
Likearock,thrall,239,warrior,arms,5,3,2
Kalphok,tichondrius,239,warrior,arms,5,3,2
Builtdif,zuljin,239,warrior,arms,5,3,2
Omicripto,tichondrius,239,warrior,arms,5,3,2
Hakén,tichondrius,239,warrior,arms,5,3,2
Kholusia,kul-tiras,239,warrior,arms,5,3,2
ßlitzxkreig,tichondrius,239,warrior,arms,5,3,2
Busyguyw,kiljaeden,239,warrior,arms,5,3,2
Benchpress,bleeding-hollow,223,warrior,arms,8,3,5
Snikkles,frostmourne,223,warrior,arms,8,3,5
Nayaqt,tichondrius,223,warrior,arms,8,3,5
Nicked,azralon,223,warrior,arms,14,3,11
Condemnd,area-52,207,warrior,arms,8,3,5
Elyn,tichondrius,192,warrior,arms,4,3,1
Wonderjack,akama,192,warrior,arms,4,3,1
Stormfuhrer,stormrage,192,warrior,arms,4,3,1
Porotitto,drakkari,192,warrior,arms,11,4,7
Arianarkw,sargeras,192,warrior,arms,9,3,6
Berru,bleeding-hollow,192,warrior,arms,9,3,6
Cugino,tichondrius,192,warrior,arms,9,3,6
Hurricán,tichondrius,192,warrior,arms,6,2,4
Anabolicjim,frostmourne,192,warrior,arms,6,2,4
Gangdamn,frostmourne,192,warrior,arms,6,2,4
Superbest,tichondrius,192,warrior,arms,6,2,4
Thiccthôt,frostmourne,192,warrior,arms,6,2,4
Twinktop,tichondrius,192,warrior,arms,6,2,4
Drtbag,tichondrius,192,warrior,arms,6,2,4
Smokingops,frostmourne,192,warrior,arms,6,2,4
Sosaalmigh,tichondrius,192,warrior,arms,6,2,4
Passionjar,bleeding-hollow,192,warrior,arms,6,2,4
Bjorgsen,frostmourne,192,warrior,arms,6,2,4
Swolthelas,tichondrius,192,warrior,arms,6,2,4
Jeffyd,bleeding-hollow,192,warrior,arms,6,2,4
Bearlornan,frostmourne,192,warrior,arms,6,2,4
Saabre,tichondrius,192,warrior,arms,6,2,4
Earnhardt,tichondrius,192,warrior,arms,6,2,4
Soldiër,proudmoore,192,warrior,arms,6,2,4
Deldramor,proudmoore,192,warrior,arms,6,2,4
Yeèzy,stormrage,192,warrior,arms,6,2,4
Icebringer,frostmourne,192,warrior,arms,6,2,4
Bubjones,anvilmar,192,warrior,arms,6,2,4
Annubiis,tichondrius,192,warrior,arms,6,2,4
Alphablade,frostmourne,192,warrior,arms,6,2,4
Æxe,tichondrius,192,warrior,arms,6,2,4
Girei,ghostlands,192,warrior,arms,6,2,4
Hookahmasta,area-52,192,warrior,arms,6,2,4
Burstful,bleeding-hollow,192,warrior,arms,6,2,4
Stavsie,tichondrius,192,warrior,arms,6,2,4
Thiccowman,area-52,192,warrior,arms,6,2,4
Ningz,tichondrius,192,warrior,arms,6,2,4
Hellabandz,bleeding-hollow,192,warrior,arms,6,2,4
Orson,lothar,192,warrior,arms,6,2,4
Deloum,tichondrius,192,warrior,arms,6,2,4
Baynn,frostmourne,192,warrior,arms,6,2,4
Lebs,frostmourne,192,warrior,arms,6,2,4
Guanabacoa,area-52,192,warrior,arms,6,2,4
Àyo,frostmourne,192,warrior,arms,6,2,4
Lhariza,stormrage,192,warrior,arms,6,2,4
Mututu,frostmourne,192,warrior,arms,6,2,4
Creedmor,moon-guard,192,warrior,arms,6,2,4
Negrus,sargeras,192,warrior,arms,6,2,4
Nerffrogues,stormrage,192,warrior,arms,6,2,4
Suavay,executus,192,warrior,arms,6,2,4
Kvnñ,frostmourne,192,warrior,arms,6,2,4
Çampbêll,area-52,192,warrior,arms,6,2,4
Wakkawar,stormrage,192,warrior,arms,6,2,4
Pookythebear,tichondrius,192,warrior,arms,6,2,4
Shiestyzug,tichondrius,192,warrior,arms,6,2,4
Stinkdog,khazgoroth,192,warrior,arms,6,2,4
Tüssèll,khazgoroth,192,warrior,arms,6,2,4
Trenbopanda,tichondrius,192,warrior,arms,6,2,4
Zulex,dathremar,192,warrior,arms,6,2,4
Tmgagexx,tichondrius,192,warrior,arms,6,2,4
Saltycrakerz,area-52,192,warrior,arms,6,2,4
Nordrages,stormrage,192,warrior,arms,6,2,4
Chopmeat,ysera,192,warrior,arms,6,2,4
Maxalyss,stormrage,192,warrior,arms,6,2,4
Verwischen,zuljin,192,warrior,arms,6,2,4
Hbbaboy,nagrand,192,warrior,arms,6,2,4
Chapa,tichondrius,192,warrior,arms,6,2,4
Kostikk,tichondrius,192,warrior,arms,6,2,4
Fugmaface,sargeras,192,warrior,arms,6,2,4
Chrizo,area-52,192,warrior,arms,6,2,4
Jkasdfglkg,tichondrius,192,warrior,arms,6,2,4
Mansaniwis,tichondrius,192,warrior,arms,6,2,4
Tatro,tichondrius,192,warrior,arms,6,2,4
Joelyyonerr,barthilas,192,warrior,arms,6,2,4
Ychazz,stormrage,192,warrior,arms,6,2,4
Chrysion,moon-guard,192,warrior,arms,6,2,4
Revinth,sargeras,192,warrior,arms,6,2,4
Mahknut,moon-guard,192,warrior,arms,6,2,4
Freezyraw,zuljin,192,warrior,arms,6,2,4
Gigglamesh,muradin,192,warrior,arms,6,2,4
Playbox,area-52,192,warrior,arms,6,2,4
Avansys,tichondrius,192,warrior,arms,6,2,4
Minionz,tichondrius,192,warrior,arms,6,2,4
Lazarenthus,stormrage,192,warrior,arms,6,2,4
Oow,barthilas,192,warrior,arms,6,2,4
Wildawar,tichondrius,192,warrior,arms,6,2,4
Fùzzy,zuluhed,192,warrior,arms,6,2,4
Rassius,sargeras,192,warrior,arms,6,2,4
Dahakawar,malganis,192,warrior,arms,6,2,4
Gtrain,barthilas,192,warrior,arms,6,2,4
Wooglinx,stormrage,192,warrior,arms,6,2,4
Scrubwarrior,black-dragonflight,192,warrior,arms,6,2,4
Surge,eredar,192,warrior,arms,6,2,4
Blackzone,lethon,192,warrior,arms,6,2,4
Guroku,tichondrius,192,warrior,arms,6,2,4
Derr,tichondrius,192,warrior,arms,6,2,4
Stormbadge,tichondrius,192,warrior,arms,6,2,4
Vamsx,barthilas,192,warrior,arms,6,2,4
Hawaiianko,guldan,192,warrior,arms,6,2,4
Fealix,moon-guard,192,warrior,arms,6,2,4
Disturbed,velen,192,warrior,arms,6,2,4
Flexo,moon-guard,192,warrior,arms,6,2,4
Bradic,bladefist,192,warrior,arms,6,2,4
Kraff,tichondrius,192,warrior,arms,6,2,4
Airolol,tichondrius,192,warrior,arms,6,2,4
Overlordz,azralon,192,warrior,arms,6,2,4
Tanksbad,lightnings-blade,192,warrior,arms,6,2,4
Lopotron,sargeras,192,warrior,arms,6,2,4
Adonis,burning-blade,192,warrior,arms,6,2,4
Rekshor,wyrmrest-accord,192,warrior,arms,6,2,4
Dalmor,stormrage,192,warrior,arms,6,2,4
Squonks,kelthuzad,192,warrior,arms,6,2,4
ßabybeef,azralon,192,warrior,arms,6,2,4
Noblêsix,dalaran,192,warrior,arms,6,2,4
Shrexecute,tichondrius,192,warrior,arms,6,2,4
Rendus,hyjal,192,warrior,arms,6,2,4
Bogii,area-52,192,warrior,arms,6,2,4
Uldrath,hyjal,192,warrior,arms,6,2,4
Bbyzugga,kelthuzad,192,warrior,arms,6,2,4
Agoge,stormrage,192,warrior,arms,6,2,4
Lgnasty,area-52,192,warrior,arms,6,2,4
Fäey,dalaran,192,warrior,arms,6,2,4
Donni,kelthuzad,192,warrior,arms,6,2,4
Pippysmallz,tichondrius,192,warrior,arms,6,2,4
Hitokïri,stormrage,192,warrior,arms,6,2,4
Kiladrew,korgath,192,warrior,arms,6,2,4
Berserkchow,sargeras,192,warrior,arms,6,2,4
Dreadworld,bleeding-hollow,192,warrior,arms,6,2,4
Tinykong,zuljin,192,warrior,arms,6,2,4
Kuthero,bonechewer,192,warrior,arms,6,2,4
Frankal,aegwynn,192,warrior,arms,6,2,4
Dustiezi,stormrage,192,warrior,arms,6,2,4
Jessicajinn,illidan,192,warrior,arms,6,2,4
Ronipastrami,kelthuzad,192,warrior,arms,6,2,4
Stromkiller,stormrage,192,warrior,arms,6,2,4
Smeshyou,kelthuzad,192,warrior,arms,6,2,4
Moosoka,malorne,192,warrior,arms,6,2,4
Tnknspnk,stormrage,192,warrior,arms,6,2,4
Beilian,quelthalas,192,warrior,arms,6,2,4
Kratøz,tichondrius,192,warrior,arms,6,2,4
Khaellanax,azralon,192,warrior,arms,6,2,4
Daechoochoo,frostwolf,192,warrior,arms,6,2,4
Padregordo,stormrage,192,warrior,arms,6,2,4
Pép,malganis,192,warrior,arms,6,2,4
Berario,garrosh,192,warrior,arms,6,2,4
Flyaf,illidan,192,warrior,arms,6,2,4
Rambð,illidan,192,warrior,arms,6,2,4
Beirdo,aegwynn,192,warrior,arms,6,2,4
Berserkur,daggerspine,192,warrior,arms,6,2,4
Bonetotem,azralon,192,warrior,arms,6,2,4
Braxxinn,tichondrius,192,warrior,arms,6,2,4
Skalvi,moon-guard,192,warrior,arms,6,2,4
Pollere,firetree,192,warrior,arms,6,2,4
Oneeyewille,sargeras,192,warrior,arms,6,2,4
Sylvannlee,tichondrius,192,warrior,arms,6,2,4
Hildibrawn,stormrage,192,warrior,arms,6,2,4
Chuck,zangarmarsh,192,warrior,arms,6,2,4
Tormite,spirestone,192,warrior,arms,6,2,4
Zekken,blades-edge,192,warrior,arms,6,2,4
Eurthx,lightbringer,192,warrior,arms,6,2,4
Digitalfear,malganis,192,warrior,arms,6,2,4
Kvoth,bleeding-hollow,192,warrior,arms,6,2,4
Helminth,kirin-tor,192,warrior,arms,6,2,4
Dodiru,azralon,192,warrior,arms,6,2,4
Valky,sargeras,192,warrior,arms,6,2,4
Slamzftw,stormreaver,192,warrior,arms,6,2,4
Rí,moon-guard,192,warrior,arms,6,2,4
Pisagnòmos,quelthalas,192,warrior,arms,6,2,4
Primørdíal,tichondrius,192,warrior,arms,6,2,4
Titanwarr,malganis,192,warrior,arms,6,2,4
Annihilataur,blackhand,192,warrior,arms,6,2,4
Sypii,malganis,192,warrior,arms,6,2,4
Warcryof,illidan,192,warrior,arms,6,2,4
Iapologiz,illidan,192,warrior,arms,6,2,4
Chura,kiljaeden,192,warrior,arms,6,2,4
Tokushima,illidan,192,warrior,arms,6,2,4
Flakesskillz,darkspear,192,warrior,arms,6,2,4
Risr,illidan,192,warrior,arms,6,2,4
Stebe,thunderlord,192,warrior,arms,6,2,4
Befòx,tichondrius,192,warrior,arms,6,2,4
Danskmand,tichondrius,192,warrior,arms,6,2,4
Tearadis,thunderlord,192,warrior,arms,6,2,4
Dagorine,eredar,192,warrior,arms,6,2,4
Alppha,emerald-dream,192,warrior,arms,6,2,4
Dayafter,queldorei,192,warrior,arms,6,2,4
Tarkvs,ragnaros,192,warrior,arms,6,2,4
Focalabbys,illidan,192,warrior,arms,6,2,4
Corazondleón,ragnaros,192,warrior,arms,6,2,4
Kinaed,durotan,192,warrior,arms,6,2,4
Maleficous,tol-barad,192,warrior,arms,6,2,4
Comic,malganis,192,warrior,arms,6,2,4
Endlesskilla,destromath,192,warrior,arms,6,2,4
Uprisèn,illidan,192,warrior,arms,6,2,4
Immadropyou,malganis,192,warrior,arms,6,2,4
Jírky,ragnaros,192,warrior,arms,6,2,4
Xurug,zuljin,192,warrior,arms,6,2,4
Ggrone,ragnaros,192,warrior,arms,6,2,4
Jéshka,wyrmrest-accord,192,warrior,arms,6,2,4
Deicide,quelthalas,192,warrior,arms,6,2,4
Alitalia,thunderlord,192,warrior,arms,6,2,4
Spaceshuttle,bleeding-hollow,192,warrior,arms,6,2,4
Hellizzy,sargeras,192,warrior,arms,6,2,4
Åmowarr,illidan,192,warrior,arms,6,2,4
Orphenkaos,bleeding-hollow,192,warrior,arms,6,2,4
Negrolas,nemesis,192,warrior,arms,6,2,4
Eravor,quelthalas,192,warrior,arms,6,2,4
Riggs,stonemaul,192,warrior,arms,6,2,4
Aquaknight,tortheldrin,192,warrior,arms,6,2,4
Tyzana,illidan,192,warrior,arms,6,2,4
Troyana,azralon,192,warrior,arms,6,2,4
Draimän,ragnaros,192,warrior,arms,6,2,4
Zerríck,moon-guard,192,warrior,arms,6,2,4
Vegr,queldorei,192,warrior,arms,6,2,4
Pandemonio,burning-legion,192,warrior,arms,6,2,4
Fetalalcohol,illidan,192,warrior,arms,6,2,4
Elegorn,nemesis,192,warrior,arms,6,2,4
Zabutay,quelthalas,192,warrior,arms,6,2,4
Soulmerc,turalyon,192,warrior,arms,6,2,4
Oðín,emerald-dream,192,warrior,arms,6,2,4
Donpepe,sargeras,192,warrior,arms,6,2,4
Kreits,drakkari,192,warrior,arms,6,2,4
Karlsabad,medivh,192,warrior,arms,6,2,4
Gageoddord,kiljaeden,192,warrior,arms,6,2,4
Eleenoor,drakkari,192,warrior,arms,6,2,4
Trouz,ragnaros,192,warrior,arms,6,2,4
Yeicomoon,ragnaros,192,warrior,arms,6,2,4
Papichoppyme,bleeding-hollow,192,warrior,arms,6,2,4
Orcly,kilrogg,192,warrior,arms,6,2,4
Pendrake,proudmoore,192,warrior,arms,6,2,4
Toscö,quelthalas,192,warrior,arms,6,2,4
Arbitraiter,whisperwind,192,warrior,arms,6,2,4
Thresdan,emerald-dream,192,warrior,arms,6,2,4
Xaviorn,illidan,192,warrior,arms,6,2,4
Düde,whisperwind,192,warrior,arms,6,2,4
Taigola,aggramar,192,warrior,arms,6,2,4
Paletona,emerald-dream,192,warrior,arms,6,2,4
Tobiwan,ragnaros,192,warrior,arms,6,2,4
Tonytonychop,chogall,192,warrior,arms,6,2,4
Stellabear,aggramar,192,warrior,arms,6,2,4
Warkaiser,ragnaros,192,warrior,arms,6,2,4
Wl,ragnaros,192,warrior,arms,6,2,4
Lavablood,moon-guard,192,warrior,arms,6,2,4
Bs,kiljaeden,192,warrior,arms,6,2,4
Mongofiera,quelthalas,192,warrior,arms,6,2,4
Obama,chogall,192,warrior,arms,6,2,4
Ralf,emerald-dream,192,warrior,arms,6,2,4
Akaínu,area-52,192,warrior,arms,6,2,4
Gátzú,ragnaros,192,warrior,arms,6,2,4
Mochigome,moon-guard,192,warrior,arms,6,2,4
Brenrainn,thrall,192,warrior,arms,6,2,4
Xtrego,quelthalas,192,warrior,arms,6,2,4
Lokgur,gallywix,192,warrior,arms,6,2,4
Fabszord,nemesis,192,warrior,arms,6,2,4
Hagger,quelthalas,192,warrior,arms,6,2,4
Irondefense,thrall,192,warrior,arms,6,2,4
Armsracê,zuljin,192,warrior,arms,6,2,4
Raldoron,thrall,192,warrior,arms,6,2,4
Ravager,ragnaros,192,warrior,arms,6,2,4
Tnknspnk,magtheridon,192,warrior,arms,6,2,4
Jakelope,proudmoore,192,warrior,arms,6,2,4
Sinenrs,tichondrius,192,warrior,arms,8,2,6
Rexsi,korgath,192,warrior,arms,9,2,7
Xavíerus,tichondrius,192,warrior,arms,9,2,7
Hiddensquids,laughing-skull,192,warrior,arms,11,2,9
Hugezs,tichondrius,192,warrior,arms,12,2,10
Jiva,emerald-dream,192,warrior,arms,12,2,10
Item,nerzhul,192,warrior,arms,12,2,10
Avondwella,undermine,192,warrior,arms,12,2,10
Cleaver,draka,192,warrior,arms,12,2,10
Twoironfist,azralon,192,warrior,arms,12,2,10
Jsl,tichondrius,192,warrior,arms,12,2,10
Gouzizhang,proudmoore,192,warrior,arms,12,2,10
Haruq,tichondrius,192,warrior,arms,12,2,10
Ohhgeekush,proudmoore,192,warrior,arms,12,2,10
Aymadommy,illidan,192,warrior,arms,12,2,10
Kurzix,crushridge,192,warrior,arms,12,2,10
Bronkyaf,hyjal,192,warrior,arms,12,2,10
Mokthar,barthilas,192,warrior,arms,12,2,10
Spårtacus,illidan,192,warrior,arms,12,2,10
Hellswine,barthilas,192,warrior,arms,12,2,10
Arktoast,tichondrius,192,warrior,arms,12,2,10
Arthurston,tichondrius,192,warrior,arms,12,2,10
Shaffer,bleeding-hollow,192,warrior,arms,12,2,10
Léonwow,tichondrius,192,warrior,arms,12,2,10
Loktaromoose,frostmourne,192,warrior,arms,12,2,10
Erwin,kiljaeden,192,warrior,arms,12,2,10
Pennyonebutt,barthilas,192,warrior,arms,12,2,10
Loveliuna,illidan,192,warrior,arms,12,2,10
Strongboii,tichondrius,192,warrior,arms,12,2,10
Jhalakni,quelthalas,192,warrior,arms,12,2,10
Goretooth,moon-guard,192,warrior,arms,12,2,10
Warmachîne,area-52,192,warrior,arms,12,2,10
Annyan,ragnaros,192,warrior,arms,12,2,10
Gambii,moon-guard,192,warrior,arms,12,2,10
Bearyfresh,area-52,192,warrior,arms,12,2,10
Råging,area-52,192,warrior,arms,12,2,10
Zaxxry,malganis,192,warrior,arms,12,2,10
Alvitr,kelthuzad,192,warrior,arms,12,2,10
Lawlstørm,stormrage,192,warrior,arms,12,2,10
Falcmore,stormrage,192,warrior,arms,12,2,10
Connero,stormrage,192,warrior,arms,12,2,10
Lawyer,quelthalas,192,warrior,arms,12,2,10
Brutaltruth,dragonmaw,192,warrior,arms,12,2,10
Gornal,sargeras,192,warrior,arms,12,2,10
Ragekilla,silvermoon,192,warrior,arms,12,2,10
Warhoofz,malganis,192,warrior,arms,12,2,10
Bigwarrior,stonemaul,192,warrior,arms,13,2,11
Fallensoul,nazjatar,192,warrior,arms,14,2,12
Schecterguy,stormrage,192,warrior,arms,14,2,12
Krátös,farstriders,191,warrior,arms,6,2,4
Blackkcow,zuljin,191,warrior,arms,6,2,4
Deathhit,barthilas,191,warrior,arms,6,2,4
Hazell,gundrak,191,warrior,arms,6,2,4
Edrelang,bronzebeard,191,warrior,arms,6,2,4
Bunedau,azgalor,191,warrior,arms,12,2,10
Berserko,gurubashi,175,warrior,arms,9,4,5
Hornsolo,archimonde,175,warrior,arms,11,2,9
Hemmy,kilrogg,175,warrior,arms,11,2,9
Ybsorc,kelthuzad,160,warrior,arms,10,2,8
Gontore,thrall,159,warrior,arms,5,2,3
Swordblood,ragnaros,159,warrior,arms,5,2,3
Wyerlyn,illidan,159,warrior,arms,5,2,3
Notoriousmmà,illidan,159,warrior,arms,5,2,3
Rutroo,kelthuzad,159,warrior,arms,5,2,3
Kellsbro,hyjal,159,warrior,arms,5,2,3
Vapyr,moon-guard,159,warrior,arms,5,2,3
Sheerwill,wyrmrest-accord,159,warrior,arms,8,3,5
Eatscrayons,barthilas,159,warrior,arms,11,2,9
Czartacus,dalaran,144,warrior,arms,3,3,0
Liftedgainz,stormreaver,144,warrior,arms,3,3,0
Chawboks,sargeras,144,warrior,arms,9,2,7
Fatbarstard,jubeithos,138,warrior,arms,16,3,13
Scottie,cairne,136,warrior,arms,7,3,4
Stunahh,bleeding-hollow,128,warrior,arms,4,2,2
Nosors,kelthuzad,128,warrior,arms,4,2,2
Clarityw,illidan,128,warrior,arms,4,2,2
Rageface,illidan,128,warrior,arms,4,2,2
Captnplague,mugthol,128,warrior,arms,5,2,3
Eatmyblade,wyrmrest-accord,128,warrior,arms,10,2,8
Suhwoosh,bleeding-hollow,105,warrior,arms,16,5,11
Ryuulion,proudmoore,96,warrior,arms,3,2,1
Kevs,sargeras,96,warrior,arms,3,2,1
Shoresy,korgath,96,warrior,arms,3,2,1
Biggieth,sargeras,96,warrior,arms,9,2,7
Galaxywar,stormrage,96,warrior,arms,6,1,5
Rambovix,tichondrius,96,warrior,arms,6,1,5
Droggo,cenarius,96,warrior,arms,6,1,5
Cursedogre,tichondrius,96,warrior,arms,6,1,5
Bootysmelly,mannoroth,96,warrior,arms,6,1,5
Abaton,wyrmrest-accord,96,warrior,arms,6,1,5
Thiccsmith,blackrock,96,warrior,arms,6,1,5
Pyraei,nordrassil,96,warrior,arms,6,1,5
Arkenon,drakkari,96,warrior,arms,6,1,5
Beenbag,aerie-peak,96,warrior,arms,6,1,5
Ghostierip,illidan,96,warrior,arms,6,1,5
Facekilla,nordrassil,96,warrior,arms,6,1,5
Brujas,blackrock,96,warrior,arms,6,1,5
Slöppyjoe,blackrock,96,warrior,arms,6,1,5
Meleth,darkspear,96,warrior,arms,6,1,5
Glonzito,tichondrius,96,warrior,arms,6,1,5
Wienertoes,tichondrius,96,warrior,arms,6,1,5
Jazz,frostwolf,96,warrior,arms,6,1,5
Glurg,illidan,96,warrior,arms,6,1,5
Joetempest,azralon,96,warrior,arms,6,1,5
Klobnslob,mannoroth,96,warrior,arms,6,1,5
Uub,malganis,96,warrior,arms,6,1,5
Skärz,azshara,96,warrior,arms,6,1,5
Shelbyqt,azralon,96,warrior,arms,6,1,5
Ivadell,stormrage,96,warrior,arms,6,1,5
Nibones,malganis,96,warrior,arms,6,1,5
Warbomb,thrall,96,warrior,arms,6,1,5
Noctrelor,sargeras,96,warrior,arms,6,1,5
Hergo,spirestone,96,warrior,arms,6,1,5
Warrmachine,scarlet-crusade,96,warrior,arms,6,1,5
Berawar,tichondrius,96,warrior,arms,6,1,5
Horahloux,ragnaros,96,warrior,arms,6,1,5
Heyzulnut,whisperwind,96,warrior,arms,6,1,5
Hadrum,turalyon,96,warrior,arms,6,1,5
Gromhell,azralon,96,warrior,arms,6,1,5
Warsung,azgalor,96,warrior,arms,6,1,5
Kboyrage,sargeras,96,warrior,arms,6,1,5
Jennatolls,boulderfist,96,warrior,arms,6,1,5
Razgorkul,illidan,96,warrior,arms,6,1,5
Darkromel,quelthalas,96,warrior,arms,6,1,5
Didgeridoo,stormrage,96,warrior,arms,6,1,5
Grosjambes,turalyon,96,warrior,arms,6,1,5
Wàrrðèémzý,frostmourne,96,warrior,arms,6,1,5
Jimhoffa,bonechewer,96,warrior,arms,6,1,5
Kåyotix,proudmoore,96,warrior,arms,6,1,5
Jimpepega,quelthalas,96,warrior,arms,6,1,5
Shagstrike,azralon,96,warrior,arms,6,1,5
Okgotchax,kelthuzad,96,warrior,arms,6,1,5
Soughloe,illidan,96,warrior,arms,6,1,5
Däger,ragnaros,96,warrior,arms,6,1,5
Goywarr,illidan,96,warrior,arms,6,1,5
Einoch,stormrage,96,warrior,arms,6,1,5
Blitzkrieegz,drakkari,96,warrior,arms,6,1,5
Gärroshh,ragnaros,96,warrior,arms,6,1,5
Doriax,sentinels,96,warrior,arms,6,1,5
Olavson,proudmoore,96,warrior,arms,6,1,5
Cainne,proudmoore,96,warrior,arms,6,1,5
Airwick,kelthuzad,96,warrior,arms,6,1,5
Chubw,tichondrius,96,warrior,arms,6,1,5
Sweetlove,akama,96,warrior,arms,6,1,5
Sver,dalaran,96,warrior,arms,6,1,5
Keynlor,antonidas,96,warrior,arms,6,1,5
Mezw,tichondrius,96,warrior,arms,6,1,5
Blazeblade,cenarius,96,warrior,arms,6,1,5
Smoogzz,tichondrius,96,warrior,arms,6,1,5
Kargan,thrall,96,warrior,arms,6,1,5
Nicrose,hyjal,96,warrior,arms,6,1,5
Gordurin,akama,96,warrior,arms,6,1,5
Mikachero,ragnaros,96,warrior,arms,6,1,5
Nukefrmorbit,dalaran,96,warrior,arms,6,1,5
Aotha,moon-guard,96,warrior,arms,6,1,5
Edariana,dalaran,96,warrior,arms,6,1,5
Dogmar,moon-guard,96,warrior,arms,6,1,5
Dezeran,tichondrius,96,warrior,arms,6,1,5
Xeno,steamwheedle-cartel,96,warrior,arms,6,1,5
Funsize,dalaran,96,warrior,arms,6,1,5
Notacop,malygos,96,warrior,arms,6,1,5
Genesisblade,illidan,96,warrior,arms,6,1,5
Elodié,stormrage,96,warrior,arms,6,1,5
Erhue,sargeras,96,warrior,arms,6,1,5
Immortal,icecrown,96,warrior,arms,6,1,5
Zépileque,azralon,96,warrior,arms,6,1,5
Draann,kirin-tor,96,warrior,arms,6,1,5
Beastro,rexxar,96,warrior,arms,6,1,5
Shuffle,velen,96,warrior,arms,6,1,5
Kado,zuluhed,96,warrior,arms,6,1,5
Regax,thrall,96,warrior,arms,6,1,5
Hellamoist,tichondrius,96,warrior,arms,6,1,5
Targha,tichondrius,96,warrior,arms,6,1,5
Nyaner,quelthalas,96,warrior,arms,6,1,5
Tfd,tichondrius,96,warrior,arms,6,1,5
Bhuppzz,barthilas,96,warrior,arms,6,1,5
Wäkko,stormrage,96,warrior,arms,6,1,5
Tangö,barthilas,96,warrior,arms,6,1,5
Soymong,frostmourne,96,warrior,arms,6,1,5
Durseyturm,area-52,96,warrior,arms,6,1,5
Flexxinpapi,exodar,96,warrior,arms,6,1,5
Fréäkk,ragnaros,96,warrior,arms,6,1,5
Nelfmoehawk,barthilas,96,warrior,arms,6,1,5
Cindabotica,sargeras,96,warrior,arms,6,1,5
Roxesc,area-52,96,warrior,arms,6,1,5
Braygar,barthilas,96,warrior,arms,6,1,5
Mortalbtw,tichondrius,96,warrior,arms,6,1,5
Jpiece,tichondrius,96,warrior,arms,6,1,5
Shadowswar,tichondrius,96,warrior,arms,6,1,5
Felwariorkig,tichondrius,96,warrior,arms,6,1,5
Meytuglin,stormrage,96,warrior,arms,6,1,5
Ghaladir,area-52,96,warrior,arms,6,1,5
Codey,stormrage,96,warrior,arms,6,1,5
Wartrué,tichondrius,96,warrior,arms,6,1,5
Lifaen,zangarmarsh,96,warrior,arms,6,1,5
Silverdeadl,ragnaros,96,warrior,arms,6,1,5
Warstun,tichondrius,96,warrior,arms,6,1,5
Brigandier,shattered-hand,96,warrior,arms,6,1,5
Bobisyourmom,tichondrius,96,warrior,arms,6,1,5
Kevinersaa,frostmourne,96,warrior,arms,6,1,5
Faintswar,stormrage,96,warrior,arms,6,1,5
Rarityw,tichondrius,96,warrior,arms,6,1,5
Yongvi,tichondrius,96,warrior,arms,6,1,5
Betsisword,stormrage,96,warrior,arms,6,1,5
Solsirrior,tichondrius,96,warrior,arms,6,1,5
Vhagaar,emerald-dream,96,warrior,arms,6,1,5
Xalë,tichondrius,96,warrior,arms,6,1,5
Rage,tanaris,96,warrior,arms,6,1,5
Lildam,sargeras,96,warrior,arms,6,1,5
Talunus,tichondrius,96,warrior,arms,6,1,5
Odiiragda,sargeras,96,warrior,arms,6,1,5
Atomicboxer,tichondrius,96,warrior,arms,6,1,5
Blacken,tichondrius,96,warrior,arms,6,1,5
Morotak,area-52,96,warrior,arms,6,1,5
Maxtavius,baelgun,96,warrior,arms,6,1,5
Sosaw,moon-guard,96,warrior,arms,6,1,5
Áres,spinebreaker,96,warrior,arms,6,1,5
Racsorr,ragnaros,96,warrior,arms,6,1,5
Bestgrunt,tichondrius,96,warrior,arms,6,1,5
Dikesrus,tichondrius,96,warrior,arms,6,1,5
Paveyourcave,sargeras,96,warrior,arms,6,1,5
Deathislovê,moonrunner,96,warrior,arms,6,1,5
Striphex,trollbane,96,warrior,arms,6,1,5
Dragginball,garrosh,96,warrior,arms,6,1,5
Wolurog,emerald-dream,96,warrior,arms,6,1,5
Morlu,alleria,96,warrior,arms,6,1,5
Aidenwr,area-52,96,warrior,arms,6,1,5
Rogswar,sargeras,96,warrior,arms,6,1,5
Släughter,zuljin,96,warrior,arms,6,1,5
Fidelwar,bleeding-hollow,96,warrior,arms,6,1,5
Luckstang,zuljin,96,warrior,arms,6,1,5
Akoro,bleeding-hollow,96,warrior,arms,6,1,5
Ästen,kargath,96,warrior,arms,6,1,5
Vitalocity,frostmourne,96,warrior,arms,6,1,5
Weechubber,bleeding-hollow,96,warrior,arms,6,1,5
Zørg,bleeding-hollow,96,warrior,arms,6,1,5
Angryorc,norgannon,96,warrior,arms,6,1,5
Myc,zuljin,96,warrior,arms,6,1,5
Dokoba,bleeding-hollow,96,warrior,arms,6,1,5
Orcboic,area-52,96,warrior,arms,6,1,5
Larrybiscuit,moon-guard,96,warrior,arms,6,1,5
Selockclap,bleeding-hollow,96,warrior,arms,6,1,5
Icé,bleeding-hollow,96,warrior,arms,6,1,5
Cloudsmash,arthas,96,warrior,arms,6,1,5
Tgnomeless,gilneas,96,warrior,arms,6,1,5
Adav,arthas,96,warrior,arms,6,1,5
Äléx,frostmourne,96,warrior,arms,7,1,6
Sangettsu,stormrage,96,warrior,arms,8,1,7
Maat,blood-furnace,96,warrior,arms,8,1,7
Ruinsteel,area-52,96,warrior,arms,8,1,7
Ogrimir,moon-guard,96,warrior,arms,9,1,8
Meelehard,zuljin,96,warrior,arms,12,1,11
Odyssey,vashj,96,warrior,arms,12,1,11
Hazzak,quelthalas,96,warrior,arms,12,1,11
Tyronê,moon-guard,96,warrior,arms,12,1,11
Morkep,stormrage,96,warrior,arms,12,1,11
Bigbouba,jubeithos,96,warrior,arms,12,1,11
Cartou,stormscale,96,warrior,arms,12,1,11
Wmuuzh,quelthalas,96,warrior,arms,12,1,11
Drarn,norgannon,96,warrior,arms,12,1,11
Honoriowar,nemesis,96,warrior,arms,12,1,11
Berzerk,dentarg,96,warrior,arms,12,1,11
Baozz,frostmourne,96,warrior,arms,12,1,11
Njalulfhild,korgath,96,warrior,arms,12,1,11
Falkur,amanthul,96,warrior,arms,12,1,11
Babyfelix,tichondrius,96,warrior,arms,12,1,11
Bushwook,emerald-dream,96,warrior,arms,12,1,11
Psykd,arathor,79,warrior,arms,5,1,4
Stackws,tichondrius,79,warrior,arms,5,1,4
Rokmok,frostmane,79,warrior,arms,5,1,4
Roxon,hellscream,79,warrior,arms,5,1,4
Savagetko,illidan,79,warrior,arms,5,1,4
Naindejardin,sargeras,79,warrior,arms,5,1,4
Keringan,stormrage,79,warrior,arms,5,1,4
Hexenwolf,moon-guard,79,warrior,arms,5,1,4
Smashpatatas,proudmoore,64,warrior,arms,4,1,3
Garrossh,thunderhorn,64,warrior,arms,4,1,3
Sniperbeer,sargeras,64,warrior,arms,4,1,3
Boorabill,stormrage,63,warrior,arms,2,2,0
Kothal,thrall,63,warrior,arms,2,2,0
Anvil,bronzebeard,63,warrior,arms,2,2,0
Mauboro,azralon,48,warrior,arms,3,1,2
Åcé,ragnaros,48,warrior,arms,3,1,2
Critnectar,aggramar,48,warrior,arms,3,1,2
Foldrak,quelthalas,48,warrior,arms,3,1,2
Haveya,ghostlands,48,warrior,arms,3,1,2
Thewarrior,tichondrius,48,warrior,arms,3,1,2
Warriorba,tichondrius,48,warrior,arms,3,1,2
Boyarde,tichondrius,48,warrior,arms,3,1,2
Rumka,draktharon,42,warrior,arms,6,2,4
Reignwolf,azralon,42,warrior,arms,7,2,5
Ghostkin,ragnaros,42,warrior,arms,7,2,5
Trôca,ragnaros,42,warrior,arms,8,2,6
Mantiflash,stormrage,31,warrior,arms,2,1,1
Flus,zuljin,31,warrior,arms,2,1,1
Billy,area-52,31,warrior,arms,2,1,1
Flandiz,sargeras,31,warrior,arms,2,1,1
Hexmaul,zuljin,31,warrior,arms,2,1,1
Goodidea,mannoroth,16,warrior,arms,1,1,0
Shwutty,stormrage,16,warrior,arms,1,1,0
Americanbull,moon-guard,1399,warrior,protection,80,41,39
Percaderp,barthilas,1242,warrior,protection,33,18,15
Graventhal,tichondrius,1192,warrior,protection,53,25,28
Thororan,whisperwind,845,warrior,protection,27,10,17
Appolyonn,hyjal,836,warrior,protection,43,17,26
Logan,twisting-nether,705,warrior,protection,44,12,32
Nansitao,kelthuzad,668,warrior,protection,24,7,17
Smelldrglove,frostmourne,592,warrior,protection,25,9,16
Ghostoffury,thrall,574,warrior,protection,12,6,6
Meadier,windrunner,566,warrior,protection,12,6,6
Archaòn,frostmourne,473,warrior,protection,12,5,7
Stophitingme,bloodscalp,469,warrior,protection,18,5,13
Ksubîî,frostmourne,448,warrior,protection,16,5,11
Dabdaddyy,dawnbringer,384,warrior,protection,6,4,2
Kidkolby,moon-guard,384,warrior,protection,12,4,8
Rhuk,drakkari,383,warrior,protection,24,4,20
Manthraxx,sargeras,288,warrior,protection,6,3,3
Chàrr,crushridge,288,warrior,protection,15,4,11
Zatu,moknathal,285,warrior,protection,12,3,9
Toothnnailz,destromath,284,warrior,protection,12,3,9
Tåra,area-52,256,warrior,protection,22,3,19
Lagurtz,ragnaros,192,warrior,protection,6,2,4
Executespam,madoran,192,warrior,protection,6,2,4
Loonycity,arygos,192,warrior,protection,12,2,10
Littlefatman,terokkar,192,warrior,protection,12,2,10
Strongtongue,malganis,192,warrior,protection,12,2,10
Fearless,moon-guard,96,warrior,protection,6,1,5
Lunusx,stormrage,96,warrior,protection,6,1,5
Varith,sargeras,96,warrior,protection,12,1,11
Piojowar,quelthalas,95,warrior,protection,6,1,5
Jindyn,boulderfist,95,warrior,protection,6,1,5
Stowdace,bladefist,89,warrior,protection,10,5,5
Axiyum,tichondrius,79,warrior,protection,5,1,4
Juicey,burning-blade,31,warrior,protection,2,1,1
