realm,rating,cls,spec,play,win,lose
bleeding-hollow,1523,deathknight,blood,60,31,29
bleeding-hollow,956,deathknight,blood,24,10,14
eredar,670,deathknight,blood,12,7,5
malganis,575,deathknight,blood,12,6,6
area-52,384,deathknight,blood,6,4,2
moon-guard,288,deathknight,blood,12,3,9
illidan,2105,deathknight,unholy,98,53,45
tichondrius,2041,deathknight,unholy,78,41,37
moon-guard,1974,deathknight,unholy,113,54,59
kelthuzad,1972,deathknight,unholy,108,56,52
tichondrius,1960,deathknight,unholy,57,33,24
malganis,1957,deathknight,unholy,92,44,48
the-scryers,1927,deathknight,unholy,77,45,32
area-52,1920,deathknight,unholy,83,40,43
sargeras,1918,deathknight,unholy,108,49,59
malganis,1912,deathknight,unholy,72,41,31
illidan,1903,deathknight,unholy,73,35,38
area-52,1890,deathknight,unholy,59,28,31
malganis,1879,deathknight,unholy,84,42,42
kargath,1859,deathknight,unholy,75,47,28
area-52,1859,deathknight,unholy,55,30,25
sargeras,1854,deathknight,unholy,78,33,45
frostmourne,1852,deathknight,unholy,156,87,69
black-dragonflight,1851,deathknight,unholy,48,31,17
ragnaros,1827,deathknight,unholy,42,21,21
stormrage,1820,deathknight,unholy,59,31,28
tichondrius,1820,deathknight,unholy,58,27,31
malganis,1816,deathknight,unholy,56,27,29
ragnaros,1813,deathknight,unholy,42,20,22
area-52,1812,deathknight,unholy,66,32,34
tichondrius,1807,deathknight,unholy,59,35,24
tichondrius,1806,deathknight,unholy,48,25,23
ragnaros,1803,deathknight,unholy,66,29,37
proudmoore,1800,deathknight,unholy,37,20,17
firetree,1790,deathknight,unholy,61,33,28
emerald-dream,1784,deathknight,unholy,56,28,28
tichondrius,1781,deathknight,unholy,60,29,31
tichondrius,1779,deathknight,unholy,35,27,8
bleeding-hollow,1756,deathknight,unholy,66,29,37
tichondrius,1751,deathknight,unholy,48,26,22
stormrage,1739,deathknight,unholy,57,30,27
doomhammer,1734,deathknight,unholy,66,33,33
maiev,1721,deathknight,unholy,95,48,47
azralon,1707,deathknight,unholy,75,36,39
jubeithos,1705,deathknight,unholy,45,26,19
frostmourne,1694,deathknight,unholy,72,38,34
ragnaros,1694,deathknight,unholy,54,27,27
ragnaros,1687,deathknight,unholy,30,19,11
azralon,1678,deathknight,unholy,40,21,19
malganis,1667,deathknight,unholy,42,23,19
drakkari,1663,deathknight,unholy,42,22,20
sargeras,1650,deathknight,unholy,60,31,29
azralon,1645,deathknight,unholy,36,22,14
tichondrius,1644,deathknight,unholy,45,24,21
gorefiend,1631,deathknight,unholy,48,23,25
emerald-dream,1629,deathknight,unholy,54,30,24
ysera,1629,deathknight,unholy,65,35,30
bonechewer,1627,deathknight,unholy,29,20,9
barthilas,1626,deathknight,unholy,39,20,19
thrall,1625,deathknight,unholy,71,39,32
garona,1618,deathknight,unholy,64,33,31
wyrmrest-accord,1607,deathknight,unholy,52,27,25
area-52,1606,deathknight,unholy,54,21,33
barthilas,1605,deathknight,unholy,83,40,43
perenolde,1605,deathknight,unholy,59,23,36
azralon,1601,deathknight,unholy,90,54,36
quelthalas,1581,deathknight,unholy,36,19,17
proudmoore,1578,deathknight,unholy,45,22,23
stormrage,1573,deathknight,unholy,40,20,20
proudmoore,1571,deathknight,unholy,48,22,26
illidan,1564,deathknight,unholy,47,25,22
daggerspine,1563,deathknight,unholy,30,17,13
proudmoore,1550,deathknight,unholy,90,43,47
azralon,1544,deathknight,unholy,65,32,33
moon-guard,1541,deathknight,unholy,42,21,21
illidan,1530,deathknight,unholy,24,16,8
ragnaros,1521,deathknight,unholy,33,17,16
moon-guard,1517,deathknight,unholy,30,16,14
maiev,1517,deathknight,unholy,65,23,42
bleeding-hollow,1514,deathknight,unholy,65,35,30
illidan,1509,deathknight,unholy,97,52,45
sargeras,1507,deathknight,unholy,30,17,13
lightnings-blade,1507,deathknight,unholy,36,16,20
tichondrius,1502,deathknight,unholy,43,18,25
quelthalas,1495,deathknight,unholy,72,30,42
malganis,1481,deathknight,unholy,108,55,53
kelthuzad,1476,deathknight,unholy,41,16,25
illidan,1464,deathknight,unholy,42,19,23
stormrage,1454,deathknight,unholy,42,28,14
tichondrius,1454,deathknight,unholy,60,33,27
shattered-hand,1453,deathknight,unholy,62,33,29
blackhand,1451,deathknight,unholy,85,52,33
the-venture-co,1449,deathknight,unholy,42,23,19
tichondrius,1447,deathknight,unholy,36,21,15
moonrunner,1444,deathknight,unholy,33,18,15
sargeras,1439,deathknight,unholy,33,17,16
cenarion-circle,1432,deathknight,unholy,24,15,9
tichondrius,1428,deathknight,unholy,24,15,9
malganis,1425,deathknight,unholy,30,15,15
sargeras,1415,deathknight,unholy,30,15,15
dalaran,1410,deathknight,unholy,99,53,46
moon-guard,1406,deathknight,unholy,65,31,34
proudmoore,1405,deathknight,unholy,54,25,29
kelthuzad,1402,deathknight,unholy,43,16,27
borean-tundra,1395,deathknight,unholy,66,30,36
area-52,1392,deathknight,unholy,30,15,15
kelthuzad,1390,deathknight,unholy,30,15,15
ghostlands,1380,deathknight,unholy,50,26,24
illidan,1374,deathknight,unholy,24,16,8
moon-guard,1371,deathknight,unholy,78,42,36
tichondrius,1366,deathknight,unholy,42,16,26
frostmourne,1359,deathknight,unholy,33,16,17
quelthalas,1357,deathknight,unholy,61,28,33
blackrock,1349,deathknight,unholy,45,24,21
tichondrius,1341,deathknight,unholy,24,14,10
steamwheedle-cartel,1340,deathknight,unholy,30,14,16
ragnaros,1333,deathknight,unholy,51,31,20
shandris,1330,deathknight,unholy,36,18,18
sargeras,1323,deathknight,unholy,45,17,28
dalaran,1321,deathknight,unholy,30,15,15
zuljin,1321,deathknight,unholy,30,14,16
hyjal,1316,deathknight,unholy,30,17,13
firetree,1303,deathknight,unholy,30,16,14
frostwolf,1302,deathknight,unholy,36,14,22
moon-guard,1288,deathknight,unholy,38,17,21
sargeras,1277,deathknight,unholy,26,14,12
kelthuzad,1273,deathknight,unholy,60,35,25
gorefiend,1262,deathknight,unholy,41,17,24
misha,1258,deathknight,unholy,48,25,23
bleeding-hollow,1251,deathknight,unholy,23,14,9
tichondrius,1248,deathknight,unholy,24,13,11
azralon,1246,deathknight,unholy,24,13,11
moon-guard,1246,deathknight,unholy,39,21,18
tichondrius,1246,deathknight,unholy,30,13,17
tichondrius,1240,deathknight,unholy,36,13,23
tichondrius,1239,deathknight,unholy,24,14,10
bleeding-hollow,1234,deathknight,unholy,30,13,17
malganis,1223,deathknight,unholy,36,19,17
dalaran,1222,deathknight,unholy,30,13,17
sargeras,1221,deathknight,unholy,48,21,27
azralon,1182,deathknight,unholy,23,13,10
ragnaros,1169,deathknight,unholy,24,13,11
arthas,1167,deathknight,unholy,28,13,15
tichondrius,1152,deathknight,unholy,24,12,12
quelthalas,1151,deathknight,unholy,25,12,13
zuljin,1150,deathknight,unholy,18,12,6
tichondrius,1150,deathknight,unholy,24,12,12
borean-tundra,1149,deathknight,unholy,24,12,12
illidan,1144,deathknight,unholy,18,12,6
ragnaros,1143,deathknight,unholy,18,12,6
thrall,1142,deathknight,unholy,18,12,6
anvilmar,1140,deathknight,unholy,24,12,12
doomhammer,1136,deathknight,unholy,38,18,20
emerald-dream,1117,deathknight,unholy,24,13,11
malganis,1105,deathknight,unholy,29,12,17
zuljin,1103,deathknight,unholy,32,17,15
tichondrius,1087,deathknight,unholy,34,12,22
aegwynn,1086,deathknight,unholy,26,12,14
tichondrius,1056,deathknight,unholy,18,11,7
gorgonnash,1056,deathknight,unholy,33,16,17
tichondrius,1056,deathknight,unholy,30,11,19
sargeras,1055,deathknight,unholy,18,11,7
frostmourne,1055,deathknight,unholy,24,11,13
tichondrius,1055,deathknight,unholy,24,11,13
tichondrius,1055,deathknight,unholy,30,11,19
area-52,1054,deathknight,unholy,18,11,7
tichondrius,1053,deathknight,unholy,18,11,7
stormreaver,1053,deathknight,unholy,24,11,13
ragnaros,1052,deathknight,unholy,18,11,7
shadowmoon,1051,deathknight,unholy,30,11,19
shadowmoon,1049,deathknight,unholy,18,11,7
wyrmrest-accord,1041,deathknight,unholy,24,11,13
nemesis,1039,deathknight,unholy,24,11,13
arthas,1034,deathknight,unholy,23,12,11
moon-guard,1031,deathknight,unholy,30,11,19
caelestrasz,1027,deathknight,unholy,54,17,37
sargeras,1025,deathknight,unholy,20,11,9
hyjal,1009,deathknight,unholy,18,12,6
azjolnerub,963,deathknight,unholy,55,20,35
stormrage,960,deathknight,unholy,18,10,8
illidan,959,deathknight,unholy,12,10,2
tichondrius,959,deathknight,unholy,24,10,14
darrowmere,958,deathknight,unholy,18,10,8
area-52,957,deathknight,unholy,24,10,14
garrosh,956,deathknight,unholy,24,10,14
nemesis,951,deathknight,unholy,23,11,12
eredar,947,deathknight,unholy,18,10,8
darrowmere,913,deathknight,unholy,18,11,7
ragnaros,907,deathknight,unholy,17,10,7
tichondrius,895,deathknight,unholy,17,10,7
bleeding-hollow,885,deathknight,unholy,26,10,16
tichondrius,864,deathknight,unholy,12,9,3
tichondrius,864,deathknight,unholy,12,9,3
illidan,864,deathknight,unholy,12,9,3
tichondrius,864,deathknight,unholy,18,9,9
area-52,864,deathknight,unholy,18,9,9
tichondrius,864,deathknight,unholy,18,9,9
area-52,864,deathknight,unholy,24,9,15
aggramar,863,deathknight,unholy,18,9,9
skullcrusher,862,deathknight,unholy,18,9,9
ragnaros,862,deathknight,unholy,24,9,15
sargeras,861,deathknight,unholy,12,9,3
sargeras,861,deathknight,unholy,18,9,9
malganis,860,deathknight,unholy,12,9,3
kalecgos,859,deathknight,unholy,19,9,10
aerie-peak,856,deathknight,unholy,24,9,15
zuljin,854,deathknight,unholy,12,9,3
eredar,854,deathknight,unholy,18,9,9
ragnaros,853,deathknight,unholy,22,10,12
grizzly-hills,831,deathknight,unholy,17,9,8
tichondrius,793,deathknight,unholy,14,9,5
sargeras,781,deathknight,unholy,13,9,4
illidan,768,deathknight,unholy,12,8,4
illidan,768,deathknight,unholy,15,9,6
thrall,768,deathknight,unholy,15,9,6
area-52,768,deathknight,unholy,18,8,10
tichondrius,768,deathknight,unholy,18,8,10
azralon,768,deathknight,unholy,18,8,10
area-52,768,deathknight,unholy,24,8,16
tichondrius,768,deathknight,unholy,24,8,16
stormrage,768,deathknight,unholy,24,8,16
tichondrius,768,deathknight,unholy,24,8,16
malganis,767,deathknight,unholy,12,8,4
quelthalas,767,deathknight,unholy,18,8,10
norgannon,766,deathknight,unholy,18,8,10
saurfang,765,deathknight,unholy,12,8,4
thrall,735,deathknight,unholy,17,8,9
tichondrius,735,deathknight,unholy,17,8,9
area-52,735,deathknight,unholy,17,8,9
twisting-nether,719,deathknight,unholy,17,8,9
ragnaros,718,deathknight,unholy,15,8,7
sargeras,703,deathknight,unholy,16,8,8
tichondrius,700,deathknight,unholy,14,8,6
frostmourne,672,deathknight,unholy,12,7,5
bleeding-hollow,672,deathknight,unholy,12,7,5
gilneas,672,deathknight,unholy,12,7,5
blades-edge,672,deathknight,unholy,12,7,5
tichondrius,672,deathknight,unholy,12,7,5
emerald-dream,672,deathknight,unholy,12,7,5
ravenholdt,672,deathknight,unholy,12,7,5
sargeras,672,deathknight,unholy,14,7,7
nagrand,672,deathknight,unholy,18,7,11
tichondrius,672,deathknight,unholy,18,7,11
tichondrius,672,deathknight,unholy,18,7,11
tichondrius,672,deathknight,unholy,18,7,11
stormrage,672,deathknight,unholy,18,7,11
dalaran,672,deathknight,unholy,18,7,11
area-52,672,deathknight,unholy,24,7,17
stormrage,672,deathknight,unholy,24,7,17
illidan,672,deathknight,unholy,24,7,17
zuljin,671,deathknight,unholy,12,7,5
archimonde,671,deathknight,unholy,18,7,11
quelthalas,671,deathknight,unholy,18,7,11
tichondrius,669,deathknight,unholy,12,7,5
frostmourne,669,deathknight,unholy,12,7,5
illidan,666,deathknight,unholy,21,8,13
tichondrius,639,deathknight,unholy,11,7,4
ragnaros,639,deathknight,unholy,17,7,10
kelthuzad,623,deathknight,unholy,11,7,4
moon-guard,607,deathknight,unholy,11,7,4
bleeding-hollow,576,deathknight,unholy,6,6,0
bleeding-hollow,576,deathknight,unholy,6,6,0
tichondrius,576,deathknight,unholy,12,6,6
ragnaros,576,deathknight,unholy,12,6,6
ragnaros,576,deathknight,unholy,12,6,6
tichondrius,576,deathknight,unholy,12,6,6
malganis,576,deathknight,unholy,12,6,6
emerald-dream,576,deathknight,unholy,12,6,6
area-52,576,deathknight,unholy,12,6,6
arthas,576,deathknight,unholy,12,6,6
tichondrius,576,deathknight,unholy,12,6,6
ysera,576,deathknight,unholy,12,6,6
area-52,576,deathknight,unholy,12,6,6
proudmoore,576,deathknight,unholy,12,6,6
caelestrasz,576,deathknight,unholy,12,6,6
destromath,576,deathknight,unholy,12,6,6
the-venture-co,576,deathknight,unholy,12,6,6
blackrock,576,deathknight,unholy,12,6,6
zuljin,576,deathknight,unholy,12,6,6
kelthuzad,576,deathknight,unholy,18,6,12
ragnaros,576,deathknight,unholy,18,6,12
thrall,576,deathknight,unholy,18,6,12
tichondrius,576,deathknight,unholy,18,6,12
zuljin,576,deathknight,unholy,18,6,12
area-52,576,deathknight,unholy,18,6,12
area-52,576,deathknight,unholy,18,6,12
azralon,575,deathknight,unholy,12,6,6
executus,575,deathknight,unholy,12,6,6
tichondrius,575,deathknight,unholy,12,6,6
uther,575,deathknight,unholy,12,6,6
area-52,575,deathknight,unholy,15,7,8
darkspear,574,deathknight,unholy,18,6,12
bonechewer,572,deathknight,unholy,12,6,6
barthilas,558,deathknight,unholy,13,7,6
tichondrius,544,deathknight,unholy,10,7,3
area-52,543,deathknight,unholy,11,6,5
area-52,527,deathknight,unholy,11,6,5
illidan,522,deathknight,unholy,20,7,13
tichondrius,522,deathknight,unholy,22,7,15
vashj,480,deathknight,unholy,6,5,1
kelthuzad,480,deathknight,unholy,6,5,1
shandris,480,deathknight,unholy,6,5,1
doomhammer,480,deathknight,unholy,6,5,1
barthilas,480,deathknight,unholy,6,5,1
illidan,480,deathknight,unholy,12,5,7
stormrage,480,deathknight,unholy,12,5,7
illidan,480,deathknight,unholy,12,5,7
stormrage,480,deathknight,unholy,12,5,7
sargeras,480,deathknight,unholy,12,5,7
tichondrius,480,deathknight,unholy,12,5,7
ragnaros,480,deathknight,unholy,12,5,7
kiljaeden,480,deathknight,unholy,12,5,7
turalyon,480,deathknight,unholy,12,5,7
stormrage,480,deathknight,unholy,12,5,7
turalyon,480,deathknight,unholy,12,5,7
aerie-peak,480,deathknight,unholy,12,5,7
frostmourne,480,deathknight,unholy,12,5,7
elune,480,deathknight,unholy,12,5,7
chogall,480,deathknight,unholy,12,5,7
illidan,480,deathknight,unholy,12,5,7
tichondrius,480,deathknight,unholy,18,5,13
sargeras,480,deathknight,unholy,18,5,13
bonechewer,480,deathknight,unholy,18,5,13
thunderlord,480,deathknight,unholy,18,5,13
proudmoore,480,deathknight,unholy,24,5,19
akama,479,deathknight,unholy,12,5,7
queldorei,479,deathknight,unholy,12,5,7
malganis,479,deathknight,unholy,12,5,7
kiljaeden,479,deathknight,unholy,12,5,7
tichondrius,479,deathknight,unholy,12,5,7
burning-legion,472,deathknight,unholy,12,5,7
bleeding-hollow,463,deathknight,unholy,17,5,12
ysera,432,deathknight,unholy,9,6,3
malganis,431,deathknight,unholy,11,5,6
tichondrius,416,deathknight,unholy,10,5,5
eitrigg,416,deathknight,unholy,10,5,5
illidan,415,deathknight,unholy,8,5,3
muradin,412,deathknight,unholy,8,5,3
echo-isles,399,deathknight,unholy,5,5,0
tichondrius,384,deathknight,unholy,6,4,2
sargeras,384,deathknight,unholy,6,4,2
tichondrius,384,deathknight,unholy,6,4,2
burning-legion,384,deathknight,unholy,6,4,2
tichondrius,384,deathknight,unholy,6,4,2
illidan,384,deathknight,unholy,6,4,2
malganis,384,deathknight,unholy,6,4,2
moon-guard,384,deathknight,unholy,6,4,2
area-52,384,deathknight,unholy,6,4,2
tichondrius,384,deathknight,unholy,6,4,2
illidan,384,deathknight,unholy,6,4,2
zuljin,384,deathknight,unholy,6,4,2
illidan,384,deathknight,unholy,6,4,2
stormscale,384,deathknight,unholy,6,4,2
illidan,384,deathknight,unholy,8,5,3
tichondrius,384,deathknight,unholy,7,4,3
dathremar,384,deathknight,unholy,12,4,8
darkspear,384,deathknight,unholy,12,4,8
malfurion,384,deathknight,unholy,12,4,8
barthilas,384,deathknight,unholy,12,4,8
crushridge,384,deathknight,unholy,12,4,8
sargeras,384,deathknight,unholy,12,4,8
proudmoore,384,deathknight,unholy,12,4,8
whisperwind,384,deathknight,unholy,12,4,8
malganis,384,deathknight,unholy,12,4,8
thunderlord,384,deathknight,unholy,12,4,8
proudmoore,384,deathknight,unholy,12,4,8
frostmourne,384,deathknight,unholy,12,4,8
nemesis,384,deathknight,unholy,12,4,8
quelthalas,384,deathknight,unholy,12,4,8
trollbane,383,deathknight,unholy,6,4,2
sargeras,383,deathknight,unholy,12,4,8
zuljin,382,deathknight,unholy,10,6,4
dentarg,379,deathknight,unholy,12,4,8
saurfang,330,deathknight,unholy,17,7,10
tichondrius,330,deathknight,unholy,15,6,9
area-52,304,deathknight,unholy,7,4,3
dragonmaw,288,deathknight,unholy,8,4,4
tichondrius,288,deathknight,unholy,6,3,3
stormrage,288,deathknight,unholy,6,3,3
tichondrius,288,deathknight,unholy,6,3,3
tichondrius,288,deathknight,unholy,6,3,3
tichondrius,288,deathknight,unholy,6,3,3
kelthuzad,288,deathknight,unholy,6,3,3
zuluhed,288,deathknight,unholy,6,3,3
moon-guard,288,deathknight,unholy,6,3,3
thunderlord,288,deathknight,unholy,6,3,3
tichondrius,288,deathknight,unholy,6,3,3
tichondrius,288,deathknight,unholy,6,3,3
area-52,288,deathknight,unholy,6,3,3
nazjatar,288,deathknight,unholy,6,3,3
blood-furnace,288,deathknight,unholy,6,3,3
shattered-hand,288,deathknight,unholy,6,3,3
chogall,288,deathknight,unholy,6,3,3
twisting-nether,288,deathknight,unholy,6,3,3
kelthuzad,288,deathknight,unholy,6,3,3
bleeding-hollow,288,deathknight,unholy,6,3,3
stormrage,288,deathknight,unholy,6,3,3
sargeras,288,deathknight,unholy,6,3,3
moon-guard,288,deathknight,unholy,6,3,3
sargeras,288,deathknight,unholy,6,3,3
tichondrius,288,deathknight,unholy,6,3,3
tichondrius,288,deathknight,unholy,6,3,3
sargeras,288,deathknight,unholy,6,3,3
azralon,288,deathknight,unholy,6,3,3
hyjal,288,deathknight,unholy,6,3,3
area-52,288,deathknight,unholy,6,3,3
tichondrius,288,deathknight,unholy,6,3,3
tichondrius,288,deathknight,unholy,6,3,3
tichondrius,288,deathknight,unholy,6,3,3
stormrage,288,deathknight,unholy,6,3,3
kiljaeden,288,deathknight,unholy,6,3,3
burning-blade,288,deathknight,unholy,6,3,3
kiljaeden,288,deathknight,unholy,6,3,3
kiljaeden,288,deathknight,unholy,6,3,3
ragnaros,288,deathknight,unholy,6,3,3
illidan,288,deathknight,unholy,6,3,3
nemesis,288,deathknight,unholy,6,3,3
nemesis,288,deathknight,unholy,6,3,3
dalaran,288,deathknight,unholy,6,3,3
illidan,288,deathknight,unholy,6,3,3
illidan,288,deathknight,unholy,6,3,3
illidan,288,deathknight,unholy,6,3,3
stormrage,288,deathknight,unholy,12,3,9
malganis,288,deathknight,unholy,12,3,9
barthilas,288,deathknight,unholy,12,3,9
kiljaeden,288,deathknight,unholy,12,3,9
drakkari,288,deathknight,unholy,12,3,9
gorefiend,288,deathknight,unholy,12,3,9
bleeding-hollow,288,deathknight,unholy,12,3,9
moon-guard,288,deathknight,unholy,12,3,9
stormrage,287,deathknight,unholy,9,3,6
ysera,286,deathknight,unholy,6,3,3
ragnaros,192,deathknight,unholy,4,3,1
area-52,192,deathknight,unholy,9,4,5
ghostlands,192,deathknight,unholy,6,2,4
elune,192,deathknight,unholy,6,2,4
chogall,192,deathknight,unholy,6,2,4
bleeding-hollow,192,deathknight,unholy,6,2,4
area-52,192,deathknight,unholy,6,2,4
bleeding-hollow,192,deathknight,unholy,6,2,4
area-52,192,deathknight,unholy,6,2,4
malganis,192,deathknight,unholy,6,2,4
stormrage,192,deathknight,unholy,6,2,4
stormrage,192,deathknight,unholy,6,2,4
zuljin,192,deathknight,unholy,6,2,4
nemesis,192,deathknight,unholy,6,2,4
aggramar,192,deathknight,unholy,6,2,4
proudmoore,192,deathknight,unholy,6,2,4
ragnaros,192,deathknight,unholy,6,2,4
goldrinn,192,deathknight,unholy,6,2,4
dreadmaul,192,deathknight,unholy,6,2,4
moon-guard,192,deathknight,unholy,6,2,4
tichondrius,192,deathknight,unholy,6,2,4
tichondrius,192,deathknight,unholy,6,2,4
tichondrius,192,deathknight,unholy,6,2,4
ragnaros,192,deathknight,unholy,6,2,4
barthilas,192,deathknight,unholy,6,2,4
emerald-dream,192,deathknight,unholy,6,2,4
garithos,192,deathknight,unholy,6,2,4
tichondrius,192,deathknight,unholy,6,2,4
proudmoore,192,deathknight,unholy,6,2,4
hyjal,192,deathknight,unholy,6,2,4
sargeras,192,deathknight,unholy,6,2,4
sargeras,192,deathknight,unholy,6,2,4
sargeras,192,deathknight,unholy,12,2,10
muradin,192,deathknight,unholy,12,2,10
stormrage,192,deathknight,unholy,12,2,10
zuljin,192,deathknight,unholy,13,2,11
quelthalas,191,deathknight,unholy,6,4,2
illidan,191,deathknight,unholy,6,2,4
emerald-dream,159,deathknight,unholy,5,2,3
quelthalas,128,deathknight,unholy,4,2,2
nemesis,96,deathknight,unholy,6,1,5
thrall,96,deathknight,unholy,6,1,5
sargeras,96,deathknight,unholy,6,1,5
dalaran,96,deathknight,unholy,6,1,5
deathwing,96,deathknight,unholy,6,1,5
tichondrius,96,deathknight,unholy,6,1,5
zuljin,96,deathknight,unholy,6,1,5
illidan,96,deathknight,unholy,6,1,5
wyrmrest-accord,96,deathknight,unholy,6,1,5
zuljin,96,deathknight,unholy,6,1,5
quelthalas,96,deathknight,unholy,6,1,5
thaurissan,96,deathknight,unholy,6,1,5
tichondrius,96,deathknight,unholy,6,1,5
tichondrius,96,deathknight,unholy,6,1,5
tichondrius,96,deathknight,unholy,6,1,5
ragnaros,96,deathknight,unholy,6,1,5
emerald-dream,96,deathknight,unholy,6,1,5
ragnaros,96,deathknight,unholy,6,1,5
frostmourne,96,deathknight,unholy,6,1,5
frostmourne,96,deathknight,unholy,6,1,5
jubeithos,95,deathknight,unholy,6,1,5
stormreaver,79,deathknight,unholy,5,1,4
barthilas,79,deathknight,unholy,5,1,4
stormrage,63,deathknight,unholy,2,2,0
darrowmere,42,deathknight,unholy,8,2,6
dathremar,31,deathknight,unholy,2,1,1
area-52,2172,deathknight,frost,109,57,52
destromath,1787,deathknight,frost,50,28,22
malganis,1775,deathknight,frost,63,36,27
quelthalas,1703,deathknight,frost,88,41,47
hyjal,1698,deathknight,frost,52,26,26
quelthalas,1522,deathknight,frost,42,25,17
dathremar,1520,deathknight,frost,57,30,27
malganis,1456,deathknight,frost,66,36,30
moon-guard,1405,deathknight,frost,72,37,35
nemesis,1379,deathknight,frost,78,40,38
tichondrius,1372,deathknight,frost,42,19,23
dalaran,1372,deathknight,frost,36,16,20
azralon,1354,deathknight,frost,39,17,22
stormrage,1354,deathknight,frost,48,20,28
tichondrius,1350,deathknight,frost,39,25,14
malganis,1302,deathknight,frost,36,17,19
quelthalas,1264,deathknight,frost,36,15,21
frostmourne,1256,deathknight,frost,21,18,3
tichondrius,1202,deathknight,frost,24,15,9
illidan,1190,deathknight,frost,21,14,7
quelthalas,1157,deathknight,frost,54,27,27
tichondrius,1151,deathknight,frost,24,12,12
illidan,1145,deathknight,frost,18,13,5
nemesis,1140,deathknight,frost,41,23,18
veknilash,1110,deathknight,frost,36,16,20
sargeras,1076,deathknight,frost,52,28,24
sargeras,1066,deathknight,frost,22,12,10
dalaran,960,deathknight,frost,24,10,14
stormrage,957,deathknight,frost,18,10,8
nemesis,947,deathknight,frost,12,10,2
barthilas,882,deathknight,frost,34,16,18
ragnaros,864,deathknight,frost,12,9,3
proudmoore,864,deathknight,frost,18,9,9
gorefiend,861,deathknight,frost,18,9,9
blood-furnace,844,deathknight,frost,12,9,3
emerald-dream,767,deathknight,frost,12,8,4
wyrmrest-accord,766,deathknight,frost,12,8,4
moon-guard,762,deathknight,frost,12,8,4
tichondrius,751,deathknight,frost,17,8,9
illidan,727,deathknight,frost,21,8,13
zuljin,688,deathknight,frost,21,10,11
onyxia,672,deathknight,frost,12,7,5
moon-guard,672,deathknight,frost,12,7,5
nemesis,672,deathknight,frost,12,7,5
illidan,672,deathknight,frost,12,7,5
deathwing,672,deathknight,frost,12,7,5
illidan,672,deathknight,frost,18,7,11
azralon,671,deathknight,frost,12,7,5
kelthuzad,671,deathknight,frost,18,7,11
ragnaros,668,deathknight,frost,24,7,17
moon-guard,665,deathknight,frost,18,7,11
illidan,576,deathknight,frost,6,6,0
lightbringer,576,deathknight,frost,12,6,6
wyrmrest-accord,576,deathknight,frost,12,6,6
tichondrius,576,deathknight,frost,12,6,6
tichondrius,576,deathknight,frost,12,6,6
zuljin,576,deathknight,frost,12,6,6
quelthalas,576,deathknight,frost,12,6,6
sargeras,576,deathknight,frost,18,6,12
stormrage,576,deathknight,frost,18,6,12
blackhand,575,deathknight,frost,12,6,6
wildhammer,569,deathknight,frost,12,6,6
tichondrius,522,deathknight,frost,22,8,14
moon-guard,511,deathknight,frost,20,6,14
frostmourne,496,deathknight,frost,13,6,7
vashj,480,deathknight,frost,6,5,1
azjolnerub,480,deathknight,frost,6,5,1
perenolde,480,deathknight,frost,6,5,1
wyrmrest-accord,480,deathknight,frost,12,5,7
chogall,480,deathknight,frost,12,5,7
emerald-dream,480,deathknight,frost,12,5,7
quelthalas,480,deathknight,frost,12,5,7
kelthuzad,480,deathknight,frost,12,5,7
sargeras,480,deathknight,frost,12,5,7
zuljin,480,deathknight,frost,12,5,7
lothar,480,deathknight,frost,12,5,7
tichondrius,480,deathknight,frost,12,5,7
zuljin,480,deathknight,frost,18,5,13
illidan,480,deathknight,frost,18,5,13
stormrage,479,deathknight,frost,6,5,1
daggerspine,431,deathknight,frost,11,5,6
windrunner,403,deathknight,frost,18,6,12
tichondrius,384,deathknight,frost,6,4,2
elune,384,deathknight,frost,6,4,2
stormrage,384,deathknight,frost,6,4,2
nemesis,384,deathknight,frost,6,4,2
ragnaros,384,deathknight,frost,6,4,2
tichondrius,384,deathknight,frost,12,4,8
barthilas,384,deathknight,frost,12,4,8
tichondrius,384,deathknight,frost,12,4,8
sargeras,384,deathknight,frost,12,4,8
darkspear,383,deathknight,frost,6,4,2
wyrmrest-accord,350,deathknight,frost,20,5,15
illidan,288,deathknight,frost,6,3,3
stormrage,288,deathknight,frost,6,3,3
tichondrius,288,deathknight,frost,6,3,3
gallywix,288,deathknight,frost,6,3,3
illidan,288,deathknight,frost,6,3,3
nesingwary,288,deathknight,frost,6,3,3
doomhammer,288,deathknight,frost,6,3,3
ragnaros,288,deathknight,frost,6,3,3
area-52,288,deathknight,frost,6,3,3
barthilas,288,deathknight,frost,6,3,3
ragnaros,288,deathknight,frost,6,3,3
quelthalas,288,deathknight,frost,6,3,3
barthilas,288,deathknight,frost,6,3,3
runetotem,288,deathknight,frost,6,3,3
hyjal,288,deathknight,frost,10,4,6
nemesis,288,deathknight,frost,12,3,9
ravencrest,287,deathknight,frost,12,3,9
stormrage,239,deathknight,frost,5,3,2
thaurissan,208,deathknight,frost,13,3,10
ragnaros,192,deathknight,frost,9,3,6
azralon,192,deathknight,frost,6,2,4
sargeras,192,deathknight,frost,6,2,4
bonechewer,192,deathknight,frost,6,2,4
frostmourne,192,deathknight,frost,6,2,4
illidan,192,deathknight,frost,6,2,4
boulderfist,192,deathknight,frost,6,2,4
ragnaros,191,deathknight,frost,6,2,4
maiev,191,deathknight,frost,6,2,4
amanthul,191,deathknight,frost,8,2,6
dalvengyr,159,deathknight,frost,5,2,3
moon-guard,127,deathknight,frost,8,2,6
illidan,96,deathknight,frost,3,2,1
proudmoore,96,deathknight,frost,3,2,1
emerald-dream,96,deathknight,frost,6,1,5
wyrmrest-accord,96,deathknight,frost,6,1,5
bleeding-hollow,96,deathknight,frost,6,1,5
frostmourne,96,deathknight,frost,6,1,5
garithos,96,deathknight,frost,6,1,5
stormrage,96,deathknight,frost,6,1,5
kelthuzad,96,deathknight,frost,6,1,5
ragnaros,96,deathknight,frost,6,1,5
destromath,48,deathknight,frost,3,1,2
aggramar,31,deathknight,frost,2,1,1
sargeras,2106,demonhunter,havoc,78,42,36
sargeras,2102,demonhunter,havoc,115,62,53
tichondrius,2051,demonhunter,havoc,72,37,35
tichondrius,1999,demonhunter,havoc,107,51,56
tichondrius,1972,demonhunter,havoc,66,37,29
tichondrius,1931,demonhunter,havoc,78,35,43
area-52,1899,demonhunter,havoc,54,32,22
tichondrius,1875,demonhunter,havoc,54,32,22
tichondrius,1872,demonhunter,havoc,42,20,22
eldrethalas,1867,demonhunter,havoc,69,35,34
hydraxis,1861,demonhunter,havoc,72,38,34
moon-guard,1847,demonhunter,havoc,58,32,26
malganis,1845,demonhunter,havoc,60,31,29
wyrmrest-accord,1842,demonhunter,havoc,47,24,23
malganis,1841,demonhunter,havoc,60,33,27
area-52,1840,demonhunter,havoc,72,31,41
tichondrius,1839,demonhunter,havoc,47,29,18
frostmourne,1837,demonhunter,havoc,82,37,45
ragnaros,1831,demonhunter,havoc,64,33,31
dalaran,1820,demonhunter,havoc,61,32,29
aggramar,1820,demonhunter,havoc,48,22,26
nesingwary,1813,demonhunter,havoc,54,25,29
azralon,1812,demonhunter,havoc,86,54,32
malganis,1812,demonhunter,havoc,36,19,17
aegwynn,1810,demonhunter,havoc,94,48,46
illidan,1809,demonhunter,havoc,66,30,36
wyrmrest-accord,1808,demonhunter,havoc,36,22,14
wyrmrest-accord,1805,demonhunter,havoc,85,49,36
terenas,1804,demonhunter,havoc,50,30,20
nemesis,1801,demonhunter,havoc,69,35,34
black-dragonflight,1800,demonhunter,havoc,38,20,18
tichondrius,1773,demonhunter,havoc,42,19,23
azgalor,1764,demonhunter,havoc,66,33,33
malganis,1739,demonhunter,havoc,42,22,20
barthilas,1731,demonhunter,havoc,47,25,22
illidan,1731,demonhunter,havoc,54,26,28
sargeras,1725,demonhunter,havoc,91,52,39
exodar,1721,demonhunter,havoc,50,34,16
lightnings-blade,1720,demonhunter,havoc,55,29,26
sargeras,1716,demonhunter,havoc,48,29,19
nemesis,1714,demonhunter,havoc,38,22,16
tichondrius,1712,demonhunter,havoc,66,31,35
azralon,1707,demonhunter,havoc,47,23,24
sargeras,1703,demonhunter,havoc,54,34,20
moon-guard,1691,demonhunter,havoc,41,26,15
tichondrius,1681,demonhunter,havoc,42,20,22
kirin-tor,1679,demonhunter,havoc,64,35,29
area-52,1678,demonhunter,havoc,54,34,20
tichondrius,1678,demonhunter,havoc,129,66,63
stormrage,1670,demonhunter,havoc,36,20,16
tichondrius,1670,demonhunter,havoc,42,21,21
firetree,1665,demonhunter,havoc,42,23,19
area-52,1664,demonhunter,havoc,36,25,11
thrall,1653,demonhunter,havoc,59,32,27
malganis,1634,demonhunter,havoc,64,41,23
dalaran,1624,demonhunter,havoc,48,29,19
stormrage,1621,demonhunter,havoc,48,19,29
wyrmrest-accord,1620,demonhunter,havoc,30,20,10
malygos,1605,demonhunter,havoc,32,17,15
malganis,1604,demonhunter,havoc,54,31,23
illidan,1602,demonhunter,havoc,54,19,35
tichondrius,1600,demonhunter,havoc,42,19,23
hyjal,1596,demonhunter,havoc,48,23,25
tichondrius,1590,demonhunter,havoc,55,30,25
zuljin,1589,demonhunter,havoc,42,19,23
balnazzar,1580,demonhunter,havoc,42,18,24
burning-blade,1549,demonhunter,havoc,35,20,15
barthilas,1541,demonhunter,havoc,54,23,31
tichondrius,1533,demonhunter,havoc,30,16,14
illidan,1532,demonhunter,havoc,36,16,20
area-52,1516,demonhunter,havoc,24,16,8
tichondrius,1513,demonhunter,havoc,34,17,17
area-52,1510,demonhunter,havoc,35,18,17
gilneas,1482,demonhunter,havoc,42,24,18
dalaran,1470,demonhunter,havoc,30,17,13
tichondrius,1470,demonhunter,havoc,35,17,18
tichondrius,1462,demonhunter,havoc,30,16,14
barthilas,1459,demonhunter,havoc,48,31,17
ragnaros,1457,demonhunter,havoc,42,16,26
burning-legion,1449,demonhunter,havoc,36,19,17
frostwolf,1442,demonhunter,havoc,36,19,17
ragnaros,1439,demonhunter,havoc,72,40,32
area-52,1438,demonhunter,havoc,24,15,9
azralon,1438,demonhunter,havoc,82,43,39
kelthuzad,1438,demonhunter,havoc,60,27,33
quelthalas,1435,demonhunter,havoc,24,17,7
tichondrius,1435,demonhunter,havoc,24,15,9
quelthalas,1435,demonhunter,havoc,30,15,15
sargeras,1427,demonhunter,havoc,42,21,21
tichondrius,1425,demonhunter,havoc,24,15,9
saurfang,1419,demonhunter,havoc,41,18,23
sargeras,1415,demonhunter,havoc,22,16,6
thunderlord,1389,demonhunter,havoc,86,39,47
tichondrius,1387,demonhunter,havoc,42,27,15
stormrage,1385,demonhunter,havoc,66,30,36
silvermoon,1375,demonhunter,havoc,63,30,33
azralon,1372,demonhunter,havoc,48,30,18
emerald-dream,1361,demonhunter,havoc,53,27,26
tichondrius,1358,demonhunter,havoc,53,26,27
area-52,1354,demonhunter,havoc,102,56,46
frostmourne,1353,demonhunter,havoc,35,19,16
tichondrius,1350,demonhunter,havoc,24,15,9
magtheridon,1345,demonhunter,havoc,24,16,8
stormrage,1344,demonhunter,havoc,69,37,32
bleeding-hollow,1342,demonhunter,havoc,24,14,10
area-52,1340,demonhunter,havoc,24,14,10
sargeras,1340,demonhunter,havoc,24,14,10
durotan,1340,demonhunter,havoc,36,14,22
tichondrius,1339,demonhunter,havoc,24,16,8
jubeithos,1335,demonhunter,havoc,78,42,36
ragnaros,1334,demonhunter,havoc,36,14,22
stormrage,1307,demonhunter,havoc,36,18,18
cairne,1306,demonhunter,havoc,29,14,15
tichondrius,1302,demonhunter,havoc,48,25,23
jubeithos,1300,demonhunter,havoc,42,15,27
rivendare,1286,demonhunter,havoc,36,14,22
thrall,1278,demonhunter,havoc,52,29,23
tichondrius,1271,demonhunter,havoc,48,21,27
tichondrius,1246,demonhunter,havoc,24,13,11
stormrage,1244,demonhunter,havoc,30,13,17
wyrmrest-accord,1242,demonhunter,havoc,24,13,11
sargeras,1242,demonhunter,havoc,24,13,11
proudmoore,1242,demonhunter,havoc,30,13,17
bleeding-hollow,1239,demonhunter,havoc,30,13,17
malganis,1239,demonhunter,havoc,36,13,23
haomarush,1235,demonhunter,havoc,30,15,15
frostmourne,1233,demonhunter,havoc,34,16,18
frostmourne,1230,demonhunter,havoc,30,13,17
malganis,1229,demonhunter,havoc,38,22,16
azralon,1228,demonhunter,havoc,18,13,5
sargeras,1219,demonhunter,havoc,30,13,17
malfurion,1214,demonhunter,havoc,24,13,11
stormscale,1198,demonhunter,havoc,23,13,10
stormrage,1194,demonhunter,havoc,53,32,21
emerald-dream,1186,demonhunter,havoc,31,15,16
illidan,1184,demonhunter,havoc,30,14,16
area-52,1182,demonhunter,havoc,23,13,10
durotan,1179,demonhunter,havoc,23,13,10
barthilas,1170,demonhunter,havoc,59,30,29
wyrmrest-accord,1162,demonhunter,havoc,37,13,24
silvermoon,1151,demonhunter,havoc,24,12,12
bleeding-hollow,1151,demonhunter,havoc,30,12,18
area-52,1148,demonhunter,havoc,24,12,12
nordrassil,1145,demonhunter,havoc,18,12,6
malganis,1145,demonhunter,havoc,24,12,12
malganis,1142,demonhunter,havoc,24,12,12
quelthalas,1142,demonhunter,havoc,33,12,21
illidan,1138,demonhunter,havoc,18,12,6
area-52,1138,demonhunter,havoc,30,12,18
area-52,1136,demonhunter,havoc,25,12,13
malganis,1126,demonhunter,havoc,24,16,8
frostmourne,1125,demonhunter,havoc,78,32,46
wildhammer,1083,demonhunter,havoc,36,20,16
bloodscalp,1076,demonhunter,havoc,36,15,21
area-52,1056,demonhunter,havoc,18,11,7
quelthalas,1056,demonhunter,havoc,24,11,13
tichondrius,1056,demonhunter,havoc,30,11,19
tanaris,1055,demonhunter,havoc,18,11,7
stormrage,1054,demonhunter,havoc,30,11,19
moonrunner,1052,demonhunter,havoc,24,11,13
gilneas,1052,demonhunter,havoc,30,11,19
duskwood,1051,demonhunter,havoc,18,11,7
azralon,1051,demonhunter,havoc,24,11,13
illidan,1050,demonhunter,havoc,24,11,13
zuljin,1049,demonhunter,havoc,18,11,7
wyrmrest-accord,1046,demonhunter,havoc,30,11,19
illidan,1044,demonhunter,havoc,36,19,17
eldrethalas,1026,demonhunter,havoc,18,11,7
stormscale,1021,demonhunter,havoc,23,13,10
zuljin,1021,demonhunter,havoc,26,12,14
tichondrius,1007,demonhunter,havoc,23,11,12
bleeding-hollow,1007,demonhunter,havoc,42,20,22
bleeding-hollow,1006,demonhunter,havoc,17,11,6
stormrage,998,demonhunter,havoc,30,12,18
sargeras,993,demonhunter,havoc,18,11,7
frostmourne,991,demonhunter,havoc,24,12,12
tichondrius,991,demonhunter,havoc,26,11,15
dalaran,991,demonhunter,havoc,41,11,30
moon-guard,981,demonhunter,havoc,24,14,10
thrall,963,demonhunter,havoc,24,15,9
tichondrius,960,demonhunter,havoc,18,10,8
dalaran,960,demonhunter,havoc,18,10,8
quelthalas,959,demonhunter,havoc,18,10,8
malganis,959,demonhunter,havoc,24,10,14
stormrage,959,demonhunter,havoc,24,10,14
stormrage,958,demonhunter,havoc,21,13,8
malganis,958,demonhunter,havoc,18,10,8
tichondrius,958,demonhunter,havoc,18,10,8
tichondrius,956,demonhunter,havoc,12,10,2
frostmourne,956,demonhunter,havoc,18,10,8
barthilas,954,demonhunter,havoc,24,10,14
thrall,946,demonhunter,havoc,26,14,12
frostmane,924,demonhunter,havoc,22,10,12
azralon,920,demonhunter,havoc,30,10,20
bleeding-hollow,919,demonhunter,havoc,26,11,15
frostmourne,911,demonhunter,havoc,17,10,7
illidan,880,demonhunter,havoc,25,10,15
barthilas,864,demonhunter,havoc,12,9,3
barthilas,864,demonhunter,havoc,12,9,3
kelthuzad,864,demonhunter,havoc,12,9,3
frostmourne,864,demonhunter,havoc,18,9,9
tichondrius,864,demonhunter,havoc,18,9,9
area-52,864,demonhunter,havoc,18,9,9
aegwynn,864,demonhunter,havoc,21,10,11
tichondrius,864,demonhunter,havoc,24,9,15
tichondrius,863,demonhunter,havoc,15,10,5
dalvengyr,863,demonhunter,havoc,18,9,9
tichondrius,863,demonhunter,havoc,18,9,9
tichondrius,863,demonhunter,havoc,18,9,9
dalaran,860,demonhunter,havoc,12,9,3
stormrage,859,demonhunter,havoc,24,9,15
barthilas,855,demonhunter,havoc,12,9,3
bleeding-hollow,854,demonhunter,havoc,24,9,15
tichondrius,853,demonhunter,havoc,24,9,15
stormrage,852,demonhunter,havoc,18,9,9
nagrand,846,demonhunter,havoc,87,37,50
dragonblight,790,demonhunter,havoc,14,9,5
moon-guard,775,demonhunter,havoc,15,10,5
tichondrius,768,demonhunter,havoc,12,8,4
thunderhorn,768,demonhunter,havoc,12,8,4
malganis,768,demonhunter,havoc,12,8,4
illidan,768,demonhunter,havoc,12,8,4
tichondrius,768,demonhunter,havoc,12,8,4
sargeras,768,demonhunter,havoc,12,8,4
frostmourne,768,demonhunter,havoc,12,8,4
sargeras,768,demonhunter,havoc,12,8,4
sargeras,768,demonhunter,havoc,13,8,5
tichondrius,768,demonhunter,havoc,15,9,6
azralon,768,demonhunter,havoc,23,12,11
arthas,768,demonhunter,havoc,18,8,10
ragnaros,768,demonhunter,havoc,18,8,10
emerald-dream,768,demonhunter,havoc,18,8,10
illidan,768,demonhunter,havoc,18,8,10
malganis,768,demonhunter,havoc,18,8,10
malganis,767,demonhunter,havoc,12,8,4
blackrock,767,demonhunter,havoc,12,8,4
tichondrius,767,demonhunter,havoc,12,8,4
illidan,767,demonhunter,havoc,12,8,4
sargeras,767,demonhunter,havoc,12,8,4
darkspear,767,demonhunter,havoc,15,9,6
thrall,767,demonhunter,havoc,18,8,10
earthen-ring,767,demonhunter,havoc,18,8,10
tichondrius,767,demonhunter,havoc,18,8,10
perenolde,766,demonhunter,havoc,12,8,4
gurubashi,766,demonhunter,havoc,18,8,10
bleeding-hollow,765,demonhunter,havoc,20,8,12
tichondrius,762,demonhunter,havoc,18,8,10
thunderlord,753,demonhunter,havoc,12,8,4
garrosh,752,demonhunter,havoc,18,8,10
gorefiend,748,demonhunter,havoc,12,8,4
illidan,726,demonhunter,havoc,20,9,11
illidan,703,demonhunter,havoc,11,8,3
frostmourne,672,demonhunter,havoc,12,7,5
tichondrius,672,demonhunter,havoc,12,7,5
whisperwind,672,demonhunter,havoc,12,7,5
area-52,672,demonhunter,havoc,12,7,5
sargeras,672,demonhunter,havoc,12,7,5
zuljin,672,demonhunter,havoc,12,7,5
area-52,672,demonhunter,havoc,12,7,5
emerald-dream,672,demonhunter,havoc,12,7,5
stormrage,672,demonhunter,havoc,12,7,5
area-52,672,demonhunter,havoc,12,7,5
tichondrius,672,demonhunter,havoc,12,7,5
tichondrius,672,demonhunter,havoc,12,7,5
bleeding-hollow,672,demonhunter,havoc,12,7,5
bleeding-hollow,672,demonhunter,havoc,12,7,5
azralon,672,demonhunter,havoc,12,7,5
malganis,672,demonhunter,havoc,16,8,8
ragnaros,672,demonhunter,havoc,18,7,11
frostmourne,672,demonhunter,havoc,18,7,11
stormrage,671,demonhunter,havoc,12,7,5
eitrigg,671,demonhunter,havoc,12,7,5
tichondrius,671,demonhunter,havoc,12,7,5
tichondrius,671,demonhunter,havoc,12,7,5
area-52,670,demonhunter,havoc,12,7,5
ragnaros,670,demonhunter,havoc,12,7,5
bonechewer,670,demonhunter,havoc,12,7,5
area-52,670,demonhunter,havoc,12,7,5
tichondrius,670,demonhunter,havoc,18,7,11
sargeras,670,demonhunter,havoc,18,7,11
bleeding-hollow,662,demonhunter,havoc,15,8,7
veknilash,660,demonhunter,havoc,12,7,5
burning-legion,658,demonhunter,havoc,12,7,5
malganis,640,demonhunter,havoc,16,7,9
kiljaeden,639,demonhunter,havoc,10,7,3
azralon,639,demonhunter,havoc,17,7,10
emerald-dream,633,demonhunter,havoc,17,7,10
stormrage,607,demonhunter,havoc,8,7,1
stormreaver,607,demonhunter,havoc,14,7,7
area-52,576,demonhunter,havoc,6,6,0
illidan,576,demonhunter,havoc,6,6,0
azralon,576,demonhunter,havoc,12,6,6
bleeding-hollow,576,demonhunter,havoc,12,6,6
sargeras,576,demonhunter,havoc,12,6,6
ragnaros,576,demonhunter,havoc,12,6,6
bleeding-hollow,576,demonhunter,havoc,12,6,6
tichondrius,576,demonhunter,havoc,12,6,6
ghostlands,576,demonhunter,havoc,12,6,6
boulderfist,576,demonhunter,havoc,12,6,6
tichondrius,576,demonhunter,havoc,12,6,6
sargeras,576,demonhunter,havoc,12,6,6
bleeding-hollow,576,demonhunter,havoc,12,6,6
mugthol,576,demonhunter,havoc,12,6,6
moon-guard,576,demonhunter,havoc,12,6,6
trollbane,576,demonhunter,havoc,12,6,6
illidan,576,demonhunter,havoc,12,6,6
area-52,576,demonhunter,havoc,12,6,6
emerald-dream,576,demonhunter,havoc,18,6,12
ragnaros,576,demonhunter,havoc,18,6,12
barthilas,576,demonhunter,havoc,18,6,12
tichondrius,576,demonhunter,havoc,19,6,13
kiljaeden,575,demonhunter,havoc,12,6,6
azshara,575,demonhunter,havoc,12,6,6
proudmoore,575,demonhunter,havoc,12,6,6
caelestrasz,575,demonhunter,havoc,12,6,6
proudmoore,575,demonhunter,havoc,12,6,6
tichondrius,575,demonhunter,havoc,12,6,6
malorne,575,demonhunter,havoc,12,6,6
illidan,575,demonhunter,havoc,12,6,6
stormrage,575,demonhunter,havoc,12,6,6
gurubashi,575,demonhunter,havoc,12,6,6
laughing-skull,575,demonhunter,havoc,12,6,6
wildhammer,574,demonhunter,havoc,12,6,6
thunderhorn,574,demonhunter,havoc,36,14,22
tichondrius,574,demonhunter,havoc,18,6,12
drakkari,571,demonhunter,havoc,12,6,6
tichondrius,569,demonhunter,havoc,12,6,6
nemesis,565,demonhunter,havoc,12,6,6
azralon,559,demonhunter,havoc,18,7,11
korgath,543,demonhunter,havoc,11,6,5
illidan,543,demonhunter,havoc,17,6,11
ragnaros,541,demonhunter,havoc,10,7,3
boulderfist,525,demonhunter,havoc,11,6,5
tichondrius,512,demonhunter,havoc,10,6,4
kirin-tor,512,demonhunter,havoc,10,6,4
barthilas,509,demonhunter,havoc,16,6,10
sargeras,496,demonhunter,havoc,13,6,7
frostmourne,480,demonhunter,havoc,6,5,1
area-52,480,demonhunter,havoc,6,5,1
thrall,480,demonhunter,havoc,6,5,1
sargeras,480,demonhunter,havoc,6,5,1
tichondrius,480,demonhunter,havoc,6,5,1
stormrage,480,demonhunter,havoc,6,5,1
sargeras,480,demonhunter,havoc,6,5,1
sargeras,480,demonhunter,havoc,6,5,1
sargeras,480,demonhunter,havoc,9,6,3
area-52,480,demonhunter,havoc,12,5,7
bloodhoof,480,demonhunter,havoc,12,5,7
kiljaeden,480,demonhunter,havoc,12,5,7
area-52,480,demonhunter,havoc,12,5,7
tichondrius,480,demonhunter,havoc,12,5,7
wyrmrest-accord,480,demonhunter,havoc,12,5,7
azralon,480,demonhunter,havoc,12,5,7
moon-guard,480,demonhunter,havoc,12,5,7
tichondrius,480,demonhunter,havoc,12,5,7
frostmourne,480,demonhunter,havoc,12,5,7
tichondrius,480,demonhunter,havoc,12,5,7
blackrock,480,demonhunter,havoc,12,5,7
ragnaros,480,demonhunter,havoc,12,5,7
azjolnerub,480,demonhunter,havoc,18,5,13
sargeras,480,demonhunter,havoc,18,5,13
dark-iron,480,demonhunter,havoc,18,5,13
quelthalas,479,demonhunter,havoc,6,5,1
tichondrius,479,demonhunter,havoc,6,5,1
quelthalas,479,demonhunter,havoc,12,5,7
malorne,478,demonhunter,havoc,6,5,1
bonechewer,478,demonhunter,havoc,12,5,7
goldrinn,478,demonhunter,havoc,12,5,7
korialstrasz,476,demonhunter,havoc,24,5,19
tichondrius,473,demonhunter,havoc,12,5,7
cairne,472,demonhunter,havoc,12,5,7
thrall,447,demonhunter,havoc,11,5,6
kelthuzad,447,demonhunter,havoc,11,5,6
elune,443,demonhunter,havoc,8,6,2
ragnaros,426,demonhunter,havoc,22,6,16
proudmoore,416,demonhunter,havoc,10,5,5
malganis,416,demonhunter,havoc,10,5,5
sargeras,415,demonhunter,havoc,14,5,9
emerald-dream,415,demonhunter,havoc,14,5,9
illidan,384,demonhunter,havoc,6,4,2
illidan,384,demonhunter,havoc,6,4,2
zuljin,384,demonhunter,havoc,6,4,2
proudmoore,384,demonhunter,havoc,6,4,2
illidan,384,demonhunter,havoc,6,4,2
arthas,384,demonhunter,havoc,6,4,2
proudmoore,384,demonhunter,havoc,6,4,2
tichondrius,384,demonhunter,havoc,6,4,2
silver-hand,384,demonhunter,havoc,6,4,2
tichondrius,384,demonhunter,havoc,6,4,2
drenden,384,demonhunter,havoc,6,4,2
tichondrius,384,demonhunter,havoc,6,4,2
stormrage,384,demonhunter,havoc,6,4,2
tichondrius,384,demonhunter,havoc,6,4,2
moon-guard,384,demonhunter,havoc,6,4,2
kiljaeden,384,demonhunter,havoc,6,4,2
bleeding-hollow,384,demonhunter,havoc,6,4,2
area-52,384,demonhunter,havoc,6,4,2
illidan,384,demonhunter,havoc,6,4,2
khazgoroth,384,demonhunter,havoc,6,4,2
quelthalas,384,demonhunter,havoc,6,4,2
area-52,384,demonhunter,havoc,6,4,2
kelthuzad,384,demonhunter,havoc,6,4,2
frostmourne,384,demonhunter,havoc,6,4,2
sargeras,384,demonhunter,havoc,7,4,3
stormrage,384,demonhunter,havoc,9,5,4
proudmoore,384,demonhunter,havoc,12,4,8
moon-guard,384,demonhunter,havoc,12,4,8
tichondrius,384,demonhunter,havoc,12,4,8
illidan,384,demonhunter,havoc,12,4,8
black-dragonflight,384,demonhunter,havoc,12,4,8
kelthuzad,384,demonhunter,havoc,12,4,8
tichondrius,384,demonhunter,havoc,12,4,8
sargeras,384,demonhunter,havoc,12,4,8
illidan,384,demonhunter,havoc,12,4,8
illidan,384,demonhunter,havoc,12,4,8
darkspear,384,demonhunter,havoc,12,4,8
lightbringer,383,demonhunter,havoc,9,5,4
darkspear,383,demonhunter,havoc,12,4,8
illidan,382,demonhunter,havoc,6,4,2
ghostlands,382,demonhunter,havoc,6,4,2
draenor,381,demonhunter,havoc,12,4,8
darrowmere,351,demonhunter,havoc,11,4,7
area-52,336,demonhunter,havoc,15,5,10
dragonmaw,336,demonhunter,havoc,15,4,11
stormrage,319,demonhunter,havoc,5,4,1
wyrmrest-accord,304,demonhunter,havoc,11,5,6
whisperwind,288,demonhunter,havoc,6,3,3
stormrage,288,demonhunter,havoc,6,3,3
zuljin,288,demonhunter,havoc,6,3,3
zuljin,288,demonhunter,havoc,6,3,3
stormrage,288,demonhunter,havoc,6,3,3
stormrage,288,demonhunter,havoc,6,3,3
illidan,288,demonhunter,havoc,6,3,3
stormrage,288,demonhunter,havoc,6,3,3
illidan,288,demonhunter,havoc,6,3,3
skullcrusher,288,demonhunter,havoc,6,3,3
aegwynn,288,demonhunter,havoc,6,3,3
draenor,288,demonhunter,havoc,6,3,3
tichondrius,288,demonhunter,havoc,6,3,3
silvermoon,288,demonhunter,havoc,6,3,3
stormrage,288,demonhunter,havoc,6,3,3
drakthul,288,demonhunter,havoc,6,3,3
thunderhorn,288,demonhunter,havoc,6,3,3
silvermoon,288,demonhunter,havoc,6,3,3
moon-guard,288,demonhunter,havoc,6,3,3
aerie-peak,288,demonhunter,havoc,6,3,3
queldorei,288,demonhunter,havoc,6,3,3
bleeding-hollow,288,demonhunter,havoc,6,3,3
dreadmaul,288,demonhunter,havoc,6,3,3
bleeding-hollow,288,demonhunter,havoc,6,3,3
ragnaros,288,demonhunter,havoc,6,3,3
area-52,288,demonhunter,havoc,6,3,3
tichondrius,288,demonhunter,havoc,6,3,3
khaz-modan,288,demonhunter,havoc,6,3,3
barthilas,288,demonhunter,havoc,6,3,3
azralon,288,demonhunter,havoc,6,3,3
tichondrius,288,demonhunter,havoc,6,3,3
azralon,288,demonhunter,havoc,6,3,3
tichondrius,288,demonhunter,havoc,6,3,3
tichondrius,288,demonhunter,havoc,6,3,3
tichondrius,288,demonhunter,havoc,6,3,3
area-52,288,demonhunter,havoc,6,3,3
tichondrius,288,demonhunter,havoc,6,3,3
azjolnerub,288,demonhunter,havoc,6,3,3
tichondrius,288,demonhunter,havoc,6,3,3
malganis,288,demonhunter,havoc,6,3,3
area-52,288,demonhunter,havoc,6,3,3
bonechewer,288,demonhunter,havoc,6,3,3
emerald-dream,288,demonhunter,havoc,6,3,3
sargeras,288,demonhunter,havoc,6,3,3
lightbringer,288,demonhunter,havoc,6,3,3
sargeras,288,demonhunter,havoc,6,3,3
sargeras,288,demonhunter,havoc,6,3,3
area-52,288,demonhunter,havoc,6,3,3
korgath,288,demonhunter,havoc,12,3,9
tichondrius,288,demonhunter,havoc,12,3,9
dalaran,288,demonhunter,havoc,12,3,9
area-52,288,demonhunter,havoc,12,3,9
daggerspine,288,demonhunter,havoc,12,3,9
thrall,288,demonhunter,havoc,12,3,9
malfurion,288,demonhunter,havoc,12,3,9
korgath,288,demonhunter,havoc,12,3,9
area-52,288,demonhunter,havoc,12,3,9
malganis,288,demonhunter,havoc,12,3,9
stormscale,288,demonhunter,havoc,18,3,15
stormrage,287,demonhunter,havoc,6,3,3
illidan,287,demonhunter,havoc,6,3,3
terokkar,287,demonhunter,havoc,6,3,3
hakkar,287,demonhunter,havoc,7,3,4
thrall,286,demonhunter,havoc,6,3,3
tichondrius,239,demonhunter,havoc,5,3,2
quelthalas,239,demonhunter,havoc,5,3,2
illidan,239,demonhunter,havoc,5,3,2
malganis,239,demonhunter,havoc,5,3,2
moon-guard,234,demonhunter,havoc,8,5,3
tichondrius,223,demonhunter,havoc,8,3,5
quelthalas,208,demonhunter,havoc,7,3,4
tichondrius,192,demonhunter,havoc,4,3,1
moon-guard,192,demonhunter,havoc,8,3,5
bonechewer,192,demonhunter,havoc,6,2,4
stormrage,192,demonhunter,havoc,6,2,4
sargeras,192,demonhunter,havoc,6,2,4
emerald-dream,192,demonhunter,havoc,6,2,4
eitrigg,192,demonhunter,havoc,6,2,4
sargeras,192,demonhunter,havoc,6,2,4
wyrmrest-accord,192,demonhunter,havoc,6,2,4
malganis,192,demonhunter,havoc,6,2,4
area-52,192,demonhunter,havoc,6,2,4
stormrage,192,demonhunter,havoc,6,2,4
malganis,192,demonhunter,havoc,6,2,4
area-52,192,demonhunter,havoc,6,2,4
ragnaros,192,demonhunter,havoc,6,2,4
tichondrius,192,demonhunter,havoc,6,2,4
borean-tundra,192,demonhunter,havoc,6,2,4
bonechewer,192,demonhunter,havoc,6,2,4
stormrage,192,demonhunter,havoc,6,2,4
thrall,192,demonhunter,havoc,6,2,4
bleeding-hollow,192,demonhunter,havoc,6,2,4
illidan,192,demonhunter,havoc,6,2,4
dalaran,192,demonhunter,havoc,6,2,4
area-52,192,demonhunter,havoc,6,2,4
area-52,192,demonhunter,havoc,6,2,4
demon-soul,192,demonhunter,havoc,6,2,4
burning-legion,192,demonhunter,havoc,6,2,4
frostmourne,192,demonhunter,havoc,6,2,4
khaz-modan,192,demonhunter,havoc,6,2,4
quelthalas,192,demonhunter,havoc,6,2,4
azralon,192,demonhunter,havoc,6,2,4
blackrock,192,demonhunter,havoc,6,2,4
blades-edge,192,demonhunter,havoc,6,2,4
bladefist,192,demonhunter,havoc,6,2,4
tichondrius,192,demonhunter,havoc,6,2,4
tichondrius,192,demonhunter,havoc,6,2,4
blades-edge,192,demonhunter,havoc,6,2,4
tichondrius,192,demonhunter,havoc,6,2,4
tichondrius,192,demonhunter,havoc,6,2,4
stormrage,192,demonhunter,havoc,6,2,4
steamwheedle-cartel,192,demonhunter,havoc,6,2,4
stormrage,192,demonhunter,havoc,6,2,4
frostwolf,192,demonhunter,havoc,6,2,4
area-52,192,demonhunter,havoc,6,2,4
ragnaros,192,demonhunter,havoc,6,2,4
kelthuzad,192,demonhunter,havoc,6,2,4
azralon,192,demonhunter,havoc,6,2,4
illidan,192,demonhunter,havoc,6,2,4
tichondrius,192,demonhunter,havoc,6,2,4
barthilas,192,demonhunter,havoc,6,2,4
tichondrius,192,demonhunter,havoc,6,2,4
bleeding-hollow,192,demonhunter,havoc,6,2,4
stormrage,192,demonhunter,havoc,7,2,5
sargeras,192,demonhunter,havoc,7,2,5
sargeras,192,demonhunter,havoc,9,2,7
ravencrest,192,demonhunter,havoc,12,2,10
frostmourne,192,demonhunter,havoc,12,2,10
bleeding-hollow,192,demonhunter,havoc,12,2,10
dalaran,191,demonhunter,havoc,6,2,4
wyrmrest-accord,191,demonhunter,havoc,6,2,4
blood-furnace,191,demonhunter,havoc,6,2,4
drakkari,191,demonhunter,havoc,6,2,4
stormscale,190,demonhunter,havoc,9,3,6
zuljin,96,demonhunter,havoc,6,1,5
tichondrius,96,demonhunter,havoc,6,1,5
ragnaros,96,demonhunter,havoc,6,1,5
tichondrius,96,demonhunter,havoc,6,1,5
proudmoore,96,demonhunter,havoc,6,1,5
emerald-dream,96,demonhunter,havoc,6,1,5
ragnaros,96,demonhunter,havoc,6,1,5
quelthalas,96,demonhunter,havoc,6,1,5
area-52,96,demonhunter,havoc,6,1,5
dalaran,96,demonhunter,havoc,6,1,5
area-52,96,demonhunter,havoc,6,1,5
frostmourne,96,demonhunter,havoc,6,1,5
illidan,96,demonhunter,havoc,6,1,5
kelthuzad,96,demonhunter,havoc,6,1,5
nerzhul,96,demonhunter,havoc,6,1,5
area-52,96,demonhunter,havoc,9,1,8
proudmoore,96,demonhunter,havoc,12,1,11
tichondrius,96,demonhunter,havoc,12,1,11
illidan,79,demonhunter,havoc,5,1,4
moon-guard,64,demonhunter,havoc,4,1,3
scilla,64,demonhunter,havoc,4,1,3
stormrage,42,demonhunter,havoc,16,5,11
shadowmoon,31,demonhunter,havoc,2,1,1
aegwynn,31,demonhunter,havoc,2,1,1
moon-guard,16,demonhunter,havoc,1,1,0
stonemaul,1559,demonhunter,vengeance,36,20,16
tichondrius,2238,druid,restoration,86,53,33
ragnaros,2074,druid,restoration,117,58,59
tichondrius,2010,druid,restoration,89,49,40
illidan,2000,druid,restoration,123,70,53
tichondrius,1949,druid,restoration,60,35,25
tichondrius,1943,druid,restoration,60,39,21
zuljin,1930,druid,restoration,77,45,32
tichondrius,1922,druid,restoration,49,29,20
tichondrius,1906,druid,restoration,81,35,46
moonrunner,1893,druid,restoration,33,21,12
zuljin,1882,druid,restoration,42,30,12
area-52,1882,druid,restoration,42,27,15
illidan,1872,druid,restoration,64,32,32
stormrage,1852,druid,restoration,30,21,9
icecrown,1836,druid,restoration,54,31,23
tichondrius,1825,druid,restoration,60,24,36
area-52,1819,druid,restoration,45,32,13
tichondrius,1818,druid,restoration,59,31,28
tichondrius,1817,druid,restoration,36,22,14
tichondrius,1816,druid,restoration,90,43,47
tichondrius,1810,druid,restoration,36,22,14
gurubashi,1804,druid,restoration,47,24,23
tichondrius,1800,druid,restoration,48,26,22
auchindoun,1791,druid,restoration,37,22,15
bleeding-hollow,1787,druid,restoration,36,19,17
illidan,1745,druid,restoration,60,31,29
sargeras,1740,druid,restoration,51,26,25
stormrage,1722,druid,restoration,30,18,12
dalaran,1715,druid,restoration,44,22,22
lightbringer,1711,druid,restoration,54,20,34
stormrage,1682,druid,restoration,105,56,49
tichondrius,1682,druid,restoration,64,25,39
spirestone,1668,druid,restoration,36,22,14
uther,1664,druid,restoration,47,21,26
kelthuzad,1653,druid,restoration,36,21,15
rexxar,1651,druid,restoration,42,22,20
arthas,1649,druid,restoration,55,24,31
tichondrius,1648,druid,restoration,42,21,21
area-52,1646,druid,restoration,70,37,33
dalaran,1638,druid,restoration,36,21,15
tichondrius,1637,druid,restoration,36,20,16
stormrage,1635,druid,restoration,48,27,21
stormrage,1630,druid,restoration,31,17,14
tichondrius,1628,druid,restoration,30,17,13
ragnaros,1626,druid,restoration,48,21,27
sargeras,1616,druid,restoration,45,27,18
tichondrius,1610,druid,restoration,36,17,19
kelthuzad,1606,druid,restoration,68,41,27
dalaran,1606,druid,restoration,47,22,25
tichondrius,1603,druid,restoration,102,53,49
malganis,1597,druid,restoration,57,26,31
zuluhed,1596,druid,restoration,36,18,18
frostmourne,1593,druid,restoration,114,53,61
tichondrius,1583,druid,restoration,45,25,20
quelthalas,1577,druid,restoration,51,32,19
stormrage,1571,druid,restoration,87,49,38
frostmourne,1569,druid,restoration,48,27,21
sargeras,1553,druid,restoration,42,19,23
frostmourne,1543,druid,restoration,54,29,25
tichondrius,1528,druid,restoration,81,44,37
bleeding-hollow,1523,druid,restoration,65,42,23
moon-guard,1515,druid,restoration,77,34,43
frostmourne,1491,druid,restoration,70,32,38
tichondrius,1467,druid,restoration,42,17,25
stormrage,1463,druid,restoration,81,45,36
tichondrius,1462,druid,restoration,71,39,32
stormrage,1460,druid,restoration,24,16,8
stormrage,1452,druid,restoration,76,35,41
mugthol,1451,druid,restoration,103,56,47
illidan,1451,druid,restoration,42,17,25
malganis,1438,druid,restoration,51,27,24
tichondrius,1435,druid,restoration,104,59,45
darkspear,1432,druid,restoration,54,30,24
azralon,1432,druid,restoration,72,33,39
tichondrius,1425,druid,restoration,27,16,11
spinebreaker,1402,druid,restoration,78,40,38
stonemaul,1399,druid,restoration,30,18,12
gnomeregan,1397,druid,restoration,99,34,65
stormrage,1395,druid,restoration,81,46,35
proudmoore,1394,druid,restoration,93,57,36
frostmourne,1390,druid,restoration,42,18,24
tichondrius,1381,druid,restoration,57,36,21
proudmoore,1378,druid,restoration,30,17,13
emerald-dream,1355,druid,restoration,102,53,49
tichondrius,1347,druid,restoration,30,18,12
emerald-dream,1346,druid,restoration,60,31,29
bleeding-hollow,1343,druid,restoration,24,14,10
tichondrius,1339,druid,restoration,24,14,10
chogall,1338,druid,restoration,30,14,16
zuljin,1337,druid,restoration,36,16,20
dark-iron,1335,druid,restoration,42,14,28
tichondrius,1332,druid,restoration,36,18,18
suramar,1328,druid,restoration,30,19,11
burning-blade,1325,druid,restoration,36,19,17
stormrage,1323,druid,restoration,24,14,10
moon-guard,1323,druid,restoration,36,15,21
moon-guard,1309,druid,restoration,29,15,14
stormreaver,1299,druid,restoration,30,19,11
bleeding-hollow,1298,druid,restoration,24,14,10
moon-guard,1277,druid,restoration,57,24,33
barthilas,1271,druid,restoration,50,28,22
azralon,1267,druid,restoration,36,18,18
frostmourne,1260,druid,restoration,32,18,14
trollbane,1255,druid,restoration,36,14,22
darkspear,1250,druid,restoration,36,15,21
eredar,1247,druid,restoration,18,13,5
frostmourne,1246,druid,restoration,18,13,5
stormrage,1238,druid,restoration,24,13,11
tichondrius,1238,druid,restoration,30,13,17
malganis,1221,druid,restoration,24,14,10
stormrage,1218,druid,restoration,29,18,11
moon-guard,1217,druid,restoration,30,13,17
chogall,1212,druid,restoration,36,20,16
frostmourne,1209,druid,restoration,24,15,9
kelthuzad,1200,druid,restoration,24,13,11
tichondrius,1198,druid,restoration,54,30,24
area-52,1197,druid,restoration,27,13,14
moon-guard,1188,druid,restoration,36,19,17
aerie-peak,1185,druid,restoration,93,46,47
stormscale,1164,druid,restoration,58,22,36
sargeras,1157,druid,restoration,42,22,20
illidan,1151,druid,restoration,30,12,18
bleeding-hollow,1150,druid,restoration,30,12,18
dentarg,1147,druid,restoration,19,12,7
sargeras,1147,druid,restoration,36,12,24
malganis,1145,druid,restoration,27,13,14
boulderfist,1145,druid,restoration,33,14,19
illidan,1136,druid,restoration,67,34,33
kaelthas,1135,druid,restoration,42,12,30
sargeras,1121,druid,restoration,24,12,12
tichondrius,1120,druid,restoration,18,12,6
eonar,1114,druid,restoration,47,13,34
stormrage,1111,druid,restoration,36,12,24
skullcrusher,1101,druid,restoration,48,24,24
uther,1099,druid,restoration,26,14,12
wyrmrest-accord,1098,druid,restoration,21,12,9
emerald-dream,1096,druid,restoration,27,13,14
area-52,1090,druid,restoration,36,12,24
hellscream,1089,druid,restoration,48,24,24
stormrage,1087,druid,restoration,42,20,22
tichondrius,1074,druid,restoration,24,14,10
sargeras,1072,druid,restoration,38,14,24
stormrage,1064,druid,restoration,30,14,16
area-52,1064,druid,restoration,36,16,20
nazgrel,1063,druid,restoration,40,21,19
proudmoore,1056,druid,restoration,18,11,7
burning-blade,1056,druid,restoration,24,11,13
tichondrius,1055,druid,restoration,18,11,7
frostmourne,1055,druid,restoration,24,11,13
kilrogg,1053,druid,restoration,12,11,1
frostmourne,1053,druid,restoration,36,11,25
akama,1052,druid,restoration,36,23,13
vashj,1052,druid,restoration,21,12,9
illidan,1050,druid,restoration,30,11,19
dalaran,1049,druid,restoration,24,11,13
hyjal,1048,druid,restoration,18,11,7
moon-guard,1046,druid,restoration,18,11,7
area-52,1045,druid,restoration,18,11,7
aerie-peak,1044,druid,restoration,30,16,14
ghostlands,1043,druid,restoration,49,24,25
tichondrius,1039,druid,restoration,24,11,13
stormrage,1037,druid,restoration,19,11,8
stormrage,1035,druid,restoration,30,11,19
drakkari,1027,druid,restoration,18,11,7
tichondrius,1022,druid,restoration,29,15,14
frostmourne,1000,druid,restoration,15,12,3
sargeras,1000,druid,restoration,26,12,14
darkspear,989,druid,restoration,18,13,5
azralon,971,druid,restoration,64,29,35
runetotem,965,druid,restoration,23,13,10
azgalor,962,druid,restoration,18,12,6
sargeras,960,druid,restoration,18,10,8
tichondrius,960,druid,restoration,18,10,8
dreadmaul,959,druid,restoration,21,12,9
blackrock,959,druid,restoration,18,10,8
sargeras,958,druid,restoration,12,10,2
stormrage,955,druid,restoration,12,10,2
kiljaeden,949,druid,restoration,18,10,8
tichondrius,943,druid,restoration,24,10,14
stormrage,942,druid,restoration,18,10,8
cenarion-circle,941,druid,restoration,28,13,15
tichondrius,941,druid,restoration,27,11,16
emerald-dream,925,druid,restoration,37,19,18
arthas,910,druid,restoration,29,10,19
illidan,906,druid,restoration,23,10,13
lethon,897,druid,restoration,28,16,12
aegwynn,880,druid,restoration,24,11,13
ragnaros,880,druid,restoration,64,29,35
illidan,874,druid,restoration,42,18,24
demon-soul,864,druid,restoration,12,9,3
illidan,864,druid,restoration,12,9,3
tichondrius,864,druid,restoration,16,10,6
illidan,864,druid,restoration,18,9,9
tichondrius,864,druid,restoration,18,9,9
icecrown,864,druid,restoration,18,9,9
malganis,864,druid,restoration,18,9,9
tichondrius,864,druid,restoration,24,9,15
thaurissan,862,druid,restoration,18,9,9
sargeras,861,druid,restoration,18,9,9
sargeras,861,druid,restoration,24,9,15
tichondrius,860,druid,restoration,24,9,15
tichondrius,859,druid,restoration,31,15,16
tichondrius,856,druid,restoration,18,9,9
korgath,854,druid,restoration,24,9,15
kelthuzad,853,druid,restoration,21,9,12
drakkari,846,druid,restoration,19,10,9
sargeras,844,druid,restoration,41,18,23
illidan,826,druid,restoration,16,9,7
illidan,825,druid,restoration,16,10,6
frostmourne,807,druid,restoration,22,11,11
illidan,768,druid,restoration,12,8,4
sargeras,768,druid,restoration,12,8,4
tichondrius,768,druid,restoration,12,8,4
tichondrius,768,druid,restoration,12,8,4
stormrage,768,druid,restoration,18,8,10
dalaran,768,druid,restoration,18,8,10
moon-guard,767,druid,restoration,12,8,4
drenden,767,druid,restoration,12,8,4
tichondrius,767,druid,restoration,18,8,10
sargeras,767,druid,restoration,18,8,10
magtheridon,765,druid,restoration,18,8,10
bonechewer,763,druid,restoration,18,8,10
lothar,761,druid,restoration,12,8,4
tichondrius,759,druid,restoration,24,8,16
zuljin,756,druid,restoration,18,8,10
ursin,706,druid,restoration,24,8,16
tichondrius,672,druid,restoration,12,7,5
tichondrius,672,druid,restoration,12,7,5
tichondrius,672,druid,restoration,12,7,5
tichondrius,672,druid,restoration,12,7,5
jubeithos,672,druid,restoration,12,7,5
malganis,672,druid,restoration,12,7,5
tichondrius,672,druid,restoration,18,7,11
twisting-nether,672,druid,restoration,18,7,11
malganis,672,druid,restoration,18,7,11
malganis,671,druid,restoration,12,7,5
tichondrius,670,druid,restoration,12,7,5
sargeras,670,druid,restoration,12,7,5
frostmourne,670,druid,restoration,18,7,11
area-52,670,druid,restoration,19,7,12
malganis,669,druid,restoration,18,7,11
area-52,667,druid,restoration,12,7,5
echo-isles,665,druid,restoration,18,7,11
sargeras,664,druid,restoration,12,7,5
bleeding-hollow,664,druid,restoration,12,7,5
tichondrius,659,druid,restoration,18,7,11
moon-guard,640,druid,restoration,10,8,2
malfurion,639,druid,restoration,14,8,6
kiljaeden,639,druid,restoration,17,7,10
ysera,639,druid,restoration,28,7,21
illidan,623,druid,restoration,21,8,13
frostmourne,622,druid,restoration,15,8,7
tichondrius,607,druid,restoration,15,8,7
tichondrius,592,druid,restoration,13,7,6
moon-guard,576,druid,restoration,6,6,0
tichondrius,576,druid,restoration,6,6,0
crushridge,576,druid,restoration,6,6,0
tichondrius,576,druid,restoration,12,6,6
tichondrius,576,druid,restoration,12,6,6
tichondrius,576,druid,restoration,12,6,6
blackrock,576,druid,restoration,12,6,6
arygos,576,druid,restoration,12,6,6
illidan,576,druid,restoration,12,6,6
illidan,576,druid,restoration,12,6,6
ysera,576,druid,restoration,12,6,6
frostmourne,576,druid,restoration,12,6,6
sargeras,576,druid,restoration,18,6,12
sargeras,576,druid,restoration,18,6,12
frostmourne,575,druid,restoration,12,6,6
tichondrius,575,druid,restoration,12,6,6
stormrage,575,druid,restoration,12,6,6
frostmourne,575,druid,restoration,12,6,6
burning-legion,575,druid,restoration,12,6,6
barthilas,575,druid,restoration,16,7,9
moon-guard,574,druid,restoration,12,6,6
norgannon,574,druid,restoration,24,6,18
area-52,572,druid,restoration,12,6,6
azralon,570,druid,restoration,12,6,6
ragnaros,562,druid,restoration,18,6,12
azralon,520,druid,restoration,17,10,7
ragnaros,480,druid,restoration,6,5,1
sargeras,480,druid,restoration,6,5,1
sargeras,480,druid,restoration,6,5,1
icecrown,480,druid,restoration,6,5,1
burning-legion,480,druid,restoration,6,5,1
gurubashi,480,druid,restoration,6,5,1
alexstrasza,480,druid,restoration,6,5,1
stormrage,480,druid,restoration,6,5,1
tichondrius,480,druid,restoration,6,5,1
stormrage,480,druid,restoration,6,5,1
sargeras,480,druid,restoration,6,5,1
illidan,480,druid,restoration,6,5,1
frostmourne,480,druid,restoration,12,5,7
zuluhed,480,druid,restoration,12,5,7
zuljin,480,druid,restoration,12,5,7
tichondrius,480,druid,restoration,12,5,7
illidan,480,druid,restoration,12,5,7
korialstrasz,480,druid,restoration,12,5,7
thrall,480,druid,restoration,12,5,7
tichondrius,480,druid,restoration,12,5,7
emerald-dream,480,druid,restoration,12,5,7
tichondrius,480,druid,restoration,12,5,7
illidan,480,druid,restoration,12,5,7
dalaran,480,druid,restoration,12,5,7
nemesis,480,druid,restoration,12,5,7
nemesis,480,druid,restoration,18,5,13
area-52,480,druid,restoration,18,5,13
barthilas,480,druid,restoration,24,5,19
sargeras,480,druid,restoration,30,5,25
frostmourne,479,druid,restoration,12,5,7
moon-guard,479,druid,restoration,12,5,7
nemesis,479,druid,restoration,12,5,7
frostmourne,479,druid,restoration,24,5,19
proudmoore,478,druid,restoration,6,5,1
tichondrius,478,druid,restoration,12,5,7
drakthul,478,druid,restoration,12,5,7
malganis,478,druid,restoration,12,5,7
detheroc,476,druid,restoration,12,5,7
malygos,446,druid,restoration,8,6,2
area-52,432,druid,restoration,15,6,9
tichondrius,415,druid,restoration,14,5,9
khazgoroth,399,druid,restoration,5,5,0
azshara,384,druid,restoration,6,4,2
illidan,384,druid,restoration,6,4,2
area-52,384,druid,restoration,6,4,2
sargeras,384,druid,restoration,6,4,2
kelthuzad,384,druid,restoration,6,4,2
moon-guard,384,druid,restoration,6,4,2
tichondrius,384,druid,restoration,6,4,2
moon-guard,384,druid,restoration,6,4,2
tichondrius,384,druid,restoration,6,4,2
tichondrius,384,druid,restoration,6,4,2
emerald-dream,384,druid,restoration,10,5,5
ragnaros,384,druid,restoration,12,4,8
frostmourne,384,druid,restoration,12,4,8
sargeras,384,druid,restoration,12,4,8
tichondrius,384,druid,restoration,12,4,8
tichondrius,384,druid,restoration,12,4,8
proudmoore,384,druid,restoration,12,4,8
illidan,384,druid,restoration,12,4,8
illidan,384,druid,restoration,12,4,8
illidan,384,druid,restoration,12,4,8
kelthuzad,384,druid,restoration,12,4,8
thrall,384,druid,restoration,18,4,14
garona,383,druid,restoration,6,4,2
lightninghoof,383,druid,restoration,12,4,8
emerald-dream,383,druid,restoration,12,4,8
tichondrius,383,druid,restoration,12,4,8
tichondrius,382,druid,restoration,12,4,8
mannoroth,380,druid,restoration,12,4,8
bonechewer,379,druid,restoration,12,4,8
ragnaros,377,druid,restoration,22,10,12
stormrage,351,druid,restoration,17,4,13
deathwing,304,druid,restoration,7,4,3
bleeding-hollow,288,druid,restoration,6,3,3
malganis,288,druid,restoration,6,3,3
ragnaros,288,druid,restoration,6,3,3
kargath,288,druid,restoration,6,3,3
sargeras,288,druid,restoration,6,3,3
sargeras,288,druid,restoration,6,3,3
sargeras,288,druid,restoration,6,3,3
burning-legion,288,druid,restoration,6,3,3
sargeras,288,druid,restoration,6,3,3
kelthuzad,288,druid,restoration,6,3,3
ragnaros,288,druid,restoration,6,3,3
kelthuzad,288,druid,restoration,6,3,3
tichondrius,288,druid,restoration,6,3,3
kelthuzad,288,druid,restoration,6,3,3
quelthalas,288,druid,restoration,6,3,3
azralon,288,druid,restoration,6,3,3
area-52,288,druid,restoration,6,3,3
zuljin,288,druid,restoration,6,3,3
stormrage,288,druid,restoration,6,3,3
tichondrius,288,druid,restoration,6,3,3
quelthalas,288,druid,restoration,6,3,3
altar-of-storms,288,druid,restoration,6,3,3
nemesis,288,druid,restoration,6,3,3
moon-guard,288,druid,restoration,6,3,3
illidan,288,druid,restoration,6,3,3
nemesis,288,druid,restoration,6,3,3
jubeithos,288,druid,restoration,6,3,3
frostmourne,288,druid,restoration,6,3,3
terenas,288,druid,restoration,6,3,3
moon-guard,288,druid,restoration,6,3,3
tichondrius,288,druid,restoration,6,3,3
thorium-brotherhood,288,druid,restoration,6,3,3
moon-guard,288,druid,restoration,6,3,3
illidan,288,druid,restoration,6,3,3
tichondrius,288,druid,restoration,6,3,3
proudmoore,288,druid,restoration,6,3,3
tichondrius,288,druid,restoration,6,3,3
nagrand,288,druid,restoration,6,3,3
proudmoore,288,druid,restoration,12,3,9
frostmourne,288,druid,restoration,12,3,9
stormrage,288,druid,restoration,12,3,9
wyrmrest-accord,288,druid,restoration,12,3,9
stormrage,288,druid,restoration,12,3,9
khadgar,288,druid,restoration,12,3,9
kiljaeden,288,druid,restoration,12,3,9
tichondrius,288,druid,restoration,12,3,9
tichondrius,287,druid,restoration,6,3,3
amanthul,287,druid,restoration,6,3,3
zuljin,287,druid,restoration,6,3,3
tichondrius,287,druid,restoration,6,3,3
kiljaeden,287,druid,restoration,12,3,9
illidan,286,druid,restoration,12,3,9
illidan,256,druid,restoration,10,3,7
emerald-dream,239,druid,restoration,5,3,2
bleeding-hollow,192,druid,restoration,6,2,4
illidan,192,druid,restoration,6,2,4
area-52,192,druid,restoration,6,2,4
ragnaros,192,druid,restoration,6,2,4
the-forgotten-coast,192,druid,restoration,6,2,4
tichondrius,192,druid,restoration,6,2,4
tichondrius,192,druid,restoration,6,2,4
malganis,192,druid,restoration,6,2,4
lightbringer,192,druid,restoration,6,2,4
tichondrius,192,druid,restoration,6,2,4
illidan,192,druid,restoration,6,2,4
dentarg,192,druid,restoration,6,2,4
stormrage,192,druid,restoration,6,2,4
stormrage,192,druid,restoration,6,2,4
tichondrius,192,druid,restoration,6,2,4
illidan,192,druid,restoration,6,2,4
kelthuzad,192,druid,restoration,6,2,4
azralon,192,druid,restoration,6,2,4
altar-of-storms,192,druid,restoration,6,2,4
barthilas,192,druid,restoration,6,2,4
tichondrius,192,druid,restoration,6,2,4
area-52,192,druid,restoration,6,2,4
sargeras,192,druid,restoration,6,2,4
azralon,192,druid,restoration,6,2,4
thrall,192,druid,restoration,6,2,4
frostwolf,192,druid,restoration,10,3,7
tichondrius,192,druid,restoration,12,2,10
frostmane,192,druid,restoration,12,2,10
dalaran,192,druid,restoration,12,2,10
whisperwind,192,druid,restoration,12,2,10
sargeras,192,druid,restoration,12,2,10
dunemaul,192,druid,restoration,18,2,16
frostmourne,192,druid,restoration,18,2,16
proudmoore,191,druid,restoration,6,2,4
stormrage,175,druid,restoration,17,3,14
tichondrius,159,druid,restoration,11,4,7
zuljin,144,druid,restoration,3,3,0
kelthuzad,96,druid,restoration,6,1,5
tichondrius,96,druid,restoration,6,1,5
malganis,96,druid,restoration,6,1,5
moon-guard,96,druid,restoration,6,1,5
bleeding-hollow,96,druid,restoration,6,1,5
bleeding-hollow,96,druid,restoration,6,1,5
emerald-dream,96,druid,restoration,6,1,5
moon-guard,96,druid,restoration,6,1,5
tichondrius,96,druid,restoration,6,1,5
stormrage,96,druid,restoration,6,1,5
demon-soul,96,druid,restoration,6,1,5
stormrage,96,druid,restoration,6,1,5
frostmourne,96,druid,restoration,6,1,5
ragnaros,96,druid,restoration,6,1,5
stormrage,96,druid,restoration,6,1,5
lightnings-blade,96,druid,restoration,6,1,5
sargeras,96,druid,restoration,11,1,10
duskwood,96,druid,restoration,12,1,11
blood-furnace,95,druid,restoration,9,2,7
stormreaver,95,druid,restoration,6,1,5
tichondrius,79,druid,restoration,10,2,8
area-52,63,druid,restoration,2,2,0
sargeras,63,druid,restoration,8,2,6
fenris,16,druid,restoration,6,1,5
proudmoore,1025,druid,guardian,24,12,12
burning-legion,669,druid,guardian,12,7,5
wyrmrest-accord,478,druid,guardian,6,5,1
feathermoon,383,druid,guardian,6,4,2
altar-of-storms,288,druid,guardian,12,3,9
draenor,287,druid,guardian,6,3,3
uldaman,286,druid,guardian,6,3,3
rivendare,192,druid,guardian,6,2,4
quelthalas,190,druid,guardian,9,3,6
queldorei,96,druid,guardian,6,1,5
kelthuzad,96,druid,guardian,6,1,5
zuljin,95,druid,guardian,6,1,5
alleria,2124,druid,feral,84,50,34
azralon,1969,druid,feral,120,67,53
lightbringer,1967,druid,feral,59,36,23
stormrage,1956,druid,feral,60,37,23
stormrage,1932,druid,feral,35,21,14
area-52,1883,druid,feral,132,74,58
quelthalas,1881,druid,feral,66,35,31
steamwheedle-cartel,1872,druid,feral,54,28,26
sargeras,1869,druid,feral,36,23,13
tichondrius,1866,druid,feral,60,34,26
sargeras,1861,druid,feral,60,30,30
quelthalas,1852,druid,feral,60,27,33
sargeras,1767,druid,feral,53,27,26
emerald-dream,1763,druid,feral,45,33,12
jubeithos,1757,druid,feral,35,19,16
ravencrest,1692,druid,feral,36,18,18
tichondrius,1688,druid,feral,42,18,24
illidan,1680,druid,feral,70,33,37
thrall,1679,druid,feral,60,31,29
tichondrius,1650,druid,feral,36,19,17
stormrage,1643,druid,feral,109,56,53
stormreaver,1640,druid,feral,54,26,28
nesingwary,1629,druid,feral,63,32,31
area-52,1620,druid,feral,77,40,37
scilla,1618,druid,feral,36,17,19
moon-guard,1615,druid,feral,42,22,20
eitrigg,1615,druid,feral,54,28,26
frostmourne,1610,druid,feral,54,28,26
destromath,1607,druid,feral,60,25,35
mannoroth,1603,druid,feral,24,17,7
windrunner,1602,druid,feral,60,30,30
tichondrius,1602,druid,feral,46,20,26
malganis,1563,druid,feral,30,18,12
frostmourne,1548,druid,feral,54,27,27
area-52,1545,druid,feral,52,22,30
whisperwind,1535,druid,feral,24,16,8
emerald-dream,1523,druid,feral,30,16,14
stormrage,1520,druid,feral,90,45,45
zuljin,1506,druid,feral,30,16,14
dunemaul,1505,druid,feral,30,16,14
tichondrius,1501,druid,feral,44,25,19
tichondrius,1482,druid,feral,23,16,7
saurfang,1468,druid,feral,38,27,11
tichondrius,1461,druid,feral,84,35,49
firetree,1439,druid,feral,30,15,15
barthilas,1433,druid,feral,36,18,18
ragnaros,1430,druid,feral,72,35,37
korgath,1414,druid,feral,54,26,28
shattered-halls,1409,druid,feral,24,15,9
moon-guard,1378,druid,feral,89,49,40
tichondrius,1359,druid,feral,70,35,35
stormrage,1343,druid,feral,30,14,16
nemesis,1340,druid,feral,30,15,15
tichondrius,1337,druid,feral,36,14,22
illidan,1329,druid,feral,78,41,37
stormrage,1328,druid,feral,30,14,16
kelthuzad,1326,druid,feral,33,15,18
tichondrius,1324,druid,feral,39,19,20
tichondrius,1322,druid,feral,83,37,46
frostmourne,1320,druid,feral,30,17,13
sargeras,1317,druid,feral,29,14,15
burning-legion,1315,druid,feral,67,29,38
malygos,1311,druid,feral,36,15,21
kiljaeden,1288,druid,feral,32,15,17
quelthalas,1286,druid,feral,38,17,21
tichondrius,1258,druid,feral,30,18,12
kiljaeden,1258,druid,feral,42,20,22
whisperwind,1248,druid,feral,30,13,17
stormrage,1245,druid,feral,48,13,35
boulderfist,1244,druid,feral,30,13,17
proudmoore,1236,druid,feral,30,13,17
proudmoore,1232,druid,feral,36,18,18
sargeras,1214,druid,feral,62,33,29
tichondrius,1199,druid,feral,34,17,17
sargeras,1199,druid,feral,30,13,17
tichondrius,1171,druid,feral,48,23,25
hyjal,1153,druid,feral,23,15,8
stormrage,1151,druid,feral,18,12,6
frostmourne,1149,druid,feral,30,12,18
emerald-dream,1148,druid,feral,30,12,18
queldorei,1147,druid,feral,30,12,18
frostmourne,1146,druid,feral,24,12,12
ravencrest,1140,druid,feral,18,12,6
tichondrius,1100,druid,feral,24,12,12
stormrage,1097,druid,feral,36,23,13
sargeras,1094,druid,feral,23,12,11
tichondrius,1092,druid,feral,36,19,17
aegwynn,1061,druid,feral,30,17,13
proudmoore,1056,druid,feral,18,11,7
sargeras,1056,druid,feral,18,11,7
norgannon,1056,druid,feral,18,11,7
illidan,1053,druid,feral,24,11,13
sargeras,1053,druid,feral,24,11,13
illidan,1052,druid,feral,24,11,13
drenden,1051,druid,feral,16,12,4
illidan,1050,druid,feral,36,11,25
tichondrius,1046,druid,feral,24,11,13
moon-guard,1022,druid,feral,29,11,18
frostmourne,1006,druid,feral,26,12,14
dalaran,986,druid,feral,22,11,11
tichondrius,960,druid,feral,18,10,8
quelthalas,960,druid,feral,30,10,20
illidan,959,druid,feral,18,10,8
tichondrius,959,druid,feral,18,10,8
stormrage,959,druid,feral,24,10,14
zuljin,958,druid,feral,18,10,8
the-venture-co,956,druid,feral,18,10,8
tichondrius,956,druid,feral,18,10,8
frostwolf,953,druid,feral,30,10,20
stormrage,952,druid,feral,24,10,14
frostmourne,945,druid,feral,12,10,2
ragnaros,937,druid,feral,24,10,14
whisperwind,934,druid,feral,18,10,8
stormrage,864,druid,feral,12,9,3
moon-guard,864,druid,feral,18,9,9
sargeras,864,druid,feral,18,9,9
stormrage,863,druid,feral,18,9,9
akama,863,druid,feral,18,9,9
tichondrius,862,druid,feral,12,9,3
zuluhed,856,druid,feral,18,9,9
ragnaros,828,druid,feral,31,11,20
stormrage,823,druid,feral,17,11,6
bonechewer,782,druid,feral,17,9,8
stormrage,768,druid,feral,12,8,4
vashj,768,druid,feral,12,8,4
kelthuzad,768,druid,feral,18,8,10
malganis,768,druid,feral,18,8,10
darkspear,767,druid,feral,12,8,4
tichondrius,767,druid,feral,18,8,10
greymane,767,druid,feral,22,9,13
sargeras,765,druid,feral,12,8,4
sargeras,765,druid,feral,18,8,10
illidan,763,druid,feral,19,8,11
stormrage,762,druid,feral,12,8,4
stormrage,757,druid,feral,24,8,16
ragnaros,748,druid,feral,20,9,11
stormrage,748,druid,feral,24,8,16
moon-guard,720,druid,feral,21,8,13
quelthalas,719,druid,feral,15,8,7
andorhal,719,druid,feral,17,8,9
stormrage,684,druid,feral,19,8,11
illidan,672,druid,feral,12,7,5
sargeras,672,druid,feral,12,7,5
frostmourne,672,druid,feral,12,7,5
tichondrius,672,druid,feral,12,7,5
area-52,672,druid,feral,12,7,5
drenden,672,druid,feral,12,7,5
stormrage,672,druid,feral,18,7,11
stormrage,672,druid,feral,18,7,11
quelthalas,672,druid,feral,18,7,11
tichondrius,672,druid,feral,18,7,11
cenarius,672,druid,feral,18,7,11
quelthalas,671,druid,feral,12,7,5
stormrage,671,druid,feral,12,7,5
khaz-modan,671,druid,feral,12,7,5
kiljaeden,671,druid,feral,18,7,11
stormrage,671,druid,feral,18,7,11
quelthalas,671,druid,feral,18,7,11
daggerspine,669,druid,feral,18,7,11
malorne,663,druid,feral,12,7,5
senjin,648,druid,feral,18,7,11
malganis,639,druid,feral,11,7,4
trollbane,623,druid,feral,16,8,8
stormrage,622,druid,feral,11,7,4
dragonmaw,607,druid,feral,8,7,1
barthilas,592,druid,feral,13,7,6
zuljin,585,druid,feral,20,8,12
sargeras,576,druid,feral,6,6,0
sargeras,576,druid,feral,6,6,0
stormscale,576,druid,feral,6,6,0
emerald-dream,576,druid,feral,12,6,6
bleeding-hollow,576,druid,feral,12,6,6
ragnaros,576,druid,feral,12,6,6
sargeras,576,druid,feral,12,6,6
tichondrius,576,druid,feral,12,6,6
spinebreaker,576,druid,feral,12,6,6
moon-guard,576,druid,feral,12,6,6
mugthol,576,druid,feral,15,7,8
blackwing-lair,576,druid,feral,18,6,12
quelthalas,576,druid,feral,18,6,12
barthilas,576,druid,feral,24,6,18
sargeras,575,druid,feral,12,6,6
emerald-dream,575,druid,feral,12,6,6
area-52,575,druid,feral,12,6,6
whisperwind,574,druid,feral,12,6,6
sargeras,573,druid,feral,18,6,12
zuljin,570,druid,feral,12,6,6
nemesis,569,druid,feral,18,6,12
stormreaver,528,druid,feral,9,7,2
zuljin,521,druid,feral,24,7,17
lightbringer,508,druid,feral,11,6,5
ragnaros,480,druid,feral,6,5,1
bleeding-hollow,480,druid,feral,6,5,1
elune,480,druid,feral,6,5,1
zuljin,480,druid,feral,6,5,1
proudmoore,480,druid,feral,12,5,7
aegwynn,480,druid,feral,12,5,7
wyrmrest-accord,480,druid,feral,12,5,7
stormrage,480,druid,feral,12,5,7
azshara,480,druid,feral,12,5,7
spirestone,480,druid,feral,12,5,7
emerald-dream,480,druid,feral,12,5,7
blackrock,480,druid,feral,12,5,7
lightninghoof,480,druid,feral,12,5,7
ragnaros,480,druid,feral,15,6,9
tichondrius,480,druid,feral,13,5,8
stormrage,480,druid,feral,18,5,13
zuljin,480,druid,feral,18,5,13
kelthuzad,479,druid,feral,6,5,1
kelthuzad,479,druid,feral,12,5,7
silvermoon,479,druid,feral,12,5,7
amanthul,479,druid,feral,12,5,7
thrall,479,druid,feral,18,5,13
queldorei,479,druid,feral,18,5,13
aegwynn,478,druid,feral,6,5,1
cenarius,477,druid,feral,12,5,7
blades-edge,475,druid,feral,18,5,13
stormrage,431,druid,feral,11,5,6
emerald-dream,415,druid,feral,14,5,9
frostmourne,384,druid,feral,6,4,2
tichondrius,384,druid,feral,6,4,2
zuljin,384,druid,feral,6,4,2
azralon,384,druid,feral,6,4,2
tichondrius,384,druid,feral,6,4,2
stormrage,384,druid,feral,6,4,2
tichondrius,384,druid,feral,6,4,2
tichondrius,384,druid,feral,6,4,2
lightbringer,384,druid,feral,6,4,2
stormrage,384,druid,feral,6,4,2
tichondrius,384,druid,feral,6,4,2
tichondrius,384,druid,feral,6,4,2
stormrage,384,druid,feral,6,4,2
zuljin,384,druid,feral,12,4,8
crushridge,384,druid,feral,12,4,8
eldrethalas,384,druid,feral,12,4,8
zuljin,384,druid,feral,12,4,8
azralon,384,druid,feral,18,4,14
area-52,384,druid,feral,18,4,14
the-forgotten-coast,383,druid,feral,6,4,2
durotan,383,druid,feral,6,4,2
sargeras,383,druid,feral,12,4,8
bleeding-hollow,382,druid,feral,6,4,2
dreadmaul,382,druid,feral,12,4,8
area-52,382,druid,feral,12,4,8
windrunner,382,druid,feral,18,4,14
area-52,351,druid,feral,8,5,3
ravencrest,351,druid,feral,11,4,7
stormrage,319,druid,feral,5,4,1
stormrage,288,druid,feral,6,3,3
argent-dawn,288,druid,feral,6,3,3
kiljaeden,288,druid,feral,6,3,3
kelthuzad,288,druid,feral,6,3,3
sargeras,288,druid,feral,6,3,3
area-52,288,druid,feral,6,3,3
area-52,288,druid,feral,6,3,3
malfurion,288,druid,feral,6,3,3
area-52,288,druid,feral,6,3,3
quelthalas,288,druid,feral,6,3,3
azralon,288,druid,feral,6,3,3
azralon,288,druid,feral,6,3,3
sargeras,288,druid,feral,6,3,3
hyjal,288,druid,feral,6,3,3
emerald-dream,288,druid,feral,6,3,3
tichondrius,288,druid,feral,6,3,3
stormrage,288,druid,feral,6,3,3
azshara,288,druid,feral,6,3,3
tichondrius,288,druid,feral,6,3,3
moon-guard,288,druid,feral,6,3,3
frostmourne,288,druid,feral,6,3,3
tichondrius,288,druid,feral,6,3,3
stormreaver,288,druid,feral,6,3,3
senjin,288,druid,feral,6,3,3
destromath,288,druid,feral,6,3,3
hellscream,288,druid,feral,6,3,3
thunderlord,288,druid,feral,6,3,3
stormrage,288,druid,feral,6,3,3
tichondrius,288,druid,feral,6,3,3
khadgar,288,druid,feral,6,3,3
mugthol,288,druid,feral,6,3,3
frostmourne,288,druid,feral,6,3,3
stormscale,288,druid,feral,12,3,9
grizzly-hills,288,druid,feral,12,3,9
sargeras,288,druid,feral,19,3,16
perenolde,288,druid,feral,24,3,21
smolderthorn,287,druid,feral,6,3,3
tichondrius,287,druid,feral,12,3,9
kelthuzad,256,druid,feral,10,3,7
sargeras,256,druid,feral,10,3,7
proudmoore,255,druid,feral,13,4,9
dalaran,240,druid,feral,9,3,6
tichondrius,192,druid,feral,6,2,4
tichondrius,192,druid,feral,6,2,4
korgath,192,druid,feral,6,2,4
sargeras,192,druid,feral,6,2,4
laughing-skull,192,druid,feral,6,2,4
frostmourne,192,druid,feral,6,2,4
blades-edge,192,druid,feral,6,2,4
area-52,192,druid,feral,6,2,4
thrall,192,druid,feral,6,2,4
drakkari,192,druid,feral,6,2,4
hydraxis,192,druid,feral,6,2,4
antonidas,192,druid,feral,6,2,4
nerzhul,192,druid,feral,6,2,4
area-52,192,druid,feral,6,2,4
sargeras,192,druid,feral,6,2,4
moon-guard,192,druid,feral,6,2,4
stormrage,192,druid,feral,6,2,4
malganis,192,druid,feral,6,2,4
kelthuzad,192,druid,feral,6,2,4
moon-guard,192,druid,feral,6,2,4
malganis,192,druid,feral,6,2,4
illidan,192,druid,feral,6,2,4
illidan,192,druid,feral,6,2,4
tichondrius,192,druid,feral,6,2,4
tichondrius,192,druid,feral,6,2,4
illidan,192,druid,feral,6,2,4
tichondrius,192,druid,feral,12,2,10
sargeras,192,druid,feral,12,2,10
azralon,192,druid,feral,12,2,10
shattered-hand,192,druid,feral,12,2,10
thunderhorn,191,druid,feral,6,2,4
bleeding-hollow,138,druid,feral,8,4,4
whisperwind,128,druid,feral,4,2,2
darkspear,128,druid,feral,4,2,2
drenden,96,druid,feral,3,2,1
zuljin,96,druid,feral,3,2,1
emerald-dream,96,druid,feral,3,2,1
quelthalas,96,druid,feral,6,1,5
illidan,96,druid,feral,6,1,5
illidan,96,druid,feral,6,1,5
ragnaros,96,druid,feral,6,1,5
stormrage,96,druid,feral,6,1,5
malganis,96,druid,feral,6,1,5
area-52,96,druid,feral,6,1,5
area-52,96,druid,feral,6,1,5
darkspear,96,druid,feral,6,1,5
moon-guard,96,druid,feral,6,1,5
skywall,96,druid,feral,6,1,5
tichondrius,96,druid,feral,6,1,5
black-dragonflight,96,druid,feral,6,1,5
zuljin,96,druid,feral,6,1,5
area-52,96,druid,feral,6,1,5
bleeding-hollow,96,druid,feral,6,1,5
aegwynn,96,druid,feral,6,1,5
tichondrius,96,druid,feral,6,1,5
azralon,96,druid,feral,6,1,5
crushridge,96,druid,feral,6,1,5
sargeras,96,druid,feral,6,1,5
tichondrius,96,druid,feral,6,1,5
blades-edge,96,druid,feral,6,1,5
tichondrius,96,druid,feral,6,1,5
bleeding-hollow,96,druid,feral,6,1,5
deathwing,96,druid,feral,6,1,5
emerald-dream,96,druid,feral,6,1,5
vashj,96,druid,feral,6,1,5
tichondrius,96,druid,feral,6,1,5
emerald-dream,96,druid,feral,6,1,5
zuljin,96,druid,feral,12,1,11
quelthalas,95,druid,feral,6,1,5
frostmourne,79,druid,feral,5,1,4
bleeding-hollow,48,druid,feral,3,1,2
nemesis,31,druid,feral,2,1,1
kelthuzad,16,druid,feral,1,1,0
tichondrius,2324,druid,balance,83,54,29
tanaris,2272,druid,balance,96,55,41
tichondrius,2139,druid,balance,82,48,34
quelthalas,2137,druid,balance,89,58,31
malganis,2131,druid,balance,88,47,41
illidan,2130,druid,balance,53,43,10
tichondrius,2108,druid,balance,72,38,34
frostmourne,2104,druid,balance,84,54,30
farstriders,2102,druid,balance,92,48,44
shadowsong,2059,druid,balance,54,31,23
darkspear,2018,druid,balance,105,62,43
nagrand,1986,druid,balance,83,45,38
illidan,1974,druid,balance,48,27,21
frostmourne,1969,druid,balance,30,24,6
tichondrius,1965,druid,balance,64,34,30
quelthalas,1960,druid,balance,56,33,23
aerie-peak,1952,druid,balance,60,33,27
cenarion-circle,1951,druid,balance,42,26,16
sargeras,1941,druid,balance,76,44,32
sargeras,1922,druid,balance,78,46,32
sargeras,1919,druid,balance,54,37,17
frostmourne,1914,druid,balance,65,35,30
tichondrius,1911,druid,balance,67,37,30
balnazzar,1884,druid,balance,42,36,6
azralon,1879,druid,balance,66,33,33
area-52,1878,druid,balance,30,20,10
dalaran,1877,druid,balance,32,25,7
azralon,1877,druid,balance,59,32,27
dentarg,1876,druid,balance,60,32,28
stormrage,1875,druid,balance,59,29,30
malganis,1870,druid,balance,42,26,16
laughing-skull,1848,druid,balance,48,28,20
malganis,1847,druid,balance,44,31,13
stormrage,1847,druid,balance,48,30,18
area-52,1842,druid,balance,72,37,35
tichondrius,1835,druid,balance,48,29,19
tichondrius,1832,druid,balance,66,30,36
stormrage,1830,druid,balance,83,50,33
nemesis,1829,druid,balance,42,25,17
kelthuzad,1829,druid,balance,54,32,22
illidan,1827,druid,balance,30,26,4
frostmourne,1821,druid,balance,66,38,28
area-52,1817,druid,balance,34,25,9
area-52,1816,druid,balance,48,30,18
illidan,1810,druid,balance,60,36,24
kelthuzad,1808,druid,balance,36,20,16
tichondrius,1807,druid,balance,24,19,5
bleeding-hollow,1799,druid,balance,50,29,21
kelthuzad,1796,druid,balance,51,28,23
tichondrius,1785,druid,balance,36,21,15
queldorei,1779,druid,balance,60,28,32
tichondrius,1772,druid,balance,42,21,21
zuljin,1769,druid,balance,36,23,13
nemesis,1762,druid,balance,59,33,26
tichondrius,1755,druid,balance,48,31,17
quelthalas,1755,druid,balance,36,21,15
tichondrius,1746,druid,balance,53,26,27
tichondrius,1736,druid,balance,36,21,15
thrall,1734,druid,balance,56,27,29
area-52,1732,druid,balance,42,21,21
moon-guard,1724,druid,balance,36,21,15
tichondrius,1724,druid,balance,36,20,16
area-52,1719,druid,balance,42,24,18
illidan,1718,druid,balance,42,21,21
frostmourne,1711,druid,balance,30,21,9
goldrinn,1711,druid,balance,140,74,66
azralon,1704,druid,balance,30,19,11
malganis,1696,druid,balance,98,56,42
kelthuzad,1685,druid,balance,36,25,11
stormrage,1684,druid,balance,36,21,15
tichondrius,1682,druid,balance,42,29,13
illidan,1665,druid,balance,45,32,13
illidan,1662,druid,balance,42,25,17
rexxar,1661,druid,balance,36,27,9
sargeras,1660,druid,balance,36,19,17
tichondrius,1658,druid,balance,30,24,6
stormrage,1653,druid,balance,36,21,15
wyrmrest-accord,1646,druid,balance,65,42,23
sargeras,1630,druid,balance,24,17,7
sargeras,1627,druid,balance,24,17,7
tichondrius,1625,druid,balance,24,17,7
tichondrius,1621,druid,balance,36,22,14
illidan,1617,druid,balance,48,20,28
thrall,1615,druid,balance,36,22,14
frostmourne,1605,druid,balance,27,19,8
sargeras,1597,druid,balance,84,46,38
stormrage,1597,druid,balance,48,26,22
ysera,1595,druid,balance,42,20,22
bleeding-hollow,1591,druid,balance,42,25,17
proudmoore,1579,druid,balance,36,22,14
tichondrius,1575,druid,balance,38,25,13
dalaran,1569,druid,balance,32,20,12
moon-guard,1564,druid,balance,66,38,28
stormrage,1563,druid,balance,79,44,35
bloodhoof,1563,druid,balance,36,18,18
proudmoore,1560,druid,balance,63,29,34
sargeras,1557,druid,balance,24,20,4
illidan,1550,druid,balance,29,17,12
emerald-dream,1550,druid,balance,72,41,31
stormrage,1550,druid,balance,36,17,19
tichondrius,1534,druid,balance,36,26,10
tichondrius,1534,druid,balance,30,16,14
emerald-dream,1532,druid,balance,42,23,19
arygos,1526,druid,balance,18,16,2
lightnings-blade,1524,druid,balance,73,38,35
ysondre,1522,druid,balance,59,30,29
sargeras,1517,druid,balance,36,17,19
area-52,1510,druid,balance,24,16,8
stormrage,1510,druid,balance,60,35,25
tichondrius,1496,druid,balance,41,23,18
blackrock,1485,druid,balance,42,22,20
ragnaros,1482,druid,balance,29,16,13
malganis,1482,druid,balance,36,19,17
nordrassil,1479,druid,balance,35,16,19
tichondrius,1473,druid,balance,30,22,8
moon-guard,1468,druid,balance,107,59,48
emerald-dream,1465,druid,balance,29,17,12
tichondrius,1457,druid,balance,95,52,43
malganis,1455,druid,balance,29,17,12
tichondrius,1452,druid,balance,35,16,19
blackrock,1444,druid,balance,84,45,39
tichondrius,1439,druid,balance,24,15,9
sargeras,1437,druid,balance,18,15,3
tichondrius,1433,druid,balance,49,28,21
zuljin,1432,druid,balance,18,15,3
cairne,1431,druid,balance,24,15,9
kelthuzad,1430,druid,balance,70,41,29
sargeras,1427,druid,balance,54,36,18
tichondrius,1426,druid,balance,24,15,9
frostmourne,1423,druid,balance,45,24,21
ghostlands,1422,druid,balance,41,21,20
chogall,1419,druid,balance,24,15,9
barthilas,1409,druid,balance,30,15,15
illidan,1408,druid,balance,60,30,30
tichondrius,1406,druid,balance,36,21,15
kiljaeden,1404,druid,balance,26,17,9
malganis,1375,druid,balance,36,18,18
malganis,1374,druid,balance,54,27,27
the-forgotten-coast,1373,druid,balance,26,16,10
thrall,1369,druid,balance,23,15,8
frostmourne,1364,druid,balance,24,16,8
aerie-peak,1363,druid,balance,72,34,38
icecrown,1348,druid,balance,54,31,23
kelthuzad,1347,druid,balance,24,15,9
tichondrius,1344,druid,balance,18,14,4
frostmourne,1344,druid,balance,35,18,17
illidan,1341,druid,balance,21,15,6
tichondrius,1340,druid,balance,18,14,4
proudmoore,1336,druid,balance,29,16,13
firetree,1335,druid,balance,24,14,10
illidan,1333,druid,balance,30,14,16
emerald-dream,1324,druid,balance,22,15,7
quelthalas,1317,druid,balance,24,14,10
sargeras,1313,druid,balance,30,20,10
aegwynn,1310,druid,balance,30,19,11
thrall,1307,druid,balance,33,15,18
stonemaul,1298,druid,balance,57,32,25
stormreaver,1296,druid,balance,36,19,17
tichondrius,1293,druid,balance,30,16,14
ragnaros,1271,druid,balance,24,14,10
stormrage,1254,druid,balance,39,25,14
tichondrius,1248,druid,balance,18,13,5
moon-guard,1248,druid,balance,18,13,5
darkspear,1247,druid,balance,18,13,5
tichondrius,1247,druid,balance,18,13,5
tichondrius,1246,druid,balance,18,13,5
wyrmrest-accord,1246,druid,balance,24,13,11
uther,1246,druid,balance,24,13,11
tichondrius,1241,druid,balance,18,13,5
stormrage,1240,druid,balance,24,13,11
quelthalas,1237,druid,balance,24,13,11
stormrage,1235,druid,balance,36,14,22
area-52,1234,druid,balance,24,13,11
aggramar,1233,druid,balance,30,13,17
tichondrius,1232,druid,balance,34,15,19
tichondrius,1221,druid,balance,53,32,21
frostmourne,1219,druid,balance,18,13,5
shuhalo,1210,druid,balance,36,18,18
tichondrius,1210,druid,balance,49,24,25
tichondrius,1181,druid,balance,70,39,31
blackrock,1171,druid,balance,30,16,14
moon-guard,1167,druid,balance,17,13,4
tichondrius,1152,druid,balance,18,12,6
moon-guard,1152,druid,balance,24,12,12
illidan,1152,druid,balance,24,12,12
zuljin,1151,druid,balance,18,12,6
tichondrius,1151,druid,balance,18,12,6
zuljin,1148,druid,balance,22,13,9
kelthuzad,1148,druid,balance,24,12,12
tichondrius,1146,druid,balance,18,12,6
nazjatar,1144,druid,balance,18,12,6
hyjal,1143,druid,balance,24,12,12
tichondrius,1142,druid,balance,24,12,12
frostmourne,1137,druid,balance,18,12,6
ravencrest,1129,druid,balance,24,12,12
ragnaros,1126,druid,balance,37,12,25
bleeding-hollow,1118,druid,balance,21,14,7
illidan,1090,druid,balance,27,13,14
zuljin,1056,druid,balance,24,11,13
bleeding-hollow,1055,druid,balance,18,11,7
thrall,1054,druid,balance,18,11,7
stormrage,1054,druid,balance,24,11,13
kelthuzad,1051,druid,balance,12,11,1
illidan,1050,druid,balance,18,11,7
sargeras,1048,druid,balance,18,11,7
tichondrius,1048,druid,balance,24,11,13
stormrage,1047,druid,balance,13,11,2
illidan,1047,druid,balance,21,12,9
kaelthas,1046,druid,balance,18,11,7
moon-guard,1046,druid,balance,18,11,7
auchindoun,1045,druid,balance,24,11,13
mannoroth,1038,druid,balance,22,12,10
malganis,1035,druid,balance,18,11,7
blackrock,1010,druid,balance,18,11,7
moon-guard,1007,druid,balance,15,11,4
tichondrius,992,druid,balance,16,11,5
tichondrius,983,druid,balance,17,11,6
bleeding-hollow,960,druid,balance,12,10,2
tichondrius,960,druid,balance,18,10,8
moon-guard,960,druid,balance,18,10,8
proudmoore,959,druid,balance,12,10,2
azralon,959,druid,balance,18,10,8
dragonmaw,959,druid,balance,18,10,8
emerald-dream,958,druid,balance,12,10,2
area-52,957,druid,balance,16,11,5
azralon,957,druid,balance,18,10,8
stormrage,952,druid,balance,24,10,14
kaelthas,922,druid,balance,42,22,20
tichondrius,910,druid,balance,62,31,31
area-52,885,druid,balance,82,33,49
stormrage,878,druid,balance,25,10,15
quelthalas,870,druid,balance,21,10,11
emerald-dream,864,druid,balance,12,9,3
bloodscalp,864,druid,balance,12,9,3
darkspear,864,druid,balance,18,9,9
tichondrius,864,druid,balance,18,9,9
frostmourne,864,druid,balance,18,9,9
quelthalas,864,druid,balance,18,9,9
illidan,864,druid,balance,18,9,9
zuljin,863,druid,balance,12,9,3
bleeding-hollow,863,druid,balance,12,9,3
bonechewer,862,druid,balance,12,9,3
area-52,862,druid,balance,18,9,9
illidan,861,druid,balance,18,9,9
ragnaros,856,druid,balance,12,9,3
malganis,842,druid,balance,24,11,13
barthilas,799,druid,balance,17,9,8
azralon,798,druid,balance,17,9,8
frostmourne,768,druid,balance,12,8,4
frostmourne,768,druid,balance,12,8,4
tichondrius,768,druid,balance,12,8,4
illidan,768,druid,balance,12,8,4
tichondrius,768,druid,balance,12,8,4
bleeding-hollow,768,druid,balance,12,8,4
nerzhul,768,druid,balance,12,8,4
tichondrius,768,druid,balance,12,8,4
emerald-dream,768,druid,balance,12,8,4
blackrock,768,druid,balance,12,8,4
stormrage,768,druid,balance,18,8,10
arygos,767,druid,balance,12,8,4
tichondrius,767,druid,balance,12,8,4
frostmourne,767,druid,balance,18,8,10
moon-guard,767,druid,balance,18,8,10
tichondrius,767,druid,balance,18,8,10
tichondrius,766,druid,balance,12,8,4
area-52,766,druid,balance,12,8,4
azralon,765,druid,balance,12,8,4
goldrinn,765,druid,balance,18,8,10
sargeras,764,druid,balance,13,10,3
area-52,764,druid,balance,18,8,10
tichondrius,764,druid,balance,18,8,10
sargeras,763,druid,balance,18,8,10
antonidas,756,druid,balance,12,8,4
tichondrius,734,druid,balance,10,9,1
nemesis,702,druid,balance,14,8,6
tichondrius,687,druid,balance,13,8,5
malganis,672,druid,balance,12,7,5
illidan,672,druid,balance,12,7,5
hyjal,672,druid,balance,12,7,5
tichondrius,672,druid,balance,12,7,5
kelthuzad,672,druid,balance,12,7,5
chogall,672,druid,balance,12,7,5
tichondrius,672,druid,balance,12,7,5
sargeras,672,druid,balance,12,7,5
thrall,672,druid,balance,12,7,5
veknilash,672,druid,balance,12,7,5
kelthuzad,672,druid,balance,12,7,5
tichondrius,672,druid,balance,18,7,11
aggramar,672,druid,balance,18,7,11
tichondrius,672,druid,balance,18,7,11
garrosh,672,druid,balance,18,7,11
frostmourne,671,druid,balance,12,7,5
zuljin,671,druid,balance,12,7,5
drakkari,671,druid,balance,12,7,5
malganis,671,druid,balance,12,7,5
earthen-ring,671,druid,balance,15,7,8
tichondrius,671,druid,balance,18,7,11
farstriders,670,druid,balance,12,7,5
nerzhul,670,druid,balance,12,7,5
tichondrius,669,druid,balance,12,7,5
frostmourne,669,druid,balance,12,7,5
stormrage,664,druid,balance,15,8,7
korgath,648,druid,balance,29,7,22
tichondrius,639,druid,balance,17,7,10
moon-guard,616,druid,balance,15,7,8
malganis,606,druid,balance,13,8,5
burning-legion,576,druid,balance,6,6,0
frostmourne,576,druid,balance,6,6,0
thrall,576,druid,balance,6,6,0
illidan,576,druid,balance,6,6,0
arathor,576,druid,balance,6,6,0
hellscream,576,druid,balance,6,6,0
kelthuzad,576,druid,balance,6,6,0
frostmane,576,druid,balance,6,6,0
zuljin,576,druid,balance,6,6,0
stormrage,576,druid,balance,6,6,0
illidan,576,druid,balance,6,6,0
tichondrius,576,druid,balance,6,6,0
eitrigg,576,druid,balance,12,6,6
executus,576,druid,balance,12,6,6
tichondrius,576,druid,balance,12,6,6
tichondrius,576,druid,balance,12,6,6
malganis,576,druid,balance,12,6,6
emerald-dream,576,druid,balance,12,6,6
stormrage,576,druid,balance,12,6,6
dalaran,576,druid,balance,12,6,6
sargeras,576,druid,balance,12,6,6
tichondrius,576,druid,balance,12,6,6
tichondrius,576,druid,balance,12,6,6
kiljaeden,576,druid,balance,12,6,6
bleeding-hollow,576,druid,balance,12,6,6
tichondrius,576,druid,balance,12,6,6
tichondrius,576,druid,balance,12,6,6
kiljaeden,576,druid,balance,12,6,6
tichondrius,576,druid,balance,16,7,9
thunderlord,576,druid,balance,14,6,8
stormreaver,576,druid,balance,18,6,12
azralon,575,druid,balance,6,6,0
malganis,575,druid,balance,12,8,4
thunderlord,575,druid,balance,12,6,6
bloodhoof,575,druid,balance,12,6,6
illidan,575,druid,balance,12,6,6
sargeras,575,druid,balance,12,6,6
echo-isles,575,druid,balance,12,6,6
senjin,575,druid,balance,12,6,6
tichondrius,575,druid,balance,18,6,12
barthilas,575,druid,balance,20,6,14
area-52,573,druid,balance,18,6,12
stormrage,511,druid,balance,11,6,5
tichondrius,511,druid,balance,20,6,14
wyrmrest-accord,510,druid,balance,11,6,5
laughing-skull,509,druid,balance,14,6,8
tichondrius,480,druid,balance,6,5,1
azralon,480,druid,balance,6,5,1
tichondrius,480,druid,balance,6,5,1
tichondrius,480,druid,balance,6,5,1
tichondrius,480,druid,balance,6,5,1
bonechewer,480,druid,balance,6,5,1
wyrmrest-accord,480,druid,balance,6,5,1
tichondrius,480,druid,balance,6,5,1
nerzhul,480,druid,balance,6,5,1
sargeras,480,druid,balance,6,5,1
kelthuzad,480,druid,balance,6,5,1
zuljin,480,druid,balance,6,5,1
stormrage,480,druid,balance,6,5,1
zuljin,480,druid,balance,6,5,1
nemesis,480,druid,balance,6,5,1
frostmourne,480,druid,balance,6,5,1
destromath,480,druid,balance,6,5,1
illidan,480,druid,balance,6,5,1
bleeding-hollow,480,druid,balance,6,5,1
spinebreaker,480,druid,balance,6,5,1
illidan,480,druid,balance,6,5,1
proudmoore,480,druid,balance,12,5,7
barthilas,480,druid,balance,12,5,7
malorne,480,druid,balance,12,5,7
illidan,480,druid,balance,12,5,7
sargeras,480,druid,balance,12,5,7
gurubashi,480,druid,balance,12,5,7
rivendare,480,druid,balance,12,5,7
tichondrius,480,druid,balance,12,5,7
ragnaros,480,druid,balance,12,5,7
darkspear,480,druid,balance,12,5,7
zuljin,480,druid,balance,12,5,7
gnomeregan,480,druid,balance,12,5,7
malganis,480,druid,balance,12,5,7
sargeras,480,druid,balance,12,5,7
emerald-dream,480,druid,balance,12,5,7
tichondrius,479,druid,balance,6,5,1
malganis,479,druid,balance,12,5,7
jubeithos,479,druid,balance,18,5,13
moon-guard,475,druid,balance,12,5,7
zuljin,447,druid,balance,11,5,6
quelthalas,426,druid,balance,12,6,6
illidan,416,druid,balance,10,5,5
bleeding-hollow,414,druid,balance,8,5,3
stormrage,384,druid,balance,6,4,2
sargeras,384,druid,balance,6,4,2
barthilas,384,druid,balance,6,4,2
barthilas,384,druid,balance,6,4,2
area-52,384,druid,balance,6,4,2
tichondrius,384,druid,balance,6,4,2
tichondrius,384,druid,balance,6,4,2
caelestrasz,384,druid,balance,6,4,2
elune,384,druid,balance,6,4,2
bleeding-hollow,384,druid,balance,6,4,2
alexstrasza,384,druid,balance,6,4,2
frostmourne,384,druid,balance,6,4,2
ragnaros,384,druid,balance,6,4,2
bleeding-hollow,384,druid,balance,6,4,2
kelthuzad,384,druid,balance,6,4,2
magtheridon,384,druid,balance,6,4,2
thrall,384,druid,balance,6,4,2
tichondrius,384,druid,balance,6,4,2
area-52,384,druid,balance,6,4,2
dalaran,384,druid,balance,6,4,2
frostwolf,384,druid,balance,6,4,2
illidan,384,druid,balance,6,4,2
tichondrius,384,druid,balance,6,4,2
tichondrius,384,druid,balance,6,4,2
tichondrius,384,druid,balance,6,4,2
silvermoon,384,druid,balance,6,4,2
area-52,384,druid,balance,6,4,2
stormrage,384,druid,balance,6,4,2
tichondrius,384,druid,balance,6,4,2
tichondrius,384,druid,balance,6,4,2
moon-guard,384,druid,balance,6,4,2
arthas,384,druid,balance,6,4,2
spirestone,384,druid,balance,6,4,2
frostmourne,384,druid,balance,6,4,2
illidan,384,druid,balance,6,4,2
zuljin,384,druid,balance,6,4,2
frostmourne,384,druid,balance,6,4,2
illidan,384,druid,balance,6,4,2
darkspear,384,druid,balance,6,4,2
frostmourne,384,druid,balance,6,4,2
sargeras,384,druid,balance,6,4,2
stormrage,384,druid,balance,9,5,4
jaedenar,384,druid,balance,12,4,8
tichondrius,384,druid,balance,12,4,8
spinebreaker,384,druid,balance,12,4,8
tichondrius,384,druid,balance,12,4,8
illidan,384,druid,balance,12,4,8
lightbringer,384,druid,balance,12,4,8
area-52,384,druid,balance,12,4,8
stormrage,384,druid,balance,12,4,8
stormrage,384,druid,balance,12,4,8
bleeding-hollow,384,druid,balance,12,4,8
area-52,384,druid,balance,12,4,8
warsong,384,druid,balance,18,4,14
tichondrius,383,druid,balance,6,4,2
blackhand,383,druid,balance,9,5,4
moon-guard,383,druid,balance,12,4,8
laughing-skull,383,druid,balance,12,4,8
sargeras,330,druid,balance,11,6,5
frostmourne,319,druid,balance,5,4,1
arygos,288,druid,balance,6,3,3
sargeras,288,druid,balance,6,3,3
hyjal,288,druid,balance,6,3,3
ragnaros,288,druid,balance,6,3,3
burning-legion,288,druid,balance,6,3,3
tichondrius,288,druid,balance,6,3,3
runetotem,288,druid,balance,6,3,3
zuljin,288,druid,balance,6,3,3
magtheridon,288,druid,balance,6,3,3
illidan,288,druid,balance,6,3,3
chogall,288,druid,balance,6,3,3
kaelthas,288,druid,balance,6,3,3
malganis,288,druid,balance,6,3,3
tichondrius,288,druid,balance,6,3,3
kelthuzad,288,druid,balance,6,3,3
illidan,288,druid,balance,6,3,3
illidan,288,druid,balance,6,3,3
wyrmrest-accord,288,druid,balance,6,3,3
tichondrius,288,druid,balance,6,3,3
korgath,288,druid,balance,6,3,3
blackrock,288,druid,balance,6,3,3
tichondrius,288,druid,balance,6,3,3
tichondrius,288,druid,balance,6,3,3
moon-guard,288,druid,balance,6,3,3
sargeras,288,druid,balance,6,3,3
tichondrius,288,druid,balance,6,3,3
area-52,288,druid,balance,6,3,3
proudmoore,288,druid,balance,6,3,3
tichondrius,288,druid,balance,6,3,3
area-52,288,druid,balance,6,3,3
sargeras,288,druid,balance,6,3,3
frostmourne,288,druid,balance,6,3,3
tichondrius,288,druid,balance,6,3,3
frostmourne,288,druid,balance,6,3,3
zuljin,288,druid,balance,6,3,3
mannoroth,288,druid,balance,6,3,3
stormrage,288,druid,balance,6,3,3
tol-barad,288,druid,balance,12,3,9
sargeras,288,druid,balance,12,3,9
magtheridon,288,druid,balance,12,3,9
nemesis,288,druid,balance,13,3,10
area-52,287,druid,balance,6,3,3
cenarius,287,druid,balance,6,3,3
thrall,287,druid,balance,12,3,9
quelthalas,286,druid,balance,6,3,3
frostmourne,271,druid,balance,11,3,8
sargeras,255,druid,balance,11,3,8
draka,254,druid,balance,18,4,14
zuljin,192,druid,balance,6,2,4
bleeding-hollow,192,druid,balance,6,2,4
tichondrius,192,druid,balance,6,2,4
tichondrius,192,druid,balance,6,2,4
ragnaros,192,druid,balance,6,2,4
azralon,192,druid,balance,6,2,4
tichondrius,192,druid,balance,6,2,4
kelthuzad,192,druid,balance,6,2,4
tichondrius,192,druid,balance,6,2,4
tichondrius,192,druid,balance,6,2,4
kelthuzad,192,druid,balance,6,2,4
sargeras,192,druid,balance,6,2,4
thrall,192,druid,balance,6,2,4
kelthuzad,192,druid,balance,6,2,4
chogall,192,druid,balance,6,2,4
quelthalas,192,druid,balance,6,2,4
uther,192,druid,balance,6,2,4
sargeras,192,druid,balance,6,2,4
sargeras,192,druid,balance,6,2,4
tichondrius,192,druid,balance,6,2,4
fizzcrank,192,druid,balance,6,2,4
stormrage,192,druid,balance,6,2,4
barthilas,192,druid,balance,6,2,4
kiljaeden,192,druid,balance,6,2,4
frostmourne,192,druid,balance,6,2,4
bleeding-hollow,192,druid,balance,6,2,4
moon-guard,192,druid,balance,6,2,4
moon-guard,192,druid,balance,6,2,4
duskwood,192,druid,balance,7,2,5
illidan,192,druid,balance,12,2,10
emerald-dream,191,druid,balance,12,2,10
kalecgos,159,druid,balance,5,2,3
frostmourne,96,druid,balance,3,2,1
bleeding-hollow,96,druid,balance,3,2,1
proudmoore,96,druid,balance,6,1,5
agamaggan,96,druid,balance,6,1,5
elune,96,druid,balance,6,1,5
illidan,96,druid,balance,6,1,5
tichondrius,96,druid,balance,6,1,5
whisperwind,96,druid,balance,6,1,5
proudmoore,96,druid,balance,6,1,5
thrall,96,druid,balance,6,1,5
ragnaros,96,druid,balance,6,1,5
bleeding-hollow,96,druid,balance,6,1,5
tichondrius,96,druid,balance,6,1,5
akama,96,druid,balance,6,1,5
bonechewer,96,druid,balance,6,1,5
malganis,96,druid,balance,6,1,5
turalyon,96,druid,balance,6,1,5
thunderlord,96,druid,balance,6,1,5
emerald-dream,96,druid,balance,6,1,5
emerald-dream,96,druid,balance,6,1,5
illidan,79,druid,balance,5,1,4
darkspear,63,druid,balance,2,2,0
terenas,48,druid,balance,3,1,2
malganis,2070,evoker,preservation,114,54,60
scilla,2064,evoker,preservation,84,42,42
whisperwind,1947,evoker,preservation,90,42,48
thrall,1902,evoker,preservation,60,31,29
area-52,1867,evoker,preservation,48,25,23
stormrage,1855,evoker,preservation,234,118,116
zuljin,1839,evoker,preservation,72,38,34
tichondrius,1837,evoker,preservation,60,32,28
ragnaros,1833,evoker,preservation,70,35,35
sargeras,1833,evoker,preservation,69,28,41
illidan,1818,evoker,preservation,130,70,60
tichondrius,1816,evoker,preservation,54,28,26
black-dragonflight,1809,evoker,preservation,130,69,61
proudmoore,1801,evoker,preservation,48,22,26
ragnaros,1800,evoker,preservation,70,33,37
tichondrius,1784,evoker,preservation,66,30,36
firetree,1771,evoker,preservation,115,67,48
illidan,1751,evoker,preservation,48,26,22
silvermoon,1748,evoker,preservation,72,35,37
area-52,1745,evoker,preservation,60,37,23
tichondrius,1736,evoker,preservation,137,63,74
area-52,1731,evoker,preservation,45,26,19
stormrage,1714,evoker,preservation,124,52,72
sargeras,1671,evoker,preservation,67,31,36
malganis,1660,evoker,preservation,42,23,19
tichondrius,1657,evoker,preservation,48,23,25
malganis,1636,evoker,preservation,78,38,40
bleeding-hollow,1633,evoker,preservation,53,30,23
tichondrius,1625,evoker,preservation,24,17,7
dunemaul,1623,evoker,preservation,30,17,13
tichondrius,1617,evoker,preservation,30,21,9
tichondrius,1610,evoker,preservation,97,51,46
hellscream,1609,evoker,preservation,48,22,26
lightbringer,1600,evoker,preservation,24,17,7
quelthalas,1598,evoker,preservation,79,43,36
mugthol,1589,evoker,preservation,61,32,29
moon-guard,1585,evoker,preservation,59,34,25
stormrage,1576,evoker,preservation,56,24,32
proudmoore,1523,evoker,preservation,56,27,29
kelthuzad,1520,evoker,preservation,32,19,13
tichondrius,1508,evoker,preservation,42,20,22
fizzcrank,1502,evoker,preservation,48,23,25
tichondrius,1485,evoker,preservation,39,16,23
illidan,1475,evoker,preservation,33,21,12
bleeding-hollow,1457,evoker,preservation,57,32,25
wyrmrest-accord,1456,evoker,preservation,60,36,24
frostmane,1450,evoker,preservation,53,20,33
sisters-of-elune,1447,evoker,preservation,58,30,28
emerald-dream,1439,evoker,preservation,30,15,15
bleeding-hollow,1427,evoker,preservation,41,16,25
malganis,1426,evoker,preservation,48,27,21
tichondrius,1421,evoker,preservation,52,25,27
sargeras,1405,evoker,preservation,54,32,22
tichondrius,1404,evoker,preservation,47,31,16
stormrage,1396,evoker,preservation,46,23,23
barthilas,1393,evoker,preservation,32,16,16
tichondrius,1389,evoker,preservation,59,24,35
proudmoore,1367,evoker,preservation,48,24,24
emerald-dream,1349,evoker,preservation,71,36,35
nemesis,1332,evoker,preservation,42,18,24
malganis,1328,evoker,preservation,23,16,7
malganis,1317,evoker,preservation,126,44,82
tichondrius,1305,evoker,preservation,24,14,10
daggerspine,1305,evoker,preservation,36,17,19
executus,1304,evoker,preservation,36,18,18
azralon,1289,evoker,preservation,30,14,16
tichondrius,1247,evoker,preservation,30,13,17
illidan,1246,evoker,preservation,34,19,15
moon-guard,1231,evoker,preservation,61,38,23
area-52,1228,evoker,preservation,46,14,32
kiljaeden,1226,evoker,preservation,21,14,7
illidan,1225,evoker,preservation,18,13,5
blackhand,1211,evoker,preservation,35,17,18
kelthuzad,1202,evoker,preservation,23,15,8
tichondrius,1202,evoker,preservation,30,13,17
thrall,1199,evoker,preservation,72,35,37
kelthuzad,1191,evoker,preservation,49,20,29
illidan,1181,evoker,preservation,25,14,11
illidan,1155,evoker,preservation,24,13,11
moon-guard,1154,evoker,preservation,30,13,17
executus,1152,evoker,preservation,30,12,18
stormrage,1151,evoker,preservation,18,12,6
malganis,1151,evoker,preservation,24,12,12
ragnaros,1150,evoker,preservation,24,12,12
akama,1133,evoker,preservation,45,17,28
tichondrius,1122,evoker,preservation,24,13,11
tichondrius,1118,evoker,preservation,28,13,15
azshara,1117,evoker,preservation,42,19,23
cenarion-circle,1101,evoker,preservation,62,38,24
spinebreaker,1100,evoker,preservation,15,13,2
azralon,1097,evoker,preservation,23,12,11
malganis,1097,evoker,preservation,81,39,42
tichondrius,1082,evoker,preservation,43,24,19
kelthuzad,1075,evoker,preservation,30,20,10
kiljaeden,1054,evoker,preservation,18,11,7
terokkar,1054,evoker,preservation,47,23,24
trollbane,1053,evoker,preservation,23,12,11
tichondrius,1052,evoker,preservation,18,11,7
sargeras,1051,evoker,preservation,24,11,13
darkspear,1046,evoker,preservation,18,11,7
sargeras,1039,evoker,preservation,18,11,7
sargeras,1037,evoker,preservation,18,11,7
illidan,1034,evoker,preservation,18,13,5
gallywix,1032,evoker,preservation,36,24,12
moon-guard,1026,evoker,preservation,39,12,27
magtheridon,990,evoker,preservation,19,12,7
vashj,989,evoker,preservation,27,13,14
sargeras,987,evoker,preservation,81,38,43
tichondrius,978,evoker,preservation,30,17,13
azralon,978,evoker,preservation,86,42,44
sargeras,971,evoker,preservation,135,50,85
illidan,960,evoker,preservation,18,10,8
wyrmrest-accord,959,evoker,preservation,24,10,14
emerald-dream,958,evoker,preservation,18,10,8
stormrage,949,evoker,preservation,18,10,8
bonechewer,949,evoker,preservation,36,11,25
lothar,926,evoker,preservation,26,11,15
nazjatar,904,evoker,preservation,30,16,14
ghostlands,865,evoker,preservation,25,10,15
illidan,864,evoker,preservation,12,9,3
moon-guard,864,evoker,preservation,25,9,16
bleeding-hollow,864,evoker,preservation,30,9,21
stormrage,863,evoker,preservation,18,9,9
skullcrusher,862,evoker,preservation,12,9,3
illidan,861,evoker,preservation,12,9,3
malganis,861,evoker,preservation,12,9,3
azralon,861,evoker,preservation,16,10,6
emerald-dream,860,evoker,preservation,30,9,21
tichondrius,858,evoker,preservation,30,9,21
kargath,855,evoker,preservation,27,10,17
sargeras,855,evoker,preservation,30,9,21
illidan,854,evoker,preservation,18,9,9
stormscale,852,evoker,preservation,24,9,15
garrosh,824,evoker,preservation,40,9,31
lightbringer,808,evoker,preservation,19,10,9
turalyon,768,evoker,preservation,12,8,4
malganis,768,evoker,preservation,12,8,4
stormrage,768,evoker,preservation,18,8,10
malganis,767,evoker,preservation,12,8,4
area-52,767,evoker,preservation,12,8,4
bloodscalp,766,evoker,preservation,12,8,4
sargeras,764,evoker,preservation,12,8,4
moon-guard,761,evoker,preservation,19,10,9
stormreaver,754,evoker,preservation,15,8,7
burning-legion,748,evoker,preservation,18,8,10
area-52,735,evoker,preservation,20,9,11
black-dragonflight,729,evoker,preservation,14,9,5
tichondrius,714,evoker,preservation,28,9,19
anvilmar,710,evoker,preservation,17,8,9
illidan,685,evoker,preservation,11,8,3
bleeding-hollow,672,evoker,preservation,12,7,5
elune,672,evoker,preservation,12,7,5
area-52,672,evoker,preservation,12,7,5
tichondrius,672,evoker,preservation,12,7,5
area-52,672,evoker,preservation,12,7,5
whisperwind,672,evoker,preservation,12,7,5
emerald-dream,672,evoker,preservation,18,7,11
area-52,671,evoker,preservation,12,7,5
tichondrius,671,evoker,preservation,18,7,11
aegwynn,670,evoker,preservation,12,7,5
aerie-peak,670,evoker,preservation,19,9,10
zuljin,669,evoker,preservation,12,7,5
spirestone,665,evoker,preservation,12,7,5
area-52,665,evoker,preservation,12,7,5
illidan,663,evoker,preservation,18,7,11
daggerspine,640,evoker,preservation,16,8,8
sargeras,640,evoker,preservation,17,7,10
moon-guard,638,evoker,preservation,23,7,16
blackrock,637,evoker,preservation,17,7,10
sargeras,623,evoker,preservation,12,8,4
barthilas,620,evoker,preservation,11,7,4
moon-guard,617,evoker,preservation,11,7,4
kelthuzad,617,evoker,preservation,17,9,8
ragnaros,607,evoker,preservation,11,7,4
moon-guard,604,evoker,preservation,36,7,29
tichondrius,576,evoker,preservation,6,6,0
lightbringer,576,evoker,preservation,6,6,0
proudmoore,576,evoker,preservation,12,6,6
stormrage,576,evoker,preservation,12,6,6
illidan,576,evoker,preservation,12,6,6
dalaran,576,evoker,preservation,12,6,6
thrall,576,evoker,preservation,12,6,6
icecrown,576,evoker,preservation,12,6,6
khadgar,576,evoker,preservation,12,6,6
rivendare,576,evoker,preservation,12,6,6
stormrage,576,evoker,preservation,12,6,6
quelthalas,576,evoker,preservation,12,6,6
ragnaros,576,evoker,preservation,15,7,8
dragonblight,576,evoker,preservation,18,6,12
stormrage,575,evoker,preservation,6,6,0
tichondrius,575,evoker,preservation,12,6,6
illidan,575,evoker,preservation,12,6,6
tichondrius,575,evoker,preservation,12,6,6
nerzhul,575,evoker,preservation,12,6,6
barthilas,575,evoker,preservation,12,6,6
sargeras,575,evoker,preservation,18,6,12
korgath,575,evoker,preservation,24,6,18
garithos,574,evoker,preservation,6,6,0
kiljaeden,570,evoker,preservation,18,6,12
sargeras,528,evoker,preservation,17,6,11
moon-guard,480,evoker,preservation,6,5,1
balnazzar,480,evoker,preservation,6,5,1
kelthuzad,480,evoker,preservation,6,5,1
tichondrius,480,evoker,preservation,6,5,1
sargeras,480,evoker,preservation,6,5,1
stormrage,480,evoker,preservation,6,5,1
tichondrius,480,evoker,preservation,6,5,1
moonrunner,480,evoker,preservation,12,5,7
tichondrius,480,evoker,preservation,12,5,7
illidan,480,evoker,preservation,12,5,7
tichondrius,480,evoker,preservation,12,5,7
sargeras,480,evoker,preservation,12,5,7
frostmourne,480,evoker,preservation,12,5,7
auchindoun,480,evoker,preservation,18,5,13
tichondrius,480,evoker,preservation,18,5,13
kirin-tor,479,evoker,preservation,6,5,1
tichondrius,479,evoker,preservation,12,5,7
dreadmaul,479,evoker,preservation,12,5,7
icecrown,479,evoker,preservation,12,5,7
sargeras,478,evoker,preservation,12,5,7
akama,477,evoker,preservation,12,5,7
illidan,476,evoker,preservation,12,5,7
tichondrius,463,evoker,preservation,23,5,18
dalaran,431,evoker,preservation,11,5,6
tichondrius,397,evoker,preservation,13,5,8
velen,384,evoker,preservation,6,4,2
ragnaros,384,evoker,preservation,6,4,2
area-52,384,evoker,preservation,6,4,2
quelthalas,384,evoker,preservation,6,4,2
sargeras,384,evoker,preservation,6,4,2
sargeras,384,evoker,preservation,6,4,2
shadow-council,384,evoker,preservation,6,4,2
dalaran,384,evoker,preservation,6,4,2
frostmourne,384,evoker,preservation,6,4,2
arthas,384,evoker,preservation,6,4,2
bleeding-hollow,384,evoker,preservation,6,4,2
magtheridon,384,evoker,preservation,6,4,2
bleeding-hollow,384,evoker,preservation,6,4,2
trollbane,384,evoker,preservation,6,4,2
stormrage,384,evoker,preservation,6,4,2
moon-guard,384,evoker,preservation,6,4,2
tichondrius,384,evoker,preservation,6,4,2
malganis,384,evoker,preservation,6,4,2
illidan,384,evoker,preservation,6,4,2
tichondrius,384,evoker,preservation,6,4,2
mannoroth,384,evoker,preservation,6,4,2
stormrage,384,evoker,preservation,10,5,5
wyrmrest-accord,384,evoker,preservation,12,4,8
tichondrius,384,evoker,preservation,12,4,8
firetree,384,evoker,preservation,12,4,8
dalvengyr,384,evoker,preservation,12,4,8
moon-guard,384,evoker,preservation,12,4,8
moon-guard,384,evoker,preservation,12,4,8
sargeras,384,evoker,preservation,12,4,8
sargeras,384,evoker,preservation,12,4,8
illidan,384,evoker,preservation,12,4,8
dentarg,384,evoker,preservation,18,4,14
thrall,384,evoker,preservation,18,4,14
barthilas,383,evoker,preservation,6,4,2
tichondrius,383,evoker,preservation,6,4,2
wyrmrest-accord,383,evoker,preservation,6,4,2
durotan,383,evoker,preservation,6,4,2
illidan,382,evoker,preservation,12,4,8
proudmoore,381,evoker,preservation,12,4,8
moknathal,366,evoker,preservation,11,4,7
boulderfist,350,evoker,preservation,8,5,3
ysera,304,evoker,preservation,7,4,3
tichondrius,288,evoker,preservation,6,3,3
tichondrius,288,evoker,preservation,6,3,3
stormrage,288,evoker,preservation,6,3,3
tichondrius,288,evoker,preservation,6,3,3
stormrage,288,evoker,preservation,6,3,3
korgath,288,evoker,preservation,6,3,3
malganis,288,evoker,preservation,6,3,3
tichondrius,288,evoker,preservation,6,3,3
bleeding-hollow,288,evoker,preservation,6,3,3
quelthalas,288,evoker,preservation,6,3,3
tichondrius,288,evoker,preservation,6,3,3
haomarush,288,evoker,preservation,6,3,3
stormreaver,288,evoker,preservation,6,3,3
frostmourne,288,evoker,preservation,6,3,3
caelestrasz,288,evoker,preservation,6,3,3
anvilmar,288,evoker,preservation,6,3,3
madoran,288,evoker,preservation,6,3,3
sargeras,288,evoker,preservation,6,3,3
boulderfist,288,evoker,preservation,6,3,3
proudmoore,288,evoker,preservation,6,3,3
sargeras,288,evoker,preservation,6,3,3
illidan,288,evoker,preservation,6,3,3
moon-guard,288,evoker,preservation,6,3,3
proudmoore,288,evoker,preservation,12,3,9
elune,288,evoker,preservation,12,3,9
area-52,288,evoker,preservation,12,3,9
chogall,287,evoker,preservation,6,3,3
burning-legion,287,evoker,preservation,6,3,3
area-52,287,evoker,preservation,6,3,3
tichondrius,255,evoker,preservation,11,3,8
emerald-dream,222,evoker,preservation,8,3,5
tichondrius,192,evoker,preservation,6,2,4
emerald-dream,192,evoker,preservation,6,2,4
tichondrius,192,evoker,preservation,6,2,4
azralon,192,evoker,preservation,6,2,4
burning-blade,192,evoker,preservation,6,2,4
area-52,192,evoker,preservation,6,2,4
area-52,192,evoker,preservation,6,2,4
frostmourne,192,evoker,preservation,6,2,4
magtheridon,192,evoker,preservation,6,2,4
proudmoore,192,evoker,preservation,6,2,4
illidan,192,evoker,preservation,6,2,4
barthilas,192,evoker,preservation,6,2,4
frostmourne,192,evoker,preservation,6,2,4
blackhand,192,evoker,preservation,6,2,4
illidan,192,evoker,preservation,6,2,4
moon-guard,192,evoker,preservation,6,2,4
frostmane,192,evoker,preservation,6,2,4
area-52,192,evoker,preservation,6,2,4
sargeras,192,evoker,preservation,6,2,4
tichondrius,192,evoker,preservation,6,2,4
zuljin,192,evoker,preservation,6,2,4
tichondrius,192,evoker,preservation,6,2,4
malganis,192,evoker,preservation,6,2,4
area-52,192,evoker,preservation,6,2,4
moon-guard,192,evoker,preservation,12,2,10
bonechewer,192,evoker,preservation,12,2,10
aerie-peak,191,evoker,preservation,4,3,1
ragnaros,191,evoker,preservation,6,2,4
emerald-dream,191,evoker,preservation,6,2,4
tichondrius,138,evoker,preservation,10,4,6
illidan,138,evoker,preservation,8,3,5
stormrage,138,evoker,preservation,14,3,11
tichondrius,96,evoker,preservation,6,1,5
emerald-dream,96,evoker,preservation,6,1,5
wyrmrest-accord,96,evoker,preservation,6,1,5
tichondrius,96,evoker,preservation,6,1,5
tichondrius,96,evoker,preservation,6,1,5
zuljin,96,evoker,preservation,6,1,5
tichondrius,96,evoker,preservation,6,1,5
barthilas,96,evoker,preservation,6,1,5
malganis,96,evoker,preservation,6,1,5
stormrage,96,evoker,preservation,6,1,5
tichondrius,96,evoker,preservation,6,1,5
frostmourne,96,evoker,preservation,6,1,5
frostmourne,96,evoker,preservation,6,1,5
chogall,96,evoker,preservation,12,1,11
illidan,64,evoker,preservation,4,1,3
barthilas,42,evoker,preservation,8,2,6
illidan,42,evoker,preservation,22,2,20
proudmoore,1992,evoker,devastation,101,50,51
bleeding-hollow,1965,evoker,devastation,84,44,40
emerald-dream,1922,evoker,devastation,104,49,55
area-52,1891,evoker,devastation,90,48,42
illidan,1861,evoker,devastation,59,30,29
tichondrius,1856,evoker,devastation,64,32,32
illidan,1854,evoker,devastation,96,51,45
emerald-dream,1850,evoker,devastation,46,25,21
area-52,1844,evoker,devastation,54,31,23
dalaran,1826,evoker,devastation,42,30,12
sargeras,1826,evoker,devastation,36,22,14
mannoroth,1826,evoker,devastation,71,40,31
tichondrius,1824,evoker,devastation,48,29,19
illidan,1813,evoker,devastation,72,34,38
proudmoore,1802,evoker,devastation,48,29,19
area-52,1784,evoker,devastation,60,30,30
twisting-nether,1770,evoker,devastation,68,36,32
tichondrius,1760,evoker,devastation,54,36,18
moon-guard,1756,evoker,devastation,36,20,16
gilneas,1748,evoker,devastation,68,44,24
ragnaros,1737,evoker,devastation,121,65,56
tichondrius,1725,evoker,devastation,60,30,30
alterac-mountains,1718,evoker,devastation,109,59,50
tichondrius,1703,evoker,devastation,30,21,9
stormrage,1701,evoker,devastation,42,23,19
illidan,1693,evoker,devastation,48,24,24
moon-guard,1690,evoker,devastation,84,59,25
moon-guard,1660,evoker,devastation,84,44,40
malganis,1660,evoker,devastation,57,27,30
sargeras,1659,evoker,devastation,42,23,19
tichondrius,1655,evoker,devastation,59,28,31
arygos,1648,evoker,devastation,29,18,11
thrall,1646,evoker,devastation,66,39,27
area-52,1644,evoker,devastation,36,20,16
borean-tundra,1607,evoker,devastation,24,17,7
stormrage,1604,evoker,devastation,36,19,17
illidan,1594,evoker,devastation,30,19,11
stormrage,1593,evoker,devastation,69,33,36
tichondrius,1591,evoker,devastation,36,19,17
stormrage,1590,evoker,devastation,31,19,12
proudmoore,1585,evoker,devastation,72,41,31
tichondrius,1559,evoker,devastation,48,20,28
ragnaros,1550,evoker,devastation,35,18,17
tichondrius,1523,evoker,devastation,75,40,35
tichondrius,1522,evoker,devastation,34,17,17
wyrmrest-accord,1512,evoker,devastation,40,22,18
shattered-hand,1510,evoker,devastation,48,24,24
area-52,1507,evoker,devastation,30,16,14
boulderfist,1502,evoker,devastation,36,20,16
sargeras,1501,evoker,devastation,30,16,14
illidan,1499,evoker,devastation,30,16,14
kiljaeden,1498,evoker,devastation,30,16,14
drakkari,1492,evoker,devastation,42,22,20
tichondrius,1470,evoker,devastation,40,23,17
firetree,1461,evoker,devastation,36,18,18
moon-guard,1454,evoker,devastation,41,23,18
proudmoore,1450,evoker,devastation,48,22,26
area-52,1441,evoker,devastation,72,35,37
ysera,1427,evoker,devastation,36,16,20
illidan,1423,evoker,devastation,36,16,20
zuljin,1421,evoker,devastation,72,39,33
kiljaeden,1416,evoker,devastation,45,23,22
firetree,1402,evoker,devastation,30,15,15
malganis,1393,evoker,devastation,87,48,39
thrall,1384,evoker,devastation,41,24,17
wyrmrest-accord,1368,evoker,devastation,57,26,31
tichondrius,1363,evoker,devastation,51,29,22
thunderlord,1339,evoker,devastation,36,15,21
area-52,1333,evoker,devastation,30,15,15
stormrage,1323,evoker,devastation,36,17,19
tichondrius,1317,evoker,devastation,42,22,20
thrall,1302,evoker,devastation,24,14,10
illidan,1297,evoker,devastation,30,14,16
ysera,1293,evoker,devastation,36,18,18
tortheldrin,1292,evoker,devastation,36,18,18
stormrage,1282,evoker,devastation,30,16,14
illidan,1262,evoker,devastation,40,18,22
area-52,1246,evoker,devastation,24,13,11
wyrmrest-accord,1244,evoker,devastation,27,14,13
moon-guard,1239,evoker,devastation,18,13,5
agamaggan,1239,evoker,devastation,18,13,5
gilneas,1223,evoker,devastation,29,13,16
quelthalas,1219,evoker,devastation,42,21,21
thrall,1193,evoker,devastation,30,15,15
proudmoore,1186,evoker,devastation,36,14,22
drakkari,1178,evoker,devastation,52,24,28
sargeras,1172,evoker,devastation,22,13,9
scarlet-crusade,1160,evoker,devastation,21,14,7
tichondrius,1152,evoker,devastation,18,12,6
drenden,1150,evoker,devastation,30,12,18
argent-dawn,1147,evoker,devastation,24,12,12
area-52,1133,evoker,devastation,24,12,12
moon-guard,1087,evoker,devastation,28,12,16
malganis,1086,evoker,devastation,31,13,18
barthilas,1084,evoker,devastation,30,13,17
caelestrasz,1056,evoker,devastation,15,12,3
frostmourne,1055,evoker,devastation,18,11,7
frostmourne,1054,evoker,devastation,24,11,13
emerald-dream,1040,evoker,devastation,15,12,3
illidan,1038,evoker,devastation,22,12,10
sargeras,1031,evoker,devastation,18,11,7
tichondrius,1030,evoker,devastation,16,12,4
azralon,1006,evoker,devastation,18,13,5
sargeras,960,evoker,devastation,12,10,2
tichondrius,960,evoker,devastation,16,11,5
dalaran,960,evoker,devastation,18,10,8
tichondrius,960,evoker,devastation,18,10,8
sargeras,959,evoker,devastation,18,10,8
stormreaver,959,evoker,devastation,18,10,8
lothar,958,evoker,devastation,18,10,8
dalaran,956,evoker,devastation,18,10,8
blackrock,953,evoker,devastation,18,10,8
thrall,925,evoker,devastation,23,10,13
drakkari,924,evoker,devastation,14,11,3
black-dragonflight,918,evoker,devastation,26,13,13
kelthuzad,912,evoker,devastation,15,11,4
area-52,911,evoker,devastation,22,12,10
thrall,895,evoker,devastation,17,10,7
sargeras,894,evoker,devastation,20,10,10
shuhalo,864,evoker,devastation,12,9,3
hyjal,864,evoker,devastation,18,9,9
area-52,864,evoker,devastation,18,9,9
emerald-dream,863,evoker,devastation,18,9,9
saurfang,863,evoker,devastation,18,9,9
stormrage,863,evoker,devastation,24,9,15
moon-guard,862,evoker,devastation,12,9,3
tichondrius,861,evoker,devastation,18,9,9
skullcrusher,859,evoker,devastation,18,9,9
draenor,855,evoker,devastation,18,9,9
stormrage,843,evoker,devastation,12,9,3
moon-guard,843,evoker,devastation,20,9,11
azralon,840,evoker,devastation,18,9,9
greymane,814,evoker,devastation,15,9,6
tichondrius,814,evoker,devastation,23,9,14
frostmourne,812,evoker,devastation,17,9,8
wyrmrest-accord,768,evoker,devastation,12,8,4
area-52,768,evoker,devastation,21,9,12
magtheridon,767,evoker,devastation,18,8,10
akama,767,evoker,devastation,18,8,10
wyrmrest-accord,765,evoker,devastation,18,8,10
vashj,763,evoker,devastation,12,8,4
thunderlord,759,evoker,devastation,12,8,4
illidan,754,evoker,devastation,12,8,4
tichondrius,741,evoker,devastation,19,8,11
thrall,736,evoker,devastation,10,9,1
bleeding-hollow,703,evoker,devastation,16,8,8
ghostlands,693,evoker,devastation,14,8,6
tichondrius,672,evoker,devastation,12,7,5
area-52,672,evoker,devastation,12,7,5
sargeras,672,evoker,devastation,12,7,5
proudmoore,672,evoker,devastation,12,7,5
tichondrius,672,evoker,devastation,12,7,5
tichondrius,672,evoker,devastation,16,8,8
azralon,671,evoker,devastation,12,7,5
rexxar,671,evoker,devastation,12,7,5
bleeding-hollow,671,evoker,devastation,12,7,5
illidan,642,evoker,devastation,30,7,23
area-52,591,evoker,devastation,13,7,6
elune,576,evoker,devastation,6,6,0
barthilas,576,evoker,devastation,6,6,0
zuljin,576,evoker,devastation,6,6,0
stormrage,576,evoker,devastation,12,6,6
frostmourne,576,evoker,devastation,12,6,6
illidan,576,evoker,devastation,12,6,6
blackrock,576,evoker,devastation,12,6,6
blackhand,576,evoker,devastation,12,6,6
stormrage,576,evoker,devastation,12,6,6
wyrmrest-accord,576,evoker,devastation,12,6,6
daggerspine,576,evoker,devastation,12,6,6
thunderlord,576,evoker,devastation,12,6,6
zuljin,576,evoker,devastation,12,6,6
arthas,576,evoker,devastation,12,6,6
quelthalas,576,evoker,devastation,12,6,6
skullcrusher,576,evoker,devastation,18,6,12
jubeithos,575,evoker,devastation,12,6,6
thrall,575,evoker,devastation,13,6,7
tichondrius,575,evoker,devastation,18,6,12
azralon,574,evoker,devastation,12,6,6
wyrmrest-accord,572,evoker,devastation,12,6,6
sisters-of-elune,542,evoker,devastation,11,6,5
emerald-dream,527,evoker,devastation,11,6,5
tichondrius,527,evoker,devastation,11,6,5
frostmourne,511,evoker,devastation,14,6,8
moon-guard,480,evoker,devastation,6,5,1
malganis,480,evoker,devastation,6,5,1
drakkari,480,evoker,devastation,6,5,1
korgath,480,evoker,devastation,6,5,1
tichondrius,480,evoker,devastation,6,5,1
tichondrius,480,evoker,devastation,6,5,1
sargeras,480,evoker,devastation,12,5,7
sargeras,480,evoker,devastation,12,5,7
korgath,480,evoker,devastation,12,5,7
executus,480,evoker,devastation,12,5,7
greymane,480,evoker,devastation,12,5,7
saurfang,480,evoker,devastation,12,5,7
baelgun,480,evoker,devastation,12,5,7
haomarush,480,evoker,devastation,12,5,7
moon-guard,480,evoker,devastation,12,5,7
stormrage,480,evoker,devastation,12,5,7
stormrage,480,evoker,devastation,12,5,7
moon-guard,480,evoker,devastation,12,5,7
moon-guard,480,evoker,devastation,12,5,7
trollbane,480,evoker,devastation,12,5,7
amanthul,479,evoker,devastation,6,5,1
lothar,479,evoker,devastation,12,5,7
zuljin,479,evoker,devastation,12,5,7
azralon,479,evoker,devastation,18,5,13
stormrage,476,evoker,devastation,24,5,19
proudmoore,473,evoker,devastation,14,5,9
zuljin,463,evoker,devastation,19,5,14
azralon,432,evoker,devastation,9,5,4
kelthuzad,400,evoker,devastation,13,5,8
zangarmarsh,384,evoker,devastation,6,4,2
proudmoore,384,evoker,devastation,6,4,2
whisperwind,384,evoker,devastation,6,4,2
sargeras,384,evoker,devastation,6,4,2
tichondrius,384,evoker,devastation,6,4,2
ragnaros,384,evoker,devastation,6,4,2
wyrmrest-accord,384,evoker,devastation,6,4,2
wyrmrest-accord,384,evoker,devastation,6,4,2
thrall,384,evoker,devastation,6,4,2
ragnaros,384,evoker,devastation,6,4,2
sargeras,384,evoker,devastation,6,4,2
tichondrius,384,evoker,devastation,6,4,2
tichondrius,384,evoker,devastation,6,4,2
azralon,384,evoker,devastation,6,4,2
frostwolf,384,evoker,devastation,6,4,2
thrall,384,evoker,devastation,6,4,2
whisperwind,384,evoker,devastation,6,4,2
bleeding-hollow,384,evoker,devastation,12,4,8
area-52,384,evoker,devastation,12,4,8
nazjatar,384,evoker,devastation,12,4,8
stormrage,384,evoker,devastation,12,4,8
dalaran,384,evoker,devastation,12,4,8
stormrage,384,evoker,devastation,12,4,8
gorefiend,384,evoker,devastation,12,4,8
tichondrius,384,evoker,devastation,12,4,8
illidan,384,evoker,devastation,18,4,14
spirestone,384,evoker,devastation,18,4,14
stormrage,383,evoker,devastation,6,4,2
tichondrius,382,evoker,devastation,6,4,2
area-52,336,evoker,devastation,9,4,5
stormrage,335,evoker,devastation,11,4,7
illidan,320,evoker,devastation,10,4,6
area-52,319,evoker,devastation,5,4,1
tichondrius,304,evoker,devastation,7,4,3
area-52,288,evoker,devastation,6,3,3
tichondrius,288,evoker,devastation,6,3,3
stormrage,288,evoker,devastation,6,3,3
icecrown,288,evoker,devastation,6,3,3
kiljaeden,288,evoker,devastation,6,3,3
frostmourne,288,evoker,devastation,6,3,3
aegwynn,288,evoker,devastation,6,3,3
kiljaeden,288,evoker,devastation,6,3,3
hyjal,288,evoker,devastation,6,3,3
illidan,288,evoker,devastation,6,3,3
ragnaros,288,evoker,devastation,6,3,3
tichondrius,288,evoker,devastation,6,3,3
tichondrius,288,evoker,devastation,6,3,3
area-52,288,evoker,devastation,6,3,3
area-52,288,evoker,devastation,6,3,3
ragnaros,288,evoker,devastation,6,3,3
moon-guard,288,evoker,devastation,6,3,3
darkspear,288,evoker,devastation,6,3,3
sargeras,288,evoker,devastation,6,3,3
frostwolf,288,evoker,devastation,6,3,3
azralon,288,evoker,devastation,6,3,3
staghelm,288,evoker,devastation,6,3,3
borean-tundra,288,evoker,devastation,6,3,3
dentarg,288,evoker,devastation,6,3,3
azuremyst,288,evoker,devastation,6,3,3
frostmourne,288,evoker,devastation,6,3,3
anubarak,288,evoker,devastation,6,3,3
wyrmrest-accord,288,evoker,devastation,6,3,3
thrall,288,evoker,devastation,6,3,3
black-dragonflight,288,evoker,devastation,6,3,3
area-52,288,evoker,devastation,10,4,6
emerald-dream,288,evoker,devastation,12,3,9
zangarmarsh,288,evoker,devastation,12,3,9
elune,288,evoker,devastation,12,3,9
stormrage,288,evoker,devastation,12,3,9
aerie-peak,287,evoker,devastation,6,3,3
blackrock,287,evoker,devastation,12,3,9
uldaman,286,evoker,devastation,6,3,3
area-52,234,evoker,devastation,10,5,5
tichondrius,224,evoker,devastation,10,3,7
nazjatar,192,evoker,devastation,6,2,4
lightbringer,192,evoker,devastation,6,2,4
area-52,192,evoker,devastation,6,2,4
illidan,192,evoker,devastation,6,2,4
mugthol,192,evoker,devastation,6,2,4
stormrage,192,evoker,devastation,6,2,4
stormrage,192,evoker,devastation,6,2,4
illidan,192,evoker,devastation,6,2,4
illidan,192,evoker,devastation,6,2,4
frostmourne,192,evoker,devastation,6,2,4
stormrage,192,evoker,devastation,6,2,4
nerzhul,192,evoker,devastation,6,2,4
illidan,192,evoker,devastation,6,2,4
kelthuzad,192,evoker,devastation,6,2,4
bloodhoof,192,evoker,devastation,6,2,4
altar-of-storms,192,evoker,devastation,6,2,4
tichondrius,192,evoker,devastation,6,2,4
skullcrusher,192,evoker,devastation,6,2,4
madoran,192,evoker,devastation,6,2,4
illidan,192,evoker,devastation,6,2,4
frostmourne,192,evoker,devastation,6,2,4
sargeras,192,evoker,devastation,6,2,4
illidan,192,evoker,devastation,8,2,6
tichondrius,192,evoker,devastation,12,2,10
stormrage,191,evoker,devastation,6,2,4
thrall,191,evoker,devastation,6,2,4
thunderlord,191,evoker,devastation,12,2,10
tichondrius,159,evoker,devastation,5,2,3
emerald-dream,159,evoker,devastation,5,2,3
illidan,128,evoker,devastation,4,2,2
sargeras,96,evoker,devastation,3,2,1
sargeras,96,evoker,devastation,6,1,5
moon-guard,96,evoker,devastation,6,1,5
frostmourne,96,evoker,devastation,6,1,5
wyrmrest-accord,96,evoker,devastation,6,1,5
bleeding-hollow,96,evoker,devastation,6,1,5
thrall,96,evoker,devastation,6,1,5
ragnaros,96,evoker,devastation,6,1,5
ragnaros,96,evoker,devastation,6,1,5
daggerspine,96,evoker,devastation,12,1,11
area-52,79,evoker,devastation,5,1,4
shattered-hand,64,evoker,devastation,4,1,3
wyrmrest-accord,64,evoker,devastation,4,1,3
emerald-dream,2003,hunter,marksmanship,70,34,36
area-52,1958,hunter,marksmanship,72,38,34
sargeras,1853,hunter,marksmanship,48,29,19
spinebreaker,1848,hunter,marksmanship,48,31,17
tichondrius,1829,hunter,marksmanship,95,45,50
quelthalas,1816,hunter,marksmanship,48,27,21
tichondrius,1815,hunter,marksmanship,30,19,11
kiljaeden,1814,hunter,marksmanship,60,29,31
tichondrius,1810,hunter,marksmanship,86,43,43
tichondrius,1796,hunter,marksmanship,72,29,43
frostmourne,1765,hunter,marksmanship,48,21,27
tichondrius,1753,hunter,marksmanship,53,26,27
tichondrius,1715,hunter,marksmanship,30,19,11
daggerspine,1704,hunter,marksmanship,41,31,10
tichondrius,1669,hunter,marksmanship,42,22,20
bleeding-hollow,1669,hunter,marksmanship,68,31,37
malorne,1662,hunter,marksmanship,36,20,16
tichondrius,1649,hunter,marksmanship,42,24,18
sargeras,1630,hunter,marksmanship,66,37,29
sargeras,1621,hunter,marksmanship,48,26,22
thrall,1619,hunter,marksmanship,30,17,13
deathwing,1608,hunter,marksmanship,30,17,13
bleeding-hollow,1606,hunter,marksmanship,96,52,44
tichondrius,1593,hunter,marksmanship,36,19,17
tichondrius,1551,hunter,marksmanship,41,17,24
zuljin,1534,hunter,marksmanship,35,21,14
icecrown,1533,hunter,marksmanship,66,34,32
sargeras,1529,hunter,marksmanship,24,16,8
arthas,1520,hunter,marksmanship,84,39,45
ragnaros,1512,hunter,marksmanship,47,23,24
barthilas,1510,hunter,marksmanship,47,23,24
area-52,1509,hunter,marksmanship,30,16,14
frostmourne,1487,hunter,marksmanship,36,18,18
ysondre,1438,hunter,marksmanship,42,17,25
tichondrius,1434,hunter,marksmanship,36,15,21
sargeras,1429,hunter,marksmanship,30,15,15
area-52,1403,hunter,marksmanship,66,34,32
bladefist,1387,hunter,marksmanship,24,16,8
drakkari,1385,hunter,marksmanship,44,17,27
ragnaros,1370,hunter,marksmanship,47,23,24
malganis,1368,hunter,marksmanship,54,24,30
tichondrius,1338,hunter,marksmanship,42,14,28
laughing-skull,1329,hunter,marksmanship,36,19,17
proudmoore,1323,hunter,marksmanship,66,34,32
azralon,1323,hunter,marksmanship,36,14,22
moon-guard,1314,hunter,marksmanship,46,22,24
dalaran,1311,hunter,marksmanship,73,38,35
zuljin,1308,hunter,marksmanship,24,14,10
nemesis,1307,hunter,marksmanship,50,27,23
azgalor,1285,hunter,marksmanship,28,16,12
sargeras,1276,hunter,marksmanship,29,16,13
sargeras,1268,hunter,marksmanship,38,19,19
skullcrusher,1263,hunter,marksmanship,26,15,11
thrall,1257,hunter,marksmanship,24,14,10
gundrak,1253,hunter,marksmanship,29,18,11
lothar,1252,hunter,marksmanship,47,24,23
moon-guard,1250,hunter,marksmanship,24,15,9
illidan,1248,hunter,marksmanship,30,14,16
illidan,1246,hunter,marksmanship,24,13,11
kelthuzad,1244,hunter,marksmanship,33,15,18
jubeithos,1242,hunter,marksmanship,36,13,23
amanthul,1237,hunter,marksmanship,72,31,41
shadowmoon,1236,hunter,marksmanship,24,13,11
frostwolf,1236,hunter,marksmanship,30,13,17
blackrock,1229,hunter,marksmanship,24,13,11
quelthalas,1229,hunter,marksmanship,30,13,17
terenas,1226,hunter,marksmanship,30,13,17
illidan,1226,hunter,marksmanship,39,14,25
tichondrius,1220,hunter,marksmanship,36,18,18
misha,1216,hunter,marksmanship,37,17,20
amanthul,1190,hunter,marksmanship,39,21,18
tichondrius,1170,hunter,marksmanship,29,14,15
malganis,1151,hunter,marksmanship,24,12,12
frostmourne,1151,hunter,marksmanship,24,12,12
destromath,1150,hunter,marksmanship,24,12,12
sargeras,1144,hunter,marksmanship,45,18,27
area-52,1141,hunter,marksmanship,30,12,18
frostmourne,1119,hunter,marksmanship,16,13,3
azralon,1116,hunter,marksmanship,29,12,17
silvermoon,1107,hunter,marksmanship,33,13,20
moon-guard,1093,hunter,marksmanship,48,19,29
kelthuzad,1067,hunter,marksmanship,23,12,11
azralon,1061,hunter,marksmanship,12,12,0
stormrage,1061,hunter,marksmanship,48,19,29
darkspear,1057,hunter,marksmanship,17,13,4
stormrage,1055,hunter,marksmanship,18,11,7
tichondrius,1055,hunter,marksmanship,18,11,7
illidan,1055,hunter,marksmanship,18,11,7
ragnaros,1054,hunter,marksmanship,24,11,13
malganis,1053,hunter,marksmanship,24,11,13
azralon,1047,hunter,marksmanship,66,27,39
drakkari,1043,hunter,marksmanship,18,11,7
illidan,1040,hunter,marksmanship,30,11,19
moon-guard,1039,hunter,marksmanship,18,11,7
tichondrius,1038,hunter,marksmanship,23,11,12
frostwolf,1034,hunter,marksmanship,32,16,16
thrall,1031,hunter,marksmanship,18,11,7
quelthalas,1024,hunter,marksmanship,24,12,12
aegwynn,1013,hunter,marksmanship,22,12,10
senjin,1010,hunter,marksmanship,42,17,25
illidan,1008,hunter,marksmanship,29,11,18
boulderfist,1006,hunter,marksmanship,24,13,11
ragnaros,1003,hunter,marksmanship,30,14,16
ragnaros,988,hunter,marksmanship,23,11,12
frostmourne,987,hunter,marksmanship,21,11,10
tichondrius,960,hunter,marksmanship,18,10,8
malganis,960,hunter,marksmanship,18,10,8
illidan,960,hunter,marksmanship,27,10,17
tichondrius,960,hunter,marksmanship,30,10,20
stormrage,959,hunter,marksmanship,18,10,8
zuljin,958,hunter,marksmanship,24,10,14
kelthuzad,955,hunter,marksmanship,24,10,14
hyjal,953,hunter,marksmanship,18,10,8
stormrage,952,hunter,marksmanship,30,10,20
eredar,951,hunter,marksmanship,30,12,18
sargeras,950,hunter,marksmanship,32,16,16
stormrage,950,hunter,marksmanship,24,10,14
quelthalas,947,hunter,marksmanship,18,10,8
hakkar,943,hunter,marksmanship,28,14,14
tichondrius,927,hunter,marksmanship,62,23,39
korgath,901,hunter,marksmanship,29,11,18
ragnaros,894,hunter,marksmanship,22,10,12
stormrage,876,hunter,marksmanship,51,19,32
azralon,870,hunter,marksmanship,29,14,15
tichondrius,864,hunter,marksmanship,12,9,3
tichondrius,864,hunter,marksmanship,24,9,15
quelthalas,864,hunter,marksmanship,24,9,15
tichondrius,863,hunter,marksmanship,12,9,3
tichondrius,863,hunter,marksmanship,18,9,9
elune,863,hunter,marksmanship,24,9,15
emerald-dream,862,hunter,marksmanship,12,9,3
greymane,862,hunter,marksmanship,12,9,3
lightninghoof,862,hunter,marksmanship,18,9,9
hydraxis,862,hunter,marksmanship,18,9,9
azralon,860,hunter,marksmanship,17,10,7
bleeding-hollow,860,hunter,marksmanship,18,9,9
frostmourne,859,hunter,marksmanship,18,9,9
stormreaver,859,hunter,marksmanship,24,9,15
uldum,857,hunter,marksmanship,12,9,3
thrall,857,hunter,marksmanship,18,9,9
emerald-dream,855,hunter,marksmanship,24,9,15
illidan,845,hunter,marksmanship,12,9,3
area-52,832,hunter,marksmanship,26,12,14
moon-guard,814,hunter,marksmanship,16,10,6
azgalor,803,hunter,marksmanship,17,9,8
nagrand,797,hunter,marksmanship,16,9,7
stormrage,768,hunter,marksmanship,12,8,4
bleeding-hollow,768,hunter,marksmanship,18,8,10
ragnaros,768,hunter,marksmanship,18,8,10
burning-blade,767,hunter,marksmanship,18,8,10
stormrage,767,hunter,marksmanship,24,8,16
black-dragonflight,759,hunter,marksmanship,12,8,4
khadgar,750,hunter,marksmanship,18,8,10
black-dragonflight,716,hunter,marksmanship,24,8,16
medivh,672,hunter,marksmanship,12,7,5
stormrage,672,hunter,marksmanship,12,7,5
ragnaros,672,hunter,marksmanship,12,7,5
khazgoroth,672,hunter,marksmanship,18,7,11
hyjal,672,hunter,marksmanship,18,7,11
azralon,671,hunter,marksmanship,12,7,5
emerald-dream,671,hunter,marksmanship,12,7,5
proudmoore,671,hunter,marksmanship,12,7,5
wyrmrest-accord,671,hunter,marksmanship,12,7,5
thrall,671,hunter,marksmanship,18,7,11
kiljaeden,671,hunter,marksmanship,18,7,11
zuluhed,671,hunter,marksmanship,24,7,17
illidan,671,hunter,marksmanship,24,7,17
quelthalas,670,hunter,marksmanship,12,7,5
tichondrius,670,hunter,marksmanship,18,7,11
illidan,670,hunter,marksmanship,18,7,11
barthilas,668,hunter,marksmanship,12,7,5
wyrmrest-accord,667,hunter,marksmanship,18,7,11
darrowmere,666,hunter,marksmanship,18,7,11
black-dragonflight,665,hunter,marksmanship,12,7,5
barthilas,665,hunter,marksmanship,18,7,11
area-52,663,hunter,marksmanship,18,7,11
cairne,658,hunter,marksmanship,18,7,11
tichondrius,607,hunter,marksmanship,20,7,13
tichondrius,600,hunter,marksmanship,14,7,7
blackrock,576,hunter,marksmanship,12,6,6
moon-guard,576,hunter,marksmanship,12,6,6
area-52,576,hunter,marksmanship,12,6,6
azralon,576,hunter,marksmanship,12,6,6
dalaran,576,hunter,marksmanship,12,6,6
wyrmrest-accord,576,hunter,marksmanship,12,6,6
frostmourne,576,hunter,marksmanship,12,6,6
proudmoore,576,hunter,marksmanship,12,6,6
moon-guard,576,hunter,marksmanship,12,6,6
nerzhul,576,hunter,marksmanship,12,6,6
azralon,576,hunter,marksmanship,12,6,6
area-52,576,hunter,marksmanship,12,6,6
tichondrius,576,hunter,marksmanship,13,6,7
ragnaros,576,hunter,marksmanship,18,6,12
zuljin,575,hunter,marksmanship,12,6,6
stormrage,575,hunter,marksmanship,12,6,6
kelthuzad,575,hunter,marksmanship,12,6,6
aerie-peak,575,hunter,marksmanship,12,6,6
proudmoore,575,hunter,marksmanship,12,6,6
moon-guard,575,hunter,marksmanship,12,6,6
sargeras,574,hunter,marksmanship,13,8,5
deathwing,574,hunter,marksmanship,12,6,6
illidan,573,hunter,marksmanship,6,6,0
kelthuzad,573,hunter,marksmanship,18,6,12
azralon,572,hunter,marksmanship,12,6,6
dalaran,571,hunter,marksmanship,12,6,6
destromath,559,hunter,marksmanship,11,6,5
sargeras,527,hunter,marksmanship,11,6,5
jubeithos,488,hunter,marksmanship,13,6,7
tichondrius,480,hunter,marksmanship,6,5,1
wyrmrest-accord,480,hunter,marksmanship,6,5,1
area-52,480,hunter,marksmanship,6,5,1
zuljin,480,hunter,marksmanship,6,5,1
kelthuzad,480,hunter,marksmanship,6,5,1
tichondrius,480,hunter,marksmanship,6,5,1
area-52,480,hunter,marksmanship,6,5,1
zuljin,480,hunter,marksmanship,6,5,1
tichondrius,480,hunter,marksmanship,6,5,1
stormrage,480,hunter,marksmanship,6,5,1
nordrassil,480,hunter,marksmanship,9,5,4
stormrage,480,hunter,marksmanship,12,5,7
nemesis,480,hunter,marksmanship,12,5,7
stormrage,480,hunter,marksmanship,12,5,7
the-underbog,480,hunter,marksmanship,12,5,7
korgath,480,hunter,marksmanship,12,5,7
illidan,480,hunter,marksmanship,12,5,7
tichondrius,480,hunter,marksmanship,12,5,7
aggramar,480,hunter,marksmanship,12,5,7
stormrage,480,hunter,marksmanship,12,5,7
barthilas,480,hunter,marksmanship,12,5,7
drakkari,480,hunter,marksmanship,12,5,7
proudmoore,480,hunter,marksmanship,12,5,7
ragnaros,480,hunter,marksmanship,18,5,13
stormrage,480,hunter,marksmanship,18,5,13
proudmoore,480,hunter,marksmanship,18,5,13
emerald-dream,480,hunter,marksmanship,18,5,13
malganis,480,hunter,marksmanship,19,5,14
illidan,479,hunter,marksmanship,6,5,1
blood-furnace,479,hunter,marksmanship,12,5,7
area-52,479,hunter,marksmanship,12,5,7
barthilas,479,hunter,marksmanship,18,5,13
archimonde,479,hunter,marksmanship,18,5,13
tol-barad,478,hunter,marksmanship,12,5,7
stormrage,432,hunter,marksmanship,9,5,4
thunderhorn,431,hunter,marksmanship,11,5,6
daggerspine,384,hunter,marksmanship,6,4,2
tichondrius,384,hunter,marksmanship,6,4,2
tichondrius,384,hunter,marksmanship,6,4,2
demon-soul,384,hunter,marksmanship,6,4,2
burning-blade,384,hunter,marksmanship,6,4,2
sargeras,384,hunter,marksmanship,6,4,2
ragnaros,384,hunter,marksmanship,6,4,2
moon-guard,384,hunter,marksmanship,6,4,2
sargeras,384,hunter,marksmanship,6,4,2
moon-guard,384,hunter,marksmanship,6,4,2
ragnaros,384,hunter,marksmanship,6,4,2
tichondrius,384,hunter,marksmanship,6,4,2
sargeras,384,hunter,marksmanship,6,4,2
tichondrius,384,hunter,marksmanship,6,4,2
tichondrius,384,hunter,marksmanship,6,4,2
garona,384,hunter,marksmanship,6,4,2
illidan,384,hunter,marksmanship,6,4,2
illidan,384,hunter,marksmanship,6,4,2
quelthalas,384,hunter,marksmanship,6,4,2
stormrage,384,hunter,marksmanship,6,4,2
malganis,384,hunter,marksmanship,6,4,2
undermine,384,hunter,marksmanship,6,4,2
stormrage,384,hunter,marksmanship,6,4,2
dalaran,384,hunter,marksmanship,6,4,2
dreadmaul,384,hunter,marksmanship,6,4,2
area-52,384,hunter,marksmanship,6,4,2
illidan,384,hunter,marksmanship,6,4,2
stormrage,384,hunter,marksmanship,6,4,2
eredar,384,hunter,marksmanship,6,4,2
stormrage,384,hunter,marksmanship,12,4,8
destromath,384,hunter,marksmanship,12,4,8
quelthalas,384,hunter,marksmanship,12,4,8
jaedenar,384,hunter,marksmanship,12,4,8
stormrage,384,hunter,marksmanship,12,4,8
gurubashi,384,hunter,marksmanship,12,4,8
tichondrius,384,hunter,marksmanship,12,4,8
frostmourne,384,hunter,marksmanship,12,4,8
tichondrius,384,hunter,marksmanship,12,4,8
area-52,384,hunter,marksmanship,12,4,8
moon-guard,384,hunter,marksmanship,12,4,8
area-52,384,hunter,marksmanship,12,4,8
malganis,384,hunter,marksmanship,12,4,8
ragnaros,384,hunter,marksmanship,12,4,8
azshara,384,hunter,marksmanship,12,4,8
illidan,384,hunter,marksmanship,12,4,8
bleeding-hollow,384,hunter,marksmanship,12,4,8
zuljin,384,hunter,marksmanship,12,4,8
azralon,384,hunter,marksmanship,12,4,8
tichondrius,384,hunter,marksmanship,12,4,8
cenarius,383,hunter,marksmanship,6,4,2
stormrage,383,hunter,marksmanship,6,4,2
frostmourne,383,hunter,marksmanship,12,4,8
frostmourne,383,hunter,marksmanship,12,4,8
tichondrius,383,hunter,marksmanship,12,4,8
laughing-skull,383,hunter,marksmanship,12,4,8
azralon,383,hunter,marksmanship,18,4,14
emerald-dream,382,hunter,marksmanship,6,4,2
tichondrius,330,hunter,marksmanship,14,5,9
tichondrius,319,hunter,marksmanship,8,4,4
azralon,288,hunter,marksmanship,6,3,3
burning-blade,288,hunter,marksmanship,6,3,3
quelthalas,288,hunter,marksmanship,6,3,3
aggramar,288,hunter,marksmanship,6,3,3
ragnaros,288,hunter,marksmanship,6,3,3
ragnaros,288,hunter,marksmanship,6,3,3
ragnaros,288,hunter,marksmanship,6,3,3
ragnaros,288,hunter,marksmanship,6,3,3
dark-iron,288,hunter,marksmanship,6,3,3
tichondrius,288,hunter,marksmanship,6,3,3
kelthuzad,288,hunter,marksmanship,6,3,3
tichondrius,288,hunter,marksmanship,6,3,3
sargeras,288,hunter,marksmanship,6,3,3
thrall,288,hunter,marksmanship,6,3,3
kelthuzad,288,hunter,marksmanship,6,3,3
sargeras,288,hunter,marksmanship,6,3,3
khazgoroth,288,hunter,marksmanship,6,3,3
sargeras,288,hunter,marksmanship,6,3,3
tichondrius,288,hunter,marksmanship,6,3,3
mugthol,288,hunter,marksmanship,6,3,3
blackrock,288,hunter,marksmanship,6,3,3
dalaran,288,hunter,marksmanship,6,3,3
tichondrius,288,hunter,marksmanship,6,3,3
bleeding-hollow,288,hunter,marksmanship,6,3,3
ravencrest,288,hunter,marksmanship,6,3,3
illidan,288,hunter,marksmanship,6,3,3
frostmourne,288,hunter,marksmanship,6,3,3
sargeras,288,hunter,marksmanship,6,3,3
tichondrius,288,hunter,marksmanship,6,3,3
tichondrius,288,hunter,marksmanship,6,3,3
emerald-dream,288,hunter,marksmanship,6,3,3
tichondrius,288,hunter,marksmanship,6,3,3
emerald-dream,288,hunter,marksmanship,6,3,3
tichondrius,288,hunter,marksmanship,6,3,3
aegwynn,288,hunter,marksmanship,6,3,3
moon-guard,288,hunter,marksmanship,6,3,3
illidan,288,hunter,marksmanship,6,3,3
moon-guard,288,hunter,marksmanship,6,3,3
durotan,288,hunter,marksmanship,6,3,3
stormrage,288,hunter,marksmanship,6,3,3
tichondrius,288,hunter,marksmanship,6,3,3
tichondrius,288,hunter,marksmanship,6,3,3
hakkar,288,hunter,marksmanship,6,3,3
kiljaeden,288,hunter,marksmanship,6,3,3
stormrage,288,hunter,marksmanship,6,3,3
thaurissan,288,hunter,marksmanship,6,3,3
illidan,288,hunter,marksmanship,6,3,3
tol-barad,288,hunter,marksmanship,6,3,3
tichondrius,288,hunter,marksmanship,6,3,3
zuljin,288,hunter,marksmanship,6,3,3
tichondrius,288,hunter,marksmanship,6,3,3
stormrage,288,hunter,marksmanship,6,3,3
tichondrius,288,hunter,marksmanship,6,3,3
sargeras,288,hunter,marksmanship,15,4,11
aegwynn,288,hunter,marksmanship,12,3,9
malganis,288,hunter,marksmanship,12,3,9
zuljin,288,hunter,marksmanship,12,3,9
fizzcrank,288,hunter,marksmanship,12,3,9
queldorei,288,hunter,marksmanship,12,3,9
zuljin,288,hunter,marksmanship,12,3,9
tichondrius,288,hunter,marksmanship,12,3,9
ragnaros,287,hunter,marksmanship,6,3,3
korgath,287,hunter,marksmanship,6,3,3
ragnaros,287,hunter,marksmanship,6,3,3
illidan,287,hunter,marksmanship,6,3,3
illidan,283,hunter,marksmanship,18,3,15
thunderlord,255,hunter,marksmanship,16,3,13
azralon,239,hunter,marksmanship,5,3,2
moon-guard,234,hunter,marksmanship,10,4,6
frostmourne,208,hunter,marksmanship,7,3,4
undermine,202,hunter,marksmanship,11,4,7
bleeding-hollow,192,hunter,marksmanship,6,2,4
blood-furnace,192,hunter,marksmanship,6,2,4
area-52,192,hunter,marksmanship,6,2,4
tichondrius,192,hunter,marksmanship,6,2,4
area-52,192,hunter,marksmanship,6,2,4
tichondrius,192,hunter,marksmanship,6,2,4
azralon,192,hunter,marksmanship,6,2,4
tichondrius,192,hunter,marksmanship,6,2,4
ragnaros,192,hunter,marksmanship,6,2,4
sargeras,192,hunter,marksmanship,6,2,4
area-52,192,hunter,marksmanship,6,2,4
azralon,192,hunter,marksmanship,6,2,4
doomhammer,192,hunter,marksmanship,6,2,4
norgannon,192,hunter,marksmanship,6,2,4
stormrage,192,hunter,marksmanship,6,2,4
bleeding-hollow,192,hunter,marksmanship,6,2,4
bleeding-hollow,192,hunter,marksmanship,6,2,4
sargeras,192,hunter,marksmanship,6,2,4
bleeding-hollow,192,hunter,marksmanship,6,2,4
sargeras,192,hunter,marksmanship,6,2,4
bleeding-hollow,192,hunter,marksmanship,6,2,4
tichondrius,192,hunter,marksmanship,6,2,4
spinebreaker,192,hunter,marksmanship,6,2,4
earthen-ring,192,hunter,marksmanship,6,2,4
kelthuzad,192,hunter,marksmanship,6,2,4
malganis,192,hunter,marksmanship,6,2,4
moon-guard,192,hunter,marksmanship,6,2,4
proudmoore,192,hunter,marksmanship,6,2,4
frostmourne,192,hunter,marksmanship,6,2,4
ragnaros,192,hunter,marksmanship,6,2,4
moon-guard,192,hunter,marksmanship,6,2,4
tichondrius,192,hunter,marksmanship,6,2,4
frostmourne,192,hunter,marksmanship,6,2,4
frostwolf,192,hunter,marksmanship,6,2,4
queldorei,192,hunter,marksmanship,6,2,4
tichondrius,192,hunter,marksmanship,6,2,4
tichondrius,192,hunter,marksmanship,6,2,4
barthilas,192,hunter,marksmanship,6,2,4
alexstrasza,192,hunter,marksmanship,6,2,4
tichondrius,192,hunter,marksmanship,6,2,4
proudmoore,192,hunter,marksmanship,6,2,4
proudmoore,192,hunter,marksmanship,6,2,4
tichondrius,192,hunter,marksmanship,6,2,4
zuluhed,192,hunter,marksmanship,6,2,4
goldrinn,192,hunter,marksmanship,6,2,4
zuluhed,192,hunter,marksmanship,6,2,4
tichondrius,192,hunter,marksmanship,6,2,4
akama,192,hunter,marksmanship,6,2,4
quelthalas,192,hunter,marksmanship,6,2,4
scilla,192,hunter,marksmanship,8,2,6
illidan,192,hunter,marksmanship,12,2,10
altar-of-storms,192,hunter,marksmanship,12,2,10
azralon,192,hunter,marksmanship,12,2,10
aegwynn,192,hunter,marksmanship,12,2,10
destromath,192,hunter,marksmanship,12,2,10
drakkari,192,hunter,marksmanship,12,2,10
jubeithos,192,hunter,marksmanship,12,2,10
nemesis,192,hunter,marksmanship,12,2,10
stormrage,192,hunter,marksmanship,12,2,10
queldorei,192,hunter,marksmanship,12,2,10
fenris,192,hunter,marksmanship,12,2,10
lightnings-blade,192,hunter,marksmanship,12,2,10
illidan,191,hunter,marksmanship,6,2,4
borean-tundra,191,hunter,marksmanship,6,2,4
stormrage,160,hunter,marksmanship,10,2,8
shadowsong,159,hunter,marksmanship,5,2,3
azshara,159,hunter,marksmanship,5,2,3
moon-guard,159,hunter,marksmanship,5,2,3
ragnaros,144,hunter,marksmanship,6,3,3
azralon,138,hunter,marksmanship,8,3,5
frostmourne,137,hunter,marksmanship,9,5,4
azralon,127,hunter,marksmanship,8,2,6
tichondrius,96,hunter,marksmanship,6,1,5
azjolnerub,96,hunter,marksmanship,6,1,5
tichondrius,96,hunter,marksmanship,6,1,5
khadgar,96,hunter,marksmanship,6,1,5
skullcrusher,96,hunter,marksmanship,6,1,5
tichondrius,96,hunter,marksmanship,6,1,5
illidan,96,hunter,marksmanship,6,1,5
quelthalas,96,hunter,marksmanship,6,1,5
windrunner,96,hunter,marksmanship,6,1,5
darkspear,96,hunter,marksmanship,6,1,5
tichondrius,96,hunter,marksmanship,6,1,5
lightbringer,96,hunter,marksmanship,6,1,5
dragonmaw,96,hunter,marksmanship,6,1,5
kelthuzad,96,hunter,marksmanship,6,1,5
thrall,96,hunter,marksmanship,6,1,5
ragnaros,96,hunter,marksmanship,6,1,5
tichondrius,96,hunter,marksmanship,6,1,5
frostmourne,96,hunter,marksmanship,6,1,5
cenarius,96,hunter,marksmanship,6,1,5
malganis,96,hunter,marksmanship,6,1,5
zuljin,96,hunter,marksmanship,6,1,5
tichondrius,96,hunter,marksmanship,6,1,5
hyjal,96,hunter,marksmanship,6,1,5
archimonde,96,hunter,marksmanship,6,1,5
tichondrius,96,hunter,marksmanship,6,1,5
sargeras,96,hunter,marksmanship,12,1,11
illidan,96,hunter,marksmanship,12,1,11
illidan,79,hunter,marksmanship,5,1,4
illidan,79,hunter,marksmanship,5,1,4
stormrage,79,hunter,marksmanship,5,1,4
area-52,64,hunter,marksmanship,4,1,3
tichondrius,64,hunter,marksmanship,4,1,3
tichondrius,64,hunter,marksmanship,4,1,3
kiljaeden,64,hunter,marksmanship,10,1,9
hydraxis,48,hunter,marksmanship,3,1,2
tichondrius,31,hunter,marksmanship,2,1,1
tichondrius,2127,hunter,survival,74,45,29
stormrage,2109,hunter,survival,115,59,56
stormrage,2108,hunter,survival,60,34,26
stormrage,2090,hunter,survival,93,47,46
dalaran,2035,hunter,survival,82,42,40
stormrage,2011,hunter,survival,84,43,41
stormrage,1976,hunter,survival,60,38,22
sargeras,1970,hunter,survival,42,29,13
shattered-hand,1957,hunter,survival,79,38,41
azralon,1945,hunter,survival,66,34,32
tichondrius,1942,hunter,survival,54,27,27
emerald-dream,1907,hunter,survival,63,36,27
bladefist,1902,hunter,survival,75,39,36
frostmourne,1858,hunter,survival,48,30,18
ragnaros,1844,hunter,survival,42,23,19
emerald-dream,1844,hunter,survival,54,27,27
sargeras,1834,hunter,survival,42,26,16
tichondrius,1829,hunter,survival,30,24,6
quelthalas,1822,hunter,survival,77,41,36
ragnaros,1821,hunter,survival,36,25,11
wyrmrest-accord,1820,hunter,survival,66,33,33
khaz-modan,1815,hunter,survival,54,34,20
tichondrius,1812,hunter,survival,48,26,22
tichondrius,1812,hunter,survival,78,41,37
emerald-dream,1811,hunter,survival,47,32,15
emerald-dream,1810,hunter,survival,57,38,19
quelthalas,1807,hunter,survival,48,29,19
tichondrius,1806,hunter,survival,36,19,17
stormrage,1802,hunter,survival,54,35,19
nemesis,1800,hunter,survival,48,31,17
frostmourne,1799,hunter,survival,41,22,19
emerald-dream,1747,hunter,survival,30,20,10
deathwing,1730,hunter,survival,42,22,20
area-52,1721,hunter,survival,63,29,34
rivendare,1687,hunter,survival,53,27,26
wyrmrest-accord,1677,hunter,survival,70,43,27
zuljin,1672,hunter,survival,45,23,22
area-52,1670,hunter,survival,43,20,23
wyrmrest-accord,1665,hunter,survival,36,24,12
wyrmrest-accord,1665,hunter,survival,37,23,14
aggramar,1658,hunter,survival,30,20,10
bleeding-hollow,1646,hunter,survival,42,28,14
quelthalas,1642,hunter,survival,69,32,37
area-52,1625,hunter,survival,36,17,19
tichondrius,1623,hunter,survival,30,17,13
moon-guard,1623,hunter,survival,30,17,13
azralon,1621,hunter,survival,48,17,31
moknathal,1581,hunter,survival,42,23,19
tichondrius,1577,hunter,survival,39,18,21
area-52,1529,hunter,survival,30,19,11
darkspear,1519,hunter,survival,30,16,14
kaelthas,1511,hunter,survival,54,24,30
tichondrius,1510,hunter,survival,48,22,26
emerald-dream,1484,hunter,survival,26,17,9
moon-guard,1473,hunter,survival,47,25,22
ragnaros,1456,hunter,survival,42,19,23
moon-guard,1448,hunter,survival,36,20,16
bleeding-hollow,1430,hunter,survival,36,15,21
zuljin,1425,hunter,survival,24,15,9
tichondrius,1422,hunter,survival,30,15,15
tichondrius,1419,hunter,survival,24,15,9
barthilas,1406,hunter,survival,54,30,24
ragnaros,1405,hunter,survival,36,18,18
sargeras,1389,hunter,survival,48,19,29
laughing-skull,1357,hunter,survival,28,16,12
thrall,1343,hunter,survival,18,14,4
tichondrius,1343,hunter,survival,24,14,10
sargeras,1342,hunter,survival,24,14,10
tichondrius,1334,hunter,survival,24,14,10
black-dragonflight,1314,hunter,survival,30,14,16
gorefiend,1292,hunter,survival,31,14,17
quelthalas,1268,hunter,survival,24,16,8
ragnaros,1263,hunter,survival,29,17,12
tichondrius,1253,hunter,survival,34,15,19
haomarush,1230,hunter,survival,24,13,11
frostmourne,1223,hunter,survival,24,13,11
azralon,1203,hunter,survival,18,13,5
stormrage,1185,hunter,survival,24,13,11
tichondrius,1178,hunter,survival,46,21,25
khazgoroth,1153,hunter,survival,24,13,11
wyrmrest-accord,1152,hunter,survival,18,12,6
zuljin,1152,hunter,survival,24,12,12
area-52,1151,hunter,survival,18,12,6
sargeras,1151,hunter,survival,30,12,18
darkspear,1150,hunter,survival,24,12,12
tichondrius,1149,hunter,survival,18,12,6
thrall,1083,hunter,survival,26,12,14
sargeras,1078,hunter,survival,36,13,23
barthilas,1056,hunter,survival,18,11,7
tichondrius,1056,hunter,survival,24,11,13
tichondrius,1055,hunter,survival,18,11,7
moon-guard,1055,hunter,survival,21,12,9
tichondrius,1055,hunter,survival,31,11,20
windrunner,1054,hunter,survival,18,11,7
nesingwary,1050,hunter,survival,24,11,13
illidan,960,hunter,survival,12,10,2
barthilas,960,hunter,survival,18,10,8
tichondrius,960,hunter,survival,18,10,8
sargeras,960,hunter,survival,24,10,14
ragnaros,958,hunter,survival,18,10,8
stormrage,956,hunter,survival,18,10,8
kelthuzad,955,hunter,survival,18,10,8
kiljaeden,951,hunter,survival,27,11,16
zuljin,927,hunter,survival,26,11,15
dark-iron,925,hunter,survival,32,11,21
malganis,864,hunter,survival,12,9,3
tichondrius,864,hunter,survival,12,9,3
tichondrius,864,hunter,survival,12,9,3
tichondrius,864,hunter,survival,12,9,3
tichondrius,864,hunter,survival,15,10,5
thunderhorn,864,hunter,survival,18,9,9
stormrage,863,hunter,survival,15,10,5
tichondrius,863,hunter,survival,18,9,9
stormreaver,863,hunter,survival,18,9,9
kargath,860,hunter,survival,12,9,3
barthilas,831,hunter,survival,16,9,7
frostmourne,768,hunter,survival,12,8,4
tichondrius,768,hunter,survival,12,8,4
kelthuzad,768,hunter,survival,18,8,10
tichondrius,768,hunter,survival,18,8,10
illidan,768,hunter,survival,18,8,10
tichondrius,768,hunter,survival,18,8,10
senjin,768,hunter,survival,24,8,16
area-52,767,hunter,survival,12,8,4
sargeras,767,hunter,survival,12,8,4
azralon,767,hunter,survival,12,8,4
frostmourne,767,hunter,survival,18,8,10
ragnaros,767,hunter,survival,18,8,10
tol-barad,767,hunter,survival,18,8,10
wyrmrest-accord,763,hunter,survival,12,8,4
bleeding-hollow,719,hunter,survival,17,8,9
wyrmrest-accord,713,hunter,survival,23,10,13
stormrage,703,hunter,survival,11,8,3
proudmoore,672,hunter,survival,12,7,5
sargeras,672,hunter,survival,12,7,5
tichondrius,672,hunter,survival,12,7,5
auchindoun,672,hunter,survival,12,7,5
frostmourne,672,hunter,survival,12,7,5
nemesis,672,hunter,survival,12,7,5
frostmourne,672,hunter,survival,12,7,5
frostmourne,672,hunter,survival,12,7,5
ragnaros,672,hunter,survival,12,7,5
barthilas,672,hunter,survival,12,7,5
stormrage,672,hunter,survival,12,7,5
stormrage,672,hunter,survival,18,7,11
illidan,672,hunter,survival,18,7,11
illidan,672,hunter,survival,18,7,11
area-52,662,hunter,survival,12,7,5
ravencrest,639,hunter,survival,17,7,10
ragnaros,638,hunter,survival,20,8,12
quelthalas,617,hunter,survival,21,8,13
ragnaros,576,hunter,survival,6,6,0
bleeding-hollow,576,hunter,survival,12,6,6
duskwood,576,hunter,survival,12,6,6
frostwolf,576,hunter,survival,12,6,6
area-52,576,hunter,survival,12,6,6
firetree,576,hunter,survival,12,6,6
tichondrius,576,hunter,survival,12,6,6
tichondrius,576,hunter,survival,12,6,6
dalaran,576,hunter,survival,12,6,6
illidan,576,hunter,survival,18,6,12
illidan,575,hunter,survival,12,6,6
emerald-dream,543,hunter,survival,11,6,5
moon-guard,528,hunter,survival,9,7,2
tichondrius,521,hunter,survival,13,7,6
drenden,511,hunter,survival,11,6,5
khadgar,480,hunter,survival,6,5,1
tichondrius,480,hunter,survival,6,5,1
hakkar,480,hunter,survival,6,5,1
illidan,480,hunter,survival,6,5,1
tichondrius,480,hunter,survival,6,5,1
azralon,480,hunter,survival,6,5,1
moon-guard,480,hunter,survival,6,5,1
zuljin,480,hunter,survival,6,5,1
emerald-dream,480,hunter,survival,6,5,1
tichondrius,480,hunter,survival,6,5,1
borean-tundra,480,hunter,survival,12,5,7
stormrage,480,hunter,survival,12,5,7
ragnaros,480,hunter,survival,12,5,7
tichondrius,480,hunter,survival,12,5,7
stormrage,480,hunter,survival,12,5,7
sargeras,480,hunter,survival,12,5,7
illidan,479,hunter,survival,12,5,7
moon-guard,479,hunter,survival,13,5,8
azralon,477,hunter,survival,12,5,7
tichondrius,431,hunter,survival,11,5,6
moon-guard,400,hunter,survival,7,5,2
zuljin,384,hunter,survival,6,4,2
stormrage,384,hunter,survival,6,4,2
hyjal,384,hunter,survival,6,4,2
stormrage,384,hunter,survival,6,4,2
twisting-nether,384,hunter,survival,6,4,2
azralon,384,hunter,survival,6,4,2
vashj,384,hunter,survival,6,4,2
illidan,384,hunter,survival,6,4,2
tichondrius,384,hunter,survival,6,4,2
moon-guard,384,hunter,survival,6,4,2
moon-guard,384,hunter,survival,6,4,2
tichondrius,384,hunter,survival,6,4,2
tichondrius,384,hunter,survival,6,4,2
frostmourne,384,hunter,survival,6,4,2
illidan,384,hunter,survival,12,4,8
frostmourne,384,hunter,survival,12,4,8
azralon,384,hunter,survival,12,4,8
emerald-dream,384,hunter,survival,12,4,8
antonidas,384,hunter,survival,12,4,8
stormrage,384,hunter,survival,12,4,8
nagrand,383,hunter,survival,18,4,14
queldorei,319,hunter,survival,5,4,1
spinebreaker,288,hunter,survival,6,3,3
jubeithos,288,hunter,survival,6,3,3
nemesis,288,hunter,survival,6,3,3
darkspear,288,hunter,survival,6,3,3
azralon,288,hunter,survival,6,3,3
bleeding-hollow,288,hunter,survival,6,3,3
zuljin,288,hunter,survival,6,3,3
moon-guard,288,hunter,survival,6,3,3
blackrock,288,hunter,survival,6,3,3
sargeras,288,hunter,survival,6,3,3
stormrage,288,hunter,survival,6,3,3
bleeding-hollow,288,hunter,survival,6,3,3
kelthuzad,288,hunter,survival,6,3,3
frostmourne,288,hunter,survival,6,3,3
sargeras,288,hunter,survival,6,3,3
kelthuzad,288,hunter,survival,6,3,3
ragnaros,288,hunter,survival,6,3,3
tichondrius,288,hunter,survival,6,3,3
stormrage,288,hunter,survival,6,3,3
tichondrius,288,hunter,survival,6,3,3
area-52,288,hunter,survival,6,3,3
ragnaros,288,hunter,survival,12,3,9
ragnaros,288,hunter,survival,12,3,9
azralon,287,hunter,survival,6,3,3
tichondrius,239,hunter,survival,5,3,2
cenarion-circle,232,hunter,survival,14,4,10
stormrage,192,hunter,survival,6,2,4
moon-guard,192,hunter,survival,6,2,4
illidan,192,hunter,survival,6,2,4
stormrage,192,hunter,survival,6,2,4
area-52,192,hunter,survival,6,2,4
aggramar,192,hunter,survival,6,2,4
area-52,192,hunter,survival,6,2,4
akama,192,hunter,survival,6,2,4
drakkari,192,hunter,survival,6,2,4
korgath,192,hunter,survival,6,2,4
thrall,192,hunter,survival,6,2,4
bonechewer,192,hunter,survival,6,2,4
proudmoore,192,hunter,survival,6,2,4
area-52,192,hunter,survival,6,2,4
tichondrius,192,hunter,survival,6,2,4
daggerspine,192,hunter,survival,6,2,4
tichondrius,192,hunter,survival,6,2,4
stormrage,192,hunter,survival,6,2,4
proudmoore,192,hunter,survival,6,2,4
barthilas,192,hunter,survival,6,2,4
sargeras,192,hunter,survival,12,2,10
tichondrius,159,hunter,survival,5,2,3
area-52,138,hunter,survival,8,3,5
stormreaver,128,hunter,survival,5,2,3
tichondrius,96,hunter,survival,6,1,5
bleeding-hollow,96,hunter,survival,6,1,5
nagrand,96,hunter,survival,6,1,5
ragnaros,96,hunter,survival,6,1,5
tichondrius,96,hunter,survival,6,1,5
moon-guard,96,hunter,survival,6,1,5
azralon,96,hunter,survival,6,1,5
mannoroth,96,hunter,survival,6,1,5
aerie-peak,96,hunter,survival,6,1,5
thrall,96,hunter,survival,6,1,5
azralon,96,hunter,survival,6,1,5
wyrmrest-accord,96,hunter,survival,6,1,5
darrowmere,96,hunter,survival,6,1,5
illidan,79,hunter,survival,5,1,4
tichondrius,31,hunter,survival,2,1,1
bleeding-hollow,2169,hunter,beastmastery,101,55,46
tichondrius,2035,hunter,beastmastery,69,34,35
ragnaros,2029,hunter,beastmastery,89,43,46
tichondrius,2022,hunter,beastmastery,82,39,43
agamaggan,1960,hunter,beastmastery,48,27,21
sargeras,1903,hunter,beastmastery,36,20,16
anvilmar,1889,hunter,beastmastery,54,30,24
tichondrius,1885,hunter,beastmastery,50,31,19
sargeras,1859,hunter,beastmastery,64,31,33
stormrage,1849,hunter,beastmastery,47,26,21
durotan,1844,hunter,beastmastery,37,22,15
nemesis,1841,hunter,beastmastery,60,29,31
kelthuzad,1829,hunter,beastmastery,68,35,33
tichondrius,1827,hunter,beastmastery,54,29,25
cairne,1823,hunter,beastmastery,84,46,38
quelthalas,1822,hunter,beastmastery,66,31,35
malganis,1821,hunter,beastmastery,60,32,28
tichondrius,1817,hunter,beastmastery,54,23,31
tichondrius,1815,hunter,beastmastery,69,33,36
illidan,1814,hunter,beastmastery,59,29,30
tichondrius,1811,hunter,beastmastery,62,37,25
stormrage,1809,hunter,beastmastery,74,37,37
illidan,1808,hunter,beastmastery,42,25,17
sargeras,1802,hunter,beastmastery,66,28,38
arthas,1787,hunter,beastmastery,78,41,37
illidan,1780,hunter,beastmastery,100,53,47
greymane,1774,hunter,beastmastery,50,25,25
shadowmoon,1761,hunter,beastmastery,54,24,30
frostmourne,1752,hunter,beastmastery,47,31,16
queldorei,1742,hunter,beastmastery,54,29,25
area-52,1734,hunter,beastmastery,90,47,43
emerald-dream,1730,hunter,beastmastery,54,25,29
tichondrius,1725,hunter,beastmastery,54,23,31
tichondrius,1706,hunter,beastmastery,48,30,18
dalaran,1700,hunter,beastmastery,56,30,26
sargeras,1694,hunter,beastmastery,52,21,31
illidan,1692,hunter,beastmastery,42,25,17
tichondrius,1688,hunter,beastmastery,37,23,14
tichondrius,1678,hunter,beastmastery,54,24,30
magtheridon,1670,hunter,beastmastery,45,21,24
tichondrius,1666,hunter,beastmastery,66,34,32
khazgoroth,1664,hunter,beastmastery,60,31,29
tichondrius,1663,hunter,beastmastery,61,25,36
kilrogg,1662,hunter,beastmastery,108,47,61
anvilmar,1660,hunter,beastmastery,30,18,12
tichondrius,1658,hunter,beastmastery,38,20,18
malganis,1648,hunter,beastmastery,41,26,15
proudmoore,1646,hunter,beastmastery,29,21,8
staghelm,1646,hunter,beastmastery,38,20,18
illidan,1645,hunter,beastmastery,33,19,14
barthilas,1644,hunter,beastmastery,39,19,20
tichondrius,1643,hunter,beastmastery,94,44,50
frostmourne,1636,hunter,beastmastery,38,22,16
sargeras,1623,hunter,beastmastery,60,25,35
emerald-dream,1613,hunter,beastmastery,24,17,7
tichondrius,1613,hunter,beastmastery,36,20,16
tichondrius,1610,hunter,beastmastery,42,26,16
burning-blade,1608,hunter,beastmastery,47,24,23
azralon,1606,hunter,beastmastery,42,18,24
tichondrius,1599,hunter,beastmastery,36,17,19
ragnaros,1597,hunter,beastmastery,41,17,24
frostmourne,1596,hunter,beastmastery,47,18,29
proudmoore,1595,hunter,beastmastery,42,22,20
terenas,1593,hunter,beastmastery,36,19,17
sargeras,1588,hunter,beastmastery,30,19,11
moon-guard,1578,hunter,beastmastery,64,32,32
tichondrius,1578,hunter,beastmastery,36,18,18
barthilas,1572,hunter,beastmastery,35,21,14
nemesis,1566,hunter,beastmastery,44,23,21
moon-guard,1540,hunter,beastmastery,42,24,18
illidan,1539,hunter,beastmastery,24,17,7
tichondrius,1530,hunter,beastmastery,30,16,14
azgalor,1528,hunter,beastmastery,24,16,8
tichondrius,1526,hunter,beastmastery,30,16,14
cairne,1525,hunter,beastmastery,36,19,17
tichondrius,1523,hunter,beastmastery,54,33,21
illidan,1520,hunter,beastmastery,29,19,10
thrall,1516,hunter,beastmastery,30,21,9
garona,1514,hunter,beastmastery,29,17,12
tichondrius,1509,hunter,beastmastery,54,26,28
destromath,1503,hunter,beastmastery,72,35,37
dragonmaw,1491,hunter,beastmastery,139,62,77
frostmourne,1481,hunter,beastmastery,42,18,24
darkspear,1478,hunter,beastmastery,28,17,11
tichondrius,1465,hunter,beastmastery,24,16,8
tichondrius,1462,hunter,beastmastery,42,20,22
stormrage,1458,hunter,beastmastery,55,21,34
sargeras,1456,hunter,beastmastery,42,27,15
shattered-hand,1451,hunter,beastmastery,29,16,13
quelthalas,1442,hunter,beastmastery,32,18,14
arthas,1436,hunter,beastmastery,24,15,9
tichondrius,1434,hunter,beastmastery,24,15,9
frostmourne,1434,hunter,beastmastery,27,16,11
nerzhul,1432,hunter,beastmastery,42,19,23
illidan,1426,hunter,beastmastery,23,17,6
tichondrius,1426,hunter,beastmastery,86,50,36
emerald-dream,1420,hunter,beastmastery,30,16,14
ragnaros,1418,hunter,beastmastery,30,15,15
illidan,1417,hunter,beastmastery,45,25,20
proudmoore,1416,hunter,beastmastery,48,20,28
tichondrius,1386,hunter,beastmastery,30,16,14
tichondrius,1384,hunter,beastmastery,29,15,14
tichondrius,1382,hunter,beastmastery,23,15,8
area-52,1380,hunter,beastmastery,70,40,30
velen,1372,hunter,beastmastery,69,33,36
kelthuzad,1370,hunter,beastmastery,36,16,20
zuljin,1365,hunter,beastmastery,48,26,22
frostmourne,1356,hunter,beastmastery,32,18,14
malganis,1339,hunter,beastmastery,48,24,24
illidan,1330,hunter,beastmastery,54,24,30
ragnaros,1302,hunter,beastmastery,35,21,14
kirin-tor,1290,hunter,beastmastery,70,39,31
tichondrius,1279,hunter,beastmastery,30,14,16
azgalor,1274,hunter,beastmastery,62,29,33
tichondrius,1270,hunter,beastmastery,30,18,12
nemesis,1266,hunter,beastmastery,24,14,10
nemesis,1262,hunter,beastmastery,30,15,15
nemesis,1252,hunter,beastmastery,30,15,15
zuljin,1247,hunter,beastmastery,18,13,5
dragonmaw,1247,hunter,beastmastery,41,20,21
area-52,1247,hunter,beastmastery,30,13,17
skywall,1246,hunter,beastmastery,22,14,8
stormrage,1246,hunter,beastmastery,24,13,11
stormrage,1246,hunter,beastmastery,24,13,11
hyjal,1245,hunter,beastmastery,18,13,5
nemesis,1245,hunter,beastmastery,24,13,11
sargeras,1242,hunter,beastmastery,36,13,23
ragnaros,1241,hunter,beastmastery,30,13,17
blades-edge,1240,hunter,beastmastery,24,13,11
drakkari,1236,hunter,beastmastery,24,13,11
moon-guard,1227,hunter,beastmastery,30,13,17
barthilas,1194,hunter,beastmastery,29,13,16
proudmoore,1167,hunter,beastmastery,29,13,16
frostmourne,1160,hunter,beastmastery,35,14,21
tichondrius,1152,hunter,beastmastery,24,12,12
sargeras,1152,hunter,beastmastery,30,12,18
malganis,1150,hunter,beastmastery,24,12,12
ragnaros,1149,hunter,beastmastery,24,12,12
ragnaros,1149,hunter,beastmastery,29,12,17
illidan,1145,hunter,beastmastery,24,12,12
thrall,1144,hunter,beastmastery,21,13,8
frostmourne,1144,hunter,beastmastery,27,13,14
area-52,1140,hunter,beastmastery,24,12,12
stormrage,1135,hunter,beastmastery,24,12,12
draenor,1134,hunter,beastmastery,78,36,42
malganis,1131,hunter,beastmastery,18,12,6
illidan,1129,hunter,beastmastery,24,12,12
stormrage,1127,hunter,beastmastery,24,12,12
bonechewer,1107,hunter,beastmastery,22,12,10
stormrage,1107,hunter,beastmastery,23,12,11
stormreaver,1102,hunter,beastmastery,55,29,26
frostmourne,1102,hunter,beastmastery,27,12,15
aerie-peak,1085,hunter,beastmastery,27,12,15
tichondrius,1056,hunter,beastmastery,18,11,7
frostmane,1056,hunter,beastmastery,18,11,7
nemesis,1055,hunter,beastmastery,18,11,7
ragnaros,1055,hunter,beastmastery,18,11,7
tichondrius,1055,hunter,beastmastery,24,11,13
emerald-dream,1054,hunter,beastmastery,18,11,7
illidan,1054,hunter,beastmastery,18,11,7
agamaggan,1053,hunter,beastmastery,18,11,7
nathrezim,1051,hunter,beastmastery,24,11,13
kiljaeden,1051,hunter,beastmastery,24,11,13
shuhalo,1051,hunter,beastmastery,25,11,14
ragnaros,1050,hunter,beastmastery,18,11,7
silver-hand,1048,hunter,beastmastery,27,16,11
malganis,1047,hunter,beastmastery,12,11,1
korgath,1047,hunter,beastmastery,24,11,13
frostmourne,1046,hunter,beastmastery,24,11,13
korgath,1045,hunter,beastmastery,18,11,7
khadgar,1043,hunter,beastmastery,18,11,7
illidan,1020,hunter,beastmastery,18,11,7
baelgun,1009,hunter,beastmastery,45,18,27
korgath,1008,hunter,beastmastery,15,12,3
emerald-dream,961,hunter,beastmastery,66,31,35
tichondrius,960,hunter,beastmastery,18,10,8
ursin,960,hunter,beastmastery,18,10,8
tichondrius,959,hunter,beastmastery,18,10,8
moon-guard,959,hunter,beastmastery,24,10,14
wildhammer,958,hunter,beastmastery,18,10,8
maelstrom,958,hunter,beastmastery,23,10,13
barthilas,956,hunter,beastmastery,24,10,14
stormrage,955,hunter,beastmastery,18,10,8
illidan,952,hunter,beastmastery,18,10,8
area-52,946,hunter,beastmastery,36,10,26
winterhoof,942,hunter,beastmastery,20,10,10
warsong,939,hunter,beastmastery,23,10,13
stormrage,927,hunter,beastmastery,20,11,9
tichondrius,907,hunter,beastmastery,21,10,11
tichondrius,904,hunter,beastmastery,23,10,13
kelthuzad,888,hunter,beastmastery,17,10,7
sargeras,864,hunter,beastmastery,12,9,3
illidan,864,hunter,beastmastery,12,9,3
dawnbringer,864,hunter,beastmastery,12,9,3
azralon,864,hunter,beastmastery,12,9,3
illidan,864,hunter,beastmastery,12,9,3
sargeras,864,hunter,beastmastery,18,9,9
tichondrius,864,hunter,beastmastery,18,9,9
sargeras,864,hunter,beastmastery,18,9,9
tichondrius,864,hunter,beastmastery,18,9,9
lightnings-blade,864,hunter,beastmastery,30,9,21
moon-guard,863,hunter,beastmastery,12,9,3
moon-guard,863,hunter,beastmastery,18,9,9
quelthalas,863,hunter,beastmastery,18,9,9
zuljin,863,hunter,beastmastery,30,9,21
wyrmrest-accord,862,hunter,beastmastery,12,9,3
tichondrius,862,hunter,beastmastery,12,9,3
barthilas,862,hunter,beastmastery,12,9,3
tichondrius,862,hunter,beastmastery,18,9,9
drakkari,862,hunter,beastmastery,24,9,15
dalaran,861,hunter,beastmastery,24,9,15
malganis,860,hunter,beastmastery,12,9,3
tichondrius,859,hunter,beastmastery,18,9,9
dentarg,858,hunter,beastmastery,12,9,3
bleeding-hollow,856,hunter,beastmastery,12,9,3
kiljaeden,855,hunter,beastmastery,24,9,15
daggerspine,855,hunter,beastmastery,24,9,15
malganis,854,hunter,beastmastery,24,9,15
kiljaeden,846,hunter,beastmastery,19,10,9
emerald-dream,844,hunter,beastmastery,12,9,3
area-52,831,hunter,beastmastery,17,9,8
darkspear,830,hunter,beastmastery,13,10,3
draktharon,822,hunter,beastmastery,17,9,8
area-52,814,hunter,beastmastery,17,9,8
illidan,768,hunter,beastmastery,12,8,4
illidan,768,hunter,beastmastery,12,8,4
illidan,768,hunter,beastmastery,12,8,4
tichondrius,768,hunter,beastmastery,12,8,4
ragnaros,768,hunter,beastmastery,12,8,4
ragnaros,768,hunter,beastmastery,12,8,4
azralon,768,hunter,beastmastery,12,8,4
tichondrius,768,hunter,beastmastery,18,8,10
illidan,768,hunter,beastmastery,18,8,10
malganis,768,hunter,beastmastery,18,8,10
tichondrius,768,hunter,beastmastery,18,8,10
zuljin,768,hunter,beastmastery,18,8,10
tichondrius,767,hunter,beastmastery,12,8,4
darkspear,767,hunter,beastmastery,15,9,6
illidan,767,hunter,beastmastery,18,8,10
sargeras,767,hunter,beastmastery,18,8,10
area-52,766,hunter,beastmastery,18,8,10
illidan,764,hunter,beastmastery,18,8,10
shuhalo,759,hunter,beastmastery,30,8,22
norgannon,714,hunter,beastmastery,14,9,5
nordrassil,703,hunter,beastmastery,14,8,6
azgalor,702,hunter,beastmastery,21,8,13
kelthuzad,686,hunter,beastmastery,16,8,8
tichondrius,672,hunter,beastmastery,10,8,2
malganis,672,hunter,beastmastery,12,7,5
sargeras,672,hunter,beastmastery,12,7,5
tichondrius,672,hunter,beastmastery,12,7,5
tichondrius,672,hunter,beastmastery,12,7,5
illidan,672,hunter,beastmastery,12,7,5
area-52,672,hunter,beastmastery,12,7,5
area-52,672,hunter,beastmastery,12,7,5
tichondrius,672,hunter,beastmastery,12,7,5
arthas,672,hunter,beastmastery,12,7,5
malganis,672,hunter,beastmastery,12,7,5
tichondrius,672,hunter,beastmastery,12,7,5
malganis,672,hunter,beastmastery,15,8,7
malganis,672,hunter,beastmastery,18,7,11
quelthalas,672,hunter,beastmastery,18,7,11
tichondrius,672,hunter,beastmastery,18,7,11
illidan,672,hunter,beastmastery,18,7,11
emerald-dream,671,hunter,beastmastery,12,7,5
stormrage,671,hunter,beastmastery,12,7,5
bleeding-hollow,671,hunter,beastmastery,12,7,5
borean-tundra,671,hunter,beastmastery,12,7,5
tichondrius,671,hunter,beastmastery,18,7,11
khadgar,671,hunter,beastmastery,18,7,11
frostmourne,671,hunter,beastmastery,18,7,11
thrall,671,hunter,beastmastery,18,7,11
illidan,671,hunter,beastmastery,18,7,11
frostmourne,670,hunter,beastmastery,18,7,11
hellscream,670,hunter,beastmastery,18,7,11
tichondrius,670,hunter,beastmastery,20,7,13
azralon,669,hunter,beastmastery,18,7,11
illidan,666,hunter,beastmastery,18,7,11
burning-blade,659,hunter,beastmastery,12,7,5
illidan,623,hunter,beastmastery,17,7,10
tichondrius,613,hunter,beastmastery,23,7,16
illidan,608,hunter,beastmastery,16,7,9
cenarius,604,hunter,beastmastery,14,7,7
proudmoore,576,hunter,beastmastery,6,6,0
area-52,576,hunter,beastmastery,6,6,0
illidan,576,hunter,beastmastery,6,6,0
frostmourne,576,hunter,beastmastery,6,6,0
aerie-peak,576,hunter,beastmastery,6,6,0
icecrown,576,hunter,beastmastery,6,6,0
frostmourne,576,hunter,beastmastery,12,6,6
malygos,576,hunter,beastmastery,12,6,6
tichondrius,576,hunter,beastmastery,12,6,6
tichondrius,576,hunter,beastmastery,12,6,6
stormrage,576,hunter,beastmastery,12,6,6
tichondrius,576,hunter,beastmastery,12,6,6
zuljin,576,hunter,beastmastery,12,6,6
terokkar,576,hunter,beastmastery,12,6,6
dalaran,576,hunter,beastmastery,12,6,6
quelthalas,576,hunter,beastmastery,12,6,6
lightbringer,576,hunter,beastmastery,12,6,6
gorefiend,576,hunter,beastmastery,12,6,6
vashj,576,hunter,beastmastery,12,6,6
frostmourne,576,hunter,beastmastery,12,6,6
kelthuzad,576,hunter,beastmastery,12,6,6
kalecgos,576,hunter,beastmastery,12,6,6
azralon,576,hunter,beastmastery,12,6,6
boulderfist,576,hunter,beastmastery,12,6,6
sargeras,576,hunter,beastmastery,12,6,6
kelthuzad,576,hunter,beastmastery,12,6,6
tichondrius,576,hunter,beastmastery,12,6,6
tortheldrin,576,hunter,beastmastery,12,6,6
ragnaros,576,hunter,beastmastery,16,7,9
tichondrius,576,hunter,beastmastery,18,6,12
bleeding-hollow,576,hunter,beastmastery,18,6,12
darkspear,575,hunter,beastmastery,6,6,0
queldorei,575,hunter,beastmastery,12,6,6
cenarion-circle,575,hunter,beastmastery,12,6,6
stormrage,575,hunter,beastmastery,12,6,6
area-52,575,hunter,beastmastery,12,6,6
aegwynn,574,hunter,beastmastery,12,6,6
skullcrusher,573,hunter,beastmastery,18,6,12
tichondrius,572,hunter,beastmastery,12,6,6
area-52,569,hunter,beastmastery,15,7,8
tichondrius,544,hunter,beastmastery,22,6,16
illidan,525,hunter,beastmastery,17,6,11
tichondrius,521,hunter,beastmastery,15,7,8
area-52,512,hunter,beastmastery,10,6,4
frostmourne,480,hunter,beastmastery,6,5,1
darkspear,480,hunter,beastmastery,6,5,1
sargeras,480,hunter,beastmastery,6,5,1
sargeras,480,hunter,beastmastery,6,5,1
quelthalas,480,hunter,beastmastery,6,5,1
area-52,480,hunter,beastmastery,6,5,1
bleeding-hollow,480,hunter,beastmastery,6,5,1
frostmourne,480,hunter,beastmastery,6,5,1
baelgun,480,hunter,beastmastery,6,5,1
area-52,480,hunter,beastmastery,6,5,1
area-52,480,hunter,beastmastery,6,5,1
moon-guard,480,hunter,beastmastery,6,5,1
tichondrius,480,hunter,beastmastery,6,5,1
area-52,480,hunter,beastmastery,6,5,1
azralon,480,hunter,beastmastery,6,5,1
tichondrius,480,hunter,beastmastery,6,5,1
sargeras,480,hunter,beastmastery,6,5,1
sargeras,480,hunter,beastmastery,6,5,1
illidan,480,hunter,beastmastery,6,5,1
sargeras,480,hunter,beastmastery,6,5,1
tortheldrin,480,hunter,beastmastery,6,5,1
kiljaeden,480,hunter,beastmastery,6,5,1
frostmourne,480,hunter,beastmastery,6,5,1
azralon,480,hunter,beastmastery,12,5,7
darkspear,480,hunter,beastmastery,12,5,7
sargeras,480,hunter,beastmastery,12,5,7
malorne,480,hunter,beastmastery,12,5,7
tichondrius,480,hunter,beastmastery,12,5,7
alexstrasza,480,hunter,beastmastery,12,5,7
tichondrius,480,hunter,beastmastery,12,5,7
drenden,480,hunter,beastmastery,12,5,7
tichondrius,480,hunter,beastmastery,12,5,7
frostmane,480,hunter,beastmastery,12,5,7
wyrmrest-accord,480,hunter,beastmastery,12,5,7
tichondrius,480,hunter,beastmastery,12,5,7
kelthuzad,480,hunter,beastmastery,12,5,7
destromath,480,hunter,beastmastery,12,5,7
tichondrius,480,hunter,beastmastery,12,5,7
tichondrius,480,hunter,beastmastery,12,5,7
ragnaros,480,hunter,beastmastery,12,5,7
quelthalas,480,hunter,beastmastery,12,5,7
arygos,480,hunter,beastmastery,12,5,7
bleeding-hollow,480,hunter,beastmastery,12,5,7
tichondrius,480,hunter,beastmastery,12,5,7
moon-guard,480,hunter,beastmastery,12,5,7
nerzhul,480,hunter,beastmastery,18,5,13
sargeras,480,hunter,beastmastery,18,5,13
bleeding-hollow,480,hunter,beastmastery,18,5,13
ragnaros,479,hunter,beastmastery,6,5,1
darkspear,479,hunter,beastmastery,6,5,1
malganis,479,hunter,beastmastery,6,5,1
area-52,479,hunter,beastmastery,6,5,1
barthilas,479,hunter,beastmastery,12,5,7
quelthalas,479,hunter,beastmastery,12,5,7
nerzhul,479,hunter,beastmastery,12,5,7
stormrage,479,hunter,beastmastery,12,5,7
auchindoun,478,hunter,beastmastery,18,6,12
tichondrius,448,hunter,beastmastery,10,5,5
korgath,447,hunter,beastmastery,11,5,6
korialstrasz,447,hunter,beastmastery,19,6,13
ragnaros,431,hunter,beastmastery,11,5,6
hyjal,429,hunter,beastmastery,9,6,3
proudmoore,426,hunter,beastmastery,17,6,11
fizzcrank,415,hunter,beastmastery,11,5,6
tichondrius,399,hunter,beastmastery,5,5,0
dalaran,397,hunter,beastmastery,7,5,2
kelthuzad,384,hunter,beastmastery,6,4,2
tichondrius,384,hunter,beastmastery,6,4,2
sargeras,384,hunter,beastmastery,6,4,2
blackrock,384,hunter,beastmastery,6,4,2
azjolnerub,384,hunter,beastmastery,6,4,2
area-52,384,hunter,beastmastery,6,4,2
tichondrius,384,hunter,beastmastery,6,4,2
tichondrius,384,hunter,beastmastery,6,4,2
bonechewer,384,hunter,beastmastery,6,4,2
illidan,384,hunter,beastmastery,6,4,2
illidan,384,hunter,beastmastery,6,4,2
dalaran,384,hunter,beastmastery,6,4,2
hyjal,384,hunter,beastmastery,6,4,2
tichondrius,384,hunter,beastmastery,6,4,2
tichondrius,384,hunter,beastmastery,6,4,2
moon-guard,384,hunter,beastmastery,6,4,2
frostmourne,384,hunter,beastmastery,6,4,2
sargeras,384,hunter,beastmastery,6,4,2
tichondrius,384,hunter,beastmastery,6,4,2
area-52,384,hunter,beastmastery,6,4,2
illidan,384,hunter,beastmastery,6,4,2
frostmourne,384,hunter,beastmastery,6,4,2
blades-edge,384,hunter,beastmastery,6,4,2
azralon,384,hunter,beastmastery,6,4,2
stormrage,384,hunter,beastmastery,6,4,2
ysera,384,hunter,beastmastery,6,4,2
zuljin,384,hunter,beastmastery,6,4,2
moon-guard,384,hunter,beastmastery,6,4,2
stormrage,384,hunter,beastmastery,6,4,2
stormrage,384,hunter,beastmastery,6,4,2
frostwolf,384,hunter,beastmastery,6,4,2
stormrage,384,hunter,beastmastery,6,4,2
tichondrius,384,hunter,beastmastery,9,5,4
moon-guard,384,hunter,beastmastery,11,5,6
quelthalas,384,hunter,beastmastery,10,4,6
kelthuzad,384,hunter,beastmastery,12,4,8
frostmourne,384,hunter,beastmastery,12,4,8
stormrage,384,hunter,beastmastery,12,4,8
area-52,384,hunter,beastmastery,12,4,8
malganis,384,hunter,beastmastery,12,4,8
proudmoore,384,hunter,beastmastery,12,4,8
tichondrius,384,hunter,beastmastery,12,4,8
azralon,384,hunter,beastmastery,12,4,8
nagrand,384,hunter,beastmastery,12,4,8
proudmoore,384,hunter,beastmastery,12,4,8
kiljaeden,384,hunter,beastmastery,12,4,8
lothar,384,hunter,beastmastery,12,4,8
frostmourne,384,hunter,beastmastery,12,4,8
akama,384,hunter,beastmastery,12,4,8
tichondrius,384,hunter,beastmastery,12,4,8
alexstrasza,384,hunter,beastmastery,12,4,8
ragnaros,384,hunter,beastmastery,12,4,8
illidan,384,hunter,beastmastery,12,4,8
frostmourne,384,hunter,beastmastery,12,4,8
tichondrius,384,hunter,beastmastery,15,4,11
tichondrius,384,hunter,beastmastery,18,4,14
bonechewer,383,hunter,beastmastery,6,4,2
drakkari,383,hunter,beastmastery,6,4,2
illidan,383,hunter,beastmastery,12,4,8
tichondrius,383,hunter,beastmastery,12,4,8
dalaran,382,hunter,beastmastery,14,4,10
tichondrius,381,hunter,beastmastery,12,4,8
bleeding-hollow,377,hunter,beastmastery,11,6,5
frostmourne,334,hunter,beastmastery,11,4,7
aggramar,288,hunter,beastmastery,6,3,3
hyjal,288,hunter,beastmastery,6,3,3
kelthuzad,288,hunter,beastmastery,6,3,3
quelthalas,288,hunter,beastmastery,6,3,3
aerie-peak,288,hunter,beastmastery,6,3,3
area-52,288,hunter,beastmastery,6,3,3
area-52,288,hunter,beastmastery,6,3,3
skullcrusher,288,hunter,beastmastery,6,3,3
ragnaros,288,hunter,beastmastery,6,3,3
darkspear,288,hunter,beastmastery,6,3,3
wyrmrest-accord,288,hunter,beastmastery,6,3,3
wyrmrest-accord,288,hunter,beastmastery,6,3,3
proudmoore,288,hunter,beastmastery,6,3,3
ragnaros,288,hunter,beastmastery,6,3,3
wyrmrest-accord,288,hunter,beastmastery,6,3,3
thorium-brotherhood,288,hunter,beastmastery,6,3,3
moon-guard,288,hunter,beastmastery,6,3,3
gilneas,288,hunter,beastmastery,6,3,3
arygos,288,hunter,beastmastery,6,3,3
stormrage,288,hunter,beastmastery,6,3,3
stormrage,288,hunter,beastmastery,6,3,3
tichondrius,288,hunter,beastmastery,6,3,3
tichondrius,288,hunter,beastmastery,6,3,3
shadowsong,288,hunter,beastmastery,6,3,3
emerald-dream,288,hunter,beastmastery,6,3,3
proudmoore,288,hunter,beastmastery,6,3,3
sargeras,288,hunter,beastmastery,6,3,3
ragnaros,288,hunter,beastmastery,6,3,3
stormrage,288,hunter,beastmastery,6,3,3
tichondrius,288,hunter,beastmastery,6,3,3
blades-edge,288,hunter,beastmastery,6,3,3
malorne,288,hunter,beastmastery,6,3,3
bloodhoof,288,hunter,beastmastery,6,3,3
thunderhorn,288,hunter,beastmastery,6,3,3
tichondrius,288,hunter,beastmastery,6,3,3
aegwynn,288,hunter,beastmastery,6,3,3
darkspear,288,hunter,beastmastery,6,3,3
the-underbog,288,hunter,beastmastery,6,3,3
tichondrius,288,hunter,beastmastery,6,3,3
skullcrusher,288,hunter,beastmastery,6,3,3
proudmoore,288,hunter,beastmastery,6,3,3
area-52,288,hunter,beastmastery,6,3,3
sentinels,288,hunter,beastmastery,6,3,3
illidan,288,hunter,beastmastery,6,3,3
frostmourne,288,hunter,beastmastery,6,3,3
zuljin,288,hunter,beastmastery,6,3,3
illidan,288,hunter,beastmastery,6,3,3
illidan,288,hunter,beastmastery,6,3,3
illidan,288,hunter,beastmastery,6,3,3
frostmourne,288,hunter,beastmastery,6,3,3
warsong,288,hunter,beastmastery,6,3,3
dalaran,288,hunter,beastmastery,6,3,3
zuljin,288,hunter,beastmastery,6,3,3
proudmoore,288,hunter,beastmastery,9,4,5
zuljin,288,hunter,beastmastery,12,3,9
frostmourne,288,hunter,beastmastery,12,3,9
moon-guard,288,hunter,beastmastery,12,3,9
veknilash,288,hunter,beastmastery,12,3,9
drenden,288,hunter,beastmastery,12,3,9
amanthul,288,hunter,beastmastery,12,3,9
sargeras,288,hunter,beastmastery,12,3,9
drakkari,288,hunter,beastmastery,12,3,9
ragnaros,288,hunter,beastmastery,12,3,9
thrall,288,hunter,beastmastery,12,3,9
nemesis,288,hunter,beastmastery,12,3,9
laughing-skull,288,hunter,beastmastery,12,3,9
arthas,288,hunter,beastmastery,17,3,14
aggramar,287,hunter,beastmastery,6,3,3
suramar,287,hunter,beastmastery,12,3,9
emerald-dream,286,hunter,beastmastery,6,3,3
blades-edge,285,hunter,beastmastery,12,3,9
tichondrius,255,hunter,beastmastery,9,4,5
hydraxis,240,hunter,beastmastery,15,3,12
tichondrius,239,hunter,beastmastery,5,3,2
alexstrasza,239,hunter,beastmastery,5,3,2
zuljin,192,hunter,beastmastery,4,3,1
elune,192,hunter,beastmastery,6,2,4
zuljin,192,hunter,beastmastery,6,2,4
illidan,192,hunter,beastmastery,6,2,4
bleeding-hollow,192,hunter,beastmastery,6,2,4
zangarmarsh,192,hunter,beastmastery,6,2,4
stormrage,192,hunter,beastmastery,6,2,4
vashj,192,hunter,beastmastery,6,2,4
azralon,192,hunter,beastmastery,6,2,4
azralon,192,hunter,beastmastery,6,2,4
illidan,192,hunter,beastmastery,6,2,4
illidan,192,hunter,beastmastery,6,2,4
zuljin,192,hunter,beastmastery,6,2,4
agamaggan,192,hunter,beastmastery,6,2,4
stormrage,192,hunter,beastmastery,6,2,4
arthas,192,hunter,beastmastery,6,2,4
frostwolf,192,hunter,beastmastery,6,2,4
stormrage,192,hunter,beastmastery,6,2,4
moknathal,192,hunter,beastmastery,6,2,4
sargeras,192,hunter,beastmastery,6,2,4
zuljin,192,hunter,beastmastery,6,2,4
sargeras,192,hunter,beastmastery,6,2,4
sargeras,192,hunter,beastmastery,6,2,4
azshara,192,hunter,beastmastery,6,2,4
emerald-dream,192,hunter,beastmastery,6,2,4
azralon,192,hunter,beastmastery,6,2,4
illidan,192,hunter,beastmastery,6,2,4
illidan,192,hunter,beastmastery,6,2,4
emerald-dream,192,hunter,beastmastery,6,2,4
area-52,192,hunter,beastmastery,6,2,4
stormscale,192,hunter,beastmastery,6,2,4
area-52,192,hunter,beastmastery,6,2,4
malganis,192,hunter,beastmastery,6,2,4
moon-guard,192,hunter,beastmastery,6,2,4
frostmourne,192,hunter,beastmastery,6,2,4
wyrmrest-accord,192,hunter,beastmastery,6,2,4
tichondrius,192,hunter,beastmastery,6,2,4
nesingwary,192,hunter,beastmastery,6,2,4
ragnaros,192,hunter,beastmastery,6,2,4
proudmoore,192,hunter,beastmastery,6,2,4
frostmourne,192,hunter,beastmastery,6,2,4
ragnaros,192,hunter,beastmastery,6,2,4
tichondrius,192,hunter,beastmastery,6,2,4
tichondrius,192,hunter,beastmastery,6,2,4
wyrmrest-accord,192,hunter,beastmastery,6,2,4
tichondrius,192,hunter,beastmastery,6,2,4
drenden,192,hunter,beastmastery,6,2,4
tichondrius,192,hunter,beastmastery,6,2,4
tichondrius,192,hunter,beastmastery,6,2,4
tichondrius,192,hunter,beastmastery,6,2,4
tichondrius,192,hunter,beastmastery,6,2,4
tichondrius,192,hunter,beastmastery,6,2,4
frostmourne,192,hunter,beastmastery,6,2,4
kiljaeden,192,hunter,beastmastery,6,2,4
barthilas,192,hunter,beastmastery,6,2,4
blackrock,192,hunter,beastmastery,6,2,4
azjolnerub,192,hunter,beastmastery,6,2,4
dalaran,192,hunter,beastmastery,6,2,4
tichondrius,192,hunter,beastmastery,6,2,4
tichondrius,192,hunter,beastmastery,6,2,4
stormrage,192,hunter,beastmastery,7,2,5
tichondrius,192,hunter,beastmastery,12,2,10
tichondrius,192,hunter,beastmastery,12,2,10
area-52,192,hunter,beastmastery,12,2,10
antonidas,191,hunter,beastmastery,6,2,4
cairne,191,hunter,beastmastery,6,2,4
gallywix,191,hunter,beastmastery,6,2,4
lothar,160,hunter,beastmastery,10,2,8
tichondrius,159,hunter,beastmastery,5,2,3
blood-furnace,159,hunter,beastmastery,5,2,3
moon-guard,159,hunter,beastmastery,5,2,3
tichondrius,159,hunter,beastmastery,5,2,3
stormrage,159,hunter,beastmastery,12,2,10
tichondrius,138,hunter,beastmastery,12,3,9
tichondrius,128,hunter,beastmastery,4,2,2
tichondrius,112,hunter,beastmastery,4,3,1
ragnaros,96,hunter,beastmastery,3,2,1
tichondrius,96,hunter,beastmastery,3,2,1
area-52,96,hunter,beastmastery,6,1,5
area-52,96,hunter,beastmastery,6,1,5
tichondrius,96,hunter,beastmastery,6,1,5
stormrage,96,hunter,beastmastery,6,1,5
tichondrius,96,hunter,beastmastery,6,1,5
tichondrius,96,hunter,beastmastery,6,1,5
barthilas,96,hunter,beastmastery,6,1,5
tichondrius,96,hunter,beastmastery,6,1,5
nemesis,96,hunter,beastmastery,6,1,5
stormreaver,96,hunter,beastmastery,6,1,5
kiljaeden,96,hunter,beastmastery,6,1,5
stormrage,96,hunter,beastmastery,6,1,5
kiljaeden,96,hunter,beastmastery,6,1,5
zuljin,96,hunter,beastmastery,6,1,5
ghostlands,96,hunter,beastmastery,6,1,5
bleeding-hollow,96,hunter,beastmastery,6,1,5
azralon,96,hunter,beastmastery,6,1,5
frostmourne,96,hunter,beastmastery,6,1,5
runetotem,96,hunter,beastmastery,6,1,5
daggerspine,96,hunter,beastmastery,6,1,5
azralon,96,hunter,beastmastery,6,1,5
zuljin,96,hunter,beastmastery,6,1,5
sargeras,96,hunter,beastmastery,6,1,5
mannoroth,96,hunter,beastmastery,6,1,5
kiljaeden,96,hunter,beastmastery,6,1,5
sargeras,96,hunter,beastmastery,6,1,5
emerald-dream,96,hunter,beastmastery,6,1,5
destromath,96,hunter,beastmastery,6,1,5
llane,96,hunter,beastmastery,6,1,5
firetree,96,hunter,beastmastery,6,1,5
stormrage,96,hunter,beastmastery,7,1,6
sargeras,96,hunter,beastmastery,12,1,11
lightninghoof,79,hunter,beastmastery,11,1,10
thrall,63,hunter,beastmastery,2,2,0
area-52,63,hunter,beastmastery,2,2,0
tol-barad,48,hunter,beastmastery,3,1,2
stormrage,42,hunter,beastmastery,9,2,7
tichondrius,42,hunter,beastmastery,11,2,9
tichondrius,31,hunter,beastmastery,2,1,1
stormrage,31,hunter,beastmastery,2,1,1
bleeding-hollow,31,hunter,beastmastery,2,1,1
sargeras,2233,mage,arcane,100,54,46
archimonde,1948,mage,arcane,54,33,21
tichondrius,1881,mage,arcane,48,31,17
sargeras,1881,mage,arcane,53,32,21
tichondrius,1809,mage,arcane,48,26,22
tichondrius,1792,mage,arcane,38,21,17
gorefiend,1672,mage,arcane,42,29,13
tichondrius,1610,mage,arcane,36,20,16
illidan,1595,mage,arcane,34,18,16
daggerspine,1575,mage,arcane,44,24,20
illidan,1553,mage,arcane,47,24,23
area-52,1438,mage,arcane,30,16,14
kelthuzad,1416,mage,arcane,40,24,16
tichondrius,1362,mage,arcane,23,15,8
tichondrius,1338,mage,arcane,24,14,10
stormrage,1335,mage,arcane,24,14,10
stormscale,1318,mage,arcane,30,14,16
proudmoore,1267,mage,arcane,52,24,28
area-52,1173,mage,arcane,33,19,14
thrall,1151,mage,arcane,18,12,6
tichondrius,1151,mage,arcane,24,12,12
illidan,1147,mage,arcane,24,12,12
stormrage,1144,mage,arcane,54,28,26
nazjatar,1142,mage,arcane,30,12,18
tichondrius,1135,mage,arcane,29,16,13
malganis,1055,mage,arcane,12,11,1
area-52,1050,mage,arcane,24,11,13
sargeras,1049,mage,arcane,23,11,12
wyrmrest-accord,960,mage,arcane,18,10,8
hyjal,955,mage,arcane,18,10,8
alexstrasza,954,mage,arcane,24,10,14
proudmoore,953,mage,arcane,18,10,8
frostmourne,934,mage,arcane,55,24,31
drakkari,918,mage,arcane,17,10,7
borean-tundra,913,mage,arcane,18,10,8
stormrage,891,mage,arcane,23,10,13
sargeras,864,mage,arcane,18,9,9
azralon,861,mage,arcane,18,9,9
sargeras,799,mage,arcane,14,9,5
zuljin,768,mage,arcane,12,8,4
area-52,767,mage,arcane,18,8,10
emerald-dream,766,mage,arcane,12,8,4
azralon,764,mage,arcane,18,8,10
stormrage,701,mage,arcane,20,9,11
tichondrius,672,mage,arcane,10,8,2
area-52,671,mage,arcane,18,7,11
onyxia,670,mage,arcane,12,7,5
stormrage,670,mage,arcane,12,7,5
illidan,639,mage,arcane,16,8,8
frostmourne,576,mage,arcane,12,6,6
kelthuzad,576,mage,arcane,18,6,12
moon-guard,574,mage,arcane,12,6,6
tichondrius,571,mage,arcane,12,6,6
quelthalas,571,mage,arcane,12,6,6
tichondrius,522,mage,arcane,20,7,13
proudmoore,480,mage,arcane,6,5,1
tichondrius,480,mage,arcane,6,5,1
deathwing,480,mage,arcane,12,5,7
tichondrius,480,mage,arcane,12,5,7
quelthalas,479,mage,arcane,12,5,7
tichondrius,384,mage,arcane,6,4,2
frostmourne,384,mage,arcane,6,4,2
tichondrius,384,mage,arcane,6,4,2
tichondrius,384,mage,arcane,6,4,2
sargeras,384,mage,arcane,6,4,2
proudmoore,384,mage,arcane,6,4,2
malganis,384,mage,arcane,6,4,2
tichondrius,384,mage,arcane,6,4,2
korgath,384,mage,arcane,12,4,8
saurfang,384,mage,arcane,12,4,8
borean-tundra,384,mage,arcane,12,4,8
moon-guard,383,mage,arcane,12,4,8
sargeras,288,mage,arcane,6,3,3
quelthalas,288,mage,arcane,6,3,3
quelthalas,288,mage,arcane,6,3,3
azralon,288,mage,arcane,6,3,3
azralon,288,mage,arcane,6,3,3
aerie-peak,288,mage,arcane,6,3,3
aegwynn,288,mage,arcane,6,3,3
tichondrius,288,mage,arcane,6,3,3
tichondrius,288,mage,arcane,6,3,3
tichondrius,288,mage,arcane,6,3,3
kelthuzad,288,mage,arcane,6,3,3
whisperwind,288,mage,arcane,6,3,3
stormrage,288,mage,arcane,6,3,3
whisperwind,288,mage,arcane,12,3,9
drakkari,288,mage,arcane,13,3,10
area-52,287,mage,arcane,6,3,3
tichondrius,239,mage,arcane,5,3,2
area-52,239,mage,arcane,5,3,2
area-52,192,mage,arcane,6,2,4
stormrage,192,mage,arcane,6,2,4
tichondrius,192,mage,arcane,6,2,4
stormrage,192,mage,arcane,6,2,4
tichondrius,192,mage,arcane,6,2,4
fizzcrank,192,mage,arcane,6,2,4
nagrand,192,mage,arcane,6,2,4
quelthalas,192,mage,arcane,6,2,4
andorhal,192,mage,arcane,6,2,4
tichondrius,192,mage,arcane,6,2,4
ragnaros,192,mage,arcane,6,2,4
frostmourne,192,mage,arcane,6,2,4
kelthuzad,192,mage,arcane,12,2,10
dalaran,191,mage,arcane,6,2,4
queldorei,191,mage,arcane,6,2,4
tichondrius,96,mage,arcane,6,1,5
bleeding-hollow,96,mage,arcane,6,1,5
tichondrius,96,mage,arcane,6,1,5
emerald-dream,96,mage,arcane,6,1,5
stormrage,96,mage,arcane,6,1,5
moon-guard,96,mage,arcane,6,1,5
sargeras,96,mage,arcane,6,1,5
tichondrius,96,mage,arcane,12,1,11
zuljin,63,mage,arcane,2,2,0
illidan,2122,mage,fire,138,69,69
sargeras,2115,mage,fire,75,38,37
illidan,2044,mage,fire,126,66,60
tichondrius,1904,mage,fire,73,34,39
tichondrius,1891,mage,fire,66,33,33
area-52,1843,mage,fire,66,37,29
kargath,1839,mage,fire,60,32,28
tichondrius,1828,mage,fire,47,25,22
farstriders,1820,mage,fire,30,19,11
tichondrius,1810,mage,fire,54,38,16
tichondrius,1802,mage,fire,42,22,20
zuljin,1776,mage,fire,36,20,16
turalyon,1767,mage,fire,90,50,40
illidan,1735,mage,fire,53,27,26
senjin,1686,mage,fire,54,29,25
sargeras,1627,mage,fire,42,22,20
barthilas,1622,mage,fire,42,24,18
stormrage,1615,mage,fire,36,22,14
barthilas,1602,mage,fire,60,33,27
bleeding-hollow,1600,mage,fire,36,19,17
area-52,1597,mage,fire,42,21,21
sargeras,1596,mage,fire,48,19,29
area-52,1592,mage,fire,36,19,17
tichondrius,1584,mage,fire,33,21,12
malganis,1574,mage,fire,36,29,7
sargeras,1563,mage,fire,51,21,30
bloodhoof,1558,mage,fire,42,24,18
tichondrius,1544,mage,fire,35,26,9
tichondrius,1540,mage,fire,66,36,30
tichondrius,1510,mage,fire,66,33,33
sargeras,1506,mage,fire,54,27,27
illidan,1483,mage,fire,59,32,27
stormrage,1476,mage,fire,54,31,23
darkspear,1459,mage,fire,53,26,27
tichondrius,1449,mage,fire,29,17,12
cenarius,1449,mage,fire,42,20,22
sargeras,1437,mage,fire,36,16,20
emerald-dream,1428,mage,fire,24,16,8
sargeras,1418,mage,fire,24,15,9
eredar,1412,mage,fire,36,23,13
tichondrius,1406,mage,fire,30,19,11
tichondrius,1395,mage,fire,35,21,14
area-52,1394,mage,fire,60,28,32
tichondrius,1360,mage,fire,32,16,16
dentarg,1356,mage,fire,33,20,13
stormrage,1353,mage,fire,25,15,10
illidan,1339,mage,fire,18,14,4
tichondrius,1336,mage,fire,42,16,26
tichondrius,1332,mage,fire,18,14,4
malganis,1328,mage,fire,24,14,10
greymane,1316,mage,fire,43,21,22
sargeras,1292,mage,fire,30,16,14
azralon,1290,mage,fire,45,19,26
proudmoore,1267,mage,fire,42,21,21
blades-edge,1261,mage,fire,48,22,26
laughing-skull,1260,mage,fire,17,14,3
proudmoore,1253,mage,fire,24,14,10
malganis,1245,mage,fire,24,13,11
azralon,1244,mage,fire,24,13,11
malganis,1243,mage,fire,30,13,17
tichondrius,1242,mage,fire,18,13,5
tichondrius,1233,mage,fire,24,13,11
ravencrest,1227,mage,fire,30,13,17
tichondrius,1218,mage,fire,30,13,17
azralon,1217,mage,fire,18,13,5
tichondrius,1215,mage,fire,22,13,9
ragnaros,1205,mage,fire,30,14,16
frostmourne,1184,mage,fire,42,20,22
kelthuzad,1152,mage,fire,18,12,6
kelthuzad,1144,mage,fire,24,12,12
ragnaros,1141,mage,fire,24,12,12
ragnaros,1139,mage,fire,24,14,10
tichondrius,1136,mage,fire,18,12,6
stormrage,1132,mage,fire,30,12,18
tichondrius,1112,mage,fire,47,21,26
tichondrius,1095,mage,fire,23,12,11
tichondrius,1085,mage,fire,20,12,8
quelthalas,1075,mage,fire,21,14,7
moon-guard,1056,mage,fire,18,11,7
tichondrius,1055,mage,fire,12,11,1
tichondrius,1053,mage,fire,18,11,7
moon-guard,1051,mage,fire,24,11,13
moon-guard,1050,mage,fire,24,11,13
nagrand,1049,mage,fire,24,11,13
tichondrius,1048,mage,fire,24,11,13
antonidas,1045,mage,fire,18,11,7
tichondrius,1041,mage,fire,34,13,21
proudmoore,1038,mage,fire,21,11,10
nordrassil,1026,mage,fire,24,11,13
ragnaros,967,mage,fire,19,11,8
ysera,965,mage,fire,96,40,56
kelthuzad,960,mage,fire,18,10,8
ragnaros,960,mage,fire,18,10,8
tichondrius,960,mage,fire,18,10,8
sargeras,960,mage,fire,21,11,10
stormrage,959,mage,fire,18,10,8
malorne,957,mage,fire,24,10,14
tichondrius,943,mage,fire,24,12,12
stormrage,893,mage,fire,20,10,10
bleeding-hollow,884,mage,fire,31,11,20
frostmourne,863,mage,fire,18,9,9
dalaran,860,mage,fire,24,9,15
garona,858,mage,fire,21,10,11
frostmourne,857,mage,fire,18,9,9
azralon,832,mage,fire,18,9,9
kelthuzad,830,mage,fire,14,10,4
sargeras,829,mage,fire,26,10,16
lightbringer,819,mage,fire,26,10,16
tichondrius,812,mage,fire,21,9,12
tichondrius,768,mage,fire,12,8,4
stormrage,768,mage,fire,12,8,4
frostmourne,768,mage,fire,12,8,4
proudmoore,768,mage,fire,18,8,10
tichondrius,767,mage,fire,12,8,4
tichondrius,767,mage,fire,12,8,4
aerie-peak,766,mage,fire,18,8,10
windrunner,750,mage,fire,12,8,4
hydraxis,718,mage,fire,11,8,3
emerald-dream,718,mage,fire,15,8,7
stormrage,672,mage,fire,12,7,5
stormrage,672,mage,fire,12,7,5
shadowmoon,672,mage,fire,12,7,5
emerald-dream,672,mage,fire,12,7,5
tichondrius,672,mage,fire,12,7,5
zuljin,672,mage,fire,12,7,5
malganis,672,mage,fire,12,7,5
emerald-dream,672,mage,fire,12,7,5
emerald-dream,672,mage,fire,12,7,5
area-52,671,mage,fire,12,7,5
daggerspine,671,mage,fire,12,7,5
moon-guard,671,mage,fire,12,7,5
barthilas,670,mage,fire,12,7,5
frostmourne,623,mage,fire,11,7,4
ragnaros,576,mage,fire,6,6,0
stormrage,576,mage,fire,12,6,6
tichondrius,576,mage,fire,12,6,6
area-52,576,mage,fire,12,6,6
tichondrius,576,mage,fire,12,6,6
area-52,576,mage,fire,12,6,6
sargeras,576,mage,fire,12,6,6
frostmourne,576,mage,fire,12,6,6
tichondrius,576,mage,fire,18,6,12
malfurion,575,mage,fire,12,6,6
khaz-modan,574,mage,fire,12,6,6
nagrand,567,mage,fire,12,6,6
moon-guard,559,mage,fire,18,7,11
stormrage,527,mage,fire,15,6,9
uther,512,mage,fire,16,6,10
tichondrius,480,mage,fire,6,5,1
frostmourne,480,mage,fire,6,5,1
bleeding-hollow,480,mage,fire,6,5,1
tichondrius,480,mage,fire,6,5,1
nemesis,480,mage,fire,6,5,1
malganis,480,mage,fire,12,5,7
thrall,480,mage,fire,12,5,7
illidan,480,mage,fire,12,5,7
tichondrius,480,mage,fire,12,5,7
kelthuzad,480,mage,fire,12,5,7
zuljin,480,mage,fire,12,5,7
moon-guard,480,mage,fire,12,5,7
blood-furnace,480,mage,fire,12,5,7
tichondrius,480,mage,fire,12,5,7
tichondrius,480,mage,fire,12,5,7
moon-guard,480,mage,fire,12,5,7
darkspear,480,mage,fire,12,5,7
tichondrius,480,mage,fire,15,6,9
tichondrius,480,mage,fire,18,5,13
tichondrius,479,mage,fire,24,5,19
hyjal,447,mage,fire,11,5,6
darkspear,415,mage,fire,8,5,3
illidan,400,mage,fire,13,5,8
quelthalas,384,mage,fire,6,4,2
tichondrius,384,mage,fire,6,4,2
malganis,384,mage,fire,6,4,2
turalyon,384,mage,fire,6,4,2
kelthuzad,384,mage,fire,6,4,2
quelthalas,384,mage,fire,6,4,2
area-52,384,mage,fire,6,4,2
mugthol,384,mage,fire,6,4,2
sargeras,384,mage,fire,6,4,2
illidan,384,mage,fire,6,4,2
illidan,384,mage,fire,6,4,2
stormrage,384,mage,fire,6,4,2
tichondrius,384,mage,fire,6,4,2
hyjal,384,mage,fire,6,4,2
hyjal,384,mage,fire,6,4,2
dalaran,384,mage,fire,6,4,2
tichondrius,384,mage,fire,6,4,2
tichondrius,384,mage,fire,6,4,2
tichondrius,384,mage,fire,12,4,8
frostmourne,384,mage,fire,12,4,8
ragnaros,384,mage,fire,12,4,8
dark-iron,384,mage,fire,12,4,8
kelthuzad,384,mage,fire,12,4,8
saurfang,384,mage,fire,12,4,8
bronzebeard,384,mage,fire,12,4,8
azralon,384,mage,fire,12,4,8
azralon,384,mage,fire,12,4,8
nemesis,384,mage,fire,18,4,14
bleeding-hollow,384,mage,fire,18,4,14
illidan,383,mage,fire,6,4,2
tichondrius,383,mage,fire,8,4,4
illidan,383,mage,fire,17,5,12
sargeras,382,mage,fire,6,4,2
ragnaros,288,mage,fire,6,3,3
azralon,288,mage,fire,6,3,3
frostmane,288,mage,fire,6,3,3
tichondrius,288,mage,fire,6,3,3
tichondrius,288,mage,fire,6,3,3
tichondrius,288,mage,fire,6,3,3
barthilas,288,mage,fire,6,3,3
draenor,288,mage,fire,6,3,3
tichondrius,288,mage,fire,6,3,3
tichondrius,288,mage,fire,6,3,3
kelthuzad,288,mage,fire,6,3,3
ragnaros,288,mage,fire,6,3,3
dalaran,288,mage,fire,6,3,3
tichondrius,288,mage,fire,6,3,3
area-52,288,mage,fire,6,3,3
frostmourne,288,mage,fire,6,3,3
tichondrius,288,mage,fire,6,3,3
frostmourne,288,mage,fire,6,3,3
runetotem,288,mage,fire,6,3,3
tichondrius,288,mage,fire,6,3,3
stormrage,288,mage,fire,6,3,3
area-52,288,mage,fire,6,3,3
frostmourne,288,mage,fire,6,3,3
wildhammer,288,mage,fire,6,3,3
whisperwind,288,mage,fire,6,3,3
malorne,288,mage,fire,6,3,3
silvermoon,288,mage,fire,6,3,3
illidan,288,mage,fire,6,3,3
illidan,288,mage,fire,6,3,3
zuljin,288,mage,fire,6,3,3
anetheron,288,mage,fire,6,3,3
zuljin,288,mage,fire,6,3,3
tichondrius,288,mage,fire,12,3,9
quelthalas,288,mage,fire,12,3,9
dalaran,288,mage,fire,12,3,9
stonemaul,287,mage,fire,6,3,3
sargeras,286,mage,fire,6,3,3
kargath,286,mage,fire,6,3,3
proudmoore,255,mage,fire,11,3,8
malganis,207,mage,fire,9,3,6
warsong,192,mage,fire,6,2,4
proudmoore,192,mage,fire,6,2,4
stormrage,192,mage,fire,6,2,4
sargeras,192,mage,fire,6,2,4
bleeding-hollow,192,mage,fire,6,2,4
anvilmar,192,mage,fire,6,2,4
deathwing,192,mage,fire,6,2,4
sargeras,192,mage,fire,6,2,4
dunemaul,192,mage,fire,6,2,4
tichondrius,192,mage,fire,6,2,4
kelthuzad,192,mage,fire,6,2,4
stormrage,192,mage,fire,6,2,4
stormscale,192,mage,fire,6,2,4
turalyon,192,mage,fire,6,2,4
stormrage,192,mage,fire,6,2,4
tichondrius,192,mage,fire,6,2,4
whisperwind,192,mage,fire,6,2,4
tichondrius,192,mage,fire,6,2,4
quelthalas,192,mage,fire,6,2,4
quelthalas,192,mage,fire,6,2,4
garona,192,mage,fire,6,2,4
black-dragonflight,192,mage,fire,6,2,4
malganis,192,mage,fire,6,2,4
area-52,192,mage,fire,6,2,4
amanthul,192,mage,fire,6,2,4
frostmourne,192,mage,fire,6,2,4
frostmourne,192,mage,fire,6,2,4
barthilas,192,mage,fire,6,2,4
tichondrius,192,mage,fire,11,2,9
executus,192,mage,fire,12,2,10
darrowmere,192,mage,fire,12,2,10
nemesis,160,mage,fire,10,2,8
quelthalas,144,mage,fire,3,3,0
malganis,138,mage,fire,16,3,13
dalaran,112,mage,fire,7,2,5
moon-guard,96,mage,fire,3,2,1
area-52,96,mage,fire,6,1,5
burning-legion,96,mage,fire,6,1,5
gorefiend,96,mage,fire,6,1,5
stormrage,96,mage,fire,6,1,5
stormrage,96,mage,fire,6,1,5
shattered-halls,96,mage,fire,6,1,5
aegwynn,96,mage,fire,6,1,5
bonechewer,96,mage,fire,6,1,5
area-52,96,mage,fire,6,1,5
tichondrius,96,mage,fire,6,1,5
tichondrius,96,mage,fire,6,1,5
tichondrius,96,mage,fire,6,1,5
frostmourne,96,mage,fire,6,1,5
barthilas,96,mage,fire,7,1,6
terokkar,95,mage,fire,6,1,5
kelthuzad,79,mage,fire,5,1,4
bleeding-hollow,31,mage,fire,2,1,1
tichondrius,2224,mage,frost,120,65,55
tichondrius,1870,mage,frost,59,28,31
tichondrius,1869,mage,frost,70,40,30
ragnaros,1857,mage,frost,72,31,41
tichondrius,1839,mage,frost,47,22,25
tichondrius,1818,mage,frost,30,19,11
uldum,1796,mage,frost,42,25,17
ysera,1776,mage,frost,84,47,37
tichondrius,1721,mage,frost,66,29,37
illidan,1719,mage,frost,26,20,6
malganis,1705,mage,frost,42,24,18
stormrage,1701,mage,frost,33,19,14
stormrage,1689,mage,frost,41,24,17
kelthuzad,1684,mage,frost,63,30,33
sargeras,1680,mage,frost,26,19,7
tichondrius,1679,mage,frost,59,33,26
kiljaeden,1677,mage,frost,80,36,44
tichondrius,1662,mage,frost,39,21,18
illidan,1662,mage,frost,48,24,24
stormrage,1657,mage,frost,42,19,23
barthilas,1656,mage,frost,54,20,34
kelthuzad,1627,mage,frost,35,21,14
llane,1626,mage,frost,45,21,24
kirin-tor,1618,mage,frost,30,17,13
korgath,1612,mage,frost,51,27,24
sargeras,1604,mage,frost,42,18,24
area-52,1599,mage,frost,90,39,51
nemesis,1595,mage,frost,50,23,27
frostmourne,1582,mage,frost,30,21,9
nemesis,1555,mage,frost,48,24,24
quelthalas,1551,mage,frost,30,18,12
bladefist,1551,mage,frost,76,44,32
tichondrius,1542,mage,frost,32,19,13
tichondrius,1536,mage,frost,194,94,100
area-52,1533,mage,frost,54,31,23
ragnaros,1530,mage,frost,30,16,14
frostmourne,1514,mage,frost,43,25,18
terenas,1494,mage,frost,54,23,31
malganis,1475,mage,frost,65,32,33
nemesis,1463,mage,frost,46,20,26
black-dragonflight,1463,mage,frost,42,17,25
emerald-dream,1453,mage,frost,141,65,76
stormrage,1452,mage,frost,75,39,36
illidan,1446,mage,frost,33,18,15
skullcrusher,1441,mage,frost,64,39,25
emerald-dream,1434,mage,frost,56,30,26
moon-guard,1421,mage,frost,59,29,30
moon-guard,1415,mage,frost,36,19,17
illidan,1410,mage,frost,88,52,36
tichondrius,1402,mage,frost,87,39,48
garrosh,1391,mage,frost,33,17,16
azralon,1382,mage,frost,58,30,28
ragnaros,1350,mage,frost,71,33,38
tichondrius,1346,mage,frost,54,24,30
chogall,1339,mage,frost,30,14,16
barthilas,1314,mage,frost,18,14,4
emerald-dream,1308,mage,frost,35,14,21
alterac-mountains,1305,mage,frost,30,15,15
ragnaros,1298,mage,frost,39,20,19
dreadmaul,1257,mage,frost,44,18,26
moonrunner,1251,mage,frost,36,19,17
tichondrius,1247,mage,frost,24,13,11
khazgoroth,1246,mage,frost,36,21,15
blackrock,1230,mage,frost,29,13,16
nemesis,1217,mage,frost,42,22,20
zuljin,1216,mage,frost,24,13,11
tichondrius,1197,mage,frost,24,13,11
area-52,1194,mage,frost,30,21,9
proudmoore,1187,mage,frost,35,14,21
quelthalas,1183,mage,frost,86,37,49
tichondrius,1173,mage,frost,48,21,27
echo-isles,1171,mage,frost,48,22,26
area-52,1167,mage,frost,80,38,42
wyrmrest-accord,1156,mage,frost,29,16,13
tichondrius,1152,mage,frost,24,12,12
illidan,1141,mage,frost,30,17,13
tichondrius,1140,mage,frost,21,12,9
tichondrius,1140,mage,frost,30,12,18
area-52,1119,mage,frost,29,12,17
bleeding-hollow,1119,mage,frost,29,12,17
stormrage,1111,mage,frost,28,13,15
ragnaros,1102,mage,frost,26,12,14
tichondrius,1080,mage,frost,54,21,33
quelthalas,1076,mage,frost,28,12,16
bleeding-hollow,1073,mage,frost,29,12,17
sargeras,1056,mage,frost,18,11,7
zuljin,1056,mage,frost,24,11,13
sargeras,1055,mage,frost,24,11,13
tichondrius,1054,mage,frost,18,11,7
norgannon,1054,mage,frost,24,11,13
tichondrius,1053,mage,frost,27,12,15
wyrmrest-accord,1051,mage,frost,25,11,14
dunemaul,1040,mage,frost,20,11,9
tichondrius,1025,mage,frost,18,14,4
moon-guard,1024,mage,frost,24,11,13
jaedenar,1019,mage,frost,16,12,4
borean-tundra,1013,mage,frost,40,11,29
area-52,1007,mage,frost,23,12,11
tichondrius,1006,mage,frost,17,11,6
icecrown,1006,mage,frost,43,12,31
tichondrius,1002,mage,frost,62,24,38
andorhal,996,mage,frost,23,11,12
area-52,972,mage,frost,32,14,18
archimonde,960,mage,frost,18,11,7
stormreaver,960,mage,frost,18,10,8
tichondrius,960,mage,frost,18,10,8
bleeding-hollow,959,mage,frost,18,10,8
ysera,959,mage,frost,18,10,8
tichondrius,959,mage,frost,18,10,8
dalaran,959,mage,frost,24,10,14
tichondrius,959,mage,frost,24,10,14
area-52,959,mage,frost,24,10,14
frostmourne,959,mage,frost,24,10,14
frostmane,959,mage,frost,27,11,16
moon-guard,957,mage,frost,18,10,8
zuljin,956,mage,frost,24,10,14
dreadmaul,955,mage,frost,30,10,20
aegwynn,952,mage,frost,18,10,8
dunemaul,952,mage,frost,21,11,10
ragnaros,946,mage,frost,18,10,8
dalaran,939,mage,frost,18,10,8
drakthul,917,mage,frost,65,28,37
ragnaros,905,mage,frost,17,12,5
azralon,890,mage,frost,17,10,7
stormrage,864,mage,frost,12,9,3
tichondrius,864,mage,frost,18,9,9
stormrage,863,mage,frost,18,9,9
burning-legion,862,mage,frost,18,9,9
tichondrius,862,mage,frost,24,9,15
moon-guard,861,mage,frost,20,9,11
emerald-dream,860,mage,frost,16,10,6
illidan,815,mage,frost,17,9,8
bleeding-hollow,810,mage,frost,23,11,12
anvilmar,798,mage,frost,14,9,5
sargeras,782,mage,frost,19,9,10
frostmourne,768,mage,frost,12,8,4
stormrage,768,mage,frost,18,8,10
blood-furnace,767,mage,frost,12,8,4
thrall,767,mage,frost,12,8,4
proudmoore,767,mage,frost,12,8,4
barthilas,767,mage,frost,18,8,10
zuljin,766,mage,frost,12,8,4
tichondrius,752,mage,frost,27,10,17
detheroc,748,mage,frost,12,8,4
alexstrasza,735,mage,frost,29,8,21
thrall,719,mage,frost,11,8,3
tichondrius,719,mage,frost,11,8,3
quelthalas,717,mage,frost,11,8,3
moon-guard,683,mage,frost,13,8,5
tichondrius,672,mage,frost,9,8,1
stormrage,672,mage,frost,12,7,5
tichondrius,672,mage,frost,12,7,5
stormrage,672,mage,frost,12,7,5
stormrage,672,mage,frost,12,7,5
illidan,672,mage,frost,12,7,5
tichondrius,672,mage,frost,12,7,5
thrall,672,mage,frost,17,8,9
tichondrius,672,mage,frost,18,7,11
barthilas,672,mage,frost,18,7,11
barthilas,672,mage,frost,18,7,11
illidan,671,mage,frost,12,7,5
dunemaul,671,mage,frost,12,7,5
whisperwind,671,mage,frost,12,7,5
tichondrius,671,mage,frost,18,7,11
blackrock,671,mage,frost,18,7,11
lightnings-blade,671,mage,frost,30,7,23
ragnaros,669,mage,frost,12,7,5
azralon,667,mage,frost,12,7,5
emerald-dream,662,mage,frost,12,7,5
drakkari,640,mage,frost,16,7,9
barthilas,639,mage,frost,14,8,6
area-52,623,mage,frost,11,7,4
blackhand,621,mage,frost,15,8,7
ragnaros,603,mage,frost,11,7,4
kelthuzad,585,mage,frost,18,11,7
sargeras,576,mage,frost,12,6,6
tichondrius,576,mage,frost,12,6,6
stormreaver,576,mage,frost,12,6,6
illidan,576,mage,frost,12,6,6
tichondrius,576,mage,frost,12,6,6
illidan,576,mage,frost,12,6,6
sargeras,576,mage,frost,12,6,6
quelthalas,576,mage,frost,12,6,6
moon-guard,576,mage,frost,12,6,6
illidan,576,mage,frost,18,6,12
anvilmar,575,mage,frost,12,6,6
sargeras,575,mage,frost,12,6,6
illidan,575,mage,frost,12,6,6
thrall,575,mage,frost,12,6,6
zuluhed,575,mage,frost,18,6,12
doomhammer,572,mage,frost,12,6,6
zuljin,543,mage,frost,11,6,5
elune,528,mage,frost,9,6,3
warsong,510,mage,frost,20,6,14
stormrage,508,mage,frost,16,6,10
tichondrius,480,mage,frost,6,5,1
tichondrius,480,mage,frost,6,5,1
zuljin,480,mage,frost,6,5,1
area-52,480,mage,frost,6,5,1
proudmoore,480,mage,frost,6,5,1
terenas,480,mage,frost,6,5,1
proudmoore,480,mage,frost,6,5,1
illidan,480,mage,frost,6,5,1
korgath,480,mage,frost,6,5,1
frostmourne,480,mage,frost,12,5,7
draka,480,mage,frost,12,5,7
tichondrius,480,mage,frost,12,5,7
stormrage,480,mage,frost,12,5,7
area-52,480,mage,frost,12,5,7
tichondrius,480,mage,frost,12,5,7
tichondrius,480,mage,frost,12,5,7
frostmourne,480,mage,frost,12,5,7
alexstrasza,480,mage,frost,12,5,7
tichondrius,480,mage,frost,18,5,13
thaurissan,479,mage,frost,12,5,7
sargeras,479,mage,frost,24,5,19
moon-guard,478,mage,frost,12,5,7
tichondrius,463,mage,frost,11,5,6
skullcrusher,400,mage,frost,7,5,2
stormrage,384,mage,frost,6,4,2
demon-soul,384,mage,frost,6,4,2
quelthalas,384,mage,frost,6,4,2
tichondrius,384,mage,frost,6,4,2
tichondrius,384,mage,frost,6,4,2
tichondrius,384,mage,frost,6,4,2
darkspear,384,mage,frost,6,4,2
mannoroth,384,mage,frost,6,4,2
mannoroth,384,mage,frost,6,4,2
tichondrius,384,mage,frost,6,4,2
hyjal,384,mage,frost,6,4,2
ragnaros,384,mage,frost,6,4,2
illidan,384,mage,frost,6,4,2
proudmoore,384,mage,frost,6,4,2
proudmoore,384,mage,frost,6,4,2
velen,384,mage,frost,6,4,2
illidan,384,mage,frost,6,4,2
aerie-peak,384,mage,frost,6,4,2
illidan,384,mage,frost,6,4,2
tichondrius,384,mage,frost,6,4,2
frostmourne,384,mage,frost,12,4,8
tichondrius,384,mage,frost,12,4,8
tichondrius,384,mage,frost,12,4,8
moon-guard,384,mage,frost,12,4,8
area-52,384,mage,frost,12,4,8
laughing-skull,384,mage,frost,12,4,8
aegwynn,384,mage,frost,12,4,8
bladefist,384,mage,frost,12,4,8
proudmoore,384,mage,frost,12,4,8
moon-guard,384,mage,frost,12,4,8
khazgoroth,384,mage,frost,12,4,8
onyxia,383,mage,frost,6,4,2
moon-guard,383,mage,frost,12,4,8
khazgoroth,382,mage,frost,6,4,2
mugthol,382,mage,frost,12,4,8
quelthalas,351,mage,frost,11,4,7
whisperwind,351,mage,frost,11,4,7
area-52,349,mage,frost,14,7,7
ysera,329,mage,frost,6,5,1
proudmoore,319,mage,frost,5,4,1
boulderfist,319,mage,frost,5,4,1
malganis,304,mage,frost,7,4,3
tichondrius,288,mage,frost,6,3,3
zuljin,288,mage,frost,6,3,3
illidan,288,mage,frost,6,3,3
frostmourne,288,mage,frost,6,3,3
spinebreaker,288,mage,frost,6,3,3
boulderfist,288,mage,frost,6,3,3
kelthuzad,288,mage,frost,6,3,3
tichondrius,288,mage,frost,6,3,3
frostmourne,288,mage,frost,6,3,3
emerald-dream,288,mage,frost,6,3,3
malfurion,288,mage,frost,6,3,3
frostmourne,288,mage,frost,6,3,3
tichondrius,288,mage,frost,6,3,3
tichondrius,288,mage,frost,6,3,3
drakthul,288,mage,frost,6,3,3
silvermoon,288,mage,frost,6,3,3
emerald-dream,288,mage,frost,6,3,3
stormrage,288,mage,frost,6,3,3
moon-guard,288,mage,frost,6,3,3
tichondrius,288,mage,frost,6,3,3
tichondrius,288,mage,frost,6,3,3
area-52,288,mage,frost,6,3,3
area-52,288,mage,frost,6,3,3
tichondrius,288,mage,frost,6,3,3
ursin,288,mage,frost,6,3,3
destromath,288,mage,frost,6,3,3
malganis,288,mage,frost,6,3,3
ragnaros,288,mage,frost,6,3,3
drakkari,288,mage,frost,6,3,3
stormrage,288,mage,frost,6,3,3
wyrmrest-accord,288,mage,frost,6,3,3
nerzhul,288,mage,frost,6,3,3
nemesis,288,mage,frost,6,3,3
tichondrius,288,mage,frost,6,3,3
azralon,288,mage,frost,6,3,3
spirestone,288,mage,frost,6,3,3
baelgun,288,mage,frost,6,3,3
ragnaros,288,mage,frost,6,3,3
tichondrius,288,mage,frost,10,4,6
ragnaros,288,mage,frost,12,3,9
illidan,288,mage,frost,12,3,9
area-52,288,mage,frost,12,3,9
tichondrius,288,mage,frost,12,3,9
muradin,287,mage,frost,6,3,3
bleeding-hollow,286,mage,frost,6,3,3
undermine,239,mage,frost,11,3,8
emerald-dream,234,mage,frost,13,4,9
azralon,234,mage,frost,19,4,15
greymane,192,mage,frost,4,3,1
blood-furnace,192,mage,frost,4,3,1
black-dragonflight,192,mage,frost,6,2,4
jaedenar,192,mage,frost,6,2,4
azuremyst,192,mage,frost,6,2,4
sargeras,192,mage,frost,6,2,4
area-52,192,mage,frost,6,2,4
area-52,192,mage,frost,6,2,4
kul-tiras,192,mage,frost,6,2,4
hakkar,192,mage,frost,6,2,4
hakkar,192,mage,frost,6,2,4
area-52,192,mage,frost,6,2,4
kelthuzad,192,mage,frost,6,2,4
kelthuzad,192,mage,frost,6,2,4
quelthalas,192,mage,frost,6,2,4
illidan,192,mage,frost,6,2,4
darkspear,192,mage,frost,6,2,4
shattered-halls,192,mage,frost,6,2,4
darkspear,192,mage,frost,6,2,4
perenolde,192,mage,frost,6,2,4
nerzhul,192,mage,frost,6,2,4
blackrock,192,mage,frost,6,2,4
frostmourne,192,mage,frost,6,2,4
stormrage,192,mage,frost,6,2,4
tichondrius,192,mage,frost,6,2,4
tichondrius,192,mage,frost,6,2,4
tichondrius,192,mage,frost,6,2,4
firetree,192,mage,frost,6,2,4
tichondrius,192,mage,frost,6,2,4
stormrage,192,mage,frost,6,2,4
tichondrius,192,mage,frost,6,2,4
barthilas,192,mage,frost,6,2,4
tichondrius,192,mage,frost,6,2,4
tichondrius,192,mage,frost,6,2,4
stormrage,192,mage,frost,12,2,10
shattered-hand,192,mage,frost,12,2,10
barthilas,192,mage,frost,12,2,10
tichondrius,192,mage,frost,12,2,10
malganis,192,mage,frost,12,2,10
zuljin,192,mage,frost,12,2,10
crushridge,191,mage,frost,4,3,1
stormrage,191,mage,frost,6,2,4
tichondrius,191,mage,frost,6,2,4
gnomeregan,191,mage,frost,6,2,4
emerald-dream,191,mage,frost,6,2,4
emerald-dream,159,mage,frost,5,2,3
tichondrius,144,mage,frost,15,2,13
area-52,127,mage,frost,5,3,2
frostmourne,127,mage,frost,4,2,2
emerald-dream,96,mage,frost,3,2,1
illidan,96,mage,frost,6,1,5
illidan,96,mage,frost,6,1,5
quelthalas,96,mage,frost,6,1,5
sargeras,96,mage,frost,6,1,5
tichondrius,96,mage,frost,6,1,5
chogall,96,mage,frost,6,1,5
spirestone,96,mage,frost,6,1,5
sargeras,96,mage,frost,6,1,5
tichondrius,96,mage,frost,6,1,5
emerald-dream,96,mage,frost,6,1,5
aegwynn,96,mage,frost,6,1,5
tichondrius,96,mage,frost,6,1,5
kelthuzad,96,mage,frost,6,1,5
stormscale,96,mage,frost,6,1,5
khadgar,96,mage,frost,6,1,5
azjolnerub,96,mage,frost,6,1,5
lightnings-blade,96,mage,frost,6,1,5
laughing-skull,96,mage,frost,6,1,5
fenris,96,mage,frost,6,1,5
tichondrius,96,mage,frost,6,1,5
frostmourne,96,mage,frost,6,1,5
proudmoore,96,mage,frost,6,1,5
proudmoore,96,mage,frost,6,1,5
wyrmrest-accord,96,mage,frost,6,1,5
stormreaver,64,mage,frost,4,1,3
tichondrius,64,mage,frost,4,1,3
azralon,63,mage,frost,2,2,0
malganis,63,mage,frost,2,2,0
cenarion-circle,48,mage,frost,3,1,2
bonechewer,31,mage,frost,2,1,1
blackrock,31,mage,frost,2,1,1
ragnaros,16,mage,frost,1,1,0
tichondrius,2237,monk,mistweaver,148,90,58
thorium-brotherhood,2208,monk,mistweaver,104,59,45
kelthuzad,2179,monk,mistweaver,98,53,45
tichondrius,2134,monk,mistweaver,126,67,59
tichondrius,2132,monk,mistweaver,78,55,23
nagrand,2125,monk,mistweaver,62,39,23
tichondrius,2122,monk,mistweaver,90,52,38
emerald-dream,2115,monk,mistweaver,96,48,48
tichondrius,2114,monk,mistweaver,114,64,50
stormreaver,2113,monk,mistweaver,56,37,19
emerald-dream,2113,monk,mistweaver,72,42,30
tichondrius,2103,monk,mistweaver,83,46,37
tichondrius,2081,monk,mistweaver,57,38,19
sargeras,2052,monk,mistweaver,96,47,49
darkspear,2050,monk,mistweaver,65,37,28
greymane,2010,monk,mistweaver,78,46,32
terenas,1974,monk,mistweaver,186,98,88
kiljaeden,1960,monk,mistweaver,80,45,35
nazjatar,1956,monk,mistweaver,136,70,66
frostmourne,1950,monk,mistweaver,78,50,28
proudmoore,1950,monk,mistweaver,65,35,30
tichondrius,1947,monk,mistweaver,78,39,39
tichondrius,1931,monk,mistweaver,144,87,57
tichondrius,1931,monk,mistweaver,60,34,26
azralon,1924,monk,mistweaver,78,44,34
illidan,1921,monk,mistweaver,43,27,16
tichondrius,1920,monk,mistweaver,54,32,22
quelthalas,1919,monk,mistweaver,67,39,28
area-52,1918,monk,mistweaver,86,38,48
tichondrius,1911,monk,mistweaver,34,23,11
kalecgos,1904,monk,mistweaver,36,25,11
tichondrius,1887,monk,mistweaver,48,28,20
mugthol,1887,monk,mistweaver,54,28,26
zuljin,1877,monk,mistweaver,58,36,22
bloodhoof,1877,monk,mistweaver,60,32,28
tichondrius,1874,monk,mistweaver,45,30,15
malganis,1873,monk,mistweaver,36,25,11
bleeding-hollow,1873,monk,mistweaver,59,36,23
illidan,1872,monk,mistweaver,70,40,30
area-52,1865,monk,mistweaver,78,49,29
zuljin,1861,monk,mistweaver,65,35,30
tichondrius,1857,monk,mistweaver,54,36,18
moon-guard,1857,monk,mistweaver,59,33,26
sargeras,1855,monk,mistweaver,48,26,22
quelthalas,1853,monk,mistweaver,114,68,46
proudmoore,1853,monk,mistweaver,58,32,26
thrall,1846,monk,mistweaver,54,35,19
tichondrius,1840,monk,mistweaver,52,30,22
emerald-dream,1837,monk,mistweaver,113,72,41
sargeras,1837,monk,mistweaver,42,25,17
sargeras,1836,monk,mistweaver,54,29,25
turalyon,1831,monk,mistweaver,48,31,17
barthilas,1830,monk,mistweaver,90,42,48
stormrage,1825,monk,mistweaver,89,56,33
malygos,1825,monk,mistweaver,193,97,96
illidan,1824,monk,mistweaver,81,34,47
warsong,1823,monk,mistweaver,80,47,33
moon-guard,1819,monk,mistweaver,60,32,28
barthilas,1817,monk,mistweaver,53,28,25
emerald-dream,1816,monk,mistweaver,48,30,18
khadgar,1813,monk,mistweaver,36,19,17
sargeras,1812,monk,mistweaver,42,28,14
exodar,1810,monk,mistweaver,96,51,45
tichondrius,1807,monk,mistweaver,36,29,7
moon-guard,1807,monk,mistweaver,82,42,40
moon-guard,1806,monk,mistweaver,53,30,23
shuhalo,1806,monk,mistweaver,49,26,23
twisting-nether,1805,monk,mistweaver,42,23,19
the-underbog,1804,monk,mistweaver,66,42,24
sargeras,1802,monk,mistweaver,42,25,17
tichondrius,1802,monk,mistweaver,57,33,24
dalaran,1800,monk,mistweaver,35,23,12
smolderthorn,1800,monk,mistweaver,202,101,101
illidan,1798,monk,mistweaver,36,29,7
frostmourne,1798,monk,mistweaver,44,27,17
illidan,1781,monk,mistweaver,30,21,9
zuljin,1781,monk,mistweaver,42,22,20
darkspear,1780,monk,mistweaver,30,21,9
tichondrius,1774,monk,mistweaver,54,29,25
illidan,1773,monk,mistweaver,60,39,21
moon-guard,1768,monk,mistweaver,53,35,18
illidan,1755,monk,mistweaver,60,32,28
blackrock,1755,monk,mistweaver,59,27,32
dalaran,1748,monk,mistweaver,93,52,41
proudmoore,1744,monk,mistweaver,65,44,21
moon-guard,1740,monk,mistweaver,54,31,23
bleeding-hollow,1734,monk,mistweaver,40,23,17
tichondrius,1727,monk,mistweaver,66,40,26
kelthuzad,1723,monk,mistweaver,86,49,37
mannoroth,1719,monk,mistweaver,42,25,17
illidan,1718,monk,mistweaver,42,29,13
malganis,1717,monk,mistweaver,36,22,14
jubeithos,1716,monk,mistweaver,69,40,29
tichondrius,1708,monk,mistweaver,72,28,44
ragnaros,1706,monk,mistweaver,131,70,61
ragnaros,1700,monk,mistweaver,118,66,52
aegwynn,1698,monk,mistweaver,48,28,20
stormrage,1696,monk,mistweaver,30,24,6
chromaggus,1696,monk,mistweaver,48,27,21
dalaran,1696,monk,mistweaver,209,110,99
wyrmrest-accord,1695,monk,mistweaver,48,24,24
azralon,1694,monk,mistweaver,48,33,15
crushridge,1694,monk,mistweaver,39,22,17
malganis,1694,monk,mistweaver,48,21,27
thunderlord,1688,monk,mistweaver,42,23,19
tichondrius,1687,monk,mistweaver,44,22,22
saurfang,1682,monk,mistweaver,71,34,37
malganis,1681,monk,mistweaver,48,29,19
tichondrius,1674,monk,mistweaver,30,23,7
tichondrius,1672,monk,mistweaver,38,20,18
proudmoore,1668,monk,mistweaver,72,32,40
tichondrius,1665,monk,mistweaver,62,41,21
area-52,1662,monk,mistweaver,38,24,14
hellscream,1661,monk,mistweaver,48,21,27
altar-of-storms,1652,monk,mistweaver,43,21,22
tichondrius,1648,monk,mistweaver,98,52,46
dawnbringer,1644,monk,mistweaver,32,19,13
arygos,1644,monk,mistweaver,54,27,27
sargeras,1639,monk,mistweaver,42,28,14
dentarg,1638,monk,mistweaver,42,24,18
tichondrius,1635,monk,mistweaver,48,34,14
illidan,1635,monk,mistweaver,101,51,50
tichondrius,1631,monk,mistweaver,72,36,36
tichondrius,1628,monk,mistweaver,36,17,19
proudmoore,1626,monk,mistweaver,59,44,15
illidan,1624,monk,mistweaver,72,42,30
stormrage,1623,monk,mistweaver,30,17,13
tichondrius,1616,monk,mistweaver,47,26,21
sargeras,1610,monk,mistweaver,30,24,6
illidan,1609,monk,mistweaver,32,17,15
wildhammer,1604,monk,mistweaver,61,36,25
magtheridon,1601,monk,mistweaver,24,17,7
emerald-dream,1601,monk,mistweaver,48,24,24
tichondrius,1599,monk,mistweaver,72,35,37
bleeding-hollow,1594,monk,mistweaver,58,33,25
area-52,1594,monk,mistweaver,36,20,16
bleeding-hollow,1591,monk,mistweaver,111,62,49
icecrown,1589,monk,mistweaver,31,27,4
area-52,1589,monk,mistweaver,42,19,23
azralon,1584,monk,mistweaver,51,31,20
hyjal,1584,monk,mistweaver,40,24,16
tichondrius,1581,monk,mistweaver,48,29,19
tichondrius,1577,monk,mistweaver,60,31,29
tichondrius,1575,monk,mistweaver,36,21,15
tichondrius,1571,monk,mistweaver,147,74,73
stormrage,1566,monk,mistweaver,42,28,14
stormrage,1564,monk,mistweaver,61,37,24
tichondrius,1562,monk,mistweaver,23,17,6
tichondrius,1562,monk,mistweaver,48,22,26
sargeras,1561,monk,mistweaver,45,28,17
moon-guard,1558,monk,mistweaver,60,29,31
tichondrius,1556,monk,mistweaver,41,20,21
thrall,1553,monk,mistweaver,34,20,14
tichondrius,1552,monk,mistweaver,30,25,5
area-52,1546,monk,mistweaver,58,38,20
emerald-dream,1543,monk,mistweaver,66,33,33
sargeras,1542,monk,mistweaver,36,22,14
bleeding-hollow,1541,monk,mistweaver,80,53,27
thrall,1534,monk,mistweaver,54,34,20
saurfang,1532,monk,mistweaver,30,16,14
stormrage,1531,monk,mistweaver,30,16,14
tichondrius,1528,monk,mistweaver,78,45,33
area-52,1527,monk,mistweaver,38,23,15
frostmourne,1527,monk,mistweaver,30,16,14
tichondrius,1526,monk,mistweaver,24,16,8
tichondrius,1525,monk,mistweaver,30,16,14
moon-guard,1522,monk,mistweaver,41,26,15
thaurissan,1522,monk,mistweaver,83,41,42
moon-guard,1522,monk,mistweaver,70,31,39
stormreaver,1521,monk,mistweaver,45,24,21
tichondrius,1516,monk,mistweaver,34,20,14
sargeras,1513,monk,mistweaver,48,22,26
ysondre,1490,monk,mistweaver,53,25,28
tichondrius,1489,monk,mistweaver,28,17,11
bleeding-hollow,1486,monk,mistweaver,42,23,19
shattered-halls,1473,monk,mistweaver,42,26,16
lothar,1471,monk,mistweaver,42,28,14
frostmourne,1467,monk,mistweaver,31,19,12
proudmoore,1467,monk,mistweaver,48,22,26
dalaran,1459,monk,mistweaver,48,25,23
zuljin,1457,monk,mistweaver,38,18,20
tichondrius,1450,monk,mistweaver,70,36,34
moon-guard,1448,monk,mistweaver,41,26,15
moon-guard,1445,monk,mistweaver,24,20,4
quelthalas,1443,monk,mistweaver,42,18,24
sargeras,1439,monk,mistweaver,24,15,9
illidan,1439,monk,mistweaver,31,15,16
proudmoore,1437,monk,mistweaver,30,19,11
proudmoore,1436,monk,mistweaver,24,15,9
stormrage,1435,monk,mistweaver,36,21,15
tichondrius,1435,monk,mistweaver,30,16,14
tichondrius,1435,monk,mistweaver,30,15,15
area-52,1434,monk,mistweaver,24,15,9
kelthuzad,1429,monk,mistweaver,20,17,3
stormrage,1428,monk,mistweaver,24,15,9
illidan,1426,monk,mistweaver,24,21,3
malganis,1424,monk,mistweaver,24,15,9
quelthalas,1423,monk,mistweaver,33,23,10
hyjal,1421,monk,mistweaver,30,15,15
stormscale,1420,monk,mistweaver,80,47,33
darkspear,1419,monk,mistweaver,24,15,9
moon-guard,1413,monk,mistweaver,50,27,23
sargeras,1408,monk,mistweaver,60,32,28
duskwood,1402,monk,mistweaver,156,68,88
tichondrius,1401,monk,mistweaver,30,15,15
azuremyst,1394,monk,mistweaver,33,22,11
jubeithos,1389,monk,mistweaver,23,15,8
tichondrius,1384,monk,mistweaver,26,18,8
ragnaros,1379,monk,mistweaver,43,15,28
zuljin,1378,monk,mistweaver,29,15,14
ragnaros,1375,monk,mistweaver,36,20,16
tichondrius,1366,monk,mistweaver,30,15,15
dalaran,1363,monk,mistweaver,30,16,14
stormrage,1354,monk,mistweaver,23,15,8
shuhalo,1352,monk,mistweaver,36,20,16
ragnaros,1347,monk,mistweaver,123,57,66
aerie-peak,1346,monk,mistweaver,59,36,23
stormreaver,1343,monk,mistweaver,18,14,4
azjolnerub,1343,monk,mistweaver,43,23,20
illidan,1343,monk,mistweaver,30,14,16
tichondrius,1341,monk,mistweaver,18,14,4
proudmoore,1341,monk,mistweaver,39,21,18
tichondrius,1336,monk,mistweaver,24,14,10
malganis,1333,monk,mistweaver,24,14,10
ragnaros,1333,monk,mistweaver,59,33,26
tichondrius,1328,monk,mistweaver,24,14,10
tichondrius,1319,monk,mistweaver,24,15,9
frostmourne,1316,monk,mistweaver,24,14,10
draka,1315,monk,mistweaver,28,18,10
azralon,1315,monk,mistweaver,35,21,14
gundrak,1308,monk,mistweaver,51,29,22
tichondrius,1306,monk,mistweaver,18,14,4
ravencrest,1305,monk,mistweaver,25,14,11
arthas,1302,monk,mistweaver,27,14,13
gilneas,1295,monk,mistweaver,24,14,10
moon-guard,1291,monk,mistweaver,78,38,40
gallywix,1290,monk,mistweaver,23,16,7
tichondrius,1270,monk,mistweaver,42,27,15
illidan,1255,monk,mistweaver,19,14,5
sargeras,1254,monk,mistweaver,38,16,22
sargeras,1248,monk,mistweaver,18,13,5
tichondrius,1247,monk,mistweaver,24,13,11
frostmourne,1247,monk,mistweaver,24,13,11
scilla,1246,monk,mistweaver,18,13,5
malfurion,1245,monk,mistweaver,60,25,35
zuljin,1244,monk,mistweaver,18,13,5
frostwolf,1242,monk,mistweaver,18,13,5
area-52,1237,monk,mistweaver,30,13,17
malygos,1234,monk,mistweaver,18,13,5
spirestone,1234,monk,mistweaver,24,13,11
wyrmrest-accord,1233,monk,mistweaver,119,58,61
tichondrius,1231,monk,mistweaver,54,28,26
bleeding-hollow,1229,monk,mistweaver,30,13,17
aerie-peak,1219,monk,mistweaver,32,20,12
emerald-dream,1218,monk,mistweaver,53,23,30
frostmourne,1197,monk,mistweaver,24,13,11
tichondrius,1194,monk,mistweaver,103,56,47
azjolnerub,1192,monk,mistweaver,35,16,19
area-52,1187,monk,mistweaver,30,18,12
illidan,1187,monk,mistweaver,30,15,15
frostmourne,1186,monk,mistweaver,22,13,9
boulderfist,1184,monk,mistweaver,23,13,10
emerald-dream,1184,monk,mistweaver,114,58,56
illidan,1174,monk,mistweaver,24,14,10
laughing-skull,1166,monk,mistweaver,90,38,52
tichondrius,1165,monk,mistweaver,31,24,7
thrall,1165,monk,mistweaver,28,14,14
firetree,1153,monk,mistweaver,22,13,9
hyjal,1152,monk,mistweaver,18,12,6
tichondrius,1152,monk,mistweaver,18,12,6
tichondrius,1151,monk,mistweaver,18,12,6
tichondrius,1151,monk,mistweaver,18,12,6
stormrage,1151,monk,mistweaver,24,12,12
kiljaeden,1147,monk,mistweaver,24,12,12
proudmoore,1146,monk,mistweaver,29,13,16
area-52,1145,monk,mistweaver,18,12,6
ursin,1145,monk,mistweaver,78,37,41
frostmane,1144,monk,mistweaver,18,12,6
frostmourne,1144,monk,mistweaver,24,12,12
wyrmrest-accord,1135,monk,mistweaver,45,18,27
tichondrius,1131,monk,mistweaver,18,12,6
area-52,1130,monk,mistweaver,26,14,12
doomhammer,1129,monk,mistweaver,30,12,18
azralon,1128,monk,mistweaver,24,12,12
barthilas,1124,monk,mistweaver,24,12,12
barthilas,1111,monk,mistweaver,50,23,27
draka,1099,monk,mistweaver,32,24,8
drakkari,1099,monk,mistweaver,25,12,13
kilrogg,1098,monk,mistweaver,27,13,14
moon-guard,1064,monk,mistweaver,24,14,10
nerzhul,1059,monk,mistweaver,66,31,35
the-scryers,1056,monk,mistweaver,12,11,1
tichondrius,1056,monk,mistweaver,18,11,7
bleeding-hollow,1056,monk,mistweaver,21,12,9
kelthuzad,1056,monk,mistweaver,24,11,13
thrall,1055,monk,mistweaver,18,11,7
illidan,1055,monk,mistweaver,18,11,7
malganis,1055,monk,mistweaver,18,11,7
area-52,1054,monk,mistweaver,12,11,1
ragnaros,1054,monk,mistweaver,36,11,25
azgalor,1053,monk,mistweaver,18,11,7
eredar,1053,monk,mistweaver,18,11,7
frostmourne,1052,monk,mistweaver,24,11,13
tichondrius,1049,monk,mistweaver,18,11,7
illidan,1049,monk,mistweaver,18,11,7
andorhal,1049,monk,mistweaver,24,11,13
exodar,1046,monk,mistweaver,18,11,7
moon-guard,1044,monk,mistweaver,34,16,18
frostmourne,1044,monk,mistweaver,28,12,16
tichondrius,1042,monk,mistweaver,24,11,13
hyjal,1042,monk,mistweaver,30,12,18
wyrmrest-accord,1038,monk,mistweaver,42,17,25
dalaran,1033,monk,mistweaver,37,17,20
tichondrius,1021,monk,mistweaver,32,12,20
nagrand,1016,monk,mistweaver,30,15,15
stormreaver,1016,monk,mistweaver,28,12,16
tichondrius,1015,monk,mistweaver,17,11,6
moon-guard,1014,monk,mistweaver,23,15,8
stormrage,1014,monk,mistweaver,24,11,13
frostmourne,1005,monk,mistweaver,23,13,10
tichondrius,1000,monk,mistweaver,23,11,12
trollbane,986,monk,mistweaver,17,11,6
ursin,960,monk,mistweaver,12,10,2
tichondrius,960,monk,mistweaver,12,10,2
sargeras,960,monk,mistweaver,18,10,8
kelthuzad,960,monk,mistweaver,18,10,8
illidan,960,monk,mistweaver,18,10,8
llane,960,monk,mistweaver,18,10,8
tichondrius,960,monk,mistweaver,18,10,8
kelthuzad,960,monk,mistweaver,18,10,8
sargeras,959,monk,mistweaver,18,10,8
sargeras,959,monk,mistweaver,18,10,8
ragnaros,958,monk,mistweaver,22,11,11
nagrand,956,monk,mistweaver,18,10,8
ysondre,953,monk,mistweaver,29,19,10
tichondrius,951,monk,mistweaver,24,10,14
barthilas,934,monk,mistweaver,24,10,14
gilneas,913,monk,mistweaver,18,11,7
quelthalas,908,monk,mistweaver,15,11,4
darkspear,894,monk,mistweaver,17,10,7
illidan,888,monk,mistweaver,15,11,4
tichondrius,878,monk,mistweaver,11,10,1
tichondrius,878,monk,mistweaver,18,11,7
dalaran,864,monk,mistweaver,12,9,3
frostmourne,864,monk,mistweaver,12,9,3
malorne,864,monk,mistweaver,12,9,3
sargeras,864,monk,mistweaver,12,9,3
tichondrius,864,monk,mistweaver,12,9,3
tichondrius,864,monk,mistweaver,12,9,3
alterac-mountains,864,monk,mistweaver,12,9,3
tichondrius,864,monk,mistweaver,12,9,3
arthas,864,monk,mistweaver,12,9,3
tichondrius,864,monk,mistweaver,18,9,9
lightbringer,864,monk,mistweaver,18,9,9
frostmourne,864,monk,mistweaver,18,9,9
tichondrius,864,monk,mistweaver,18,9,9
sargeras,864,monk,mistweaver,18,9,9
kelthuzad,864,monk,mistweaver,18,9,9
velen,864,monk,mistweaver,18,9,9
dalaran,863,monk,mistweaver,12,9,3
kelthuzad,863,monk,mistweaver,18,9,9
gorgonnash,862,monk,mistweaver,12,9,3
stormrage,862,monk,mistweaver,12,9,3
nemesis,862,monk,mistweaver,24,9,15
tichondrius,861,monk,mistweaver,12,9,3
area-52,861,monk,mistweaver,18,9,9
bonechewer,858,monk,mistweaver,12,9,3
elune,857,monk,mistweaver,12,9,3
warsong,855,monk,mistweaver,12,9,3
tichondrius,843,monk,mistweaver,12,9,3
azralon,814,monk,mistweaver,18,9,9
madoran,809,monk,mistweaver,27,10,17
tichondrius,768,monk,mistweaver,12,8,4
stormrage,768,monk,mistweaver,12,8,4
malganis,768,monk,mistweaver,12,8,4
area-52,768,monk,mistweaver,12,8,4
sargeras,768,monk,mistweaver,12,8,4
malganis,768,monk,mistweaver,12,8,4
ghostlands,768,monk,mistweaver,12,8,4
tichondrius,768,monk,mistweaver,12,8,4
zuljin,768,monk,mistweaver,18,8,10
tichondrius,768,monk,mistweaver,18,8,10
tichondrius,768,monk,mistweaver,24,8,16
tichondrius,767,monk,mistweaver,12,8,4
frostmourne,767,monk,mistweaver,12,8,4
turalyon,767,monk,mistweaver,12,8,4
thrall,767,monk,mistweaver,12,8,4
tichondrius,767,monk,mistweaver,12,8,4
stormreaver,767,monk,mistweaver,12,8,4
bleeding-hollow,767,monk,mistweaver,18,8,10
stormreaver,767,monk,mistweaver,18,8,10
tichondrius,767,monk,mistweaver,18,8,10
stormrage,766,monk,mistweaver,12,8,4
burning-blade,766,monk,mistweaver,18,8,10
wyrmrest-accord,765,monk,mistweaver,12,8,4
drakkari,765,monk,mistweaver,18,8,10
boulderfist,764,monk,mistweaver,12,8,4
fizzcrank,764,monk,mistweaver,18,8,10
frostmourne,720,monk,mistweaver,15,9,6
illidan,712,monk,mistweaver,15,9,6
tichondrius,703,monk,mistweaver,11,8,3
zuljin,672,monk,mistweaver,12,7,5
malygos,672,monk,mistweaver,12,7,5
ragnaros,672,monk,mistweaver,12,7,5
malganis,672,monk,mistweaver,12,7,5
stormrage,672,monk,mistweaver,12,7,5
illidan,672,monk,mistweaver,12,7,5
tichondrius,672,monk,mistweaver,12,7,5
turalyon,672,monk,mistweaver,12,7,5
tichondrius,672,monk,mistweaver,12,7,5
zuljin,672,monk,mistweaver,12,7,5
kelthuzad,672,monk,mistweaver,12,7,5
kelthuzad,672,monk,mistweaver,12,7,5
tichondrius,672,monk,mistweaver,12,7,5
azralon,672,monk,mistweaver,12,7,5
caelestrasz,672,monk,mistweaver,12,7,5
nagrand,672,monk,mistweaver,12,7,5
boulderfist,672,monk,mistweaver,12,7,5
frostmourne,672,monk,mistweaver,12,7,5
sargeras,672,monk,mistweaver,12,7,5
frostmourne,672,monk,mistweaver,12,7,5
bleeding-hollow,672,monk,mistweaver,12,7,5
illidan,672,monk,mistweaver,20,8,12
illidan,672,monk,mistweaver,18,7,11
zuljin,672,monk,mistweaver,18,7,11
proudmoore,672,monk,mistweaver,18,7,11
destromath,672,monk,mistweaver,18,7,11
quelthalas,672,monk,mistweaver,24,7,17
nazjatar,671,monk,mistweaver,12,7,5
blackhand,671,monk,mistweaver,12,7,5
azralon,671,monk,mistweaver,12,7,5
bleeding-hollow,671,monk,mistweaver,12,7,5
tichondrius,671,monk,mistweaver,12,7,5
wyrmrest-accord,671,monk,mistweaver,16,8,8
trollbane,671,monk,mistweaver,18,7,11
ragnaros,671,monk,mistweaver,18,7,11
spirestone,670,monk,mistweaver,12,7,5
saurfang,670,monk,mistweaver,28,8,20
malganis,666,monk,mistweaver,37,7,30
barthilas,623,monk,mistweaver,11,7,4
moon-guard,622,monk,mistweaver,11,7,4
tichondrius,592,monk,mistweaver,7,7,0
zuljin,576,monk,mistweaver,6,6,0
azjolnerub,576,monk,mistweaver,6,6,0
tichondrius,576,monk,mistweaver,6,6,0
cenarius,576,monk,mistweaver,6,6,0
stormreaver,576,monk,mistweaver,6,6,0
moon-guard,576,monk,mistweaver,6,6,0
proudmoore,576,monk,mistweaver,6,6,0
arathor,576,monk,mistweaver,6,6,0
illidan,576,monk,mistweaver,6,6,0
lightbringer,576,monk,mistweaver,6,6,0
kiljaeden,576,monk,mistweaver,12,6,6
the-forgotten-coast,576,monk,mistweaver,12,6,6
moon-guard,576,monk,mistweaver,12,6,6
nesingwary,576,monk,mistweaver,12,6,6
bleeding-hollow,576,monk,mistweaver,12,6,6
barthilas,576,monk,mistweaver,12,6,6
sargeras,576,monk,mistweaver,12,6,6
shadowsong,576,monk,mistweaver,12,6,6
korgath,576,monk,mistweaver,12,6,6
kelthuzad,576,monk,mistweaver,12,6,6
frostmourne,576,monk,mistweaver,12,6,6
tichondrius,576,monk,mistweaver,12,6,6
skullcrusher,576,monk,mistweaver,12,6,6
emerald-dream,576,monk,mistweaver,12,6,6
area-52,576,monk,mistweaver,12,6,6
area-52,576,monk,mistweaver,12,6,6
malganis,576,monk,mistweaver,12,6,6
ragnaros,576,monk,mistweaver,12,6,6
tichondrius,576,monk,mistweaver,12,6,6
illidan,576,monk,mistweaver,12,6,6
area-52,576,monk,mistweaver,12,6,6
kelthuzad,576,monk,mistweaver,18,6,12
tichondrius,576,monk,mistweaver,18,6,12
ysondre,576,monk,mistweaver,18,6,12
ragnaros,576,monk,mistweaver,18,6,12
illidan,575,monk,mistweaver,12,6,6
barthilas,575,monk,mistweaver,12,6,6
stormrage,575,monk,mistweaver,13,6,7
tichondrius,543,monk,mistweaver,11,6,5
emerald-dream,524,monk,mistweaver,15,7,8
illidan,512,monk,mistweaver,16,6,10
nemesis,511,monk,mistweaver,8,6,2
cairne,496,monk,mistweaver,19,6,13
tichondrius,480,monk,mistweaver,6,5,1
malganis,480,monk,mistweaver,6,5,1
agamaggan,480,monk,mistweaver,6,5,1
sargeras,480,monk,mistweaver,6,5,1
zuljin,480,monk,mistweaver,6,5,1
azshara,480,monk,mistweaver,6,5,1
garrosh,480,monk,mistweaver,6,5,1
illidan,480,monk,mistweaver,6,5,1
stormrage,480,monk,mistweaver,6,5,1
terenas,480,monk,mistweaver,6,5,1
quelthalas,480,monk,mistweaver,6,5,1
ragnaros,480,monk,mistweaver,6,5,1
zuljin,480,monk,mistweaver,6,5,1
tichondrius,480,monk,mistweaver,6,5,1
dragonmaw,480,monk,mistweaver,6,5,1
ragnaros,480,monk,mistweaver,6,5,1
spirestone,480,monk,mistweaver,6,5,1
tichondrius,480,monk,mistweaver,6,5,1
ragnaros,480,monk,mistweaver,6,5,1
tichondrius,480,monk,mistweaver,6,5,1
sargeras,480,monk,mistweaver,12,5,7
tichondrius,480,monk,mistweaver,12,5,7
khadgar,480,monk,mistweaver,12,5,7
malganis,480,monk,mistweaver,12,5,7
illidan,480,monk,mistweaver,12,5,7
tichondrius,480,monk,mistweaver,12,5,7
tichondrius,480,monk,mistweaver,12,5,7
sargeras,480,monk,mistweaver,12,5,7
emerald-dream,480,monk,mistweaver,12,5,7
proudmoore,479,monk,mistweaver,6,5,1
tichondrius,479,monk,mistweaver,12,5,7
tichondrius,479,monk,mistweaver,18,5,13
thrall,479,monk,mistweaver,18,5,13
doomhammer,478,monk,mistweaver,12,5,7
malganis,477,monk,mistweaver,12,5,7
chogall,463,monk,mistweaver,11,5,6
zuljin,447,monk,mistweaver,8,6,2
tichondrius,440,monk,mistweaver,24,8,16
tichondrius,432,monk,mistweaver,9,6,3
sargeras,432,monk,mistweaver,9,5,4
tichondrius,432,monk,mistweaver,9,5,4
ragnaros,426,monk,mistweaver,22,6,16
zuljin,416,monk,mistweaver,16,5,11
thunderhorn,384,monk,mistweaver,6,4,2
tichondrius,384,monk,mistweaver,6,4,2
sargeras,384,monk,mistweaver,6,4,2
illidan,384,monk,mistweaver,6,4,2
bleeding-hollow,384,monk,mistweaver,6,4,2
lethon,384,monk,mistweaver,6,4,2
tichondrius,384,monk,mistweaver,6,4,2
bonechewer,384,monk,mistweaver,6,4,2
stormrage,384,monk,mistweaver,6,4,2
gorefiend,384,monk,mistweaver,6,4,2
area-52,384,monk,mistweaver,6,4,2
cenarion-circle,384,monk,mistweaver,6,4,2
durotan,384,monk,mistweaver,6,4,2
darkspear,384,monk,mistweaver,6,4,2
illidan,384,monk,mistweaver,6,4,2
tichondrius,384,monk,mistweaver,6,4,2
sargeras,384,monk,mistweaver,6,4,2
tichondrius,384,monk,mistweaver,6,4,2
zuljin,384,monk,mistweaver,6,4,2
barthilas,384,monk,mistweaver,6,4,2
tichondrius,384,monk,mistweaver,6,4,2
area-52,384,monk,mistweaver,6,4,2
tichondrius,384,monk,mistweaver,6,4,2
stormrage,384,monk,mistweaver,6,4,2
nemesis,384,monk,mistweaver,6,4,2
tichondrius,384,monk,mistweaver,6,4,2
tichondrius,384,monk,mistweaver,6,4,2
stormrage,384,monk,mistweaver,6,4,2
proudmoore,384,monk,mistweaver,6,4,2
frostmourne,384,monk,mistweaver,12,4,8
kelthuzad,384,monk,mistweaver,12,4,8
tichondrius,384,monk,mistweaver,12,4,8
malganis,384,monk,mistweaver,12,4,8
barthilas,384,monk,mistweaver,12,4,8
malganis,384,monk,mistweaver,12,4,8
boulderfist,384,monk,mistweaver,12,4,8
skullcrusher,384,monk,mistweaver,12,4,8
destromath,384,monk,mistweaver,12,4,8
emerald-dream,384,monk,mistweaver,12,4,8
norgannon,384,monk,mistweaver,12,4,8
malganis,384,monk,mistweaver,18,4,14
deathwing,383,monk,mistweaver,19,7,12
tichondrius,383,monk,mistweaver,12,4,8
aggramar,383,monk,mistweaver,12,4,8
ragnaros,367,monk,mistweaver,11,4,7
nerzhul,360,monk,mistweaver,13,7,6
tichondrius,351,monk,mistweaver,11,4,7
sargeras,335,monk,mistweaver,11,4,7
illidan,319,monk,mistweaver,5,4,1
quelthalas,288,monk,mistweaver,6,3,3
ragnaros,288,monk,mistweaver,6,3,3
tichondrius,288,monk,mistweaver,6,3,3
quelthalas,288,monk,mistweaver,6,3,3
tichondrius,288,monk,mistweaver,6,3,3
ragnaros,288,monk,mistweaver,6,3,3
tichondrius,288,monk,mistweaver,6,3,3
hydraxis,288,monk,mistweaver,6,3,3
laughing-skull,288,monk,mistweaver,6,3,3
emerald-dream,288,monk,mistweaver,6,3,3
sargeras,288,monk,mistweaver,6,3,3
tichondrius,288,monk,mistweaver,6,3,3
tichondrius,288,monk,mistweaver,6,3,3
illidan,288,monk,mistweaver,6,3,3
illidan,288,monk,mistweaver,6,3,3
rexxar,288,monk,mistweaver,6,3,3
frostwolf,288,monk,mistweaver,6,3,3
malganis,288,monk,mistweaver,6,3,3
frostmourne,288,monk,mistweaver,6,3,3
tichondrius,288,monk,mistweaver,6,3,3
area-52,288,monk,mistweaver,6,3,3
area-52,288,monk,mistweaver,6,3,3
area-52,288,monk,mistweaver,6,3,3
lothar,288,monk,mistweaver,6,3,3
kiljaeden,288,monk,mistweaver,6,3,3
azralon,288,monk,mistweaver,6,3,3
area-52,288,monk,mistweaver,6,3,3
kelthuzad,288,monk,mistweaver,6,3,3
tichondrius,288,monk,mistweaver,6,3,3
wildhammer,288,monk,mistweaver,6,3,3
wyrmrest-accord,288,monk,mistweaver,6,3,3
stormrage,288,monk,mistweaver,6,3,3
stormrage,288,monk,mistweaver,6,3,3
stormreaver,288,monk,mistweaver,6,3,3
wyrmrest-accord,288,monk,mistweaver,6,3,3
area-52,288,monk,mistweaver,6,3,3
moon-guard,288,monk,mistweaver,6,3,3
wyrmrest-accord,288,monk,mistweaver,6,3,3
area-52,288,monk,mistweaver,6,3,3
tichondrius,288,monk,mistweaver,6,3,3
tichondrius,288,monk,mistweaver,9,4,5
spirestone,288,monk,mistweaver,12,3,9
stormrage,288,monk,mistweaver,12,3,9
nemesis,288,monk,mistweaver,12,3,9
azjolnerub,287,monk,mistweaver,6,3,3
azgalor,287,monk,mistweaver,6,3,3
moon-guard,287,monk,mistweaver,6,3,3
kiljaeden,287,monk,mistweaver,12,3,9
hellscream,287,monk,mistweaver,12,3,9
mugthol,286,monk,mistweaver,6,3,3
proudmoore,271,monk,mistweaver,11,3,8
burning-legion,256,monk,mistweaver,4,4,0
illidan,239,monk,mistweaver,5,3,2
moon-guard,234,monk,mistweaver,8,4,4
wyrmrest-accord,234,monk,mistweaver,10,4,6
tichondrius,192,monk,mistweaver,6,2,4
illidan,192,monk,mistweaver,6,2,4
darkspear,192,monk,mistweaver,6,2,4
wyrmrest-accord,192,monk,mistweaver,6,2,4
tichondrius,192,monk,mistweaver,6,2,4
emerald-dream,192,monk,mistweaver,6,2,4
sargeras,192,monk,mistweaver,6,2,4
aggramar,192,monk,mistweaver,6,2,4
emerald-dream,192,monk,mistweaver,6,2,4
sargeras,192,monk,mistweaver,6,2,4
malganis,192,monk,mistweaver,6,2,4
darkspear,192,monk,mistweaver,6,2,4
area-52,192,monk,mistweaver,6,2,4
lightnings-blade,192,monk,mistweaver,6,2,4
tichondrius,192,monk,mistweaver,6,2,4
skullcrusher,192,monk,mistweaver,6,2,4
exodar,192,monk,mistweaver,6,2,4
trollbane,192,monk,mistweaver,6,2,4
tichondrius,192,monk,mistweaver,6,2,4
zuljin,192,monk,mistweaver,6,2,4
stormrage,192,monk,mistweaver,6,2,4
area-52,192,monk,mistweaver,6,2,4
bleeding-hollow,192,monk,mistweaver,6,2,4
sargeras,192,monk,mistweaver,6,2,4
kiljaeden,192,monk,mistweaver,6,2,4
bleeding-hollow,192,monk,mistweaver,6,2,4
tichondrius,192,monk,mistweaver,6,2,4
exodar,192,monk,mistweaver,7,2,5
area-52,192,monk,mistweaver,8,2,6
illidan,192,monk,mistweaver,10,2,8
tichondrius,192,monk,mistweaver,12,2,10
frostmourne,192,monk,mistweaver,12,2,10
frostmane,192,monk,mistweaver,12,2,10
tichondrius,192,monk,mistweaver,12,2,10
zuljin,192,monk,mistweaver,12,2,10
azralon,159,monk,mistweaver,5,2,3
proudmoore,144,monk,mistweaver,3,3,0
malganis,138,monk,mistweaver,8,3,5
ragnaros,138,monk,mistweaver,11,3,8
burning-legion,96,monk,mistweaver,3,2,1
moonrunner,96,monk,mistweaver,6,1,5
tichondrius,96,monk,mistweaver,6,1,5
tichondrius,96,monk,mistweaver,6,1,5
tichondrius,96,monk,mistweaver,6,1,5
emerald-dream,96,monk,mistweaver,6,1,5
ragnaros,96,monk,mistweaver,6,1,5
korialstrasz,96,monk,mistweaver,6,1,5
amanthul,96,monk,mistweaver,6,1,5
frostmourne,96,monk,mistweaver,6,1,5
illidan,96,monk,mistweaver,6,1,5
illidan,96,monk,mistweaver,6,1,5
sargeras,96,monk,mistweaver,6,1,5
malfurion,95,monk,mistweaver,6,1,5
moknathal,79,monk,mistweaver,5,1,4
darkspear,79,monk,mistweaver,5,1,4
thrall,79,monk,mistweaver,5,1,4
arathor,79,monk,mistweaver,5,1,4
tichondrius,48,monk,mistweaver,3,1,2
barthilas,42,monk,mistweaver,6,2,4
nerzhul,672,monk,brewmaster,21,8,13
tichondrius,288,monk,brewmaster,6,3,3
zuljin,192,monk,brewmaster,18,2,16
sargeras,2250,monk,windwalker,91,51,40
sargeras,2109,monk,windwalker,102,51,51
nazjatar,2101,monk,windwalker,66,35,31
tichondrius,2026,monk,windwalker,130,66,64
sargeras,2022,monk,windwalker,83,41,42
tichondrius,1990,monk,windwalker,72,41,31
frostmourne,1955,monk,windwalker,66,37,29
illidan,1945,monk,windwalker,65,36,29
burning-legion,1923,monk,windwalker,65,33,32
tichondrius,1895,monk,windwalker,54,27,27
stormrage,1860,monk,windwalker,47,27,20
illidan,1854,monk,windwalker,48,25,23
quelthalas,1850,monk,windwalker,62,31,31
tichondrius,1841,monk,windwalker,70,39,31
area-52,1839,monk,windwalker,54,27,27
illidan,1827,monk,windwalker,51,26,25
sargeras,1825,monk,windwalker,42,23,19
wyrmrest-accord,1822,monk,windwalker,59,28,31
bleeding-hollow,1820,monk,windwalker,66,33,33
uldum,1816,monk,windwalker,64,30,34
scilla,1809,monk,windwalker,60,28,32
tichondrius,1806,monk,windwalker,48,25,23
ysera,1802,monk,windwalker,24,19,5
stormreaver,1785,monk,windwalker,72,30,42
sargeras,1772,monk,windwalker,69,42,27
chogall,1741,monk,windwalker,103,58,45
tichondrius,1735,monk,windwalker,72,43,29
sargeras,1695,monk,windwalker,69,42,27
sargeras,1686,monk,windwalker,30,21,9
thrall,1673,monk,windwalker,72,37,35
ragnaros,1672,monk,windwalker,81,43,38
area-52,1670,monk,windwalker,23,18,5
illidan,1666,monk,windwalker,30,19,11
stormrage,1665,monk,windwalker,48,23,25
quelthalas,1662,monk,windwalker,48,26,22
zuljin,1648,monk,windwalker,58,33,25
frostmourne,1627,monk,windwalker,30,17,13
tichondrius,1627,monk,windwalker,36,17,19
illidan,1619,monk,windwalker,24,17,7
stormrage,1611,monk,windwalker,53,32,21
aggramar,1608,monk,windwalker,65,40,25
elune,1605,monk,windwalker,24,18,6
blackhand,1597,monk,windwalker,35,19,16
thrall,1593,monk,windwalker,42,21,21
tichondrius,1580,monk,windwalker,36,18,18
darkspear,1579,monk,windwalker,30,20,10
tichondrius,1573,monk,windwalker,60,26,34
stormrage,1567,monk,windwalker,46,26,20
tichondrius,1566,monk,windwalker,78,37,41
area-52,1557,monk,windwalker,30,18,12
gorefiend,1551,monk,windwalker,48,29,19
tichondrius,1539,monk,windwalker,36,18,18
tichondrius,1534,monk,windwalker,30,16,14
tichondrius,1533,monk,windwalker,18,16,2
bonechewer,1533,monk,windwalker,24,16,8
barthilas,1530,monk,windwalker,30,16,14
wyrmrest-accord,1522,monk,windwalker,36,21,15
tichondrius,1520,monk,windwalker,65,42,23
drakkari,1518,monk,windwalker,35,19,16
illidan,1504,monk,windwalker,29,18,11
area-52,1504,monk,windwalker,30,16,14
muradin,1499,monk,windwalker,24,16,8
tichondrius,1488,monk,windwalker,24,16,8
sargeras,1445,monk,windwalker,24,16,8
arthas,1444,monk,windwalker,35,20,15
sargeras,1439,monk,windwalker,34,19,15
sargeras,1430,monk,windwalker,26,15,11
tichondrius,1429,monk,windwalker,58,25,33
ragnaros,1426,monk,windwalker,24,15,9
azralon,1425,monk,windwalker,46,24,22
tichondrius,1418,monk,windwalker,42,22,20
thrall,1409,monk,windwalker,36,21,15
ragnaros,1383,monk,windwalker,34,19,15
khadgar,1350,monk,windwalker,34,15,19
darkspear,1341,monk,windwalker,24,14,10
area-52,1338,monk,windwalker,30,14,16
tortheldrin,1337,monk,windwalker,30,14,16
kelthuzad,1326,monk,windwalker,58,32,26
moon-guard,1305,monk,windwalker,24,14,10
ragnaros,1294,monk,windwalker,47,20,27
quelthalas,1293,monk,windwalker,60,27,33
tichondrius,1263,monk,windwalker,42,22,20
illidan,1248,monk,windwalker,60,28,32
arthas,1247,monk,windwalker,18,13,5
tichondrius,1247,monk,windwalker,24,13,11
area-52,1246,monk,windwalker,18,13,5
quelthalas,1246,monk,windwalker,36,13,23
area-52,1241,monk,windwalker,24,13,11
illidan,1236,monk,windwalker,18,13,5
tichondrius,1214,monk,windwalker,23,13,10
area-52,1201,monk,windwalker,60,23,37
tichondrius,1175,monk,windwalker,32,13,19
emerald-dream,1175,monk,windwalker,38,13,25
lightbringer,1163,monk,windwalker,30,14,16
bleeding-hollow,1152,monk,windwalker,18,12,6
zuljin,1152,monk,windwalker,24,12,12
area-52,1152,monk,windwalker,24,12,12
ragnaros,1151,monk,windwalker,12,12,0
dawnbringer,1147,monk,windwalker,18,12,6
stormrage,1118,monk,windwalker,23,12,11
chogall,1118,monk,windwalker,36,14,22
area-52,1104,monk,windwalker,55,24,31
quelthalas,1090,monk,windwalker,66,34,32
proudmoore,1089,monk,windwalker,39,13,26
wyrmrest-accord,1079,monk,windwalker,24,13,11
kelthuzad,1056,monk,windwalker,18,11,7
sargeras,1056,monk,windwalker,18,11,7
malganis,1056,monk,windwalker,18,11,7
illidan,1056,monk,windwalker,24,13,11
area-52,1056,monk,windwalker,24,11,13
zuljin,1055,monk,windwalker,18,11,7
smolderthorn,1055,monk,windwalker,18,11,7
area-52,1052,monk,windwalker,18,11,7
frostwolf,1051,monk,windwalker,36,11,25
area-52,1044,monk,windwalker,18,11,7
emerald-dream,1038,monk,windwalker,24,11,13
sargeras,992,monk,windwalker,28,11,17
tichondrius,962,monk,windwalker,68,30,38
tichondrius,960,monk,windwalker,12,10,2
ravencrest,960,monk,windwalker,12,10,2
azralon,960,monk,windwalker,18,10,8
tichondrius,960,monk,windwalker,24,10,14
sargeras,959,monk,windwalker,12,10,2
tichondrius,959,monk,windwalker,18,10,8
dragonmaw,959,monk,windwalker,24,10,14
azralon,958,monk,windwalker,24,10,14
dalaran,955,monk,windwalker,24,10,14
tichondrius,953,monk,windwalker,18,10,8
moon-guard,952,monk,windwalker,18,10,8
tichondrius,951,monk,windwalker,24,10,14
crushridge,949,monk,windwalker,18,10,8
azralon,902,monk,windwalker,30,14,16
drakkari,884,monk,windwalker,22,10,12
stormrage,864,monk,windwalker,12,9,3
illidan,864,monk,windwalker,12,9,3
tichondrius,864,monk,windwalker,12,9,3
area-52,864,monk,windwalker,12,9,3
illidan,864,monk,windwalker,18,9,9
tichondrius,864,monk,windwalker,18,9,9
dalaran,864,monk,windwalker,18,9,9
sargeras,864,monk,windwalker,18,9,9
ragnaros,864,monk,windwalker,18,9,9
area-52,864,monk,windwalker,18,9,9
proudmoore,863,monk,windwalker,18,9,9
sargeras,862,monk,windwalker,12,9,3
azralon,862,monk,windwalker,12,9,3
tichondrius,859,monk,windwalker,18,9,9
malganis,853,monk,windwalker,18,9,9
drakkari,815,monk,windwalker,23,9,14
tichondrius,812,monk,windwalker,21,9,12
stormrage,768,monk,windwalker,12,8,4
drakthul,768,monk,windwalker,12,8,4
onyxia,768,monk,windwalker,12,8,4
barthilas,768,monk,windwalker,18,8,10
mannoroth,768,monk,windwalker,18,8,10
aerie-peak,768,monk,windwalker,18,8,10
anubarak,768,monk,windwalker,18,8,10
chogall,768,monk,windwalker,18,8,10
thunderlord,768,monk,windwalker,18,8,10
stormrage,768,monk,windwalker,18,8,10
area-52,768,monk,windwalker,18,8,10
stormrage,767,monk,windwalker,12,8,4
illidan,767,monk,windwalker,18,8,10
kiljaeden,767,monk,windwalker,18,8,10
zuljin,766,monk,windwalker,12,8,4
skullcrusher,766,monk,windwalker,12,8,4
kelthuzad,766,monk,windwalker,12,8,4
area-52,766,monk,windwalker,21,9,12
tichondrius,763,monk,windwalker,18,8,10
stormscale,762,monk,windwalker,12,8,4
sargeras,759,monk,windwalker,18,8,10
moon-guard,672,monk,windwalker,12,7,5
frostwolf,672,monk,windwalker,12,7,5
tichondrius,672,monk,windwalker,12,7,5
stormreaver,672,monk,windwalker,12,7,5
stormrage,672,monk,windwalker,12,7,5
stormrage,672,monk,windwalker,12,7,5
sargeras,672,monk,windwalker,12,7,5
kiljaeden,672,monk,windwalker,12,7,5
tichondrius,672,monk,windwalker,12,7,5
tichondrius,672,monk,windwalker,18,7,11
tichondrius,672,monk,windwalker,18,7,11
onyxia,672,monk,windwalker,18,7,11
bleeding-hollow,672,monk,windwalker,21,8,13
frostmourne,672,monk,windwalker,23,8,15
tichondrius,671,monk,windwalker,12,7,5
sargeras,671,monk,windwalker,12,7,5
dalaran,670,monk,windwalker,12,7,5
kelthuzad,668,monk,windwalker,18,7,11
stormrage,666,monk,windwalker,12,7,5
dalvengyr,665,monk,windwalker,12,7,5
tichondrius,662,monk,windwalker,12,7,5
barthilas,639,monk,windwalker,11,7,4
area-52,638,monk,windwalker,17,7,10
nemesis,606,monk,windwalker,16,7,9
area-52,591,monk,windwalker,11,7,4
daggerspine,576,monk,windwalker,6,6,0
azralon,576,monk,windwalker,12,6,6
proudmoore,576,monk,windwalker,12,6,6
dalaran,576,monk,windwalker,12,6,6
malganis,576,monk,windwalker,12,6,6
eitrigg,576,monk,windwalker,12,6,6
dalaran,576,monk,windwalker,12,6,6
kiljaeden,576,monk,windwalker,12,6,6
vashj,576,monk,windwalker,12,6,6
emerald-dream,576,monk,windwalker,12,6,6
the-forgotten-coast,576,monk,windwalker,12,6,6
stormrage,576,monk,windwalker,24,6,18
kelthuzad,575,monk,windwalker,12,6,6
destromath,575,monk,windwalker,12,6,6
garithos,574,monk,windwalker,12,6,6
azralon,523,monk,windwalker,27,6,21
kaelthas,480,monk,windwalker,6,5,1
tichondrius,480,monk,windwalker,6,5,1
tichondrius,480,monk,windwalker,6,5,1
azralon,480,monk,windwalker,6,5,1
grizzly-hills,480,monk,windwalker,6,5,1
tichondrius,480,monk,windwalker,6,5,1
area-52,480,monk,windwalker,6,5,1
kelthuzad,480,monk,windwalker,6,5,1
stormrage,480,monk,windwalker,6,5,1
tichondrius,480,monk,windwalker,6,5,1
sargeras,480,monk,windwalker,6,5,1
tichondrius,480,monk,windwalker,6,5,1
hyjal,480,monk,windwalker,6,5,1
tichondrius,480,monk,windwalker,6,5,1
emerald-dream,480,monk,windwalker,6,5,1
malganis,480,monk,windwalker,12,5,7
stormrage,480,monk,windwalker,12,5,7
ragnaros,480,monk,windwalker,12,5,7
sargeras,480,monk,windwalker,12,5,7
bleeding-hollow,480,monk,windwalker,12,5,7
bleeding-hollow,480,monk,windwalker,12,5,7
alleria,480,monk,windwalker,12,5,7
ragnaros,480,monk,windwalker,12,5,7
zuljin,480,monk,windwalker,12,5,7
tichondrius,480,monk,windwalker,12,5,7
tichondrius,480,monk,windwalker,12,5,7
proudmoore,480,monk,windwalker,12,5,7
proudmoore,480,monk,windwalker,12,5,7
zuljin,480,monk,windwalker,12,5,7
tichondrius,480,monk,windwalker,12,5,7
medivh,476,monk,windwalker,12,5,7
tichondrius,447,monk,windwalker,11,5,6
stormrage,384,monk,windwalker,6,4,2
azralon,384,monk,windwalker,6,4,2
area-52,384,monk,windwalker,6,4,2
emerald-dream,384,monk,windwalker,6,4,2
tichondrius,384,monk,windwalker,6,4,2
tichondrius,384,monk,windwalker,6,4,2
hellscream,384,monk,windwalker,6,4,2
tichondrius,384,monk,windwalker,6,4,2
dreadmaul,384,monk,windwalker,6,4,2
moonrunner,384,monk,windwalker,6,4,2
stormrage,384,monk,windwalker,6,4,2
tichondrius,384,monk,windwalker,6,4,2
emerald-dream,384,monk,windwalker,6,4,2
area-52,384,monk,windwalker,6,4,2
tichondrius,384,monk,windwalker,6,4,2
bonechewer,384,monk,windwalker,6,4,2
moon-guard,384,monk,windwalker,6,4,2
borean-tundra,384,monk,windwalker,6,4,2
zuljin,384,monk,windwalker,6,4,2
frostmourne,384,monk,windwalker,6,4,2
frostmourne,384,monk,windwalker,6,4,2
sargeras,384,monk,windwalker,6,4,2
illidan,384,monk,windwalker,6,4,2
aerie-peak,384,monk,windwalker,6,4,2
velen,384,monk,windwalker,6,4,2
nemesis,384,monk,windwalker,6,4,2
moon-guard,384,monk,windwalker,12,4,8
ragnaros,384,monk,windwalker,12,4,8
area-52,384,monk,windwalker,12,4,8
terenas,384,monk,windwalker,12,4,8
area-52,384,monk,windwalker,12,4,8
tichondrius,384,monk,windwalker,12,4,8
tichondrius,384,monk,windwalker,12,4,8
barthilas,384,monk,windwalker,12,4,8
kelthuzad,383,monk,windwalker,6,4,2
tichondrius,383,monk,windwalker,12,4,8
quelthalas,351,monk,windwalker,11,4,7
kelthuzad,319,monk,windwalker,14,4,10
kelthuzad,288,monk,windwalker,6,3,3
bleeding-hollow,288,monk,windwalker,6,3,3
kelthuzad,288,monk,windwalker,6,3,3
destromath,288,monk,windwalker,6,3,3
tichondrius,288,monk,windwalker,6,3,3
sargeras,288,monk,windwalker,6,3,3
thrall,288,monk,windwalker,6,3,3
sargeras,288,monk,windwalker,6,3,3
malygos,288,monk,windwalker,6,3,3
tichondrius,288,monk,windwalker,6,3,3
stormrage,288,monk,windwalker,6,3,3
illidan,288,monk,windwalker,6,3,3
proudmoore,288,monk,windwalker,6,3,3
senjin,288,monk,windwalker,6,3,3
bloodscalp,288,monk,windwalker,6,3,3
zuljin,288,monk,windwalker,6,3,3
dragonblight,288,monk,windwalker,6,3,3
area-52,288,monk,windwalker,6,3,3
kiljaeden,288,monk,windwalker,6,3,3
draktharon,288,monk,windwalker,6,3,3
vashj,288,monk,windwalker,6,3,3
area-52,288,monk,windwalker,6,3,3
malganis,288,monk,windwalker,6,3,3
area-52,288,monk,windwalker,6,3,3
quelthalas,288,monk,windwalker,6,3,3
kiljaeden,288,monk,windwalker,12,3,9
ragnaros,288,monk,windwalker,12,3,9
stormrage,288,monk,windwalker,18,3,15
frostmourne,239,monk,windwalker,5,3,2
senjin,239,monk,windwalker,5,3,2
bleeding-hollow,239,monk,windwalker,5,3,2
wyrmrest-accord,239,monk,windwalker,9,3,6
tichondrius,192,monk,windwalker,4,3,1
tichondrius,192,monk,windwalker,4,3,1
tichondrius,192,monk,windwalker,4,3,1
area-52,192,monk,windwalker,4,3,1
bleeding-hollow,192,monk,windwalker,6,2,4
illidan,192,monk,windwalker,6,2,4
gilneas,192,monk,windwalker,6,2,4
arthas,192,monk,windwalker,6,2,4
bleeding-hollow,192,monk,windwalker,6,2,4
altar-of-storms,192,monk,windwalker,6,2,4
quelthalas,192,monk,windwalker,6,2,4
sargeras,192,monk,windwalker,6,2,4
norgannon,192,monk,windwalker,6,2,4
wyrmrest-accord,192,monk,windwalker,6,2,4
destromath,192,monk,windwalker,6,2,4
kiljaeden,192,monk,windwalker,6,2,4
kiljaeden,192,monk,windwalker,6,2,4
ragnaros,192,monk,windwalker,6,2,4
dalaran,192,monk,windwalker,6,2,4
ragnaros,192,monk,windwalker,6,2,4
zuljin,192,monk,windwalker,6,2,4
tichondrius,192,monk,windwalker,6,2,4
tichondrius,192,monk,windwalker,6,2,4
tichondrius,192,monk,windwalker,6,2,4
muradin,192,monk,windwalker,6,2,4
tichondrius,192,monk,windwalker,6,2,4
altar-of-storms,192,monk,windwalker,6,2,4
ragnaros,192,monk,windwalker,6,2,4
sargeras,192,monk,windwalker,6,2,4
moon-guard,192,monk,windwalker,6,2,4
greymane,192,monk,windwalker,6,2,4
bleeding-hollow,192,monk,windwalker,6,2,4
frostmourne,192,monk,windwalker,6,2,4
barthilas,192,monk,windwalker,6,2,4
frostmourne,192,monk,windwalker,6,2,4
area-52,192,monk,windwalker,6,2,4
ragnaros,192,monk,windwalker,12,2,10
korialstrasz,192,monk,windwalker,12,2,10
wyrmrest-accord,192,monk,windwalker,12,2,10
stormrage,159,monk,windwalker,5,2,3
emerald-dream,159,monk,windwalker,5,2,3
malganis,159,monk,windwalker,5,2,3
frostmourne,159,monk,windwalker,5,2,3
bleeding-hollow,128,monk,windwalker,4,2,2
azralon,96,monk,windwalker,3,2,1
illidan,96,monk,windwalker,6,1,5
illidan,96,monk,windwalker,6,1,5
emerald-dream,96,monk,windwalker,6,1,5
thrall,96,monk,windwalker,6,1,5
sargeras,96,monk,windwalker,6,1,5
emerald-dream,96,monk,windwalker,6,1,5
drakkari,96,monk,windwalker,6,1,5
ragnaros,96,monk,windwalker,6,1,5
bleeding-hollow,96,monk,windwalker,6,1,5
hyjal,96,monk,windwalker,6,1,5
uldum,96,monk,windwalker,6,1,5
tichondrius,96,monk,windwalker,6,1,5
tichondrius,96,monk,windwalker,6,1,5
stonemaul,96,monk,windwalker,6,1,5
moon-guard,96,monk,windwalker,6,1,5
moon-guard,96,monk,windwalker,6,1,5
bleeding-hollow,79,monk,windwalker,5,1,4
bonechewer,42,monk,windwalker,10,5,5
kiljaeden,31,monk,windwalker,2,1,1
emerald-dream,31,monk,windwalker,2,1,1
tichondrius,16,monk,windwalker,1,1,0
moon-guard,16,monk,windwalker,1,1,0
kelthuzad,9,monk,windwalker,8,2,6
arthas,2111,paladin,holy,84,46,38
area-52,2107,paladin,holy,66,37,29
kiljaeden,1924,paladin,holy,58,31,27
azralon,1910,paladin,holy,130,60,70
sargeras,1909,paladin,holy,125,63,62
tichondrius,1900,paladin,holy,181,99,82
emerald-dream,1859,paladin,holy,56,29,27
ragnaros,1852,paladin,holy,70,38,32
tichondrius,1838,paladin,holy,54,26,28
azralon,1826,paladin,holy,78,34,44
barthilas,1808,paladin,holy,50,26,24
muradin,1787,paladin,holy,36,21,15
ragnaros,1782,paladin,holy,41,19,22
area-52,1773,paladin,holy,36,19,17
sargeras,1756,paladin,holy,76,39,37
tichondrius,1754,paladin,holy,65,37,28
tichondrius,1725,paladin,holy,77,37,40
stormrage,1722,paladin,holy,102,55,47
kelthuzad,1699,paladin,holy,64,27,37
zuljin,1698,paladin,holy,48,22,26
malorne,1690,paladin,holy,48,24,24
area-52,1688,paladin,holy,85,53,32
area-52,1679,paladin,holy,45,22,23
icecrown,1679,paladin,holy,96,45,51
area-52,1674,paladin,holy,52,33,19
barthilas,1672,paladin,holy,58,32,26
tichondrius,1672,paladin,holy,42,19,23
darkspear,1666,paladin,holy,60,23,37
zuluhed,1657,paladin,holy,36,19,17
tichondrius,1641,paladin,holy,52,29,23
emerald-dream,1635,paladin,holy,42,22,20
moon-guard,1634,paladin,holy,64,29,35
tichondrius,1612,paladin,holy,36,22,14
bleeding-hollow,1609,paladin,holy,36,22,14
malganis,1608,paladin,holy,36,20,16
lothar,1605,paladin,holy,38,20,18
tichondrius,1600,paladin,holy,36,25,11
crushridge,1597,paladin,holy,32,18,14
anetheron,1597,paladin,holy,36,20,16
tichondrius,1580,paladin,holy,54,24,30
tichondrius,1566,paladin,holy,108,63,45
the-scryers,1563,paladin,holy,66,30,36
zuljin,1559,paladin,holy,110,54,56
stormrage,1558,paladin,holy,53,29,24
queldorei,1553,paladin,holy,40,17,23
ragnaros,1550,paladin,holy,42,23,19
kelthuzad,1527,paladin,holy,54,28,26
tichondrius,1526,paladin,holy,54,29,25
nathrezim,1523,paladin,holy,70,27,43
hyjal,1517,paladin,holy,88,48,40
nerzhul,1513,paladin,holy,60,27,33
whisperwind,1510,paladin,holy,42,19,23
frostmourne,1499,paladin,holy,45,21,24
quelthalas,1496,paladin,holy,71,31,40
earthen-ring,1484,paladin,holy,90,41,49
sargeras,1481,paladin,holy,44,22,22
tichondrius,1476,paladin,holy,50,25,25
norgannon,1466,paladin,holy,44,21,23
tichondrius,1464,paladin,holy,60,24,36
wildhammer,1457,paladin,holy,69,40,29
azralon,1442,paladin,holy,31,16,15
area-52,1438,paladin,holy,36,15,21
tichondrius,1428,paladin,holy,33,19,14
draenor,1419,paladin,holy,53,21,32
veknilash,1404,paladin,holy,35,16,19
moon-guard,1396,paladin,holy,123,62,61
nemesis,1386,paladin,holy,29,15,14
tichondrius,1381,paladin,holy,54,20,34
azralon,1372,paladin,holy,54,25,29
the-venture-co,1371,paladin,holy,34,15,19
frostmourne,1362,paladin,holy,42,24,18
sargeras,1346,paladin,holy,36,17,19
malganis,1344,paladin,holy,36,21,15
tichondrius,1343,paladin,holy,36,14,22
argent-dawn,1339,paladin,holy,30,14,16
quelthalas,1334,paladin,holy,138,62,76
ghostlands,1330,paladin,holy,36,16,20
tichondrius,1330,paladin,holy,42,17,25
tichondrius,1329,paladin,holy,72,33,39
dentarg,1328,paladin,holy,30,15,15
khazgoroth,1327,paladin,holy,42,24,18
jubeithos,1316,paladin,holy,71,42,29
tichondrius,1308,paladin,holy,36,14,22
amanthul,1305,paladin,holy,30,14,16
black-dragonflight,1286,paladin,holy,32,15,17
bleeding-hollow,1280,paladin,holy,72,34,38
bleeding-hollow,1276,paladin,holy,74,35,39
dalaran,1258,paladin,holy,101,46,55
laughing-skull,1255,paladin,holy,26,15,11
vashj,1255,paladin,holy,60,34,26
bloodhoof,1245,paladin,holy,30,13,17
sargeras,1242,paladin,holy,30,13,17
sargeras,1234,paladin,holy,24,13,11
proudmoore,1220,paladin,holy,109,57,52
hyjal,1215,paladin,holy,48,25,23
azralon,1214,paladin,holy,73,35,38
tichondrius,1214,paladin,holy,34,14,20
tichondrius,1214,paladin,holy,57,22,35
stormrage,1199,paladin,holy,30,13,17
kelthuzad,1194,paladin,holy,54,30,24
illidan,1193,paladin,holy,30,17,13
tichondrius,1178,paladin,holy,32,13,19
ragnaros,1171,paladin,holy,71,32,39
burning-blade,1152,paladin,holy,26,17,9
sargeras,1151,paladin,holy,24,12,12
tichondrius,1150,paladin,holy,24,12,12
khadgar,1149,paladin,holy,62,30,32
drakkari,1147,paladin,holy,88,40,48
nerzhul,1146,paladin,holy,18,12,6
drakthul,1146,paladin,holy,42,27,15
ragnaros,1145,paladin,holy,30,12,18
sargeras,1144,paladin,holy,24,12,12
tichondrius,1127,paladin,holy,59,29,30
norgannon,1123,paladin,holy,72,41,31
ragnaros,1121,paladin,holy,24,12,12
ragnaros,1117,paladin,holy,60,26,34
kelthuzad,1108,paladin,holy,29,18,11
turalyon,1104,paladin,holy,62,25,37
azralon,1092,paladin,holy,38,17,21
gallywix,1076,paladin,holy,24,14,10
illidan,1064,paladin,holy,42,23,19
laughing-skull,1056,paladin,holy,24,11,13
area-52,1055,paladin,holy,18,11,7
exodar,1055,paladin,holy,18,11,7
aerie-peak,1055,paladin,holy,18,11,7
tichondrius,1055,paladin,holy,18,11,7
stormrage,1054,paladin,holy,24,11,13
quelthalas,1053,paladin,holy,30,12,18
azralon,1050,paladin,holy,36,11,25
kelthuzad,1047,paladin,holy,59,32,27
barthilas,1041,paladin,holy,18,11,7
sargeras,1040,paladin,holy,24,14,10
frostmourne,1013,paladin,holy,18,11,7
emerald-dream,985,paladin,holy,32,11,21
moon-guard,963,paladin,holy,21,13,8
warsong,963,paladin,holy,18,11,7
vashj,961,paladin,holy,69,30,39
tichondrius,960,paladin,holy,12,10,2
malganis,960,paladin,holy,15,11,4
tichondrius,960,paladin,holy,30,10,20
stormrage,959,paladin,holy,18,10,8
stormrage,958,paladin,holy,33,10,23
tichondrius,955,paladin,holy,18,10,8
illidan,951,paladin,holy,49,15,34
tichondrius,945,paladin,holy,18,10,8
doomhammer,934,paladin,holy,29,15,14
mannoroth,933,paladin,holy,18,10,8
illidan,925,paladin,holy,42,18,24
kiljaeden,912,paladin,holy,21,10,11
tichondrius,894,paladin,holy,23,10,13
area-52,891,paladin,holy,24,10,14
bleeding-hollow,881,paladin,holy,48,19,29
sargeras,864,paladin,holy,12,9,3
ysera,864,paladin,holy,18,9,9
ragnaros,864,paladin,holy,18,9,9
kiljaeden,864,paladin,holy,18,9,9
tichondrius,864,paladin,holy,24,9,15
tichondrius,864,paladin,holy,30,9,21
tichondrius,863,paladin,holy,18,9,9
tichondrius,862,paladin,holy,30,9,21
tichondrius,859,paladin,holy,17,9,8
auchindoun,858,paladin,holy,18,9,9
thrall,854,paladin,holy,19,9,10
nemesis,853,paladin,holy,12,9,3
onyxia,841,paladin,holy,18,9,9
tichondrius,827,paladin,holy,23,9,14
nerzhul,822,paladin,holy,73,31,42
zuljin,819,paladin,holy,26,10,16
mannoroth,810,paladin,holy,22,10,12
zuljin,805,paladin,holy,18,9,9
tichondrius,768,paladin,holy,12,8,4
illidan,767,paladin,holy,12,8,4
nemesis,767,paladin,holy,12,8,4
barthilas,767,paladin,holy,18,8,10
ragnaros,767,paladin,holy,18,8,10
emerald-dream,767,paladin,holy,30,8,22
frostmourne,766,paladin,holy,12,8,4
quelthalas,766,paladin,holy,12,8,4
bonechewer,764,paladin,holy,13,8,5
thrall,763,paladin,holy,18,9,9
barthilas,763,paladin,holy,18,8,10
ragnaros,762,paladin,holy,18,8,10
fizzcrank,757,paladin,holy,18,8,10
eldrethalas,737,paladin,holy,24,8,16
sargeras,672,paladin,holy,12,7,5
frostmourne,672,paladin,holy,12,7,5
tichondrius,672,paladin,holy,12,7,5
sargeras,672,paladin,holy,12,7,5
bleeding-hollow,672,paladin,holy,12,7,5
sargeras,672,paladin,holy,12,7,5
tichondrius,672,paladin,holy,12,7,5
zuljin,672,paladin,holy,12,7,5
sargeras,672,paladin,holy,12,7,5
tichondrius,672,paladin,holy,18,7,11
stormrage,672,paladin,holy,18,7,11
moon-guard,672,paladin,holy,18,7,11
tichondrius,672,paladin,holy,24,7,17
barthilas,671,paladin,holy,18,7,11
boulderfist,670,paladin,holy,12,7,5
the-underbog,669,paladin,holy,12,7,5
frostmourne,669,paladin,holy,18,7,11
thrall,666,paladin,holy,12,7,5
blackhand,654,paladin,holy,24,7,17
argent-dawn,650,paladin,holy,18,7,11
azshara,619,paladin,holy,17,7,10
sargeras,576,paladin,holy,6,6,0
frostmourne,576,paladin,holy,9,7,2
tichondrius,576,paladin,holy,12,6,6
tichondrius,576,paladin,holy,12,6,6
tichondrius,576,paladin,holy,12,6,6
moon-guard,576,paladin,holy,18,6,12
frostmourne,576,paladin,holy,24,6,18
ragnaros,576,paladin,holy,24,6,18
malganis,575,paladin,holy,6,6,0
stonemaul,575,paladin,holy,12,6,6
tichondrius,575,paladin,holy,12,6,6
frostmourne,575,paladin,holy,12,6,6
frostmourne,575,paladin,holy,12,6,6
kiljaeden,575,paladin,holy,12,6,6
malganis,575,paladin,holy,18,6,12
area-52,575,paladin,holy,18,6,12
kiljaeden,574,paladin,holy,12,6,6
bleeding-hollow,573,paladin,holy,18,6,12
magtheridon,572,paladin,holy,12,6,6
kelthuzad,560,paladin,holy,24,6,18
frostmourne,559,paladin,holy,17,6,11
proudmoore,557,paladin,holy,10,7,3
ragnaros,543,paladin,holy,11,6,5
daggerspine,542,paladin,holy,26,7,19
tichondrius,480,paladin,holy,6,5,1
hyjal,480,paladin,holy,6,5,1
stormrage,480,paladin,holy,6,5,1
tichondrius,480,paladin,holy,6,5,1
sargeras,480,paladin,holy,6,5,1
frostmourne,480,paladin,holy,12,5,7
ragnaros,480,paladin,holy,12,5,7
tichondrius,480,paladin,holy,12,5,7
barthilas,480,paladin,holy,12,5,7
anetheron,480,paladin,holy,12,5,7
bleeding-hollow,480,paladin,holy,12,5,7
emerald-dream,480,paladin,holy,12,5,7
saurfang,480,paladin,holy,12,5,7
tichondrius,480,paladin,holy,12,5,7
gurubashi,480,paladin,holy,12,5,7
illidan,480,paladin,holy,12,5,7
sargeras,480,paladin,holy,15,6,9
crushridge,479,paladin,holy,12,5,7
stormrage,479,paladin,holy,12,5,7
tichondrius,479,paladin,holy,12,5,7
nemesis,479,paladin,holy,12,5,7
frostmourne,479,paladin,holy,12,5,7
stormrage,477,paladin,holy,18,5,13
hydraxis,474,paladin,holy,12,5,7
azjolnerub,463,paladin,holy,11,5,6
tichondrius,447,paladin,holy,11,5,6
tichondrius,447,paladin,holy,14,6,8
tichondrius,432,paladin,holy,9,5,4
area-52,432,paladin,holy,9,5,4
bonechewer,415,paladin,holy,8,5,3
moon-guard,400,paladin,holy,7,5,2
tichondrius,400,paladin,holy,13,5,8
frostwolf,384,paladin,holy,6,4,2
zuljin,384,paladin,holy,6,4,2
tichondrius,384,paladin,holy,6,4,2
burning-legion,384,paladin,holy,6,4,2
garona,384,paladin,holy,6,4,2
archimonde,384,paladin,holy,6,4,2
quelthalas,384,paladin,holy,6,4,2
tichondrius,384,paladin,holy,6,4,2
tichondrius,384,paladin,holy,6,4,2
stormrage,384,paladin,holy,6,4,2
stormrage,384,paladin,holy,6,4,2
frostmourne,384,paladin,holy,6,4,2
kelthuzad,384,paladin,holy,6,4,2
sargeras,384,paladin,holy,6,4,2
frostmourne,384,paladin,holy,6,4,2
daggerspine,384,paladin,holy,6,4,2
tichondrius,384,paladin,holy,6,4,2
tichondrius,384,paladin,holy,6,4,2
hakkar,384,paladin,holy,6,4,2
area-52,384,paladin,holy,12,4,8
bonechewer,384,paladin,holy,12,4,8
burning-blade,384,paladin,holy,12,4,8
emerald-dream,384,paladin,holy,12,4,8
aggramar,384,paladin,holy,12,4,8
azshara,384,paladin,holy,12,4,8
tichondrius,384,paladin,holy,12,4,8
ysera,384,paladin,holy,12,4,8
zuljin,383,paladin,holy,6,4,2
feathermoon,383,paladin,holy,12,4,8
kelthuzad,383,paladin,holy,18,4,14
azralon,383,paladin,holy,18,4,14
skywall,382,paladin,holy,6,4,2
veknilash,379,paladin,holy,12,4,8
frostmourne,351,paladin,holy,11,4,7
stormrage,351,paladin,holy,11,4,7
moon-guard,304,paladin,holy,13,4,9
darkspear,288,paladin,holy,6,3,3
stormrage,288,paladin,holy,6,3,3
wyrmrest-accord,288,paladin,holy,6,3,3
kargath,288,paladin,holy,6,3,3
executus,288,paladin,holy,6,3,3
tichondrius,288,paladin,holy,6,3,3
tichondrius,288,paladin,holy,6,3,3
quelthalas,288,paladin,holy,6,3,3
sargeras,288,paladin,holy,6,3,3
moon-guard,288,paladin,holy,6,3,3
frostmourne,288,paladin,holy,6,3,3
nesingwary,288,paladin,holy,6,3,3
kelthuzad,288,paladin,holy,6,3,3
lightbringer,288,paladin,holy,6,3,3
illidan,288,paladin,holy,6,3,3
proudmoore,288,paladin,holy,6,3,3
moon-guard,288,paladin,holy,6,3,3
burning-blade,288,paladin,holy,6,3,3
zuljin,288,paladin,holy,6,3,3
tichondrius,288,paladin,holy,6,3,3
illidan,288,paladin,holy,6,3,3
barthilas,288,paladin,holy,6,3,3
quelthalas,288,paladin,holy,6,3,3
turalyon,288,paladin,holy,6,3,3
tichondrius,288,paladin,holy,6,3,3
frostmourne,288,paladin,holy,6,3,3
tichondrius,288,paladin,holy,6,3,3
frostmourne,288,paladin,holy,11,3,8
wyrmrest-accord,288,paladin,holy,12,3,9
trollbane,288,paladin,holy,18,3,15
proudmoore,287,paladin,holy,6,3,3
exodar,285,paladin,holy,18,3,15
tichondrius,255,paladin,holy,11,3,8
malganis,254,paladin,holy,4,4,0
dalaran,234,paladin,holy,9,4,5
mugthol,192,paladin,holy,6,2,4
ragnaros,192,paladin,holy,6,2,4
stormrage,192,paladin,holy,6,2,4
wyrmrest-accord,192,paladin,holy,6,2,4
wildhammer,192,paladin,holy,6,2,4
blackrock,192,paladin,holy,6,2,4
zuljin,192,paladin,holy,6,2,4
tichondrius,192,paladin,holy,6,2,4
tichondrius,192,paladin,holy,6,2,4
aegwynn,192,paladin,holy,6,2,4
tichondrius,192,paladin,holy,6,2,4
azralon,192,paladin,holy,6,2,4
hyjal,192,paladin,holy,6,2,4
stormrage,192,paladin,holy,6,2,4
sargeras,192,paladin,holy,6,2,4
kelthuzad,192,paladin,holy,6,2,4
nemesis,192,paladin,holy,6,2,4
tichondrius,192,paladin,holy,6,2,4
kelthuzad,192,paladin,holy,6,2,4
kelthuzad,192,paladin,holy,6,2,4
sargeras,192,paladin,holy,6,2,4
shadowsong,192,paladin,holy,8,2,6
kiljaeden,192,paladin,holy,12,2,10
kirin-tor,192,paladin,holy,12,2,10
kelthuzad,192,paladin,holy,12,2,10
tichondrius,192,paladin,holy,12,2,10
turalyon,192,paladin,holy,12,2,10
terokkar,192,paladin,holy,18,2,16
gorefiend,191,paladin,holy,6,2,4
area-52,191,paladin,holy,6,2,4
emerald-dream,191,paladin,holy,6,2,4
tichondrius,191,paladin,holy,6,2,4
ragnaros,159,paladin,holy,5,2,3
azralon,138,paladin,holy,8,3,5
tichondrius,138,paladin,holy,11,4,7
frostmourne,127,paladin,holy,8,2,6
korgath,112,paladin,holy,7,2,5
malganis,96,paladin,holy,6,1,5
proudmoore,96,paladin,holy,6,1,5
barthilas,96,paladin,holy,6,1,5
lightninghoof,96,paladin,holy,6,1,5
zuljin,96,paladin,holy,6,1,5
zuljin,96,paladin,holy,6,1,5
arygos,96,paladin,holy,6,1,5
emerald-dream,96,paladin,holy,6,1,5
ragnaros,96,paladin,holy,6,1,5
elune,96,paladin,holy,6,1,5
illidan,96,paladin,holy,6,1,5
kelthuzad,96,paladin,holy,6,1,5
tichondrius,96,paladin,holy,6,1,5
skywall,96,paladin,holy,6,1,5
sargeras,96,paladin,holy,6,1,5
thrall,96,paladin,holy,12,1,11
tichondrius,96,paladin,holy,12,1,11
moonrunner,96,paladin,holy,12,1,11
thrall,89,paladin,holy,11,3,8
tichondrius,84,paladin,holy,9,4,5
zuljin,48,paladin,holy,3,1,2
ghostlands,48,paladin,holy,21,1,20
quelthalas,42,paladin,holy,8,3,5
tichondrius,42,paladin,holy,9,2,7
tichondrius,42,paladin,holy,14,3,11
frostmourne,9,paladin,holy,23,3,20
tichondrius,2019,paladin,retribution,87,41,46
tichondrius,1892,paladin,retribution,78,32,46
earthen-ring,1876,paladin,retribution,66,34,32
black-dragonflight,1860,paladin,retribution,102,44,58
ragnaros,1853,paladin,retribution,60,31,29
tichondrius,1847,paladin,retribution,60,36,24
malganis,1843,paladin,retribution,46,29,17
alexstrasza,1840,paladin,retribution,59,29,30
tichondrius,1836,paladin,retribution,36,23,13
tichondrius,1836,paladin,retribution,60,23,37
tichondrius,1832,paladin,retribution,48,21,27
kelthuzad,1829,paladin,retribution,47,20,27
illidan,1826,paladin,retribution,66,32,34
darkspear,1825,paladin,retribution,60,27,33
sargeras,1824,paladin,retribution,59,28,31
tichondrius,1821,paladin,retribution,54,26,28
azralon,1815,paladin,retribution,46,27,19
tichondrius,1815,paladin,retribution,65,36,29
zuljin,1808,paladin,retribution,72,31,41
tichondrius,1804,paladin,retribution,60,33,27
tichondrius,1798,paladin,retribution,65,31,34
tichondrius,1794,paladin,retribution,48,31,17
kelthuzad,1794,paladin,retribution,93,47,46
aggramar,1791,paladin,retribution,54,30,24
proudmoore,1787,paladin,retribution,42,23,19
tichondrius,1784,paladin,retribution,75,29,46
tichondrius,1781,paladin,retribution,60,20,40
illidan,1778,paladin,retribution,48,26,22
khadgar,1777,paladin,retribution,83,53,30
tichondrius,1775,paladin,retribution,79,31,48
tichondrius,1770,paladin,retribution,60,27,33
illidan,1765,paladin,retribution,48,25,23
emerald-dream,1761,paladin,retribution,54,32,22
tichondrius,1757,paladin,retribution,50,23,27
stormrage,1756,paladin,retribution,72,35,37
nemesis,1754,paladin,retribution,65,27,38
thrall,1748,paladin,retribution,35,25,10
ragnaros,1747,paladin,retribution,60,28,32
moon-guard,1741,paladin,retribution,106,61,45
tichondrius,1719,paladin,retribution,54,25,29
agamaggan,1712,paladin,retribution,42,24,18
ragnaros,1706,paladin,retribution,78,36,42
kilrogg,1699,paladin,retribution,52,28,24
area-52,1697,paladin,retribution,53,22,31
ragnaros,1696,paladin,retribution,75,42,33
ragnaros,1690,paladin,retribution,47,25,22
thrall,1686,paladin,retribution,60,30,30
azgalor,1686,paladin,retribution,59,28,31
shadow-council,1686,paladin,retribution,85,36,49
barthilas,1684,paladin,retribution,54,25,29
barthilas,1677,paladin,retribution,48,29,19
frostmourne,1671,paladin,retribution,60,24,36
tichondrius,1669,paladin,retribution,53,26,27
frostmourne,1663,paladin,retribution,72,35,37
bleeding-hollow,1655,paladin,retribution,42,28,14
sargeras,1655,paladin,retribution,54,23,31
tichondrius,1649,paladin,retribution,96,39,57
bleeding-hollow,1648,paladin,retribution,39,19,20
area-52,1646,paladin,retribution,30,18,12
ysera,1643,paladin,retribution,36,22,14
velen,1643,paladin,retribution,48,27,21
illidan,1634,paladin,retribution,45,22,23
draka,1634,paladin,retribution,46,22,24
tichondrius,1631,paladin,retribution,36,21,15
moon-guard,1630,paladin,retribution,128,59,69
frostmourne,1628,paladin,retribution,48,26,22
tichondrius,1627,paladin,retribution,45,26,19
illidan,1625,paladin,retribution,108,62,46
sargeras,1623,paladin,retribution,48,23,25
frostmourne,1619,paladin,retribution,48,20,28
lightbringer,1606,paladin,retribution,36,17,19
stormrage,1605,paladin,retribution,36,19,17
icecrown,1604,paladin,retribution,47,28,19
frostmourne,1602,paladin,retribution,36,17,19
tichondrius,1596,paladin,retribution,64,34,30
tichondrius,1596,paladin,retribution,48,19,29
malganis,1595,paladin,retribution,36,19,17
malygos,1594,paladin,retribution,42,20,22
moon-guard,1593,paladin,retribution,60,31,29
proudmoore,1591,paladin,retribution,42,22,20
stormscale,1591,paladin,retribution,52,21,31
tichondrius,1588,paladin,retribution,42,19,23
quelthalas,1577,paladin,retribution,54,24,30
emerald-dream,1575,paladin,retribution,42,17,25
kelthuzad,1572,paladin,retribution,50,22,28
tichondrius,1568,paladin,retribution,36,19,17
rivendare,1568,paladin,retribution,89,39,50
wyrmrest-accord,1567,paladin,retribution,48,23,25
emerald-dream,1563,paladin,retribution,42,25,17
wyrmrest-accord,1553,paladin,retribution,71,32,39
kiljaeden,1550,paladin,retribution,48,17,31
skullcrusher,1549,paladin,retribution,54,29,25
stormrage,1547,paladin,retribution,105,51,54
moon-guard,1543,paladin,retribution,36,20,16
sargeras,1542,paladin,retribution,90,38,52
barthilas,1540,paladin,retribution,72,23,49
tichondrius,1531,paladin,retribution,33,16,17
moon-guard,1530,paladin,retribution,30,16,14
area-52,1529,paladin,retribution,46,20,26
hakkar,1528,paladin,retribution,138,67,71
khaz-modan,1526,paladin,retribution,87,50,37
moon-guard,1526,paladin,retribution,30,16,14
tichondrius,1522,paladin,retribution,58,27,31
nemesis,1521,paladin,retribution,24,16,8
ragnaros,1521,paladin,retribution,60,33,27
barthilas,1518,paladin,retribution,24,16,8
sargeras,1515,paladin,retribution,54,28,26
malganis,1511,paladin,retribution,42,17,25
wyrmrest-accord,1508,paladin,retribution,65,25,40
malganis,1508,paladin,retribution,42,16,26
area-52,1493,paladin,retribution,30,16,14
wyrmrest-accord,1479,paladin,retribution,66,34,32
moon-guard,1474,paladin,retribution,30,18,12
area-52,1472,paladin,retribution,72,33,39
malganis,1472,paladin,retribution,42,16,26
doomhammer,1468,paladin,retribution,30,22,8
ragnaros,1461,paladin,retribution,102,44,58
stormrage,1459,paladin,retribution,75,42,33
tichondrius,1439,paladin,retribution,37,19,18
tichondrius,1439,paladin,retribution,30,15,15
dalaran,1438,paladin,retribution,24,15,9
nemesis,1433,paladin,retribution,36,15,21
thrall,1432,paladin,retribution,24,15,9
tichondrius,1427,paladin,retribution,30,15,15
stormrage,1424,paladin,retribution,36,15,21
akama,1422,paladin,retribution,30,15,15
illidan,1413,paladin,retribution,36,20,16
moon-guard,1411,paladin,retribution,24,16,8
stormrage,1411,paladin,retribution,45,20,25
stormrage,1410,paladin,retribution,97,48,49
tichondrius,1409,paladin,retribution,40,22,18
quelthalas,1404,paladin,retribution,53,26,27
tichondrius,1402,paladin,retribution,47,19,28
azralon,1394,paladin,retribution,42,22,20
illidan,1393,paladin,retribution,78,36,42
frostmourne,1386,paladin,retribution,35,15,20
spirestone,1380,paladin,retribution,66,31,35
darkspear,1375,paladin,retribution,46,21,25
azralon,1372,paladin,retribution,44,15,29
ragnaros,1362,paladin,retribution,33,16,17
sargeras,1345,paladin,retribution,34,17,17
sargeras,1343,paladin,retribution,24,14,10
illidan,1343,paladin,retribution,30,14,16
tichondrius,1343,paladin,retribution,39,15,24
azralon,1340,paladin,retribution,30,14,16
tichondrius,1340,paladin,retribution,30,14,16
bonechewer,1339,paladin,retribution,24,15,9
tichondrius,1338,paladin,retribution,30,14,16
tichondrius,1337,paladin,retribution,24,14,10
ragnaros,1337,paladin,retribution,42,14,28
malganis,1334,paladin,retribution,30,14,16
proudmoore,1331,paladin,retribution,54,24,30
wyrmrest-accord,1325,paladin,retribution,30,14,16
aerie-peak,1323,paladin,retribution,36,14,22
proudmoore,1321,paladin,retribution,24,14,10
ragnaros,1315,paladin,retribution,66,28,38
proudmoore,1304,paladin,retribution,36,14,22
ragnaros,1301,paladin,retribution,30,14,16
tichondrius,1292,paladin,retribution,51,21,30
alexstrasza,1288,paladin,retribution,84,36,48
illidan,1284,paladin,retribution,35,14,21
malganis,1279,paladin,retribution,36,15,21
baelgun,1277,paladin,retribution,40,20,20
sargeras,1276,paladin,retribution,27,15,12
crushridge,1273,paladin,retribution,36,17,19
lothar,1270,paladin,retribution,36,24,12
blackrock,1270,paladin,retribution,22,14,8
emerald-dream,1262,paladin,retribution,48,23,25
nemesis,1259,paladin,retribution,30,15,15
proudmoore,1256,paladin,retribution,19,14,5
sargeras,1255,paladin,retribution,29,14,15
azralon,1247,paladin,retribution,30,13,17
firetree,1244,paladin,retribution,19,14,5
area-52,1243,paladin,retribution,30,15,15
kaelthas,1243,paladin,retribution,36,13,23
quelthalas,1240,paladin,retribution,42,21,21
moon-guard,1240,paladin,retribution,48,18,30
ragnaros,1239,paladin,retribution,30,13,17
cenarius,1230,paladin,retribution,84,36,48
azralon,1224,paladin,retribution,24,13,11
ragnaros,1224,paladin,retribution,30,13,17
quelthalas,1219,paladin,retribution,22,14,8
tichondrius,1217,paladin,retribution,41,15,26
ragnaros,1213,paladin,retribution,29,13,16
frostmourne,1212,paladin,retribution,35,15,20
thunderlord,1209,paladin,retribution,28,13,15
garrosh,1204,paladin,retribution,24,13,11
kelthuzad,1198,paladin,retribution,35,13,22
darkspear,1189,paladin,retribution,29,13,16
sargeras,1189,paladin,retribution,36,13,23
ragnaros,1185,paladin,retribution,35,16,19
tichondrius,1182,paladin,retribution,23,13,10
moon-guard,1182,paladin,retribution,23,13,10
thrall,1157,paladin,retribution,36,16,20
trollbane,1156,paladin,retribution,56,30,26
stormrage,1155,paladin,retribution,33,15,18
tichondrius,1152,paladin,retribution,24,12,12
tichondrius,1152,paladin,retribution,30,12,18
dalaran,1151,paladin,retribution,18,12,6
frostmourne,1151,paladin,retribution,24,12,12
kelthuzad,1151,paladin,retribution,24,12,12
azralon,1151,paladin,retribution,24,12,12
aegwynn,1151,paladin,retribution,36,12,24
area-52,1150,paladin,retribution,18,12,6
quelthalas,1149,paladin,retribution,18,12,6
ragnaros,1148,paladin,retribution,30,12,18
tichondrius,1147,paladin,retribution,24,12,12
quelthalas,1147,paladin,retribution,24,12,12
nemesis,1145,paladin,retribution,18,12,6
ragnaros,1145,paladin,retribution,24,12,12
tichondrius,1144,paladin,retribution,18,12,6
emerald-dream,1144,paladin,retribution,27,13,14
frostwolf,1144,paladin,retribution,30,12,18
tichondrius,1143,paladin,retribution,18,12,6
tichondrius,1143,paladin,retribution,25,12,13
sargeras,1143,paladin,retribution,30,12,18
stormrage,1142,paladin,retribution,24,12,12
quelthalas,1141,paladin,retribution,24,12,12
bleeding-hollow,1140,paladin,retribution,30,12,18
bleeding-hollow,1139,paladin,retribution,30,12,18
exodar,1138,paladin,retribution,36,21,15
tichondrius,1138,paladin,retribution,36,16,20
tichondrius,1128,paladin,retribution,18,12,6
arthas,1128,paladin,retribution,33,15,18
malygos,1121,paladin,retribution,24,12,12
ragnaros,1118,paladin,retribution,26,12,14
daggerspine,1118,paladin,retribution,60,24,36
hyjal,1106,paladin,retribution,30,13,17
darkspear,1097,paladin,retribution,56,25,31
tichondrius,1097,paladin,retribution,39,13,26
quelthalas,1089,paladin,retribution,30,12,18
bleeding-hollow,1086,paladin,retribution,40,14,26
arathor,1085,paladin,retribution,24,16,8
goldrinn,1070,paladin,retribution,37,12,25
tichondrius,1059,paladin,retribution,17,13,4
frostmourne,1056,paladin,retribution,18,11,7
zuljin,1056,paladin,retribution,18,11,7
frostmourne,1056,paladin,retribution,24,11,13
magtheridon,1056,paladin,retribution,24,11,13
akama,1056,paladin,retribution,30,11,19
ragnaros,1056,paladin,retribution,30,11,19
arthas,1056,paladin,retribution,30,11,19
stormreaver,1056,paladin,retribution,38,11,27
bleeding-hollow,1055,paladin,retribution,18,11,7
lightnings-blade,1055,paladin,retribution,24,11,13
tichondrius,1055,paladin,retribution,24,11,13
mannoroth,1055,paladin,retribution,30,11,19
blackrock,1054,paladin,retribution,24,11,13
hyjal,1052,paladin,retribution,24,11,13
tichondrius,1051,paladin,retribution,35,15,20
tichondrius,1051,paladin,retribution,28,12,16
tichondrius,1049,paladin,retribution,24,11,13
dalaran,1048,paladin,retribution,18,11,7
frostmourne,1048,paladin,retribution,24,11,13
kelthuzad,1048,paladin,retribution,24,11,13
ragnaros,1046,paladin,retribution,24,11,13
elune,1046,paladin,retribution,26,11,15
draenor,1046,paladin,retribution,30,11,19
azralon,1043,paladin,retribution,18,11,7
malfurion,1034,paladin,retribution,30,11,19
area-52,1033,paladin,retribution,27,15,12
azuremyst,1019,paladin,retribution,24,11,13
tichondrius,1010,paladin,retribution,29,11,18
alexstrasza,1008,paladin,retribution,18,11,7
emerald-dream,1005,paladin,retribution,36,11,25
barthilas,1004,paladin,retribution,54,24,30
emerald-dream,1002,paladin,retribution,30,13,17
zuljin,998,paladin,retribution,27,12,15
ragnaros,991,paladin,retribution,29,11,18
tichondrius,960,paladin,retribution,18,10,8
ragnaros,960,paladin,retribution,18,10,8
kiljaeden,960,paladin,retribution,18,10,8
tichondrius,960,paladin,retribution,24,10,14
bleeding-hollow,960,paladin,retribution,24,10,14
tichondrius,960,paladin,retribution,24,10,14
tichondrius,960,paladin,retribution,24,10,14
tichondrius,960,paladin,retribution,24,10,14
darkspear,959,paladin,retribution,12,10,2
kiljaeden,959,paladin,retribution,18,10,8
tichondrius,959,paladin,retribution,18,10,8
area-52,959,paladin,retribution,24,10,14
malygos,958,paladin,retribution,18,10,8
lightbringer,958,paladin,retribution,24,10,14
jaedenar,957,paladin,retribution,24,10,14
wyrmrest-accord,956,paladin,retribution,18,10,8
uldum,955,paladin,retribution,18,10,8
goldrinn,954,paladin,retribution,21,11,10
stormrage,954,paladin,retribution,24,10,14
quelthalas,951,paladin,retribution,15,11,4
tichondrius,911,paladin,retribution,21,10,11
mannoroth,908,paladin,retribution,21,10,11
illidan,907,paladin,retribution,18,11,7
kelthuzad,894,paladin,retribution,22,10,12
tichondrius,864,paladin,retribution,12,9,3
stormrage,864,paladin,retribution,18,9,9
azralon,864,paladin,retribution,18,9,9
area-52,864,paladin,retribution,18,9,9
tichondrius,864,paladin,retribution,18,9,9
malganis,864,paladin,retribution,21,10,11
jubeithos,864,paladin,retribution,23,9,14
kelthuzad,864,paladin,retribution,24,9,15
bladefist,864,paladin,retribution,24,9,15
thrall,864,paladin,retribution,24,9,15
moon-guard,864,paladin,retribution,24,9,15
sargeras,864,paladin,retribution,30,9,21
stormrage,863,paladin,retribution,12,9,3
stormrage,863,paladin,retribution,12,9,3
area-52,863,paladin,retribution,12,9,3
darkspear,863,paladin,retribution,12,9,3
moon-guard,863,paladin,retribution,18,9,9
stormrage,863,paladin,retribution,18,9,9
tichondrius,863,paladin,retribution,18,9,9
stormrage,863,paladin,retribution,18,9,9
khazgoroth,863,paladin,retribution,18,9,9
stormrage,863,paladin,retribution,24,9,15
stormrage,862,paladin,retribution,18,9,9
silver-hand,862,paladin,retribution,18,9,9
sargeras,862,paladin,retribution,18,9,9
stormrage,861,paladin,retribution,24,9,15
thunderhorn,859,paladin,retribution,18,9,9
tichondrius,858,paladin,retribution,18,9,9
tichondrius,846,paladin,retribution,22,11,11
ursin,839,paladin,retribution,30,12,18
bladefist,831,paladin,retribution,14,10,4
tichondrius,831,paladin,retribution,23,9,14
proudmoore,827,paladin,retribution,17,10,7
proudmoore,815,paladin,retribution,17,9,8
tichondrius,815,paladin,retribution,17,9,8
tichondrius,811,paladin,retribution,17,9,8
bonechewer,808,paladin,retribution,22,9,13
proudmoore,806,paladin,retribution,20,11,9
azralon,798,paladin,retribution,22,9,13
bleeding-hollow,797,paladin,retribution,16,9,7
stormrage,783,paladin,retribution,23,9,14
area-52,768,paladin,retribution,12,8,4
sargeras,768,paladin,retribution,12,8,4
blackhand,768,paladin,retribution,12,8,4
azuremyst,768,paladin,retribution,12,8,4
barthilas,768,paladin,retribution,12,8,4
bleeding-hollow,768,paladin,retribution,12,8,4
illidan,768,paladin,retribution,12,8,4
stormrage,768,paladin,retribution,12,8,4
tichondrius,768,paladin,retribution,12,8,4
azralon,768,paladin,retribution,17,8,9
kelthuzad,768,paladin,retribution,18,8,10
drakkari,768,paladin,retribution,18,8,10
tichondrius,768,paladin,retribution,18,8,10
tichondrius,768,paladin,retribution,18,8,10
sargeras,768,paladin,retribution,18,8,10
bleeding-hollow,768,paladin,retribution,18,8,10
quelthalas,768,paladin,retribution,18,8,10
tichondrius,768,paladin,retribution,18,8,10
moon-guard,768,paladin,retribution,24,8,16
moon-guard,768,paladin,retribution,24,8,16
tichondrius,768,paladin,retribution,24,8,16
thrall,768,paladin,retribution,24,8,16
frostmourne,768,paladin,retribution,24,8,16
dalaran,767,paladin,retribution,12,8,4
tichondrius,767,paladin,retribution,12,8,4
kelthuzad,767,paladin,retribution,12,8,4
kelthuzad,767,paladin,retribution,12,8,4
barthilas,767,paladin,retribution,12,8,4
tichondrius,767,paladin,retribution,12,8,4
tichondrius,767,paladin,retribution,18,8,10
azralon,767,paladin,retribution,18,8,10
malganis,767,paladin,retribution,18,8,10
sargeras,767,paladin,retribution,18,8,10
aegwynn,767,paladin,retribution,18,8,10
malganis,767,paladin,retribution,24,8,16
moon-guard,767,paladin,retribution,24,8,16
shadowsong,766,paladin,retribution,12,8,4
tichondrius,766,paladin,retribution,12,8,4
tichondrius,766,paladin,retribution,12,8,4
ysera,766,paladin,retribution,16,9,7
ragnaros,766,paladin,retribution,19,9,10
garrosh,766,paladin,retribution,18,8,10
dalaran,766,paladin,retribution,18,8,10
azgalor,765,paladin,retribution,12,8,4
stormrage,765,paladin,retribution,12,8,4
aggramar,765,paladin,retribution,18,8,10
sargeras,765,paladin,retribution,18,8,10
nemesis,765,paladin,retribution,24,8,16
illidan,765,paladin,retribution,24,8,16
frostmourne,763,paladin,retribution,12,8,4
zuljin,763,paladin,retribution,18,8,10
quelthalas,763,paladin,retribution,18,8,10
queldorei,763,paladin,retribution,30,8,22
drakkari,762,paladin,retribution,18,8,10
drakkari,762,paladin,retribution,24,8,16
sargeras,762,paladin,retribution,25,8,17
garona,761,paladin,retribution,12,8,4
gurubashi,760,paladin,retribution,24,8,16
dalaran,759,paladin,retribution,24,8,16
sargeras,755,paladin,retribution,18,8,10
nemesis,751,paladin,retribution,18,8,10
shadowmoon,749,paladin,retribution,12,8,4
malganis,735,paladin,retribution,14,9,5
sargeras,735,paladin,retribution,16,8,8
cenarius,729,paladin,retribution,16,8,8
drakkari,718,paladin,retribution,17,8,9
stormrage,716,paladin,retribution,21,8,13
tichondrius,714,paladin,retribution,19,9,10
tichondrius,705,paladin,retribution,19,9,10
tichondrius,700,paladin,retribution,16,8,8
thrall,684,paladin,retribution,19,8,11
bleeding-hollow,672,paladin,retribution,12,7,5
area-52,672,paladin,retribution,12,7,5
illidan,672,paladin,retribution,12,7,5
tichondrius,672,paladin,retribution,12,7,5
tichondrius,672,paladin,retribution,12,7,5
moon-guard,672,paladin,retribution,12,7,5
bleeding-hollow,672,paladin,retribution,12,7,5
velen,672,paladin,retribution,12,7,5
stormscale,672,paladin,retribution,12,7,5
illidan,672,paladin,retribution,12,7,5
sargeras,672,paladin,retribution,12,7,5
tichondrius,672,paladin,retribution,12,7,5
tichondrius,672,paladin,retribution,12,7,5
korgath,672,paladin,retribution,12,7,5
sargeras,672,paladin,retribution,12,7,5
blackrock,672,paladin,retribution,12,7,5
zuljin,672,paladin,retribution,12,7,5
quelthalas,672,paladin,retribution,12,7,5
stormrage,672,paladin,retribution,18,7,11
frostmourne,672,paladin,retribution,18,7,11
illidan,672,paladin,retribution,18,7,11
azralon,672,paladin,retribution,18,7,11
frostmourne,672,paladin,retribution,18,7,11
stormrage,672,paladin,retribution,18,7,11
bonechewer,672,paladin,retribution,18,7,11
sargeras,672,paladin,retribution,18,7,11
tichondrius,672,paladin,retribution,18,7,11
sargeras,672,paladin,retribution,18,7,11
tichondrius,672,paladin,retribution,18,7,11
tichondrius,672,paladin,retribution,18,7,11
ravencrest,672,paladin,retribution,18,7,11
nemesis,672,paladin,retribution,21,8,13
kelthuzad,672,paladin,retribution,24,7,17
tichondrius,672,paladin,retribution,24,7,17
illidan,672,paladin,retribution,24,7,17
sargeras,672,paladin,retribution,24,7,17
moon-guard,672,paladin,retribution,24,7,17
illidan,672,paladin,retribution,30,7,23
stormrage,671,paladin,retribution,12,7,5
nerzhul,671,paladin,retribution,12,7,5
korgath,671,paladin,retribution,12,7,5
windrunner,671,paladin,retribution,12,7,5
malganis,671,paladin,retribution,12,7,5
sargeras,671,paladin,retribution,12,7,5
area-52,671,paladin,retribution,12,7,5
barthilas,671,paladin,retribution,18,7,11
emerald-dream,671,paladin,retribution,18,7,11
illidan,671,paladin,retribution,18,7,11
sargeras,670,paladin,retribution,16,8,8
laughing-skull,668,paladin,retribution,18,7,11
thunderlord,666,paladin,retribution,24,7,17
illidan,644,paladin,retribution,24,7,17
nathrezim,623,paladin,retribution,17,7,10
thrall,617,paladin,retribution,14,9,5
area-52,608,paladin,retribution,16,7,9
tichondrius,608,paladin,retribution,16,7,9
nemesis,607,paladin,retribution,14,7,7
tichondrius,607,paladin,retribution,23,7,16
dalaran,607,paladin,retribution,26,7,19
medivh,606,paladin,retribution,15,7,8
icecrown,592,paladin,retribution,19,7,12
frostmourne,591,paladin,retribution,15,7,8
nemesis,576,paladin,retribution,6,6,0
sargeras,576,paladin,retribution,6,6,0
tichondrius,576,paladin,retribution,6,6,0
drakkari,576,paladin,retribution,6,6,0
emerald-dream,576,paladin,retribution,12,6,6
tichondrius,576,paladin,retribution,12,6,6
zuluhed,576,paladin,retribution,12,6,6
azralon,576,paladin,retribution,12,6,6
frostmourne,576,paladin,retribution,12,6,6
barthilas,576,paladin,retribution,12,6,6
arathor,576,paladin,retribution,12,6,6
area-52,576,paladin,retribution,12,6,6
moon-guard,576,paladin,retribution,12,6,6
area-52,576,paladin,retribution,12,6,6
terokkar,576,paladin,retribution,12,6,6
illidan,576,paladin,retribution,12,6,6
illidan,576,paladin,retribution,12,6,6
azralon,576,paladin,retribution,12,6,6
stormscale,576,paladin,retribution,12,6,6
darkspear,576,paladin,retribution,12,6,6
stormscale,576,paladin,retribution,12,6,6
illidan,576,paladin,retribution,12,6,6
illidan,576,paladin,retribution,12,6,6
thunderhorn,576,paladin,retribution,12,6,6
zuluhed,576,paladin,retribution,12,6,6
gorefiend,576,paladin,retribution,12,6,6
malganis,576,paladin,retribution,12,6,6
thrall,576,paladin,retribution,12,6,6
moon-guard,576,paladin,retribution,12,6,6
tichondrius,576,paladin,retribution,12,6,6
frostmourne,576,paladin,retribution,12,6,6
drakkari,576,paladin,retribution,12,6,6
shadow-council,576,paladin,retribution,12,6,6
tichondrius,576,paladin,retribution,12,6,6
khaz-modan,576,paladin,retribution,12,6,6
quelthalas,576,paladin,retribution,12,6,6
moon-guard,576,paladin,retribution,12,6,6
korgath,576,paladin,retribution,12,6,6
sargeras,576,paladin,retribution,12,6,6
stormrage,576,paladin,retribution,12,6,6
tichondrius,576,paladin,retribution,12,6,6
zuluhed,576,paladin,retribution,12,6,6
moon-guard,576,paladin,retribution,12,6,6
stormrage,576,paladin,retribution,12,6,6
barthilas,576,paladin,retribution,15,7,8
thunderlord,576,paladin,retribution,15,6,9
sargeras,576,paladin,retribution,18,6,12
area-52,576,paladin,retribution,18,6,12
tichondrius,576,paladin,retribution,18,6,12
tichondrius,576,paladin,retribution,18,6,12
sargeras,576,paladin,retribution,18,6,12
tichondrius,576,paladin,retribution,18,6,12
quelthalas,576,paladin,retribution,18,6,12
eredar,576,paladin,retribution,18,6,12
nemesis,576,paladin,retribution,18,6,12
magtheridon,576,paladin,retribution,18,6,12
azralon,576,paladin,retribution,18,6,12
illidan,576,paladin,retribution,18,6,12
tichondrius,576,paladin,retribution,18,6,12
andorhal,576,paladin,retribution,18,6,12
tichondrius,576,paladin,retribution,24,6,18
area-52,576,paladin,retribution,24,6,18
illidan,575,paladin,retribution,12,6,6
moon-guard,575,paladin,retribution,12,6,6
azralon,575,paladin,retribution,12,6,6
stormrage,575,paladin,retribution,12,6,6
emerald-dream,575,paladin,retribution,12,6,6
emerald-dream,575,paladin,retribution,12,6,6
antonidas,575,paladin,retribution,12,6,6
the-venture-co,575,paladin,retribution,12,6,6
veknilash,575,paladin,retribution,12,6,6
alleria,574,paladin,retribution,12,6,6
quelthalas,574,paladin,retribution,12,6,6
area-52,571,paladin,retribution,12,6,6
wildhammer,571,paladin,retribution,12,6,6
frostwolf,559,paladin,retribution,17,6,11
tichondrius,528,paladin,retribution,15,7,8
azshara,528,paladin,retribution,15,6,9
azjolnerub,527,paladin,retribution,11,6,5
ragnaros,527,paladin,retribution,11,6,5
tichondrius,527,paladin,retribution,11,6,5
laughing-skull,527,paladin,retribution,11,6,5
jubeithos,527,paladin,retribution,15,7,8
altar-of-storms,522,paladin,retribution,24,7,17
tichondrius,511,paladin,retribution,10,6,4
emerald-dream,511,paladin,retribution,14,6,8
alleria,511,paladin,retribution,14,6,8
dalaran,494,paladin,retribution,13,6,7
tichondrius,480,paladin,retribution,6,5,1
zuljin,480,paladin,retribution,6,5,1
quelthalas,480,paladin,retribution,6,5,1
spirestone,480,paladin,retribution,6,5,1
tichondrius,480,paladin,retribution,6,5,1
khadgar,480,paladin,retribution,6,5,1
sargeras,480,paladin,retribution,6,5,1
ragnaros,480,paladin,retribution,6,5,1
tichondrius,480,paladin,retribution,9,6,3
malganis,480,paladin,retribution,12,5,7
draka,480,paladin,retribution,12,5,7
moon-guard,480,paladin,retribution,12,5,7
blades-edge,480,paladin,retribution,12,5,7
tichondrius,480,paladin,retribution,12,5,7
bleeding-hollow,480,paladin,retribution,12,5,7
tichondrius,480,paladin,retribution,12,5,7
dark-iron,480,paladin,retribution,12,5,7
moon-guard,480,paladin,retribution,12,5,7
moon-guard,480,paladin,retribution,12,5,7
shadowmoon,480,paladin,retribution,12,5,7
arthas,480,paladin,retribution,12,5,7
emerald-dream,480,paladin,retribution,12,5,7
nordrassil,480,paladin,retribution,12,5,7
ragnaros,480,paladin,retribution,12,5,7
illidan,480,paladin,retribution,12,5,7
bleeding-hollow,480,paladin,retribution,12,5,7
darkspear,480,paladin,retribution,12,5,7
tichondrius,480,paladin,retribution,12,5,7
kelthuzad,480,paladin,retribution,12,5,7
tichondrius,480,paladin,retribution,12,5,7
wyrmrest-accord,480,paladin,retribution,12,5,7
azuremyst,480,paladin,retribution,12,5,7
stormrage,480,paladin,retribution,12,5,7
azralon,480,paladin,retribution,12,5,7
aegwynn,480,paladin,retribution,12,5,7
tichondrius,480,paladin,retribution,12,5,7
dalaran,480,paladin,retribution,12,5,7
garrosh,480,paladin,retribution,12,5,7
area-52,480,paladin,retribution,12,5,7
dalaran,480,paladin,retribution,12,5,7
bleeding-hollow,480,paladin,retribution,12,5,7
tichondrius,480,paladin,retribution,12,5,7
sargeras,480,paladin,retribution,12,5,7
tichondrius,480,paladin,retribution,12,5,7
kelthuzad,480,paladin,retribution,12,5,7
stormrage,480,paladin,retribution,12,5,7
emerald-dream,480,paladin,retribution,12,5,7
wyrmrest-accord,480,paladin,retribution,12,5,7
jaedenar,480,paladin,retribution,12,5,7
area-52,480,paladin,retribution,12,5,7
thrall,480,paladin,retribution,12,5,7
frostmourne,480,paladin,retribution,12,5,7
arygos,480,paladin,retribution,12,5,7
eonar,480,paladin,retribution,12,5,7
ragnaros,480,paladin,retribution,15,6,9
tichondrius,480,paladin,retribution,18,5,13
korgath,480,paladin,retribution,18,5,13
illidan,480,paladin,retribution,18,5,13
nemesis,480,paladin,retribution,18,5,13
korialstrasz,480,paladin,retribution,18,5,13
dragonmaw,480,paladin,retribution,18,5,13
garona,480,paladin,retribution,30,5,25
the-scryers,479,paladin,retribution,6,5,1
kelthuzad,479,paladin,retribution,6,5,1
kul-tiras,479,paladin,retribution,12,5,7
terenas,479,paladin,retribution,12,5,7
nerzhul,479,paladin,retribution,12,5,7
kelthuzad,479,paladin,retribution,12,5,7
moon-guard,479,paladin,retribution,12,5,7
stormrage,479,paladin,retribution,12,5,7
zuljin,479,paladin,retribution,12,5,7
stormrage,479,paladin,retribution,12,5,7
illidan,478,paladin,retribution,6,5,1
darrowmere,478,paladin,retribution,12,6,6
illidan,478,paladin,retribution,12,5,7
antonidas,478,paladin,retribution,12,5,7
tichondrius,478,paladin,retribution,16,6,10
barthilas,477,paladin,retribution,6,5,1
moon-guard,476,paladin,retribution,12,5,7
nagrand,475,paladin,retribution,12,5,7
hakkar,474,paladin,retribution,12,5,7
dalaran,474,paladin,retribution,12,5,7
proudmoore,473,paladin,retribution,12,5,7
dragonmaw,463,paladin,retribution,11,5,6
illidan,463,paladin,retribution,11,5,6
tichondrius,463,paladin,retribution,23,5,18
fizzcrank,457,paladin,retribution,21,7,14
garrosh,447,paladin,retribution,11,5,6
frostmourne,447,paladin,retribution,14,6,8
frostmourne,445,paladin,retribution,11,5,6
stormscale,432,paladin,retribution,12,6,6
turalyon,431,paladin,retribution,11,5,6
agamaggan,431,paladin,retribution,11,5,6
barthilas,384,paladin,retribution,6,4,2
skywall,384,paladin,retribution,6,4,2
moon-guard,384,paladin,retribution,6,4,2
silvermoon,384,paladin,retribution,6,4,2
senjin,384,paladin,retribution,6,4,2
nemesis,384,paladin,retribution,6,4,2
drakkari,384,paladin,retribution,6,4,2
silver-hand,384,paladin,retribution,6,4,2
illidan,384,paladin,retribution,6,4,2
tichondrius,384,paladin,retribution,6,4,2
illidan,384,paladin,retribution,6,4,2
jubeithos,384,paladin,retribution,6,4,2
eredar,384,paladin,retribution,6,4,2
proudmoore,384,paladin,retribution,6,4,2
tichondrius,384,paladin,retribution,6,4,2
zuljin,384,paladin,retribution,6,4,2
azralon,384,paladin,retribution,6,4,2
azshara,384,paladin,retribution,6,4,2
tichondrius,384,paladin,retribution,6,4,2
azralon,384,paladin,retribution,6,4,2
tichondrius,384,paladin,retribution,6,4,2
tichondrius,384,paladin,retribution,6,4,2
icecrown,384,paladin,retribution,6,4,2
emerald-dream,384,paladin,retribution,6,4,2
moonrunner,384,paladin,retribution,6,4,2
ragnaros,384,paladin,retribution,6,4,2
blackrock,384,paladin,retribution,6,4,2
bleeding-hollow,384,paladin,retribution,6,4,2
blackrock,384,paladin,retribution,6,4,2
blackrock,384,paladin,retribution,6,4,2
bleeding-hollow,384,paladin,retribution,6,4,2
ragnaros,384,paladin,retribution,6,4,2
bleeding-hollow,384,paladin,retribution,6,4,2
bleeding-hollow,384,paladin,retribution,6,4,2
chogall,384,paladin,retribution,6,4,2
bonechewer,384,paladin,retribution,6,4,2
garrosh,384,paladin,retribution,6,4,2
sargeras,384,paladin,retribution,6,4,2
sargeras,384,paladin,retribution,6,4,2
drenden,384,paladin,retribution,6,4,2
quelthalas,384,paladin,retribution,6,4,2
area-52,384,paladin,retribution,6,4,2
blackwing-lair,384,paladin,retribution,6,4,2
dawnbringer,384,paladin,retribution,6,4,2
quelthalas,384,paladin,retribution,6,4,2
area-52,384,paladin,retribution,6,4,2
quelthalas,384,paladin,retribution,6,4,2
ragnaros,384,paladin,retribution,6,4,2
malganis,384,paladin,retribution,6,4,2
quelthalas,384,paladin,retribution,6,4,2
thunderlord,384,paladin,retribution,10,5,5
drakkari,384,paladin,retribution,10,5,5
kelthuzad,384,paladin,retribution,15,5,10
azralon,384,paladin,retribution,12,4,8
ragnaros,384,paladin,retribution,12,4,8
ragnaros,384,paladin,retribution,12,4,8
velen,384,paladin,retribution,12,4,8
stormrage,384,paladin,retribution,12,4,8
anvilmar,384,paladin,retribution,12,4,8
zuljin,384,paladin,retribution,12,4,8
frostmourne,384,paladin,retribution,12,4,8
stormscale,384,paladin,retribution,12,4,8
quelthalas,384,paladin,retribution,12,4,8
thunderhorn,384,paladin,retribution,12,4,8
stormscale,384,paladin,retribution,12,4,8
twisting-nether,384,paladin,retribution,12,4,8
moon-guard,384,paladin,retribution,12,4,8
thrall,384,paladin,retribution,12,4,8
moon-guard,384,paladin,retribution,12,4,8
moon-guard,384,paladin,retribution,12,4,8
dalaran,384,paladin,retribution,12,4,8
frostmourne,384,paladin,retribution,12,4,8
proudmoore,384,paladin,retribution,12,4,8
proudmoore,384,paladin,retribution,12,4,8
area-52,384,paladin,retribution,12,4,8
the-forgotten-coast,384,paladin,retribution,12,4,8
emerald-dream,384,paladin,retribution,12,4,8
alexstrasza,384,paladin,retribution,12,4,8
proudmoore,384,paladin,retribution,12,4,8
illidan,384,paladin,retribution,12,4,8
garithos,384,paladin,retribution,12,4,8
kalecgos,384,paladin,retribution,12,4,8
area-52,384,paladin,retribution,12,4,8
illidan,384,paladin,retribution,12,4,8
tichondrius,384,paladin,retribution,12,4,8
stormrage,384,paladin,retribution,12,4,8
illidan,384,paladin,retribution,12,4,8
sargeras,384,paladin,retribution,12,4,8
kelthuzad,384,paladin,retribution,12,4,8
bleeding-hollow,384,paladin,retribution,12,4,8
zuljin,384,paladin,retribution,12,4,8
malganis,384,paladin,retribution,12,4,8
bleeding-hollow,384,paladin,retribution,12,4,8
blackrock,384,paladin,retribution,12,4,8
jubeithos,384,paladin,retribution,12,4,8
sargeras,384,paladin,retribution,12,4,8
zuljin,384,paladin,retribution,12,4,8
stormrage,384,paladin,retribution,12,4,8
stormrage,384,paladin,retribution,12,4,8
tichondrius,384,paladin,retribution,12,4,8
stormrage,384,paladin,retribution,12,4,8
tichondrius,384,paladin,retribution,12,4,8
tichondrius,384,paladin,retribution,12,4,8
tichondrius,384,paladin,retribution,12,4,8
stormrage,384,paladin,retribution,12,4,8
proudmoore,384,paladin,retribution,13,4,9
quelthalas,384,paladin,retribution,21,5,16
tichondrius,384,paladin,retribution,18,4,14
blackhand,384,paladin,retribution,18,4,14
tichondrius,384,paladin,retribution,18,4,14
quelthalas,384,paladin,retribution,18,4,14
ragnaros,384,paladin,retribution,18,4,14
sargeras,384,paladin,retribution,18,4,14
stormscale,384,paladin,retribution,18,4,14
drakkari,384,paladin,retribution,18,4,14
azralon,384,paladin,retribution,18,4,14
kirin-tor,384,paladin,retribution,18,4,14
illidan,384,paladin,retribution,18,4,14
illidan,384,paladin,retribution,18,4,14
area-52,384,paladin,retribution,18,4,14
thunderlord,383,paladin,retribution,6,4,2
drakthul,383,paladin,retribution,6,4,2
sargeras,383,paladin,retribution,6,4,2
sargeras,383,paladin,retribution,9,5,4
blades-edge,383,paladin,retribution,12,4,8
stormrage,383,paladin,retribution,12,4,8
area-52,383,paladin,retribution,12,4,8
blood-furnace,383,paladin,retribution,12,4,8
lightbringer,383,paladin,retribution,12,4,8
rivendare,383,paladin,retribution,12,4,8
kiljaeden,383,paladin,retribution,14,4,10
stormrage,382,paladin,retribution,6,4,2
aegwynn,382,paladin,retribution,6,4,2
quelthalas,380,paladin,retribution,12,4,8
wyrmrest-accord,367,paladin,retribution,11,4,7
boulderfist,352,paladin,retribution,13,5,8
nemesis,351,paladin,retribution,20,5,15
laughing-skull,350,paladin,retribution,11,6,5
emerald-dream,336,paladin,retribution,9,4,5
tichondrius,330,paladin,retribution,16,5,11
stormrage,320,paladin,retribution,10,4,6
quelthalas,319,paladin,retribution,5,4,1
skywall,319,paladin,retribution,5,4,1
moon-guard,319,paladin,retribution,8,4,4
tichondrius,319,paladin,retribution,8,4,4
tichondrius,319,paladin,retribution,14,4,10
tichondrius,319,paladin,retribution,14,4,10
area-52,304,paladin,retribution,7,4,3
area-52,288,paladin,retribution,6,3,3
azralon,288,paladin,retribution,6,3,3
area-52,288,paladin,retribution,6,3,3
area-52,288,paladin,retribution,6,3,3
lightnings-blade,288,paladin,retribution,6,3,3
vashj,288,paladin,retribution,6,3,3
azralon,288,paladin,retribution,6,3,3
vashj,288,paladin,retribution,6,3,3
area-52,288,paladin,retribution,6,3,3
emerald-dream,288,paladin,retribution,6,3,3
sargeras,288,paladin,retribution,6,3,3
stormrage,288,paladin,retribution,6,3,3
frostwolf,288,paladin,retribution,6,3,3
tichondrius,288,paladin,retribution,6,3,3
darkspear,288,paladin,retribution,6,3,3
moon-guard,288,paladin,retribution,6,3,3
proudmoore,288,paladin,retribution,6,3,3
quelthalas,288,paladin,retribution,6,3,3
illidan,288,paladin,retribution,6,3,3
emerald-dream,288,paladin,retribution,6,3,3
emerald-dream,288,paladin,retribution,6,3,3
stormrage,288,paladin,retribution,6,3,3
illidan,288,paladin,retribution,6,3,3
dalaran,288,paladin,retribution,6,3,3
thrall,288,paladin,retribution,6,3,3
mugthol,288,paladin,retribution,6,3,3
tichondrius,288,paladin,retribution,6,3,3
sargeras,288,paladin,retribution,6,3,3
drakkari,288,paladin,retribution,6,3,3
tichondrius,288,paladin,retribution,6,3,3
kelthuzad,288,paladin,retribution,6,3,3
bloodscalp,288,paladin,retribution,6,3,3
sargeras,288,paladin,retribution,6,3,3
quelthalas,288,paladin,retribution,6,3,3
tichondrius,288,paladin,retribution,6,3,3
antonidas,288,paladin,retribution,6,3,3
ragnaros,288,paladin,retribution,6,3,3
illidan,288,paladin,retribution,6,3,3
tichondrius,288,paladin,retribution,6,3,3
jubeithos,288,paladin,retribution,6,3,3
illidan,288,paladin,retribution,6,3,3
skullcrusher,288,paladin,retribution,6,3,3
kelthuzad,288,paladin,retribution,6,3,3
kelthuzad,288,paladin,retribution,6,3,3
kelthuzad,288,paladin,retribution,6,3,3
ragnaros,288,paladin,retribution,6,3,3
bonechewer,288,paladin,retribution,6,3,3
tichondrius,288,paladin,retribution,6,3,3
uther,288,paladin,retribution,6,3,3
azgalor,288,paladin,retribution,6,3,3
tichondrius,288,paladin,retribution,6,3,3
illidan,288,paladin,retribution,6,3,3
baelgun,288,paladin,retribution,6,3,3
tichondrius,288,paladin,retribution,6,3,3
proudmoore,288,paladin,retribution,6,3,3
kelthuzad,288,paladin,retribution,6,3,3
tichondrius,288,paladin,retribution,6,3,3
quelthalas,288,paladin,retribution,6,3,3
tichondrius,288,paladin,retribution,6,3,3
malganis,288,paladin,retribution,6,3,3
tichondrius,288,paladin,retribution,6,3,3
tichondrius,288,paladin,retribution,6,3,3
thrall,288,paladin,retribution,6,3,3
tichondrius,288,paladin,retribution,6,3,3
malganis,288,paladin,retribution,6,3,3
stormrage,288,paladin,retribution,6,3,3
stormreaver,288,paladin,retribution,6,3,3
tichondrius,288,paladin,retribution,6,3,3
agamaggan,288,paladin,retribution,6,3,3
sargeras,288,paladin,retribution,6,3,3
malganis,288,paladin,retribution,6,3,3
dalaran,288,paladin,retribution,6,3,3
bleeding-hollow,288,paladin,retribution,6,3,3
barthilas,288,paladin,retribution,6,3,3
doomhammer,288,paladin,retribution,6,3,3
executus,288,paladin,retribution,6,3,3
tichondrius,288,paladin,retribution,6,3,3
bleeding-hollow,288,paladin,retribution,6,3,3
tichondrius,288,paladin,retribution,6,3,3
zuljin,288,paladin,retribution,6,3,3
quelthalas,288,paladin,retribution,6,3,3
jubeithos,288,paladin,retribution,6,3,3
wyrmrest-accord,288,paladin,retribution,6,3,3
tichondrius,288,paladin,retribution,6,3,3
quelthalas,288,paladin,retribution,6,3,3
stormrage,288,paladin,retribution,6,3,3
kiljaeden,288,paladin,retribution,6,3,3
bleeding-hollow,288,paladin,retribution,6,3,3
bleeding-hollow,288,paladin,retribution,6,3,3
shadowsong,288,paladin,retribution,6,3,3
doomhammer,288,paladin,retribution,6,3,3
cenarius,288,paladin,retribution,6,3,3
mannoroth,288,paladin,retribution,6,3,3
stormrage,288,paladin,retribution,6,3,3
moon-guard,288,paladin,retribution,6,3,3
moon-guard,288,paladin,retribution,6,3,3
malfurion,288,paladin,retribution,6,3,3
bleeding-hollow,288,paladin,retribution,6,3,3
kaelthas,288,paladin,retribution,6,3,3
nagrand,288,paladin,retribution,6,3,3
tichondrius,288,paladin,retribution,6,3,3
dalaran,288,paladin,retribution,6,3,3
tichondrius,288,paladin,retribution,6,3,3
moon-guard,288,paladin,retribution,6,3,3
dalaran,288,paladin,retribution,7,3,4
proudmoore,288,paladin,retribution,12,4,8
tichondrius,288,paladin,retribution,13,4,9
thrall,288,paladin,retribution,12,3,9
sargeras,288,paladin,retribution,12,3,9
sargeras,288,paladin,retribution,12,3,9
moon-guard,288,paladin,retribution,12,3,9
zuljin,288,paladin,retribution,12,3,9
zuljin,288,paladin,retribution,12,3,9
stormrage,288,paladin,retribution,12,3,9
ragnaros,288,paladin,retribution,12,3,9
zuljin,288,paladin,retribution,12,3,9
tichondrius,288,paladin,retribution,12,3,9
wyrmrest-accord,288,paladin,retribution,12,3,9
frostmourne,288,paladin,retribution,12,3,9
bleeding-hollow,288,paladin,retribution,12,3,9
wyrmrest-accord,288,paladin,retribution,12,3,9
malganis,288,paladin,retribution,12,3,9
the-underbog,288,paladin,retribution,12,3,9
moon-guard,288,paladin,retribution,12,3,9
dalaran,288,paladin,retribution,12,3,9
quelthalas,288,paladin,retribution,12,3,9
smolderthorn,288,paladin,retribution,12,3,9
tichondrius,288,paladin,retribution,12,3,9
shadowmoon,288,paladin,retribution,12,3,9
stormrage,288,paladin,retribution,12,3,9
malganis,288,paladin,retribution,12,3,9
moon-guard,288,paladin,retribution,12,3,9
area-52,288,paladin,retribution,12,3,9
illidan,288,paladin,retribution,12,3,9
ragnaros,288,paladin,retribution,12,3,9
frostmourne,288,paladin,retribution,12,3,9
azgalor,288,paladin,retribution,12,3,9
tichondrius,288,paladin,retribution,12,3,9
akama,288,paladin,retribution,12,3,9
barthilas,288,paladin,retribution,12,3,9
illidan,288,paladin,retribution,12,3,9
tichondrius,288,paladin,retribution,12,3,9
emerald-dream,288,paladin,retribution,12,3,9
azralon,288,paladin,retribution,12,3,9
mugthol,288,paladin,retribution,12,3,9
thunderlord,288,paladin,retribution,12,3,9
sargeras,288,paladin,retribution,12,3,9
kelthuzad,288,paladin,retribution,12,3,9
thunderlord,288,paladin,retribution,12,3,9
illidan,288,paladin,retribution,12,3,9
proudmoore,288,paladin,retribution,12,3,9
stormrage,288,paladin,retribution,12,3,9
tichondrius,288,paladin,retribution,12,3,9
aerie-peak,288,paladin,retribution,18,3,15
azralon,288,paladin,retribution,18,3,15
sargeras,288,paladin,retribution,18,3,15
tichondrius,288,paladin,retribution,18,3,15
nesingwary,288,paladin,retribution,18,3,15
frostmourne,288,paladin,retribution,18,3,15
tichondrius,288,paladin,retribution,24,3,21
tichondrius,287,paladin,retribution,6,3,3
moon-guard,287,paladin,retribution,6,3,3
hakkar,287,paladin,retribution,6,3,3
frostmourne,271,paladin,retribution,11,3,8
tichondrius,255,paladin,retribution,8,4,4
alterac-mountains,240,paladin,retribution,9,3,6
tichondrius,239,paladin,retribution,5,3,2
tichondrius,234,paladin,retribution,7,5,2
wyrmrest-accord,234,paladin,retribution,8,4,4
ragnaros,234,paladin,retribution,9,4,5
korgath,234,paladin,retribution,10,4,6
stormrage,234,paladin,retribution,16,4,12
azralon,223,paladin,retribution,8,3,5
area-52,201,paladin,retribution,12,4,8
zuljin,192,paladin,retribution,4,3,1
area-52,192,paladin,retribution,4,3,1
eredar,192,paladin,retribution,9,3,6
tichondrius,192,paladin,retribution,6,2,4
frostmourne,192,paladin,retribution,6,2,4
nazjatar,192,paladin,retribution,6,2,4
moon-guard,192,paladin,retribution,6,2,4
sargeras,192,paladin,retribution,6,2,4
moon-guard,192,paladin,retribution,6,2,4
area-52,192,paladin,retribution,6,2,4
sargeras,192,paladin,retribution,6,2,4
stormrage,192,paladin,retribution,6,2,4
tichondrius,192,paladin,retribution,6,2,4
stormrage,192,paladin,retribution,6,2,4
drakkari,192,paladin,retribution,6,2,4
moon-guard,192,paladin,retribution,6,2,4
tichondrius,192,paladin,retribution,6,2,4
stormrage,192,paladin,retribution,6,2,4
tichondrius,192,paladin,retribution,6,2,4
tichondrius,192,paladin,retribution,6,2,4
baelgun,192,paladin,retribution,6,2,4
sargeras,192,paladin,retribution,6,2,4
kiljaeden,192,paladin,retribution,6,2,4
dalaran,192,paladin,retribution,6,2,4
moon-guard,192,paladin,retribution,6,2,4
stormrage,192,paladin,retribution,6,2,4
thunderlord,192,paladin,retribution,6,2,4
dalaran,192,paladin,retribution,6,2,4
moonrunner,192,paladin,retribution,6,2,4
nagrand,192,paladin,retribution,6,2,4
barthilas,192,paladin,retribution,6,2,4
nordrassil,192,paladin,retribution,6,2,4
area-52,192,paladin,retribution,6,2,4
azralon,192,paladin,retribution,6,2,4
aerie-peak,192,paladin,retribution,6,2,4
blackrock,192,paladin,retribution,6,2,4
ragnaros,192,paladin,retribution,6,2,4
azralon,192,paladin,retribution,6,2,4
azralon,192,paladin,retribution,6,2,4
korgath,192,paladin,retribution,6,2,4
tichondrius,192,paladin,retribution,6,2,4
frostmourne,192,paladin,retribution,6,2,4
wyrmrest-accord,192,paladin,retribution,6,2,4
azralon,192,paladin,retribution,6,2,4
quelthalas,192,paladin,retribution,6,2,4
wyrmrest-accord,192,paladin,retribution,6,2,4
zuljin,192,paladin,retribution,6,2,4
tichondrius,192,paladin,retribution,6,2,4
kiljaeden,192,paladin,retribution,6,2,4
kiljaeden,192,paladin,retribution,6,2,4
tichondrius,192,paladin,retribution,6,2,4
sargeras,192,paladin,retribution,6,2,4
ragnaros,192,paladin,retribution,6,2,4
quelthalas,192,paladin,retribution,6,2,4
wyrmrest-accord,192,paladin,retribution,6,2,4
barthilas,192,paladin,retribution,6,2,4
muradin,192,paladin,retribution,6,2,4
laughing-skull,192,paladin,retribution,6,2,4
area-52,192,paladin,retribution,6,2,4
elune,192,paladin,retribution,6,2,4
bleeding-hollow,192,paladin,retribution,6,2,4
tichondrius,192,paladin,retribution,6,2,4
darrowmere,192,paladin,retribution,6,2,4
sargeras,192,paladin,retribution,6,2,4
darkspear,192,paladin,retribution,6,2,4
moon-guard,192,paladin,retribution,6,2,4
illidan,192,paladin,retribution,6,2,4
barthilas,192,paladin,retribution,6,2,4
ragnaros,192,paladin,retribution,6,2,4
sargeras,192,paladin,retribution,6,2,4
dragonmaw,192,paladin,retribution,6,2,4
andorhal,192,paladin,retribution,6,2,4
lightbringer,192,paladin,retribution,6,2,4
the-venture-co,192,paladin,retribution,6,2,4
illidan,192,paladin,retribution,6,2,4
tichondrius,192,paladin,retribution,6,2,4
uther,192,paladin,retribution,6,2,4
nemesis,192,paladin,retribution,6,2,4
hakkar,192,paladin,retribution,6,2,4
illidan,192,paladin,retribution,6,2,4
arygos,192,paladin,retribution,6,2,4
kelthuzad,192,paladin,retribution,6,2,4
kelthuzad,192,paladin,retribution,6,2,4
kelthuzad,192,paladin,retribution,6,2,4
azralon,192,paladin,retribution,6,2,4
ragnaros,192,paladin,retribution,6,2,4
illidan,192,paladin,retribution,6,2,4
tichondrius,192,paladin,retribution,6,2,4
azralon,192,paladin,retribution,6,2,4
tichondrius,192,paladin,retribution,6,2,4
senjin,192,paladin,retribution,6,2,4
garrosh,192,paladin,retribution,6,2,4
kelthuzad,192,paladin,retribution,6,2,4
proudmoore,192,paladin,retribution,6,2,4
proudmoore,192,paladin,retribution,6,2,4
bladefist,192,paladin,retribution,6,2,4
demon-soul,192,paladin,retribution,6,2,4
malganis,192,paladin,retribution,6,2,4
azralon,192,paladin,retribution,6,2,4
nemesis,192,paladin,retribution,6,2,4
emerald-dream,192,paladin,retribution,6,2,4
tichondrius,192,paladin,retribution,6,2,4
sargeras,192,paladin,retribution,6,2,4
onyxia,192,paladin,retribution,6,2,4
emerald-dream,192,paladin,retribution,6,2,4
azralon,192,paladin,retribution,6,2,4
illidan,192,paladin,retribution,6,2,4
illidan,192,paladin,retribution,6,2,4
emerald-dream,192,paladin,retribution,6,2,4
tichondrius,192,paladin,retribution,6,2,4
thrall,192,paladin,retribution,6,2,4
malganis,192,paladin,retribution,6,2,4
tichondrius,192,paladin,retribution,6,2,4
illidan,192,paladin,retribution,6,2,4
illidan,192,paladin,retribution,6,2,4
illidan,192,paladin,retribution,6,2,4
quelthalas,192,paladin,retribution,6,2,4
proudmoore,192,paladin,retribution,6,2,4
spirestone,192,paladin,retribution,6,2,4
proudmoore,192,paladin,retribution,6,2,4
drakkari,192,paladin,retribution,6,2,4
illidan,192,paladin,retribution,6,2,4
tichondrius,192,paladin,retribution,6,2,4
ragnaros,192,paladin,retribution,8,2,6
nemesis,192,paladin,retribution,9,2,7
bleeding-hollow,192,paladin,retribution,9,2,7
zuljin,192,paladin,retribution,10,2,8
illidan,192,paladin,retribution,12,2,10
blood-furnace,192,paladin,retribution,12,2,10
tichondrius,192,paladin,retribution,12,2,10
stormrage,192,paladin,retribution,12,2,10
illidan,192,paladin,retribution,12,2,10
stormrage,192,paladin,retribution,12,2,10
illidan,192,paladin,retribution,12,2,10
sargeras,192,paladin,retribution,12,2,10
proudmoore,192,paladin,retribution,12,2,10
darkspear,192,paladin,retribution,12,2,10
ragnaros,192,paladin,retribution,12,2,10
proudmoore,192,paladin,retribution,12,2,10
icecrown,192,paladin,retribution,12,2,10
quelthalas,192,paladin,retribution,12,2,10
moon-guard,192,paladin,retribution,12,2,10
icecrown,192,paladin,retribution,12,2,10
moon-guard,191,paladin,retribution,6,2,4
thrall,176,paladin,retribution,7,3,4
malganis,175,paladin,retribution,11,3,8
illidan,175,paladin,retribution,11,2,9
illidan,159,paladin,retribution,5,2,3
dragonmaw,159,paladin,retribution,5,2,3
azralon,159,paladin,retribution,5,2,3
tichondrius,159,paladin,retribution,5,2,3
sargeras,144,paladin,retribution,3,3,0
quelthalas,138,paladin,retribution,8,3,5
stormrage,138,paladin,retribution,10,3,7
stormrage,138,paladin,retribution,15,3,12
tichondrius,138,paladin,retribution,16,3,13
quelthalas,128,paladin,retribution,4,2,2
frostmourne,128,paladin,retribution,4,2,2
lightbringer,128,paladin,retribution,4,2,2
sargeras,128,paladin,retribution,10,2,8
stormscale,127,paladin,retribution,8,2,6
wyrmrest-accord,96,paladin,retribution,3,2,1
icecrown,96,paladin,retribution,3,2,1
boulderfist,96,paladin,retribution,6,1,5
illidan,96,paladin,retribution,6,1,5
winterhoof,96,paladin,retribution,6,1,5
drakkari,96,paladin,retribution,6,1,5
illidan,96,paladin,retribution,6,1,5
tichondrius,96,paladin,retribution,6,1,5
blackhand,96,paladin,retribution,6,1,5
tichondrius,96,paladin,retribution,6,1,5
quelthalas,96,paladin,retribution,6,1,5
tichondrius,96,paladin,retribution,6,1,5
sargeras,96,paladin,retribution,6,1,5
tichondrius,96,paladin,retribution,6,1,5
zuljin,96,paladin,retribution,6,1,5
nemesis,96,paladin,retribution,6,1,5
nemesis,96,paladin,retribution,6,1,5
magtheridon,96,paladin,retribution,6,1,5
illidan,96,paladin,retribution,6,1,5
drakkari,96,paladin,retribution,6,1,5
tichondrius,96,paladin,retribution,6,1,5
tichondrius,96,paladin,retribution,6,1,5
quelthalas,96,paladin,retribution,6,1,5
tichondrius,96,paladin,retribution,6,1,5
deathwing,96,paladin,retribution,6,1,5
tichondrius,96,paladin,retribution,6,1,5
tichondrius,96,paladin,retribution,6,1,5
dalaran,96,paladin,retribution,6,1,5
ragnaros,96,paladin,retribution,6,1,5
malganis,96,paladin,retribution,6,1,5
stormrage,96,paladin,retribution,6,1,5
thrall,96,paladin,retribution,6,1,5
tichondrius,96,paladin,retribution,6,1,5
tichondrius,96,paladin,retribution,6,1,5
tichondrius,96,paladin,retribution,6,1,5
tichondrius,96,paladin,retribution,6,1,5
illidan,96,paladin,retribution,6,1,5
tichondrius,96,paladin,retribution,6,1,5
tichondrius,96,paladin,retribution,6,1,5
illidan,96,paladin,retribution,6,1,5
stormrage,96,paladin,retribution,6,1,5
stormrage,96,paladin,retribution,6,1,5
dalaran,96,paladin,retribution,6,1,5
tichondrius,96,paladin,retribution,6,1,5
illidan,96,paladin,retribution,6,1,5
illidan,96,paladin,retribution,6,1,5
cenarion-circle,96,paladin,retribution,6,1,5
kiljaeden,96,paladin,retribution,6,1,5
trollbane,96,paladin,retribution,6,1,5
ghostlands,96,paladin,retribution,6,1,5
drakthul,96,paladin,retribution,6,1,5
sargeras,96,paladin,retribution,6,1,5
moonrunner,96,paladin,retribution,6,1,5
nerzhul,96,paladin,retribution,6,1,5
borean-tundra,96,paladin,retribution,6,1,5
bleeding-hollow,96,paladin,retribution,6,1,5
drakkari,96,paladin,retribution,6,1,5
bleeding-hollow,96,paladin,retribution,6,1,5
moon-guard,96,paladin,retribution,6,1,5
icecrown,96,paladin,retribution,6,1,5
elune,96,paladin,retribution,6,1,5
kelthuzad,96,paladin,retribution,6,1,5
illidan,96,paladin,retribution,6,1,5
kelthuzad,96,paladin,retribution,6,1,5
kelthuzad,96,paladin,retribution,6,1,5
nathrezim,96,paladin,retribution,6,1,5
akama,96,paladin,retribution,6,1,5
area-52,96,paladin,retribution,6,1,5
area-52,96,paladin,retribution,6,1,5
barthilas,96,paladin,retribution,6,1,5
proudmoore,96,paladin,retribution,6,1,5
area-52,96,paladin,retribution,6,1,5
area-52,96,paladin,retribution,6,1,5
tichondrius,96,paladin,retribution,6,1,5
frostmourne,96,paladin,retribution,6,1,5
malganis,96,paladin,retribution,6,1,5
stormrage,96,paladin,retribution,6,1,5
jaedenar,96,paladin,retribution,6,1,5
frostmourne,96,paladin,retribution,6,1,5
ragnaros,96,paladin,retribution,6,1,5
ragnaros,96,paladin,retribution,6,1,5
frostmourne,96,paladin,retribution,6,1,5
area-52,96,paladin,retribution,6,1,5
area-52,96,paladin,retribution,6,1,5
frostmourne,96,paladin,retribution,6,1,5
frostmourne,96,paladin,retribution,6,1,5
area-52,96,paladin,retribution,6,1,5
frostmourne,96,paladin,retribution,6,1,5
moon-guard,96,paladin,retribution,6,1,5
frostwolf,96,paladin,retribution,6,1,5
proudmoore,96,paladin,retribution,6,1,5
area-52,96,paladin,retribution,6,1,5
frostmourne,96,paladin,retribution,6,1,5
moon-guard,96,paladin,retribution,6,1,5
black-dragonflight,96,paladin,retribution,6,1,5
tichondrius,96,paladin,retribution,8,1,7
thrall,96,paladin,retribution,12,1,11
emerald-dream,96,paladin,retribution,12,1,11
goldrinn,96,paladin,retribution,12,1,11
illidan,96,paladin,retribution,12,1,11
zuljin,96,paladin,retribution,12,1,11
destromath,96,paladin,retribution,12,1,11
tichondrius,96,paladin,retribution,12,1,11
tichondrius,96,paladin,retribution,12,1,11
tichondrius,96,paladin,retribution,12,1,11
tichondrius,96,paladin,retribution,12,1,11
malfurion,95,paladin,retribution,12,1,11
nemesis,79,paladin,retribution,5,1,4
stormrage,79,paladin,retribution,11,1,10
tichondrius,42,paladin,retribution,10,3,7
tichondrius,42,paladin,retribution,9,2,7
bonechewer,42,paladin,retribution,14,2,12
tol-barad,31,paladin,retribution,2,1,1
sargeras,31,paladin,retribution,2,1,1
quelthalas,1889,paladin,protection,43,31,12
doomhammer,1794,paladin,protection,66,34,32
ragnaros,1781,paladin,protection,113,58,55
nemesis,1747,paladin,protection,56,31,25
tichondrius,1706,paladin,protection,42,22,20
tichondrius,1605,paladin,protection,54,23,31
frostmourne,1431,paladin,protection,30,15,15
illidan,1421,paladin,protection,48,27,21
sargeras,1337,paladin,protection,42,17,25
stormrage,958,paladin,protection,12,10,2
lightbringer,480,paladin,protection,12,5,7
bleeding-hollow,479,paladin,protection,12,5,7
moon-guard,384,paladin,protection,12,4,8
proudmoore,384,paladin,protection,12,4,8
aggramar,288,paladin,protection,6,3,3
proudmoore,288,paladin,protection,6,3,3
moon-guard,240,paladin,protection,9,3,6
tichondrius,192,paladin,protection,6,2,4
tichondrius,192,paladin,protection,6,2,4
daggerspine,192,paladin,protection,12,2,10
veknilash,96,paladin,protection,3,2,1
tichondrius,96,paladin,protection,6,1,5
sargeras,2082,priest,holy,114,57,57
burning-legion,1996,priest,holy,222,111,111
emerald-dream,1963,priest,holy,66,37,29
tichondrius,1962,priest,holy,36,21,15
hyjal,1844,priest,holy,54,27,27
frostmourne,1839,priest,holy,48,25,23
tichondrius,1817,priest,holy,60,23,37
darkspear,1813,priest,holy,36,26,10
tichondrius,1790,priest,holy,84,34,50
frostmane,1781,priest,holy,62,40,22
proudmoore,1740,priest,holy,148,65,83
sargeras,1723,priest,holy,60,27,33
moon-guard,1718,priest,holy,48,26,22
area-52,1708,priest,holy,121,61,60
illidan,1707,priest,holy,54,25,29
area-52,1690,priest,holy,52,27,25
kelthuzad,1686,priest,holy,60,29,31
illidan,1686,priest,holy,54,21,33
nagrand,1685,priest,holy,38,19,19
kelthuzad,1680,priest,holy,71,36,35
area-52,1672,priest,holy,54,30,24
frostmourne,1653,priest,holy,36,18,18
frostmourne,1642,priest,holy,66,26,40
frostmourne,1621,priest,holy,48,21,27
tichondrius,1584,priest,holy,30,19,11
tichondrius,1581,priest,holy,30,17,13
illidan,1573,priest,holy,98,49,49
drakthul,1556,priest,holy,107,54,53
tichondrius,1542,priest,holy,162,80,82
sargeras,1526,priest,holy,38,16,22
moon-guard,1511,priest,holy,54,27,27
illidan,1508,priest,holy,42,19,23
malganis,1489,priest,holy,48,28,20
chromaggus,1479,priest,holy,42,17,25
moon-guard,1474,priest,holy,45,20,25
terenas,1472,priest,holy,103,41,62
illidan,1436,priest,holy,30,15,15
stormrage,1428,priest,holy,42,18,24
stormrage,1413,priest,holy,135,64,71
mannoroth,1405,priest,holy,38,16,22
frostmourne,1403,priest,holy,42,16,26
malganis,1392,priest,holy,36,16,20
greymane,1391,priest,holy,49,23,26
proudmoore,1388,priest,holy,35,15,20
tichondrius,1380,priest,holy,36,18,18
proudmoore,1374,priest,holy,78,28,50
azralon,1364,priest,holy,47,30,17
kelthuzad,1364,priest,holy,29,15,14
moon-guard,1358,priest,holy,45,17,28
burning-blade,1337,priest,holy,48,20,28
azralon,1335,priest,holy,54,24,30
tichondrius,1332,priest,holy,18,14,4
illidan,1330,priest,holy,26,17,9
sargeras,1330,priest,holy,55,23,32
stormrage,1329,priest,holy,30,14,16
frostmourne,1325,priest,holy,24,14,10
stormrage,1319,priest,holy,32,17,15
ragnaros,1287,priest,holy,42,22,20
sargeras,1283,priest,holy,77,37,40
bonechewer,1256,priest,holy,24,14,10
tichondrius,1247,priest,holy,30,13,17
thunderlord,1234,priest,holy,78,40,38
bleeding-hollow,1226,priest,holy,27,15,12
wyrmrest-accord,1215,priest,holy,21,18,3
tichondrius,1213,priest,holy,18,15,3
quelthalas,1210,priest,holy,23,14,9
deathwing,1197,priest,holy,53,24,29
drakkari,1174,priest,holy,54,24,30
proudmoore,1151,priest,holy,24,12,12
nemesis,1151,priest,holy,30,12,18
azralon,1151,priest,holy,30,12,18
arathor,1114,priest,holy,20,13,7
stormscale,1107,priest,holy,66,26,40
proudmoore,1097,priest,holy,28,12,16
nagrand,1084,priest,holy,54,27,27
illidan,1068,priest,holy,31,12,19
proudmoore,1053,priest,holy,18,11,7
earthen-ring,1049,priest,holy,18,11,7
tichondrius,1045,priest,holy,18,11,7
moon-guard,1037,priest,holy,24,11,13
demon-soul,1019,priest,holy,41,11,30
proudmoore,994,priest,holy,61,28,33
kargath,991,priest,holy,23,11,12
dalaran,980,priest,holy,29,12,17
emerald-dream,960,priest,holy,18,10,8
thrall,958,priest,holy,24,10,14
zuljin,957,priest,holy,24,10,14
blackwing-lair,947,priest,holy,105,42,63
zuljin,944,priest,holy,18,10,8
quelthalas,889,priest,holy,17,10,7
tichondrius,863,priest,holy,18,9,9
bleeding-hollow,863,priest,holy,18,9,9
illidan,863,priest,holy,18,9,9
area-52,863,priest,holy,24,9,15
chogall,862,priest,holy,18,9,9
tichondrius,862,priest,holy,24,9,15
illidan,860,priest,holy,12,9,3
stormrage,768,priest,holy,12,8,4
the-underbog,768,priest,holy,12,8,4
sargeras,768,priest,holy,12,8,4
tichondrius,768,priest,holy,18,8,10
bleeding-hollow,767,priest,holy,18,8,10
proudmoore,764,priest,holy,18,8,10
moon-guard,763,priest,holy,18,8,10
doomhammer,741,priest,holy,23,9,14
tichondrius,717,priest,holy,15,8,7
tichondrius,672,priest,holy,12,7,5
stormrage,672,priest,holy,12,7,5
ragnaros,672,priest,holy,12,7,5
chogall,672,priest,holy,24,7,17
moon-guard,671,priest,holy,12,7,5
kelthuzad,671,priest,holy,12,7,5
wyrmrest-accord,671,priest,holy,18,7,11
area-52,670,priest,holy,18,7,11
illidan,655,priest,holy,23,7,16
quelthalas,640,priest,holy,22,7,15
tichondrius,615,priest,holy,15,8,7
area-52,576,priest,holy,12,6,6
mannoroth,576,priest,holy,12,6,6
tichondrius,576,priest,holy,12,6,6
dalaran,576,priest,holy,12,6,6
nagrand,576,priest,holy,12,6,6
ghostlands,576,priest,holy,12,6,6
frostmourne,576,priest,holy,12,6,6
kelthuzad,576,priest,holy,18,6,12
alterac-mountains,576,priest,holy,25,6,19
azralon,575,priest,holy,12,6,6
tichondrius,575,priest,holy,12,6,6
illidan,575,priest,holy,12,6,6
area-52,575,priest,holy,12,6,6
stormrage,571,priest,holy,12,6,6
lothar,567,priest,holy,12,6,6
emerald-dream,522,priest,holy,17,7,10
illidan,480,priest,holy,6,5,1
stormrage,480,priest,holy,6,5,1
maiev,480,priest,holy,6,5,1
ragnaros,480,priest,holy,12,5,7
kiljaeden,480,priest,holy,12,5,7
drakthul,480,priest,holy,12,5,7
proudmoore,480,priest,holy,12,5,7
stormrage,480,priest,holy,12,5,7
illidan,480,priest,holy,12,5,7
bleeding-hollow,480,priest,holy,12,5,7
thrall,480,priest,holy,12,5,7
kelthuzad,479,priest,holy,6,5,1
thrall,479,priest,holy,11,6,5
tichondrius,479,priest,holy,12,5,7
aegwynn,479,priest,holy,12,5,7
azralon,479,priest,holy,18,5,13
bleeding-hollow,447,priest,holy,11,5,6
bleeding-hollow,400,priest,holy,7,5,2
malganis,384,priest,holy,6,4,2
exodar,384,priest,holy,6,4,2
zuljin,384,priest,holy,6,4,2
quelthalas,384,priest,holy,6,4,2
frostmourne,384,priest,holy,6,4,2
spirestone,384,priest,holy,6,4,2
eitrigg,384,priest,holy,6,4,2
tichondrius,384,priest,holy,6,4,2
tichondrius,384,priest,holy,6,4,2
azralon,384,priest,holy,6,4,2
nerzhul,384,priest,holy,6,4,2
tichondrius,384,priest,holy,12,4,8
tichondrius,384,priest,holy,12,4,8
moon-guard,384,priest,holy,12,4,8
moon-guard,384,priest,holy,12,4,8
barthilas,384,priest,holy,24,4,20
wyrmrest-accord,383,priest,holy,12,4,8
dethecus,382,priest,holy,6,4,2
dathremar,381,priest,holy,12,4,8
tichondrius,367,priest,holy,11,4,7
agamaggan,336,priest,holy,15,4,11
illidan,335,priest,holy,11,4,7
lothar,335,priest,holy,17,4,13
area-52,319,priest,holy,5,4,1
tichondrius,319,priest,holy,20,4,16
sargeras,288,priest,holy,6,3,3
fenris,288,priest,holy,6,3,3
ragnaros,288,priest,holy,6,3,3
area-52,288,priest,holy,6,3,3
kargath,288,priest,holy,6,3,3
korgath,288,priest,holy,6,3,3
bladefist,288,priest,holy,6,3,3
area-52,288,priest,holy,6,3,3
emerald-dream,288,priest,holy,6,3,3
azralon,288,priest,holy,6,3,3
kiljaeden,288,priest,holy,6,3,3
the-forgotten-coast,288,priest,holy,6,3,3
tichondrius,288,priest,holy,6,3,3
arthas,288,priest,holy,6,3,3
moon-guard,288,priest,holy,6,3,3
proudmoore,288,priest,holy,6,3,3
thunderlord,288,priest,holy,6,3,3
blood-furnace,288,priest,holy,6,3,3
area-52,288,priest,holy,12,3,9
tichondrius,288,priest,holy,12,3,9
ragnaros,288,priest,holy,12,3,9
vashj,288,priest,holy,12,3,9
aerie-peak,288,priest,holy,12,3,9
suramar,288,priest,holy,18,3,15
ragnaros,287,priest,holy,6,3,3
area-52,239,priest,holy,5,3,2
kelthuzad,192,priest,holy,6,2,4
tichondrius,192,priest,holy,6,2,4
stormrage,192,priest,holy,6,2,4
aerie-peak,192,priest,holy,6,2,4
dalaran,192,priest,holy,6,2,4
sargeras,192,priest,holy,6,2,4
burning-blade,192,priest,holy,6,2,4
azralon,192,priest,holy,6,2,4
terokkar,192,priest,holy,6,2,4
malganis,192,priest,holy,6,2,4
kelthuzad,192,priest,holy,6,2,4
frostmourne,192,priest,holy,6,2,4
frostmourne,192,priest,holy,6,2,4
moon-guard,192,priest,holy,6,2,4
quelthalas,192,priest,holy,6,2,4
quelthalas,192,priest,holy,10,3,7
maiev,192,priest,holy,12,2,10
emerald-dream,192,priest,holy,12,2,10
frostmourne,192,priest,holy,12,2,10
frostmourne,159,priest,holy,5,2,3
darrowmere,127,priest,holy,8,2,6
stormrage,127,priest,holy,8,2,6
wyrmrest-accord,96,priest,holy,6,1,5
illidan,96,priest,holy,6,1,5
lightbringer,96,priest,holy,6,1,5
zuljin,96,priest,holy,6,1,5
illidan,96,priest,holy,6,1,5
barthilas,96,priest,holy,6,1,5
frostmourne,96,priest,holy,6,1,5
gilneas,96,priest,holy,6,1,5
barthilas,96,priest,holy,6,1,5
frostmourne,96,priest,holy,6,1,5
tichondrius,96,priest,holy,6,1,5
wyrmrest-accord,96,priest,holy,12,1,11
tichondrius,42,priest,holy,10,3,7
sargeras,2252,priest,discipline,97,56,41
nathrezim,2171,priest,discipline,90,47,43
illidan,2142,priest,discipline,114,64,50
illidan,2133,priest,discipline,78,46,32
tichondrius,2114,priest,discipline,87,45,42
madoran,2100,priest,discipline,102,52,50
tichondrius,2084,priest,discipline,70,41,29
dalaran,2059,priest,discipline,168,84,84
stonemaul,2042,priest,discipline,73,39,34
frostmourne,2029,priest,discipline,76,42,34
illidan,2013,priest,discipline,60,36,24
illidan,2003,priest,discipline,67,41,26
shattered-hand,1989,priest,discipline,96,51,45
tichondrius,1975,priest,discipline,60,33,27
area-52,1975,priest,discipline,78,42,36
area-52,1956,priest,discipline,43,32,11
sargeras,1947,priest,discipline,82,42,40
tichondrius,1940,priest,discipline,34,24,10
bleeding-hollow,1931,priest,discipline,90,49,41
area-52,1926,priest,discipline,59,40,19
area-52,1925,priest,discipline,60,41,19
zuljin,1924,priest,discipline,152,72,80
stormrage,1922,priest,discipline,94,43,51
sargeras,1911,priest,discipline,119,64,55
area-52,1908,priest,discipline,82,44,38
illidan,1907,priest,discipline,126,60,66
area-52,1905,priest,discipline,60,31,29
frostmourne,1905,priest,discipline,59,26,33
stormrage,1902,priest,discipline,60,35,25
illidan,1895,priest,discipline,59,27,32
malganis,1890,priest,discipline,48,21,27
sargeras,1883,priest,discipline,42,26,16
sargeras,1881,priest,discipline,78,43,35
moon-guard,1881,priest,discipline,47,21,26
tichondrius,1873,priest,discipline,42,24,18
sargeras,1871,priest,discipline,88,51,37
proudmoore,1870,priest,discipline,34,20,14
malganis,1870,priest,discipline,60,27,33
ragnaros,1865,priest,discipline,36,23,13
azralon,1863,priest,discipline,54,29,25
sargeras,1863,priest,discipline,97,49,48
frostwolf,1861,priest,discipline,54,25,29
frostmourne,1860,priest,discipline,73,40,33
moon-guard,1859,priest,discipline,53,31,22
malganis,1856,priest,discipline,82,45,37
frostmourne,1850,priest,discipline,48,26,22
tichondrius,1848,priest,discipline,59,29,30
tichondrius,1847,priest,discipline,54,29,25
tichondrius,1843,priest,discipline,54,24,30
frostmourne,1840,priest,discipline,65,30,35
dark-iron,1838,priest,discipline,40,20,20
hakkar,1838,priest,discipline,61,30,31
illidan,1836,priest,discipline,66,31,35
tichondrius,1836,priest,discipline,54,24,30
ragnaros,1835,priest,discipline,90,50,40
jubeithos,1835,priest,discipline,111,60,51
illidan,1834,priest,discipline,42,29,13
tichondrius,1827,priest,discipline,60,30,30
tichondrius,1827,priest,discipline,66,27,39
tichondrius,1825,priest,discipline,70,45,25
zuluhed,1825,priest,discipline,66,38,28
tichondrius,1825,priest,discipline,83,47,36
thunderlord,1825,priest,discipline,48,26,22
tichondrius,1825,priest,discipline,65,34,31
stormrage,1824,priest,discipline,48,28,20
tichondrius,1824,priest,discipline,72,31,41
area-52,1823,priest,discipline,124,67,57
frostmourne,1821,priest,discipline,54,28,26
area-52,1821,priest,discipline,68,32,36
ragnaros,1820,priest,discipline,71,44,27
tichondrius,1820,priest,discipline,60,31,29
kiljaeden,1820,priest,discipline,48,24,24
frostmourne,1819,priest,discipline,54,24,30
stormrage,1817,priest,discipline,50,32,18
zuljin,1816,priest,discipline,41,24,17
illidan,1815,priest,discipline,77,43,34
kelthuzad,1815,priest,discipline,54,30,24
quelthalas,1815,priest,discipline,164,81,83
moon-guard,1815,priest,discipline,48,22,26
illidan,1814,priest,discipline,96,50,46
tichondrius,1814,priest,discipline,127,51,76
firetree,1813,priest,discipline,54,33,21
stormrage,1812,priest,discipline,84,55,29
emerald-dream,1810,priest,discipline,72,40,32
proudmoore,1809,priest,discipline,54,37,17
sargeras,1809,priest,discipline,73,43,30
stormrage,1808,priest,discipline,48,24,24
tichondrius,1807,priest,discipline,54,32,22
frostmourne,1806,priest,discipline,75,46,29
moon-guard,1806,priest,discipline,58,35,23
nemesis,1806,priest,discipline,102,60,42
area-52,1806,priest,discipline,58,31,27
illidan,1805,priest,discipline,66,34,32
tichondrius,1805,priest,discipline,106,54,52
tichondrius,1804,priest,discipline,44,31,13
tichondrius,1804,priest,discipline,36,24,12
ragnaros,1804,priest,discipline,47,26,21
emerald-dream,1804,priest,discipline,73,35,38
dalaran,1804,priest,discipline,72,33,39
illidan,1802,priest,discipline,54,33,21
frostmourne,1802,priest,discipline,125,68,57
frostmourne,1796,priest,discipline,52,26,26
sargeras,1792,priest,discipline,138,68,70
sargeras,1790,priest,discipline,30,19,11
durotan,1788,priest,discipline,78,35,43
tichondrius,1787,priest,discipline,36,22,14
bleeding-hollow,1786,priest,discipline,41,20,21
darkspear,1786,priest,discipline,60,27,33
quelthalas,1784,priest,discipline,60,29,31
zuljin,1780,priest,discipline,112,53,59
illidan,1776,priest,discipline,98,49,49
zuljin,1768,priest,discipline,148,79,69
stormrage,1767,priest,discipline,59,33,26
tichondrius,1766,priest,discipline,49,23,26
tichondrius,1765,priest,discipline,66,32,34
kelthuzad,1765,priest,discipline,59,27,32
tichondrius,1765,priest,discipline,75,32,43
tichondrius,1763,priest,discipline,59,27,32
illidan,1761,priest,discipline,48,26,22
moon-guard,1760,priest,discipline,47,27,20
tichondrius,1757,priest,discipline,96,56,40
mannoroth,1755,priest,discipline,124,57,67
aggramar,1754,priest,discipline,60,27,33
tichondrius,1752,priest,discipline,73,29,44
tichondrius,1751,priest,discipline,54,23,31
stormrage,1750,priest,discipline,42,26,16
sargeras,1750,priest,discipline,66,30,36
tichondrius,1747,priest,discipline,90,48,42
zuljin,1747,priest,discipline,96,46,50
illidan,1745,priest,discipline,42,22,20
illidan,1744,priest,discipline,49,28,21
tichondrius,1743,priest,discipline,46,22,24
tichondrius,1743,priest,discipline,44,19,25
rivendare,1742,priest,discipline,94,42,52
stormrage,1739,priest,discipline,71,30,41
stormrage,1736,priest,discipline,109,56,53
tichondrius,1734,priest,discipline,42,22,20
dalvengyr,1728,priest,discipline,72,41,31
malganis,1728,priest,discipline,107,55,52
barthilas,1727,priest,discipline,66,36,30
mannoroth,1727,priest,discipline,66,31,35
spinebreaker,1722,priest,discipline,30,21,9
sargeras,1721,priest,discipline,95,56,39
dalaran,1719,priest,discipline,42,26,16
illidan,1719,priest,discipline,78,45,33
frostmourne,1718,priest,discipline,66,42,24
emerald-dream,1717,priest,discipline,155,85,70
tichondrius,1716,priest,discipline,74,53,21
tichondrius,1715,priest,discipline,24,18,6
tichondrius,1715,priest,discipline,54,25,29
hydraxis,1714,priest,discipline,47,27,20
kelthuzad,1713,priest,discipline,47,27,20
malygos,1713,priest,discipline,54,28,26
tichondrius,1713,priest,discipline,103,53,50
malganis,1713,priest,discipline,42,18,24
illidan,1709,priest,discipline,67,36,31
moon-guard,1709,priest,discipline,60,29,31
moon-guard,1709,priest,discipline,59,25,34
area-52,1708,priest,discipline,48,23,25
nerzhul,1708,priest,discipline,65,29,36
tichondrius,1708,priest,discipline,60,24,36
stormreaver,1705,priest,discipline,95,51,44
tichondrius,1703,priest,discipline,38,23,15
tichondrius,1703,priest,discipline,84,40,44
proudmoore,1702,priest,discipline,121,64,57
saurfang,1702,priest,discipline,72,36,36
emerald-dream,1700,priest,discipline,48,28,20
illidan,1697,priest,discipline,49,29,20
illidan,1693,priest,discipline,36,20,16
barthilas,1692,priest,discipline,30,18,12
illidan,1692,priest,discipline,84,46,38
stormrage,1691,priest,discipline,71,32,39
tichondrius,1690,priest,discipline,53,25,28
illidan,1689,priest,discipline,31,18,13
malorne,1689,priest,discipline,90,41,49
emerald-dream,1688,priest,discipline,60,31,29
sargeras,1687,priest,discipline,51,25,26
tichondrius,1685,priest,discipline,53,26,27
kiljaeden,1684,priest,discipline,48,24,24
nerzhul,1683,priest,discipline,36,23,13
tichondrius,1677,priest,discipline,59,27,32
tichondrius,1676,priest,discipline,42,23,19
sargeras,1676,priest,discipline,59,30,29
tichondrius,1676,priest,discipline,47,19,28
frostmourne,1675,priest,discipline,96,41,55
tichondrius,1672,priest,discipline,36,25,11
tichondrius,1668,priest,discipline,36,23,13
gorgonnash,1667,priest,discipline,174,100,74
sargeras,1667,priest,discipline,36,19,17
chogall,1663,priest,discipline,67,26,41
kelthuzad,1662,priest,discipline,95,51,44
tichondrius,1659,priest,discipline,101,46,55
bloodhoof,1655,priest,discipline,83,39,44
tichondrius,1655,priest,discipline,54,22,32
stormrage,1654,priest,discipline,68,36,32
garona,1653,priest,discipline,36,21,15
emerald-dream,1649,priest,discipline,48,25,23
frostmourne,1649,priest,discipline,72,33,39
area-52,1648,priest,discipline,47,22,25
tichondrius,1647,priest,discipline,56,27,29
gorefiend,1646,priest,discipline,94,48,46
area-52,1646,priest,discipline,53,27,26
tichondrius,1645,priest,discipline,65,41,24
frostmourne,1645,priest,discipline,48,22,26
quelthalas,1643,priest,discipline,54,33,21
barthilas,1638,priest,discipline,75,49,26
the-underbog,1637,priest,discipline,25,18,7
tichondrius,1635,priest,discipline,43,27,16
tichondrius,1634,priest,discipline,36,20,16
stormrage,1626,priest,discipline,27,18,9
stormrage,1626,priest,discipline,48,25,23
sargeras,1624,priest,discipline,52,30,22
boulderfist,1623,priest,discipline,75,36,39
ragnaros,1621,priest,discipline,30,17,13
hyjal,1621,priest,discipline,54,29,25
bleeding-hollow,1620,priest,discipline,148,73,75
tichondrius,1619,priest,discipline,35,20,15
tichondrius,1619,priest,discipline,60,30,30
tichondrius,1619,priest,discipline,36,17,19
quelthalas,1618,priest,discipline,36,19,17
thrall,1618,priest,discipline,71,37,34
tichondrius,1617,priest,discipline,45,25,20
sargeras,1615,priest,discipline,60,37,23
tichondrius,1615,priest,discipline,36,17,19
kelthuzad,1615,priest,discipline,41,18,23
misha,1614,priest,discipline,42,24,18
shadowmoon,1613,priest,discipline,36,20,16
dark-iron,1613,priest,discipline,150,72,78
tichondrius,1612,priest,discipline,30,17,13
nemesis,1611,priest,discipline,36,23,13
ysera,1610,priest,discipline,58,31,27
proudmoore,1610,priest,discipline,131,64,67
bleeding-hollow,1610,priest,discipline,48,21,27
sargeras,1609,priest,discipline,24,20,4
azralon,1608,priest,discipline,54,34,20
tichondrius,1608,priest,discipline,111,62,49
zuljin,1607,priest,discipline,36,20,16
tichondrius,1607,priest,discipline,48,26,22
proudmoore,1607,priest,discipline,42,21,21
tichondrius,1605,priest,discipline,45,27,18
illidan,1604,priest,discipline,47,24,23
sargeras,1603,priest,discipline,30,22,8
kilrogg,1603,priest,discipline,42,22,20
nemesis,1602,priest,discipline,50,34,16
stormrage,1602,priest,discipline,36,20,16
frostmourne,1602,priest,discipline,66,27,39
area-52,1600,priest,discipline,36,17,19
tichondrius,1599,priest,discipline,36,21,15
bleeding-hollow,1598,priest,discipline,28,18,10
area-52,1598,priest,discipline,54,31,23
zuljin,1597,priest,discipline,42,26,16
korgath,1596,priest,discipline,35,21,14
stormrage,1595,priest,discipline,48,20,28
tichondrius,1594,priest,discipline,70,42,28
ragnaros,1594,priest,discipline,42,22,20
archimonde,1592,priest,discipline,42,20,22
quelthalas,1588,priest,discipline,46,22,24
tichondrius,1587,priest,discipline,40,18,22
bleeding-hollow,1584,priest,discipline,72,30,42
tichondrius,1580,priest,discipline,35,19,16
nagrand,1579,priest,discipline,30,17,13
azralon,1578,priest,discipline,53,21,32
drakkari,1576,priest,discipline,64,34,30
akama,1573,priest,discipline,36,22,14
frostmourne,1572,priest,discipline,38,20,18
sargeras,1571,priest,discipline,36,18,18
stormrage,1571,priest,discipline,66,32,34
ragnaros,1569,priest,discipline,74,40,34
frostmourne,1568,priest,discipline,80,38,42
tichondrius,1568,priest,discipline,121,52,69
ragnaros,1568,priest,discipline,82,35,47
tichondrius,1564,priest,discipline,131,66,65
sargeras,1564,priest,discipline,105,43,62
blades-edge,1562,priest,discipline,154,72,82
andorhal,1559,priest,discipline,35,17,18
bleeding-hollow,1557,priest,discipline,105,50,55
tichondrius,1556,priest,discipline,102,55,47
sargeras,1553,priest,discipline,42,22,20
tichondrius,1553,priest,discipline,46,19,27
whisperwind,1552,priest,discipline,48,22,26
sargeras,1551,priest,discipline,36,22,14
azralon,1551,priest,discipline,90,46,44
moon-guard,1550,priest,discipline,48,29,19
malganis,1549,priest,discipline,80,39,41
stormrage,1547,priest,discipline,70,35,35
tichondrius,1546,priest,discipline,161,82,79
stormrage,1541,priest,discipline,56,30,26
illidan,1535,priest,discipline,30,16,14
sargeras,1534,priest,discipline,30,16,14
ragnaros,1533,priest,discipline,30,16,14
silvermoon,1531,priest,discipline,72,35,37
moon-guard,1531,priest,discipline,46,19,27
tichondrius,1530,priest,discipline,36,20,16
bleeding-hollow,1528,priest,discipline,30,16,14
moon-guard,1528,priest,discipline,77,39,38
tichondrius,1528,priest,discipline,36,16,20
stormrage,1527,priest,discipline,39,18,21
tichondrius,1526,priest,discipline,101,51,50
emerald-dream,1524,priest,discipline,42,24,18
emerald-dream,1523,priest,discipline,55,30,25
illidan,1523,priest,discipline,48,22,26
thrall,1522,priest,discipline,90,39,51
area-52,1521,priest,discipline,34,17,17
ragnaros,1520,priest,discipline,114,59,55
area-52,1519,priest,discipline,78,44,34
tichondrius,1519,priest,discipline,77,29,48
skullcrusher,1519,priest,discipline,53,19,34
shadowmoon,1518,priest,discipline,41,22,19
frostmourne,1517,priest,discipline,36,19,17
illidan,1517,priest,discipline,38,18,20
illidan,1514,priest,discipline,84,45,39
tichondrius,1513,priest,discipline,64,32,32
frostmourne,1512,priest,discipline,66,34,32
kelthuzad,1505,priest,discipline,59,26,33
frostmourne,1503,priest,discipline,41,18,23
thrall,1502,priest,discipline,34,17,17
tichondrius,1501,priest,discipline,50,29,21
tichondrius,1501,priest,discipline,78,37,41
barthilas,1500,priest,discipline,54,35,19
ragnaros,1495,priest,discipline,25,18,7
illidan,1493,priest,discipline,24,19,5
kiljaeden,1493,priest,discipline,54,22,32
malganis,1491,priest,discipline,66,24,42
laughing-skull,1489,priest,discipline,23,16,7
haomarush,1488,priest,discipline,36,23,13
draenor,1486,priest,discipline,39,24,15
alterac-mountains,1485,priest,discipline,44,25,19
stormrage,1484,priest,discipline,30,16,14
zuljin,1483,priest,discipline,42,21,21
tichondrius,1483,priest,discipline,53,25,28
kelthuzad,1482,priest,discipline,42,21,21
moon-guard,1474,priest,discipline,89,45,44
tichondrius,1471,priest,discipline,35,17,18
area-52,1471,priest,discipline,34,16,18
tichondrius,1470,priest,discipline,42,20,22
quelthalas,1469,priest,discipline,48,30,18
proudmoore,1467,priest,discipline,54,30,24
thrall,1467,priest,discipline,30,16,14
malganis,1466,priest,discipline,30,16,14
tichondrius,1465,priest,discipline,47,21,26
stormrage,1463,priest,discipline,24,18,6
stormrage,1463,priest,discipline,66,35,31
area-52,1461,priest,discipline,36,22,14
bleeding-hollow,1460,priest,discipline,36,17,19
deathwing,1459,priest,discipline,63,45,18
mugthol,1458,priest,discipline,28,17,11
tichondrius,1458,priest,discipline,93,40,53
tichondrius,1456,priest,discipline,150,84,66
frostmourne,1455,priest,discipline,41,19,22
illidan,1454,priest,discipline,39,17,22
boulderfist,1453,priest,discipline,67,29,38
mugthol,1452,priest,discipline,72,38,34
misha,1452,priest,discipline,47,21,26
hyjal,1449,priest,discipline,73,38,35
azralon,1447,priest,discipline,96,50,46
laughing-skull,1440,priest,discipline,86,44,42
ragnaros,1439,priest,discipline,73,38,35
malganis,1438,priest,discipline,18,15,3
tichondrius,1438,priest,discipline,24,15,9
azralon,1438,priest,discipline,71,37,34
blackrock,1437,priest,discipline,24,15,9
tichondrius,1437,priest,discipline,44,22,22
zuljin,1435,priest,discipline,66,36,30
wyrmrest-accord,1435,priest,discipline,30,15,15
kelthuzad,1434,priest,discipline,33,16,17
azralon,1433,priest,discipline,48,30,18
bleeding-hollow,1433,priest,discipline,36,15,21
illidan,1432,priest,discipline,60,40,20
moon-guard,1431,priest,discipline,36,15,21
bleeding-hollow,1430,priest,discipline,24,15,9
nemesis,1430,priest,discipline,44,27,17
stormrage,1429,priest,discipline,24,15,9
frostmourne,1429,priest,discipline,34,16,18
tichondrius,1427,priest,discipline,48,26,22
moon-guard,1425,priest,discipline,107,57,50
dalaran,1424,priest,discipline,24,15,9
arthas,1424,priest,discipline,24,15,9
tichondrius,1422,priest,discipline,48,25,23
area-52,1420,priest,discipline,42,23,19
quelthalas,1420,priest,discipline,49,26,23
sargeras,1420,priest,discipline,48,19,29
frostmourne,1419,priest,discipline,59,33,26
stormrage,1419,priest,discipline,48,26,22
stormrage,1419,priest,discipline,30,15,15
illidan,1418,priest,discipline,41,17,24
emerald-dream,1416,priest,discipline,30,15,15
tichondrius,1415,priest,discipline,46,28,18
magtheridon,1412,priest,discipline,24,15,9
ysera,1409,priest,discipline,36,15,21
frostmourne,1408,priest,discipline,62,33,29
ragnaros,1406,priest,discipline,72,32,40
malganis,1406,priest,discipline,87,38,49
the-underbog,1404,priest,discipline,60,37,23
kiljaeden,1400,priest,discipline,58,29,29
illidan,1399,priest,discipline,37,17,20
tichondrius,1392,priest,discipline,35,21,14
dathremar,1388,priest,discipline,27,15,12
sargeras,1387,priest,discipline,42,17,25
quelthalas,1377,priest,discipline,30,16,14
drakkari,1374,priest,discipline,36,22,14
tichondrius,1372,priest,discipline,29,15,14
ragnaros,1372,priest,discipline,93,43,50
elune,1371,priest,discipline,90,56,34
daggerspine,1371,priest,discipline,53,15,38
gundrak,1367,priest,discipline,44,22,22
stormrage,1365,priest,discipline,76,44,32
dragonmaw,1364,priest,discipline,62,35,27
stormrage,1358,priest,discipline,19,15,4
lightnings-blade,1351,priest,discipline,59,34,25
stormrage,1348,priest,discipline,156,68,88
dalaran,1347,priest,discipline,36,18,18
tichondrius,1345,priest,discipline,35,16,19
sargeras,1343,priest,discipline,21,15,6
tichondrius,1343,priest,discipline,72,35,37
thaurissan,1342,priest,discipline,42,27,15
frostmourne,1342,priest,discipline,24,14,10
moon-guard,1341,priest,discipline,24,14,10
chogall,1341,priest,discipline,78,40,38
ragnaros,1341,priest,discipline,30,15,15
nemesis,1340,priest,discipline,24,14,10
antonidas,1340,priest,discipline,30,14,16
whisperwind,1339,priest,discipline,24,14,10
muradin,1339,priest,discipline,48,25,23
tichondrius,1339,priest,discipline,30,14,16
agamaggan,1336,priest,discipline,24,14,10
tichondrius,1335,priest,discipline,24,14,10
stormreaver,1333,priest,discipline,18,14,4
illidan,1333,priest,discipline,54,24,30
barthilas,1331,priest,discipline,30,14,16
kelthuzad,1331,priest,discipline,30,14,16
agamaggan,1330,priest,discipline,30,14,16
illidan,1329,priest,discipline,71,42,29
blackwing-lair,1328,priest,discipline,30,16,14
gurubashi,1327,priest,discipline,84,50,34
tichondrius,1327,priest,discipline,53,26,27
tichondrius,1326,priest,discipline,24,14,10
gurubashi,1326,priest,discipline,94,45,49
frostmourne,1325,priest,discipline,18,14,4
dalaran,1323,priest,discipline,36,15,21
tichondrius,1322,priest,discipline,30,14,16
moon-guard,1319,priest,discipline,65,35,30
moon-guard,1319,priest,discipline,30,14,16
sargeras,1316,priest,discipline,66,40,26
stormrage,1316,priest,discipline,30,14,16
icecrown,1311,priest,discipline,28,15,13
bleeding-hollow,1310,priest,discipline,91,48,43
altar-of-storms,1309,priest,discipline,54,22,32
laughing-skull,1307,priest,discipline,35,22,13
moon-guard,1304,priest,discipline,60,32,28
thrall,1304,priest,discipline,42,17,25
illidan,1303,priest,discipline,23,14,9
sargeras,1301,priest,discipline,30,19,11
tichondrius,1297,priest,discipline,37,21,16
ragnaros,1296,priest,discipline,66,36,30
ragnaros,1294,priest,discipline,24,14,10
dragonmaw,1294,priest,discipline,36,16,20
shadowsong,1290,priest,discipline,76,37,39
stormrage,1290,priest,discipline,35,14,21
bleeding-hollow,1286,priest,discipline,24,15,9
stormrage,1286,priest,discipline,133,72,61
aerie-peak,1284,priest,discipline,30,17,13
stormscale,1284,priest,discipline,76,35,41
kelthuzad,1282,priest,discipline,30,20,10
stormrage,1280,priest,discipline,119,60,59
tichondrius,1279,priest,discipline,61,30,31
stormrage,1279,priest,discipline,45,15,30
bleeding-hollow,1278,priest,discipline,17,14,3
skywall,1275,priest,discipline,26,17,9
darkspear,1275,priest,discipline,42,24,18
stormrage,1275,priest,discipline,84,38,46
frostmourne,1273,priest,discipline,33,14,19
illidan,1272,priest,discipline,21,15,6
moon-guard,1265,priest,discipline,41,23,18
blood-furnace,1264,priest,discipline,66,32,34
frostmourne,1262,priest,discipline,30,15,15
jubeithos,1260,priest,discipline,30,16,14
stormrage,1259,priest,discipline,31,15,16
tichondrius,1258,priest,discipline,87,37,50
nemesis,1257,priest,discipline,64,30,34
ysera,1256,priest,discipline,30,15,15
blood-furnace,1247,priest,discipline,24,13,11
korialstrasz,1247,priest,discipline,34,13,21
frostmourne,1246,priest,discipline,24,13,11
laughing-skull,1246,priest,discipline,30,13,17
sargeras,1245,priest,discipline,18,13,5
tichondrius,1245,priest,discipline,24,13,11
tichondrius,1244,priest,discipline,24,13,11
wildhammer,1244,priest,discipline,24,13,11
quelthalas,1243,priest,discipline,36,13,23
frostmourne,1242,priest,discipline,54,26,28
area-52,1241,priest,discipline,18,13,5
barthilas,1241,priest,discipline,30,21,9
kelthuzad,1241,priest,discipline,24,13,11
frostmourne,1239,priest,discipline,30,13,17
area-52,1238,priest,discipline,24,13,11
skywall,1234,priest,discipline,36,21,15
azralon,1231,priest,discipline,25,15,10
sargeras,1231,priest,discipline,23,13,10
shadowsong,1231,priest,discipline,53,25,28
bleeding-hollow,1231,priest,discipline,36,13,23
frostmourne,1230,priest,discipline,42,25,17
area-52,1229,priest,discipline,42,24,18
kelthuzad,1226,priest,discipline,26,13,13
area-52,1226,priest,discipline,48,18,30
hakkar,1225,priest,discipline,24,13,11
ragnaros,1224,priest,discipline,24,13,11
quelthalas,1222,priest,discipline,66,27,39
bleeding-hollow,1220,priest,discipline,44,20,24
bleeding-hollow,1216,priest,discipline,42,19,23
gurubashi,1215,priest,discipline,21,14,7
sargeras,1214,priest,discipline,34,19,15
wyrmrest-accord,1209,priest,discipline,63,30,33
sargeras,1209,priest,discipline,36,13,23
frostmourne,1208,priest,discipline,75,37,38
doomhammer,1207,priest,discipline,84,43,41
emerald-dream,1206,priest,discipline,18,13,5
frostmourne,1206,priest,discipline,26,14,12
azralon,1206,priest,discipline,66,29,37
illidan,1201,priest,discipline,30,18,12
destromath,1200,priest,discipline,48,24,24
area-52,1194,priest,discipline,56,30,26
barthilas,1184,priest,discipline,21,14,7
moon-guard,1175,priest,discipline,29,14,15
anvilmar,1174,priest,discipline,36,20,16
gilneas,1172,priest,discipline,36,18,18
tichondrius,1167,priest,discipline,17,13,4
illidan,1159,priest,discipline,24,14,10
moon-guard,1158,priest,discipline,30,13,17
azralon,1152,priest,discipline,18,12,6
tichondrius,1152,priest,discipline,18,12,6
kelthuzad,1152,priest,discipline,24,12,12
illidan,1152,priest,discipline,30,12,18
malganis,1151,priest,discipline,18,12,6
arthas,1151,priest,discipline,18,12,6
tichondrius,1151,priest,discipline,18,12,6
deathwing,1151,priest,discipline,20,12,8
tichondrius,1151,priest,discipline,24,12,12
malygos,1151,priest,discipline,24,12,12
sargeras,1151,priest,discipline,24,12,12
emerald-dream,1151,priest,discipline,24,12,12
tichondrius,1151,priest,discipline,24,12,12
tichondrius,1151,priest,discipline,30,12,18
tichondrius,1151,priest,discipline,30,12,18
illidan,1151,priest,discipline,30,12,18
illidan,1150,priest,discipline,12,12,0
dreadmaul,1150,priest,discipline,18,12,6
tichondrius,1150,priest,discipline,24,12,12
ragnaros,1150,priest,discipline,30,12,18
tichondrius,1149,priest,discipline,18,12,6
moonrunner,1149,priest,discipline,18,12,6
tichondrius,1149,priest,discipline,24,12,12
moon-guard,1148,priest,discipline,39,19,20
area-52,1147,priest,discipline,18,12,6
tichondrius,1147,priest,discipline,45,28,17
thrall,1147,priest,discipline,24,12,12
area-52,1147,priest,discipline,24,12,12
destromath,1147,priest,discipline,24,12,12
kiljaeden,1147,priest,discipline,30,12,18
bleeding-hollow,1147,priest,discipline,36,14,22
garrosh,1146,priest,discipline,12,12,0
tichondrius,1146,priest,discipline,18,12,6
zuljin,1146,priest,discipline,24,12,12
stormrage,1146,priest,discipline,24,12,12
frostmourne,1146,priest,discipline,36,12,24
tichondrius,1143,priest,discipline,23,13,10
moon-guard,1143,priest,discipline,24,12,12
moon-guard,1142,priest,discipline,24,12,12
area-52,1142,priest,discipline,24,12,12
bleeding-hollow,1142,priest,discipline,36,12,24
hyjal,1140,priest,discipline,18,15,3
darkspear,1139,priest,discipline,18,12,6
burning-legion,1137,priest,discipline,26,12,14
alleria,1136,priest,discipline,18,12,6
kelthuzad,1134,priest,discipline,29,12,17
illidan,1131,priest,discipline,48,22,26
thrall,1129,priest,discipline,30,12,18
greymane,1128,priest,discipline,24,12,12
warsong,1127,priest,discipline,30,12,18
emerald-dream,1126,priest,discipline,36,19,17
tichondrius,1124,priest,discipline,24,12,12
ragnaros,1121,priest,discipline,30,12,18
tichondrius,1120,priest,discipline,46,26,20
area-52,1117,priest,discipline,23,12,11
sargeras,1115,priest,discipline,22,13,9
stormrage,1115,priest,discipline,24,12,12
aegwynn,1114,priest,discipline,24,12,12
tichondrius,1109,priest,discipline,24,13,11
kelthuzad,1100,priest,discipline,30,12,18
quelthalas,1098,priest,discipline,35,12,23
quelthalas,1096,priest,discipline,23,12,11
kelthuzad,1095,priest,discipline,27,13,14
nemesis,1094,priest,discipline,24,13,11
area-52,1089,priest,discipline,27,13,14
balnazzar,1080,priest,discipline,24,15,9
sargeras,1078,priest,discipline,22,12,10
dunemaul,1078,priest,discipline,26,13,13
zuljin,1068,priest,discipline,39,20,19
proudmoore,1065,priest,discipline,25,12,13
tichondrius,1056,priest,discipline,18,11,7
tichondrius,1056,priest,discipline,30,11,19
ragnaros,1055,priest,discipline,18,11,7
illidan,1055,priest,discipline,18,11,7
tichondrius,1055,priest,discipline,24,11,13
twisting-nether,1055,priest,discipline,36,11,25
malganis,1054,priest,discipline,16,12,4
lightbringer,1054,priest,discipline,18,11,7
kelthuzad,1054,priest,discipline,24,11,13
sargeras,1054,priest,discipline,24,11,13
thrall,1053,priest,discipline,24,11,13
boulderfist,1052,priest,discipline,18,11,7
tichondrius,1051,priest,discipline,24,11,13
azralon,1051,priest,discipline,70,29,41
darkspear,1050,priest,discipline,24,11,13
tichondrius,1050,priest,discipline,30,11,19
illidan,1049,priest,discipline,24,11,13
stormrage,1049,priest,discipline,24,11,13
the-forgotten-coast,1048,priest,discipline,18,11,7
kelthuzad,1048,priest,discipline,24,11,13
dalaran,1047,priest,discipline,18,11,7
tichondrius,1044,priest,discipline,36,15,21
sargeras,1044,priest,discipline,33,11,22
area-52,1043,priest,discipline,18,11,7
stormrage,1043,priest,discipline,24,11,13
stormrage,1038,priest,discipline,26,11,15
queldorei,1035,priest,discipline,18,11,7
stormrage,1034,priest,discipline,16,12,4
moon-guard,1034,priest,discipline,24,16,8
azralon,1034,priest,discipline,22,12,10
tichondrius,1032,priest,discipline,24,11,13
tichondrius,1031,priest,discipline,18,11,7
stormrage,1025,priest,discipline,18,11,7
nemesis,1023,priest,discipline,28,17,11
uldaman,1019,priest,discipline,24,11,13
chogall,1016,priest,discipline,46,20,26
stormrage,1015,priest,discipline,23,11,12
blackwing-lair,1010,priest,discipline,32,13,19
illidan,1008,priest,discipline,39,19,20
illidan,1006,priest,discipline,23,11,12
tichondrius,1005,priest,discipline,28,12,16
thrall,1003,priest,discipline,20,12,8
area-52,1002,priest,discipline,30,11,19
wildhammer,1001,priest,discipline,21,11,10
ragnaros,1001,priest,discipline,21,11,10
quelthalas,1001,priest,discipline,29,11,18
tanaris,999,priest,discipline,15,12,3
demon-soul,999,priest,discipline,27,12,15
stormrage,994,priest,discipline,18,12,6
tichondrius,977,priest,discipline,26,16,10
wyrmrest-accord,972,priest,discipline,53,25,28
sargeras,969,priest,discipline,31,12,19
tichondrius,960,priest,discipline,12,10,2
perenolde,960,priest,discipline,12,10,2
arthas,960,priest,discipline,12,10,2
gorefiend,960,priest,discipline,18,10,8
illidan,960,priest,discipline,18,10,8
spirestone,960,priest,discipline,18,10,8
tichondrius,960,priest,discipline,18,10,8
ragnaros,960,priest,discipline,18,10,8
tichondrius,960,priest,discipline,18,10,8
chogall,960,priest,discipline,18,10,8
vashj,960,priest,discipline,24,10,14
the-underbog,960,priest,discipline,24,10,14
illidan,960,priest,discipline,24,10,14
tichondrius,960,priest,discipline,24,10,14
tichondrius,960,priest,discipline,30,10,20
icecrown,959,priest,discipline,18,10,8
azralon,959,priest,discipline,24,10,14
tichondrius,959,priest,discipline,24,10,14
area-52,958,priest,discipline,12,10,2
area-52,958,priest,discipline,18,10,8
tichondrius,958,priest,discipline,18,10,8
eonar,958,priest,discipline,18,10,8
tichondrius,958,priest,discipline,24,10,14
grizzly-hills,958,priest,discipline,24,10,14
tichondrius,957,priest,discipline,18,10,8
sargeras,957,priest,discipline,18,10,8
frostmourne,956,priest,discipline,18,10,8
arathor,956,priest,discipline,18,10,8
wyrmrest-accord,956,priest,discipline,24,10,14
illidan,955,priest,discipline,18,10,8
dalaran,954,priest,discipline,18,10,8
bleeding-hollow,954,priest,discipline,28,12,16
malganis,952,priest,discipline,18,10,8
frostmourne,951,priest,discipline,24,10,14
zuluhed,949,priest,discipline,12,10,2
tichondrius,949,priest,discipline,33,15,18
nagrand,948,priest,discipline,24,10,14
tichondrius,947,priest,discipline,48,12,36
kelthuzad,946,priest,discipline,24,11,13
proudmoore,943,priest,discipline,23,10,13
maelstrom,939,priest,discipline,41,22,19
illidan,938,priest,discipline,29,12,17
frostmane,931,priest,discipline,23,10,13
tichondrius,919,priest,discipline,16,11,5
korgath,903,priest,discipline,40,19,21
tichondrius,895,priest,discipline,14,10,4
moon-guard,894,priest,discipline,28,12,16
area-52,864,priest,discipline,12,9,3
bleeding-hollow,864,priest,discipline,12,9,3
thunderlord,864,priest,discipline,12,9,3
wyrmrest-accord,864,priest,discipline,18,9,9
lightnings-blade,864,priest,discipline,18,9,9
suramar,864,priest,discipline,18,9,9
tichondrius,864,priest,discipline,18,9,9
arathor,864,priest,discipline,18,9,9
area-52,864,priest,discipline,24,9,15
destromath,864,priest,discipline,36,9,27
tichondrius,863,priest,discipline,12,9,3
emerald-dream,863,priest,discipline,12,9,3
quelthalas,863,priest,discipline,12,9,3
illidan,863,priest,discipline,12,9,3
tichondrius,863,priest,discipline,12,9,3
tichondrius,863,priest,discipline,18,9,9
dalaran,863,priest,discipline,18,9,9
tichondrius,863,priest,discipline,18,9,9
frostmourne,863,priest,discipline,18,9,9
bleeding-hollow,863,priest,discipline,18,9,9
wyrmrest-accord,863,priest,discipline,18,9,9
firetree,863,priest,discipline,18,9,9
emerald-dream,863,priest,discipline,18,9,9
sargeras,862,priest,discipline,12,9,3
area-52,862,priest,discipline,12,9,3
tichondrius,862,priest,discipline,18,9,9
terokkar,862,priest,discipline,18,9,9
quelthalas,862,priest,discipline,18,9,9
magtheridon,862,priest,discipline,24,9,15
illidan,860,priest,discipline,18,9,9
laughing-skull,860,priest,discipline,24,9,15
ragnaros,860,priest,discipline,27,10,17
tichondrius,859,priest,discipline,18,9,9
tichondrius,859,priest,discipline,18,9,9
frostmourne,859,priest,discipline,18,9,9
emerald-dream,859,priest,discipline,24,9,15
greymane,859,priest,discipline,24,9,15
bleeding-hollow,859,priest,discipline,24,9,15
frostmourne,858,priest,discipline,18,9,9
area-52,857,priest,discipline,14,10,4
stormrage,857,priest,discipline,21,10,11
bleeding-hollow,852,priest,discipline,12,9,3
bleeding-hollow,851,priest,discipline,26,13,13
tichondrius,851,priest,discipline,38,13,25
alleria,846,priest,discipline,12,9,3
illidan,841,priest,discipline,30,9,21
tichondrius,832,priest,discipline,28,9,19
moon-guard,831,priest,discipline,16,10,6
malfurion,827,priest,discipline,17,9,8
bleeding-hollow,813,priest,discipline,17,9,8
tichondrius,799,priest,discipline,28,9,19
burning-legion,796,priest,discipline,16,9,7
nagrand,793,priest,discipline,20,10,10
sargeras,775,priest,discipline,24,12,12
area-52,768,priest,discipline,12,8,4
tichondrius,768,priest,discipline,12,8,4
emerald-dream,768,priest,discipline,12,8,4
illidan,768,priest,discipline,12,8,4
stormrage,768,priest,discipline,12,8,4
malganis,768,priest,discipline,12,8,4
ragnaros,768,priest,discipline,12,8,4
sargeras,768,priest,discipline,12,8,4
zuljin,768,priest,discipline,12,8,4
zuljin,768,priest,discipline,12,8,4
zuljin,768,priest,discipline,12,8,4
thrall,768,priest,discipline,12,8,4
tichondrius,768,priest,discipline,12,8,4
area-52,768,priest,discipline,12,8,4
emerald-dream,768,priest,discipline,12,8,4
kiljaeden,768,priest,discipline,12,8,4
frostmourne,768,priest,discipline,12,8,4
stormrage,768,priest,discipline,12,8,4
kelthuzad,768,priest,discipline,12,8,4
bleeding-hollow,768,priest,discipline,12,8,4
tichondrius,768,priest,discipline,12,8,4
illidan,768,priest,discipline,12,8,4
sargeras,768,priest,discipline,16,9,7
tichondrius,768,priest,discipline,18,8,10
emerald-dream,768,priest,discipline,18,8,10
nemesis,768,priest,discipline,18,8,10
bleeding-hollow,768,priest,discipline,18,8,10
tichondrius,768,priest,discipline,18,8,10
tichondrius,768,priest,discipline,18,8,10
tichondrius,768,priest,discipline,18,8,10
vashj,768,priest,discipline,18,8,10
ragnaros,768,priest,discipline,24,8,16
zuluhed,768,priest,discipline,24,8,16
kelthuzad,768,priest,discipline,24,8,16
jubeithos,768,priest,discipline,24,8,16
area-52,767,priest,discipline,12,8,4
malganis,767,priest,discipline,12,8,4
dunemaul,767,priest,discipline,12,8,4
drakkari,767,priest,discipline,12,8,4
doomhammer,767,priest,discipline,12,8,4
area-52,767,priest,discipline,12,8,4
tichondrius,767,priest,discipline,12,8,4
khadgar,767,priest,discipline,12,8,4
tichondrius,767,priest,discipline,12,8,4
frostmourne,767,priest,discipline,12,8,4
lightbringer,767,priest,discipline,18,8,10
aegwynn,767,priest,discipline,18,8,10
dalaran,767,priest,discipline,18,8,10
illidan,767,priest,discipline,18,8,10
azralon,767,priest,discipline,24,8,16
emerald-dream,767,priest,discipline,24,8,16
azralon,766,priest,discipline,12,8,4
area-52,766,priest,discipline,12,8,4
area-52,766,priest,discipline,18,8,10
malganis,766,priest,discipline,18,8,10
tichondrius,765,priest,discipline,12,8,4
tichondrius,765,priest,discipline,12,8,4
stormrage,764,priest,discipline,12,8,4
drakkari,763,priest,discipline,12,8,4
bleeding-hollow,763,priest,discipline,12,8,4
kelthuzad,763,priest,discipline,12,8,4
barthilas,762,priest,discipline,18,8,10
whisperwind,761,priest,discipline,24,8,16
zuljin,759,priest,discipline,12,8,4
burning-blade,734,priest,discipline,16,8,8
ragnaros,734,priest,discipline,20,9,11
kirin-tor,729,priest,discipline,23,8,15
bloodscalp,719,priest,discipline,17,8,9
drakkari,703,priest,discipline,20,8,12
area-52,684,priest,discipline,17,9,8
frostmourne,672,priest,discipline,12,7,5
illidan,672,priest,discipline,12,7,5
dethecus,672,priest,discipline,12,7,5
barthilas,672,priest,discipline,12,7,5
tichondrius,672,priest,discipline,12,7,5
darkspear,672,priest,discipline,12,7,5
illidan,672,priest,discipline,12,7,5
moon-guard,672,priest,discipline,12,7,5
moon-guard,672,priest,discipline,12,7,5
skullcrusher,672,priest,discipline,12,7,5
tichondrius,672,priest,discipline,12,7,5
illidan,672,priest,discipline,12,7,5
blackrock,672,priest,discipline,12,7,5
bleeding-hollow,672,priest,discipline,12,7,5
sargeras,672,priest,discipline,12,7,5
illidan,672,priest,discipline,12,7,5
zuljin,672,priest,discipline,12,7,5
illidan,672,priest,discipline,12,7,5
warsong,672,priest,discipline,12,7,5
emerald-dream,672,priest,discipline,12,7,5
tichondrius,672,priest,discipline,12,7,5
sargeras,672,priest,discipline,12,7,5
stormrage,672,priest,discipline,12,7,5
stormrage,672,priest,discipline,12,7,5
sargeras,672,priest,discipline,12,7,5
sargeras,672,priest,discipline,12,7,5
tichondrius,672,priest,discipline,12,7,5
skywall,672,priest,discipline,12,7,5
tichondrius,672,priest,discipline,12,7,5
tichondrius,672,priest,discipline,12,7,5
nemesis,672,priest,discipline,15,7,8
tichondrius,672,priest,discipline,18,7,11
barthilas,672,priest,discipline,18,7,11
bleeding-hollow,672,priest,discipline,18,7,11
stormrage,672,priest,discipline,18,7,11
hydraxis,672,priest,discipline,18,7,11
tichondrius,672,priest,discipline,18,7,11
area-52,672,priest,discipline,18,7,11
ragnaros,672,priest,discipline,18,7,11
sargeras,672,priest,discipline,18,7,11
emerald-dream,672,priest,discipline,24,7,17
archimonde,672,priest,discipline,24,7,17
illidan,672,priest,discipline,24,7,17
area-52,671,priest,discipline,12,7,5
barthilas,671,priest,discipline,12,7,5
darkspear,671,priest,discipline,12,7,5
stormrage,671,priest,discipline,12,7,5
dalaran,671,priest,discipline,12,7,5
sargeras,671,priest,discipline,12,7,5
durotan,671,priest,discipline,12,7,5
quelthalas,671,priest,discipline,12,7,5
drakkari,671,priest,discipline,12,7,5
azgalor,671,priest,discipline,12,7,5
burning-blade,671,priest,discipline,12,7,5
barthilas,671,priest,discipline,12,7,5
tichondrius,671,priest,discipline,20,9,11
proudmoore,671,priest,discipline,18,7,11
bleeding-hollow,671,priest,discipline,18,7,11
dunemaul,671,priest,discipline,18,7,11
tichondrius,671,priest,discipline,18,7,11
tichondrius,671,priest,discipline,24,7,17
sargeras,671,priest,discipline,36,7,29
jubeithos,670,priest,discipline,12,7,5
frostmane,670,priest,discipline,12,7,5
turalyon,670,priest,discipline,12,7,5
maiev,670,priest,discipline,12,7,5
proudmoore,670,priest,discipline,12,7,5
lightbringer,670,priest,discipline,12,7,5
tichondrius,670,priest,discipline,12,7,5
stormrage,670,priest,discipline,12,7,5
emerald-dream,670,priest,discipline,15,8,7
dragonblight,669,priest,discipline,18,7,11
arygos,668,priest,discipline,12,7,5
tichondrius,665,priest,discipline,12,7,5
sargeras,664,priest,discipline,18,7,11
alleria,663,priest,discipline,12,7,5
stormrage,655,priest,discipline,12,8,4
sargeras,655,priest,discipline,17,7,10
area-52,639,priest,discipline,10,8,2
eredar,639,priest,discipline,11,7,4
tichondrius,639,priest,discipline,17,7,10
ghostlands,638,priest,discipline,24,7,17
dreadmaul,623,priest,discipline,11,7,4
frostmourne,623,priest,discipline,15,7,8
quelthalas,608,priest,discipline,16,7,9
sargeras,607,priest,discipline,11,7,4
stormrage,607,priest,discipline,11,7,4
dark-iron,607,priest,discipline,26,7,19
aegwynn,605,priest,discipline,14,7,7
tichondrius,576,priest,discipline,6,6,0
tichondrius,576,priest,discipline,6,6,0
tichondrius,576,priest,discipline,6,6,0
dalaran,576,priest,discipline,6,6,0
dalaran,576,priest,discipline,6,6,0
tichondrius,576,priest,discipline,6,6,0
malygos,576,priest,discipline,6,6,0
illidan,576,priest,discipline,6,6,0
kelthuzad,576,priest,discipline,12,6,6
frostmourne,576,priest,discipline,12,6,6
tichondrius,576,priest,discipline,12,6,6
sargeras,576,priest,discipline,12,6,6
skywall,576,priest,discipline,12,6,6
proudmoore,576,priest,discipline,12,6,6
andorhal,576,priest,discipline,12,6,6
skywall,576,priest,discipline,12,6,6
ragnaros,576,priest,discipline,12,6,6
stormreaver,576,priest,discipline,12,6,6
frostmourne,576,priest,discipline,12,6,6
barthilas,576,priest,discipline,12,6,6
quelthalas,576,priest,discipline,12,6,6
destromath,576,priest,discipline,12,6,6
bonechewer,576,priest,discipline,12,6,6
illidan,576,priest,discipline,12,6,6
thrall,576,priest,discipline,12,6,6
tichondrius,576,priest,discipline,12,6,6
wyrmrest-accord,576,priest,discipline,12,6,6
illidan,576,priest,discipline,12,6,6
dunemaul,576,priest,discipline,12,6,6
malganis,576,priest,discipline,12,6,6
garrosh,576,priest,discipline,12,6,6
hakkar,576,priest,discipline,12,6,6
sargeras,576,priest,discipline,12,6,6
malganis,576,priest,discipline,12,6,6
tichondrius,576,priest,discipline,12,6,6
tichondrius,576,priest,discipline,12,6,6
tichondrius,576,priest,discipline,12,6,6
tichondrius,576,priest,discipline,12,6,6
tichondrius,576,priest,discipline,12,6,6
tichondrius,576,priest,discipline,12,6,6
tichondrius,576,priest,discipline,12,6,6
stormrage,576,priest,discipline,12,6,6
tichondrius,576,priest,discipline,12,6,6
stormrage,576,priest,discipline,12,6,6
ragnaros,576,priest,discipline,18,6,12
sargeras,576,priest,discipline,18,6,12
tichondrius,576,priest,discipline,18,6,12
dalaran,576,priest,discipline,18,6,12
tichondrius,576,priest,discipline,18,6,12
tichondrius,576,priest,discipline,18,6,12
frostmourne,576,priest,discipline,18,6,12
tichondrius,575,priest,discipline,6,6,0
silvermoon,575,priest,discipline,12,6,6
malganis,575,priest,discipline,12,6,6
senjin,575,priest,discipline,12,6,6
tichondrius,575,priest,discipline,12,6,6
emerald-dream,575,priest,discipline,12,6,6
tichondrius,575,priest,discipline,12,6,6
emerald-dream,575,priest,discipline,12,6,6
ragnaros,575,priest,discipline,12,6,6
tichondrius,575,priest,discipline,12,6,6
suramar,575,priest,discipline,12,6,6
stormrage,575,priest,discipline,16,7,9
darkspear,575,priest,discipline,18,6,12
quelthalas,575,priest,discipline,20,6,14
hakkar,574,priest,discipline,12,6,6
area-52,573,priest,discipline,18,6,12
blackhand,572,priest,discipline,12,6,6
malganis,570,priest,discipline,12,6,6
cenarion-circle,566,priest,discipline,12,6,6
sargeras,559,priest,discipline,17,6,11
wildhammer,543,priest,discipline,14,7,7
korgath,543,priest,discipline,17,6,11
nerzhul,543,priest,discipline,17,6,11
tichondrius,528,priest,discipline,9,7,2
destromath,528,priest,discipline,9,7,2
earthen-ring,522,priest,discipline,16,7,9
crushridge,520,priest,discipline,21,7,14
drakkari,512,priest,discipline,10,6,4
illidan,511,priest,discipline,11,6,5
stormrage,511,priest,discipline,20,6,14
blackrock,511,priest,discipline,26,6,20
aggramar,496,priest,discipline,19,6,13
moon-guard,491,priest,discipline,13,6,7
tichondrius,480,priest,discipline,6,5,1
sargeras,480,priest,discipline,6,5,1
kelthuzad,480,priest,discipline,6,5,1
tichondrius,480,priest,discipline,6,5,1
zuljin,480,priest,discipline,6,5,1
bloodhoof,480,priest,discipline,6,5,1
tichondrius,480,priest,discipline,6,5,1
sargeras,480,priest,discipline,6,5,1
burning-legion,480,priest,discipline,6,5,1
tichondrius,480,priest,discipline,6,5,1
illidan,480,priest,discipline,6,5,1
azralon,480,priest,discipline,6,5,1
area-52,480,priest,discipline,6,5,1
ragnaros,480,priest,discipline,6,5,1
tichondrius,480,priest,discipline,6,5,1
bleeding-hollow,480,priest,discipline,6,5,1
malganis,480,priest,discipline,6,5,1
tichondrius,480,priest,discipline,6,5,1
lightnings-blade,480,priest,discipline,6,5,1
frostmourne,480,priest,discipline,6,5,1
the-scryers,480,priest,discipline,6,5,1
quelthalas,480,priest,discipline,6,5,1
azralon,480,priest,discipline,12,5,7
illidan,480,priest,discipline,12,5,7
wyrmrest-accord,480,priest,discipline,12,5,7
kelthuzad,480,priest,discipline,12,5,7
area-52,480,priest,discipline,12,5,7
proudmoore,480,priest,discipline,12,5,7
tichondrius,480,priest,discipline,12,5,7
area-52,480,priest,discipline,12,5,7
lightnings-blade,480,priest,discipline,12,5,7
stormrage,480,priest,discipline,12,5,7
turalyon,480,priest,discipline,12,5,7
tortheldrin,480,priest,discipline,12,5,7
area-52,480,priest,discipline,12,5,7
jaedenar,480,priest,discipline,12,5,7
dalaran,480,priest,discipline,12,5,7
whisperwind,480,priest,discipline,12,5,7
farstriders,480,priest,discipline,12,5,7
stormrage,480,priest,discipline,12,5,7
tichondrius,480,priest,discipline,12,5,7
drakkari,480,priest,discipline,12,5,7
tichondrius,480,priest,discipline,12,5,7
sargeras,480,priest,discipline,12,5,7
boulderfist,480,priest,discipline,12,5,7
illidan,480,priest,discipline,12,5,7
malganis,480,priest,discipline,12,5,7
ravencrest,480,priest,discipline,12,5,7
barthilas,480,priest,discipline,12,5,7
garona,480,priest,discipline,12,5,7
barthilas,480,priest,discipline,12,5,7
arthas,480,priest,discipline,12,5,7
tichondrius,480,priest,discipline,12,5,7
daggerspine,480,priest,discipline,12,5,7
boulderfist,480,priest,discipline,12,5,7
tichondrius,480,priest,discipline,12,5,7
ragnaros,480,priest,discipline,12,5,7
quelthalas,480,priest,discipline,12,5,7
tichondrius,480,priest,discipline,12,5,7
sargeras,480,priest,discipline,12,5,7
bleeding-hollow,480,priest,discipline,12,5,7
antonidas,480,priest,discipline,12,5,7
sargeras,480,priest,discipline,12,5,7
tichondrius,480,priest,discipline,12,5,7
tichondrius,480,priest,discipline,12,5,7
bleeding-hollow,480,priest,discipline,12,5,7
frostwolf,480,priest,discipline,12,5,7
black-dragonflight,480,priest,discipline,12,5,7
sargeras,480,priest,discipline,12,5,7
zuluhed,480,priest,discipline,12,5,7
tichondrius,480,priest,discipline,12,5,7
stormrage,480,priest,discipline,12,5,7
stormrage,480,priest,discipline,12,5,7
destromath,480,priest,discipline,12,5,7
kiljaeden,480,priest,discipline,13,5,8
shuhalo,480,priest,discipline,18,5,13
sargeras,480,priest,discipline,18,5,13
kiljaeden,480,priest,discipline,18,5,13
tichondrius,480,priest,discipline,18,5,13
destromath,480,priest,discipline,18,5,13
nazjatar,479,priest,discipline,6,5,1
kelthuzad,479,priest,discipline,6,5,1
proudmoore,479,priest,discipline,13,7,6
quelthalas,479,priest,discipline,12,5,7
stormrage,479,priest,discipline,12,5,7
nemesis,479,priest,discipline,12,5,7
korgath,479,priest,discipline,12,5,7
tichondrius,479,priest,discipline,12,5,7
blackrock,478,priest,discipline,6,5,1
zangarmarsh,478,priest,discipline,12,5,7
tichondrius,476,priest,discipline,12,5,7
tichondrius,474,priest,discipline,12,5,7
kelthuzad,448,priest,discipline,10,6,4
illidan,447,priest,discipline,11,5,6
malganis,447,priest,discipline,11,5,6
sargeras,447,priest,discipline,11,5,6
tichondrius,447,priest,discipline,11,5,6
baelgun,447,priest,discipline,11,5,6
sargeras,432,priest,discipline,11,6,5
frostmane,426,priest,discipline,17,8,9
darkspear,426,priest,discipline,17,6,11
andorhal,400,priest,discipline,13,5,8
blackhand,399,priest,discipline,5,5,0
ragnaros,399,priest,discipline,5,5,0
aerie-peak,384,priest,discipline,6,4,2
illidan,384,priest,discipline,6,4,2
stormrage,384,priest,discipline,6,4,2
mannoroth,384,priest,discipline,6,4,2
illidan,384,priest,discipline,6,4,2
tichondrius,384,priest,discipline,6,4,2
illidan,384,priest,discipline,6,4,2
chogall,384,priest,discipline,6,4,2
stormrage,384,priest,discipline,6,4,2
frostmourne,384,priest,discipline,6,4,2
tichondrius,384,priest,discipline,6,4,2
frostmourne,384,priest,discipline,6,4,2
emerald-dream,384,priest,discipline,6,4,2
frostmourne,384,priest,discipline,6,4,2
illidan,384,priest,discipline,6,4,2
ragnaros,384,priest,discipline,6,4,2
zuljin,384,priest,discipline,6,4,2
tichondrius,384,priest,discipline,6,4,2
emerald-dream,384,priest,discipline,6,4,2
bleeding-hollow,384,priest,discipline,6,4,2
stormrage,384,priest,discipline,6,4,2
tichondrius,384,priest,discipline,6,4,2
sargeras,384,priest,discipline,6,4,2
eitrigg,384,priest,discipline,6,4,2
dalaran,384,priest,discipline,6,4,2
mugthol,384,priest,discipline,6,4,2
tichondrius,384,priest,discipline,6,4,2
sargeras,384,priest,discipline,6,4,2
quelthalas,384,priest,discipline,6,4,2
area-52,384,priest,discipline,6,4,2
tichondrius,384,priest,discipline,6,4,2
tichondrius,384,priest,discipline,6,4,2
tichondrius,384,priest,discipline,6,4,2
senjin,384,priest,discipline,6,4,2
tichondrius,384,priest,discipline,6,4,2
tichondrius,384,priest,discipline,6,4,2
tichondrius,384,priest,discipline,6,4,2
tichondrius,384,priest,discipline,6,4,2
tichondrius,384,priest,discipline,6,4,2
tichondrius,384,priest,discipline,6,4,2
tichondrius,384,priest,discipline,6,4,2
sargeras,384,priest,discipline,6,4,2
scilla,384,priest,discipline,6,4,2
khazgoroth,384,priest,discipline,6,4,2
sargeras,384,priest,discipline,6,4,2
alleria,384,priest,discipline,6,4,2
tichondrius,384,priest,discipline,6,4,2
area-52,384,priest,discipline,6,4,2
tichondrius,384,priest,discipline,6,4,2
queldorei,384,priest,discipline,6,4,2
tichondrius,384,priest,discipline,6,4,2
arthas,384,priest,discipline,6,4,2
malygos,384,priest,discipline,6,4,2
hyjal,384,priest,discipline,6,4,2
sargeras,384,priest,discipline,6,4,2
barthilas,384,priest,discipline,6,4,2
zuljin,384,priest,discipline,6,4,2
tichondrius,384,priest,discipline,6,4,2
tichondrius,384,priest,discipline,6,4,2
shadow-council,384,priest,discipline,6,4,2
silvermoon,384,priest,discipline,6,4,2
sargeras,384,priest,discipline,6,4,2
tichondrius,384,priest,discipline,6,4,2
sargeras,384,priest,discipline,6,4,2
illidan,384,priest,discipline,6,4,2
proudmoore,384,priest,discipline,6,4,2
zuljin,384,priest,discipline,6,4,2
tichondrius,384,priest,discipline,6,4,2
tichondrius,384,priest,discipline,6,4,2
zuljin,384,priest,discipline,6,4,2
malganis,384,priest,discipline,6,4,2
malganis,384,priest,discipline,10,5,5
suramar,384,priest,discipline,9,4,5
tichondrius,384,priest,discipline,11,4,7
sargeras,384,priest,discipline,12,4,8
ragnaros,384,priest,discipline,12,4,8
archimonde,384,priest,discipline,12,4,8
ragnaros,384,priest,discipline,12,4,8
nemesis,384,priest,discipline,12,4,8
tichondrius,384,priest,discipline,12,4,8
bonechewer,384,priest,discipline,12,4,8
sargeras,384,priest,discipline,12,4,8
moon-guard,384,priest,discipline,12,4,8
tichondrius,384,priest,discipline,12,4,8
dalaran,384,priest,discipline,12,4,8
tichondrius,384,priest,discipline,12,4,8
malganis,384,priest,discipline,12,4,8
sargeras,384,priest,discipline,12,4,8
frostmourne,384,priest,discipline,12,4,8
tichondrius,384,priest,discipline,12,4,8
tichondrius,384,priest,discipline,12,4,8
tichondrius,384,priest,discipline,12,4,8
tichondrius,384,priest,discipline,12,4,8
illidan,384,priest,discipline,12,4,8
tichondrius,384,priest,discipline,12,4,8
illidan,384,priest,discipline,12,4,8
proudmoore,384,priest,discipline,12,4,8
frostmourne,384,priest,discipline,15,4,11
sargeras,384,priest,discipline,18,4,14
tichondrius,384,priest,discipline,18,4,14
drakkari,384,priest,discipline,18,4,14
tichondrius,383,priest,discipline,6,4,2
emerald-dream,383,priest,discipline,6,4,2
black-dragonflight,383,priest,discipline,6,4,2
bleeding-hollow,383,priest,discipline,12,4,8
moon-guard,383,priest,discipline,12,4,8
barthilas,382,priest,discipline,6,4,2
garrosh,382,priest,discipline,6,4,2
zuljin,367,priest,discipline,11,4,7
dawnbringer,351,priest,discipline,11,4,7
proudmoore,336,priest,discipline,9,5,4
tichondrius,335,priest,discipline,11,4,7
tichondrius,330,priest,discipline,17,6,11
barthilas,320,priest,discipline,10,4,6
emerald-dream,319,priest,discipline,8,4,4
tichondrius,319,priest,discipline,14,4,10
korgath,319,priest,discipline,14,4,10
tichondrius,317,priest,discipline,23,11,12
draenor,304,priest,discipline,11,5,6
stormscale,303,priest,discipline,7,4,3
zuljin,288,priest,discipline,6,3,3
onyxia,288,priest,discipline,6,3,3
tichondrius,288,priest,discipline,6,3,3
proudmoore,288,priest,discipline,6,3,3
drakkari,288,priest,discipline,6,3,3
sargeras,288,priest,discipline,6,3,3
nazjatar,288,priest,discipline,6,3,3
zuljin,288,priest,discipline,6,3,3
sargeras,288,priest,discipline,6,3,3
tichondrius,288,priest,discipline,6,3,3
tichondrius,288,priest,discipline,6,3,3
sargeras,288,priest,discipline,6,3,3
boulderfist,288,priest,discipline,6,3,3
frostmourne,288,priest,discipline,6,3,3
sargeras,288,priest,discipline,6,3,3
ragnaros,288,priest,discipline,6,3,3
sargeras,288,priest,discipline,6,3,3
area-52,288,priest,discipline,6,3,3
sargeras,288,priest,discipline,6,3,3
zuljin,288,priest,discipline,6,3,3
tichondrius,288,priest,discipline,6,3,3
zuljin,288,priest,discipline,6,3,3
darkspear,288,priest,discipline,6,3,3
earthen-ring,288,priest,discipline,6,3,3
tichondrius,288,priest,discipline,6,3,3
sargeras,288,priest,discipline,6,3,3
stormrage,288,priest,discipline,6,3,3
zuljin,288,priest,discipline,6,3,3
ragnaros,288,priest,discipline,6,3,3
stormrage,288,priest,discipline,6,3,3
darkspear,288,priest,discipline,6,3,3
sargeras,288,priest,discipline,6,3,3
area-52,288,priest,discipline,6,3,3
tichondrius,288,priest,discipline,6,3,3
tichondrius,288,priest,discipline,6,3,3
hyjal,288,priest,discipline,6,3,3
illidan,288,priest,discipline,6,3,3
stormrage,288,priest,discipline,6,3,3
ragnaros,288,priest,discipline,6,3,3
sargeras,288,priest,discipline,6,3,3
tichondrius,288,priest,discipline,6,3,3
tichondrius,288,priest,discipline,6,3,3
stormrage,288,priest,discipline,6,3,3
tichondrius,288,priest,discipline,6,3,3
barthilas,288,priest,discipline,6,3,3
tichondrius,288,priest,discipline,6,3,3
frostmourne,288,priest,discipline,6,3,3
area-52,288,priest,discipline,6,3,3
frostmourne,288,priest,discipline,6,3,3
tichondrius,288,priest,discipline,6,3,3
frostmourne,288,priest,discipline,6,3,3
stormreaver,288,priest,discipline,6,3,3
lightbringer,288,priest,discipline,6,3,3
tichondrius,288,priest,discipline,6,3,3
sargeras,288,priest,discipline,6,3,3
tichondrius,288,priest,discipline,6,3,3
kiljaeden,288,priest,discipline,6,3,3
area-52,288,priest,discipline,6,3,3
tichondrius,288,priest,discipline,6,3,3
greymane,288,priest,discipline,6,3,3
malganis,288,priest,discipline,6,3,3
ragnaros,288,priest,discipline,6,3,3
gorefiend,288,priest,discipline,6,3,3
moon-guard,288,priest,discipline,6,3,3
azralon,288,priest,discipline,6,3,3
frostwolf,288,priest,discipline,6,3,3
whisperwind,288,priest,discipline,6,3,3
tichondrius,288,priest,discipline,6,3,3
area-52,288,priest,discipline,6,3,3
tichondrius,288,priest,discipline,6,3,3
kiljaeden,288,priest,discipline,6,3,3
chogall,288,priest,discipline,6,3,3
tichondrius,288,priest,discipline,6,3,3
ragnaros,288,priest,discipline,6,3,3
mugthol,288,priest,discipline,6,3,3
illidan,288,priest,discipline,6,3,3
tichondrius,288,priest,discipline,6,3,3
tichondrius,288,priest,discipline,6,3,3
lothar,288,priest,discipline,6,3,3
moon-guard,288,priest,discipline,6,3,3
tichondrius,288,priest,discipline,6,3,3
moonrunner,288,priest,discipline,6,3,3
illidan,288,priest,discipline,6,3,3
tichondrius,288,priest,discipline,6,3,3
dalaran,288,priest,discipline,6,3,3
kaelthas,288,priest,discipline,6,3,3
tichondrius,288,priest,discipline,6,3,3
malganis,288,priest,discipline,6,3,3
frostmourne,288,priest,discipline,6,3,3
vashj,288,priest,discipline,6,3,3
tichondrius,288,priest,discipline,6,3,3
illidan,288,priest,discipline,6,3,3
bleeding-hollow,288,priest,discipline,6,3,3
tichondrius,288,priest,discipline,6,3,3
bleeding-hollow,288,priest,discipline,6,3,3
bleeding-hollow,288,priest,discipline,6,3,3
tichondrius,288,priest,discipline,6,3,3
tichondrius,288,priest,discipline,6,3,3
tichondrius,288,priest,discipline,6,3,3
frostmourne,288,priest,discipline,6,3,3
azshara,288,priest,discipline,6,3,3
illidan,288,priest,discipline,6,3,3
quelthalas,288,priest,discipline,6,3,3
area-52,288,priest,discipline,6,3,3
moon-guard,288,priest,discipline,6,3,3
kelthuzad,288,priest,discipline,6,3,3
frostmane,288,priest,discipline,6,3,3
tichondrius,288,priest,discipline,6,3,3
barthilas,288,priest,discipline,6,3,3
illidan,288,priest,discipline,6,3,3
tichondrius,288,priest,discipline,6,3,3
ragnaros,288,priest,discipline,12,3,9
fizzcrank,288,priest,discipline,12,3,9
crushridge,288,priest,discipline,12,3,9
tichondrius,288,priest,discipline,12,3,9
emerald-dream,288,priest,discipline,12,3,9
tichondrius,288,priest,discipline,12,3,9
arthas,288,priest,discipline,12,3,9
arthas,288,priest,discipline,12,3,9
skullcrusher,288,priest,discipline,12,3,9
azralon,288,priest,discipline,12,3,9
rivendare,288,priest,discipline,12,3,9
quelthalas,288,priest,discipline,12,3,9
ragnaros,288,priest,discipline,12,3,9
sargeras,288,priest,discipline,12,3,9
thrall,288,priest,discipline,12,3,9
thrall,288,priest,discipline,12,3,9
malganis,288,priest,discipline,12,3,9
nesingwary,288,priest,discipline,12,3,9
illidan,288,priest,discipline,12,3,9
illidan,288,priest,discipline,12,3,9
proudmoore,288,priest,discipline,18,3,15
sargeras,287,priest,discipline,6,3,3
tichondrius,287,priest,discipline,6,3,3
quelthalas,287,priest,discipline,6,3,3
korgath,287,priest,discipline,6,3,3
hyjal,287,priest,discipline,6,3,3
illidan,287,priest,discipline,6,3,3
aegwynn,287,priest,discipline,12,3,9
tichondrius,271,priest,discipline,17,3,14
sargeras,255,priest,discipline,11,3,8
proudmoore,255,priest,discipline,11,3,8
malganis,240,priest,discipline,7,4,3
illidan,239,priest,discipline,5,3,2
moon-guard,239,priest,discipline,5,3,2
area-52,234,priest,discipline,8,4,4
azjolnerub,224,priest,discipline,10,3,7
dalaran,223,priest,discipline,8,3,5
malganis,192,priest,discipline,4,3,1
stormrage,192,priest,discipline,9,3,6
nordrassil,192,priest,discipline,6,2,4
tichondrius,192,priest,discipline,6,2,4
emerald-dream,192,priest,discipline,6,2,4
draka,192,priest,discipline,6,2,4
kiljaeden,192,priest,discipline,6,2,4
sargeras,192,priest,discipline,6,2,4
sargeras,192,priest,discipline,6,2,4
tichondrius,192,priest,discipline,6,2,4
tichondrius,192,priest,discipline,6,2,4
tichondrius,192,priest,discipline,6,2,4
emerald-dream,192,priest,discipline,6,2,4
emerald-dream,192,priest,discipline,6,2,4
tichondrius,192,priest,discipline,6,2,4
tichondrius,192,priest,discipline,6,2,4
sargeras,192,priest,discipline,6,2,4
sargeras,192,priest,discipline,6,2,4
wyrmrest-accord,192,priest,discipline,6,2,4
illidan,192,priest,discipline,6,2,4
anetheron,192,priest,discipline,6,2,4
korgath,192,priest,discipline,6,2,4
kiljaeden,192,priest,discipline,6,2,4
darkspear,192,priest,discipline,6,2,4
tichondrius,192,priest,discipline,6,2,4
bloodhoof,192,priest,discipline,6,2,4
area-52,192,priest,discipline,6,2,4
sargeras,192,priest,discipline,6,2,4
stormrage,192,priest,discipline,6,2,4
zuljin,192,priest,discipline,6,2,4
stormrage,192,priest,discipline,6,2,4
tichondrius,192,priest,discipline,6,2,4
area-52,192,priest,discipline,6,2,4
sargeras,192,priest,discipline,6,2,4
sargeras,192,priest,discipline,6,2,4
nemesis,192,priest,discipline,6,2,4
sargeras,192,priest,discipline,6,2,4
darkspear,192,priest,discipline,6,2,4
kelthuzad,192,priest,discipline,6,2,4
area-52,192,priest,discipline,6,2,4
tichondrius,192,priest,discipline,6,2,4
dalaran,192,priest,discipline,6,2,4
stormrage,192,priest,discipline,6,2,4
area-52,192,priest,discipline,6,2,4
dalvengyr,192,priest,discipline,6,2,4
tichondrius,192,priest,discipline,6,2,4
tichondrius,192,priest,discipline,6,2,4
malganis,192,priest,discipline,6,2,4
zuljin,192,priest,discipline,6,2,4
tichondrius,192,priest,discipline,6,2,4
stormrage,192,priest,discipline,6,2,4
stormrage,192,priest,discipline,6,2,4
kelthuzad,192,priest,discipline,6,2,4
bleeding-hollow,192,priest,discipline,6,2,4
terokkar,192,priest,discipline,6,2,4
dalaran,192,priest,discipline,6,2,4
moonrunner,192,priest,discipline,6,2,4
bleeding-hollow,192,priest,discipline,6,2,4
kelthuzad,192,priest,discipline,6,2,4
bleeding-hollow,192,priest,discipline,6,2,4
bleeding-hollow,192,priest,discipline,6,2,4
terokkar,192,priest,discipline,6,2,4
blackrock,192,priest,discipline,6,2,4
moon-guard,192,priest,discipline,6,2,4
malganis,192,priest,discipline,6,2,4
thrall,192,priest,discipline,6,2,4
khazgoroth,192,priest,discipline,6,2,4
malganis,192,priest,discipline,6,2,4
garona,192,priest,discipline,6,2,4
malganis,192,priest,discipline,6,2,4
vashj,192,priest,discipline,6,2,4
aerie-peak,192,priest,discipline,6,2,4
aerie-peak,192,priest,discipline,6,2,4
stormscale,192,priest,discipline,6,2,4
spirestone,192,priest,discipline,6,2,4
frostwolf,192,priest,discipline,6,2,4
dragonmaw,192,priest,discipline,6,2,4
crushridge,192,priest,discipline,6,2,4
malganis,192,priest,discipline,6,2,4
moon-guard,192,priest,discipline,6,2,4
malganis,192,priest,discipline,6,2,4
hyjal,192,priest,discipline,6,2,4
aggramar,192,priest,discipline,6,2,4
barthilas,192,priest,discipline,6,2,4
silvermoon,192,priest,discipline,6,2,4
hakkar,192,priest,discipline,6,2,4
ragnaros,192,priest,discipline,6,2,4
frostmourne,192,priest,discipline,6,2,4
aggramar,192,priest,discipline,6,2,4
ragnaros,192,priest,discipline,6,2,4
area-52,192,priest,discipline,7,2,5
queldorei,192,priest,discipline,15,3,12
sargeras,192,priest,discipline,12,2,10
shuhalo,192,priest,discipline,12,2,10
proudmoore,192,priest,discipline,12,2,10
norgannon,192,priest,discipline,12,2,10
sargeras,192,priest,discipline,12,2,10
barthilas,192,priest,discipline,12,2,10
illidan,192,priest,discipline,12,2,10
kelthuzad,192,priest,discipline,12,2,10
proudmoore,191,priest,discipline,6,2,4
zuljin,185,priest,discipline,14,4,10
barthilas,175,priest,discipline,11,2,9
zuljin,175,priest,discipline,11,2,9
zuljin,159,priest,discipline,5,2,3
lightbringer,159,priest,discipline,5,2,3
dalaran,159,priest,discipline,5,2,3
bleeding-hollow,159,priest,discipline,8,3,5
tichondrius,144,priest,discipline,3,3,0
exodar,144,priest,discipline,9,2,7
ragnaros,144,priest,discipline,9,2,7
tichondrius,138,priest,discipline,8,3,5
lightbringer,138,priest,discipline,9,3,6
illidan,138,priest,discipline,11,3,8
azralon,96,priest,discipline,3,2,1
stormrage,96,priest,discipline,3,2,1
emerald-dream,96,priest,discipline,3,2,1
arthas,96,priest,discipline,6,1,5
wyrmrest-accord,96,priest,discipline,6,1,5
anvilmar,96,priest,discipline,6,1,5
tichondrius,96,priest,discipline,6,1,5
arthas,96,priest,discipline,6,1,5
malganis,96,priest,discipline,6,1,5
frostmourne,96,priest,discipline,6,1,5
kelthuzad,96,priest,discipline,6,1,5
moon-guard,96,priest,discipline,6,1,5
hellscream,96,priest,discipline,6,1,5
illidan,96,priest,discipline,6,1,5
tichondrius,96,priest,discipline,6,1,5
zuljin,96,priest,discipline,6,1,5
tichondrius,96,priest,discipline,6,1,5
illidan,96,priest,discipline,6,1,5
sargeras,96,priest,discipline,6,1,5
frostmourne,96,priest,discipline,6,1,5
azgalor,96,priest,discipline,6,1,5
sargeras,96,priest,discipline,6,1,5
illidan,96,priest,discipline,6,1,5
tichondrius,96,priest,discipline,6,1,5
stormrage,96,priest,discipline,6,1,5
aggramar,96,priest,discipline,6,1,5
blackrock,96,priest,discipline,6,1,5
sargeras,96,priest,discipline,6,1,5
sargeras,96,priest,discipline,6,1,5
moon-guard,96,priest,discipline,6,1,5
barthilas,96,priest,discipline,6,1,5
darkspear,96,priest,discipline,6,1,5
azralon,96,priest,discipline,6,1,5
stormrage,96,priest,discipline,6,1,5
lothar,96,priest,discipline,6,1,5
malganis,96,priest,discipline,6,1,5
tichondrius,96,priest,discipline,6,1,5
kalecgos,96,priest,discipline,6,1,5
alleria,96,priest,discipline,6,1,5
bleeding-hollow,96,priest,discipline,6,1,5
archimonde,96,priest,discipline,6,1,5
tichondrius,96,priest,discipline,6,1,5
stormrage,96,priest,discipline,6,1,5
stormrage,96,priest,discipline,6,1,5
stormrage,96,priest,discipline,6,1,5
malganis,96,priest,discipline,6,1,5
tichondrius,96,priest,discipline,6,1,5
frostmourne,96,priest,discipline,6,1,5
dalaran,96,priest,discipline,6,1,5
tichondrius,96,priest,discipline,6,1,5
proudmoore,96,priest,discipline,8,1,7
emerald-dream,96,priest,discipline,9,1,8
darkspear,96,priest,discipline,12,1,11
wyrmrest-accord,96,priest,discipline,12,1,11
quelthalas,96,priest,discipline,12,1,11
moon-guard,96,priest,discipline,12,1,11
zuljin,96,priest,discipline,18,1,17
hydraxis,96,priest,discipline,18,1,17
shuhalo,95,priest,discipline,6,1,5
illidan,84,priest,discipline,13,4,9
frostmourne,79,priest,discipline,5,1,4
chogall,63,priest,discipline,2,2,0
area-52,42,priest,discipline,16,3,13
frostmourne,31,priest,discipline,2,1,1
ragnaros,31,priest,discipline,2,1,1
stormrage,31,priest,discipline,2,1,1
moknathal,31,priest,discipline,2,1,1
elune,31,priest,discipline,2,1,1
tichondrius,2258,priest,shadow,78,50,28
stormrage,2252,priest,shadow,84,48,36
tichondrius,2149,priest,shadow,66,50,16
tichondrius,2107,priest,shadow,89,51,38
stormrage,2081,priest,shadow,60,36,24
frostmourne,2060,priest,shadow,103,56,47
tichondrius,2054,priest,shadow,77,39,38
kelthuzad,2037,priest,shadow,70,41,29
tichondrius,2013,priest,shadow,108,57,51
stormscale,1977,priest,shadow,60,35,25
illidan,1961,priest,shadow,84,45,39
frostmourne,1960,priest,shadow,117,62,55
stormrage,1956,priest,shadow,102,52,50
sargeras,1945,priest,shadow,56,34,22
frostmourne,1945,priest,shadow,48,28,20
barthilas,1934,priest,shadow,66,33,33
altar-of-storms,1894,priest,shadow,60,30,30
area-52,1885,priest,shadow,56,33,23
dalaran,1881,priest,shadow,57,33,24
guldan,1877,priest,shadow,111,64,47
tichondrius,1873,priest,shadow,42,25,17
tichondrius,1865,priest,shadow,53,28,25
frostmourne,1863,priest,shadow,46,33,13
kelthuzad,1856,priest,shadow,39,27,12
area-52,1854,priest,shadow,35,27,8
mannoroth,1851,priest,shadow,53,33,20
ragnaros,1850,priest,shadow,65,37,28
quelthalas,1845,priest,shadow,54,26,28
tichondrius,1844,priest,shadow,54,28,26
stormrage,1838,priest,shadow,42,32,10
malganis,1835,priest,shadow,60,31,29
korgath,1828,priest,shadow,57,29,28
thrall,1827,priest,shadow,31,22,9
ragnaros,1819,priest,shadow,43,25,18
tichondrius,1815,priest,shadow,24,19,5
emerald-dream,1814,priest,shadow,30,19,11
stormrage,1813,priest,shadow,48,26,22
tichondrius,1810,priest,shadow,42,27,15
stormrage,1810,priest,shadow,48,26,22
moon-guard,1809,priest,shadow,55,42,13
bloodscalp,1809,priest,shadow,56,36,20
sargeras,1805,priest,shadow,83,40,43
tichondrius,1803,priest,shadow,30,19,11
wyrmrest-accord,1803,priest,shadow,65,33,32
tichondrius,1795,priest,shadow,66,38,28
illidan,1794,priest,shadow,44,27,17
area-52,1794,priest,shadow,48,24,24
kelthuzad,1787,priest,shadow,48,29,19
illidan,1777,priest,shadow,54,27,27
tichondrius,1758,priest,shadow,36,20,16
kirin-tor,1745,priest,shadow,41,23,18
tichondrius,1744,priest,shadow,53,31,22
barthilas,1744,priest,shadow,47,25,22
area-52,1739,priest,shadow,41,24,17
proudmoore,1734,priest,shadow,30,19,11
demon-soul,1733,priest,shadow,78,43,35
lightnings-blade,1732,priest,shadow,48,26,22
blades-edge,1724,priest,shadow,39,23,16
moon-guard,1722,priest,shadow,74,48,26
illidan,1720,priest,shadow,90,51,39
illidan,1719,priest,shadow,79,45,34
tichondrius,1718,priest,shadow,48,24,24
ravencrest,1713,priest,shadow,57,31,26
stormrage,1701,priest,shadow,48,30,18
bleeding-hollow,1700,priest,shadow,144,75,69
tichondrius,1695,priest,shadow,45,28,17
thrall,1693,priest,shadow,64,34,30
tichondrius,1683,priest,shadow,54,28,26
tichondrius,1682,priest,shadow,36,20,16
emerald-dream,1674,priest,shadow,36,19,17
frostmourne,1672,priest,shadow,35,18,17
tichondrius,1662,priest,shadow,48,26,22
malganis,1661,priest,shadow,42,21,21
malganis,1652,priest,shadow,34,22,12
tichondrius,1651,priest,shadow,36,23,13
dreadmaul,1651,priest,shadow,60,34,26
ragnaros,1646,priest,shadow,49,29,20
thrall,1646,priest,shadow,62,31,31
moon-guard,1626,priest,shadow,55,31,24
moon-guard,1615,priest,shadow,30,17,13
moon-guard,1611,priest,shadow,36,17,19
thrall,1606,priest,shadow,36,17,19
azralon,1599,priest,shadow,48,30,18
crushridge,1592,priest,shadow,54,28,26
nemesis,1586,priest,shadow,30,19,11
sargeras,1582,priest,shadow,31,19,12
area-52,1578,priest,shadow,68,44,24
tichondrius,1571,priest,shadow,58,31,27
ragnaros,1566,priest,shadow,58,31,27
quelthalas,1555,priest,shadow,53,35,18
area-52,1549,priest,shadow,83,42,41
moon-guard,1547,priest,shadow,30,18,12
tichondrius,1544,priest,shadow,53,27,26
zuljin,1544,priest,shadow,41,18,23
kelthuzad,1542,priest,shadow,40,32,8
illidan,1541,priest,shadow,42,23,19
stormreaver,1533,priest,shadow,32,18,14
moon-guard,1532,priest,shadow,36,16,20
frostmourne,1531,priest,shadow,36,18,18
dalaran,1529,priest,shadow,24,16,8
moon-guard,1529,priest,shadow,48,31,17
stormrage,1525,priest,shadow,42,20,22
malfurion,1522,priest,shadow,36,28,8
darkspear,1518,priest,shadow,30,16,14
stormrage,1514,priest,shadow,60,37,23
illidan,1505,priest,shadow,50,29,21
frostmourne,1504,priest,shadow,53,31,22
tichondrius,1503,priest,shadow,57,32,25
blackrock,1502,priest,shadow,30,16,14
boulderfist,1501,priest,shadow,30,18,12
ragnaros,1488,priest,shadow,36,19,17
queldorei,1481,priest,shadow,29,16,13
skywall,1477,priest,shadow,36,18,18
tichondrius,1474,priest,shadow,74,42,32
azralon,1472,priest,shadow,72,37,35
sargeras,1459,priest,shadow,24,17,7
shattered-hand,1456,priest,shadow,30,17,13
tichondrius,1437,priest,shadow,30,15,15
frostmourne,1435,priest,shadow,39,22,17
kelthuzad,1433,priest,shadow,53,33,20
tichondrius,1433,priest,shadow,48,25,23
area-52,1428,priest,shadow,33,16,17
zuljin,1424,priest,shadow,30,20,10
tichondrius,1414,priest,shadow,35,17,18
ragnaros,1412,priest,shadow,30,19,11
zuljin,1404,priest,shadow,30,15,15
area-52,1390,priest,shadow,27,15,12
hydraxis,1388,priest,shadow,35,22,13
hyjal,1388,priest,shadow,24,15,9
moon-guard,1387,priest,shadow,60,27,33
tichondrius,1386,priest,shadow,48,23,25
tichondrius,1385,priest,shadow,36,15,21
tichondrius,1377,priest,shadow,24,20,4
area-52,1373,priest,shadow,110,51,59
barthilas,1369,priest,shadow,30,15,15
nazgrel,1365,priest,shadow,36,15,21
arthas,1353,priest,shadow,60,28,32
stormrage,1352,priest,shadow,24,16,8
malganis,1346,priest,shadow,25,17,8
sargeras,1346,priest,shadow,24,16,8
sargeras,1344,priest,shadow,24,14,10
dragonmaw,1342,priest,shadow,18,14,4
moon-guard,1340,priest,shadow,24,14,10
area-52,1339,priest,shadow,30,14,16
stormrage,1335,priest,shadow,24,14,10
azuremyst,1329,priest,shadow,30,14,16
stormrage,1328,priest,shadow,24,16,8
proudmoore,1317,priest,shadow,30,14,16
barthilas,1311,priest,shadow,35,21,14
thrall,1303,priest,shadow,30,14,16
moon-guard,1292,priest,shadow,29,14,15
sargeras,1270,priest,shadow,30,18,12
stormrage,1266,priest,shadow,44,28,16
twisting-nether,1265,priest,shadow,22,15,7
skullcrusher,1258,priest,shadow,27,16,11
wyrmrest-accord,1258,priest,shadow,65,34,31
ragnaros,1248,priest,shadow,18,13,5
zuljin,1247,priest,shadow,18,13,5
malganis,1246,priest,shadow,24,13,11
tichondrius,1245,priest,shadow,18,13,5
kiljaeden,1242,priest,shadow,28,14,14
proudmoore,1234,priest,shadow,24,13,11
thrall,1232,priest,shadow,42,25,17
mannoroth,1217,priest,shadow,22,14,8
illidan,1211,priest,shadow,30,15,15
barthilas,1202,priest,shadow,53,34,19
malganis,1183,priest,shadow,17,13,4
demon-soul,1164,priest,shadow,36,20,16
moon-guard,1161,priest,shadow,19,13,6
tichondrius,1151,priest,shadow,22,13,9
zuljin,1151,priest,shadow,24,12,12
ragnaros,1150,priest,shadow,18,12,6
stormrage,1150,priest,shadow,26,12,14
mannoroth,1149,priest,shadow,24,12,12
tichondrius,1148,priest,shadow,18,12,6
magtheridon,1148,priest,shadow,18,12,6
tichondrius,1147,priest,shadow,24,12,12
caelestrasz,1147,priest,shadow,24,12,12
frostmourne,1146,priest,shadow,45,27,18
akama,1143,priest,shadow,18,12,6
tichondrius,1141,priest,shadow,17,13,4
sargeras,1138,priest,shadow,18,12,6
tichondrius,1099,priest,shadow,27,13,14
ragnaros,1087,priest,shadow,20,12,8
drenden,1071,priest,shadow,17,12,5
area-52,1056,priest,shadow,18,11,7
tichondrius,1056,priest,shadow,21,12,9
the-forgotten-coast,1056,priest,shadow,21,12,9
kelthuzad,1055,priest,shadow,12,11,1
tichondrius,1055,priest,shadow,12,11,1
spinebreaker,1055,priest,shadow,18,11,7
proudmoore,1055,priest,shadow,18,11,7
tichondrius,1055,priest,shadow,18,11,7
zuljin,1055,priest,shadow,24,11,13
sargeras,1053,priest,shadow,18,11,7
malganis,1053,priest,shadow,30,11,19
ravenholdt,1051,priest,shadow,24,11,13
quelthalas,1050,priest,shadow,18,11,7
sargeras,1047,priest,shadow,18,11,7
frostmourne,1040,priest,shadow,16,12,4
korgath,1034,priest,shadow,24,11,13
archimonde,1009,priest,shadow,24,12,12
tichondrius,988,priest,shadow,22,11,11
stormrage,960,priest,shadow,12,10,2
emerald-dream,960,priest,shadow,12,10,2
tichondrius,960,priest,shadow,12,10,2
area-52,960,priest,shadow,12,10,2
velen,960,priest,shadow,18,10,8
sargeras,960,priest,shadow,24,10,14
drakkari,959,priest,shadow,12,10,2
kelthuzad,959,priest,shadow,12,10,2
tichondrius,959,priest,shadow,18,10,8
barthilas,959,priest,shadow,18,10,8
frostmourne,959,priest,shadow,24,10,14
zuljin,958,priest,shadow,12,10,2
malygos,958,priest,shadow,18,10,8
sargeras,958,priest,shadow,18,10,8
illidan,957,priest,shadow,18,10,8
draktharon,955,priest,shadow,18,10,8
area-52,948,priest,shadow,42,19,23
tichondrius,880,priest,shadow,13,10,3
illidan,864,priest,shadow,18,9,9
dalaran,864,priest,shadow,18,9,9
illidan,864,priest,shadow,24,9,15
illidan,863,priest,shadow,12,9,3
ravenholdt,863,priest,shadow,12,9,3
dalaran,863,priest,shadow,18,9,9
spinebreaker,863,priest,shadow,18,9,9
illidan,863,priest,shadow,18,9,9
thrall,863,priest,shadow,18,9,9
dunemaul,863,priest,shadow,18,9,9
tichondrius,862,priest,shadow,18,9,9
stormrage,861,priest,shadow,24,9,15
ragnaros,860,priest,shadow,18,9,9
emerald-dream,816,priest,shadow,21,10,11
tichondrius,799,priest,shadow,11,9,2
darkspear,798,priest,shadow,14,9,5
tichondrius,768,priest,shadow,12,8,4
malganis,768,priest,shadow,12,8,4
moon-guard,768,priest,shadow,12,8,4
tichondrius,768,priest,shadow,12,8,4
area-52,768,priest,shadow,12,8,4
blackhand,768,priest,shadow,12,8,4
area-52,768,priest,shadow,12,8,4
quelthalas,768,priest,shadow,18,8,10
area-52,768,priest,shadow,18,8,10
dawnbringer,768,priest,shadow,18,8,10
bonechewer,768,priest,shadow,18,8,10
malganis,768,priest,shadow,18,8,10
nesingwary,767,priest,shadow,12,8,4
stormrage,767,priest,shadow,12,8,4
stormrage,767,priest,shadow,12,8,4
frostmourne,767,priest,shadow,12,8,4
tichondrius,767,priest,shadow,18,8,10
azralon,767,priest,shadow,18,8,10
frostmourne,767,priest,shadow,18,8,10
shadow-council,766,priest,shadow,12,8,4
stormrage,766,priest,shadow,18,8,10
khazgoroth,766,priest,shadow,30,8,22
kelthuzad,763,priest,shadow,12,8,4
stormrage,762,priest,shadow,18,8,10
exodar,760,priest,shadow,12,8,4
the-scryers,755,priest,shadow,20,9,11
emerald-dream,751,priest,shadow,15,9,6
sargeras,751,priest,shadow,17,8,9
azuremyst,718,priest,shadow,17,8,9
stormrage,703,priest,shadow,18,9,9
emerald-dream,672,priest,shadow,12,7,5
destromath,672,priest,shadow,12,7,5
agamaggan,672,priest,shadow,12,7,5
bleeding-hollow,672,priest,shadow,12,7,5
moon-guard,672,priest,shadow,12,7,5
malganis,672,priest,shadow,12,7,5
zuljin,672,priest,shadow,12,7,5
area-52,672,priest,shadow,12,7,5
azjolnerub,672,priest,shadow,12,7,5
dark-iron,672,priest,shadow,12,7,5
the-forgotten-coast,672,priest,shadow,12,7,5
tichondrius,672,priest,shadow,12,7,5
tichondrius,672,priest,shadow,24,7,17
barthilas,671,priest,shadow,12,7,5
dalaran,671,priest,shadow,12,7,5
lightnings-blade,671,priest,shadow,12,7,5
barthilas,671,priest,shadow,12,7,5
tichondrius,671,priest,shadow,12,7,5
turalyon,671,priest,shadow,18,7,11
hyjal,671,priest,shadow,18,7,11
kelthuzad,670,priest,shadow,12,7,5
tichondrius,670,priest,shadow,18,7,11
area-52,623,priest,shadow,11,7,4
tichondrius,607,priest,shadow,11,7,4
zuljin,587,priest,shadow,19,7,12
drakkari,576,priest,shadow,6,6,0
sargeras,576,priest,shadow,6,6,0
illidan,576,priest,shadow,6,6,0
tichondrius,576,priest,shadow,6,6,0
khazgoroth,576,priest,shadow,6,6,0
tichondrius,576,priest,shadow,6,6,0
gorefiend,576,priest,shadow,6,6,0
moon-guard,576,priest,shadow,6,6,0
tichondrius,576,priest,shadow,9,7,2
blackrock,576,priest,shadow,8,6,2
turalyon,576,priest,shadow,12,6,6
aggramar,576,priest,shadow,12,6,6
frostmane,576,priest,shadow,12,6,6
emerald-dream,576,priest,shadow,12,6,6
tichondrius,576,priest,shadow,12,6,6
stormrage,576,priest,shadow,12,6,6
jaedenar,576,priest,shadow,12,6,6
malganis,576,priest,shadow,12,6,6
area-52,576,priest,shadow,12,6,6
quelthalas,576,priest,shadow,12,6,6
azralon,576,priest,shadow,12,6,6
wyrmrest-accord,576,priest,shadow,12,6,6
proudmoore,576,priest,shadow,12,6,6
saurfang,576,priest,shadow,12,6,6
sargeras,576,priest,shadow,12,6,6
bloodscalp,576,priest,shadow,15,7,8
tichondrius,576,priest,shadow,17,7,10
quelthalas,576,priest,shadow,18,6,12
thunderlord,576,priest,shadow,18,6,12
amanthul,576,priest,shadow,18,6,12
tichondrius,576,priest,shadow,18,6,12
blackrock,576,priest,shadow,24,6,18
frostmourne,575,priest,shadow,12,6,6
sargeras,575,priest,shadow,12,6,6
jubeithos,575,priest,shadow,12,6,6
durotan,575,priest,shadow,12,6,6
burning-legion,575,priest,shadow,12,6,6
azralon,575,priest,shadow,12,6,6
tichondrius,575,priest,shadow,18,6,12
hyjal,559,priest,shadow,11,6,5
sargeras,527,priest,shadow,11,6,5
sargeras,526,priest,shadow,15,6,9
alleria,512,priest,shadow,10,6,4
stormrage,512,priest,shadow,16,6,10
azralon,480,priest,shadow,6,5,1
tichondrius,480,priest,shadow,6,5,1
ragnaros,480,priest,shadow,6,5,1
tichondrius,480,priest,shadow,6,5,1
elune,480,priest,shadow,6,5,1
illidan,480,priest,shadow,6,5,1
zuljin,480,priest,shadow,6,5,1
executus,480,priest,shadow,6,5,1
chogall,480,priest,shadow,6,5,1
stormreaver,480,priest,shadow,12,5,7
drakkari,480,priest,shadow,12,5,7
lightbringer,480,priest,shadow,12,5,7
nemesis,480,priest,shadow,12,5,7
hydraxis,480,priest,shadow,12,5,7
tichondrius,480,priest,shadow,12,5,7
stormrage,480,priest,shadow,12,5,7
tichondrius,480,priest,shadow,12,5,7
azralon,480,priest,shadow,12,5,7
tichondrius,480,priest,shadow,12,5,7
daggerspine,480,priest,shadow,12,5,7
stormrage,480,priest,shadow,12,5,7
tichondrius,480,priest,shadow,16,6,10
tichondrius,480,priest,shadow,17,6,11
emerald-dream,480,priest,shadow,24,5,19
ragnaros,479,priest,shadow,12,5,7
nemesis,479,priest,shadow,12,5,7
sargeras,479,priest,shadow,12,5,7
aerie-peak,478,priest,shadow,12,5,7
malganis,447,priest,shadow,11,5,6
darkspear,447,priest,shadow,11,5,6
queldorei,446,priest,shadow,10,6,4
tichondrius,431,priest,shadow,9,6,3
malganis,400,priest,shadow,7,5,2
dalaran,400,priest,shadow,13,5,8
bleeding-hollow,399,priest,shadow,5,5,0
elune,384,priest,shadow,6,4,2
tichondrius,384,priest,shadow,6,4,2
frostmourne,384,priest,shadow,6,4,2
moon-guard,384,priest,shadow,6,4,2
frostmourne,384,priest,shadow,6,4,2
malganis,384,priest,shadow,6,4,2
arygos,384,priest,shadow,6,4,2
barthilas,384,priest,shadow,6,4,2
darkspear,384,priest,shadow,6,4,2
moon-guard,384,priest,shadow,6,4,2
tichondrius,384,priest,shadow,6,4,2
frostmourne,384,priest,shadow,6,4,2
darkspear,384,priest,shadow,6,4,2
khazgoroth,384,priest,shadow,6,4,2
tichondrius,384,priest,shadow,6,4,2
illidan,384,priest,shadow,6,4,2
moon-guard,384,priest,shadow,6,4,2
nagrand,384,priest,shadow,6,4,2
malganis,384,priest,shadow,6,4,2
dalaran,384,priest,shadow,6,4,2
zuljin,384,priest,shadow,6,4,2
tichondrius,384,priest,shadow,6,4,2
terenas,384,priest,shadow,6,4,2
sargeras,384,priest,shadow,6,4,2
illidan,384,priest,shadow,6,4,2
mugthol,384,priest,shadow,6,4,2
tichondrius,384,priest,shadow,6,4,2
kilrogg,384,priest,shadow,6,4,2
sargeras,384,priest,shadow,6,4,2
deathwing,384,priest,shadow,11,4,7
frostmourne,384,priest,shadow,12,4,8
stormrage,384,priest,shadow,12,4,8
stormrage,384,priest,shadow,12,4,8
azshara,384,priest,shadow,12,4,8
laughing-skull,384,priest,shadow,12,4,8
gorefiend,384,priest,shadow,12,4,8
illidan,384,priest,shadow,12,4,8
frostmourne,384,priest,shadow,12,4,8
frostmourne,384,priest,shadow,12,4,8
stormreaver,384,priest,shadow,12,4,8
illidan,384,priest,shadow,12,4,8
sargeras,384,priest,shadow,12,4,8
bleeding-hollow,384,priest,shadow,12,4,8
shadowmoon,384,priest,shadow,12,4,8
moon-guard,384,priest,shadow,15,4,11
zuljin,383,priest,shadow,12,4,8
barthilas,383,priest,shadow,12,4,8
frostmourne,382,priest,shadow,6,4,2
illidan,382,priest,shadow,12,4,8
emerald-dream,351,priest,shadow,11,4,7
nordrassil,319,priest,shadow,5,4,1
tichondrius,288,priest,shadow,6,3,3
garrosh,288,priest,shadow,6,3,3
tichondrius,288,priest,shadow,6,3,3
lightbringer,288,priest,shadow,6,3,3
sargeras,288,priest,shadow,6,3,3
chogall,288,priest,shadow,6,3,3
kelthuzad,288,priest,shadow,6,3,3
hellscream,288,priest,shadow,6,3,3
tichondrius,288,priest,shadow,6,3,3
sargeras,288,priest,shadow,6,3,3
tichondrius,288,priest,shadow,6,3,3
sargeras,288,priest,shadow,6,3,3
tichondrius,288,priest,shadow,6,3,3
quelthalas,288,priest,shadow,6,3,3
illidan,288,priest,shadow,6,3,3
amanthul,288,priest,shadow,6,3,3
ragnaros,288,priest,shadow,6,3,3
area-52,288,priest,shadow,6,3,3
kelthuzad,288,priest,shadow,6,3,3
emerald-dream,288,priest,shadow,6,3,3
sargeras,288,priest,shadow,6,3,3
malganis,288,priest,shadow,6,3,3
bleeding-hollow,288,priest,shadow,6,3,3
stormrage,288,priest,shadow,6,3,3
tichondrius,288,priest,shadow,6,3,3
illidan,288,priest,shadow,6,3,3
stormrage,288,priest,shadow,6,3,3
black-dragonflight,288,priest,shadow,6,3,3
tichondrius,288,priest,shadow,6,3,3
area-52,288,priest,shadow,6,3,3
tichondrius,288,priest,shadow,6,3,3
dalaran,288,priest,shadow,6,3,3
frostmourne,288,priest,shadow,6,3,3
moon-guard,288,priest,shadow,6,3,3
frostmourne,288,priest,shadow,6,3,3
moon-guard,288,priest,shadow,6,3,3
illidan,288,priest,shadow,6,3,3
dalaran,288,priest,shadow,6,3,3
alleria,288,priest,shadow,6,3,3
frostmourne,288,priest,shadow,6,3,3
frostmourne,288,priest,shadow,6,3,3
dalaran,288,priest,shadow,6,3,3
proudmoore,288,priest,shadow,6,3,3
terenas,288,priest,shadow,6,3,3
the-underbog,288,priest,shadow,12,3,9
kul-tiras,288,priest,shadow,12,3,9
darkspear,288,priest,shadow,12,3,9
tichondrius,288,priest,shadow,12,3,9
bleeding-hollow,288,priest,shadow,12,3,9
proudmoore,288,priest,shadow,12,3,9
veknilash,287,priest,shadow,7,3,4
malganis,239,priest,shadow,5,3,2
tichondrius,234,priest,shadow,10,5,5
bleeding-hollow,192,priest,shadow,4,3,1
illidan,192,priest,shadow,6,2,4
terenas,192,priest,shadow,6,2,4
proudmoore,192,priest,shadow,6,2,4
tichondrius,192,priest,shadow,6,2,4
tichondrius,192,priest,shadow,6,2,4
illidan,192,priest,shadow,6,2,4
emerald-dream,192,priest,shadow,6,2,4
lightbringer,192,priest,shadow,6,2,4
kaelthas,192,priest,shadow,6,2,4
tichondrius,192,priest,shadow,6,2,4
tichondrius,192,priest,shadow,6,2,4
stormreaver,192,priest,shadow,6,2,4
sargeras,192,priest,shadow,6,2,4
ragnaros,192,priest,shadow,6,2,4
tichondrius,192,priest,shadow,6,2,4
tichondrius,192,priest,shadow,6,2,4
earthen-ring,192,priest,shadow,6,2,4
area-52,192,priest,shadow,6,2,4
moon-guard,192,priest,shadow,6,2,4
area-52,192,priest,shadow,6,2,4
area-52,192,priest,shadow,6,2,4
area-52,192,priest,shadow,6,2,4
tichondrius,192,priest,shadow,6,2,4
tichondrius,192,priest,shadow,6,2,4
frostmourne,192,priest,shadow,6,2,4
ragnaros,192,priest,shadow,6,2,4
stormrage,192,priest,shadow,6,2,4
aegwynn,192,priest,shadow,6,2,4
shuhalo,192,priest,shadow,12,2,10
bleeding-hollow,192,priest,shadow,12,2,10
bleeding-hollow,159,priest,shadow,5,2,3
alleria,138,priest,shadow,9,4,5
tichondrius,138,priest,shadow,10,4,6
gallywix,137,priest,shadow,9,3,6
tichondrius,96,priest,shadow,6,1,5
malganis,96,priest,shadow,6,1,5
tichondrius,96,priest,shadow,6,1,5
korgath,96,priest,shadow,6,1,5
tichondrius,96,priest,shadow,6,1,5
stormrage,96,priest,shadow,6,1,5
frostmourne,96,priest,shadow,6,1,5
dalaran,96,priest,shadow,6,1,5
tichondrius,96,priest,shadow,6,1,5
tichondrius,96,priest,shadow,6,1,5
illidan,96,priest,shadow,6,1,5
arthas,96,priest,shadow,6,1,5
proudmoore,96,priest,shadow,6,1,5
deathwing,96,priest,shadow,6,1,5
sargeras,96,priest,shadow,6,1,5
illidan,96,priest,shadow,6,1,5
aerie-peak,96,priest,shadow,6,1,5
bleeding-hollow,96,priest,shadow,12,1,11
tichondrius,79,priest,shadow,5,1,4
frostmourne,63,priest,shadow,2,2,0
moon-guard,42,priest,shadow,7,2,5
azjolnerub,16,priest,shadow,1,1,0
area-52,16,priest,shadow,1,1,0
tichondrius,1825,rogue,outlaw,48,24,24
illidan,1655,rogue,outlaw,80,37,43
thunderlord,1644,rogue,outlaw,62,30,32
sargeras,1642,rogue,outlaw,53,34,19
thrall,1572,rogue,outlaw,30,22,8
illidan,1563,rogue,outlaw,91,49,42
tichondrius,1546,rogue,outlaw,39,24,15
ragnaros,1532,rogue,outlaw,52,25,27
frostmourne,1500,rogue,outlaw,42,17,25
tichondrius,1485,rogue,outlaw,54,29,25
quelthalas,1397,rogue,outlaw,53,27,26
ragnaros,1386,rogue,outlaw,72,30,42
bleeding-hollow,1379,rogue,outlaw,30,17,13
norgannon,1378,rogue,outlaw,24,18,6
kiljaeden,1334,rogue,outlaw,30,14,16
shandris,1327,rogue,outlaw,29,15,14
wyrmrest-accord,1247,rogue,outlaw,30,14,16
wyrmrest-accord,1146,rogue,outlaw,24,12,12
tichondrius,1050,rogue,outlaw,24,11,13
azralon,956,rogue,outlaw,24,10,14
senjin,910,rogue,outlaw,31,11,20
gurubashi,907,rogue,outlaw,23,10,13
tichondrius,864,rogue,outlaw,18,9,9
sargeras,799,rogue,outlaw,17,9,8
frostmourne,768,rogue,outlaw,12,8,4
area-52,765,rogue,outlaw,18,8,10
tichondrius,735,rogue,outlaw,17,8,9
kelthuzad,703,rogue,outlaw,14,8,6
illidan,672,rogue,outlaw,12,7,5
bloodscalp,672,rogue,outlaw,12,7,5
tichondrius,671,rogue,outlaw,18,7,11
quelthalas,669,rogue,outlaw,24,7,17
zuljin,665,rogue,outlaw,12,7,5
ghostlands,623,rogue,outlaw,17,7,10
sargeras,576,rogue,outlaw,12,6,6
area-52,576,rogue,outlaw,12,6,6
thunderlord,575,rogue,outlaw,15,7,8
area-52,573,rogue,outlaw,12,6,6
tichondrius,573,rogue,outlaw,15,7,8
stormrage,571,rogue,outlaw,12,6,6
nemesis,571,rogue,outlaw,12,6,6
proudmoore,527,rogue,outlaw,11,6,5
tichondrius,480,rogue,outlaw,6,5,1
tichondrius,480,rogue,outlaw,6,5,1
kelthuzad,480,rogue,outlaw,6,5,1
shadowmoon,480,rogue,outlaw,12,5,7
burning-legion,480,rogue,outlaw,12,5,7
stormrage,480,rogue,outlaw,18,5,13
hakkar,477,rogue,outlaw,12,5,7
dark-iron,477,rogue,outlaw,15,6,9
silvermoon,473,rogue,outlaw,12,5,7
tichondrius,384,rogue,outlaw,6,4,2
tichondrius,384,rogue,outlaw,6,4,2
kargath,384,rogue,outlaw,12,4,8
silvermoon,288,rogue,outlaw,6,3,3
area-52,288,rogue,outlaw,6,3,3
tichondrius,288,rogue,outlaw,6,3,3
tichondrius,288,rogue,outlaw,6,3,3
tichondrius,288,rogue,outlaw,6,3,3
emerald-dream,288,rogue,outlaw,6,3,3
azralon,288,rogue,outlaw,6,3,3
sargeras,288,rogue,outlaw,12,3,9
ghostlands,288,rogue,outlaw,12,3,9
moon-guard,288,rogue,outlaw,18,3,15
sentinels,287,rogue,outlaw,6,3,3
dalaran,256,rogue,outlaw,10,3,7
illidan,253,rogue,outlaw,11,3,8
arthas,192,rogue,outlaw,6,2,4
kelthuzad,192,rogue,outlaw,6,2,4
kiljaeden,192,rogue,outlaw,6,2,4
bladefist,192,rogue,outlaw,6,2,4
bleeding-hollow,192,rogue,outlaw,6,2,4
arathor,190,rogue,outlaw,12,2,10
stormrage,96,rogue,outlaw,6,1,5
sargeras,96,rogue,outlaw,6,1,5
quelthalas,96,rogue,outlaw,6,1,5
arthas,96,rogue,outlaw,6,1,5
undermine,95,rogue,outlaw,6,1,5
thunderlord,2111,rogue,subtlety,60,41,19
wyrmrest-accord,2043,rogue,subtlety,120,65,55
tichondrius,1894,rogue,subtlety,60,36,24
tichondrius,1865,rogue,subtlety,54,25,29
tichondrius,1849,rogue,subtlety,89,46,43
emerald-dream,1845,rogue,subtlety,59,33,26
stormrage,1823,rogue,subtlety,68,43,25
tichondrius,1817,rogue,subtlety,63,30,33
dalaran,1812,rogue,subtlety,54,26,28
sargeras,1770,rogue,subtlety,36,20,16
arthas,1744,rogue,subtlety,36,21,15
sargeras,1724,rogue,subtlety,48,25,23
sargeras,1708,rogue,subtlety,55,27,28
tichondrius,1695,rogue,subtlety,48,28,20
moon-guard,1676,rogue,subtlety,52,25,27
azralon,1672,rogue,subtlety,60,33,27
sargeras,1672,rogue,subtlety,42,23,19
tichondrius,1662,rogue,subtlety,62,27,35
ragnaros,1628,rogue,subtlety,48,24,24
tichondrius,1623,rogue,subtlety,36,20,16
tichondrius,1614,rogue,subtlety,30,24,6
moon-guard,1612,rogue,subtlety,86,47,39
sargeras,1609,rogue,subtlety,36,17,19
kelthuzad,1603,rogue,subtlety,42,20,22
tichondrius,1580,rogue,subtlety,41,22,19
barthilas,1574,rogue,subtlety,42,18,24
tichondrius,1563,rogue,subtlety,45,17,28
kelthuzad,1502,rogue,subtlety,29,16,13
crushridge,1493,rogue,subtlety,78,38,40
tichondrius,1442,rogue,subtlety,42,24,18
tichondrius,1434,rogue,subtlety,36,22,14
ysera,1420,rogue,subtlety,24,15,9
tichondrius,1413,rogue,subtlety,39,15,24
illidan,1410,rogue,subtlety,72,44,28
wyrmrest-accord,1410,rogue,subtlety,62,28,34
wyrmrest-accord,1391,rogue,subtlety,25,16,9
azralon,1380,rogue,subtlety,38,17,21
barthilas,1379,rogue,subtlety,24,15,9
quelthalas,1365,rogue,subtlety,47,28,19
drakkari,1359,rogue,subtlety,36,22,14
illidan,1337,rogue,subtlety,24,14,10
frostmourne,1324,rogue,subtlety,24,14,10
lightnings-blade,1322,rogue,subtlety,24,14,10
icecrown,1321,rogue,subtlety,77,48,29
dalaran,1312,rogue,subtlety,36,17,19
azralon,1308,rogue,subtlety,29,15,14
barthilas,1299,rogue,subtlety,59,24,35
icecrown,1281,rogue,subtlety,42,17,25
emerald-dream,1275,rogue,subtlety,23,14,9
frostmourne,1263,rogue,subtlety,53,33,20
malganis,1258,rogue,subtlety,30,15,15
stormrage,1257,rogue,subtlety,56,26,30
tichondrius,1246,rogue,subtlety,36,13,23
korgath,1245,rogue,subtlety,18,14,4
stormrage,1243,rogue,subtlety,30,13,17
hydraxis,1242,rogue,subtlety,30,13,17
warsong,1232,rogue,subtlety,18,13,5
thrall,1218,rogue,subtlety,30,13,17
frostmourne,1191,rogue,subtlety,39,17,22
moonrunner,1184,rogue,subtlety,52,17,35
destromath,1177,rogue,subtlety,29,13,16
blades-edge,1152,rogue,subtlety,18,12,6
tichondrius,1152,rogue,subtlety,24,12,12
whisperwind,1151,rogue,subtlety,30,12,18
lothar,1149,rogue,subtlety,24,12,12
hakkar,1148,rogue,subtlety,50,22,28
bonechewer,1144,rogue,subtlety,24,12,12
aegwynn,1121,rogue,subtlety,45,20,25
tichondrius,1115,rogue,subtlety,24,13,11
spirestone,1094,rogue,subtlety,30,12,18
arthas,1093,rogue,subtlety,61,36,25
tichondrius,1087,rogue,subtlety,23,12,11
tichondrius,1082,rogue,subtlety,40,16,24
frostmourne,1054,rogue,subtlety,18,11,7
tichondrius,1054,rogue,subtlety,24,11,13
arathor,1049,rogue,subtlety,36,19,17
stormrage,1048,rogue,subtlety,24,11,13
dalaran,1045,rogue,subtlety,24,11,13
ragnaros,1041,rogue,subtlety,24,12,12
area-52,1008,rogue,subtlety,60,30,30
veknilash,960,rogue,subtlety,12,10,2
tichondrius,960,rogue,subtlety,24,10,14
arygos,958,rogue,subtlety,18,10,8
illidan,957,rogue,subtlety,24,10,14
emerald-dream,955,rogue,subtlety,18,10,8
nemesis,955,rogue,subtlety,27,11,16
illidan,872,rogue,subtlety,28,11,17
dalaran,864,rogue,subtlety,12,9,3
tichondrius,864,rogue,subtlety,18,9,9
tichondrius,864,rogue,subtlety,18,9,9
arthas,864,rogue,subtlety,24,9,15
proudmoore,863,rogue,subtlety,18,9,9
tichondrius,861,rogue,subtlety,18,9,9
frostmourne,850,rogue,subtlety,24,9,15
illidan,842,rogue,subtlety,18,9,9
sargeras,841,rogue,subtlety,44,19,25
dalaran,829,rogue,subtlety,23,9,14
stormrage,783,rogue,subtlety,22,9,13
tichondrius,768,rogue,subtlety,12,8,4
tichondrius,768,rogue,subtlety,12,8,4
kelthuzad,768,rogue,subtlety,12,8,4
malfurion,766,rogue,subtlety,18,8,10
mugthol,764,rogue,subtlety,12,8,4
spinebreaker,756,rogue,subtlety,12,8,4
sargeras,745,rogue,subtlety,16,10,6
rivendare,735,rogue,subtlety,17,8,9
agamaggan,733,rogue,subtlety,17,8,9
tichondrius,719,rogue,subtlety,15,8,7
nemesis,699,rogue,subtlety,20,8,12
dalaran,688,rogue,subtlety,16,8,8
kelthuzad,672,rogue,subtlety,12,7,5
area-52,672,rogue,subtlety,12,7,5
tichondrius,672,rogue,subtlety,12,7,5
sargeras,672,rogue,subtlety,12,7,5
illidan,672,rogue,subtlety,12,7,5
stormrage,672,rogue,subtlety,12,7,5
stormrage,672,rogue,subtlety,12,7,5
frostmourne,672,rogue,subtlety,18,7,11
kelthuzad,672,rogue,subtlety,18,7,11
tichondrius,672,rogue,subtlety,24,7,17
tichondrius,671,rogue,subtlety,12,7,5
frostmourne,671,rogue,subtlety,12,7,5
proudmoore,671,rogue,subtlety,12,7,5
bleeding-hollow,671,rogue,subtlety,18,7,11
malganis,671,rogue,subtlety,18,7,11
frostmane,671,rogue,subtlety,18,7,11
barthilas,670,rogue,subtlety,12,7,5
sargeras,669,rogue,subtlety,12,7,5
malganis,667,rogue,subtlety,12,7,5
tichondrius,667,rogue,subtlety,18,7,11
whisperwind,665,rogue,subtlety,12,7,5
dalaran,639,rogue,subtlety,17,7,10
tichondrius,608,rogue,subtlety,22,7,15
quelthalas,576,rogue,subtlety,10,7,3
tichondrius,576,rogue,subtlety,12,6,6
rexxar,576,rogue,subtlety,12,6,6
proudmoore,576,rogue,subtlety,12,6,6
sargeras,576,rogue,subtlety,12,6,6
emerald-dream,576,rogue,subtlety,12,6,6
illidan,576,rogue,subtlety,12,6,6
kelthuzad,576,rogue,subtlety,12,6,6
illidan,576,rogue,subtlety,12,6,6
stormrage,576,rogue,subtlety,12,6,6
area-52,576,rogue,subtlety,12,6,6
area-52,576,rogue,subtlety,24,6,18
tichondrius,575,rogue,subtlety,12,6,6
jubeithos,575,rogue,subtlety,12,6,6
tichondrius,575,rogue,subtlety,12,6,6
tichondrius,575,rogue,subtlety,12,6,6
stormrage,575,rogue,subtlety,18,6,12
proudmoore,573,rogue,subtlety,12,6,6
destromath,560,rogue,subtlety,18,6,12
stormrage,527,rogue,subtlety,11,6,5
dalaran,480,rogue,subtlety,12,5,7
magtheridon,480,rogue,subtlety,12,5,7
area-52,480,rogue,subtlety,12,5,7
dalaran,480,rogue,subtlety,12,5,7
sargeras,480,rogue,subtlety,12,5,7
lightnings-blade,480,rogue,subtlety,12,5,7
blades-edge,480,rogue,subtlety,12,5,7
stormrage,480,rogue,subtlety,12,5,7
zuljin,480,rogue,subtlety,12,5,7
stormrage,480,rogue,subtlety,13,5,8
amanthul,479,rogue,subtlety,6,5,1
bleeding-hollow,479,rogue,subtlety,12,5,7
illidan,479,rogue,subtlety,12,5,7
tichondrius,479,rogue,subtlety,12,5,7
tichondrius,479,rogue,subtlety,18,5,13
azralon,478,rogue,subtlety,12,5,7
daggerspine,477,rogue,subtlety,12,5,7
thunderlord,477,rogue,subtlety,12,5,7
amanthul,475,rogue,subtlety,12,5,7
sargeras,447,rogue,subtlety,11,5,6
skullcrusher,447,rogue,subtlety,11,5,6
zuljin,447,rogue,subtlety,14,6,8
tichondrius,416,rogue,subtlety,10,5,5
stormrage,384,rogue,subtlety,6,4,2
tichondrius,384,rogue,subtlety,6,4,2
tichondrius,384,rogue,subtlety,6,4,2
tichondrius,384,rogue,subtlety,6,4,2
thrall,384,rogue,subtlety,6,4,2
tichondrius,384,rogue,subtlety,6,4,2
stormrage,384,rogue,subtlety,6,4,2
quelthalas,384,rogue,subtlety,6,4,2
illidan,384,rogue,subtlety,6,4,2
illidan,384,rogue,subtlety,6,4,2
illidan,384,rogue,subtlety,6,4,2
warsong,384,rogue,subtlety,6,4,2
illidan,384,rogue,subtlety,6,4,2
area-52,384,rogue,subtlety,6,4,2
frostmourne,384,rogue,subtlety,6,4,2
zuljin,384,rogue,subtlety,6,4,2
aegwynn,384,rogue,subtlety,6,4,2
dragonmaw,384,rogue,subtlety,6,4,2
hellscream,384,rogue,subtlety,6,4,2
barthilas,384,rogue,subtlety,15,5,10
proudmoore,384,rogue,subtlety,12,4,8
tichondrius,384,rogue,subtlety,12,4,8
azralon,384,rogue,subtlety,12,4,8
tichondrius,384,rogue,subtlety,12,4,8
tichondrius,384,rogue,subtlety,12,4,8
sargeras,384,rogue,subtlety,12,4,8
tichondrius,384,rogue,subtlety,12,4,8
bleeding-hollow,384,rogue,subtlety,12,4,8
ragnaros,384,rogue,subtlety,12,4,8
tichondrius,383,rogue,subtlety,6,4,2
moon-guard,383,rogue,subtlety,12,4,8
frostmourne,383,rogue,subtlety,12,4,8
frostwolf,383,rogue,subtlety,12,4,8
aerie-peak,383,rogue,subtlety,13,4,9
nemesis,382,rogue,subtlety,6,4,2
lightninghoof,350,rogue,subtlety,9,5,4
wyrmrest-accord,327,rogue,subtlety,6,5,1
illidan,320,rogue,subtlety,16,4,12
stormrage,288,rogue,subtlety,6,3,3
frostmourne,288,rogue,subtlety,6,3,3
azjolnerub,288,rogue,subtlety,6,3,3
moon-guard,288,rogue,subtlety,6,3,3
wyrmrest-accord,288,rogue,subtlety,6,3,3
moon-guard,288,rogue,subtlety,6,3,3
kiljaeden,288,rogue,subtlety,6,3,3
malganis,288,rogue,subtlety,6,3,3
tichondrius,288,rogue,subtlety,6,3,3
proudmoore,288,rogue,subtlety,6,3,3
proudmoore,288,rogue,subtlety,6,3,3
dentarg,288,rogue,subtlety,6,3,3
azralon,288,rogue,subtlety,6,3,3
bonechewer,288,rogue,subtlety,6,3,3
barthilas,288,rogue,subtlety,6,3,3
tichondrius,288,rogue,subtlety,6,3,3
skullcrusher,288,rogue,subtlety,6,3,3
tichondrius,288,rogue,subtlety,6,3,3
stormscale,288,rogue,subtlety,6,3,3
kelthuzad,288,rogue,subtlety,6,3,3
the-venture-co,288,rogue,subtlety,6,3,3
tichondrius,288,rogue,subtlety,6,3,3
dalaran,288,rogue,subtlety,6,3,3
sargeras,288,rogue,subtlety,9,4,5
malganis,288,rogue,subtlety,7,3,4
sargeras,288,rogue,subtlety,12,3,9
malganis,288,rogue,subtlety,12,3,9
stormrage,288,rogue,subtlety,12,3,9
stormrage,288,rogue,subtlety,12,3,9
kelthuzad,287,rogue,subtlety,6,3,3
barthilas,286,rogue,subtlety,6,3,3
bleeding-hollow,239,rogue,subtlety,5,3,2
tichondrius,239,rogue,subtlety,5,3,2
fenris,234,rogue,subtlety,9,4,5
lothar,192,rogue,subtlety,6,2,4
whisperwind,192,rogue,subtlety,6,2,4
sargeras,192,rogue,subtlety,6,2,4
sargeras,192,rogue,subtlety,6,2,4
sargeras,192,rogue,subtlety,6,2,4
sargeras,192,rogue,subtlety,6,2,4
bleeding-hollow,192,rogue,subtlety,6,2,4
azuremyst,192,rogue,subtlety,6,2,4
bleeding-hollow,192,rogue,subtlety,6,2,4
area-52,192,rogue,subtlety,6,2,4
gundrak,192,rogue,subtlety,6,2,4
sargeras,192,rogue,subtlety,6,2,4
darkspear,192,rogue,subtlety,6,2,4
windrunner,192,rogue,subtlety,6,2,4
stormrage,192,rogue,subtlety,6,2,4
wyrmrest-accord,192,rogue,subtlety,6,2,4
wyrmrest-accord,192,rogue,subtlety,6,2,4
quelthalas,192,rogue,subtlety,6,2,4
icecrown,192,rogue,subtlety,6,2,4
icecrown,192,rogue,subtlety,6,2,4
tortheldrin,192,rogue,subtlety,6,2,4
illidan,192,rogue,subtlety,6,2,4
area-52,192,rogue,subtlety,6,2,4
emerald-dream,192,rogue,subtlety,6,2,4
dragonmaw,192,rogue,subtlety,6,2,4
tichondrius,192,rogue,subtlety,6,2,4
thrall,192,rogue,subtlety,6,2,4
tichondrius,192,rogue,subtlety,6,2,4
tichondrius,192,rogue,subtlety,6,2,4
tichondrius,192,rogue,subtlety,6,2,4
dalaran,192,rogue,subtlety,6,2,4
ghostlands,192,rogue,subtlety,8,2,6
tichondrius,192,rogue,subtlety,11,2,9
illidan,192,rogue,subtlety,12,2,10
quelthalas,191,rogue,subtlety,6,2,4
tichondrius,159,rogue,subtlety,5,2,3
tichondrius,159,rogue,subtlety,5,2,3
area-52,159,rogue,subtlety,5,2,3
moon-guard,159,rogue,subtlety,5,2,3
uldaman,128,rogue,subtlety,4,2,2
frostmourne,128,rogue,subtlety,4,2,2
the-forgotten-coast,96,rogue,subtlety,3,2,1
sargeras,96,rogue,subtlety,6,1,5
stormscale,96,rogue,subtlety,6,1,5
barthilas,96,rogue,subtlety,6,1,5
barthilas,96,rogue,subtlety,6,1,5
dalaran,96,rogue,subtlety,6,1,5
malganis,96,rogue,subtlety,6,1,5
stormrage,96,rogue,subtlety,6,1,5
thrall,96,rogue,subtlety,6,1,5
wyrmrest-accord,96,rogue,subtlety,6,1,5
stormrage,96,rogue,subtlety,6,1,5
ragnaros,96,rogue,subtlety,6,1,5
stormrage,96,rogue,subtlety,6,1,5
magtheridon,96,rogue,subtlety,6,1,5
zuljin,96,rogue,subtlety,6,1,5
shadowmoon,96,rogue,subtlety,6,1,5
terenas,96,rogue,subtlety,6,1,5
tichondrius,96,rogue,subtlety,6,1,5
illidan,96,rogue,subtlety,6,1,5
malganis,96,rogue,subtlety,6,1,5
darkspear,96,rogue,subtlety,6,1,5
frostwolf,96,rogue,subtlety,6,1,5
firetree,96,rogue,subtlety,6,1,5
ghostlands,63,rogue,subtlety,2,2,0
barthilas,42,rogue,subtlety,10,2,8
dalaran,42,rogue,subtlety,11,2,9
tichondrius,1865,rogue,assassination,48,25,23
arygos,1851,rogue,assassination,47,20,27
frostmourne,1846,rogue,assassination,78,38,40
tichondrius,1831,rogue,assassination,57,23,34
tichondrius,1808,rogue,assassination,36,19,17
drenden,1801,rogue,assassination,42,19,23
kelthuzad,1716,rogue,assassination,42,18,24
draenor,1685,rogue,assassination,30,18,12
khazgoroth,1672,rogue,assassination,54,23,31
tichondrius,1664,rogue,assassination,42,24,18
illidan,1664,rogue,assassination,65,35,30
tichondrius,1658,rogue,assassination,36,22,14
zuljin,1648,rogue,assassination,45,20,25
drenden,1642,rogue,assassination,83,41,42
lothar,1636,rogue,assassination,42,21,21
darkspear,1610,rogue,assassination,36,18,18
tichondrius,1602,rogue,assassination,42,20,22
proudmoore,1602,rogue,assassination,48,21,27
skullcrusher,1598,rogue,assassination,36,22,14
sargeras,1587,rogue,assassination,53,25,28
tichondrius,1560,rogue,assassination,98,48,50
proudmoore,1552,rogue,assassination,42,24,18
tichondrius,1544,rogue,assassination,48,23,25
black-dragonflight,1532,rogue,assassination,66,32,34
moon-guard,1500,rogue,assassination,34,16,18
sargeras,1495,rogue,assassination,36,17,19
moon-guard,1481,rogue,assassination,81,51,30
bleeding-hollow,1456,rogue,assassination,60,26,34
area-52,1429,rogue,assassination,32,16,16
kiljaeden,1410,rogue,assassination,87,42,45
barthilas,1238,rogue,assassination,29,15,14
proudmoore,1234,rogue,assassination,66,29,37
tichondrius,1151,rogue,assassination,30,12,18
stormrage,1119,rogue,assassination,48,27,21
ragnaros,1107,rogue,assassination,24,13,11
moon-guard,1074,rogue,assassination,47,21,26
bleeding-hollow,1055,rogue,assassination,24,11,13
tichondrius,1053,rogue,assassination,30,11,19
area-52,1040,rogue,assassination,30,12,18
emerald-dream,1006,rogue,assassination,23,11,12
thunderlord,983,rogue,assassination,26,13,13
stormrage,960,rogue,assassination,24,10,14
tichondrius,960,rogue,assassination,30,10,20
illidan,959,rogue,assassination,18,10,8
frostmourne,959,rogue,assassination,24,10,14
moon-guard,957,rogue,assassination,24,10,14
tichondrius,957,rogue,assassination,24,10,14
moon-guard,956,rogue,assassination,30,10,20
tichondrius,907,rogue,assassination,23,10,13
sargeras,864,rogue,assassination,12,9,3
illidan,864,rogue,assassination,18,9,9
tichondrius,863,rogue,assassination,18,9,9
spirestone,861,rogue,assassination,12,9,3
darkspear,861,rogue,assassination,18,9,9
dalaran,845,rogue,assassination,37,9,28
stormrage,768,rogue,assassination,12,8,4
ragnaros,768,rogue,assassination,12,8,4
moon-guard,768,rogue,assassination,12,8,4
frostmourne,767,rogue,assassination,12,8,4
tichondrius,767,rogue,assassination,18,8,10
tichondrius,766,rogue,assassination,12,8,4
proudmoore,765,rogue,assassination,15,9,6
area-52,763,rogue,assassination,24,8,16
drakkari,762,rogue,assassination,12,8,4
nemesis,753,rogue,assassination,21,9,12
dalaran,752,rogue,assassination,18,8,10
tichondrius,704,rogue,assassination,10,8,2
illidan,698,rogue,assassination,20,8,12
tichondrius,672,rogue,assassination,12,7,5
tichondrius,672,rogue,assassination,18,7,11
tichondrius,672,rogue,assassination,30,7,23
shadowmoon,671,rogue,assassination,12,7,5
tichondrius,671,rogue,assassination,12,7,5
stormrage,671,rogue,assassination,12,7,5
tichondrius,671,rogue,assassination,18,7,11
lightnings-blade,670,rogue,assassination,12,7,5
burning-blade,667,rogue,assassination,18,7,11
bleeding-hollow,607,rogue,assassination,14,7,7
frostmourne,576,rogue,assassination,12,6,6
tichondrius,576,rogue,assassination,12,6,6
azralon,576,rogue,assassination,12,6,6
tichondrius,576,rogue,assassination,18,6,12
stormrage,575,rogue,assassination,6,6,0
frostmourne,575,rogue,assassination,12,6,6
malganis,575,rogue,assassination,12,6,6
tichondrius,575,rogue,assassination,12,6,6
thrall,575,rogue,assassination,12,6,6
kiljaeden,574,rogue,assassination,17,6,11
tichondrius,572,rogue,assassination,12,6,6
elune,571,rogue,assassination,12,6,6
tichondrius,570,rogue,assassination,15,7,8
nemesis,569,rogue,assassination,18,6,12
nemesis,567,rogue,assassination,18,6,12
onyxia,511,rogue,assassination,10,6,4
azralon,510,rogue,assassination,14,6,8
zuljin,496,rogue,assassination,13,6,7
sargeras,480,rogue,assassination,6,5,1
moon-guard,480,rogue,assassination,6,5,1
frostmourne,480,rogue,assassination,6,5,1
tichondrius,480,rogue,assassination,6,5,1
fizzcrank,480,rogue,assassination,12,5,7
barthilas,480,rogue,assassination,12,5,7
kelthuzad,480,rogue,assassination,12,5,7
arthas,480,rogue,assassination,12,5,7
arthas,480,rogue,assassination,12,5,7
moon-guard,479,rogue,assassination,12,5,7
tortheldrin,473,rogue,assassination,18,5,13
tichondrius,416,rogue,assassination,28,5,23
bloodscalp,415,rogue,assassination,11,5,6
boulderfist,384,rogue,assassination,6,4,2
gurubashi,384,rogue,assassination,6,4,2
tichondrius,384,rogue,assassination,6,4,2
sargeras,384,rogue,assassination,6,4,2
emerald-dream,384,rogue,assassination,6,4,2
stormrage,384,rogue,assassination,6,4,2
dalaran,384,rogue,assassination,12,4,8
sargeras,384,rogue,assassination,12,4,8
stormrage,384,rogue,assassination,12,4,8
illidan,384,rogue,assassination,12,4,8
icecrown,384,rogue,assassination,12,4,8
stormrage,384,rogue,assassination,12,4,8
tichondrius,384,rogue,assassination,12,4,8
tichondrius,384,rogue,assassination,15,4,11
sargeras,383,rogue,assassination,12,4,8
nemesis,383,rogue,assassination,12,4,8
bleeding-hollow,382,rogue,assassination,6,4,2
azshara,382,rogue,assassination,12,4,8
tichondrius,319,rogue,assassination,14,4,10
quelthalas,304,rogue,assassination,7,4,3
nemesis,288,rogue,assassination,6,3,3
azralon,288,rogue,assassination,6,3,3
nemesis,288,rogue,assassination,6,3,3
area-52,288,rogue,assassination,6,3,3
tichondrius,288,rogue,assassination,6,3,3
zuljin,288,rogue,assassination,6,3,3
tichondrius,288,rogue,assassination,6,3,3
proudmoore,288,rogue,assassination,6,3,3
hyjal,288,rogue,assassination,6,3,3
blackrock,288,rogue,assassination,6,3,3
illidan,288,rogue,assassination,6,3,3
illidan,288,rogue,assassination,6,3,3
tichondrius,288,rogue,assassination,6,3,3
aegwynn,288,rogue,assassination,6,3,3
mannoroth,288,rogue,assassination,6,3,3
tichondrius,288,rogue,assassination,6,3,3
queldorei,288,rogue,assassination,6,3,3
stormrage,288,rogue,assassination,12,3,9
black-dragonflight,288,rogue,assassination,12,3,9
khadgar,288,rogue,assassination,12,3,9
stormrage,288,rogue,assassination,12,3,9
emerald-dream,288,rogue,assassination,18,3,15
demon-soul,287,rogue,assassination,6,3,3
stormrage,287,rogue,assassination,6,3,3
azshara,287,rogue,assassination,6,3,3
arathor,287,rogue,assassination,12,3,9
stormreaver,286,rogue,assassination,6,3,3
nemesis,285,rogue,assassination,12,3,9
barthilas,239,rogue,assassination,5,3,2
sargeras,234,rogue,assassination,8,4,4
area-52,234,rogue,assassination,11,5,6
agamaggan,232,rogue,assassination,7,4,3
bleeding-hollow,192,rogue,assassination,6,2,4
tichondrius,192,rogue,assassination,6,2,4
ghostlands,192,rogue,assassination,6,2,4
zuluhed,192,rogue,assassination,6,2,4
area-52,192,rogue,assassination,6,2,4
azjolnerub,192,rogue,assassination,6,2,4
tichondrius,192,rogue,assassination,6,2,4
tichondrius,192,rogue,assassination,6,2,4
bleeding-hollow,192,rogue,assassination,6,2,4
tichondrius,192,rogue,assassination,6,2,4
sargeras,192,rogue,assassination,6,2,4
area-52,192,rogue,assassination,6,2,4
azralon,192,rogue,assassination,6,2,4
stormrage,192,rogue,assassination,6,2,4
aegwynn,192,rogue,assassination,6,2,4
archimonde,192,rogue,assassination,6,2,4
burning-blade,192,rogue,assassination,6,2,4
quelthalas,192,rogue,assassination,6,2,4
stormrage,192,rogue,assassination,6,2,4
proudmoore,192,rogue,assassination,6,2,4
thunderlord,192,rogue,assassination,6,2,4
bleeding-hollow,192,rogue,assassination,6,2,4
azralon,192,rogue,assassination,6,2,4
sargeras,192,rogue,assassination,6,2,4
vashj,192,rogue,assassination,6,2,4
tichondrius,192,rogue,assassination,6,2,4
azralon,192,rogue,assassination,6,2,4
dalaran,192,rogue,assassination,6,2,4
dalaran,192,rogue,assassination,6,2,4
daggerspine,192,rogue,assassination,11,2,9
quelthalas,192,rogue,assassination,11,2,9
lightbringer,192,rogue,assassination,12,2,10
tichondrius,192,rogue,assassination,12,2,10
illidan,191,rogue,assassination,6,2,4
shadowsong,175,rogue,assassination,13,3,10
area-52,175,rogue,assassination,11,2,9
moon-guard,159,rogue,assassination,5,2,3
bloodscalp,138,rogue,assassination,20,4,16
thrall,96,rogue,assassination,3,2,1
stormrage,96,rogue,assassination,6,1,5
area-52,96,rogue,assassination,6,1,5
bleeding-hollow,96,rogue,assassination,6,1,5
illidan,96,rogue,assassination,6,1,5
arthas,96,rogue,assassination,6,1,5
quelthalas,96,rogue,assassination,6,1,5
drakkari,96,rogue,assassination,6,1,5
azralon,96,rogue,assassination,6,1,5
azralon,96,rogue,assassination,6,1,5
lethon,96,rogue,assassination,6,1,5
the-venture-co,96,rogue,assassination,6,1,5
quelthalas,96,rogue,assassination,6,1,5
duskwood,96,rogue,assassination,6,1,5
destromath,96,rogue,assassination,6,1,5
magtheridon,96,rogue,assassination,6,1,5
dalaran,96,rogue,assassination,6,1,5
sargeras,96,rogue,assassination,6,1,5
wyrmrest-accord,96,rogue,assassination,6,1,5
tichondrius,96,rogue,assassination,6,1,5
tichondrius,96,rogue,assassination,6,1,5
blackrock,96,rogue,assassination,6,1,5
dalaran,96,rogue,assassination,6,1,5
tichondrius,96,rogue,assassination,6,1,5
frostwolf,96,rogue,assassination,6,1,5
moon-guard,96,rogue,assassination,6,1,5
amanthul,96,rogue,assassination,6,1,5
proudmoore,96,rogue,assassination,6,1,5
stormrage,96,rogue,assassination,12,1,11
area-52,96,rogue,assassination,12,1,11
illidan,96,rogue,assassination,12,1,11
zuljin,95,rogue,assassination,6,1,5
gorgonnash,95,rogue,assassination,7,1,6
bonechewer,48,rogue,assassination,3,1,2
tichondrius,48,rogue,assassination,3,1,2
sargeras,31,rogue,assassination,2,1,1
tichondrius,2147,shaman,restoration,72,45,27
area-52,2107,shaman,restoration,79,46,33
thrall,2097,shaman,restoration,60,37,23
malganis,2050,shaman,restoration,162,89,73
malganis,1971,shaman,restoration,76,38,38
tichondrius,1962,shaman,restoration,146,71,75
tichondrius,1931,shaman,restoration,91,48,43
kelthuzad,1918,shaman,restoration,58,34,24
tichondrius,1916,shaman,restoration,60,28,32
tichondrius,1910,shaman,restoration,72,34,38
area-52,1897,shaman,restoration,72,37,35
dragonmaw,1891,shaman,restoration,66,34,32
tichondrius,1888,shaman,restoration,95,53,42
tichondrius,1887,shaman,restoration,84,40,44
stormrage,1886,shaman,restoration,47,26,21
tichondrius,1854,shaman,restoration,48,26,22
tichondrius,1853,shaman,restoration,156,75,81
kiljaeden,1852,shaman,restoration,48,25,23
garrosh,1847,shaman,restoration,44,28,16
area-52,1842,shaman,restoration,96,47,49
zuljin,1825,shaman,restoration,43,23,20
tichondrius,1825,shaman,restoration,64,31,33
dalaran,1825,shaman,restoration,72,30,42
illidan,1824,shaman,restoration,102,51,51
tichondrius,1819,shaman,restoration,29,23,6
tichondrius,1809,shaman,restoration,48,28,20
kirin-tor,1809,shaman,restoration,62,31,31
bleeding-hollow,1809,shaman,restoration,48,24,24
tichondrius,1808,shaman,restoration,117,54,63
tichondrius,1804,shaman,restoration,96,46,50
azshara,1803,shaman,restoration,50,24,26
bleeding-hollow,1802,shaman,restoration,71,44,27
bleeding-hollow,1797,shaman,restoration,48,26,22
ragnaros,1797,shaman,restoration,36,19,17
thrall,1794,shaman,restoration,42,19,23
tichondrius,1792,shaman,restoration,77,45,32
kiljaeden,1778,shaman,restoration,51,24,27
altar-of-storms,1769,shaman,restoration,72,32,40
dunemaul,1765,shaman,restoration,78,40,38
tichondrius,1755,shaman,restoration,42,23,19
thrall,1744,shaman,restoration,56,32,24
spirestone,1735,shaman,restoration,73,40,33
illidan,1735,shaman,restoration,108,48,60
tichondrius,1727,shaman,restoration,44,24,20
tichondrius,1721,shaman,restoration,36,24,12
barthilas,1706,shaman,restoration,42,24,18
tichondrius,1692,shaman,restoration,48,22,26
frostmourne,1691,shaman,restoration,28,19,9
bonechewer,1654,shaman,restoration,36,24,12
blackwing-lair,1651,shaman,restoration,36,21,15
barthilas,1648,shaman,restoration,122,65,57
barthilas,1637,shaman,restoration,46,22,24
kiljaeden,1637,shaman,restoration,48,21,27
hyjal,1631,shaman,restoration,42,23,19
quelthalas,1627,shaman,restoration,48,26,22
darkspear,1626,shaman,restoration,60,30,30
bonechewer,1626,shaman,restoration,90,41,49
tichondrius,1616,shaman,restoration,42,20,22
sargeras,1615,shaman,restoration,54,31,23
icecrown,1615,shaman,restoration,57,27,30
illidan,1607,shaman,restoration,113,69,44
kelthuzad,1607,shaman,restoration,74,41,33
bleeding-hollow,1600,shaman,restoration,43,31,12
tichondrius,1596,shaman,restoration,56,36,20
barthilas,1595,shaman,restoration,39,25,14
tichondrius,1586,shaman,restoration,30,17,13
sargeras,1582,shaman,restoration,36,21,15
illidan,1580,shaman,restoration,36,19,17
ragnaros,1573,shaman,restoration,45,21,24
sargeras,1569,shaman,restoration,36,19,17
area-52,1560,shaman,restoration,113,53,60
stormrage,1555,shaman,restoration,36,17,19
aggramar,1548,shaman,restoration,36,18,18
zuljin,1544,shaman,restoration,67,31,36
tichondrius,1539,shaman,restoration,36,18,18
illidan,1536,shaman,restoration,40,19,21
thrall,1533,shaman,restoration,24,16,8
sargeras,1530,shaman,restoration,48,31,17
quelthalas,1529,shaman,restoration,24,16,8
sargeras,1520,shaman,restoration,66,35,31
cenarius,1506,shaman,restoration,87,41,46
illidan,1506,shaman,restoration,77,32,45
blackrock,1498,shaman,restoration,33,18,15
tichondrius,1498,shaman,restoration,118,54,64
dark-iron,1489,shaman,restoration,44,22,22
mannoroth,1484,shaman,restoration,157,82,75
stormrage,1477,shaman,restoration,42,24,18
lightbringer,1476,shaman,restoration,44,23,21
scilla,1476,shaman,restoration,230,116,114
proudmoore,1475,shaman,restoration,60,28,32
zuljin,1473,shaman,restoration,36,19,17
quelthalas,1469,shaman,restoration,42,23,19
tichondrius,1469,shaman,restoration,46,22,24
tichondrius,1465,shaman,restoration,105,62,43
vashj,1465,shaman,restoration,42,23,19
bleeding-hollow,1465,shaman,restoration,56,28,28
maiev,1465,shaman,restoration,71,30,41
boulderfist,1456,shaman,restoration,42,25,17
area-52,1439,shaman,restoration,24,15,9
illidan,1438,shaman,restoration,24,15,9
area-52,1436,shaman,restoration,71,37,34
area-52,1435,shaman,restoration,155,75,80
andorhal,1434,shaman,restoration,24,15,9
tichondrius,1434,shaman,restoration,29,17,12
ragnaros,1433,shaman,restoration,30,16,14
silvermoon,1432,shaman,restoration,44,26,18
area-52,1431,shaman,restoration,117,55,62
tichondrius,1417,shaman,restoration,24,15,9
azralon,1417,shaman,restoration,36,18,18
zuljin,1416,shaman,restoration,179,93,86
barthilas,1412,shaman,restoration,48,26,22
eonar,1409,shaman,restoration,30,15,15
azralon,1408,shaman,restoration,59,22,37
tichondrius,1405,shaman,restoration,35,15,20
stormrage,1395,shaman,restoration,34,16,18
malganis,1389,shaman,restoration,42,33,9
sargeras,1389,shaman,restoration,42,24,18
tichondrius,1389,shaman,restoration,36,17,19
emerald-dream,1387,shaman,restoration,54,24,30
tichondrius,1387,shaman,restoration,60,23,37
bleeding-hollow,1385,shaman,restoration,66,33,33
moon-guard,1384,shaman,restoration,24,16,8
tichondrius,1377,shaman,restoration,54,33,21
quelthalas,1376,shaman,restoration,70,37,33
nemesis,1375,shaman,restoration,36,16,20
tichondrius,1374,shaman,restoration,34,15,19
barthilas,1372,shaman,restoration,40,23,17
tichondrius,1370,shaman,restoration,58,22,36
moon-guard,1362,shaman,restoration,30,15,15
barthilas,1362,shaman,restoration,30,15,15
tichondrius,1347,shaman,restoration,48,25,23
illidan,1342,shaman,restoration,24,14,10
frostmourne,1341,shaman,restoration,30,14,16
tichondrius,1339,shaman,restoration,24,14,10
bleeding-hollow,1339,shaman,restoration,35,20,15
stormrage,1339,shaman,restoration,89,50,39
kelthuzad,1338,shaman,restoration,42,21,21
tichondrius,1337,shaman,restoration,24,14,10
darkspear,1336,shaman,restoration,36,14,22
azralon,1330,shaman,restoration,24,14,10
shadowsong,1327,shaman,restoration,24,14,10
ragnaros,1326,shaman,restoration,41,26,15
agamaggan,1322,shaman,restoration,90,40,50
dalaran,1321,shaman,restoration,24,14,10
tichondrius,1320,shaman,restoration,23,14,9
senjin,1310,shaman,restoration,30,16,14
barthilas,1309,shaman,restoration,69,31,38
azshara,1305,shaman,restoration,76,39,37
dalaran,1303,shaman,restoration,42,14,28
area-52,1302,shaman,restoration,18,14,4
area-52,1295,shaman,restoration,47,25,22
azralon,1295,shaman,restoration,48,23,25
moon-guard,1287,shaman,restoration,30,18,12
tichondrius,1279,shaman,restoration,29,14,15
tichondrius,1279,shaman,restoration,102,45,57
illidan,1266,shaman,restoration,63,30,33
zuljin,1259,shaman,restoration,48,15,33
eonar,1251,shaman,restoration,28,14,14
bleeding-hollow,1247,shaman,restoration,18,13,5
stormrage,1247,shaman,restoration,18,13,5
malganis,1247,shaman,restoration,32,17,15
korgath,1232,shaman,restoration,87,44,43
warsong,1218,shaman,restoration,24,13,11
tichondrius,1215,shaman,restoration,40,19,21
sargeras,1213,shaman,restoration,23,13,10
kiljaeden,1212,shaman,restoration,18,14,4
queldorei,1209,shaman,restoration,30,15,15
dalaran,1209,shaman,restoration,61,29,32
area-52,1207,shaman,restoration,82,31,51
sargeras,1199,shaman,restoration,58,24,34
wyrmrest-accord,1198,shaman,restoration,71,36,35
norgannon,1181,shaman,restoration,29,15,14
ragnaros,1180,shaman,restoration,36,13,23
frostmourne,1179,shaman,restoration,54,24,30
quelthalas,1178,shaman,restoration,25,15,10
aegwynn,1175,shaman,restoration,36,14,22
tichondrius,1164,shaman,restoration,18,13,5
firetree,1161,shaman,restoration,23,13,10
tichondrius,1159,shaman,restoration,21,15,6
area-52,1150,shaman,restoration,18,12,6
kelthuzad,1150,shaman,restoration,24,12,12
zuljin,1144,shaman,restoration,24,14,10
veknilash,1143,shaman,restoration,22,13,9
akama,1135,shaman,restoration,23,12,11
tichondrius,1131,shaman,restoration,41,27,14
zuljin,1125,shaman,restoration,30,12,18
tichondrius,1115,shaman,restoration,23,12,11
frostmourne,1099,shaman,restoration,21,12,9
kelthuzad,1095,shaman,restoration,48,28,20
quelthalas,1093,shaman,restoration,91,45,46
darkspear,1085,shaman,restoration,20,12,8
magtheridon,1067,shaman,restoration,26,12,14
aerie-peak,1056,shaman,restoration,24,11,13
doomhammer,1055,shaman,restoration,18,11,7
azralon,1055,shaman,restoration,40,20,20
quelthalas,1055,shaman,restoration,43,15,28
ragnaros,1054,shaman,restoration,18,11,7
stormrage,1053,shaman,restoration,18,11,7
stormrage,1051,shaman,restoration,12,11,1
malganis,1051,shaman,restoration,24,11,13
sargeras,1051,shaman,restoration,24,11,13
tichondrius,1050,shaman,restoration,18,11,7
caelestrasz,1045,shaman,restoration,45,13,32
nordrassil,1043,shaman,restoration,18,11,7
azralon,1043,shaman,restoration,27,12,15
dalaran,1043,shaman,restoration,30,11,19
stormrage,1035,shaman,restoration,30,11,19
sargeras,1030,shaman,restoration,24,12,12
tichondrius,1027,shaman,restoration,23,13,10
azralon,1013,shaman,restoration,24,14,10
kiljaeden,998,shaman,restoration,80,41,39
moon-guard,992,shaman,restoration,28,11,17
frostmourne,990,shaman,restoration,17,11,6
korgath,988,shaman,restoration,24,11,13
illidan,988,shaman,restoration,30,13,17
thrall,969,shaman,restoration,36,16,20
tichondrius,960,shaman,restoration,12,10,2
illidan,960,shaman,restoration,12,10,2
barthilas,960,shaman,restoration,18,10,8
tichondrius,960,shaman,restoration,18,10,8
tichondrius,960,shaman,restoration,18,10,8
tichondrius,960,shaman,restoration,24,10,14
area-52,960,shaman,restoration,24,10,14
illidan,960,shaman,restoration,30,10,20
tichondrius,959,shaman,restoration,12,10,2
chogall,958,shaman,restoration,12,10,2
lightbringer,958,shaman,restoration,12,10,2
illidan,958,shaman,restoration,18,10,8
bleeding-hollow,958,shaman,restoration,24,10,14
illidan,957,shaman,restoration,18,10,8
tichondrius,957,shaman,restoration,18,10,8
barthilas,953,shaman,restoration,30,10,20
zuluhed,951,shaman,restoration,18,10,8
malorne,941,shaman,restoration,47,25,22
destromath,940,shaman,restoration,24,10,14
bleeding-hollow,926,shaman,restoration,29,10,19
tichondrius,925,shaman,restoration,20,11,9
moknathal,925,shaman,restoration,23,10,13
illidan,924,shaman,restoration,28,11,17
bleeding-hollow,917,shaman,restoration,20,11,9
area-52,910,shaman,restoration,17,10,7
tichondrius,904,shaman,restoration,27,10,17
lightbringer,895,shaman,restoration,15,10,5
tichondrius,895,shaman,restoration,17,10,7
proudmoore,886,shaman,restoration,22,10,12
darkspear,880,shaman,restoration,19,10,9
tichondrius,874,shaman,restoration,19,10,9
stormrage,864,shaman,restoration,12,9,3
sargeras,864,shaman,restoration,12,9,3
barthilas,864,shaman,restoration,12,9,3
tichondrius,864,shaman,restoration,18,9,9
tichondrius,864,shaman,restoration,18,9,9
malfurion,864,shaman,restoration,18,9,9
ragnaros,864,shaman,restoration,30,9,21
area-52,863,shaman,restoration,12,9,3
illidan,863,shaman,restoration,18,9,9
sargeras,862,shaman,restoration,18,9,9
area-52,862,shaman,restoration,18,9,9
wildhammer,862,shaman,restoration,18,9,9
barthilas,862,shaman,restoration,24,9,15
lightninghoof,861,shaman,restoration,18,9,9
tichondrius,860,shaman,restoration,18,9,9
barthilas,860,shaman,restoration,30,9,21
illidan,859,shaman,restoration,24,9,15
tichondrius,855,shaman,restoration,18,9,9
frostmourne,852,shaman,restoration,24,9,15
frostmourne,846,shaman,restoration,18,9,9
illidan,831,shaman,restoration,17,9,8
nemesis,780,shaman,restoration,13,9,4
tichondrius,771,shaman,restoration,19,9,10
tichondrius,768,shaman,restoration,12,8,4
moon-guard,768,shaman,restoration,12,8,4
tichondrius,768,shaman,restoration,12,8,4
area-52,768,shaman,restoration,12,8,4
zuljin,768,shaman,restoration,12,8,4
dark-iron,768,shaman,restoration,12,8,4
kelthuzad,768,shaman,restoration,12,8,4
ragnaros,768,shaman,restoration,18,8,10
frostmourne,768,shaman,restoration,18,8,10
kelthuzad,768,shaman,restoration,18,8,10
emerald-dream,768,shaman,restoration,18,8,10
zuluhed,768,shaman,restoration,18,8,10
kelthuzad,768,shaman,restoration,18,8,10
tichondrius,768,shaman,restoration,18,8,10
bleeding-hollow,768,shaman,restoration,18,8,10
stormreaver,768,shaman,restoration,24,8,16
boulderfist,767,shaman,restoration,12,8,4
illidan,767,shaman,restoration,12,8,4
burning-legion,767,shaman,restoration,18,8,10
tichondrius,767,shaman,restoration,24,8,16
ysera,767,shaman,restoration,24,8,16
tichondrius,766,shaman,restoration,15,9,6
area-52,757,shaman,restoration,18,8,10
thrall,751,shaman,restoration,17,8,9
illidan,720,shaman,restoration,15,8,7
illidan,719,shaman,restoration,17,8,9
tichondrius,719,shaman,restoration,17,8,9
tichondrius,703,shaman,restoration,11,8,3
guldan,703,shaman,restoration,11,8,3
burning-legion,703,shaman,restoration,14,8,6
blackrock,687,shaman,restoration,11,8,3
tichondrius,672,shaman,restoration,12,7,5
bleeding-hollow,672,shaman,restoration,12,7,5
arathor,672,shaman,restoration,12,7,5
bleeding-hollow,672,shaman,restoration,12,7,5
agamaggan,672,shaman,restoration,12,7,5
nemesis,672,shaman,restoration,12,7,5
tichondrius,672,shaman,restoration,12,7,5
thunderhorn,672,shaman,restoration,12,7,5
uldaman,672,shaman,restoration,12,7,5
laughing-skull,672,shaman,restoration,12,7,5
tichondrius,672,shaman,restoration,18,7,11
dragonmaw,672,shaman,restoration,18,7,11
tichondrius,672,shaman,restoration,18,7,11
tichondrius,672,shaman,restoration,18,7,11
tichondrius,672,shaman,restoration,18,7,11
frostmourne,672,shaman,restoration,18,7,11
area-52,671,shaman,restoration,12,7,5
thrall,671,shaman,restoration,12,7,5
icecrown,671,shaman,restoration,12,7,5
barthilas,671,shaman,restoration,12,7,5
quelthalas,671,shaman,restoration,13,7,6
tichondrius,671,shaman,restoration,18,7,11
azralon,671,shaman,restoration,18,7,11
tichondrius,671,shaman,restoration,18,7,11
azshara,671,shaman,restoration,18,7,11
tichondrius,671,shaman,restoration,18,7,11
sargeras,670,shaman,restoration,12,7,5
crushridge,670,shaman,restoration,12,7,5
tichondrius,670,shaman,restoration,12,7,5
proudmoore,670,shaman,restoration,18,7,11
illidan,669,shaman,restoration,18,7,11
tichondrius,668,shaman,restoration,18,7,11
tichondrius,668,shaman,restoration,18,7,11
frostmourne,666,shaman,restoration,12,7,5
barthilas,657,shaman,restoration,23,10,13
emerald-dream,638,shaman,restoration,11,7,4
hyjal,638,shaman,restoration,20,8,12
sargeras,607,shaman,restoration,12,9,3
spirestone,590,shaman,restoration,19,7,12
whisperwind,576,shaman,restoration,6,6,0
moon-guard,576,shaman,restoration,6,6,0
azuremyst,576,shaman,restoration,6,6,0
moon-guard,576,shaman,restoration,12,6,6
malganis,576,shaman,restoration,12,6,6
icecrown,576,shaman,restoration,12,6,6
proudmoore,576,shaman,restoration,12,6,6
illidan,576,shaman,restoration,12,6,6
proudmoore,576,shaman,restoration,12,6,6
malganis,576,shaman,restoration,12,6,6
illidan,576,shaman,restoration,12,6,6
illidan,576,shaman,restoration,12,6,6
tichondrius,576,shaman,restoration,12,6,6
tichondrius,576,shaman,restoration,12,6,6
tichondrius,576,shaman,restoration,12,6,6
lethon,576,shaman,restoration,12,6,6
emerald-dream,576,shaman,restoration,12,6,6
tichondrius,576,shaman,restoration,12,6,6
tichondrius,576,shaman,restoration,12,6,6
sargeras,576,shaman,restoration,12,6,6
bleeding-hollow,576,shaman,restoration,12,6,6
area-52,576,shaman,restoration,18,6,12
stormrage,576,shaman,restoration,24,6,18
zuljin,575,shaman,restoration,12,6,6
tichondrius,575,shaman,restoration,12,6,6
blackhand,575,shaman,restoration,12,6,6
stormrage,575,shaman,restoration,12,6,6
draka,575,shaman,restoration,18,6,12
zuljin,574,shaman,restoration,12,6,6
stormreaver,574,shaman,restoration,15,7,8
bleeding-hollow,574,shaman,restoration,15,6,9
frostmourne,574,shaman,restoration,24,6,18
quelthalas,571,shaman,restoration,25,6,19
quelthalas,570,shaman,restoration,24,6,18
tichondrius,543,shaman,restoration,20,7,13
tichondrius,522,shaman,restoration,19,7,12
tichondrius,522,shaman,restoration,22,8,14
nagrand,517,shaman,restoration,16,8,8
tichondrius,511,shaman,restoration,8,6,2
tichondrius,496,shaman,restoration,13,6,7
illidan,495,shaman,restoration,7,6,1
sargeras,489,shaman,restoration,19,10,9
tichondrius,480,shaman,restoration,6,5,1
tichondrius,480,shaman,restoration,6,5,1
thrall,480,shaman,restoration,6,5,1
thrall,480,shaman,restoration,6,5,1
bleeding-hollow,480,shaman,restoration,6,5,1
akama,480,shaman,restoration,6,5,1
illidan,480,shaman,restoration,6,5,1
llane,480,shaman,restoration,6,5,1
zuljin,480,shaman,restoration,6,5,1
illidan,480,shaman,restoration,6,5,1
illidan,480,shaman,restoration,6,5,1
illidan,480,shaman,restoration,9,6,3
tichondrius,480,shaman,restoration,10,6,4
illidan,480,shaman,restoration,12,5,7
illidan,480,shaman,restoration,12,5,7
tichondrius,480,shaman,restoration,12,5,7
darkspear,480,shaman,restoration,12,5,7
kelthuzad,480,shaman,restoration,12,5,7
tichondrius,480,shaman,restoration,12,5,7
darkspear,480,shaman,restoration,12,5,7
kelthuzad,480,shaman,restoration,12,5,7
emerald-dream,480,shaman,restoration,12,5,7
kiljaeden,480,shaman,restoration,12,5,7
aggramar,480,shaman,restoration,12,5,7
proudmoore,480,shaman,restoration,12,5,7
stormrage,480,shaman,restoration,12,5,7
caelestrasz,480,shaman,restoration,12,5,7
barthilas,480,shaman,restoration,12,5,7
frostwolf,480,shaman,restoration,12,5,7
azralon,480,shaman,restoration,12,5,7
tichondrius,480,shaman,restoration,12,5,7
ghostlands,480,shaman,restoration,12,5,7
moon-guard,480,shaman,restoration,12,5,7
thunderlord,480,shaman,restoration,12,5,7
quelthalas,480,shaman,restoration,12,5,7
senjin,480,shaman,restoration,12,5,7
ragnaros,480,shaman,restoration,18,5,13
proudmoore,480,shaman,restoration,18,5,13
tichondrius,480,shaman,restoration,18,5,13
illidan,480,shaman,restoration,24,5,19
zuljin,479,shaman,restoration,6,5,1
altar-of-storms,479,shaman,restoration,6,5,1
durotan,479,shaman,restoration,12,5,7
quelthalas,479,shaman,restoration,18,5,13
sargeras,478,shaman,restoration,16,6,10
proudmoore,477,shaman,restoration,6,5,1
duskwood,445,shaman,restoration,8,6,2
tichondrius,432,shaman,restoration,9,5,4
wildhammer,431,shaman,restoration,11,5,6
azralon,425,shaman,restoration,8,8,0
darkspear,400,shaman,restoration,19,5,14
azralon,384,shaman,restoration,6,4,2
area-52,384,shaman,restoration,6,4,2
tichondrius,384,shaman,restoration,6,4,2
sargeras,384,shaman,restoration,6,4,2
bleeding-hollow,384,shaman,restoration,6,4,2
malganis,384,shaman,restoration,6,4,2
tichondrius,384,shaman,restoration,6,4,2
frostmane,384,shaman,restoration,6,4,2
tanaris,384,shaman,restoration,6,4,2
sargeras,384,shaman,restoration,6,4,2
area-52,384,shaman,restoration,6,4,2
emerald-dream,384,shaman,restoration,6,4,2
ragnaros,384,shaman,restoration,6,4,2
quelthalas,384,shaman,restoration,6,4,2
area-52,384,shaman,restoration,6,4,2
tichondrius,384,shaman,restoration,6,4,2
tichondrius,384,shaman,restoration,6,4,2
khaz-modan,384,shaman,restoration,6,4,2
kelthuzad,384,shaman,restoration,6,4,2
tichondrius,384,shaman,restoration,6,4,2
sargeras,384,shaman,restoration,6,4,2
tichondrius,384,shaman,restoration,6,4,2
tichondrius,384,shaman,restoration,6,4,2
tichondrius,384,shaman,restoration,6,4,2
zuljin,384,shaman,restoration,6,4,2
tichondrius,384,shaman,restoration,6,4,2
nemesis,384,shaman,restoration,6,4,2
bleeding-hollow,384,shaman,restoration,6,4,2
bleeding-hollow,384,shaman,restoration,6,4,2
illidan,384,shaman,restoration,6,4,2
tichondrius,384,shaman,restoration,6,4,2
illidan,384,shaman,restoration,6,4,2
the-scryers,384,shaman,restoration,6,4,2
stormrage,384,shaman,restoration,6,4,2
proudmoore,384,shaman,restoration,6,4,2
barthilas,384,shaman,restoration,6,4,2
barthilas,384,shaman,restoration,6,4,2
tichondrius,384,shaman,restoration,6,4,2
emerald-dream,384,shaman,restoration,12,4,8
sargeras,384,shaman,restoration,12,4,8
frostmourne,384,shaman,restoration,12,4,8
whisperwind,384,shaman,restoration,12,4,8
ragnaros,384,shaman,restoration,12,4,8
sargeras,384,shaman,restoration,12,4,8
chogall,384,shaman,restoration,12,4,8
stormrage,384,shaman,restoration,12,4,8
darkspear,384,shaman,restoration,12,4,8
stormrage,384,shaman,restoration,12,4,8
sargeras,384,shaman,restoration,12,4,8
malganis,384,shaman,restoration,18,4,14
sargeras,384,shaman,restoration,18,4,14
tichondrius,384,shaman,restoration,18,4,14
hakkar,383,shaman,restoration,6,4,2
area-52,383,shaman,restoration,6,4,2
azralon,383,shaman,restoration,9,5,4
tichondrius,383,shaman,restoration,12,4,8
wyrmrest-accord,383,shaman,restoration,12,4,8
sargeras,383,shaman,restoration,12,4,8
kiljaeden,383,shaman,restoration,12,4,8
tichondrius,382,shaman,restoration,12,4,8
frostmourne,381,shaman,restoration,12,4,8
madoran,381,shaman,restoration,12,4,8
sargeras,320,shaman,restoration,20,5,15
blackwing-lair,319,shaman,restoration,5,4,1
gnomeregan,304,shaman,restoration,7,4,3
stormrage,304,shaman,restoration,7,4,3
tichondrius,288,shaman,restoration,6,3,3
tichondrius,288,shaman,restoration,6,3,3
tichondrius,288,shaman,restoration,6,3,3
tichondrius,288,shaman,restoration,6,3,3
tichondrius,288,shaman,restoration,6,3,3
tichondrius,288,shaman,restoration,6,3,3
dalvengyr,288,shaman,restoration,6,3,3
tichondrius,288,shaman,restoration,6,3,3
bleeding-hollow,288,shaman,restoration,6,3,3
illidan,288,shaman,restoration,6,3,3
ursin,288,shaman,restoration,6,3,3
dathremar,288,shaman,restoration,6,3,3
ragnaros,288,shaman,restoration,6,3,3
malganis,288,shaman,restoration,6,3,3
frostmourne,288,shaman,restoration,6,3,3
quelthalas,288,shaman,restoration,6,3,3
quelthalas,288,shaman,restoration,6,3,3
tichondrius,288,shaman,restoration,6,3,3
frostmourne,288,shaman,restoration,6,3,3
alterac-mountains,288,shaman,restoration,6,3,3
sargeras,288,shaman,restoration,6,3,3
the-forgotten-coast,288,shaman,restoration,6,3,3
dreadmaul,288,shaman,restoration,6,3,3
kiljaeden,288,shaman,restoration,6,3,3
drakkari,288,shaman,restoration,6,3,3
silvermoon,288,shaman,restoration,6,3,3
hydraxis,288,shaman,restoration,6,3,3
moon-guard,288,shaman,restoration,6,3,3
sargeras,288,shaman,restoration,6,3,3
barthilas,288,shaman,restoration,6,3,3
malganis,288,shaman,restoration,6,3,3
malganis,288,shaman,restoration,6,3,3
illidan,288,shaman,restoration,6,3,3
proudmoore,288,shaman,restoration,6,3,3
proudmoore,288,shaman,restoration,6,3,3
illidan,288,shaman,restoration,6,3,3
kelthuzad,288,shaman,restoration,6,3,3
area-52,288,shaman,restoration,6,3,3
bonechewer,288,shaman,restoration,6,3,3
malganis,288,shaman,restoration,6,3,3
malganis,288,shaman,restoration,6,3,3
arathor,288,shaman,restoration,6,3,3
area-52,288,shaman,restoration,6,3,3
malganis,288,shaman,restoration,6,3,3
malganis,288,shaman,restoration,6,3,3
area-52,288,shaman,restoration,6,3,3
korgath,288,shaman,restoration,6,3,3
tichondrius,288,shaman,restoration,6,3,3
tichondrius,288,shaman,restoration,6,3,3
bleeding-hollow,288,shaman,restoration,6,3,3
ragnaros,288,shaman,restoration,13,4,9
illidan,288,shaman,restoration,12,3,9
kiljaeden,288,shaman,restoration,12,3,9
blackrock,288,shaman,restoration,12,3,9
tichondrius,288,shaman,restoration,12,3,9
nerzhul,288,shaman,restoration,12,3,9
stormscale,288,shaman,restoration,12,3,9
thaurissan,288,shaman,restoration,12,3,9
azralon,288,shaman,restoration,12,3,9
onyxia,288,shaman,restoration,18,3,15
nazjatar,287,shaman,restoration,6,3,3
shattered-hand,287,shaman,restoration,6,3,3
hyjal,287,shaman,restoration,6,3,3
zuljin,287,shaman,restoration,12,3,9
malganis,282,shaman,restoration,10,6,4
malganis,281,shaman,restoration,15,6,9
stormreaver,239,shaman,restoration,5,3,2
bleeding-hollow,239,shaman,restoration,5,3,2
auchindoun,224,shaman,restoration,10,3,7
tichondrius,223,shaman,restoration,8,3,5
tichondrius,192,shaman,restoration,4,3,1
spirestone,192,shaman,restoration,6,2,4
ragnaros,192,shaman,restoration,6,2,4
tichondrius,192,shaman,restoration,6,2,4
frostmane,192,shaman,restoration,6,2,4
tichondrius,192,shaman,restoration,6,2,4
tichondrius,192,shaman,restoration,6,2,4
nemesis,192,shaman,restoration,6,2,4
tichondrius,192,shaman,restoration,6,2,4
muradin,192,shaman,restoration,6,2,4
tichondrius,192,shaman,restoration,6,2,4
nemesis,192,shaman,restoration,6,2,4
azralon,192,shaman,restoration,6,2,4
stormrage,192,shaman,restoration,6,2,4
frostmourne,192,shaman,restoration,6,2,4
zuljin,192,shaman,restoration,6,2,4
stormrage,192,shaman,restoration,6,2,4
area-52,192,shaman,restoration,6,2,4
illidan,192,shaman,restoration,6,2,4
norgannon,192,shaman,restoration,6,2,4
illidan,192,shaman,restoration,6,2,4
area-52,192,shaman,restoration,6,2,4
thrall,192,shaman,restoration,6,2,4
tichondrius,192,shaman,restoration,6,2,4
sargeras,192,shaman,restoration,6,2,4
lightnings-blade,192,shaman,restoration,6,2,4
tichondrius,192,shaman,restoration,6,2,4
thrall,192,shaman,restoration,6,2,4
zuljin,192,shaman,restoration,6,2,4
kelthuzad,192,shaman,restoration,6,2,4
frostmourne,192,shaman,restoration,6,2,4
illidan,192,shaman,restoration,6,2,4
blades-edge,192,shaman,restoration,6,2,4
mannoroth,192,shaman,restoration,6,2,4
icecrown,192,shaman,restoration,6,2,4
malganis,192,shaman,restoration,6,2,4
anetheron,192,shaman,restoration,6,2,4
tichondrius,192,shaman,restoration,6,2,4
tichondrius,192,shaman,restoration,6,2,4
tichondrius,192,shaman,restoration,6,2,4
dalaran,192,shaman,restoration,6,2,4
thrall,192,shaman,restoration,12,2,10
sargeras,192,shaman,restoration,12,2,10
stormscale,192,shaman,restoration,18,2,16
stormrage,191,shaman,restoration,6,2,4
arthas,191,shaman,restoration,6,2,4
malganis,191,shaman,restoration,6,2,4
darkspear,191,shaman,restoration,12,2,10
illidan,159,shaman,restoration,5,2,3
tichondrius,159,shaman,restoration,5,2,3
firetree,112,shaman,restoration,13,2,11
hyjal,96,shaman,restoration,3,2,1
area-52,96,shaman,restoration,6,1,5
area-52,96,shaman,restoration,6,1,5
kelthuzad,96,shaman,restoration,6,1,5
blackrock,96,shaman,restoration,6,1,5
area-52,96,shaman,restoration,6,1,5
azralon,96,shaman,restoration,6,1,5
jubeithos,96,shaman,restoration,6,1,5
thrall,96,shaman,restoration,6,1,5
tichondrius,96,shaman,restoration,6,1,5
tichondrius,96,shaman,restoration,6,1,5
tichondrius,96,shaman,restoration,6,1,5
tichondrius,96,shaman,restoration,6,1,5
bleeding-hollow,96,shaman,restoration,6,1,5
illidan,96,shaman,restoration,6,1,5
azjolnerub,96,shaman,restoration,6,1,5
shadowmoon,96,shaman,restoration,6,1,5
scarlet-crusade,96,shaman,restoration,6,1,5
tichondrius,96,shaman,restoration,6,1,5
ragnaros,96,shaman,restoration,12,1,11
dalaran,96,shaman,restoration,12,1,11
tichondrius,95,shaman,restoration,12,1,11
mugthol,79,shaman,restoration,11,1,10
frostmourne,63,shaman,restoration,2,2,0
cenarion-circle,31,shaman,restoration,2,1,1
kiljaeden,2209,shaman,elemental,66,40,26
malganis,2135,shaman,elemental,84,43,41
tichondrius,2070,shaman,elemental,61,38,23
bleeding-hollow,2046,shaman,elemental,83,42,41
tichondrius,2008,shaman,elemental,43,31,12
tichondrius,1967,shaman,elemental,50,31,19
dalaran,1951,shaman,elemental,54,34,20
malganis,1939,shaman,elemental,66,35,31
illidan,1932,shaman,elemental,63,30,33
proudmoore,1918,shaman,elemental,54,30,24
azralon,1916,shaman,elemental,66,30,36
malganis,1902,shaman,elemental,36,24,12
tichondrius,1879,shaman,elemental,42,25,17
deathwing,1876,shaman,elemental,66,35,31
sargeras,1828,shaman,elemental,48,27,21
sargeras,1827,shaman,elemental,48,25,23
burning-blade,1807,shaman,elemental,48,28,20
tichondrius,1806,shaman,elemental,72,33,39
tichondrius,1800,shaman,elemental,42,22,20
moon-guard,1783,shaman,elemental,78,44,34
illidan,1770,shaman,elemental,35,19,16
boulderfist,1752,shaman,elemental,36,22,14
drenden,1739,shaman,elemental,54,27,27
area-52,1726,shaman,elemental,41,24,17
frostmourne,1697,shaman,elemental,36,22,14
korgath,1684,shaman,elemental,56,19,37
nesingwary,1662,shaman,elemental,29,18,11
bleeding-hollow,1630,shaman,elemental,30,17,13
tichondrius,1627,shaman,elemental,36,20,16
frostmourne,1624,shaman,elemental,57,28,29
tichondrius,1612,shaman,elemental,30,17,13
lothar,1610,shaman,elemental,32,20,12
illidan,1603,shaman,elemental,36,19,17
sargeras,1597,shaman,elemental,50,25,25
proudmoore,1574,shaman,elemental,74,39,35
tichondrius,1555,shaman,elemental,22,17,5
bleeding-hollow,1529,shaman,elemental,30,18,12
tichondrius,1509,shaman,elemental,48,18,30
gnomeregan,1502,shaman,elemental,68,32,36
tichondrius,1500,shaman,elemental,54,25,29
ragnaros,1492,shaman,elemental,30,19,11
tichondrius,1455,shaman,elemental,46,28,18
kelthuzad,1442,shaman,elemental,58,36,22
tichondrius,1439,shaman,elemental,18,15,3
tichondrius,1439,shaman,elemental,24,15,9
area-52,1420,shaman,elemental,18,15,3
wyrmrest-accord,1408,shaman,elemental,44,18,26
proudmoore,1394,shaman,elemental,42,17,25
illidan,1385,shaman,elemental,23,15,8
kelthuzad,1378,shaman,elemental,45,24,21
eonar,1344,shaman,elemental,18,14,4
tichondrius,1344,shaman,elemental,24,14,10
tichondrius,1343,shaman,elemental,33,16,17
tichondrius,1333,shaman,elemental,30,14,16
burning-legion,1327,shaman,elemental,24,14,10
kelthuzad,1305,shaman,elemental,37,18,19
frostmourne,1295,shaman,elemental,23,14,9
bleeding-hollow,1271,shaman,elemental,48,23,25
thaurissan,1271,shaman,elemental,40,16,24
illidan,1248,shaman,elemental,24,13,11
sargeras,1247,shaman,elemental,18,13,5
proudmoore,1242,shaman,elemental,30,13,17
quelthalas,1241,shaman,elemental,24,13,11
tichondrius,1214,shaman,elemental,22,14,8
proudmoore,1214,shaman,elemental,30,15,15
tichondrius,1211,shaman,elemental,29,13,16
drakkari,1192,shaman,elemental,35,13,22
warsong,1177,shaman,elemental,42,25,17
tichondrius,1152,shaman,elemental,30,12,18
terenas,1150,shaman,elemental,18,12,6
frostmourne,1142,shaman,elemental,24,12,12
khazgoroth,1068,shaman,elemental,25,12,13
zuluhed,1067,shaman,elemental,17,12,5
sargeras,1056,shaman,elemental,18,11,7
illidan,1056,shaman,elemental,18,11,7
tichondrius,1055,shaman,elemental,12,11,1
tichondrius,1054,shaman,elemental,18,11,7
bleeding-hollow,1054,shaman,elemental,18,11,7
sargeras,1054,shaman,elemental,42,22,20
area-52,1054,shaman,elemental,31,12,19
ragnaros,1050,shaman,elemental,24,11,13
stormscale,1047,shaman,elemental,24,11,13
gnomeregan,1041,shaman,elemental,42,21,21
tichondrius,1038,shaman,elemental,22,12,10
tichondrius,1022,shaman,elemental,33,13,20
sargeras,1013,shaman,elemental,41,20,21
darkspear,1005,shaman,elemental,23,11,12
azgalor,967,shaman,elemental,22,13,9
barthilas,966,shaman,elemental,23,12,11
tichondrius,960,shaman,elemental,18,10,8
aggramar,960,shaman,elemental,18,10,8
kelthuzad,957,shaman,elemental,12,10,2
tichondrius,953,shaman,elemental,24,10,14
dathremar,950,shaman,elemental,12,10,2
crushridge,941,shaman,elemental,23,10,13
bleeding-hollow,903,shaman,elemental,43,15,28
malygos,899,shaman,elemental,32,16,16
barthilas,880,shaman,elemental,19,10,9
tichondrius,864,shaman,elemental,12,9,3
frostmourne,864,shaman,elemental,12,9,3
tichondrius,864,shaman,elemental,24,9,15
tichondrius,864,shaman,elemental,24,9,15
tichondrius,863,shaman,elemental,26,10,16
proudmoore,863,shaman,elemental,24,9,15
kelthuzad,862,shaman,elemental,25,10,15
saurfang,861,shaman,elemental,18,9,9
illidan,860,shaman,elemental,18,9,9
frostmourne,860,shaman,elemental,18,9,9
quelthalas,858,shaman,elemental,24,9,15
sargeras,857,shaman,elemental,24,9,15
tichondrius,816,shaman,elemental,21,9,12
shandris,799,shaman,elemental,17,9,8
tichondrius,768,shaman,elemental,12,8,4
tichondrius,768,shaman,elemental,12,8,4
dathremar,768,shaman,elemental,12,8,4
aegwynn,768,shaman,elemental,12,8,4
tichondrius,768,shaman,elemental,18,8,10
aegwynn,768,shaman,elemental,18,8,10
bleeding-hollow,768,shaman,elemental,18,8,10
sisters-of-elune,768,shaman,elemental,18,8,10
vashj,767,shaman,elemental,12,8,4
arthas,767,shaman,elemental,18,8,10
tichondrius,767,shaman,elemental,18,8,10
zuljin,767,shaman,elemental,24,8,16
tichondrius,767,shaman,elemental,32,8,24
moon-guard,766,shaman,elemental,12,8,4
barthilas,765,shaman,elemental,18,8,10
jubeithos,765,shaman,elemental,18,8,10
maiev,736,shaman,elemental,10,9,1
tichondrius,736,shaman,elemental,16,9,7
hyjal,734,shaman,elemental,23,8,15
tichondrius,719,shaman,elemental,17,8,9
kelthuzad,672,shaman,elemental,12,7,5
sargeras,672,shaman,elemental,12,7,5
thrall,672,shaman,elemental,12,7,5
tichondrius,672,shaman,elemental,18,7,11
moon-guard,671,shaman,elemental,12,7,5
malganis,671,shaman,elemental,12,7,5
daggerspine,669,shaman,elemental,12,7,5
borean-tundra,669,shaman,elemental,12,7,5
dalaran,667,shaman,elemental,12,7,5
tichondrius,640,shaman,elemental,16,7,9
moon-guard,639,shaman,elemental,14,8,6
illidan,639,shaman,elemental,17,7,10
area-52,623,shaman,elemental,11,7,4
tichondrius,623,shaman,elemental,11,7,4
stormrage,623,shaman,elemental,17,7,10
frostwolf,607,shaman,elemental,11,7,4
frostmourne,591,shaman,elemental,11,7,4
stormrage,589,shaman,elemental,11,7,4
tichondrius,576,shaman,elemental,6,6,0
dalaran,576,shaman,elemental,12,6,6
sargeras,576,shaman,elemental,12,6,6
tichondrius,576,shaman,elemental,12,6,6
mannoroth,576,shaman,elemental,12,6,6
tichondrius,576,shaman,elemental,12,6,6
kelthuzad,576,shaman,elemental,12,6,6
tichondrius,576,shaman,elemental,18,6,12
zuljin,575,shaman,elemental,12,6,6
zuljin,575,shaman,elemental,12,6,6
magtheridon,575,shaman,elemental,12,6,6
area-52,573,shaman,elemental,18,6,12
frostmourne,570,shaman,elemental,18,6,12
stormrage,480,shaman,elemental,6,5,1
blades-edge,480,shaman,elemental,6,5,1
illidan,480,shaman,elemental,6,5,1
alterac-mountains,480,shaman,elemental,6,5,1
moon-guard,480,shaman,elemental,6,5,1
cenarion-circle,480,shaman,elemental,6,5,1
tichondrius,480,shaman,elemental,6,5,1
kiljaeden,480,shaman,elemental,6,5,1
tichondrius,480,shaman,elemental,6,5,1
tichondrius,480,shaman,elemental,12,5,7
tichondrius,480,shaman,elemental,12,5,7
malganis,480,shaman,elemental,12,5,7
stormrage,480,shaman,elemental,12,5,7
senjin,480,shaman,elemental,12,5,7
barthilas,480,shaman,elemental,12,5,7
zuluhed,480,shaman,elemental,15,6,9
kiljaeden,415,shaman,elemental,8,5,3
tichondrius,384,shaman,elemental,6,4,2
skullcrusher,384,shaman,elemental,6,4,2
tichondrius,384,shaman,elemental,6,4,2
sargeras,384,shaman,elemental,6,4,2
korgath,384,shaman,elemental,6,4,2
tichondrius,384,shaman,elemental,6,4,2
darkspear,384,shaman,elemental,6,4,2
runetotem,384,shaman,elemental,6,4,2
madoran,384,shaman,elemental,6,4,2
stonemaul,384,shaman,elemental,6,4,2
sargeras,384,shaman,elemental,6,4,2
arygos,384,shaman,elemental,6,4,2
firetree,384,shaman,elemental,6,4,2
sargeras,384,shaman,elemental,6,4,2
kelthuzad,384,shaman,elemental,6,4,2
chogall,384,shaman,elemental,6,4,2
stormrage,384,shaman,elemental,6,4,2
frostmourne,384,shaman,elemental,6,4,2
zuljin,384,shaman,elemental,6,4,2
tichondrius,384,shaman,elemental,12,4,8
suramar,384,shaman,elemental,12,4,8
frostmourne,384,shaman,elemental,12,4,8
area-52,384,shaman,elemental,12,4,8
area-52,384,shaman,elemental,12,4,8
haomarush,384,shaman,elemental,12,4,8
frostmourne,384,shaman,elemental,18,4,14
tichondrius,384,shaman,elemental,18,4,14
kelthuzad,336,shaman,elemental,9,4,5
tichondrius,319,shaman,elemental,8,4,4
bleeding-hollow,304,shaman,elemental,7,4,3
moon-guard,302,shaman,elemental,9,4,5
area-52,288,shaman,elemental,6,3,3
area-52,288,shaman,elemental,6,3,3
ragnaros,288,shaman,elemental,6,3,3
black-dragonflight,288,shaman,elemental,6,3,3
ragnaros,288,shaman,elemental,6,3,3
frostmourne,288,shaman,elemental,6,3,3
area-52,288,shaman,elemental,6,3,3
quelthalas,288,shaman,elemental,6,3,3
sargeras,288,shaman,elemental,6,3,3
wyrmrest-accord,288,shaman,elemental,6,3,3
jaedenar,288,shaman,elemental,6,3,3
sargeras,288,shaman,elemental,6,3,3
kelthuzad,288,shaman,elemental,6,3,3
elune,288,shaman,elemental,6,3,3
spirestone,288,shaman,elemental,6,3,3
silvermoon,288,shaman,elemental,6,3,3
nerzhul,288,shaman,elemental,6,3,3
sargeras,288,shaman,elemental,6,3,3
tichondrius,288,shaman,elemental,6,3,3
tichondrius,288,shaman,elemental,6,3,3
tichondrius,288,shaman,elemental,6,3,3
illidan,288,shaman,elemental,6,3,3
tichondrius,288,shaman,elemental,6,3,3
sargeras,288,shaman,elemental,6,3,3
bleeding-hollow,288,shaman,elemental,6,3,3
sargeras,288,shaman,elemental,6,3,3
bleeding-hollow,288,shaman,elemental,6,3,3
bleeding-hollow,288,shaman,elemental,6,3,3
thrall,288,shaman,elemental,6,3,3
tichondrius,288,shaman,elemental,6,3,3
stormrage,288,shaman,elemental,6,3,3
the-scryers,288,shaman,elemental,6,3,3
sargeras,288,shaman,elemental,6,3,3
tichondrius,288,shaman,elemental,6,3,3
sargeras,288,shaman,elemental,6,3,3
tichondrius,288,shaman,elemental,6,3,3
hyjal,288,shaman,elemental,6,3,3
tichondrius,288,shaman,elemental,6,3,3
kiljaeden,288,shaman,elemental,6,3,3
tol-barad,288,shaman,elemental,6,3,3
stormrage,288,shaman,elemental,6,3,3
bloodscalp,288,shaman,elemental,9,4,5
bleeding-hollow,288,shaman,elemental,11,3,8
illidan,288,shaman,elemental,12,3,9
bleeding-hollow,288,shaman,elemental,12,3,9
drakkari,288,shaman,elemental,12,3,9
malganis,288,shaman,elemental,12,3,9
frostmourne,287,shaman,elemental,6,3,3
sargeras,286,shaman,elemental,6,3,3
stormrage,281,shaman,elemental,16,6,10
amanthul,240,shaman,elemental,9,3,6
frostmourne,239,shaman,elemental,5,3,2
stormrage,192,shaman,elemental,9,3,6
ragnaros,192,shaman,elemental,6,2,4
ragnaros,192,shaman,elemental,6,2,4
area-52,192,shaman,elemental,6,2,4
zuljin,192,shaman,elemental,6,2,4
tichondrius,192,shaman,elemental,6,2,4
tichondrius,192,shaman,elemental,6,2,4
malganis,192,shaman,elemental,6,2,4
emerald-dream,192,shaman,elemental,6,2,4
area-52,192,shaman,elemental,6,2,4
tichondrius,192,shaman,elemental,6,2,4
sargeras,192,shaman,elemental,6,2,4
illidan,192,shaman,elemental,6,2,4
illidan,192,shaman,elemental,6,2,4
ragnaros,192,shaman,elemental,6,2,4
tichondrius,192,shaman,elemental,6,2,4
sargeras,192,shaman,elemental,6,2,4
azralon,192,shaman,elemental,6,2,4
tichondrius,192,shaman,elemental,6,2,4
sargeras,192,shaman,elemental,6,2,4
sargeras,192,shaman,elemental,6,2,4
azralon,192,shaman,elemental,6,2,4
malganis,192,shaman,elemental,6,2,4
moon-guard,192,shaman,elemental,6,2,4
echo-isles,192,shaman,elemental,6,2,4
blackrock,192,shaman,elemental,6,2,4
shattered-hand,192,shaman,elemental,6,2,4
jubeithos,192,shaman,elemental,6,2,4
frostmourne,192,shaman,elemental,6,2,4
kiljaeden,192,shaman,elemental,7,2,5
dunemaul,192,shaman,elemental,7,2,5
malygos,192,shaman,elemental,12,2,10
turalyon,159,shaman,elemental,5,2,3
kiljaeden,138,shaman,elemental,10,3,7
garrosh,136,shaman,elemental,9,3,6
sargeras,127,shaman,elemental,8,2,6
stormrage,96,shaman,elemental,6,1,5
frostmourne,96,shaman,elemental,6,1,5
stormrage,96,shaman,elemental,6,1,5
ragnaros,96,shaman,elemental,6,1,5
ragnaros,96,shaman,elemental,6,1,5
illidan,96,shaman,elemental,6,1,5
azralon,96,shaman,elemental,6,1,5
blood-furnace,96,shaman,elemental,6,1,5
emerald-dream,96,shaman,elemental,6,1,5
azshara,96,shaman,elemental,6,1,5
silvermoon,96,shaman,elemental,6,1,5
tichondrius,96,shaman,elemental,6,1,5
tichondrius,96,shaman,elemental,6,1,5
illidan,96,shaman,elemental,6,1,5
silvermoon,96,shaman,elemental,6,1,5
khadgar,64,shaman,elemental,4,1,3
malganis,63,shaman,elemental,2,2,0
kiljaeden,48,shaman,elemental,3,1,2
illidan,31,shaman,elemental,2,1,1
illidan,2124,shaman,enhancement,53,38,15
tichondrius,2110,shaman,enhancement,78,39,39
azralon,2063,shaman,enhancement,78,43,35
emerald-dream,2055,shaman,enhancement,124,61,63
stormrage,1999,shaman,enhancement,120,65,55
illidan,1990,shaman,enhancement,54,34,20
tichondrius,1987,shaman,enhancement,42,31,11
sargeras,1969,shaman,enhancement,54,35,19
tichondrius,1952,shaman,enhancement,54,26,28
frostmourne,1931,shaman,enhancement,120,83,37
tichondrius,1921,shaman,enhancement,72,42,30
tichondrius,1907,shaman,enhancement,53,34,19
moon-guard,1904,shaman,enhancement,48,38,10
area-52,1904,shaman,enhancement,54,33,21
tichondrius,1901,shaman,enhancement,42,23,19
barthilas,1879,shaman,enhancement,93,51,42
tichondrius,1862,shaman,enhancement,186,98,88
tichondrius,1862,shaman,enhancement,60,31,29
emerald-dream,1862,shaman,enhancement,41,20,21
tichondrius,1854,shaman,enhancement,44,25,19
stormrage,1854,shaman,enhancement,46,25,21
bleeding-hollow,1840,shaman,enhancement,42,26,16
area-52,1832,shaman,enhancement,78,58,20
tichondrius,1828,shaman,enhancement,62,31,31
emerald-dream,1826,shaman,enhancement,75,47,28
area-52,1818,shaman,enhancement,42,24,18
tichondrius,1817,shaman,enhancement,54,23,31
bleeding-hollow,1811,shaman,enhancement,30,19,11
emerald-dream,1809,shaman,enhancement,69,37,32
barthilas,1808,shaman,enhancement,74,38,36
illidan,1807,shaman,enhancement,38,26,12
tichondrius,1802,shaman,enhancement,60,31,29
tichondrius,1784,shaman,enhancement,48,28,20
moon-guard,1760,shaman,enhancement,48,26,22
emerald-dream,1728,shaman,enhancement,62,34,28
tichondrius,1726,shaman,enhancement,30,18,12
malganis,1720,shaman,enhancement,90,45,45
emerald-dream,1702,shaman,enhancement,60,32,28
thrall,1698,shaman,enhancement,30,22,8
sargeras,1697,shaman,enhancement,30,21,9
stormrage,1694,shaman,enhancement,42,29,13
tichondrius,1694,shaman,enhancement,42,23,19
area-52,1681,shaman,enhancement,42,25,17
chogall,1678,shaman,enhancement,42,23,19
illidan,1673,shaman,enhancement,48,28,20
stormrage,1668,shaman,enhancement,78,44,34
stormrage,1667,shaman,enhancement,30,22,8
quelthalas,1662,shaman,enhancement,45,21,24
sargeras,1656,shaman,enhancement,44,18,26
wyrmrest-accord,1655,shaman,enhancement,36,20,16
zuljin,1653,shaman,enhancement,36,22,14
sargeras,1635,shaman,enhancement,42,25,17
tichondrius,1633,shaman,enhancement,55,23,32
proudmoore,1632,shaman,enhancement,36,22,14
azralon,1630,shaman,enhancement,31,19,12
shattered-halls,1626,shaman,enhancement,54,22,32
moon-guard,1623,shaman,enhancement,24,19,5
illidan,1617,shaman,enhancement,36,20,16
ragnaros,1606,shaman,enhancement,36,20,16
illidan,1602,shaman,enhancement,36,19,17
moon-guard,1589,shaman,enhancement,37,20,17
area-52,1583,shaman,enhancement,34,20,14
kelthuzad,1583,shaman,enhancement,54,28,26
fenris,1581,shaman,enhancement,52,26,26
sargeras,1579,shaman,enhancement,60,32,28
kiljaeden,1576,shaman,enhancement,48,34,14
tichondrius,1568,shaman,enhancement,36,23,13
barthilas,1563,shaman,enhancement,44,28,16
hyjal,1555,shaman,enhancement,35,17,18
frostmourne,1544,shaman,enhancement,24,19,5
earthen-ring,1535,shaman,enhancement,26,18,8
dalaran,1535,shaman,enhancement,24,16,8
tichondrius,1530,shaman,enhancement,55,36,19
illidan,1530,shaman,enhancement,30,16,14
stormrage,1526,shaman,enhancement,30,17,13
nagrand,1520,shaman,enhancement,24,18,6
malganis,1515,shaman,enhancement,24,16,8
stormrage,1515,shaman,enhancement,30,16,14
alleria,1508,shaman,enhancement,30,17,13
emerald-dream,1491,shaman,enhancement,33,20,13
quelthalas,1491,shaman,enhancement,48,26,22
illidan,1475,shaman,enhancement,42,20,22
silver-hand,1468,shaman,enhancement,36,20,16
bleeding-hollow,1451,shaman,enhancement,23,16,7
tichondrius,1442,shaman,enhancement,82,48,34
area-52,1439,shaman,enhancement,24,15,9
gorefiend,1438,shaman,enhancement,24,15,9
muradin,1437,shaman,enhancement,30,15,15
hyjal,1434,shaman,enhancement,57,30,27
blackrock,1428,shaman,enhancement,18,15,3
tichondrius,1419,shaman,enhancement,30,15,15
terokkar,1416,shaman,enhancement,24,15,9
stormrage,1413,shaman,enhancement,74,41,33
area-52,1410,shaman,enhancement,63,35,28
proudmoore,1378,shaman,enhancement,50,27,23
tichondrius,1359,shaman,enhancement,33,20,13
frostmourne,1345,shaman,enhancement,40,25,15
thrall,1343,shaman,enhancement,30,14,16
tichondrius,1340,shaman,enhancement,18,14,4
illidan,1340,shaman,enhancement,18,14,4
frostmourne,1337,shaman,enhancement,24,14,10
dalaran,1330,shaman,enhancement,59,33,26
wyrmrest-accord,1321,shaman,enhancement,28,16,12
emerald-dream,1310,shaman,enhancement,24,17,7
barthilas,1307,shaman,enhancement,42,18,24
tichondrius,1305,shaman,enhancement,18,14,4
area-52,1303,shaman,enhancement,60,29,31
frostmourne,1299,shaman,enhancement,24,14,10
sargeras,1298,shaman,enhancement,34,17,17
thrall,1288,shaman,enhancement,43,24,19
area-52,1288,shaman,enhancement,35,18,17
ragnaros,1280,shaman,enhancement,30,16,14
barthilas,1278,shaman,enhancement,72,41,31
steamwheedle-cartel,1258,shaman,enhancement,30,15,15
illidan,1256,shaman,enhancement,24,16,8
tichondrius,1247,shaman,enhancement,18,13,5
tichondrius,1247,shaman,enhancement,18,13,5
kelthuzad,1246,shaman,enhancement,18,13,5
zuljin,1243,shaman,enhancement,30,13,17
barthilas,1241,shaman,enhancement,24,13,11
kiljaeden,1239,shaman,enhancement,24,13,11
tichondrius,1238,shaman,enhancement,24,13,11
sargeras,1229,shaman,enhancement,23,13,10
area-52,1228,shaman,enhancement,24,23,1
illidan,1223,shaman,enhancement,18,13,5
area-52,1190,shaman,enhancement,47,23,24
tichondrius,1157,shaman,enhancement,17,13,4
feathermoon,1156,shaman,enhancement,24,13,11
thrall,1153,shaman,enhancement,54,15,39
stormrage,1152,shaman,enhancement,24,12,12
kelthuzad,1151,shaman,enhancement,18,12,6
thaurissan,1151,shaman,enhancement,24,12,12
sargeras,1149,shaman,enhancement,31,12,19
sargeras,1148,shaman,enhancement,24,12,12
area-52,1147,shaman,enhancement,12,12,0
stormrage,1147,shaman,enhancement,36,12,24
frostmourne,1137,shaman,enhancement,18,12,6
tichondrius,1055,shaman,enhancement,18,11,7
area-52,1055,shaman,enhancement,18,11,7
kargath,1055,shaman,enhancement,24,11,13
malganis,1054,shaman,enhancement,18,11,7
dalaran,1053,shaman,enhancement,24,11,13
tichondrius,1052,shaman,enhancement,24,11,13
ravenholdt,1051,shaman,enhancement,18,11,7
illidan,1051,shaman,enhancement,36,11,25
nemesis,1049,shaman,enhancement,18,11,7
frostmourne,1045,shaman,enhancement,21,12,9
skullcrusher,1044,shaman,enhancement,18,11,7
tichondrius,1043,shaman,enhancement,24,11,13
trollbane,1042,shaman,enhancement,24,11,13
azshara,1042,shaman,enhancement,27,12,15
proudmoore,1030,shaman,enhancement,24,12,12
emerald-dream,1001,shaman,enhancement,18,12,6
barthilas,960,shaman,enhancement,18,10,8
sargeras,960,shaman,enhancement,18,10,8
black-dragonflight,959,shaman,enhancement,12,10,2
stormrage,959,shaman,enhancement,12,10,2
altar-of-storms,959,shaman,enhancement,24,10,14
tichondrius,958,shaman,enhancement,18,10,8
dalaran,957,shaman,enhancement,30,10,20
barthilas,949,shaman,enhancement,30,10,20
moon-guard,935,shaman,enhancement,23,10,13
azralon,934,shaman,enhancement,18,10,8
thrall,932,shaman,enhancement,30,16,14
draka,925,shaman,enhancement,17,10,7
sargeras,910,shaman,enhancement,17,10,7
gundrak,886,shaman,enhancement,16,10,6
vashj,886,shaman,enhancement,22,10,12
thunderhorn,874,shaman,enhancement,17,10,7
bonechewer,874,shaman,enhancement,24,10,14
lightbringer,864,shaman,enhancement,12,9,3
tichondrius,864,shaman,enhancement,18,9,9
bladefist,864,shaman,enhancement,18,9,9
azralon,864,shaman,enhancement,18,9,9
dalaran,864,shaman,enhancement,18,9,9
stormreaver,863,shaman,enhancement,12,9,3
kelthuzad,863,shaman,enhancement,18,9,9
malganis,863,shaman,enhancement,18,9,9
cenarius,863,shaman,enhancement,19,9,10
illidan,862,shaman,enhancement,18,9,9
malganis,860,shaman,enhancement,18,9,9
blackrock,859,shaman,enhancement,21,10,11
proudmoore,858,shaman,enhancement,24,9,15
ragnaros,849,shaman,enhancement,19,12,7
azjolnerub,848,shaman,enhancement,12,9,3
anvilmar,835,shaman,enhancement,18,9,9
barthilas,831,shaman,enhancement,17,9,8
dragonmaw,824,shaman,enhancement,23,9,14
stormrage,823,shaman,enhancement,14,10,4
area-52,800,shaman,enhancement,22,9,13
proudmoore,799,shaman,enhancement,14,9,5
sargeras,793,shaman,enhancement,11,9,2
tichondrius,768,shaman,enhancement,12,8,4
tichondrius,768,shaman,enhancement,12,8,4
bleeding-hollow,768,shaman,enhancement,12,8,4
ragnaros,768,shaman,enhancement,12,8,4
bleeding-hollow,768,shaman,enhancement,12,8,4
vashj,768,shaman,enhancement,18,8,10
bleeding-hollow,768,shaman,enhancement,24,8,16
sargeras,767,shaman,enhancement,12,8,4
blackrock,767,shaman,enhancement,12,8,4
sargeras,767,shaman,enhancement,12,8,4
ragnaros,767,shaman,enhancement,12,8,4
kelthuzad,767,shaman,enhancement,18,8,10
skullcrusher,766,shaman,enhancement,12,8,4
malganis,765,shaman,enhancement,12,8,4
ragnaros,764,shaman,enhancement,18,8,10
altar-of-storms,763,shaman,enhancement,12,8,4
illidan,734,shaman,enhancement,23,8,15
stormrage,702,shaman,enhancement,14,8,6
thrall,672,shaman,enhancement,12,7,5
tichondrius,672,shaman,enhancement,12,7,5
tichondrius,672,shaman,enhancement,12,7,5
wyrmrest-accord,672,shaman,enhancement,12,7,5
wyrmrest-accord,672,shaman,enhancement,12,7,5
tichondrius,672,shaman,enhancement,12,7,5
tichondrius,672,shaman,enhancement,12,7,5
emerald-dream,672,shaman,enhancement,12,7,5
nazjatar,672,shaman,enhancement,12,7,5
quelthalas,672,shaman,enhancement,12,7,5
stormrage,672,shaman,enhancement,12,7,5
frostwolf,672,shaman,enhancement,17,8,9
daggerspine,672,shaman,enhancement,18,7,11
tichondrius,672,shaman,enhancement,18,7,11
barthilas,671,shaman,enhancement,12,7,5
emerald-dream,671,shaman,enhancement,12,7,5
stormrage,671,shaman,enhancement,12,7,5
wyrmrest-accord,671,shaman,enhancement,12,7,5
daggerspine,671,shaman,enhancement,12,7,5
shattered-halls,671,shaman,enhancement,18,7,11
zuljin,670,shaman,enhancement,12,7,5
scilla,670,shaman,enhancement,12,7,5
frostmourne,670,shaman,enhancement,12,7,5
skullcrusher,670,shaman,enhancement,12,7,5
sargeras,670,shaman,enhancement,12,7,5
moon-guard,670,shaman,enhancement,18,7,11
kiljaeden,670,shaman,enhancement,21,8,13
tichondrius,670,shaman,enhancement,24,7,17
hyjal,669,shaman,enhancement,12,7,5
thrall,665,shaman,enhancement,12,7,5
sargeras,657,shaman,enhancement,12,7,5
tichondrius,639,shaman,enhancement,17,7,10
tichondrius,624,shaman,enhancement,15,7,8
stormrage,607,shaman,enhancement,14,7,7
blackhand,607,shaman,enhancement,17,7,10
stormrage,587,shaman,enhancement,13,7,6
frostmourne,576,shaman,enhancement,6,6,0
nazjatar,576,shaman,enhancement,6,6,0
malganis,576,shaman,enhancement,6,6,0
thrall,576,shaman,enhancement,12,6,6
eonar,576,shaman,enhancement,12,6,6
illidan,576,shaman,enhancement,12,6,6
barthilas,576,shaman,enhancement,12,6,6
ragnaros,576,shaman,enhancement,12,6,6
quelthalas,576,shaman,enhancement,12,6,6
bleeding-hollow,576,shaman,enhancement,12,6,6
chogall,576,shaman,enhancement,12,6,6
tichondrius,576,shaman,enhancement,12,6,6
tichondrius,576,shaman,enhancement,12,6,6
frostmourne,576,shaman,enhancement,12,6,6
spirestone,576,shaman,enhancement,16,7,9
illidan,576,shaman,enhancement,18,6,12
emerald-dream,575,shaman,enhancement,12,6,6
malganis,575,shaman,enhancement,12,6,6
illidan,575,shaman,enhancement,16,7,9
spirestone,575,shaman,enhancement,18,6,12
nemesis,574,shaman,enhancement,12,6,6
burning-legion,574,shaman,enhancement,12,6,6
moon-guard,571,shaman,enhancement,12,6,6
coilfang,553,shaman,enhancement,11,8,3
ysera,511,shaman,enhancement,8,6,2
area-52,496,shaman,enhancement,19,6,13
tichondrius,495,shaman,enhancement,7,6,1
crushridge,480,shaman,enhancement,6,5,1
dragonmaw,480,shaman,enhancement,6,5,1
blades-edge,480,shaman,enhancement,6,5,1
zuljin,480,shaman,enhancement,6,5,1
tichondrius,480,shaman,enhancement,6,5,1
saurfang,480,shaman,enhancement,6,5,1
area-52,480,shaman,enhancement,6,5,1
stormrage,480,shaman,enhancement,6,5,1
tichondrius,480,shaman,enhancement,6,5,1
elune,480,shaman,enhancement,6,5,1
bleeding-hollow,480,shaman,enhancement,6,5,1
khaz-modan,480,shaman,enhancement,6,5,1
magtheridon,480,shaman,enhancement,6,5,1
moon-guard,480,shaman,enhancement,6,5,1
tichondrius,480,shaman,enhancement,12,5,7
antonidas,480,shaman,enhancement,12,5,7
proudmoore,480,shaman,enhancement,12,5,7
sargeras,480,shaman,enhancement,12,5,7
emerald-dream,480,shaman,enhancement,12,5,7
moon-guard,480,shaman,enhancement,12,5,7
stormrage,480,shaman,enhancement,12,5,7
stormscale,480,shaman,enhancement,12,5,7
ragnaros,480,shaman,enhancement,12,5,7
quelthalas,480,shaman,enhancement,12,5,7
gorefiend,480,shaman,enhancement,12,5,7
area-52,480,shaman,enhancement,12,5,7
dalaran,480,shaman,enhancement,12,5,7
stormrage,479,shaman,enhancement,12,5,7
nagrand,479,shaman,enhancement,12,5,7
warsong,478,shaman,enhancement,6,5,1
tichondrius,447,shaman,enhancement,11,5,6
moon-guard,400,shaman,enhancement,13,5,8
thrall,384,shaman,enhancement,6,4,2
guldan,384,shaman,enhancement,6,4,2
blackrock,384,shaman,enhancement,6,4,2
tichondrius,384,shaman,enhancement,6,4,2
ragnaros,384,shaman,enhancement,6,4,2
tichondrius,384,shaman,enhancement,6,4,2
dragonmaw,384,shaman,enhancement,6,4,2
tichondrius,384,shaman,enhancement,6,4,2
spirestone,384,shaman,enhancement,6,4,2
thunderlord,384,shaman,enhancement,6,4,2
tichondrius,384,shaman,enhancement,6,4,2
moon-guard,384,shaman,enhancement,6,4,2
frostmourne,384,shaman,enhancement,6,4,2
ragnaros,384,shaman,enhancement,6,4,2
area-52,384,shaman,enhancement,6,4,2
stonemaul,384,shaman,enhancement,6,4,2
stormrage,384,shaman,enhancement,6,4,2
tichondrius,384,shaman,enhancement,6,4,2
area-52,384,shaman,enhancement,6,4,2
zuljin,384,shaman,enhancement,12,4,8
quelthalas,384,shaman,enhancement,12,4,8
thrall,384,shaman,enhancement,12,4,8
barthilas,384,shaman,enhancement,12,4,8
dalaran,384,shaman,enhancement,18,4,14
frostwolf,383,shaman,enhancement,6,4,2
illidan,383,shaman,enhancement,15,5,10
maiev,383,shaman,enhancement,12,4,8
hyjal,383,shaman,enhancement,12,4,8
dalaran,382,shaman,enhancement,6,4,2
vashj,351,shaman,enhancement,11,4,7
darkspear,330,shaman,enhancement,14,5,9
darkspear,319,shaman,enhancement,11,5,6
malganis,318,shaman,enhancement,5,4,1
tichondrius,304,shaman,enhancement,7,4,3
bleeding-hollow,288,shaman,enhancement,6,3,3
kaelthas,288,shaman,enhancement,6,3,3
frostmourne,288,shaman,enhancement,6,3,3
stormrage,288,shaman,enhancement,6,3,3
drakkari,288,shaman,enhancement,6,3,3
korialstrasz,288,shaman,enhancement,6,3,3
saurfang,288,shaman,enhancement,6,3,3
sargeras,288,shaman,enhancement,6,3,3
tichondrius,288,shaman,enhancement,6,3,3
azralon,288,shaman,enhancement,6,3,3
thrall,288,shaman,enhancement,6,3,3
tichondrius,288,shaman,enhancement,6,3,3
stormreaver,288,shaman,enhancement,6,3,3
tichondrius,288,shaman,enhancement,6,3,3
thrall,288,shaman,enhancement,6,3,3
illidan,288,shaman,enhancement,6,3,3
malganis,288,shaman,enhancement,6,3,3
malganis,288,shaman,enhancement,6,3,3
malganis,288,shaman,enhancement,6,3,3
malorne,288,shaman,enhancement,6,3,3
tichondrius,288,shaman,enhancement,6,3,3
moon-guard,288,shaman,enhancement,6,3,3
moon-guard,288,shaman,enhancement,6,3,3
stormrage,288,shaman,enhancement,6,3,3
blood-furnace,288,shaman,enhancement,6,3,3
sargeras,288,shaman,enhancement,6,3,3
stormrage,288,shaman,enhancement,6,3,3
darkspear,288,shaman,enhancement,6,3,3
illidan,288,shaman,enhancement,6,3,3
tichondrius,288,shaman,enhancement,6,3,3
illidan,288,shaman,enhancement,8,3,5
thunderhorn,288,shaman,enhancement,12,3,9
stormrage,288,shaman,enhancement,12,3,9
area-52,288,shaman,enhancement,12,3,9
tichondrius,288,shaman,enhancement,12,3,9
illidan,288,shaman,enhancement,12,3,9
ragnaros,287,shaman,enhancement,6,3,3
tichondrius,287,shaman,enhancement,6,3,3
the-scryers,287,shaman,enhancement,8,3,5
kelthuzad,255,shaman,enhancement,11,4,7
area-52,239,shaman,enhancement,5,3,2
ursin,239,shaman,enhancement,11,3,8
arthas,234,shaman,enhancement,9,4,5
drakkari,207,shaman,enhancement,13,3,10
sargeras,192,shaman,enhancement,6,2,4
azshara,192,shaman,enhancement,6,2,4
rivendare,192,shaman,enhancement,6,2,4
illidan,192,shaman,enhancement,6,2,4
illidan,192,shaman,enhancement,6,2,4
nemesis,192,shaman,enhancement,6,2,4
sargeras,192,shaman,enhancement,6,2,4
bleeding-hollow,192,shaman,enhancement,6,2,4
sargeras,192,shaman,enhancement,6,2,4
sargeras,192,shaman,enhancement,6,2,4
zuljin,192,shaman,enhancement,6,2,4
hakkar,192,shaman,enhancement,6,2,4
dalaran,192,shaman,enhancement,6,2,4
dark-iron,192,shaman,enhancement,6,2,4
the-forgotten-coast,192,shaman,enhancement,6,2,4
kiljaeden,192,shaman,enhancement,6,2,4
firetree,192,shaman,enhancement,6,2,4
azralon,192,shaman,enhancement,6,2,4
sargeras,192,shaman,enhancement,6,2,4
azralon,192,shaman,enhancement,6,2,4
eonar,192,shaman,enhancement,6,2,4
tichondrius,192,shaman,enhancement,6,2,4
stormrage,192,shaman,enhancement,6,2,4
azralon,192,shaman,enhancement,6,2,4
bleeding-hollow,192,shaman,enhancement,6,2,4
kelthuzad,192,shaman,enhancement,6,2,4
bleeding-hollow,192,shaman,enhancement,6,2,4
tichondrius,192,shaman,enhancement,6,2,4
destromath,192,shaman,enhancement,6,2,4
emerald-dream,192,shaman,enhancement,6,2,4
tichondrius,192,shaman,enhancement,6,2,4
illidan,192,shaman,enhancement,6,2,4
emerald-dream,192,shaman,enhancement,6,2,4
illidan,192,shaman,enhancement,6,2,4
tichondrius,192,shaman,enhancement,6,2,4
frostmourne,192,shaman,enhancement,6,2,4
tichondrius,192,shaman,enhancement,6,2,4
daggerspine,191,shaman,enhancement,6,2,4
tichondrius,159,shaman,enhancement,5,2,3
moon-guard,128,shaman,enhancement,4,2,2
stormrage,112,shaman,enhancement,7,2,5
kiljaeden,96,shaman,enhancement,3,2,1
dalaran,96,shaman,enhancement,6,1,5
korgath,96,shaman,enhancement,6,1,5
mugthol,96,shaman,enhancement,6,1,5
moon-guard,96,shaman,enhancement,6,1,5
hyjal,96,shaman,enhancement,6,1,5
frostmourne,96,shaman,enhancement,6,1,5
dragonmaw,96,shaman,enhancement,6,1,5
sargeras,96,shaman,enhancement,6,1,5
illidan,96,shaman,enhancement,6,1,5
sargeras,96,shaman,enhancement,6,1,5
illidan,96,shaman,enhancement,6,1,5
area-52,96,shaman,enhancement,6,1,5
stormrage,96,shaman,enhancement,6,1,5
area-52,96,shaman,enhancement,6,1,5
area-52,96,shaman,enhancement,6,1,5
moon-guard,96,shaman,enhancement,6,1,5
khazgoroth,95,shaman,enhancement,6,1,5
sargeras,79,shaman,enhancement,5,1,4
illidan,42,shaman,enhancement,10,2,8
nazjatar,31,shaman,enhancement,2,1,1
proudmoore,2175,warlock,demonology,77,43,34
tichondrius,2145,warlock,demonology,72,42,30
tichondrius,2114,warlock,demonology,96,50,46
azralon,2111,warlock,demonology,140,78,62
azshara,2110,warlock,demonology,66,38,28
illidan,2110,warlock,demonology,112,58,54
stormrage,2097,warlock,demonology,93,57,36
nerzhul,2089,warlock,demonology,77,43,34
aerie-peak,1995,warlock,demonology,60,34,26
tichondrius,1992,warlock,demonology,54,28,26
sargeras,1992,warlock,demonology,109,54,55
tichondrius,1946,warlock,demonology,71,36,35
tichondrius,1940,warlock,demonology,55,31,24
sargeras,1940,warlock,demonology,59,33,26
anetheron,1939,warlock,demonology,55,27,28
maiev,1934,warlock,demonology,84,42,42
korgath,1922,warlock,demonology,36,29,7
stormreaver,1916,warlock,demonology,58,32,26
area-52,1911,warlock,demonology,57,29,28
malganis,1900,warlock,demonology,47,27,20
malganis,1899,warlock,demonology,42,26,16
warsong,1895,warlock,demonology,57,30,27
chogall,1858,warlock,demonology,53,26,27
dalaran,1839,warlock,demonology,42,32,10
blackwing-lair,1832,warlock,demonology,54,37,17
tichondrius,1829,warlock,demonology,48,26,22
darkspear,1827,warlock,demonology,41,23,18
moon-guard,1827,warlock,demonology,60,29,31
tichondrius,1824,warlock,demonology,59,32,27
tichondrius,1819,warlock,demonology,62,31,31
tichondrius,1815,warlock,demonology,36,22,14
moon-guard,1811,warlock,demonology,30,22,8
alleria,1811,warlock,demonology,30,19,11
tichondrius,1803,warlock,demonology,30,19,11
moon-guard,1794,warlock,demonology,84,42,42
tichondrius,1793,warlock,demonology,48,28,20
malganis,1765,warlock,demonology,48,27,21
zuljin,1752,warlock,demonology,55,29,26
moon-guard,1742,warlock,demonology,51,24,27
malganis,1737,warlock,demonology,42,22,20
area-52,1717,warlock,demonology,30,20,10
ragnaros,1713,warlock,demonology,86,43,43
area-52,1713,warlock,demonology,48,23,25
emerald-dream,1699,warlock,demonology,42,24,18
tichondrius,1685,warlock,demonology,34,21,13
emerald-dream,1673,warlock,demonology,35,18,17
lightbringer,1652,warlock,demonology,36,22,14
ragnaros,1651,warlock,demonology,30,21,9
quelthalas,1649,warlock,demonology,36,20,16
stormrage,1646,warlock,demonology,42,22,20
azralon,1638,warlock,demonology,42,18,24
sargeras,1629,warlock,demonology,30,17,13
illidan,1627,warlock,demonology,30,20,10
aggramar,1627,warlock,demonology,45,21,24
thunderhorn,1625,warlock,demonology,59,26,33
barthilas,1623,warlock,demonology,30,17,13
lightninghoof,1618,warlock,demonology,30,20,10
kelthuzad,1614,warlock,demonology,30,17,13
bonechewer,1609,warlock,demonology,31,18,13
bleeding-hollow,1605,warlock,demonology,36,19,17
wyrmrest-accord,1602,warlock,demonology,46,21,25
illidan,1597,warlock,demonology,58,30,28
tichondrius,1590,warlock,demonology,53,23,30
stormrage,1584,warlock,demonology,32,19,13
area-52,1579,warlock,demonology,39,27,12
bleeding-hollow,1576,warlock,demonology,35,24,11
tichondrius,1573,warlock,demonology,30,18,12
bleeding-hollow,1554,warlock,demonology,33,19,14
chromaggus,1554,warlock,demonology,70,33,37
area-52,1541,warlock,demonology,36,21,15
tichondrius,1534,warlock,demonology,24,16,8
barthilas,1534,warlock,demonology,30,16,14
tichondrius,1534,warlock,demonology,30,16,14
tichondrius,1533,warlock,demonology,30,16,14
lightnings-blade,1531,warlock,demonology,30,16,14
tichondrius,1531,warlock,demonology,30,16,14
daggerspine,1518,warlock,demonology,48,28,20
drakkari,1515,warlock,demonology,24,16,8
dalaran,1514,warlock,demonology,42,25,17
nordrassil,1514,warlock,demonology,36,20,16
azralon,1504,warlock,demonology,38,23,15
illidan,1489,warlock,demonology,48,24,24
tichondrius,1455,warlock,demonology,25,16,9
ragnaros,1448,warlock,demonology,51,27,24
moon-guard,1444,warlock,demonology,76,35,41
area-52,1439,warlock,demonology,24,15,9
illidan,1439,warlock,demonology,24,15,9
area-52,1438,warlock,demonology,24,15,9
sargeras,1437,warlock,demonology,24,15,9
stormrage,1437,warlock,demonology,30,15,15
thrall,1436,warlock,demonology,30,15,15
illidan,1431,warlock,demonology,24,15,9
illidan,1430,warlock,demonology,82,38,44
illidan,1424,warlock,demonology,18,15,3
tichondrius,1401,warlock,demonology,42,25,17
cairne,1344,warlock,demonology,24,14,10
tichondrius,1343,warlock,demonology,18,14,4
tichondrius,1343,warlock,demonology,24,14,10
tichondrius,1340,warlock,demonology,30,14,16
malganis,1339,warlock,demonology,18,14,4
stormrage,1338,warlock,demonology,18,14,4
tichondrius,1328,warlock,demonology,40,25,15
area-52,1323,warlock,demonology,28,15,13
skullcrusher,1299,warlock,demonology,67,36,31
chogall,1291,warlock,demonology,30,15,15
dawnbringer,1269,warlock,demonology,33,14,19
illidan,1266,warlock,demonology,24,14,10
tichondrius,1248,warlock,demonology,24,13,11
zuljin,1248,warlock,demonology,24,13,11
tichondrius,1247,warlock,demonology,18,13,5
sargeras,1247,warlock,demonology,24,13,11
nerzhul,1246,warlock,demonology,18,13,5
ragnaros,1242,warlock,demonology,24,13,11
nordrassil,1174,warlock,demonology,30,20,10
azralon,1152,warlock,demonology,18,12,6
tichondrius,1152,warlock,demonology,24,12,12
sentinels,1151,warlock,demonology,22,13,9
tichondrius,1150,warlock,demonology,18,12,6
mannoroth,1149,warlock,demonology,24,12,12
tichondrius,1148,warlock,demonology,18,12,6
windrunner,1146,warlock,demonology,25,13,12
illidan,1141,warlock,demonology,24,12,12
sargeras,1127,warlock,demonology,48,20,28
malganis,1074,warlock,demonology,30,13,17
demon-soul,1068,warlock,demonology,13,12,1
moon-guard,1056,warlock,demonology,18,11,7
tichondrius,1056,warlock,demonology,18,11,7
illidan,1056,warlock,demonology,27,12,15
tichondrius,1055,warlock,demonology,12,11,1
tichondrius,1052,warlock,demonology,18,11,7
moon-guard,1049,warlock,demonology,48,22,26
stormrage,1039,warlock,demonology,29,11,18
ragnaros,1037,warlock,demonology,30,11,19
tichondrius,1023,warlock,demonology,17,11,6
crushridge,1018,warlock,demonology,17,11,6
frostmourne,1006,warlock,demonology,23,11,12
ragnaros,960,warlock,demonology,12,10,2
tichondrius,960,warlock,demonology,12,10,2
kelthuzad,960,warlock,demonology,18,10,8
dalaran,960,warlock,demonology,18,10,8
area-52,960,warlock,demonology,18,10,8
kelthuzad,959,warlock,demonology,12,10,2
ragnaros,959,warlock,demonology,12,10,2
tanaris,958,warlock,demonology,12,10,2
gallywix,958,warlock,demonology,12,10,2
illidan,955,warlock,demonology,24,10,14
emerald-dream,953,warlock,demonology,24,10,14
dalaran,880,warlock,demonology,13,10,3
draenor,864,warlock,demonology,12,9,3
tichondrius,864,warlock,demonology,12,9,3
tichondrius,864,warlock,demonology,12,9,3
mugthol,864,warlock,demonology,12,9,3
tichondrius,864,warlock,demonology,12,9,3
ragnaros,864,warlock,demonology,16,10,6
proudmoore,864,warlock,demonology,18,9,9
moon-guard,864,warlock,demonology,18,9,9
tichondrius,864,warlock,demonology,18,9,9
stormscale,864,warlock,demonology,18,9,9
ursin,864,warlock,demonology,24,9,15
agamaggan,863,warlock,demonology,12,9,3
tichondrius,863,warlock,demonology,12,9,3
area-52,863,warlock,demonology,12,9,3
quelthalas,863,warlock,demonology,12,9,3
proudmoore,863,warlock,demonology,18,9,9
stormrage,863,warlock,demonology,18,9,9
area-52,862,warlock,demonology,12,9,3
tichondrius,862,warlock,demonology,18,9,9
moon-guard,859,warlock,demonology,18,9,9
ursin,831,warlock,demonology,14,10,4
zuljin,810,warlock,demonology,21,9,12
illidan,794,warlock,demonology,19,10,9
kelthuzad,783,warlock,demonology,11,9,2
tichondrius,768,warlock,demonology,12,8,4
area-52,768,warlock,demonology,12,8,4
nesingwary,768,warlock,demonology,12,8,4
shadowmoon,768,warlock,demonology,12,8,4
sargeras,768,warlock,demonology,12,8,4
tichondrius,768,warlock,demonology,12,8,4
chogall,768,warlock,demonology,12,8,4
tichondrius,768,warlock,demonology,18,8,10
mannoroth,768,warlock,demonology,18,8,10
tichondrius,768,warlock,demonology,18,8,10
queldorei,768,warlock,demonology,18,8,10
area-52,768,warlock,demonology,18,8,10
emerald-dream,768,warlock,demonology,18,8,10
draktharon,768,warlock,demonology,18,8,10
bleeding-hollow,767,warlock,demonology,12,8,4
moon-guard,767,warlock,demonology,12,8,4
thrall,767,warlock,demonology,12,8,4
azralon,767,warlock,demonology,12,8,4
arthas,767,warlock,demonology,18,8,10
wyrmrest-accord,763,warlock,demonology,12,8,4
illidan,761,warlock,demonology,18,8,10
malganis,736,warlock,demonology,16,8,8
malganis,736,warlock,demonology,19,9,10
lightnings-blade,718,warlock,demonology,11,8,3
boulderfist,702,warlock,demonology,11,8,3
tichondrius,672,warlock,demonology,12,7,5
stormrage,672,warlock,demonology,12,7,5
stormrage,672,warlock,demonology,12,7,5
tichondrius,672,warlock,demonology,12,7,5
ursin,672,warlock,demonology,12,7,5
tichondrius,672,warlock,demonology,12,7,5
proudmoore,672,warlock,demonology,12,7,5
nemesis,672,warlock,demonology,12,7,5
barthilas,672,warlock,demonology,12,7,5
kelthuzad,672,warlock,demonology,12,7,5
illidan,672,warlock,demonology,12,7,5
barthilas,672,warlock,demonology,12,7,5
kelthuzad,672,warlock,demonology,12,7,5
bonechewer,672,warlock,demonology,12,7,5
azralon,672,warlock,demonology,18,7,11
tichondrius,672,warlock,demonology,18,7,11
moon-guard,672,warlock,demonology,18,7,11
dalaran,672,warlock,demonology,18,7,11
sargeras,670,warlock,demonology,12,7,5
sargeras,670,warlock,demonology,12,7,5
malganis,616,warlock,demonology,22,9,13
sargeras,607,warlock,demonology,14,7,7
nordrassil,576,warlock,demonology,6,6,0
quelthalas,576,warlock,demonology,6,6,0
area-52,576,warlock,demonology,6,6,0
zuljin,576,warlock,demonology,12,6,6
nemesis,576,warlock,demonology,12,6,6
ragnaros,576,warlock,demonology,12,6,6
illidan,576,warlock,demonology,12,6,6
azralon,576,warlock,demonology,12,6,6
malygos,576,warlock,demonology,12,6,6
quelthalas,576,warlock,demonology,15,7,8
frostmourne,576,warlock,demonology,18,6,12
mugthol,575,warlock,demonology,12,6,6
moon-guard,575,warlock,demonology,12,6,6
anvilmar,575,warlock,demonology,12,6,6
kelthuzad,575,warlock,demonology,12,6,6
tichondrius,543,warlock,demonology,11,6,5
sargeras,543,warlock,demonology,11,6,5
area-52,480,warlock,demonology,6,5,1
tichondrius,480,warlock,demonology,6,5,1
altar-of-storms,480,warlock,demonology,6,5,1
ragnaros,480,warlock,demonology,6,5,1
mannoroth,480,warlock,demonology,6,5,1
tichondrius,480,warlock,demonology,6,5,1
the-venture-co,480,warlock,demonology,6,5,1
tichondrius,480,warlock,demonology,6,5,1
frostmourne,480,warlock,demonology,6,5,1
sargeras,480,warlock,demonology,7,5,2
tichondrius,480,warlock,demonology,12,5,7
kelthuzad,480,warlock,demonology,12,5,7
moon-guard,480,warlock,demonology,12,5,7
dalaran,480,warlock,demonology,12,5,7
akama,480,warlock,demonology,12,5,7
tichondrius,480,warlock,demonology,12,5,7
proudmoore,480,warlock,demonology,12,5,7
ragnaros,480,warlock,demonology,12,5,7
zuljin,480,warlock,demonology,12,5,7
spirestone,448,warlock,demonology,10,6,4
zuljin,426,warlock,demonology,17,6,11
stormrage,398,warlock,demonology,10,5,5
frostmourne,384,warlock,demonology,6,4,2
emerald-dream,384,warlock,demonology,6,4,2
madoran,384,warlock,demonology,6,4,2
tichondrius,384,warlock,demonology,6,4,2
tichondrius,384,warlock,demonology,6,4,2
tichondrius,384,warlock,demonology,6,4,2
azjolnerub,384,warlock,demonology,6,4,2
silvermoon,384,warlock,demonology,6,4,2
blackrock,384,warlock,demonology,6,4,2
blackrock,384,warlock,demonology,6,4,2
darrowmere,384,warlock,demonology,6,4,2
tichondrius,384,warlock,demonology,6,4,2
zuljin,384,warlock,demonology,6,4,2
fizzcrank,384,warlock,demonology,6,4,2
malganis,384,warlock,demonology,6,4,2
kelthuzad,384,warlock,demonology,6,4,2
tichondrius,384,warlock,demonology,6,4,2
skywall,384,warlock,demonology,6,4,2
area-52,384,warlock,demonology,6,4,2
tichondrius,384,warlock,demonology,6,4,2
tichondrius,384,warlock,demonology,6,4,2
jubeithos,384,warlock,demonology,6,4,2
illidan,384,warlock,demonology,6,4,2
ragnaros,384,warlock,demonology,9,5,4
moon-guard,384,warlock,demonology,12,4,8
sargeras,384,warlock,demonology,12,4,8
malganis,384,warlock,demonology,12,4,8
jubeithos,384,warlock,demonology,12,4,8
quelthalas,384,warlock,demonology,12,4,8
dalaran,384,warlock,demonology,12,4,8
shadowsong,384,warlock,demonology,12,4,8
ragnaros,384,warlock,demonology,12,4,8
dark-iron,384,warlock,demonology,12,4,8
tichondrius,384,warlock,demonology,18,4,14
sargeras,384,warlock,demonology,18,4,14
barthilas,351,warlock,demonology,11,4,7
mannoroth,319,warlock,demonology,5,4,1
whisperwind,304,warlock,demonology,7,4,3
earthen-ring,288,warlock,demonology,6,3,3
deathwing,288,warlock,demonology,6,3,3
tichondrius,288,warlock,demonology,6,3,3
kiljaeden,288,warlock,demonology,6,3,3
gilneas,288,warlock,demonology,6,3,3
quelthalas,288,warlock,demonology,6,3,3
bleeding-hollow,288,warlock,demonology,6,3,3
sargeras,288,warlock,demonology,6,3,3
ragnaros,288,warlock,demonology,6,3,3
tichondrius,288,warlock,demonology,6,3,3
tichondrius,288,warlock,demonology,6,3,3
malganis,288,warlock,demonology,6,3,3
bleeding-hollow,288,warlock,demonology,6,3,3
stormrage,288,warlock,demonology,6,3,3
trollbane,288,warlock,demonology,6,3,3
tichondrius,288,warlock,demonology,6,3,3
azralon,288,warlock,demonology,6,3,3
proudmoore,288,warlock,demonology,6,3,3
ragnaros,288,warlock,demonology,6,3,3
area-52,288,warlock,demonology,6,3,3
hyjal,288,warlock,demonology,6,3,3
blackrock,288,warlock,demonology,6,3,3
nathrezim,288,warlock,demonology,6,3,3
tichondrius,288,warlock,demonology,6,3,3
sargeras,288,warlock,demonology,6,3,3
tichondrius,288,warlock,demonology,6,3,3
tichondrius,288,warlock,demonology,6,3,3
kelthuzad,288,warlock,demonology,6,3,3
spirestone,288,warlock,demonology,6,3,3
sargeras,288,warlock,demonology,6,3,3
illidan,288,warlock,demonology,6,3,3
arthas,288,warlock,demonology,6,3,3
illidan,288,warlock,demonology,6,3,3
gallywix,288,warlock,demonology,6,3,3
blackhand,288,warlock,demonology,6,3,3
wyrmrest-accord,288,warlock,demonology,10,4,6
ragnaros,288,warlock,demonology,12,3,9
shuhalo,288,warlock,demonology,12,3,9
drakthul,288,warlock,demonology,12,3,9
sargeras,239,warlock,demonology,5,3,2
bleeding-hollow,239,warlock,demonology,5,3,2
tichondrius,239,warlock,demonology,5,3,2
emerald-dream,192,warlock,demonology,9,3,6
stormrage,192,warlock,demonology,6,2,4
laughing-skull,192,warlock,demonology,6,2,4
tichondrius,192,warlock,demonology,6,2,4
tichondrius,192,warlock,demonology,6,2,4
crushridge,192,warlock,demonology,6,2,4
dalaran,192,warlock,demonology,6,2,4
tichondrius,192,warlock,demonology,6,2,4
proudmoore,192,warlock,demonology,6,2,4
spirestone,192,warlock,demonology,6,2,4
tichondrius,192,warlock,demonology,6,2,4
tichondrius,192,warlock,demonology,6,2,4
stormrage,192,warlock,demonology,6,2,4
sargeras,192,warlock,demonology,6,2,4
sargeras,192,warlock,demonology,6,2,4
sargeras,192,warlock,demonology,6,2,4
runetotem,192,warlock,demonology,6,2,4
onyxia,192,warlock,demonology,6,2,4
emerald-dream,192,warlock,demonology,6,2,4
tichondrius,192,warlock,demonology,6,2,4
kelthuzad,192,warlock,demonology,6,2,4
tichondrius,192,warlock,demonology,6,2,4
malganis,192,warlock,demonology,6,2,4
exodar,192,warlock,demonology,6,2,4
area-52,192,warlock,demonology,6,2,4
coilfang,159,warlock,demonology,5,2,3
magtheridon,128,warlock,demonology,4,2,2
blackrock,128,warlock,demonology,10,2,8
illidan,96,warlock,demonology,6,1,5
kargath,96,warlock,demonology,6,1,5
stormscale,96,warlock,demonology,6,1,5
ragnaros,96,warlock,demonology,6,1,5
malganis,96,warlock,demonology,6,1,5
azralon,96,warlock,demonology,6,1,5
illidan,96,warlock,demonology,6,1,5
frostmourne,96,warlock,demonology,6,1,5
moon-guard,96,warlock,demonology,6,1,5
illidan,96,warlock,demonology,6,1,5
kelthuzad,96,warlock,demonology,6,1,5
bleeding-hollow,96,warlock,demonology,6,1,5
gorefiend,96,warlock,demonology,6,1,5
korgath,96,warlock,demonology,6,1,5
frostmourne,96,warlock,demonology,6,1,5
moon-guard,96,warlock,demonology,6,1,5
bleeding-hollow,96,warlock,demonology,6,1,5
kiljaeden,96,warlock,demonology,6,1,5
frostmourne,96,warlock,demonology,6,1,5
azralon,96,warlock,demonology,7,1,6
azralon,96,warlock,demonology,9,1,8
zuljin,48,warlock,demonology,3,1,2
nemesis,2184,warlock,destruction,72,50,22
area-52,2154,warlock,destruction,78,45,33
guldan,2125,warlock,destruction,90,51,39
azralon,2106,warlock,destruction,61,38,23
tichondrius,2106,warlock,destruction,72,41,31
malganis,2102,warlock,destruction,66,41,25
sargeras,2101,warlock,destruction,69,39,30
tichondrius,2100,warlock,destruction,54,36,18
bleeding-hollow,2081,warlock,destruction,73,46,27
tichondrius,2070,warlock,destruction,60,30,30
tichondrius,2063,warlock,destruction,48,33,15
tichondrius,2056,warlock,destruction,42,25,17
tichondrius,2025,warlock,destruction,48,29,19
whisperwind,2018,warlock,destruction,66,33,33
illidan,2013,warlock,destruction,65,40,25
tichondrius,2008,warlock,destruction,76,40,36
amanthul,2005,warlock,destruction,113,61,52
demon-soul,1988,warlock,destruction,48,33,15
frostmourne,1985,warlock,destruction,48,24,24
darkspear,1982,warlock,destruction,30,21,9
zuljin,1973,warlock,destruction,67,35,32
tichondrius,1966,warlock,destruction,66,37,29
moon-guard,1965,warlock,destruction,65,31,34
thrall,1960,warlock,destruction,60,32,28
illidan,1959,warlock,destruction,61,32,29
tichondrius,1948,warlock,destruction,54,30,24
illidan,1941,warlock,destruction,48,28,20
gallywix,1937,warlock,destruction,68,35,33
stormrage,1936,warlock,destruction,64,36,28
alleria,1931,warlock,destruction,59,33,26
shadowsong,1929,warlock,destruction,72,44,28
bleeding-hollow,1923,warlock,destruction,48,30,18
frostmourne,1910,warlock,destruction,36,27,9
tichondrius,1909,warlock,destruction,30,20,10
illidan,1907,warlock,destruction,36,20,16
spirestone,1900,warlock,destruction,36,20,16
sargeras,1898,warlock,destruction,91,43,48
kelthuzad,1894,warlock,destruction,31,21,10
illidan,1893,warlock,destruction,48,26,22
tichondrius,1891,warlock,destruction,30,24,6
illidan,1883,warlock,destruction,48,32,16
khaz-modan,1882,warlock,destruction,36,27,9
tichondrius,1881,warlock,destruction,43,29,14
kelthuzad,1880,warlock,destruction,80,40,40
tichondrius,1874,warlock,destruction,35,21,14
bleeding-hollow,1871,warlock,destruction,44,25,19
tichondrius,1868,warlock,destruction,36,26,10
bleeding-hollow,1859,warlock,destruction,54,32,22
burning-legion,1853,warlock,destruction,35,23,12
kelthuzad,1845,warlock,destruction,42,26,16
darkspear,1844,warlock,destruction,54,28,26
tichondrius,1842,warlock,destruction,53,31,22
saurfang,1838,warlock,destruction,36,24,12
bleeding-hollow,1836,warlock,destruction,60,31,29
bleeding-hollow,1835,warlock,destruction,42,26,16
nesingwary,1832,warlock,destruction,48,31,17
kirin-tor,1830,warlock,destruction,42,26,16
kaelthas,1825,warlock,destruction,54,30,24
lightnings-blade,1819,warlock,destruction,30,20,10
demon-soul,1818,warlock,destruction,30,19,11
frostmourne,1816,warlock,destruction,42,23,19
malganis,1815,warlock,destruction,24,19,5
dalaran,1815,warlock,destruction,36,22,14
frostmourne,1815,warlock,destruction,48,28,20
kelthuzad,1814,warlock,destruction,60,40,20
hellscream,1813,warlock,destruction,44,33,11
tichondrius,1812,warlock,destruction,54,31,23
barthilas,1812,warlock,destruction,60,30,30
malygos,1811,warlock,destruction,38,21,17
tichondrius,1810,warlock,destruction,42,26,16
bleeding-hollow,1810,warlock,destruction,36,22,14
tichondrius,1808,warlock,destruction,42,28,14
illidan,1808,warlock,destruction,60,26,34
tichondrius,1805,warlock,destruction,48,28,20
stormreaver,1803,warlock,destruction,42,26,16
zuljin,1802,warlock,destruction,30,20,10
tichondrius,1800,warlock,destruction,24,19,5
quelthalas,1797,warlock,destruction,54,34,20
stormscale,1794,warlock,destruction,73,34,39
tichondrius,1793,warlock,destruction,24,21,3
frostmourne,1783,warlock,destruction,102,47,55
frostwolf,1781,warlock,destruction,60,38,22
azralon,1776,warlock,destruction,42,21,21
tichondrius,1772,warlock,destruction,54,25,29
dalaran,1769,warlock,destruction,24,19,5
tichondrius,1767,warlock,destruction,36,23,13
illidan,1766,warlock,destruction,84,37,47
area-52,1756,warlock,destruction,42,24,18
kelthuzad,1750,warlock,destruction,41,19,22
stormrage,1747,warlock,destruction,36,24,12
bleeding-hollow,1746,warlock,destruction,47,27,20
tichondrius,1737,warlock,destruction,42,25,17
llane,1736,warlock,destruction,30,22,8
frostmourne,1736,warlock,destruction,56,36,20
tichondrius,1721,warlock,destruction,47,28,19
tichondrius,1719,warlock,destruction,24,18,6
tichondrius,1719,warlock,destruction,36,24,12
malganis,1719,warlock,destruction,42,24,18
sargeras,1719,warlock,destruction,72,33,39
stormrage,1718,warlock,destruction,36,21,15
nemesis,1718,warlock,destruction,131,67,64
sargeras,1717,warlock,destruction,48,27,21
frostmourne,1717,warlock,destruction,36,18,18
kiljaeden,1713,warlock,destruction,36,21,15
ragnaros,1709,warlock,destruction,48,24,24
sargeras,1707,warlock,destruction,53,37,16
malganis,1707,warlock,destruction,31,18,13
laughing-skull,1706,warlock,destruction,24,18,6
stormrage,1706,warlock,destruction,24,18,6
stormrage,1704,warlock,destruction,36,18,18
sargeras,1702,warlock,destruction,40,23,17
duskwood,1701,warlock,destruction,30,18,12
area-52,1701,warlock,destruction,30,18,12
firetree,1700,warlock,destruction,78,41,37
tichondrius,1699,warlock,destruction,24,18,6
tichondrius,1699,warlock,destruction,30,20,10
tichondrius,1697,warlock,destruction,44,24,20
area-52,1692,warlock,destruction,43,25,18
bleeding-hollow,1689,warlock,destruction,41,24,17
tichondrius,1688,warlock,destruction,43,23,20
malganis,1682,warlock,destruction,42,26,16
thunderlord,1681,warlock,destruction,42,27,15
madoran,1676,warlock,destruction,47,30,17
area-52,1676,warlock,destruction,56,29,27
area-52,1674,warlock,destruction,42,23,19
arthas,1674,warlock,destruction,83,42,41
sargeras,1673,warlock,destruction,42,27,15
bleeding-hollow,1670,warlock,destruction,83,45,38
ragnaros,1668,warlock,destruction,51,34,17
jubeithos,1667,warlock,destruction,37,23,14
stormrage,1660,warlock,destruction,30,20,10
proudmoore,1658,warlock,destruction,36,25,11
azralon,1657,warlock,destruction,30,27,3
illidan,1657,warlock,destruction,29,18,11
sargeras,1657,warlock,destruction,42,25,17
zuljin,1657,warlock,destruction,37,22,15
aerie-peak,1656,warlock,destruction,46,27,19
malganis,1656,warlock,destruction,59,34,25
stormrage,1656,warlock,destruction,32,18,14
tichondrius,1652,warlock,destruction,36,22,14
darkspear,1649,warlock,destruction,38,21,17
area-52,1647,warlock,destruction,35,26,9
bleeding-hollow,1647,warlock,destruction,77,38,39
moon-guard,1647,warlock,destruction,52,23,29
area-52,1642,warlock,destruction,30,22,8
velen,1642,warlock,destruction,34,23,11
tichondrius,1642,warlock,destruction,42,22,20
nemesis,1638,warlock,destruction,59,34,25
azralon,1638,warlock,destruction,42,20,22
stormrage,1636,warlock,destruction,36,20,16
tichondrius,1635,warlock,destruction,43,25,18
area-52,1635,warlock,destruction,36,18,18
zuljin,1629,warlock,destruction,30,17,13
kelthuzad,1629,warlock,destruction,30,17,13
tichondrius,1627,warlock,destruction,36,20,16
illidan,1627,warlock,destruction,36,17,19
grizzly-hills,1626,warlock,destruction,30,20,10
wyrmrest-accord,1625,warlock,destruction,30,17,13
malfurion,1624,warlock,destruction,53,27,26
tichondrius,1623,warlock,destruction,30,17,13
tortheldrin,1622,warlock,destruction,41,23,18
thrall,1620,warlock,destruction,37,27,10
magtheridon,1619,warlock,destruction,24,17,7
azralon,1617,warlock,destruction,54,31,23
destromath,1617,warlock,destruction,60,34,26
tichondrius,1616,warlock,destruction,42,21,21
azralon,1615,warlock,destruction,43,27,16
malganis,1615,warlock,destruction,36,20,16
illidan,1603,warlock,destruction,29,21,8
bronzebeard,1602,warlock,destruction,24,17,7
kelthuzad,1602,warlock,destruction,51,29,22
kelthuzad,1599,warlock,destruction,18,17,1
tichondrius,1599,warlock,destruction,36,19,17
moon-guard,1596,warlock,destruction,24,20,4
bleeding-hollow,1595,warlock,destruction,42,25,17
illidan,1592,warlock,destruction,36,19,17
kelthuzad,1591,warlock,destruction,48,19,29
destromath,1587,warlock,destruction,29,17,12
moon-guard,1586,warlock,destruction,59,35,24
tichondrius,1586,warlock,destruction,34,17,17
sargeras,1585,warlock,destruction,35,22,13
tichondrius,1581,warlock,destruction,40,20,20
thrall,1579,warlock,destruction,29,19,10
area-52,1577,warlock,destruction,36,21,15
tichondrius,1574,warlock,destruction,66,40,26
bladefist,1568,warlock,destruction,41,18,23
emerald-dream,1565,warlock,destruction,63,29,34
drenden,1561,warlock,destruction,24,17,7
zuljin,1559,warlock,destruction,48,31,17
emerald-dream,1557,warlock,destruction,114,58,56
moon-guard,1551,warlock,destruction,32,23,9
tichondrius,1550,warlock,destruction,30,17,13
tichondrius,1549,warlock,destruction,51,25,26
boulderfist,1548,warlock,destruction,48,24,24
zuljin,1548,warlock,destruction,36,18,18
zuljin,1540,warlock,destruction,50,31,19
kalecgos,1538,warlock,destruction,32,20,12
stormrage,1537,warlock,destruction,29,17,12
tichondrius,1534,warlock,destruction,30,16,14
malganis,1533,warlock,destruction,24,16,8
emerald-dream,1532,warlock,destruction,24,16,8
frostmourne,1532,warlock,destruction,30,16,14
hydraxis,1528,warlock,destruction,24,16,8
frostmourne,1516,warlock,destruction,30,16,14
nemesis,1515,warlock,destruction,24,17,7
mannoroth,1514,warlock,destruction,35,16,19
draktharon,1509,warlock,destruction,66,35,31
malganis,1506,warlock,destruction,75,38,37
area-52,1505,warlock,destruction,24,16,8
malganis,1503,warlock,destruction,30,16,14
akama,1502,warlock,destruction,60,33,27
area-52,1496,warlock,destruction,34,17,17
tichondrius,1491,warlock,destruction,79,39,40
moon-guard,1490,warlock,destruction,47,27,20
malganis,1486,warlock,destruction,29,16,13
area-52,1485,warlock,destruction,24,16,8
moon-guard,1485,warlock,destruction,58,26,32
sargeras,1485,warlock,destruction,57,21,36
quelthalas,1483,warlock,destruction,60,34,26
tichondrius,1482,warlock,destruction,25,19,6
korgath,1480,warlock,destruction,30,18,12
area-52,1474,warlock,destruction,38,19,19
zuljin,1466,warlock,destruction,36,24,12
nagrand,1461,warlock,destruction,36,24,12
kargath,1450,warlock,destruction,32,21,11
tichondrius,1450,warlock,destruction,48,25,23
deathwing,1447,warlock,destruction,24,18,6
ragnaros,1443,warlock,destruction,82,45,37
tichondrius,1438,warlock,destruction,24,15,9
tichondrius,1437,warlock,destruction,84,52,32
deathwing,1435,warlock,destruction,30,15,15
chogall,1434,warlock,destruction,30,15,15
tichondrius,1433,warlock,destruction,39,18,21
area-52,1430,warlock,destruction,59,32,27
sargeras,1429,warlock,destruction,34,16,18
tichondrius,1424,warlock,destruction,30,15,15
moon-guard,1423,warlock,destruction,24,15,9
illidan,1422,warlock,destruction,54,22,32
frostmourne,1418,warlock,destruction,24,15,9
area-52,1417,warlock,destruction,74,34,40
stormrage,1415,warlock,destruction,24,15,9
drakkari,1413,warlock,destruction,24,15,9
ragnaros,1411,warlock,destruction,24,15,9
tichondrius,1410,warlock,destruction,30,15,15
tichondrius,1410,warlock,destruction,42,19,23
shadowmoon,1409,warlock,destruction,30,15,15
altar-of-storms,1402,warlock,destruction,42,20,22
thunderlord,1400,warlock,destruction,36,16,20
nesingwary,1395,warlock,destruction,36,21,15
area-52,1392,warlock,destruction,34,24,10
barthilas,1391,warlock,destruction,35,17,18
sargeras,1382,warlock,destruction,24,15,9
illidan,1382,warlock,destruction,57,32,25
tichondrius,1377,warlock,destruction,42,23,19
deathwing,1372,warlock,destruction,42,29,13
quelthalas,1370,warlock,destruction,29,16,13
moon-guard,1370,warlock,destruction,43,18,25
sargeras,1367,warlock,destruction,22,15,7
quelthalas,1367,warlock,destruction,45,22,23
arthas,1364,warlock,destruction,24,15,9
emerald-dream,1355,warlock,destruction,47,22,25
tichondrius,1344,warlock,destruction,24,14,10
thrall,1344,warlock,destruction,42,18,24
blackrock,1343,warlock,destruction,24,14,10
proudmoore,1342,warlock,destruction,18,14,4
magtheridon,1342,warlock,destruction,18,14,4
steamwheedle-cartel,1342,warlock,destruction,24,15,9
tichondrius,1342,warlock,destruction,30,14,16
stormrage,1340,warlock,destruction,18,14,4
tichondrius,1337,warlock,destruction,18,14,4
mannoroth,1337,warlock,destruction,30,20,10
tichondrius,1337,warlock,destruction,24,14,10
tichondrius,1335,warlock,destruction,18,14,4
azgalor,1332,warlock,destruction,30,21,9
arthas,1316,warlock,destruction,18,14,4
area-52,1316,warlock,destruction,38,14,24
stormrage,1315,warlock,destruction,33,20,13
misha,1305,warlock,destruction,30,14,16
tichondrius,1279,warlock,destruction,26,14,12
tichondrius,1265,warlock,destruction,60,27,33
zuljin,1258,warlock,destruction,36,15,21
area-52,1248,warlock,destruction,18,13,5
blood-furnace,1248,warlock,destruction,24,13,11
moon-guard,1247,warlock,destruction,18,13,5
kelthuzad,1247,warlock,destruction,18,13,5
frostmourne,1247,warlock,destruction,18,13,5
malganis,1247,warlock,destruction,24,13,11
duskwood,1247,warlock,destruction,30,13,17
hyjal,1246,warlock,destruction,18,13,5
tichondrius,1246,warlock,destruction,22,14,8
barthilas,1245,warlock,destruction,24,15,9
proudmoore,1245,warlock,destruction,24,13,11
area-52,1243,warlock,destruction,22,13,9
tichondrius,1242,warlock,destruction,24,13,11
stormrage,1240,warlock,destruction,18,13,5
draka,1236,warlock,destruction,18,13,5
frostmourne,1233,warlock,destruction,18,13,5
stormrage,1229,warlock,destruction,65,36,29
frostmourne,1228,warlock,destruction,18,13,5
tichondrius,1226,warlock,destruction,24,13,11
bleeding-hollow,1215,warlock,destruction,29,14,15
tichondrius,1212,warlock,destruction,69,33,36
crushridge,1209,warlock,destruction,28,17,11
barthilas,1196,warlock,destruction,27,13,14
daggerspine,1188,warlock,destruction,32,21,11
khadgar,1187,warlock,destruction,23,13,10
sargeras,1177,warlock,destruction,77,33,44
bleeding-hollow,1152,warlock,destruction,12,12,0
tichondrius,1152,warlock,destruction,18,12,6
firetree,1152,warlock,destruction,18,12,6
moon-guard,1152,warlock,destruction,24,12,12
tichondrius,1152,warlock,destruction,24,12,12
tichondrius,1152,warlock,destruction,24,12,12
tichondrius,1151,warlock,destruction,18,12,6
nemesis,1151,warlock,destruction,18,12,6
kelthuzad,1151,warlock,destruction,18,12,6
tichondrius,1151,warlock,destruction,24,12,12
firetree,1151,warlock,destruction,28,13,15
aegwynn,1150,warlock,destruction,18,12,6
chogall,1149,warlock,destruction,18,12,6
stormrage,1149,warlock,destruction,24,12,12
stormrage,1144,warlock,destruction,18,12,6
moknathal,1142,warlock,destruction,24,12,12
sargeras,1142,warlock,destruction,30,12,18
tichondrius,1133,warlock,destruction,18,12,6
illidan,1125,warlock,destruction,19,12,7
goldrinn,1117,warlock,destruction,26,13,13
demon-soul,1106,warlock,destruction,24,12,12
area-52,1103,warlock,destruction,15,13,2
stormrage,1101,warlock,destruction,23,12,11
area-52,1096,warlock,destruction,15,13,2
nemesis,1096,warlock,destruction,25,13,12
aegwynn,1094,warlock,destruction,30,17,13
hyjal,1091,warlock,destruction,42,25,17
nemesis,1079,warlock,destruction,83,32,51
wyrmrest-accord,1068,warlock,destruction,19,12,7
azralon,1056,warlock,destruction,12,11,1
drakthul,1056,warlock,destruction,12,11,1
bloodhoof,1056,warlock,destruction,18,11,7
tichondrius,1056,warlock,destruction,18,11,7
tichondrius,1056,warlock,destruction,18,11,7
ragnaros,1056,warlock,destruction,18,11,7
rivendare,1056,warlock,destruction,24,11,13
nemesis,1055,warlock,destruction,18,11,7
dalaran,1055,warlock,destruction,18,11,7
tichondrius,1055,warlock,destruction,18,11,7
area-52,1055,warlock,destruction,24,11,13
tichondrius,1055,warlock,destruction,24,11,13
stormrage,1054,warlock,destruction,12,11,1
zuljin,1053,warlock,destruction,18,11,7
ghostlands,1053,warlock,destruction,24,11,13
darkspear,1052,warlock,destruction,18,11,7
stormrage,1047,warlock,destruction,24,14,10
stormrage,1046,warlock,destruction,18,11,7
hydraxis,1046,warlock,destruction,18,11,7
moon-guard,1044,warlock,destruction,18,11,7
tichondrius,1038,warlock,destruction,21,12,9
tichondrius,1030,warlock,destruction,18,11,7
stormrage,1018,warlock,destruction,18,11,7
tichondrius,1013,warlock,destruction,23,11,12
sargeras,1006,warlock,destruction,26,11,15
sargeras,1003,warlock,destruction,17,11,6
azralon,992,warlock,destruction,27,12,15
area-52,986,warlock,destruction,23,11,12
tichondrius,975,warlock,destruction,11,11,0
tichondrius,966,warlock,destruction,31,11,20
tichondrius,960,warlock,destruction,12,10,2
malganis,960,warlock,destruction,12,10,2
stormrage,960,warlock,destruction,12,10,2
greymane,960,warlock,destruction,12,10,2
sargeras,960,warlock,destruction,12,10,2
sargeras,960,warlock,destruction,12,10,2
tichondrius,960,warlock,destruction,12,10,2
barthilas,960,warlock,destruction,12,10,2
tichondrius,960,warlock,destruction,12,10,2
tichondrius,960,warlock,destruction,12,10,2
kelthuzad,960,warlock,destruction,12,10,2
stormrage,960,warlock,destruction,18,10,8
tichondrius,960,warlock,destruction,18,10,8
sargeras,960,warlock,destruction,18,10,8
tichondrius,960,warlock,destruction,18,10,8
tichondrius,960,warlock,destruction,18,10,8
illidan,959,warlock,destruction,12,10,2
illidan,959,warlock,destruction,12,10,2
stormrage,959,warlock,destruction,12,10,2
sargeras,959,warlock,destruction,12,10,2
area-52,959,warlock,destruction,18,10,8
kelthuzad,959,warlock,destruction,18,10,8
kiljaeden,959,warlock,destruction,18,10,8
moon-guard,958,warlock,destruction,12,10,2
sargeras,958,warlock,destruction,18,10,8
sargeras,957,warlock,destruction,19,10,9
area-52,955,warlock,destruction,18,10,8
zuluhed,955,warlock,destruction,24,10,14
jubeithos,952,warlock,destruction,18,10,8
lightnings-blade,946,warlock,destruction,12,10,2
korgath,928,warlock,destruction,28,10,18
malganis,927,warlock,destruction,20,11,9
moon-guard,894,warlock,destruction,17,10,7
proudmoore,882,warlock,destruction,14,10,4
frostmourne,864,warlock,destruction,12,9,3
malganis,864,warlock,destruction,18,9,9
tichondrius,864,warlock,destruction,18,9,9
tichondrius,864,warlock,destruction,18,9,9
zuljin,864,warlock,destruction,18,9,9
illidan,864,warlock,destruction,18,9,9
spirestone,864,warlock,destruction,18,9,9
silvermoon,864,warlock,destruction,24,9,15
suramar,864,warlock,destruction,24,9,15
stormrage,863,warlock,destruction,12,9,3
laughing-skull,863,warlock,destruction,12,9,3
moon-guard,863,warlock,destruction,12,9,3
dalaran,863,warlock,destruction,12,9,3
area-52,863,warlock,destruction,12,9,3
azralon,863,warlock,destruction,13,9,4
nagrand,863,warlock,destruction,18,9,9
illidan,863,warlock,destruction,18,9,9
tichondrius,863,warlock,destruction,18,9,9
mugthol,863,warlock,destruction,18,9,9
tichondrius,863,warlock,destruction,22,10,12
area-52,863,warlock,destruction,24,9,15
malganis,862,warlock,destruction,12,9,3
arthas,862,warlock,destruction,12,9,3
earthen-ring,862,warlock,destruction,12,9,3
aerie-peak,862,warlock,destruction,12,9,3
proudmoore,862,warlock,destruction,18,9,9
moon-guard,861,warlock,destruction,12,9,3
proudmoore,859,warlock,destruction,24,9,15
illidan,858,warlock,destruction,18,9,9
lightnings-blade,855,warlock,destruction,12,9,3
illidan,803,warlock,destruction,19,10,9
area-52,800,warlock,destruction,16,9,7
sargeras,799,warlock,destruction,14,9,5
drakkari,784,warlock,destruction,13,9,4
tichondrius,768,warlock,destruction,10,9,1
sargeras,768,warlock,destruction,12,8,4
darkspear,768,warlock,destruction,12,8,4
tichondrius,768,warlock,destruction,12,8,4
tichondrius,768,warlock,destruction,12,8,4
tichondrius,768,warlock,destruction,12,8,4
tichondrius,768,warlock,destruction,12,8,4
senjin,768,warlock,destruction,12,8,4
tichondrius,768,warlock,destruction,12,8,4
tichondrius,768,warlock,destruction,12,8,4
daggerspine,768,warlock,destruction,12,8,4
greymane,768,warlock,destruction,12,8,4
archimonde,768,warlock,destruction,12,8,4
illidan,768,warlock,destruction,12,8,4
kelthuzad,768,warlock,destruction,12,8,4
nemesis,768,warlock,destruction,12,8,4
illidan,768,warlock,destruction,12,8,4
malganis,768,warlock,destruction,12,8,4
zuljin,768,warlock,destruction,12,8,4
ravencrest,768,warlock,destruction,12,8,4
illidan,768,warlock,destruction,12,8,4
illidan,768,warlock,destruction,12,8,4
dalaran,768,warlock,destruction,12,8,4
hyjal,768,warlock,destruction,18,8,10
jaedenar,768,warlock,destruction,18,8,10
emerald-dream,768,warlock,destruction,18,8,10
frostmourne,767,warlock,destruction,12,8,4
sargeras,767,warlock,destruction,12,8,4
thrall,767,warlock,destruction,12,8,4
stormrage,767,warlock,destruction,12,8,4
tichondrius,767,warlock,destruction,12,8,4
tichondrius,767,warlock,destruction,18,8,10
illidan,767,warlock,destruction,18,8,10
alexstrasza,767,warlock,destruction,18,8,10
azralon,767,warlock,destruction,24,8,16
illidan,766,warlock,destruction,12,8,4
frostmourne,766,warlock,destruction,12,8,4
khazgoroth,765,warlock,destruction,12,8,4
malganis,763,warlock,destruction,12,8,4
kul-tiras,763,warlock,destruction,12,8,4
dalaran,763,warlock,destruction,18,8,10
hellscream,762,warlock,destruction,18,8,10
tichondrius,736,warlock,destruction,10,9,1
illidan,735,warlock,destruction,14,9,5
stormscale,720,warlock,destruction,15,9,6
bleeding-hollow,719,warlock,destruction,11,8,3
hyjal,719,warlock,destruction,11,8,3
malganis,719,warlock,destruction,17,8,9
barthilas,703,warlock,destruction,11,8,3
doomhammer,702,warlock,destruction,14,8,6
illidan,699,warlock,destruction,11,8,3
tichondrius,688,warlock,destruction,13,8,5
wyrmrest-accord,687,warlock,destruction,23,9,14
burning-legion,686,warlock,destruction,22,8,14
burning-legion,672,warlock,destruction,12,7,5
bleeding-hollow,672,warlock,destruction,12,7,5
tichondrius,672,warlock,destruction,12,7,5
crushridge,672,warlock,destruction,12,7,5
illidan,672,warlock,destruction,12,7,5
nemesis,672,warlock,destruction,12,7,5
tichondrius,672,warlock,destruction,12,7,5
tichondrius,672,warlock,destruction,12,7,5
bonechewer,672,warlock,destruction,12,7,5
tichondrius,672,warlock,destruction,12,7,5
arthas,672,warlock,destruction,12,7,5
tichondrius,672,warlock,destruction,12,7,5
malfurion,672,warlock,destruction,12,7,5
boulderfist,672,warlock,destruction,12,7,5
tichondrius,672,warlock,destruction,12,7,5
tichondrius,672,warlock,destruction,12,7,5
tichondrius,672,warlock,destruction,12,7,5
tichondrius,672,warlock,destruction,12,7,5
kirin-tor,672,warlock,destruction,12,7,5
wildhammer,672,warlock,destruction,12,7,5
frostmourne,672,warlock,destruction,12,7,5
ragnaros,672,warlock,destruction,12,7,5
tichondrius,672,warlock,destruction,12,7,5
illidan,672,warlock,destruction,18,7,11
tichondrius,672,warlock,destruction,18,7,11
tichondrius,672,warlock,destruction,18,7,11
antonidas,671,warlock,destruction,12,7,5
blackrock,671,warlock,destruction,12,7,5
ragnaros,671,warlock,destruction,12,7,5
area-52,671,warlock,destruction,12,7,5
sargeras,671,warlock,destruction,12,7,5
azralon,671,warlock,destruction,18,7,11
barthilas,670,warlock,destruction,12,7,5
azralon,668,warlock,destruction,12,7,5
dalaran,668,warlock,destruction,19,7,12
tichondrius,639,warlock,destruction,11,7,4
zuljin,639,warlock,destruction,20,8,12
azralon,637,warlock,destruction,20,8,12
area-52,624,warlock,destruction,21,7,14
sargeras,623,warlock,destruction,11,7,4
malganis,618,warlock,destruction,34,8,26
stormrage,608,warlock,destruction,16,7,9
tichondrius,607,warlock,destruction,8,7,1
kiljaeden,607,warlock,destruction,11,7,4
ragnaros,607,warlock,destruction,14,7,7
tichondrius,607,warlock,destruction,16,7,9
sargeras,576,warlock,destruction,6,6,0
stormrage,576,warlock,destruction,6,6,0
bleeding-hollow,576,warlock,destruction,6,6,0
moon-guard,576,warlock,destruction,6,6,0
frostmourne,576,warlock,destruction,6,6,0
illidan,576,warlock,destruction,6,6,0
frostmourne,576,warlock,destruction,6,6,0
quelthalas,576,warlock,destruction,6,6,0
tichondrius,576,warlock,destruction,6,6,0
bleeding-hollow,576,warlock,destruction,6,6,0
velen,576,warlock,destruction,6,6,0
tichondrius,576,warlock,destruction,6,6,0
tichondrius,576,warlock,destruction,6,6,0
area-52,576,warlock,destruction,12,6,6
moon-guard,576,warlock,destruction,12,6,6
tichondrius,576,warlock,destruction,12,6,6
mugthol,576,warlock,destruction,12,6,6
dalaran,576,warlock,destruction,12,6,6
moon-guard,576,warlock,destruction,12,6,6
tichondrius,576,warlock,destruction,12,6,6
aerie-peak,576,warlock,destruction,12,6,6
area-52,576,warlock,destruction,12,6,6
proudmoore,576,warlock,destruction,12,6,6
area-52,576,warlock,destruction,12,6,6
azralon,576,warlock,destruction,12,6,6
proudmoore,576,warlock,destruction,12,6,6
bleeding-hollow,576,warlock,destruction,12,6,6
azralon,576,warlock,destruction,12,6,6
barthilas,576,warlock,destruction,12,6,6
kiljaeden,576,warlock,destruction,12,6,6
nerzhul,576,warlock,destruction,12,6,6
barthilas,576,warlock,destruction,12,6,6
kirin-tor,576,warlock,destruction,18,6,12
thunderlord,576,warlock,destruction,18,6,12
azgalor,575,warlock,destruction,6,6,0
firetree,575,warlock,destruction,12,6,6
malorne,575,warlock,destruction,12,6,6
bleeding-hollow,575,warlock,destruction,12,6,6
lightnings-blade,575,warlock,destruction,12,6,6
area-52,575,warlock,destruction,12,6,6
frostmourne,575,warlock,destruction,12,6,6
azralon,575,warlock,destruction,12,6,6
jubeithos,575,warlock,destruction,12,6,6
kaelthas,575,warlock,destruction,12,6,6
quelthalas,575,warlock,destruction,12,6,6
nordrassil,575,warlock,destruction,12,6,6
icecrown,575,warlock,destruction,12,6,6
moon-guard,575,warlock,destruction,18,6,12
stormrage,575,warlock,destruction,18,6,12
illidan,574,warlock,destruction,6,6,0
barthilas,574,warlock,destruction,12,6,6
tichondrius,559,warlock,destruction,11,6,5
tichondrius,543,warlock,destruction,8,7,1
tichondrius,543,warlock,destruction,11,6,5
proudmoore,543,warlock,destruction,17,6,11
sargeras,511,warlock,destruction,14,6,8
bleeding-hollow,480,warlock,destruction,6,5,1
frostmane,480,warlock,destruction,6,5,1
korgath,480,warlock,destruction,6,5,1
stormrage,480,warlock,destruction,6,5,1
darkspear,480,warlock,destruction,6,5,1
bleeding-hollow,480,warlock,destruction,6,5,1
shuhalo,480,warlock,destruction,6,5,1
frostmourne,480,warlock,destruction,6,5,1
tichondrius,480,warlock,destruction,6,5,1
illidan,480,warlock,destruction,6,5,1
thrall,480,warlock,destruction,6,5,1
tichondrius,480,warlock,destruction,6,5,1
veknilash,480,warlock,destruction,6,5,1
area-52,480,warlock,destruction,6,5,1
tichondrius,480,warlock,destruction,6,5,1
tichondrius,480,warlock,destruction,6,5,1
tichondrius,480,warlock,destruction,6,5,1
illidan,480,warlock,destruction,6,5,1
bleeding-hollow,480,warlock,destruction,6,5,1
tichondrius,480,warlock,destruction,6,5,1
azralon,480,warlock,destruction,6,5,1
tichondrius,480,warlock,destruction,6,5,1
illidan,480,warlock,destruction,6,5,1
tichondrius,480,warlock,destruction,6,5,1
dalaran,480,warlock,destruction,6,5,1
illidan,480,warlock,destruction,6,5,1
tichondrius,480,warlock,destruction,6,5,1
tichondrius,480,warlock,destruction,6,5,1
dalaran,480,warlock,destruction,6,5,1
tichondrius,480,warlock,destruction,6,5,1
bleeding-hollow,480,warlock,destruction,7,5,2
sargeras,480,warlock,destruction,12,5,7
moon-guard,480,warlock,destruction,12,5,7
stormreaver,480,warlock,destruction,12,5,7
saurfang,480,warlock,destruction,12,5,7
tichondrius,480,warlock,destruction,12,5,7
malganis,480,warlock,destruction,12,5,7
blackrock,480,warlock,destruction,12,5,7
malganis,480,warlock,destruction,12,5,7
azralon,480,warlock,destruction,12,5,7
area-52,480,warlock,destruction,12,5,7
darkspear,480,warlock,destruction,12,5,7
stormrage,480,warlock,destruction,12,5,7
garrosh,480,warlock,destruction,12,5,7
mannoroth,480,warlock,destruction,12,5,7
area-52,480,warlock,destruction,12,5,7
tichondrius,480,warlock,destruction,12,5,7
area-52,480,warlock,destruction,12,5,7
frostmourne,480,warlock,destruction,12,5,7
illidan,480,warlock,destruction,12,5,7
kelthuzad,480,warlock,destruction,12,5,7
frostmourne,480,warlock,destruction,12,5,7
tichondrius,480,warlock,destruction,12,5,7
blackrock,480,warlock,destruction,18,5,13
proudmoore,479,warlock,destruction,6,5,1
duskwood,479,warlock,destruction,12,5,7
amanthul,479,warlock,destruction,12,5,7
laughing-skull,479,warlock,destruction,12,5,7
ragnaros,457,warlock,destruction,13,8,5
stormrage,447,warlock,destruction,11,5,6
moon-guard,431,warlock,destruction,11,5,6
illidan,384,warlock,destruction,6,4,2
blackhand,384,warlock,destruction,6,4,2
tichondrius,384,warlock,destruction,6,4,2
area-52,384,warlock,destruction,6,4,2
illidan,384,warlock,destruction,6,4,2
tichondrius,384,warlock,destruction,6,4,2
tichondrius,384,warlock,destruction,6,4,2
tichondrius,384,warlock,destruction,6,4,2
zuljin,384,warlock,destruction,6,4,2
illidan,384,warlock,destruction,6,4,2
azralon,384,warlock,destruction,6,4,2
illidan,384,warlock,destruction,6,4,2
illidan,384,warlock,destruction,6,4,2
illidan,384,warlock,destruction,6,4,2
feathermoon,384,warlock,destruction,6,4,2
area-52,384,warlock,destruction,6,4,2
tichondrius,384,warlock,destruction,6,4,2
stormreaver,384,warlock,destruction,6,4,2
tichondrius,384,warlock,destruction,6,4,2
stormreaver,384,warlock,destruction,6,4,2
ravencrest,384,warlock,destruction,6,4,2
illidan,384,warlock,destruction,6,4,2
zuljin,384,warlock,destruction,6,4,2
hellscream,384,warlock,destruction,6,4,2
bleeding-hollow,384,warlock,destruction,6,4,2
korgath,384,warlock,destruction,6,4,2
illidan,384,warlock,destruction,6,4,2
illidan,384,warlock,destruction,6,4,2
tichondrius,384,warlock,destruction,6,4,2
tichondrius,384,warlock,destruction,6,4,2
illidan,384,warlock,destruction,6,4,2
antonidas,384,warlock,destruction,6,4,2
tichondrius,384,warlock,destruction,6,4,2
frostmourne,384,warlock,destruction,6,4,2
zuljin,384,warlock,destruction,6,4,2
tichondrius,384,warlock,destruction,6,4,2
chogall,384,warlock,destruction,6,4,2
tichondrius,384,warlock,destruction,6,4,2
stormrage,384,warlock,destruction,6,4,2
dalaran,384,warlock,destruction,6,4,2
sargeras,384,warlock,destruction,6,4,2
area-52,384,warlock,destruction,6,4,2
malganis,384,warlock,destruction,6,4,2
stormrage,384,warlock,destruction,6,4,2
drakkari,384,warlock,destruction,6,4,2
darkspear,384,warlock,destruction,6,4,2
frostmourne,384,warlock,destruction,6,4,2
tichondrius,384,warlock,destruction,6,4,2
nemesis,384,warlock,destruction,6,4,2
malganis,384,warlock,destruction,6,4,2
aegwynn,384,warlock,destruction,6,4,2
silvermoon,384,warlock,destruction,6,4,2
mannoroth,384,warlock,destruction,6,4,2
tichondrius,384,warlock,destruction,6,4,2
sargeras,384,warlock,destruction,6,4,2
shuhalo,384,warlock,destruction,6,4,2
stormrage,384,warlock,destruction,6,4,2
hyjal,384,warlock,destruction,6,4,2
quelthalas,384,warlock,destruction,6,4,2
sargeras,384,warlock,destruction,6,4,2
agamaggan,384,warlock,destruction,6,4,2
burning-blade,384,warlock,destruction,6,4,2
the-scryers,384,warlock,destruction,6,4,2
ragnaros,384,warlock,destruction,6,4,2
stormrage,384,warlock,destruction,6,4,2
malganis,384,warlock,destruction,6,4,2
moon-guard,384,warlock,destruction,6,4,2
moon-guard,384,warlock,destruction,6,4,2
chogall,384,warlock,destruction,6,4,2
sargeras,384,warlock,destruction,6,4,2
emerald-dream,384,warlock,destruction,6,4,2
sargeras,384,warlock,destruction,6,4,2
stormrage,384,warlock,destruction,6,4,2
thrall,384,warlock,destruction,6,4,2
eonar,384,warlock,destruction,6,4,2
sargeras,384,warlock,destruction,6,4,2
tichondrius,384,warlock,destruction,6,4,2
winterhoof,384,warlock,destruction,6,4,2
quelthalas,384,warlock,destruction,6,4,2
illidan,384,warlock,destruction,12,4,8
gorefiend,384,warlock,destruction,12,4,8
agamaggan,384,warlock,destruction,12,4,8
malganis,384,warlock,destruction,12,4,8
fizzcrank,384,warlock,destruction,12,4,8
frostwolf,384,warlock,destruction,12,4,8
khaz-modan,384,warlock,destruction,12,4,8
stormrage,384,warlock,destruction,12,4,8
malganis,384,warlock,destruction,12,4,8
azralon,384,warlock,destruction,12,4,8
tichondrius,384,warlock,destruction,12,4,8
hyjal,384,warlock,destruction,12,4,8
quelthalas,384,warlock,destruction,12,4,8
ragnaros,384,warlock,destruction,12,4,8
kiljaeden,384,warlock,destruction,12,4,8
azralon,384,warlock,destruction,12,4,8
tichondrius,384,warlock,destruction,12,4,8
hyjal,384,warlock,destruction,12,4,8
malganis,384,warlock,destruction,18,4,14
illidan,383,warlock,destruction,6,4,2
wyrmrest-accord,383,warlock,destruction,6,4,2
tichondrius,383,warlock,destruction,12,4,8
bleeding-hollow,383,warlock,destruction,12,4,8
drakkari,383,warlock,destruction,12,4,8
stormrage,383,warlock,destruction,12,4,8
borean-tundra,383,warlock,destruction,12,4,8
proudmoore,351,warlock,destruction,11,4,7
ragnaros,351,warlock,destruction,11,4,7
tichondrius,335,warlock,destruction,17,4,13
darkspear,330,warlock,destruction,7,5,2
malganis,330,warlock,destruction,11,6,5
sargeras,319,warlock,destruction,5,4,1
bleeding-hollow,319,warlock,destruction,5,4,1
tichondrius,319,warlock,destruction,5,4,1
goldrinn,304,warlock,destruction,7,4,3
area-52,288,warlock,destruction,6,3,3
tichondrius,288,warlock,destruction,6,3,3
azuremyst,288,warlock,destruction,6,3,3
ragnaros,288,warlock,destruction,6,3,3
ragnaros,288,warlock,destruction,6,3,3
tichondrius,288,warlock,destruction,6,3,3
malygos,288,warlock,destruction,6,3,3
ragnaros,288,warlock,destruction,6,3,3
blackhand,288,warlock,destruction,6,3,3
emerald-dream,288,warlock,destruction,6,3,3
tichondrius,288,warlock,destruction,6,3,3
malygos,288,warlock,destruction,6,3,3
stormrage,288,warlock,destruction,6,3,3
andorhal,288,warlock,destruction,6,3,3
tichondrius,288,warlock,destruction,6,3,3
tichondrius,288,warlock,destruction,6,3,3
frostmourne,288,warlock,destruction,6,3,3
bleeding-hollow,288,warlock,destruction,6,3,3
kiljaeden,288,warlock,destruction,6,3,3
sargeras,288,warlock,destruction,6,3,3
quelthalas,288,warlock,destruction,6,3,3
gorefiend,288,warlock,destruction,6,3,3
proudmoore,288,warlock,destruction,6,3,3
frostmourne,288,warlock,destruction,6,3,3
kiljaeden,288,warlock,destruction,6,3,3
proudmoore,288,warlock,destruction,6,3,3
queldorei,288,warlock,destruction,6,3,3
azralon,288,warlock,destruction,6,3,3
bleeding-hollow,288,warlock,destruction,6,3,3
barthilas,288,warlock,destruction,6,3,3
the-forgotten-coast,288,warlock,destruction,6,3,3
anvilmar,288,warlock,destruction,6,3,3
stormrage,288,warlock,destruction,6,3,3
azralon,288,warlock,destruction,6,3,3
tichondrius,288,warlock,destruction,6,3,3
moon-guard,288,warlock,destruction,6,3,3
tichondrius,288,warlock,destruction,6,3,3
tichondrius,288,warlock,destruction,6,3,3
moon-guard,288,warlock,destruction,6,3,3
zuljin,288,warlock,destruction,6,3,3
drakkari,288,warlock,destruction,6,3,3
tichondrius,288,warlock,destruction,6,3,3
zuljin,288,warlock,destruction,6,3,3
sargeras,288,warlock,destruction,6,3,3
azralon,288,warlock,destruction,6,3,3
illidan,288,warlock,destruction,6,3,3
sargeras,288,warlock,destruction,6,3,3
darkspear,288,warlock,destruction,6,3,3
bleeding-hollow,288,warlock,destruction,6,3,3
illidan,288,warlock,destruction,6,3,3
darkspear,288,warlock,destruction,6,3,3
kelthuzad,288,warlock,destruction,6,3,3
malganis,288,warlock,destruction,6,3,3
illidan,288,warlock,destruction,6,3,3
frostmourne,288,warlock,destruction,6,3,3
dalaran,288,warlock,destruction,6,3,3
trollbane,288,warlock,destruction,6,3,3
destromath,288,warlock,destruction,6,3,3
terokkar,288,warlock,destruction,6,3,3
tichondrius,288,warlock,destruction,6,3,3
bleeding-hollow,288,warlock,destruction,6,3,3
tichondrius,288,warlock,destruction,6,3,3
azralon,288,warlock,destruction,6,3,3
vashj,288,warlock,destruction,6,3,3
illidan,288,warlock,destruction,7,3,4
auchindoun,288,warlock,destruction,12,3,9
bonechewer,288,warlock,destruction,12,3,9
moon-guard,288,warlock,destruction,12,3,9
sargeras,288,warlock,destruction,12,3,9
dreadmaul,288,warlock,destruction,12,3,9
hyjal,287,warlock,destruction,6,3,3
frostmourne,287,warlock,destruction,6,3,3
frostmane,287,warlock,destruction,6,3,3
area-52,286,warlock,destruction,6,3,3
aegwynn,239,warlock,destruction,5,3,2
bleeding-hollow,239,warlock,destruction,5,3,2
thrall,224,warlock,destruction,10,3,7
tichondrius,222,warlock,destruction,8,3,5
alterac-mountains,192,warlock,destruction,4,3,1
proudmoore,192,warlock,destruction,4,3,1
quelthalas,192,warlock,destruction,6,2,4
malganis,192,warlock,destruction,6,2,4
malganis,192,warlock,destruction,6,2,4
malganis,192,warlock,destruction,6,2,4
quelthalas,192,warlock,destruction,6,2,4
aggramar,192,warlock,destruction,6,2,4
area-52,192,warlock,destruction,6,2,4
thrall,192,warlock,destruction,6,2,4
malganis,192,warlock,destruction,6,2,4
azralon,192,warlock,destruction,6,2,4
thrall,192,warlock,destruction,6,2,4
sargeras,192,warlock,destruction,6,2,4
azralon,192,warlock,destruction,6,2,4
frostmourne,192,warlock,destruction,6,2,4
moon-guard,192,warlock,destruction,6,2,4
illidan,192,warlock,destruction,6,2,4
azjolnerub,192,warlock,destruction,6,2,4
area-52,192,warlock,destruction,6,2,4
nazgrel,192,warlock,destruction,6,2,4
proudmoore,192,warlock,destruction,6,2,4
korialstrasz,192,warlock,destruction,6,2,4
wyrmrest-accord,192,warlock,destruction,6,2,4
illidan,192,warlock,destruction,6,2,4
tichondrius,192,warlock,destruction,6,2,4
frostwolf,192,warlock,destruction,6,2,4
frostmourne,192,warlock,destruction,6,2,4
tichondrius,192,warlock,destruction,6,2,4
hyjal,192,warlock,destruction,6,2,4
tichondrius,192,warlock,destruction,6,2,4
tichondrius,192,warlock,destruction,6,2,4
zuljin,192,warlock,destruction,6,2,4
zuljin,192,warlock,destruction,6,2,4
moon-guard,192,warlock,destruction,6,2,4
tichondrius,192,warlock,destruction,6,2,4
frostmourne,192,warlock,destruction,6,2,4
dark-iron,192,warlock,destruction,6,2,4
korgath,192,warlock,destruction,6,2,4
spirestone,192,warlock,destruction,6,2,4
azralon,192,warlock,destruction,6,2,4
ravenholdt,192,warlock,destruction,6,2,4
dark-iron,192,warlock,destruction,6,2,4
sargeras,192,warlock,destruction,6,2,4
kelthuzad,192,warlock,destruction,6,2,4
kelthuzad,192,warlock,destruction,6,2,4
sargeras,192,warlock,destruction,6,2,4
sargeras,192,warlock,destruction,6,2,4
nagrand,192,warlock,destruction,6,2,4
sargeras,192,warlock,destruction,6,2,4
area-52,192,warlock,destruction,6,2,4
malganis,192,warlock,destruction,9,2,7
thrall,192,warlock,destruction,9,2,7
arthas,192,warlock,destruction,12,2,10
nemesis,192,warlock,destruction,12,2,10
lothar,192,warlock,destruction,12,2,10
jubeithos,191,warlock,destruction,6,4,2
stormrage,159,warlock,destruction,5,2,3
hyjal,159,warlock,destruction,5,2,3
illidan,159,warlock,destruction,5,2,3
nagrand,159,warlock,destruction,5,2,3
khadgar,128,warlock,destruction,4,2,2
stormscale,96,warlock,destruction,3,2,1
zuljin,96,warlock,destruction,3,2,1
zuljin,96,warlock,destruction,3,2,1
laughing-skull,96,warlock,destruction,6,1,5
kelthuzad,96,warlock,destruction,6,1,5
bleeding-hollow,96,warlock,destruction,6,1,5
bleeding-hollow,96,warlock,destruction,6,1,5
emerald-dream,96,warlock,destruction,6,1,5
stormrage,96,warlock,destruction,6,1,5
stormrage,96,warlock,destruction,6,1,5
eldrethalas,96,warlock,destruction,6,1,5
malfurion,96,warlock,destruction,6,1,5
wyrmrest-accord,96,warlock,destruction,6,1,5
illidan,96,warlock,destruction,6,1,5
tichondrius,96,warlock,destruction,6,1,5
mannoroth,96,warlock,destruction,6,1,5
anetheron,96,warlock,destruction,6,1,5
tichondrius,96,warlock,destruction,6,1,5
zuljin,96,warlock,destruction,6,1,5
stormrage,96,warlock,destruction,6,1,5
tichondrius,96,warlock,destruction,6,1,5
zuljin,96,warlock,destruction,6,1,5
tichondrius,96,warlock,destruction,6,1,5
frostmourne,96,warlock,destruction,6,1,5
whisperwind,96,warlock,destruction,6,1,5
tichondrius,96,warlock,destruction,6,1,5
illidan,96,warlock,destruction,6,1,5
dragonmaw,96,warlock,destruction,6,1,5
illidan,96,warlock,destruction,6,1,5
illidan,96,warlock,destruction,6,1,5
lethon,96,warlock,destruction,6,1,5
moon-guard,96,warlock,destruction,6,1,5
tichondrius,96,warlock,destruction,12,1,11
nemesis,96,warlock,destruction,12,1,11
vashj,79,warlock,destruction,5,1,4
illidan,79,warlock,destruction,5,1,4
proudmoore,79,warlock,destruction,11,1,10
azjolnerub,64,warlock,destruction,4,1,3
moknathal,63,warlock,destruction,7,2,5
tichondrius,48,warlock,destruction,3,1,2
spirestone,42,warlock,destruction,9,2,7
area-52,16,warlock,destruction,1,1,0
burning-legion,16,warlock,destruction,1,1,0
stormrage,2022,warrior,fury,70,42,28
moon-guard,1865,warrior,fury,67,32,35
wyrmrest-accord,1825,warrior,fury,48,23,25
tichondrius,1824,warrior,fury,54,35,19
proudmoore,1822,warrior,fury,71,46,25
frostmourne,1821,warrior,fury,67,43,24
moon-guard,1818,warrior,fury,110,64,46
ragnaros,1806,warrior,fury,36,26,10
illidan,1805,warrior,fury,51,32,19
wyrmrest-accord,1805,warrior,fury,76,43,33
tichondrius,1805,warrior,fury,42,22,20
area-52,1803,warrior,fury,58,31,27
malganis,1775,warrior,fury,39,23,16
tichondrius,1763,warrior,fury,60,29,31
proudmoore,1761,warrior,fury,36,24,12
barthilas,1753,warrior,fury,96,55,41
frostmourne,1729,warrior,fury,48,27,21
moon-guard,1728,warrior,fury,48,29,19
tichondrius,1708,warrior,fury,24,18,6
sargeras,1707,warrior,fury,54,30,24
bleeding-hollow,1704,warrior,fury,48,27,21
ragnaros,1673,warrior,fury,55,25,30
tichondrius,1666,warrior,fury,42,19,23
azralon,1658,warrior,fury,34,20,14
stormrage,1655,warrior,fury,59,29,30
tichondrius,1654,warrior,fury,48,20,28
area-52,1651,warrior,fury,36,18,18
ragnaros,1639,warrior,fury,78,43,35
moon-guard,1630,warrior,fury,72,39,33
tichondrius,1626,warrior,fury,36,20,16
tichondrius,1619,warrior,fury,36,26,10
elune,1619,warrior,fury,71,42,29
moon-guard,1617,warrior,fury,49,24,25
goldrinn,1612,warrior,fury,42,21,21
wyrmrest-accord,1607,warrior,fury,48,24,24
mannoroth,1602,warrior,fury,96,60,36
stonemaul,1602,warrior,fury,36,20,16
sargeras,1592,warrior,fury,98,56,42
tichondrius,1592,warrior,fury,59,30,29
moon-guard,1587,warrior,fury,42,29,13
sargeras,1587,warrior,fury,42,28,14
dalaran,1579,warrior,fury,30,19,11
thunderhorn,1564,warrior,fury,36,19,17
moon-guard,1562,warrior,fury,36,17,19
proudmoore,1552,warrior,fury,30,17,13
quelthalas,1545,warrior,fury,31,18,13
ragnaros,1544,warrior,fury,87,40,47
sargeras,1536,warrior,fury,47,25,22
frostwolf,1532,warrior,fury,45,25,20
thaurissan,1531,warrior,fury,36,18,18
azralon,1525,warrior,fury,44,23,21
malganis,1514,warrior,fury,30,16,14
area-52,1514,warrior,fury,83,37,46
illidan,1507,warrior,fury,43,21,22
emerald-dream,1497,warrior,fury,42,22,20
drakkari,1493,warrior,fury,47,26,21
area-52,1484,warrior,fury,48,22,26
velen,1474,warrior,fury,58,31,27
saurfang,1473,warrior,fury,57,32,25
kelthuzad,1473,warrior,fury,36,20,16
tichondrius,1473,warrior,fury,54,27,27
agamaggan,1460,warrior,fury,24,16,8
area-52,1426,warrior,fury,24,15,9
drakkari,1421,warrior,fury,29,15,14
stormrage,1414,warrior,fury,30,16,14
stormrage,1413,warrior,fury,44,21,23
tichondrius,1412,warrior,fury,36,21,15
kul-tiras,1398,warrior,fury,29,15,14
blades-edge,1391,warrior,fury,47,24,23
bleeding-hollow,1381,warrior,fury,28,15,13
skullcrusher,1376,warrior,fury,31,18,13
stormrage,1369,warrior,fury,26,16,10
frostmourne,1364,warrior,fury,59,29,30
madoran,1358,warrior,fury,36,18,18
trollbane,1346,warrior,fury,27,15,12
azralon,1324,warrior,fury,47,23,24
bonechewer,1319,warrior,fury,65,32,33
kelthuzad,1318,warrior,fury,36,16,20
wyrmrest-accord,1314,warrior,fury,41,15,26
illidan,1308,warrior,fury,24,14,10
stormrage,1300,warrior,fury,24,16,8
kelthuzad,1296,warrior,fury,75,40,35
sargeras,1294,warrior,fury,29,14,15
sargeras,1276,warrior,fury,26,14,12
khazgoroth,1273,warrior,fury,65,31,34
malygos,1270,warrior,fury,85,43,42
moon-guard,1250,warrior,fury,30,18,12
wyrmrest-accord,1250,warrior,fury,39,16,23
turalyon,1244,warrior,fury,24,16,8
kirin-tor,1237,warrior,fury,24,13,11
dragonmaw,1236,warrior,fury,19,13,6
hyjal,1230,warrior,fury,42,16,26
illidan,1217,warrior,fury,30,15,15
zuljin,1216,warrior,fury,24,13,11
stormrage,1213,warrior,fury,42,19,23
stormrage,1210,warrior,fury,30,13,17
ragnaros,1205,warrior,fury,51,26,25
moon-guard,1167,warrior,fury,19,13,6
proudmoore,1152,warrior,fury,18,12,6
tichondrius,1151,warrior,fury,24,12,12
azralon,1148,warrior,fury,18,12,6
tichondrius,1147,warrior,fury,29,14,15
tichondrius,1138,warrior,fury,24,12,12
quelthalas,1135,warrior,fury,18,12,6
amanthul,1132,warrior,fury,30,12,18
lightbringer,1127,warrior,fury,70,31,39
shadowsong,1125,warrior,fury,18,12,6
frostmourne,1125,warrior,fury,24,12,12
moon-guard,1091,warrior,fury,21,12,9
tichondrius,1084,warrior,fury,28,12,16
sargeras,1068,warrior,fury,19,12,7
kiljaeden,1068,warrior,fury,27,17,10
emerald-dream,1055,warrior,fury,18,11,7
bleeding-hollow,1055,warrior,fury,18,11,7
scarlet-crusade,1055,warrior,fury,18,11,7
quelthalas,1054,warrior,fury,18,11,7
tichondrius,1053,warrior,fury,48,23,25
sargeras,1052,warrior,fury,18,11,7
area-52,1049,warrior,fury,18,11,7
quelthalas,1047,warrior,fury,18,11,7
anubarak,1044,warrior,fury,48,27,21
ragnaros,1042,warrior,fury,24,11,13
draktharon,1015,warrior,fury,65,26,39
anetheron,1006,warrior,fury,17,11,6
tichondrius,990,warrior,fury,20,11,9
skywall,981,warrior,fury,18,13,5
sargeras,976,warrior,fury,19,11,8
gallywix,963,warrior,fury,30,14,16
illidan,960,warrior,fury,12,10,2
stormrage,960,warrior,fury,18,10,8
area-52,960,warrior,fury,18,10,8
moon-guard,959,warrior,fury,18,10,8
area-52,936,warrior,fury,24,10,14
skullcrusher,933,warrior,fury,37,17,20
moon-guard,923,warrior,fury,23,10,13
ragnaros,910,warrior,fury,17,10,7
illidan,896,warrior,fury,22,10,12
nemesis,894,warrior,fury,17,10,7
zuljin,892,warrior,fury,18,11,7
zuljin,864,warrior,fury,12,9,3
quelthalas,864,warrior,fury,18,9,9
illidan,864,warrior,fury,18,9,9
lightbringer,863,warrior,fury,12,9,3
zangarmarsh,863,warrior,fury,12,9,3
tichondrius,863,warrior,fury,18,9,9
moon-guard,863,warrior,fury,18,9,9
dalaran,863,warrior,fury,18,9,9
tichondrius,863,warrior,fury,18,9,9
wildhammer,863,warrior,fury,18,9,9
bleeding-hollow,863,warrior,fury,18,9,9
jubeithos,862,warrior,fury,18,9,9
moon-guard,861,warrior,fury,18,9,9
tichondrius,860,warrior,fury,18,9,9
tichondrius,860,warrior,fury,18,9,9
moon-guard,859,warrior,fury,24,9,15
tichondrius,854,warrior,fury,22,9,13
lightbringer,852,warrior,fury,24,9,15
bleeding-hollow,850,warrior,fury,12,9,3
moon-guard,817,warrior,fury,23,9,14
kelthuzad,799,warrior,fury,17,9,8
quelthalas,768,warrior,fury,12,8,4
thrall,768,warrior,fury,12,8,4
kelthuzad,768,warrior,fury,12,8,4
tichondrius,768,warrior,fury,18,8,10
frostmane,768,warrior,fury,18,8,10
frostmourne,768,warrior,fury,24,8,16
illidan,767,warrior,fury,18,8,10
proudmoore,767,warrior,fury,18,8,10
kaelthas,766,warrior,fury,12,8,4
frostmourne,761,warrior,fury,18,8,10
nemesis,761,warrior,fury,24,8,16
icecrown,760,warrior,fury,18,10,8
zuljin,755,warrior,fury,18,8,10
malganis,735,warrior,fury,17,8,9
zuljin,713,warrior,fury,19,10,9
stormrage,703,warrior,fury,12,9,3
quelthalas,672,warrior,fury,12,7,5
tichondrius,672,warrior,fury,12,7,5
llane,672,warrior,fury,12,7,5
malganis,672,warrior,fury,12,7,5
bleeding-hollow,672,warrior,fury,12,7,5
stormrage,672,warrior,fury,18,7,11
korgath,672,warrior,fury,18,7,11
bleeding-hollow,671,warrior,fury,12,7,5
borean-tundra,671,warrior,fury,12,7,5
bloodscalp,671,warrior,fury,12,7,5
stormrage,671,warrior,fury,12,7,5
tichondrius,671,warrior,fury,18,7,11
stormrage,665,warrior,fury,21,9,12
illidan,639,warrior,fury,17,7,10
dreadmaul,638,warrior,fury,14,8,6
skullcrusher,637,warrior,fury,20,8,12
moon-guard,576,warrior,fury,6,6,0
tichondrius,576,warrior,fury,12,6,6
sargeras,576,warrior,fury,12,6,6
drenden,576,warrior,fury,12,6,6
stormscale,576,warrior,fury,12,6,6
shattered-hand,576,warrior,fury,12,6,6
exodar,576,warrior,fury,12,6,6
sargeras,576,warrior,fury,12,6,6
dalaran,576,warrior,fury,12,6,6
tichondrius,576,warrior,fury,12,6,6
moon-guard,576,warrior,fury,12,6,6
destromath,576,warrior,fury,12,6,6
proudmoore,576,warrior,fury,12,6,6
shattered-hand,576,warrior,fury,12,6,6
spirestone,576,warrior,fury,12,6,6
tichondrius,576,warrior,fury,12,6,6
queldorei,576,warrior,fury,18,6,12
proudmoore,575,warrior,fury,12,6,6
gilneas,574,warrior,fury,12,6,6
quelthalas,570,warrior,fury,12,6,6
tichondrius,543,warrior,fury,11,6,5
ragnaros,543,warrior,fury,16,6,10
windrunner,541,warrior,fury,17,6,11
misha,519,warrior,fury,11,6,5
frostmourne,512,warrior,fury,16,6,10
sargeras,510,warrior,fury,10,6,4
hellscream,509,warrior,fury,10,6,4
tichondrius,480,warrior,fury,6,5,1
burning-blade,480,warrior,fury,6,5,1
illidan,480,warrior,fury,6,5,1
windrunner,480,warrior,fury,6,5,1
illidan,480,warrior,fury,6,5,1
quelthalas,480,warrior,fury,6,5,1
area-52,480,warrior,fury,6,5,1
jaedenar,480,warrior,fury,6,5,1
stormrage,480,warrior,fury,6,5,1
arthas,480,warrior,fury,6,5,1
haomarush,480,warrior,fury,6,5,1
sargeras,480,warrior,fury,6,5,1
illidan,480,warrior,fury,6,5,1
kaelthas,480,warrior,fury,6,5,1
tichondrius,480,warrior,fury,12,5,7
moon-guard,480,warrior,fury,12,5,7
hyjal,480,warrior,fury,12,5,7
area-52,480,warrior,fury,12,5,7
bleeding-hollow,480,warrior,fury,12,5,7
ragnaros,480,warrior,fury,12,5,7
tichondrius,480,warrior,fury,12,5,7
tichondrius,480,warrior,fury,12,5,7
stormrage,480,warrior,fury,12,5,7
darkspear,480,warrior,fury,12,5,7
illidan,480,warrior,fury,12,5,7
proudmoore,479,warrior,fury,6,5,1
tichondrius,479,warrior,fury,12,5,7
sargeras,479,warrior,fury,18,5,13
stormrage,476,warrior,fury,12,5,7
quelthalas,469,warrior,fury,18,5,13
malygos,447,warrior,fury,8,6,2
thaurissan,432,warrior,fury,15,5,10
azralon,426,warrior,fury,16,7,9
ragnaros,416,warrior,fury,10,5,5
kelthuzad,384,warrior,fury,6,4,2
emerald-dream,384,warrior,fury,6,4,2
lightbringer,384,warrior,fury,6,4,2
sargeras,384,warrior,fury,6,4,2
wyrmrest-accord,384,warrior,fury,6,4,2
azralon,384,warrior,fury,6,4,2
moon-guard,384,warrior,fury,6,4,2
ragnaros,384,warrior,fury,6,4,2
tichondrius,384,warrior,fury,6,4,2
azshara,384,warrior,fury,6,4,2
ragnaros,384,warrior,fury,6,4,2
senjin,384,warrior,fury,6,4,2
barthilas,384,warrior,fury,6,4,2
ragnaros,384,warrior,fury,6,4,2
area-52,384,warrior,fury,6,4,2
tichondrius,384,warrior,fury,6,4,2
malganis,384,warrior,fury,6,4,2
frostmourne,384,warrior,fury,6,4,2
tichondrius,384,warrior,fury,6,4,2
aerie-peak,384,warrior,fury,6,4,2
aegwynn,384,warrior,fury,6,4,2
dalaran,384,warrior,fury,6,4,2
kiljaeden,384,warrior,fury,6,4,2
bleeding-hollow,384,warrior,fury,6,4,2
area-52,384,warrior,fury,6,4,2
illidan,384,warrior,fury,6,4,2
tichondrius,384,warrior,fury,6,4,2
moon-guard,384,warrior,fury,6,4,2
moon-guard,384,warrior,fury,6,4,2
burning-blade,384,warrior,fury,6,4,2
moon-guard,384,warrior,fury,6,4,2
frostmourne,384,warrior,fury,9,5,4
malganis,384,warrior,fury,12,4,8
quelthalas,384,warrior,fury,12,4,8
turalyon,384,warrior,fury,12,4,8
illidan,384,warrior,fury,12,4,8
malganis,384,warrior,fury,12,4,8
greymane,384,warrior,fury,12,4,8
azralon,384,warrior,fury,12,4,8
tichondrius,384,warrior,fury,12,4,8
wyrmrest-accord,384,warrior,fury,12,4,8
wyrmrest-accord,384,warrior,fury,12,4,8
moon-guard,384,warrior,fury,12,4,8
tichondrius,384,warrior,fury,18,4,14
garrosh,383,warrior,fury,6,4,2
malygos,383,warrior,fury,12,4,8
bonechewer,383,warrior,fury,12,4,8
zuljin,383,warrior,fury,24,4,20
area-52,351,warrior,fury,8,5,3
hyjal,288,warrior,fury,6,3,3
bleeding-hollow,288,warrior,fury,6,3,3
bleeding-hollow,288,warrior,fury,6,3,3
moon-guard,288,warrior,fury,6,3,3
dethecus,288,warrior,fury,6,3,3
bleeding-hollow,288,warrior,fury,6,3,3
illidan,288,warrior,fury,6,3,3
daggerspine,288,warrior,fury,6,3,3
moonrunner,288,warrior,fury,6,3,3
tichondrius,288,warrior,fury,6,3,3
sargeras,288,warrior,fury,6,3,3
the-underbog,288,warrior,fury,6,3,3
khazgoroth,288,warrior,fury,6,3,3
wyrmrest-accord,288,warrior,fury,6,3,3
malganis,288,warrior,fury,6,3,3
whisperwind,288,warrior,fury,6,3,3
proudmoore,288,warrior,fury,6,3,3
moon-guard,288,warrior,fury,6,3,3
malganis,288,warrior,fury,6,3,3
spirestone,288,warrior,fury,6,3,3
kelthuzad,288,warrior,fury,6,3,3
stormrage,288,warrior,fury,6,3,3
stormrage,288,warrior,fury,6,3,3
stormrage,288,warrior,fury,6,3,3
tichondrius,288,warrior,fury,6,3,3
tichondrius,288,warrior,fury,6,3,3
stormrage,288,warrior,fury,6,3,3
kelthuzad,288,warrior,fury,6,3,3
area-52,288,warrior,fury,6,3,3
tichondrius,288,warrior,fury,6,3,3
kelthuzad,288,warrior,fury,6,3,3
wyrmrest-accord,288,warrior,fury,6,3,3
nordrassil,288,warrior,fury,6,3,3
kiljaeden,288,warrior,fury,6,3,3
tichondrius,288,warrior,fury,6,3,3
magtheridon,288,warrior,fury,6,3,3
duskwood,288,warrior,fury,6,3,3
tichondrius,288,warrior,fury,12,3,9
tichondrius,288,warrior,fury,12,3,9
proudmoore,288,warrior,fury,12,3,9
hyjal,288,warrior,fury,12,3,9
moon-guard,288,warrior,fury,12,3,9
tichondrius,287,warrior,fury,6,3,3
thrall,287,warrior,fury,6,3,3
jubeithos,287,warrior,fury,6,3,3
kelthuzad,287,warrior,fury,6,3,3
nemesis,287,warrior,fury,6,3,3
the-forgotten-coast,286,warrior,fury,6,3,3
bleeding-hollow,255,warrior,fury,11,3,8
emerald-dream,240,warrior,fury,13,4,9
malganis,234,warrior,fury,9,4,5
stormrage,234,warrior,fury,10,4,6
laughing-skull,223,warrior,fury,8,3,5
area-52,192,warrior,fury,4,3,1
zuljin,192,warrior,fury,6,2,4
stormrage,192,warrior,fury,6,2,4
stormrage,192,warrior,fury,6,2,4
azralon,192,warrior,fury,6,2,4
arthas,192,warrior,fury,6,2,4
shattered-halls,192,warrior,fury,6,2,4
zuljin,192,warrior,fury,6,2,4
azralon,192,warrior,fury,6,2,4
arthas,192,warrior,fury,6,2,4
stormrage,192,warrior,fury,6,2,4
sargeras,192,warrior,fury,6,2,4
sargeras,192,warrior,fury,6,2,4
sargeras,192,warrior,fury,6,2,4
proudmoore,192,warrior,fury,6,2,4
nazjatar,192,warrior,fury,6,2,4
mannoroth,192,warrior,fury,6,2,4
stormrage,192,warrior,fury,6,2,4
area-52,192,warrior,fury,6,2,4
sargeras,192,warrior,fury,6,2,4
area-52,192,warrior,fury,6,2,4
area-52,192,warrior,fury,6,2,4
quelthalas,192,warrior,fury,6,2,4
ragnaros,192,warrior,fury,6,2,4
tichondrius,192,warrior,fury,6,2,4
ragnaros,192,warrior,fury,6,2,4
drakkari,192,warrior,fury,6,2,4
illidan,192,warrior,fury,6,2,4
illidan,192,warrior,fury,6,2,4
tichondrius,192,warrior,fury,6,2,4
garona,192,warrior,fury,6,2,4
earthen-ring,192,warrior,fury,6,2,4
hyjal,192,warrior,fury,6,2,4
moon-guard,192,warrior,fury,6,2,4
lightbringer,192,warrior,fury,6,2,4
tichondrius,192,warrior,fury,6,2,4
tichondrius,192,warrior,fury,6,2,4
proudmoore,192,warrior,fury,6,2,4
tichondrius,192,warrior,fury,6,2,4
sargeras,192,warrior,fury,6,2,4
barthilas,192,warrior,fury,6,2,4
frostmourne,192,warrior,fury,6,2,4
frostmourne,192,warrior,fury,6,2,4
frostmourne,192,warrior,fury,6,2,4
kul-tiras,191,warrior,fury,6,2,4
aggramar,190,warrior,fury,4,3,1
kelthuzad,144,warrior,fury,3,3,0
ysera,128,warrior,fury,4,2,2
azralon,128,warrior,fury,4,2,2
tichondrius,128,warrior,fury,4,2,2
nazjatar,96,warrior,fury,3,2,1
azralon,96,warrior,fury,6,1,5
korialstrasz,96,warrior,fury,6,1,5
moon-guard,96,warrior,fury,6,1,5
stormrage,96,warrior,fury,6,1,5
illidan,96,warrior,fury,6,1,5
magtheridon,96,warrior,fury,6,1,5
zuljin,96,warrior,fury,6,1,5
dalaran,96,warrior,fury,6,1,5
bleeding-hollow,96,warrior,fury,6,1,5
ragnaros,96,warrior,fury,6,1,5
area-52,96,warrior,fury,6,1,5
ragnaros,96,warrior,fury,6,1,5
frostmourne,96,warrior,fury,6,1,5
tichondrius,96,warrior,fury,6,1,5
tichondrius,96,warrior,fury,6,1,5
daggerspine,96,warrior,fury,6,1,5
darkspear,96,warrior,fury,6,1,5
darkspear,96,warrior,fury,12,1,11
dalaran,95,warrior,fury,6,1,5
arthas,79,warrior,fury,5,1,4
malganis,48,warrior,fury,3,1,2
ragnaros,16,warrior,fury,1,1,0
area-52,2210,warrior,arms,107,57,50
tichondrius,2130,warrior,arms,105,58,47
sargeras,2113,warrior,arms,66,37,29
moon-guard,2100,warrior,arms,90,46,44
tichondrius,2094,warrior,arms,113,61,52
moon-guard,2054,warrior,arms,125,61,64
tichondrius,2027,warrior,arms,77,44,33
sargeras,2015,warrior,arms,131,71,60
sargeras,1999,warrior,arms,69,38,31
area-52,1995,warrior,arms,70,33,37
tichondrius,1972,warrior,arms,72,43,29
area-52,1964,warrior,arms,86,40,46
tichondrius,1941,warrior,arms,54,30,24
tichondrius,1929,warrior,arms,42,30,12
gurubashi,1888,warrior,arms,42,30,12
azralon,1881,warrior,arms,100,51,49
quelthalas,1880,warrior,arms,120,61,59
kaelthas,1876,warrior,arms,44,24,20
feathermoon,1867,warrior,arms,50,29,21
ragnaros,1860,warrior,arms,66,33,33
frostmourne,1859,warrior,arms,96,47,49
bleeding-hollow,1858,warrior,arms,42,25,17
illidan,1853,warrior,arms,39,29,10
thrall,1853,warrior,arms,77,39,38
tichondrius,1853,warrior,arms,65,31,34
tichondrius,1846,warrior,arms,46,35,11
illidan,1846,warrior,arms,60,30,30
kiljaeden,1844,warrior,arms,54,27,27
sargeras,1842,warrior,arms,56,35,21
stormrage,1839,warrior,arms,66,28,38
darkspear,1836,warrior,arms,70,36,34
moon-guard,1827,warrior,arms,39,25,14
sargeras,1827,warrior,arms,52,30,22
ragnaros,1826,warrior,arms,44,24,20
wildhammer,1823,warrior,arms,65,36,29
tichondrius,1820,warrior,arms,52,34,18
tichondrius,1820,warrior,arms,48,24,24
tichondrius,1818,warrior,arms,42,26,16
moon-guard,1816,warrior,arms,54,25,29
ragnaros,1815,warrior,arms,60,31,29
azralon,1814,warrior,arms,36,22,14
tichondrius,1813,warrior,arms,79,42,37
tichondrius,1811,warrior,arms,64,33,31
kiljaeden,1811,warrior,arms,60,30,30
moon-guard,1810,warrior,arms,48,30,18
hyjal,1810,warrior,arms,78,39,39
tichondrius,1809,warrior,arms,42,25,17
illidan,1809,warrior,arms,90,52,38
tichondrius,1807,warrior,arms,67,34,33
tichondrius,1804,warrior,arms,54,35,19
tichondrius,1803,warrior,arms,66,36,30
staghelm,1800,warrior,arms,68,35,33
tichondrius,1792,warrior,arms,54,28,26
tichondrius,1787,warrior,arms,84,44,40
malganis,1780,warrior,arms,48,23,25
emerald-dream,1776,warrior,arms,54,28,26
ragnaros,1771,warrior,arms,54,35,19
tichondrius,1766,warrior,arms,54,25,29
tichondrius,1764,warrior,arms,42,22,20
thrall,1763,warrior,arms,91,46,45
kiljaeden,1758,warrior,arms,37,22,15
kelthuzad,1757,warrior,arms,71,37,34
tichondrius,1753,warrior,arms,84,40,44
tichondrius,1752,warrior,arms,36,20,16
kiljaeden,1751,warrior,arms,45,23,22
tichondrius,1748,warrior,arms,60,26,34
moon-guard,1747,warrior,arms,64,36,28
area-52,1744,warrior,arms,42,24,18
wyrmrest-accord,1743,warrior,arms,66,32,34
sargeras,1742,warrior,arms,84,39,45
aggramar,1741,warrior,arms,63,38,25
moon-guard,1737,warrior,arms,76,43,33
tichondrius,1736,warrior,arms,66,27,39
proudmoore,1733,warrior,arms,54,28,26
thrall,1731,warrior,arms,47,24,23
tichondrius,1725,warrior,arms,30,18,12
sargeras,1725,warrior,arms,60,28,32
tichondrius,1722,warrior,arms,72,31,41
lightbringer,1721,warrior,arms,52,26,26
area-52,1719,warrior,arms,36,25,11
sargeras,1717,warrior,arms,36,24,12
bleeding-hollow,1714,warrior,arms,30,21,9
sargeras,1714,warrior,arms,48,21,27
tichondrius,1700,warrior,arms,41,25,16
draka,1698,warrior,arms,42,24,18
thrall,1697,warrior,arms,35,21,14
hyjal,1685,warrior,arms,57,27,30
aggramar,1684,warrior,arms,52,28,24
frostmourne,1683,warrior,arms,82,42,40
tichondrius,1683,warrior,arms,46,20,26
tichondrius,1682,warrior,arms,34,22,12
illidan,1679,warrior,arms,48,31,17
area-52,1678,warrior,arms,90,50,40
proudmoore,1678,warrior,arms,48,22,26
skullcrusher,1677,warrior,arms,36,23,13
tichondrius,1671,warrior,arms,36,20,16
nerzhul,1669,warrior,arms,39,23,16
garrosh,1668,warrior,arms,57,29,28
tichondrius,1662,warrior,arms,42,25,17
lightbringer,1662,warrior,arms,54,27,27
bonechewer,1661,warrior,arms,72,27,45
frostmourne,1658,warrior,arms,54,32,22
tichondrius,1656,warrior,arms,84,42,42
argent-dawn,1655,warrior,arms,41,18,23
tichondrius,1655,warrior,arms,53,22,31
stormrage,1653,warrior,arms,60,32,28
tichondrius,1651,warrior,arms,42,20,22
area-52,1649,warrior,arms,42,21,21
blackrock,1643,warrior,arms,91,47,44
tichondrius,1643,warrior,arms,54,23,31
tichondrius,1641,warrior,arms,48,22,26
stormrage,1640,warrior,arms,47,26,21
sargeras,1640,warrior,arms,60,30,30
eldrethalas,1636,warrior,arms,53,26,27
frostwolf,1633,warrior,arms,35,22,13
kelthuzad,1633,warrior,arms,36,21,15
frostmourne,1629,warrior,arms,30,19,11
khadgar,1629,warrior,arms,59,34,25
emerald-dream,1628,warrior,arms,35,18,17
tichondrius,1626,warrior,arms,56,27,29
tichondrius,1625,warrior,arms,47,26,21
moon-guard,1625,warrior,arms,36,18,18
sargeras,1624,warrior,arms,30,17,13
tichondrius,1624,warrior,arms,30,17,13
moon-guard,1623,warrior,arms,76,38,38
illidan,1623,warrior,arms,36,17,19
tichondrius,1621,warrior,arms,30,17,13
bleeding-hollow,1617,warrior,arms,72,42,30
frostmourne,1611,warrior,arms,42,24,18
malganis,1611,warrior,arms,59,33,26
azralon,1610,warrior,arms,24,17,7
llane,1608,warrior,arms,48,29,19
hyjal,1607,warrior,arms,62,31,31
kelthuzad,1606,warrior,arms,30,17,13
tichondrius,1606,warrior,arms,48,21,27
stormrage,1605,warrior,arms,98,55,43
azshara,1605,warrior,arms,53,23,30
tichondrius,1604,warrior,arms,30,19,11
tichondrius,1603,warrior,arms,30,17,13
tichondrius,1602,warrior,arms,48,28,20
anetheron,1602,warrior,arms,80,38,42
stormrage,1599,warrior,arms,63,35,28
area-52,1596,warrior,arms,36,19,17
illidan,1596,warrior,arms,48,20,28
frostmourne,1591,warrior,arms,35,17,18
frostmourne,1587,warrior,arms,72,35,37
frostmourne,1586,warrior,arms,51,22,29
tichondrius,1585,warrior,arms,48,23,25
ragnaros,1585,warrior,arms,36,17,19
ragnaros,1584,warrior,arms,33,19,14
barthilas,1584,warrior,arms,86,41,45
bleeding-hollow,1583,warrior,arms,55,33,22
ragnaros,1582,warrior,arms,133,80,53
hyjal,1582,warrior,arms,42,24,18
illidan,1579,warrior,arms,25,19,6
illidan,1576,warrior,arms,42,18,24
tichondrius,1572,warrior,arms,122,68,54
malganis,1571,warrior,arms,84,38,46
moon-guard,1569,warrior,arms,34,19,15
drakkari,1569,warrior,arms,36,18,18
azralon,1567,warrior,arms,29,19,10
moon-guard,1567,warrior,arms,48,26,22
nagrand,1564,warrior,arms,36,18,18
ragnaros,1559,warrior,arms,36,22,14
azralon,1558,warrior,arms,53,26,27
sargeras,1552,warrior,arms,24,17,7
nagrand,1549,warrior,arms,30,18,12
malganis,1549,warrior,arms,50,25,25
ragnaros,1548,warrior,arms,84,43,41
illidan,1547,warrior,arms,53,31,22
korgath,1539,warrior,arms,49,31,18
illidan,1537,warrior,arms,27,19,8
tichondrius,1536,warrior,arms,46,23,23
wyrmrest-accord,1535,warrior,arms,24,16,8
area-52,1534,warrior,arms,28,17,11
stormrage,1528,warrior,arms,24,16,8
suramar,1527,warrior,arms,30,16,14
frostmourne,1524,warrior,arms,42,20,22
moon-guard,1524,warrior,arms,61,27,34
nemesis,1522,warrior,arms,54,27,27
nemesis,1521,warrior,arms,30,16,14
gundrak,1519,warrior,arms,51,25,26
frostmourne,1517,warrior,arms,42,16,26
quelthalas,1516,warrior,arms,57,32,25
illidan,1514,warrior,arms,32,18,14
nemesis,1513,warrior,arms,60,32,28
area-52,1513,warrior,arms,48,22,26
tichondrius,1512,warrior,arms,30,17,13
korgath,1508,warrior,arms,24,16,8
tichondrius,1508,warrior,arms,58,21,37
area-52,1507,warrior,arms,36,16,20
tichondrius,1505,warrior,arms,39,22,17
tichondrius,1505,warrior,arms,36,18,18
thunderlord,1502,warrior,arms,50,19,31
tichondrius,1498,warrior,arms,32,17,15
spirestone,1497,warrior,arms,36,23,13
bloodhoof,1497,warrior,arms,78,37,41
nemesis,1496,warrior,arms,30,16,14
gundrak,1493,warrior,arms,54,29,25
tichondrius,1492,warrior,arms,36,18,18
boulderfist,1492,warrior,arms,60,29,31
stormscale,1489,warrior,arms,44,26,18
azralon,1487,warrior,arms,30,18,12
ragnaros,1486,warrior,arms,48,24,24
sargeras,1485,warrior,arms,32,21,11
thrall,1485,warrior,arms,41,16,25
emerald-dream,1483,warrior,arms,46,27,19
ravenholdt,1483,warrior,arms,54,20,34
alleria,1479,warrior,arms,35,25,10
nordrassil,1479,warrior,arms,35,22,13
stormrage,1476,warrior,arms,36,16,20
dalaran,1471,warrior,arms,54,35,19
sargeras,1469,warrior,arms,32,16,16
sargeras,1469,warrior,arms,56,24,32
barthilas,1460,warrior,arms,35,17,18
tichondrius,1455,warrior,arms,42,19,23
frostmourne,1452,warrior,arms,38,22,16
emerald-dream,1452,warrior,arms,36,19,17
moon-guard,1441,warrior,arms,36,22,14
tichondrius,1439,warrior,arms,40,16,24
shattered-hand,1438,warrior,arms,24,15,9
zuljin,1438,warrior,arms,105,47,58
area-52,1434,warrior,arms,60,28,32
tichondrius,1433,warrior,arms,24,15,9
kelthuzad,1432,warrior,arms,36,18,18
illidan,1431,warrior,arms,36,15,21
sargeras,1427,warrior,arms,54,25,29
area-52,1419,warrior,arms,27,16,11
stormrage,1418,warrior,arms,48,21,27
sargeras,1413,warrior,arms,46,23,23
malganis,1412,warrior,arms,24,15,9
area-52,1406,warrior,arms,49,28,21
zuljin,1405,warrior,arms,40,28,12
tichondrius,1401,warrior,arms,56,30,26
bloodhoof,1401,warrior,arms,38,16,22
tichondrius,1398,warrior,arms,56,26,30
darkspear,1395,warrior,arms,36,16,20
proudmoore,1392,warrior,arms,30,16,14
dunemaul,1392,warrior,arms,44,21,23
frostmourne,1389,warrior,arms,24,15,9
thrall,1381,warrior,arms,36,17,19
proudmoore,1380,warrior,arms,36,16,20
nemesis,1379,warrior,arms,48,26,22
malorne,1376,warrior,arms,33,20,13
zuljin,1376,warrior,arms,30,15,15
zuluhed,1371,warrior,arms,43,18,25
boulderfist,1364,warrior,arms,30,16,14
spinebreaker,1363,warrior,arms,46,26,20
wyrmrest-accord,1362,warrior,arms,56,31,25
frostmourne,1361,warrior,arms,60,29,31
tichondrius,1361,warrior,arms,86,39,47
thrall,1349,warrior,arms,30,16,14
runetotem,1348,warrior,arms,48,30,18
moon-guard,1346,warrior,arms,43,20,23
dreadmaul,1346,warrior,arms,49,20,29
area-52,1343,warrior,arms,24,14,10
sargeras,1343,warrior,arms,24,14,10
tichondrius,1343,warrior,arms,30,14,16
tichondrius,1343,warrior,arms,34,14,20
area-52,1342,warrior,arms,24,14,10
chogall,1342,warrior,arms,37,15,22
bleeding-hollow,1341,warrior,arms,36,14,22
zuljin,1338,warrior,arms,30,17,13
frostmourne,1336,warrior,arms,42,20,22
ragnaros,1334,warrior,arms,24,14,10
malganis,1330,warrior,arms,42,23,19
tichondrius,1330,warrior,arms,48,21,27
barthilas,1327,warrior,arms,39,21,18
kaelthas,1326,warrior,arms,36,18,18
tichondrius,1324,warrior,arms,31,16,15
malganis,1320,warrior,arms,60,27,33
quelthalas,1317,warrior,arms,26,18,8
tichondrius,1315,warrior,arms,35,15,20
quelthalas,1311,warrior,arms,36,17,19
barthilas,1309,warrior,arms,42,18,24
ursin,1300,warrior,arms,29,21,8
stormrage,1295,warrior,arms,58,27,31
rivendare,1294,warrior,arms,54,27,27
tichondrius,1290,warrior,arms,42,18,24
malorne,1290,warrior,arms,77,28,49
zuljin,1289,warrior,arms,30,17,13
tichondrius,1289,warrior,arms,57,24,33
nemesis,1280,warrior,arms,30,17,13
tichondrius,1275,warrior,arms,36,14,22
goldrinn,1264,warrior,arms,36,16,20
area-52,1263,warrior,arms,30,16,14
gundrak,1260,warrior,arms,53,26,27
illidan,1258,warrior,arms,30,21,9
illidan,1253,warrior,arms,31,14,17
tichondrius,1252,warrior,arms,36,17,19
nagrand,1249,warrior,arms,47,27,20
akama,1248,warrior,arms,18,13,5
area-52,1248,warrior,arms,24,13,11
moon-guard,1247,warrior,arms,24,13,11
stormscale,1247,warrior,arms,25,13,12
tichondrius,1247,warrior,arms,28,14,14
bleeding-hollow,1246,warrior,arms,20,13,7
tichondrius,1246,warrior,arms,24,13,11
aegwynn,1246,warrior,arms,30,16,14
hyjal,1245,warrior,arms,22,14,8
cenarius,1245,warrior,arms,24,13,11
kelthuzad,1245,warrior,arms,30,13,17
tichondrius,1243,warrior,arms,18,13,5
area-52,1241,warrior,arms,36,13,23
barthilas,1240,warrior,arms,24,14,10
ragnaros,1240,warrior,arms,24,13,11
moon-guard,1240,warrior,arms,24,13,11
nemesis,1238,warrior,arms,63,34,29
tichondrius,1237,warrior,arms,31,14,17
illidan,1233,warrior,arms,30,13,17
tichondrius,1231,warrior,arms,30,13,17
malganis,1231,warrior,arms,36,13,23
sargeras,1226,warrior,arms,24,13,11
azralon,1226,warrior,arms,30,13,17
kelthuzad,1223,warrior,arms,22,14,8
kelthuzad,1222,warrior,arms,24,13,11
wyrmrest-accord,1213,warrior,arms,58,27,31
area-52,1212,warrior,arms,24,15,9
nemesis,1211,warrior,arms,48,24,24
nazjatar,1207,warrior,arms,24,14,10
ragnaros,1202,warrior,arms,36,19,17
kelthuzad,1201,warrior,arms,36,17,19
emerald-dream,1193,warrior,arms,29,13,16
ravencrest,1190,warrior,arms,17,13,4
kiljaeden,1185,warrior,arms,54,27,27
ragnaros,1185,warrior,arms,42,19,23
tichondrius,1183,warrior,arms,28,14,14
tichondrius,1180,warrior,arms,23,13,10
tichondrius,1179,warrior,arms,23,13,10
emerald-dream,1174,warrior,arms,26,14,12
darkspear,1167,warrior,arms,23,13,10
stormrage,1165,warrior,arms,32,14,18
emerald-dream,1152,warrior,arms,18,12,6
dragonmaw,1152,warrior,arms,18,12,6
malganis,1152,warrior,arms,21,13,8
proudmoore,1152,warrior,arms,24,12,12
twisting-nether,1151,warrior,arms,18,12,6
tichondrius,1151,warrior,arms,24,12,12
tichondrius,1151,warrior,arms,24,12,12
illidan,1150,warrior,arms,18,12,6
proudmoore,1150,warrior,arms,18,12,6
tichondrius,1150,warrior,arms,18,12,6
tichondrius,1150,warrior,arms,19,12,7
korgath,1150,warrior,arms,24,12,12
ragnaros,1148,warrior,arms,18,12,6
emerald-dream,1148,warrior,arms,42,22,20
stormrage,1148,warrior,arms,30,12,18
illidan,1148,warrior,arms,30,12,18
sargeras,1148,warrior,arms,30,12,18
alleria,1147,warrior,arms,24,12,12
sargeras,1147,warrior,arms,24,12,12
wyrmrest-accord,1147,warrior,arms,30,12,18
tichondrius,1145,warrior,arms,18,12,6
bleeding-hollow,1144,warrior,arms,24,12,12
stormscale,1143,warrior,arms,22,15,7
azralon,1141,warrior,arms,24,12,12
tichondrius,1140,warrior,arms,24,12,12
illidan,1139,warrior,arms,47,24,23
tichondrius,1139,warrior,arms,24,12,12
stormrage,1137,warrior,arms,33,14,19
tichondrius,1135,warrior,arms,18,12,6
area-52,1132,warrior,arms,30,17,13
illidan,1129,warrior,arms,24,18,6
zuljin,1129,warrior,arms,24,12,12
sargeras,1128,warrior,arms,24,12,12
nemesis,1128,warrior,arms,29,13,16
borean-tundra,1127,warrior,arms,24,12,12
stormreaver,1126,warrior,arms,24,12,12
quelthalas,1124,warrior,arms,29,12,17
area-52,1122,warrior,arms,30,12,18
tichondrius,1121,warrior,arms,36,12,24
stormscale,1114,warrior,arms,24,12,12
area-52,1108,warrior,arms,24,13,11
sargeras,1103,warrior,arms,25,13,12
perenolde,1100,warrior,arms,21,12,9
moknathal,1098,warrior,arms,26,12,14
blackrock,1094,warrior,arms,21,13,8
moon-guard,1086,warrior,arms,17,12,5
sargeras,1071,warrior,arms,69,34,35
senjin,1058,warrior,arms,54,18,36
dragonmaw,1056,warrior,arms,12,11,1
azralon,1056,warrior,arms,18,11,7
eredar,1056,warrior,arms,24,11,13
tichondrius,1055,warrior,arms,12,11,1
frostmourne,1055,warrior,arms,16,12,4
tichondrius,1055,warrior,arms,18,11,7
draktharon,1055,warrior,arms,18,11,7
azshara,1055,warrior,arms,18,11,7
tichondrius,1055,warrior,arms,24,11,13
sargeras,1054,warrior,arms,24,11,13
frostmourne,1054,warrior,arms,30,11,19
tichondrius,1053,warrior,arms,24,11,13
gorgonnash,1052,warrior,arms,18,11,7
proudmoore,1052,warrior,arms,24,11,13
azralon,1052,warrior,arms,31,12,19
illidan,1052,warrior,arms,30,11,19
stormrage,1049,warrior,arms,18,11,7
moon-guard,1049,warrior,arms,24,11,13
tichondrius,1047,warrior,arms,28,12,16
azralon,1044,warrior,arms,20,12,8
proudmoore,1044,warrior,arms,59,30,29
moon-guard,1044,warrior,arms,36,11,25
skullcrusher,1042,warrior,arms,38,19,19
proudmoore,1040,warrior,arms,18,11,7
frostmourne,1037,warrior,arms,24,11,13
moon-guard,1034,warrior,arms,24,11,13
tichondrius,1032,warrior,arms,24,11,13
tichondrius,1030,warrior,arms,31,13,18
quelthalas,1029,warrior,arms,18,11,7
kelthuzad,1026,warrior,arms,18,11,7
moonrunner,1013,warrior,arms,39,15,24
dark-iron,1009,warrior,arms,26,12,14
quelthalas,1007,warrior,arms,29,11,18
tichondrius,991,warrior,arms,17,11,6
velen,982,warrior,arms,23,11,12
tichondrius,974,warrior,arms,19,11,8
tichondrius,971,warrior,arms,18,11,7
anvilmar,960,warrior,arms,12,10,2
tichondrius,960,warrior,arms,18,10,8
tichondrius,960,warrior,arms,18,10,8
malganis,960,warrior,arms,18,10,8
ragnaros,960,warrior,arms,30,10,20
stormrage,959,warrior,arms,18,10,8
tichondrius,959,warrior,arms,18,10,8
steamwheedle-cartel,959,warrior,arms,18,10,8
sargeras,959,warrior,arms,18,10,8
thrall,959,warrior,arms,24,10,14
azralon,959,warrior,arms,24,10,14
tichondrius,959,warrior,arms,24,10,14
moon-guard,959,warrior,arms,30,10,20
illidan,959,warrior,arms,30,10,20
tichondrius,958,warrior,arms,18,10,8
sargeras,958,warrior,arms,18,10,8
illidan,958,warrior,arms,24,10,14
stormrage,957,warrior,arms,18,10,8
proudmoore,957,warrior,arms,24,10,14
blackwater-raiders,954,warrior,arms,60,29,31
tichondrius,953,warrior,arms,12,10,2
stormrage,953,warrior,arms,18,10,8
dalaran,952,warrior,arms,24,10,14
sargeras,952,warrior,arms,24,10,14
nemesis,950,warrior,arms,24,10,14
emerald-dream,949,warrior,arms,18,10,8
frostmourne,945,warrior,arms,18,10,8
nerzhul,936,warrior,arms,18,10,8
hyjal,921,warrior,arms,17,10,7
frostmourne,904,warrior,arms,21,10,11
ragnaros,903,warrior,arms,27,12,15
thunderhorn,892,warrior,arms,22,10,12
sargeras,887,warrior,arms,20,10,10
draenor,883,warrior,arms,38,19,19
zuljin,864,warrior,arms,12,9,3
azralon,864,warrior,arms,12,9,3
illidan,864,warrior,arms,12,9,3
tichondrius,864,warrior,arms,12,9,3
stormrage,864,warrior,arms,18,9,9
proudmoore,864,warrior,arms,18,9,9
tichondrius,864,warrior,arms,18,9,9
illidan,864,warrior,arms,18,9,9
fizzcrank,864,warrior,arms,18,9,9
malganis,864,warrior,arms,18,9,9
tichondrius,864,warrior,arms,21,10,11
tichondrius,864,warrior,arms,24,9,15
area-52,864,warrior,arms,24,9,15
moon-guard,864,warrior,arms,24,9,15
sargeras,864,warrior,arms,24,9,15
illidan,864,warrior,arms,24,9,15
wyrmrest-accord,863,warrior,arms,12,9,3
illidan,863,warrior,arms,18,9,9
stormreaver,863,warrior,arms,18,9,9
area-52,863,warrior,arms,18,9,9
wyrmrest-accord,863,warrior,arms,18,9,9
tichondrius,863,warrior,arms,18,9,9
lightnings-blade,863,warrior,arms,18,9,9
barthilas,863,warrior,arms,18,9,9
sargeras,863,warrior,arms,18,9,9
sargeras,863,warrior,arms,18,9,9
bleeding-hollow,863,warrior,arms,18,9,9
frostmane,863,warrior,arms,21,10,11
azralon,863,warrior,arms,24,9,15
stormrage,863,warrior,arms,24,9,15
lightbringer,862,warrior,arms,18,9,9
goldrinn,862,warrior,arms,18,9,9
malganis,862,warrior,arms,18,9,9
hyjal,862,warrior,arms,18,9,9
alleria,862,warrior,arms,24,9,15
khadgar,862,warrior,arms,24,9,15
ragnaros,860,warrior,arms,18,9,9
moon-guard,860,warrior,arms,24,9,15
frostmourne,859,warrior,arms,18,9,9
bleeding-hollow,859,warrior,arms,24,9,15
stormrage,859,warrior,arms,24,9,15
quelthalas,858,warrior,arms,18,9,9
farstriders,857,warrior,arms,18,9,9
stormrage,857,warrior,arms,24,9,15
tichondrius,857,warrior,arms,24,9,15
sargeras,854,warrior,arms,12,9,3
thrall,853,warrior,arms,12,9,3
thrall,853,warrior,arms,24,9,15
tichondrius,846,warrior,arms,19,10,9
azralon,846,warrior,arms,23,9,14
malganis,845,warrior,arms,23,9,14
stormrage,845,warrior,arms,24,9,15
illidan,830,warrior,arms,21,10,11
hyjal,823,warrior,arms,23,9,14
perenolde,823,warrior,arms,23,9,14
quelthalas,822,warrior,arms,26,10,16
tichondrius,816,warrior,arms,15,9,6
ragnaros,799,warrior,arms,20,9,11
stormrage,799,warrior,arms,20,9,11
aerie-peak,779,warrior,arms,23,9,14
tichondrius,768,warrior,arms,12,8,4
tichondrius,768,warrior,arms,12,8,4
stormrage,768,warrior,arms,12,8,4
black-dragonflight,768,warrior,arms,12,8,4
wyrmrest-accord,768,warrior,arms,12,8,4
tichondrius,768,warrior,arms,12,8,4
tichondrius,768,warrior,arms,12,8,4
tichondrius,768,warrior,arms,12,8,4
tichondrius,768,warrior,arms,12,8,4
illidan,768,warrior,arms,12,8,4
kelthuzad,768,warrior,arms,12,8,4
frostmourne,768,warrior,arms,12,8,4
bleeding-hollow,768,warrior,arms,18,8,10
jubeithos,768,warrior,arms,18,8,10
sargeras,768,warrior,arms,18,8,10
ragnaros,768,warrior,arms,18,8,10
sargeras,768,warrior,arms,18,8,10
thrall,768,warrior,arms,18,8,10
tichondrius,768,warrior,arms,18,8,10
zuljin,768,warrior,arms,18,8,10
area-52,768,warrior,arms,24,8,16
tichondrius,768,warrior,arms,24,8,16
azralon,768,warrior,arms,30,8,22
illidan,767,warrior,arms,12,8,4
sargeras,767,warrior,arms,12,8,4
stormrage,767,warrior,arms,12,8,4
aerie-peak,767,warrior,arms,12,8,4
moon-guard,767,warrior,arms,12,8,4
illidan,767,warrior,arms,12,8,4
shadow-council,767,warrior,arms,12,8,4
azralon,767,warrior,arms,12,8,4
area-52,767,warrior,arms,12,8,4
draktharon,767,warrior,arms,12,8,4
aegwynn,767,warrior,arms,18,8,10
mannoroth,767,warrior,arms,18,8,10
gurubashi,767,warrior,arms,18,8,10
andorhal,767,warrior,arms,18,8,10
illidan,767,warrior,arms,19,8,11
frostmourne,767,warrior,arms,24,8,16
ragnaros,767,warrior,arms,24,8,16
aerie-peak,767,warrior,arms,24,8,16
ragnaros,766,warrior,arms,12,8,4
tichondrius,766,warrior,arms,12,8,4
jubeithos,766,warrior,arms,12,8,4
emerald-dream,766,warrior,arms,12,8,4
kelthuzad,766,warrior,arms,12,8,4
zuljin,766,warrior,arms,18,8,10
quelthalas,766,warrior,arms,21,9,12
tichondrius,765,warrior,arms,18,10,8
ragnaros,765,warrior,arms,18,8,10
illidan,765,warrior,arms,24,8,16
kelthuzad,765,warrior,arms,24,8,16
frostmourne,764,warrior,arms,18,8,10
chogall,764,warrior,arms,18,8,10
tichondrius,762,warrior,arms,16,9,7
tichondrius,762,warrior,arms,24,8,16
illidan,761,warrior,arms,25,10,15
malganis,759,warrior,arms,18,8,10
malganis,755,warrior,arms,12,8,4
tichondrius,754,warrior,arms,21,9,12
proudmoore,751,warrior,arms,21,9,12
nazjatar,735,warrior,arms,11,8,3
azralon,718,warrior,arms,17,8,9
tichondrius,703,warrior,arms,11,8,3
tichondrius,702,warrior,arms,22,8,14
zuljin,672,warrior,arms,12,7,5
ragnaros,672,warrior,arms,12,7,5
zuljin,672,warrior,arms,12,7,5
zuljin,672,warrior,arms,12,7,5
tichondrius,672,warrior,arms,12,7,5
frostmourne,672,warrior,arms,12,7,5
bleeding-hollow,672,warrior,arms,12,7,5
shadowsong,672,warrior,arms,12,7,5
stormrage,672,warrior,arms,12,7,5
suramar,672,warrior,arms,12,7,5
zangarmarsh,672,warrior,arms,12,7,5
tichondrius,672,warrior,arms,12,7,5
korgath,672,warrior,arms,12,7,5
emerald-dream,672,warrior,arms,12,7,5
illidan,672,warrior,arms,12,7,5
illidan,672,warrior,arms,12,7,5
aegwynn,672,warrior,arms,12,7,5
mugthol,672,warrior,arms,12,7,5
whisperwind,672,warrior,arms,12,7,5
illidan,672,warrior,arms,12,7,5
tichondrius,672,warrior,arms,12,7,5
area-52,672,warrior,arms,12,7,5
stormrage,672,warrior,arms,12,7,5
emerald-dream,672,warrior,arms,12,7,5
proudmoore,672,warrior,arms,12,7,5
malganis,672,warrior,arms,12,7,5
frostmourne,672,warrior,arms,12,7,5
malganis,672,warrior,arms,12,7,5
akama,672,warrior,arms,18,7,11
bleeding-hollow,672,warrior,arms,18,7,11
bleeding-hollow,672,warrior,arms,18,7,11
darkspear,672,warrior,arms,18,7,11
frostmourne,672,warrior,arms,18,7,11
duskwood,672,warrior,arms,18,7,11
frostmourne,672,warrior,arms,18,7,11
stormrage,672,warrior,arms,18,7,11
quelthalas,672,warrior,arms,18,7,11
area-52,672,warrior,arms,18,7,11
wyrmrest-accord,672,warrior,arms,24,7,17
azralon,672,warrior,arms,24,7,17
bonechewer,671,warrior,arms,12,7,5
stormrage,671,warrior,arms,12,7,5
malganis,671,warrior,arms,12,7,5
stormrage,671,warrior,arms,12,7,5
tichondrius,671,warrior,arms,12,7,5
tichondrius,671,warrior,arms,12,7,5
quelthalas,671,warrior,arms,12,7,5
azralon,671,warrior,arms,12,7,5
ragnaros,671,warrior,arms,12,7,5
barthilas,671,warrior,arms,12,7,5
thrall,671,warrior,arms,12,7,5
mannoroth,671,warrior,arms,12,7,5
tichondrius,671,warrior,arms,18,7,11
quelthalas,670,warrior,arms,12,7,5
illidan,670,warrior,arms,12,7,5
tichondrius,670,warrior,arms,12,7,5
dalaran,670,warrior,arms,18,7,11
kiljaeden,670,warrior,arms,18,7,11
ragnaros,670,warrior,arms,18,7,11
area-52,667,warrior,arms,18,7,11
tichondrius,667,warrior,arms,18,7,11
tichondrius,667,warrior,arms,18,7,11
steamwheedle-cartel,663,warrior,arms,18,7,11
dreadmaul,659,warrior,arms,12,7,5
frostmourne,638,warrior,arms,22,7,15
thrall,637,warrior,arms,17,7,10
kiljaeden,607,warrior,arms,11,7,4
zuljin,606,warrior,arms,14,7,7
drakkari,600,warrior,arms,16,7,9
malfurion,576,warrior,arms,6,6,0
thrall,576,warrior,arms,6,6,0
tichondrius,576,warrior,arms,6,6,0
malganis,576,warrior,arms,6,6,0
dunemaul,576,warrior,arms,12,6,6
korgath,576,warrior,arms,12,6,6
proudmoore,576,warrior,arms,12,6,6
sargeras,576,warrior,arms,12,6,6
sargeras,576,warrior,arms,12,6,6
proudmoore,576,warrior,arms,12,6,6
sargeras,576,warrior,arms,12,6,6
sargeras,576,warrior,arms,12,6,6
sargeras,576,warrior,arms,12,6,6
quelthalas,576,warrior,arms,12,6,6
frostmourne,576,warrior,arms,12,6,6
tichondrius,576,warrior,arms,12,6,6
tichondrius,576,warrior,arms,12,6,6
emerald-dream,576,warrior,arms,12,6,6
zuljin,576,warrior,arms,12,6,6
moon-guard,576,warrior,arms,12,6,6
nemesis,576,warrior,arms,12,6,6
ragnaros,576,warrior,arms,12,6,6
nemesis,576,warrior,arms,12,6,6
barthilas,576,warrior,arms,12,6,6
duskwood,576,warrior,arms,12,6,6
barthilas,576,warrior,arms,12,6,6
ragnaros,576,warrior,arms,12,6,6
barthilas,576,warrior,arms,12,6,6
illidan,576,warrior,arms,12,6,6
area-52,576,warrior,arms,12,6,6
bleeding-hollow,576,warrior,arms,12,6,6
kiljaeden,576,warrior,arms,12,6,6
magtheridon,576,warrior,arms,12,6,6
stormrage,576,warrior,arms,12,6,6
barthilas,576,warrior,arms,12,6,6
tichondrius,576,warrior,arms,12,6,6
area-52,576,warrior,arms,12,6,6
moon-guard,576,warrior,arms,12,6,6
illidan,576,warrior,arms,12,6,6
thunderhorn,576,warrior,arms,12,6,6
illidan,576,warrior,arms,12,6,6
thrall,576,warrior,arms,12,6,6
tichondrius,576,warrior,arms,13,6,7
black-dragonflight,576,warrior,arms,16,7,9
ragnaros,576,warrior,arms,21,7,14
tichondrius,576,warrior,arms,18,6,12
kelthuzad,576,warrior,arms,18,6,12
illidan,576,warrior,arms,18,6,12
dawnbringer,576,warrior,arms,18,6,12
area-52,576,warrior,arms,18,6,12
azralon,576,warrior,arms,18,6,12
azralon,576,warrior,arms,18,6,12
moon-guard,576,warrior,arms,24,6,18
tichondrius,576,warrior,arms,25,6,19
arathor,575,warrior,arms,12,6,6
fizzcrank,575,warrior,arms,12,6,6
quelthalas,575,warrior,arms,12,6,6
stormrage,575,warrior,arms,12,6,6
stormrage,575,warrior,arms,12,6,6
ragnaros,575,warrior,arms,12,6,6
blackrock,575,warrior,arms,12,6,6
quelthalas,575,warrior,arms,12,6,6
tichondrius,575,warrior,arms,12,6,6
tichondrius,575,warrior,arms,15,7,8
stormrage,575,warrior,arms,18,6,12
draktharon,575,warrior,arms,18,6,12
thrall,574,warrior,arms,6,6,0
nemesis,574,warrior,arms,6,6,0
mugthol,574,warrior,arms,12,6,6
trollbane,574,warrior,arms,12,6,6
azjolnerub,574,warrior,arms,12,6,6
tichondrius,569,warrior,arms,12,6,6
moon-guard,559,warrior,arms,29,6,23
tichondrius,543,warrior,arms,8,7,1
area-52,527,warrior,arms,11,6,5
wyrmrest-accord,527,warrior,arms,11,6,5
deathwing,527,warrior,arms,21,6,15
kiljaeden,522,warrior,arms,19,8,11
azralon,520,warrior,arms,17,6,11
lethon,511,warrior,arms,8,6,2
illidan,511,warrior,arms,10,6,4
area-52,511,warrior,arms,16,6,10
ysera,511,warrior,arms,17,6,11
emerald-dream,510,warrior,arms,14,6,8
jubeithos,510,warrior,arms,14,6,8
sargeras,509,warrior,arms,14,7,7
azgalor,507,warrior,arms,14,6,8
nemesis,480,warrior,arms,6,5,1
illidan,480,warrior,arms,6,5,1
area-52,480,warrior,arms,6,5,1
area-52,480,warrior,arms,6,5,1
tichondrius,480,warrior,arms,6,5,1
tichondrius,480,warrior,arms,6,5,1
kelthuzad,480,warrior,arms,6,5,1
area-52,480,warrior,arms,6,5,1
tichondrius,480,warrior,arms,6,5,1
nemesis,480,warrior,arms,6,5,1
drakkari,480,warrior,arms,6,5,1
kelthuzad,480,warrior,arms,6,5,1
quelthalas,480,warrior,arms,6,5,1
sargeras,480,warrior,arms,6,5,1
moon-guard,480,warrior,arms,6,5,1
darkspear,480,warrior,arms,6,5,1
dragonmaw,480,warrior,arms,6,5,1
quelthalas,480,warrior,arms,6,5,1
tichondrius,480,warrior,arms,6,5,1
frostmourne,480,warrior,arms,6,5,1
magtheridon,480,warrior,arms,6,5,1
korgath,480,warrior,arms,6,5,1
tichondrius,480,warrior,arms,6,5,1
sargeras,480,warrior,arms,6,5,1
tichondrius,480,warrior,arms,6,5,1
deathwing,480,warrior,arms,10,6,4
wyrmrest-accord,480,warrior,arms,12,5,7
area-52,480,warrior,arms,12,5,7
drenden,480,warrior,arms,12,5,7
aegwynn,480,warrior,arms,12,5,7
azshara,480,warrior,arms,12,5,7
cairne,480,warrior,arms,12,5,7
stormrage,480,warrior,arms,12,5,7
nagrand,480,warrior,arms,12,5,7
frostmane,480,warrior,arms,12,5,7
mannoroth,480,warrior,arms,12,5,7
tichondrius,480,warrior,arms,12,5,7
mannoroth,480,warrior,arms,12,5,7
malganis,480,warrior,arms,12,5,7
area-52,480,warrior,arms,12,5,7
illidan,480,warrior,arms,12,5,7
moon-guard,480,warrior,arms,12,5,7
proudmoore,480,warrior,arms,12,5,7
sargeras,480,warrior,arms,12,5,7
bleeding-hollow,480,warrior,arms,12,5,7
thunderhorn,480,warrior,arms,12,5,7
proudmoore,480,warrior,arms,12,5,7
tichondrius,480,warrior,arms,12,5,7
frostwolf,480,warrior,arms,12,5,7
illidan,480,warrior,arms,12,5,7
stormrage,480,warrior,arms,12,5,7
tichondrius,480,warrior,arms,12,5,7
frostmourne,480,warrior,arms,12,5,7
tichondrius,480,warrior,arms,12,5,7
bleeding-hollow,480,warrior,arms,12,5,7
nemesis,480,warrior,arms,12,5,7
thrall,480,warrior,arms,12,5,7
emerald-dream,480,warrior,arms,12,5,7
illidan,480,warrior,arms,12,5,7
khadgar,480,warrior,arms,12,5,7
frostwolf,480,warrior,arms,12,5,7
greymane,480,warrior,arms,12,5,7
tichondrius,480,warrior,arms,12,5,7
azralon,480,warrior,arms,15,6,9
bleeding-hollow,480,warrior,arms,14,5,9
ragnaros,480,warrior,arms,26,8,18
malganis,480,warrior,arms,18,5,13
tichondrius,480,warrior,arms,18,5,13
tichondrius,480,warrior,arms,18,5,13
frostmane,480,warrior,arms,18,5,13
sargeras,480,warrior,arms,18,5,13
tichondrius,480,warrior,arms,18,5,13
stormrage,480,warrior,arms,18,5,13
bleeding-hollow,480,warrior,arms,18,5,13
ragnaros,479,warrior,arms,6,5,1
illidan,479,warrior,arms,6,5,1
proudmoore,479,warrior,arms,6,5,1
drakkari,479,warrior,arms,6,5,1
proudmoore,479,warrior,arms,10,6,4
hakkar,479,warrior,arms,12,5,7
zuluhed,479,warrior,arms,12,5,7
garrosh,479,warrior,arms,12,5,7
kiljaeden,479,warrior,arms,12,5,7
tichondrius,479,warrior,arms,12,5,7
drakkari,479,warrior,arms,12,5,7
caelestrasz,479,warrior,arms,12,5,7
tichondrius,479,warrior,arms,12,5,7
nemesis,479,warrior,arms,12,5,7
ragnaros,479,warrior,arms,12,5,7
moon-guard,479,warrior,arms,22,5,17
tichondrius,477,warrior,arms,6,5,1
malganis,477,warrior,arms,6,5,1
nagrand,477,warrior,arms,18,5,13
area-52,448,warrior,arms,10,6,4
nemesis,448,warrior,arms,16,6,10
azgalor,447,warrior,arms,11,5,6
drakkari,447,warrior,arms,11,5,6
area-52,447,warrior,arms,14,6,8
area-52,446,warrior,arms,11,5,6
ragnaros,415,warrior,arms,8,5,3
kiljaeden,415,warrior,arms,10,5,5
emerald-dream,400,warrior,arms,7,5,2
tichondrius,399,warrior,arms,13,5,8
malganis,384,warrior,arms,6,4,2
drakkari,384,warrior,arms,6,4,2
stormrage,384,warrior,arms,6,4,2
tichondrius,384,warrior,arms,6,4,2
barthilas,384,warrior,arms,6,4,2
frostmourne,384,warrior,arms,6,4,2
darkspear,384,warrior,arms,6,4,2
tichondrius,384,warrior,arms,6,4,2
dragonmaw,384,warrior,arms,6,4,2
illidan,384,warrior,arms,6,4,2
kelthuzad,384,warrior,arms,6,4,2
malygos,384,warrior,arms,6,4,2
frostmourne,384,warrior,arms,6,4,2
azralon,384,warrior,arms,6,4,2
drenden,384,warrior,arms,6,4,2
tichondrius,384,warrior,arms,6,4,2
mannoroth,384,warrior,arms,6,4,2
moon-guard,384,warrior,arms,6,4,2
terokkar,384,warrior,arms,6,4,2
bloodscalp,384,warrior,arms,6,4,2
azralon,384,warrior,arms,6,4,2
azralon,384,warrior,arms,6,4,2
quelthalas,384,warrior,arms,6,4,2
lethon,384,warrior,arms,6,4,2
laughing-skull,384,warrior,arms,6,4,2
tichondrius,384,warrior,arms,6,4,2
exodar,384,warrior,arms,6,4,2
doomhammer,384,warrior,arms,6,4,2
dragonmaw,384,warrior,arms,6,4,2
sargeras,384,warrior,arms,6,4,2
wyrmrest-accord,384,warrior,arms,6,4,2
barthilas,384,warrior,arms,6,4,2
dathremar,384,warrior,arms,6,4,2
bleeding-hollow,384,warrior,arms,6,4,2
stormrage,384,warrior,arms,6,4,2
zangarmarsh,384,warrior,arms,6,4,2
quelthalas,384,warrior,arms,6,4,2
area-52,384,warrior,arms,6,4,2
sargeras,384,warrior,arms,6,4,2
lightninghoof,384,warrior,arms,6,4,2
sargeras,384,warrior,arms,6,4,2
thrall,384,warrior,arms,6,4,2
frostmourne,384,warrior,arms,6,4,2
hyjal,384,warrior,arms,6,4,2
nemesis,384,warrior,arms,6,4,2
tichondrius,384,warrior,arms,6,4,2
crushridge,384,warrior,arms,6,4,2
area-52,384,warrior,arms,6,4,2
kiljaeden,384,warrior,arms,6,4,2
proudmoore,384,warrior,arms,6,4,2
hyjal,384,warrior,arms,6,4,2
area-52,384,warrior,arms,6,4,2
area-52,384,warrior,arms,6,4,2
sargeras,384,warrior,arms,6,4,2
sargeras,384,warrior,arms,6,4,2
dalaran,384,warrior,arms,6,4,2
tichondrius,384,warrior,arms,6,4,2
stormrage,384,warrior,arms,6,4,2
hyjal,384,warrior,arms,9,5,4
stormrage,384,warrior,arms,9,5,4
moon-guard,384,warrior,arms,9,5,4
illidan,384,warrior,arms,9,5,4
ragnaros,384,warrior,arms,10,5,5
illidan,384,warrior,arms,12,4,8
hyjal,384,warrior,arms,12,4,8
illidan,384,warrior,arms,12,4,8
area-52,384,warrior,arms,12,4,8
stormrage,384,warrior,arms,12,4,8
dalaran,384,warrior,arms,12,4,8
kelthuzad,384,warrior,arms,12,4,8
duskwood,384,warrior,arms,12,4,8
illidan,384,warrior,arms,12,4,8
tichondrius,384,warrior,arms,12,4,8
ragnaros,384,warrior,arms,12,4,8
zuljin,384,warrior,arms,12,4,8
saurfang,384,warrior,arms,12,4,8
goldrinn,384,warrior,arms,12,4,8
illidan,384,warrior,arms,12,4,8
tichondrius,384,warrior,arms,12,4,8
kelthuzad,384,warrior,arms,12,4,8
illidan,384,warrior,arms,12,4,8
illidan,384,warrior,arms,12,4,8
gorefiend,384,warrior,arms,12,4,8
mannoroth,384,warrior,arms,12,4,8
quelthalas,384,warrior,arms,12,4,8
silvermoon,384,warrior,arms,12,4,8
fizzcrank,384,warrior,arms,12,4,8
burning-blade,384,warrior,arms,12,4,8
azralon,384,warrior,arms,12,4,8
ragnaros,384,warrior,arms,12,4,8
mugthol,384,warrior,arms,12,4,8
wyrmrest-accord,384,warrior,arms,12,4,8
mugthol,384,warrior,arms,12,4,8
wyrmrest-accord,384,warrior,arms,12,4,8
sargeras,384,warrior,arms,12,4,8
boulderfist,384,warrior,arms,12,4,8
fenris,384,warrior,arms,12,4,8
azralon,384,warrior,arms,12,4,8
bleeding-hollow,384,warrior,arms,12,4,8
zuljin,384,warrior,arms,12,4,8
sargeras,384,warrior,arms,12,4,8
proudmoore,384,warrior,arms,12,4,8
blackrock,384,warrior,arms,12,4,8
nordrassil,384,warrior,arms,12,4,8
vashj,384,warrior,arms,12,4,8
emerald-dream,384,warrior,arms,12,4,8
azralon,384,warrior,arms,18,4,14
nemesis,384,warrior,arms,18,4,14
tichondrius,384,warrior,arms,18,4,14
tichondrius,383,warrior,arms,6,4,2
tichondrius,383,warrior,arms,6,4,2
gorgonnash,383,warrior,arms,6,4,2
kelthuzad,383,warrior,arms,6,4,2
wyrmrest-accord,383,warrior,arms,12,4,8
dalaran,383,warrior,arms,18,4,14
gnomeregan,382,warrior,arms,7,4,3
moon-guard,351,warrior,arms,8,5,3
area-52,351,warrior,arms,11,4,7
frostmourne,351,warrior,arms,14,5,9
bladefist,335,warrior,arms,11,4,7
stormrage,324,warrior,arms,16,7,9
illidan,320,warrior,arms,19,5,14
darrowmere,319,warrior,arms,5,4,1
tichondrius,319,warrior,arms,10,4,6
dentarg,304,warrior,arms,7,4,3
tichondrius,288,warrior,arms,6,3,3
tichondrius,288,warrior,arms,6,3,3
drakkari,288,warrior,arms,6,3,3
tichondrius,288,warrior,arms,6,3,3
emerald-dream,288,warrior,arms,6,3,3
malganis,288,warrior,arms,6,3,3
proudmoore,288,warrior,arms,6,3,3
nemesis,288,warrior,arms,6,3,3
zuljin,288,warrior,arms,6,3,3
tichondrius,288,warrior,arms,6,3,3
sargeras,288,warrior,arms,6,3,3
tichondrius,288,warrior,arms,6,3,3
stormrage,288,warrior,arms,6,3,3
nemesis,288,warrior,arms,6,3,3
tichondrius,288,warrior,arms,6,3,3
tichondrius,288,warrior,arms,6,3,3
sargeras,288,warrior,arms,6,3,3
tichondrius,288,warrior,arms,6,3,3
proudmoore,288,warrior,arms,6,3,3
dalaran,288,warrior,arms,6,3,3
tichondrius,288,warrior,arms,6,3,3
tichondrius,288,warrior,arms,6,3,3
madoran,288,warrior,arms,6,3,3
silver-hand,288,warrior,arms,6,3,3
ragnaros,288,warrior,arms,6,3,3
tichondrius,288,warrior,arms,6,3,3
stormrage,288,warrior,arms,6,3,3
dalaran,288,warrior,arms,6,3,3
sargeras,288,warrior,arms,6,3,3
blackhand,288,warrior,arms,6,3,3
sargeras,288,warrior,arms,6,3,3
ragnaros,288,warrior,arms,6,3,3
sargeras,288,warrior,arms,6,3,3
area-52,288,warrior,arms,6,3,3
tichondrius,288,warrior,arms,6,3,3
tichondrius,288,warrior,arms,6,3,3
dunemaul,288,warrior,arms,6,3,3
frostmourne,288,warrior,arms,6,3,3
area-52,288,warrior,arms,6,3,3
alexstrasza,288,warrior,arms,6,3,3
ragnaros,288,warrior,arms,6,3,3
frostwolf,288,warrior,arms,6,3,3
emerald-dream,288,warrior,arms,6,3,3
area-52,288,warrior,arms,6,3,3
moon-guard,288,warrior,arms,6,3,3
malganis,288,warrior,arms,6,3,3
moon-guard,288,warrior,arms,6,3,3
tichondrius,288,warrior,arms,6,3,3
malganis,288,warrior,arms,6,3,3
tichondrius,288,warrior,arms,6,3,3
kiljaeden,288,warrior,arms,6,3,3
malganis,288,warrior,arms,6,3,3
wyrmrest-accord,288,warrior,arms,6,3,3
illidan,288,warrior,arms,6,3,3
frostmourne,288,warrior,arms,6,3,3
tichondrius,288,warrior,arms,6,3,3
drakkari,288,warrior,arms,6,3,3
frostmourne,288,warrior,arms,6,3,3
illidan,288,warrior,arms,6,3,3
drakkari,288,warrior,arms,6,3,3
ragnaros,288,warrior,arms,6,3,3
illidan,288,warrior,arms,6,3,3
tichondrius,288,warrior,arms,6,3,3
moon-guard,288,warrior,arms,6,3,3
thunderlord,288,warrior,arms,6,3,3
bleeding-hollow,288,warrior,arms,6,3,3
illidan,288,warrior,arms,6,3,3
archimonde,288,warrior,arms,6,3,3
drakkari,288,warrior,arms,6,3,3
malganis,288,warrior,arms,6,3,3
agamaggan,288,warrior,arms,6,3,3
moon-guard,288,warrior,arms,6,3,3
illidan,288,warrior,arms,6,3,3
kelthuzad,288,warrior,arms,6,3,3
burning-legion,288,warrior,arms,6,3,3
illidan,288,warrior,arms,6,3,3
moon-guard,288,warrior,arms,6,3,3
quelthalas,288,warrior,arms,6,3,3
stormrage,288,warrior,arms,6,3,3
thaurissan,288,warrior,arms,6,3,3
stormrage,288,warrior,arms,6,3,3
sargeras,288,warrior,arms,6,3,3
azralon,288,warrior,arms,6,3,3
moon-guard,288,warrior,arms,6,3,3
moon-guard,288,warrior,arms,6,3,3
zuljin,288,warrior,arms,6,3,3
azralon,288,warrior,arms,6,3,3
kirin-tor,288,warrior,arms,6,3,3
thrall,288,warrior,arms,6,3,3
malganis,288,warrior,arms,6,3,3
frostmourne,288,warrior,arms,6,3,3
sargeras,288,warrior,arms,6,3,3
quelthalas,288,warrior,arms,6,3,3
frostmourne,288,warrior,arms,6,3,3
terenas,288,warrior,arms,6,3,3
azralon,288,warrior,arms,6,3,3
wyrmrest-accord,288,warrior,arms,6,3,3
destromath,288,warrior,arms,6,3,3
lightnings-blade,288,warrior,arms,6,3,3
illidan,288,warrior,arms,6,3,3
kelthuzad,288,warrior,arms,6,3,3
zuluhed,288,warrior,arms,6,3,3
mugthol,288,warrior,arms,6,3,3
kelthuzad,288,warrior,arms,6,3,3
tichondrius,288,warrior,arms,6,3,3
garrosh,288,warrior,arms,6,3,3
blackhand,288,warrior,arms,6,3,3
windrunner,288,warrior,arms,6,3,3
lightnings-blade,288,warrior,arms,6,3,3
tichondrius,288,warrior,arms,6,3,3
tichondrius,288,warrior,arms,6,3,3
azralon,288,warrior,arms,6,3,3
uldum,288,warrior,arms,6,3,3
illidan,288,warrior,arms,6,3,3
kelthuzad,288,warrior,arms,6,3,3
ragnaros,288,warrior,arms,6,3,3
zuljin,288,warrior,arms,6,3,3
bleeding-hollow,288,warrior,arms,6,3,3
stormreaver,288,warrior,arms,6,3,3
azralon,288,warrior,arms,6,3,3
stormrage,288,warrior,arms,6,3,3
jubeithos,288,warrior,arms,6,3,3
laughing-skull,288,warrior,arms,6,3,3
malfurion,288,warrior,arms,6,3,3
blackhand,288,warrior,arms,6,3,3
frostwolf,288,warrior,arms,6,3,3
llane,288,warrior,arms,6,3,3
ragnaros,288,warrior,arms,6,3,3
tichondrius,288,warrior,arms,6,3,3
malfurion,288,warrior,arms,6,3,3
zuljin,288,warrior,arms,6,3,3
kelthuzad,288,warrior,arms,6,3,3
malganis,288,warrior,arms,7,3,4
tichondrius,288,warrior,arms,9,3,6
ragnaros,288,warrior,arms,11,3,8
dalaran,288,warrior,arms,12,3,9
barthilas,288,warrior,arms,12,3,9
hakkar,288,warrior,arms,12,3,9
burning-legion,288,warrior,arms,12,3,9
zuljin,288,warrior,arms,12,3,9
dalaran,288,warrior,arms,12,3,9
area-52,288,warrior,arms,12,3,9
drakkari,288,warrior,arms,12,3,9
kiljaeden,288,warrior,arms,12,3,9
tichondrius,288,warrior,arms,12,3,9
ragnaros,288,warrior,arms,12,3,9
hyjal,288,warrior,arms,12,3,9
quelthalas,288,warrior,arms,12,3,9
malganis,288,warrior,arms,12,3,9
tichondrius,288,warrior,arms,12,3,9
bloodscalp,287,warrior,arms,6,3,3
area-52,287,warrior,arms,6,3,3
blackrock,287,warrior,arms,6,3,3
moon-guard,287,warrior,arms,6,3,3
area-52,287,warrior,arms,6,3,3
stormrage,287,warrior,arms,6,3,3
moon-guard,271,warrior,arms,11,3,8
gilneas,256,warrior,arms,4,4,0
barthilas,255,warrior,arms,8,4,4
frostmourne,255,warrior,arms,11,3,8
tichondrius,255,warrior,arms,11,3,8
nagrand,240,warrior,arms,9,3,6
stormrage,240,warrior,arms,9,3,6
tichondrius,239,warrior,arms,5,3,2
silver-hand,239,warrior,arms,5,3,2
tichondrius,239,warrior,arms,5,3,2
tichondrius,239,warrior,arms,5,3,2
kelthuzad,234,warrior,arms,16,5,11
kiljaeden,233,warrior,arms,9,6,3
tichondrius,224,warrior,arms,10,3,7
tichondrius,223,warrior,arms,8,3,5
area-52,207,warrior,arms,8,3,5
area-52,192,warrior,arms,4,3,1
tichondrius,192,warrior,arms,9,3,6
bleeding-hollow,192,warrior,arms,6,2,4
the-venture-co,192,warrior,arms,6,2,4
deathwing,192,warrior,arms,6,2,4
frostwolf,192,warrior,arms,6,2,4
malorne,192,warrior,arms,6,2,4
sargeras,192,warrior,arms,6,2,4
azralon,192,warrior,arms,6,2,4
khazgoroth,192,warrior,arms,6,2,4
sargeras,192,warrior,arms,6,2,4
stormrage,192,warrior,arms,6,2,4
azralon,192,warrior,arms,6,2,4
chogall,192,warrior,arms,6,2,4
sargeras,192,warrior,arms,6,2,4
bleeding-hollow,192,warrior,arms,6,2,4
thrall,192,warrior,arms,6,2,4
dalaran,192,warrior,arms,6,2,4
dalaran,192,warrior,arms,6,2,4
nemesis,192,warrior,arms,6,2,4
nemesis,192,warrior,arms,6,2,4
goldrinn,192,warrior,arms,6,2,4
grizzly-hills,192,warrior,arms,6,2,4
bleeding-hollow,192,warrior,arms,6,2,4
illidan,192,warrior,arms,6,2,4
illidan,192,warrior,arms,6,2,4
sargeras,192,warrior,arms,6,2,4
ragnaros,192,warrior,arms,6,2,4
illidan,192,warrior,arms,6,2,4
illidan,192,warrior,arms,6,2,4
stormscale,192,warrior,arms,6,2,4
illidan,192,warrior,arms,6,2,4
whisperwind,192,warrior,arms,6,2,4
dentarg,192,warrior,arms,6,2,4
blackhand,192,warrior,arms,6,2,4
stormreaver,192,warrior,arms,6,2,4
stormrage,192,warrior,arms,6,2,4
tichondrius,192,warrior,arms,6,2,4
terenas,192,warrior,arms,6,2,4
stormrage,192,warrior,arms,6,2,4
borean-tundra,192,warrior,arms,6,2,4
kelthuzad,192,warrior,arms,6,2,4
moon-guard,192,warrior,arms,6,2,4
kelthuzad,192,warrior,arms,6,2,4
moon-guard,192,warrior,arms,6,2,4
moon-guard,192,warrior,arms,6,2,4
moon-guard,192,warrior,arms,6,2,4
frostmourne,192,warrior,arms,6,2,4
area-52,192,warrior,arms,6,2,4
proudmoore,192,warrior,arms,6,2,4
proudmoore,192,warrior,arms,6,2,4
area-52,192,warrior,arms,6,2,4
tichondrius,192,warrior,arms,6,2,4
spirestone,192,warrior,arms,6,2,4
area-52,192,warrior,arms,6,2,4
blood-furnace,192,warrior,arms,6,2,4
tichondrius,192,warrior,arms,6,2,4
area-52,192,warrior,arms,6,2,4
area-52,192,warrior,arms,6,2,4
frostmourne,192,warrior,arms,6,2,4
area-52,192,warrior,arms,6,2,4
tichondrius,192,warrior,arms,6,2,4
frostmourne,192,warrior,arms,6,2,4
tichondrius,192,warrior,arms,6,2,4
malganis,192,warrior,arms,6,2,4
malganis,192,warrior,arms,6,2,4
dreadmaul,192,warrior,arms,6,2,4
malganis,192,warrior,arms,6,2,4
malganis,192,warrior,arms,6,2,4
nazjatar,192,warrior,arms,6,2,4
quelthalas,192,warrior,arms,6,2,4
quelthalas,192,warrior,arms,6,2,4
destromath,192,warrior,arms,6,2,4
tichondrius,192,warrior,arms,6,2,4
quelthalas,192,warrior,arms,6,2,4
kiljaeden,192,warrior,arms,6,2,4
ragnaros,192,warrior,arms,6,2,4
ragnaros,192,warrior,arms,6,2,4
tichondrius,192,warrior,arms,6,2,4
ragnaros,192,warrior,arms,6,2,4
ragnaros,192,warrior,arms,6,2,4
tichondrius,192,warrior,arms,6,2,4
ragnaros,192,warrior,arms,6,2,4
ragnaros,192,warrior,arms,6,2,4
tichondrius,192,warrior,arms,6,2,4
tichondrius,192,warrior,arms,6,2,4
drakkari,192,warrior,arms,6,2,4
drakkari,192,warrior,arms,6,2,4
tichondrius,192,warrior,arms,6,2,4
tichondrius,192,warrior,arms,6,2,4
tichondrius,192,warrior,arms,6,2,4
icecrown,192,warrior,arms,6,2,4
tichondrius,192,warrior,arms,6,2,4
guldan,192,warrior,arms,6,2,4
tichondrius,192,warrior,arms,6,2,4
hyjal,192,warrior,arms,6,2,4
tichondrius,192,warrior,arms,6,2,4
hyjal,192,warrior,arms,6,2,4
zuljin,192,warrior,arms,6,2,4
hyjal,192,warrior,arms,6,2,4
hyjal,192,warrior,arms,6,2,4
tichondrius,192,warrior,arms,6,2,4
aegwynn,192,warrior,arms,6,2,4
bonechewer,192,warrior,arms,6,2,4
the-forgotten-coast,192,warrior,arms,6,2,4
aegwynn,192,warrior,arms,6,2,4
tichondrius,192,warrior,arms,6,2,4
kiljaeden,192,warrior,arms,6,2,4
tichondrius,192,warrior,arms,6,2,4
tichondrius,192,warrior,arms,6,2,4
nagrand,192,warrior,arms,6,2,4
nerzhul,192,warrior,arms,12,2,10
malganis,192,warrior,arms,12,2,10
echo-isles,192,warrior,arms,12,2,10
tichondrius,192,warrior,arms,12,2,10
proudmoore,192,warrior,arms,12,2,10
azralon,192,warrior,arms,12,2,10
frostmourne,192,warrior,arms,12,2,10
tichondrius,192,warrior,arms,12,2,10
tichondrius,192,warrior,arms,12,2,10
tichondrius,192,warrior,arms,12,2,10
sargeras,192,warrior,arms,12,2,10
zuljin,191,warrior,arms,6,2,4
gundrak,191,warrior,arms,6,2,4
sargeras,191,warrior,arms,6,2,4
kelthuzad,160,warrior,arms,10,2,8
kelthuzad,159,warrior,arms,5,2,3
malfurion,159,warrior,arms,5,2,3
frostmourne,159,warrior,arms,5,2,3
illidan,159,warrior,arms,5,2,3
barthilas,159,warrior,arms,11,2,9
korgath,138,warrior,arms,10,3,7
tichondrius,138,warrior,arms,12,3,9
tichondrius,127,warrior,arms,8,2,6
ragnaros,112,warrior,arms,7,2,5
bonechewer,96,warrior,arms,3,2,1
illidan,96,warrior,arms,3,2,1
tichondrius,96,warrior,arms,6,1,5
sargeras,96,warrior,arms,6,1,5
emerald-dream,96,warrior,arms,6,1,5
mugthol,96,warrior,arms,6,1,5
tichondrius,96,warrior,arms,6,1,5
drakkari,96,warrior,arms,6,1,5
aerie-peak,96,warrior,arms,6,1,5
tichondrius,96,warrior,arms,6,1,5
zuljin,96,warrior,arms,6,1,5
ragnaros,96,warrior,arms,6,1,5
bleeding-hollow,96,warrior,arms,6,1,5
ragnaros,96,warrior,arms,6,1,5
barthilas,96,warrior,arms,6,1,5
sargeras,96,warrior,arms,6,1,5
bonechewer,96,warrior,arms,6,1,5
quelthalas,96,warrior,arms,6,1,5
turalyon,96,warrior,arms,6,1,5
tichondrius,96,warrior,arms,6,1,5
turalyon,96,warrior,arms,6,1,5
barthilas,96,warrior,arms,6,1,5
emerald-dream,96,warrior,arms,6,1,5
azshara,96,warrior,arms,6,1,5
stormrage,96,warrior,arms,6,1,5
hyjal,96,warrior,arms,6,1,5
mannoroth,96,warrior,arms,6,1,5
azralon,96,warrior,arms,6,1,5
spirestone,96,warrior,arms,6,1,5
area-52,96,warrior,arms,6,1,5
bleeding-hollow,96,warrior,arms,6,1,5
proudmoore,96,warrior,arms,6,1,5
stormrage,96,warrior,arms,6,1,5
proudmoore,96,warrior,arms,6,1,5
illidan,96,warrior,arms,6,1,5
proudmoore,96,warrior,arms,6,1,5
area-52,96,warrior,arms,6,1,5
frostmourne,96,warrior,arms,6,1,5
area-52,96,warrior,arms,6,1,5
stormrage,96,warrior,arms,6,1,5
moon-guard,96,warrior,arms,6,1,5
tichondrius,96,warrior,arms,6,1,5
tichondrius,96,warrior,arms,6,1,5
vashj,96,warrior,arms,6,1,5
kelthuzad,96,warrior,arms,6,1,5
akama,96,warrior,arms,6,1,5
illidan,96,warrior,arms,6,1,5
akama,96,warrior,arms,6,1,5
emerald-dream,96,warrior,arms,12,1,11
zuluhed,96,warrior,arms,12,1,11
zuljin,96,warrior,arms,12,1,11
illidan,79,warrior,arms,5,1,4
thunderhorn,64,warrior,arms,4,1,3
stormrage,63,warrior,arms,2,2,0
azralon,48,warrior,arms,3,1,2
moon-guard,48,warrior,arms,3,1,2
draktharon,42,warrior,arms,6,2,4
doomhammer,42,warrior,arms,9,2,7
alterac-mountains,31,warrior,arms,2,1,1
shadowsong,16,warrior,arms,1,1,0
area-52,16,warrior,arms,7,1,6
moon-guard,955,warrior,protection,18,10,8
tichondrius,950,warrior,protection,18,10,8
barthilas,384,warrior,protection,6,4,2
dawnbringer,384,warrior,protection,6,4,2
moon-guard,384,warrior,protection,12,4,8
madoran,192,warrior,protection,6,2,4
boulderfist,95,warrior,protection,6,1,5
